2024-07-06 00:01:01,5,65,21.7,97,16.4,1007.1,0.0,0.0,6,5143.5,0
2024-07-06 00:06:01,5,65,21.7,97,16.4,1007.0,0.0,0.0,6,5143.5,0
2024-07-06 00:11:01,5,65,21.7,97,16.4,1007.0,0.0,0.0,6,5143.5,0
2024-07-06 00:16:01,5,65,21.7,97,16.4,1007.0,0.0,0.0,6,5143.5,0
2024-07-06 00:21:01,5,65,21.7,97,16.4,1006.7,0.0,0.0,6,5143.5,0
2024-07-06 00:26:01,5,65,21.7,97,16.2,1006.7,0.0,0.0,6,5143.5,0
2024-07-06 00:31:01,5,65,21.7,97,16.1,1006.8,0.0,0.0,6,5143.5,0
2024-07-06 00:36:01,5,65,21.7,97,15.9,1006.7,0.0,0.0,6,5143.5,0
2024-07-06 00:41:01,5,65,21.7,97,15.8,1006.5,0.0,0.0,6,5143.5,0
2024-07-06 00:46:01,5,65,21.7,97,15.9,1006.5,0.0,0.0,6,5143.5,0
2024-07-06 00:51:01,5,65,21.7,97,15.8,1006.4,0.0,0.0,6,5143.5,0
2024-07-06 00:56:01,5,65,21.7,98,15.9,1006.5,0.0,0.0,6,5143.5,0
2024-07-06 01:01:01,5,65,21.7,98,15.9,1006.4,0.0,0.0,6,5143.5,0
2024-07-06 01:06:01,5,65,21.7,98,16.1,1006.4,0.0,0.0,6,5143.5,0
2024-07-06 01:11:01,5,65,21.7,98,16.0,1006.1,0.0,0.0,6,5143.5,0
2024-07-06 01:16:01,5,65,21.7,98,16.0,1006.1,0.0,0.0,6,5143.5,0
2024-07-06 01:21:01,5,65,21.7,98,15.9,1006.0,0.0,0.0,6,5143.5,0
2024-07-06 01:26:01,5,65,21.6,98,15.7,1005.9,0.0,0.0,6,5143.5,0
2024-07-06 01:31:01,5,65,21.6,98,15.7,1005.8,0.0,0.0,6,5143.5,0
2024-07-06 01:36:01,5,65,21.6,98,15.5,1005.9,0.0,0.0,6,5143.5,0
2024-07-06 01:41:01,5,65,21.6,98,15.4,1005.8,0.0,0.0,6,5143.5,0
2024-07-06 01:46:01,5,65,21.6,98,15.2,1005.7,0.0,0.0,6,5143.5,0
2024-07-06 01:51:01,5,65,21.6,98,15.1,1005.8,0.0,0.0,6,5143.5,0
2024-07-06 01:56:01,5,65,21.6,98,15.3,1005.6,0.0,0.0,6,5143.5,0
2024-07-06 02:01:01,5,65,21.6,98,15.5,1005.6,0.0,0.0,6,5143.5,0
2024-07-06 02:06:01,5,65,21.5,98,15.5,1005.5,0.0,0.0,6,5143.5,0
2024-07-06 02:11:01,5,65,21.5,98,15.5,1005.6,0.0,0.0,6,5143.5,0
2024-07-06 02:16:01,5,65,21.5,98,15.6,1005.5,0.0,0.0,6,5143.5,0
2024-07-06 02:21:01,5,65,21.5,98,15.7,1005.6,0.0,0.0,6,5143.5,0
2024-07-06 02:26:01,5,65,21.5,98,15.7,1005.6,0.0,0.0,6,5143.5,0
2024-07-06 02:31:01,5,65,21.5,98,15.6,1005.5,0.0,0.0,6,5143.5,0
2024-07-06 02:36:01,5,65,21.5,98,15.7,1005.3,0.0,0.0,6,5143.5,0
2024-07-06 02:41:01,5,65,21.5,98,15.6,1005.3,0.0,0.0,6,5143.5,0
2024-07-06 02:46:01,5,65,21.5,98,15.6,1005.3,0.0,0.0,6,5143.5,0
2024-07-06 02:51:01,5,65,21.5,98,15.7,1005.3,0.0,0.0,6,5143.5,0
2024-07-06 02:56:01,5,65,21.5,98,15.7,1005.2,0.0,0.0,6,5143.5,0
2024-07-06 03:01:01,5,65,21.5,99,15.7,1005.2,0.0,0.0,6,5143.5,0
2024-07-06 03:06:01,5,65,21.5,99,15.8,1005.1,0.0,0.0,6,5143.5,0
2024-07-06 03:11:01,5,65,21.5,99,15.9,1005.0,0.0,0.0,6,5143.5,0
2024-07-06 03:16:01,5,65,21.5,99,15.9,1005.0,0.0,0.0,6,5143.5,0
2024-07-06 03:21:01,5,65,21.5,99,15.9,1005.0,0.0,0.0,6,5143.5,0
2024-07-06 03:26:01,5,66,21.5,99,15.9,1004.9,0.0,0.0,6,5143.5,0
2024-07-06 03:31:01,5,66,21.5,99,16.0,1004.9,0.0,0.0,6,5143.5,0
2024-07-06 03:36:01,5,66,21.5,99,16.0,1004.8,0.0,0.0,6,5143.5,0
2024-07-06 03:41:01,5,66,21.5,99,16.0,1004.7,0.0,0.0,6,5143.5,0
2024-07-06 03:46:01,5,66,21.5,99,16.0,1004.5,0.0,0.0,6,5143.5,0
2024-07-06 03:51:01,5,66,21.5,99,16.0,1004.4,0.0,0.0,6,5143.5,0
2024-07-06 03:56:01,5,66,21.5,99,16.0,1004.3,0.0,0.0,6,5143.5,0
2024-07-06 04:01:01,5,66,21.5,99,16.0,1004.3,0.0,0.0,6,5143.5,0
2024-07-06 04:06:01,5,66,21.5,99,16.0,1004.2,0.0,0.0,6,5143.5,0
2024-07-06 04:11:01,5,66,21.5,99,16.1,1004.0,0.0,0.0,6,5143.5,0
2024-07-06 04:16:01,5,66,21.5,99,16.1,1004.0,0.0,0.0,6,5143.5,0
2024-07-06 04:21:01,5,66,21.5,99,16.1,1003.7,0.0,0.0,6,5143.5,0
2024-07-06 04:26:01,5,66,21.5,99,16.1,1003.6,0.0,0.0,6,5143.5,0
2024-07-06 04:31:01,5,66,21.5,99,16.1,1003.6,0.0,0.0,6,5143.5,0
2024-07-06 04:36:01,5,66,21.5,99,16.1,1003.5,0.0,0.0,6,5143.5,0
2024-07-06 04:41:01,5,66,21.5,99,16.1,1003.5,0.0,0.0,7,5143.5,0
2024-07-06 04:46:01,5,66,21.5,99,16.3,1003.6,0.0,0.0,7,5143.5,0
2024-07-06 04:51:01,5,66,21.6,98,16.3,1003.5,0.0,0.0,6,5143.5,0
2024-07-06 04:56:01,5,66,21.6,98,16.4,1003.3,0.0,0.0,7,5143.5,0
2024-07-06 05:01:01,5,65,21.6,98,16.6,1003.4,0.0,0.0,7,5143.5,0
2024-07-06 05:06:01,5,65,21.7,97,16.6,1003.1,0.0,0.0,13,5143.5,0
2024-07-06 05:11:01,5,65,21.7,97,16.6,1003.1,0.3,0.7,11,5143.5,0
2024-07-06 05:16:01,5,65,21.7,96,16.7,1003.0,0.0,0.7,9,5143.5,0
2024-07-06 05:21:01,5,65,21.8,96,16.8,1003.0,0.3,0.7,10,5143.5,0
2024-07-06 05:26:01,5,65,21.8,95,16.9,1003.0,0.3,1.0,10,5143.5,0
2024-07-06 05:31:01,5,65,21.9,94,17.1,1002.8,0.0,0.7,9,5143.5,0
2024-07-06 05:36:01,5,65,21.9,93,17.3,1002.8,0.0,0.7,9,5143.5,0
2024-07-06 05:41:01,5,65,21.9,93,17.3,1002.7,0.3,1.0,10,5143.5,0
2024-07-06 05:46:01,5,64,21.9,92,17.3,1002.6,0.3,1.0,8,5143.5,0
2024-07-06 05:51:01,5,64,21.9,92,17.3,1002.6,0.3,0.7,7,5143.5,0
2024-07-06 05:56:01,5,63,22.0,91,17.3,1002.4,0.3,1.7,9,5143.5,0
2024-07-06 06:01:01,5,63,22.1,91,17.3,1002.4,0.3,1.0,10,5143.5,0
2024-07-06 06:06:01,5,63,22.1,91,17.4,1002.3,0.3,0.7,8,5143.5,0
2024-07-06 06:11:01,5,63,22.2,90,17.5,1002.2,0.3,0.7,9,5143.5,0
2024-07-06 06:16:01,5,63,22.2,90,17.6,1002.2,0.0,0.7,8,5143.5,0
2024-07-06 06:21:01,5,63,22.2,90,17.7,1002.0,0.0,0.0,9,5143.5,0
2024-07-06 06:26:01,5,63,22.3,90,17.8,1002.0,0.3,1.0,10,5143.5,0
2024-07-06 06:31:01,5,63,22.3,89,17.9,1001.8,0.3,0.7,8,5143.5,0
2024-07-06 06:36:01,5,62,22.3,89,18.0,1001.8,0.3,0.7,10,5143.5,0
2024-07-06 06:41:01,5,62,22.4,89,18.1,1001.8,0.0,0.7,11,5143.5,0
2024-07-06 06:46:01,5,62,22.4,89,17.9,1001.7,0.3,1.0,8,5143.5,0
2024-07-06 06:51:01,5,62,22.4,89,17.9,1001.8,0.3,1.0,8,5143.5,0
2024-07-06 06:56:01,5,62,22.4,88,17.9,1001.8,0.3,0.7,6,5143.5,0
2024-07-06 07:01:01,5,62,22.4,88,18.0,1001.7,1.0,2.0,8,5143.5,0
2024-07-06 07:06:01,5,62,22.5,88,18.2,1001.7,0.0,0.7,11,5143.5,0
2024-07-06 07:11:01,5,62,22.5,87,18.3,1001.7,0.3,1.0,9,5143.5,0
2024-07-06 07:16:01,5,62,22.5,87,18.4,1001.7,0.3,0.7,6,5143.5,0
2024-07-06 07:21:01,5,62,22.6,86,18.5,1001.7,0.7,1.7,8,5143.5,0
2024-07-06 07:26:01,5,62,22.6,86,18.5,1001.5,0.7,1.0,10,5143.5,0
2024-07-06 07:31:01,5,62,22.6,85,18.7,1001.4,0.7,1.7,6,5143.5,0
2024-07-06 07:36:01,5,62,22.7,85,18.8,1001.6,0.7,1.0,9,5143.5,0
2024-07-06 07:41:01,5,62,22.7,85,19.0,1001.6,0.7,1.7,6,5143.5,0
2024-07-06 07:46:01,5,62,22.7,85,19.0,1001.5,0.7,1.7,10,5143.5,0
2024-07-06 07:51:01,5,61,22.8,84,18.8,1001.4,1.0,2.7,6,5143.5,0
2024-07-06 07:56:01,5,61,22.8,85,18.7,1001.5,1.0,2.0,10,5143.5,0
2024-07-06 08:01:01,5,61,22.8,85,18.5,1001.5,1.4,2.7,7,5143.5,0
2024-07-06 08:06:01,5,61,22.8,85,18.5,1001.4,1.0,1.7,12,5143.5,0
2024-07-06 08:11:01,5,61,22.7,86,18.3,1001.5,1.0,2.0,6,5143.5,0
2024-07-06 08:16:01,5,61,22.7,86,18.1,1001.5,1.4,3.1,6,5143.5,0
2024-07-06 08:21:01,5,61,22.7,86,18.1,1001.6,1.4,2.7,11,5143.5,0
2024-07-06 08:26:01,5,61,22.7,85,18.3,1001.6,1.0,1.7,8,5143.5,0
2024-07-06 08:31:01,5,61,22.7,85,18.3,1001.6,1.4,2.7,2,5143.5,0
2024-07-06 08:36:01,5,61,22.7,85,18.4,1001.6,1.0,2.0,9,5143.5,0
2024-07-06 08:41:01,5,60,22.7,86,18.3,1001.7,1.4,2.0,10,5143.5,0
2024-07-06 08:46:01,5,60,22.8,89,17.8,1001.7,1.7,3.1,7,5143.5,0
2024-07-06 08:51:01,5,61,22.7,90,18.0,1001.6,1.0,2.0,8,5143.5,0
2024-07-06 08:56:01,5,61,22.8,88,18.4,1001.4,0.7,1.0,7,5143.5,0
2024-07-06 09:01:01,5,61,22.9,87,18.5,1001.4,1.0,3.7,8,5143.5,0
2024-07-06 09:06:01,5,60,22.9,87,18.7,1001.3,0.3,1.0,0,5143.5,0
2024-07-06 09:11:01,5,62,23.0,87,18.5,1001.3,1.0,1.7,10,5143.5,0
2024-07-06 09:16:01,5,62,23.0,86,18.3,1001.4,2.0,3.1,9,5143.5,0
2024-07-06 09:21:01,5,62,23.0,86,18.4,1001.5,1.0,2.0,9,5143.5,0
2024-07-06 09:26:01,5,62,23.0,85,18.5,1001.4,1.0,2.7,6,5143.5,0
2024-07-06 09:31:01,5,62,23.0,85,18.4,1001.6,2.0,3.7,9,5143.5,0
2024-07-06 09:36:01,5,62,23.0,84,18.4,1001.7,1.0,2.0,13,5143.5,0
2024-07-06 09:41:01,5,62,23.0,79,18.3,1001.7,2.7,5.8,3,5143.5,0
2024-07-06 09:46:01,5,61,23.0,77,18.4,1001.8,1.4,2.0,7,5143.5,0
2024-07-06 09:51:01,5,61,23.0,77,18.3,1001.9,2.0,4.8,3,5143.5,0
2024-07-06 09:56:01,5,60,23.0,78,18.2,1001.9,1.7,4.8,6,5143.5,0
2024-07-06 10:01:01,5,60,23.0,79,18.2,1002.0,1.4,4.1,14,5143.5,0
2024-07-06 10:06:01,5,60,23.0,82,17.8,1002.0,1.4,2.7,9,5143.5,0
2024-07-06 10:11:01,5,60,23.0,81,18.3,1001.9,1.0,1.0,11,5143.5,0
2024-07-06 10:16:01,5,60,23.1,76,19.0,1001.9,1.7,2.7,8,5143.5,0
2024-07-06 10:21:01,5,60,23.2,72,19.1,1001.8,1.4,3.1,9,5143.5,0
2024-07-06 10:26:01,5,59,23.4,70,19.0,1001.8,2.4,5.1,6,5143.5,0
2024-07-06 10:31:01,5,59,23.5,67,19.9,1001.7,1.7,2.7,3,5143.5,0
2024-07-06 10:36:01,5,59,23.6,65,19.8,1001.6,2.0,3.1,11,5143.5,0
2024-07-06 10:41:01,5,58,23.8,64,20.0,1001.5,2.4,5.8,5,5143.5,0
2024-07-06 10:46:01,5,57,23.8,62,19.9,1001.3,4.1,6.1,14,5143.5,0
2024-07-06 10:51:01,5,56,24.0,62,20.1,1001.3,2.7,4.8,9,5143.5,0
2024-07-06 10:56:01,5,55,24.0,60,19.9,1001.3,4.1,7.8,7,5143.5,0
2024-07-06 11:01:01,5,55,24.1,59,20.0,1001.3,2.4,4.8,7,5143.5,0
2024-07-06 11:06:01,5,54,24.1,60,20.0,1001.5,2.0,5.1,11,5143.5,0
2024-07-06 11:11:01,5,54,24.1,57,20.1,1001.5,3.1,6.1,5,5143.5,0
2024-07-06 11:16:01,5,54,24.1,57,20.7,1001.5,1.0,3.1,6,5143.5,0
2024-07-06 11:21:01,5,53,24.1,56,20.5,1001.6,3.1,4.8,5,5143.8,0
2024-07-06 11:26:01,5,53,24.0,55,20.5,1001.5,4.1,8.2,7,5143.8,0
2024-07-06 11:31:01,5,53,24.0,55,20.6,1001.7,3.1,5.1,13,5143.8,0
2024-07-06 11:36:01,5,53,24.0,55,21.3,1001.9,2.0,3.1,3,5143.8,0
2024-07-06 11:41:01,5,53,23.9,57,20.8,1001.9,2.4,4.8,5,5143.8,0
2024-07-06 11:46:01,5,53,23.8,56,21.0,1002.1,1.7,3.7,7,5143.8,0
2024-07-06 11:51:01,5,53,23.8,54,20.3,1002.0,3.1,6.1,5,5143.8,0
2024-07-06 11:56:01,5,53,23.8,54,19.7,1002.3,3.7,8.2,8,5143.8,0
2024-07-06 12:01:01,5,52,23.7,57,19.6,1002.4,1.7,2.7,11,5143.8,0
2024-07-06 12:06:01,5,52,23.6,55,20.4,1002.4,1.7,4.1,14,5143.8,0
2024-07-06 12:11:01,5,52,23.6,57,19.6,1003.1,2.0,4.1,8,5143.8,0
2024-07-06 12:16:01,5,52,23.6,60,19.6,1002.9,2.4,4.8,11,5143.8,0
2024-07-06 12:21:01,5,52,23.6,57,19.9,1003.0,2.0,3.1,6,5143.8,0
2024-07-06 12:26:01,5,52,23.6,57,20.0,1003.2,1.7,3.1,12,5143.8,0
2024-07-06 12:31:01,5,52,23.5,54,19.5,1003.3,2.4,3.7,11,5143.8,0
2024-07-06 12:36:01,5,52,23.4,55,20.2,1003.5,1.7,4.8,10,5143.8,0
2024-07-06 12:41:01,5,52,23.4,57,19.3,1003.8,2.4,4.1,10,5143.8,0
2024-07-06 12:46:01,5,52,23.4,54,19.3,1003.7,2.7,5.1,0,5143.8,0
2024-07-06 12:51:01,5,52,23.4,51,19.8,1004.0,2.0,4.1,5,5143.8,0
2024-07-06 12:56:01,5,52,23.4,52,19.6,1004.2,3.1,6.8,10,5143.8,0
2024-07-06 13:01:01,5,51,23.4,57,19.2,1004.2,3.1,5.1,5,5143.8,0
2024-07-06 13:06:01,5,51,23.4,59,18.9,1004.1,2.4,4.1,9,5143.8,0
2024-07-06 13:11:01,5,51,23.4,57,19.3,1004.4,3.1,5.1,5,5143.8,0
2024-07-06 13:16:01,5,50,23.3,60,18.8,1004.6,2.7,4.1,7,5143.8,0
2024-07-06 13:21:01,5,50,23.3,59,19.1,1004.6,2.7,5.8,8,5143.8,0
2024-07-06 13:26:01,5,50,23.3,60,18.2,1004.8,4.4,7.1,7,5143.8,0
2024-07-06 13:31:01,5,51,23.3,58,18.6,1005.0,3.4,5.8,12,5143.8,0
2024-07-06 13:36:01,5,50,23.3,59,18.7,1005.0,1.4,3.1,12,5143.8,0
2024-07-06 13:41:01,5,49,23.3,55,18.9,1005.1,3.4,6.8,5,5143.8,0
2024-07-06 13:46:01,5,48,23.3,54,18.8,1005.2,3.1,5.8,7,5143.8,0
2024-07-06 13:51:01,5,47,23.3,56,19.0,1005.3,2.0,3.1,6,5143.8,0
2024-07-06 13:56:01,5,47,23.3,56,19.1,1005.3,3.1,6.1,10,5143.8,0
2024-07-06 14:01:01,5,46,23.3,55,19.1,1005.3,2.7,5.1,6,5143.8,0
2024-07-06 14:06:01,5,46,23.3,59,18.7,1005.6,3.1,5.8,8,5143.8,0
2024-07-06 14:11:01,5,46,23.3,57,19.2,1005.5,2.7,6.1,3,5143.8,0
2024-07-06 14:16:01,5,46,23.3,55,19.3,1005.7,3.1,4.8,7,5143.8,0
2024-07-06 14:21:01,5,46,23.3,55,19.0,1005.7,2.7,4.8,7,5143.8,0
2024-07-06 14:26:01,5,46,23.3,54,18.6,1005.8,2.0,3.1,10,5143.8,0
2024-07-06 14:31:01,5,46,23.3,56,18.3,1005.8,2.0,5.1,8,5143.8,0
2024-07-06 14:36:01,5,46,23.3,58,17.8,1006.2,2.4,4.1,7,5143.8,0
2024-07-06 14:41:01,5,46,23.3,66,17.1,1006.5,3.1,6.8,8,5143.8,0
2024-07-06 14:46:01,5,46,23.3,73,16.1,1006.4,2.4,3.7,4,5143.8,0
2024-07-06 14:51:01,5,47,23.3,71,16.2,1006.3,2.7,6.1,5,5143.8,0
2024-07-06 14:56:01,5,47,23.3,68,16.2,1006.5,3.1,5.1,6,5143.8,0
2024-07-06 15:01:01,5,47,23.4,68,16.3,1006.4,2.4,3.1,9,5143.8,0
2024-07-06 15:06:01,5,47,23.4,64,17.5,1006.3,1.4,2.7,7,5143.8,0
2024-07-06 15:11:01,5,47,23.4,63,17.7,1006.4,1.4,2.7,6,5143.8,0
2024-07-06 15:16:01,5,47,23.4,64,17.7,1006.4,1.7,3.1,6,5143.8,0
2024-07-06 15:21:01,5,47,23.4,64,17.8,1006.3,1.7,3.7,8,5143.8,0
2024-07-06 15:26:01,5,47,23.4,66,17.6,1006.6,2.4,5.1,7,5143.8,0
2024-07-06 15:31:01,5,48,23.4,66,17.3,1006.6,2.7,5.1,7,5143.8,0
2024-07-06 15:36:01,5,47,23.4,65,17.5,1007.0,1.4,3.1,11,5143.8,0
2024-07-06 15:41:01,5,46,23.4,65,17.5,1006.9,2.0,4.8,7,5143.8,0
2024-07-06 15:46:01,5,47,23.4,65,17.5,1006.9,2.4,4.8,6,5143.8,0
2024-07-06 15:51:01,5,47,23.5,65,17.3,1006.9,4.1,7.1,10,5143.8,0
2024-07-06 15:56:01,5,46,23.6,64,17.6,1006.6,2.0,3.7,14,5143.8,0
2024-07-06 16:01:01,5,46,23.6,63,17.8,1006.9,2.4,5.1,7,5143.8,0
2024-07-06 16:06:01,5,46,23.6,63,18.0,1006.8,1.0,1.7,8,5143.8,0
2024-07-06 16:11:01,5,46,23.6,64,17.6,1006.9,2.4,3.7,9,5143.8,0
2024-07-06 16:16:01,5,46,23.7,65,17.2,1007.0,2.7,4.8,7,5143.8,0
2024-07-06 16:21:01,5,47,23.7,66,17.1,1007.0,2.7,3.7,12,5143.8,0
2024-07-06 16:26:01,5,47,23.7,66,17.3,1007.0,2.0,5.1,9,5143.8,0
2024-07-06 16:31:01,5,47,23.8,66,17.4,1006.9,1.7,5.1,4,5143.8,0
2024-07-06 16:36:01,5,47,23.8,68,16.9,1007.1,2.4,4.1,11,5143.8,0
2024-07-06 16:41:01,5,47,23.8,68,16.8,1007.4,3.7,5.1,6,5143.8,0
2024-07-06 16:46:01,5,47,23.8,68,16.7,1007.3,2.7,4.8,6,5143.8,0
2024-07-06 16:51:01,5,47,23.9,69,16.7,1007.1,1.7,3.7,7,5143.8,0
2024-07-06 16:56:01,5,47,24.0,69,16.7,1007.2,2.7,4.8,4,5143.8,0
2024-07-06 17:01:01,5,47,24.0,70,16.7,1007.3,2.0,4.1,7,5143.8,0
2024-07-06 17:06:01,5,47,24.1,69,16.7,1007.0,1.7,3.7,6,5143.8,0
2024-07-06 17:11:01,5,46,24.1,70,16.4,1007.1,1.4,2.0,2,5143.8,0
2024-07-06 17:16:01,5,46,24.0,71,16.4,1007.1,1.0,2.7,14,5143.8,0
2024-07-06 17:21:01,5,47,24.0,70,16.7,1007.3,1.4,3.1,7,5143.8,0
2024-07-06 17:26:01,5,47,24.0,69,16.5,1007.3,2.4,3.7,2,5143.8,0
2024-07-06 17:31:01,5,46,24.0,68,16.6,1007.4,2.4,4.8,8,5143.8,0
2024-07-06 17:36:01,5,46,24.0,67,16.7,1007.3,2.4,3.7,7,5143.8,0
2024-07-06 17:41:01,5,46,24.0,67,16.7,1007.4,1.7,2.0,8,5143.8,0
2024-07-06 17:46:01,5,46,24.0,68,16.8,1007.6,1.4,3.7,7,5143.8,0
2024-07-06 17:51:01,5,46,24.0,68,16.7,1007.7,1.0,1.7,4,5143.8,0
2024-07-06 17:56:01,5,45,24.0,68,16.4,1007.7,2.0,5.1,6,5143.8,0
2024-07-06 18:01:01,5,45,24.0,68,16.4,1007.8,1.7,4.1,4,5143.8,0
2024-07-06 18:06:01,5,46,23.8,70,16.3,1008.0,1.0,1.7,4,5143.8,0
2024-07-06 18:11:01,5,47,23.8,72,16.2,1008.1,1.0,2.0,7,5143.8,0
2024-07-06 18:16:01,5,47,23.7,76,16.0,1008.3,1.7,2.7,9,5143.8,0
2024-07-06 18:21:01,5,48,23.6,82,15.7,1008.7,1.0,2.0,2,5143.8,0
2024-07-06 18:26:01,5,49,23.6,88,14.5,1008.7,1.0,1.7,8,5144.1,0
2024-07-06 18:31:01,5,49,23.6,89,14.3,1008.7,1.7,3.7,10,5144.1,0
2024-07-06 18:36:01,5,49,23.4,90,14.2,1008.9,0.0,0.7,10,5144.1,0
2024-07-06 18:41:01,5,50,23.4,90,14.1,1009.0,0.3,1.0,9,5144.1,0
2024-07-06 18:46:01,5,50,23.3,90,14.0,1009.1,1.0,1.7,7,5144.1,0
2024-07-06 18:51:01,5,51,23.3,89,14.2,1009.2,0.3,1.0,7,5144.1,0
2024-07-06 18:56:01,5,51,23.2,87,14.2,1009.2,1.0,1.7,11,5144.1,0
2024-07-06 19:01:01,5,51,23.1,85,14.5,1009.3,1.0,2.0,6,5144.1,0
2024-07-06 19:06:01,5,52,23.1,82,14.7,1009.4,1.0,2.0,3,5144.1,0
2024-07-06 19:11:01,5,52,23.1,81,14.7,1009.5,1.0,3.1,7,5144.4,0
2024-07-06 19:16:01,5,53,23.0,81,14.6,1009.6,1.0,1.7,6,5144.4,0
2024-07-06 19:21:01,5,53,23.0,82,14.7,1009.6,0.3,0.7,3,5144.4,0
2024-07-06 19:26:01,5,53,23.0,82,14.6,1009.6,1.0,2.0,5,5144.4,0
2024-07-06 19:31:01,5,54,23.0,82,14.6,1009.7,1.4,3.1,4,5144.4,0
2024-07-06 19:36:01,5,54,23.0,82,14.6,1009.8,1.4,2.0,7,5144.4,0
2024-07-06 19:41:01,5,54,22.9,82,14.6,1009.9,0.0,0.0,6,5144.4,0
2024-07-06 19:46:01,5,55,22.9,83,14.7,1009.9,1.7,3.1,3,5144.4,0
2024-07-06 19:51:01,5,56,22.9,85,14.6,1010.2,1.0,1.7,8,5144.4,0
2024-07-06 19:56:01,5,57,22.9,86,14.4,1010.1,1.4,2.0,8,5144.4,0
2024-07-06 20:01:01,5,57,22.9,86,14.2,1010.2,1.0,1.7,7,5144.4,0
2024-07-06 20:06:01,5,58,22.9,87,14.2,1010.4,0.7,1.0,10,5144.4,0
2024-07-06 20:11:01,5,58,22.9,89,14.1,1010.4,0.0,0.7,7,5144.4,0
2024-07-06 20:16:01,5,58,22.8,90,13.6,1010.5,0.7,1.0,5,5144.4,0
2024-07-06 20:21:01,5,58,22.7,91,13.4,1010.6,1.0,1.7,6,5144.4,0
2024-07-06 20:26:01,5,58,22.7,91,13.3,1010.6,0.3,1.0,6,5144.4,0
2024-07-06 20:31:01,5,58,22.7,91,13.2,1010.6,0.0,0.7,7,5144.4,0
2024-07-06 20:36:01,5,59,22.7,92,13.2,1010.6,0.0,0.7,10,5144.4,0
2024-07-06 20:41:01,5,59,22.7,92,13.1,1010.8,0.0,0.7,7,5144.4,0
2024-07-06 20:46:01,5,59,22.7,92,13.0,1010.8,0.7,1.7,6,5144.4,0
2024-07-06 20:51:01,5,60,22.7,92,13.1,1011.0,1.0,1.7,7,5144.4,0
2024-07-06 20:56:01,5,60,22.7,92,13.3,1011.0,0.7,1.0,8,5144.4,0
2024-07-06 21:01:01,5,61,22.7,92,13.4,1011.2,0.7,1.7,11,5144.4,0
2024-07-06 21:06:01,5,60,22.7,91,13.5,1011.1,1.0,2.0,10,5144.4,0
2024-07-06 21:11:01,5,60,22.7,90,13.7,1011.2,1.0,2.0,6,5144.4,0
2024-07-06 21:16:01,5,60,22.6,89,13.7,1011.4,1.7,2.7,5,5144.4,0
2024-07-06 21:21:01,5,59,22.6,88,13.7,1011.4,1.7,2.0,9,5144.4,0
2024-07-06 21:26:01,5,58,22.6,89,13.6,1011.6,1.7,2.7,6,5144.4,0
2024-07-06 21:31:01,5,58,22.6,89,13.6,1011.6,1.4,2.0,7,5144.4,0
2024-07-06 21:36:01,5,58,22.5,90,13.5,1011.7,0.7,1.0,5,5144.4,0
2024-07-06 21:41:01,5,58,22.5,90,13.3,1011.7,2.0,3.1,8,5144.4,0
2024-07-06 21:46:01,5,58,22.5,89,13.3,1012.0,1.4,3.1,6,5144.4,0
2024-07-06 21:51:01,5,58,22.4,89,13.2,1012.0,1.0,2.0,6,5144.4,0
2024-07-06 21:56:01,5,58,22.3,88,13.2,1012.1,0.7,1.7,6,5144.4,0
2024-07-06 22:01:01,5,58,22.3,88,13.2,1012.3,0.3,0.7,8,5144.4,0
2024-07-06 22:06:01,5,58,22.3,89,13.2,1012.4,0.3,1.0,5,5144.4,0
2024-07-06 22:11:01,5,58,22.3,89,13.2,1012.5,0.7,2.0,3,5144.4,0
2024-07-06 22:16:01,5,58,22.3,89,13.3,1012.7,0.3,1.0,5,5144.4,0
2024-07-06 22:21:01,5,58,22.3,89,13.4,1012.7,0.3,1.0,14,5144.4,0
2024-07-06 22:26:01,5,59,22.3,88,13.4,1012.7,0.3,0.7,5,5144.4,0
2024-07-06 22:31:01,5,58,22.3,88,13.4,1012.7,0.3,1.0,6,5144.4,0
2024-07-06 22:36:01,5,58,22.3,89,13.3,1012.6,0.3,0.7,6,5144.4,0
2024-07-06 22:41:01,5,58,22.2,89,13.2,1012.8,0.7,1.7,12,5144.4,0
2024-07-06 22:46:01,5,58,22.2,89,13.1,1012.7,0.0,0.7,7,5144.4,0
2024-07-06 22:51:01,5,58,22.2,90,13.1,1012.8,0.3,0.7,9,5144.4,0
2024-07-06 22:56:01,5,58,22.2,90,13.1,1012.8,0.3,0.7,7,5144.4,0
2024-07-06 23:01:01,5,58,22.2,90,13.1,1012.8,0.3,1.0,5,5144.4,0
2024-07-06 23:06:01,5,58,22.2,90,13.1,1012.9,0.7,2.0,7,5144.4,0
2024-07-06 23:11:01,5,58,22.2,89,13.2,1012.9,0.3,1.0,11,5144.4,0
2024-07-06 23:16:01,5,58,22.2,89,13.2,1013.0,0.7,1.7,5,5144.4,0
2024-07-06 23:21:01,5,58,22.1,89,13.2,1013.1,0.7,2.0,8,5144.4,0
2024-07-06 23:26:01,5,58,22.1,88,13.3,1013.3,1.0,1.7,8,5144.4,0
2024-07-06 23:31:01,5,58,22.1,87,13.3,1013.3,1.0,2.0,5,5144.4,0
2024-07-06 23:36:01,5,58,22.1,85,13.4,1013.5,0.7,1.7,7,5144.4,0
2024-07-06 23:41:01,5,58,22.1,85,13.3,1013.4,0.3,0.7,6,5144.4,0
2024-07-06 23:46:01,5,58,22.1,85,13.3,1013.5,0.3,1.0,5,5144.4,0
2024-07-06 23:51:01,5,58,22.0,85,13.2,1013.6,0.7,1.7,7,5144.4,0
2024-07-06 23:56:01,5,58,22.0,85,13.2,1013.6,0.7,1.0,5,5144.4,0
