2024-07-19 00:01:02,5,61,24.4,87,19.8,1022.3,0.0,0.0,15,5212.2,0
2024-07-19 00:06:02,5,62,24.4,87,19.8,1022.2,0.0,0.0,15,5212.2,0
2024-07-19 00:11:02,5,62,24.4,87,19.8,1022.3,0.0,0.0,15,5212.2,0
2024-07-19 00:16:02,5,62,24.3,87,19.8,1022.2,0.0,0.7,15,5212.2,0
2024-07-19 00:21:02,5,62,24.3,87,19.9,1022.2,0.0,0.0,14,5212.2,0
2024-07-19 00:26:02,5,62,24.3,87,19.8,1022.1,0.0,0.0,15,5212.2,0
2024-07-19 00:31:02,5,62,24.3,87,19.8,1022.0,0.0,0.0,15,5212.2,0
2024-07-19 00:36:02,5,62,24.3,87,19.8,1022.1,0.0,0.0,15,5212.2,0
2024-07-19 00:41:02,5,62,24.2,87,19.8,1022.0,0.0,0.0,15,5212.2,0
2024-07-19 00:46:02,5,62,24.2,87,19.8,1022.0,0.0,0.0,14,5212.2,0
2024-07-19 00:51:02,5,62,24.2,87,19.8,1021.8,0.0,0.0,15,5212.2,0
2024-07-19 00:56:02,5,62,24.1,87,19.7,1021.8,0.0,0.0,15,5212.2,0
2024-07-19 01:01:02,5,62,24.1,87,19.7,1021.8,0.0,0.0,15,5212.2,0
2024-07-19 01:06:02,5,62,24.1,87,19.6,1021.7,0.0,0.0,15,5212.2,0
2024-07-19 01:11:02,5,62,24.1,87,19.6,1021.7,0.0,0.0,15,5212.2,0
2024-07-19 01:16:02,5,62,24.1,88,19.5,1021.6,0.0,0.0,15,5212.2,0
2024-07-19 01:21:02,5,62,24.1,88,19.4,1021.7,0.0,0.0,15,5212.2,0
2024-07-19 01:26:02,5,62,24.1,88,19.3,1021.7,0.0,0.0,15,5212.2,0
2024-07-19 01:31:02,5,62,24.1,88,19.2,1021.6,0.0,0.0,15,5212.2,0
2024-07-19 01:36:02,5,62,24.1,89,19.2,1021.6,0.0,0.0,15,5212.2,0
2024-07-19 01:41:02,5,62,24.1,89,19.1,1021.7,0.0,0.0,15,5212.2,0
2024-07-19 01:46:02,5,62,24.1,89,19.0,1021.6,0.0,0.0,15,5212.2,0
2024-07-19 01:51:02,5,62,24.1,90,19.0,1021.5,0.0,0.0,15,5212.2,0
2024-07-19 01:56:02,5,62,24.1,90,19.0,1021.6,0.0,0.0,15,5212.2,0
2024-07-19 02:01:02,5,62,24.0,90,18.9,1021.6,0.0,0.0,15,5212.2,0
2024-07-19 02:06:02,5,62,24.0,90,18.8,1021.7,0.0,0.0,15,5212.2,0
2024-07-19 02:11:02,5,62,24.0,90,18.7,1021.6,0.0,0.0,15,5212.2,0
2024-07-19 02:16:02,5,62,24.0,91,18.6,1021.6,0.0,0.0,15,5212.2,0
2024-07-19 02:21:02,5,62,24.0,91,18.5,1021.6,0.0,0.0,15,5212.2,0
2024-07-19 02:26:02,5,62,24.0,91,18.4,1021.6,0.0,0.0,15,5212.2,0
2024-07-19 02:31:02,5,63,23.9,91,18.3,1021.6,0.0,0.0,15,5212.2,0
2024-07-19 02:36:02,5,63,23.9,92,18.3,1021.7,0.0,0.0,15,5212.2,0
2024-07-19 02:41:02,5,63,23.9,92,18.3,1021.7,0.0,0.0,15,5212.2,0
2024-07-19 02:46:02,5,64,23.9,92,18.4,1021.6,0.0,0.0,15,5212.2,0
2024-07-19 02:51:02,5,64,23.9,92,18.5,1021.6,0.0,0.0,15,5212.2,0
2024-07-19 02:56:02,5,64,23.9,92,18.5,1021.8,0.0,0.0,15,5212.2,0
2024-07-19 03:01:02,5,64,23.8,91,18.6,1021.7,0.0,0.0,15,5212.2,0
2024-07-19 03:06:02,5,64,23.8,91,18.7,1021.6,0.0,0.0,15,5212.2,0
2024-07-19 03:11:02,5,64,23.8,89,18.9,1021.7,0.0,0.0,15,5212.2,0
2024-07-19 03:16:02,5,64,23.8,88,19.1,1021.7,0.0,0.0,15,5212.2,0
2024-07-19 03:21:02,5,64,23.8,87,19.3,1021.7,0.0,0.0,15,5212.2,0
2024-07-19 03:26:02,5,64,23.8,87,19.4,1021.8,0.0,0.0,15,5212.2,0
2024-07-19 03:31:02,5,64,23.8,86,19.4,1021.8,0.0,0.0,15,5212.2,0
2024-07-19 03:36:02,5,63,23.8,86,19.4,1021.8,0.0,0.0,15,5212.2,0
2024-07-19 03:41:02,5,63,23.8,86,19.5,1021.6,0.0,0.0,15,5212.2,0
2024-07-19 03:46:02,5,63,23.8,85,19.5,1021.8,0.0,0.0,15,5212.2,0
2024-07-19 03:51:02,5,63,23.8,85,19.6,1021.7,0.0,0.0,15,5212.2,0
2024-07-19 03:56:02,5,63,23.8,85,19.6,1021.7,0.0,0.0,15,5212.2,0
2024-07-19 04:01:02,5,63,23.8,85,19.6,1021.8,0.0,0.0,15,5212.2,0
2024-07-19 04:06:02,5,63,23.8,85,19.6,1021.7,0.0,0.0,15,5212.2,0
2024-07-19 04:11:02,5,63,23.8,85,19.6,1021.7,0.0,0.0,15,5212.2,0
2024-07-19 04:16:02,5,63,23.8,85,19.6,1021.7,0.0,0.0,15,5212.2,0
2024-07-19 04:21:02,5,63,23.8,85,19.7,1021.6,0.0,0.0,15,5212.2,0
2024-07-19 04:26:02,5,63,23.8,84,19.7,1021.6,0.0,0.0,15,5212.2,0
2024-07-19 04:31:02,5,63,23.8,84,19.7,1021.6,0.0,0.0,15,5212.2,0
2024-07-19 04:36:02,5,63,23.8,85,19.7,1021.5,0.0,0.0,15,5212.2,0
2024-07-19 04:41:02,5,63,23.8,85,19.7,1021.6,0.0,0.0,15,5212.2,0
2024-07-19 04:46:02,5,63,23.8,85,19.7,1021.6,0.0,0.0,15,5212.2,0
2024-07-19 04:51:02,5,63,23.8,85,19.6,1021.4,0.0,0.0,15,5212.2,0
2024-07-19 04:56:02,5,63,23.8,85,19.7,1021.5,0.0,0.0,15,5212.2,0
2024-07-19 05:01:02,5,63,23.8,86,19.6,1021.5,0.0,0.0,15,5212.2,0
2024-07-19 05:06:02,5,63,23.8,86,19.6,1021.4,0.0,0.0,15,5212.2,0
2024-07-19 05:11:02,5,63,23.8,85,19.7,1021.5,0.0,0.0,15,5212.2,0
2024-07-19 05:16:02,5,63,23.8,85,19.7,1021.5,0.0,0.0,15,5212.2,0
2024-07-19 05:21:02,5,63,23.8,85,19.8,1021.4,0.0,0.0,15,5212.2,0
2024-07-19 05:26:02,5,63,23.8,85,19.9,1021.3,0.0,0.0,15,5212.2,0
2024-07-19 05:31:02,5,63,23.9,84,19.9,1021.4,0.0,0.0,15,5212.2,0
2024-07-19 05:36:02,5,63,23.9,84,19.9,1021.3,0.0,0.0,15,5212.2,0
2024-07-19 05:41:02,5,63,23.9,84,20.0,1021.4,0.0,0.0,15,5212.2,0
2024-07-19 05:46:02,5,63,23.9,83,20.2,1021.4,0.0,0.0,15,5212.2,0
2024-07-19 05:51:02,5,63,23.9,83,20.3,1021.4,0.0,0.0,15,5212.2,0
2024-07-19 05:56:02,5,62,24.0,83,20.4,1021.3,0.0,0.0,15,5212.2,0
2024-07-19 06:01:02,5,62,24.0,82,20.5,1021.5,0.0,0.0,15,5212.2,0
2024-07-19 06:06:02,5,62,24.0,82,20.5,1021.3,0.0,0.0,0,5212.2,0
2024-07-19 06:11:02,5,62,24.0,82,20.7,1021.3,0.0,0.0,14,5212.2,0
2024-07-19 06:16:02,5,62,24.1,81,20.8,1021.2,0.0,0.0,14,5212.2,0
2024-07-19 06:21:02,5,61,24.1,81,20.7,1021.1,0.0,0.0,14,5212.2,0
2024-07-19 06:26:02,5,61,24.1,81,20.7,1021.0,0.0,0.0,14,5212.2,0
2024-07-19 06:31:02,5,61,24.1,81,20.9,1021.0,0.0,0.0,14,5212.2,0
2024-07-19 06:36:02,5,61,24.1,80,21.0,1021.1,0.0,0.7,14,5212.2,0
2024-07-19 06:41:02,5,61,24.1,80,21.0,1021.0,0.0,0.0,14,5212.2,0
2024-07-19 06:46:02,5,61,24.1,80,21.1,1021.1,0.0,0.0,13,5212.2,0
2024-07-19 06:51:02,5,61,24.2,80,21.2,1021.0,0.0,0.0,13,5212.2,0
2024-07-19 06:56:02,5,61,24.3,80,21.2,1021.1,0.0,0.0,13,5212.2,0
2024-07-19 07:01:02,5,61,24.3,80,21.1,1021.1,0.0,0.0,13,5212.2,0
2024-07-19 07:06:02,5,61,24.3,80,21.2,1021.1,0.3,0.7,13,5212.2,0
2024-07-19 07:11:02,5,61,24.3,80,21.2,1021.0,0.0,0.0,3,5212.2,0
2024-07-19 07:16:02,5,61,24.4,80,21.2,1021.0,0.0,0.0,3,5212.2,0
2024-07-19 07:21:02,5,61,24.4,80,21.1,1021.0,0.0,0.0,3,5212.2,0
2024-07-19 07:26:02,5,61,24.4,80,21.2,1020.9,0.0,0.0,2,5212.2,0
2024-07-19 07:31:02,5,61,24.4,80,21.2,1020.9,0.3,1.0,14,5212.2,0
2024-07-19 07:36:02,5,61,24.4,80,21.3,1020.9,0.3,1.0,3,5212.2,0
2024-07-19 07:41:02,5,61,24.4,81,21.3,1020.9,0.0,0.7,3,5212.2,0
2024-07-19 07:46:02,5,61,24.4,81,21.2,1020.9,0.3,1.0,5,5212.2,0
2024-07-19 07:51:02,5,61,24.4,82,21.2,1020.7,0.3,1.0,14,5212.2,0
2024-07-19 07:56:02,5,61,24.4,81,21.3,1020.7,0.3,0.7,3,5212.2,0
2024-07-19 08:01:02,5,61,24.4,81,21.3,1020.8,0.0,0.7,3,5212.2,0
2024-07-19 08:06:02,5,61,24.3,80,21.5,1020.7,0.0,0.7,14,5212.2,0
2024-07-19 08:11:02,5,61,24.4,80,21.7,1020.7,0.3,1.0,14,5212.2,0
2024-07-19 08:16:02,5,61,24.4,80,21.6,1020.7,0.3,0.7,1,5212.2,0
2024-07-19 08:21:02,5,61,24.4,80,21.8,1020.7,0.0,0.7,2,5212.2,0
2024-07-19 08:26:02,5,61,24.4,80,21.7,1020.7,0.3,1.0,2,5212.2,0
2024-07-19 08:31:02,5,61,24.3,80,22.1,1020.8,0.0,1.0,2,5212.2,0
2024-07-19 08:36:02,5,62,24.4,80,22.0,1020.7,0.3,1.0,14,5212.2,0
2024-07-19 08:41:02,5,62,24.4,81,22.0,1020.6,0.0,0.0,0,5212.2,0
2024-07-19 08:46:02,5,62,24.4,80,22.4,1020.6,0.0,0.7,2,5212.2,0
2024-07-19 08:51:02,5,62,24.4,80,22.4,1020.3,0.0,0.7,14,5212.2,0
2024-07-19 08:56:02,5,63,24.4,81,22.8,1020.5,0.0,0.0,4,5212.2,0
2024-07-19 09:01:02,5,63,24.4,81,22.7,1020.4,0.0,0.7,1,5212.2,0
2024-07-19 09:06:02,5,63,24.5,80,22.9,1020.4,0.3,0.7,14,5212.2,0
2024-07-19 09:11:02,5,63,24.6,79,23.0,1020.3,0.0,0.7,14,5212.2,0
2024-07-19 09:16:02,5,63,24.6,79,23.3,1020.2,0.0,0.7,14,5212.2,0
2024-07-19 09:21:01,5,63,24.7,78,23.2,1020.1,0.3,1.0,13,5212.2,0
2024-07-19 09:26:01,5,63,24.7,77,23.5,1020.1,0.3,0.7,12,5212.2,0
2024-07-19 09:31:01,5,63,24.8,77,23.7,1019.9,0.0,0.7,12,5212.2,0
2024-07-19 09:36:01,5,63,24.9,77,23.9,1019.9,0.0,0.0,12,5212.2,0
2024-07-19 09:41:01,5,63,24.9,76,24.1,1020.0,0.0,0.7,12,5212.2,0
2024-07-19 09:46:01,5,63,24.9,75,24.3,1019.8,0.0,0.7,15,5212.2,0
2024-07-19 09:51:01,5,62,25.0,74,24.3,1019.7,0.3,0.7,0,5212.2,0
2024-07-19 09:56:01,5,62,25.0,74,24.9,1019.6,0.0,0.0,13,5212.2,0
2024-07-19 10:01:01,5,62,25.1,73,24.6,1019.6,0.0,0.7,13,5212.2,0
2024-07-19 10:06:01,5,62,25.1,73,25.0,1019.6,0.3,0.7,14,5212.2,0
2024-07-19 10:11:01,5,61,25.1,72,25.0,1019.5,0.0,0.0,14,5212.2,0
2024-07-19 10:16:01,5,61,25.1,73,25.0,1019.4,0.0,0.0,14,5212.2,0
2024-07-19 10:21:01,5,61,25.1,71,25.4,1019.4,0.0,0.0,13,5212.2,0
2024-07-19 10:26:01,5,61,25.1,72,25.5,1019.3,0.3,0.7,13,5212.2,0
2024-07-19 10:31:01,5,61,25.1,72,25.5,1019.3,0.0,0.7,14,5212.2,0
2024-07-19 10:36:01,5,61,25.1,71,25.6,1019.2,0.0,0.0,14,5212.2,0
2024-07-19 10:41:01,5,61,25.1,72,25.6,1019.2,0.0,0.7,13,5212.2,0
2024-07-19 10:46:01,5,61,25.1,72,25.6,1019.2,0.0,0.7,13,5212.2,0
2024-07-19 10:51:01,5,61,25.1,72,25.6,1019.1,0.0,0.7,14,5212.2,0
2024-07-19 10:56:01,5,62,25.1,72,26.0,1019.0,0.0,0.0,14,5212.2,0
2024-07-19 11:01:01,5,62,25.1,73,26.0,1019.1,0.0,0.0,14,5212.2,0
2024-07-19 11:06:01,5,62,25.1,71,26.1,1018.9,0.0,0.0,14,5212.2,0
2024-07-19 11:11:01,5,62,25.1,70,26.2,1018.9,0.3,1.0,13,5212.2,0
2024-07-19 11:16:01,5,62,25.1,70,26.3,1018.8,0.0,0.7,13,5212.2,0
2024-07-19 11:21:01,5,62,25.1,70,26.4,1018.7,0.0,0.7,13,5212.2,0
2024-07-19 11:26:01,5,62,25.1,69,26.7,1018.7,0.0,0.0,13,5212.2,0
2024-07-19 11:31:01,5,62,25.1,68,27.1,1018.6,0.0,0.7,13,5212.2,0
2024-07-19 11:36:01,5,61,25.1,68,27.1,1018.5,0.0,0.0,4,5212.2,0
2024-07-19 11:41:01,5,62,25.1,66,27.2,1018.5,0.0,0.0,2,5212.2,0
2024-07-19 11:46:01,5,62,25.1,66,27.6,1018.5,0.0,0.7,2,5212.2,0
2024-07-19 11:51:01,5,62,25.1,63,27.9,1018.3,0.3,1.0,14,5212.2,0
2024-07-19 11:56:01,5,62,25.1,62,27.8,1018.3,0.0,0.0,14,5212.2,0
2024-07-19 12:01:01,5,62,25.1,62,28.6,1018.2,0.0,0.0,14,5212.2,0
2024-07-19 12:06:01,5,62,25.1,60,29.0,1018.3,0.7,1.0,3,5212.2,0
2024-07-19 12:11:01,5,62,25.9,59,30.1,1018.1,0.3,0.7,2,5212.2,0
2024-07-19 12:16:01,5,61,25.9,57,30.2,1018.2,0.0,0.7,1,5212.2,0
2024-07-19 12:21:01,5,61,25.9,54,30.4,1018.0,0.0,0.0,5,5212.2,0
2024-07-19 12:26:01,5,61,25.9,54,31.1,1017.9,0.0,0.7,15,5212.2,0
2024-07-19 12:31:01,5,61,25.9,53,30.5,1017.9,0.3,1.0,14,5212.2,0
2024-07-19 12:36:01,5,61,25.9,53,30.5,1017.8,0.3,0.7,11,5212.2,0
2024-07-19 12:41:01,5,61,25.9,55,30.3,1017.7,0.3,0.7,1,5212.2,0
2024-07-19 12:46:01,5,60,26.0,56,29.6,1017.7,0.0,0.7,0,5212.2,0
2024-07-19 12:51:01,5,61,25.9,57,29.5,1017.7,0.7,1.7,14,5212.2,0
2024-07-19 12:56:01,5,60,25.9,59,29.8,1017.7,0.3,0.7,14,5212.2,0
2024-07-19 13:01:01,5,60,26.0,58,30.0,1017.7,0.0,0.0,14,5212.2,0
2024-07-19 13:06:01,5,60,25.9,58,29.3,1017.5,0.3,1.0,15,5212.2,0
2024-07-19 13:11:01,5,59,26.0,60,28.8,1017.4,0.0,0.7,15,5212.2,0
2024-07-19 13:16:01,5,60,25.9,61,29.4,1017.5,0.0,0.7,0,5212.2,0
2024-07-19 13:21:01,5,60,25.9,59,29.7,1017.5,0.3,0.7,11,5212.2,0
2024-07-19 13:26:01,5,60,25.9,59,29.9,1017.4,0.3,0.7,13,5212.2,0
2024-07-19 13:31:01,5,60,25.9,57,29.9,1017.3,0.3,0.7,12,5212.2,0
2024-07-19 13:36:01,5,60,25.9,57,29.9,1017.2,0.3,0.7,3,5212.2,0
2024-07-19 13:41:01,5,60,25.9,57,29.9,1017.2,0.7,1.0,13,5212.2,0
2024-07-19 13:46:01,5,60,25.9,57,30.3,1017.1,0.3,0.7,3,5212.2,0
2024-07-19 13:51:01,5,59,26.0,56,30.0,1017.0,0.3,0.7,11,5212.2,0
2024-07-19 13:56:01,5,59,26.0,55,30.7,1017.0,0.3,1.0,1,5212.2,0
2024-07-19 14:01:01,5,59,26.0,56,30.1,1016.8,0.3,2.0,15,5212.2,0
2024-07-19 14:06:01,5,59,26.0,57,30.2,1016.7,0.0,0.7,2,5212.2,0
2024-07-19 14:11:01,5,59,26.0,56,30.2,1016.7,0.3,1.0,13,5212.2,0
2024-07-19 14:16:01,5,59,26.0,56,30.6,1016.6,0.3,1.0,13,5212.2,0
2024-07-19 14:21:01,5,59,26.0,55,30.2,1016.5,0.3,1.0,0,5212.2,0
2024-07-19 14:26:01,5,59,26.0,56,30.7,1016.6,0.0,0.7,3,5212.2,0
2024-07-19 14:31:01,5,59,26.0,56,29.4,1016.4,0.3,1.0,12,5212.2,0
2024-07-19 14:36:01,5,59,26.0,57,29.4,1016.4,0.7,1.7,3,5212.2,0
2024-07-19 14:41:01,5,59,26.0,58,29.3,1016.4,0.3,1.0,3,5212.2,0
2024-07-19 14:46:01,5,59,26.0,57,29.6,1016.2,0.3,1.0,0,5212.2,0
2024-07-19 14:51:01,5,59,26.0,56,29.9,1016.2,0.3,0.7,0,5212.2,0
2024-07-19 14:56:01,5,59,26.0,55,30.4,1016.2,0.3,1.0,3,5212.2,0
2024-07-19 15:01:01,5,59,26.0,55,30.0,1016.1,0.0,1.0,10,5212.2,0
2024-07-19 15:06:01,5,59,26.0,56,29.5,1015.9,0.3,1.0,15,5212.2,0
2024-07-19 15:11:01,5,59,26.1,55,29.7,1015.9,0.7,1.7,4,5212.2,0
2024-07-19 15:16:01,5,59,26.1,56,29.3,1015.9,0.7,1.0,15,5212.2,0
2024-07-19 15:21:01,5,59,26.1,55,30.0,1015.8,0.0,0.7,15,5212.2,0
2024-07-19 15:26:01,5,59,26.2,55,30.3,1015.8,0.0,0.0,13,5212.2,0
2024-07-19 15:31:01,5,59,26.2,55,30.3,1015.7,0.3,0.7,2,5212.2,0
2024-07-19 15:36:01,5,59,26.2,54,30.2,1015.6,0.3,0.7,4,5212.2,0
2024-07-19 15:41:01,5,59,26.2,54,29.8,1015.5,0.7,1.7,3,5212.2,0
2024-07-19 15:46:01,5,59,26.3,54,29.8,1015.4,0.7,1.7,10,5212.2,0
2024-07-19 15:51:01,5,59,26.4,55,29.8,1015.3,0.3,1.0,12,5212.2,0
2024-07-19 15:56:01,5,59,26.4,54,29.8,1015.3,0.3,1.0,13,5212.2,0
2024-07-19 16:01:01,5,59,26.4,53,29.5,1015.0,0.3,1.0,15,5212.2,0
2024-07-19 16:06:01,5,59,26.4,54,29.6,1015.1,0.3,1.0,15,5212.2,0
2024-07-19 16:11:01,5,59,26.5,54,29.4,1015.0,0.3,0.7,11,5212.2,0
2024-07-19 16:16:01,5,59,26.6,54,29.4,1014.9,0.3,1.7,10,5212.2,0
2024-07-19 16:21:01,5,59,26.6,55,29.3,1014.8,0.7,1.7,0,5212.2,0
2024-07-19 16:26:01,5,59,26.6,55,29.5,1014.9,0.3,1.0,11,5212.2,0
2024-07-19 16:31:01,5,59,26.6,55,29.3,1014.8,0.7,1.0,2,5212.2,0
2024-07-19 16:36:01,5,59,26.6,55,29.2,1014.7,0.0,0.0,15,5212.2,0
2024-07-19 16:41:01,5,59,26.6,56,29.2,1014.6,0.0,0.0,15,5212.2,0
2024-07-19 16:46:01,5,58,26.7,55,29.1,1014.8,0.0,0.7,0,5212.2,0
2024-07-19 16:51:01,5,58,26.7,56,29.1,1014.7,0.3,1.0,10,5212.2,0
2024-07-19 16:56:01,5,58,26.7,56,29.0,1014.6,0.0,0.0,0,5212.2,0
2024-07-19 17:01:01,5,58,26.7,56,28.9,1014.5,0.3,1.0,14,5212.2,0
2024-07-19 17:06:01,5,58,26.7,56,28.8,1014.5,0.3,0.7,15,5212.2,0
2024-07-19 17:11:01,5,58,26.8,56,28.7,1014.4,0.7,1.0,10,5212.2,0
2024-07-19 17:16:01,5,58,26.8,57,28.7,1014.4,0.3,1.0,15,5212.2,0
2024-07-19 17:21:01,5,58,26.8,57,28.6,1014.4,0.0,0.7,11,5212.2,0
2024-07-19 17:26:01,5,58,26.8,58,28.5,1014.4,0.0,0.0,13,5212.2,0
2024-07-19 17:31:01,5,58,26.8,58,28.5,1014.4,0.3,1.0,5,5212.2,0
2024-07-19 17:36:01,5,58,26.8,59,28.4,1014.4,0.3,0.7,14,5212.2,0
2024-07-19 17:41:01,5,58,26.8,60,28.2,1014.3,0.3,1.0,13,5212.2,0
2024-07-19 17:46:01,5,58,26.8,59,28.1,1014.3,0.3,1.0,15,5212.2,0
2024-07-19 17:51:01,5,58,26.7,60,28.0,1014.4,0.3,1.7,14,5212.2,0
2024-07-19 17:56:01,5,58,26.7,59,28.1,1014.3,0.3,0.7,4,5212.2,0
2024-07-19 18:01:01,5,58,26.7,60,28.1,1014.3,0.3,1.7,4,5212.2,0
2024-07-19 18:06:01,5,58,26.6,60,28.0,1014.2,0.3,0.7,8,5212.2,0
2024-07-19 18:11:01,5,58,26.5,61,27.9,1014.5,0.3,0.7,12,5212.2,0
2024-07-19 18:16:01,5,58,26.5,61,27.8,1014.4,0.0,0.7,6,5212.2,0
2024-07-19 18:21:01,5,58,26.5,62,27.6,1014.4,0.0,0.7,13,5212.2,0
2024-07-19 18:26:01,5,58,26.4,62,27.6,1014.3,0.3,1.0,13,5212.2,0
2024-07-19 18:31:01,5,58,26.4,63,27.5,1014.4,0.0,0.0,5,5212.2,0
2024-07-19 18:36:01,5,58,26.4,62,27.3,1014.4,0.0,0.7,13,5212.2,0
2024-07-19 18:41:01,5,58,26.4,63,27.2,1014.4,0.0,0.7,5,5212.2,0
2024-07-19 18:46:01,5,58,26.3,64,27.1,1014.5,0.3,1.0,13,5212.2,0
2024-07-19 18:51:01,5,58,26.3,65,27.0,1014.4,0.0,0.0,4,5212.2,0
2024-07-19 18:56:01,5,58,26.3,66,26.8,1014.5,0.0,0.0,14,5212.2,0
2024-07-19 19:01:01,5,58,26.3,66,26.6,1014.4,0.0,0.0,4,5212.2,0
2024-07-19 19:06:01,5,58,26.2,66,26.5,1014.5,0.3,0.7,11,5212.2,0
2024-07-19 19:11:01,5,58,26.2,67,26.4,1014.6,0.0,0.0,4,5212.2,0
2024-07-19 19:16:01,5,58,26.2,67,26.2,1014.5,0.0,0.0,4,5212.2,0
2024-07-19 19:21:01,5,58,26.2,67,26.2,1014.5,0.0,0.0,4,5212.2,0
2024-07-19 19:26:01,5,58,26.1,67,26.0,1014.7,0.0,0.0,4,5212.2,0
2024-07-19 19:31:01,5,58,26.1,68,25.7,1014.6,0.0,0.0,4,5212.2,0
2024-07-19 19:36:01,5,58,26.0,69,25.5,1014.6,0.0,0.0,4,5212.2,0
2024-07-19 19:41:01,5,58,26.0,69,25.4,1014.6,0.0,0.0,4,5212.2,0
2024-07-19 19:46:01,5,59,26.0,70,25.3,1014.6,0.0,0.0,4,5212.2,0
2024-07-19 19:51:01,5,59,26.0,69,25.3,1014.6,0.0,0.0,14,5212.2,0
2024-07-19 19:56:01,5,59,26.0,69,25.2,1014.6,0.0,0.0,14,5212.2,0
2024-07-19 20:01:01,5,59,26.0,70,25.0,1014.6,0.0,0.0,14,5212.2,0
2024-07-19 20:06:01,5,59,26.0,70,24.9,1014.7,0.0,0.0,14,5212.2,0
2024-07-19 20:11:01,5,59,26.0,70,24.8,1014.8,0.0,0.0,14,5212.2,0
2024-07-19 20:16:01,5,59,26.0,70,24.7,1014.7,0.0,0.0,14,5212.2,0
2024-07-19 20:21:01,5,59,26.0,71,24.6,1014.8,0.0,0.0,14,5212.2,0
2024-07-19 20:26:01,5,59,26.0,71,24.5,1014.7,0.0,0.0,13,5212.2,0
2024-07-19 20:31:01,5,59,26.0,71,24.3,1014.7,0.0,0.0,13,5212.2,0
2024-07-19 20:36:01,5,59,26.0,71,24.3,1014.7,0.0,0.0,13,5212.2,0
2024-07-19 20:41:01,5,59,26.0,72,24.2,1014.8,0.0,0.7,13,5212.2,0
2024-07-19 20:46:01,5,59,26.0,72,24.2,1014.9,0.0,0.0,14,5212.2,0
2024-07-19 20:51:01,5,60,25.9,73,23.9,1014.8,0.0,0.0,14,5212.2,0
2024-07-19 20:56:01,5,60,25.9,74,23.7,1014.8,0.0,0.0,13,5212.2,0
2024-07-19 21:01:01,5,60,25.9,75,23.5,1014.8,0.0,0.0,13,5212.2,0
2024-07-19 21:06:01,5,60,25.9,75,23.5,1014.8,0.0,0.0,13,5212.2,0
2024-07-19 21:11:01,5,60,25.9,76,23.4,1014.9,0.0,0.0,13,5212.2,0
2024-07-19 21:16:01,5,60,25.9,76,23.3,1014.9,0.0,0.0,13,5212.2,0
2024-07-19 21:21:01,5,60,25.9,76,23.3,1014.9,0.0,0.0,14,5212.2,0
2024-07-19 21:26:01,5,60,25.1,76,23.2,1014.9,0.0,0.0,4,5212.2,0
2024-07-19 21:31:01,5,60,25.1,77,23.1,1014.9,0.0,0.0,4,5212.2,0
2024-07-19 21:36:01,5,60,25.1,77,23.1,1015.0,0.0,0.0,4,5212.2,0
2024-07-19 21:41:01,5,60,25.1,77,23.0,1014.9,0.0,0.0,4,5212.2,0
2024-07-19 21:46:01,5,60,25.1,77,23.0,1014.9,0.0,0.0,14,5212.2,0
2024-07-19 21:51:01,5,60,25.1,77,23.0,1014.9,0.0,0.0,14,5212.2,0
2024-07-19 21:56:01,5,60,25.1,78,22.8,1015.0,0.0,0.0,14,5212.2,0
2024-07-19 22:01:01,5,60,25.1,78,22.6,1014.9,0.0,0.0,14,5212.2,0
2024-07-19 22:06:01,5,60,25.1,79,22.4,1015.0,0.0,0.0,15,5212.2,0
2024-07-19 22:11:01,5,60,25.1,80,22.2,1014.9,0.0,0.0,0,5212.2,0
2024-07-19 22:16:01,5,60,25.1,81,22.1,1014.9,0.0,0.0,0,5212.2,0
2024-07-19 22:21:01,5,60,25.1,81,21.9,1015.0,0.0,0.0,0,5212.2,0
2024-07-19 22:26:01,5,60,25.1,81,21.8,1014.9,0.0,0.0,0,5212.2,0
2024-07-19 22:31:01,5,60,25.1,82,21.7,1014.9,0.0,0.0,0,5212.2,0
2024-07-19 22:36:01,5,60,25.1,82,21.6,1014.8,0.0,0.0,15,5212.2,0
2024-07-19 22:41:01,5,60,25.1,81,21.7,1014.8,0.0,0.0,15,5212.2,0
2024-07-19 22:46:01,5,60,25.1,81,21.7,1014.8,0.0,0.0,15,5212.2,0
2024-07-19 22:51:01,5,60,25.1,81,21.7,1014.9,0.0,0.0,14,5212.2,0
2024-07-19 22:56:01,5,60,25.1,82,21.6,1014.9,0.0,0.0,15,5212.2,0
2024-07-19 23:01:01,5,60,25.1,82,21.4,1014.9,0.0,0.0,15,5212.2,0
2024-07-19 23:06:01,5,60,25.1,82,21.2,1014.8,0,0,15,5212.2,0
2024-07-19 23:11:01,5,61,25.1,82,21.2,1014.8,0,0,15,5212.2,0
2024-07-19 23:16:01,5,61,25.1,83,21.1,1014.7,0,0,15,5212.2,0
2024-07-19 23:21:01,5,61,25.1,83,21.0,1014.8,0,0,15,5212.2,0
2024-07-19 23:26:01,5,61,25.1,83,20.9,1014.7,0,0,15,5212.2,0
2024-07-19 23:31:01,5,61,25.1,83,20.9,1014.7,0,0,14,5212.2,0
2024-07-19 23:36:01,5,61,25.1,82,21.1,1014.7,0,0,14,5212.2,0
2024-07-19 23:41:01,5,61,25.1,81,21.0,1014.6,0,0,14,5212.2,0
2024-07-19 23:46:01,5,61,25.1,82,20.9,1014.7,0,0,14,5212.2,0
2024-07-19 23:51:01,5,61,25.1,82,20.9,1014.5,0,0,14,5212.2,0
2024-07-19 23:56:01,5,61,25.1,82,20.8,1014.6,0,0,14,5212.2,0
