2024-07-29 00:01:00,5,54,23.6,83,16.8,1028.3,0.0,0.0,14,5262.9,0
2024-07-29 00:06:00,5,54,23.6,83,16.8,1028.3,0.0,0.0,14,5262.9,0
2024-07-29 00:11:00,5,54,23.6,84,16.6,1028.2,0.0,0.0,14,5262.9,0
2024-07-29 00:16:00,5,54,23.6,84,16.6,1028.2,0.0,0.0,14,5262.9,0
2024-07-29 00:21:00,5,54,23.5,84,16.5,1028.1,0.0,0.0,14,5262.9,0
2024-07-29 00:26:00,5,54,23.5,84,16.5,1028.0,0.0,0.0,14,5262.9,0
2024-07-29 00:31:00,5,54,23.4,84,16.5,1028.0,0.0,0.0,14,5262.9,0
2024-07-29 00:36:00,5,54,23.4,84,16.5,1028.1,0.0,0.0,14,5262.9,0
2024-07-29 00:41:00,5,54,23.4,85,16.5,1028.0,0.0,0.7,14,5262.9,0
2024-07-29 00:46:00,5,54,23.4,85,16.4,1028.0,0.0,0.0,2,5262.9,0
2024-07-29 00:51:00,5,54,23.4,85,16.5,1028.0,0.0,0.0,14,5262.9,0
2024-07-29 00:56:00,5,54,23.4,85,16.4,1028.0,0.0,0.0,14,5262.9,0
2024-07-29 01:01:00,5,54,23.4,85,16.3,1028.0,0.0,0.0,14,5262.9,0
2024-07-29 01:06:00,5,54,23.4,86,16.2,1028.1,0.0,0.0,14,5262.9,0
2024-07-29 01:11:00,5,54,23.4,87,16.0,1028.1,0.0,0.0,14,5262.9,0
2024-07-29 01:16:00,5,54,23.3,87,15.9,1028.0,0.0,0.0,14,5262.9,0
2024-07-29 01:21:00,5,54,23.3,88,15.8,1028.0,0.0,0.0,14,5262.9,0
2024-07-29 01:26:00,5,54,23.3,88,15.9,1028.0,0.0,0.0,14,5262.9,0
2024-07-29 01:31:00,5,54,23.3,87,16.0,1028.1,0.0,0.0,1,5262.9,0
2024-07-29 01:36:00,5,54,23.3,86,16.1,1028.0,0.0,0.0,0,5262.9,0
2024-07-29 01:41:00,5,54,23.3,86,16.1,1027.9,0.0,0.7,1,5262.9,0
2024-07-29 01:46:00,5,54,23.3,86,16.2,1027.9,0.0,1.0,13,5262.9,0
2024-07-29 01:51:00,5,54,23.3,86,16.2,1027.9,0.0,0.0,15,5262.9,0
2024-07-29 01:56:00,5,54,23.2,86,16.2,1027.9,0.0,0.0,1,5262.9,0
2024-07-29 02:01:00,5,54,23.2,86,16.2,1027.9,0.0,0.7,15,5262.9,0
2024-07-29 02:06:00,5,54,23.1,86,16.2,1027.9,0.0,0.0,13,5262.9,0
2024-07-29 02:11:00,5,54,23.1,87,16.2,1028.1,0.0,0.0,13,5262.9,0
2024-07-29 02:16:00,5,54,23.1,87,16.0,1027.9,0.0,0.0,13,5262.9,0
2024-07-29 02:21:00,5,54,23.1,87,16.0,1027.9,0.0,0.0,13,5262.9,0
2024-07-29 02:26:00,5,54,23.1,87,15.8,1027.9,0.0,0.0,13,5262.9,0
2024-07-29 02:31:00,5,54,23.1,88,15.7,1028.0,0.0,0.0,13,5262.9,0
2024-07-29 02:36:00,5,54,23.1,88,15.6,1028.0,0.0,0.0,13,5262.9,0
2024-07-29 02:41:00,5,54,23.1,89,15.5,1027.9,0.0,0.0,13,5262.9,0
2024-07-29 02:46:00,5,54,23.1,89,15.5,1028.0,0.0,0.0,13,5262.9,0
2024-07-29 02:51:00,5,55,23.1,89,15.4,1027.9,0.0,0.0,13,5262.9,0
2024-07-29 02:56:00,5,55,23.1,89,15.4,1027.9,0.0,0.0,13,5262.9,0
2024-07-29 03:01:00,5,55,23.0,89,15.5,1027.9,0.0,0.0,13,5262.9,0
2024-07-29 03:06:00,5,55,23.0,89,15.4,1028.1,0.0,0.0,13,5262.9,0
2024-07-29 03:11:00,5,55,23.0,90,15.3,1028.0,0.0,0.0,13,5262.9,0
2024-07-29 03:16:00,5,55,23.0,90,15.3,1028.1,0.0,0.0,13,5262.9,0
2024-07-29 03:21:00,5,55,23.0,90,15.2,1028.2,0.0,0.0,13,5262.9,0
2024-07-29 03:26:00,5,55,23.0,90,15.3,1028.1,0.0,0.0,13,5262.9,0
2024-07-29 09:07:26,5,55,24.5,63,24.3,1025.8,0.7,1.0,11,5262.9,0
2024-07-29 09:12:26,5,54,24.5,63,24.3,1025.9,0.7,1.0,10,5262.9,0
2024-07-29 09:17:26,5,54,24.6,61,24.2,1025.6,1.0,2.0,15,5262.9,0
2024-07-29 09:22:26,5,55,24.6,60,24.4,1025.8,1.0,1.7,12,5262.9,0
2024-07-29 09:27:26,5,54,24.6,59,24.8,1025.6,0.3,1.0,7,5262.9,0
2024-07-29 09:32:26,5,54,24.6,58,25.1,1025.6,0.3,1.0,15,5262.9,0
2024-07-29 09:37:26,5,54,24.7,57,25.3,1025.5,0.7,1.0,9,5262.9,0
2024-07-29 09:42:26,5,54,24.7,58,25.6,1025.4,0.0,0.7,1,5262.9,0
2024-07-29 09:47:26,5,54,24.7,55,25.9,1025.5,0.0,0.7,6,5262.9,0
2024-07-29 09:52:26,5,54,24.7,57,25.3,1025.4,0.3,0.7,4,5262.9,0
2024-07-29 09:57:26,5,54,24.7,56,25.8,1025.3,0.3,1.0,6,5262.9,0
2024-07-29 10:02:26,5,54,24.7,56,25.5,1025.2,1.0,1.7,13,5262.9,0
2024-07-29 10:07:26,5,54,24.8,57,25.0,1025.1,0.7,1.7,15,5262.9,0
2024-07-29 10:12:26,5,54,24.9,56,25.9,1025.0,0.7,1.7,10,5262.9,0
2024-07-29 10:17:26,5,54,24.9,54,25.8,1024.9,0.3,1.0,4,5262.9,0
2024-07-29 10:22:26,5,54,24.9,54,26.2,1024.8,0.7,1.0,9,5262.9,0
2024-07-29 10:27:26,5,52,25.0,56,25.8,1024.7,0.3,1.7,4,5262.9,0
2024-07-29 10:32:26,5,52,25.0,54,26.5,1024.7,0.7,1.0,3,5262.9,0
2024-07-29 10:37:26,5,52,25.0,55,25.7,1024.6,0.3,1.0,2,5262.9,0
2024-07-29 10:42:26,5,52,25.0,56,25.5,1024.4,0.7,2.0,3,5262.9,0
2024-07-29 10:47:26,5,52,25.0,54,26.3,1024.4,0.7,1.0,11,5262.9,0
2024-07-29 10:52:26,5,52,25.0,54,26.3,1024.3,0.7,1.7,4,5262.9,0
2024-07-29 10:57:26,5,51,25.1,53,26.5,1024.3,0.7,1.7,12,5262.9,0
2024-07-29 11:02:26,5,51,25.1,52,26.4,1024.4,1.0,2.0,3,5262.9,0
2024-07-29 11:07:26,5,51,25.1,52,26.8,1024.2,0.0,0.0,5,5262.9,0
2024-07-29 11:12:26,5,51,25.1,51,27.2,1024.0,0.7,1.7,3,5262.9,0
2024-07-29 11:17:26,5,51,25.1,51,27.1,1023.9,1.0,2.0,9,5262.9,0
2024-07-29 11:22:26,5,51,25.1,52,26.6,1024.0,1.4,3.7,0,5262.9,0
2024-07-29 11:27:26,5,51,25.1,52,26.5,1024.0,0.0,0.7,12,5262.9,0
2024-07-29 11:32:26,5,51,25.1,52,27.3,1023.7,0.3,1.0,12,5262.9,0
2024-07-29 11:37:26,5,51,25.1,52,27.0,1023.8,0.3,1.7,7,5262.9,0
2024-07-29 11:42:26,5,51,25.1,51,26.7,1023.6,0.7,1.7,15,5262.9,0
2024-07-29 11:47:26,5,51,25.1,51,26.6,1023.5,0.7,1.7,13,5262.9,0
2024-07-29 11:52:26,5,51,25.1,50,27.4,1023.4,0.0,0.7,12,5262.9,0
2024-07-29 11:57:26,5,50,25.1,52,26.6,1023.3,0.7,1.0,14,5262.9,0
2024-07-29 12:02:26,5,50,25.1,51,27.1,1023.3,0.3,1.0,4,5262.9,0
2024-07-29 12:07:26,5,50,25.1,51,27.5,1023.3,0.3,0.7,10,5262.9,0
2024-07-29 12:12:26,5,50,25.1,53,26.8,1023.2,0.3,0.7,14,5262.9,0
2024-07-29 12:17:26,5,50,25.1,50,27.4,1023.0,0.7,1.7,15,5262.9,0
2024-07-29 12:22:26,5,50,25.1,52,26.3,1023.0,0.3,1.7,15,5262.9,0
2024-07-29 12:27:26,5,50,25.1,51,27.3,1022.9,0.3,1.0,6,5262.9,0
2024-07-29 12:32:26,5,50,25.1,50,27.1,1023.1,1.0,1.7,9,5262.9,0
2024-07-29 12:37:26,5,50,25.1,51,27.4,1022.8,0.7,1.7,14,5262.9,0
2024-07-29 12:42:26,5,50,25.1,51,27.5,1022.8,0.7,1.7,10,5262.9,0
2024-07-29 12:47:26,5,50,25.1,51,27.7,1022.9,0.3,1.0,14,5262.9,0
2024-07-29 12:52:26,5,50,25.1,48,28.0,1022.9,0.0,0.7,3,5262.9,0
2024-07-29 12:57:26,5,50,25.1,49,28.3,1022.8,0.3,0.7,10,5262.9,0
2024-07-29 13:02:26,5,50,25.1,49,27.7,1022.7,1.0,1.7,11,5262.9,0
2024-07-29 13:07:26,5,50,25.1,48,27.8,1022.6,0.7,1.7,0,5262.9,0
2024-07-29 13:12:26,5,50,25.1,50,27.8,1022.6,0.3,0.7,12,5262.9,0
2024-07-29 13:17:26,5,49,25.1,50,27.6,1022.5,0.3,1.0,14,5262.9,0
2024-07-29 13:22:26,5,49,25.1,47,28.3,1022.5,0.7,1.7,1,5262.9,0
2024-07-29 13:27:26,5,49,25.1,49,28.0,1022.5,0.7,1.0,12,5262.9,0
2024-07-29 13:32:26,5,50,25.1,48,27.8,1022.4,0.7,1.7,14,5262.9,0
2024-07-29 13:37:26,5,50,25.1,48,28.3,1022.3,0.3,1.7,14,5262.9,0
2024-07-29 13:42:26,5,50,25.1,49,27.9,1022.3,0.0,0.7,15,5262.9,0
2024-07-29 13:47:26,5,50,25.1,49,28.4,1022.2,0.0,0.7,11,5262.9,0
2024-07-29 13:52:26,5,50,25.1,49,28.0,1022.1,0.3,1.7,15,5262.9,0
2024-07-29 13:57:26,5,50,25.1,49,28.4,1022.0,0.0,0.7,3,5262.9,0
2024-07-29 14:02:26,5,50,25.1,47,28.3,1022.0,0.3,1.0,12,5262.9,0
2024-07-29 14:07:26,5,50,25.1,48,28.2,1022.0,0.3,1.0,2,5262.9,0
2024-07-29 14:12:26,5,50,25.1,49,28.5,1021.8,0.3,0.7,14,5262.9,0
2024-07-29 14:17:26,5,50,25.1,46,28.3,1021.8,0.7,1.7,2,5262.9,0
2024-07-29 14:22:26,5,50,25.1,47,28.1,1021.7,0.7,1.7,2,5262.9,0
2024-07-29 14:27:26,5,50,25.1,47,27.8,1021.8,1.0,1.7,3,5262.9,0
2024-07-29 14:32:26,5,50,25.1,47,28.3,1021.6,0.3,1.0,10,5262.9,0
2024-07-29 14:37:26,5,50,25.1,49,28.4,1021.4,0.0,0.7,4,5262.9,0
2024-07-29 14:42:26,5,50,25.1,48,27.9,1021.5,1.0,2.7,13,5262.9,0
2024-07-29 14:47:26,5,50,25.1,47,28.2,1021.4,0.3,1.0,11,5262.9,0
2024-07-29 14:52:26,5,50,25.1,46,28.5,1021.4,0.7,2.0,12,5262.9,0
2024-07-29 14:57:26,5,50,25.1,48,28.7,1021.4,0.3,0.7,9,5262.9,0
2024-07-29 15:02:26,5,50,25.1,47,28.7,1021.2,0.7,2.0,10,5262.9,0
2024-07-29 15:07:26,5,50,25.1,48,28.2,1021.2,0.7,1.7,12,5262.9,0
2024-07-29 15:12:26,5,50,25.1,47,28.4,1021.1,0.7,1.7,9,5262.9,0
2024-07-29 15:17:26,5,50,25.1,48,28.3,1021.1,0.7,1.0,10,5262.9,0
2024-07-29 15:22:26,5,50,25.1,49,28.1,1020.9,0.0,0.7,6,5262.9,0
2024-07-29 15:27:26,5,50,25.1,49,28.3,1020.8,0.3,0.7,8,5262.9,0
2024-07-29 15:32:26,5,50,25.1,48,28.1,1020.8,0.3,1.0,4,5262.9,0
2024-07-29 15:37:26,5,50,25.1,49,27.4,1020.7,0.7,2.0,7,5262.9,0
2024-07-29 15:42:26,5,50,25.1,50,27.2,1020.7,0.3,1.0,1,5262.9,0
2024-07-29 15:47:26,5,50,25.1,50,27.3,1020.7,0.0,0.7,11,5262.9,0
2024-07-29 15:52:26,5,49,25.1,50,27.1,1020.5,0.7,1.0,15,5262.9,0
2024-07-29 15:57:26,5,50,25.1,50,26.7,1020.5,0.3,1.0,0,5262.9,0
2024-07-29 16:02:26,5,50,25.1,50,26.8,1020.4,0.7,1.7,14,5262.9,0
2024-07-29 16:07:26,5,50,25.1,50,26.9,1020.4,0.7,2.0,12,5262.9,0
2024-07-29 16:12:26,5,50,25.1,50,26.9,1020.3,0.3,1.0,4,5262.9,0
2024-07-29 16:17:26,5,50,25.1,51,26.6,1020.2,0.7,1.7,0,5262.9,0
2024-07-29 16:22:26,5,50,25.1,51,26.7,1020.2,0.7,1.0,15,5262.9,0
2024-07-29 16:27:26,5,50,25.1,50,26.7,1020.2,0.0,0.7,4,5262.9,0
2024-07-29 16:32:26,5,50,25.1,52,26.8,1020.1,0.0,0.0,1,5262.9,0
2024-07-29 16:37:26,5,50,25.1,50,26.8,1020.1,0.3,0.7,1,5262.9,0
2024-07-29 16:42:26,5,50,25.1,51,26.6,1019.9,0.3,1.0,5,5262.9,0
2024-07-29 16:47:26,5,50,25.1,51,26.7,1020.0,0.3,1.7,4,5262.9,0
2024-07-29 16:52:26,5,50,25.1,51,26.8,1019.9,0.0,0.7,4,5262.9,0
2024-07-29 16:57:26,5,50,25.1,51,26.7,1019.7,0.3,0.7,6,5262.9,0
2024-07-29 17:02:26,5,50,25.1,52,26.7,1019.7,0.7,1.7,2,5262.9,0
2024-07-29 17:07:26,5,50,25.1,51,26.6,1019.8,0.3,0.7,13,5262.9,0
2024-07-29 17:12:26,5,50,25.9,52,26.4,1019.7,0.3,1.0,14,5262.9,0
2024-07-29 17:17:26,5,50,25.9,52,26.5,1019.8,0.0,1.0,6,5262.9,0
2024-07-29 17:22:26,5,50,25.9,52,26.4,1019.6,0.3,1.0,0,5262.9,0
2024-07-29 17:27:26,5,50,25.9,52,26.3,1019.6,0.3,1.0,14,5262.9,0
2024-07-29 17:32:26,5,50,25.9,52,26.3,1019.7,0.3,1.0,3,5262.9,0
2024-07-29 17:37:26,5,49,25.1,52,26.3,1019.6,0.0,0.7,2,5262.9,0
2024-07-29 17:42:26,5,49,25.1,52,26.3,1019.6,0.0,0.0,15,5262.9,0
2024-07-29 17:47:26,5,49,25.1,53,26.2,1019.5,0.3,1.7,2,5262.9,0
2024-07-29 17:52:26,5,49,25.1,53,26.1,1019.5,0.0,0.7,13,5262.9,0
2024-07-29 17:57:26,5,49,25.1,53,26.2,1019.6,0.3,1.0,13,5262.9,0
2024-07-29 18:02:26,5,49,25.1,53,26.0,1019.6,0.0,0.7,0,5262.9,0
2024-07-29 18:07:26,5,49,25.1,54,26.0,1019.5,0.3,0.7,0,5262.9,0
2024-07-29 18:12:26,5,49,25.1,53,25.9,1019.5,0.7,1.0,2,5262.9,0
2024-07-29 18:17:26,5,48,25.1,54,25.8,1019.6,0.0,0.7,12,5262.9,0
2024-07-29 18:22:26,5,48,25.1,54,25.8,1019.5,0.0,0.7,2,5262.9,0
2024-07-29 18:27:26,5,48,25.1,54,25.7,1019.4,0.3,0.7,1,5262.9,0
2024-07-29 18:32:26,5,48,25.1,53,25.6,1019.4,0.3,0.7,15,5262.9,0
2024-07-29 18:37:26,5,48,25.1,54,25.5,1019.3,0.0,0.7,11,5262.9,0
2024-07-29 18:42:26,5,48,25.1,55,25.4,1019.4,0.0,0.0,11,5262.9,0
2024-07-29 18:47:26,5,48,25.1,56,25.3,1019.3,0.3,0.7,11,5262.9,0
2024-07-29 18:52:26,5,48,25.1,56,25.1,1019.4,0.0,0.7,11,5262.9,0
2024-07-29 18:57:26,5,48,25.1,57,25.0,1019.5,0.0,0.0,11,5262.9,0
2024-07-29 19:02:26,5,48,25.1,57,24.9,1019.3,0.0,0.7,12,5262.9,0
2024-07-29 19:07:26,5,47,25.1,58,24.8,1019.3,0.0,0.7,12,5262.9,0
2024-07-29 19:12:26,5,47,25.1,58,24.7,1019.4,0.0,0.0,12,5262.9,0
2024-07-29 19:17:26,5,47,25.1,59,24.5,1019.2,0.3,0.7,12,5262.9,0
2024-07-29 19:22:26,5,48,25.1,59,24.4,1019.3,0.0,0.7,12,5262.9,0
2024-07-29 19:27:26,5,48,25.1,60,24.3,1019.3,0.0,0.0,12,5262.9,0
2024-07-29 19:32:26,5,48,25.1,60,24.0,1019.3,0.0,0.0,12,5262.9,0
2024-07-29 19:37:26,5,47,25.1,60,23.8,1019.3,0.0,0.0,12,5262.9,0
2024-07-29 19:42:26,5,47,25.1,62,23.6,1019.3,0.0,0.0,12,5262.9,0
2024-07-29 19:47:26,5,47,25.1,64,23.3,1019.4,0.0,0.0,12,5262.9,0
2024-07-29 19:52:26,5,48,25.1,65,23.1,1019.5,0.0,0.0,12,5262.9,0
2024-07-29 19:57:26,5,48,25.1,67,22.9,1019.6,0.0,0.0,12,5262.9,0
2024-07-29 20:02:26,5,49,25.1,70,22.6,1019.5,0.0,0.0,12,5262.9,0
2024-07-29 20:07:26,5,50,25.1,71,22.4,1019.6,0.0,0.0,12,5262.9,0
2024-07-29 20:12:26,5,50,25.1,71,22.3,1019.6,0.0,0.0,12,5262.9,0
2024-07-29 20:17:26,5,50,25.1,72,22.2,1019.6,0.0,0.0,12,5262.9,0
2024-07-29 20:22:26,5,50,25.1,72,22.2,1019.7,0.0,0.0,12,5262.9,0
2024-07-29 20:27:26,5,50,25.1,71,22.2,1019.7,0.0,0.0,12,5262.9,0
2024-07-29 20:32:26,5,51,25.1,71,22.3,1019.6,0.0,0.0,12,5262.9,0
2024-07-29 20:37:26,5,51,25.1,71,22.2,1019.6,0.0,0.0,12,5262.9,0
2024-07-29 20:42:26,5,51,25.1,71,22.3,1019.6,0.0,0.0,12,5262.9,0
2024-07-29 20:47:26,5,51,25.1,71,22.2,1019.6,0.0,0.0,11,5262.9,0
2024-07-29 20:52:26,5,51,25.1,71,22.2,1019.5,0.0,0.0,12,5262.9,0
2024-07-29 20:57:26,5,51,25.1,72,22.0,1019.5,0.0,0.0,12,5262.9,0
2024-07-29 21:02:26,5,51,25.1,72,22.0,1019.5,0.0,0.0,12,5262.9,0
2024-07-29 21:07:26,5,51,25.1,72,22.0,1019.6,0.0,0.0,11,5262.9,0
2024-07-29 21:12:26,5,51,25.1,72,21.9,1019.6,0.0,0.0,12,5262.9,0
2024-07-29 21:17:26,5,51,25.1,72,21.8,1019.5,0.0,0.0,12,5262.9,0
2024-07-29 21:22:26,5,51,25.1,73,21.7,1019.6,0.0,0.0,12,5262.9,0
2024-07-29 21:27:26,5,51,25.1,73,21.6,1019.5,0.0,0.0,12,5262.9,0
2024-07-29 21:32:26,5,51,25.1,73,21.6,1019.5,0.0,0.0,12,5262.9,0
2024-07-29 21:37:26,5,51,25.1,73,21.7,1019.6,0.0,0.0,12,5262.9,0
2024-07-29 21:42:26,5,51,25.1,73,21.7,1019.6,0.0,0.0,12,5262.9,0
2024-07-29 21:47:26,5,51,25.1,73,21.6,1019.6,0.0,0.0,12,5262.9,0
2024-07-29 21:52:26,5,51,25.1,73,21.6,1019.6,0.0,0.0,12,5262.9,0
2024-07-29 21:57:26,5,51,25.1,73,21.6,1019.7,0.0,0.0,13,5262.9,0
2024-07-29 22:02:26,5,51,25.1,73,21.6,1019.6,0.0,0.0,13,5262.9,0
2024-07-29 22:07:26,5,51,25.1,74,21.6,1019.6,0.0,0.0,13,5262.9,0
2024-07-29 22:12:26,5,51,25.1,74,21.5,1019.6,0.0,0.0,13,5262.9,0
2024-07-29 22:17:26,5,51,25.1,74,21.4,1019.6,0.0,0.0,13,5262.9,0
2024-07-29 22:22:26,5,51,25.1,74,21.4,1019.7,0.0,0.0,13,5262.9,0
2024-07-29 22:27:26,5,51,25.1,74,21.3,1019.6,0.0,0.0,13,5262.9,0
2024-07-29 22:32:26,5,51,25.1,74,21.3,1019.6,0.0,0.0,13,5262.9,0
2024-07-29 22:37:26,5,52,25.0,74,21.3,1019.5,0.0,0.0,13,5262.9,0
2024-07-29 22:42:26,5,52,25.0,74,21.3,1019.6,0.0,1.0,11,5262.9,0
2024-07-29 22:47:26,5,52,25.0,74,21.3,1019.5,0.0,0.0,13,5262.9,0
2024-07-29 22:52:26,5,52,25.0,75,21.2,1019.6,0.0,0.0,13,5262.9,0
2024-07-29 22:57:26,5,52,25.0,75,21.1,1019.5,0.0,0.0,13,5262.9,0
2024-07-29 23:02:26,5,52,25.0,75,21.2,1019.6,0.0,0.0,13,5262.9,0
2024-07-29 23:07:26,5,52,25.0,74,21.2,1019.5,0,0,12,5262.9,0
2024-07-29 23:12:26,5,53,24.9,74,21.2,1019.4,0,0,13,5262.9,0
2024-07-29 23:17:26,5,52,25.0,74,21.3,1019.4,0,0.7,13,5262.9,0
2024-07-29 23:22:26,5,52,25.0,74,21.3,1019.4,0,0,13,5262.9,0
2024-07-29 23:27:26,5,52,25.0,75,21.2,1019.4,0,0,12,5262.9,0
2024-07-29 23:32:26,5,52,25.0,75,21.2,1019.3,0,0.7,13,5262.9,0
2024-07-29 23:37:26,5,53,24.9,75,21.2,1019.3,0,0,12,5262.9,0
2024-07-29 23:42:26,5,54,24.9,75,21.2,1019.2,0,0,13,5262.9,0
2024-07-29 23:47:26,5,54,24.9,75,21.2,1019.3,0,0,13,5262.9,0
2024-07-29 23:52:26,5,54,24.9,75,21.1,1019.3,0,0,13,5262.9,0
2024-07-29 23:57:26,5,54,24.9,75,21.1,1019.3,0,0,14,5262.9,0
