2024-07-01 00:01:01,5,55,23.0,92,14.0,1016.9,0.0,0.7,5,5107.2,0
2024-07-01 00:06:01,5,55,23.0,92,14.0,1017.0,0.0,0.7,5,5107.2,0
2024-07-01 00:11:01,5,55,23.0,92,13.9,1016.9,0.3,0.7,3,5107.2,0
2024-07-01 00:16:01,5,55,23.0,92,13.8,1016.9,0.0,0.7,4,5107.2,0
2024-07-01 00:21:01,5,55,23.0,92,13.8,1017.0,0.0,0.0,4,5107.2,0
2024-07-01 00:26:01,5,54,22.9,92,13.8,1017.0,0.0,0.0,4,5107.2,0
2024-07-01 00:31:01,5,54,22.9,92,13.7,1017.0,0.0,0.0,4,5107.2,0
2024-07-01 00:36:01,5,54,22.9,93,13.6,1017.0,0.0,0.0,4,5107.2,0
2024-07-01 00:41:01,5,54,22.8,93,13.6,1017.1,0.0,0.7,4,5107.2,0
2024-07-01 00:46:01,5,54,22.8,93,13.5,1017.1,0.3,0.7,5,5107.2,0
2024-07-01 00:51:01,5,54,22.7,93,13.4,1017.2,0.0,0.0,5,5107.2,0
2024-07-01 00:56:01,5,54,22.7,93,13.5,1017.3,0.0,0.0,5,5107.2,0
2024-07-01 01:01:01,5,54,22.7,92,13.3,1017.4,0.0,0.0,2,5107.2,0
2024-07-01 01:06:01,5,54,22.7,92,13.3,1017.5,0.0,0.0,2,5107.2,0
2024-07-01 01:11:01,5,54,22.7,92,13.3,1017.4,0.0,0.7,1,5107.2,0
2024-07-01 01:16:01,5,54,22.6,92,13.2,1017.6,0.0,0.0,1,5107.2,0
2024-07-01 01:21:01,5,53,22.6,92,13.2,1017.6,0.0,0.7,3,5107.2,0
2024-07-01 01:26:01,5,53,22.6,92,13.1,1017.5,0.0,0.0,3,5107.2,0
2024-07-01 01:31:01,5,53,22.6,92,13.1,1017.5,0.0,0.0,4,5107.2,0
2024-07-01 01:36:01,5,53,22.6,92,13.0,1017.5,0.0,0.0,4,5107.2,0
2024-07-01 01:41:01,5,53,22.5,92,13.1,1017.6,0.0,0.0,4,5107.2,0
2024-07-01 01:46:01,5,53,22.5,92,13.0,1017.5,0.0,0.0,4,5107.2,0
2024-07-01 01:51:01,5,53,22.5,92,12.9,1017.6,0.0,0.7,4,5107.2,0
2024-07-01 01:56:01,5,53,22.4,91,12.9,1017.6,0.0,0.0,3,5107.2,0
2024-07-01 02:01:01,5,53,22.3,91,12.9,1017.6,0.0,0.0,3,5107.2,0
2024-07-01 02:06:01,5,53,22.3,91,12.9,1017.7,0.0,0.7,4,5107.2,0
2024-07-01 02:11:01,5,53,22.3,91,12.9,1017.7,0.3,0.7,4,5107.2,0
2024-07-01 02:16:01,5,53,22.3,91,12.9,1017.8,0.0,0.0,4,5107.2,0
2024-07-01 02:21:01,5,53,22.3,92,12.8,1017.7,0.0,0.0,4,5107.2,0
2024-07-01 02:26:01,5,53,22.3,92,12.8,1017.7,0.0,0.0,4,5107.2,0
2024-07-01 02:31:01,5,53,22.2,92,12.8,1017.8,0.0,0.0,4,5107.2,0
2024-07-01 02:36:01,5,53,22.2,92,12.7,1017.8,0.0,0.0,4,5107.2,0
2024-07-01 02:41:01,5,53,22.2,92,12.7,1017.9,0.0,0.0,4,5107.2,0
2024-07-01 02:46:01,5,53,22.2,92,12.6,1017.8,0.0,0.0,4,5107.2,0
2024-07-01 02:51:01,5,53,22.2,92,12.5,1018.0,0.0,0.0,4,5107.2,0
2024-07-01 02:56:01,5,53,22.2,93,12.6,1018.0,0.0,0.0,4,5107.2,0
2024-07-01 03:01:01,5,53,22.1,93,12.6,1018.0,0.0,0.0,4,5107.2,0
2024-07-01 03:06:01,5,53,22.1,93,12.6,1018.1,0.0,0.0,4,5107.2,0
2024-07-01 03:11:01,5,53,22.1,93,12.7,1018.1,0.0,0.0,4,5107.2,0
2024-07-01 03:16:01,5,53,22.1,93,12.8,1018.3,0.0,0.0,4,5107.2,0
2024-07-01 03:21:01,5,53,22.0,93,12.8,1018.3,0.0,0.0,4,5107.2,0
2024-07-01 03:26:01,5,53,22.0,93,12.7,1018.3,0.0,0.7,5,5107.2,0
2024-07-01 03:31:01,5,53,22.0,93,12.7,1018.4,0.0,0.0,5,5107.2,0
2024-07-01 03:36:01,5,54,21.9,93,12.6,1018.2,0.0,0.7,5,5107.2,0
2024-07-01 03:41:01,5,54,21.9,93,12.7,1018.3,0.3,0.7,5,5107.2,0
2024-07-01 03:46:01,5,54,21.9,93,12.7,1018.4,0.0,0.7,5,5107.2,0
2024-07-01 03:51:01,5,54,21.9,93,12.7,1018.4,0.0,0.7,5,5107.2,0
2024-07-01 03:56:01,5,54,21.9,94,12.7,1018.3,0.3,0.7,5,5107.2,0
2024-07-01 04:01:01,5,54,21.9,94,12.7,1018.4,0.0,0.7,5,5107.2,0
2024-07-01 04:06:01,5,54,21.9,94,12.8,1018.6,0.0,0.7,5,5107.2,0
2024-07-01 04:11:01,5,54,21.9,94,12.8,1018.5,0.0,0.0,5,5107.2,0
2024-07-01 04:16:01,5,54,21.9,94,12.8,1018.7,0.0,0.0,5,5107.2,0
2024-07-01 04:21:01,5,54,21.9,94,13.0,1018.6,0.0,0.0,5,5107.2,0
2024-07-01 04:26:01,5,54,21.9,94,13.0,1018.7,0.0,0.0,5,5107.2,0
2024-07-01 04:31:01,5,54,21.9,94,13.1,1018.6,0.0,0.0,5,5107.2,0
2024-07-01 04:36:01,5,54,21.9,94,13.2,1018.5,0.0,0.0,5,5107.2,0
2024-07-01 04:41:01,5,54,21.9,93,13.5,1018.5,0.0,0.0,5,5107.2,0
2024-07-01 04:46:01,5,54,21.9,93,13.5,1018.6,0.0,0.0,5,5107.2,0
2024-07-01 04:51:01,5,54,21.9,93,13.8,1018.6,0.0,0.0,5,5107.2,0
2024-07-01 04:56:01,5,54,21.9,92,14.1,1018.5,0.3,0.7,5,5107.2,0
2024-07-01 05:01:01,5,54,22.0,90,14.8,1018.6,0.0,0.0,5,5107.2,0
2024-07-01 05:06:01,5,54,22.1,88,15.1,1018.5,0.3,1.0,5,5107.2,0
2024-07-01 05:11:01,5,54,22.2,85,15.3,1018.5,0.7,1.7,6,5107.2,0
2024-07-01 05:16:01,5,54,22.2,84,16.1,1018.5,0.3,0.7,4,5107.2,0
2024-07-01 05:21:01,5,54,22.5,81,16.3,1018.3,0.3,1.0,4,5107.2,0
2024-07-01 05:26:01,5,54,22.6,79,17.0,1018.2,0.3,0.7,15,5107.2,0
2024-07-01 05:31:01,5,54,22.7,79,16.7,1018.0,0.3,1.0,3,5107.2,0
2024-07-01 05:36:01,5,53,22.8,80,16.3,1018.1,0.3,1.0,1,5107.2,0
2024-07-01 05:41:01,5,53,22.9,80,16.3,1018.1,0.3,0.7,4,5107.2,0
2024-07-01 05:46:01,5,52,22.9,79,16.8,1018.1,0.3,1.0,4,5107.2,0
2024-07-01 05:51:01,5,53,23.0,77,17.1,1018.1,0.3,1.7,8,5107.2,0
2024-07-01 05:56:01,5,53,23.0,75,17.3,1018.0,1.0,2.7,15,5107.2,0
2024-07-01 06:01:01,5,52,23.0,74,17.4,1017.9,0.3,1.0,2,5107.2,0
2024-07-01 06:06:01,5,52,23.1,73,17.3,1018.0,0.3,1.0,1,5107.2,0
2024-07-01 06:11:01,5,52,23.2,73,17.4,1017.9,0.3,1.0,4,5107.2,0
2024-07-01 06:16:01,5,51,23.3,73,17.7,1017.9,0.3,1.0,14,5107.2,0
2024-07-01 06:21:01,5,51,23.4,75,17.4,1017.7,0.7,1.7,0,5107.2,0
2024-07-01 06:26:01,5,51,23.5,74,17.5,1017.9,0.7,1.7,6,5107.2,0
2024-07-01 06:31:01,5,50,23.6,74,17.6,1017.8,0.7,1.0,5,5107.2,0
2024-07-01 06:36:01,5,50,23.6,73,17.8,1018.0,0.3,0.7,5,5107.2,0
2024-07-01 06:41:01,5,49,23.6,71,17.8,1017.7,0.7,1.7,7,5107.2,0
2024-07-01 06:46:01,5,49,23.6,71,18.9,1017.9,0.0,0.7,5,5107.2,0
2024-07-01 06:51:01,5,49,23.7,69,19.1,1017.9,0.3,1.0,0,5107.2,0
2024-07-01 06:56:00,5,49,23.7,71,18.8,1018.0,0.7,1.7,1,5107.2,0
2024-07-01 07:01:00,5,49,23.6,76,17.2,1018.0,0.7,1.0,3,5107.2,0
2024-07-01 07:06:00,5,49,23.6,77,16.6,1018.1,0.7,1.7,3,5107.2,0
2024-07-01 07:11:00,5,50,23.6,77,16.4,1018.2,0.3,1.0,6,5107.2,0
2024-07-01 07:16:00,5,50,23.6,77,16.3,1018.2,0.3,1.7,3,5107.2,0
2024-07-01 07:21:00,5,51,23.6,75,16.9,1018.2,0.7,1.7,2,5107.2,0
2024-07-01 07:26:00,5,52,23.8,72,17.7,1017.8,0.3,1.0,3,5107.2,0
2024-07-01 07:31:00,5,51,24.1,71,18.3,1017.6,0.3,0.7,3,5107.2,0
2024-07-01 07:36:00,5,51,24.4,71,18.5,1017.3,0.7,2.0,1,5107.2,0
2024-07-01 07:41:00,5,50,24.6,73,17.7,1017.1,0.3,1.0,2,5107.2,0
2024-07-01 07:46:00,5,50,24.7,74,17.6,1017.1,1.0,1.7,6,5107.2,0
2024-07-01 07:51:00,5,50,24.7,74,17.5,1017.0,0.3,1.7,5,5107.2,0
2024-07-01 07:56:00,5,50,24.7,74,18.0,1017.2,0.7,1.0,11,5107.2,0
2024-07-01 08:01:00,5,50,24.9,73,17.7,1017.1,0.3,1.0,8,5107.2,0
2024-07-01 08:06:00,5,49,24.9,74,17.6,1017.1,0.7,1.7,3,5107.2,0
2024-07-01 08:11:00,5,49,24.8,76,16.9,1017.3,0.7,1.7,0,5107.2,0
2024-07-01 08:16:00,5,49,24.7,77,16.5,1017.5,1.0,2.7,2,5107.2,0
2024-07-01 08:21:00,5,49,24.7,77,16.5,1017.5,0.3,0.7,6,5107.2,0
2024-07-01 08:26:00,5,49,24.7,75,16.5,1017.7,0.7,1.0,6,5107.2,0
2024-07-01 08:31:00,5,49,24.6,75,16.7,1017.6,0.3,1.0,4,5107.2,0
2024-07-01 08:36:00,5,49,24.6,75,16.9,1017.7,0.7,1.7,0,5107.2,0
2024-07-01 08:41:00,5,49,24.6,72,18.1,1017.6,0.3,1.0,14,5107.2,0
2024-07-01 08:46:00,5,50,24.7,70,18.3,1017.4,0.3,1.0,4,5107.2,0
2024-07-01 08:51:00,5,49,24.9,69,18.5,1017.3,0.3,1.0,15,5107.2,0
2024-07-01 08:56:00,5,48,25.0,69,18.2,1017.2,0.7,2.0,1,5107.2,0
2024-07-01 09:01:00,5,48,25.0,69,18.0,1017.4,0.3,0.7,5,5107.2,0
2024-07-01 09:06:00,5,47,25.0,69,18.1,1017.3,0.0,0.7,0,5107.2,0
2024-07-01 09:11:00,5,47,25.0,68,18.3,1017.2,0.7,2.0,7,5107.2,0
2024-07-01 09:16:00,5,47,25.0,67,18.2,1017.2,0.3,1.0,13,5107.2,0
2024-07-01 09:21:00,5,47,25.0,68,18.3,1017.5,1.0,2.0,10,5107.2,0
2024-07-01 09:26:00,5,47,25.1,67,18.5,1017.4,0.7,2.0,4,5107.2,0
2024-07-01 09:31:00,5,47,25.1,68,17.6,1017.3,0.7,1.7,1,5107.2,0
2024-07-01 09:36:00,5,46,25.1,69,17.5,1017.3,1.0,2.0,3,5107.2,0
2024-07-01 09:41:00,5,46,25.0,69,17.8,1017.5,0.7,1.7,12,5107.2,0
2024-07-01 09:46:00,5,46,25.1,66,18.9,1017.2,0.0,0.7,15,5107.2,0
2024-07-01 09:51:00,5,46,25.1,67,18.2,1017.2,1.0,1.7,5,5107.2,0
2024-07-01 09:56:00,5,46,25.1,65,18.3,1017.3,1.0,2.7,5,5107.2,0
2024-07-01 10:01:00,5,45,25.1,64,19.6,1017.2,0.7,1.7,6,5107.2,0
2024-07-01 10:06:00,5,45,25.1,62,20.1,1016.9,0.7,1.0,4,5107.2,0
2024-07-01 10:11:00,5,44,25.1,61,20.2,1016.8,0.3,1.0,15,5107.2,0
2024-07-01 10:16:00,5,44,25.1,60,20.3,1016.8,0.7,2.0,3,5107.2,0
2024-07-01 10:21:00,5,43,25.1,59,20.0,1016.8,1.0,2.0,6,5107.2,0
2024-07-01 10:26:00,5,43,25.1,58,20.1,1016.7,1.4,2.0,2,5107.2,0
2024-07-01 10:31:00,5,43,25.9,59,20.3,1016.6,0.3,0.7,1,5107.2,0
2024-07-01 10:36:00,5,42,25.9,60,20.1,1016.7,0.7,2.0,10,5107.2,0
2024-07-01 10:41:00,5,42,25.1,60,20.0,1016.8,0.3,1.0,3,5107.2,0
2024-07-01 10:46:00,5,42,25.1,60,20.4,1016.8,0.3,1.7,5,5107.2,0
2024-07-01 10:51:00,5,42,25.1,60,20.2,1016.9,0.3,1.0,5,5107.2,0
2024-07-01 10:56:00,5,43,25.1,60,19.8,1016.9,0.7,1.7,5,5107.2,0
2024-07-01 11:01:00,5,43,25.1,60,19.6,1016.9,0.7,1.7,15,5107.2,0
2024-07-01 11:06:00,5,43,25.1,61,19.9,1017.0,0.3,1.0,0,5107.2,0
2024-07-01 11:11:00,5,43,25.1,59,19.8,1017.0,1.4,3.1,6,5107.2,0
2024-07-01 11:16:00,5,43,25.1,59,19.9,1017.1,1.7,2.7,9,5107.2,0
2024-07-01 11:21:00,5,43,25.1,60,20.3,1017.1,0.3,1.0,15,5107.2,0
2024-07-01 11:26:00,5,43,25.1,60,20.1,1017.1,0.7,1.7,5,5107.2,0
2024-07-01 11:31:00,5,43,25.1,61,20.0,1017.0,0.3,1.0,6,5107.2,0
2024-07-01 11:36:00,5,43,25.1,59,20.5,1017.2,0.3,1.0,6,5107.2,0
2024-07-01 11:41:00,5,43,25.1,59,20.5,1017.3,1.0,2.7,2,5107.2,0
2024-07-01 11:46:00,5,42,25.1,59,20.6,1017.3,0.3,1.0,1,5107.2,0
2024-07-01 11:51:00,5,42,25.1,58,20.5,1017.4,0.7,1.7,5,5107.2,0
2024-07-01 11:56:00,5,41,25.1,59,19.9,1017.3,1.0,1.7,7,5107.2,0
2024-07-01 12:01:00,5,41,25.1,59,19.9,1017.4,0.7,1.7,1,5107.2,0
2024-07-01 12:06:00,5,41,25.1,59,20.3,1017.5,1.7,3.1,2,5107.2,0
2024-07-01 12:11:00,5,40,25.1,57,20.9,1017.6,0.7,2.0,7,5107.2,0
2024-07-01 12:16:00,5,41,25.1,57,20.7,1017.7,0.7,1.7,0,5107.2,0
2024-07-01 12:21:00,5,40,25.1,56,20.9,1017.7,0.7,1.7,4,5107.2,0
2024-07-01 12:26:00,5,40,25.1,57,20.3,1017.7,0.3,1.7,1,5107.2,0
2024-07-01 12:31:00,5,40,25.1,57,20.2,1017.7,0.7,2.0,1,5107.2,0
2024-07-01 12:36:00,5,40,25.1,58,20.5,1017.7,0.7,1.0,5,5107.2,0
2024-07-01 12:41:00,5,39,25.0,56,20.7,1017.9,0.3,0.7,4,5107.2,0
2024-07-01 12:46:00,5,39,25.0,58,19.9,1017.8,0.7,1.0,0,5107.2,0
2024-07-01 12:51:00,5,38,25.0,58,19.9,1017.9,0.0,1.0,5,5107.2,0
2024-07-01 12:56:00,5,38,25.0,59,19.5,1017.9,1.4,3.7,6,5107.2,0
2024-07-01 13:01:00,5,39,24.9,59,20.0,1017.9,0.3,0.7,3,5107.2,0
2024-07-01 13:06:00,5,39,24.9,59,20.0,1018.0,0.7,1.7,6,5107.2,0
2024-07-01 13:11:00,5,39,24.9,62,19.6,1017.9,1.7,3.1,3,5107.2,0
2024-07-01 13:16:00,5,39,24.8,62,19.7,1017.9,0.3,1.0,4,5107.2,0
2024-07-01 13:21:00,5,39,24.8,61,19.7,1017.9,1.4,3.1,14,5107.2,0
2024-07-01 13:26:00,5,40,24.8,61,19.7,1018.2,1.4,2.7,7,5107.2,0
2024-07-01 13:31:00,5,40,24.7,59,20.0,1017.9,0.7,2.0,4,5107.2,0
2024-07-01 13:36:00,5,40,24.7,59,19.9,1017.9,0.7,1.0,4,5107.2,0
2024-07-01 13:41:00,5,40,24.7,60,20.3,1017.9,0.7,1.0,4,5107.2,0
2024-07-01 13:46:00,5,40,24.8,60,20.0,1018.0,0.7,1.0,7,5107.2,0
2024-07-01 13:51:00,5,40,24.8,58,20.4,1017.9,0.7,1.0,2,5107.2,0
2024-07-01 13:56:00,5,39,24.8,57,21.0,1017.8,0.3,1.7,4,5107.2,0
2024-07-01 14:01:00,5,39,24.9,58,20.9,1017.7,0.3,1.0,6,5107.2,0
2024-07-01 14:06:00,5,39,24.9,56,21.3,1017.7,0.7,1.0,7,5107.2,0
2024-07-01 14:11:00,5,39,24.9,57,21.0,1017.7,1.0,1.7,6,5107.2,0
2024-07-01 14:16:00,5,39,24.9,59,20.3,1017.8,1.0,2.7,5,5107.2,0
2024-07-01 14:21:00,5,38,25.0,60,20.0,1017.8,1.0,2.0,5,5107.2,0
2024-07-01 14:26:00,5,39,25.0,60,20.0,1017.7,2.7,4.1,7,5107.2,0
2024-07-01 14:31:00,5,39,25.0,57,21.2,1017.6,0.7,1.0,15,5107.2,0
2024-07-01 14:36:00,5,40,25.0,57,21.3,1017.6,1.0,2.0,6,5107.2,0
2024-07-01 14:41:00,5,40,25.0,58,21.1,1017.7,0.7,1.7,4,5107.2,0
2024-07-01 14:46:00,5,40,25.1,58,20.9,1017.5,0.7,1.7,4,5107.2,0
2024-07-01 14:51:00,5,40,25.1,59,20.5,1017.5,1.4,2.7,7,5107.2,0
2024-07-01 14:56:00,5,40,25.1,61,19.8,1017.3,1.4,2.7,9,5107.2,0
2024-07-01 15:01:00,5,40,25.1,59,20.7,1017.3,1.0,1.7,2,5107.2,0
2024-07-01 15:06:00,5,40,25.1,56,20.7,1017.3,1.4,2.0,4,5107.2,0
2024-07-01 15:11:00,5,40,25.1,56,20.7,1017.2,0.7,1.7,6,5107.2,0
2024-07-01 15:16:00,5,40,25.1,57,20.8,1017.1,0.3,1.0,2,5107.2,0
2024-07-01 15:21:00,5,40,25.1,59,20.8,1017.0,0.7,1.7,2,5107.2,0
2024-07-01 15:26:00,5,40,25.1,60,20.0,1017.1,1.4,2.7,8,5107.2,0
2024-07-01 15:31:00,5,40,25.1,58,20.0,1017.1,0.7,2.0,6,5107.2,0
2024-07-01 15:36:00,5,40,25.1,59,19.9,1017.2,0.7,2.7,11,5107.2,0
2024-07-01 15:41:00,5,40,25.1,55,20.1,1017.2,0.7,1.7,2,5107.2,0
2024-07-01 15:46:00,5,40,25.1,57,20.0,1017.2,0.7,1.7,7,5107.2,0
2024-07-01 15:51:00,5,40,25.1,57,20.1,1017.3,1.0,2.7,6,5107.2,0
2024-07-01 15:56:00,5,40,25.1,58,20.5,1017.2,0.0,0.7,5,5107.2,0
2024-07-01 16:01:00,5,40,25.1,56,20.7,1017.2,0.7,1.7,15,5107.2,0
2024-07-01 16:06:00,5,40,25.1,56,21.5,1017.1,0.7,1.7,2,5107.2,0
2024-07-01 16:11:00,5,40,25.1,54,21.2,1017.0,0.7,1.0,0,5107.2,0
2024-07-01 16:16:00,5,40,25.1,55,20.4,1017.0,0.7,1.7,6,5107.2,0
2024-07-01 16:21:00,5,40,25.1,56,20.3,1017.0,1.0,2.0,5,5107.2,0
2024-07-01 16:26:00,5,40,25.1,58,20.2,1017.2,1.0,2.0,11,5107.2,0
2024-07-01 16:31:00,5,40,25.1,58,20.1,1017.0,1.4,2.0,2,5107.2,0
2024-07-01 16:36:00,5,40,25.1,58,20.4,1017.1,0.3,0.7,8,5107.2,0
2024-07-01 16:41:00,5,40,25.1,58,19.8,1017.2,0.7,2.0,6,5107.2,0
2024-07-01 16:46:00,5,40,25.1,59,19.9,1017.3,0.7,1.7,5,5107.2,0
2024-07-01 16:51:00,5,40,25.1,56,20.3,1017.3,0.3,1.0,6,5107.2,0
2024-07-01 16:56:00,5,40,25.1,55,20.6,1017.2,0.0,0.7,3,5107.2,0
2024-07-01 17:01:00,5,40,25.1,56,20.3,1017.3,0.7,3.7,9,5107.2,0
2024-07-01 17:06:00,5,41,25.1,56,20.0,1017.3,1.0,1.7,5,5107.2,0
2024-07-01 17:11:00,5,41,25.1,57,20.0,1017.2,0.7,1.7,7,5107.2,0
2024-07-01 17:16:00,5,41,25.1,55,19.7,1017.3,2.4,4.8,5,5107.2,0
2024-07-01 17:21:00,5,41,25.1,57,19.5,1017.4,0.7,2.0,5,5107.2,0
2024-07-01 17:26:00,5,41,25.1,57,19.6,1017.3,1.7,3.1,7,5107.2,0
2024-07-01 17:31:00,5,41,25.1,57,19.4,1017.3,0.7,1.0,3,5107.2,0
2024-07-01 17:36:00,5,41,25.1,59,19.4,1017.4,0.7,1.7,8,5107.2,0
2024-07-01 17:41:00,5,41,25.1,60,19.3,1017.5,0.3,1.0,7,5107.2,0
2024-07-01 17:46:00,5,41,25.1,60,19.0,1017.5,1.0,2.0,9,5107.2,0
2024-07-01 17:51:00,5,41,25.1,61,18.9,1017.4,0.0,0.0,3,5107.2,0
2024-07-01 17:56:00,5,40,25.0,62,18.7,1017.4,1.0,2.7,1,5107.2,0
2024-07-01 18:01:00,5,40,25.0,63,18.6,1017.4,0.3,1.0,5,5107.2,0
2024-07-01 18:06:00,5,40,25.0,64,18.5,1017.5,0.7,1.7,7,5107.2,0
2024-07-01 18:11:00,5,40,25.0,65,18.4,1017.5,0.3,1.7,7,5107.2,0
2024-07-01 18:16:00,5,40,25.0,66,18.3,1017.5,1.0,2.0,7,5107.2,0
2024-07-01 18:21:00,5,41,25.0,67,18.3,1017.6,0.7,2.0,4,5107.2,0
2024-07-01 18:26:00,5,41,25.0,68,18.6,1017.5,0.0,0.7,4,5107.2,0
2024-07-01 18:31:00,5,42,24.9,69,18.5,1017.5,0.3,1.7,7,5107.2,0
2024-07-01 18:36:00,5,42,24.9,70,18.6,1017.5,0.7,1.0,2,5107.2,0
2024-07-01 18:41:00,5,42,24.9,69,18.5,1017.6,0.3,1.0,7,5107.2,0
2024-07-01 18:46:00,5,42,24.9,69,18.5,1017.5,1.0,2.0,7,5107.2,0
2024-07-01 18:51:00,5,42,24.9,69,18.2,1017.5,1.4,2.0,8,5107.2,0
2024-07-01 18:56:00,5,42,24.9,70,18.1,1017.4,1.4,2.0,7,5107.2,0
2024-07-01 19:01:00,5,42,24.8,71,17.9,1017.5,0.3,1.0,11,5107.2,0
2024-07-01 19:06:00,5,42,24.8,71,17.8,1017.5,0.7,1.7,6,5107.2,0
2024-07-01 19:11:00,5,43,24.7,72,17.8,1017.8,0.0,0.7,7,5107.2,0
2024-07-01 19:16:00,5,43,24.7,72,17.7,1017.8,0.3,0.7,6,5107.2,0
2024-07-01 19:21:00,5,43,24.7,73,17.6,1017.9,1.0,2.0,6,5107.2,0
2024-07-01 19:26:00,5,43,24.7,73,17.4,1017.8,1.0,2.0,8,5107.2,0
2024-07-01 19:31:00,5,43,24.6,74,17.3,1018.0,0.3,0.7,4,5107.2,0
2024-07-01 19:36:00,5,44,24.6,74,17.3,1018.1,0.7,2.0,5,5107.2,0
2024-07-01 19:41:00,5,44,24.4,74,17.2,1018.1,0.3,1.0,1,5107.2,0
2024-07-01 19:46:00,5,44,24.4,74,17.1,1018.1,0.3,1.0,6,5107.2,0
2024-07-01 19:51:00,5,44,24.4,75,17.1,1018.1,0.7,1.0,7,5107.2,0
2024-07-01 19:56:00,5,44,24.3,75,17.0,1018.2,1.0,1.7,5,5107.2,0
2024-07-01 20:01:00,5,44,24.3,76,16.9,1018.2,0.7,1.7,6,5107.2,0
2024-07-01 20:06:00,5,45,24.2,76,16.8,1018.4,0.7,1.0,6,5107.2,0
2024-07-01 20:11:00,5,45,24.1,77,16.7,1018.3,0.7,1.0,6,5107.2,0
2024-07-01 20:16:00,5,45,24.1,77,16.6,1018.3,1.4,2.0,6,5107.2,0
2024-07-01 20:21:00,5,45,24.1,78,16.6,1018.5,0.7,1.0,7,5107.2,0
2024-07-01 20:26:00,5,45,24.0,78,16.5,1018.5,0.3,1.0,7,5107.2,0
2024-07-01 20:31:00,5,46,24.0,79,16.4,1018.6,0.0,0.7,6,5107.2,0
2024-07-01 20:36:00,5,47,23.9,79,16.4,1018.6,0.7,1.0,7,5107.2,0
2024-07-01 20:41:00,5,47,23.9,79,16.4,1018.5,0.7,1.7,7,5107.2,0
2024-07-01 20:46:00,5,48,23.9,79,16.4,1018.5,0.3,1.0,7,5107.2,0
2024-07-01 20:51:00,5,48,23.8,79,16.4,1018.6,0.3,0.7,4,5107.2,0
2024-07-01 20:56:00,5,48,23.8,79,16.5,1018.6,0.7,1.0,4,5107.2,0
2024-07-01 21:01:00,5,48,23.8,79,16.5,1018.6,0.0,0.0,7,5107.2,0
2024-07-01 21:06:00,5,48,23.8,79,16.6,1018.6,0.3,1.0,5,5107.2,0
2024-07-01 21:11:00,5,49,23.8,79,16.6,1018.7,0.3,1.0,4,5107.2,0
2024-07-01 21:16:00,5,49,23.7,79,16.6,1018.5,0.0,0.7,7,5107.2,0
2024-07-01 21:21:00,5,49,23.7,79,16.6,1018.5,0.7,1.7,6,5107.2,0
2024-07-01 21:26:00,5,49,23.7,79,16.6,1018.6,0.3,1.0,6,5107.2,0
2024-07-01 21:31:00,5,50,23.6,80,16.6,1018.6,0.7,1.0,5,5107.2,0
2024-07-01 21:36:00,5,50,23.7,80,16.6,1018.6,0.3,0.7,6,5107.2,0
2024-07-01 21:41:00,5,50,23.7,80,16.6,1018.6,0.0,0.0,6,5107.2,0
2024-07-01 21:46:00,5,50,23.6,80,16.6,1018.6,0.0,0.0,6,5107.2,0
2024-07-01 21:51:00,5,51,23.6,80,16.5,1018.6,0.7,1.0,6,5107.2,0
2024-07-01 21:56:00,5,51,23.6,80,16.6,1018.6,0.0,0.0,6,5107.2,0
2024-07-01 22:01:00,5,51,23.6,80,16.6,1018.6,0.3,1.0,6,5107.2,0
2024-07-01 22:06:00,5,52,23.6,80,16.7,1018.7,1.0,1.0,7,5107.2,0
2024-07-01 22:11:00,5,52,23.6,80,16.7,1018.7,0.3,0.7,7,5107.2,0
2024-07-01 22:16:00,5,52,23.6,80,16.8,1018.7,0.3,0.7,7,5107.2,0
2024-07-01 22:21:00,5,52,23.6,80,16.8,1018.7,0.7,1.0,7,5107.2,0
2024-07-01 22:26:00,5,52,23.6,80,16.9,1018.8,0.3,1.0,6,5107.2,0
2024-07-01 22:31:00,5,52,23.6,80,16.9,1018.6,0.7,3.1,4,5107.2,0
2024-07-01 22:36:00,5,52,23.6,80,16.9,1018.6,0.3,1.0,5,5107.2,0
2024-07-01 22:41:00,5,52,23.6,80,17.0,1018.5,0.0,0.7,7,5107.2,0
2024-07-01 22:46:00,5,52,23.6,80,17.0,1018.5,0.7,1.0,6,5107.2,0
2024-07-01 22:51:00,5,52,23.6,80,17.0,1018.5,0.0,0.7,7,5107.2,0
2024-07-01 22:56:00,5,52,23.6,80,17.0,1018.6,0.7,1.0,5,5107.2,0
2024-07-01 23:01:00,5,52,23.6,80,17.0,1018.4,0.3,0.7,6,5107.2,0
2024-07-01 23:06:00,5,52,23.5,81,17.0,1018.5,0.3,1.0,5,5107.2,0
2024-07-01 23:11:00,5,52,23.5,81,17.1,1018.5,0.3,0.7,6,5107.2,0
2024-07-01 23:16:00,5,52,23.4,81,16.8,1018.5,1.0,2.0,6,5107.2,0
2024-07-01 23:21:00,5,52,23.4,82,16.6,1018.5,0.7,1.7,6,5107.2,0
2024-07-01 23:26:00,5,52,23.4,83,16.5,1018.5,0.7,1.7,5,5107.2,0
2024-07-01 23:31:00,5,52,23.4,83,16.5,1018.4,0,0.7,7,5107.2,0
2024-07-01 23:36:00,5,52,23.4,83,16.5,1018.4,1.4,2.7,10,5107.2,0
2024-07-01 23:41:00,5,52,23.4,83,16.5,1018.5,0.7,1.7,8,5107.2,0
2024-07-01 23:46:00,5,52,23.4,83,16.5,1018.3,0.7,1.0,7,5107.2,0
2024-07-01 23:51:00,5,52,23.3,84,16.4,1018.3,1.0,1.7,7,5107.2,0
2024-07-01 23:56:00,5,52,23.3,84,16.3,1018.2,0,0.7,6,5107.2,0
