2024-07-27 00:01:01,5,58,23.1,93,15.7,1015.7,0.0,0.0,6,5262.9,0
2024-07-27 00:06:01,5,58,23.1,93,15.7,1015.7,0.0,0.0,6,5262.9,0
2024-07-27 00:11:01,5,58,23.1,93,15.5,1015.6,0.0,0.0,6,5262.9,0
2024-07-27 00:16:01,5,58,23.1,93,15.4,1015.6,0.0,0.0,6,5262.9,0
2024-07-27 00:21:01,5,58,23.0,93,15.4,1015.6,0.0,0.0,6,5262.9,0
2024-07-27 00:26:01,5,58,23.0,94,15.3,1015.6,0.0,0.0,6,5262.9,0
2024-07-27 00:31:01,5,58,23.0,94,15.2,1015.7,0.0,0.0,6,5262.9,0
2024-07-27 00:36:01,5,58,23.0,94,15.2,1016.0,0.0,0.0,6,5262.9,0
2024-07-27 00:41:01,5,58,23.0,94,15.0,1015.9,0.0,0.0,6,5262.9,0
2024-07-27 00:46:01,5,58,22.9,94,15.0,1015.9,0.0,0.0,6,5262.9,0
2024-07-27 00:51:01,5,58,22.9,95,15.0,1015.9,0.0,0.0,6,5262.9,0
2024-07-27 00:56:01,5,58,22.9,95,14.9,1015.9,0.0,0.0,6,5262.9,0
2024-07-27 01:01:01,5,58,22.9,95,14.8,1015.9,0.0,0.0,6,5262.9,0
2024-07-27 01:06:01,5,58,22.8,95,14.8,1015.9,0.0,0.0,6,5262.9,0
2024-07-27 01:11:01,5,58,22.7,95,14.8,1015.9,0.0,0.0,6,5262.9,0
2024-07-27 01:16:01,5,58,22.7,95,14.7,1016.1,0.0,0.0,6,5262.9,0
2024-07-27 01:21:01,5,58,22.7,95,14.5,1016.0,0.0,0.0,6,5262.9,0
2024-07-27 01:26:01,5,58,22.7,96,14.5,1016.0,0.0,0.0,6,5262.9,0
2024-07-27 01:31:01,5,58,22.7,96,14.4,1015.8,0.0,0.0,6,5262.9,0
2024-07-27 01:36:01,5,58,22.6,96,14.5,1015.9,0.0,0.0,6,5262.9,0
2024-07-27 01:41:01,5,58,22.6,96,14.4,1015.9,0.0,0.0,6,5262.9,0
2024-07-27 01:46:01,5,58,22.6,96,14.4,1016.0,0.0,0.0,6,5262.9,0
2024-07-27 01:51:01,5,58,22.6,96,14.4,1016.1,0.0,0.0,6,5262.9,0
2024-07-27 01:56:01,5,58,22.6,96,14.3,1016.0,0.0,0.0,6,5262.9,0
2024-07-27 02:01:01,5,58,22.6,96,14.5,1016.0,0.0,0.0,6,5262.9,0
2024-07-27 02:06:01,5,58,22.6,96,14.5,1016.1,0.0,0.0,6,5262.9,0
2024-07-27 02:11:01,5,58,22.5,96,14.3,1016.1,0.0,0.0,6,5262.9,0
2024-07-27 02:16:01,5,58,22.5,97,14.3,1016.2,0.0,0.0,6,5262.9,0
2024-07-27 02:21:01,5,58,22.5,97,14.3,1016.2,0.0,0.0,6,5262.9,0
2024-07-27 02:26:01,5,58,22.5,97,14.2,1016.2,0.0,0.0,6,5262.9,0
2024-07-27 02:31:01,5,58,22.5,97,14.2,1016.3,0.0,0.0,6,5262.9,0
2024-07-27 02:36:01,5,58,22.4,97,14.2,1016.2,0.0,0.0,6,5262.9,0
2024-07-27 02:41:01,5,58,22.3,97,14.2,1016.2,0.0,0.0,6,5262.9,0
2024-07-27 02:46:01,5,58,22.3,97,14.1,1016.2,0.0,0.0,6,5262.9,0
2024-07-27 02:51:01,5,58,22.3,97,14.1,1016.1,0.0,0.0,6,5262.9,0
2024-07-27 02:56:01,5,58,22.3,97,14.2,1016.1,0.0,0.0,6,5262.9,0
2024-07-27 03:01:01,5,58,22.3,97,14.1,1016.0,0.0,0.0,6,5262.9,0
2024-07-27 03:06:01,5,58,22.3,97,14.0,1016.1,0.0,0.0,6,5262.9,0
2024-07-27 03:11:01,5,58,22.3,97,14.0,1016.1,0.0,0.0,6,5262.9,0
2024-07-27 03:16:01,5,58,22.3,97,14.0,1016.1,0.0,0.0,6,5262.9,0
2024-07-27 03:21:01,5,58,22.2,98,13.9,1016.1,0.0,0.0,6,5262.9,0
2024-07-27 03:26:01,5,58,22.2,98,13.8,1016.1,0.0,0.0,6,5262.9,0
2024-07-27 03:31:01,5,58,22.2,98,13.7,1016.2,0.0,0.0,6,5262.9,0
2024-07-27 03:36:01,5,58,22.2,98,13.7,1016.2,0.0,0.0,6,5262.9,0
2024-07-27 03:41:01,5,58,22.2,98,13.8,1016.2,0.0,0.0,6,5262.9,0
2024-07-27 03:46:01,5,58,22.2,98,13.8,1016.3,0.0,0.0,6,5262.9,0
2024-07-27 03:51:01,5,58,22.2,98,13.7,1016.3,0.0,0.0,6,5262.9,0
2024-07-27 03:56:01,5,58,22.2,98,13.6,1016.4,0.0,0.0,6,5262.9,0
2024-07-27 04:01:01,5,58,22.2,98,13.7,1016.4,0.0,0.0,6,5262.9,0
2024-07-27 04:06:01,5,58,22.1,98,13.8,1016.4,0.0,0.0,6,5262.9,0
2024-07-27 04:11:01,5,58,22.1,98,13.8,1016.6,0.0,0.0,6,5262.9,0
2024-07-27 04:16:01,5,58,22.1,98,13.8,1016.7,0.0,0.0,6,5262.9,0
2024-07-27 04:21:01,5,58,22.1,98,13.8,1016.7,0.0,0.0,6,5262.9,0
2024-07-27 04:26:01,5,58,22.1,98,13.9,1016.7,0.0,0.0,6,5262.9,0
2024-07-27 04:31:01,5,58,22.1,98,13.8,1016.7,0.0,0.0,6,5262.9,0
2024-07-27 04:36:01,5,58,22.1,98,13.8,1016.7,0.0,0.0,6,5262.9,0
2024-07-27 04:41:01,5,58,22.1,98,13.9,1016.8,0.0,0.0,6,5262.9,0
2024-07-27 04:46:01,5,58,22.1,98,14.0,1016.9,0.0,0.0,6,5262.9,0
2024-07-27 04:51:01,5,58,22.1,98,14.1,1016.9,0.0,0.0,6,5262.9,0
2024-07-27 04:56:01,5,58,22.1,98,14.1,1016.8,0.0,0.0,6,5262.9,0
2024-07-27 05:01:01,5,58,22.1,98,14.2,1016.9,0.0,0.0,6,5262.9,0
2024-07-27 05:06:01,5,58,22.1,98,14.3,1016.8,0.0,0.0,6,5262.9,0
2024-07-27 05:11:01,5,58,22.1,98,14.4,1016.9,0.0,0.0,6,5262.9,0
2024-07-27 05:16:01,5,58,22.2,98,14.5,1016.8,0.0,0.0,6,5262.9,0
2024-07-27 05:21:01,5,58,22.2,98,14.7,1016.8,0.0,0.0,6,5262.9,0
2024-07-27 05:26:01,5,58,22.2,98,14.8,1016.7,0.0,0.0,6,5262.9,0
2024-07-27 05:31:01,5,59,22.2,98,15.0,1016.8,0.0,0.0,6,5262.9,0
2024-07-27 05:36:01,5,59,22.2,98,15.1,1016.5,0.0,0.0,6,5262.9,0
2024-07-27 05:41:01,5,59,22.3,98,15.3,1016.5,0.0,0.0,6,5262.9,0
2024-07-27 05:46:01,5,59,22.3,98,15.3,1016.7,0.0,0.0,6,5262.9,0
2024-07-27 05:51:01,5,59,22.3,97,15.5,1016.7,0.0,0.0,6,5262.9,0
2024-07-27 05:56:01,5,59,22.5,97,15.7,1016.8,0.0,0.0,6,5262.9,0
2024-07-27 06:01:01,5,59,22.6,96,15.9,1016.7,0.0,0.0,6,5262.9,0
2024-07-27 06:06:01,5,59,22.6,95,16.3,1016.8,0.0,0.0,6,5262.9,0
2024-07-27 06:11:01,5,59,22.6,93,16.7,1016.6,0.0,0.0,6,5262.9,0
2024-07-27 06:16:01,5,60,22.7,92,17.4,1016.6,0.0,0.0,6,5262.9,0
2024-07-27 06:21:01,5,60,22.8,89,17.7,1016.4,0.0,0.0,6,5262.9,0
2024-07-27 06:26:01,5,61,23.0,87,18.4,1016.4,0.0,0.0,6,5262.9,0
2024-07-27 06:31:01,5,61,23.1,82,19.5,1016.2,0.0,0.0,6,5262.9,0
2024-07-27 06:36:01,5,61,23.1,80,20.7,1016.1,0.0,0.0,5,5262.9,0
2024-07-27 06:41:01,5,61,23.3,77,19.6,1016.1,0.0,0.0,3,5262.9,0
2024-07-27 06:46:01,5,61,23.3,77,20.2,1016.2,0.0,0.0,3,5262.9,0
2024-07-27 06:51:01,5,60,23.4,78,19.9,1016.2,0.0,0.0,5,5262.9,0
2024-07-27 06:56:01,5,60,23.4,78,20.0,1016.0,0.0,0.0,5,5262.9,0
2024-07-27 07:01:01,5,60,23.5,75,21.0,1016.1,0.0,0.0,5,5262.9,0
2024-07-27 07:06:01,5,60,23.5,76,20.2,1016.1,0.3,0.7,5,5262.9,0
2024-07-27 07:11:01,5,59,23.6,73,20.9,1016.2,0.0,0.7,5,5262.9,0
2024-07-27 07:16:01,5,60,23.6,73,21.3,1016.2,0.0,0.7,5,5262.9,0
2024-07-27 07:21:01,5,60,23.6,73,20.8,1016.2,0.0,0.0,6,5262.9,0
2024-07-27 07:26:01,5,60,23.6,72,20.9,1016.0,0.3,0.7,6,5262.9,0
2024-07-27 07:31:01,5,60,23.6,72,21.3,1015.9,0.0,0.7,6,5262.9,0
2024-07-27 07:36:01,5,60,23.6,70,21.4,1015.9,0.7,1.7,6,5262.9,0
2024-07-27 07:41:01,5,60,23.6,71,21.7,1016.1,0.0,0.0,2,5262.9,0
2024-07-27 07:46:01,5,60,23.7,73,21.0,1015.9,0.3,0.7,6,5262.9,0
2024-07-27 07:51:01,5,59,23.7,72,21.1,1016.0,0.0,0.7,4,5262.9,0
2024-07-27 07:56:01,5,59,23.7,70,22.0,1015.8,0.0,0.0,2,5262.9,0
2024-07-27 08:01:01,5,59,23.8,70,21.8,1015.9,0.0,0.0,6,5262.9,0
2024-07-27 08:06:01,5,59,23.8,68,21.8,1015.9,0.3,1.0,7,5262.9,0
2024-07-27 08:11:01,5,59,23.8,68,22.1,1015.8,0.0,0.7,7,5262.9,0
2024-07-27 08:16:01,5,59,23.9,65,22.1,1015.9,0.0,1.0,13,5262.9,0
2024-07-27 08:21:01,5,59,23.9,68,22.3,1015.8,0.3,0.7,5,5262.9,0
2024-07-27 08:26:01,5,58,24.0,67,21.5,1015.7,0.3,1.0,7,5262.9,0
2024-07-27 08:31:01,5,58,24.0,68,21.5,1015.7,0.7,1.0,8,5262.9,0
2024-07-27 08:36:01,5,58,24.0,67,21.8,1015.6,0.3,1.0,7,5262.9,0
2024-07-27 08:41:01,5,58,24.0,67,22.1,1015.6,0.3,0.7,8,5262.9,0
2024-07-27 08:46:01,5,58,24.1,68,22.6,1015.5,0.0,0.0,2,5262.9,0
2024-07-27 08:51:01,5,57,24.1,66,22.6,1015.5,0.7,1.7,7,5262.9,0
2024-07-27 08:56:01,5,57,24.1,67,23.1,1015.6,0.0,0.7,7,5262.9,0
2024-07-27 09:01:01,5,57,24.1,68,22.3,1015.4,0.3,1.0,7,5262.9,0
2024-07-27 09:06:01,5,57,24.1,69,21.9,1015.3,0.7,2.0,6,5262.9,0
2024-07-27 09:11:01,5,57,24.2,69,22.3,1015.3,0.0,1.0,5,5262.9,0
2024-07-27 09:16:01,5,57,24.2,69,22.2,1015.3,0.7,1.0,9,5262.9,0
2024-07-27 09:21:01,5,57,24.3,68,22.6,1015.4,0.3,0.7,10,5262.9,0
2024-07-27 09:26:01,5,57,24.3,69,21.9,1015.3,0.7,1.0,7,5262.9,0
2024-07-27 09:31:01,5,57,24.3,69,21.8,1015.3,1.0,1.7,6,5262.9,0
2024-07-27 09:36:01,5,57,24.3,69,22.0,1015.3,0.7,1.0,8,5262.9,0
2024-07-27 09:41:01,5,57,24.3,69,22.0,1015.2,0.3,1.0,9,5262.9,0
2024-07-27 09:46:01,5,57,24.4,70,21.7,1015.1,0.7,1.0,6,5262.9,0
2024-07-27 09:51:01,5,57,24.4,70,21.9,1015.2,0.3,0.7,7,5262.9,0
2024-07-27 09:56:01,5,57,24.4,70,22.2,1015.2,0.0,0.7,10,5262.9,0
2024-07-27 10:01:01,5,57,24.4,69,21.8,1015.3,0.7,1.0,6,5262.9,0
2024-07-27 10:06:01,5,57,24.4,68,22.2,1015.3,0.3,0.7,7,5262.9,0
2024-07-27 10:11:01,5,56,24.4,67,22.6,1015.4,0.7,1.0,13,5262.9,0
2024-07-27 10:16:01,5,56,24.4,67,23.0,1015.4,0.3,1.0,9,5262.9,0
2024-07-27 10:21:01,5,56,24.4,66,22.5,1015.4,0.3,1.0,6,5262.9,0
2024-07-27 10:26:01,5,56,24.4,66,22.7,1015.3,0.0,0.7,3,5262.9,0
2024-07-27 10:31:01,5,57,24.4,66,22.2,1015.4,1.0,1.7,6,5262.9,0
2024-07-27 10:36:01,5,56,24.4,66,21.9,1015.3,0.7,1.0,8,5262.9,0
2024-07-27 10:41:01,5,56,24.3,67,22.3,1015.2,0.3,1.0,11,5262.9,0
2024-07-27 10:46:01,5,56,24.3,65,22.8,1015.3,0.3,0.7,5,5262.9,0
2024-07-27 10:51:01,5,56,24.3,65,22.5,1015.3,0.7,1.0,12,5262.9,0
2024-07-27 10:56:01,5,56,24.3,63,23.1,1015.4,0.0,0.7,4,5262.9,0
2024-07-27 11:01:01,5,56,24.3,63,22.6,1015.3,0.0,0.7,6,5262.9,0
2024-07-27 11:06:01,5,56,24.3,63,22.4,1015.3,0.3,1.0,7,5262.9,0
2024-07-27 11:11:01,5,56,24.3,63,22.8,1015.4,1.0,1.7,6,5262.9,0
2024-07-27 11:16:01,5,56,24.3,62,22.6,1015.5,1.0,1.7,10,5262.9,0
2024-07-27 11:21:01,5,56,24.3,61,22.9,1015.4,0.0,0.7,6,5262.9,0
2024-07-27 11:26:01,5,56,24.3,61,23.0,1015.6,0.3,1.0,7,5262.9,0
2024-07-27 11:31:01,5,56,24.3,61,23.7,1015.6,0.3,1.7,7,5262.9,0
2024-07-27 11:36:01,5,56,24.3,61,23.5,1015.4,0.3,1.0,3,5262.9,0
2024-07-27 11:41:01,5,56,24.3,60,23.9,1015.5,0.7,1.7,5,5262.9,0
2024-07-27 11:46:01,5,56,24.3,59,23.7,1015.4,0.3,1.0,6,5262.9,0
2024-07-27 11:51:01,5,56,24.4,56,24.2,1015.5,1.4,2.0,5,5262.9,0
2024-07-27 11:56:01,5,56,24.4,59,24.7,1015.5,0.3,1.0,7,5262.9,0
2024-07-27 12:01:01,5,56,24.4,58,23.9,1015.5,1.0,2.0,6,5262.9,0
2024-07-27 12:06:01,5,56,24.4,58,23.6,1015.6,0.7,1.0,3,5262.9,0
2024-07-27 12:11:01,5,56,24.4,57,23.9,1015.4,0.3,0.7,5,5262.9,0
2024-07-27 12:16:01,5,55,24.4,58,24.2,1015.3,0.3,1.0,4,5262.9,0
2024-07-27 12:21:01,5,55,24.4,57,23.4,1015.4,1.0,1.7,6,5262.9,0
2024-07-27 12:26:01,5,54,24.4,58,23.2,1015.3,0.7,1.7,2,5262.9,0
2024-07-27 12:31:01,5,53,24.5,58,23.8,1015.3,0.3,1.7,7,5262.9,0
2024-07-27 12:36:01,5,53,24.5,57,24.2,1015.2,0.7,1.7,5,5262.9,0
2024-07-27 12:41:01,5,53,24.6,56,23.8,1015.2,0.3,0.7,5,5262.9,0
2024-07-27 12:46:01,5,53,24.6,56,24.0,1015.1,0.3,0.7,6,5262.9,0
2024-07-27 12:51:01,5,52,24.6,57,23.5,1015.1,0.3,1.0,7,5262.9,0
2024-07-27 12:56:01,5,52,24.6,56,23.7,1015.2,0.3,0.7,4,5262.9,0
2024-07-27 13:01:01,5,52,24.7,54,23.5,1015.1,0.7,1.7,4,5262.9,0
2024-07-27 13:06:01,5,52,24.7,56,23.4,1015.2,0.3,1.7,4,5262.9,0
2024-07-27 13:11:01,5,51,24.7,56,24.3,1015.1,0.0,0.0,4,5262.9,0
2024-07-27 13:16:01,5,52,24.7,54,23.9,1015.2,1.0,2.0,5,5262.9,0
2024-07-27 13:21:01,5,52,24.7,54,24.1,1015.2,0.0,0.0,6,5262.9,0
2024-07-27 13:26:01,5,52,24.7,56,24.1,1015.1,0.0,0.7,10,5262.9,0
2024-07-27 13:31:01,5,51,24.7,53,24.0,1015.1,1.7,2.0,7,5262.9,0
2024-07-27 13:36:01,5,51,24.8,52,24.4,1015.1,1.0,2.0,6,5262.9,0
2024-07-27 13:41:01,5,51,24.8,52,24.9,1014.9,0.3,1.0,6,5262.9,0
2024-07-27 13:46:01,5,51,24.9,54,24.6,1015.1,0.7,1.0,9,5262.9,0
2024-07-27 13:51:01,5,49,24.9,50,24.9,1015.0,1.0,2.0,7,5262.9,0
2024-07-27 13:56:01,5,49,24.9,52,25.6,1015.1,0.3,1.0,7,5262.9,0
2024-07-27 14:01:01,5,49,24.9,54,24.3,1015.0,0.3,0.7,7,5262.9,0
2024-07-27 14:06:01,5,48,24.9,54,24.2,1015.2,1.0,1.7,8,5262.9,0
2024-07-27 14:11:01,5,47,24.9,56,23.7,1015.2,0.0,0.7,5,5262.9,0
2024-07-27 14:16:01,5,47,24.9,55,23.8,1015.2,0.7,1.7,5,5262.9,0
2024-07-27 14:21:01,5,48,24.9,57,23.4,1015.2,1.0,2.0,4,5262.9,0
2024-07-27 14:26:01,5,48,24.9,57,24.3,1015.2,0.3,0.7,5,5262.9,0
2024-07-27 14:31:01,5,49,24.9,56,25.1,1015.2,0.7,1.7,5,5262.9,0
2024-07-27 14:36:01,5,49,25.0,57,24.3,1015.1,0.7,1.0,9,5262.9,0
2024-07-27 14:41:01,5,49,25.0,57,23.8,1015.2,0.7,1.7,5,5262.9,0
2024-07-27 14:46:01,5,49,25.0,58,24.1,1015.1,0.0,0.7,6,5262.9,0
2024-07-27 14:51:01,5,49,25.0,58,24.1,1015.0,0.3,0.7,5,5262.9,0
2024-07-27 14:56:01,5,49,25.0,58,24.5,1014.8,0.3,1.7,2,5262.9,0
2024-07-27 15:01:01,5,50,25.0,56,25.2,1015.0,0.0,0.7,4,5262.9,0
2024-07-27 15:06:01,5,50,25.1,55,24.6,1014.9,0.7,1.0,3,5262.9,0
2024-07-27 15:11:01,5,50,25.1,55,24.6,1014.8,0.7,1.0,1,5262.9,0
2024-07-27 15:16:01,5,50,25.1,56,24.6,1014.8,1.0,1.7,0,5262.9,0
2024-07-27 15:21:01,5,49,25.1,55,23.8,1014.7,0.7,1.0,5,5262.9,0
2024-07-27 15:26:01,5,49,25.1,58,24.0,1014.8,0.3,0.7,4,5262.9,0
2024-07-27 15:31:01,5,49,25.1,59,23.8,1014.8,0.7,1.0,5,5262.9,0
2024-07-27 15:36:01,5,48,25.1,60,23.4,1015.0,0.7,1.0,5,5262.9,0
2024-07-27 15:41:01,5,48,25.1,60,23.0,1014.9,0.7,1.0,8,5262.9,0
2024-07-27 15:46:01,5,48,25.1,62,23.0,1014.9,0.7,1.7,7,5262.9,0
2024-07-27 15:51:01,5,48,25.1,62,23.6,1015.0,0.3,0.7,4,5262.9,0
2024-07-27 15:56:01,5,49,25.1,63,23.2,1015.1,1.0,2.0,7,5262.9,0
2024-07-27 16:01:01,5,49,25.1,65,23.1,1015.0,1.0,2.0,5,5262.9,0
2024-07-27 16:06:01,5,49,25.1,65,22.9,1015.0,0.7,1.0,4,5262.9,0
2024-07-27 16:11:01,5,49,25.1,66,22.7,1014.9,1.7,2.7,7,5262.9,0
2024-07-27 16:16:01,5,50,25.1,68,22.7,1014.9,1.0,2.0,9,5262.9,0
2024-07-27 16:21:01,5,50,25.1,68,22.7,1015.1,0.3,0.7,5,5262.9,0
2024-07-27 16:26:01,5,50,25.1,68,22.5,1015.1,0.7,1.7,2,5262.9,0
2024-07-27 16:31:01,5,50,25.1,67,22.6,1015.1,1.0,2.0,5,5262.9,0
2024-07-27 16:36:01,5,50,25.1,67,22.6,1015.1,0.0,0.7,5,5262.9,0
2024-07-27 16:41:01,5,50,25.0,66,22.4,1015.2,0.7,1.0,6,5262.9,0
2024-07-27 16:46:01,5,50,25.0,67,22.5,1015.4,0.3,0.7,4,5262.9,0
2024-07-27 16:51:01,5,50,25.0,67,22.1,1015.4,0.3,0.7,4,5262.9,0
2024-07-27 16:56:01,5,50,25.0,67,22.0,1015.5,0.7,1.0,3,5262.9,0
2024-07-27 17:01:01,5,50,25.0,67,22.0,1015.6,0.3,0.7,2,5262.9,0
2024-07-27 17:06:01,5,50,25.0,68,21.7,1015.8,1.0,2.7,8,5262.9,0
2024-07-27 17:11:01,5,51,24.9,69,21.5,1015.9,1.0,1.7,6,5262.9,0
2024-07-27 17:16:01,5,51,24.9,68,21.4,1015.9,0.7,1.7,7,5262.9,0
2024-07-27 17:21:01,5,51,24.9,67,21.1,1016.0,1.4,2.7,7,5262.9,0
2024-07-27 17:26:01,5,50,24.9,62,21.4,1016.0,0.3,1.7,4,5262.9,0
2024-07-27 17:31:01,5,49,24.7,58,21.2,1016.0,0.3,1.0,4,5262.9,0
2024-07-27 17:36:01,5,47,24.7,59,21.2,1016.2,0.0,0.7,5,5262.9,0
2024-07-27 17:41:01,5,45,24.7,60,21.3,1016.2,0.0,0.0,5,5262.9,0
2024-07-27 17:46:01,5,45,24.7,61,21.3,1016.3,1.0,1.7,6,5262.9,0
2024-07-27 17:51:01,5,45,24.6,63,21.2,1016.5,0.7,1.0,5,5262.9,0
2024-07-27 17:56:01,5,45,24.6,64,21.3,1016.4,0.3,1.0,3,5262.9,0
2024-07-27 18:01:01,5,46,24.6,65,21.1,1016.6,0.0,0.7,8,5262.9,0
2024-07-27 18:06:01,5,46,24.6,63,21.0,1016.7,0.7,2.0,3,5262.9,0
2024-07-27 18:11:01,5,47,24.6,65,20.9,1016.6,0.0,0.7,3,5262.9,0
2024-07-27 18:16:01,5,47,24.6,66,21.0,1016.7,0.7,1.0,3,5262.9,0
2024-07-27 18:21:01,5,47,24.6,67,20.9,1016.8,0.0,0.7,4,5262.9,0
2024-07-27 18:26:01,5,48,24.6,65,20.7,1016.8,1.0,1.0,6,5262.9,0
2024-07-27 18:31:01,5,49,24.6,67,20.6,1016.8,1.0,1.0,6,5262.9,0
2024-07-27 18:36:01,5,49,24.6,69,20.4,1016.8,0.7,1.0,5,5262.9,0
2024-07-27 18:41:01,5,49,24.6,70,20.3,1016.9,0.3,1.0,4,5262.9,0
2024-07-27 18:46:01,5,49,24.5,72,20.2,1017.0,0.3,0.7,3,5262.9,0
2024-07-27 18:51:01,5,50,24.4,74,20.0,1017.2,0.3,1.0,6,5262.9,0
2024-07-27 18:56:01,5,50,24.4,76,19.9,1017.2,0.3,0.7,6,5262.9,0
2024-07-27 19:01:01,5,51,24.4,77,19.8,1017.3,0.3,1.0,6,5262.9,0
2024-07-27 19:06:01,5,51,24.4,78,19.7,1017.3,1.4,2.0,3,5262.9,0
2024-07-27 19:11:01,5,51,24.4,79,19.6,1017.3,0.3,0.7,6,5262.9,0
2024-07-27 19:16:01,5,52,24.3,80,19.5,1017.5,1.0,1.7,7,5262.9,0
2024-07-27 19:21:01,5,52,24.3,80,19.5,1017.7,0.0,0.7,4,5262.9,0
2024-07-27 19:26:01,5,52,24.3,81,19.4,1017.7,1.0,2.0,3,5262.9,0
2024-07-27 19:31:01,5,53,24.3,82,19.3,1017.9,0.7,2.0,6,5262.9,0
2024-07-27 19:36:01,5,53,24.2,82,19.1,1018.0,0.0,0.7,5,5262.9,0
2024-07-27 19:41:01,5,53,24.1,83,19.1,1018.2,0.3,1.0,6,5262.9,0
2024-07-27 19:46:01,5,53,24.1,83,18.9,1018.2,0.3,1.0,5,5262.9,0
2024-07-27 19:51:01,5,53,24.0,83,18.8,1018.3,0.0,0.7,3,5262.9,0
2024-07-27 19:56:01,5,54,24.0,83,18.8,1018.6,0.0,0.7,3,5262.9,0
2024-07-27 20:01:01,5,54,24.0,83,18.7,1018.7,0.3,1.0,3,5262.9,0
2024-07-27 20:06:01,5,55,24.0,84,18.6,1018.8,0.0,0.0,4,5262.9,0
2024-07-27 20:11:01,5,56,23.9,85,18.5,1018.8,0.3,1.0,6,5262.9,0
2024-07-27 20:16:01,5,56,23.9,85,18.3,1018.9,0.3,1.0,6,5262.9,0
2024-07-27 20:21:01,5,56,23.9,86,18.3,1019.0,0.3,0.7,6,5262.9,0
2024-07-27 20:26:01,5,57,23.9,87,18.1,1019.0,0.3,0.7,6,5262.9,0
2024-07-27 20:31:01,5,57,23.8,87,18.0,1019.0,0.0,0.7,5,5262.9,0
2024-07-27 20:36:01,5,57,23.8,88,17.9,1019.2,0.0,0.0,5,5262.9,0
2024-07-27 20:41:01,5,57,23.8,88,17.9,1019.3,0.0,0.7,6,5262.9,0
2024-07-27 20:46:01,5,57,23.8,88,17.8,1019.2,0.0,0.0,7,5262.9,0
2024-07-27 20:51:01,5,57,23.8,88,17.8,1019.4,0.0,0.0,4,5262.9,0
2024-07-27 20:56:01,5,57,23.8,88,17.7,1019.4,0.3,1.7,4,5262.9,0
2024-07-27 21:01:01,5,57,23.8,88,17.7,1019.3,0.0,0.0,7,5262.9,0
2024-07-27 21:06:01,5,58,23.8,88,17.6,1019.5,0.0,1.0,7,5262.9,0
2024-07-27 21:11:01,5,58,23.8,88,17.6,1019.6,0.3,0.7,2,5262.9,0
2024-07-27 21:16:01,5,58,23.8,89,17.5,1019.7,0.0,0.0,2,5262.9,0
2024-07-27 21:21:01,5,58,23.8,89,17.5,1019.7,0.3,1.7,3,5262.9,0
2024-07-27 21:26:01,5,58,23.8,89,17.5,1019.7,0.3,0.7,3,5262.9,0
2024-07-27 21:31:01,5,59,23.8,89,17.4,1019.8,0.0,0.0,3,5262.9,0
2024-07-27 21:36:01,5,59,23.8,89,17.3,1019.8,0.0,0.7,3,5262.9,0
2024-07-27 21:41:01,5,59,23.8,90,17.3,1020.0,0.0,0.0,3,5262.9,0
2024-07-27 21:46:01,5,59,23.8,90,17.2,1020.0,0.0,0.0,3,5262.9,0
2024-07-27 21:51:01,5,59,23.8,90,17.1,1020.2,0.0,0.0,3,5262.9,0
2024-07-27 21:56:01,5,59,23.8,91,17.1,1020.1,0.0,0.0,3,5262.9,0
2024-07-27 22:01:01,5,59,23.7,91,17.1,1020.3,0.0,0.0,3,5262.9,0
2024-07-27 22:06:01,5,59,23.7,91,17.1,1020.4,0.0,0.7,3,5262.9,0
2024-07-27 22:11:01,5,59,23.7,91,17.0,1020.4,0.0,0.0,3,5262.9,0
2024-07-27 22:16:01,5,59,23.7,91,17.1,1020.4,0.0,0.7,4,5262.9,0
2024-07-27 22:21:01,5,59,23.7,92,17.0,1020.4,0.0,0.0,4,5262.9,0
2024-07-27 22:26:01,5,59,23.7,92,16.9,1020.5,0.0,0.0,4,5262.9,0
2024-07-27 22:31:01,5,59,23.6,92,16.9,1020.6,0.0,0.0,4,5262.9,0
2024-07-27 22:36:01,5,59,23.6,92,16.8,1020.5,0.0,0.0,4,5262.9,0
2024-07-27 22:41:01,5,60,23.6,93,16.7,1020.7,0.0,0.0,4,5262.9,0
2024-07-27 22:46:01,5,60,23.6,93,16.6,1020.8,0.0,0.0,4,5262.9,0
2024-07-27 22:51:01,5,60,23.6,93,16.6,1020.8,0.0,0.0,4,5262.9,0
2024-07-27 22:56:01,5,60,23.6,94,16.5,1020.9,0.0,0.0,4,5262.9,0
2024-07-27 23:01:01,5,60,23.5,94,16.6,1021.0,0.0,0.0,4,5262.9,0
2024-07-27 23:06:01,5,60,23.5,94,16.6,1021.1,0,0,4,5262.9,0
2024-07-27 23:11:01,5,60,23.4,94,16.7,1021.2,0,0.7,6,5262.9,0
2024-07-27 23:16:01,5,60,23.4,94,16.7,1021.3,0,0,5,5262.9,0
2024-07-27 23:21:01,5,60,23.4,95,16.7,1021.3,0,0,5,5262.9,0
2024-07-27 23:26:01,5,60,23.4,95,16.7,1021.4,0,0,3,5262.9,0
2024-07-27 23:31:01,5,61,23.4,95,16.7,1021.3,0,0,3,5262.9,0
2024-07-27 23:36:01,5,61,23.3,95,16.7,1021.6,0,0,3,5262.9,0
2024-07-27 23:41:01,5,61,23.3,95,16.7,1021.7,0,0,3,5262.9,0
2024-07-27 23:46:01,5,61,23.3,95,16.7,1021.7,0.3,0.7,3,5262.9,0
2024-07-27 23:51:01,5,61,23.3,95,16.7,1021.8,0,0,3,5262.9,0
2024-07-27 23:56:01,5,61,23.3,95,16.7,1021.8,0,0.7,3,5262.9,0
