2023-12-28 00:03:04,5,64,18.7,90,10.3,1013.9,1.7,2.7,11,4418.1,0
2023-12-28 00:08:04,5,64,18.7,90,10.3,1014.0,1.0,2.7,9,4418.1,0
2023-12-28 00:13:04,5,64,18.7,90,10.4,1014.1,2.0,3.1,5,4418.1,0
2023-12-28 00:18:04,5,64,18.7,90,10.4,1014.1,1.4,2.0,8,4418.1,0
2023-12-28 00:23:04,5,64,18.7,90,10.4,1014.1,1.4,2.0,7,4418.1,0
2023-12-28 00:28:04,5,64,18.6,90,10.3,1014.3,1.7,3.7,5,4418.1,0
2023-12-28 00:33:04,5,64,18.6,90,10.2,1014.3,1.0,2.0,6,4418.1,0
2023-12-28 00:38:04,5,64,18.5,90,10.2,1014.5,1.7,4.1,7,4418.1,0
2023-12-28 00:43:04,5,64,18.5,90,10.2,1014.7,1.7,3.1,6,4418.1,0
2023-12-28 00:48:04,5,64,18.4,90,10.3,1014.7,1.7,3.7,12,4418.1,0
2023-12-28 00:53:04,5,64,18.4,90,10.2,1014.7,1.0,2.7,9,4418.1,0
2023-12-28 00:58:04,5,64,18.3,90,10.2,1014.6,1.4,2.0,11,4418.1,0
2023-12-28 01:03:04,5,64,18.3,90,10.1,1014.8,1.0,2.7,12,4418.1,0
2023-12-28 01:08:04,5,64,18.3,89,10.2,1014.9,1.0,2.7,5,4418.1,0
2023-12-28 01:13:04,5,64,18.1,90,10.1,1014.9,1.4,3.1,4,4418.1,0
2023-12-28 01:18:04,5,64,18.1,90,10.1,1015.1,1.4,2.0,12,4418.1,0
2023-12-28 01:23:04,5,64,18.1,90,10.1,1015.1,0.7,1.7,11,4418.1,0
2023-12-28 01:28:04,5,64,18.0,90,10.0,1015.0,0.7,2.0,10,4418.1,0
2023-12-28 01:33:04,5,64,18.0,90,10.1,1015.1,2.0,3.1,8,4418.1,0
2023-12-28 01:38:04,5,64,18.0,90,10.0,1015.1,1.4,3.1,11,4418.1,0
2023-12-28 01:43:04,5,64,17.9,90,10.0,1015.0,1.0,2.0,7,4418.1,0
2023-12-28 01:48:01,5,65,17.9,90,10.1,1015.3,1.7,4.8,0,4418.1,0
2023-12-28 01:53:01,5,65,17.9,90,10.2,1015.2,1.7,3.1,7,4418.1,0
2023-12-28 01:58:01,5,65,17.9,89,10.2,1015.4,1.4,2.7,13,4418.1,0
2023-12-28 02:03:01,5,65,17.9,90,10.2,1015.3,1.4,1.7,7,4418.1,0
2023-12-28 02:08:01,5,65,17.8,90,10.3,1015.4,1.7,3.7,4,4418.1,0
2023-12-28 02:13:01,5,65,17.8,90,10.3,1015.5,2.4,4.1,6,4418.1,0
2023-12-28 02:18:01,5,65,17.8,89,10.4,1015.4,1.7,3.1,9,4418.1,0
2023-12-28 02:23:01,5,64,17.8,89,10.3,1015.3,1.4,3.1,0,4418.1,0
2023-12-28 02:28:01,5,64,17.7,90,10.2,1015.4,1.7,2.7,4,4418.1,0
2023-12-28 02:33:01,5,64,17.7,90,10.2,1015.4,1.7,4.1,5,4418.1,0
2023-12-28 02:38:01,5,64,17.7,89,10.3,1015.5,1.7,3.7,12,4418.1,0
2023-12-28 02:43:01,5,64,17.6,89,10.3,1015.3,1.4,2.0,10,4418.1,0
2023-12-28 02:48:01,5,64,17.6,89,10.3,1015.5,2.0,3.7,7,4418.1,0
2023-12-28 02:53:01,5,64,17.6,89,10.2,1015.6,1.0,2.0,11,4418.1,0
2023-12-28 02:58:01,5,64,17.6,90,10.2,1015.8,1.4,2.7,7,4418.1,0
2023-12-28 03:03:01,5,64,17.5,89,10.3,1015.7,2.7,5.1,8,4418.1,0
2023-12-28 03:08:01,5,64,17.5,89,10.4,1015.8,3.1,5.8,6,4418.1,0
2023-12-28 03:13:01,5,64,17.5,89,10.3,1015.5,1.4,3.7,15,4418.1,0
2023-12-28 03:18:01,5,64,17.5,89,10.2,1015.8,1.0,2.7,7,4418.1,0
2023-12-28 03:23:01,5,64,17.5,89,10.3,1015.7,1.7,4.8,10,4418.1,0
2023-12-28 03:28:01,5,64,17.5,89,10.2,1015.5,1.4,3.7,11,4418.1,0
2023-12-28 03:33:01,5,64,17.5,89,10.2,1015.6,1.4,2.7,6,4418.1,0
2023-12-28 03:38:01,5,64,17.4,89,10.2,1015.8,2.4,4.1,8,4418.1,0
2023-12-28 03:43:01,5,64,17.4,89,10.2,1015.8,1.7,4.1,3,4418.1,0
2023-12-28 03:48:01,5,64,17.4,90,10.0,1015.6,1.7,3.7,9,4418.1,0
2023-12-28 03:53:01,5,64,17.4,89,10.0,1015.5,0.7,1.7,13,4418.1,0
2023-12-28 03:58:01,5,64,17.4,89,10.1,1015.7,3.1,5.8,12,4418.1,0
2023-12-28 04:03:01,5,64,17.4,89,10.2,1015.6,1.4,2.7,12,4418.1,0
2023-12-28 04:08:01,5,64,17.4,88,10.2,1015.6,1.4,3.1,4,4418.1,0
2023-12-28 04:13:01,5,64,17.3,88,10.3,1015.6,2.4,3.7,9,4418.1,0
2023-12-28 04:18:01,5,64,17.3,89,10.1,1015.6,1.7,2.7,6,4418.1,0
2023-12-28 04:23:01,5,64,17.3,88,10.3,1015.7,2.0,4.8,8,4418.1,0
2023-12-28 04:28:01,5,64,17.3,88,10.3,1015.7,2.0,3.1,7,4418.1,0
2023-12-28 04:33:01,5,64,17.3,88,10.4,1015.7,2.0,4.1,4,4418.1,0
2023-12-28 04:38:01,5,64,17.3,87,10.5,1015.6,2.0,3.1,6,4418.1,0
2023-12-28 04:43:01,5,63,17.2,87,10.4,1015.7,1.4,2.7,0,4418.1,0
2023-12-28 04:48:01,5,63,17.1,87,10.4,1015.8,1.7,4.8,7,4418.1,0
2023-12-28 04:53:01,5,63,17.1,87,10.5,1015.7,1.7,3.1,9,4418.1,0
2023-12-28 04:58:01,5,63,17.1,87,10.5,1015.8,1.4,2.0,10,4418.1,0
2023-12-28 05:03:01,5,63,17.1,87,10.5,1015.9,1.4,3.1,4,4418.1,0
2023-12-28 05:08:01,5,63,17.1,87,10.5,1016.0,0.7,1.7,1,4418.1,0
2023-12-28 05:13:01,5,63,17.1,86,10.6,1016.0,2.0,3.7,5,4418.1,0
2023-12-28 05:18:01,5,63,17.1,86,10.7,1016.1,1.7,3.7,10,4418.1,0
2023-12-28 05:23:01,5,63,17.1,86,10.7,1016.0,1.4,2.7,14,4418.1,0
2023-12-28 05:28:01,5,63,17.1,86,10.7,1015.8,1.7,2.7,13,4418.1,0
2023-12-28 05:33:01,5,63,17.1,85,10.7,1016.1,1.7,2.7,11,4418.1,0
2023-12-28 05:38:01,5,63,17.1,85,10.7,1016.1,2.7,5.1,9,4418.1,0
2023-12-28 05:43:01,5,63,17.1,84,10.8,1016.0,2.0,3.7,12,4418.1,0
2023-12-28 05:48:01,5,63,17.0,84,10.8,1016.2,2.7,4.8,4,4418.1,0
2023-12-28 05:53:01,5,63,17.0,85,10.8,1016.1,2.0,3.1,7,4418.1,0
2023-12-28 05:58:01,5,63,17.0,84,10.8,1016.3,2.0,3.7,2,4418.1,0
2023-12-28 06:03:01,5,63,17.0,84,10.8,1016.3,1.7,3.1,9,4418.1,0
2023-12-28 06:08:01,5,62,17.0,84,10.9,1016.2,2.4,4.8,7,4418.1,0
2023-12-28 06:13:01,5,62,17.0,83,10.9,1016.3,2.0,5.1,12,4418.1,0
2023-12-28 06:18:01,5,62,17.0,84,10.9,1016.5,1.4,3.1,9,4418.1,0
2023-12-28 06:23:01,5,62,17.0,84,10.8,1016.6,2.7,4.8,6,4418.1,0
2023-12-28 06:28:01,5,62,17.0,84,10.8,1016.7,1.7,3.7,7,4418.1,0
2023-12-28 06:33:01,5,62,17.0,84,10.7,1016.6,2.4,5.1,9,4418.1,0
2023-12-28 06:38:01,5,62,17.0,84,10.8,1016.8,2.0,3.7,8,4418.1,0
2023-12-28 06:43:01,5,62,17.0,85,10.6,1016.6,1.4,2.0,9,4418.1,0
2023-12-28 06:48:01,5,62,17.0,85,10.6,1016.7,2.7,4.1,6,4418.1,0
2023-12-28 06:53:01,5,63,16.9,85,10.5,1016.5,1.7,3.1,3,4418.1,0
2023-12-28 06:58:01,5,63,16.9,85,10.5,1016.6,1.7,4.8,12,4418.1,0
2023-12-28 07:03:01,5,63,16.9,85,10.5,1016.7,1.7,3.7,8,4418.1,0
2023-12-28 07:08:01,5,63,16.9,85,10.4,1016.7,1.7,3.7,8,4418.1,0
2023-12-28 07:13:01,5,63,16.9,86,10.3,1016.9,2.0,4.1,4,4418.1,0
2023-12-28 07:18:01,5,64,16.9,86,10.3,1016.9,2.0,3.7,9,4418.1,0
2023-12-28 07:23:01,5,63,17.1,86,10.4,1016.9,2.4,4.1,5,4418.1,0
2023-12-28 07:28:01,5,63,17.3,86,10.4,1016.8,1.7,3.1,0,4418.1,0
2023-12-28 07:33:01,5,64,17.6,86,10.4,1016.5,2.0,4.8,4,4418.1,0
2023-12-28 07:38:01,5,64,18.0,85,10.5,1016.1,1.4,3.1,15,4418.1,0
2023-12-28 07:43:01,5,64,18.6,86,10.5,1015.8,1.0,1.7,14,4418.1,0
2023-12-28 07:48:01,5,62,19.0,85,10.5,1015.5,2.0,4.8,5,4418.1,0
2023-12-28 07:53:01,5,61,19.2,85,10.5,1015.2,2.0,4.8,6,4418.1,0
2023-12-28 07:58:01,5,61,19.6,85,10.5,1014.8,0.7,2.0,6,4418.1,0
2023-12-28 08:03:01,5,61,19.9,85,10.5,1014.6,1.4,2.0,6,4418.1,0
2023-12-28 08:08:01,5,60,20.1,85,10.5,1014.3,2.0,3.1,7,4418.1,0
2023-12-28 08:13:01,5,59,21.0,85,10.5,1014.2,1.7,2.7,10,4418.1,0
2023-12-28 08:18:01,5,57,21.1,85,10.5,1014.2,1.4,2.7,0,4418.1,0
2023-12-28 08:23:01,5,57,21.1,85,10.6,1014.1,1.0,1.7,7,4418.1,0
2023-12-28 08:28:01,5,57,21.2,85,10.6,1014.3,1.0,2.0,2,4418.1,0
2023-12-28 08:33:01,5,57,21.2,84,10.6,1014.2,1.0,2.7,8,4418.1,0
2023-12-28 08:38:01,5,57,21.2,84,10.7,1014.1,1.4,3.7,9,4418.1,0
2023-12-28 08:43:01,5,57,21.2,84,10.7,1014.0,3.1,5.1,4,4418.1,0
2023-12-28 08:48:01,5,57,21.1,84,10.7,1014.3,1.4,3.1,6,4418.1,0
2023-12-28 08:53:01,5,57,21.1,84,10.7,1014.4,2.0,4.1,14,4418.1,0
2023-12-28 08:58:01,5,57,21.1,84,10.7,1014.4,2.0,3.1,8,4418.1,0
2023-12-28 09:03:01,5,57,20.2,84,10.7,1014.4,1.4,2.0,1,4418.1,0
2023-12-28 09:08:01,5,58,20.2,84,10.8,1014.5,2.0,4.1,8,4418.1,0
2023-12-28 09:13:01,5,58,20.2,83,10.8,1014.5,2.4,4.1,8,4418.1,0
2023-12-28 09:18:01,5,58,20.2,83,10.8,1014.5,2.7,6.1,1,4418.1,0
2023-12-28 09:23:01,5,58,20.2,83,10.8,1014.7,2.0,3.1,10,4418.1,0
2023-12-28 09:28:01,5,58,20.2,84,10.9,1014.7,1.4,2.7,12,4418.1,0
2023-12-28 09:33:01,5,58,20.2,83,10.9,1014.9,2.0,2.7,10,4418.1,0
2023-12-28 09:38:01,5,58,20.2,83,10.9,1014.8,2.0,3.7,13,4418.1,0
2023-12-28 09:43:01,5,58,20.2,84,10.9,1014.8,2.0,4.1,6,4418.1,0
2023-12-28 09:48:01,5,58,20.2,83,10.9,1015.0,1.0,2.7,8,4418.1,0
2023-12-28 09:53:01,5,58,20.2,83,11.0,1015.0,1.7,3.7,14,4418.1,0
2023-12-28 09:58:01,5,58,20.3,83,11.0,1015.1,1.4,2.7,10,4418.1,0
2023-12-28 10:03:01,5,58,20.3,83,10.9,1015.2,2.0,3.7,7,4418.1,0
2023-12-28 10:08:01,5,58,20.3,83,10.9,1015.2,2.4,5.1,5,4418.1,0
2023-12-28 10:13:01,5,57,20.3,83,11.0,1015.1,2.4,4.8,11,4418.1,0
2023-12-28 10:18:01,5,57,21.1,83,11.0,1015.1,2.0,4.1,7,4418.1,0
2023-12-28 10:23:01,5,57,21.1,83,11.0,1015.1,1.7,3.1,10,4418.1,0
2023-12-28 10:28:01,5,57,20.3,83,11.0,1015.2,2.4,4.8,14,4418.1,0
2023-12-28 10:33:01,5,57,20.3,83,10.9,1015.0,1.7,3.7,10,4418.1,0
2023-12-28 10:38:01,5,57,21.1,83,11.0,1015.1,2.7,5.1,7,4418.1,0
2023-12-28 10:43:01,5,57,21.1,83,11.1,1015.1,2.0,7.1,8,4418.1,0
2023-12-28 10:48:01,5,57,21.1,82,11.1,1015.1,2.0,3.7,8,4418.1,0
2023-12-28 10:53:01,5,57,21.1,83,11.1,1015.1,1.4,2.7,12,4418.1,0
2023-12-28 10:58:01,5,56,20.3,83,11.1,1015.2,2.0,4.8,8,4418.1,0
2023-12-28 11:03:01,5,55,20.3,82,11.1,1015.1,1.0,2.0,9,4418.1,0
2023-12-28 11:08:01,5,55,20.3,83,11.2,1015.2,1.7,3.1,14,4418.1,0
2023-12-28 11:13:01,5,55,20.3,82,11.3,1015.2,1.7,4.8,9,4418.1,0
2023-12-28 11:18:01,5,55,20.3,82,11.3,1015.2,2.0,3.7,6,4418.1,0
2023-12-28 11:23:01,5,55,20.3,82,11.3,1015.1,2.0,5.1,7,4418.1,0
2023-12-28 11:28:01,5,54,20.2,82,11.4,1015.0,1.7,2.7,6,4418.1,0
2023-12-28 11:33:01,5,54,20.2,82,11.4,1015.0,1.4,3.1,7,4418.1,0
2023-12-28 11:38:01,5,53,20.2,81,11.4,1014.9,2.7,4.1,6,4418.1,0
2023-12-28 11:43:01,5,53,20.2,81,11.4,1015.0,1.0,2.7,12,4418.1,0
2023-12-28 11:48:01,5,53,20.1,81,11.4,1015.0,1.7,4.8,9,4418.1,0
2023-12-28 11:53:01,5,53,20.1,81,11.4,1015.1,1.7,3.1,14,4418.1,0
2023-12-28 11:58:01,5,53,20.1,81,11.4,1015.1,1.7,2.7,7,4418.1,0
2023-12-28 12:03:01,5,54,20.1,81,11.4,1015.1,2.0,5.1,5,4418.1,0
2023-12-28 12:08:01,5,55,20.1,82,11.4,1015.0,1.7,3.7,5,4418.1,0
2023-12-28 12:13:01,5,55,20.2,81,11.4,1014.9,2.0,4.8,6,4418.1,0
2023-12-28 12:18:01,5,55,20.2,81,11.4,1014.8,2.4,5.1,8,4418.1,0
2023-12-28 12:23:01,5,55,20.2,81,11.5,1014.9,2.0,4.8,7,4418.1,0
2023-12-28 12:28:01,5,56,20.2,81,11.5,1014.8,1.0,2.7,15,4418.1,0
2023-12-28 12:33:01,5,56,20.2,81,11.4,1014.7,2.4,4.1,7,4418.1,0
2023-12-28 12:38:01,5,56,20.2,81,11.4,1014.8,1.0,2.0,6,4418.1,0
2023-12-28 12:43:01,5,56,20.1,81,11.3,1014.7,3.4,6.1,7,4418.1,0
2023-12-28 12:48:01,5,56,20.1,82,11.4,1014.7,1.4,2.7,14,4418.1,0
2023-12-28 12:53:01,5,56,20.1,81,11.4,1014.8,2.4,5.1,8,4418.1,0
2023-12-28 12:58:01,5,56,20.1,81,11.4,1014.6,1.0,2.7,14,4418.1,0
2023-12-28 13:03:01,5,56,20.0,81,11.4,1014.7,1.0,2.0,10,4418.1,0
2023-12-28 13:08:01,5,56,20.0,81,11.5,1014.7,2.0,3.7,10,4418.1,0
2023-12-28 13:13:01,5,57,19.9,81,11.5,1014.6,1.7,3.1,7,4418.1,0
2023-12-28 13:18:01,5,58,19.9,80,11.6,1014.6,1.7,6.1,4,4418.1,0
2023-12-28 13:23:01,5,58,19.9,80,11.5,1014.6,2.0,3.7,6,4418.1,0
2023-12-28 13:28:01,5,58,19.8,80,11.5,1014.7,2.7,4.8,8,4418.1,0
2023-12-28 13:33:01,5,58,19.7,80,11.5,1014.8,2.7,4.8,13,4418.1,0
2023-12-28 13:38:01,5,58,19.7,80,11.5,1014.7,1.7,2.7,15,4418.1,0
2023-12-28 13:43:01,5,58,19.7,81,11.4,1014.7,1.0,1.7,6,4418.1,0
2023-12-28 13:48:01,5,58,19.6,81,11.5,1014.7,2.0,3.7,9,4418.1,0
2023-12-28 13:53:01,5,58,19.6,81,11.4,1014.9,1.4,3.7,12,4418.1,0
2023-12-28 13:58:01,5,58,19.5,81,11.4,1015.1,1.7,2.7,4,4418.1,0
2023-12-28 14:03:01,5,58,19.5,81,11.4,1015.2,1.0,2.7,8,4418.1,0
2023-12-28 14:08:01,5,59,19.4,82,11.4,1015.1,1.7,3.1,6,4418.1,0
2023-12-28 14:13:01,5,59,19.3,81,11.4,1015.0,2.0,3.1,5,4418.1,0
2023-12-28 14:18:01,5,59,19.3,81,11.4,1015.2,2.0,4.1,7,4418.1,0
2023-12-28 14:23:01,5,59,19.3,81,11.4,1015.1,1.4,2.7,11,4418.1,0
2023-12-28 14:28:01,5,60,19.2,81,11.3,1015.2,2.0,3.1,6,4418.1,0
2023-12-28 14:33:01,5,60,19.2,81,11.4,1015.1,2.0,3.7,11,4418.1,0
2023-12-28 14:38:01,5,61,19.2,81,11.4,1015.2,1.0,2.7,7,4418.1,0
2023-12-28 14:43:01,5,61,19.2,81,11.4,1015.2,1.7,2.7,6,4418.1,0
2023-12-28 14:48:01,5,61,19.1,80,11.4,1015.2,2.0,3.1,9,4418.1,0
2023-12-28 14:53:01,5,61,19.1,80,11.4,1015.3,1.4,2.7,5,4418.1,0
2023-12-28 14:58:01,5,62,19.2,80,11.4,1015.2,1.4,2.7,15,4418.1,0
2023-12-28 15:03:01,5,62,19.5,80,11.3,1014.9,1.7,3.7,9,4418.1,0
2023-12-28 15:08:01,5,62,19.7,80,11.3,1014.7,2.0,3.7,9,4418.1,0
2023-12-28 15:13:01,5,61,19.9,80,11.2,1014.6,0.7,1.7,10,4418.1,0
2023-12-28 15:18:01,5,60,20.1,80,11.2,1014.3,1.0,1.7,7,4418.1,0
2023-12-28 15:23:01,5,60,20.2,80,11.2,1014.0,2.0,4.1,7,4418.1,0
2023-12-28 15:28:01,5,59,20.3,80,11.2,1013.9,1.7,3.7,5,4418.1,0
2023-12-28 15:33:01,5,59,21.2,80,11.3,1013.7,1.4,3.1,7,4418.1,0
2023-12-28 15:38:01,5,58,21.3,80,11.3,1013.5,2.4,4.8,6,4418.1,0
2023-12-28 15:43:01,5,58,21.3,80,11.2,1013.5,1.4,3.7,11,4418.1,0
2023-12-28 15:48:01,5,58,21.3,80,11.1,1013.3,1.4,2.7,15,4418.1,0
2023-12-28 15:53:01,5,58,21.3,81,11.0,1013.4,1.7,2.7,15,4418.1,0
2023-12-28 15:58:01,5,57,21.3,81,11.0,1013.3,1.0,1.7,11,4418.1,0
2023-12-28 16:03:01,5,57,21.3,81,11.0,1013.3,1.0,1.7,15,4418.1,0
2023-12-28 16:08:01,5,57,21.3,81,11.0,1013.4,1.4,2.0,13,4418.1,0
2023-12-28 16:13:01,5,57,21.3,81,11.0,1013.2,2.0,3.7,8,4418.1,0
2023-12-28 16:18:01,5,57,21.2,81,11.0,1013.5,1.4,3.1,8,4418.1,0
2023-12-28 16:23:01,5,57,21.2,81,11.1,1013.6,1.4,1.7,6,4418.1,0
2023-12-28 16:28:01,5,57,21.1,81,11.1,1013.7,1.0,2.0,5,4418.1,0
2023-12-28 16:33:01,5,58,20.3,81,11.0,1013.7,1.0,2.0,10,4418.1,0
2023-12-28 16:38:01,5,58,20.3,81,11.0,1013.7,1.4,2.7,4,4418.1,0
2023-12-28 16:43:01,5,58,20.2,81,11.0,1013.7,1.0,2.7,6,4418.1,0
2023-12-28 16:48:01,5,58,20.2,81,11.0,1013.8,1.7,3.1,3,4418.1,0
2023-12-28 16:53:01,5,58,20.1,81,10.9,1013.7,1.0,2.7,5,4418.1,0
2023-12-28 16:58:01,5,59,20.1,82,10.8,1013.8,1.4,2.0,6,4418.1,0
2023-12-28 17:03:01,5,59,20.0,81,10.8,1013.8,1.4,3.7,7,4418.1,0
2023-12-28 17:08:01,5,60,19.9,81,10.7,1013.9,1.4,3.1,15,4418.1,0
2023-12-28 17:13:01,5,60,19.9,81,10.8,1013.7,1.0,2.7,12,4418.1,0
2023-12-28 17:18:01,5,60,19.9,80,10.9,1013.8,1.7,3.7,5,4418.1,0
2023-12-28 17:23:01,5,60,19.8,80,10.9,1013.7,1.7,3.1,11,4418.1,0
2023-12-28 17:28:01,5,60,19.7,81,10.9,1013.9,1.4,2.0,5,4418.1,0
2023-12-28 17:33:01,5,60,19.7,80,11.0,1013.8,1.7,4.1,7,4418.1,0
2023-12-28 17:38:01,5,60,19.6,81,10.9,1014.0,1.4,3.1,1,4418.1,0
2023-12-28 17:43:01,5,59,19.5,80,11.0,1013.9,1.4,2.0,5,4418.1,0
2023-12-28 17:48:01,5,59,19.4,81,10.9,1014.0,1.4,2.0,4,4418.1,0
2023-12-28 17:53:01,5,59,19.3,81,10.9,1013.9,1.7,2.7,4,4418.1,0
2023-12-28 17:58:01,5,59,19.3,81,10.9,1013.9,1.7,3.7,10,4418.1,0
2023-12-28 18:03:01,5,60,19.3,80,11.0,1014.0,1.4,3.1,9,4418.1,0
2023-12-28 18:08:01,5,60,19.2,80,11.0,1014.0,1.4,3.1,8,4418.1,0
2023-12-28 18:13:01,5,60,19.2,80,11.1,1013.8,2.7,6.1,8,4418.1,0
2023-12-28 18:18:01,5,61,19.2,80,11.1,1013.8,2.0,3.1,6,4418.1,0
2023-12-28 18:23:01,5,61,19.2,80,11.1,1014.0,2.7,4.1,8,4418.1,0
2023-12-28 18:28:01,5,61,19.1,79,11.1,1014.1,1.7,3.1,3,4418.1,0
2023-12-28 18:33:01,5,60,19.1,80,11.1,1014.2,1.0,2.7,10,4418.1,0
2023-12-28 18:38:01,5,61,19.1,80,11.1,1014.1,2.7,4.8,7,4418.1,0
2023-12-28 18:43:01,5,61,19.1,79,11.1,1014.2,2.4,4.8,9,4418.1,0
2023-12-28 18:48:01,5,61,19.0,79,11.2,1014.2,2.4,4.8,2,4418.1,0
2023-12-28 18:53:01,5,61,19.0,79,11.1,1014.2,2.4,5.8,10,4418.1,0
2023-12-28 18:58:01,5,61,19.0,80,11.1,1014.2,1.4,2.0,6,4418.1,0
2023-12-28 19:03:01,5,62,18.9,80,11.1,1014.2,1.0,2.0,5,4418.1,0
2023-12-28 19:08:01,5,62,18.8,79,11.1,1014.3,2.0,4.1,13,4418.1,0
2023-12-28 19:13:01,5,62,18.8,80,11.1,1014.1,1.7,3.7,9,4418.1,0
2023-12-28 19:18:01,5,62,18.8,80,11.2,1014.2,1.7,3.7,10,4418.1,0
2023-12-28 19:23:01,5,62,18.8,80,11.2,1014.1,1.7,3.1,9,4418.1,0
2023-12-28 19:28:01,5,62,18.8,80,11.2,1014.1,2.4,4.1,6,4418.1,0
2023-12-28 19:33:01,5,62,18.7,79,11.2,1014.1,1.0,2.0,13,4418.1,0
2023-12-28 19:38:01,5,62,18.7,80,11.1,1014.0,1.0,2.0,10,4418.1,0
2023-12-28 19:43:01,5,62,18.7,80,11.2,1014.1,2.0,3.7,10,4418.1,0
2023-12-28 19:48:01,5,63,18.8,80,11.2,1014.0,1.4,2.0,11,4418.1,0
2023-12-28 19:53:01,5,62,19.0,79,11.2,1013.8,2.4,4.8,11,4418.1,0
2023-12-28 19:58:01,5,62,19.2,80,11.2,1013.7,2.4,4.1,8,4418.1,0
2023-12-28 20:03:01,5,62,19.6,80,11.2,1013.1,3.1,7.1,7,4418.1,0
2023-12-28 20:08:01,5,62,19.9,80,11.2,1012.9,1.4,2.7,3,4418.1,0
2023-12-28 20:13:01,5,60,20.2,80,11.2,1012.4,2.0,4.1,6,4418.1,0
2023-12-28 20:18:01,5,60,20.4,80,11.1,1012.3,1.7,3.7,9,4418.1,0
2023-12-28 20:23:01,5,58,21.3,80,11.2,1011.9,2.0,2.7,10,4418.1,0
2023-12-28 20:28:01,5,57,21.5,80,11.2,1011.7,1.4,2.7,5,4418.1,0
2023-12-28 20:33:01,5,55,21.5,80,11.2,1011.5,2.7,4.8,10,4418.1,0
2023-12-28 20:38:01,5,55,21.6,80,11.2,1011.5,2.0,3.1,6,4418.1,0
2023-12-28 20:43:01,5,55,21.7,80,11.2,1011.3,2.4,5.1,7,4418.1,0
2023-12-28 20:48:01,5,55,21.7,80,11.2,1011.4,2.0,4.1,9,4418.1,0
2023-12-28 20:53:01,5,55,21.7,80,11.2,1011.3,2.0,3.7,6,4418.1,0
2023-12-28 20:58:01,5,55,21.7,80,11.2,1011.3,2.0,3.1,5,4418.1,0
2023-12-28 21:03:01,5,55,21.7,80,11.2,1011.2,3.1,4.8,8,4418.1,0
2023-12-28 21:08:01,5,56,21.7,80,11.1,1011.4,3.1,4.1,8,4418.1,0
2023-12-28 21:13:01,5,56,21.6,80,11.2,1011.3,2.7,3.7,8,4418.1,0
2023-12-28 21:18:01,5,55,21.6,80,11.2,1011.4,2.0,3.1,7,4418.1,0
2023-12-28 21:23:01,5,55,21.5,80,11.2,1011.5,1.7,3.1,7,4418.1,0
2023-12-28 21:28:01,5,55,21.5,80,11.2,1011.3,2.0,3.7,7,4418.1,0
2023-12-28 21:33:01,5,55,21.5,80,11.2,1011.1,2.7,4.8,6,4418.1,0
2023-12-28 21:38:01,5,56,21.5,80,11.1,1011.4,1.7,2.7,4,4418.1,0
2023-12-28 21:43:01,5,56,21.3,80,11.1,1011.6,1.7,4.8,10,4418.1,0
2023-12-28 21:48:01,5,57,21.3,80,11.1,1011.6,2.0,4.8,10,4418.1,0
2023-12-28 21:53:01,5,57,21.3,80,11.1,1011.5,2.0,4.1,9,4418.1,0
2023-12-28 21:58:01,5,57,21.2,81,11.1,1011.5,2.0,3.7,8,4418.1,0
2023-12-28 22:03:01,5,58,21.2,80,11.1,1011.6,2.4,4.8,6,4418.1,0
2023-12-28 22:08:01,5,58,21.2,80,11.2,1011.7,1.4,2.7,7,4418.1,0
2023-12-28 22:13:01,5,59,21.1,80,11.2,1011.7,1.7,3.1,8,4418.1,0
2023-12-28 22:18:01,5,60,20.3,81,11.1,1011.7,1.7,3.7,3,4418.1,0
2023-12-28 22:23:01,5,60,20.3,80,11.2,1011.7,2.7,7.1,8,4418.1,0
2023-12-28 22:28:01,5,60,20.3,81,11.1,1011.8,2.0,3.1,10,4418.1,0
2023-12-28 22:33:01,5,60,20.2,81,11.1,1012.0,2.7,4.8,8,4418.1,0
2023-12-28 22:38:01,5,60,20.2,82,11.0,1011.8,2.0,4.1,4,4418.1,0
2023-12-28 22:43:01,5,60,20.2,82,11.0,1011.8,2.4,5.8,7,4418.1,0
2023-12-28 22:48:01,5,60,20.1,82,11.1,1011.9,2.7,5.1,9,4418.1,0
2023-12-28 22:53:01,5,61,20.1,82,11.0,1012.0,1.4,2.7,13,4418.1,0
2023-12-28 22:58:01,5,61,20.1,82,11.1,1012.1,2.0,4.1,6,4418.1,0
2023-12-28 23:03:01,5,61,20.1,82,11.1,1012.1,2.0,3.7,5,4418.1,0
2023-12-28 23:08:01,5,60,20.0,82,11.2,1012.1,1.7,2.7,5,4418.1,0
2023-12-28 23:13:01,5,60,19.9,83,11.0,1011.9,3.1,8.8,7,4418.1,0
2023-12-28 23:18:01,5,60,19.9,83,11.0,1012.2,3.4,7.1,9,4418.1,0
2023-12-28 23:23:01,5,59,19.7,83,11.0,1012.5,2.7,5.1,7,4418.1,0
2023-12-28 23:28:01,5,59,19.7,83,11.0,1012.2,1.4,2.7,6,4418.1,0
2023-12-28 23:33:01,5,60,19.7,84,10.9,1012.5,2.7,5.1,6,4418.1,0
2023-12-28 23:38:01,5,59,19.6,87,10.6,1012.5,2.4,3.7,9,4418.1,0
2023-12-28 23:43:01,5,60,19.6,89,10.2,1012.5,2.0,4.8,10,4418.1,0
2023-12-28 23:48:01,5,60,19.5,89,10.2,1012.5,1.7,3.7,9,4418.1,0
2023-12-28 23:53:01,5,60,19.5,88,10.3,1012.5,2.0,4.1,9,4418.1,0
2023-12-28 23:58:01,5,60,19.4,86,10.5,1012.5,2.0,4.1,15,4418.1,0
