2023-12-31 00:03:00,5,65,18.9,91,9.5,1008.8,1.4,2.0,11,4429.8,0
2023-12-31 00:08:00,5,65,18.8,91,9.5,1008.6,1.4,3.1,15,4429.8,0
2023-12-31 00:13:00,5,65,18.8,91,9.5,1008.6,1.0,2.0,12,4429.8,0
2023-12-31 00:18:00,5,65,18.8,91,9.4,1008.5,0.3,1.7,12,4429.8,0
2023-12-31 00:23:00,5,65,18.8,90,9.4,1008.4,1.7,2.7,10,4429.8,0
2023-12-31 00:28:00,5,65,18.7,89,9.5,1008.4,1.0,2.0,13,4429.8,0
2023-12-31 00:33:00,5,65,18.7,89,9.5,1008.4,1.4,2.0,15,4429.8,0
2023-12-31 00:38:00,5,65,18.7,89,9.5,1008.4,1.0,2.0,6,4429.8,0
2023-12-31 00:43:00,5,65,18.7,88,9.5,1008.2,1.0,1.7,15,4429.8,0
2023-12-31 00:48:00,5,65,18.7,88,9.5,1008.1,1.0,2.0,14,4429.8,0
2023-12-31 00:53:00,5,65,18.6,88,9.5,1008.1,1.7,3.1,12,4429.8,0
2023-12-31 00:58:00,5,65,18.6,87,9.6,1008.0,0.7,1.7,11,4429.8,0
2023-12-31 01:03:00,5,65,18.6,87,9.6,1007.9,0.7,1.7,8,4429.8,0
2023-12-31 01:08:00,5,65,18.5,87,9.5,1007.9,0.7,2.0,13,4429.8,0
2023-12-31 01:13:00,5,64,18.5,87,9.5,1007.8,0.7,1.7,1,4429.8,0
2023-12-31 01:18:00,5,64,18.4,87,9.4,1007.7,1.0,1.7,10,4429.8,0
2023-12-31 01:23:00,5,64,18.3,88,9.4,1007.7,1.0,1.7,8,4429.8,0
2023-12-31 01:28:00,5,64,18.3,88,9.4,1007.6,0.7,1.0,14,4429.8,0
2023-12-31 01:33:00,5,64,18.3,88,9.4,1007.7,0.7,2.0,11,4429.8,0
2023-12-31 01:38:00,5,64,18.3,88,9.4,1007.6,1.0,2.0,12,4429.8,0
2023-12-31 01:43:00,5,64,18.2,88,9.3,1007.5,1.0,2.0,10,4429.8,0
2023-12-31 01:48:00,5,64,18.1,87,9.4,1007.4,1.0,1.7,1,4429.8,0
2023-12-31 01:53:00,5,64,18.1,87,9.3,1007.4,0.7,1.0,9,4429.8,0
2023-12-31 01:58:00,5,64,18.1,88,9.3,1007.2,0.7,1.7,13,4429.8,0
2023-12-31 02:03:02,5,64,18.1,88,9.3,1007.2,1.0,2.0,10,4429.8,0
2023-12-31 02:08:02,5,64,18.0,87,9.3,1007.1,0.3,1.0,12,4429.8,0
2023-12-31 02:13:02,5,64,18.0,87,9.3,1007.1,0.7,1.7,6,4429.8,0
2023-12-31 02:18:02,5,64,18.0,87,9.3,1006.9,1.0,2.0,8,4429.8,0
2023-12-31 02:23:02,5,64,18.0,87,9.3,1006.8,1.0,1.7,14,4429.8,0
2023-12-31 02:28:02,5,64,17.9,88,9.2,1006.8,0.7,1.0,13,4429.8,0
2023-12-31 02:33:02,5,64,17.9,87,9.2,1006.5,1.0,2.0,12,4429.8,0
2023-12-31 02:38:02,5,64,17.9,87,9.2,1006.5,1.0,1.7,4,4429.8,0
2023-12-31 02:43:02,5,64,17.9,87,9.2,1006.4,0.7,1.0,9,4429.8,0
2023-12-31 02:48:02,5,64,17.9,87,9.1,1006.2,0.7,1.7,11,4429.8,0
2023-12-31 02:53:02,5,64,17.8,87,9.1,1006.2,1.0,1.7,6,4429.8,0
2023-12-31 02:58:02,5,64,17.8,87,9.1,1006.0,0.3,1.0,10,4429.8,0
2023-12-31 03:03:02,5,64,17.8,88,8.9,1005.8,0.7,1.0,9,4429.8,0
2023-12-31 03:08:02,5,64,17.8,88,8.9,1005.6,0.7,1.0,3,4429.8,0
2023-12-31 03:13:02,5,64,17.8,88,8.9,1005.5,0.7,1.0,12,4429.8,0
2023-12-31 03:18:02,5,64,17.7,88,8.7,1005.5,0.7,1.0,7,4429.8,0
2023-12-31 03:23:02,5,64,17.7,89,8.7,1005.5,0.7,1.7,13,4429.8,0
2023-12-31 03:28:02,5,64,17.7,88,8.8,1005.4,0.7,1.7,0,4429.8,0
2023-12-31 03:33:02,5,64,17.7,88,8.8,1005.3,1.4,2.7,2,4429.8,0
2023-12-31 03:38:02,5,64,17.6,89,8.7,1005.2,0.7,1.7,5,4429.8,0
2023-12-31 03:43:02,5,64,17.6,89,8.7,1005.1,1.0,2.0,12,4429.8,0
2023-12-31 03:48:02,5,64,17.5,89,8.7,1005.0,0.7,1.7,4,4429.8,0
2023-12-31 03:53:02,5,64,17.5,89,8.7,1004.9,0.7,1.7,0,4429.8,0
2023-12-31 03:58:02,5,64,17.5,89,8.7,1004.6,0.7,1.7,8,4429.8,0
2023-12-31 04:03:02,5,64,17.5,89,8.7,1004.7,0.7,1.7,13,4429.8,0
2023-12-31 04:08:02,5,64,17.5,89,8.8,1004.7,0.7,1.7,10,4429.8,0
2023-12-31 04:13:02,5,64,17.5,89,8.7,1004.4,1.0,2.0,4,4429.8,0
2023-12-31 04:18:02,5,64,17.5,89,8.7,1004.2,1.0,2.0,8,4429.8,0
2023-12-31 04:23:02,5,64,17.4,89,8.8,1004.2,0.7,2.0,0,4429.8,0
2023-12-31 04:28:02,5,64,17.4,89,8.8,1004.1,0.7,1.0,11,4429.8,0
2023-12-31 04:33:02,5,64,17.4,89,8.7,1004.1,1.0,1.7,10,4429.8,0
2023-12-31 04:38:02,5,64,17.4,89,8.8,1004.1,0.7,1.0,10,4429.8,0
2023-12-31 04:43:02,5,64,17.4,89,8.8,1004.0,0.7,1.0,6,4429.8,0
2023-12-31 04:48:02,5,63,17.4,89,8.9,1003.7,0.7,2.0,12,4429.8,0
2023-12-31 04:53:02,5,63,17.3,89,8.9,1003.8,1.0,2.7,10,4429.8,0
2023-12-31 04:58:02,5,63,17.3,88,9.0,1003.6,0.7,1.0,8,4429.8,0
2023-12-31 05:03:02,5,63,17.3,88,9.1,1003.4,1.4,2.0,9,4429.8,0
2023-12-31 05:08:02,5,63,17.3,88,9.1,1003.4,1.4,2.7,6,4429.8,0
2023-12-31 05:13:02,5,63,17.3,87,9.2,1003.3,0.7,2.0,0,4429.8,0
2023-12-31 05:18:02,5,63,17.3,88,9.2,1003.1,0.7,1.7,11,4429.8,0
2023-12-31 05:23:02,5,63,17.2,88,9.3,1003.1,1.0,1.7,4,4429.8,0
2023-12-31 05:28:02,5,63,17.2,88,9.2,1003.0,1.0,2.0,12,4429.8,0
2023-12-31 05:33:02,5,63,17.1,88,9.2,1002.7,1.4,3.1,8,4429.8,0
2023-12-31 05:38:02,5,63,17.1,88,9.2,1002.7,1.0,2.7,15,4429.8,0
2023-12-31 05:43:02,5,63,17.1,87,9.2,1002.7,1.0,2.7,11,4429.8,0
2023-12-31 05:48:02,5,63,17.1,88,9.2,1002.8,0.7,1.7,13,4429.8,0
2023-12-31 05:53:02,5,63,17.1,87,9.2,1002.6,1.4,3.1,15,4429.8,0
2023-12-31 05:58:02,5,63,17.1,88,9.2,1002.6,0.7,1.7,15,4429.8,0
2023-12-31 06:03:02,5,63,17.1,88,9.2,1002.5,0.7,1.7,7,4429.8,0
2023-12-31 06:08:02,5,63,17.1,88,9.2,1002.5,1.0,2.7,12,4429.8,0
2023-12-31 06:13:02,5,63,17.0,88,9.1,1002.4,1.0,1.7,6,4429.8,0
2023-12-31 06:18:02,5,63,17.0,88,9.1,1002.3,1.0,1.7,11,4429.8,0
2023-12-31 06:23:02,5,63,17.0,88,9.2,1002.3,0.7,1.7,11,4429.8,0
2023-12-31 06:28:02,5,63,17.0,88,9.2,1002.0,1.0,2.7,13,4429.8,0
2023-12-31 06:33:02,5,63,17.0,87,9.2,1002.0,1.0,2.0,3,4429.8,0
2023-12-31 06:38:02,5,63,17.0,88,9.2,1001.8,1.0,1.7,13,4429.8,0
2023-12-31 06:43:02,5,63,17.0,88,9.2,1001.8,1.0,1.7,9,4429.8,0
2023-12-31 06:48:02,5,63,17.0,87,9.3,1001.6,0.7,1.0,14,4429.8,0
2023-12-31 06:53:02,5,64,16.9,87,9.3,1001.7,1.0,2.0,8,4429.8,0
2023-12-31 06:58:02,5,64,16.9,87,9.4,1001.7,0.7,1.0,7,4429.8,0
2023-12-31 07:03:02,5,64,16.9,87,9.4,1001.5,0.7,2.0,15,4429.8,0
2023-12-31 07:08:02,5,64,16.9,87,9.4,1001.5,0.7,2.0,15,4429.8,0
2023-12-31 07:13:02,5,64,16.9,90,9.2,1001.7,0.7,1.0,14,4430.1,0
2023-12-31 07:18:02,5,64,16.9,90,9.2,1001.4,0.7,1.7,15,4430.1,0
2023-12-31 07:23:02,5,64,16.9,91,9.2,1001.4,0.7,1.0,15,4430.1,0
2023-12-31 07:28:02,5,64,16.9,91,9.1,1001.5,1.0,1.7,0,4430.1,0
2023-12-31 07:33:02,5,64,16.9,91,9.1,1001.3,0.7,1.7,12,4430.1,0
2023-12-31 07:38:02,5,64,16.9,91,9.1,1001.2,1.0,1.7,15,4430.1,0
2023-12-31 07:43:02,5,64,16.9,91,9.2,1001.2,0.7,1.0,11,4430.1,0
2023-12-31 07:48:02,5,64,16.9,92,9.1,1001.0,0.7,1.0,11,4430.4,0
2023-12-31 07:53:02,5,64,16.9,92,9.0,1001.0,0.7,1.7,9,4430.4,0
2023-12-31 07:58:02,5,64,16.9,92,9.0,1001.0,0.3,0.7,10,4430.4,0
2023-12-31 08:03:02,5,64,16.9,93,9.0,1001.0,1.0,1.7,12,4430.4,0
2023-12-31 08:08:02,5,64,16.8,93,8.9,1001.0,0.3,1.0,0,4430.7,0
2023-12-31 08:13:02,5,64,16.8,94,8.8,1000.9,0.7,1.0,10,4430.7,0
2023-12-31 08:18:02,5,64,16.8,94,8.8,1000.9,0.3,1.0,12,4431.0,0
2023-12-31 08:23:02,5,64,16.8,95,8.7,1001.0,0.0,0.7,14,4431.0,0
2023-12-31 08:28:02,5,64,16.8,95,8.7,1001.1,0.7,1.0,8,4431.6,0
2023-12-31 08:33:02,5,65,16.8,96,8.7,1001.5,0.7,1.0,5,4431.9,0
2023-12-31 08:38:02,5,66,16.9,96,8.6,1001.5,0.3,1.0,0,4433.7,0
2023-12-31 08:43:02,5,67,17.1,98,8.3,1001.5,0.7,1.0,7,4434.0,0
2023-12-31 08:48:02,5,68,17.4,97,7.9,1001.1,0.7,1.0,15,4434.3,0
2023-12-31 08:53:02,5,68,17.6,97,7.8,1001.0,1.0,2.0,13,4434.3,0
2023-12-31 08:58:02,5,68,17.9,96,7.8,1000.7,1.4,3.1,10,4434.6,0
2023-12-31 09:03:02,5,67,18.2,95,7.9,1000.3,1.4,2.7,7,4434.6,0
2023-12-31 09:08:02,5,66,18.6,95,7.9,999.8,1.0,1.7,9,4434.6,0
2023-12-31 09:13:02,5,64,19.0,95,8.0,999.7,0.7,1.0,10,4434.6,0
2023-12-31 09:18:02,5,63,19.2,94,8.0,999.5,1.7,4.8,7,4434.6,0
2023-12-31 09:23:02,5,63,19.6,94,8.0,999.2,1.0,1.7,11,4435.2,0
2023-12-31 09:28:02,5,62,19.8,95,8.0,998.9,0.7,2.0,4,4435.2,0
2023-12-31 09:33:02,5,61,20.0,95,8.0,998.7,0.7,1.0,11,4435.2,0
2023-12-31 09:38:02,5,60,20.1,95,8.0,998.4,0.3,1.0,9,4435.2,0
2023-12-31 09:43:02,5,59,21.0,95,8.0,998.4,0.7,2.0,4,4435.2,0
2023-12-31 09:48:02,5,59,21.0,95,8.1,998.3,0.3,1.0,10,4435.2,0
2023-12-31 09:53:02,5,59,21.1,96,8.3,998.4,0.0,0.7,11,4435.2,0
2023-12-31 09:58:02,5,59,21.1,96,8.4,998.3,1.0,2.0,14,4435.2,0
2023-12-31 10:03:02,5,59,21.1,95,8.5,998.3,1.4,2.0,15,4435.2,0
2023-12-31 10:08:02,5,59,21.1,95,8.5,998.4,1.0,2.0,7,4435.2,0
2023-12-31 10:13:02,5,59,21.1,95,8.5,998.5,1.0,2.0,11,4435.2,0
2023-12-31 10:18:02,5,60,20.2,95,8.5,998.3,0.7,1.7,11,4435.2,0
2023-12-31 10:23:02,5,60,20.2,95,8.5,998.3,0.7,2.0,15,4435.2,0
2023-12-31 10:28:02,5,60,20.1,95,8.4,998.2,1.4,1.7,11,4435.2,0
2023-12-31 10:33:02,5,60,20.1,95,8.5,998.2,1.0,2.0,10,4435.2,0
2023-12-31 10:38:02,5,60,20.0,95,8.5,998.3,1.7,3.1,13,4435.5,0
2023-12-31 10:43:02,5,61,19.9,94,8.1,998.7,2.4,4.1,9,4435.5,0
2023-12-31 10:48:02,5,61,19.9,92,8.3,998.8,1.4,2.7,10,4435.8,0
2023-12-31 10:53:02,5,62,19.9,92,8.2,999.1,1.4,2.7,6,4435.8,0
2023-12-31 10:58:02,5,62,19.9,92,8.1,999.1,2.0,3.7,7,4435.8,0
2023-12-31 11:03:02,5,61,20.0,92,8.0,999.4,2.0,4.1,5,4435.8,0
2023-12-31 11:08:02,5,61,20.1,92,8.0,999.2,2.4,4.8,8,4436.1,0
2023-12-31 11:13:02,5,61,20.2,91,8.0,999.1,2.0,4.1,13,4436.1,0
2023-12-31 11:18:02,5,60,21.1,92,7.9,999.0,1.0,2.0,8,4436.1,0
2023-12-31 11:23:02,5,60,21.2,93,7.9,998.8,1.0,2.7,6,4436.1,0
2023-12-31 11:28:02,5,60,21.3,93,8.0,998.7,1.7,2.7,7,4436.1,0
2023-12-31 11:33:02,5,59,21.4,92,8.4,998.5,2.4,4.1,1,4436.1,0
2023-12-31 11:38:02,5,59,21.5,90,8.7,998.5,2.0,3.7,9,4436.1,0
2023-12-31 11:43:02,5,59,21.6,87,8.9,998.4,2.0,3.7,10,4436.1,0
2023-12-31 11:48:02,5,59,21.6,85,8.9,998.4,2.4,3.1,11,4436.1,0
2023-12-31 11:53:02,5,58,21.7,86,8.9,998.3,1.0,1.7,4,4436.1,0
2023-12-31 11:58:02,5,58,21.6,85,8.9,998.3,1.4,2.7,7,4436.1,0
2023-12-31 12:03:02,5,58,21.7,85,8.9,998.2,1.7,2.7,9,4436.1,0
2023-12-31 12:08:02,5,58,21.6,86,8.8,998.2,2.4,4.8,7,4436.1,0
2023-12-31 12:13:02,5,58,21.6,85,8.8,998.2,1.0,2.7,12,4436.1,0
2023-12-31 12:18:02,5,57,21.6,86,8.7,998.4,1.7,3.1,12,4436.1,0
2023-12-31 12:23:02,5,58,21.5,86,8.7,998.5,1.7,2.7,13,4436.1,0
2023-12-31 12:28:02,5,58,21.4,86,8.7,998.5,1.4,3.1,9,4436.1,0
2023-12-31 12:33:02,5,58,21.3,85,8.7,998.4,1.4,2.0,1,4436.1,0
2023-12-31 12:38:02,5,58,21.3,85,8.8,998.6,1.7,3.1,10,4436.1,0
2023-12-31 12:43:02,5,58,21.2,84,9.0,998.7,2.0,4.1,9,4436.1,0
2023-12-31 12:48:02,5,58,21.2,85,9.1,998.7,1.0,2.0,15,4436.1,0
2023-12-31 12:53:02,5,58,21.2,84,9.1,998.8,1.4,2.7,8,4436.1,0
2023-12-31 12:58:02,5,58,21.2,84,9.1,998.8,1.7,3.1,0,4436.1,0
2023-12-31 13:03:02,5,58,21.1,85,9.2,998.9,1.0,2.7,3,4436.1,0
2023-12-31 13:08:02,5,58,21.1,83,9.4,998.8,1.4,3.1,5,4436.1,0
2023-12-31 13:13:02,5,58,21.1,83,9.4,998.9,1.4,3.1,10,4436.1,0
2023-12-31 13:18:02,5,58,20.2,82,9.5,998.9,1.7,3.7,1,4436.1,0
2023-12-31 13:23:02,5,58,20.2,82,9.5,998.8,1.4,3.7,4,4436.1,0
2023-12-31 13:28:02,5,58,20.1,81,9.4,999.0,1.7,3.1,10,4436.1,0
2023-12-31 13:33:02,5,59,20.1,81,9.2,999.1,2.0,3.1,5,4436.1,0
2023-12-31 13:38:02,5,60,19.9,82,9.2,999.0,1.4,2.7,15,4436.1,0
2023-12-31 13:43:02,5,61,19.9,82,9.2,999.2,1.7,3.1,15,4436.1,0
2023-12-31 13:48:02,5,61,19.9,81,9.2,999.2,1.4,3.1,13,4436.1,0
2023-12-31 13:53:02,5,61,19.7,81,9.2,999.1,1.7,3.1,11,4436.1,0
2023-12-31 13:58:02,5,61,19.7,82,9.1,999.3,1.0,2.0,11,4436.1,0
2023-12-31 14:03:02,5,61,19.6,81,9.2,999.3,2.0,5.1,6,4436.1,0
2023-12-31 14:08:02,5,61,19.6,81,9.1,999.4,1.4,2.7,11,4436.1,0
2023-12-31 14:13:02,5,61,19.6,81,9.2,999.4,2.0,4.1,12,4436.1,0
2023-12-31 14:18:02,5,61,19.5,81,9.2,999.5,1.7,4.8,6,4436.1,0
2023-12-31 14:23:02,5,61,19.5,81,9.2,999.6,1.4,2.7,6,4436.1,0
2023-12-31 14:28:02,5,61,19.3,80,9.3,999.6,1.4,2.7,14,4436.1,0
2023-12-31 14:33:02,5,62,19.3,80,9.3,999.5,1.7,3.1,7,4436.1,0
2023-12-31 14:38:02,5,62,19.3,79,9.3,999.6,2.4,3.7,11,4436.1,0
2023-12-31 14:43:02,5,62,19.2,80,9.3,999.7,1.4,2.0,12,4436.1,0
2023-12-31 14:48:02,5,63,19.2,79,9.3,999.6,1.7,2.7,14,4436.1,0
2023-12-31 14:53:02,5,64,19.3,80,9.3,999.5,2.0,4.1,0,4436.1,0
2023-12-31 14:58:02,5,64,19.5,80,9.3,999.4,1.7,3.7,4,4436.1,0
2023-12-31 15:03:02,5,64,19.7,79,9.3,999.2,1.0,2.0,14,4436.1,0
2023-12-31 15:08:02,5,62,20.0,79,9.4,999.0,1.7,3.1,11,4436.1,0
2023-12-31 15:13:02,5,62,20.2,79,9.4,998.8,1.4,2.0,6,4436.1,0
2023-12-31 15:18:02,5,60,21.2,79,9.5,998.7,2.0,3.7,12,4436.1,0
2023-12-31 15:23:02,5,60,21.3,78,9.5,998.3,2.4,4.8,7,4436.1,0
2023-12-31 15:28:02,5,59,21.5,79,9.4,998.3,2.0,3.7,5,4436.1,0
2023-12-31 15:33:02,5,59,21.6,80,9.3,998.2,1.4,3.7,4,4436.1,0
2023-12-31 15:38:02,5,59,21.7,81,9.2,998.1,1.4,2.7,2,4436.1,0
2023-12-31 15:43:02,5,58,21.7,81,9.2,998.0,1.4,2.7,6,4436.1,0
2023-12-31 15:48:02,5,58,21.7,81,9.3,998.0,1.0,1.7,12,4436.1,0
2023-12-31 15:53:02,5,58,21.8,81,9.3,997.9,2.0,3.7,8,4436.1,0
2023-12-31 15:58:02,5,58,21.8,81,9.4,998.0,1.0,2.0,12,4436.1,0
2023-12-31 16:03:02,5,57,21.8,82,9.3,998.1,1.4,2.7,15,4436.1,0
2023-12-31 16:08:02,5,57,21.8,82,9.3,998.2,2.4,5.1,12,4436.1,0
2023-12-31 16:13:02,5,57,21.7,83,9.1,998.2,1.4,3.1,11,4436.1,0
2023-12-31 16:18:02,5,57,21.7,84,9.1,998.3,1.0,3.1,9,4436.1,0
2023-12-31 16:23:02,5,57,21.7,84,9.1,998.4,1.4,3.1,5,4436.1,0
2023-12-31 16:28:02,5,58,21.6,85,8.9,998.4,1.7,4.1,10,4436.1,0
2023-12-31 16:33:02,5,57,21.6,84,9.0,998.4,1.4,2.7,10,4436.1,0
2023-12-31 16:38:02,5,56,21.5,84,9.0,998.5,1.4,3.7,13,4436.1,0
2023-12-31 16:43:02,5,56,21.5,84,9.0,998.5,1.7,3.1,9,4436.1,0
2023-12-31 16:48:02,5,54,21.3,83,9.1,998.6,1.7,3.7,7,4436.1,0
2023-12-31 16:53:02,5,53,21.2,83,9.2,998.5,2.0,4.8,11,4436.1,0
2023-12-31 16:58:02,5,53,21.1,83,9.2,999.0,2.4,4.1,8,4436.1,0
2023-12-31 17:03:02,5,54,20.2,86,8.9,999.1,2.4,3.7,7,4436.1,0
2023-12-31 17:08:02,5,55,20.2,87,8.7,999.3,2.0,4.8,11,4436.1,0
2023-12-31 17:13:02,5,56,20.2,87,8.7,999.2,2.4,4.8,10,4436.1,0
2023-12-31 17:18:02,5,57,20.3,86,8.7,999.2,1.0,1.7,8,4436.1,0
2023-12-31 17:23:02,5,57,21.1,86,8.7,999.2,1.4,2.7,13,4436.1,0
2023-12-31 17:28:02,5,56,21.2,85,8.8,999.1,1.7,3.1,8,4436.1,0
2023-12-31 17:33:02,5,57,21.3,85,8.8,999.0,1.4,3.1,10,4436.1,0
2023-12-31 17:38:02,5,57,21.3,88,8.5,998.9,1.7,3.1,9,4436.1,0
2023-12-31 17:43:02,5,57,21.4,88,8.4,998.8,2.0,3.7,9,4436.1,0
2023-12-31 17:48:02,5,57,21.5,88,8.4,998.8,2.0,3.1,7,4436.1,0
2023-12-31 17:53:02,5,55,21.5,87,8.5,998.7,2.4,4.1,15,4436.1,0
2023-12-31 17:58:02,5,54,21.3,88,8.5,998.9,1.7,4.1,12,4436.1,0
2023-12-31 18:03:02,5,55,21.3,89,8.4,999.0,1.0,2.0,3,4436.1,0
2023-12-31 18:08:02,5,55,21.2,89,8.4,999.1,1.0,2.0,9,4436.1,0
2023-12-31 18:13:02,5,55,21.2,89,8.4,999.2,1.4,2.7,10,4436.1,0
2023-12-31 18:18:02,5,56,20.3,88,8.4,999.2,1.7,3.1,10,4436.1,0
2023-12-31 18:23:02,5,56,20.2,88,8.5,999.3,0.7,1.7,7,4436.1,0
2023-12-31 18:28:02,5,57,20.2,89,8.5,999.5,1.0,3.1,10,4436.4,0
2023-12-31 18:33:02,5,58,20.2,90,8.2,999.4,1.4,2.7,14,4436.4,0
2023-12-31 18:38:02,5,59,20.2,91,8.2,999.6,1.0,2.0,14,4436.7,0
2023-12-31 18:43:02,5,60,20.2,90,8.2,999.5,1.7,2.7,14,4436.7,0
2023-12-31 18:48:02,5,60,20.2,90,8.2,999.8,2.0,3.7,10,4436.7,0
2023-12-31 18:53:02,5,60,20.2,91,8.1,999.8,1.7,3.1,0,4437.0,0
2023-12-31 18:58:02,5,60,20.1,92,7.9,999.7,1.7,2.7,6,4437.0,0
2023-12-31 19:03:02,5,61,20.1,92,7.9,999.7,1.4,2.7,15,4437.0,0
2023-12-31 19:08:02,5,61,20.1,91,8.0,999.7,2.0,3.1,8,4437.0,0
2023-12-31 19:13:02,5,61,20.1,90,8.1,999.9,2.7,4.8,8,4437.0,0
2023-12-31 19:18:02,5,61,20.1,89,8.2,999.5,2.0,3.1,6,4437.0,0
2023-12-31 19:23:02,5,61,20.1,89,8.2,999.9,2.0,4.1,12,4437.0,0
2023-12-31 19:28:02,5,61,20.1,89,8.2,1000.0,1.4,2.7,7,4437.0,0
2023-12-31 19:33:02,5,62,20.0,89,8.2,1000.1,1.4,2.7,13,4437.0,0
2023-12-31 19:38:02,5,61,20.0,90,8.2,1000.1,1.4,2.0,10,4437.0,0
2023-12-31 19:43:02,5,62,20.0,90,8.2,1000.2,1.0,2.7,6,4437.0,0
2023-12-31 19:48:02,5,62,20.0,90,8.2,1000.2,1.7,3.1,12,4437.0,0
2023-12-31 19:53:02,5,63,20.0,90,8.2,1000.3,1.0,2.0,4,4437.0,0
2023-12-31 19:58:02,5,63,20.0,91,8.2,1000.2,2.0,3.1,10,4437.0,0
2023-12-31 20:03:02,5,63,20.0,92,8.1,1000.1,1.4,3.1,11,4437.0,0
2023-12-31 20:08:02,5,63,20.1,92,7.9,1000.1,0.7,1.0,14,4437.0,0
2023-12-31 20:13:02,5,62,20.1,92,7.9,1000.2,2.0,4.1,7,4437.0,0
2023-12-31 20:18:02,5,62,20.0,91,8.1,1000.3,1.7,2.7,11,4437.0,0
2023-12-31 20:23:02,5,62,20.0,91,8.0,1000.3,1.4,2.7,8,4437.3,0
2023-12-31 20:28:02,5,62,20.0,91,8.0,1000.3,1.0,2.0,12,4437.3,0
2023-12-31 20:33:02,5,62,20.0,91,8.0,1000.4,1.0,2.0,11,4437.3,0
2023-12-31 20:38:02,5,62,20.0,90,8.2,1000.4,1.7,3.1,4,4437.3,0
2023-12-31 20:43:02,5,62,20.0,91,8.1,1000.4,1.4,2.0,11,4437.3,0
2023-12-31 20:48:02,5,62,20.0,91,8.0,1000.5,1.0,1.7,4,4437.3,0
2023-12-31 20:53:02,5,62,20.0,91,8.1,1000.6,2.0,3.7,7,4437.3,0
2023-12-31 20:58:02,5,62,20.0,90,8.1,1000.5,1.7,3.1,10,4437.3,0
2023-12-31 21:03:02,5,62,20.0,89,8.2,1000.5,2.0,4.1,10,4437.3,0
2023-12-31 21:08:02,5,63,20.0,89,8.3,1000.8,2.4,3.7,13,4437.3,0
2023-12-31 21:13:02,5,63,20.0,89,8.3,1000.7,1.7,2.7,5,4437.3,0
2023-12-31 21:18:02,5,63,20.0,88,8.3,1000.8,1.7,3.1,12,4437.3,0
2023-12-31 21:23:02,5,63,20.0,88,8.3,1000.6,1.7,3.7,3,4437.3,0
2023-12-31 21:28:02,5,63,20.0,88,8.3,1000.5,1.4,2.7,4,4437.3,0
2023-12-31 21:33:02,5,62,20.0,88,8.3,1000.5,1.4,2.0,14,4437.3,0
2023-12-31 21:38:02,5,62,20.0,88,8.3,1000.4,1.4,2.7,12,4437.3,0
2023-12-31 21:43:02,5,62,20.0,88,8.2,1000.4,1.4,2.0,2,4437.3,0
2023-12-31 21:48:02,5,62,20.0,88,8.2,1000.4,2.0,4.8,10,4437.3,0
2023-12-31 21:53:02,5,62,20.0,88,8.3,1000.6,2.4,5.1,3,4437.3,0
2023-12-31 21:58:02,5,63,19.9,88,8.3,1000.6,2.0,4.1,7,4437.3,0
2023-12-31 22:03:02,5,63,19.9,87,8.3,1000.7,2.4,6.8,14,4437.3,0
2023-12-31 22:08:02,5,63,19.9,87,8.4,1000.7,1.7,3.1,9,4437.3,0
2023-12-31 22:13:02,5,63,19.9,87,8.3,1000.8,1.4,3.1,14,4437.3,0
2023-12-31 22:18:02,5,63,19.9,87,8.3,1000.8,1.0,2.0,8,4437.3,0
2023-12-31 22:23:02,5,63,19.9,87,8.4,1000.8,2.4,5.8,10,4437.3,0
2023-12-31 22:28:02,5,60,19.9,86,8.6,1001.0,1.4,2.7,12,4437.3,0
2023-12-31 22:33:02,5,58,19.7,86,8.6,1001.0,2.0,3.7,9,4437.3,0
2023-12-31 22:38:02,5,57,19.6,85,8.6,1001.2,2.7,6.1,7,4437.3,0
2023-12-31 22:43:02,5,56,19.6,85,8.6,1001.2,2.4,4.1,6,4437.3,0
2023-12-31 22:48:02,5,58,19.5,86,8.5,1001.4,2.7,4.8,11,4437.3,0
2023-12-31 22:53:02,5,58,19.5,86,8.5,1001.5,2.0,4.1,10,4437.3,0
2023-12-31 22:58:02,5,60,19.6,86,8.3,1001.7,1.7,3.1,13,4437.3,0
2023-12-31 23:03:02,5,61,19.6,86,8.3,1001.6,1.4,3.1,6,4437.3,0
2023-12-31 23:08:02,5,61,19.6,86,8.3,1001.6,1.7,3.1,15,4437.3,0
2023-12-31 23:13:02,5,61,19.6,86,8.2,1001.8,2.7,4.8,13,4437.3,0
2023-12-31 23:18:02,5,61,19.6,85,8.2,1001.7,2.7,4.8,9,4437.3,0
2023-12-31 23:23:02,5,61,19.6,86,8.1,1001.8,1.7,4.8,14,4437.3,0
2023-12-31 23:28:02,5,61,19.6,86,7.9,1001.9,1.0,2.0,12,4437.3,0
2023-12-31 23:33:02,5,62,19.5,86,8.0,1002.0,1.4,3.1,14,4437.3,0
2023-12-31 23:38:02,5,62,19.5,86,8.0,1002.0,2.4,3.7,10,4437.3,0
2023-12-31 23:43:02,5,62,19.5,88,7.9,1002.0,2.0,4.1,13,4437.3,0
2023-12-31 23:48:02,5,63,19.5,90,7.6,1002.2,3.1,5.8,8,4437.3,0
2023-12-31 23:53:02,5,63,19.5,90,7.6,1002.1,2.0,3.7,9,4437.3,0
2023-12-31 23:58:02,5,63,19.5,89,7.6,1001.9,2.4,5.8,4,4437.3,0
