2023-12-07 00:03:04,5,56,17.9,99,-0.7,1026.6,0.0,0.0,13,4296.6,0
2023-12-07 00:08:04,5,56,17.9,99,-0.7,1026.7,0.0,0.0,13,4296.6,0
2023-12-07 00:13:04,5,56,17.8,99,-0.7,1026.8,0.0,0.0,13,4296.6,0
2023-12-07 00:18:04,5,56,17.8,99,-0.6,1026.8,0.0,0.0,13,4296.6,0
2023-12-07 00:23:04,5,57,17.7,99,-0.7,1026.9,0.0,0.0,13,4296.6,0
2023-12-07 00:28:04,5,57,17.6,99,-0.7,1026.9,0.0,0.0,13,4296.6,0
2023-12-07 00:33:04,5,57,17.6,99,-0.5,1026.9,0.0,0.0,13,4296.6,0
2023-12-07 00:38:04,5,57,17.5,99,-0.6,1026.9,0.0,0.0,13,4296.6,0
2023-12-07 00:43:04,5,57,17.5,99,-0.6,1027.0,0.0,0.0,13,4296.6,0
2023-12-07 00:48:04,5,57,17.4,99,-0.6,1027.2,0.0,0.0,13,4296.6,0
2023-12-07 00:53:04,5,57,17.4,99,-0.8,1027.1,0.0,0.0,13,4296.6,0
2023-12-07 00:58:04,5,57,17.3,99,-0.9,1027.1,0.0,0.0,13,4296.6,0
2023-12-07 01:03:04,5,58,17.3,99,-0.9,1027.2,0.0,0.0,13,4296.6,0
2023-12-07 01:08:04,5,58,17.1,99,-0.7,1027.2,0.0,0.0,13,4296.6,0
2023-12-07 01:13:04,5,58,17.1,99,-0.9,1027.3,0.0,0.0,13,4296.6,0
2023-12-07 01:18:04,5,57,17.1,99,-0.8,1027.3,0.0,0.0,13,4296.6,0
2023-12-07 01:23:04,5,57,17.0,99,-0.8,1027.4,0.0,0.0,13,4296.6,0
2023-12-07 01:28:04,5,57,17.0,99,-0.8,1027.4,0.0,0.0,13,4296.6,0
2023-12-07 01:33:04,5,58,16.9,99,-0.9,1027.6,0.0,0.0,13,4296.6,0
2023-12-07 01:38:04,5,58,16.9,99,-1.0,1027.6,0.0,0.0,13,4296.6,0
2023-12-07 01:43:04,5,58,16.8,99,-1.0,1027.6,0.0,0.0,13,4296.6,0
2023-12-07 01:48:04,5,58,16.7,99,-1.0,1027.6,0.0,0.0,13,4296.6,0
2023-12-07 01:53:04,5,58,16.7,99,-0.8,1027.7,0.0,0.0,13,4296.6,0
2023-12-07 01:58:04,5,59,16.7,99,-0.8,1027.8,0.0,0.0,13,4296.6,0
2023-12-07 02:03:04,5,59,16.6,99,-0.9,1027.9,0.0,0.0,13,4296.6,0
2023-12-07 02:08:04,5,59,16.6,99,-0.7,1027.9,0.0,0.0,13,4296.6,0
2023-12-07 02:13:04,5,59,16.5,99,-0.7,1027.9,0.0,0.0,13,4296.6,0
2023-12-07 02:18:04,5,59,16.5,99,-0.8,1027.8,0.0,0.0,13,4296.6,0
2023-12-07 02:23:04,5,59,16.5,99,-0.8,1028.0,0.0,0.0,13,4296.6,0
2023-12-07 02:28:04,5,59,16.5,99,-0.9,1028.1,0.0,0.0,13,4296.6,0
2023-12-07 02:33:04,5,59,16.4,99,-0.8,1028.0,0.0,0.0,13,4296.6,0
2023-12-07 02:38:04,5,59,16.4,99,-0.7,1028.0,0.0,0.0,13,4296.6,0
2023-12-07 02:43:04,5,59,16.4,99,-0.8,1028.0,0.0,0.0,13,4296.6,0
2023-12-07 02:48:04,5,59,16.4,99,-0.7,1028.0,0.0,0.0,13,4296.6,0
2023-12-07 02:53:04,5,59,16.4,99,-0.7,1028.0,0.0,0.0,13,4296.6,0
2023-12-07 02:58:04,5,59,16.4,99,-0.7,1027.9,0.0,0.0,13,4296.6,0
2023-12-07 03:03:04,5,59,16.5,99,-0.7,1028.1,0.0,0.0,13,4296.6,0
2023-12-07 03:08:04,5,59,16.5,99,-0.8,1028.0,0.0,0.0,13,4296.6,0
2023-12-07 03:13:04,5,59,16.5,99,-0.7,1028.1,0.0,0.0,12,4296.6,0
2023-12-07 03:18:04,5,59,16.5,99,-0.6,1028.1,0.0,0.0,12,4296.6,0
2023-12-07 03:23:04,5,59,16.5,99,-0.3,1028.2,0.0,0.0,12,4296.6,0
2023-12-07 03:28:04,5,59,16.4,99,0.1,1028.1,0.0,0.7,7,4296.6,0
2023-12-07 03:33:04,5,59,16.4,99,0.2,1028.2,0.0,0.7,5,4296.6,0
2023-12-07 03:38:04,5,59,16.4,99,0.2,1028.2,0.0,0.0,7,4296.6,0
2023-12-07 03:43:04,5,59,16.4,99,0.3,1028.3,0.0,0.7,7,4296.6,0
2023-12-07 03:48:04,5,59,16.5,99,0.3,1028.3,0.0,0.7,7,4296.6,0
2023-12-07 03:53:04,5,59,16.4,99,0.3,1028.2,0.0,0.0,5,4296.6,0
2023-12-07 03:58:04,5,59,16.4,99,0.2,1028.3,0.0,0.0,5,4296.6,0
2023-12-07 04:03:04,5,58,16.4,99,0.2,1028.2,0.3,0.7,11,4296.6,0
2023-12-07 04:08:04,5,58,16.4,99,0.1,1028.3,0.3,1.0,9,4296.6,0
2023-12-07 04:13:04,5,58,16.4,99,0.0,1028.1,0.3,0.7,9,4296.6,0
2023-12-07 04:18:04,5,58,16.4,99,0.0,1028.3,0.0,0.7,12,4296.6,0
2023-12-07 04:23:04,5,58,16.4,99,-0.1,1028.3,0.7,1.0,7,4296.6,0
2023-12-07 04:28:04,5,58,16.4,99,-0.1,1028.2,0.0,0.0,6,4296.6,0
2023-12-07 04:33:04,5,58,16.4,99,-0.1,1028.1,0.3,1.0,9,4296.6,0
2023-12-07 04:38:04,5,58,16.5,99,-0.2,1028.2,0.0,0.7,7,4296.6,0
2023-12-07 04:43:04,5,58,16.5,99,-0.2,1028.1,0.3,0.7,9,4296.6,0
2023-12-07 04:48:04,5,58,16.5,99,-0.3,1027.9,0.3,1.0,11,4296.6,0
2023-12-07 04:53:04,5,58,16.5,99,-0.3,1027.9,0.3,0.7,10,4296.6,0
2023-12-07 04:58:04,5,58,16.5,99,-0.3,1028.1,0.3,0.7,10,4296.6,0
2023-12-07 05:03:04,5,58,16.5,99,-0.2,1028.1,0.0,0.7,11,4296.6,0
2023-12-07 05:08:04,5,57,16.5,99,-0.2,1028.0,0.0,0.7,7,4296.6,0
2023-12-07 05:13:04,5,57,16.5,99,-0.1,1028.0,0.3,1.0,10,4296.6,0
2023-12-07 05:18:04,5,57,16.6,99,-0.1,1028.0,0.7,1.0,11,4296.6,0
2023-12-07 05:23:04,5,57,16.6,99,-0.1,1028.1,0.0,0.0,12,4296.6,0
2023-12-07 05:28:04,5,57,16.6,99,0.0,1028.0,0.3,0.7,9,4296.6,0
2023-12-07 05:33:04,5,57,16.6,99,0.0,1027.9,0.3,0.7,8,4296.6,0
2023-12-07 05:38:04,5,57,16.6,99,0.1,1027.8,0.3,1.0,8,4296.6,0
2023-12-07 05:43:04,5,57,16.6,99,0.2,1027.8,0.3,1.0,7,4296.6,0
2023-12-07 05:48:04,5,57,16.6,99,0.3,1027.9,0.0,0.7,10,4296.6,0
2023-12-07 05:53:04,5,57,16.5,99,0.4,1027.7,0.0,1.0,8,4296.6,0
2023-12-07 05:58:04,5,57,16.5,99,0.5,1027.7,0.7,2.0,10,4296.6,0
2023-12-07 06:03:04,5,57,16.6,99,0.5,1027.7,0.0,0.0,7,4296.6,0
2023-12-07 06:08:04,5,57,16.6,99,0.5,1027.7,0.0,0.0,7,4296.6,0
2023-12-07 06:13:04,5,57,16.6,99,0.5,1027.7,0.3,0.7,11,4296.6,0
2023-12-07 06:18:04,5,57,16.6,99,0.5,1027.7,0.3,0.7,10,4296.6,0
2023-12-07 06:23:04,5,57,16.6,99,0.5,1027.6,0.3,0.7,15,4296.6,0
2023-12-07 06:28:04,5,57,16.6,99,0.5,1027.7,0.3,1.0,8,4296.6,0
2023-12-07 06:33:04,5,57,16.6,99,0.5,1027.8,0.3,1.0,12,4296.6,0
2023-12-07 06:38:04,5,56,16.6,99,0.5,1027.8,0.0,0.7,10,4296.6,0
2023-12-07 06:43:04,5,56,16.6,99,0.6,1027.6,0.3,1.0,11,4296.6,0
2023-12-07 06:48:04,5,56,16.5,99,0.6,1027.6,0.3,0.7,12,4296.6,0
2023-12-07 06:53:04,5,56,16.5,99,0.6,1027.8,0.7,1.0,10,4296.6,0
2023-12-07 06:58:04,5,57,16.5,99,0.6,1027.7,0.0,0.0,10,4296.6,0
2023-12-07 07:03:04,5,57,16.5,99,0.7,1027.6,0.0,0.0,9,4296.6,0
2023-12-07 07:08:04,5,56,16.5,99,0.7,1027.6,0.0,0.7,2,4296.6,0
2023-12-07 07:13:04,5,56,16.5,99,0.7,1027.7,0.0,0.0,8,4296.6,0
2023-12-07 07:18:04,5,56,16.5,99,0.7,1027.6,0.0,0.7,12,4296.6,0
2023-12-07 07:23:04,5,56,16.6,99,0.8,1027.5,0.0,0.0,12,4296.6,0
2023-12-07 07:28:04,5,56,16.6,99,0.8,1027.6,0.0,0.0,11,4296.6,0
2023-12-07 07:33:04,5,57,16.6,99,0.9,1027.5,0.7,1.0,8,4296.6,0
2023-12-07 07:38:04,5,57,16.7,99,0.9,1027.5,0.7,2.0,12,4296.6,0
2023-12-07 07:43:04,5,58,16.9,99,0.9,1027.4,0.3,0.7,10,4296.9,0
2023-12-07 07:48:04,5,58,17.1,99,1.0,1027.0,0.0,1.0,11,4296.9,0
2023-12-07 07:53:04,5,58,17.5,99,1.1,1026.8,0.0,0.7,14,4296.9,0
2023-12-07 07:58:04,5,58,17.8,99,1.0,1026.6,0.0,0.7,12,4296.9,0
2023-12-07 08:03:04,5,57,18.1,99,1.1,1026.4,0.0,0.7,11,4296.9,0
2023-12-07 08:08:04,5,56,18.4,99,1.1,1025.9,0.7,1.0,9,4296.9,0
2023-12-07 08:13:04,5,55,18.6,99,1.2,1025.8,0.0,0.7,14,4296.9,0
2023-12-07 08:18:04,5,55,18.7,99,1.3,1025.5,0.3,0.7,11,4296.9,0
2023-12-07 08:23:04,5,54,18.9,99,1.3,1025.4,0.3,1.0,9,4296.9,0
2023-12-07 08:28:04,5,53,19.0,99,1.3,1025.3,0.3,1.7,11,4296.9,0
2023-12-07 08:33:04,5,53,19.1,99,1.4,1025.2,0.7,1.7,7,4296.9,0
2023-12-07 08:38:04,5,53,19.1,99,1.4,1025.0,0.0,0.7,10,4296.9,0
2023-12-07 08:43:04,5,53,19.1,99,1.4,1025.1,0.3,1.0,11,4296.9,0
2023-12-07 08:48:04,5,53,19.1,99,1.5,1025.1,0.3,0.7,10,4296.9,0
2023-12-07 08:53:04,5,53,19.1,99,1.5,1025.1,0.3,1.0,6,4296.9,0
2023-12-07 08:58:04,5,53,19.0,99,1.5,1025.0,0.3,1.0,12,4296.9,0
2023-12-07 09:03:04,5,53,19.0,99,1.6,1025.1,0.0,1.0,6,4296.9,0
2023-12-07 09:08:04,5,54,18.8,99,1.6,1025.4,0.0,0.7,10,4296.9,0
2023-12-07 09:13:04,5,55,18.8,99,1.6,1025.4,0.3,0.7,11,4296.9,0
2023-12-07 09:18:04,5,55,18.8,99,1.6,1025.3,0.7,1.7,9,4296.9,0
2023-12-07 09:23:04,5,55,18.8,99,1.6,1025.2,0.7,1.0,8,4296.9,0
2023-12-07 09:28:04,5,55,18.8,99,1.7,1025.2,0.3,1.0,9,4296.9,0
2023-12-07 09:33:04,5,55,18.8,99,1.7,1025.1,0.3,0.7,11,4296.9,0
2023-12-07 09:38:04,5,55,18.8,99,1.7,1024.9,0.3,1.0,5,4296.9,0
2023-12-07 09:43:04,5,54,19.0,99,1.8,1024.8,0.3,1.0,5,4296.9,0
2023-12-07 09:48:04,5,54,19.0,99,1.9,1024.7,0.3,1.0,11,4296.9,0
2023-12-07 09:53:04,5,54,19.0,99,1.9,1024.7,0.3,0.7,12,4296.9,0
2023-12-07 09:58:04,5,54,19.1,99,1.9,1024.6,0.3,0.7,0,4296.9,0
2023-12-07 10:03:04,5,54,19.1,99,2.0,1024.7,0.7,1.0,10,4296.9,0
2023-12-07 10:08:04,5,54,19.1,99,2.0,1024.5,0.3,0.7,3,4296.9,0
2023-12-07 10:13:04,5,54,19.0,99,2.0,1024.5,0.0,0.7,12,4296.9,0
2023-12-07 10:18:04,5,54,19.0,99,2.1,1024.5,0.3,0.7,1,4296.9,0
2023-12-07 10:23:04,5,54,19.0,99,2.1,1024.5,0.0,0.7,11,4296.9,0
2023-12-07 10:28:04,5,55,19.0,99,2.2,1024.5,0.0,0.7,11,4296.9,0
2023-12-07 10:33:04,5,55,19.0,99,2.1,1024.3,1.0,2.0,3,4296.9,0
2023-12-07 10:38:04,5,55,19.2,99,2.2,1024.0,0.0,0.0,4,4296.9,0
2023-12-07 10:43:04,5,55,19.4,99,2.2,1023.8,0.3,1.0,1,4296.9,0
2023-12-07 10:48:04,5,54,19.8,99,2.1,1023.4,0.3,0.7,11,4296.9,0
2023-12-07 10:53:04,5,53,20.9,99,2.2,1022.9,0.0,0.7,15,4296.9,0
2023-12-07 10:58:04,5,52,21.1,99,2.2,1022.6,0.3,1.7,12,4296.9,0
2023-12-07 11:03:04,5,51,21.3,99,2.3,1022.4,0.3,1.0,12,4296.9,0
2023-12-07 11:08:04,5,51,21.5,99,2.4,1022.0,0.0,0.7,10,4296.9,0
2023-12-07 11:13:04,5,51,21.6,99,2.5,1021.8,0.3,0.7,3,4296.9,0
2023-12-07 11:18:04,5,50,21.7,99,2.5,1021.6,0.0,0.7,1,4296.9,0
2023-12-07 11:23:04,5,50,21.7,99,2.5,1021.5,0.0,1.0,13,4296.9,0
2023-12-07 11:28:04,5,50,21.7,99,2.5,1021.5,0.0,0.7,14,4296.9,0
2023-12-07 11:33:04,5,50,21.7,99,2.5,1021.5,0.3,1.0,14,4296.9,0
2023-12-07 11:38:04,5,50,21.6,99,2.7,1021.5,0.0,0.0,13,4296.9,0
2023-12-07 11:43:04,5,49,21.5,99,2.7,1021.4,0.3,0.7,10,4296.9,0
2023-12-07 11:48:04,5,49,21.3,99,2.5,1021.5,0.3,2.0,15,4296.9,0
2023-12-07 11:53:04,5,49,21.2,99,2.7,1021.6,0.0,0.7,12,4296.9,0
2023-12-07 11:58:04,5,47,20.9,99,3.0,1021.7,0.0,0.0,11,4296.9,0
2023-12-07 12:03:04,5,47,20.7,99,3.1,1021.7,0.0,0.0,3,4296.9,0
2023-12-07 12:08:04,5,47,19.6,99,3.1,1022.0,0.0,1.0,15,4296.9,0
2023-12-07 12:13:04,5,47,19.3,99,3.1,1022.0,0.3,1.0,13,4296.9,0
2023-12-07 12:18:04,5,46,19.2,99,3.1,1022.2,0.3,1.7,15,4296.9,0
2023-12-07 12:23:04,5,48,19.0,99,3.0,1022.2,0.7,1.0,4,4296.9,0
2023-12-07 12:28:04,5,51,19.0,99,3.0,1022.1,0.3,0.7,12,4296.9,0
2023-12-07 12:33:04,5,52,18.9,99,3.0,1022.0,0.3,0.7,13,4296.9,0
2023-12-07 12:38:04,5,52,18.9,99,3.1,1021.9,0.7,1.0,0,4296.9,0
2023-12-07 12:43:04,5,52,18.8,99,3.1,1021.9,0.7,1.7,15,4296.9,0
2023-12-07 12:48:04,5,52,18.8,99,3.3,1021.8,0.0,1.0,4,4296.9,0
2023-12-07 12:53:04,5,52,18.7,99,3.2,1021.8,0.7,1.0,12,4296.9,0
2023-12-07 12:58:04,5,53,18.7,99,3.4,1022.0,0.0,0.0,1,4296.9,0
2023-12-07 13:03:04,5,53,18.6,99,3.4,1021.9,0.0,1.0,6,4296.9,0
2023-12-07 13:08:04,5,53,18.5,99,3.5,1022.0,0.0,0.7,11,4296.9,0
2023-12-07 13:13:04,5,53,18.5,99,3.5,1022.1,0.0,0.7,4,4296.9,0
2023-12-07 13:18:04,5,53,18.4,99,3.6,1022.2,0.0,1.0,5,4296.9,0
2023-12-07 13:23:04,5,53,18.4,99,3.7,1022.1,0.3,0.7,11,4296.9,0
2023-12-07 13:28:04,5,53,18.3,99,3.7,1022.1,0.0,0.7,8,4296.9,0
2023-12-07 13:33:04,5,53,18.2,98,3.7,1022.0,0.0,1.0,13,4296.9,0
2023-12-07 13:38:04,5,54,18.1,98,3.7,1022.1,0.0,0.0,15,4296.9,0
2023-12-07 13:43:04,5,54,18.0,97,3.7,1022.0,0.3,0.7,3,4296.9,0
2023-12-07 13:48:04,5,54,18.0,97,3.8,1021.9,0.0,0.7,10,4296.9,0
2023-12-07 13:53:04,5,53,17.9,96,3.7,1021.9,0.7,1.7,1,4296.9,0
2023-12-07 13:58:04,5,53,17.8,96,3.7,1021.8,0.0,0.0,1,4296.9,0
2023-12-07 14:03:04,5,53,17.8,95,3.7,1021.7,0.3,0.7,2,4296.9,0
2023-12-07 14:08:04,5,53,17.7,95,3.7,1021.7,0.0,0.0,1,4296.9,0
2023-12-07 14:13:04,5,53,17.7,94,3.7,1021.6,0.3,0.7,0,4296.9,0
2023-12-07 14:18:04,5,54,17.6,94,3.7,1021.6,0.3,2.0,2,4296.9,0
2023-12-07 14:23:04,5,54,17.5,94,3.6,1021.8,0.0,0.0,14,4296.9,0
2023-12-07 14:28:04,5,54,17.5,94,3.6,1021.7,0.3,1.0,2,4296.9,0
2023-12-07 14:33:04,5,54,17.4,94,3.6,1021.7,0.3,0.7,15,4296.9,0
2023-12-07 14:38:04,5,54,17.4,94,3.5,1021.7,0.3,0.7,2,4296.9,0
2023-12-07 14:43:04,5,54,17.3,94,3.5,1022.0,0.0,0.7,0,4296.9,0
2023-12-07 14:48:04,5,54,17.2,94,3.5,1021.9,0.0,0.0,1,4296.9,0
2023-12-07 14:53:04,5,54,17.1,94,3.5,1022.1,0.0,0.7,0,4296.9,0
2023-12-07 14:58:04,5,54,17.1,94,3.4,1022.0,0.3,0.7,2,4296.9,0
2023-12-07 15:03:04,5,54,17.0,94,3.3,1021.9,0.3,1.0,13,4296.9,0
2023-12-07 15:08:04,5,54,17.0,94,3.3,1021.8,0.3,1.0,2,4296.9,0
2023-12-07 15:13:04,5,56,16.9,95,3.3,1021.8,0.3,0.7,1,4296.9,0
2023-12-07 15:18:04,5,56,16.9,95,3.2,1021.6,0.3,1.7,14,4296.9,0
2023-12-07 15:23:04,5,56,16.8,95,3.2,1021.5,0.3,1.0,15,4296.9,0
2023-12-07 15:28:04,5,56,16.8,95,3.1,1021.6,0.0,0.7,0,4296.9,0
2023-12-07 15:33:04,5,56,16.7,95,3.1,1021.4,0.3,0.7,2,4296.9,0
2023-12-07 15:38:04,5,56,16.7,95,3.0,1021.5,0.3,1.0,1,4296.9,0
2023-12-07 15:43:04,5,56,16.7,95,3.0,1021.4,0.3,1.0,14,4296.9,0
2023-12-07 15:48:04,5,56,16.7,95,3.0,1021.2,0.7,1.7,0,4296.9,0
2023-12-07 15:53:04,5,55,16.7,95,2.9,1021.2,0.7,1.7,3,4296.9,0
2023-12-07 15:58:04,5,55,16.6,95,2.8,1021.1,0.7,1.0,13,4296.9,0
2023-12-07 16:03:04,5,55,16.6,95,2.9,1021.1,0.7,2.0,14,4296.9,0
2023-12-07 16:08:04,5,55,16.6,95,2.8,1021.1,1.0,2.7,14,4296.9,0
2023-12-07 16:13:04,5,55,16.6,95,2.8,1021.1,0.7,1.0,3,4296.9,0
2023-12-07 16:18:04,5,55,16.5,95,2.8,1021.0,0.3,1.7,2,4296.9,0
2023-12-07 16:23:04,5,55,16.5,95,2.8,1020.9,0.3,1.0,0,4296.9,0
2023-12-07 16:28:04,5,55,16.5,95,2.7,1021.0,0.7,1.7,3,4296.9,0
2023-12-07 16:33:04,5,55,16.5,95,2.7,1020.9,1.0,1.7,13,4296.9,0
2023-12-07 16:38:04,5,55,16.5,95,2.7,1020.8,0.3,0.7,15,4296.9,0
2023-12-07 16:43:04,5,55,16.5,95,2.7,1020.7,0.3,1.0,2,4296.9,0
2023-12-07 16:48:04,5,55,16.5,96,2.7,1020.7,0.7,1.7,1,4296.9,0
2023-12-07 16:53:04,5,55,16.5,96,2.6,1020.7,0.3,1.7,14,4296.9,0
2023-12-07 16:58:04,5,56,16.6,96,2.6,1020.8,0.3,1.0,11,4296.9,0
2023-12-07 17:03:04,5,57,16.7,96,2.6,1020.6,0.7,1.7,13,4296.9,0
2023-12-07 17:08:04,5,58,16.9,95,2.6,1020.4,0.3,1.0,4,4296.9,0
2023-12-07 17:13:04,5,56,17.1,95,2.6,1020.1,1.0,1.7,15,4296.9,0
2023-12-07 17:18:04,5,56,17.5,95,2.6,1019.5,0.3,0.7,14,4296.9,0
2023-12-07 17:23:04,5,55,17.8,95,2.6,1019.0,0.7,1.7,1,4296.9,0
2023-12-07 17:28:04,5,55,18.3,95,2.6,1018.6,0.3,1.0,15,4296.9,0
2023-12-07 17:33:04,5,54,18.7,94,2.6,1018.2,0.7,1.0,0,4296.9,0
2023-12-07 17:38:04,5,52,19.1,94,2.6,1017.7,0.7,2.0,13,4296.9,0
2023-12-07 17:43:04,5,52,19.5,94,2.6,1017.3,0.7,1.0,14,4296.9,0
2023-12-07 17:48:04,5,51,20.6,94,2.5,1017.1,0.0,0.7,4,4296.9,0
2023-12-07 17:53:04,5,50,20.7,94,2.5,1016.7,0.7,1.7,3,4296.9,0
2023-12-07 17:58:04,5,50,20.9,94,2.6,1016.6,0.3,1.0,0,4296.9,0
2023-12-07 18:03:04,5,49,21.0,94,2.6,1016.5,0.3,1.0,1,4296.9,0
2023-12-07 18:08:04,5,49,21.0,94,2.6,1016.5,0.7,1.7,14,4296.9,0
2023-12-07 18:13:04,5,49,21.0,94,2.6,1016.5,0.3,1.0,14,4296.9,0
2023-12-07 18:18:04,5,50,20.9,93,2.6,1016.5,0.3,1.0,2,4296.9,0
2023-12-07 18:23:04,5,50,20.9,93,2.6,1016.4,0.3,0.7,12,4296.9,0
2023-12-07 18:28:04,5,50,20.7,93,2.6,1016.4,0.7,2.0,1,4296.9,0
2023-12-07 18:33:04,5,50,20.6,93,2.6,1016.5,0.3,1.0,15,4296.9,0
2023-12-07 18:38:04,5,51,19.7,93,2.6,1016.4,0.3,1.0,2,4296.9,0
2023-12-07 18:43:04,5,51,19.7,93,2.6,1016.4,0.7,1.0,1,4296.9,0
2023-12-07 18:48:04,5,51,19.6,93,2.6,1016.4,0.3,1.0,14,4296.9,0
2023-12-07 18:53:04,5,51,19.4,93,2.6,1016.4,0.7,1.7,3,4296.9,0
2023-12-07 18:58:04,5,51,19.3,93,2.7,1016.4,0.3,1.0,2,4296.9,0
2023-12-07 19:03:04,5,51,19.2,92,2.6,1016.4,0.7,1.7,14,4296.9,0
2023-12-07 19:08:04,5,52,19.1,92,2.7,1016.4,0.3,1.0,15,4296.9,0
2023-12-07 19:13:04,5,52,19.0,92,2.7,1016.3,0.3,0.7,1,4296.9,0
2023-12-07 19:18:04,5,53,18.8,91,2.7,1016.2,0.0,0.7,3,4296.9,0
2023-12-07 19:23:04,5,53,18.8,91,2.8,1016.2,0.7,1.0,12,4296.9,0
2023-12-07 19:28:04,5,53,18.6,90,2.8,1016.3,0.0,0.7,2,4296.9,0
2023-12-07 19:33:04,5,53,18.5,90,2.8,1016.3,0.3,1.0,13,4296.9,0
2023-12-07 19:38:04,5,53,18.5,90,2.8,1016.3,0.7,1.7,3,4296.9,0
2023-12-07 19:43:04,5,53,18.4,90,2.8,1016.3,0.0,0.7,0,4296.9,0
2023-12-07 19:48:04,5,53,18.3,89,2.9,1016.3,0.7,1.0,15,4296.9,0
2023-12-07 19:53:04,5,53,18.1,89,2.9,1016.3,0.3,1.0,0,4296.9,0
2023-12-07 19:58:04,5,54,18.1,89,2.9,1016.4,0.0,0.7,1,4296.9,0
2023-12-07 20:03:04,5,53,18.1,89,2.9,1016.3,0.7,1.7,2,4296.9,0
2023-12-07 20:08:04,5,54,18.1,89,2.9,1016.0,0.0,1.0,1,4296.9,0
2023-12-07 20:13:04,5,54,18.1,88,2.9,1016.0,0.3,1.7,1,4296.9,0
2023-12-07 20:18:04,5,54,18.1,88,3.0,1015.8,0.0,1.0,0,4296.9,0
2023-12-07 20:23:04,5,53,18.1,87,3.0,1015.6,0.7,1.7,2,4296.9,0
2023-12-07 20:28:04,5,53,18.0,87,3.0,1015.3,0.7,1.7,13,4296.9,0
2023-12-07 20:33:04,5,53,18.0,88,3.0,1015.3,1.0,1.7,15,4296.9,0
2023-12-07 20:38:04,5,53,18.0,87,2.9,1015.3,0.3,1.7,14,4296.9,0
2023-12-07 20:43:04,5,52,17.9,88,2.9,1015.3,0.7,2.7,0,4296.9,0
2023-12-07 20:48:04,5,52,17.9,88,2.9,1015.4,0.0,0.7,1,4296.9,0
2023-12-07 20:53:04,5,53,17.9,88,2.9,1015.6,0.0,0.7,9,4296.9,0
2023-12-07 20:58:04,5,53,17.9,88,2.9,1015.4,0.0,0.7,13,4296.9,0
2023-12-07 21:03:04,5,53,17.9,88,2.9,1015.3,0.3,0.7,15,4296.9,0
2023-12-07 21:08:04,5,53,17.9,87,2.9,1015.5,0.0,0.7,0,4296.9,0
2023-12-07 21:13:04,5,53,17.9,87,3.0,1015.3,0.3,1.0,3,4296.9,0
2023-12-07 21:18:04,5,53,17.9,86,3.0,1015.1,0.3,1.7,11,4296.9,0
2023-12-07 21:23:04,5,53,17.9,86,3.0,1014.9,0.7,1.7,13,4296.9,0
2023-12-07 21:28:04,5,52,17.9,85,3.1,1014.9,0.7,1.7,6,4296.9,0
2023-12-07 21:33:04,5,52,17.9,86,3.0,1014.7,0.7,1.7,14,4296.9,0
2023-12-07 21:38:04,5,52,17.8,86,3.0,1014.6,1.0,2.0,14,4296.9,0
2023-12-07 21:43:04,5,52,17.8,86,3.0,1014.4,1.0,1.7,10,4296.9,0
2023-12-07 21:48:04,5,52,17.8,85,3.0,1014.4,0.7,1.0,1,4296.9,0
2023-12-07 21:53:04,5,52,17.8,85,3.0,1014.3,0.7,1.7,2,4296.9,0
2023-12-07 21:58:04,5,52,17.8,86,3.0,1014.4,0.7,1.0,3,4296.9,0
2023-12-07 22:03:04,5,52,17.8,86,2.9,1015.1,0.3,0.7,12,4296.9,0
2023-12-07 22:08:04,5,52,17.8,87,2.9,1015.0,0.7,1.7,12,4296.9,0
2023-12-07 22:13:04,5,52,17.8,87,2.9,1014.9,0.3,0.7,15,4296.9,0
2023-12-07 22:18:04,5,52,17.8,87,2.9,1014.8,0.0,0.7,12,4296.9,0
2023-12-07 22:23:04,5,52,17.8,87,2.9,1014.9,0.0,0.7,2,4296.9,0
2023-12-07 22:28:04,5,52,17.8,88,2.9,1014.9,0.0,0.0,3,4296.9,0
2023-12-07 22:33:04,5,52,17.8,89,2.8,1015.2,0.3,0.7,14,4296.9,0
2023-12-07 22:38:04,5,53,17.8,89,2.8,1015.4,0.0,0.7,6,4296.9,0
2023-12-07 22:43:04,5,53,17.9,89,2.7,1015.4,0.0,0.0,12,4296.9,0
2023-12-07 22:48:04,5,53,17.9,90,2.7,1015.5,0.3,1.0,11,4296.9,0
2023-12-07 22:53:04,5,54,17.9,90,2.7,1015.4,0.3,0.7,14,4296.9,0
2023-12-07 22:58:04,5,54,17.9,90,2.7,1015.3,0.0,0.0,0,4297.2,0
2023-12-07 23:03:04,5,54,17.9,90,2.7,1015.0,0.0,0.0,1,4297.2,0
2023-12-07 23:08:04,5,53,17.9,89,2.7,1014.9,0.3,0.7,4,4297.2,0
2023-12-07 23:13:04,5,53,17.8,89,2.6,1014.7,0.7,1.7,10,4297.2,0
2023-12-07 23:18:04,5,53,17.8,89,2.6,1014.7,0,0.7,15,4297.2,0
2023-12-07 23:23:04,5,53,17.8,90,2.6,1014.7,0.7,1.0,13,4297.2,0
2023-12-07 23:28:04,5,53,17.8,90,2.6,1014.9,0.3,0.7,2,4297.2,0
2023-12-07 23:33:04,5,53,17.7,91,2.4,1014.6,0,0.7,13,4297.5,0
2023-12-07 23:38:04,5,53,17.7,92,2.3,1014.6,0.3,1.0,2,4297.5,0
2023-12-07 23:43:04,5,53,17.7,92,2.3,1014.6,0.7,1.7,3,4297.5,0
2023-12-07 23:48:04,5,53,17.6,92,2.2,1014.6,0.3,1.0,14,4297.5,0
2023-12-07 23:53:04,5,53,17.6,93,2.2,1014.4,0,0.7,3,4297.5,0
2023-12-07 23:58:04,5,54,17.6,93,2.2,1014.3,0.3,1.0,11,4297.5,0
