2023-07-09 00:01:40,5,60,25.9,82,22.2,1017.1,0.0,0.0,5,3630.6,0
2023-07-09 00:07:01,5,60,25.9,82,22.2,1017.1,0.0,0.0,5,3630.6,0
2023-07-09 00:12:01,5,60,25.9,83,22.0,1017.1,0.0,0.0,5,3630.6,0
2023-07-09 00:17:01,5,60,25.9,84,22.0,1017.3,0.0,0.0,5,3630.6,0
2023-07-09 00:22:01,5,60,25.9,84,22.0,1017.3,0.0,0.0,5,3630.6,0
2023-07-09 00:27:01,5,60,25.1,84,21.9,1017.4,0.0,0.0,5,3630.6,0
2023-07-09 00:32:01,5,60,25.1,84,21.8,1017.4,0.0,0.0,5,3630.6,0
2023-07-09 00:37:01,5,60,25.1,84,21.8,1017.4,0.0,0.0,5,3630.6,0
2023-07-09 00:42:01,5,60,25.1,84,21.7,1017.5,0.0,0.0,5,3630.6,0
2023-07-09 00:47:01,5,60,25.1,84,21.7,1017.3,0.0,0.0,5,3630.6,0
2023-07-09 00:52:01,5,60,25.1,85,21.6,1017.5,0.0,0.0,5,3630.6,0
2023-07-09 00:57:01,5,60,25.1,85,21.6,1017.4,0.0,0.0,5,3630.6,0
2023-07-09 01:02:01,5,60,25.1,85,21.6,1017.3,0.0,0.0,4,3630.6,0
2023-07-09 01:07:01,5,60,25.1,85,21.6,1017.5,0.0,0.0,4,3630.6,0
2023-07-09 01:12:01,5,60,25.1,86,21.4,1017.5,0.0,0.0,5,3630.6,0
2023-07-09 01:17:01,5,60,25.1,86,21.4,1017.6,0.0,0.0,5,3630.6,0
2023-07-09 01:22:01,5,60,25.1,86,21.4,1017.6,0.0,0.0,5,3630.6,0
2023-07-09 01:27:01,5,60,25.1,86,21.3,1017.6,0.0,0.0,5,3630.6,0
2023-07-09 01:32:01,5,60,25.1,86,21.3,1017.7,0.0,0.0,5,3630.6,0
2023-07-09 01:37:01,5,60,25.1,86,21.3,1017.8,0.0,0.0,5,3630.6,0
2023-07-09 01:42:01,5,60,25.1,86,21.2,1017.7,0.0,0.0,5,3630.6,0
2023-07-09 01:47:01,5,60,25.1,87,21.4,1017.7,0.0,0.0,5,3630.6,0
2023-07-09 01:52:01,5,60,25.1,87,21.2,1017.9,0.0,0.0,5,3630.6,0
2023-07-09 01:57:01,5,60,25.1,87,21.1,1017.6,0.0,0.0,5,3630.6,0
2023-07-09 02:02:01,5,60,25.1,87,21.1,1017.8,0.0,0.0,5,3630.6,0
2023-07-09 02:07:01,5,61,25.1,87,21.0,1017.8,0.0,0.0,5,3630.6,0
2023-07-09 02:12:01,5,61,25.1,87,21.0,1017.9,0.0,0.0,5,3630.6,0
2023-07-09 02:17:01,5,61,25.1,87,20.9,1017.8,0.0,0.0,5,3630.6,0
2023-07-09 02:22:01,5,61,25.1,87,20.9,1017.9,0.0,0.0,5,3630.6,0
2023-07-09 02:27:01,5,61,25.1,87,20.8,1017.9,0.0,0.0,5,3630.6,0
2023-07-09 02:32:01,5,61,25.1,87,20.8,1017.9,0.0,0.0,5,3630.6,0
2023-07-09 02:37:01,5,61,25.1,87,20.8,1018.0,0.0,0.0,5,3630.6,0
2023-07-09 02:42:01,5,61,25.1,88,20.8,1017.9,0.0,0.0,5,3630.6,0
2023-07-09 02:47:01,5,61,25.1,88,20.8,1018.0,0.0,0.0,5,3630.6,0
2023-07-09 02:52:01,5,61,25.1,88,20.7,1017.9,0.0,0.0,5,3630.6,0
2023-07-09 02:57:01,5,61,25.1,88,20.7,1018.0,0.0,0.0,5,3630.6,0
2023-07-09 03:02:01,5,61,25.1,88,20.7,1018.0,0.0,0.0,5,3630.6,0
2023-07-09 03:07:01,5,61,25.1,88,20.8,1018.0,0.0,0.0,5,3630.6,0
2023-07-09 03:12:01,5,61,25.1,89,20.8,1017.9,0.0,0.0,5,3630.6,0
2023-07-09 03:17:01,5,61,25.1,89,20.7,1017.9,0.0,0.0,5,3630.6,0
2023-07-09 03:22:01,5,61,25.1,89,20.7,1017.9,0.0,0.0,5,3630.6,0
2023-07-09 03:27:01,5,61,25.1,89,20.6,1018.0,0.0,0.0,5,3630.6,0
2023-07-09 03:32:01,5,61,25.1,89,20.6,1018.1,0.0,0.0,5,3630.6,0
2023-07-09 03:37:01,5,61,25.1,89,20.6,1018.1,0.0,0.0,5,3630.6,0
2023-07-09 03:42:01,5,61,25.1,90,20.5,1018.1,0.0,0.0,5,3630.6,0
2023-07-09 03:47:01,5,61,25.1,90,20.5,1018.2,0.0,0.0,5,3630.6,0
2023-07-09 03:52:01,5,61,25.1,90,20.6,1018.1,0.0,0.0,5,3630.6,0
2023-07-09 03:57:01,5,61,25.1,90,20.7,1018.2,0.0,0.0,5,3630.6,0
2023-07-09 04:02:01,5,61,25.1,90,20.7,1018.2,0.0,0.0,5,3630.6,0
2023-07-09 04:07:01,5,61,25.1,90,20.7,1018.1,0.0,0.0,5,3630.6,0
2023-07-09 04:12:01,5,62,25.1,90,20.8,1018.1,0.0,0.0,5,3630.6,0
2023-07-09 04:17:01,5,62,25.1,90,20.8,1018.2,0.0,0.0,5,3630.6,0
2023-07-09 04:22:01,5,62,25.1,90,20.8,1018.2,0.0,0.0,5,3630.6,0
2023-07-09 04:27:01,5,62,25.1,89,20.9,1018.2,0.0,0.0,5,3630.6,0
2023-07-09 04:32:01,5,62,25.1,89,21.1,1018.2,0.0,0.0,5,3630.6,0
2023-07-09 04:37:01,5,62,25.1,88,21.2,1018.2,0.0,0.0,5,3630.6,0
2023-07-09 04:42:01,5,62,25.1,88,21.4,1018.2,0.0,0.0,5,3630.6,0
2023-07-09 04:47:01,5,62,25.1,87,21.5,1018.1,0.0,0.0,5,3630.6,0
2023-07-09 04:52:01,5,62,25.1,87,21.7,1018.0,0.0,0.0,5,3630.6,0
2023-07-09 04:57:01,5,62,25.1,86,21.9,1018.0,0.0,0.0,5,3630.6,0
2023-07-09 05:02:01,5,61,25.1,85,22.4,1018.1,0.0,0.0,5,3630.6,0
2023-07-09 05:07:01,5,61,25.1,83,22.8,1018.0,0.0,0.0,5,3630.6,0
2023-07-09 05:12:01,5,62,25.1,82,23.3,1017.8,0.0,0.0,5,3630.6,0
2023-07-09 05:17:01,5,61,25.1,80,23.7,1017.8,0.0,0.0,5,3630.6,0
2023-07-09 05:22:01,5,61,25.1,80,23.7,1017.7,0.0,0.0,5,3630.6,0
2023-07-09 05:27:01,5,61,25.1,79,23.7,1017.6,0.0,0.0,5,3630.6,0
2023-07-09 05:32:01,5,61,25.1,78,24.0,1017.6,0.0,0.0,5,3630.6,0
2023-07-09 05:37:01,5,61,25.1,77,24.2,1017.5,0.0,0.0,5,3630.6,0
2023-07-09 05:42:01,5,60,25.1,76,24.7,1017.4,0.0,0.0,5,3630.6,0
2023-07-09 05:47:01,5,60,25.9,75,24.5,1017.4,0.0,0.0,5,3630.6,0
2023-07-09 05:52:01,5,60,25.9,75,25.2,1017.4,0.0,0.0,5,3630.6,0
2023-07-09 05:57:01,5,60,25.9,74,25.4,1017.4,0.0,0.0,5,3630.6,0
2023-07-09 06:02:01,5,60,25.9,72,25.7,1017.4,0.0,0.0,5,3630.6,0
2023-07-09 06:07:01,5,60,25.9,71,25.5,1017.5,0.0,0.0,5,3630.6,0
2023-07-09 06:12:01,5,59,26.0,71,25.4,1017.4,0.0,0.0,5,3630.6,0
2023-07-09 06:17:01,5,59,26.0,71,26.1,1017.3,0.0,0.0,5,3630.6,0
2023-07-09 06:22:01,5,59,26.2,73,25.8,1017.1,0.0,0.0,4,3630.6,0
2023-07-09 06:27:01,5,59,26.2,74,25.8,1016.9,0.0,0.0,3,3630.6,0
2023-07-09 06:32:01,5,58,26.3,72,26.3,1016.9,0.0,0.0,4,3630.6,0
2023-07-09 06:37:01,5,58,26.3,72,26.1,1016.9,0.0,0.0,4,3630.6,0
2023-07-09 06:42:01,5,58,26.5,71,26.3,1016.9,0.0,0.0,4,3630.6,0
2023-07-09 06:47:01,5,58,26.6,70,27.0,1016.8,0.0,0.0,2,3630.6,0
2023-07-09 06:52:01,5,57,26.8,68,27.1,1016.7,0.3,0.7,2,3630.6,0
2023-07-09 06:57:01,5,57,26.8,67,27.1,1016.8,0.0,0.0,2,3630.6,0
2023-07-09 07:02:01,5,57,26.7,68,27.2,1016.8,0.0,0.0,2,3630.6,0
2023-07-09 07:07:01,5,57,26.7,71,26.9,1016.9,0.3,0.7,0,3630.6,0
2023-07-09 07:12:01,5,57,26.7,69,26.8,1016.9,0.3,1.0,1,3630.6,0
2023-07-09 07:17:01,5,57,26.7,69,27.0,1016.9,0.3,1.0,0,3630.6,0
2023-07-09 07:22:01,5,57,26.6,70,26.8,1017.0,0.3,1.0,0,3630.6,0
2023-07-09 07:27:01,5,57,26.5,69,26.7,1017.0,0.7,1.0,0,3630.6,0
2023-07-09 07:32:01,5,57,26.5,69,27.2,1016.8,0.0,0.7,15,3630.6,0
2023-07-09 07:37:01,5,57,26.5,69,26.8,1016.9,0.7,1.7,3,3630.6,0
2023-07-09 07:42:01,5,57,26.5,69,26.9,1016.8,0.7,1.0,1,3630.6,0
2023-07-09 07:47:01,5,58,26.5,71,26.9,1016.8,0.7,1.0,11,3630.6,0
2023-07-09 07:52:01,5,58,26.5,71,27.1,1016.8,0.7,2.0,12,3630.6,0
2023-07-09 07:57:01,5,58,26.5,71,26.7,1016.9,0.7,1.0,1,3630.6,0
2023-07-09 08:02:01,5,58,26.5,68,26.5,1017.0,1.0,2.0,1,3630.6,0
2023-07-09 08:07:01,5,58,26.5,67,26.7,1016.9,0.7,1.7,3,3630.6,0
2023-07-09 08:12:01,5,59,26.5,64,27.0,1016.9,0.7,1.7,3,3630.6,0
2023-07-09 08:17:01,5,59,26.5,66,26.6,1017.0,0.0,0.7,14,3630.6,0
2023-07-09 08:22:01,5,59,26.5,67,26.7,1016.9,0.3,1.0,14,3630.6,0
2023-07-09 08:27:01,5,58,26.5,67,26.8,1016.9,0.0,0.7,15,3630.6,0
2023-07-09 08:32:01,5,58,26.5,68,26.8,1016.8,0.7,1.7,13,3630.6,0
2023-07-09 08:37:01,5,58,26.5,65,27.0,1016.9,0.0,0.7,1,3630.6,0
2023-07-09 08:42:01,5,58,26.5,65,26.7,1017.0,0.3,1.0,0,3630.6,0
2023-07-09 08:47:01,5,58,26.5,66,26.8,1017.0,0.3,1.0,0,3630.6,0
2023-07-09 08:52:01,5,58,26.5,66,26.8,1017.2,0.3,1.0,1,3630.6,0
2023-07-09 08:57:01,5,58,26.4,67,26.5,1017.0,0.3,1.0,15,3630.6,0
2023-07-09 09:02:01,5,58,26.4,67,26.4,1017.1,0.7,1.0,14,3630.6,0
2023-07-09 09:07:01,5,58,26.4,68,26.3,1017.1,0.0,1.0,1,3630.6,0
2023-07-09 09:12:01,5,58,26.3,67,27.2,1017.1,0.0,0.0,14,3630.6,0
2023-07-09 09:17:01,5,58,26.3,65,27.2,1017.1,0.7,1.0,13,3630.6,0
2023-07-09 09:22:01,5,58,26.3,66,27.0,1017.1,0.3,1.0,1,3630.6,0
2023-07-09 09:27:01,5,58,26.4,66,27.4,1017.0,0.3,1.0,15,3630.6,0
2023-07-09 09:32:01,5,58,26.4,65,27.3,1016.8,0.7,1.7,0,3630.6,0
2023-07-09 09:37:01,5,58,26.4,64,27.5,1017.0,0.7,1.7,0,3630.6,0
2023-07-09 09:42:01,5,58,26.4,63,27.4,1016.9,1.0,1.7,0,3630.6,0
2023-07-09 09:47:01,5,57,26.4,62,28.4,1017.1,0.0,1.0,10,3630.6,0
2023-07-09 09:52:01,5,57,26.4,63,27.9,1017.1,0.3,1.0,1,3630.6,0
2023-07-09 09:57:01,5,57,26.4,63,28.1,1017.0,0.7,1.0,14,3630.6,0
2023-07-09 10:02:01,5,57,26.4,62,28.2,1017.1,0.7,1.7,1,3630.6,0
2023-07-09 10:07:01,5,57,26.4,62,28.6,1017.1,0.7,1.7,15,3630.6,0
2023-07-09 10:12:01,5,57,26.5,61,28.9,1017.1,0.7,1.0,15,3630.6,0
2023-07-09 10:17:01,5,57,26.5,60,29.2,1017.1,0.7,2.0,6,3630.6,0
2023-07-09 10:22:01,5,57,26.5,60,29.2,1017.1,0.3,1.0,15,3630.6,0
2023-07-09 10:27:01,5,57,26.5,59,29.4,1017.1,0.7,1.7,15,3630.6,0
2023-07-09 10:32:01,5,57,26.5,58,30.1,1017.3,0.3,1.7,2,3630.6,0
2023-07-09 10:37:01,5,57,26.5,59,29.7,1017.3,0.7,1.7,12,3630.6,0
2023-07-09 10:42:01,5,57,26.5,60,29.2,1017.2,0.7,1.0,15,3630.6,0
2023-07-09 10:47:01,5,57,26.5,61,29.2,1017.3,0.0,1.0,15,3630.6,0
2023-07-09 10:52:01,5,57,26.5,60,29.8,1017.3,0.0,0.0,14,3630.6,0
2023-07-09 10:57:01,5,57,26.5,61,29.2,1017.3,0.3,1.0,0,3630.6,0
2023-07-09 11:02:01,5,57,26.6,60,29.8,1017.2,0.0,1.0,1,3630.6,0
2023-07-09 11:07:01,5,57,26.6,60,29.9,1017.1,0.7,1.7,15,3630.6,0
2023-07-09 11:12:01,5,57,26.7,60,29.6,1017.1,0.7,1.0,0,3630.6,0
2023-07-09 11:17:01,5,57,26.7,60,29.8,1017.1,0.3,1.0,12,3630.6,0
2023-07-09 11:22:01,5,58,26.7,61,29.4,1017.1,0.3,0.7,0,3630.6,0
2023-07-09 11:27:01,5,58,26.7,60,29.4,1017.3,0.7,1.0,1,3630.6,0
2023-07-09 11:32:01,5,57,27.0,60,29.3,1017.4,0.3,0.7,5,3630.6,0
2023-07-09 11:37:01,5,57,27.0,61,29.5,1017.5,0.0,0.7,0,3630.6,0
2023-07-09 11:42:01,5,57,27.0,60,29.2,1017.4,0.7,1.0,3,3630.6,0
2023-07-09 11:47:01,5,57,27.1,60,29.2,1017.5,0.7,2.0,6,3630.6,0
2023-07-09 11:52:01,5,57,27.2,60,28.9,1017.6,1.7,2.7,7,3630.6,0
2023-07-09 11:57:01,5,57,27.2,58,29.4,1017.4,0.3,1.7,6,3630.6,0
2023-07-09 12:02:01,5,57,27.2,57,29.8,1017.5,1.0,2.0,7,3630.6,0
2023-07-09 12:07:01,5,57,27.3,56,29.9,1017.4,1.0,2.7,10,3630.6,0
2023-07-09 12:12:01,5,57,27.3,57,29.4,1017.2,0.7,1.7,14,3630.6,0
2023-07-09 12:17:01,5,57,27.3,57,29.8,1017.2,0.3,1.7,8,3630.6,0
2023-07-09 12:22:01,5,57,27.3,56,29.9,1017.6,1.0,1.7,15,3630.6,0
2023-07-09 12:27:01,5,57,27.3,57,29.3,1017.3,1.0,2.7,1,3630.6,0
2023-07-09 12:32:01,5,56,27.3,58,29.2,1017.4,0.7,1.7,6,3630.6,0
2023-07-09 12:37:01,5,56,27.3,58,29.1,1017.5,0.7,2.7,14,3630.6,0
2023-07-09 12:42:01,5,56,27.3,59,28.7,1017.6,1.0,1.7,6,3630.6,0
2023-07-09 12:47:01,5,55,27.4,60,28.1,1017.5,0.7,1.7,6,3630.6,0
2023-07-09 12:52:01,5,55,27.3,60,27.9,1017.6,0.3,1.0,15,3630.6,0
2023-07-09 12:57:01,5,55,27.3,61,27.5,1017.2,0.3,1.0,12,3630.6,0
2023-07-09 13:02:01,5,55,27.4,62,27.5,1017.0,1.0,2.7,15,3630.6,0
2023-07-09 13:07:01,5,54,27.4,62,27.4,1016.7,0.7,1.0,15,3630.6,0
2023-07-09 13:12:01,5,54,27.4,63,26.9,1017.0,1.0,2.0,13,3630.6,0
2023-07-09 13:17:01,5,54,27.5,64,26.7,1017.0,0.7,1.7,15,3630.6,0
2023-07-09 13:22:01,5,54,27.5,65,26.6,1017.1,0.3,1.0,2,3630.6,0
2023-07-09 13:27:01,5,54,27.7,66,26.4,1017.1,0.0,0.7,5,3630.6,0
2023-07-09 13:32:01,5,54,27.7,68,25.5,1017.3,1.0,2.7,0,3630.6,0
2023-07-09 13:37:01,5,53,27.7,70,25.1,1017.4,0.0,0.7,6,3630.6,0
2023-07-09 13:42:01,5,53,27.7,69,25.3,1017.4,1.0,2.0,9,3630.6,0
2023-07-09 13:47:01,5,53,27.7,69,24.8,1017.4,0.3,0.7,4,3630.6,0
2023-07-09 13:52:01,5,53,27.5,70,24.6,1017.8,0.3,1.0,0,3630.6,0
2023-07-09 13:57:01,5,53,27.5,71,24.2,1017.5,0.3,0.7,0,3630.6,0
2023-07-09 14:02:01,5,53,27.5,72,24.1,1018.2,0.3,1.0,5,3630.6,0
2023-07-09 14:07:01,5,53,27.4,73,23.7,1019.8,1.0,2.0,4,3630.6,0
2023-07-09 14:12:01,5,53,27.3,85,22.2,1019.9,0.7,2.7,11,3632.1,0
2023-07-09 14:17:01,5,54,27.3,89,21.1,1019.6,0.7,1.7,7,3632.7,0
2023-07-09 14:22:01,5,56,27.3,91,20.9,1019.1,0.7,1.0,3,3633.0,0
2023-07-09 14:27:01,5,58,27.3,92,21.1,1018.3,0.0,0.7,1,3633.6,0
2023-07-09 14:32:01,5,58,27.3,93,21.2,1018.0,0.3,0.7,13,3633.6,0
2023-07-09 14:37:01,5,59,27.3,93,21.6,1017.6,0.0,0.7,14,3633.6,0
2023-07-09 14:42:01,5,59,27.4,93,21.0,1017.4,0.3,1.0,1,3633.6,0
2023-07-09 14:47:01,5,59,27.4,93,20.9,1017.5,0.7,1.7,15,3633.6,0
2023-07-09 14:52:01,5,59,27.4,93,21.1,1017.6,0.7,1.0,0,3633.6,0
2023-07-09 14:57:01,5,59,27.5,93,21.3,1017.0,0.0,0.7,0,3633.6,0
2023-07-09 15:02:01,5,59,27.5,93,21.0,1016.8,1.0,1.7,13,3633.6,0
2023-07-09 15:07:01,5,59,27.5,93,21.0,1016.6,0.7,1.7,15,3633.6,0
2023-07-09 15:12:01,5,59,27.5,93,21.3,1016.7,0.0,0.0,15,3633.6,0
2023-07-09 15:17:01,5,59,27.4,93,21.2,1016.7,0.0,0.7,15,3633.6,0
2023-07-09 15:22:01,5,59,27.4,92,21.3,1016.9,0.7,1.0,0,3633.6,0
2023-07-09 15:27:01,5,59,27.4,92,21.2,1017.0,0.3,1.0,1,3633.6,0
2023-07-09 15:32:01,5,59,27.4,91,21.5,1017.0,0.7,1.0,15,3633.6,0
2023-07-09 15:37:01,5,59,27.4,91,22.0,1017.3,0.0,0.7,0,3633.6,0
2023-07-09 15:42:01,5,59,27.3,91,22.0,1017.4,0.0,0.7,0,3633.6,0
2023-07-09 15:47:01,5,59,27.3,91,22.0,1017.7,0.0,0.7,0,3633.6,0
2023-07-09 15:52:01,5,60,27.3,88,22.3,1017.7,0.3,1.0,15,3633.6,0
2023-07-09 15:57:01,5,60,27.3,88,22.6,1017.7,0.3,0.7,15,3633.6,0
2023-07-09 16:02:01,5,60,27.3,86,22.4,1017.8,0.3,1.0,3,3633.6,0
2023-07-09 16:07:01,5,59,27.3,86,22.5,1017.6,0.7,1.0,1,3633.6,0
2023-07-09 16:12:01,5,60,27.3,86,22.5,1017.9,0.3,0.7,1,3633.6,0
2023-07-09 16:17:01,5,60,27.2,86,22.7,1017.9,0.0,0.7,4,3633.6,0
2023-07-09 16:22:01,5,59,27.3,85,22.4,1017.9,0.3,1.0,0,3633.6,0
2023-07-09 16:27:01,5,59,27.2,84,22.5,1018.2,0.7,1.0,3,3633.6,0
2023-07-09 16:32:01,5,59,27.2,84,22.4,1018.3,0.3,1.0,0,3633.6,0
2023-07-09 16:37:01,5,59,27.2,84,22.3,1018.4,0.7,1.0,1,3633.6,0
2023-07-09 16:42:01,5,59,27.0,84,22.0,1018.5,0.3,1.0,3,3633.6,0
2023-07-09 16:47:01,5,59,26.7,84,22.0,1018.5,0.3,1.0,3,3633.6,0
2023-07-09 16:52:01,5,59,26.7,84,21.8,1018.6,0.3,1.0,2,3633.6,0
2023-07-09 16:57:01,5,59,26.6,80,21.4,1018.7,0.7,2.0,3,3633.6,0
2023-07-09 17:02:01,5,57,26.5,78,21.4,1018.9,0.3,1.7,15,3633.6,0
2023-07-09 17:07:01,5,56,26.5,78,21.3,1018.9,0.7,1.0,15,3633.6,0
2023-07-09 17:12:01,5,55,26.3,78,21.3,1019.1,0.3,1.0,2,3633.6,0
2023-07-09 17:17:01,5,54,26.3,76,21.2,1019.1,0.3,0.7,2,3633.6,0
2023-07-09 17:22:01,5,54,26.3,77,21.4,1019.1,0.0,0.0,2,3633.6,0
2023-07-09 17:27:01,5,53,26.3,77,21.7,1019.1,0.0,0.7,2,3633.6,0
2023-07-09 17:32:01,5,53,26.2,77,21.3,1019.2,0.3,1.0,15,3633.6,0
2023-07-09 17:37:01,5,53,26.2,77,21.2,1019.3,0.3,0.7,0,3633.6,0
2023-07-09 17:42:01,5,53,26.2,77,21.2,1019.4,0.3,1.0,15,3633.6,0
2023-07-09 17:47:01,5,53,26.2,77,21.3,1019.5,0.3,1.0,2,3633.6,0
2023-07-09 17:52:01,5,53,26.1,77,21.5,1019.5,0.3,0.7,3,3633.6,0
2023-07-09 17:57:01,5,53,26.1,76,21.3,1019.5,0.0,0.7,2,3633.6,0
2023-07-09 18:02:01,5,53,26.1,76,21.4,1019.5,0.0,0.7,3,3633.6,0
2023-07-09 18:07:01,5,52,26.0,77,21.3,1019.7,0.0,0.0,3,3633.6,0
2023-07-09 18:12:01,5,52,26.0,77,21.1,1019.8,0.0,0.7,1,3633.6,0
2023-07-09 18:17:01,5,52,26.0,78,21.1,1019.8,0.0,0.0,1,3633.6,0
2023-07-09 18:22:01,5,52,26.0,78,21.1,1019.7,0.0,0.0,2,3633.6,0
2023-07-09 18:27:01,5,53,26.0,78,20.9,1019.6,0.7,1.0,15,3633.6,0
2023-07-09 18:32:01,5,52,26.0,78,20.9,1019.7,0.0,0.7,3,3633.6,0
2023-07-09 18:37:01,5,52,26.0,78,21.0,1019.8,0.3,0.7,2,3633.6,0
2023-07-09 18:42:01,5,52,26.0,77,21.0,1019.7,0.3,1.0,0,3633.6,0
2023-07-09 18:47:01,5,52,26.0,78,21.1,1019.8,0.3,0.7,2,3633.6,0
2023-07-09 18:52:01,5,52,26.0,78,21.1,1019.9,0.0,0.0,0,3633.6,0
2023-07-09 18:57:01,5,53,25.9,78,21.0,1019.8,0.3,0.7,15,3633.6,0
2023-07-09 19:02:01,5,53,25.9,77,20.7,1019.9,0.3,0.7,0,3633.6,0
2023-07-09 19:07:01,5,53,25.9,76,20.7,1020.0,0.3,1.0,1,3633.6,0
2023-07-09 19:12:01,5,53,25.1,76,20.7,1020.0,0.3,0.7,0,3633.6,0
2023-07-09 19:17:01,5,52,25.1,77,20.6,1020.1,0.0,0.7,1,3633.6,0
2023-07-09 19:22:01,5,52,25.1,77,20.7,1020.2,0.0,0.0,1,3633.6,0
2023-07-09 19:27:01,5,52,25.1,77,20.6,1020.3,0.0,0.0,3,3633.6,0
2023-07-09 19:32:01,5,52,25.1,77,20.6,1020.4,0.0,0.7,4,3633.6,0
2023-07-09 19:37:01,5,52,25.1,77,20.4,1020.4,0.3,1.0,4,3633.6,0
2023-07-09 19:42:01,5,52,25.1,76,20.4,1020.6,0.3,1.0,4,3633.6,0
2023-07-09 19:47:01,5,52,25.1,77,20.3,1020.5,0.0,0.0,4,3633.6,0
2023-07-09 19:52:01,5,52,25.1,76,20.2,1020.6,0.3,0.7,7,3633.6,0
2023-07-09 19:57:01,5,52,25.1,76,20.1,1020.8,0.0,0.7,4,3633.6,0
2023-07-09 20:02:01,5,52,25.1,76,20.2,1020.9,0.0,0.0,4,3633.6,0
2023-07-09 20:07:01,5,52,25.1,76,20.2,1020.8,0.0,0.0,4,3633.6,0
2023-07-09 20:12:01,5,52,25.1,77,20.1,1021.1,0.0,0.0,4,3633.6,0
2023-07-09 20:17:01,5,52,25.1,78,19.9,1021.1,0.3,0.7,4,3633.6,0
2023-07-09 20:22:01,5,52,25.1,79,19.9,1021.2,0.0,0.0,4,3633.6,0
2023-07-09 20:27:01,5,52,25.0,79,19.8,1021.3,0.0,0.0,4,3633.6,0
2023-07-09 20:32:01,5,52,25.0,80,19.8,1021.2,0.0,0.0,0,3633.6,0
2023-07-09 20:37:01,5,53,24.9,80,19.8,1021.3,0.0,0.0,3,3633.6,0
2023-07-09 20:42:01,5,54,24.9,79,19.8,1021.4,0.0,0.0,4,3633.6,0
2023-07-09 20:47:01,5,54,24.9,79,19.9,1021.4,0.0,0.0,4,3633.6,0
2023-07-09 20:52:02,5,54,24.9,78,19.9,1021.3,0.0,0.0,6,3633.6,0
2023-07-09 20:57:02,5,54,24.8,78,20.0,1021.6,0.0,0.7,4,3633.6,0
2023-07-09 21:02:02,5,54,24.7,78,19.9,1021.6,0.3,0.7,9,3633.6,0
2023-07-09 21:07:02,5,54,24.7,78,19.9,1021.5,0.0,0.7,4,3633.6,0
2023-07-09 21:12:02,5,54,24.7,78,20.0,1021.5,0.0,0.0,4,3633.6,0
2023-07-09 21:17:02,5,54,24.7,78,20.0,1021.7,0.0,0.0,4,3633.6,0
2023-07-09 21:22:02,5,54,24.7,78,20.0,1021.9,0.0,0.0,3,3633.6,0
2023-07-09 21:27:02,5,54,24.7,78,19.9,1022.0,0.0,0.7,5,3633.6,0
2023-07-09 21:32:02,5,54,24.7,79,20.0,1022.0,0.0,0.0,4,3633.6,0
2023-07-09 21:37:02,5,54,24.7,78,19.9,1022.0,0.0,0.0,6,3633.6,0
2023-07-09 21:42:02,5,54,24.7,79,20.0,1022.2,0.0,0.7,4,3633.6,0
2023-07-09 21:47:02,5,54,24.6,80,20.0,1022.0,0.0,0.7,10,3633.6,0
2023-07-09 21:52:02,5,54,24.6,81,19.9,1022.2,0.3,0.7,0,3633.6,0
2023-07-09 21:57:02,5,55,24.6,82,19.8,1022.2,0.3,0.7,6,3633.6,0
2023-07-09 22:02:02,5,55,24.6,83,19.7,1022.1,0.0,0.0,5,3633.6,0
2023-07-09 22:07:02,5,56,24.6,83,19.7,1022.1,0.0,0.0,3,3633.6,0
2023-07-09 22:12:02,5,56,24.6,83,19.7,1022.2,0.3,1.0,2,3633.6,0
2023-07-09 22:17:02,5,56,24.6,83,19.7,1022.4,0.3,0.7,3,3633.6,0
2023-07-09 22:22:02,5,56,24.5,83,19.7,1022.3,0.0,0.7,4,3633.6,0
2023-07-09 22:27:02,5,56,24.5,83,19.7,1022.4,0.3,0.7,5,3633.6,0
2023-07-09 22:32:02,5,56,24.4,83,19.6,1022.3,0.0,0.7,1,3633.6,0
2023-07-09 22:37:02,5,56,24.4,82,19.5,1022.4,0.7,1.0,1,3633.6,0
2023-07-09 22:42:02,5,56,24.4,82,19.5,1022.4,0.0,0.0,5,3633.6,0
2023-07-09 22:47:02,5,56,24.4,82,19.4,1022.4,0.3,1.0,4,3633.6,0
2023-07-09 22:52:02,5,56,24.4,82,19.3,1022.4,0.3,1.0,4,3633.6,0
2023-07-09 22:57:02,5,56,24.4,82,19.3,1022.4,0.0,0.7,3,3633.6,0
2023-07-09 23:02:02,5,56,24.4,82,19.3,1022.4,0.0,0.0,2,3633.6,0
2023-07-09 23:07:02,5,56,24.4,83,19.2,1022.3,0,0,2,3633.6,0
2023-07-09 23:12:02,5,56,24.4,83,19.2,1022.2,0,0,2,3633.6,0
2023-07-09 23:17:02,5,56,24.4,84,19.2,1022.2,0,0,2,3633.6,0
2023-07-09 23:22:02,5,57,24.4,84,19.0,1022.2,0,0,1,3633.6,0
2023-07-09 23:27:02,5,57,24.3,84,19.0,1022.2,0,0,2,3633.6,0
2023-07-09 23:32:02,5,57,24.4,84,18.9,1022.1,0,0,1,3633.6,0
2023-07-09 23:37:02,5,57,24.4,84,18.9,1022.1,0,0,1,3633.6,0
2023-07-09 23:42:02,5,57,24.4,84,18.9,1022.2,0,0,1,3633.6,0
2023-07-09 23:47:02,5,57,24.4,85,19.0,1022.2,0,0,2,3633.6,0
2023-07-09 23:52:02,5,57,24.4,85,18.9,1022.1,0,0,3,3633.6,0
2023-07-09 23:57:02,5,57,24.4,86,19.0,1022.2,0,0,5,3633.6,0
