2023-07-20 00:02:01,5,59,23.6,95,15.5,1017.0,0.0,0.0,0,3649.2,0
2023-07-20 00:07:01,5,59,23.6,95,15.5,1017.1,0.0,0.0,0,3649.2,0
2023-07-20 00:12:01,5,59,23.5,95,15.3,1017.2,0.0,0.0,1,3649.2,0
2023-07-20 00:17:01,5,59,23.4,95,15.3,1017.2,0.0,0.0,0,3649.2,0
2023-07-20 00:22:01,5,59,23.4,95,15.3,1017.2,0.0,0.0,1,3649.2,0
2023-07-20 00:27:01,5,59,23.4,95,15.2,1017.3,0.0,0.7,1,3649.2,0
2023-07-20 00:32:01,5,59,23.4,95,15.3,1017.2,0.0,0.0,2,3649.2,0
2023-07-20 00:37:01,5,59,23.3,95,15.2,1017.2,0.0,0.0,2,3649.2,0
2023-07-20 00:42:01,5,59,23.3,96,15.3,1017.3,0.0,0.0,15,3649.2,0
2023-07-20 00:47:01,5,59,23.3,96,15.2,1017.4,0.0,0.0,15,3649.2,0
2023-07-20 00:52:01,5,59,23.2,96,15.2,1017.4,0.0,0.0,0,3649.2,0
2023-07-20 00:57:01,5,60,23.1,96,15.2,1017.5,0.0,0.0,15,3649.2,0
2023-07-20 01:02:01,5,60,23.1,96,15.2,1017.5,0.0,0.7,15,3649.2,0
2023-07-20 01:07:01,5,60,23.1,96,15.1,1017.6,0.0,0.7,15,3649.2,0
2023-07-20 01:12:01,5,60,23.1,96,15.2,1017.6,0.0,0.0,1,3649.2,0
2023-07-20 01:17:01,5,60,23.1,96,15.3,1017.7,0.0,0.0,1,3649.2,0
2023-07-20 01:22:01,5,60,23.0,96,15.4,1017.8,0.0,0.0,1,3649.2,0
2023-07-20 01:27:01,5,60,23.0,96,15.4,1017.7,0.0,0.7,1,3649.2,0
2023-07-20 01:32:01,5,60,23.0,96,15.4,1017.8,0.0,0.7,1,3649.2,0
2023-07-20 01:37:01,5,60,23.0,96,15.4,1017.7,0.3,0.7,15,3649.2,0
2023-07-20 01:42:01,5,60,23.0,96,15.3,1017.7,0.0,0.7,15,3649.2,0
2023-07-20 01:47:01,5,60,23.0,96,15.2,1017.8,0.0,0.0,0,3649.2,0
2023-07-20 01:52:01,5,60,23.0,96,15.1,1018.0,0.0,0.0,1,3649.2,0
2023-07-20 01:57:01,5,60,23.0,96,15.1,1017.9,0.0,0.0,1,3649.2,0
2023-07-20 02:02:01,5,60,23.0,96,15.1,1018.0,0.0,0.0,1,3649.2,0
2023-07-20 02:07:01,5,59,22.9,96,14.9,1017.9,0.0,0.7,2,3649.2,0
2023-07-20 02:12:01,5,59,22.9,96,14.9,1018.0,0.0,0.7,15,3649.2,0
2023-07-20 02:17:01,5,59,22.9,96,14.9,1018.0,0.0,0.0,15,3649.2,0
2023-07-20 02:22:01,5,59,22.9,96,14.7,1018.1,0.0,0.7,15,3649.2,0
2023-07-20 02:27:01,5,59,22.9,96,14.7,1018.0,0.0,0.0,15,3649.2,0
2023-07-20 02:32:01,5,59,22.8,96,14.6,1018.1,0.0,0.0,15,3649.2,0
2023-07-20 02:37:01,5,59,22.8,96,14.6,1018.1,0.0,0.0,15,3649.2,0
2023-07-20 02:42:01,5,59,22.7,96,14.6,1018.1,0.0,0.0,15,3649.2,0
2023-07-20 02:47:01,5,59,22.7,96,14.5,1018.2,0.0,0.0,15,3649.2,0
2023-07-20 02:52:01,5,59,22.7,96,14.4,1018.3,0.0,0.0,15,3649.2,0
2023-07-20 02:57:01,5,58,22.7,96,14.3,1018.6,0.0,0.0,15,3649.2,0
2023-07-20 03:02:01,5,58,22.7,96,14.3,1018.5,0.0,0.0,15,3649.2,0
2023-07-20 03:07:01,5,59,22.7,96,14.3,1018.6,0.0,0.0,15,3649.2,0
2023-07-20 03:12:01,5,58,22.6,96,14.2,1018.6,0.0,0.0,15,3649.2,0
2023-07-20 03:17:01,5,58,22.6,96,14.1,1018.5,0.0,0.0,15,3649.2,0
2023-07-20 03:22:01,5,58,22.6,96,14.2,1018.6,0.0,0.0,15,3649.2,0
2023-07-20 03:27:01,5,58,22.6,96,14.1,1018.6,0.0,0.0,15,3649.2,0
2023-07-20 03:32:01,5,58,22.6,96,14.0,1018.6,0.0,0.0,15,3649.2,0
2023-07-20 03:37:01,5,58,22.6,96,13.9,1018.6,0.0,0.0,15,3649.2,0
2023-07-20 03:42:01,5,58,22.5,96,13.8,1018.7,0.0,0.0,15,3649.2,0
2023-07-20 03:47:01,5,58,22.5,96,13.7,1018.7,0.0,0.0,15,3649.2,0
2023-07-20 03:52:01,5,58,22.5,97,13.8,1018.7,0.0,0.0,15,3649.2,0
2023-07-20 03:57:01,5,58,22.5,97,13.7,1018.7,0.0,0.0,15,3649.2,0
2023-07-20 04:02:01,5,58,22.5,97,13.8,1018.7,0.0,0.0,15,3649.2,0
2023-07-20 04:07:01,5,58,22.5,97,13.7,1018.8,0.0,0.0,15,3649.2,0
2023-07-20 04:12:01,5,58,22.3,97,13.7,1018.8,0.0,0.0,15,3649.2,0
2023-07-20 04:17:01,5,58,22.3,97,13.7,1019.0,0.0,0.0,15,3649.2,0
2023-07-20 04:22:01,5,58,22.3,97,13.7,1019.0,0.0,0.0,15,3649.2,0
2023-07-20 04:27:01,5,58,22.3,97,13.7,1018.9,0.0,0.0,15,3649.2,0
2023-07-20 04:32:01,5,58,22.3,97,13.8,1019.0,0.0,0.0,15,3649.2,0
2023-07-20 04:37:01,5,58,22.3,97,13.9,1019.0,0.0,0.0,15,3649.2,0
2023-07-20 04:42:01,5,58,22.3,97,13.9,1018.9,0.0,0.0,15,3649.2,0
2023-07-20 04:47:01,5,58,22.3,97,14.0,1019.1,0.0,0.0,15,3649.2,0
2023-07-20 04:52:01,5,58,22.3,97,14.1,1019.1,0.0,0.0,15,3649.2,0
2023-07-20 04:57:01,5,58,22.3,97,14.4,1019.1,0.0,0.0,15,3649.2,0
2023-07-20 05:02:01,5,58,22.3,97,14.7,1019.1,0.0,0.0,15,3649.2,0
2023-07-20 05:07:01,5,58,22.3,97,14.8,1019.0,0.0,0.0,15,3649.2,0
2023-07-20 05:12:01,5,58,22.3,97,15.3,1019.0,0.0,0.0,15,3649.2,0
2023-07-20 05:17:01,5,58,22.4,97,15.7,1019.1,0.0,0.0,15,3649.2,0
2023-07-20 05:22:01,5,59,22.5,97,16.6,1018.9,0.0,0.0,15,3649.2,0
2023-07-20 05:27:01,5,59,22.6,96,16.4,1018.7,0.0,0.0,15,3649.2,0
2023-07-20 05:32:01,5,59,22.7,96,16.3,1018.5,0.0,0.0,15,3649.2,0
2023-07-20 05:37:01,5,59,22.9,95,17.3,1018.7,0.0,0.0,15,3649.2,0
2023-07-20 05:42:01,5,59,23.0,94,17.7,1018.5,0.0,0.0,15,3649.2,0
2023-07-20 05:47:01,5,59,23.1,91,17.9,1018.4,0.0,0.0,15,3649.2,0
2023-07-20 05:52:01,5,59,23.4,85,19.0,1018.1,0.0,0.0,15,3649.2,0
2023-07-20 05:57:01,5,59,23.5,80,19.3,1018.1,0.0,0.0,15,3649.2,0
2023-07-20 06:02:01,5,58,23.6,79,19.8,1017.8,0.0,0.0,15,3649.2,0
2023-07-20 06:07:01,5,58,23.8,78,18.7,1017.9,0.0,0.0,15,3649.2,0
2023-07-20 06:12:01,5,57,24.0,80,18.9,1017.6,0.0,0.0,15,3649.2,0
2023-07-20 06:17:01,5,57,24.3,78,19.8,1017.5,0.0,0.0,15,3649.2,0
2023-07-20 06:22:01,5,56,24.4,79,18.6,1017.3,0.0,0.0,15,3649.2,0
2023-07-20 06:27:01,5,56,24.5,79,18.5,1017.2,0.0,0.0,15,3649.2,0
2023-07-20 06:32:01,5,56,24.7,77,19.4,1017.1,0.0,0.0,15,3649.2,0
2023-07-20 06:37:01,5,55,25.0,74,19.1,1016.8,0.3,0.7,3,3649.2,0
2023-07-20 06:42:01,5,54,25.1,75,18.6,1016.7,0.0,0.0,15,3649.2,0
2023-07-20 06:47:01,5,53,25.1,77,18.6,1016.8,0.0,0.0,1,3649.2,0
2023-07-20 06:52:01,5,53,25.1,78,18.3,1016.8,0.0,0.0,1,3649.2,0
2023-07-20 06:57:01,5,52,25.0,79,17.8,1016.8,0.0,0.7,3,3649.2,0
2023-07-20 07:02:01,5,53,25.1,77,18.7,1016.8,0.0,0.0,3,3649.2,0
2023-07-20 07:07:01,5,53,25.1,81,17.9,1016.5,0.3,0.7,5,3649.2,0
2023-07-20 07:12:01,5,52,25.1,82,17.6,1016.7,0.0,0.7,3,3649.2,0
2023-07-20 07:17:01,5,52,25.1,82,17.7,1016.7,0.0,0.7,5,3649.2,0
2023-07-20 07:22:01,5,52,25.1,83,17.8,1016.8,0.0,0.0,3,3649.2,0
2023-07-20 07:27:01,5,52,25.1,83,17.9,1017.0,0.0,0.0,3,3649.2,0
2023-07-20 07:32:01,5,53,24.9,82,17.2,1017.0,0.0,0.0,1,3649.2,0
2023-07-20 07:37:01,5,53,24.9,82,16.9,1017.1,0.3,1.7,15,3649.2,0
2023-07-20 07:42:01,5,53,24.7,83,16.8,1017.3,0.0,0.7,2,3649.2,0
2023-07-20 07:47:01,5,53,24.7,84,16.9,1017.4,0.0,0.0,2,3649.2,0
2023-07-20 07:52:01,5,53,24.7,84,16.8,1017.4,0.0,0.0,0,3649.2,0
2023-07-20 07:57:01,5,53,24.6,84,16.7,1017.5,0.0,0.0,1,3649.2,0
2023-07-20 08:02:01,5,53,24.5,85,17.1,1017.7,0.0,0.0,2,3649.2,0
2023-07-20 08:07:01,5,53,24.5,84,16.7,1017.7,0.0,0.0,15,3649.5,0
2023-07-20 08:12:01,5,53,24.4,83,17.2,1017.8,0.0,0.0,2,3649.5,0
2023-07-20 08:17:01,5,52,24.4,82,17.7,1017.8,0.0,0.0,2,3649.5,0
2023-07-20 08:22:01,5,52,24.4,82,18.3,1017.7,0.0,0.0,2,3649.5,0
2023-07-20 08:27:01,5,52,24.6,79,18.0,1017.6,0.3,0.7,1,3649.5,0
2023-07-20 08:32:01,5,52,24.6,80,18.2,1017.5,0.0,0.7,0,3649.5,0
2023-07-20 08:37:01,5,52,24.8,77,18.8,1017.5,0.0,0.7,12,3649.5,0
2023-07-20 08:42:01,5,51,25.1,74,19.6,1017.1,0.0,0.7,9,3649.5,0
2023-07-20 08:47:01,5,50,25.1,75,20.0,1016.9,0.0,0.7,9,3649.5,0
2023-07-20 08:52:01,5,50,25.1,71,19.1,1016.6,0.3,1.0,14,3649.5,0
2023-07-20 08:57:01,5,49,25.1,73,19.0,1016.6,0.3,1.0,0,3649.5,0
2023-07-20 09:02:01,5,48,25.1,74,18.4,1016.6,0.0,0.7,15,3649.5,0
2023-07-20 09:07:01,5,47,25.1,73,18.7,1016.6,0.0,0.0,15,3649.5,0
2023-07-20 09:12:01,5,46,25.1,74,18.8,1016.8,0.0,0.0,15,3649.5,0
2023-07-20 09:17:01,5,47,25.1,72,19.6,1016.7,0.0,0.7,0,3649.5,0
2023-07-20 09:22:01,5,47,25.1,73,19.7,1016.8,0.0,0.0,12,3649.5,0
2023-07-20 09:27:01,5,46,25.1,70,19.9,1016.9,0.7,1.7,9,3649.5,0
2023-07-20 09:32:01,5,47,25.1,70,20.7,1017.0,0.0,1.0,4,3649.5,0
2023-07-20 09:37:01,5,47,25.1,71,19.7,1017.0,1.0,2.0,5,3649.5,0
2023-07-20 09:42:01,5,47,25.0,72,19.9,1017.1,0.0,0.0,4,3649.5,0
2023-07-20 09:47:01,5,47,25.0,70,20.1,1017.0,0.3,1.0,11,3649.5,0
2023-07-20 09:52:01,5,47,24.9,70,20.7,1017.2,0.7,1.0,8,3649.5,0
2023-07-20 09:57:01,5,48,24.8,69,20.8,1017.3,0.3,0.7,10,3649.5,0
2023-07-20 10:02:01,5,48,24.8,68,20.7,1017.2,0.7,1.0,4,3649.5,0
2023-07-20 10:07:01,5,48,24.8,68,20.0,1017.3,0.0,0.0,5,3649.5,0
2023-07-20 10:12:01,5,48,24.7,69,20.5,1017.3,0.0,0.7,4,3649.5,0
2023-07-20 10:17:01,5,48,24.7,68,20.6,1017.2,0.0,0.7,4,3649.5,0
2023-07-20 10:22:01,5,48,24.7,66,21.1,1017.3,0.3,0.7,1,3649.5,0
2023-07-20 10:27:01,5,48,24.7,66,21.6,1017.2,0.3,0.7,5,3649.5,0
2023-07-20 10:32:01,5,48,24.7,63,21.0,1017.2,0.3,0.7,1,3649.5,0
2023-07-20 10:37:01,5,47,24.7,64,21.7,1017.2,0.7,1.0,7,3649.5,0
2023-07-20 10:42:01,5,47,24.7,62,21.6,1017.2,0.3,1.0,3,3649.5,0
2023-07-20 10:47:01,5,47,24.7,64,22.2,1017.1,0.0,0.7,3,3649.5,0
2023-07-20 10:52:01,5,47,24.7,62,22.2,1017.1,0.0,0.7,15,3649.5,0
2023-07-20 10:57:01,5,47,24.7,61,22.2,1017.0,0.7,1.7,7,3649.5,0
2023-07-20 11:02:01,5,47,24.7,61,21.5,1017.0,0.3,1.0,7,3649.5,0
2023-07-20 11:07:01,5,46,24.7,63,21.0,1017.0,0.3,1.0,6,3649.5,0
2023-07-20 11:12:01,5,46,24.7,66,20.5,1017.1,0.0,0.0,6,3649.5,0
2023-07-20 11:17:01,5,46,24.7,66,20.6,1017.1,0.7,1.0,1,3649.5,0
2023-07-20 11:22:01,5,46,24.7,67,20.8,1017.2,0.0,0.7,4,3649.5,0
2023-07-20 11:27:01,5,46,24.6,65,21.5,1017.1,0.3,0.7,1,3649.5,0
2023-07-20 11:32:01,5,47,24.6,64,22.5,1017.0,0.0,0.0,0,3649.5,0
2023-07-20 11:37:01,5,47,24.6,62,22.4,1017.0,0.0,0.7,6,3649.5,0
2023-07-20 11:42:01,5,47,24.6,64,21.3,1017.0,0.3,1.0,1,3649.5,0
2023-07-20 11:47:01,5,47,24.6,66,20.9,1016.9,0.7,1.0,15,3649.5,0
2023-07-20 11:52:01,5,47,24.6,66,21.2,1016.9,0.0,0.0,3,3649.5,0
2023-07-20 11:57:01,5,47,24.6,64,21.5,1016.9,0.0,0.7,4,3649.5,0
2023-07-20 12:02:01,5,48,24.6,64,21.3,1016.8,0.0,0.0,2,3649.5,0
2023-07-20 12:07:01,5,49,24.6,63,21.4,1016.9,0.3,1.0,2,3649.5,0
2023-07-20 12:12:01,5,49,24.7,63,21.3,1016.7,0.0,0.0,5,3649.5,0
2023-07-20 12:17:01,5,49,24.7,61,22.1,1016.8,0.0,0.0,2,3649.5,0
2023-07-20 12:22:01,5,50,24.7,60,21.9,1016.8,0.0,0.0,2,3649.5,0
2023-07-20 12:27:01,5,50,24.7,61,21.8,1016.6,0.0,0.0,2,3649.5,0
2023-07-20 12:32:01,5,50,24.7,59,21.7,1016.6,0.0,0.7,3,3649.5,0
2023-07-20 12:37:01,5,50,24.7,60,21.9,1016.5,0.0,0.7,5,3649.5,0
2023-07-20 12:42:01,5,50,24.7,61,21.0,1016.5,0.3,1.0,5,3649.5,0
2023-07-20 12:47:01,5,50,24.7,60,21.3,1016.6,0.7,1.7,6,3649.5,0
2023-07-20 12:52:01,5,50,24.7,63,20.9,1016.5,0.0,0.0,6,3649.5,0
2023-07-20 12:57:01,5,50,24.7,61,21.8,1016.4,0.0,0.0,3,3649.5,0
2023-07-20 13:02:01,5,50,24.8,61,21.5,1016.4,0.3,1.0,6,3649.5,0
2023-07-20 13:07:01,5,50,24.8,57,22.2,1016.3,0.0,0.7,6,3649.5,0
2023-07-20 13:12:01,5,50,24.9,59,21.9,1016.2,0.7,1.0,6,3649.5,0
2023-07-20 13:17:01,5,50,24.9,59,22.1,1016.2,0.3,1.0,7,3649.5,0
2023-07-20 13:22:01,5,50,24.9,56,22.7,1016.0,0.3,1.0,7,3649.5,0
2023-07-20 13:27:01,5,49,25.0,54,23.7,1016.0,0.7,1.7,1,3649.5,0
2023-07-20 13:32:01,5,49,25.0,53,23.5,1015.9,0.0,0.7,14,3649.5,0
2023-07-20 13:37:01,5,47,25.0,54,23.1,1015.9,0.7,1.0,1,3649.5,0
2023-07-20 13:42:01,5,45,25.0,56,22.5,1015.9,0.3,0.7,0,3649.5,0
2023-07-20 13:47:01,5,44,24.9,56,22.5,1015.8,0.7,1.0,15,3649.5,0
2023-07-20 13:52:01,5,44,24.9,56,22.5,1015.9,0.3,0.7,1,3649.5,0
2023-07-20 13:57:01,5,44,24.9,56,22.2,1015.8,0.3,1.0,5,3649.5,0
2023-07-20 14:02:01,5,44,24.9,57,22.5,1015.8,0.7,1.0,12,3649.5,0
2023-07-20 14:07:01,5,43,24.8,56,22.9,1015.8,0.0,0.0,5,3649.5,0
2023-07-20 14:12:01,5,43,24.8,56,23.0,1015.9,0.3,0.7,4,3649.5,0
2023-07-20 14:17:01,5,43,24.8,55,22.7,1015.8,0.3,0.7,4,3649.5,0
2023-07-20 14:22:01,5,43,24.8,57,22.6,1015.8,0.3,1.0,3,3649.5,0
2023-07-20 14:27:01,5,43,24.7,55,23.1,1015.7,0.3,1.0,14,3649.5,0
2023-07-20 14:32:01,5,43,24.7,53,23.8,1015.8,0.3,0.7,14,3649.5,0
2023-07-20 14:37:01,5,43,24.7,50,24.9,1015.8,0.3,0.7,1,3649.5,0
2023-07-20 14:42:01,5,43,24.8,50,24.7,1015.7,0.0,0.7,6,3649.5,0
2023-07-20 14:47:01,5,43,24.8,52,24.0,1015.7,0.0,0.0,4,3649.5,0
2023-07-20 14:52:01,5,43,24.8,54,22.8,1015.6,0.7,1.7,6,3649.5,0
2023-07-20 14:57:01,5,43,24.8,55,22.5,1015.7,0.3,0.7,5,3649.5,0
2023-07-20 15:02:01,5,43,24.8,57,22.3,1015.6,0.3,0.7,4,3649.5,0
2023-07-20 15:07:01,5,43,24.7,56,22.2,1015.6,0.0,0.0,4,3649.5,0
2023-07-20 15:12:01,5,43,24.7,59,21.9,1015.7,0.0,0.0,1,3649.5,0
2023-07-20 15:17:01,5,43,24.7,59,21.6,1015.7,0.0,0.0,1,3649.5,0
2023-07-20 15:22:01,5,43,24.7,59,21.5,1015.7,0.0,0.7,4,3649.5,0
2023-07-20 15:27:01,5,43,24.6,60,21.4,1015.7,0.0,0.0,4,3649.5,0
2023-07-20 15:32:01,5,44,24.6,60,21.2,1015.7,0.0,0.0,4,3649.5,0
2023-07-20 15:37:01,5,44,24.6,60,21.2,1015.7,0.0,0.0,4,3649.5,0
2023-07-20 15:42:01,5,44,24.6,60,21.1,1015.7,0.0,0.7,3,3649.5,0
2023-07-20 15:47:01,5,44,24.5,60,21.3,1015.7,0.0,0.0,3,3649.5,0
2023-07-20 15:52:01,5,44,24.5,59,21.0,1015.5,0.3,1.0,1,3649.5,0
2023-07-20 15:57:01,5,43,24.5,60,21.1,1015.6,0.0,0.0,1,3649.5,0
2023-07-20 16:02:01,5,43,24.5,60,20.9,1015.8,0.0,0.0,1,3649.5,0
2023-07-20 16:07:01,5,43,24.4,60,20.9,1015.8,0.0,0.0,1,3649.5,0
2023-07-20 16:12:01,5,43,24.4,60,20.8,1015.8,0.0,0.0,1,3649.5,0
2023-07-20 16:17:01,5,43,24.4,61,20.8,1015.8,0.0,0.0,1,3649.5,0
2023-07-20 16:22:01,5,43,24.3,60,20.8,1015.7,0.0,0.0,1,3649.5,0
2023-07-20 16:27:01,5,43,24.3,61,20.8,1015.8,0.0,0.0,1,3649.5,0
2023-07-20 16:32:01,5,43,24.3,61,20.7,1015.8,0.0,0.0,1,3649.5,0
2023-07-20 16:37:01,5,43,24.3,62,20.6,1015.9,0.0,0.0,1,3649.5,0
2023-07-20 16:42:01,5,43,24.3,62,20.4,1015.7,0.0,0.0,1,3649.5,0
2023-07-20 16:47:01,5,43,24.3,61,20.5,1015.9,0.0,0.0,1,3649.5,0
2023-07-20 16:52:01,5,43,24.2,61,20.6,1015.8,0.0,0.0,2,3649.5,0
2023-07-20 16:57:01,5,43,24.2,60,20.6,1015.7,0.0,0.0,2,3649.5,0
2023-07-20 17:02:01,5,43,24.2,61,20.5,1015.7,0.0,0.7,2,3649.5,0
2023-07-20 17:07:01,5,44,24.2,62,20.3,1015.7,0.0,0.7,1,3649.5,0
2023-07-20 17:12:01,5,44,24.2,62,20.2,1015.7,0.3,0.7,0,3649.5,0
2023-07-20 17:17:01,5,43,24.3,62,20.1,1015.6,0.0,0.0,0,3649.5,0
2023-07-20 17:22:01,5,43,24.3,63,20.0,1015.7,0.3,0.7,0,3649.5,0
2023-07-20 17:27:01,5,43,24.3,63,19.9,1015.6,0.0,0.7,14,3649.5,0
2023-07-20 17:32:01,5,43,24.3,63,19.7,1015.6,0.3,1.0,14,3649.5,0
2023-07-20 17:37:01,5,43,24.3,63,19.9,1015.5,0.0,0.0,14,3649.5,0
2023-07-20 17:42:01,5,43,24.3,63,19.7,1015.5,0.3,1.0,15,3649.5,0
2023-07-20 17:47:01,5,43,24.2,62,19.6,1015.5,0.7,1.0,14,3649.5,0
2023-07-20 17:52:01,5,43,24.2,62,19.8,1015.5,0.0,0.7,2,3649.5,0
2023-07-20 17:57:01,5,43,24.2,62,20.1,1015.6,0.0,0.0,15,3649.5,0
2023-07-20 18:02:01,5,43,24.3,61,20.1,1015.5,0.3,0.7,4,3649.5,0
2023-07-20 18:07:01,5,43,24.3,60,20.2,1015.4,0.3,0.7,15,3649.5,0
2023-07-20 18:12:01,5,42,24.3,60,20.1,1015.4,0.0,0.7,1,3649.5,0
2023-07-20 18:17:01,5,42,24.3,60,19.8,1015.4,0.3,1.0,0,3649.5,0
2023-07-20 18:22:01,5,42,24.3,61,19.8,1015.4,0.0,0.0,0,3649.5,0
2023-07-20 18:27:01,5,42,24.3,61,19.5,1015.4,0.0,0.0,1,3649.5,0
2023-07-20 18:32:01,5,42,24.3,62,19.4,1015.3,0.0,0.0,1,3649.5,0
2023-07-20 18:37:01,5,42,24.3,62,19.3,1015.3,0.0,0.0,1,3649.5,0
2023-07-20 18:42:01,5,42,24.3,63,19.3,1015.3,0.0,0.0,1,3649.5,0
2023-07-20 18:47:01,5,42,24.3,63,19.2,1015.3,0.0,0.0,1,3649.5,0
2023-07-20 18:52:01,5,42,24.2,64,19.0,1015.3,0.0,0.0,1,3649.5,0
2023-07-20 18:57:01,5,42,24.2,65,18.9,1015.4,0.0,0.0,1,3649.5,0
2023-07-20 19:02:01,5,42,24.1,65,18.8,1015.3,0.0,0.0,1,3649.5,0
2023-07-20 19:07:01,5,42,24.1,65,18.6,1015.3,0.0,0.0,1,3649.5,0
2023-07-20 19:12:01,5,42,24.1,66,18.5,1015.4,0.0,0.0,1,3649.5,0
2023-07-20 19:17:01,5,43,24.1,67,18.4,1015.5,0.0,0.0,1,3649.5,0
2023-07-20 19:22:01,5,43,24.0,66,18.3,1015.6,0.0,0.0,1,3649.5,0
2023-07-20 19:27:01,5,43,24.0,66,18.3,1015.6,0.3,0.7,1,3649.5,0
2023-07-20 19:32:01,5,44,24.0,66,18.3,1015.5,0.3,1.0,1,3649.5,0
2023-07-20 19:37:01,5,45,23.9,66,18.2,1015.6,0.0,0.0,1,3649.5,0
2023-07-20 19:42:01,5,45,23.9,65,18.2,1015.6,0.0,0.0,1,3649.5,0
2023-07-20 19:47:01,5,45,23.8,66,18.2,1015.6,0.0,0.0,1,3649.5,0
2023-07-20 19:52:01,5,45,23.8,66,18.1,1015.8,0.0,0.0,1,3649.5,0
2023-07-20 19:57:01,5,45,23.8,66,18.0,1015.9,0.0,0.0,1,3649.5,0
2023-07-20 20:02:01,5,45,23.8,66,17.9,1015.9,0.0,0.7,14,3649.5,0
2023-07-20 20:07:01,5,45,23.8,67,17.9,1016.0,0.0,0.7,15,3649.5,0
2023-07-20 20:12:01,5,46,23.7,67,17.8,1016.0,0.0,0.0,0,3649.5,0
2023-07-20 20:17:01,5,46,23.7,68,17.7,1016.0,0.0,0.0,1,3649.5,0
2023-07-20 20:22:01,5,46,23.7,68,17.7,1016.0,0.0,0.7,15,3649.5,0
2023-07-20 20:27:01,5,46,23.6,68,17.6,1016.1,0.0,0.7,1,3649.5,0
2023-07-20 20:32:01,5,46,23.6,68,17.7,1016.1,0.0,0.0,1,3649.5,0
2023-07-20 20:37:01,5,46,23.6,68,17.6,1016.1,0.0,0.0,14,3649.5,0
2023-07-20 20:42:01,5,47,23.6,69,17.7,1016.1,0.0,0.7,15,3649.5,0
2023-07-20 20:47:01,5,47,23.6,69,17.7,1015.9,0.0,0.7,15,3649.5,0
2023-07-20 20:52:01,5,47,23.6,70,17.7,1016.1,0.0,0.0,0,3649.5,0
2023-07-20 20:57:01,5,47,23.6,69,17.5,1016.1,0.3,1.0,14,3649.5,0
2023-07-20 21:02:01,5,47,23.6,70,17.6,1016.1,0.0,0.0,15,3649.5,0
2023-07-20 21:07:01,5,47,23.5,70,17.5,1016.0,0.0,0.7,15,3649.5,0
2023-07-20 21:12:01,5,47,23.4,70,17.5,1015.9,0.0,0.7,0,3649.5,0
2023-07-20 21:17:01,5,47,23.4,70,17.5,1015.9,0.0,0.0,1,3649.5,0
2023-07-20 21:22:01,5,47,23.4,71,17.5,1016.0,0.0,0.0,14,3649.5,0
2023-07-20 21:27:01,5,48,23.4,71,17.4,1016.0,0.0,0.0,0,3649.5,0
2023-07-20 21:32:01,5,48,23.4,71,17.4,1016.1,0.0,0.7,2,3649.5,0
2023-07-20 21:37:01,5,48,23.4,71,17.3,1016.2,0.0,0.7,1,3649.5,0
2023-07-20 21:42:01,5,48,23.4,71,17.3,1016.2,0.0,0.7,1,3649.5,0
2023-07-20 21:47:01,5,48,23.4,72,17.2,1016.2,0.0,0.0,0,3649.5,0
2023-07-20 21:52:01,5,48,23.4,72,17.2,1016.2,0.0,0.7,0,3649.5,0
2023-07-20 21:57:01,5,48,23.3,73,17.2,1016.3,0.0,0.0,0,3649.5,0
2023-07-20 22:02:01,5,48,23.3,73,17.1,1016.3,0.0,0.0,15,3649.5,0
2023-07-20 22:07:01,5,48,23.3,73,17.0,1016.2,0.3,0.7,14,3649.5,0
2023-07-20 22:12:01,5,49,23.3,74,17.0,1016.1,0.0,0.0,0,3649.5,0
2023-07-20 22:17:01,5,49,23.3,74,17.0,1016.1,0.0,0.0,1,3649.5,0
2023-07-20 22:22:01,5,49,23.3,74,16.8,1016.2,0.3,0.7,14,3649.5,0
2023-07-20 22:27:01,5,49,23.3,74,16.8,1016.1,0.0,0.0,0,3649.5,0
2023-07-20 22:32:01,5,49,23.3,74,16.7,1016.2,0.0,0.0,15,3649.5,0
2023-07-20 22:37:01,5,49,23.2,74,16.7,1016.1,0.0,0.7,14,3649.5,0
2023-07-20 22:42:01,5,49,23.2,75,16.5,1016.3,0.3,1.0,14,3649.5,0
2023-07-20 22:47:01,5,49,23.1,75,16.4,1016.3,0.0,0.7,14,3649.5,0
2023-07-20 22:52:01,5,49,23.1,76,16.4,1016.2,0.0,0.7,14,3649.5,0
2023-07-20 22:57:01,5,49,23.1,76,16.3,1016.2,0.3,0.7,14,3649.5,0
2023-07-20 23:02:01,5,49,23.0,76,16.3,1016.2,0.0,0.0,14,3649.5,0
2023-07-20 23:07:01,5,49,23.0,77,16.3,1016.2,0,0,14,3649.5,0
2023-07-20 23:12:01,5,50,23.0,77,16.2,1016.3,0,0,15,3649.5,0
2023-07-20 23:17:01,5,50,23.0,77,16.2,1016.2,0,0,15,3649.5,0
2023-07-20 23:22:01,5,49,22.9,78,16.1,1016.2,0,0.7,15,3649.5,0
2023-07-20 23:27:01,5,49,22.9,78,16.2,1016.2,0,0,0,3649.5,0
2023-07-20 23:32:01,5,49,22.9,78,16.1,1016.2,0,0,2,3649.5,0
2023-07-20 23:37:01,5,50,22.8,79,16.1,1016.2,0,0,2,3649.5,0
2023-07-20 23:42:01,5,50,22.8,79,16.1,1016.3,0,0,2,3649.5,0
2023-07-20 23:47:01,5,50,22.7,79,16.0,1016.2,0,0,2,3649.5,0
2023-07-20 23:52:01,5,50,22.7,80,15.9,1016.1,0,0,14,3649.5,0
2023-07-20 23:57:01,5,50,22.7,80,15.8,1016.2,0,0,14,3649.5,0
