2024-03-19 00:02:00,5,65,18.7,96,8.8,1023.5,0.0,0.0,5,4716.6,0
2024-03-19 00:07:00,5,65,18.7,95,8.9,1023.6,0.0,0.0,5,4716.6,0
2024-03-19 00:12:00,5,65,18.7,94,9.1,1023.5,0.0,0.0,5,4716.6,0
2024-03-19 00:17:00,5,65,18.6,94,9.2,1023.6,0.0,0.0,8,4716.6,0
2024-03-19 00:22:00,5,65,18.6,93,9.4,1023.6,0.0,0.0,8,4716.6,0
2024-03-19 00:27:00,5,65,18.6,92,9.5,1023.5,0.0,0.0,8,4716.6,0
2024-03-19 00:32:00,5,65,18.6,91,9.5,1023.6,0.0,0.7,7,4716.6,0
2024-03-19 00:37:00,5,65,18.6,91,9.6,1023.5,0.0,0.0,8,4716.6,0
2024-03-19 00:42:00,5,65,18.6,91,9.6,1023.5,0.0,0.0,8,4716.6,0
2024-03-19 00:47:00,5,65,18.6,91,9.6,1023.6,0.0,0.0,8,4716.6,0
2024-03-19 00:52:00,5,64,18.6,91,9.6,1023.6,0.3,0.7,7,4716.6,0
2024-03-19 00:57:00,5,64,18.5,91,9.6,1023.5,0.0,0.0,8,4716.6,0
2024-03-19 01:02:00,5,64,18.5,92,9.6,1023.6,0.0,0.7,8,4716.6,0
2024-03-19 01:07:00,5,64,18.5,92,9.6,1023.6,0.0,0.7,8,4716.6,0
2024-03-19 01:12:00,5,64,18.5,92,9.6,1023.6,0.0,0.7,7,4716.6,0
2024-03-19 01:17:00,5,64,18.5,92,9.6,1023.5,0.0,0.0,8,4716.6,0
2024-03-19 01:22:00,5,64,18.5,92,9.6,1023.5,0.0,0.0,7,4716.6,0
2024-03-19 01:27:00,5,64,18.5,92,9.7,1023.7,0.0,0.7,5,4716.6,0
2024-03-19 01:32:00,5,64,18.5,92,9.9,1023.6,0.0,0.0,7,4716.6,0
2024-03-19 01:37:00,5,64,18.4,92,10.0,1023.5,0.0,0.7,8,4716.6,0
2024-03-19 01:42:00,5,64,18.4,91,10.3,1023.7,0.3,1.0,6,4716.6,0
2024-03-19 01:47:00,5,64,18.4,91,10.3,1023.6,0.3,1.0,6,4716.6,0
2024-03-19 01:52:00,5,64,18.4,91,10.4,1023.7,0.0,0.7,7,4716.6,0
2024-03-19 01:57:00,5,64,18.3,90,10.5,1023.7,0.7,1.7,8,4716.6,0
2024-03-19 02:02:00,5,64,18.3,90,10.5,1023.7,0.0,0.0,8,4716.6,0
2024-03-19 02:07:00,5,64,18.3,90,10.5,1023.6,0.3,1.0,7,4716.6,0
2024-03-19 02:12:00,5,65,18.3,90,10.5,1023.7,0.0,0.7,7,4716.6,0
2024-03-19 02:17:00,5,65,18.3,90,10.5,1023.7,0.3,0.7,6,4716.6,0
2024-03-19 02:22:00,5,64,18.3,90,10.6,1023.7,0.3,1.0,5,4716.6,0
2024-03-19 02:27:00,5,64,18.3,89,10.6,1023.7,0.3,1.0,9,4716.6,0
2024-03-19 02:32:00,5,64,18.3,90,10.6,1023.7,0.0,0.0,5,4716.6,0
2024-03-19 02:37:00,5,64,18.3,90,10.6,1023.7,0.0,0.0,5,4716.6,0
2024-03-19 02:42:00,5,64,18.3,90,10.5,1023.6,0.3,1.0,7,4716.6,0
2024-03-19 02:47:00,5,64,18.3,91,10.5,1023.6,0.0,0.7,9,4716.6,0
2024-03-19 02:52:00,5,64,18.3,91,10.5,1023.4,0.0,0.7,8,4716.6,0
2024-03-19 02:57:00,5,64,18.3,91,10.4,1023.7,0.0,0.0,8,4716.6,0
2024-03-19 03:02:00,5,64,18.3,91,10.4,1023.5,0.0,0.0,8,4716.6,0
2024-03-19 03:07:00,5,64,18.3,91,10.4,1023.5,0.0,0.7,8,4716.6,0
2024-03-19 03:12:00,5,64,18.2,91,10.5,1023.6,0.3,0.7,9,4716.6,0
2024-03-19 03:17:00,5,64,18.2,91,10.4,1023.5,0.0,0.7,9,4716.6,0
2024-03-19 03:22:00,5,64,18.2,91,10.4,1023.6,0.0,0.7,8,4716.6,0
2024-03-19 03:27:00,5,64,18.1,91,10.4,1023.5,0.0,0.0,8,4716.6,0
2024-03-19 03:32:00,5,64,18.1,91,10.4,1023.7,0.3,0.7,10,4716.6,0
2024-03-19 03:37:00,5,64,18.1,91,10.4,1023.6,0.0,0.0,3,4716.6,0
2024-03-19 03:42:00,5,64,18.1,91,10.5,1023.7,0.3,1.0,8,4716.6,0
2024-03-19 03:47:00,5,65,18.1,91,10.5,1023.5,0.0,0.0,7,4716.6,0
2024-03-19 03:52:00,5,65,18.1,90,10.5,1023.7,0.0,0.0,8,4716.6,0
2024-03-19 03:57:00,5,65,18.1,90,10.4,1023.7,0.0,0.0,6,4716.6,0
2024-03-19 04:02:00,5,65,18.1,90,10.4,1023.8,0.0,0.7,7,4716.6,0
2024-03-19 04:07:00,5,65,18.1,91,10.4,1023.8,0.0,0.0,7,4716.6,0
2024-03-19 04:12:00,5,65,18.1,91,10.4,1023.8,0.0,0.0,7,4716.6,0
2024-03-19 04:17:00,5,65,18.1,91,10.3,1023.8,0.0,0.0,8,4716.6,0
2024-03-19 04:22:00,5,65,18.1,91,10.3,1023.9,0.0,0.0,8,4716.6,0
2024-03-19 04:27:00,5,65,18.1,91,10.3,1023.8,0.0,0.0,8,4716.6,0
2024-03-19 04:32:00,5,65,18.1,91,10.2,1023.8,0.0,0.0,8,4716.6,0
2024-03-19 04:37:00,5,65,18.0,92,10.2,1023.9,0.0,0.0,8,4716.6,0
2024-03-19 04:42:00,5,65,18.0,92,10.2,1023.8,0.0,0.0,8,4716.6,0
2024-03-19 04:47:00,5,65,18.0,92,10.2,1024.0,0.0,0.0,8,4716.6,0
2024-03-19 04:52:00,5,65,18.0,92,10.1,1023.9,0.0,0.0,8,4716.6,0
2024-03-19 04:57:00,5,65,18.0,92,10.1,1024.1,0.0,0.0,9,4716.6,0
2024-03-19 05:02:00,5,65,18.0,92,10.1,1024.1,0.0,0.0,9,4716.6,0
2024-03-19 05:07:00,5,65,18.0,92,10.1,1024.1,0.0,0.0,9,4716.6,0
2024-03-19 05:12:00,5,65,17.9,92,10.0,1024.0,0.0,0.0,9,4716.6,0
2024-03-19 05:17:00,5,65,17.9,92,10.1,1024.1,0.0,0.0,9,4716.6,0
2024-03-19 05:22:00,5,65,17.9,92,10.0,1024.1,0.0,0.0,9,4716.6,0
2024-03-19 05:27:00,5,65,17.9,92,10.0,1024.2,0.0,0.0,9,4716.6,0
2024-03-19 05:32:00,5,65,17.9,92,10.0,1024.2,0.0,0.0,9,4716.6,0
2024-03-19 05:37:00,5,65,17.9,92,10.1,1024.2,0.0,0.0,9,4716.6,0
2024-03-19 05:42:00,5,65,17.9,92,10.1,1024.2,0.0,0.0,9,4716.6,0
2024-03-19 05:47:00,5,65,17.9,92,10.1,1024.1,0.0,0.0,9,4716.6,0
2024-03-19 05:52:00,5,65,17.9,92,10.1,1024.3,0.0,0.0,8,4716.6,0
2024-03-19 05:57:00,5,65,17.9,92,10.1,1024.3,0.0,0.0,9,4716.6,0
2024-03-19 06:02:00,5,65,17.9,92,10.2,1024.3,0.0,0.0,8,4716.6,0
2024-03-19 06:07:00,5,65,17.8,92,10.2,1024.3,0.0,0.7,8,4716.6,0
2024-03-19 06:12:00,5,65,17.8,92,10.2,1024.4,0.0,0.7,8,4716.6,0
2024-03-19 06:17:00,5,65,17.8,92,10.2,1024.4,0.0,0.0,8,4716.6,0
2024-03-19 06:22:00,5,65,17.8,92,10.3,1024.4,0.0,0.0,9,4716.6,0
2024-03-19 06:27:00,5,65,17.8,92,10.3,1024.5,0.0,0.0,8,4716.6,0
2024-03-19 06:32:00,5,65,17.8,91,10.5,1024.4,0.7,1.0,10,4716.6,0
2024-03-19 06:37:00,5,65,17.8,91,10.5,1024.4,0.0,0.7,9,4716.6,0
2024-03-19 06:42:00,5,65,17.8,91,10.5,1024.4,0.3,0.7,10,4716.6,0
2024-03-19 06:47:00,5,65,17.8,91,10.5,1024.4,0.0,0.7,8,4716.6,0
2024-03-19 06:52:00,5,65,17.8,91,10.6,1024.4,0.3,1.0,10,4716.6,0
2024-03-19 06:57:00,5,65,17.8,91,10.6,1024.5,0.0,0.0,8,4716.6,0
2024-03-19 07:02:00,5,65,17.8,91,10.6,1024.5,0.0,0.7,9,4716.6,0
2024-03-19 07:07:00,5,65,17.8,91,10.7,1024.5,0.0,0.7,10,4716.6,0
2024-03-19 07:12:00,5,65,17.8,91,10.8,1024.7,0.0,0.0,10,4716.6,0
2024-03-19 07:17:00,5,65,17.8,91,10.8,1024.5,0.3,0.7,9,4716.6,0
2024-03-19 07:22:00,5,65,17.8,91,10.9,1024.6,0.0,0.0,10,4716.6,0
2024-03-19 07:27:00,5,65,17.8,90,10.9,1024.5,0.0,0.0,10,4716.6,0
2024-03-19 07:32:00,5,65,17.8,90,11.0,1024.6,0.3,0.7,7,4716.6,0
2024-03-19 07:37:00,5,65,17.8,90,11.0,1024.7,0.0,0.7,10,4716.6,0
2024-03-19 07:42:00,5,65,17.8,90,11.0,1024.6,0.0,0.7,8,4716.6,0
2024-03-19 07:47:00,5,65,17.8,90,11.0,1024.7,0.3,1.0,8,4716.6,0
2024-03-19 07:52:00,5,65,17.8,90,11.1,1024.8,0.0,0.0,11,4716.6,0
2024-03-19 07:57:00,5,65,17.8,90,11.1,1024.8,0.0,0.0,9,4716.6,0
2024-03-19 08:02:00,5,65,17.9,90,11.1,1024.8,0.0,0.7,10,4716.6,0
2024-03-19 08:07:00,5,65,17.9,90,11.1,1024.7,0.0,0.0,8,4716.6,0
2024-03-19 08:12:00,5,65,17.9,90,11.1,1024.8,0.0,0.7,10,4716.6,0
2024-03-19 08:17:00,5,65,17.9,90,11.1,1024.8,0.3,1.7,7,4716.6,0
2024-03-19 08:22:00,5,65,17.9,90,11.2,1024.7,0.3,1.0,10,4716.6,0
2024-03-19 08:27:00,5,67,17.9,90,11.3,1024.7,0.0,0.7,7,4716.6,0
2024-03-19 08:32:00,5,68,17.9,90,11.4,1024.7,0.0,0.7,9,4716.6,0
2024-03-19 08:37:00,5,67,18.0,89,11.4,1024.6,0.0,0.7,8,4716.6,0
2024-03-19 08:42:00,5,68,18.1,89,11.5,1024.6,0.3,1.0,11,4716.6,0
2024-03-19 08:47:00,5,68,18.3,89,11.7,1024.5,0.0,0.0,10,4716.6,0
2024-03-19 08:52:00,5,68,18.6,88,11.8,1024.1,0.0,0.7,7,4716.6,0
2024-03-19 08:57:00,5,67,19.0,88,12.0,1023.8,0.3,0.7,10,4716.6,0
2024-03-19 09:02:00,5,66,19.3,88,12.1,1023.5,0.3,0.7,8,4716.6,0
2024-03-19 09:07:00,5,65,19.7,87,12.3,1023.2,0.3,1.0,11,4716.6,0
2024-03-19 09:12:00,5,63,20.8,87,12.5,1022.8,0.3,1.0,8,4716.6,0
2024-03-19 09:17:00,5,62,21.1,86,12.8,1022.3,0.7,1.0,12,4716.6,0
2024-03-19 09:22:00,5,61,21.3,85,13.3,1022.2,0.3,1.0,11,4716.6,0
2024-03-19 09:27:00,5,61,21.5,83,13.7,1021.9,0.3,1.0,10,4716.6,0
2024-03-19 09:32:00,5,60,21.8,81,14.0,1021.6,0.7,1.0,8,4716.6,0
2024-03-19 09:37:00,5,60,21.9,81,14.4,1021.3,0.3,0.7,10,4716.6,0
2024-03-19 09:42:00,5,58,22.1,78,14.8,1021.3,0.7,2.0,12,4716.6,0
2024-03-19 09:47:00,5,58,22.3,75,15.3,1021.0,0.7,1.7,11,4716.6,0
2024-03-19 09:52:00,5,58,22.5,75,15.2,1020.7,1.0,1.7,10,4716.6,0
2024-03-19 09:57:00,5,58,22.6,74,15.4,1020.7,1.4,2.0,14,4716.6,0
2024-03-19 10:02:00,5,57,22.7,73,15.4,1020.4,1.0,2.0,8,4716.6,0
2024-03-19 10:07:00,5,57,22.9,74,15.4,1020.4,0.7,2.0,7,4716.6,0
2024-03-19 10:12:00,5,56,22.9,73,15.5,1020.2,1.0,2.0,8,4716.6,0
2024-03-19 10:17:00,5,57,23.0,73,15.6,1020.3,0.7,1.7,8,4716.6,0
2024-03-19 10:22:00,5,56,23.0,73,15.9,1020.2,0.7,1.0,9,4716.6,0
2024-03-19 10:27:00,5,56,23.0,71,16.2,1020.1,0.7,1.7,10,4716.6,0
2024-03-19 10:32:00,5,56,23.1,69,16.9,1020.1,1.0,2.0,8,4716.6,0
2024-03-19 10:37:00,5,56,23.2,69,16.8,1020.1,0.7,1.7,3,4716.6,0
2024-03-19 10:42:00,5,56,23.3,69,16.9,1020.1,0.7,1.7,11,4716.6,0
2024-03-19 10:47:00,5,56,23.4,69,16.9,1019.9,0.7,1.7,13,4716.6,0
2024-03-19 10:52:00,5,56,23.4,68,17.2,1019.9,1.4,3.7,10,4716.6,0
2024-03-19 10:57:00,5,55,23.5,69,17.3,1019.9,0.7,1.7,12,4716.6,0
2024-03-19 11:02:00,5,55,23.6,68,17.2,1019.9,1.0,1.7,14,4716.6,0
2024-03-19 11:07:00,5,55,23.5,69,16.7,1020.0,0.7,1.7,8,4716.6,0
2024-03-19 11:12:00,5,55,23.4,71,16.2,1020.2,0.3,1.0,11,4716.6,0
2024-03-19 11:17:00,5,55,23.3,70,16.5,1020.3,0.7,1.7,10,4716.6,0
2024-03-19 11:22:00,5,55,23.3,71,16.6,1020.3,0.3,1.7,10,4716.6,0
2024-03-19 11:27:00,5,56,23.1,71,16.2,1020.4,1.0,1.7,7,4716.6,0
2024-03-19 11:32:00,5,56,23.1,71,16.3,1020.4,0.3,1.0,8,4716.6,0
2024-03-19 11:37:00,5,56,23.0,71,16.3,1020.5,0.7,1.7,8,4716.6,0
2024-03-19 11:42:00,5,56,23.0,70,16.5,1020.6,1.0,1.7,6,4716.6,0
2024-03-19 11:47:00,5,55,22.9,70,16.8,1020.6,1.4,2.7,7,4716.6,0
2024-03-19 11:52:00,5,55,22.9,68,17.6,1020.7,0.7,1.7,6,4716.6,0
2024-03-19 11:57:00,5,55,22.8,67,18.0,1020.8,0.7,2.0,5,4716.6,0
2024-03-19 12:02:00,5,55,22.7,68,17.4,1020.8,1.0,3.1,9,4716.6,0
2024-03-19 12:07:00,5,56,22.7,69,17.2,1021.0,1.0,1.7,9,4716.6,0
2024-03-19 12:12:00,5,56,22.6,68,17.4,1021.0,1.0,1.7,5,4716.6,0
2024-03-19 12:17:00,5,56,22.6,67,17.7,1021.0,1.0,2.7,4,4716.6,0
2024-03-19 12:22:00,5,56,22.5,66,17.5,1021.1,1.4,2.0,6,4716.6,0
2024-03-19 12:27:00,5,56,22.5,67,17.3,1021.0,1.4,2.7,5,4716.6,0
2024-03-19 12:32:00,5,56,22.4,68,17.1,1021.2,1.4,2.7,7,4716.6,0
2024-03-19 12:37:00,5,56,22.3,67,17.2,1021.4,1.4,2.0,4,4716.6,0
2024-03-19 12:42:00,5,56,22.3,68,16.9,1021.3,0.7,1.7,9,4716.6,0
2024-03-19 12:47:00,5,56,22.3,69,16.7,1021.2,1.0,1.7,12,4716.6,0
2024-03-19 12:52:00,5,56,22.2,68,16.8,1021.4,1.0,2.7,6,4716.6,0
2024-03-19 12:57:00,5,56,22.2,67,17.3,1021.4,1.7,3.1,7,4716.6,0
2024-03-19 13:02:00,5,56,22.2,68,17.4,1021.4,1.0,2.0,7,4716.6,0
2024-03-19 13:07:00,5,56,22.2,67,17.1,1021.3,1.0,2.0,9,4716.6,0
2024-03-19 13:12:00,5,56,22.2,67,17.2,1021.2,0.3,1.0,6,4716.6,0
2024-03-19 13:17:00,5,56,22.2,64,17.4,1021.3,1.7,3.7,6,4716.6,0
2024-03-19 13:22:00,5,57,22.1,64,17.7,1021.2,0.3,1.0,4,4716.6,0
2024-03-19 13:27:00,5,57,22.1,65,17.2,1021.4,1.7,3.1,7,4716.6,0
2024-03-19 13:32:00,5,57,22.0,65,17.0,1021.3,1.0,2.0,6,4716.6,0
2024-03-19 13:37:00,5,58,21.9,63,17.6,1021.3,1.0,2.0,8,4716.6,0
2024-03-19 13:42:00,5,58,21.9,65,17.2,1021.4,1.0,2.7,4,4716.6,0
2024-03-19 13:47:00,5,58,21.9,64,17.3,1021.3,1.0,2.0,7,4716.6,0
2024-03-19 13:52:00,5,58,21.9,65,17.2,1021.4,0.7,1.0,6,4716.6,0
2024-03-19 13:57:00,5,58,21.9,65,17.5,1021.3,1.0,3.7,7,4716.6,0
2024-03-19 14:02:00,5,58,21.9,66,17.1,1021.3,1.4,2.7,6,4716.6,0
2024-03-19 14:07:00,5,57,22.0,67,17.0,1021.4,1.0,1.7,6,4716.6,0
2024-03-19 14:12:00,5,57,22.0,68,17.7,1021.4,0.3,0.7,14,4716.6,0
2024-03-19 14:17:00,5,57,22.1,69,17.6,1021.5,0.7,2.0,6,4716.6,0
2024-03-19 14:22:01,5,57,22.1,71,17.2,1021.4,0.7,1.7,5,4716.6,0
2024-03-19 14:27:01,5,57,22.1,71,17.4,1021.5,0.3,1.0,7,4716.6,0
2024-03-19 14:32:01,5,57,22.1,70,17.0,1021.5,1.0,3.1,5,4716.6,0
2024-03-19 14:37:01,5,57,22.1,71,16.8,1021.5,0.3,1.0,3,4716.6,0
2024-03-19 14:42:01,5,57,22.1,70,16.5,1021.6,1.0,1.7,5,4716.6,0
2024-03-19 14:47:01,5,57,22.1,70,15.8,1021.6,1.0,2.0,15,4716.6,0
2024-03-19 14:52:01,5,57,22.1,70,15.8,1021.6,1.0,2.0,1,4716.6,0
2024-03-19 14:57:01,5,57,22.1,70,16.1,1021.5,0.7,1.7,8,4716.6,0
2024-03-19 15:02:01,5,57,22.1,70,16.0,1021.6,0.7,1.7,7,4716.6,0
2024-03-19 15:07:01,5,57,22.1,70,15.9,1021.6,0.3,1.0,6,4716.6,0
2024-03-19 15:12:01,5,58,22.1,70,15.6,1021.6,0.7,1.0,1,4716.6,0
2024-03-19 15:17:01,5,58,22.1,70,15.8,1021.5,1.4,2.0,5,4716.6,0
2024-03-19 15:22:01,5,58,22.1,71,15.5,1021.8,0.7,1.0,1,4716.6,0
2024-03-19 15:27:01,5,58,22.1,71,15.4,1021.8,0.3,1.7,4,4716.6,0
2024-03-19 15:32:01,5,58,22.1,70,15.2,1021.8,0.3,1.0,2,4716.6,0
2024-03-19 15:37:01,5,58,22.1,70,15.2,1021.8,1.0,2.0,2,4716.6,0
2024-03-19 15:42:01,5,58,22.1,71,15.1,1021.8,1.0,3.1,2,4716.6,0
2024-03-19 15:47:01,5,58,22.1,71,15.2,1021.8,0.7,1.0,4,4716.6,0
2024-03-19 15:52:01,5,58,22.1,72,15.0,1021.8,0.7,1.0,3,4716.6,0
2024-03-19 15:57:01,5,58,22.1,72,15.1,1021.8,0.0,0.7,3,4716.6,0
2024-03-19 16:02:01,5,58,22.1,72,15.1,1021.9,0.3,1.0,4,4716.6,0
2024-03-19 16:07:01,5,58,22.1,72,14.9,1021.7,0.3,1.0,1,4716.6,0
2024-03-19 16:12:01,5,54,22.1,72,14.9,1021.9,0.7,1.7,3,4716.6,0
2024-03-19 16:17:01,5,56,22.0,73,14.8,1022.0,0.3,1.0,1,4716.6,0
2024-03-19 16:22:01,5,58,21.9,73,14.8,1022.1,0.0,0.7,1,4716.6,0
2024-03-19 16:27:01,5,58,21.9,73,14.8,1022.0,0.3,1.0,5,4716.6,0
2024-03-19 16:32:01,5,56,21.9,73,14.6,1021.9,0.0,0.7,3,4716.6,0
2024-03-19 16:37:01,5,54,21.9,73,14.3,1022.0,0.3,1.0,0,4716.6,0
2024-03-19 16:42:01,5,54,21.8,73,14.3,1022.2,0.0,0.7,3,4716.6,0
2024-03-19 16:47:01,5,53,21.8,73,14.3,1022.2,0.3,1.0,2,4716.6,0
2024-03-19 16:52:01,5,53,21.7,74,14.1,1022.5,0.0,0.7,2,4716.6,0
2024-03-19 16:57:01,5,53,21.6,74,14.0,1022.7,0.3,1.0,4,4716.6,0
2024-03-19 17:02:01,5,55,21.6,75,13.9,1022.8,0.3,0.7,3,4716.6,0
2024-03-19 17:07:01,5,56,21.6,75,13.7,1022.9,0.3,0.7,1,4716.6,0
2024-03-19 17:12:01,5,57,21.5,75,13.6,1022.9,0.0,0.7,4,4716.6,0
2024-03-19 17:17:01,5,58,21.5,76,13.5,1022.9,0.3,1.0,2,4716.6,0
2024-03-19 17:22:01,5,59,21.5,76,13.4,1023.0,0.3,1.0,3,4716.6,0
2024-03-19 17:27:01,5,59,21.5,76,13.4,1023.1,0.0,0.0,3,4716.6,0
2024-03-19 17:32:01,5,59,21.5,77,13.3,1023.3,0.0,0.7,3,4716.6,0
2024-03-19 17:37:01,5,60,21.4,77,13.1,1023.3,0.0,0.0,3,4716.6,0
2024-03-19 17:42:01,5,60,21.3,77,13.0,1023.3,0.0,0.7,3,4716.6,0
2024-03-19 17:47:01,5,60,21.3,77,12.9,1023.4,0.0,0.7,5,4716.6,0
2024-03-19 17:52:01,5,60,21.3,77,12.8,1023.6,0.0,0.0,6,4716.6,0
2024-03-19 17:57:01,5,60,21.2,77,12.7,1023.7,0.0,0.0,7,4716.6,0
2024-03-19 18:02:01,5,60,21.2,77,12.6,1023.6,0.0,0.0,4,4716.6,0
2024-03-19 18:07:01,5,60,21.1,78,12.5,1023.8,0.0,0.0,4,4716.6,0
2024-03-19 18:12:01,5,60,21.1,78,12.4,1023.8,0.0,0.7,6,4716.6,0
2024-03-19 18:17:01,5,61,21.1,79,12.3,1023.9,0.0,0.0,6,4716.6,0
2024-03-19 18:22:01,5,61,21.0,79,12.2,1024.1,0.0,0.0,6,4716.6,0
2024-03-19 18:27:01,5,61,21.0,80,12.1,1024.1,0.3,1.0,4,4716.6,0
2024-03-19 18:32:01,5,62,21.0,80,12.0,1023.9,0.0,0.0,4,4716.6,0
2024-03-19 18:37:01,5,62,21.0,80,11.9,1024.0,0.0,0.0,4,4716.6,0
2024-03-19 18:42:01,5,63,20.9,80,11.8,1024.1,0.0,0.0,4,4716.6,0
2024-03-19 18:47:01,5,63,20.9,81,11.6,1024.2,0.0,0.0,4,4716.6,0
2024-03-19 18:52:01,5,63,20.9,82,11.5,1024.1,0.0,0.0,4,4716.6,0
2024-03-19 18:57:01,5,63,20.9,82,11.3,1024.3,0.0,0.0,4,4716.6,0
2024-03-19 19:02:01,5,63,20.9,82,11.1,1024.4,0.0,0.0,4,4716.6,0
2024-03-19 19:07:01,5,63,20.8,83,11.0,1024.4,0.0,0.0,4,4716.6,0
2024-03-19 19:12:01,5,63,20.8,84,11.0,1024.4,0.0,0.0,4,4716.6,0
2024-03-19 19:17:01,5,63,20.7,84,11.0,1024.5,0.0,0.0,4,4716.6,0
2024-03-19 19:22:01,5,63,20.7,85,10.9,1024.5,0.0,0.0,4,4716.6,0
2024-03-19 19:27:01,5,63,20.7,85,10.8,1024.5,0.0,0.0,4,4716.6,0
2024-03-19 19:32:01,5,63,20.7,85,10.7,1024.7,0.0,0.0,4,4716.6,0
2024-03-19 19:37:01,5,63,20.6,86,10.6,1024.7,0.0,0.0,4,4716.6,0
2024-03-19 19:42:01,5,63,20.6,86,10.4,1024.7,0.0,0.0,4,4716.6,0
2024-03-19 19:47:01,5,63,20.6,86,10.5,1024.8,0.0,0.0,4,4716.6,0
2024-03-19 19:52:01,5,63,20.6,87,10.4,1024.7,0.0,0.0,4,4716.6,0
2024-03-19 19:57:01,5,63,20.6,87,10.4,1024.9,0.0,0.0,4,4716.6,0
2024-03-19 20:02:01,5,63,20.5,87,10.4,1024.9,0.0,0.0,4,4716.6,0
2024-03-19 20:07:01,5,63,20.5,87,10.5,1025.0,0.0,0.0,4,4716.6,0
2024-03-19 20:12:01,5,63,20.5,87,10.8,1024.9,0.0,0.0,4,4716.6,0
2024-03-19 20:17:01,5,63,20.5,86,10.9,1024.9,0.0,0.0,4,4716.6,0
2024-03-19 20:22:01,5,63,19.7,86,10.9,1025.1,0.0,0.0,4,4716.6,0
2024-03-19 20:27:01,5,63,19.7,86,11.0,1024.9,0.0,0.0,4,4716.6,0
2024-03-19 20:32:01,5,64,19.7,85,11.0,1025.0,0.0,0.0,4,4716.6,0
2024-03-19 20:37:01,5,64,19.7,85,10.9,1025.1,0.0,0.0,4,4716.6,0
2024-03-19 20:42:01,5,64,19.7,85,10.9,1025.1,0.0,0.0,4,4716.6,0
2024-03-19 20:47:01,5,64,19.7,85,10.9,1024.9,0.0,0.0,4,4716.6,0
2024-03-19 20:52:01,5,64,19.7,85,10.9,1024.9,0.0,0.0,4,4716.6,0
2024-03-19 20:57:01,5,64,19.7,85,10.9,1024.9,0.0,0.0,4,4716.6,0
2024-03-19 21:02:01,5,64,19.7,85,10.8,1024.8,0.0,0.0,4,4716.6,0
2024-03-19 21:07:01,5,64,19.7,86,10.7,1024.8,0.0,0.0,4,4716.6,0
2024-03-19 21:12:01,5,64,19.7,86,10.6,1024.7,0.0,0.0,4,4716.6,0
2024-03-19 21:17:01,5,64,19.8,86,10.5,1024.7,0.0,0.0,4,4716.6,0
2024-03-19 21:22:01,5,64,19.8,87,10.5,1024.8,0.0,0.0,4,4716.6,0
2024-03-19 21:27:01,5,64,19.7,87,10.4,1024.7,0.0,0.0,4,4716.6,0
2024-03-19 21:32:01,5,64,19.7,87,10.3,1024.7,0.0,0.0,4,4716.6,0
2024-03-19 21:37:01,5,64,19.7,87,10.3,1024.7,0.0,0.0,4,4716.6,0
2024-03-19 21:42:01,5,64,19.7,87,10.2,1024.7,0.0,0.0,4,4716.6,0
2024-03-19 21:47:01,5,64,19.7,88,10.0,1024.8,0.0,0.0,4,4716.6,0
2024-03-19 21:52:01,5,64,19.7,88,9.9,1024.7,0.0,0.0,4,4716.6,0
2024-03-19 21:57:01,5,64,19.7,88,9.8,1024.7,0.0,0.0,4,4716.6,0
2024-03-19 22:02:01,5,64,19.7,89,9.7,1024.7,0.0,0.0,4,4716.6,0
2024-03-19 22:07:01,5,64,19.7,89,9.6,1024.8,0.0,0.0,4,4716.6,0
2024-03-19 22:12:01,5,64,19.7,89,9.7,1024.8,0.0,0.0,4,4716.6,0
2024-03-19 22:17:01,5,64,19.6,90,9.9,1024.8,0.0,0.0,4,4716.6,0
2024-03-19 22:22:01,5,64,19.6,90,9.9,1024.8,0.0,0.0,4,4716.6,0
2024-03-19 22:27:01,5,64,19.6,90,10.0,1024.8,0.0,0.0,4,4716.6,0
2024-03-19 22:32:01,5,64,19.6,90,10.0,1024.8,0.0,0.0,4,4716.6,0
2024-03-19 22:37:01,5,64,19.6,90,10.0,1024.9,0.0,0.0,4,4716.6,0
2024-03-19 22:42:01,5,64,19.6,90,10.0,1024.9,0.0,0.0,4,4716.6,0
2024-03-19 22:47:01,5,64,19.6,90,10.0,1024.9,0.0,0.0,4,4716.6,0
2024-03-19 22:52:01,5,64,19.6,90,9.9,1024.8,0.0,0.0,4,4716.6,0
2024-03-19 22:57:01,5,63,19.6,90,9.9,1025.0,0.0,0.0,4,4716.6,0
2024-03-19 23:02:01,5,63,19.6,91,9.9,1024.9,0.0,0.0,4,4716.6,0
2024-03-19 23:07:01,5,63,19.5,91,9.9,1024.8,0,0,4,4716.6,0
2024-03-19 23:12:01,5,63,19.6,91,9.8,1024.9,0,0,4,4716.6,0
2024-03-19 23:17:01,5,63,19.5,91,9.9,1024.9,0,0,4,4716.6,0
2024-03-19 23:22:01,5,63,19.5,91,9.9,1024.7,0,0,4,4716.6,0
2024-03-19 23:27:01,5,63,19.5,91,9.9,1024.8,0,0,4,4716.6,0
2024-03-19 23:32:01,5,63,19.5,91,9.8,1024.9,0,0,4,4716.6,0
2024-03-19 23:37:01,5,63,19.4,92,9.8,1024.9,0,0,4,4716.6,0
2024-03-19 23:42:01,5,63,19.4,92,9.8,1024.9,0,0,4,4716.6,0
2024-03-19 23:47:01,5,63,19.3,92,9.9,1025.1,0,0,4,4716.6,0
2024-03-19 23:52:01,5,63,19.3,92,9.8,1025.0,0,0,4,4716.6,0
2024-03-19 23:57:01,5,63,19.3,92,9.8,1025.1,0,0,4,4716.6,0
