2024-03-24 00:00:02,5,58,17.7,96,5.8,1012.0,0.7,1.0,6,4726.8,0
2024-03-24 00:05:02,5,58,17.7,96,5.5,1011.9,0.7,1.0,8,4726.8,0
2024-03-24 00:10:02,5,58,17.7,96,5.6,1011.9,0.7,1.7,6,4726.8,0
2024-03-24 00:15:02,5,58,17.7,96,5.6,1011.8,0.7,1.7,6,4726.8,0
2024-03-24 00:20:02,5,58,17.7,96,5.6,1011.8,1.0,1.7,6,4726.8,0
2024-03-24 00:25:02,5,58,17.8,96,5.6,1011.5,1.7,2.7,8,4726.8,0
2024-03-24 00:30:02,5,58,17.8,96,5.7,1011.5,1.4,3.1,8,4726.8,0
2024-03-24 00:35:02,5,58,17.8,96,5.8,1011.4,2.0,4.8,8,4726.8,0
2024-03-24 00:40:02,5,58,17.8,96,6.0,1011.4,0.7,1.7,8,4726.8,0
2024-03-24 00:45:02,5,58,17.8,96,6.1,1011.4,0.3,1.7,6,4726.8,0
2024-03-24 00:50:02,5,58,17.8,96,6.2,1011.3,1.4,2.0,6,4726.8,0
2024-03-24 00:55:02,5,58,17.8,95,6.3,1011.3,1.0,1.7,7,4726.8,0
2024-03-24 01:00:02,5,58,17.8,95,6.2,1011.2,2.0,4.1,6,4727.4,0
2024-03-24 01:05:02,5,58,17.8,95,6.2,1011.2,2.0,4.1,6,4727.4,0
2024-03-24 01:10:02,5,58,17.9,95,6.1,1011.1,0.7,1.7,4,4727.4,0
2024-03-24 01:15:02,5,58,17.9,95,6.2,1011.0,0.7,1.7,7,4727.4,0
2024-03-24 01:20:02,5,58,17.9,95,6.3,1010.9,1.4,2.7,8,4727.4,0
2024-03-24 01:25:02,5,57,17.9,95,6.3,1010.8,0.3,1.0,8,4727.4,0
2024-03-24 01:30:02,5,57,17.9,95,6.3,1010.8,1.0,1.7,7,4727.4,0
2024-03-24 01:35:02,5,58,17.9,95,6.4,1010.6,0.7,1.0,7,4727.4,0
2024-03-24 01:40:02,5,58,17.9,95,6.4,1010.4,0.3,0.7,8,4727.4,0
2024-03-24 01:45:02,5,58,17.9,94,6.6,1010.4,0.7,1.7,6,4727.4,0
2024-03-24 01:50:02,5,58,17.9,94,6.6,1010.3,0.3,1.0,11,4727.4,0
2024-03-24 01:55:02,5,58,17.9,93,6.7,1010.4,1.7,3.1,6,4727.4,0
2024-03-24 02:00:02,5,58,17.9,91,6.9,1010.1,1.7,3.7,7,4727.4,0
2024-03-24 02:05:02,5,58,17.9,91,6.8,1010.0,1.0,1.7,5,4727.4,0
2024-03-24 02:10:02,5,58,17.9,92,6.7,1010.1,0.7,1.7,5,4727.4,0
2024-03-24 02:15:02,5,58,17.9,92,6.8,1010.0,1.4,2.0,0,4727.4,0
2024-03-24 02:20:02,5,58,17.9,92,6.9,1009.9,1.7,3.1,8,4727.4,0
2024-03-24 02:25:02,5,58,17.9,91,7.1,1009.8,2.4,4.8,6,4727.4,0
2024-03-24 02:30:02,5,58,17.9,90,7.2,1009.9,1.4,2.0,7,4727.4,0
2024-03-24 02:35:02,5,57,18.0,90,7.2,1009.8,2.0,4.8,7,4727.4,0
2024-03-24 02:40:02,5,57,18.0,90,7.1,1010.0,1.0,2.0,7,4727.4,0
2024-03-24 02:45:02,5,57,18.0,90,7.1,1009.9,0.7,1.0,7,4727.4,0
2024-03-24 02:50:02,5,57,18.0,89,7.1,1009.9,1.4,3.1,7,4727.4,0
2024-03-24 02:55:02,5,57,18.0,89,7.1,1009.8,1.4,2.7,3,4727.4,0
2024-03-24 03:00:02,5,57,18.0,88,7.2,1009.8,2.0,3.7,15,4727.4,0
2024-03-24 03:05:02,5,57,18.0,89,7.2,1009.8,1.0,3.1,14,4727.4,0
2024-03-24 03:10:02,5,57,18.0,89,7.2,1009.7,1.0,1.7,3,4727.4,0
2024-03-24 03:15:02,5,57,18.0,89,7.2,1009.6,1.0,2.0,9,4727.4,0
2024-03-24 03:20:02,5,57,18.0,89,7.2,1009.8,0.7,1.0,2,4727.4,0
2024-03-24 03:25:02,5,57,18.0,88,7.3,1009.6,1.0,2.7,6,4727.4,0
2024-03-24 03:30:02,5,57,18.0,87,7.3,1009.7,1.0,2.7,14,4727.4,0
2024-03-24 03:35:02,5,57,18.0,87,7.4,1009.6,1.0,1.7,0,4727.4,0
2024-03-24 03:40:02,5,57,18.0,87,7.3,1009.6,1.0,2.0,9,4727.4,0
2024-03-24 03:45:02,5,57,18.0,87,7.2,1009.8,0.7,2.0,7,4727.4,0
2024-03-24 03:50:02,5,57,18.0,88,7.1,1009.7,1.0,2.7,8,4727.4,0
2024-03-24 03:55:02,5,57,18.0,88,7.1,1009.7,0.3,1.0,5,4727.4,0
2024-03-24 04:00:02,5,57,18.0,88,7.2,1009.8,1.4,2.7,2,4727.4,0
2024-03-24 04:05:02,5,57,18.0,87,7.3,1009.6,1.4,2.0,7,4727.4,0
2024-03-24 04:10:02,5,57,18.0,87,7.3,1009.8,1.0,2.0,6,4727.4,0
2024-03-24 04:15:02,5,57,18.0,87,7.2,1009.7,0.7,2.0,13,4727.4,0
2024-03-24 04:20:02,5,57,18.0,88,7.2,1009.7,0.7,1.7,14,4727.4,0
2024-03-24 04:25:02,5,57,18.0,89,7.1,1009.8,0.3,0.7,5,4727.4,0
2024-03-24 04:30:02,5,57,18.0,90,6.8,1009.8,0.7,1.0,1,4727.4,0
2024-03-24 04:35:02,5,57,18.0,90,6.5,1009.8,0.3,1.0,5,4727.4,0
2024-03-24 04:40:02,5,57,18.0,91,6.3,1009.9,0.7,1.7,15,4727.7,0
2024-03-24 04:45:02,5,57,18.0,91,6.2,1009.7,0.7,1.7,0,4727.7,0
2024-03-24 04:50:02,5,57,18.0,92,6.2,1009.8,0.0,0.7,4,4727.7,0
2024-03-24 04:55:02,5,57,18.0,92,6.4,1009.8,0.3,1.0,2,4727.7,0
2024-03-24 05:00:02,5,57,18.0,91,6.6,1009.8,0.7,1.7,4,4727.7,0
2024-03-24 05:05:02,5,57,18.0,90,6.8,1009.9,0.7,1.0,5,4727.7,0
2024-03-24 05:10:02,5,57,18.0,89,6.7,1009.8,0.7,1.7,4,4727.7,0
2024-03-24 05:15:02,5,57,18.0,88,6.7,1009.8,0.7,1.7,2,4727.7,0
2024-03-24 05:20:02,5,57,18.0,89,6.6,1009.8,0.0,0.7,3,4727.7,0
2024-03-24 05:25:02,5,57,18.0,89,6.6,1010.0,0.7,1.7,5,4727.7,0
2024-03-24 05:30:02,5,57,18.0,89,6.6,1009.9,0.7,1.7,6,4727.7,0
2024-03-24 05:35:02,5,57,18.0,89,6.7,1009.9,0.7,1.7,10,4727.7,0
2024-03-24 05:40:02,5,57,18.0,89,6.7,1010.0,0.3,1.0,6,4727.7,0
2024-03-24 05:45:02,5,57,18.0,89,6.7,1010.0,0.7,1.7,4,4727.7,0
2024-03-24 05:50:02,5,57,18.0,89,6.6,1010.0,0.7,2.0,2,4727.7,0
2024-03-24 05:55:02,5,57,18.0,89,6.6,1010.2,0.3,1.0,7,4727.7,0
2024-03-24 06:00:02,5,57,18.0,88,6.6,1010.3,0.3,0.7,7,4727.7,0
2024-03-24 06:05:02,5,57,18.0,87,6.7,1010.3,1.4,3.7,15,4727.7,0
2024-03-24 06:10:02,5,57,18.0,86,6.9,1010.3,0.7,1.7,4,4727.7,0
2024-03-24 06:15:02,5,57,18.0,86,7.0,1010.3,0.7,1.0,6,4727.7,0
2024-03-24 06:20:02,5,57,18.0,86,7.0,1010.5,0.7,2.7,2,4727.7,0
2024-03-24 06:25:02,5,57,18.0,85,7.2,1010.6,0.7,1.7,4,4727.7,0
2024-03-24 06:30:02,5,57,18.0,85,7.3,1010.5,0.7,1.7,0,4727.7,0
2024-03-24 06:35:02,5,57,18.1,85,7.4,1010.4,0.7,1.7,7,4727.7,0
2024-03-24 06:40:02,5,57,18.4,84,7.6,1010.2,0.3,1.0,10,4727.7,0
2024-03-24 06:45:02,5,57,18.7,84,7.7,1010.0,1.0,1.7,7,4727.7,0
2024-03-24 06:50:02,5,57,18.8,84,7.7,1009.7,1.0,2.7,6,4727.7,0
2024-03-24 06:55:02,5,55,19.0,84,7.5,1009.7,0.7,1.7,8,4727.7,0
2024-03-24 07:00:02,5,55,19.1,84,7.9,1009.7,0.3,1.0,7,4727.7,0
2024-03-24 07:05:02,5,54,19.2,84,7.7,1009.7,0.3,1.0,1,4727.7,0
2024-03-24 07:10:02,5,54,19.2,83,7.9,1009.4,1.0,2.7,8,4727.7,0
2024-03-24 07:15:02,5,54,19.3,83,7.9,1009.4,1.4,2.0,6,4727.7,0
2024-03-24 07:20:02,5,54,19.3,83,7.7,1009.5,1.0,2.0,9,4727.7,0
2024-03-24 07:25:02,5,54,19.3,83,7.5,1009.6,1.4,2.7,5,4727.7,0
2024-03-24 07:30:02,5,54,19.4,83,7.8,1009.5,1.4,3.1,12,4727.7,0
2024-03-24 07:35:02,5,54,19.6,82,8.4,1009.2,1.0,1.7,3,4727.7,0
2024-03-24 07:40:02,5,54,19.9,81,8.3,1009.0,1.4,4.1,9,4727.7,0
2024-03-24 07:45:02,5,52,20.0,80,8.1,1009.2,0.7,1.7,5,4727.7,0
2024-03-24 07:50:02,5,52,20.0,80,8.0,1009.0,1.7,4.1,6,4727.7,0
2024-03-24 07:55:02,5,52,20.1,79,8.6,1009.0,1.0,2.0,6,4727.7,0
2024-03-24 08:00:02,5,51,21.0,79,8.7,1008.8,0.7,3.1,1,4727.7,0
2024-03-24 08:05:02,5,51,21.1,79,8.2,1008.9,1.7,3.1,6,4727.7,0
2024-03-24 08:10:02,5,51,21.2,80,8.2,1008.9,0.3,0.7,14,4727.7,0
2024-03-24 08:15:02,5,51,21.4,79,8.2,1008.6,1.7,3.1,8,4727.7,0
2024-03-24 08:20:02,5,50,21.5,79,8.3,1008.4,1.4,3.1,0,4727.7,0
2024-03-24 08:25:02,5,50,21.7,79,8.5,1008.3,1.0,2.0,6,4727.7,0
2024-03-24 08:30:02,5,50,21.8,79,8.3,1008.3,2.0,3.1,6,4727.7,0
2024-03-24 08:35:02,5,50,21.8,79,8.4,1008.2,0.7,1.7,5,4727.7,0
2024-03-24 08:40:02,5,50,21.9,80,8.3,1008.1,0.7,1.7,5,4727.7,0
2024-03-24 08:45:02,5,50,21.9,80,8.2,1008.2,0.7,3.1,5,4727.7,0
2024-03-24 08:50:02,5,50,21.9,80,8.4,1008.2,1.0,2.0,4,4727.7,0
2024-03-24 08:55:02,5,50,21.9,79,8.4,1008.1,1.4,2.0,0,4727.7,0
2024-03-24 09:00:02,5,51,21.9,79,8.5,1008.0,1.4,2.7,5,4727.7,0
2024-03-24 09:05:02,5,50,22.0,77,8.3,1008.1,1.4,2.7,6,4727.7,0
2024-03-24 09:10:02,5,50,22.0,77,8.4,1008.3,1.0,1.7,6,4727.7,0
2024-03-24 09:15:02,5,50,22.1,78,8.4,1008.2,1.7,3.7,7,4727.7,0
2024-03-24 09:20:02,5,50,22.1,77,8.5,1008.1,1.0,2.7,0,4727.7,0
2024-03-24 09:25:02,5,50,22.1,77,8.6,1008.2,1.0,3.1,7,4727.7,0
2024-03-24 09:30:02,5,50,22.0,76,8.6,1008.3,1.0,3.1,5,4727.7,0
2024-03-24 09:35:02,5,50,22.0,77,8.6,1008.4,1.0,1.7,7,4727.7,0
2024-03-24 09:40:02,5,51,21.9,79,8.4,1008.6,1.0,2.7,15,4727.7,0
2024-03-24 09:45:02,5,51,21.8,83,8.0,1008.8,0.3,0.7,0,4727.7,0
2024-03-24 09:50:02,5,51,21.8,86,7.4,1009.1,2.0,3.7,2,4728.0,0
2024-03-24 09:55:02,5,51,21.6,89,6.3,1009.4,1.0,3.7,15,4728.6,0
2024-03-24 10:00:02,5,51,21.5,91,5.8,1009.7,1.7,4.1,4,4728.9,0
2024-03-24 10:05:02,5,52,21.3,93,5.7,1009.7,1.4,2.7,13,4729.2,0
2024-03-24 10:10:02,5,52,21.2,93,5.8,1010.0,1.0,2.0,14,4729.5,0
2024-03-24 10:15:02,5,52,21.1,94,5.8,1010.1,1.0,1.7,1,4729.8,0
2024-03-24 10:20:02,5,53,21.0,94,5.7,1010.2,1.7,3.1,4,4730.1,0
2024-03-24 10:25:02,5,54,20.8,95,5.9,1010.1,1.0,2.0,5,4730.4,0
2024-03-24 10:30:02,5,54,20.7,95,6.3,1010.3,1.0,2.0,9,4730.4,0
2024-03-24 10:35:02,5,55,19.9,94,6.6,1010.3,0.7,1.0,13,4730.4,0
2024-03-24 10:40:02,5,55,19.9,94,6.7,1010.4,1.0,2.7,9,4730.4,0
2024-03-24 10:45:02,5,55,19.7,93,7.0,1010.6,0.7,1.0,2,4730.4,0
2024-03-24 10:50:02,5,56,19.7,92,7.0,1010.6,1.4,3.1,7,4730.4,0
2024-03-24 10:55:02,5,56,19.6,92,7.1,1010.7,1.7,3.7,5,4730.4,0
2024-03-24 11:00:02,5,56,19.6,91,7.4,1010.7,1.4,3.1,7,4730.4,0
2024-03-24 11:05:02,5,56,19.6,90,7.5,1010.8,1.0,2.0,5,4730.4,0
2024-03-24 11:10:02,5,56,19.6,89,7.6,1010.8,0.7,2.0,4,4730.4,0
2024-03-24 11:15:02,5,56,19.5,88,7.6,1010.9,1.0,2.0,15,4730.4,0
2024-03-24 11:20:02,5,56,19.5,87,7.7,1010.9,2.0,4.8,4,4730.4,0
2024-03-24 11:25:02,5,57,19.4,88,7.9,1011.0,1.0,1.7,15,4730.4,0
2024-03-24 11:30:02,5,57,19.4,88,7.8,1011.1,0.7,1.7,4,4730.4,0
2024-03-24 11:35:02,5,57,19.3,87,7.8,1011.2,1.0,3.1,5,4730.4,0
2024-03-24 11:40:02,5,57,19.3,87,7.7,1011.2,1.0,2.7,7,4730.4,0
2024-03-24 11:45:02,5,58,19.3,87,8.0,1011.2,1.0,1.7,4,4730.4,0
2024-03-24 11:50:02,5,58,19.3,86,7.9,1011.0,2.7,5.1,7,4730.4,0
2024-03-24 11:55:02,5,58,19.5,85,8.2,1011.0,1.7,4.1,7,4730.4,0
2024-03-24 12:00:02,5,57,19.5,84,8.2,1011.2,1.0,1.7,6,4730.4,0
2024-03-24 12:05:02,5,57,19.5,87,7.9,1011.3,1.0,2.7,6,4730.7,0
2024-03-24 12:10:02,5,57,19.5,90,7.5,1011.4,0.7,1.7,0,4731.3,0
2024-03-24 12:15:02,5,57,19.6,91,7.4,1011.3,0.7,1.7,15,4731.3,0
2024-03-24 12:20:02,5,57,19.6,91,7.5,1011.3,1.0,1.7,5,4731.3,0
2024-03-24 12:25:02,5,57,19.6,90,7.6,1011.3,1.0,2.7,0,4731.3,0
2024-03-24 12:30:02,5,57,19.6,89,7.7,1011.3,0.7,1.7,6,4731.3,0
2024-03-24 12:35:02,5,57,19.6,88,7.7,1011.3,1.4,2.7,5,4731.3,0
2024-03-24 12:40:02,5,57,19.5,88,7.7,1011.6,0.7,2.7,3,4731.6,0
2024-03-24 12:45:02,5,57,19.5,89,7.6,1011.5,1.7,2.7,7,4731.6,0
2024-03-24 12:50:02,5,57,19.4,89,7.5,1011.7,1.4,2.7,7,4731.6,0
2024-03-24 12:55:02,5,57,19.4,90,7.5,1011.7,0.7,1.0,5,4731.9,0
2024-03-24 13:00:02,5,57,19.3,90,7.5,1011.7,1.0,2.0,6,4731.9,0
2024-03-24 13:05:02,5,58,19.3,91,8.3,1011.6,0.3,1.0,3,4731.9,0
2024-03-24 13:10:02,5,58,19.3,89,8.1,1011.6,1.4,3.1,7,4731.9,0
2024-03-24 13:15:02,5,57,19.4,87,8.0,1011.8,1.7,3.7,2,4731.9,0
2024-03-24 13:20:02,5,57,19.4,86,7.9,1011.8,1.0,3.1,0,4731.9,0
2024-03-24 13:25:01,5,57,19.4,86,7.9,1011.8,1.4,2.7,5,4731.9,0
2024-03-24 13:30:01,5,57,19.4,86,8.1,1011.8,1.0,3.7,5,4731.9,0
2024-03-24 13:35:01,5,57,19.4,86,8.2,1011.9,2.0,4.8,7,4731.9,0
2024-03-24 13:40:01,5,57,19.4,85,8.1,1011.8,1.4,2.7,1,4731.9,0
2024-03-24 13:45:01,5,57,19.5,85,8.4,1011.9,2.0,3.7,4,4731.9,0
2024-03-24 13:50:01,5,57,19.5,84,8.2,1012.0,1.4,3.1,6,4731.9,0
2024-03-24 13:55:01,5,57,19.5,85,8.5,1012.0,1.4,2.7,7,4731.9,0
2024-03-24 14:00:01,5,57,19.5,84,8.4,1012.1,1.7,3.1,3,4731.9,0
2024-03-24 14:05:01,5,57,19.5,86,8.4,1012.0,0.7,1.7,7,4731.9,0
2024-03-24 14:10:01,5,57,19.5,87,8.3,1012.1,1.4,2.7,10,4731.9,0
2024-03-24 14:15:01,5,57,19.5,87,8.2,1011.9,0.7,1.7,8,4731.9,0
2024-03-24 14:20:01,5,57,19.5,86,8.1,1012.0,2.0,5.1,5,4731.9,0
2024-03-24 14:25:01,5,57,19.5,87,7.9,1012.4,1.7,3.1,3,4731.9,0
2024-03-24 14:30:01,5,58,19.5,89,7.5,1012.5,1.4,2.0,4,4731.9,0
2024-03-24 14:35:01,5,58,19.5,90,7.6,1012.1,1.0,2.0,4,4731.9,0
2024-03-24 14:40:01,5,59,19.7,90,7.8,1012.0,1.0,2.0,6,4731.9,0
2024-03-24 14:45:01,5,57,20.1,87,8.0,1011.7,1.4,2.7,5,4731.9,0
2024-03-24 14:50:01,5,56,21.1,85,8.1,1011.3,1.0,2.0,8,4731.9,0
2024-03-24 14:55:01,5,56,21.3,85,8.0,1011.2,1.4,2.0,6,4731.9,0
2024-03-24 15:00:01,5,55,21.6,86,7.9,1010.8,1.7,2.7,14,4731.9,0
2024-03-24 15:05:01,5,54,21.8,87,8.1,1010.4,1.4,3.7,3,4731.9,0
2024-03-24 15:10:01,5,55,21.9,85,8.0,1010.3,1.4,3.1,4,4731.9,0
2024-03-24 15:15:01,5,53,22.1,84,8.0,1010.3,1.4,2.7,9,4731.9,0
2024-03-24 15:20:01,5,53,22.2,86,7.7,1010.2,1.7,3.7,13,4732.2,0
2024-03-24 15:25:01,5,53,22.2,88,7.7,1010.0,1.0,2.0,1,4732.2,0
2024-03-24 15:30:01,5,52,22.3,87,7.8,1010.0,2.0,4.1,5,4732.2,0
2024-03-24 15:35:01,5,52,22.3,85,7.9,1010.0,1.4,2.7,1,4732.2,0
2024-03-24 15:40:01,5,52,22.3,86,8.0,1010.2,1.0,2.0,4,4732.2,0
2024-03-24 15:45:01,5,52,22.3,86,8.0,1010.1,1.0,2.0,7,4732.2,0
2024-03-24 15:50:01,5,52,22.2,86,8.1,1010.2,1.0,1.7,6,4732.2,0
2024-03-24 15:55:01,5,52,22.2,87,8.0,1010.2,1.4,2.7,2,4732.2,0
2024-03-24 16:00:01,5,50,22.1,87,8.1,1010.3,1.0,2.7,4,4732.2,0
2024-03-24 16:05:01,5,52,21.9,87,7.9,1010.4,1.0,1.7,5,4732.2,0
2024-03-24 16:10:01,5,52,21.9,87,7.9,1010.6,0.3,1.7,12,4732.2,0
2024-03-24 16:15:01,5,52,21.8,87,7.9,1010.6,1.0,2.0,5,4732.2,0
2024-03-24 16:20:01,5,52,21.8,86,8.1,1010.7,0.7,1.7,5,4732.2,0
2024-03-24 16:25:01,5,51,21.6,86,8.2,1010.9,1.0,2.0,5,4732.2,0
2024-03-24 16:30:01,5,51,21.5,86,8.3,1010.9,0.7,1.7,13,4732.2,0
2024-03-24 16:35:01,5,52,21.4,85,8.4,1011.0,1.4,2.7,9,4732.2,0
2024-03-24 16:40:01,5,52,21.3,84,8.4,1011.1,1.7,3.1,1,4732.2,0
2024-03-24 16:45:01,5,51,21.3,84,8.5,1011.4,0.7,1.0,15,4732.2,0
2024-03-24 16:50:01,5,50,21.2,84,8.4,1011.5,1.7,2.7,2,4732.2,0
2024-03-24 16:55:01,5,49,21.1,84,8.5,1011.5,1.7,6.1,13,4732.2,0
2024-03-24 17:00:01,5,49,21.1,83,8.4,1011.6,1.7,3.7,0,4732.2,0
2024-03-24 17:05:01,5,49,21.1,84,8.5,1011.8,0.7,2.7,0,4732.2,0
2024-03-24 17:10:01,5,50,21.1,84,8.4,1011.9,1.0,1.7,4,4732.2,0
2024-03-24 17:15:01,5,51,21.1,84,8.3,1012.0,1.7,2.7,0,4732.2,0
2024-03-24 17:20:01,5,51,21.2,84,8.1,1011.8,1.0,2.7,5,4732.2,0
2024-03-24 17:25:01,5,52,21.3,84,7.8,1011.8,1.0,3.1,3,4732.2,0
2024-03-24 17:30:01,5,52,21.3,85,7.7,1011.7,1.4,2.0,3,4732.2,0
2024-03-24 17:35:01,5,52,21.3,86,7.6,1011.8,1.0,2.0,15,4732.2,0
2024-03-24 17:40:01,5,52,21.4,86,7.5,1011.8,0.3,1.0,1,4732.2,0
2024-03-24 17:45:01,5,53,21.4,86,7.5,1011.9,1.0,2.7,5,4732.2,0
2024-03-24 17:50:01,5,53,21.3,85,7.5,1011.9,1.7,3.1,0,4732.2,0
2024-03-24 17:55:01,5,53,21.3,84,7.5,1012.1,1.7,4.1,15,4732.2,0
2024-03-24 18:00:01,5,53,21.2,84,7.4,1012.2,1.7,3.7,3,4732.2,0
2024-03-24 18:05:01,5,53,21.1,84,7.4,1012.3,1.0,2.7,4,4732.2,0
2024-03-24 18:10:01,5,53,21.1,84,7.3,1012.4,2.0,3.7,3,4732.2,0
2024-03-24 18:15:01,5,53,21.0,85,7.2,1012.6,1.4,2.0,1,4732.2,0
2024-03-24 18:20:01,5,54,20.1,85,7.1,1012.7,2.0,4.1,8,4732.2,0
2024-03-24 18:25:01,5,54,20.1,85,7.1,1013.1,2.7,5.1,5,4732.2,0
2024-03-24 18:30:01,5,54,20.0,86,7.1,1013.1,1.4,3.1,3,4732.2,0
2024-03-24 18:35:01,5,56,19.9,85,6.9,1013.0,1.4,2.7,3,4732.2,0
2024-03-24 18:40:01,5,56,19.9,85,6.8,1013.1,0.7,2.0,5,4732.2,0
2024-03-24 18:45:01,5,55,20.0,84,6.8,1012.9,0.7,2.7,1,4732.2,0
2024-03-24 18:50:01,5,55,20.1,84,6.8,1013.1,1.0,1.7,4,4732.2,0
2024-03-24 18:55:01,5,55,20.1,85,6.8,1012.9,1.0,2.0,15,4732.2,0
2024-03-24 19:00:01,5,55,20.2,85,6.9,1012.9,0.7,1.7,2,4732.2,0
2024-03-24 19:05:01,5,54,20.2,86,7.0,1013.1,1.4,2.7,1,4732.2,0
2024-03-24 19:10:01,5,54,20.2,87,6.7,1013.1,1.0,2.7,3,4732.2,0
2024-03-24 19:15:01,5,54,20.2,88,6.5,1013.2,0.7,1.0,0,4732.2,0
2024-03-24 19:20:01,5,54,20.2,89,6.3,1013.2,0.3,1.0,15,4732.2,0
2024-03-24 19:25:01,5,54,20.2,90,6.3,1013.3,0.3,0.7,1,4732.2,0
2024-03-24 19:30:01,5,54,20.2,90,6.4,1013.2,0.3,1.0,3,4732.2,0
2024-03-24 19:35:01,5,54,20.1,90,6.5,1013.2,0.7,1.0,1,4732.5,0
2024-03-24 19:40:01,5,54,20.1,91,6.4,1013.5,0.3,1.0,2,4732.8,0
2024-03-24 19:45:01,5,54,20.0,92,6.3,1013.5,0.7,1.0,0,4733.1,0
2024-03-24 19:50:01,5,56,19.9,93,6.2,1013.6,0.3,1.7,15,4733.1,0
2024-03-24 19:55:01,5,56,19.9,93,6.2,1013.6,0.3,1.0,1,4733.4,0
2024-03-24 20:00:01,5,57,19.9,94,6.0,1013.5,0.3,0.7,0,4733.4,0
2024-03-24 20:05:01,5,57,19.7,94,5.8,1013.6,0.3,1.0,7,4733.4,0
2024-03-24 20:10:01,5,57,19.7,94,5.8,1013.6,0.0,0.0,6,4733.4,0
2024-03-24 20:15:01,5,58,19.7,94,5.7,1013.6,0.0,0.7,5,4733.4,0
2024-03-24 20:20:01,5,58,19.7,95,5.6,1013.6,0.0,1.0,5,4733.4,0
2024-03-24 20:25:01,5,58,19.7,95,5.6,1013.5,0.3,1.0,6,4733.4,0
2024-03-24 20:30:01,5,58,19.9,95,5.6,1013.4,0.3,1.0,3,4733.4,0
2024-03-24 20:35:01,5,57,20.0,95,5.6,1013.2,0.3,1.0,5,4733.4,0
2024-03-24 20:40:01,5,57,20.1,95,5.5,1013.2,0.0,0.7,6,4733.4,0
2024-03-24 20:45:01,5,56,20.2,95,5.5,1013.1,0.0,0.0,5,4733.4,0
2024-03-24 20:50:01,5,56,20.2,95,5.5,1013.1,0.0,0.7,4,4733.4,0
2024-03-24 20:55:01,5,56,20.3,95,5.5,1013.1,0.0,0.0,5,4733.4,0
2024-03-24 21:00:01,5,56,20.3,95,5.5,1013.0,0.0,0.0,6,4733.4,0
2024-03-24 21:05:01,5,56,20.2,95,5.6,1013.2,0.0,0.0,5,4733.4,0
2024-03-24 21:10:01,5,56,20.2,95,5.6,1013.2,0.0,0.7,6,4733.4,0
2024-03-24 21:15:01,5,57,20.2,94,5.6,1013.1,0.0,0.0,3,4733.4,0
2024-03-24 21:20:01,5,57,20.2,94,5.6,1013.2,0.0,0.7,2,4733.4,0
2024-03-24 21:25:01,5,57,20.1,93,5.6,1013.1,0.0,0.7,2,4733.4,0
2024-03-24 21:30:01,5,57,20.1,93,5.6,1013.2,0.0,1.0,5,4733.4,0
2024-03-24 21:35:01,5,57,20.1,92,5.5,1013.1,0.0,1.0,5,4733.4,0
2024-03-24 21:40:01,5,57,20.0,92,5.6,1013.2,0.0,0.7,1,4733.4,0
2024-03-24 21:45:01,5,57,20.0,92,5.5,1013.3,0.0,0.7,4,4733.4,0
2024-03-24 21:50:01,5,57,20.0,92,5.4,1013.4,0.0,0.0,4,4733.4,0
2024-03-24 21:55:01,5,59,19.9,92,5.4,1013.4,0.0,0.7,4,4733.4,0
2024-03-24 22:00:01,5,59,19.9,92,5.4,1013.6,0.0,0.0,2,4733.4,0
2024-03-24 22:05:01,5,59,19.9,92,5.4,1013.4,0.0,0.7,4,4733.4,0
2024-03-24 22:10:01,5,59,19.9,92,5.5,1013.4,0.7,1.7,2,4733.4,0
2024-03-24 22:15:01,5,59,19.9,91,5.4,1013.4,0.3,0.7,2,4733.4,0
2024-03-24 22:20:01,5,59,19.9,91,5.3,1013.3,0.0,0.0,3,4733.4,0
2024-03-24 22:25:01,5,59,19.9,92,5.4,1013.5,0.0,0.0,4,4733.4,0
2024-03-24 22:30:01,5,59,19.9,92,5.3,1013.4,0.0,0.7,3,4733.4,0
2024-03-24 22:35:01,5,59,19.9,92,5.2,1013.5,0.0,0.0,3,4733.4,0
2024-03-24 22:40:01,5,59,19.8,92,5.3,1013.4,0.0,0.0,3,4733.4,0
2024-03-24 22:45:01,5,59,19.7,92,5.3,1013.5,0.0,0.0,3,4733.4,0
2024-03-24 22:50:01,5,59,19.7,92,5.4,1013.7,0.3,0.7,3,4733.4,0
2024-03-24 22:55:01,5,59,19.7,92,5.4,1013.7,0.3,0.7,4,4733.4,0
2024-03-24 23:00:01,5,59,19.7,92,5.4,1013.8,0.0,1.0,3,4733.4,0
2024-03-24 23:05:01,5,59,19.6,92,5.3,1013.9,0,0,3,4733.4,0
2024-03-24 23:10:01,5,59,19.6,92,5.3,1014.0,0.3,0.7,4,4733.4,0
2024-03-24 23:15:01,5,59,19.6,92,5.2,1013.9,0,0,4,4733.4,0
2024-03-24 23:20:01,5,59,19.5,92,5.2,1013.9,0.3,1.0,6,4733.4,0
2024-03-24 23:25:01,5,58,19.4,92,5.1,1014.1,0,0.7,6,4733.4,0
2024-03-24 23:30:01,5,58,19.3,92,5.0,1014.0,0,0,6,4733.4,0
2024-03-24 23:35:01,5,58,19.2,92,4.9,1014.0,0,0,6,4733.4,0
2024-03-24 23:40:01,5,58,19.2,92,4.8,1014.1,0,0,6,4733.4,0
2024-03-24 23:45:01,5,58,19.1,93,4.7,1014.1,0,0,6,4733.4,0
2024-03-24 23:50:01,5,58,19.1,93,4.6,1014.3,0,0,6,4733.4,0
2024-03-24 23:55:01,5,58,19.0,93,4.5,1014.2,0,0,6,4733.4,0
