2024-03-16 00:02:01,5,63,18.8,90,11.2,1015.8,1.7,4.1,5,4715.1,0
2024-03-16 00:07:01,5,63,18.8,90,11.2,1016.0,1.4,2.0,4,4715.1,0
2024-03-16 00:12:01,5,63,18.8,90,11.1,1016.0,2.4,3.7,7,4715.1,0
2024-03-16 00:17:01,5,63,18.8,91,11.1,1016.0,1.7,3.7,7,4715.1,0
2024-03-16 00:22:01,5,63,18.8,92,11.0,1016.0,1.0,1.7,7,4715.1,0
2024-03-16 00:27:01,5,63,18.7,93,10.9,1016.1,0.7,1.0,14,4715.1,0
2024-03-16 00:32:01,5,63,18.7,93,10.8,1016.3,1.4,3.7,6,4715.1,0
2024-03-16 00:37:01,5,63,18.7,94,10.7,1016.2,1.0,2.0,7,4715.1,0
2024-03-16 00:42:01,5,63,18.7,94,10.7,1016.3,0.7,1.0,7,4715.1,0
2024-03-16 00:47:01,5,63,18.7,94,10.7,1016.4,0.7,1.0,7,4715.1,0
2024-03-16 00:52:01,5,63,18.7,94,10.7,1016.4,0.3,1.0,4,4715.1,0
2024-03-16 00:57:01,5,63,18.7,94,10.6,1016.5,2.0,4.8,6,4715.1,0
2024-03-16 01:02:01,5,63,18.7,94,10.6,1016.7,1.4,2.0,5,4715.1,0
2024-03-16 01:07:01,5,63,18.7,94,10.6,1016.8,1.4,2.0,5,4715.1,0
2024-03-16 01:12:01,5,63,18.7,94,10.4,1016.9,0.3,0.7,4,4715.1,0
2024-03-16 01:17:01,5,63,18.7,94,10.4,1016.9,0.7,1.7,15,4715.1,0
2024-03-16 01:22:01,5,63,18.7,94,10.3,1017.0,1.0,1.7,15,4715.1,0
2024-03-16 01:27:01,5,63,18.6,94,10.0,1017.2,1.0,1.7,15,4715.1,0
2024-03-16 01:32:01,5,63,18.6,93,9.9,1017.3,0.3,1.7,1,4715.1,0
2024-03-16 01:37:01,5,63,18.6,92,9.9,1017.4,0.3,1.7,5,4715.1,0
2024-03-16 01:42:01,5,63,18.6,92,9.9,1017.5,0.3,0.7,0,4715.1,0
2024-03-16 01:47:01,5,63,18.6,91,9.6,1017.7,0.7,2.0,14,4715.1,0
2024-03-16 01:52:01,5,63,18.6,91,9.5,1017.7,0.7,1.7,3,4715.1,0
2024-03-16 01:57:01,5,63,18.6,91,9.3,1017.7,1.4,4.1,5,4715.1,0
2024-03-16 02:02:01,5,63,18.6,91,9.3,1017.9,0.7,1.0,12,4715.1,0
2024-03-16 02:07:01,5,63,18.5,91,9.2,1017.9,0.7,1.7,15,4715.1,0
2024-03-16 02:12:01,5,63,18.5,92,9.1,1018.0,1.4,3.1,15,4715.1,0
2024-03-16 02:17:01,5,63,18.5,92,9.0,1018.1,1.4,2.7,15,4715.1,0
2024-03-16 02:22:01,5,63,18.5,93,9.0,1018.3,0.3,1.7,1,4715.1,0
2024-03-16 02:27:01,5,63,18.5,93,8.9,1018.2,0.3,1.7,3,4715.1,0
2024-03-16 02:32:01,5,63,18.5,94,8.9,1018.3,1.0,1.7,1,4715.1,0
2024-03-16 02:37:01,5,63,18.4,94,8.9,1018.4,0.3,0.7,6,4715.1,0
2024-03-16 02:42:01,5,63,18.4,95,8.9,1018.5,0.3,1.0,5,4715.1,0
2024-03-16 02:47:01,5,63,18.4,95,8.9,1018.5,0.0,0.7,3,4715.1,0
2024-03-16 02:52:01,5,63,18.4,95,8.8,1018.7,1.4,3.7,15,4715.4,0
2024-03-16 02:57:01,5,63,18.4,96,8.7,1018.7,1.0,2.7,0,4715.4,0
2024-03-16 03:02:01,5,63,18.4,96,8.7,1018.8,0.7,1.7,1,4715.4,0
2024-03-16 03:07:01,5,63,18.3,96,8.6,1019.0,0.7,1.0,1,4715.4,0
2024-03-16 03:12:01,5,63,18.3,96,8.6,1019.1,1.0,2.0,1,4715.4,0
2024-03-16 03:17:01,5,63,18.3,96,8.5,1019.2,0.7,1.0,14,4715.4,0
2024-03-16 03:22:01,5,63,18.3,96,8.4,1019.5,0.7,1.0,0,4715.4,0
2024-03-16 03:27:01,5,63,18.3,96,8.3,1019.4,0.7,1.0,4,4715.4,0
2024-03-16 03:32:01,5,63,18.3,96,8.3,1019.7,0.7,1.0,1,4715.4,0
2024-03-16 03:37:01,5,63,18.2,95,8.4,1019.7,0.7,1.0,3,4715.4,0
2024-03-16 03:42:01,5,63,18.2,95,8.4,1019.8,0.7,1.0,1,4715.4,0
2024-03-16 03:47:01,5,63,18.1,95,8.3,1019.9,0.3,1.0,15,4715.4,0
2024-03-16 03:52:01,5,63,18.1,95,8.2,1020.0,1.0,2.0,1,4715.4,0
2024-03-16 03:57:01,5,63,18.1,95,8.2,1020.1,0.7,1.7,1,4715.4,0
2024-03-16 04:02:01,5,63,18.1,95,8.2,1020.2,0.3,1.7,2,4715.4,0
2024-03-16 04:07:01,5,63,18.1,95,8.3,1020.3,0.0,0.7,2,4715.4,0
2024-03-16 04:12:01,5,63,18.1,95,8.2,1020.5,0.3,1.0,1,4715.4,0
2024-03-16 04:17:01,5,63,18.1,95,8.1,1020.5,0.0,0.7,2,4715.4,0
2024-03-16 04:22:01,5,63,18.0,95,8.0,1020.7,0.0,0.7,4,4715.4,0
2024-03-16 04:27:01,5,63,18.0,95,8.0,1020.8,0.3,0.7,3,4715.4,0
2024-03-16 04:32:01,5,63,18.0,95,8.1,1021.0,0.0,0.7,2,4715.4,0
2024-03-16 04:37:01,5,63,18.0,95,8.1,1021.0,0.3,1.0,0,4715.4,0
2024-03-16 04:42:01,5,63,18.0,94,8.0,1021.2,0.3,1.7,2,4715.4,0
2024-03-16 04:47:01,5,63,18.0,94,8.0,1021.3,0.7,1.7,1,4715.4,0
2024-03-16 04:52:01,5,63,18.0,94,8.0,1021.3,0.3,1.0,1,4715.4,0
2024-03-16 04:57:01,5,63,18.0,94,7.9,1021.5,0.3,1.0,0,4715.4,0
2024-03-16 05:02:01,5,63,18.0,94,7.8,1021.4,0.0,0.7,0,4715.4,0
2024-03-16 05:07:01,5,63,18.0,94,7.7,1021.6,0.0,0.7,3,4715.4,0
2024-03-16 05:12:01,5,63,18.0,94,7.8,1021.8,0.0,0.7,15,4715.4,0
2024-03-16 05:17:01,5,63,17.9,94,7.8,1021.9,0.3,1.7,0,4715.4,0
2024-03-16 05:22:01,5,62,17.9,93,7.9,1022.1,0.3,0.7,0,4715.4,0
2024-03-16 05:27:01,5,62,17.9,93,8.0,1022.1,0.7,1.0,0,4715.4,0
2024-03-16 05:32:01,5,62,17.9,93,8.0,1022.2,0.7,1.0,0,4715.4,0
2024-03-16 05:37:01,5,62,17.8,92,8.0,1022.5,0.0,0.7,1,4715.4,0
2024-03-16 05:42:01,5,62,17.8,92,7.9,1022.6,1.0,2.0,0,4715.4,0
2024-03-16 05:47:01,5,62,17.8,91,8.0,1022.7,0.3,0.7,0,4715.4,0
2024-03-16 05:52:01,5,62,17.8,91,7.9,1023.0,2.0,4.1,2,4715.4,0
2024-03-16 05:57:01,5,62,17.8,91,7.8,1023.1,0.7,1.0,14,4715.4,0
2024-03-16 06:02:01,5,62,17.7,91,7.7,1023.4,1.4,2.0,15,4715.4,0
2024-03-16 06:07:01,5,62,17.7,92,7.5,1023.3,0.0,0.7,2,4715.4,0
2024-03-16 06:12:01,5,62,17.7,93,7.4,1023.6,0.3,1.0,1,4715.4,0
2024-03-16 06:17:01,5,62,17.7,93,7.5,1023.8,0.0,0.7,1,4715.4,0
2024-03-16 06:22:01,5,62,17.7,93,7.5,1023.8,1.0,3.1,4,4715.4,0
2024-03-16 06:27:01,5,62,17.7,93,7.5,1023.9,0.3,1.7,3,4715.4,0
2024-03-16 06:32:01,5,62,17.7,93,7.6,1024.0,0.3,0.7,0,4715.4,0
2024-03-16 06:37:01,5,62,17.7,93,7.6,1024.1,0.3,1.0,1,4715.4,0
2024-03-16 06:42:01,5,62,17.7,93,7.7,1024.2,0.3,1.0,0,4715.4,0
2024-03-16 06:47:01,5,62,17.7,92,7.7,1024.3,0.7,1.7,3,4715.4,0
2024-03-16 06:52:01,5,62,17.7,92,7.8,1024.6,0.7,1.7,1,4715.4,0
2024-03-16 06:57:01,5,62,17.7,92,7.9,1024.7,0.3,1.0,13,4715.4,0
2024-03-16 07:02:01,5,62,17.7,92,7.9,1024.7,0.7,1.0,0,4715.4,0
2024-03-16 07:07:01,5,61,17.7,92,7.9,1024.7,0.3,1.0,2,4715.4,0
2024-03-16 07:12:01,5,61,17.7,91,8.0,1024.9,0.3,1.0,14,4715.4,0
2024-03-16 07:17:01,5,61,17.8,90,8.1,1025.1,0.3,1.7,0,4715.4,0
2024-03-16 07:22:01,5,61,17.8,89,8.3,1025.0,0.0,0.7,3,4715.4,0
2024-03-16 07:27:01,5,61,17.9,88,8.3,1025.1,1.0,1.7,0,4715.4,0
2024-03-16 07:32:01,5,61,17.9,88,8.1,1025.2,1.4,2.7,13,4715.4,0
2024-03-16 07:37:01,5,61,17.9,89,7.9,1025.4,0.7,2.0,4,4715.4,0
2024-03-16 07:42:01,5,61,17.9,90,7.7,1025.5,1.0,2.0,1,4715.4,0
2024-03-16 07:47:01,5,61,17.9,90,7.8,1025.5,1.4,2.7,3,4715.4,0
2024-03-16 07:52:01,5,61,17.9,90,8.0,1025.6,0.3,0.7,1,4715.4,0
2024-03-16 07:57:01,5,61,17.9,90,8.0,1025.8,0.3,1.0,15,4715.4,0
2024-03-16 08:02:01,5,61,17.9,90,8.1,1025.8,0.7,1.0,1,4715.4,0
2024-03-16 08:07:01,5,61,17.9,89,8.3,1026.0,0.7,1.7,4,4715.4,0
2024-03-16 08:12:01,5,61,18.0,86,8.3,1025.9,1.4,2.7,15,4715.4,0
2024-03-16 08:17:01,5,61,18.1,86,8.5,1025.9,0.7,1.0,2,4715.4,0
2024-03-16 08:22:01,5,61,18.1,85,8.6,1026.1,0.7,1.7,15,4715.4,0
2024-03-16 08:27:01,5,60,18.1,85,8.7,1026.0,0.7,1.0,1,4715.4,0
2024-03-16 08:32:01,5,60,18.2,85,8.6,1026.0,0.7,1.7,0,4715.4,0
2024-03-16 08:37:01,5,60,18.2,85,8.7,1026.1,0.7,1.7,1,4715.4,0
2024-03-16 08:42:01,5,60,18.2,85,8.7,1026.2,0.3,0.7,0,4715.4,0
2024-03-16 08:47:01,5,60,18.2,84,8.7,1026.3,0.7,2.0,0,4715.4,0
2024-03-16 08:52:01,5,60,18.2,82,8.7,1026.4,0.3,1.0,14,4715.4,0
2024-03-16 08:57:01,5,60,18.2,82,8.8,1026.5,0.7,2.0,13,4715.4,0
2024-03-16 09:02:01,5,60,18.3,80,8.9,1026.5,0.3,1.0,2,4715.4,0
2024-03-16 09:07:01,5,60,18.2,80,9.3,1026.7,0.0,0.0,4,4715.4,0
2024-03-16 09:12:01,5,61,18.3,79,9.3,1026.8,0.3,0.7,1,4715.4,0
2024-03-16 09:17:01,5,62,18.3,77,9.1,1026.8,0.7,1.7,15,4715.4,0
2024-03-16 09:22:01,5,62,18.4,77,9.3,1026.7,0.0,0.7,1,4715.4,0
2024-03-16 09:27:01,5,63,18.6,75,9.1,1026.7,1.0,2.0,1,4715.4,0
2024-03-16 09:32:01,5,63,18.8,77,9.4,1026.4,0.3,0.7,1,4715.4,0
2024-03-16 09:37:01,5,62,19.2,78,9.4,1026.2,0.3,1.0,0,4715.4,0
2024-03-16 09:42:01,5,62,19.6,77,9.2,1025.9,0.7,2.0,15,4715.4,0
2024-03-16 09:47:01,5,61,20.7,79,9.1,1025.7,0.7,2.0,4,4715.4,0
2024-03-16 09:52:01,5,59,21.1,79,9.1,1025.4,0.3,1.0,4,4715.4,0
2024-03-16 09:57:01,5,58,21.3,77,9.1,1025.3,1.0,1.7,2,4715.4,0
2024-03-16 10:02:01,5,57,21.5,76,9.4,1025.1,0.0,0.7,1,4715.4,0
2024-03-16 10:07:01,5,57,21.7,74,9.4,1025.1,0.3,1.0,0,4715.4,0
2024-03-16 10:12:01,5,56,21.8,72,9.5,1025.0,0.7,1.0,0,4715.4,0
2024-03-16 10:17:01,5,55,21.9,71,9.4,1024.9,0.7,1.0,15,4715.4,0
2024-03-16 10:22:01,5,55,21.9,72,9.7,1024.7,0.3,1.0,2,4715.4,0
2024-03-16 10:27:01,5,54,22.0,72,9.5,1024.9,0.7,1.0,2,4715.4,0
2024-03-16 10:32:01,5,53,22.1,72,9.6,1024.9,0.7,1.7,11,4715.4,0
2024-03-16 10:37:01,5,53,22.1,70,9.5,1024.8,0.7,1.0,0,4715.4,0
2024-03-16 10:42:01,5,53,22.1,70,9.7,1024.9,0.7,1.7,2,4715.4,0
2024-03-16 10:47:01,5,53,22.1,70,9.7,1025.0,1.0,2.0,2,4715.4,0
2024-03-16 10:52:01,5,53,22.1,70,9.7,1025.0,0.7,1.7,3,4715.4,0
2024-03-16 10:57:01,5,53,22.1,69,9.7,1025.2,0.7,1.7,6,4715.4,0
2024-03-16 11:02:01,5,53,22.1,70,9.8,1025.2,0.7,1.0,0,4715.4,0
2024-03-16 11:07:01,5,53,22.0,70,10.0,1025.3,0.3,1.0,4,4715.4,0
2024-03-16 11:12:01,5,54,21.9,69,10.2,1025.4,0.7,1.7,15,4715.4,0
2024-03-16 11:17:01,5,54,21.9,69,10.5,1025.4,0.0,0.0,3,4715.4,0
2024-03-16 11:22:01,5,54,21.9,68,10.5,1025.5,1.0,1.7,14,4715.4,0
2024-03-16 11:27:01,5,54,21.9,70,10.3,1025.6,1.0,1.7,2,4715.4,0
2024-03-16 11:32:01,5,54,21.9,70,10.1,1025.7,1.0,1.7,15,4715.4,0
2024-03-16 11:37:01,5,54,21.9,72,10.1,1025.8,0.3,1.0,2,4715.4,0
2024-03-16 11:42:01,5,54,21.9,71,10.2,1025.8,0.3,1.0,1,4715.4,0
2024-03-16 11:47:01,5,54,21.8,70,10.0,1026.0,0.3,1.0,2,4715.4,0
2024-03-16 11:52:01,5,54,21.8,69,10.0,1026.1,1.0,2.0,2,4715.4,0
2024-03-16 11:57:01,5,54,21.8,68,10.3,1026.1,0.0,0.7,4,4715.4,0
2024-03-16 12:02:01,5,54,21.7,68,10.2,1026.2,0.3,1.0,0,4715.4,0
2024-03-16 12:07:01,5,54,21.7,67,10.3,1026.4,0.3,0.7,1,4715.4,0
2024-03-16 12:12:01,5,54,21.7,67,10.6,1026.4,0.3,0.7,15,4715.4,0
2024-03-16 12:17:01,5,54,21.7,68,10.3,1026.4,0.7,2.0,3,4715.4,0
2024-03-16 12:22:01,5,54,21.6,69,10.5,1026.4,0.0,0.0,3,4715.4,0
2024-03-16 12:27:01,5,54,21.6,70,10.8,1026.5,0.0,0.0,5,4715.4,0
2024-03-16 12:32:01,5,54,21.6,69,10.6,1026.6,0.3,1.0,6,4715.4,0
2024-03-16 12:37:01,5,54,21.6,68,10.6,1026.7,0.3,2.0,5,4715.4,0
2024-03-16 12:42:01,5,54,21.6,68,10.8,1026.6,0.3,1.0,5,4715.4,0
2024-03-16 12:47:01,5,54,21.6,68,11.0,1026.8,0.0,0.0,6,4715.4,0
2024-03-16 12:52:01,5,54,21.5,69,10.9,1026.8,0.3,0.7,3,4715.4,0
2024-03-16 12:57:01,5,54,21.5,68,11.0,1026.8,0.0,0.7,3,4715.4,0
2024-03-16 13:02:01,5,54,21.5,68,11.1,1026.9,0.0,0.7,3,4715.4,0
2024-03-16 13:07:01,5,54,21.5,68,10.7,1027.0,0.7,1.0,2,4715.4,0
2024-03-16 13:12:01,5,54,21.3,69,10.9,1027.1,0.0,0.7,4,4715.4,0
2024-03-16 13:17:01,5,54,21.3,69,10.6,1027.2,0.7,2.0,3,4715.4,0
2024-03-16 13:22:01,5,54,21.2,69,10.5,1027.4,0.7,1.7,6,4715.4,0
2024-03-16 13:27:01,5,54,21.2,70,10.6,1027.3,0.3,1.0,1,4715.4,0
2024-03-16 13:32:01,5,54,21.2,68,10.9,1027.4,1.0,3.1,7,4715.4,0
2024-03-16 13:37:01,5,54,21.2,69,10.7,1027.5,1.0,1.7,6,4715.4,0
2024-03-16 13:42:01,5,54,21.2,68,10.9,1027.5,0.3,1.0,15,4715.4,0
2024-03-16 13:47:01,5,54,21.2,68,11.0,1027.7,0.3,1.0,4,4715.4,0
2024-03-16 13:52:01,5,54,21.1,69,11.0,1027.7,0.7,1.7,13,4715.4,0
2024-03-16 13:57:02,5,54,21.1,69,10.8,1027.6,1.4,2.7,5,4715.4,0
2024-03-16 14:02:02,5,54,21.1,70,10.6,1027.7,2.0,3.1,5,4715.4,0
2024-03-16 14:07:02,5,54,21.1,71,10.9,1027.9,0.3,1.0,7,4715.4,0
2024-03-16 14:12:02,5,54,21.1,70,10.9,1027.8,0.7,1.0,0,4715.4,0
2024-03-16 14:17:02,5,54,21.1,68,11.9,1027.7,0.7,1.0,4,4715.4,0
2024-03-16 14:22:02,5,54,21.0,67,12.2,1027.8,0.7,1.7,11,4715.4,0
2024-03-16 14:27:02,5,54,21.0,66,12.7,1027.8,0.0,0.7,6,4715.4,0
2024-03-16 14:32:02,5,54,21.1,66,11.7,1027.7,1.0,1.7,8,4715.4,0
2024-03-16 14:37:02,5,54,21.0,68,11.6,1027.7,0.7,1.7,0,4715.4,0
2024-03-16 14:42:02,5,54,21.0,68,11.6,1027.8,0.7,1.7,4,4715.4,0
2024-03-16 14:47:02,5,54,21.0,68,11.4,1027.7,1.4,2.0,6,4715.4,0
2024-03-16 14:52:02,5,54,21.1,68,11.3,1027.5,1.0,2.0,9,4715.4,0
2024-03-16 14:57:02,5,54,21.1,68,11.4,1027.6,0.3,1.0,4,4715.4,0
2024-03-16 15:02:02,5,54,21.1,68,11.3,1027.5,1.0,2.7,5,4715.4,0
2024-03-16 15:07:02,5,54,21.1,68,11.2,1027.6,0.7,1.0,5,4715.4,0
2024-03-16 15:12:02,5,54,21.1,68,11.1,1027.6,1.0,1.7,6,4715.4,0
2024-03-16 15:17:02,5,54,21.2,67,11.0,1027.6,1.4,3.1,7,4715.4,0
2024-03-16 15:22:02,5,54,21.2,67,11.1,1027.5,1.7,2.7,5,4715.4,0
2024-03-16 15:27:02,5,54,21.2,67,11.3,1027.7,0.0,0.7,2,4715.4,0
2024-03-16 15:32:02,5,54,21.2,67,11.0,1027.7,0.3,1.0,6,4715.4,0
2024-03-16 15:37:02,5,53,21.2,68,10.8,1027.7,0.7,1.7,7,4715.4,0
2024-03-16 15:42:02,5,54,21.2,68,10.6,1027.7,1.0,1.7,6,4715.4,0
2024-03-16 15:47:02,5,53,21.2,68,10.7,1027.7,0.0,0.7,2,4715.4,0
2024-03-16 15:52:02,5,53,21.2,67,10.7,1027.7,0.3,1.0,8,4715.4,0
2024-03-16 15:57:02,5,53,21.2,68,10.5,1027.9,0.0,0.7,6,4715.4,0
2024-03-16 16:02:02,5,53,21.2,69,10.3,1028.1,0.3,0.7,6,4715.4,0
2024-03-16 16:07:02,5,53,21.1,67,10.1,1028.1,1.4,1.7,5,4715.4,0
2024-03-16 16:12:02,5,53,21.0,67,10.1,1028.0,0.3,0.7,5,4715.4,0
2024-03-16 16:17:02,5,53,21.0,68,10.1,1028.1,0.7,1.0,7,4715.4,0
2024-03-16 16:22:02,5,54,20.9,67,10.3,1028.2,0.7,1.7,4,4715.4,0
2024-03-16 16:27:02,5,54,20.9,66,10.3,1028.2,0.0,0.7,8,4715.4,0
2024-03-16 16:32:02,5,54,20.7,65,10.2,1028.3,0.7,1.7,6,4715.4,0
2024-03-16 16:37:02,5,54,20.7,65,10.3,1028.4,0.3,1.0,5,4715.4,0
2024-03-16 16:42:02,5,54,20.6,66,10.3,1028.5,0.3,1.0,3,4715.4,0
2024-03-16 16:47:02,5,53,20.6,66,10.1,1028.5,0.0,1.0,5,4715.4,0
2024-03-16 16:52:02,5,52,19.7,66,9.9,1028.4,0.7,1.7,5,4715.4,0
2024-03-16 16:57:02,5,52,19.6,67,9.7,1028.5,0.3,1.0,6,4715.4,0
2024-03-16 17:02:02,5,51,19.6,69,9.8,1028.7,0.0,0.7,4,4715.4,0
2024-03-16 17:07:02,5,52,19.4,69,9.6,1029.0,0.0,0.0,5,4715.4,0
2024-03-16 17:12:02,5,53,19.4,69,9.4,1029.0,0.0,0.0,5,4715.4,0
2024-03-16 17:17:02,5,54,19.5,70,9.3,1029.0,0.0,0.7,4,4715.4,0
2024-03-16 17:22:02,5,57,19.7,70,9.2,1029.0,0.0,0.7,4,4715.4,0
2024-03-16 17:27:02,5,57,20.7,70,9.1,1028.7,0.3,0.7,5,4715.4,0
2024-03-16 17:32:02,5,56,21.1,71,9.1,1028.5,0.0,0.7,2,4715.4,0
2024-03-16 17:37:02,5,55,21.3,72,8.9,1028.3,0.0,0.0,5,4715.4,0
2024-03-16 17:42:02,5,55,21.5,73,8.8,1028.1,0.0,0.0,5,4715.4,0
2024-03-16 17:47:02,5,55,21.7,73,8.6,1027.7,0.0,0.0,4,4715.4,0
2024-03-16 17:52:02,5,54,21.8,74,8.5,1027.6,0.0,0.0,4,4715.4,0
2024-03-16 17:57:02,5,52,21.9,74,8.5,1027.5,0.0,0.0,5,4715.4,0
2024-03-16 18:02:02,5,51,21.8,75,8.4,1027.6,0.0,0.0,5,4715.4,0
2024-03-16 18:07:02,5,50,21.8,76,8.3,1027.6,0.0,0.0,5,4715.4,0
2024-03-16 18:12:02,5,50,21.7,76,8.0,1027.7,0.0,0.0,5,4715.4,0
2024-03-16 18:17:02,5,50,21.7,77,7.9,1027.8,0.0,0.0,5,4715.4,0
2024-03-16 18:22:02,5,52,21.6,78,7.6,1027.9,0.0,0.0,4,4715.4,0
2024-03-16 18:27:02,5,53,21.7,79,7.4,1027.7,0.0,0.0,4,4715.4,0
2024-03-16 18:32:02,5,53,21.7,80,7.2,1027.9,0.0,0.0,4,4715.4,0
2024-03-16 18:37:02,5,53,21.7,81,7.2,1027.8,0.0,0.0,4,4715.4,0
2024-03-16 18:42:02,5,54,21.7,82,7.1,1027.9,0.0,0.0,4,4715.4,0
2024-03-16 18:47:02,5,54,21.7,82,7.1,1027.7,0.0,0.0,4,4715.4,0
2024-03-16 18:52:02,5,54,21.7,83,6.9,1027.6,0.0,0.0,4,4715.4,0
2024-03-16 18:57:02,5,54,21.7,83,6.6,1027.8,0.0,0.0,4,4715.4,0
2024-03-16 19:02:02,5,54,21.7,84,6.6,1027.9,0.0,0.0,4,4715.4,0
2024-03-16 19:07:02,5,54,21.7,85,6.5,1027.9,0.0,0.0,4,4715.4,0
2024-03-16 19:12:02,5,54,21.6,85,6.2,1028.0,0.0,0.0,4,4715.4,0
2024-03-16 19:17:02,5,55,21.5,86,6.1,1028.1,0.0,0.0,4,4715.4,0
2024-03-16 19:22:02,5,55,21.5,86,6.1,1028.0,0.0,0.0,4,4715.4,0
2024-03-16 19:27:02,5,56,21.5,87,6.1,1028.2,0.0,0.0,4,4715.4,0
2024-03-16 19:32:02,5,56,21.3,87,6.2,1028.3,0.0,0.0,4,4715.4,0
2024-03-16 19:37:02,5,55,21.2,87,6.1,1028.4,0.0,0.0,4,4715.4,0
2024-03-16 19:42:02,5,56,21.2,88,6.2,1028.5,0.0,0.0,4,4715.4,0
2024-03-16 19:47:02,5,56,21.1,87,6.1,1028.5,0.0,0.0,4,4715.4,0
2024-03-16 19:52:02,5,57,21.0,87,6.0,1028.6,0.0,0.0,4,4715.4,0
2024-03-16 19:57:02,5,57,21.0,88,6.0,1028.7,0.0,0.0,4,4715.4,0
2024-03-16 20:02:02,5,58,20.9,89,6.1,1028.7,0.0,0.0,4,4715.4,0
2024-03-16 20:07:02,5,58,20.9,89,6.1,1028.8,0.0,0.0,4,4715.4,0
2024-03-16 20:12:02,5,58,20.7,89,6.0,1028.9,0.0,0.0,4,4715.4,0
2024-03-16 20:17:02,5,59,20.7,89,5.9,1029.0,0.0,0.0,4,4715.4,0
2024-03-16 20:22:02,5,59,20.7,89,5.8,1029.0,0.0,0.0,4,4715.4,0
2024-03-16 20:27:02,5,59,20.6,90,6.0,1029.1,0.0,0.0,4,4715.4,0
2024-03-16 20:32:02,5,59,20.6,90,5.9,1029.1,0.0,0.0,4,4715.4,0
2024-03-16 20:37:02,5,59,19.8,90,5.9,1029.1,0.0,0.0,4,4715.4,0
2024-03-16 20:42:02,5,60,19.7,90,5.8,1029.0,0.0,0.0,4,4715.4,0
2024-03-16 20:47:02,5,60,19.7,90,5.8,1029.1,0.0,0.0,4,4715.4,0
2024-03-16 20:52:02,5,60,19.7,91,5.7,1029.3,0.0,0.0,4,4715.4,0
2024-03-16 20:57:02,5,59,19.6,91,5.8,1029.3,0.0,0.0,4,4715.4,0
2024-03-16 21:02:02,5,59,19.6,91,5.8,1029.3,0.0,0.0,4,4715.4,0
2024-03-16 21:07:02,5,59,19.5,91,5.7,1029.5,0.0,0.0,4,4715.4,0
2024-03-16 21:12:02,5,59,19.4,91,5.8,1029.5,0.0,0.0,4,4715.4,0
2024-03-16 21:17:02,5,60,19.4,91,5.7,1029.4,0.0,0.0,4,4715.4,0
2024-03-16 21:22:02,5,60,19.3,91,5.7,1029.5,0.0,0.0,4,4715.4,0
2024-03-16 21:27:02,5,60,19.3,91,5.7,1029.6,0.0,0.0,4,4715.4,0
2024-03-16 21:32:02,5,60,19.3,91,5.7,1029.5,0.0,0.0,4,4715.4,0
2024-03-16 21:37:02,5,59,19.2,91,5.7,1029.5,0.0,0.0,4,4715.4,0
2024-03-16 21:42:02,5,59,19.2,92,5.7,1029.5,0.0,0.0,4,4715.4,0
2024-03-16 21:47:02,5,59,19.2,92,5.7,1029.6,0.0,0.0,4,4715.4,0
2024-03-16 21:52:02,5,59,19.1,92,5.7,1029.8,0.0,0.0,4,4715.4,0
2024-03-16 21:57:02,5,59,19.1,92,5.7,1029.6,0.0,0.0,4,4715.4,0
2024-03-16 22:02:02,5,59,19.1,92,5.7,1029.7,0.0,0.0,4,4715.4,0
2024-03-16 22:07:02,5,59,19.0,92,5.7,1029.7,0.0,0.0,4,4715.4,0
2024-03-16 22:12:02,5,59,19.0,92,5.7,1029.8,0.0,0.0,4,4715.4,0
2024-03-16 22:17:02,5,61,18.9,93,5.8,1029.8,0.0,0.0,4,4715.4,0
2024-03-16 22:22:02,5,61,18.8,93,6.0,1029.8,0.0,0.0,4,4715.4,0
2024-03-16 22:27:02,5,61,18.8,93,6.0,1029.9,0.0,0.0,4,4715.4,0
2024-03-16 22:32:02,5,60,18.8,93,6.0,1029.8,0.0,0.0,4,4715.4,0
2024-03-16 22:37:02,5,61,18.7,93,6.1,1029.9,0.0,0.0,4,4715.4,0
2024-03-16 22:42:02,5,61,18.7,93,6.0,1030.1,0.0,0.0,4,4715.4,0
2024-03-16 22:47:02,5,61,18.7,93,6.1,1029.9,0.0,0.0,4,4715.4,0
2024-03-16 22:52:02,5,61,18.7,93,6.3,1030.0,0.0,0.0,4,4715.4,0
2024-03-16 22:57:02,5,60,18.6,92,6.3,1029.9,0.0,0.0,4,4715.4,0
2024-03-16 23:02:02,5,60,18.6,91,6.4,1030.0,0.0,0.0,4,4715.4,0
2024-03-16 23:07:02,5,60,18.6,91,6.5,1030.1,0,0,4,4715.4,0
2024-03-16 23:12:02,5,60,18.6,90,6.6,1030.1,0,0,4,4715.4,0
2024-03-16 23:17:02,5,60,18.5,90,6.7,1030.0,0,0,4,4715.4,0
2024-03-16 23:22:02,5,60,18.5,89,6.7,1030.0,0,0,4,4715.4,0
2024-03-16 23:27:02,5,60,18.5,89,6.7,1029.9,0,0,4,4715.4,0
2024-03-16 23:32:02,5,60,18.5,89,6.6,1030.0,0,0,4,4715.4,0
2024-03-16 23:37:02,5,60,18.5,89,6.6,1029.9,0,0,4,4715.4,0
2024-03-16 23:42:02,5,60,18.5,88,6.5,1029.8,0,0,4,4715.4,0
2024-03-16 23:47:02,5,60,18.4,88,6.5,1029.8,0,0,4,4715.4,0
2024-03-16 23:52:02,5,60,18.4,88,6.6,1029.8,0,0,4,4715.4,0
2024-03-16 23:57:02,5,60,18.4,87,6.6,1029.8,0,0,4,4715.4,0
