2023-05-28 00:04:02,5,55,21.6,93,13.2,1026.0,0.7,1.0,15,3555.3,0
2023-05-28 00:09:02,5,55,21.6,93,13.2,1026.0,0.3,1.0,13,3555.3,0
2023-05-28 00:14:02,5,55,21.5,93,13.2,1026.0,0.3,1.0,14,3555.3,0
2023-05-28 00:19:02,5,55,21.5,93,13.2,1026.0,0.3,1.0,0,3555.3,0
2023-05-28 00:24:02,5,55,21.5,94,13.1,1026.1,0.0,0.7,15,3555.3,0
2023-05-28 00:29:02,5,55,21.5,94,13.0,1026.1,0.0,0.0,1,3555.3,0
2023-05-28 00:34:02,5,55,21.4,94,13.1,1026.0,0.0,0.7,15,3555.3,0
2023-05-28 00:39:02,5,55,21.3,94,13.0,1026.0,0.0,1.0,15,3555.3,0
2023-05-28 00:44:02,5,55,21.3,94,13.0,1026.0,0.3,1.0,14,3555.3,0
2023-05-28 00:49:02,5,55,21.3,94,12.9,1026.0,0.0,0.0,0,3555.3,0
2023-05-28 00:54:02,5,55,21.3,94,12.9,1026.0,0.0,0.0,15,3555.3,0
2023-05-28 00:59:02,5,55,21.2,94,12.9,1026.0,0.3,0.7,15,3555.3,0
2023-05-28 01:04:02,5,55,21.2,94,12.8,1025.9,0.0,0.0,15,3555.3,0
2023-05-28 01:09:02,5,55,21.2,94,12.7,1025.9,0.0,0.0,15,3555.3,0
2023-05-28 01:14:02,5,55,21.2,94,12.7,1025.8,0.0,0.0,15,3555.3,0
2023-05-28 01:19:02,5,55,21.2,94,12.7,1025.8,0.3,1.0,14,3555.3,0
2023-05-28 01:24:02,5,55,21.1,94,12.6,1025.9,0.0,0.0,14,3555.3,0
2023-05-28 01:29:02,5,55,21.1,94,12.6,1026.0,0.0,0.0,14,3555.3,0
2023-05-28 01:34:02,5,55,21.1,94,12.5,1026.0,0.0,0.0,14,3555.3,0
2023-05-28 01:39:02,5,55,21.1,94,12.5,1025.8,0.0,0.0,14,3555.3,0
2023-05-28 01:44:02,5,56,21.0,94,12.5,1026.0,0.0,0.0,14,3555.3,0
2023-05-28 01:49:02,5,56,21.0,94,12.4,1026.1,0.0,0.0,14,3555.3,0
2023-05-28 01:54:02,5,56,21.0,94,12.4,1026.1,0.0,0.0,14,3555.3,0
2023-05-28 01:59:02,5,56,21.0,94,12.4,1026.2,0.0,0.0,1,3555.3,0
2023-05-28 02:04:02,5,57,20.9,94,12.4,1026.1,0.3,1.0,14,3555.3,0
2023-05-28 02:09:02,5,57,20.9,94,12.3,1026.1,0.0,0.0,14,3555.3,0
2023-05-28 02:14:02,5,57,20.9,94,12.3,1026.0,0.3,0.7,14,3555.3,0
2023-05-28 02:19:02,5,57,20.9,94,12.2,1026.1,0.0,0.0,14,3555.3,0
2023-05-28 02:24:02,5,57,20.9,94,12.1,1026.2,0.0,0.0,14,3555.3,0
2023-05-28 02:29:02,5,57,20.9,94,12.1,1026.2,0.0,0.0,14,3555.3,0
2023-05-28 02:34:02,5,57,20.8,94,12.1,1026.2,0.0,0.0,14,3555.3,0
2023-05-28 02:39:02,5,56,20.7,94,12.0,1026.0,0.0,0.0,14,3555.3,0
2023-05-28 02:44:02,5,56,20.7,94,12.0,1026.1,0.0,0.0,14,3555.3,0
2023-05-28 02:49:02,5,56,20.7,94,11.9,1026.2,0.0,0.0,0,3555.3,0
2023-05-28 02:54:02,5,56,20.7,94,11.9,1026.2,0.0,0.0,0,3555.3,0
2023-05-28 02:59:02,5,56,20.7,94,11.8,1026.3,0.0,0.0,0,3555.3,0
2023-05-28 03:04:02,5,56,20.6,94,11.8,1026.4,0.0,0.0,0,3555.3,0
2023-05-28 03:09:02,5,56,20.6,94,11.8,1026.3,0.0,0.0,15,3555.3,0
2023-05-28 03:14:02,5,56,20.6,94,11.8,1026.3,0.0,0.0,14,3555.3,0
2023-05-28 03:19:02,5,56,20.6,94,11.8,1026.4,0.3,1.0,14,3555.3,0
2023-05-28 03:24:02,5,56,20.6,94,11.7,1026.5,0.3,0.7,14,3555.3,0
2023-05-28 03:29:02,5,56,20.6,94,11.7,1026.6,0.0,0.0,14,3555.3,0
2023-05-28 03:34:02,5,56,20.5,94,11.6,1026.6,0.0,0.0,1,3555.3,0
2023-05-28 03:39:02,5,56,20.5,94,11.6,1026.5,0.0,0.0,14,3555.3,0
2023-05-28 03:44:02,5,56,20.5,94,11.6,1026.5,0.0,0.7,14,3555.3,0
2023-05-28 03:49:02,5,56,20.5,94,11.5,1026.6,0.0,0.0,14,3555.3,0
2023-05-28 03:54:02,5,56,20.5,94,11.5,1026.8,0.0,0.0,0,3555.3,0
2023-05-28 03:59:02,5,56,20.5,95,11.5,1026.6,0.3,0.7,15,3555.3,0
2023-05-28 04:04:02,5,56,20.5,95,11.5,1026.7,0.3,0.7,1,3555.3,0
2023-05-28 04:09:02,5,56,20.5,95,11.6,1026.7,0.3,1.0,1,3555.3,0
2023-05-28 04:14:02,5,56,20.5,95,11.6,1026.8,0.0,0.7,1,3555.3,0
2023-05-28 04:19:02,5,56,20.5,95,11.6,1026.8,0.0,0.7,15,3555.3,0
2023-05-28 04:24:02,5,56,20.4,95,11.6,1026.9,0.3,0.7,15,3555.3,0
2023-05-28 04:29:02,5,56,20.4,95,11.6,1026.9,0.0,0.0,14,3555.3,0
2023-05-28 04:34:02,5,56,20.4,94,11.7,1026.9,0.0,0.0,0,3555.3,0
2023-05-28 04:39:02,5,56,20.4,94,11.7,1026.9,0.0,0.7,14,3555.3,0
2023-05-28 04:44:02,5,56,20.4,94,11.7,1026.9,0.3,1.0,14,3555.3,0
2023-05-28 04:49:02,5,56,20.4,94,11.8,1026.9,0.0,0.7,1,3555.3,0
2023-05-28 04:54:02,5,56,20.5,94,11.8,1026.9,0.0,0.7,14,3555.3,0
2023-05-28 04:59:02,5,56,20.5,94,11.8,1027.0,0.0,0.7,14,3555.3,0
2023-05-28 05:04:02,5,56,20.5,94,11.9,1027.0,0.3,1.0,0,3555.3,0
2023-05-28 05:09:02,5,56,20.5,93,12.0,1027.0,0.0,0.7,1,3555.3,0
2023-05-28 05:14:02,5,56,20.6,93,12.2,1026.9,0.3,1.0,14,3555.3,0
2023-05-28 05:19:02,5,56,20.6,92,12.6,1026.9,0.0,0.7,1,3555.3,0
2023-05-28 05:24:02,5,56,20.7,92,13.1,1026.8,0.0,0.7,14,3555.3,0
2023-05-28 05:29:02,5,56,20.9,90,13.3,1026.7,0.0,0.7,15,3555.3,0
2023-05-28 05:34:02,5,55,21.1,88,13.6,1026.5,0.3,1.7,13,3555.3,0
2023-05-28 05:39:02,5,55,21.3,87,13.9,1026.3,0.3,1.0,13,3555.3,0
2023-05-28 05:44:02,5,55,21.5,86,14.3,1026.1,0.3,0.7,3,3555.3,0
2023-05-28 05:49:02,5,54,21.7,84,15.2,1025.9,0.0,0.7,2,3555.3,0
2023-05-28 05:54:02,5,54,21.8,82,15.0,1025.8,0.0,0.7,14,3555.3,0
2023-05-28 05:59:02,5,53,22.0,82,15.2,1025.4,0.3,1.0,15,3555.3,0
2023-05-28 06:04:02,5,54,22.2,81,15.9,1025.2,0.0,0.0,15,3555.3,0
2023-05-28 06:09:02,5,53,22.4,81,15.8,1025.1,0.0,0.0,4,3555.3,0
2023-05-28 06:14:02,5,52,22.5,79,15.9,1025.0,0.7,1.7,15,3555.3,0
2023-05-28 06:19:02,5,51,22.6,80,15.3,1025.0,0.7,1.7,14,3555.3,0
2023-05-28 06:24:02,5,51,22.6,80,16.1,1024.9,0.3,0.7,15,3555.3,0
2023-05-28 06:29:02,5,50,22.7,80,15.9,1025.0,0.3,1.0,14,3555.3,0
2023-05-28 06:34:02,5,50,22.7,80,15.7,1025.0,0.7,1.7,1,3555.3,0
2023-05-28 06:39:02,5,50,22.9,80,16.0,1024.8,0.3,0.7,14,3555.3,0
2023-05-28 06:44:02,5,49,22.9,80,15.7,1024.9,0.3,0.7,1,3555.3,0
2023-05-28 06:49:02,5,49,22.9,79,16.1,1024.9,0.3,1.0,14,3555.3,0
2023-05-28 06:54:02,5,49,22.9,78,16.6,1024.9,0.3,1.0,12,3555.3,0
2023-05-28 06:59:02,5,49,22.8,78,16.7,1024.9,0.0,0.7,13,3555.3,0
2023-05-28 07:04:02,5,49,22.7,77,16.8,1025.2,0.7,1.7,4,3555.3,0
2023-05-28 07:09:02,5,49,22.6,76,17.5,1025.3,0.0,0.0,14,3555.3,0
2023-05-28 07:14:02,5,49,22.4,75,17.8,1025.4,0.3,1.0,15,3555.3,0
2023-05-28 07:19:02,5,49,22.3,76,17.4,1025.5,0.7,2.0,1,3555.3,0
2023-05-28 07:24:02,5,50,22.3,74,17.7,1025.4,0.7,2.0,4,3555.3,0
2023-05-28 07:29:02,5,50,22.3,74,17.6,1025.4,0.3,1.7,14,3555.3,0
2023-05-28 07:34:02,5,50,22.3,72,18.3,1025.5,0.3,1.0,3,3555.3,0
2023-05-28 07:39:02,5,50,22.3,72,18.2,1025.6,1.0,2.0,2,3555.3,0
2023-05-28 07:44:02,5,50,22.3,72,18.6,1025.6,0.7,1.7,15,3555.3,0
2023-05-28 07:49:02,5,50,22.3,72,19.0,1025.6,0.0,0.7,6,3555.3,0
2023-05-28 07:54:02,5,51,22.3,71,18.4,1025.6,0.3,1.7,0,3555.3,0
2023-05-28 07:59:02,5,51,22.3,72,18.5,1025.4,0.7,1.0,14,3555.3,0
2023-05-28 08:04:02,5,51,22.3,71,18.3,1025.5,0.3,1.0,15,3555.3,0
2023-05-28 08:09:02,5,51,22.3,69,19.5,1025.5,0.0,0.7,5,3555.3,0
2023-05-28 08:14:02,5,50,22.3,68,19.1,1025.6,0.7,1.7,3,3555.3,0
2023-05-28 08:19:02,5,50,22.3,68,19.4,1025.6,0.3,0.7,14,3555.3,0
2023-05-28 08:24:02,5,51,22.3,69,19.3,1025.7,0.7,1.0,14,3555.3,0
2023-05-28 08:29:02,5,51,22.3,70,19.3,1025.6,0.3,1.0,5,3555.3,0
2023-05-28 08:34:02,5,51,22.3,69,19.7,1025.6,0.3,0.7,2,3555.3,0
2023-05-28 08:39:02,5,51,22.3,69,19.5,1025.6,0.7,1.7,12,3555.3,0
2023-05-28 08:44:02,5,51,22.3,70,19.8,1025.5,0.7,1.0,0,3555.3,0
2023-05-28 08:49:02,5,51,22.3,66,19.9,1025.5,1.0,3.1,14,3555.3,0
2023-05-28 08:54:02,5,51,22.3,66,20.2,1025.5,0.3,1.0,7,3555.3,0
2023-05-28 08:59:02,5,51,22.3,64,20.6,1025.5,1.0,2.0,9,3555.3,0
2023-05-28 09:04:02,5,51,22.3,64,20.5,1025.5,0.3,1.0,13,3555.3,0
2023-05-28 09:09:02,5,51,22.3,66,19.9,1025.4,0.7,2.0,2,3555.3,0
2023-05-28 09:14:02,5,51,22.3,64,21.0,1025.4,1.0,2.0,3,3555.3,0
2023-05-28 09:19:02,5,51,22.3,60,21.4,1025.3,0.3,1.0,1,3555.3,0
2023-05-28 09:24:02,5,51,22.3,63,20.8,1025.3,0.3,1.0,5,3555.3,0
2023-05-28 09:29:02,5,51,22.3,61,21.0,1025.4,0.7,1.7,13,3555.3,0
2023-05-28 09:34:02,5,51,22.3,61,21.1,1025.4,1.0,2.0,1,3555.3,0
2023-05-28 09:39:02,5,51,22.3,60,21.2,1025.4,0.7,1.7,14,3555.3,0
2023-05-28 09:44:02,5,51,22.4,61,20.7,1025.3,1.0,2.7,1,3555.3,0
2023-05-28 09:49:02,5,52,22.3,61,20.8,1025.3,1.0,1.7,15,3555.3,0
2023-05-28 09:54:02,5,52,22.4,58,21.7,1025.2,0.7,2.0,10,3555.3,0
2023-05-28 09:59:02,5,52,22.5,58,22.6,1025.3,0.3,0.7,5,3555.3,0
2023-05-28 10:04:02,5,52,22.5,58,22.1,1025.1,1.4,3.1,10,3555.3,0
2023-05-28 10:09:02,5,52,22.5,60,21.5,1025.2,0.3,1.0,10,3555.3,0
2023-05-28 10:14:02,5,52,22.5,59,22.0,1025.1,0.7,1.7,11,3555.3,0
2023-05-28 10:19:02,5,52,22.5,58,22.3,1025.3,0.7,1.7,13,3555.3,0
2023-05-28 10:24:02,5,52,22.5,56,21.9,1025.2,1.0,2.7,14,3555.3,0
2023-05-28 10:29:02,5,52,22.5,58,21.4,1025.2,0.7,1.7,14,3555.3,0
2023-05-28 10:34:02,5,52,22.5,60,20.9,1025.3,1.0,2.0,1,3555.3,0
2023-05-28 10:39:02,5,52,22.5,62,20.6,1025.2,0.7,1.7,5,3555.3,0
2023-05-28 10:44:02,5,52,22.5,63,20.6,1025.3,0.7,2.0,14,3555.3,0
2023-05-28 10:49:02,5,52,22.5,62,20.7,1025.3,1.0,2.7,13,3555.3,0
2023-05-28 10:54:02,5,52,22.5,61,20.5,1025.3,1.4,3.1,3,3555.3,0
2023-05-28 10:59:02,5,51,22.5,60,21.2,1025.3,1.0,1.7,3,3555.3,0
2023-05-28 11:04:02,5,50,22.5,60,21.5,1025.3,0.7,2.0,2,3555.3,0
2023-05-28 11:09:02,5,50,22.5,60,21.4,1025.2,0.7,1.7,13,3555.3,0
2023-05-28 11:14:02,5,49,22.5,60,21.6,1025.2,1.0,2.7,13,3555.3,0
2023-05-28 11:19:02,5,49,22.5,61,21.5,1025.2,0.3,1.7,0,3555.3,0
2023-05-28 11:24:02,5,49,22.6,62,21.8,1025.1,0.0,0.0,14,3555.3,0
2023-05-28 11:29:02,5,50,22.6,57,22.6,1025.0,0.7,1.7,3,3555.3,0
2023-05-28 11:34:02,5,49,22.6,57,22.3,1025.1,0.7,1.0,14,3555.3,0
2023-05-28 11:39:02,5,49,22.6,57,21.9,1025.0,0.7,1.7,1,3555.3,0
2023-05-28 11:44:02,5,49,22.7,56,22.3,1025.0,1.0,2.0,13,3555.3,0
2023-05-28 11:49:02,5,49,22.7,55,22.5,1024.9,1.0,1.7,2,3555.3,0
2023-05-28 11:54:02,5,49,22.7,57,22.7,1024.9,0.7,2.0,6,3555.3,0
2023-05-28 11:59:02,5,49,22.7,61,22.1,1024.9,0.3,1.0,4,3555.3,0
2023-05-28 12:04:02,5,49,22.7,61,22.2,1024.9,0.7,1.7,0,3555.3,0
2023-05-28 12:09:02,5,49,22.8,62,22.1,1024.9,0.7,2.0,14,3555.3,0
2023-05-28 12:14:02,5,49,22.8,62,21.8,1024.8,1.0,2.7,14,3555.3,0
2023-05-28 12:19:02,5,50,22.8,59,22.9,1024.9,0.7,1.7,13,3555.3,0
2023-05-28 12:24:02,5,50,22.9,59,22.8,1024.7,0.7,1.0,2,3555.3,0
2023-05-28 12:29:02,5,50,22.9,60,22.0,1024.7,0.7,1.7,14,3555.3,0
2023-05-28 12:34:02,5,50,22.9,61,21.9,1024.6,1.0,2.0,4,3555.3,0
2023-05-28 12:39:02,5,50,22.9,61,21.7,1024.6,1.0,1.7,0,3555.3,0
2023-05-28 12:44:02,5,51,23.0,61,21.9,1024.7,1.0,2.7,12,3555.3,0
2023-05-28 12:49:02,5,51,23.0,60,22.3,1024.5,1.0,2.0,13,3555.3,0
2023-05-28 12:54:02,5,51,23.0,60,22.8,1024.6,1.0,2.0,0,3555.3,0
2023-05-28 12:59:02,5,51,23.0,57,23.1,1024.3,1.4,2.0,14,3555.3,0
2023-05-28 13:04:02,5,51,23.0,59,22.9,1024.3,0.7,2.0,0,3555.3,0
2023-05-28 13:09:02,5,52,23.1,57,23.2,1024.3,1.0,2.0,5,3555.3,0
2023-05-28 13:14:02,5,52,23.1,58,23.0,1024.3,0.7,1.7,13,3555.3,0
2023-05-28 13:19:02,5,52,23.1,59,22.4,1024.2,1.7,2.7,15,3555.3,0
2023-05-28 13:24:02,5,52,23.1,58,22.6,1024.2,1.0,2.0,13,3555.3,0
2023-05-28 13:29:02,5,52,23.1,59,22.4,1024.1,1.0,2.7,2,3555.3,0
2023-05-28 13:34:02,5,52,23.1,58,22.3,1024.1,1.4,3.7,15,3555.3,0
2023-05-28 13:39:02,5,52,23.2,58,22.6,1024.1,1.0,2.7,15,3555.3,0
2023-05-28 13:44:02,5,52,23.1,56,23.1,1024.2,1.0,2.0,4,3555.3,0
2023-05-28 13:49:02,5,52,23.2,57,23.0,1024.1,0.7,2.0,12,3555.3,0
2023-05-28 13:54:02,5,52,23.2,57,22.8,1024.1,0.3,1.0,14,3555.3,0
2023-05-28 13:59:02,5,52,23.2,56,23.0,1024.0,1.0,1.7,12,3555.3,0
2023-05-28 14:04:02,5,52,23.3,55,22.9,1023.9,1.0,2.0,10,3555.3,0
2023-05-28 14:09:02,5,52,23.3,55,22.7,1023.9,1.0,2.7,10,3555.3,0
2023-05-28 14:14:02,5,52,23.3,56,22.4,1024.0,1.0,2.0,6,3555.3,0
2023-05-28 14:19:02,5,52,23.3,55,22.6,1024.0,1.7,4.8,14,3555.3,0
2023-05-28 14:24:02,5,52,23.3,54,22.6,1023.9,1.4,2.7,4,3555.3,0
2023-05-28 14:29:02,5,51,23.4,52,23.4,1023.8,0.7,1.7,11,3555.3,0
2023-05-28 14:34:02,5,51,23.4,53,22.8,1023.9,0.7,1.7,14,3555.3,0
2023-05-28 14:39:02,5,51,23.4,53,22.1,1023.8,1.0,1.7,7,3555.3,0
2023-05-28 14:44:02,5,51,23.4,52,22.1,1023.8,1.0,2.0,4,3555.3,0
2023-05-28 14:49:02,5,51,23.4,51,22.5,1023.8,1.0,2.0,12,3555.3,0
2023-05-28 14:54:02,5,50,23.4,51,22.7,1023.9,0.7,1.0,14,3555.3,0
2023-05-28 14:59:02,5,50,23.4,50,22.5,1023.9,0.7,1.7,0,3555.3,0
2023-05-28 15:04:02,5,50,23.5,50,22.3,1023.9,1.0,1.7,14,3555.3,0
2023-05-28 15:09:02,5,50,23.6,50,22.0,1023.6,1.0,3.7,4,3555.3,0
2023-05-28 15:14:02,5,49,23.6,50,22.1,1023.7,0.3,1.0,4,3555.3,0
2023-05-28 15:19:02,5,49,23.6,49,21.7,1023.7,1.4,3.1,13,3555.3,0
2023-05-28 15:24:02,5,49,23.6,50,22.0,1023.6,0.7,1.7,14,3555.3,0
2023-05-28 15:29:02,5,48,23.6,50,21.9,1023.5,1.4,4.1,12,3555.3,0
2023-05-28 15:34:02,5,48,23.6,50,21.9,1023.5,0.3,1.0,12,3555.3,0
2023-05-28 15:39:02,5,48,23.7,50,22.1,1023.4,1.0,3.1,6,3555.3,0
2023-05-28 15:44:02,5,48,23.7,51,22.0,1023.4,1.0,2.0,4,3555.3,0
2023-05-28 15:49:02,5,48,23.7,52,21.3,1023.4,1.7,3.7,13,3555.3,0
2023-05-28 15:54:02,5,47,23.8,52,21.2,1023.3,1.0,2.0,14,3555.3,0
2023-05-28 15:59:02,5,47,23.8,53,21.6,1023.3,1.0,2.0,14,3555.3,0
2023-05-28 16:04:02,5,47,23.8,53,21.4,1023.3,1.0,2.7,3,3555.3,0
2023-05-28 16:09:02,5,47,23.8,54,21.1,1023.2,1.0,2.7,5,3555.3,0
2023-05-28 16:14:02,5,47,23.9,57,20.8,1023.2,1.0,1.7,12,3555.3,0
2023-05-28 16:19:02,5,47,23.9,59,20.4,1023.2,1.4,2.7,5,3555.3,0
2023-05-28 16:24:02,5,47,23.9,58,20.6,1023.2,1.0,2.0,15,3555.3,0
2023-05-28 16:29:02,5,46,24.0,60,20.2,1023.1,1.4,3.7,11,3555.3,0
2023-05-28 16:34:02,5,46,24.0,60,20.1,1023.1,1.0,2.0,4,3555.3,0
2023-05-28 16:39:02,5,46,24.0,61,19.9,1023.2,2.4,4.1,14,3555.3,0
2023-05-28 16:44:02,5,45,24.0,62,19.9,1023.2,0.7,1.0,15,3555.3,0
2023-05-28 16:49:02,5,45,24.0,62,19.8,1023.1,1.7,4.1,2,3555.3,0
2023-05-28 16:54:02,5,45,24.0,63,19.4,1023.2,0.7,1.7,3,3555.3,0
2023-05-28 16:59:02,5,45,24.0,63,19.3,1023.1,1.0,2.7,13,3555.3,0
2023-05-28 17:04:02,5,45,24.0,63,19.3,1023.4,1.0,1.7,11,3555.3,0
2023-05-28 17:09:02,5,46,23.9,64,19.0,1023.5,1.4,3.1,12,3555.3,0
2023-05-28 17:14:02,5,46,23.9,64,19.0,1023.6,1.4,3.7,13,3555.3,0
2023-05-28 17:19:02,5,45,23.9,65,18.9,1023.6,0.7,2.0,13,3555.3,0
2023-05-28 17:24:02,5,45,23.8,64,19.0,1023.7,0.0,0.7,12,3555.3,0
2023-05-28 17:29:02,5,45,23.8,65,18.9,1023.6,1.0,2.0,15,3555.3,0
2023-05-28 17:34:02,5,45,23.8,66,18.6,1023.8,1.7,4.1,13,3555.3,0
2023-05-28 17:39:02,5,45,23.7,66,18.4,1024.0,1.0,2.7,1,3555.3,0
2023-05-28 17:44:02,5,45,23.7,67,18.1,1024.0,1.0,2.7,0,3555.3,0
2023-05-28 17:49:02,5,46,23.7,68,18.2,1023.9,0.3,1.0,3,3555.3,0
2023-05-28 17:54:02,5,46,23.6,68,18.1,1024.2,0.7,2.0,13,3555.3,0
2023-05-28 17:59:01,5,46,23.6,69,17.9,1024.1,1.0,2.7,9,3555.3,0
2023-05-28 18:04:01,5,47,23.6,69,17.6,1024.1,2.0,4.1,15,3555.3,0
2023-05-28 18:09:01,5,47,23.6,70,17.6,1024.4,1.0,1.7,13,3555.3,0
2023-05-28 18:14:01,5,49,23.5,71,17.5,1024.3,0.3,1.7,2,3555.3,0
2023-05-28 18:19:01,5,50,23.4,72,17.4,1024.4,0.7,1.7,1,3555.3,0
2023-05-28 18:24:01,5,52,23.4,73,17.2,1024.3,1.0,2.0,4,3555.3,0
2023-05-28 18:29:01,5,52,23.4,73,17.1,1024.5,1.4,3.7,14,3555.3,0
2023-05-28 18:34:01,5,51,23.4,75,16.7,1024.6,1.0,2.0,1,3555.3,0
2023-05-28 18:39:01,5,51,23.3,76,16.6,1024.8,0.7,1.0,14,3555.3,0
2023-05-28 18:44:01,5,51,23.3,77,16.5,1024.9,0.7,2.0,14,3555.3,0
2023-05-28 18:49:01,5,51,23.2,78,16.4,1025.0,0.7,1.7,3,3555.3,0
2023-05-28 18:54:01,5,51,23.1,79,16.3,1025.2,1.0,2.0,3,3555.3,0
2023-05-28 18:59:01,5,52,23.1,80,16.1,1025.2,1.0,2.0,6,3555.3,0
2023-05-28 19:04:01,5,52,23.1,80,16.1,1025.3,1.7,4.1,4,3555.3,0
2023-05-28 19:09:01,5,52,23.0,80,15.9,1025.2,1.0,2.0,5,3555.3,0
2023-05-28 19:14:01,5,52,23.0,80,15.8,1025.4,1.4,2.0,1,3555.3,0
2023-05-28 19:19:01,5,52,23.0,81,15.6,1025.5,0.3,1.0,15,3555.3,0
2023-05-28 19:24:01,5,52,23.0,81,15.6,1025.6,1.4,2.7,1,3555.3,0
2023-05-28 19:29:01,5,52,22.9,82,15.3,1025.7,1.7,3.7,2,3555.3,0
2023-05-28 19:34:01,5,52,22.9,82,15.3,1025.9,0.7,1.0,11,3555.3,0
2023-05-28 19:39:01,5,52,22.9,83,15.1,1025.9,1.0,1.7,1,3555.3,0
2023-05-28 19:44:01,5,52,22.8,83,15.0,1026.0,1.0,2.0,14,3555.3,0
2023-05-28 19:49:01,5,51,22.7,83,14.9,1026.1,1.0,3.7,13,3555.3,0
2023-05-28 19:54:01,5,51,22.7,84,14.8,1026.0,1.0,1.7,4,3555.3,0
2023-05-28 19:59:01,5,51,22.7,84,14.7,1026.1,1.0,1.7,15,3555.3,0
2023-05-28 20:04:01,5,51,22.7,85,14.6,1026.1,0.7,1.0,15,3555.3,0
2023-05-28 20:09:01,5,51,22.7,85,14.5,1026.3,1.4,3.1,9,3555.3,0
2023-05-28 20:14:01,5,51,22.7,86,14.5,1026.3,1.0,2.0,2,3555.3,0
2023-05-28 20:19:01,5,51,22.7,86,14.4,1026.3,1.0,2.0,0,3555.3,0
2023-05-28 20:24:01,5,51,22.7,86,14.3,1026.4,1.4,3.1,8,3555.3,0
2023-05-28 20:29:01,5,51,22.6,86,14.2,1026.4,0.3,1.0,10,3555.3,0
2023-05-28 20:34:01,5,51,22.6,87,14.1,1026.5,0.7,1.7,0,3555.3,0
2023-05-28 20:39:01,5,51,22.6,87,14.0,1026.4,1.7,3.7,12,3555.3,0
2023-05-28 20:44:01,5,51,22.6,87,14.0,1026.5,0.7,2.0,13,3555.3,0
2023-05-28 20:49:01,5,51,22.6,87,13.9,1026.7,1.7,3.1,14,3555.3,0
2023-05-28 20:54:01,5,51,22.6,87,13.8,1026.7,1.0,3.7,15,3555.3,0
2023-05-28 20:59:01,5,51,22.6,87,13.7,1026.6,0.7,1.0,6,3555.3,0
2023-05-28 21:04:01,5,51,22.5,87,13.7,1026.7,1.0,2.0,13,3555.3,0
2023-05-28 21:09:01,5,51,22.5,87,13.7,1026.8,1.0,2.0,15,3555.3,0
2023-05-28 21:14:01,5,51,22.5,87,13.6,1026.7,1.4,3.1,14,3555.3,0
2023-05-28 21:19:01,5,51,22.5,87,13.6,1026.9,1.0,2.7,15,3555.3,0
2023-05-28 21:24:01,5,51,22.5,87,13.5,1026.9,1.0,2.7,11,3555.3,0
2023-05-28 21:29:01,5,51,22.3,87,13.4,1026.9,0.7,3.1,2,3555.3,0
2023-05-28 21:34:01,5,51,22.3,88,13.3,1027.0,0.7,1.0,7,3555.3,0
2023-05-28 21:39:01,5,51,22.3,88,13.3,1026.9,0.0,0.7,5,3555.3,0
2023-05-28 21:44:01,5,51,22.3,88,13.2,1027.1,0.3,0.7,0,3555.3,0
2023-05-28 21:49:01,5,51,22.3,88,13.2,1027.0,0.7,2.0,13,3555.3,0
2023-05-28 21:54:01,5,51,22.3,87,13.2,1027.0,0.3,1.0,1,3555.3,0
2023-05-28 21:59:01,5,50,22.2,87,13.1,1027.2,1.0,2.0,1,3555.3,0
2023-05-28 22:04:01,5,50,22.2,87,13.1,1027.2,0.7,1.7,0,3555.3,0
2023-05-28 22:09:01,5,50,22.2,87,13.0,1027.4,0.3,1.0,12,3555.3,0
2023-05-28 22:14:01,5,50,22.2,87,13.0,1027.3,0.0,0.0,12,3555.3,0
2023-05-28 22:19:01,5,50,22.2,86,12.9,1027.3,0.7,2.0,3,3555.3,0
2023-05-28 22:24:01,5,50,22.1,86,12.9,1027.3,0.3,1.0,5,3555.3,0
2023-05-28 22:29:01,5,50,22.1,85,12.8,1027.5,0.3,1.7,6,3555.3,0
2023-05-28 22:34:01,5,50,22.1,85,12.7,1027.7,0.7,5.1,13,3555.3,0
2023-05-28 22:39:01,5,50,22.0,84,12.7,1027.7,0.7,1.7,15,3555.3,0
2023-05-28 22:44:01,5,51,21.9,83,12.7,1027.7,0.7,2.0,2,3555.3,0
2023-05-28 22:49:01,5,50,21.9,84,12.6,1027.7,0.3,1.0,0,3555.3,0
2023-05-28 22:54:01,5,50,21.9,84,12.5,1027.9,1.0,3.1,0,3555.3,0
2023-05-28 22:59:01,5,50,21.8,85,12.5,1028.0,0.3,1.0,15,3555.3,0
2023-05-28 23:04:01,5,50,21.7,85,12.4,1028.0,0.3,1.0,2,3555.3,0
2023-05-28 23:09:01,5,50,21.7,86,12.2,1028.2,0.7,1.7,6,3555.3,0
2023-05-28 23:14:01,5,50,21.7,84,12.1,1028.1,1.4,3.1,12,3555.3,0
2023-05-28 23:19:01,5,50,21.6,83,12.0,1028.2,1.0,2.0,4,3555.3,0
2023-05-28 23:24:01,5,50,21.5,82,12.0,1028.4,0.7,1.7,15,3555.3,0
2023-05-28 23:29:01,5,50,21.5,83,12.0,1028.4,0,0.7,3,3555.3,0
2023-05-28 23:34:01,5,50,21.5,83,11.9,1028.6,0.7,1.0,0,3555.3,0
2023-05-28 23:39:01,5,50,21.4,83,11.9,1028.7,0.7,2.0,10,3555.3,0
2023-05-28 23:44:01,5,50,21.3,83,11.8,1028.7,0.3,1.0,3,3555.3,0
2023-05-28 23:49:01,5,50,21.3,83,11.8,1028.7,0,0.7,9,3555.3,0
2023-05-28 23:54:01,5,50,21.3,83,11.8,1028.8,0.7,1.0,4,3555.3,0
2023-05-28 23:59:01,5,50,21.2,83,11.7,1028.8,0.3,1.7,13,3555.3,0
