2023-03-12 00:03:01,5,60,16.3,77,3.3,1019.5,0.0,0.0,11,3337.8,0
2023-03-12 00:08:01,5,60,16.3,77,3.4,1019.5,0.0,0.7,10,3337.8,0
2023-03-12 00:13:01,5,60,16.2,76,3.5,1019.5,0.3,0.7,12,3337.8,0
2023-03-12 00:18:01,5,60,16.2,77,3.4,1019.4,0.3,0.7,11,3337.8,0
2023-03-12 00:23:01,5,60,16.2,76,3.4,1019.4,0.3,0.7,12,3337.8,0
2023-03-12 00:28:01,5,60,16.2,76,3.4,1019.3,0.0,0.0,11,3337.8,0
2023-03-12 00:33:01,5,60,16.1,76,3.4,1019.3,0.0,0.0,10,3337.8,0
2023-03-12 00:38:01,5,60,16.1,76,3.4,1019.3,0.0,0.0,8,3337.8,0
2023-03-12 00:43:01,5,60,16.1,76,3.4,1019.4,0.0,0.7,11,3337.8,0
2023-03-12 00:48:01,5,60,16.1,76,3.4,1019.3,0.0,0.0,11,3337.8,0
2023-03-12 00:53:01,5,60,16.0,77,3.4,1019.2,0.0,0.0,11,3337.8,0
2023-03-12 00:58:01,5,60,16.0,76,3.4,1019.3,0.3,1.0,11,3337.8,0
2023-03-12 01:03:01,5,60,16.0,76,3.5,1019.2,0.3,1.0,11,3337.8,0
2023-03-12 01:08:01,5,60,16.0,76,3.4,1019.3,0.3,1.0,7,3337.8,0
2023-03-12 01:13:01,5,61,15.9,76,3.4,1019.2,0.3,1.0,6,3337.8,0
2023-03-12 01:18:01,5,61,15.9,76,3.5,1019.1,0.0,0.0,13,3337.8,0
2023-03-12 01:23:00,5,61,15.9,76,3.4,1019.1,0.0,0.0,12,3337.8,0
2023-03-12 01:28:00,5,61,15.8,76,3.4,1019.1,0.3,0.7,12,3337.8,0
2023-03-12 01:33:00,5,61,15.8,76,3.4,1019.2,0.0,0.7,5,3337.8,0
2023-03-12 01:38:00,5,61,15.8,76,3.4,1019.1,0.0,0.0,12,3337.8,0
2023-03-12 01:43:00,5,61,15.8,76,3.5,1019.2,0.0,0.0,12,3337.8,0
2023-03-12 01:48:00,5,61,15.8,76,3.5,1019.0,0.0,0.0,12,3337.8,0
2023-03-12 01:53:00,5,61,15.7,76,3.5,1018.9,0.0,0.0,12,3337.8,0
2023-03-12 01:58:00,5,61,15.7,75,3.5,1018.8,0.0,0.0,12,3337.8,0
2023-03-12 02:03:00,5,61,15.7,75,3.6,1018.8,0.0,0.7,11,3337.8,0
2023-03-12 02:08:00,5,61,15.7,75,3.6,1018.9,0.7,1.7,9,3337.8,0
2023-03-12 02:13:00,5,61,15.6,76,3.6,1018.7,0.0,0.7,8,3337.8,0
2023-03-12 02:18:00,5,61,15.6,76,3.6,1018.7,0.0,0.7,5,3337.8,0
2023-03-12 02:23:00,5,61,15.6,76,3.6,1018.6,0.0,0.0,12,3337.8,0
2023-03-12 02:28:00,5,61,15.6,77,3.5,1018.6,0.0,0.7,6,3337.8,0
2023-03-12 02:33:00,5,61,15.6,77,3.5,1018.5,0.0,0.0,6,3337.8,0
2023-03-12 02:38:00,5,61,15.6,77,3.5,1018.4,0.0,0.0,12,3337.8,0
2023-03-12 02:43:00,5,61,15.6,78,3.5,1018.5,0.0,0.0,5,3337.8,0
2023-03-12 02:48:00,5,61,15.6,77,3.5,1018.5,0.3,1.0,6,3337.8,0
2023-03-12 02:53:00,5,60,15.5,77,3.6,1018.6,0.0,0.7,11,3337.8,0
2023-03-12 02:58:00,5,60,15.5,77,3.6,1018.5,0.3,1.0,14,3337.8,0
2023-03-12 03:03:00,5,60,15.5,77,3.6,1018.6,0.0,0.7,13,3337.8,0
2023-03-12 03:08:00,5,60,15.3,78,3.6,1018.7,0.0,0.7,10,3337.8,0
2023-03-12 03:13:00,5,60,15.3,80,3.5,1018.5,0.0,0.0,9,3337.8,0
2023-03-12 03:18:00,5,60,15.2,80,3.4,1018.4,0.0,0.7,11,3337.8,0
2023-03-12 03:23:00,5,60,15.2,81,3.5,1018.3,0.0,0.0,13,3337.8,0
2023-03-12 03:28:00,5,60,15.2,81,3.5,1018.2,0.0,0.7,6,3337.8,0
2023-03-12 03:33:00,5,60,15.2,81,3.4,1018.0,0.3,1.0,3,3337.8,0
2023-03-12 03:38:00,5,60,15.1,82,3.5,1018.0,0.0,0.7,12,3337.8,0
2023-03-12 03:43:00,5,60,15.1,82,3.4,1018.0,0.0,1.0,11,3337.8,0
2023-03-12 03:48:00,5,60,15.0,82,3.4,1018.0,0.7,1.7,10,3337.8,0
2023-03-12 03:53:00,5,60,15.0,83,3.5,1017.9,0.3,1.0,1,3337.8,0
2023-03-12 03:58:00,5,60,15.0,83,3.5,1018.0,0.3,0.7,9,3337.8,0
2023-03-12 04:03:00,5,61,14.9,83,3.4,1017.9,0.7,1.7,11,3337.8,0
2023-03-12 04:08:00,5,61,14.9,83,3.5,1018.0,0.0,1.0,7,3337.8,0
2023-03-12 04:13:00,5,61,14.9,83,3.5,1018.0,1.4,2.0,10,3337.8,0
2023-03-12 04:18:00,5,61,14.9,84,3.5,1018.0,1.0,1.7,12,3337.8,0
2023-03-12 04:23:00,5,61,14.9,86,3.4,1018.0,0.7,1.0,14,3337.8,0
2023-03-12 04:28:00,5,61,14.9,87,3.4,1018.1,0.7,1.0,0,3337.8,0
2023-03-12 04:33:00,5,61,14.9,89,3.2,1017.8,1.0,2.0,8,3337.8,0
2023-03-12 04:38:00,5,61,14.9,90,3.1,1017.7,0.7,1.7,4,3337.8,0
2023-03-12 04:43:00,5,61,14.9,91,3.0,1017.5,0.3,1.0,5,3337.8,0
2023-03-12 04:48:00,5,61,14.9,91,2.9,1017.5,0.3,0.7,5,3337.8,0
2023-03-12 04:53:00,5,61,14.9,92,2.9,1017.3,0.7,1.7,5,3337.8,0
2023-03-12 04:58:00,5,61,14.9,92,2.9,1017.3,0.3,1.0,9,3337.8,0
2023-03-12 05:03:00,5,61,14.4,92,2.9,1017.3,0.7,1.0,15,3337.8,0
2023-03-12 05:08:00,5,61,14.9,93,2.9,1017.2,0.7,1.7,13,3337.8,0
2023-03-12 05:13:00,5,61,14.9,93,2.9,1017.2,0.7,1.0,9,3337.8,0
2023-03-12 05:18:00,5,62,14.9,93,2.9,1017.3,0.3,0.7,5,3338.1,0
2023-03-12 05:23:00,5,61,14.9,93,3.0,1017.3,0.3,0.7,10,3338.1,0
2023-03-12 05:28:00,5,61,14.9,93,3.0,1017.3,0.7,1.7,0,3338.1,0
2023-03-12 05:33:00,5,61,14.9,93,3.0,1017.3,0.7,1.7,5,3338.1,0
2023-03-12 05:38:00,5,61,14.9,94,3.1,1017.3,0.3,1.0,11,3338.1,0
2023-03-12 05:43:00,5,61,14.4,94,3.1,1017.5,0.3,1.0,10,3338.1,0
2023-03-12 05:48:00,5,61,14.4,94,3.2,1017.5,0.7,1.0,12,3338.1,0
2023-03-12 05:53:00,5,62,14.9,94,3.2,1017.4,0.7,1.7,7,3338.1,0
2023-03-12 05:58:00,5,61,14.9,94,3.2,1017.3,0.3,1.0,12,3338.1,0
2023-03-12 06:03:00,5,61,14.9,94,3.2,1017.3,0.7,1.0,10,3338.1,0
2023-03-12 06:08:00,5,61,14.9,94,3.2,1017.2,0.3,1.7,14,3338.1,0
2023-03-12 06:13:00,5,61,14.9,95,3.3,1017.2,0.7,1.7,13,3338.1,0
2023-03-12 06:18:00,5,61,14.9,95,3.3,1017.2,0.7,1.0,9,3338.1,0
2023-03-12 06:23:00,5,61,14.9,95,3.3,1016.9,0.3,1.0,9,3338.1,0
2023-03-12 06:28:00,5,61,14.9,95,3.3,1017.0,0.3,1.0,1,3338.1,0
2023-03-12 06:33:00,5,61,14.9,95,3.2,1016.9,0.7,1.0,11,3338.1,0
2023-03-12 06:38:00,5,61,14.9,96,3.3,1016.9,0.3,0.7,12,3338.1,0
2023-03-12 06:43:00,5,61,14.9,96,3.3,1016.8,0.3,0.7,12,3338.1,0
2023-03-12 06:48:00,5,62,14.9,96,3.3,1016.8,0.3,1.0,9,3338.1,0
2023-03-12 06:53:00,5,62,14.9,96,3.3,1016.9,0.3,1.0,8,3338.1,0
2023-03-12 06:58:00,5,61,14.9,96,3.4,1016.7,0.3,1.0,12,3338.1,0
2023-03-12 07:03:00,5,61,14.9,96,3.4,1016.8,0.3,0.7,9,3338.1,0
2023-03-12 07:08:00,5,61,14.9,96,3.4,1016.7,0.0,0.7,13,3338.1,0
2023-03-12 07:13:00,5,61,14.9,96,3.5,1016.9,0.0,0.7,10,3338.1,0
2023-03-12 07:18:00,5,61,14.9,96,3.6,1016.7,0.3,1.0,11,3338.1,0
2023-03-12 07:23:00,5,61,14.9,97,3.7,1016.8,0.7,1.7,10,3338.1,0
2023-03-12 07:28:00,5,61,14.9,97,3.8,1016.8,0.7,1.7,13,3338.1,0
2023-03-12 07:33:00,5,61,14.9,97,3.8,1016.8,0.7,1.7,10,3338.1,0
2023-03-12 07:38:00,5,61,14.9,97,3.9,1016.7,0.3,1.0,6,3338.1,0
2023-03-12 07:43:00,5,61,14.9,97,3.9,1016.9,0.7,1.0,13,3338.1,0
2023-03-12 07:48:00,5,61,14.9,97,4.1,1016.8,0.7,1.7,9,3338.1,0
2023-03-12 07:53:00,5,61,14.9,97,4.1,1016.7,0.7,1.7,9,3338.1,0
2023-03-12 07:58:00,5,61,14.9,97,4.2,1016.9,0.0,0.7,11,3338.1,0
2023-03-12 08:03:00,5,61,14.9,97,4.4,1016.8,0.3,0.7,8,3338.1,0
2023-03-12 08:08:00,5,61,14.9,97,4.6,1016.8,1.0,2.0,6,3338.1,0
2023-03-12 08:13:00,5,61,14.9,97,5.0,1016.7,1.0,2.0,11,3338.1,0
2023-03-12 08:18:00,5,61,14.9,97,5.3,1016.7,0.7,1.7,11,3338.4,0
2023-03-12 08:23:00,5,61,14.9,97,5.4,1016.8,0.7,1.7,5,3338.4,0
2023-03-12 08:28:00,5,61,14.9,98,5.7,1016.8,1.7,3.7,5,3338.4,0
2023-03-12 08:33:00,5,60,15.0,98,5.8,1017.1,1.0,1.7,8,3338.4,0
2023-03-12 08:38:00,5,60,15.0,98,5.9,1017.1,1.4,2.0,8,3338.4,0
2023-03-12 08:43:00,5,60,15.0,98,6.1,1017.2,1.4,2.0,8,3338.4,0
2023-03-12 08:48:00,5,61,15.0,98,6.2,1017.2,0.7,2.7,3,3338.4,0
2023-03-12 08:53:00,5,62,15.1,98,6.5,1017.1,1.0,2.0,6,3338.4,0
2023-03-12 08:58:00,5,62,15.2,98,6.7,1016.9,0.7,2.0,5,3338.4,0
2023-03-12 09:03:00,5,63,15.5,98,6.8,1016.8,0.7,1.7,10,3338.4,0
2023-03-12 09:08:00,5,63,15.7,98,6.9,1016.5,1.0,2.0,7,3338.4,0
2023-03-12 09:13:00,5,62,16.0,98,7.1,1016.3,0.7,1.7,8,3338.4,0
2023-03-12 09:18:00,5,61,16.3,98,7.1,1016.1,1.0,1.7,9,3338.4,0
2023-03-12 09:23:00,5,61,16.5,98,7.3,1015.9,0.3,0.7,12,3338.4,0
2023-03-12 09:28:00,5,60,16.7,98,7.4,1015.7,0.7,1.7,6,3338.4,0
2023-03-12 09:33:00,5,60,16.9,98,7.5,1015.5,0.3,1.0,14,3338.4,0
2023-03-12 09:38:00,5,57,17.0,98,7.8,1015.4,0.7,1.7,6,3338.7,0
2023-03-12 09:43:00,5,56,17.1,98,8.0,1015.3,1.0,1.7,6,3338.7,0
2023-03-12 09:48:00,5,56,17.1,98,8.2,1015.3,0.7,1.7,12,3338.7,0
2023-03-12 09:53:00,5,56,17.1,98,8.3,1015.3,0.3,1.0,6,3338.7,0
2023-03-12 09:58:00,5,56,17.1,98,8.4,1015.4,0.7,1.7,11,3338.7,0
2023-03-12 10:03:00,5,56,17.1,98,8.5,1015.3,1.0,2.0,7,3338.7,0
2023-03-12 10:08:00,5,56,17.1,98,8.6,1015.2,0.7,1.7,12,3338.7,0
2023-03-12 10:13:00,5,56,17.1,98,8.7,1015.2,1.0,3.1,8,3338.7,0
2023-03-12 10:18:00,5,57,17.1,98,8.7,1015.4,1.4,3.1,9,3338.7,0
2023-03-12 10:23:00,5,56,17.1,98,8.6,1015.5,0.7,1.7,5,3338.7,0
2023-03-12 10:28:00,5,57,17.0,97,8.6,1015.3,1.4,2.7,7,3338.7,0
2023-03-12 10:33:00,5,57,17.0,97,8.7,1015.3,1.4,2.7,9,3338.7,0
2023-03-12 10:38:00,5,57,17.0,97,8.7,1015.3,1.0,1.7,8,3338.7,0
2023-03-12 10:43:00,5,57,17.0,97,8.7,1015.4,1.4,2.7,10,3338.7,0
2023-03-12 10:48:00,5,57,17.0,97,8.8,1015.5,1.0,2.0,9,3338.7,0
2023-03-12 10:53:00,5,57,17.0,97,8.9,1015.4,1.0,2.7,9,3338.7,0
2023-03-12 10:58:00,5,57,17.0,97,9.0,1015.3,1.4,2.7,6,3338.7,0
2023-03-12 11:03:00,5,57,17.1,96,9.2,1015.4,0.3,1.0,13,3338.7,0
2023-03-12 11:08:00,5,57,17.2,96,9.1,1015.5,1.7,3.1,7,3338.7,0
2023-03-12 11:13:00,5,57,17.3,95,9.3,1015.5,1.4,2.7,5,3338.7,0
2023-03-12 11:18:00,5,57,17.4,94,9.3,1015.6,1.0,1.7,8,3338.7,0
2023-03-12 11:23:00,5,58,17.5,94,9.3,1015.4,1.0,1.7,4,3338.7,0
2023-03-12 11:28:00,5,59,17.7,93,9.5,1015.3,0.3,1.0,9,3338.7,0
2023-03-12 11:33:00,5,59,18.0,93,9.5,1014.9,2.0,4.1,6,3338.7,0
2023-03-12 11:38:00,5,59,18.4,92,9.7,1014.5,1.4,2.7,11,3338.7,0
2023-03-12 11:43:00,5,58,18.8,92,9.7,1014.3,1.7,3.1,11,3338.7,0
2023-03-12 11:48:00,5,56,20.0,91,10.4,1013.7,1.0,2.0,11,3338.7,0
2023-03-12 11:53:00,5,55,20.4,89,10.5,1013.2,1.0,2.7,8,3338.7,0
2023-03-12 11:58:00,5,55,20.6,88,10.7,1013.0,1.4,2.7,11,3338.7,0
2023-03-12 12:03:00,5,54,20.7,88,10.6,1012.7,1.7,4.1,6,3338.7,0
2023-03-12 12:08:00,5,54,20.9,88,10.6,1012.7,1.0,1.7,5,3338.7,0
2023-03-12 12:13:00,5,53,21.0,88,10.8,1012.4,1.0,2.0,0,3338.7,0
2023-03-12 12:18:00,5,53,21.0,87,10.7,1012.4,1.7,4.8,5,3338.7,0
2023-03-12 12:23:00,5,53,21.1,86,10.8,1012.3,1.4,2.0,7,3338.7,0
2023-03-12 12:28:00,5,53,21.1,86,10.9,1012.5,1.4,2.7,7,3338.7,0
2023-03-12 12:33:00,5,53,21.1,86,10.9,1012.3,1.4,2.7,11,3338.7,0
2023-03-12 12:38:00,5,53,21.1,86,10.9,1012.2,1.4,4.1,3,3338.7,0
2023-03-12 12:43:00,5,53,21.1,86,10.9,1012.1,1.0,2.0,6,3338.7,0
2023-03-12 12:48:00,5,53,21.1,85,11.0,1012.0,0.7,2.0,5,3338.7,0
2023-03-12 12:53:00,5,53,21.1,84,11.1,1011.8,1.4,3.1,12,3338.7,0
2023-03-12 12:58:00,5,54,21.1,84,11.1,1012.0,1.4,2.7,9,3338.7,0
2023-03-12 13:03:00,5,54,21.1,83,11.2,1011.9,0.0,0.7,5,3338.7,0
2023-03-12 13:08:00,5,54,21.0,83,11.1,1012.0,1.7,4.1,2,3338.7,0
2023-03-12 13:13:00,5,54,21.0,82,11.0,1011.8,0.7,1.7,0,3338.7,0
2023-03-12 13:18:00,5,54,21.0,82,11.1,1011.9,1.0,2.0,8,3338.7,0
2023-03-12 13:23:00,5,54,21.0,81,11.2,1012.0,1.4,2.7,5,3338.7,0
2023-03-12 13:28:00,5,55,20.9,82,11.5,1012.1,1.4,3.1,9,3338.7,0
2023-03-12 13:33:00,5,55,20.9,82,11.1,1012.2,1.7,3.1,9,3338.7,0
2023-03-12 13:38:00,5,55,20.9,83,11.2,1012.4,1.7,2.7,4,3338.7,0
2023-03-12 13:43:00,5,55,20.9,83,11.6,1012.3,1.0,2.0,7,3338.7,0
2023-03-12 13:48:00,5,55,20.8,82,11.7,1012.2,1.4,4.1,6,3338.7,0
2023-03-12 13:53:00,5,55,20.7,81,11.8,1012.4,1.4,2.0,9,3338.7,0
2023-03-12 13:58:00,5,55,20.7,81,11.8,1012.6,1.4,4.8,15,3338.7,0
2023-03-12 14:03:00,5,55,20.6,80,11.7,1012.7,2.0,4.8,13,3338.7,0
2023-03-12 14:08:00,5,55,20.6,80,11.8,1012.7,1.4,2.0,12,3338.7,0
2023-03-12 14:13:00,5,55,20.5,80,12.1,1012.8,1.0,2.0,2,3338.7,0
2023-03-12 14:18:00,5,55,20.5,79,12.0,1012.7,2.7,4.1,4,3338.7,0
2023-03-12 14:23:00,5,55,20.5,79,12.0,1012.8,1.7,2.7,11,3338.7,0
2023-03-12 14:28:00,5,55,20.5,78,11.8,1013.1,2.7,5.8,6,3338.7,0
2023-03-12 14:33:00,5,55,20.4,79,11.8,1012.9,2.0,3.1,10,3338.7,0
2023-03-12 14:38:00,5,55,20.4,79,11.8,1012.9,1.4,3.7,1,3338.7,0
2023-03-12 14:43:00,5,55,20.4,79,11.6,1013.0,1.7,3.1,5,3338.7,0
2023-03-12 14:48:00,5,55,20.3,80,11.3,1013.0,2.4,4.1,6,3338.7,0
2023-03-12 14:53:00,5,55,20.3,80,11.4,1013.1,1.4,2.7,11,3338.7,0
2023-03-12 14:58:00,5,55,20.3,80,11.5,1013.2,2.4,5.8,6,3338.7,0
2023-03-12 15:03:00,5,55,20.2,81,11.4,1013.2,1.0,2.0,10,3338.7,0
2023-03-12 15:08:00,5,56,19.3,82,11.4,1013.2,2.4,4.1,3,3338.7,0
2023-03-12 15:13:00,5,56,19.3,83,11.2,1013.2,1.4,3.7,6,3338.7,0
2023-03-12 15:18:00,5,56,19.3,83,11.2,1013.1,2.0,3.7,4,3338.7,0
2023-03-12 15:23:00,5,56,19.2,83,11.1,1013.2,1.4,2.7,6,3338.7,0
2023-03-12 15:28:00,5,56,19.2,83,11.2,1013.3,1.7,3.7,8,3338.7,0
2023-03-12 15:33:00,5,56,19.1,83,11.1,1013.4,1.0,2.0,7,3338.7,0
2023-03-12 15:38:00,5,56,19.1,83,11.1,1013.3,2.0,3.7,11,3338.7,0
2023-03-12 15:43:00,5,56,19.0,82,11.1,1013.3,1.4,3.1,5,3338.7,0
2023-03-12 15:48:00,5,57,18.9,83,11.1,1013.3,1.0,2.0,6,3338.7,0
2023-03-12 15:53:00,5,57,18.8,83,11.0,1013.3,1.7,2.7,9,3338.7,0
2023-03-12 15:58:00,5,58,18.8,83,10.9,1013.6,1.4,3.1,6,3338.7,0
2023-03-12 16:03:00,5,58,18.8,83,10.8,1013.4,2.4,6.1,10,3338.7,0
2023-03-12 16:08:00,5,58,18.8,83,10.7,1013.6,2.4,3.7,9,3338.7,0
2023-03-12 16:13:00,5,58,18.8,84,10.6,1013.4,1.4,2.7,6,3338.7,0
2023-03-12 16:18:00,5,58,18.8,84,10.6,1013.5,1.4,3.1,10,3338.7,0
2023-03-12 16:23:00,5,58,18.8,84,10.5,1013.4,1.0,2.0,1,3338.7,0
2023-03-12 16:28:00,5,58,18.8,85,10.5,1013.5,1.7,3.1,2,3338.7,0
2023-03-12 16:33:00,5,58,18.8,86,10.4,1013.3,1.7,4.1,10,3338.7,0
2023-03-12 16:38:00,5,58,18.9,87,10.3,1013.5,1.4,2.7,10,3338.7,0
2023-03-12 16:43:00,5,58,18.9,87,10.2,1013.5,1.7,2.7,9,3338.7,0
2023-03-12 16:48:00,5,57,18.9,88,10.2,1013.4,0.7,1.7,10,3338.7,0
2023-03-12 16:53:00,5,56,18.8,88,10.1,1013.3,1.7,3.1,6,3338.7,0
2023-03-12 16:58:00,5,55,18.7,87,10.1,1013.4,1.4,2.7,10,3338.7,0
2023-03-12 17:03:00,5,55,18.7,87,10.1,1013.7,2.0,5.8,7,3338.7,0
2023-03-12 17:08:00,5,55,18.6,86,10.2,1013.8,1.4,2.7,15,3338.7,0
2023-03-12 17:13:00,5,55,18.6,85,10.3,1013.7,1.7,3.7,6,3338.7,0
2023-03-12 17:18:00,5,58,18.5,85,10.3,1013.8,2.0,2.7,11,3338.7,0
2023-03-12 17:23:00,5,59,18.6,85,10.3,1013.9,1.7,3.1,10,3338.7,0
2023-03-12 17:28:00,5,60,18.6,85,10.3,1013.8,1.0,1.7,7,3338.7,0
2023-03-12 17:33:00,5,62,18.6,85,10.3,1013.8,1.0,2.0,0,3338.7,0
2023-03-12 17:38:00,5,62,18.6,86,10.2,1013.8,0.7,1.7,6,3338.7,0
2023-03-12 17:43:00,5,62,18.6,86,10.1,1013.8,1.4,3.1,5,3338.7,0
2023-03-12 17:48:00,5,62,18.6,87,10.1,1013.9,1.4,2.7,7,3338.7,0
2023-03-12 17:53:00,5,62,18.6,87,10.1,1013.9,2.7,5.1,10,3338.7,0
2023-03-12 17:58:00,5,62,18.6,87,10.0,1014.0,2.7,4.8,5,3338.7,0
2023-03-12 18:03:00,5,62,18.6,87,10.0,1013.8,1.7,3.1,8,3338.7,0
2023-03-12 18:08:00,5,63,18.6,87,10.0,1013.8,1.0,2.7,6,3338.7,0
2023-03-12 18:13:00,5,63,18.6,87,10.1,1013.8,1.0,1.7,1,3338.7,0
2023-03-12 18:18:00,5,63,18.6,87,10.1,1013.8,1.7,3.7,7,3338.7,0
2023-03-12 18:23:00,5,63,18.6,87,10.1,1013.7,0.7,2.0,5,3338.7,0
2023-03-12 18:28:00,5,62,18.5,87,10.1,1013.8,0.7,1.7,9,3338.7,0
2023-03-12 18:33:00,5,63,18.5,88,10.0,1013.8,1.0,1.7,9,3338.7,0
2023-03-12 18:38:00,5,63,18.5,88,10.0,1013.9,1.4,2.7,7,3338.7,0
2023-03-12 18:43:00,5,63,18.5,88,9.9,1013.7,1.0,1.7,10,3338.7,0
2023-03-12 18:48:00,5,63,18.5,89,9.9,1013.7,0.7,1.7,7,3338.7,0
2023-03-12 18:53:00,5,64,18.5,89,9.9,1013.4,1.0,2.0,8,3338.7,0
2023-03-12 18:58:00,5,65,18.5,89,9.9,1013.3,0.3,1.0,6,3338.7,0
2023-03-12 19:03:00,5,65,18.5,89,9.9,1013.4,0.7,1.7,11,3338.7,0
2023-03-12 19:08:00,5,66,18.6,88,9.9,1013.2,0.7,1.7,8,3338.7,0
2023-03-12 19:13:00,5,66,18.6,88,9.9,1013.2,0.7,1.0,13,3338.7,0
2023-03-12 19:18:00,5,66,18.6,88,9.9,1013.2,1.0,1.7,5,3338.7,0
2023-03-12 19:23:00,5,66,18.6,88,9.9,1013.2,1.0,2.0,11,3338.7,0
2023-03-12 19:28:00,5,66,18.6,87,10.0,1013.3,0.7,1.0,12,3338.7,0
2023-03-12 19:33:00,5,66,18.6,87,10.0,1012.9,1.7,2.7,9,3338.7,0
2023-03-12 19:38:00,5,67,18.6,87,10.0,1013.0,1.0,1.7,7,3338.7,0
2023-03-12 19:43:00,5,67,18.7,88,9.9,1012.9,0.3,1.0,7,3338.7,0
2023-03-12 19:48:00,5,67,18.7,88,9.9,1012.9,1.0,1.7,9,3338.7,0
2023-03-12 19:53:00,5,67,18.6,88,9.9,1012.8,1.0,2.0,13,3338.7,0
2023-03-12 19:58:00,5,67,18.6,88,9.8,1012.8,1.4,2.7,7,3338.7,0
2023-03-12 20:03:00,5,66,18.6,88,9.8,1012.7,0.7,1.0,5,3338.7,0
2023-03-12 20:08:00,5,63,18.6,88,9.8,1012.5,0.3,0.7,12,3338.7,0
2023-03-12 20:13:00,5,62,18.5,88,9.8,1012.5,0.7,1.0,11,3338.7,0
2023-03-12 20:18:00,5,62,18.5,88,9.7,1012.5,0.3,1.0,11,3338.7,0
2023-03-12 20:23:00,5,61,18.4,89,9.6,1012.5,0.7,1.0,8,3338.7,0
2023-03-12 20:28:00,5,61,18.3,88,9.7,1012.5,0.7,1.7,7,3338.7,0
2023-03-12 20:33:00,5,61,18.3,89,9.6,1012.5,0.7,1.7,8,3338.7,0
2023-03-12 20:38:00,5,61,18.1,89,9.7,1012.4,0.3,1.0,9,3338.7,0
2023-03-12 20:43:00,5,61,18.1,89,9.6,1012.5,0.0,0.7,13,3338.7,0
2023-03-12 20:48:00,5,62,18.1,89,9.5,1012.4,0.7,1.0,5,3338.7,0
2023-03-12 20:53:00,5,63,18.1,89,9.5,1012.3,0.3,0.7,12,3338.7,0
2023-03-12 20:58:00,5,63,18.1,89,9.4,1012.3,0.3,1.0,11,3338.7,0
2023-03-12 21:03:00,5,63,18.1,89,9.4,1012.2,0.0,0.7,12,3338.7,0
2023-03-12 21:08:00,5,64,18.2,89,9.4,1012.1,0.3,1.7,6,3338.7,0
2023-03-12 21:13:00,5,64,18.2,89,9.3,1012.0,0.0,0.7,5,3338.7,0
2023-03-12 21:18:00,5,64,18.3,90,9.2,1011.9,0.0,0.0,8,3338.7,0
2023-03-12 21:23:00,5,64,18.3,90,9.2,1011.8,0.3,0.7,5,3338.7,0
2023-03-12 21:28:00,5,64,18.3,90,9.2,1011.6,0.0,0.0,5,3338.7,0
2023-03-12 21:33:00,5,64,18.3,90,9.2,1011.5,0.0,0.0,4,3338.7,0
2023-03-12 21:38:00,5,64,18.3,90,9.2,1011.4,0.3,0.7,11,3338.7,0
2023-03-12 21:43:00,5,64,18.3,90,9.2,1011.3,0.3,0.7,12,3338.7,0
2023-03-12 21:48:00,5,64,18.3,90,9.3,1011.1,0.7,1.0,11,3338.7,0
2023-03-12 21:53:00,5,64,18.3,91,9.3,1011.0,0.7,1.0,12,3338.7,0
2023-03-12 21:58:00,5,64,18.3,91,9.3,1011.0,0.7,1.0,7,3338.7,0
2023-03-12 22:03:00,5,64,18.3,91,9.3,1010.9,0.3,0.7,11,3338.7,0
2023-03-12 22:08:00,5,64,18.3,92,9.3,1010.7,0.3,1.7,10,3338.7,0
2023-03-12 22:13:00,5,64,18.3,92,9.2,1010.7,0.3,1.0,11,3339.0,0
2023-03-12 22:18:00,5,64,18.3,92,9.2,1010.6,0.3,1.0,10,3339.0,0
2023-03-12 22:23:00,5,64,18.3,93,9.2,1010.5,0.3,1.0,12,3339.3,0
2023-03-12 22:28:00,5,64,18.3,93,9.2,1010.4,0.0,0.7,8,3339.3,0
2023-03-12 22:33:00,5,64,18.2,93,9.2,1010.5,0.3,1.0,12,3339.6,0
2023-03-12 22:38:00,5,64,18.2,93,9.2,1010.4,0.3,0.7,12,3339.6,0
2023-03-12 22:43:00,5,64,18.1,93,9.2,1010.4,0.3,0.7,8,3339.6,0
2023-03-12 22:48:00,5,64,18.1,94,9.2,1010.2,0.3,0.7,12,3339.6,0
2023-03-12 22:53:00,5,64,18.1,94,9.2,1010.1,0.3,1.7,12,3339.9,0
2023-03-12 22:58:00,5,64,18.1,94,9.3,1009.9,0.3,1.0,5,3339.9,0
2023-03-12 23:03:00,5,64,18.1,94,9.3,1009.9,0.7,1.7,10,3339.9,0
2023-03-12 23:08:00,5,64,18.1,94,9.3,1009.7,0,0.7,13,3339.9,0
2023-03-12 23:13:00,5,64,18.0,94,9.4,1009.5,0.7,2.0,11,3339.9,0
2023-03-12 23:18:00,5,64,18.0,93,9.5,1009.4,0.3,0.7,10,3340.2,0
2023-03-12 23:23:00,5,64,18.0,93,9.5,1009.5,0.7,1.0,8,3340.2,0
2023-03-12 23:28:00,5,64,18.0,93,9.6,1009.4,1.0,1.7,13,3340.2,0
2023-03-12 23:33:00,5,65,17.9,93,9.7,1009.2,0.3,1.0,8,3340.5,0
2023-03-12 23:38:00,5,65,17.9,94,9.7,1009.0,1.0,2.0,9,3340.5,0
2023-03-12 23:43:00,5,65,17.9,94,9.7,1008.7,0.7,1.7,8,3340.5,0
2023-03-12 23:48:00,5,65,17.9,94,9.7,1008.6,0.7,1.7,11,3340.5,0
2023-03-12 23:53:00,5,65,17.9,94,9.6,1008.5,0.3,1.0,13,3340.5,0
2023-03-12 23:58:00,5,65,17.9,95,9.7,1008.4,0.7,1.7,6,3340.5,0
