2021-02-27 00:07:01,30,56,19.7,94,2.7,1045.7,0.0,0.0,2,1099.2,0
2021-02-27 00:37:01,30,56,19.3,94,2.3,1046.3,0.0,0.0,2,1099.2,0
2021-02-27 01:07:01,30,56,19.1,94,2.3,1046.5,0.0,0.0,2,1099.2,0
2021-02-27 01:37:01,30,56,19.0,95,2.8,1046.8,0.0,0.0,2,1099.2,0
2021-02-27 02:07:01,30,56,18.8,95,2.8,1046.8,0.0,0.0,2,1099.2,0
2021-02-27 02:37:01,30,56,17.8,95,4.0,1047.1,0.0,0.0,2,1099.2,0
2021-02-27 03:07:01,30,56,17.7,96,3.8,1047.2,0.0,0.0,2,1099.2,0
2021-02-27 03:37:01,30,56,17.7,96,3.6,1047.3,0.0,0.7,2,1099.2,0
2021-02-27 04:07:01,30,56,17.5,96,3.6,1047.7,0.0,0.7,1,1099.2,0
2021-02-27 04:37:01,30,56,17.4,97,3.5,1047.8,0.0,0.7,1,1099.2,0
2021-02-27 05:07:01,30,56,17.3,97,3.6,1047.9,0.0,0.0,1,1099.2,0
2021-02-27 05:37:01,30,56,17.1,97,3.7,1048.2,0.0,0.0,5,1099.2,0
2021-02-27 06:07:01,30,56,17.0,97,3.5,1048.5,0.0,0.0,4,1099.2,0
2021-02-27 06:37:01,30,57,16.9,97,3.3,1048.9,0.0,0.0,1,1099.2,0
2021-02-27 07:07:01,30,57,17.3,97,3.6,1049.1,0.0,0.0,0,1099.2,0
2021-02-27 07:37:01,30,54,19.3,98,3.8,1048.3,0.0,0.0,4,1099.2,0
2021-02-27 08:07:01,30,53,19.7,97,3.6,1048.0,0.0,0.0,2,1099.2,0
2021-02-27 08:38:01,31,54,19.7,97,3.9,1048.3,0.0,0.7,0,1099.2,0
2021-02-27 09:08:01,30,53,20.1,97,3.9,1048.0,0.0,0.0,1,1099.2,0
2021-02-27 09:38:01,30,52,21.3,96,4.4,1046.9,0.0,0.7,0,1099.2,0
2021-02-27 10:08:01,30,52,21.7,94,4.6,1046.5,0.0,0.7,6,1099.2,0
2021-02-27 10:38:01,30,52,21.9,90,5.0,1046.3,0.0,0.7,6,1099.2,0
2021-02-27 11:08:01,30,52,21.9,88,5.5,1046.4,0.0,0.7,4,1099.2,0
2021-02-27 11:38:01,30,51,21.8,85,6.0,1046.6,0.3,1.0,4,1099.2,0
2021-02-27 12:08:01,30,52,21.5,85,6.2,1046.9,0.0,0.0,9,1099.2,0
2021-02-27 12:38:01,30,52,21.3,83,6.6,1046.9,0.0,1.0,4,1099.2,0
2021-02-27 13:08:01,30,52,21.2,83,6.3,1046.8,0.3,0.7,4,1099.2,0
2021-02-27 13:38:01,30,52,21.0,75,9.0,1046.8,0.0,0.0,0,1099.2,0
2021-02-27 14:08:01,30,53,20.8,76,8.4,1046.7,0.3,1.0,15,1099.2,0
2021-02-27 14:38:01,30,54,21.2,71,9.7,1046.2,0.0,0.0,15,1099.2,0
2021-02-27 15:08:01,30,55,21.5,77,7.6,1045.5,0.0,0.0,0,1099.2,0
2021-02-27 15:38:01,30,55,21.6,77,7.7,1045.3,0.0,0.7,0,1099.2,0
2021-02-27 16:08:01,30,54,21.4,76,7.6,1045.3,0.0,0.7,13,1099.2,0
2021-02-27 16:38:01,30,55,20.9,79,7.3,1045.9,0.0,0.0,4,1099.2,0
2021-02-27 17:08:01,30,52,20.6,82,6.9,1046.2,0.0,0.0,3,1099.2,0
2021-02-27 17:38:01,30,53,20.7,84,6.1,1046.1,0.0,0.0,3,1099.2,0
2021-02-27 18:08:01,30,56,20.7,87,4.9,1046.1,0.0,0.0,3,1099.2,0
2021-02-27 18:38:01,30,57,20.6,88,4.9,1046.4,0.0,0.0,3,1099.2,0
2021-02-27 19:08:01,30,58,20.4,90,4.7,1046.6,0.0,0.0,3,1099.2,0
2021-02-27 19:38:01,30,59,20.4,89,5.3,1046.5,0.0,0.7,1,1099.2,0
2021-02-27 20:08:01,30,59,20.2,90,5.0,1046.7,0.0,0.0,0,1099.2,0
2021-02-27 20:38:01,30,60,20.4,92,4.6,1046.6,0.0,0.0,15,1099.2,0
2021-02-27 21:08:01,30,56,21.2,93,4.3,1045.6,0.0,0.0,1,1099.2,0
2021-02-27 21:38:01,30,55,21.2,93,4.1,1045.4,0.0,0.0,15,1099.2,0
2021-02-27 22:08:01,30,57,20.9,93,3.9,1045.8,0.0,0.0,15,1099.2,0
2021-02-27 22:38:01,30,59,20.6,94,3.8,1046.0,0.0,0.0,0,1099.2,0
2021-02-27 23:08:01,30,60,20.3,94,3.2,1046.4,0,0,0,1099.2,0
2021-02-27 23:38:01,30,60,19.9,94,3.7,1046.9,0,0,0,1099.2,0
