2019-03-22 00:00:00,5,65,18.9,87,6.5,1040.2,0.0,0.0,8,572.1,0
2019-03-22 00:05:00,5,65,18.8,87,6.4,1040.0,0.0,0.0,8,572.1,0
2019-03-22 00:10:00,5,65,18.7,87,6.3,1040.1,0.0,0.0,8,572.1,0
2019-03-22 00:15:00,5,65,18.6,87,6.2,1040.4,0.0,0.0,8,572.1,0
2019-03-22 00:20:00,5,65,18.6,88,6.1,1040.2,0.0,0.0,8,572.1,0
2019-03-22 00:25:00,5,65,18.5,88,6.2,1040.1,0.0,0.0,8,572.1,0
2019-03-22 00:30:00,5,65,18.5,88,6.2,1040.1,0.0,0.0,8,572.1,0
2019-03-22 00:35:00,5,65,17.6,88,6.2,1040.3,0.0,0.0,0,572.1,0
2019-03-22 00:40:00,5,65,18.4,89,6.4,1040.3,0.0,0.0,2,572.1,0
2019-03-22 00:45:00,5,65,18.3,89,6.5,1040.3,0.0,0.0,2,572.1,0
2019-03-22 00:50:00,5,65,17.5,89,6.6,1040.4,0.0,0.0,0,572.1,0
2019-03-22 00:55:00,5,65,17.4,89,6.6,1040.3,0.0,0.0,0,572.1,0
2019-03-22 01:00:00,5,65,18.2,89,6.5,1040.3,0.0,0.0,0,572.1,0
2019-03-22 01:05:00,5,65,17.3,89,6.5,1040.5,0.0,0.0,0,572.1,0
2019-03-22 01:10:00,5,65,17.3,89,6.4,1040.4,0.0,0.0,8,572.1,0
2019-03-22 01:15:00,5,65,17.3,89,6.4,1040.4,0.0,0.0,8,572.1,0
2019-03-22 01:20:00,5,65,17.2,89,6.3,1040.4,0.0,0.0,8,572.1,0
2019-03-22 01:25:00,5,65,17.2,90,6.3,1040.5,0.0,0.0,0,572.1,0
2019-03-22 01:30:00,5,65,17.1,90,6.5,1040.5,0.0,0.0,2,572.1,0
2019-03-22 01:35:00,5,65,17.1,90,6.5,1040.4,0.0,0.0,8,572.1,0
2019-03-22 01:40:00,5,65,17.1,90,6.4,1040.3,0.0,0.0,2,572.1,0
2019-03-22 01:45:00,5,65,17.1,90,6.5,1040.4,0.0,0.0,0,572.1,0
2019-03-22 01:50:00,5,65,17.1,90,6.5,1040.3,0.0,0.0,2,572.1,0
2019-03-22 01:55:00,5,65,17.0,90,6.4,1040.3,0.0,0.0,2,572.1,0
2019-03-22 02:00:00,5,65,17.0,90,6.3,1040.5,0.0,0.0,2,572.1,0
2019-03-22 02:05:00,5,65,17.0,90,6.2,1040.5,0.0,0.0,0,572.1,0
2019-03-22 02:10:00,5,65,17.0,90,6.2,1040.5,0.0,0.0,0,572.1,0
2019-03-22 02:15:00,5,66,16.9,90,6.1,1040.3,0.0,0.0,0,572.1,0
2019-03-22 02:20:00,5,66,16.9,90,6.0,1040.3,0.0,0.0,0,572.1,0
2019-03-22 02:25:00,5,66,16.9,90,6.0,1040.4,0.0,0.0,0,572.1,0
2019-03-22 02:30:00,5,66,16.9,90,6.1,1040.5,0.0,0.3,12,572.1,0
2019-03-22 02:35:00,5,66,16.9,91,6.4,1040.6,0.0,0.0,2,572.1,0
2019-03-22 02:40:00,5,66,16.8,91,6.6,1040.5,0.3,0.7,10,572.1,0
2019-03-22 02:45:00,5,66,16.8,91,6.8,1040.4,0.0,0.0,14,572.1,0
2019-03-22 02:50:00,5,66,16.8,91,6.8,1040.3,0.3,0.7,6,572.1,0
2019-03-22 02:55:00,5,65,16.8,91,6.7,1040.4,0.7,1.4,0,572.1,0
2019-03-22 03:00:00,5,65,16.8,91,6.6,1040.3,0.0,0.0,4,572.1,0
2019-03-22 03:05:00,5,65,16.8,91,6.6,1040.3,0.0,0.0,4,572.1,0
2019-03-22 03:10:00,5,65,16.8,91,6.4,1040.2,0.0,0.0,0,572.1,0
2019-03-22 03:15:00,5,65,16.8,92,6.3,1040.3,0.0,0.0,14,572.1,0
2019-03-22 03:20:00,5,65,16.7,92,6.3,1040.1,0.0,0.0,6,572.1,0
2019-03-22 03:25:00,5,65,16.7,92,6.2,1040.2,0.0,0.0,12,572.1,0
2019-03-22 03:30:00,5,65,16.7,92,6.1,1040.2,0.0,0.7,2,572.1,0
2019-03-22 03:35:00,5,65,16.7,93,5.9,1040.2,0.7,1.4,4,572.1,0
2019-03-22 03:40:00,5,65,16.7,93,5.7,1040.1,0.3,1.0,0,572.1,0
2019-03-22 03:45:00,5,65,16.7,93,5.6,1040.0,0.0,0.7,2,572.1,0
2019-03-22 03:50:00,5,65,16.7,93,5.6,1039.9,0.0,0.0,4,572.1,0
2019-03-22 03:55:00,5,64,16.7,93,5.6,1039.9,0.0,0.3,2,572.1,0
2019-03-22 04:00:00,5,64,16.7,93,5.5,1040.0,0.0,0.7,0,572.1,0
2019-03-22 04:05:00,5,64,16.7,93,5.4,1039.9,0.7,1.0,14,572.1,0
2019-03-22 04:10:00,5,64,16.8,93,5.3,1039.8,0.0,0.7,12,572.1,0
2019-03-22 04:15:00,5,64,16.8,93,5.3,1039.8,0.3,1.0,4,572.1,0
2019-03-22 04:20:00,5,64,16.7,93,5.3,1039.8,0.0,0.3,14,572.1,0
2019-03-22 04:25:00,5,64,16.7,93,5.2,1039.9,0.0,0.3,14,572.1,0
2019-03-22 04:30:00,5,63,16.7,93,5.3,1039.9,0.7,1.0,10,572.1,0
2019-03-22 04:35:00,5,63,16.7,93,5.3,1040.0,0.0,0.0,4,572.1,0
2019-03-22 04:40:00,5,63,16.7,93,5.3,1040.1,0.0,1.0,14,572.1,0
2019-03-22 04:45:00,5,64,16.7,93,5.3,1040.0,0.0,0.0,6,572.1,0
2019-03-22 04:50:00,5,64,16.7,94,5.3,1040.1,0.0,0.0,10,572.1,0
2019-03-22 04:55:00,5,65,16.8,94,5.3,1040.0,0.0,0.7,0,572.1,0
2019-03-22 05:00:00,5,65,16.9,94,5.3,1039.9,0.0,1.0,4,572.1,0
2019-03-22 05:05:00,5,64,17.1,94,5.3,1039.7,0.0,1.0,4,572.1,0
2019-03-22 05:10:00,5,63,17.4,94,5.5,1039.6,0.0,0.7,2,572.1,0
2019-03-22 05:15:00,5,63,17.6,94,5.5,1039.3,0.0,1.0,14,572.1,0
2019-03-22 05:20:00,5,62,17.8,94,5.5,1039.2,0.0,0.3,6,572.1,0
2019-03-22 05:25:00,5,61,17.9,94,5.6,1039.0,0.3,1.4,6,572.1,0
2019-03-22 05:30:00,5,62,18.0,94,5.6,1038.9,0.0,0.3,6,572.1,0
2019-03-22 05:35:00,5,61,19.0,94,5.6,1038.7,0.0,0.0,2,572.1,0
2019-03-22 05:40:00,5,60,19.1,95,5.6,1038.5,0.0,0.0,8,572.1,0
2019-03-22 05:45:00,5,60,19.2,95,5.6,1038.6,0.0,0.3,4,572.1,0
2019-03-22 05:50:00,5,60,19.2,95,5.7,1038.5,0.3,0.7,0,572.1,0
2019-03-22 05:55:00,5,59,19.2,95,5.7,1038.4,0.0,0.0,4,572.1,0
2019-03-22 06:00:00,5,59,19.3,95,5.7,1038.3,0.3,0.7,2,572.1,0
2019-03-22 06:05:00,5,59,19.2,95,5.8,1038.4,0.0,0.3,14,572.1,0
2019-03-22 06:10:00,5,59,19.2,95,5.8,1038.5,0.0,0.0,6,572.1,0
2019-03-22 06:15:00,5,59,19.2,95,5.9,1038.5,0.3,0.7,10,572.1,0
2019-03-22 06:20:00,5,59,19.2,95,5.9,1038.5,0.0,0.0,6,572.1,0
2019-03-22 06:25:00,5,59,19.1,94,6.0,1038.4,0.0,0.7,14,572.1,0
2019-03-22 06:30:00,5,59,18.3,95,6.0,1038.5,0.0,0.0,2,572.1,0
2019-03-22 06:35:00,5,59,18.2,95,6.1,1038.5,0.0,0.0,14,572.1,0
2019-03-22 06:40:00,5,59,18.1,95,6.2,1038.6,0.0,0.0,4,572.1,0
2019-03-22 06:45:00,5,60,18.1,95,6.3,1038.7,0.0,0.0,8,572.1,0
2019-03-22 06:50:00,5,61,18.1,95,6.4,1038.6,0.0,0.0,8,572.1,0
2019-03-22 06:55:00,5,62,18.1,95,6.4,1038.4,0.3,0.7,0,572.1,0
2019-03-22 07:00:00,5,61,19.2,95,6.5,1038.3,0.3,0.3,0,572.1,0
2019-03-22 07:05:00,5,61,19.5,95,6.5,1038.1,0.3,0.3,0,572.1,0
2019-03-22 07:10:00,5,61,19.7,95,6.7,1037.8,0.3,1.0,2,572.1,0
2019-03-22 07:15:00,5,59,20.0,96,6.7,1037.6,0.0,0.0,2,572.1,0
2019-03-22 07:20:00,5,59,20.1,96,6.8,1037.6,0.0,0.3,0,572.1,0
2019-03-22 07:25:00,5,58,20.3,96,6.9,1037.2,0.0,0.3,6,572.1,0
2019-03-22 07:30:00,5,58,20.4,95,7.0,1037.3,0.0,0.3,14,572.1,0
2019-03-22 07:35:00,5,57,20.4,95,7.1,1037.2,0.0,0.3,4,572.1,0
2019-03-22 07:40:00,5,57,20.5,95,7.2,1037.0,0.3,0.7,2,572.1,0
2019-03-22 07:45:00,5,57,20.5,95,7.2,1037.0,0.0,0.0,6,572.1,0
2019-03-22 07:50:00,5,57,20.6,95,7.2,1037.0,0.3,1.0,0,572.1,0
2019-03-22 07:55:00,5,57,20.6,95,7.3,1036.9,0.0,0.7,14,572.1,0
2019-03-22 08:00:00,5,57,20.5,96,7.4,1037.0,0.0,1.0,2,572.1,0
2019-03-22 08:05:00,5,58,20.5,96,7.5,1037.0,0.0,0.0,8,572.1,0
2019-03-22 08:10:00,5,58,20.5,96,7.5,1037.1,0.0,0.7,2,572.1,0
2019-03-22 08:15:00,5,58,20.5,96,7.4,1037.1,0.7,1.7,6,572.1,0
2019-03-22 08:20:00,5,58,20.4,96,7.3,1037.2,0.3,1.0,2,572.1,0
2019-03-22 08:25:00,5,58,20.4,96,7.3,1037.2,0.3,1.0,2,572.1,0
2019-03-22 08:30:00,5,58,20.3,96,7.4,1037.2,0.0,0.3,0,572.1,0
2019-03-22 08:35:00,5,58,20.3,96,7.5,1037.1,0.0,1.0,8,572.1,0
2019-03-22 08:40:00,5,58,20.3,96,7.6,1037.2,0.0,0.3,6,572.1,0
2019-03-22 08:45:00,5,58,20.2,96,7.6,1037.4,0.7,1.0,0,572.1,0
2019-03-22 08:50:00,5,58,20.2,96,7.7,1037.5,0.3,1.0,12,572.1,0
2019-03-22 08:55:00,5,58,20.1,96,7.6,1037.5,0.3,1.0,0,572.1,0
2019-03-22 09:00:00,5,58,20.1,96,7.5,1037.5,0.0,0.0,6,572.1,0
2019-03-22 09:05:00,5,58,20.1,96,7.5,1037.5,0.0,0.0,6,572.1,0
2019-03-22 09:10:00,5,59,20.1,96,7.8,1037.6,0.7,2.0,0,572.1,0
2019-03-22 09:15:00,5,59,20.1,96,7.8,1037.4,0.0,0.7,2,572.1,0
2019-03-22 09:20:00,5,59,20.0,96,7.8,1037.6,0.3,1.0,2,572.1,0
2019-03-22 09:25:00,5,59,20.0,95,8.0,1037.6,0.3,0.7,2,572.1,0
2019-03-22 09:30:00,5,59,20.0,95,8.1,1037.5,0.0,0.7,10,572.1,0
2019-03-22 09:35:00,5,59,20.0,95,8.2,1037.5,0.3,1.0,0,572.1,0
2019-03-22 09:40:00,5,59,20.0,95,8.2,1037.6,0.0,0.3,6,572.1,0
2019-03-22 09:45:00,5,60,20.0,95,8.5,1037.5,0.3,1.0,5,572.1,0
2019-03-22 09:50:00,5,60,20.0,96,8.5,1037.5,0.0,1.4,12,572.1,0
2019-03-22 09:55:00,5,60,20.0,96,8.7,1037.5,0.3,0.7,0,572.1,0
2019-03-22 10:00:00,5,60,20.0,95,8.8,1037.5,0.0,0.3,10,572.1,0
2019-03-22 10:05:00,5,60,20.0,96,8.9,1037.3,0.3,1.0,8,572.1,0
2019-03-22 10:10:00,5,60,20.0,95,9.0,1037.2,0.3,1.0,2,572.1,0
2019-03-22 10:15:00,5,60,20.0,95,9.1,1037.2,0.7,1.4,8,572.1,0
2019-03-22 10:20:00,5,60,20.0,94,9.0,1037.2,0.0,0.0,14,572.1,0
2019-03-22 10:25:00,5,60,20.0,95,9.4,1037.1,0.0,0.7,4,572.1,0
2019-03-22 10:30:00,5,60,20.1,95,9.5,1037.0,0.3,0.7,12,572.1,0
2019-03-22 10:35:00,5,60,20.1,95,9.7,1036.9,0.7,1.7,2,572.1,0
2019-03-22 10:40:00,5,60,20.2,94,9.7,1036.8,0.3,1.0,10,572.1,0
2019-03-22 10:45:00,5,60,20.4,93,10.2,1036.7,0.0,1.0,10,572.1,0
2019-03-22 10:50:00,5,60,20.5,93,10.6,1036.4,0.3,1.0,12,572.1,0
2019-03-22 10:55:00,5,60,20.6,93,10.7,1036.2,0.0,0.7,0,572.1,0
2019-03-22 11:00:00,5,59,20.7,92,10.8,1036.1,0.0,1.0,4,572.1,0
2019-03-22 11:05:00,5,59,20.8,92,10.8,1036.0,0.0,1.0,4,572.1,0
2019-03-22 11:10:00,5,59,20.9,90,11.6,1035.7,0.0,0.7,10,572.1,0
2019-03-22 11:15:00,5,58,21.1,88,12.4,1035.4,0.3,1.0,10,572.1,0
2019-03-22 11:20:00,5,57,21.3,85,13.1,1034.9,0.0,0.0,8,572.1,0
2019-03-22 11:25:00,5,56,21.7,83,13.8,1034.4,0.0,0.7,2,572.1,0
2019-03-22 11:30:00,5,56,21.8,79,14.2,1034.2,0.3,1.0,0,572.1,0
2019-03-22 11:35:00,5,55,21.8,76,14.8,1034.2,0.3,0.7,2,572.1,0
2019-03-22 11:40:00,5,55,21.8,72,14.8,1034.2,0.7,1.0,10,572.1,0
2019-03-22 11:45:00,5,55,21.7,70,15.1,1034.2,0.0,0.7,12,572.1,0
2019-03-22 11:50:00,5,54,21.6,68,15.4,1034.3,0.7,2.0,2,572.1,0
2019-03-22 11:55:00,5,54,21.5,67,15.8,1034.4,0.3,0.7,14,572.1,0
2019-03-22 12:00:00,5,54,21.3,63,16.1,1034.3,0.0,0.7,8,572.1,0
2019-03-22 12:05:00,5,54,21.2,61,16.5,1034.3,0.3,1.0,10,572.1,0
2019-03-22 12:10:00,5,54,21.2,61,16.6,1034.4,0.3,1.0,14,572.1,0
2019-03-22 12:15:00,5,54,21.1,59,17.1,1034.4,0.3,0.7,4,572.1,0
2019-03-22 12:20:00,5,54,21.1,58,17.4,1034.4,0.7,1.4,10,572.1,0
2019-03-22 12:25:00,5,54,21.0,58,17.6,1034.4,0.0,0.3,8,572.1,0
2019-03-22 12:30:00,5,56,20.9,56,18.1,1034.6,1.0,1.4,14,572.1,0
2019-03-22 12:35:00,5,56,20.9,55,18.1,1034.4,1.7,2.4,10,572.1,0
2019-03-22 12:40:00,5,56,20.7,54,18.0,1034.3,0.3,0.7,6,572.1,0
2019-03-22 12:45:00,5,56,20.7,53,18.3,1034.4,0.0,0.7,0,572.1,0
2019-03-22 12:50:00,5,56,20.6,53,18.8,1034.4,0.0,1.0,14,572.1,0
2019-03-22 12:55:00,5,56,20.6,50,19.2,1034.4,0.0,0.0,4,572.1,0
2019-03-22 13:00:00,5,56,20.6,50,19.5,1034.3,0.3,0.7,0,572.1,0
2019-03-22 13:05:00,5,56,20.5,50,19.5,1034.4,0.3,0.7,0,572.1,0
2019-03-22 13:10:00,5,56,20.5,48,19.5,1034.3,0.3,1.0,6,572.1,0
2019-03-22 13:15:00,5,56,20.4,47,19.8,1034.3,1.0,1.4,0,572.1,0
2019-03-22 13:20:00,5,56,20.4,46,19.7,1034.1,0.3,0.7,8,572.1,0
2019-03-22 13:25:00,5,57,20.4,47,19.8,1034.1,0.7,1.0,14,572.1,0
2019-03-22 13:30:00,5,57,20.4,44,20.0,1034.2,0.7,1.0,2,572.1,0
2019-03-22 13:35:00,5,57,20.4,44,20.1,1034.1,0.3,0.7,12,572.1,0
2019-03-22 13:40:00,5,57,20.4,45,20.3,1034.0,1.0,1.4,10,572.1,0
2019-03-22 13:45:00,5,57,20.4,43,20.4,1033.8,0.3,1.0,10,572.1,0
2019-03-22 13:50:00,5,57,20.4,43,20.2,1033.9,0.0,0.7,0,572.1,0
2019-03-22 13:55:00,5,57,20.4,43,20.6,1033.8,0.0,0.3,8,572.1,0
2019-03-22 14:00:00,5,57,20.4,42,21.0,1033.8,0.3,1.4,14,572.1,0
2019-03-22 14:05:00,5,57,20.4,41,21.0,1033.7,0.3,0.7,14,572.1,0
2019-03-22 14:10:00,5,57,20.4,41,21.2,1033.6,0.0,0.7,2,572.1,0
2019-03-22 14:15:00,5,57,20.4,40,21.3,1033.5,0.3,0.7,0,572.1,0
2019-03-22 14:20:00,5,57,20.4,39,21.6,1033.5,0.3,0.7,0,572.1,0
2019-03-22 14:25:00,5,57,20.5,37,21.3,1033.4,0.7,1.0,9,572.1,0
2019-03-22 14:30:00,5,57,20.5,38,21.1,1033.4,0.7,1.0,0,572.1,0
2019-03-22 14:35:00,5,57,20.5,39,21.1,1033.4,1.0,1.7,8,572.1,0
2019-03-22 14:40:00,5,57,20.5,40,20.8,1033.3,0.0,0.3,10,572.1,0
2019-03-22 14:45:00,5,57,20.5,35,21.2,1033.1,0.0,0.3,2,572.1,0
2019-03-22 14:50:00,5,57,20.6,36,21.0,1033.1,0.7,1.4,0,572.1,0
2019-03-22 14:55:00,5,57,20.6,38,20.1,1032.9,0.3,0.7,10,572.1,0
2019-03-22 15:00:00,5,57,20.6,41,19.1,1032.9,1.0,1.7,8,572.1,0
2019-03-22 15:05:00,5,57,20.6,41,19.1,1032.8,1.0,1.7,8,572.1,0
2019-03-22 15:10:00,5,57,20.6,43,18.0,1032.8,0.0,0.0,14,572.1,0
2019-03-22 15:15:00,5,57,20.6,42,17.9,1032.7,0.7,1.7,2,572.1,0
2019-03-22 15:20:00,5,57,20.7,42,17.7,1032.5,1.4,2.7,10,572.1,0
2019-03-22 15:25:00,5,57,20.7,42,17.6,1032.5,0.3,1.0,12,572.1,0
2019-03-22 15:30:00,5,57,20.7,42,17.5,1032.4,0.3,1.0,2,572.1,0
2019-03-22 15:35:00,5,57,20.7,42,17.4,1032.3,1.0,1.7,8,572.1,0
2019-03-22 15:40:00,5,57,20.7,42,17.3,1032.3,0.7,1.4,8,572.1,0
2019-03-22 15:45:00,5,57,20.7,42,17.3,1032.3,0.3,0.7,14,572.1,0
2019-03-22 15:50:00,5,57,20.7,43,17.2,1032.3,0.0,0.7,8,572.1,0
2019-03-22 15:55:00,5,57,20.7,43,17.2,1032.3,0.7,1.4,10,572.1,0
2019-03-22 16:00:00,5,56,20.7,43,17.2,1032.1,1.0,1.7,10,572.1,0
2019-03-22 16:05:00,5,55,20.7,43,17.2,1032.2,1.4,1.7,6,572.1,0
2019-03-22 16:10:00,5,55,20.7,44,17.2,1032.2,0.0,0.3,4,572.1,0
2019-03-22 16:15:00,5,55,20.7,45,17.1,1032.2,0.3,1.0,2,572.1,0
2019-03-22 16:20:00,5,55,20.7,46,17.0,1032.2,0.7,1.4,2,572.1,0
2019-03-22 16:25:00,5,55,20.7,49,16.7,1032.1,0.3,1.0,8,572.1,0
2019-03-22 16:30:00,5,55,20.7,51,16.6,1032.3,1.4,2.7,6,572.1,0
2019-03-22 16:35:00,5,55,20.7,51,16.5,1032.3,0.0,0.3,2,572.1,0
2019-03-22 16:40:00,5,55,20.7,50,16.4,1032.4,1.0,2.0,8,572.1,0
2019-03-22 16:45:00,5,55,20.6,50,16.2,1032.5,1.0,1.4,8,572.1,0
2019-03-22 16:50:00,5,54,20.6,50,16.0,1032.4,0.7,1.4,4,572.1,0
2019-03-22 16:55:00,5,54,20.6,52,15.9,1032.5,0.0,0.3,0,572.1,0
2019-03-22 17:00:00,5,54,20.5,52,15.8,1032.5,0.0,0.7,2,572.1,0
2019-03-22 17:05:00,5,54,20.5,52,15.8,1032.6,0.0,0.7,2,572.1,0
2019-03-22 17:10:00,5,55,20.5,53,15.4,1032.6,1.0,2.4,12,572.1,0
2019-03-22 17:15:00,5,56,20.6,54,15.3,1032.5,0.7,1.0,9,572.1,0
2019-03-22 17:20:00,5,56,20.7,54,15.1,1032.3,0.0,0.0,2,572.1,0
2019-03-22 17:25:00,5,56,20.9,54,15.0,1032.3,0.0,0.0,4,572.1,0
2019-03-22 17:30:00,5,55,21.1,55,14.7,1032.1,0.0,0.3,4,572.1,0
2019-03-22 17:35:00,5,55,21.2,56,14.6,1032.0,0.0,0.0,14,572.1,0
2019-03-22 17:40:00,5,55,21.3,56,14.3,1031.8,0.0,0.0,2,572.1,0
2019-03-22 17:45:00,5,55,21.4,57,14.2,1031.7,0.0,0.7,6,572.1,0
2019-03-22 17:50:00,5,54,21.5,58,14.0,1031.8,0.0,0.0,2,572.1,0
2019-03-22 17:55:00,5,54,21.6,60,13.8,1031.8,0.0,0.0,6,572.1,0
2019-03-22 18:00:00,5,54,21.6,62,13.6,1031.8,0.0,0.3,6,572.1,0
2019-03-22 18:05:00,5,54,21.6,65,13.3,1031.8,0.7,1.4,6,572.1,0
2019-03-22 18:10:00,5,54,21.6,66,13.1,1031.8,0.0,0.7,0,572.1,0
2019-03-22 18:15:00,5,54,21.6,68,12.9,1031.9,0.0,0.0,6,572.1,0
2019-03-22 18:20:00,5,54,21.5,69,12.6,1031.9,0.3,0.7,1,572.1,0
2019-03-22 18:25:00,5,54,21.5,70,12.4,1032.1,0.0,0.3,2,572.1,0
2019-03-22 18:30:00,5,54,21.5,71,12.2,1032.1,0.0,0.0,4,572.1,0
2019-03-22 18:35:00,5,54,21.4,71,12.0,1032.2,0.0,0.0,14,572.1,0
2019-03-22 18:40:00,5,54,21.3,73,11.9,1032.3,0.0,0.0,2,572.1,0
2019-03-22 18:45:00,5,54,21.3,74,11.8,1032.3,0.0,0.0,4,572.1,0
2019-03-22 18:50:00,5,55,21.3,75,11.7,1032.5,0.0,0.0,2,572.1,0
2019-03-22 18:55:00,5,55,21.3,75,11.5,1032.5,0.0,0.0,2,572.1,0
2019-03-22 19:00:00,5,55,21.3,76,11.3,1032.7,0.3,0.7,8,572.1,0
2019-03-22 19:05:00,5,55,21.3,76,11.3,1032.7,0.3,0.7,8,572.1,0
2019-03-22 19:10:00,5,55,21.3,79,10.5,1032.7,0.3,1.0,2,572.1,0
2019-03-22 19:15:00,5,55,21.3,80,10.2,1032.7,0.0,0.3,8,572.1,0
2019-03-22 19:20:00,5,55,21.3,81,9.9,1032.7,0.3,1.0,4,572.1,0
2019-03-22 19:25:00,5,55,21.3,82,9.5,1032.7,0.3,1.4,8,572.1,0
2019-03-22 19:30:00,5,55,21.3,82,9.2,1032.8,0.7,1.7,6,572.1,0
2019-03-22 19:35:00,5,55,21.2,84,8.9,1032.9,1.0,1.7,8,572.1,0
2019-03-22 19:40:00,5,55,21.2,84,8.7,1032.9,0.7,1.7,4,572.1,0
2019-03-22 19:45:00,5,55,21.2,85,8.4,1033.0,0.7,1.7,8,572.1,0
2019-03-22 19:50:00,5,55,21.2,86,8.3,1033.0,1.4,2.0,6,572.1,0
2019-03-22 19:55:00,5,55,21.2,86,8.1,1033.0,0.0,0.7,8,572.1,0
2019-03-22 20:00:00,5,55,21.2,87,8.1,1033.0,0.0,0.0,8,572.1,0
2019-03-22 20:05:00,5,55,21.1,88,8.1,1033.0,0.3,0.7,6,572.1,0
2019-03-22 20:10:00,5,55,21.1,88,8.1,1033.2,0.3,1.0,4,572.1,0
2019-03-22 20:15:00,5,55,21.1,89,8.0,1033.2,0.0,0.0,4,572.1,0
2019-03-22 20:20:00,5,55,21.1,90,7.8,1033.4,0.0,0.3,10,572.1,0
2019-03-22 20:25:00,5,55,21.1,90,7.8,1033.4,1.0,2.0,2,572.1,0
2019-03-22 20:30:00,5,55,21.1,91,7.7,1033.3,1.0,1.7,5,572.1,0
2019-03-22 20:35:00,5,55,21.1,91,7.7,1033.3,0.7,1.0,1,572.1,0
2019-03-22 20:40:00,5,55,21.1,92,7.7,1033.3,0.7,1.4,8,572.1,0
2019-03-22 20:45:00,5,55,21.1,92,7.7,1033.2,0.0,0.0,1,572.1,0
2019-03-22 20:50:00,5,55,21.1,93,7.8,1033.2,0.0,0.7,2,572.1,0
2019-03-22 20:55:00,5,55,21.0,93,7.8,1033.3,0.3,1.0,6,572.1,0
2019-03-22 21:00:00,5,55,21.0,93,7.8,1033.3,0.7,1.4,6,572.1,0
2019-03-22 21:05:00,5,56,20.9,93,7.8,1033.5,0.7,1.4,6,572.1,0
2019-03-22 21:10:00,5,57,20.9,94,7.8,1033.7,1.0,1.7,0,572.1,0
2019-03-22 21:15:00,5,57,20.9,94,7.8,1033.6,1.4,2.0,0,572.1,0
2019-03-22 21:20:00,5,57,20.7,94,7.8,1033.8,2.0,3.4,2,572.1,0
2019-03-22 21:25:00,5,57,20.7,95,7.9,1033.9,0.7,1.7,10,572.1,0
2019-03-22 21:30:00,5,58,20.6,94,8.1,1034.1,0.3,1.0,2,572.1,0
2019-03-22 21:35:00,5,58,20.6,94,8.1,1034.2,1.4,2.0,6,572.1,0
2019-03-22 21:40:00,5,58,20.5,95,8.1,1034.4,0.0,0.3,10,572.1,0
2019-03-22 21:45:00,5,58,20.5,95,8.1,1034.4,0.3,0.7,4,572.1,0
2019-03-22 21:50:00,5,58,20.4,95,8.2,1034.4,0.3,1.0,2,572.1,0
2019-03-22 21:55:00,5,58,20.4,95,8.2,1034.5,1.4,2.4,8,572.1,0
2019-03-22 22:00:00,5,58,20.3,95,8.3,1034.5,0.7,2.0,0,572.1,0
2019-03-22 22:05:00,5,58,20.3,95,8.3,1034.5,0.7,1.4,9,572.1,0
2019-03-22 22:10:00,5,58,20.2,95,8.4,1034.6,0.3,1.0,15,572.1,0
2019-03-22 22:15:00,5,58,20.2,95,8.4,1034.6,2.4,3.4,8,572.1,0
2019-03-22 22:20:00,5,58,20.1,95,8.5,1034.6,0.7,1.7,0,572.1,0
2019-03-22 22:25:00,5,58,20.0,95,8.5,1034.7,0.0,0.7,6,572.1,0
2019-03-22 22:30:00,5,58,20.0,95,8.6,1034.9,0.0,0.0,2,572.1,0
2019-03-22 22:35:00,5,58,20.0,95,8.6,1034.9,0.7,1.0,5,572.1,0
2019-03-22 22:40:00,5,59,19.9,95,8.6,1035.0,0.7,1.0,0,572.1,0
2019-03-22 22:45:00,5,59,19.8,94,8.6,1035.2,1.0,1.7,2,572.1,0
2019-03-22 22:50:00,5,59,19.8,94,8.6,1035.2,1.0,2.4,0,572.1,0
2019-03-22 22:55:00,5,59,19.7,94,8.6,1035.3,0.7,1.4,4,572.1,0
2019-03-22 23:00:00,5,59,19.7,94,8.6,1035.3,0.7,1.0,12,572.1,0
2019-03-22 23:05:00,5,59,19.7,94,8.6,1035.4,0.7,1.0,12,572.1,0
2019-03-22 23:10:00,5,60,19.6,93,8.7,1035.5,1.4,3.1,6,572.1,0
2019-03-22 23:15:00,5,60,19.6,93,8.7,1035.5,0.3,1.0,2,572.1,0
2019-03-22 23:20:00,5,60,19.6,93,8.7,1035.5,0.7,1.4,4,572.1,0
2019-03-22 23:25:00,5,60,19.5,93,8.8,1035.4,0.7,1.4,6,572.1,0
2019-03-22 23:30:00,5,60,19.4,92,8.8,1035.5,0.7,1.4,0,572.1,0
2019-03-22 23:35:00,5,60,19.3,92,8.8,1035.5,0,0,8,572.1,0
2019-03-22 23:40:00,5,60,19.3,92,8.8,1035.6,1.4,1.7,8,572.1,0
2019-03-22 23:45:00,5,60,19.3,92,8.8,1035.6,0.3,0.7,10,572.1,0
2019-03-22 23:50:00,5,60,19.2,91,8.8,1035.5,0.3,1.0,8,572.1,0
2019-03-22 23:55:00,5,60,19.2,91,8.9,1035.5,0,1.0,10,572.1,0
