2019-03-20 00:02:00,5,62,18.4,85,5.9,1039.1,0.0,0.0,8,572.1,0
2019-03-20 00:07:00,5,62,18.3,84,6.0,1039.1,0.0,0.0,6,572.1,0
2019-03-20 00:12:00,5,62,18.3,84,6.1,1039.2,0.0,0.0,10,572.1,0
2019-03-20 00:17:00,5,61,18.3,84,6.1,1039.3,0.0,0.0,6,572.1,0
2019-03-20 00:22:00,5,61,18.2,84,6.1,1039.3,0.0,0.0,8,572.1,0
2019-03-20 00:27:00,5,61,18.2,84,6.2,1039.2,0.0,0.0,14,572.1,0
2019-03-20 00:32:00,5,61,18.1,84,6.2,1039.3,0.0,0.0,0,572.1,0
2019-03-20 00:37:00,5,61,18.1,84,6.2,1039.4,0.0,0.0,8,572.1,0
2019-03-20 00:42:00,5,61,18.1,84,6.3,1039.4,0.0,0.7,0,572.1,0
2019-03-20 00:47:00,5,61,18.1,84,6.4,1039.3,0.0,0.0,6,572.1,0
2019-03-20 00:52:00,5,61,18.0,83,6.4,1039.5,0.0,0.0,4,572.1,0
2019-03-20 00:57:00,5,61,18.0,83,6.5,1039.5,0.0,0.0,8,572.1,0
2019-03-20 01:02:00,5,61,18.0,83,6.5,1039.5,0.0,0.3,12,572.1,0
2019-03-20 01:07:00,5,61,18.0,83,6.5,1039.4,0.0,0.3,12,572.1,0
2019-03-20 01:12:00,5,61,18.0,83,6.7,1039.5,0.0,0.3,14,572.1,0
2019-03-20 01:17:00,5,60,17.1,83,6.7,1039.4,0.0,0.3,10,572.1,0
2019-03-20 01:22:00,5,60,17.1,83,6.7,1039.4,0.0,0.0,8,572.1,0
2019-03-20 01:27:00,5,60,17.0,83,6.8,1039.4,0.0,0.0,4,572.1,0
2019-03-20 01:32:00,5,60,17.0,83,6.8,1039.4,0.0,0.0,0,572.1,0
2019-03-20 01:37:00,5,60,17.9,83,6.8,1039.4,0.0,0.0,8,572.1,0
2019-03-20 01:42:00,5,60,17.0,83,6.9,1039.5,0.7,1.4,8,572.1,0
2019-03-20 01:47:00,5,60,17.0,82,7.0,1039.4,0.0,0.0,8,572.1,0
2019-03-20 01:52:00,5,61,16.9,82,7.0,1039.4,0.0,0.0,6,572.1,0
2019-03-20 01:57:00,5,61,16.9,82,7.0,1039.4,0.0,0.0,0,572.1,0
2019-03-20 02:02:00,5,61,16.9,82,7.1,1039.4,0.0,0.0,0,572.1,0
2019-03-20 02:07:00,5,61,16.9,82,7.1,1039.5,0.0,0.0,4,572.1,0
2019-03-20 02:12:00,5,61,16.9,82,7.1,1039.4,0.0,0.0,12,572.1,0
2019-03-20 02:17:00,5,61,16.9,82,7.1,1039.4,0.0,0.0,0,572.1,0
2019-03-20 02:22:00,5,61,16.9,82,7.1,1039.5,0.0,0.7,6,572.1,0
2019-03-20 02:27:00,5,61,16.8,82,7.1,1039.6,0.0,0.0,6,572.1,0
2019-03-20 02:32:00,5,61,16.8,82,7.1,1039.4,0.0,0.0,6,572.1,0
2019-03-20 02:37:00,5,61,16.8,81,7.1,1039.5,0.0,0.0,10,572.1,0
2019-03-20 02:42:00,5,61,16.8,81,7.1,1039.6,0.0,0.3,14,572.1,0
2019-03-20 02:47:00,5,61,16.8,81,7.1,1039.6,0.0,0.0,12,572.1,0
2019-03-20 02:52:00,5,61,16.8,81,7.1,1039.6,0.0,0.3,4,572.1,0
2019-03-20 02:57:00,5,61,16.8,81,7.1,1039.6,0.0,0.0,8,572.1,0
2019-03-20 03:02:00,5,61,16.8,82,7.1,1039.5,0.3,0.7,6,572.1,0
2019-03-20 03:07:00,5,61,16.8,82,7.1,1039.5,0.3,0.7,6,572.1,0
2019-03-20 03:12:00,5,61,16.8,82,7.5,1039.5,0.3,0.7,12,572.1,0
2019-03-20 03:17:00,5,61,16.8,82,7.6,1039.4,0.3,1.4,8,572.1,0
2019-03-20 03:22:00,5,61,16.8,83,7.7,1039.5,0.7,1.7,10,572.1,0
2019-03-20 03:27:00,5,61,16.8,83,7.8,1039.6,0.3,1.0,8,572.1,0
2019-03-20 03:32:00,5,61,16.8,83,7.8,1039.6,0.7,1.4,14,572.1,0
2019-03-20 03:37:00,5,61,16.8,83,7.8,1039.5,1.7,2.7,6,572.1,0
2019-03-20 03:42:00,5,60,16.8,83,7.8,1039.5,0.3,0.7,14,572.1,0
2019-03-20 03:47:00,5,60,16.8,83,7.8,1039.4,0.3,1.0,4,572.1,0
2019-03-20 03:52:00,5,60,16.8,83,7.8,1039.5,1.0,1.7,12,572.1,0
2019-03-20 03:57:00,5,60,16.8,83,7.8,1039.5,0.0,0.7,10,572.1,0
2019-03-20 04:02:00,5,60,16.8,83,7.8,1039.4,0.0,0.3,2,572.1,0
2019-03-20 04:07:00,5,60,16.8,83,7.8,1039.3,1.0,1.4,0,572.1,0
2019-03-20 04:12:00,5,60,16.8,83,7.7,1039.2,1.0,2.4,10,572.1,0
2019-03-20 04:17:00,5,60,16.9,83,7.7,1039.5,1.0,1.7,8,572.1,0
2019-03-20 04:22:00,5,60,16.9,84,7.7,1039.4,1.0,1.7,10,572.1,0
2019-03-20 04:27:00,5,60,16.9,84,7.8,1039.5,0.7,1.4,8,572.1,0
2019-03-20 04:32:00,5,60,16.8,84,7.8,1039.7,1.4,3.1,8,572.1,0
2019-03-20 04:37:00,5,60,16.8,85,7.8,1039.7,0.7,1.7,10,572.1,0
2019-03-20 04:42:00,5,60,16.8,85,7.8,1039.7,0.7,1.4,8,572.1,0
2019-03-20 04:47:00,5,61,16.9,85,7.8,1039.7,0.7,1.0,8,572.1,0
2019-03-20 04:52:00,5,60,17.0,85,8.0,1039.6,1.0,1.7,10,572.1,0
2019-03-20 04:57:00,5,60,17.1,85,8.0,1039.5,0.7,1.4,8,572.1,0
2019-03-20 05:02:00,5,60,17.4,85,8.0,1039.3,0.7,1.4,14,572.1,0
2019-03-20 05:07:00,5,59,17.6,85,8.0,1039.1,0.7,1.4,14,572.1,0
2019-03-20 05:12:00,5,59,17.8,86,8.0,1038.9,0.7,1.7,8,572.1,0
2019-03-20 05:17:00,5,59,18.9,86,8.0,1038.9,0.7,1.0,8,572.1,0
2019-03-20 05:22:00,5,57,19.0,86,8.0,1038.6,0.0,0.7,8,572.1,0
2019-03-20 05:27:00,5,57,19.1,86,8.0,1038.5,0.7,1.7,8,572.1,0
2019-03-20 05:32:00,5,56,19.2,86,8.1,1038.6,0.7,1.0,10,572.1,0
2019-03-20 05:37:00,5,56,19.3,86,8.1,1038.4,0.7,1.0,6,572.1,0
2019-03-20 05:42:00,5,56,19.3,87,8.1,1038.4,0.3,1.0,8,572.1,0
2019-03-20 05:47:00,5,56,19.3,87,8.1,1038.5,1.0,2.0,8,572.1,0
2019-03-20 05:52:00,5,56,19.4,87,8.2,1038.5,0.7,1.7,8,572.1,0
2019-03-20 05:57:00,5,56,19.4,87,8.2,1038.5,1.0,1.4,10,572.1,0
2019-03-20 06:02:00,5,57,19.4,87,8.2,1038.6,1.0,1.7,4,572.1,0
2019-03-20 06:07:00,5,57,19.5,87,8.2,1038.6,0.7,1.0,6,572.1,0
2019-03-20 06:12:00,5,57,19.5,88,8.3,1038.6,1.0,1.4,8,572.1,0
2019-03-20 06:17:00,5,58,19.6,88,8.3,1038.6,0.7,1.0,12,572.1,0
2019-03-20 06:22:00,5,58,19.8,88,8.3,1038.3,1.0,1.7,2,572.1,0
2019-03-20 06:27:00,5,58,19.9,88,8.3,1038.3,1.0,1.7,10,572.1,0
2019-03-20 06:32:00,5,57,20.0,88,8.3,1038.2,1.0,1.7,2,572.1,0
2019-03-20 06:37:00,5,56,20.1,88,8.3,1038.2,1.0,2.4,6,572.1,0
2019-03-20 06:42:00,5,56,20.2,88,8.3,1038.1,1.4,3.1,10,572.1,0
2019-03-20 06:47:00,5,56,20.2,88,8.3,1038.2,0.7,1.7,8,572.1,0
2019-03-20 06:52:00,5,56,20.3,88,8.4,1038.3,0.7,1.4,4,572.1,0
2019-03-20 06:57:00,5,56,20.3,89,8.4,1038.3,1.0,2.7,0,572.1,0
2019-03-20 07:02:00,5,56,20.3,89,8.3,1038.4,0.7,1.4,8,572.1,0
2019-03-20 07:07:00,5,56,20.3,89,8.3,1038.4,0.7,1.4,8,572.1,0
2019-03-20 07:12:00,5,56,20.4,89,8.4,1038.2,1.0,2.0,6,572.1,0
2019-03-20 07:17:00,5,56,20.4,89,8.5,1038.3,0.7,1.4,7,572.1,0
2019-03-20 07:22:00,5,56,20.4,89,8.5,1038.3,1.0,1.4,6,572.1,0
2019-03-20 07:27:00,5,56,20.4,89,8.6,1038.3,1.0,1.4,10,572.1,0
2019-03-20 07:32:00,5,55,20.4,89,8.7,1038.3,1.0,1.7,8,572.1,0
2019-03-20 07:37:00,5,55,20.4,89,8.7,1038.4,1.7,2.7,8,572.1,0
2019-03-20 07:42:00,5,55,20.3,89,8.8,1038.4,2.0,3.1,6,572.1,0
2019-03-20 07:47:00,5,55,20.3,89,8.9,1038.5,1.0,1.7,8,572.1,0
2019-03-20 07:52:00,5,55,20.3,88,9.0,1038.6,1.4,2.0,8,572.1,0
2019-03-20 07:57:00,5,55,20.2,88,9.0,1038.6,1.0,1.4,0,572.1,0
2019-03-20 08:02:00,5,55,20.2,88,9.0,1038.7,1.4,2.7,5,572.1,0
2019-03-20 08:07:00,5,56,20.1,87,9.0,1038.7,2.0,3.1,7,572.1,0
2019-03-20 08:12:00,5,56,20.1,88,8.9,1038.8,1.4,1.7,14,572.1,0
2019-03-20 08:17:00,5,56,20.1,87,9.0,1038.8,1.4,2.0,6,572.1,0
2019-03-20 08:22:00,5,56,20.0,87,9.1,1039.0,1.0,2.0,10,572.1,0
2019-03-20 08:27:00,5,58,19.9,87,9.1,1039.2,1.7,2.4,8,572.1,0
2019-03-20 08:32:00,5,59,19.8,87,9.1,1039.3,1.0,2.0,6,572.1,0
2019-03-20 08:37:00,5,59,19.7,87,9.0,1039.4,1.7,2.7,6,572.1,0
2019-03-20 08:42:00,5,60,19.7,87,9.1,1039.4,1.0,1.7,8,572.1,0
2019-03-20 08:47:00,5,60,19.7,87,9.2,1039.6,0.7,1.7,8,572.1,0
2019-03-20 08:52:00,5,60,19.6,87,9.3,1039.6,1.0,1.4,6,572.1,0
2019-03-20 08:57:00,5,61,19.7,87,9.4,1039.6,0.7,1.0,14,572.1,0
2019-03-20 09:02:00,5,61,19.8,87,9.5,1039.5,0.7,2.0,14,572.1,0
2019-03-20 09:07:00,5,60,20.1,87,9.5,1039.4,0.7,2.0,14,572.1,0
2019-03-20 09:12:00,5,60,20.4,87,9.8,1039.0,1.4,2.0,10,572.1,0
2019-03-20 09:17:00,5,59,20.7,87,9.8,1038.9,1.7,2.4,4,572.1,0
2019-03-20 09:22:00,5,58,20.9,86,9.7,1038.8,0.3,1.4,8,572.1,0
2019-03-20 09:27:00,5,56,21.1,86,9.8,1038.6,0.3,1.0,14,572.1,0
2019-03-20 09:32:00,5,56,21.2,86,9.8,1038.5,0.7,1.4,10,572.1,0
2019-03-20 09:37:00,5,56,21.3,85,9.8,1038.3,1.0,2.4,6,572.1,0
2019-03-20 09:42:00,5,56,21.5,85,9.9,1038.2,0.7,1.4,6,572.1,0
2019-03-20 09:47:00,5,55,21.5,84,10.1,1038.0,1.0,1.4,8,572.1,0
2019-03-20 09:52:00,5,55,21.6,84,10.2,1038.0,0.7,1.7,10,572.1,0
2019-03-20 09:57:00,5,55,21.7,84,10.3,1037.9,0.7,1.7,15,572.1,0
2019-03-20 10:02:00,5,55,21.7,84,10.3,1037.9,1.0,2.0,10,572.1,0
2019-03-20 10:07:00,5,55,21.8,83,10.5,1038.0,0.7,1.4,10,572.1,0
2019-03-20 10:12:00,5,55,21.8,83,10.6,1038.0,1.7,2.7,10,572.1,0
2019-03-20 10:17:00,5,55,21.8,82,10.5,1038.1,1.4,2.0,2,572.1,0
2019-03-20 10:22:00,5,55,21.8,82,10.5,1038.1,1.0,1.7,12,572.1,0
2019-03-20 10:27:00,5,55,21.7,82,10.6,1038.0,1.0,2.0,6,572.1,0
2019-03-20 10:32:00,5,55,21.7,82,10.5,1038.2,1.0,2.4,6,572.1,0
2019-03-20 10:37:00,5,55,21.7,82,10.4,1038.2,0.7,1.0,6,572.1,0
2019-03-20 10:42:00,5,55,21.6,82,10.5,1038.4,1.0,2.7,8,572.1,0
2019-03-20 10:47:00,5,55,21.6,82,10.4,1038.5,2.0,3.7,8,572.1,0
2019-03-20 10:52:00,5,55,21.5,82,10.2,1038.6,0.7,1.4,10,572.1,0
2019-03-20 10:57:00,5,55,21.4,83,10.3,1038.9,0.7,1.4,6,572.1,0
2019-03-20 11:02:00,5,55,21.3,83,10.3,1038.9,1.7,3.1,8,572.1,0
2019-03-20 11:07:00,5,55,21.3,83,10.3,1038.9,1.7,3.1,8,572.1,0
2019-03-20 11:12:00,5,56,21.2,83,10.3,1039.1,1.4,2.4,12,572.1,0
2019-03-20 11:17:00,5,56,21.2,83,10.3,1039.1,1.0,1.4,8,572.1,0
2019-03-20 11:22:00,5,56,21.2,84,10.5,1039.0,1.4,1.7,6,572.1,0
2019-03-20 11:27:00,5,56,21.2,84,10.6,1039.2,1.0,1.7,0,572.1,0
2019-03-20 11:32:00,5,55,21.2,84,10.8,1039.2,1.0,2.0,14,572.1,0
2019-03-20 11:37:00,5,55,21.1,84,10.7,1039.2,2.0,3.4,6,572.1,0
2019-03-20 11:42:00,5,55,21.1,84,10.7,1039.3,1.7,2.4,6,572.1,0
2019-03-20 11:47:00,5,55,21.1,83,10.8,1039.4,1.7,2.7,8,572.1,0
2019-03-20 11:52:00,5,55,21.0,83,10.8,1039.4,2.0,3.7,8,572.1,0
2019-03-20 11:57:00,5,55,21.0,83,10.8,1039.4,0.7,1.7,2,572.1,0
2019-03-20 12:02:00,5,56,20.9,83,10.8,1039.3,1.4,2.4,8,572.1,0
2019-03-20 12:07:00,5,56,20.9,83,10.8,1039.5,1.4,2.0,8,572.1,0
2019-03-20 12:12:00,5,56,20.9,82,11.0,1039.4,0.7,1.4,12,572.1,0
2019-03-20 12:17:00,5,56,20.7,82,11.0,1039.5,1.7,3.4,6,572.1,0
2019-03-20 12:22:00,5,56,20.7,82,11.0,1039.5,1.7,2.7,4,572.1,0
2019-03-20 12:27:00,5,56,20.6,81,11.0,1039.5,1.7,3.4,14,572.1,0
2019-03-20 12:32:00,5,56,20.6,81,11.0,1039.5,0.7,1.7,6,572.1,0
2019-03-20 12:37:00,5,56,20.5,81,11.2,1039.6,1.4,2.0,6,572.1,0
2019-03-20 12:42:00,5,57,20.5,81,11.1,1039.6,1.7,2.7,10,572.1,0
2019-03-20 12:47:00,5,57,20.5,81,11.1,1039.7,0.3,1.0,14,572.1,0
2019-03-20 12:52:00,5,57,20.5,81,11.4,1039.8,1.7,2.7,8,572.1,0
2019-03-20 12:57:00,5,57,20.5,81,11.5,1039.7,1.0,1.7,4,572.1,0
2019-03-20 13:02:00,5,57,20.5,81,11.5,1039.7,1.4,2.0,14,572.1,0
2019-03-20 13:07:00,5,57,20.5,81,11.5,1039.7,1.4,2.0,14,572.1,0
2019-03-20 13:12:00,5,57,20.5,80,11.7,1039.8,1.4,2.4,6,572.1,0
2019-03-20 13:17:00,5,57,20.5,80,11.7,1039.8,2.0,3.4,8,572.1,0
2019-03-20 13:22:00,5,57,20.5,79,11.8,1039.7,0.7,1.7,9,572.1,0
2019-03-20 13:27:00,5,57,20.5,79,11.9,1039.7,1.7,2.4,8,572.1,0
2019-03-20 13:32:00,5,57,20.4,78,12.0,1039.7,1.4,2.0,8,572.1,0
2019-03-20 13:37:00,5,57,20.4,78,12.0,1039.6,0.7,1.0,12,572.1,0
2019-03-20 13:42:00,5,57,20.4,77,12.1,1039.7,2.0,3.4,8,572.1,0
2019-03-20 13:47:00,5,57,20.4,76,12.0,1039.8,1.0,1.7,8,572.1,0
2019-03-20 13:52:00,5,58,20.4,77,12.1,1039.6,1.4,2.4,10,572.1,0
2019-03-20 13:57:00,5,59,20.4,77,12.2,1039.7,2.0,2.7,8,572.1,0
2019-03-20 14:02:00,5,59,20.4,76,12.2,1039.6,1.0,1.7,8,572.1,0
2019-03-20 14:07:00,5,60,20.5,76,12.5,1039.5,1.4,2.0,8,572.1,0
2019-03-20 14:12:00,5,60,20.5,75,12.6,1039.3,1.4,2.0,6,572.1,0
2019-03-20 14:17:00,5,60,20.6,74,12.6,1039.4,2.0,3.1,10,572.1,0
2019-03-20 14:22:00,5,60,20.6,74,12.5,1039.3,1.7,3.1,8,572.1,0
2019-03-20 14:27:00,5,60,20.6,74,12.5,1039.2,1.7,2.7,0,572.1,0
2019-03-20 14:32:00,5,60,20.6,74,12.5,1039.3,1.7,2.4,8,572.1,0
2019-03-20 14:37:00,5,60,20.6,74,12.5,1039.4,1.0,2.0,4,572.1,0
2019-03-20 14:42:00,5,60,20.6,74,12.5,1039.2,1.0,1.4,6,572.1,0
2019-03-20 14:47:00,5,60,20.7,74,12.5,1039.2,1.0,3.1,10,572.1,0
2019-03-20 14:52:00,5,60,20.7,74,12.5,1039.3,2.0,2.4,10,572.1,0
2019-03-20 14:57:00,5,60,20.7,74,12.6,1039.2,1.0,1.7,8,572.1,0
2019-03-20 15:02:00,5,60,20.7,74,12.6,1039.3,1.7,3.7,6,572.1,0
2019-03-20 15:07:00,5,59,20.7,74,12.6,1039.4,1.7,3.7,6,572.1,0
2019-03-20 15:12:00,5,59,20.6,72,12.5,1039.3,1.0,2.0,10,572.1,0
2019-03-20 15:17:00,5,59,20.6,72,12.4,1039.3,0.7,2.4,8,572.1,0
2019-03-20 15:22:00,5,59,20.5,73,12.4,1039.5,1.4,1.7,8,572.1,0
2019-03-20 15:27:00,5,59,20.5,73,12.3,1039.5,1.0,2.4,8,572.1,0
2019-03-20 15:32:00,5,59,20.4,73,12.3,1039.6,2.0,3.1,10,572.1,0
2019-03-20 15:37:00,5,59,20.4,73,12.2,1039.7,1.0,1.7,8,572.1,0
2019-03-20 15:42:00,5,60,20.4,73,12.2,1039.7,1.0,2.4,4,572.1,0
2019-03-20 15:47:00,5,59,20.3,74,12.1,1039.8,0.7,1.4,4,572.1,0
2019-03-20 15:52:00,5,60,20.3,74,12.0,1039.7,1.7,3.1,6,572.1,0
2019-03-20 15:57:00,5,60,20.2,75,12.0,1039.9,0.7,1.4,10,572.1,0
2019-03-20 16:02:00,5,60,20.2,75,12.1,1039.8,1.0,1.7,6,572.1,0
2019-03-20 16:07:00,5,60,20.3,75,12.1,1039.7,1.7,2.7,8,572.1,0
2019-03-20 16:12:00,5,60,20.3,75,12.0,1039.7,2.0,3.4,8,572.1,0
2019-03-20 16:17:00,5,60,20.4,76,12.0,1039.5,1.4,2.0,12,572.1,0
2019-03-20 16:22:00,5,59,20.4,77,11.9,1039.5,0.7,1.0,8,572.1,0
2019-03-20 16:27:00,5,59,20.5,77,11.9,1039.4,1.0,2.0,8,572.1,0
2019-03-20 16:32:00,5,58,20.5,78,11.8,1039.5,1.0,2.0,6,572.1,0
2019-03-20 16:37:00,5,58,20.6,78,11.8,1039.5,1.0,2.0,6,572.1,0
2019-03-20 16:42:00,5,58,20.6,78,11.8,1039.3,0.3,1.0,0,572.1,0
2019-03-20 16:47:00,5,57,20.6,79,11.7,1039.4,0.3,0.7,0,572.1,0
2019-03-20 16:52:00,5,57,20.6,79,11.7,1039.5,0.3,0.7,6,572.1,0
2019-03-20 16:57:00,5,57,20.6,79,11.7,1039.7,1.0,1.4,6,572.1,0
2019-03-20 17:02:00,5,57,20.5,79,11.6,1039.6,0.0,1.0,14,572.1,0
2019-03-20 17:07:00,5,57,20.5,79,11.6,1039.8,0.0,1.0,14,572.1,0
2019-03-20 17:12:00,5,56,20.5,79,11.5,1039.7,1.0,2.0,0,572.1,0
2019-03-20 17:17:00,5,56,20.5,79,11.4,1039.7,1.0,2.0,4,572.1,0
2019-03-20 17:22:00,5,57,20.5,79,11.3,1040.0,0.3,0.7,10,572.1,0
2019-03-20 17:27:00,5,58,20.5,79,11.2,1040.0,0.7,1.4,4,572.1,0
2019-03-20 17:32:00,5,60,20.5,79,11.1,1039.8,0.0,0.0,8,572.1,0
2019-03-20 17:37:00,5,61,20.5,79,11.1,1039.9,0.7,1.7,10,572.1,0
2019-03-20 17:42:00,5,61,20.5,79,11.0,1040.0,0.3,1.0,0,572.1,0
2019-03-20 17:47:00,5,61,20.5,80,11.0,1039.9,0.0,0.7,14,572.1,0
2019-03-20 17:52:00,5,62,20.5,81,10.8,1039.9,0.0,0.3,6,572.1,0
2019-03-20 17:57:00,5,62,20.5,81,10.8,1040.1,0.0,0.0,14,572.1,0
2019-03-20 18:02:00,5,62,20.5,81,10.8,1040.1,0.0,0.3,14,572.1,0
2019-03-20 18:07:00,5,63,20.4,81,10.8,1040.1,0.0,0.7,6,572.1,0
2019-03-20 18:12:00,5,63,20.4,81,10.8,1040.2,0.3,0.7,12,572.1,0
2019-03-20 18:17:00,5,64,20.4,81,10.8,1040.4,0.0,0.3,6,572.1,0
2019-03-20 18:22:00,5,65,20.4,81,10.7,1040.3,0.0,0.0,2,572.1,0
2019-03-20 18:27:00,5,65,20.4,81,10.7,1040.4,0.0,0.0,4,572.1,0
2019-03-20 18:32:00,5,66,20.4,81,10.7,1040.4,0.3,1.0,2,572.1,0
2019-03-20 18:37:00,5,66,20.4,81,10.6,1040.4,0.0,0.7,14,572.1,0
2019-03-20 18:42:00,5,66,20.4,81,10.6,1040.4,0.3,1.4,2,572.1,0
2019-03-20 18:47:00,5,65,20.4,81,10.6,1040.4,0.3,1.0,4,572.1,0
2019-03-20 18:52:00,5,65,20.3,81,10.6,1040.5,0.3,1.0,0,572.1,0
2019-03-20 18:57:00,5,65,20.3,82,10.6,1040.5,1.0,1.4,4,572.1,0
2019-03-20 19:02:00,5,65,20.3,82,10.6,1040.7,0.7,1.0,0,572.1,0
2019-03-20 19:07:00,5,65,20.3,82,10.6,1040.7,0.7,1.0,0,572.1,0
2019-03-20 19:12:00,5,64,20.2,81,10.6,1040.7,0.0,0.0,4,572.1,0
2019-03-20 19:17:00,5,64,20.2,81,10.6,1040.8,0.0,0.3,2,572.1,0
2019-03-20 19:22:00,5,64,20.1,81,10.6,1040.9,0.0,0.7,4,572.1,0
2019-03-20 19:27:00,5,64,20.1,81,10.6,1040.8,0.7,1.4,4,572.1,0
2019-03-20 19:32:00,5,64,20.1,81,10.6,1040.8,0.0,0.3,6,572.1,0
2019-03-20 19:37:00,5,64,20.1,81,10.6,1040.9,0.0,0.0,6,572.1,0
2019-03-20 19:42:00,5,65,20.1,81,10.5,1041.0,0.0,0.0,8,572.1,0
2019-03-20 19:47:00,5,65,20.1,81,10.5,1040.8,0.0,0.0,8,572.1,0
2019-03-20 19:52:00,5,65,20.1,81,10.5,1041.0,0.0,0.0,4,572.1,0
2019-03-20 19:57:00,5,65,20.1,81,10.5,1041.0,0.0,0.7,8,572.1,0
2019-03-20 20:02:00,5,65,20.1,81,10.4,1041.0,0.0,0.3,6,572.1,0
2019-03-20 20:07:00,5,65,20.1,81,10.3,1041.0,0.0,0.0,8,572.1,0
2019-03-20 20:12:00,5,65,20.1,82,10.2,1041.0,0.0,0.0,4,572.1,0
2019-03-20 20:17:00,5,65,20.0,82,10.1,1041.0,0.0,0.0,6,572.1,0
2019-03-20 20:22:00,5,65,20.0,82,10.0,1041.0,0.0,0.0,8,572.1,0
2019-03-20 20:27:00,5,65,20.0,83,9.9,1041.0,0.0,0.0,8,572.1,0
2019-03-20 20:32:00,5,65,20.0,83,9.8,1041.1,0.0,0.0,6,572.1,0
2019-03-20 20:37:00,5,64,20.0,83,9.7,1041.1,0.0,0.0,6,572.1,0
2019-03-20 20:42:00,5,64,20.0,83,9.7,1041.1,0.0,0.0,0,572.1,0
2019-03-20 20:47:00,5,65,19.9,83,9.6,1041.3,0.0,0.0,10,572.1,0
2019-03-20 20:52:00,5,65,19.8,84,9.5,1041.3,0.0,0.0,12,572.1,0
2019-03-20 20:57:00,5,65,19.8,84,9.5,1041.2,0.0,0.0,10,572.1,0
2019-03-20 21:02:00,5,65,19.8,84,9.5,1041.4,0.0,0.0,6,572.1,0
2019-03-20 21:07:00,5,65,19.8,84,9.5,1041.3,0.0,0.0,6,572.1,0
2019-03-20 21:12:00,5,65,19.7,84,9.5,1041.3,0.0,0.0,6,572.1,0
2019-03-20 21:17:00,5,65,19.7,84,9.5,1041.3,0.0,0.0,8,572.1,0
2019-03-20 21:22:00,5,65,19.7,85,9.5,1041.3,0.0,0.0,10,572.1,0
2019-03-20 21:27:00,5,65,19.7,85,9.4,1041.3,0.0,0.0,10,572.1,0
2019-03-20 21:32:00,5,65,19.7,85,9.4,1041.3,0.0,0.0,6,572.1,0
2019-03-20 21:37:00,5,65,19.6,85,9.4,1041.3,0.0,0.0,6,572.1,0
2019-03-20 21:42:00,5,65,19.6,85,9.4,1041.2,0.0,0.0,14,572.1,0
2019-03-20 21:47:00,5,65,19.6,85,9.2,1041.2,0.0,0.0,10,572.1,0
2019-03-20 21:52:00,5,65,19.6,85,9.1,1041.4,0.0,0.0,10,572.1,0
2019-03-20 21:57:00,5,65,19.5,85,9.0,1041.5,0.0,0.0,12,572.1,0
2019-03-20 22:02:00,5,65,19.5,86,8.9,1041.4,0.0,0.0,11,572.1,0
2019-03-20 22:07:00,5,65,19.4,86,8.9,1041.4,0.0,0.0,4,572.1,0
2019-03-20 22:12:00,5,65,19.3,87,8.8,1041.5,0.0,0.0,2,572.1,0
2019-03-20 22:17:00,5,65,19.3,87,8.7,1041.5,0.0,0.0,8,572.1,0
2019-03-20 22:22:00,5,65,19.3,87,8.6,1041.4,0.0,0.0,10,572.1,0
2019-03-20 22:27:00,5,65,19.3,87,8.5,1041.4,0.0,0.0,8,572.1,0
2019-03-20 22:32:00,5,65,19.2,87,8.5,1041.6,0.0,0.0,8,572.1,0
2019-03-20 22:37:00,5,65,19.2,87,8.4,1041.5,0.0,0.0,8,572.1,0
2019-03-20 22:42:00,5,65,19.2,87,8.3,1041.4,0.0,0.0,6,572.1,0
2019-03-20 22:47:00,5,65,19.1,87,8.3,1041.5,0.0,0.0,8,572.1,0
2019-03-20 22:52:00,5,65,19.1,87,8.2,1041.6,0.0,0.0,8,572.1,0
2019-03-20 22:57:00,5,65,19.1,87,8.1,1041.6,0.0,0.0,6,572.1,0
2019-03-20 23:02:00,5,65,19.0,88,8.1,1041.7,0.0,0.0,6,572.1,0
2019-03-20 23:07:00,5,65,19.0,88,8.1,1041.8,0,0,6,572.1,0
2019-03-20 23:12:00,5,65,19.0,88,8.0,1041.9,0,0,8,572.1,0
2019-03-20 23:17:00,5,65,19.0,89,7.8,1042.0,0,0,8,572.1,0
2019-03-20 23:22:00,5,66,18.9,89,7.8,1042.0,0,0,4,572.1,0
2019-03-20 23:27:00,5,66,18.9,89,7.8,1042.0,0,0,6,572.1,0
2019-03-20 23:32:00,5,66,18.8,89,7.8,1042.0,0,0,8,572.1,0
2019-03-20 23:37:00,5,66,18.8,89,7.8,1041.9,0,0,8,572.1,0
2019-03-20 23:42:00,5,66,18.8,89,7.8,1041.9,0,0,8,572.1,0
2019-03-20 23:47:00,5,66,18.8,89,7.8,1042.0,0,0,8,572.1,0
2019-03-20 23:52:00,5,66,18.7,89,7.8,1042.0,0,0,10,572.1,0
2019-03-20 23:57:00,5,66,18.7,89,7.8,1042.0,0,0,10,572.1,0
