2019-03-06 00:02:01,5,58,19.4,90,7.5,1012.9,0.3,0.7,6,513.9,0
2019-03-06 00:07:01,5,58,19.3,90,7.6,1012.9,0.3,1.0,14,513.9,0
2019-03-06 00:12:01,5,58,19.3,90,7.6,1013.0,0.0,0.7,6,513.9,0
2019-03-06 00:17:01,5,58,19.2,91,7.6,1012.9,0.3,1.0,12,513.9,0
2019-03-06 00:22:01,5,58,19.2,91,7.6,1013.0,0.0,0.3,2,514.2,0
2019-03-06 00:27:01,5,58,19.1,91,7.6,1012.9,0.0,0.0,14,514.2,0
2019-03-06 00:32:01,5,58,19.1,92,7.7,1012.8,0.0,0.0,2,514.2,0
2019-03-06 00:37:01,5,58,19.1,92,7.7,1012.8,0.0,0.0,2,514.2,0
2019-03-06 00:42:01,5,58,19.1,92,7.7,1012.5,0.0,0.3,6,514.2,0
2019-03-06 00:47:01,5,58,19.0,92,7.7,1012.6,0.0,0.3,8,514.2,0
2019-03-06 00:52:01,5,58,19.0,93,7.8,1012.6,0.3,1.0,4,514.2,0
2019-03-06 00:57:01,5,58,19.0,93,7.8,1012.6,0.0,1.0,0,514.2,0
2019-03-06 01:02:01,5,59,18.9,93,7.7,1012.5,0.7,1.4,8,514.2,0
2019-03-06 01:07:01,5,59,18.9,93,7.7,1012.4,0.7,1.4,8,514.2,0
2019-03-06 01:12:01,5,60,18.9,94,7.8,1012.5,0.0,0.0,14,514.2,0
2019-03-06 01:17:01,5,60,18.8,94,7.8,1012.5,0.0,0.7,10,514.2,0
2019-03-06 01:22:01,5,60,18.8,94,7.8,1012.6,0.3,1.4,0,514.2,0
2019-03-06 01:27:01,5,60,18.8,94,7.8,1012.5,0.7,2.0,14,514.2,0
2019-03-06 01:32:01,5,60,18.8,94,7.9,1012.5,0.3,1.0,12,514.2,0
2019-03-06 01:37:01,5,60,18.8,95,7.9,1012.3,0.0,0.7,2,514.2,0
2019-03-06 01:42:01,5,60,18.7,95,7.9,1012.2,0.0,0.3,8,514.2,0
2019-03-06 01:47:01,5,60,18.6,95,7.9,1012.1,0.0,0.3,2,514.2,0
2019-03-06 01:52:01,5,60,18.6,95,7.9,1011.9,0.7,1.4,10,514.2,0
2019-03-06 01:57:01,5,60,18.6,95,7.9,1011.9,0.7,1.4,10,514.2,0
2019-03-06 02:02:01,5,60,18.6,95,7.9,1011.8,0.7,1.4,10,514.2,0
2019-03-06 02:07:01,5,60,18.6,95,7.9,1011.8,0.7,1.4,14,514.2,0
2019-03-06 02:12:01,5,60,18.5,95,7.9,1011.8,1.0,1.7,8,514.2,0
2019-03-06 02:17:01,5,60,18.5,96,7.9,1011.8,0.3,0.7,2,514.2,0
2019-03-06 02:22:01,5,60,18.5,96,7.9,1011.7,0.3,1.0,10,514.2,0
2019-03-06 02:27:01,5,60,18.5,96,7.9,1011.8,0.3,1.4,14,514.2,0
2019-03-06 02:32:01,5,60,18.5,96,7.9,1011.7,0.3,0.7,12,514.2,0
2019-03-06 02:37:01,5,60,18.5,96,7.9,1011.5,0.7,1.7,14,514.2,0
2019-03-06 02:42:01,5,60,18.4,96,7.9,1011.5,0.0,0.7,10,514.2,0
2019-03-06 02:47:01,5,60,17.6,96,7.9,1011.4,0.7,1.4,14,514.2,0
2019-03-06 02:52:01,5,60,18.4,96,7.9,1011.2,0.7,1.0,14,514.2,0
2019-03-06 02:57:01,5,60,17.6,96,7.9,1011.2,0.7,1.4,13,514.2,0
2019-03-06 03:02:01,5,60,17.5,96,7.9,1011.3,0.7,1.4,12,514.2,0
2019-03-06 03:07:01,5,60,17.5,96,7.9,1011.1,0.7,1.4,12,514.2,0
2019-03-06 03:12:01,5,60,18.3,95,8.1,1011.0,0.3,1.0,12,514.2,0
2019-03-06 03:17:01,5,60,17.5,95,8.1,1010.9,0.3,0.7,2,514.2,0
2019-03-06 03:22:01,5,60,17.5,95,8.1,1010.9,0.0,0.7,0,514.2,0
2019-03-06 03:27:01,5,60,17.5,95,8.1,1010.9,0.7,1.4,10,514.2,0
2019-03-06 03:32:01,5,60,17.4,95,8.1,1010.8,0.3,1.0,2,514.2,0
2019-03-06 03:37:01,5,60,17.4,95,8.1,1010.7,0.3,1.0,14,514.2,0
2019-03-06 03:42:01,5,60,17.4,95,8.1,1010.7,0.7,1.0,6,514.2,0
2019-03-06 03:47:01,5,60,17.4,95,8.1,1010.3,1.0,1.7,10,514.2,0
2019-03-06 03:52:01,5,60,17.4,95,8.1,1010.5,0.7,1.0,0,514.2,0
2019-03-06 03:57:01,5,60,17.4,95,8.1,1010.5,1.0,1.7,2,514.2,0
2019-03-06 04:02:01,5,60,17.4,95,8.1,1010.3,1.0,2.4,0,514.2,0
2019-03-06 04:07:01,5,60,17.3,95,8.2,1010.3,1.0,1.7,14,514.2,0
2019-03-06 04:12:01,5,60,17.3,94,8.2,1010.2,1.0,2.0,2,514.2,0
2019-03-06 04:17:01,5,60,17.3,94,8.1,1010.1,0.7,2.4,4,514.2,0
2019-03-06 04:22:01,5,60,17.3,94,8.2,1010.2,1.0,2.0,4,514.2,0
2019-03-06 04:27:01,5,60,17.3,94,8.1,1010.1,0.3,0.7,12,514.2,0
2019-03-06 04:32:01,5,60,17.3,94,8.2,1010.0,0.7,1.4,2,514.2,0
2019-03-06 04:37:01,5,60,17.3,94,8.2,1009.9,0.3,1.0,4,514.2,0
2019-03-06 04:42:01,5,60,17.3,94,8.2,1009.9,0.3,1.0,6,514.2,0
2019-03-06 04:47:01,5,60,17.3,94,8.2,1009.7,0.7,1.7,6,514.2,0
2019-03-06 04:52:01,5,60,17.3,94,8.2,1009.6,0.3,1.0,2,514.2,0
2019-03-06 04:57:01,5,60,17.4,94,8.2,1009.3,0.7,1.7,4,514.2,0
2019-03-06 05:02:01,5,60,17.5,94,8.2,1009.2,0.7,1.0,6,514.2,0
2019-03-06 05:07:01,5,60,17.7,94,8.2,1008.9,0.7,1.0,6,514.2,0
2019-03-06 05:12:01,5,59,17.9,93,8.4,1008.9,0.3,1.0,10,514.2,0
2019-03-06 05:17:01,5,59,18.0,93,8.4,1008.5,0.7,1.0,0,514.2,0
2019-03-06 05:22:01,5,58,19.1,93,8.4,1008.2,0.7,1.4,4,514.2,0
2019-03-06 05:27:01,5,58,19.1,93,8.4,1008.0,0.3,1.0,2,514.2,0
2019-03-06 05:32:01,5,57,19.2,92,8.4,1007.7,0.7,1.7,0,514.2,0
2019-03-06 05:37:01,5,57,19.3,92,8.5,1007.5,1.0,1.4,10,514.2,0
2019-03-06 05:42:01,5,57,19.3,92,8.5,1007.5,1.0,1.7,14,514.2,0
2019-03-06 05:47:01,5,57,19.3,92,8.5,1007.5,1.0,2.0,14,514.2,0
2019-03-06 05:52:01,5,57,19.3,91,8.5,1007.4,0.7,1.0,12,514.2,0
2019-03-06 05:57:01,5,56,19.3,91,8.5,1007.3,0.3,1.0,2,514.2,0
2019-03-06 06:02:01,5,56,19.3,90,8.5,1007.1,0.3,1.0,0,514.2,0
2019-03-06 06:07:01,5,57,19.3,90,8.5,1007.0,0.3,1.0,12,514.2,0
2019-03-06 06:12:01,5,57,19.3,89,8.5,1006.9,0.7,1.4,10,514.2,0
2019-03-06 06:17:01,5,57,19.4,89,8.5,1006.8,0.3,0.7,2,514.2,0
2019-03-06 06:22:01,5,58,19.5,88,8.5,1006.7,0.3,1.0,10,514.2,0
2019-03-06 06:27:01,5,58,19.6,88,8.6,1006.5,0.3,1.0,12,514.2,0
2019-03-06 06:32:01,5,58,19.7,88,8.6,1006.4,0.3,1.0,10,514.2,0
2019-03-06 06:37:01,5,58,19.8,87,8.6,1006.0,0.7,1.7,10,514.2,0
2019-03-06 06:42:01,5,58,19.9,87,8.7,1005.9,1.0,1.7,6,514.2,0
2019-03-06 06:47:01,5,57,20.0,86,8.7,1005.8,1.0,2.0,1,514.2,0
2019-03-06 06:52:01,5,57,20.1,85,8.8,1005.6,1.4,2.7,10,514.2,0
2019-03-06 06:57:01,5,57,20.1,84,8.9,1005.4,1.0,2.4,4,514.2,0
2019-03-06 07:02:01,5,57,20.1,83,9.0,1005.2,1.7,2.7,0,514.2,0
2019-03-06 07:07:01,5,56,20.1,83,9.0,1005.2,1.7,2.7,0,514.2,0
2019-03-06 07:12:01,5,56,20.1,81,9.3,1004.9,1.4,2.7,6,514.2,0
2019-03-06 07:17:01,5,56,20.1,79,9.4,1004.9,2.4,4.1,10,514.2,0
2019-03-06 07:22:01,5,55,20.0,78,9.4,1004.7,0.7,1.4,12,514.2,0
2019-03-06 07:27:01,5,55,20.0,77,9.5,1004.7,1.4,2.4,8,514.2,0
2019-03-06 07:32:01,5,55,20.0,76,9.6,1004.8,1.7,2.4,10,514.2,0
2019-03-06 07:37:01,5,55,20.0,75,9.8,1004.6,1.4,2.0,1,514.2,0
2019-03-06 07:42:01,5,56,19.8,74,9.8,1004.8,1.4,2.4,14,514.2,0
2019-03-06 07:47:01,5,56,19.8,73,9.9,1004.7,1.0,2.4,10,514.2,0
2019-03-06 07:52:01,5,57,19.9,73,9.9,1004.7,1.0,1.7,2,514.2,0
2019-03-06 07:57:01,5,56,20.0,73,9.9,1004.5,1.4,3.1,0,514.2,0
2019-03-06 08:02:01,5,55,20.1,73,9.9,1004.5,1.0,2.0,8,514.2,0
2019-03-06 08:07:01,5,55,20.2,71,10.0,1004.4,1.4,2.7,10,514.2,0
2019-03-06 08:12:01,5,55,20.3,71,10.0,1004.4,0.7,1.4,4,514.2,0
2019-03-06 08:17:01,5,55,20.3,72,10.0,1004.4,1.0,1.7,0,514.2,0
2019-03-06 08:22:01,5,55,20.4,72,10.0,1004.3,1.0,2.0,8,514.2,0
2019-03-06 08:27:01,5,55,20.4,72,10.1,1004.2,0.7,1.4,10,514.2,0
2019-03-06 08:32:01,5,55,20.4,72,10.0,1004.2,1.4,1.7,12,514.2,0
2019-03-06 08:37:01,5,54,20.4,72,10.1,1004.2,1.0,2.0,14,514.2,0
2019-03-06 08:42:01,5,54,20.4,71,10.2,1004.1,0.7,1.4,0,514.2,0
2019-03-06 08:47:01,5,54,20.4,71,10.2,1004.1,1.0,1.7,0,514.2,0
2019-03-06 08:52:01,5,54,20.4,70,10.3,1004.2,1.4,1.7,14,514.2,0
2019-03-06 08:57:01,5,54,20.4,70,10.3,1004.0,1.4,2.4,6,514.2,0
2019-03-06 09:02:01,5,55,20.3,70,10.3,1004.2,1.0,2.4,4,514.2,0
2019-03-06 09:07:01,5,55,20.3,70,10.3,1004.2,1.0,2.4,4,514.2,0
2019-03-06 09:12:01,5,55,20.3,70,10.4,1004.1,0.7,1.4,14,514.2,0
2019-03-06 09:17:01,5,55,20.2,70,10.5,1003.9,1.0,2.0,6,514.2,0
2019-03-06 09:22:01,5,55,20.2,70,10.6,1003.8,1.4,2.0,12,514.2,0
2019-03-06 09:27:01,5,55,20.2,70,10.7,1004.0,1.0,1.7,14,514.2,0
2019-03-06 09:32:01,5,55,20.2,70,10.7,1003.9,0.7,1.4,12,514.2,0
2019-03-06 09:37:01,5,55,20.1,69,10.8,1003.9,1.0,2.0,10,514.2,0
2019-03-06 09:42:01,5,55,20.1,68,10.8,1003.9,1.7,2.4,13,514.2,0
2019-03-06 09:47:01,5,55,20.1,68,10.9,1003.8,1.0,2.0,10,514.2,0
2019-03-06 09:52:01,5,55,20.0,69,10.9,1003.6,1.4,2.7,14,514.2,0
2019-03-06 09:57:01,5,55,20.0,69,10.9,1003.7,0.7,1.7,10,514.2,0
2019-03-06 10:02:01,5,55,20.0,70,10.9,1003.8,1.0,2.0,0,514.2,0
2019-03-06 10:07:01,5,55,20.0,70,10.9,1003.7,1.0,1.4,14,514.2,0
2019-03-06 10:12:01,5,55,20.0,70,10.9,1003.6,1.0,2.0,8,514.2,0
2019-03-06 10:17:01,5,55,20.0,69,11.1,1003.5,1.4,2.4,6,514.2,0
2019-03-06 10:22:01,5,55,20.0,69,11.1,1003.4,1.4,3.1,0,514.2,0
2019-03-06 10:27:01,5,56,19.9,69,11.1,1003.5,1.7,3.1,14,514.2,0
2019-03-06 10:32:01,5,56,19.9,70,11.1,1003.4,1.0,1.7,0,514.2,0
2019-03-06 10:37:01,5,56,19.9,70,11.1,1003.4,2.0,3.4,10,514.2,0
2019-03-06 10:42:01,5,56,19.9,72,10.9,1003.2,1.0,1.4,14,514.2,0
2019-03-06 10:47:01,5,56,19.8,72,10.9,1003.3,1.7,2.0,10,514.2,0
2019-03-06 10:52:01,5,56,19.8,72,10.9,1003.2,1.4,2.7,14,514.2,0
2019-03-06 10:57:01,5,56,19.8,72,10.9,1003.2,1.7,2.7,6,514.2,0
2019-03-06 11:02:01,5,56,19.7,72,10.9,1003.2,0.7,2.0,8,514.2,0
2019-03-06 11:07:01,5,56,19.7,72,10.9,1003.3,0.7,2.0,8,514.2,0
2019-03-06 11:12:01,5,57,19.7,71,11.3,1003.2,1.0,1.4,6,514.2,0
2019-03-06 11:17:01,5,57,19.7,71,11.7,1003.2,1.0,1.7,10,514.2,0
2019-03-06 11:22:01,5,57,19.7,70,11.8,1003.0,1.7,3.4,10,514.2,0
2019-03-06 11:27:01,5,57,19.7,70,11.8,1003.0,1.0,2.4,2,514.2,0
2019-03-06 11:32:01,5,57,19.7,71,11.8,1003.1,1.7,3.7,2,514.2,0
2019-03-06 11:37:01,5,57,19.7,71,11.8,1003.0,1.7,3.1,14,514.2,0
2019-03-06 11:42:01,5,57,19.7,71,11.8,1002.9,2.0,2.7,10,514.2,0
2019-03-06 11:47:01,5,57,19.7,71,11.9,1002.9,2.0,3.1,12,514.2,0
2019-03-06 11:52:01,5,57,19.6,71,11.9,1002.9,1.0,1.7,2,514.2,0
2019-03-06 11:57:01,5,57,19.6,70,12.0,1002.8,0.7,1.4,13,514.2,0
2019-03-06 12:02:01,5,57,19.6,71,11.9,1002.7,1.0,2.0,0,514.2,0
2019-03-06 12:07:01,5,57,19.6,71,11.9,1002.8,0.7,1.7,14,514.2,0
2019-03-06 12:12:01,5,57,19.6,71,11.8,1002.8,1.0,2.7,1,514.2,0
2019-03-06 12:17:01,5,57,19.5,71,11.9,1002.7,1.4,2.7,2,514.2,0
2019-03-06 12:22:01,5,57,19.5,71,11.9,1002.8,1.4,2.0,0,514.2,0
2019-03-06 12:27:01,5,57,19.5,71,11.7,1002.6,1.4,2.0,10,514.2,0
2019-03-06 12:32:01,5,57,19.5,71,11.7,1002.5,0.7,1.0,14,514.2,0
2019-03-06 12:37:01,5,57,19.5,71,11.7,1002.4,1.4,3.1,8,514.2,0
2019-03-06 12:42:01,5,57,19.5,72,11.7,1002.3,1.0,1.7,6,514.2,0
2019-03-06 12:47:01,5,57,19.5,72,11.7,1002.1,0.7,1.4,7,514.2,0
2019-03-06 12:52:01,5,57,19.5,71,11.7,1002.0,1.4,3.1,10,514.2,0
2019-03-06 12:57:01,5,57,19.5,71,11.9,1002.0,0.7,1.7,2,514.2,0
2019-03-06 13:02:01,5,57,19.5,71,11.9,1001.8,1.0,1.7,14,514.2,0
2019-03-06 13:07:01,5,57,19.5,71,11.9,1001.9,1.0,1.7,14,514.2,0
2019-03-06 13:12:01,5,58,19.6,70,11.9,1001.6,0.7,1.7,0,514.2,0
2019-03-06 13:17:01,5,58,19.7,69,12.0,1001.5,1.0,1.4,0,514.2,0
2019-03-06 13:22:01,5,59,19.8,70,11.9,1001.4,1.0,1.7,12,514.2,0
2019-03-06 13:27:01,5,58,20.0,69,12.0,1001.0,0.3,0.7,4,514.2,0
2019-03-06 13:32:01,5,59,20.2,69,12.0,1000.9,0.0,0.0,15,514.2,0
2019-03-06 13:37:01,5,58,20.4,70,12.0,1000.6,1.0,2.4,12,514.2,0
2019-03-06 13:42:01,5,58,20.5,69,12.1,1000.3,1.0,1.4,2,514.2,0
2019-03-06 13:47:01,5,57,20.6,69,12.1,1000.3,0.7,1.7,1,514.2,0
2019-03-06 13:52:00,5,57,20.7,69,12.1,1000.0,0.7,1.4,14,514.2,0
2019-03-06 13:57:00,5,56,20.8,69,12.2,1000.0,0.7,1.4,6,514.2,0
2019-03-06 14:02:00,5,56,20.9,69,12.3,999.9,1.7,2.7,8,514.2,0
2019-03-06 14:07:00,5,56,20.9,69,12.3,999.9,0.7,1.7,8,514.2,0
2019-03-06 14:12:00,5,55,21.0,68,12.3,999.6,1.4,1.7,8,514.2,0
2019-03-06 14:17:00,5,55,21.0,68,12.3,999.6,1.4,2.0,6,514.2,0
2019-03-06 14:22:00,5,55,21.0,67,12.3,999.5,1.4,3.1,0,514.2,0
2019-03-06 14:27:00,5,56,21.0,67,12.3,999.3,1.4,2.4,0,514.2,0
2019-03-06 14:32:00,5,56,21.1,67,12.3,999.2,1.4,2.0,12,514.2,0
2019-03-06 14:37:00,5,55,21.2,68,12.3,998.9,1.4,2.7,8,514.2,0
2019-03-06 14:42:00,5,55,21.3,68,12.3,998.8,1.0,2.4,2,514.2,0
2019-03-06 14:47:00,5,55,21.5,68,12.3,998.6,1.4,2.4,8,514.2,0
2019-03-06 14:52:00,5,55,21.5,67,12.3,998.5,1.0,2.0,1,514.2,0
2019-03-06 14:57:00,5,54,21.6,67,12.3,998.3,1.0,1.7,10,514.2,0
2019-03-06 15:02:00,5,54,21.7,67,12.3,998.2,1.0,1.7,2,514.2,0
2019-03-06 15:07:00,5,54,21.7,67,12.3,998.1,1.0,1.7,2,514.2,0
2019-03-06 15:12:00,5,54,21.7,67,12.3,998.1,0.7,1.4,14,514.2,0
2019-03-06 15:17:00,5,54,21.6,67,12.3,998.0,1.4,2.0,2,514.2,0
2019-03-06 15:22:00,5,54,21.6,67,12.3,997.9,1.0,1.7,2,514.2,0
2019-03-06 15:27:00,5,54,21.6,67,12.2,997.9,1.4,1.7,12,514.2,0
2019-03-06 15:32:00,5,54,21.5,68,12.2,998.0,1.7,3.1,10,514.2,0
2019-03-06 15:37:00,5,55,21.5,68,12.2,998.0,1.4,1.7,14,514.2,0
2019-03-06 15:42:00,5,55,21.4,68,12.1,998.1,1.7,2.7,14,514.2,0
2019-03-06 15:47:00,5,55,21.3,68,12.1,998.2,2.0,3.4,12,514.2,0
2019-03-06 15:52:00,5,55,21.3,68,12.0,998.2,1.4,2.7,14,514.2,0
2019-03-06 15:57:00,5,55,21.2,69,11.9,998.1,1.7,3.4,8,514.2,0
2019-03-06 16:02:00,5,55,21.2,69,11.9,998.1,0.7,1.4,14,514.2,0
2019-03-06 16:07:00,5,55,21.2,70,11.9,998.0,1.4,2.4,0,514.2,0
2019-03-06 16:12:00,5,55,21.2,70,11.9,997.9,1.0,2.4,13,514.2,0
2019-03-06 16:17:00,5,55,21.2,70,11.9,998.0,1.0,1.4,14,514.2,0
2019-03-06 16:22:00,5,56,21.1,70,11.9,997.9,1.4,2.0,14,514.2,0
2019-03-06 16:27:00,5,56,21.1,70,11.9,997.8,1.0,3.4,10,514.2,0
2019-03-06 16:32:00,5,55,21.1,71,11.8,997.9,1.7,2.7,12,514.2,0
2019-03-06 16:37:00,5,55,21.1,71,11.8,997.9,1.7,3.1,0,514.2,0
2019-03-06 16:42:00,5,56,21.0,72,11.7,998.0,0.7,1.4,4,514.2,0
2019-03-06 16:47:00,5,56,21.0,72,11.7,998.1,1.0,1.7,12,514.2,0
2019-03-06 16:52:00,5,57,20.9,73,11.7,998.1,1.7,2.7,12,514.2,0
2019-03-06 16:57:00,5,57,20.9,73,11.6,998.3,0.7,1.4,8,514.2,0
2019-03-06 17:02:00,5,57,20.9,74,11.6,998.3,1.0,2.0,10,514.2,0
2019-03-06 17:07:00,5,57,20.8,74,11.6,998.5,1.0,2.0,10,514.2,0
2019-03-06 17:12:00,5,57,20.7,74,11.7,998.4,1.0,1.7,12,514.2,0
2019-03-06 17:17:00,5,58,20.6,75,11.7,998.4,1.7,3.1,8,514.2,0
2019-03-06 17:22:00,5,58,20.6,75,11.8,998.4,1.0,2.0,0,514.2,0
2019-03-06 17:27:00,5,59,20.6,75,11.8,998.5,1.7,2.7,8,514.2,0
2019-03-06 17:32:00,5,59,20.6,75,11.8,998.3,1.4,2.4,8,514.2,0
2019-03-06 17:37:00,5,59,20.5,75,11.7,998.4,1.0,1.7,2,514.2,0
2019-03-06 17:42:00,5,59,20.5,76,11.6,998.6,1.4,3.1,8,514.2,0
2019-03-06 17:47:00,5,59,20.5,77,11.6,998.5,1.0,2.4,14,514.2,0
2019-03-06 17:52:00,5,59,20.5,77,11.6,998.5,1.4,2.0,1,514.2,0
2019-03-06 17:57:00,5,59,20.4,77,11.6,998.4,3.4,6.1,8,514.2,0
2019-03-06 18:02:00,5,59,20.4,77,11.6,998.5,1.7,4.8,14,514.2,0
2019-03-06 18:07:00,5,59,20.4,77,11.6,998.5,1.4,1.7,1,514.2,0
2019-03-06 18:12:00,5,59,20.3,76,11.7,998.4,2.7,4.4,8,514.2,0
2019-03-06 18:17:00,5,59,20.3,76,11.7,998.6,1.7,3.1,12,514.2,0
2019-03-06 18:22:00,5,60,20.3,76,11.7,998.6,1.0,1.7,0,514.2,0
2019-03-06 18:27:00,5,60,20.3,76,11.6,998.7,0.7,1.0,10,514.2,0
2019-03-06 18:32:00,5,60,20.3,76,11.6,998.7,1.4,2.0,8,514.2,0
2019-03-06 18:37:00,5,60,20.2,77,11.6,998.7,1.7,3.1,14,514.2,0
2019-03-06 18:42:00,5,60,20.2,77,11.7,998.7,1.0,2.4,12,514.2,0
2019-03-06 18:47:00,5,60,20.2,77,11.6,998.7,1.0,2.4,0,514.2,0
2019-03-06 18:52:00,5,60,20.1,77,11.6,998.6,2.0,3.4,10,514.2,0
2019-03-06 18:57:00,5,60,20.1,77,11.6,998.6,1.4,2.7,8,514.2,0
2019-03-06 19:02:00,5,60,20.1,77,11.5,998.5,1.4,2.4,0,514.2,0
2019-03-06 19:07:00,5,60,20.1,77,11.5,998.5,1.4,2.4,0,514.2,0
2019-03-06 19:12:00,5,60,20.1,78,11.5,998.5,0.7,1.7,0,514.2,0
2019-03-06 19:17:00,5,60,20.1,78,11.5,998.5,1.4,3.1,14,514.2,0
2019-03-06 19:22:00,5,60,20.1,78,11.5,998.5,0.7,1.4,14,514.2,0
2019-03-06 19:27:00,5,60,20.1,79,11.5,998.4,1.4,2.0,4,514.2,0
2019-03-06 19:32:00,5,61,20.1,79,11.5,998.4,1.0,1.7,8,514.2,0
2019-03-06 19:37:00,5,61,20.2,79,11.5,998.3,0.7,1.0,7,514.2,0
2019-03-06 19:42:00,5,61,20.3,79,11.4,998.2,1.0,1.7,4,514.2,0
2019-03-06 19:47:00,5,61,20.4,79,11.4,998.0,1.0,3.4,4,514.2,0
2019-03-06 19:52:00,5,60,20.6,79,11.4,998.0,1.4,3.1,6,514.2,0
2019-03-06 19:57:00,5,60,20.9,79,11.4,997.6,1.4,2.4,8,514.2,0
2019-03-06 20:02:00,5,58,21.0,79,11.3,997.4,1.0,1.4,12,514.2,0
2019-03-06 20:07:00,5,57,21.1,80,11.2,997.2,1.0,1.4,8,514.2,0
2019-03-06 20:12:00,5,57,21.2,80,11.2,997.0,1.0,1.7,10,514.2,0
2019-03-06 20:17:00,5,56,21.3,80,11.2,996.8,1.0,2.0,6,514.2,0
2019-03-06 20:22:00,5,56,21.3,80,11.2,996.6,0.7,1.7,14,514.2,0
2019-03-06 20:27:00,5,56,21.5,80,11.2,996.4,1.4,2.0,12,514.2,0
2019-03-06 20:32:00,5,56,21.5,80,11.2,996.5,0.7,1.4,2,514.2,0
2019-03-06 20:37:00,5,56,21.5,80,11.2,996.5,1.4,2.7,10,514.2,0
2019-03-06 20:42:00,5,56,21.4,80,11.2,996.4,1.0,2.0,0,514.2,0
2019-03-06 20:47:00,5,56,21.3,81,11.3,996.4,1.0,1.7,14,514.2,0
2019-03-06 20:52:00,5,56,21.3,81,11.2,996.4,1.0,1.7,8,514.2,0
2019-03-06 20:57:00,5,56,21.3,81,11.2,996.5,1.0,2.0,0,514.2,0
2019-03-06 21:02:00,5,56,21.2,81,11.2,996.6,0.7,1.7,10,514.2,0
2019-03-06 21:07:00,5,57,21.2,81,11.2,996.5,0.7,1.7,10,514.2,0
2019-03-06 21:12:00,5,57,21.1,81,11.1,996.6,2.0,3.7,8,514.2,0
2019-03-06 21:17:00,5,57,21.1,81,11.1,996.6,0.7,1.4,6,514.2,0
2019-03-06 21:22:00,5,57,21.1,81,11.1,996.5,0.7,1.0,8,514.2,0
2019-03-06 21:27:00,5,57,21.0,81,11.1,996.6,0.7,1.4,6,514.2,0
2019-03-06 21:32:00,5,57,21.0,81,11.1,996.6,1.0,2.0,12,514.2,0
2019-03-06 21:37:00,5,58,20.9,82,11.1,996.7,1.0,1.4,8,514.2,0
2019-03-06 21:42:00,5,59,20.9,83,10.9,996.6,1.0,2.0,10,514.2,0
2019-03-06 21:47:00,5,59,20.8,83,10.9,996.7,1.4,2.0,8,514.2,0
2019-03-06 21:52:00,5,59,20.7,83,10.9,996.5,1.0,1.7,13,514.2,0
2019-03-06 21:57:00,5,59,20.7,83,10.9,996.6,1.0,2.0,14,514.2,0
2019-03-06 22:02:00,5,59,20.7,83,10.9,996.5,0.7,1.0,14,514.2,0
2019-03-06 22:07:00,5,59,20.6,83,10.9,996.5,0.3,1.0,6,514.2,0
2019-03-06 22:12:00,5,59,20.6,83,10.8,996.5,0.7,1.4,12,514.2,0
2019-03-06 22:17:00,5,60,20.5,83,10.7,996.5,0.3,1.0,4,514.2,0
2019-03-06 22:22:00,5,60,20.5,84,10.7,996.6,0.7,1.0,8,514.2,0
2019-03-06 22:27:00,5,60,20.5,84,10.6,996.5,0.7,1.4,13,514.2,0
2019-03-06 22:32:00,5,60,20.5,84,10.6,996.5,0.3,1.0,14,514.2,0
2019-03-06 22:37:00,5,60,20.4,84,10.6,996.4,0.3,1.0,0,514.2,0
2019-03-06 22:42:00,5,60,20.4,85,10.6,996.5,0.3,0.7,14,514.2,0
2019-03-06 22:47:00,5,60,20.4,85,10.7,996.6,1.4,2.4,10,514.2,0
2019-03-06 22:52:00,5,60,20.3,85,10.7,996.6,1.0,1.7,4,514.2,0
2019-03-06 22:57:00,5,60,20.3,86,10.8,996.4,0.7,1.4,14,514.2,0
2019-03-06 23:02:00,5,60,20.3,86,10.8,996.5,0.7,1.4,2,514.2,0
2019-03-06 23:07:00,5,60,20.3,86,10.8,996.5,0.7,1.4,2,514.2,0
2019-03-06 23:12:00,5,60,20.3,86,10.8,996.5,0.7,2.0,14,514.2,0
2019-03-06 23:17:00,5,60,20.2,86,10.8,996.4,0.7,1.0,8,514.2,0
2019-03-06 23:22:00,5,60,20.2,86,10.9,996.4,0.7,1.4,10,514.2,0
2019-03-06 23:27:00,5,60,20.2,86,10.9,996.3,1.0,2.0,0,514.2,0
2019-03-06 23:32:00,5,60,20.1,86,10.9,996.1,0.3,0.7,0,514.2,0
2019-03-06 23:37:00,5,60,20.1,86,10.9,996.2,0.3,0.7,8,514.2,0
2019-03-06 23:42:00,5,60,20.1,86,10.8,996.3,0,0.3,10,514.2,0
2019-03-06 23:47:00,5,60,20.1,86,10.9,996.1,0.7,1.7,14,514.2,0
2019-03-06 23:52:00,5,60,20.1,86,10.9,996.0,0.3,0.7,4,514.2,0
2019-03-06 23:57:00,5,61,20.1,86,10.9,996.0,0.7,1.4,10,514.2,0
