2019-03-08 00:02:00,5,60,19.6,89,7.6,1006.3,2.7,4.8,6,524.7,0
2019-03-08 00:07:00,5,60,19.5,88,7.5,1006.4,1.7,4.1,8,525.0,0
2019-03-08 00:12:00,5,60,19.5,88,7.5,1006.7,0.7,1.4,4,525.0,0
2019-03-08 00:17:00,5,60,19.5,88,7.5,1006.9,1.7,2.7,14,525.0,0
2019-03-08 00:22:00,5,60,19.5,88,7.6,1007.0,2.4,4.8,10,525.0,0
2019-03-08 00:27:00,5,60,19.5,88,7.6,1007.2,1.7,3.4,2,525.0,0
2019-03-08 00:32:00,5,60,19.4,88,7.7,1007.3,1.4,2.4,14,525.0,0
2019-03-08 00:37:00,5,60,19.4,87,7.6,1007.6,1.7,3.4,4,525.0,0
2019-03-08 00:42:00,5,60,19.3,87,7.6,1007.6,2.0,5.4,14,525.0,0
2019-03-08 00:47:00,5,60,19.3,85,7.6,1007.8,2.7,3.7,8,525.0,0
2019-03-08 00:52:00,5,60,19.3,84,7.6,1007.9,1.0,2.0,2,525.0,0
2019-03-08 00:57:00,5,60,19.3,83,7.6,1008.2,1.4,4.4,4,525.0,0
2019-03-08 01:02:00,5,60,19.2,83,7.6,1008.2,2.0,3.7,2,525.0,0
2019-03-08 01:07:00,5,60,19.2,83,7.6,1008.4,2.0,3.7,2,525.0,0
2019-03-08 01:12:00,5,60,19.2,80,7.6,1008.6,2.4,3.1,2,525.0,0
2019-03-08 01:17:00,5,60,19.1,80,7.6,1008.7,2.4,3.7,10,525.0,0
2019-03-08 01:22:00,5,60,19.1,79,7.6,1008.9,1.4,2.7,2,525.0,0
2019-03-08 01:27:00,5,60,19.0,79,7.5,1008.9,1.7,3.7,4,525.0,0
2019-03-08 01:32:00,5,60,19.0,79,7.6,1009.2,1.4,3.1,4,525.0,0
2019-03-08 01:37:00,5,60,19.0,78,7.6,1009.4,3.1,4.4,10,525.0,0
2019-03-08 01:42:00,5,61,18.9,78,7.6,1009.5,1.0,1.7,6,525.0,0
2019-03-08 01:47:00,5,60,18.9,78,7.6,1009.6,1.0,1.7,8,525.0,0
2019-03-08 01:52:00,5,60,18.9,78,7.6,1009.6,2.4,4.4,0,525.0,0
2019-03-08 01:57:00,5,60,18.8,78,7.6,1009.6,1.0,1.7,2,525.0,0
2019-03-08 02:02:00,5,60,18.8,77,7.6,1009.8,1.0,2.0,6,525.0,0
2019-03-08 02:07:00,5,60,18.8,77,7.6,1009.9,0.7,1.4,7,525.0,0
2019-03-08 02:12:00,5,60,18.8,77,7.6,1009.9,1.4,3.1,8,525.0,0
2019-03-08 02:17:00,5,60,18.7,78,7.6,1010.2,2.0,4.1,12,525.0,0
2019-03-08 02:22:00,5,60,18.6,78,7.6,1010.3,1.4,2.4,0,525.0,0
2019-03-08 02:27:00,5,60,18.6,78,7.6,1010.4,1.0,1.7,8,525.0,0
2019-03-08 02:32:00,5,60,18.6,78,7.6,1010.5,1.0,1.7,2,525.0,0
2019-03-08 02:37:00,5,60,18.6,78,7.6,1010.7,0.7,1.7,4,525.0,0
2019-03-08 02:42:00,5,60,18.6,78,7.6,1010.7,0.7,2.0,6,525.0,0
2019-03-08 02:47:00,5,60,18.5,78,7.5,1010.9,1.4,2.7,5,525.0,0
2019-03-08 02:52:00,5,60,18.5,78,7.5,1010.9,1.0,2.7,2,525.0,0
2019-03-08 02:57:00,5,60,18.5,78,7.5,1011.0,1.4,2.7,2,525.0,0
2019-03-08 03:02:00,5,60,18.5,78,7.5,1011.1,1.4,1.7,8,525.0,0
2019-03-08 03:07:00,5,59,18.5,78,7.5,1011.1,1.4,1.7,8,525.0,0
2019-03-08 03:12:00,5,59,18.5,76,7.5,1011.2,1.4,2.4,12,525.0,0
2019-03-08 03:17:00,5,59,18.4,76,7.4,1011.4,1.4,4.4,12,525.0,0
2019-03-08 03:22:00,5,59,18.4,75,7.4,1011.4,2.0,4.4,8,525.0,0
2019-03-08 03:27:00,5,59,18.4,75,7.4,1011.6,1.0,2.0,15,525.0,0
2019-03-08 03:32:00,5,59,18.4,75,7.5,1011.7,1.7,2.7,12,525.0,0
2019-03-08 03:37:00,5,59,18.3,75,7.4,1012.0,3.1,5.1,6,525.0,0
2019-03-08 03:42:00,5,59,18.3,74,7.5,1012.1,1.4,3.1,4,525.0,0
2019-03-08 03:47:00,5,59,18.3,74,7.4,1012.2,1.4,3.4,8,525.0,0
2019-03-08 03:52:00,5,59,18.3,74,7.4,1012.3,1.7,2.7,2,525.0,0
2019-03-08 03:57:00,5,59,17.4,74,7.4,1012.6,3.4,4.8,10,525.0,0
2019-03-08 04:02:00,5,59,18.2,73,7.4,1012.6,1.7,2.4,4,525.0,0
2019-03-08 04:07:00,5,59,18.2,73,7.4,1012.7,1.7,2.7,1,525.0,0
2019-03-08 04:12:00,5,59,17.4,73,7.4,1012.8,1.7,2.7,4,525.0,0
2019-03-08 04:17:00,5,59,17.3,73,7.4,1012.9,2.4,4.4,4,525.0,0
2019-03-08 04:22:00,5,59,18.1,73,7.4,1013.1,0.7,1.4,2,525.0,0
2019-03-08 04:27:00,5,59,18.1,74,7.4,1013.2,0.7,1.4,6,525.0,0
2019-03-08 04:32:00,5,59,18.1,74,7.4,1013.5,0.7,1.4,14,525.0,0
2019-03-08 04:37:00,5,59,17.3,75,7.3,1013.5,1.0,1.7,8,525.0,0
2019-03-08 04:42:00,5,59,17.3,75,7.3,1013.8,2.0,3.1,2,525.0,0
2019-03-08 04:47:00,5,59,17.3,75,7.3,1013.8,1.0,1.4,12,525.0,0
2019-03-08 04:52:00,5,59,17.3,75,7.2,1013.8,1.0,1.7,12,525.0,0
2019-03-08 04:57:00,5,59,17.4,76,7.2,1013.8,0.7,1.4,2,525.0,0
2019-03-08 05:02:00,5,59,17.6,76,7.2,1013.7,0.7,1.0,6,525.0,0
2019-03-08 05:07:00,5,59,17.8,76,7.2,1013.7,0.7,1.0,6,525.0,0
2019-03-08 05:12:00,5,59,18.9,77,7.1,1013.7,1.0,1.7,2,525.0,0
2019-03-08 05:17:00,5,57,19.1,77,7.0,1013.6,1.4,3.4,0,525.0,0
2019-03-08 05:22:00,5,57,19.2,77,6.9,1013.7,0.7,1.4,6,525.0,0
2019-03-08 05:27:00,5,56,19.3,77,6.8,1013.8,0.3,1.4,8,525.0,0
2019-03-08 05:32:00,5,56,19.5,78,6.7,1013.9,0.3,1.0,12,525.0,0
2019-03-08 05:37:00,5,55,19.6,78,6.6,1013.8,1.0,1.4,2,525.0,0
2019-03-08 05:42:00,5,55,19.6,79,6.5,1014.0,0.7,2.0,14,525.0,0
2019-03-08 05:47:00,5,55,19.6,79,6.6,1014.1,1.0,2.4,8,525.0,0
2019-03-08 05:52:00,5,55,19.7,79,6.6,1014.2,1.4,2.7,8,525.0,0
2019-03-08 05:57:00,5,55,19.6,79,6.7,1014.5,0.7,1.7,8,525.0,0
2019-03-08 06:02:00,5,55,19.6,79,6.7,1014.5,0.7,1.0,6,525.0,0
2019-03-08 06:07:00,5,55,19.6,79,6.6,1014.7,1.4,2.0,11,525.0,0
2019-03-08 06:12:00,5,55,19.6,79,6.6,1014.9,0.3,1.0,0,525.0,0
2019-03-08 06:17:00,5,55,19.5,79,6.6,1015.1,0.7,1.4,6,525.0,0
2019-03-08 06:22:00,5,56,19.5,79,6.6,1015.2,0.7,1.0,6,525.0,0
2019-03-08 06:27:00,5,56,19.6,79,6.6,1015.2,1.0,2.4,8,525.0,0
2019-03-08 06:32:00,5,56,19.7,79,6.7,1015.2,0.7,1.0,8,525.0,0
2019-03-08 06:37:00,5,57,19.8,79,6.7,1015.2,2.0,3.7,6,525.0,0
2019-03-08 06:42:00,5,56,20.1,79,6.8,1015.2,0.7,1.4,4,525.0,0
2019-03-08 06:47:00,5,56,20.3,79,6.9,1015.1,2.0,2.7,6,525.0,0
2019-03-08 06:52:00,5,55,20.4,79,6.9,1015.0,1.0,1.7,4,525.0,0
2019-03-08 06:57:00,5,55,20.5,77,7.0,1014.8,0.7,1.7,4,525.0,0
2019-03-08 07:02:00,5,55,20.7,77,7.0,1014.8,0.3,1.0,14,525.0,0
2019-03-08 07:07:00,5,55,20.9,77,7.0,1014.8,0.3,1.0,14,525.0,0
2019-03-08 07:12:00,5,54,21.1,76,7.9,1014.6,0.7,1.7,2,525.0,0
2019-03-08 07:17:00,5,53,21.5,74,8.4,1014.4,0.7,1.4,4,525.0,0
2019-03-08 07:22:00,5,53,21.7,73,8.9,1014.2,0.0,0.3,6,525.0,0
2019-03-08 07:27:00,5,52,21.9,71,9.2,1014.1,0.7,1.7,6,525.0,0
2019-03-08 07:32:00,5,50,22.1,70,9.0,1014.1,0.3,0.7,5,525.0,0
2019-03-08 07:37:00,5,50,22.1,71,8.6,1014.2,1.0,2.4,12,525.0,0
2019-03-08 07:42:00,5,50,22.1,72,8.1,1014.4,1.0,1.4,2,525.0,0
2019-03-08 07:47:00,5,51,21.9,72,7.9,1014.6,0.7,1.4,8,525.0,0
2019-03-08 07:52:00,5,51,21.9,73,7.7,1014.8,0.3,1.4,0,525.0,0
2019-03-08 07:57:00,5,51,21.8,74,7.6,1015.0,1.4,2.4,6,525.0,0
2019-03-08 08:02:00,5,51,21.7,74,7.6,1015.2,1.7,2.7,4,525.0,0
2019-03-08 08:07:00,5,52,21.7,73,7.7,1015.4,0.7,1.4,6,525.0,0
2019-03-08 08:12:00,5,52,21.6,71,7.8,1015.5,1.0,1.7,4,525.0,0
2019-03-08 08:17:00,5,52,21.5,70,7.7,1015.6,1.4,2.0,2,525.0,0
2019-03-08 08:22:00,5,52,21.5,70,7.6,1015.9,1.0,2.4,2,525.0,0
2019-03-08 08:27:00,5,52,21.3,70,7.6,1016.1,0.3,1.0,4,525.0,0
2019-03-08 08:32:00,5,52,21.3,71,7.9,1016.0,0.3,0.7,4,525.0,0
2019-03-08 08:37:00,5,53,21.5,71,8.9,1016.2,3.1,4.1,2,525.0,0
2019-03-08 08:42:00,5,52,21.5,68,8.8,1016.3,1.4,2.0,8,525.0,0
2019-03-08 08:47:00,5,52,21.6,67,8.5,1016.3,0.3,1.0,8,525.0,0
2019-03-08 08:52:00,5,52,21.5,68,8.2,1016.3,1.4,2.4,6,525.0,0
2019-03-08 08:57:00,5,52,21.5,69,8.1,1016.4,0.7,1.4,2,525.0,0
2019-03-08 09:02:00,5,53,21.6,70,8.7,1016.3,0.3,1.0,6,525.0,0
2019-03-08 09:07:00,5,53,21.8,70,8.7,1016.3,0.3,1.0,6,525.0,0
2019-03-08 09:12:00,5,52,21.9,62,10.7,1016.0,1.0,2.0,8,525.0,0
2019-03-08 09:17:00,5,51,22.2,61,10.9,1016.1,1.0,2.0,8,525.0,0
2019-03-08 09:22:00,5,51,22.4,60,10.7,1016.0,2.0,3.4,8,525.0,0
2019-03-08 09:27:00,5,51,22.6,61,10.4,1015.9,1.7,2.0,6,525.0,0
2019-03-08 09:32:00,5,50,22.6,61,10.3,1016.0,1.0,2.0,4,525.0,0
2019-03-08 09:37:00,5,50,22.7,61,10.3,1016.1,1.4,2.0,6,525.0,0
2019-03-08 09:42:00,5,50,22.7,61,10.4,1015.9,1.7,2.7,6,525.0,0
2019-03-08 09:47:00,5,50,22.9,61,10.7,1016.0,3.1,4.4,8,525.0,0
2019-03-08 09:52:00,5,51,23.0,61,10.7,1016.0,1.4,2.4,6,525.0,0
2019-03-08 09:57:00,5,51,23.0,61,10.8,1016.0,1.0,1.7,2,525.0,0
2019-03-08 10:02:00,5,50,23.1,61,10.8,1016.0,1.4,2.0,14,525.0,0
2019-03-08 10:07:00,5,50,23.1,60,11.2,1016.0,0.7,1.7,6,525.0,0
2019-03-08 10:12:00,5,50,23.2,59,11.5,1016.0,1.4,3.1,0,525.0,0
2019-03-08 10:17:00,5,50,23.3,58,11.4,1015.9,1.0,1.7,2,525.0,0
2019-03-08 10:22:00,5,50,23.3,59,11.4,1015.9,2.0,3.7,8,525.0,0
2019-03-08 10:27:00,5,50,23.4,58,10.9,1016.0,1.7,2.0,8,525.0,0
2019-03-08 10:32:00,5,49,23.3,57,10.9,1016.2,1.4,2.0,6,525.0,0
2019-03-08 10:37:00,5,49,23.1,58,10.1,1016.4,1.0,1.7,8,525.0,0
2019-03-08 10:42:00,5,49,23.0,61,9.4,1016.4,0.7,1.4,14,525.0,0
2019-03-08 10:47:00,5,49,22.7,62,9.1,1016.9,0.3,0.7,11,525.0,0
2019-03-08 10:52:00,5,49,22.6,62,9.0,1017.0,1.4,2.0,6,525.0,0
2019-03-08 10:57:00,5,49,22.6,63,9.9,1017.1,2.7,4.1,0,525.0,0
2019-03-08 11:02:00,5,49,22.6,61,10.5,1017.1,1.7,3.4,8,525.0,0
2019-03-08 11:07:00,5,49,22.6,61,10.5,1017.2,1.7,3.4,8,525.0,0
2019-03-08 11:12:00,5,49,22.6,56,11.4,1017.2,1.4,2.7,6,525.0,0
2019-03-08 11:17:00,5,49,22.6,56,11.5,1017.2,1.4,2.4,4,525.0,0
2019-03-08 11:22:00,5,49,22.5,55,11.5,1017.3,2.4,2.7,6,525.0,0
2019-03-08 11:27:00,5,49,22.4,56,11.4,1017.3,2.4,3.4,6,525.0,0
2019-03-08 11:32:00,5,49,22.3,53,11.1,1017.5,1.7,2.7,12,525.0,0
2019-03-08 11:37:00,5,49,22.2,55,10.5,1017.7,1.0,2.0,4,525.0,0
2019-03-08 11:42:00,5,49,22.1,56,10.2,1017.9,1.4,2.0,14,525.0,0
2019-03-08 11:47:00,5,49,22.0,56,10.4,1017.8,2.7,3.7,8,525.0,0
2019-03-08 11:52:00,5,51,21.9,55,11.1,1018.0,0.7,1.4,8,525.0,0
2019-03-08 11:57:00,5,51,21.9,54,11.8,1018.2,2.7,4.4,6,525.0,0
2019-03-08 12:02:00,5,51,21.8,48,12.1,1018.3,2.7,4.4,8,525.0,0
2019-03-08 12:07:00,5,51,21.8,50,12.3,1018.3,1.4,2.4,2,525.0,0
2019-03-08 12:12:00,5,51,21.7,49,12.3,1018.3,0.7,1.4,10,525.0,0
2019-03-08 12:17:00,5,51,21.6,48,12.1,1018.5,1.4,2.4,8,525.0,0
2019-03-08 12:22:00,5,51,21.6,49,11.5,1018.5,2.7,4.8,7,525.0,0
2019-03-08 12:27:00,5,51,21.6,51,11.6,1018.4,0.7,1.4,4,525.0,0
2019-03-08 12:32:00,5,51,21.5,50,11.7,1018.4,1.4,3.1,6,525.0,0
2019-03-08 12:37:00,5,51,21.5,51,10.9,1018.6,1.0,1.7,2,525.0,0
2019-03-08 12:42:00,5,51,21.4,52,11.1,1018.5,0.7,1.4,4,525.0,0
2019-03-08 12:47:00,5,51,21.3,51,12.5,1018.5,1.4,2.7,8,525.0,0
2019-03-08 12:52:00,5,51,21.3,48,12.8,1018.5,1.4,2.4,8,525.0,0
2019-03-08 12:57:00,5,51,21.3,48,12.4,1018.4,1.7,2.7,8,525.0,0
2019-03-08 13:02:00,5,51,21.3,48,12.5,1018.4,1.7,2.4,8,525.0,0
2019-03-08 13:07:00,5,51,21.2,48,12.5,1018.5,1.7,2.4,8,525.0,0
2019-03-08 13:12:00,5,51,21.2,48,12.5,1018.6,1.7,3.1,8,525.0,0
2019-03-08 13:17:00,5,51,21.2,49,11.8,1018.6,2.0,3.1,8,525.0,0
2019-03-08 13:22:00,5,51,21.2,50,11.9,1018.6,1.7,3.1,2,525.0,0
2019-03-08 13:27:00,5,51,21.1,48,12.4,1018.6,1.4,2.4,15,525.0,0
2019-03-08 13:32:00,5,51,21.1,48,12.2,1018.6,2.4,3.4,10,525.0,0
2019-03-08 13:37:00,5,51,21.1,48,12.5,1018.7,2.4,3.7,10,525.0,0
2019-03-08 13:42:00,5,51,21.0,48,12.4,1018.8,2.0,3.7,0,525.0,0
2019-03-08 13:47:00,5,52,20.9,48,12.2,1018.8,2.4,3.7,8,525.0,0
2019-03-08 13:52:00,5,52,20.9,50,11.9,1018.8,1.0,2.4,4,525.0,0
2019-03-08 13:57:01,5,52,20.9,50,12.7,1018.7,1.0,1.4,8,525.0,0
2019-03-08 14:02:01,5,52,20.8,49,11.9,1018.9,2.4,4.1,6,525.0,0
2019-03-08 14:07:01,5,52,20.7,51,11.6,1018.8,4.1,5.4,6,525.0,0
2019-03-08 14:12:01,5,52,20.7,52,10.9,1018.9,2.4,3.7,4,525.0,0
2019-03-08 14:17:01,5,52,20.7,53,10.9,1018.9,2.0,3.7,10,525.0,0
2019-03-08 14:22:01,5,52,20.6,53,11.2,1018.9,2.0,3.1,10,525.0,0
2019-03-08 14:27:01,5,52,20.6,53,11.3,1019.0,2.7,5.1,6,525.0,0
2019-03-08 14:32:01,5,52,20.6,53,11.1,1019.1,1.4,2.0,7,525.0,0
2019-03-08 14:37:01,5,52,20.6,54,10.9,1019.1,2.4,6.5,12,525.0,0
2019-03-08 14:42:01,5,52,20.5,55,10.9,1019.1,1.4,2.4,2,525.0,0
2019-03-08 14:47:01,5,52,20.5,55,10.9,1019.2,1.7,3.1,8,525.0,0
2019-03-08 14:52:01,5,53,20.4,56,10.8,1019.0,2.4,3.7,14,525.0,0
2019-03-08 14:57:01,5,53,20.4,56,10.6,1019.1,2.0,3.4,8,525.0,0
2019-03-08 15:02:01,5,53,20.4,56,10.7,1019.1,2.0,3.4,8,525.0,0
2019-03-08 15:07:01,5,52,20.4,56,10.7,1019.2,2.0,3.4,8,525.0,0
2019-03-08 15:12:01,5,52,20.3,57,10.6,1019.3,2.4,4.4,11,525.0,0
2019-03-08 15:17:01,5,53,20.3,58,10.5,1019.3,2.7,5.1,0,525.0,0
2019-03-08 15:22:01,5,53,20.3,60,10.4,1019.3,1.0,1.7,10,525.0,0
2019-03-08 15:27:01,5,53,20.2,60,10.5,1019.4,1.7,2.7,10,525.0,0
2019-03-08 15:32:01,5,53,20.1,60,10.4,1019.3,1.4,2.7,6,525.0,0
2019-03-08 15:37:01,5,53,20.1,61,10.3,1019.4,1.7,3.4,5,525.0,0
2019-03-08 15:42:01,5,53,20.1,61,10.2,1019.4,0.7,1.7,6,525.0,0
2019-03-08 15:47:01,5,53,20.1,61,10.1,1019.5,2.0,3.4,8,525.0,0
2019-03-08 15:52:01,5,53,20.1,62,10.1,1019.5,1.0,1.4,14,525.0,0
2019-03-08 15:57:01,5,53,20.3,62,10.0,1019.2,1.0,2.0,6,525.0,0
2019-03-08 16:02:01,5,53,20.4,62,10.0,1019.0,1.4,1.7,2,525.0,0
2019-03-08 16:07:01,5,53,20.6,62,10.0,1018.8,2.0,3.4,6,525.0,0
2019-03-08 16:12:01,5,53,20.7,64,9.8,1018.7,1.7,3.1,8,525.0,0
2019-03-08 16:17:01,5,53,20.9,64,9.8,1018.6,0.7,1.7,10,525.0,0
2019-03-08 16:22:01,5,53,20.9,65,9.8,1018.5,1.7,3.7,8,525.0,0
2019-03-08 16:27:01,5,52,21.0,65,9.8,1018.4,1.7,2.4,8,525.0,0
2019-03-08 16:32:01,5,52,21.1,66,9.8,1018.4,1.7,2.7,2,525.0,0
2019-03-08 16:37:01,5,51,21.1,67,9.7,1018.2,1.0,1.4,8,525.0,0
2019-03-08 16:42:01,5,51,21.1,67,9.6,1018.2,1.4,2.4,6,525.0,0
2019-03-08 16:47:01,5,51,21.1,67,9.6,1018.4,1.4,2.4,14,525.0,0
2019-03-08 16:52:01,5,51,21.1,67,9.5,1018.4,1.4,2.4,6,525.0,0
2019-03-08 16:57:01,5,51,21.1,67,9.5,1018.2,0.7,2.0,10,525.0,0
2019-03-08 17:02:01,5,51,21.0,67,9.4,1018.2,0.7,2.0,8,525.0,0
2019-03-08 17:07:01,5,51,21.0,67,9.4,1018.2,0.7,2.0,8,525.0,0
2019-03-08 17:12:01,5,52,20.9,68,9.3,1018.3,1.0,1.7,4,525.0,0
2019-03-08 17:17:01,5,52,20.8,68,9.2,1018.4,2.0,3.4,8,525.0,0
2019-03-08 17:22:01,5,53,20.7,68,9.2,1018.5,1.4,2.4,10,525.0,0
2019-03-08 17:27:01,5,53,20.7,68,9.1,1018.3,1.0,1.7,2,525.0,0
2019-03-08 17:32:01,5,53,20.6,68,9.0,1018.5,1.7,3.1,6,525.0,0
2019-03-08 17:37:01,5,53,20.5,68,9.0,1018.5,0.7,1.4,6,525.0,0
2019-03-08 17:42:01,5,53,20.5,70,8.9,1018.5,1.4,2.7,10,525.0,0
2019-03-08 17:47:01,5,53,20.5,70,8.9,1018.4,0.7,1.4,10,525.0,0
2019-03-08 17:52:01,5,53,20.5,70,8.9,1018.2,0.7,1.4,6,525.0,0
2019-03-08 17:57:01,5,54,20.5,71,8.8,1018.4,1.7,2.4,6,525.0,0
2019-03-08 18:02:01,5,54,20.5,72,8.8,1018.3,1.0,1.7,6,525.0,0
2019-03-08 18:07:01,5,54,20.6,72,8.8,1018.1,0.7,1.4,12,525.0,0
2019-03-08 18:12:01,5,54,20.6,72,8.7,1018.0,0.7,1.7,8,525.0,0
2019-03-08 18:17:01,5,54,20.7,72,8.7,1018.0,1.0,2.0,10,525.0,0
2019-03-08 18:22:01,5,54,20.7,72,8.8,1017.9,0.7,1.4,8,525.0,0
2019-03-08 18:27:01,5,54,20.7,72,8.8,1017.9,2.0,2.7,10,525.0,0
2019-03-08 18:32:01,5,54,20.7,72,8.8,1017.8,1.0,1.7,8,525.0,0
2019-03-08 18:37:01,5,53,20.7,71,8.8,1017.7,1.7,3.1,10,525.0,0
2019-03-08 18:42:01,5,53,20.7,70,8.8,1017.8,2.0,2.4,6,525.0,0
2019-03-08 18:47:01,5,53,20.7,70,8.8,1017.7,1.0,2.0,8,525.0,0
2019-03-08 18:52:01,5,53,20.7,70,8.8,1017.5,1.7,3.4,8,525.0,0
2019-03-08 18:57:01,5,53,20.6,70,8.9,1017.5,0.7,1.4,6,525.0,0
2019-03-08 19:02:01,5,53,20.6,70,8.8,1017.5,1.7,2.7,14,525.0,0
2019-03-08 19:07:01,5,53,20.5,70,8.8,1017.7,1.7,2.7,14,525.0,0
2019-03-08 19:12:01,5,53,20.5,69,8.9,1017.6,1.0,1.7,6,525.0,0
2019-03-08 19:17:01,5,53,20.4,69,8.9,1017.5,2.7,4.4,10,525.0,0
2019-03-08 19:22:01,5,54,20.4,68,9.0,1017.4,1.0,1.4,8,525.0,0
2019-03-08 19:27:01,5,54,20.4,67,9.0,1017.6,1.7,3.4,8,525.0,0
2019-03-08 19:32:01,5,54,20.4,67,9.1,1017.6,0.7,1.0,10,525.0,0
2019-03-08 19:37:01,5,54,20.4,67,9.1,1017.5,2.0,3.4,14,525.0,0
2019-03-08 19:42:01,5,54,20.4,67,9.1,1017.4,0.7,1.7,0,525.0,0
2019-03-08 19:47:01,5,54,20.4,69,9.0,1017.4,2.0,3.7,6,525.0,0
2019-03-08 19:52:01,5,54,20.4,72,8.7,1017.4,2.7,4.4,6,525.0,0
2019-03-08 19:57:01,5,54,20.5,74,8.5,1017.4,2.4,3.4,6,525.3,0
2019-03-08 20:02:01,5,53,20.5,75,8.4,1017.4,2.0,3.4,10,525.3,0
2019-03-08 20:07:01,5,53,20.5,76,8.2,1017.3,2.7,4.8,8,525.3,0
2019-03-08 20:12:01,5,53,20.5,77,8.1,1017.5,4.1,5.4,4,525.3,0
2019-03-08 20:17:01,5,53,20.4,78,7.9,1017.5,2.0,3.4,10,525.3,0
2019-03-08 20:22:01,5,53,20.4,79,7.7,1017.4,3.7,6.8,8,525.3,0
2019-03-08 20:27:01,5,53,20.4,79,7.6,1017.4,2.4,5.1,4,525.3,0
2019-03-08 20:32:01,5,53,20.4,80,7.5,1017.3,2.4,3.1,6,525.3,0
2019-03-08 20:37:01,5,53,20.4,80,7.4,1017.3,3.1,5.1,8,525.3,0
2019-03-08 20:42:01,5,53,20.4,80,7.3,1017.1,2.7,4.8,2,525.3,0
2019-03-08 20:47:01,5,53,20.3,81,7.3,1017.1,2.0,2.4,8,525.3,0
2019-03-08 20:52:01,5,53,20.3,81,7.3,1016.8,0.7,1.7,2,525.3,0
2019-03-08 20:57:01,5,53,20.3,81,7.3,1017.0,1.4,2.0,0,525.3,0
2019-03-08 21:02:01,5,53,20.2,81,7.3,1016.9,1.0,1.7,8,525.3,0
2019-03-08 21:07:01,5,53,20.1,81,7.3,1016.8,1.0,1.7,8,525.3,0
2019-03-08 21:12:01,5,53,20.1,81,7.3,1016.7,1.0,1.7,6,525.3,0
2019-03-08 21:17:01,5,53,20.1,81,7.2,1016.6,2.7,4.1,8,525.3,0
2019-03-08 21:22:01,5,53,20.0,80,7.3,1016.3,2.7,5.8,4,525.3,0
2019-03-08 21:27:01,5,54,20.0,80,7.4,1016.4,2.4,3.7,11,525.3,0
2019-03-08 21:32:01,5,55,20.1,79,7.6,1016.0,2.7,4.8,8,525.3,0
2019-03-08 21:37:01,5,56,20.3,79,7.6,1015.8,1.4,2.4,6,525.3,0
2019-03-08 21:42:01,5,57,20.5,79,7.6,1015.7,1.4,3.1,12,525.6,0
2019-03-08 21:47:01,5,57,20.7,79,7.6,1015.2,1.4,2.7,2,525.6,0
2019-03-08 21:52:01,5,57,20.9,80,7.5,1015.1,1.4,2.4,6,525.6,0
2019-03-08 21:57:01,5,56,21.0,81,7.4,1014.8,1.7,2.7,8,525.6,0
2019-03-08 22:02:01,5,56,21.1,81,7.4,1014.6,1.0,2.4,8,525.6,0
2019-03-08 22:07:01,5,56,21.1,82,7.4,1014.4,1.7,3.1,2,525.6,0
2019-03-08 22:12:01,5,56,21.2,83,7.4,1014.2,2.4,5.1,6,525.6,0
2019-03-08 22:17:01,5,57,21.2,84,7.4,1014.0,2.0,3.1,8,525.9,0
2019-03-08 22:22:01,5,57,21.2,84,7.4,1014.0,1.4,2.4,0,525.9,0
2019-03-08 22:27:01,5,57,21.2,85,7.4,1013.7,1.4,2.7,10,525.9,0
2019-03-08 22:32:01,5,58,21.1,85,7.4,1013.8,1.7,2.7,12,526.2,0
2019-03-08 22:37:01,5,58,21.1,86,7.4,1013.6,1.4,2.4,2,526.2,0
2019-03-08 22:42:01,5,57,21.1,86,7.4,1013.7,1.4,2.7,,526.2,2048
2019-03-08 22:47:01,5,56,21.1,86,7.4,1013.6,2.0,3.7,6,526.2,0
2019-03-08 22:52:01,5,56,21.0,87,7.4,1013.4,2.0,4.1,6,526.2,0
2019-03-08 22:57:01,5,56,21.0,87,7.5,1013.4,1.7,4.1,8,526.5,0
2019-03-08 23:02:01,5,57,20.9,87,7.5,1013.5,1.7,3.4,6,526.5,0
2019-03-08 23:07:01,5,57,20.9,87,7.5,1013.4,1.7,3.4,6,526.5,0
2019-03-08 23:12:01,5,57,20.8,88,7.5,1013.2,1.4,2.4,10,526.5,0
2019-03-08 23:17:01,5,57,20.7,88,7.5,1013.3,2.0,2.7,8,526.5,0
2019-03-08 23:22:01,5,57,20.6,88,7.5,1013.2,1.0,2.0,4,526.5,0
2019-03-08 23:27:01,5,58,20.6,88,7.5,1013.1,1.4,3.1,10,526.5,0
2019-03-08 23:32:01,5,58,20.6,88,7.6,1013.1,1.7,3.1,15,526.5,0
2019-03-08 23:37:01,5,58,20.5,88,7.6,1013.2,2.0,4.1,4,526.5,0
2019-03-08 23:42:01,5,58,20.5,88,7.7,1013.1,1.7,2.7,13,526.5,0
2019-03-08 23:47:01,5,58,20.5,88,7.7,1013.0,1.4,2.0,12,526.5,0
2019-03-08 23:52:01,5,58,20.5,88,7.7,1013.0,1.7,2.0,8,526.8,0
2019-03-08 23:57:01,5,58,20.5,88,7.7,1012.9,3.1,6.1,8,526.8,0
