2025-12-22 00:00:50,1,64,18.3,84,7.5,1007.3,7,14,46,0.0,0,0.0,0
2025-12-22 00:01:51,1,64,18.3,84,7.5,1007.5,7,11,35,0.0,0,0.0,0
2025-12-22 00:02:52,1,64,18.3,84,7.5,1007.4,4,14,21,0.0,0,0.0,0
2025-12-22 00:03:53,1,64,18.3,84,7.5,1007.4,7,14,36,0.0,0,0.0,0
2025-12-22 00:04:54,1,64,18.3,84,7.5,1007.4,3,14,49,0.0,0,0.0,0
2025-12-22 00:05:55,1,64,18.3,84,7.5,1007.4,9,12,39,0.0,0,0.0,0
2025-12-22 00:06:56,1,64,18.3,84,7.4,1007.5,10,12,40,0.0,0,0.0,0
2025-12-22 00:07:57,1,64,18.3,84,7.4,1007.2,6,12,73,0.0,0,0.0,0
2025-12-22 00:08:58,1,64,18.2,84,7.4,1007.3,6,11,53,0.0,0,0.0,0
2025-12-22 00:09:59,1,64,18.3,84,7.4,1007.3,7,9,32,0.0,0,0.0,0
2025-12-22 00:11:00,1,64,18.2,85,7.4,1007.3,4,9,84,0.0,0,0.0,0
2025-12-22 00:12:01,1,64,18.2,85,7.4,1007.4,8,12,30,0.0,0,0.0,0
2025-12-22 00:13:02,1,64,18.2,85,7.3,1007.1,3,12,63,0.0,0,0.0,0
2025-12-22 00:14:03,1,64,18.2,85,7.3,1007.4,6,12,42,0.0,0,0.0,0
2025-12-22 00:15:04,1,64,18.2,85,7.3,1007.4,10,14,84,0.0,0,0.0,0
2025-12-22 00:16:05,1,64,18.2,85,7.3,1007.5,7,14,52,0.0,0,0.0,0
2025-12-22 00:17:06,1,64,18.2,84,7.3,1007.4,7,12,52,0.0,0,0.0,0
2025-12-22 00:18:07,1,64,18.2,84,7.4,1007.4,2,12,31,0.0,0,0.0,0
2025-12-22 00:19:08,1,64,18.2,84,7.4,1007.5,9,12,69,0.0,0,0.0,0
2025-12-22 00:20:09,1,64,18.2,84,7.3,1007.3,3,12,23,0.0,0,0.0,0
2025-12-22 00:21:10,1,64,18.2,84,7.3,1007.3,7,12,40,0.0,0,0.0,0
2025-12-22 00:22:11,1,64,18.2,84,7.3,1007.4,6,12,48,0.0,0,0.0,0
2025-12-22 00:23:12,1,64,18.2,85,7.3,1007.4,8,14,89,0.0,0,0.0,0
2025-12-22 00:24:13,1,64,18.2,84,7.3,1007.3,7,14,22,0.0,0,0.0,0
2025-12-22 00:25:14,1,64,18.2,85,7.3,1007.4,9,14,64,0.0,0,0.0,0
2025-12-22 00:26:15,1,64,18.2,85,7.2,1007.3,6,12,20,0.0,0,0.0,0
2025-12-22 00:27:16,1,64,18.2,85,7.2,1007.5,3,9,43,0.0,0,0.0,0
2025-12-22 00:28:17,1,64,18.2,85,7.2,1007.4,2,11,61,0.0,0,0.0,0
2025-12-22 00:29:18,1,64,18.2,85,7.2,1007.3,6,9,16,0.0,0,0.0,0
2025-12-22 00:30:19,1,64,18.1,85,7.2,1007.3,5,9,11,0.0,0,0.0,0
2025-12-22 00:31:20,1,64,18.2,85,7.2,1007.1,2,7,50,0.0,0,0.0,0
2025-12-22 00:32:21,1,64,18.1,85,7.1,1007.3,8,11,46,0.0,0,0.0,0
2025-12-22 00:33:22,1,64,18.1,85,7.1,1007.4,4,14,55,0.0,0,0.0,0
2025-12-22 00:34:23,1,64,18.1,85,7.1,1007.4,3,14,73,0.0,0,0.0,0
2025-12-22 00:35:24,1,64,18.1,85,7.1,1007.5,6,11,53,0.0,0,0.0,0
2025-12-22 00:36:25,1,64,18.1,85,7.0,1007.4,5,11,26,0.0,0,0.0,0
2025-12-22 00:37:26,1,64,18.1,85,7.0,1007.5,3,9,47,0.0,0,0.0,0
2025-12-22 00:38:27,1,64,18.1,85,7.0,1007.3,0,7,22,0.0,0,0.0,0
2025-12-22 00:39:28,1,64,18.1,85,7.0,1007.4,4,7,41,0.0,0,0.0,0
2025-12-22 00:40:29,1,64,18.1,85,7.0,1007.4,7,9,27,0.0,0,0.0,0
2025-12-22 00:41:30,1,64,18.1,85,7.0,1007.4,3,9,43,0.0,0,0.0,0
2025-12-22 00:42:31,1,64,18.1,85,7.0,1007.6,3,9,44,0.0,0,0.0,0
2025-12-22 00:43:32,1,64,18.1,86,6.9,1007.6,3,7,36,0.0,0,0.0,0
2025-12-22 00:44:33,1,64,18.1,86,6.9,1007.3,3,9,29,0.0,0,0.0,0
2025-12-22 00:45:34,1,64,18.1,86,6.9,1007.4,4,7,30,0.0,0,0.0,0
2025-12-22 00:46:35,1,64,18.1,85,6.9,1007.5,6,9,41,0.0,0,0.0,0
2025-12-22 00:47:36,1,64,18.1,85,6.9,1007.4,3,9,15,0.0,0,0.0,0
2025-12-22 00:48:37,1,64,18.1,86,6.9,1007.3,3,9,36,0.0,0,0.0,0
2025-12-22 00:49:38,1,64,18.1,86,6.9,1007.5,2,16,60,0.0,0,0.0,0
2025-12-22 00:50:39,1,64,18.1,86,6.9,1007.6,10,16,33,0.0,0,0.0,0
2025-12-22 00:51:40,1,64,18.1,86,6.9,1007.3,4,12,106,0.0,0,0.0,0
2025-12-22 00:52:41,1,64,18.1,86,6.9,1007.5,8,12,69,0.0,0,0.0,0
2025-12-22 00:53:42,1,64,18.1,85,6.9,1007.4,11,16,72,0.0,0,0.0,0
2025-12-22 00:54:43,1,64,18.1,85,7.0,1007.3,4,16,42,0.0,0,0.0,0
2025-12-22 00:55:44,1,64,18.1,85,7.0,1007.5,5,11,71,0.0,0,0.0,0
2025-12-22 00:56:45,1,64,18.1,85,7.0,1007.6,6,11,87,0.0,0,0.0,0
2025-12-22 00:57:46,1,64,18.1,85,7.0,1007.4,4,11,98,0.0,0,0.0,0
2025-12-22 00:58:47,1,64,18.1,85,7.0,1007.5,3,9,25,0.0,0,0.0,0
2025-12-22 00:59:48,1,64,18.0,85,7.0,1007.5,1,9,12,0.0,0,0.0,0
2025-12-22 01:00:49,1,64,18.0,85,7.0,1007.5,3,9,65,0.0,0,0.0,0
2025-12-22 01:01:50,1,64,18.1,85,6.9,1007.4,3,11,54,0.0,0,0.0,0
2025-12-22 01:02:51,1,64,18.1,85,6.9,1007.4,5,12,25,0.0,0,0.0,0
2025-12-22 01:03:52,1,64,18.0,85,6.9,1007.3,3,12,15,0.0,0,0.0,0
2025-12-22 01:04:53,1,64,18.1,85,6.9,1007.5,1,9,59,0.0,0,0.0,0
2025-12-22 01:05:54,1,64,18.0,85,6.9,1007.6,2,7,26,0.0,0,0.0,0
2025-12-22 01:06:55,1,64,18.0,86,6.9,1007.4,4,9,27,0.0,0,0.0,0
2025-12-22 01:07:56,1,64,18.0,85,6.9,1007.5,5,7,41,0.0,0,0.0,0
2025-12-22 01:08:57,1,64,18.0,85,6.8,1007.4,1,5,78,0.0,0,0.0,0
2025-12-22 01:09:58,1,64,18.0,85,6.8,1007.4,4,9,28,0.0,0,0.0,0
2025-12-22 01:10:59,1,64,18.0,85,6.8,1007.5,3,9,47,0.0,0,0.0,0
2025-12-22 01:12:00,1,64,18.0,86,6.8,1007.5,5,14,24,0.0,0,0.0,0
2025-12-22 01:13:01,1,64,18.0,86,6.8,1007.5,3,14,29,0.0,0,0.0,0
2025-12-22 01:14:02,1,64,18.0,85,6.8,1007.6,6,9,37,0.0,0,0.0,0
2025-12-22 01:15:03,1,64,18.0,85,6.8,1007.5,4,7,30,0.0,0,0.0,0
2025-12-22 01:16:04,1,64,18.0,85,6.8,1007.4,3,11,38,0.0,0,0.0,0
2025-12-22 01:17:05,1,64,18.0,85,6.8,1007.6,3,5,48,0.0,0,0.0,0
2025-12-22 01:18:06,1,64,18.0,85,6.8,1007.4,6,11,67,0.0,0,0.0,0
2025-12-22 01:19:07,1,64,18.0,85,6.8,1007.7,0,11,350,0.0,0,0.0,0
2025-12-22 01:20:08,1,64,18.0,85,6.8,1007.6,6,9,55,0.0,0,0.0,0
2025-12-22 01:21:09,1,64,18.0,85,6.7,1007.6,5,9,6,0.0,0,0.0,0
2025-12-22 01:22:10,1,64,18.0,86,6.7,1007.5,3,9,46,0.0,0,0.0,0
2025-12-22 01:23:11,1,64,18.0,86,6.7,1007.5,5,9,43,0.0,0,0.0,0
2025-12-22 01:24:12,1,64,18.0,86,6.7,1007.6,2,9,44,0.0,0,0.0,0
2025-12-22 01:25:13,1,64,18.0,85,6.7,1007.6,3,9,39,0.0,0,0.0,0
2025-12-22 01:26:14,1,64,18.0,85,6.7,1007.4,3,9,66,0.0,0,0.0,0
2025-12-22 01:27:15,1,64,18.0,86,6.7,1007.7,3,7,31,0.0,0,0.0,0
2025-12-22 01:28:16,1,64,18.0,86,6.7,1007.7,5,11,69,0.0,0,0.0,0
2025-12-22 01:29:17,1,64,18.0,86,6.7,1007.4,6,11,10,0.0,0,0.0,0
2025-12-22 01:30:18,1,64,18.0,86,6.7,1007.6,2,11,42,0.0,0,0.0,0
2025-12-22 01:31:19,1,64,18.0,86,6.7,1007.7,3,9,44,0.0,0,0.0,0
2025-12-22 01:32:20,1,64,18.0,86,6.7,1007.5,1,9,34,0.0,0,0.0,0
2025-12-22 01:33:21,1,64,18.0,86,6.7,1007.5,4,9,33,0.0,0,0.0,0
2025-12-22 01:34:22,1,64,18.0,86,6.7,1007.6,5,9,108,0.0,0,0.0,0
2025-12-22 01:35:23,1,64,18.0,86,6.6,1007.6,2,9,33,0.0,0,0.0,0
2025-12-22 01:36:24,1,64,17.9,86,6.6,1007.5,0,5,30,0.0,0,0.0,0
2025-12-22 01:37:25,1,64,17.9,86,6.6,1007.8,4,5,65,0.0,0,0.0,0
2025-12-22 01:38:26,1,64,17.9,86,6.6,1007.5,1,9,83,0.0,0,0.0,0
2025-12-22 01:39:27,1,64,18.0,86,6.5,1007.5,2,5,37,0.0,0,0.0,0
2025-12-22 01:40:28,1,64,17.9,86,6.5,1007.5,6,11,51,0.0,0,0.0,0
2025-12-22 01:41:29,1,64,18.0,86,6.5,1007.6,7,11,30,0.0,0,0.0,0
2025-12-22 01:42:30,1,64,18.0,86,6.5,1007.5,3,11,54,0.0,0,0.0,0
2025-12-22 01:43:31,1,64,18.0,86,6.5,1007.5,4,12,39,0.0,0,0.0,0
2025-12-22 01:44:32,1,64,18.0,86,6.6,1007.7,7,12,0,0.0,0,0.0,0
2025-12-22 01:45:33,1,64,18.0,86,6.6,1007.7,3,9,44,0.0,0,0.0,0
2025-12-22 01:46:34,1,64,18.0,86,6.6,1007.8,2,9,31,0.0,0,0.0,0
2025-12-22 01:47:35,1,64,18.0,86,6.6,1007.6,4,9,37,0.0,0,0.0,0
2025-12-22 01:48:36,1,64,17.9,86,6.6,1007.6,0,9,38,0.0,0,0.0,0
2025-12-22 01:49:37,1,64,17.9,86,6.6,1007.6,2,7,29,0.0,0,0.0,0
2025-12-22 01:50:38,1,64,18.0,86,6.5,1007.6,3,7,56,0.0,0,0.0,0
2025-12-22 01:51:39,1,64,18.0,86,6.5,1007.6,3,5,248,0.0,0,0.0,0
2025-12-22 01:52:40,1,64,17.9,86,6.5,1007.7,2,9,8,0.0,0,0.0,0
2025-12-22 01:53:41,1,64,18.0,86,6.5,1007.7,1,9,57,0.0,0,0.0,0
2025-12-22 01:54:42,1,64,17.9,86,6.5,1007.7,2,7,4,0.0,0,0.0,0
2025-12-22 01:55:43,1,64,17.9,86,6.5,1007.7,0,12,313,0.0,0,0.0,0
2025-12-22 01:56:44,1,64,17.9,86,6.5,1007.6,1,9,67,0.0,0,0.0,0
2025-12-22 01:57:45,1,64,17.9,86,6.4,1007.7,3,5,349,0.0,0,0.0,0
2025-12-22 01:58:46,1,64,17.9,86,6.4,1007.7,0,5,25,0.0,0,0.0,0
2025-12-22 01:59:47,1,64,18.0,86,6.4,1007.7,1,3,24,0.0,0,0.0,0
2025-12-22 02:00:48,1,64,17.9,86,6.4,1007.7,0,3,26,0.0,0,0.0,0
2025-12-22 02:01:49,1,64,17.9,86,6.4,1007.6,2,7,4,0.0,0,0.0,0
2025-12-22 02:02:50,1,64,17.9,86,6.4,1007.7,0,7,102,0.0,0,0.0,0
2025-12-22 02:03:51,1,64,18.0,86,6.4,1007.6,0,3,63,0.0,0,0.0,0
2025-12-22 02:04:52,1,64,17.9,86,6.3,1007.8,4,7,3,0.0,0,0.0,0
2025-12-22 02:05:53,1,64,18.0,86,6.3,1007.6,3,7,7,0.0,0,0.0,0
2025-12-22 02:06:54,1,64,18.0,86,6.3,1007.8,3,5,70,0.0,0,0.0,0
2025-12-22 02:07:55,1,64,17.9,86,6.4,1007.6,1,5,87,0.0,0,0.0,0
2025-12-22 02:08:56,1,64,18.0,86,6.4,1007.9,3,11,24,0.0,0,0.0,0
2025-12-22 02:09:57,1,64,17.9,86,6.4,1007.7,6,12,18,0.0,0,0.0,0
2025-12-22 02:10:58,1,64,18.0,86,6.4,1007.8,1,9,66,0.0,0,0.0,0
2025-12-22 02:11:59,1,64,18.0,86,6.4,1007.8,4,7,39,0.0,0,0.0,0
2025-12-22 02:13:00,1,64,17.9,86,6.4,1007.7,3,7,85,0.0,0,0.0,0
2025-12-22 02:14:01,1,64,17.9,86,6.3,1007.5,0,9,45,0.0,0,0.0,0
2025-12-22 02:15:02,1,64,17.9,86,6.4,1007.6,3,9,62,0.0,0,0.0,0
2025-12-22 02:16:03,1,64,18.0,86,6.4,1007.6,8,12,49,0.0,0,0.0,0
2025-12-22 02:17:04,1,64,17.9,86,6.4,1007.7,3,16,99,0.0,0,0.0,0
2025-12-22 02:18:05,1,64,17.9,86,6.4,1007.9,2,16,31,0.0,0,0.0,0
2025-12-22 02:19:06,1,64,17.9,85,6.4,1007.8,1,14,73,0.0,0,0.0,0
2025-12-22 02:20:07,1,64,17.9,85,6.4,1007.7,6,7,67,0.0,0,0.0,0
2025-12-22 02:21:08,1,64,17.9,85,6.4,1007.6,8,11,59,0.0,0,0.0,0
2025-12-22 02:22:09,1,64,17.9,85,6.4,1007.9,1,11,27,0.0,0,0.0,0
2025-12-22 02:23:10,1,64,17.9,85,6.4,1007.8,4,12,91,0.0,0,0.0,0
2025-12-22 02:24:11,1,64,17.9,85,6.3,1007.6,3,12,78,0.0,0,0.0,0
2025-12-22 02:25:12,1,64,17.9,85,6.3,1007.7,3,11,85,0.0,0,0.0,0
2025-12-22 02:26:13,1,64,17.9,85,6.3,1007.7,0,9,54,0.0,0,0.0,0
2025-12-22 02:27:14,1,64,18.0,85,6.3,1007.9,2,7,107,0.0,0,0.0,0
2025-12-22 02:28:15,1,64,17.9,86,6.2,1007.7,6,9,63,0.0,0,0.0,0
2025-12-22 02:29:16,1,64,17.9,86,6.2,1007.6,5,9,22,0.0,0,0.0,0
2025-12-22 02:30:17,1,64,17.9,86,6.2,1007.7,0,7,30,0.0,0,0.0,0
2025-12-22 02:31:18,1,64,17.9,86,6.2,1007.7,2,5,141,0.0,0,0.0,0
2025-12-22 02:32:19,1,64,17.9,86,6.2,1007.8,0,5,285,0.0,0,0.0,0
2025-12-22 02:33:20,1,64,17.9,86,6.2,1007.7,0,14,93,0.0,0,0.0,0
2025-12-22 02:34:21,1,64,17.9,86,6.1,1007.7,0,3,43,0.0,0,0.0,0
2025-12-22 02:35:22,1,64,17.9,86,6.1,1007.7,4,5,81,0.0,0,0.0,0
2025-12-22 02:36:23,1,64,17.9,86,6.1,1007.8,0,5,59,0.0,0,0.0,0
2025-12-22 02:37:24,1,64,17.9,86,6.1,1007.7,1,3,70,0.0,0,0.0,0
2025-12-22 02:38:25,1,64,17.9,86,6.1,1007.7,5,9,92,0.0,0,0.0,0
2025-12-22 02:39:26,1,64,17.9,86,6.1,1007.7,0,7,94,0.0,0,0.0,0
2025-12-22 02:40:27,1,64,17.9,86,6.1,1007.7,3,5,30,0.0,0,0.0,0
2025-12-22 02:41:28,1,64,17.9,86,6.1,1007.7,1,9,63,0.0,0,0.0,0
2025-12-22 02:42:29,1,64,17.9,86,6.1,1007.8,0,9,19,0.0,0,0.0,0
2025-12-22 02:43:30,1,64,17.9,86,6.1,1007.8,3,5,21,0.0,0,0.0,0
2025-12-22 02:44:31,1,64,17.9,86,6.1,1007.7,6,9,62,0.0,0,0.0,0
2025-12-22 02:45:32,1,64,17.9,86,6.0,1007.7,2,9,88,0.0,0,0.0,0
2025-12-22 02:46:33,1,64,17.9,86,6.0,1007.7,4,9,67,0.0,0,0.0,0
2025-12-22 02:47:34,1,64,17.9,86,6.0,1007.7,4,9,85,0.0,0,0.0,0
2025-12-22 02:48:35,1,64,17.9,86,6.0,1007.8,2,12,28,0.0,0,0.0,0
2025-12-22 02:49:36,1,64,17.9,86,6.0,1007.7,6,12,109,0.0,0,0.0,0
2025-12-22 02:50:37,1,64,17.9,86,6.0,1007.8,6,14,64,0.0,0,0.0,0
2025-12-22 02:51:38,1,64,17.9,86,6.0,1007.7,1,14,38,0.0,0,0.0,0
2025-12-22 02:52:39,1,64,17.9,86,6.0,1007.8,1,5,21,0.0,0,0.0,0
2025-12-22 02:53:40,1,64,17.9,86,6.0,1007.7,7,9,65,0.0,0,0.0,0
2025-12-22 02:54:41,1,64,17.9,86,6.0,1007.7,0,9,81,0.0,0,0.0,0
2025-12-22 02:55:42,1,64,17.9,86,6.0,1007.8,0,9,77,0.0,0,0.0,0
2025-12-22 02:56:43,1,64,17.9,86,6.0,1007.9,4,5,73,0.0,0,0.0,0
2025-12-22 02:57:44,1,64,17.9,86,6.0,1007.9,4,7,55,0.0,0,0.0,0
2025-12-22 02:58:45,1,64,17.9,86,6.0,1007.9,1,7,12,0.0,0,0.0,0
2025-12-22 02:59:46,1,64,17.9,86,6.0,1007.8,5,9,94,0.0,0,0.0,0
2025-12-22 03:00:48,1,64,17.9,86,6.0,1007.9,1,9,57,0.0,0,0.0,0
2025-12-22 03:01:49,1,64,17.9,86,6.0,1007.8,3,5,40,0.0,0,0.0,0
2025-12-22 03:02:50,1,64,17.9,86,6.0,1008.0,6,7,75,0.0,0,0.0,0
2025-12-22 03:03:51,1,64,17.9,86,6.0,1007.8,4,9,90,0.0,0,0.0,0
2025-12-22 03:04:52,1,64,17.9,86,6.0,1008.0,1,9,125,0.0,0,0.0,0
2025-12-22 03:05:53,1,64,17.9,86,6.0,1007.9,0,3,144,0.0,0,0.0,0
2025-12-22 03:06:54,1,64,17.9,86,6.0,1008.0,0,1,106,0.0,0,0.0,0
2025-12-22 03:07:55,1,64,17.9,86,6.0,1007.9,1,1,198,0.0,0,0.0,0
2025-12-22 03:08:56,1,64,17.9,86,5.9,1007.8,5,7,65,0.0,0,0.0,0
2025-12-22 03:09:57,1,64,17.9,86,5.9,1008.0,4,7,45,0.0,0,0.0,0
2025-12-22 03:10:58,1,64,17.9,86,5.9,1007.9,2,7,96,0.0,0,0.0,0
2025-12-22 03:11:59,1,64,17.9,86,5.9,1008.1,1,3,22,0.0,0,0.0,0
2025-12-22 03:13:00,1,64,17.9,86,5.9,1008.0,2,5,87,0.0,0,0.0,0
2025-12-22 03:14:01,1,64,17.9,86,5.9,1008.0,0,5,353,0.0,0,0.0,0
2025-12-22 03:15:02,1,64,17.9,86,5.9,1007.9,2,11,103,0.0,0,0.0,0
2025-12-22 03:16:03,1,64,17.9,86,5.9,1008.0,2,11,44,0.0,0,0.0,0
2025-12-22 03:17:04,1,64,17.9,86,5.9,1008.0,0,7,64,0.0,0,0.0,0
2025-12-22 03:18:05,1,64,17.9,86,5.9,1008.0,0,7,42,0.0,0,0.0,0
2025-12-22 03:19:06,1,64,17.9,86,5.9,1007.9,2,3,28,0.0,0,0.0,0
2025-12-22 03:20:07,1,64,17.9,86,5.9,1007.8,0,3,320,0.0,0,0.0,0
2025-12-22 03:21:08,1,64,17.9,86,5.8,1008.0,2,3,17,0.0,0,0.0,0
2025-12-22 03:22:09,1,64,17.9,86,5.8,1007.9,1,5,26,0.0,0,0.0,0
2025-12-22 03:23:10,1,64,17.9,86,5.8,1008.0,0,5,25,0.0,0,0.0,0
2025-12-22 03:24:11,1,64,17.9,87,5.8,1008.0,0,3,18,0.0,0,0.0,0
2025-12-22 03:25:12,1,64,17.9,86,5.7,1008.1,1,3,43,0.0,0,0.0,0
2025-12-22 03:26:13,1,64,17.9,87,5.7,1008.0,0,3,12,0.0,0,0.0,0
2025-12-22 03:27:14,1,64,17.9,87,5.7,1008.1,1,3,21,0.0,0,0.0,0
2025-12-22 03:28:15,1,64,17.9,87,5.7,1008.0,0,1,344,0.0,0,0.0,0
2025-12-22 03:29:16,1,64,17.9,87,5.7,1008.1,0,1,349,0.0,0,0.0,0
2025-12-22 03:30:17,1,64,17.9,87,5.7,1007.9,0,3,54,0.0,0,0.0,0
2025-12-22 03:31:18,1,64,17.9,87,5.6,1007.8,2,3,17,0.0,0,0.0,0
2025-12-22 03:32:19,1,64,17.9,87,5.6,1008.1,3,5,52,0.0,0,0.0,0
2025-12-22 03:33:20,1,64,17.9,87,5.6,1007.8,2,14,17,0.0,0,0.0,0
2025-12-22 03:34:21,1,64,17.9,87,5.6,1007.8,3,12,57,0.0,0,0.0,0
2025-12-22 03:35:22,1,64,17.9,87,5.6,1007.8,3,9,33,0.0,0,0.0,0
2025-12-22 03:36:23,1,64,17.9,87,5.6,1007.8,1,5,76,0.0,0,0.0,0
2025-12-22 03:37:24,1,64,17.9,87,5.6,1007.8,5,7,40,0.0,0,0.0,0
2025-12-22 03:38:25,1,64,17.9,87,5.6,1007.9,5,7,49,0.0,0,0.0,0
2025-12-22 03:39:26,1,64,17.9,87,5.6,1007.7,1,7,39,0.0,0,0.0,0
2025-12-22 03:40:27,1,64,17.9,87,5.7,1007.8,1,5,50,0.0,0,0.0,0
2025-12-22 03:41:28,1,63,17.9,87,5.7,1007.9,3,9,50,0.0,0,0.0,0
2025-12-22 03:42:29,1,63,17.9,87,5.7,1007.9,0,9,109,0.0,0,0.0,0
2025-12-22 03:43:30,1,63,17.9,87,5.7,1007.9,7,9,21,0.0,0,0.0,0
2025-12-22 03:44:31,1,63,17.9,87,5.7,1007.9,1,9,48,0.0,0,0.0,0
2025-12-22 03:45:32,1,63,17.9,87,5.7,1007.9,4,5,30,0.0,0,0.0,0
2025-12-22 03:46:33,1,63,17.9,87,5.7,1007.9,1,5,30,0.0,0,0.0,0
2025-12-22 03:47:34,1,63,17.9,87,5.7,1007.8,0,5,12,0.0,0,0.0,0
2025-12-22 03:48:35,1,63,17.9,87,5.7,1007.9,1,5,58,0.0,0,0.0,0
2025-12-22 03:49:36,1,63,17.9,87,5.7,1007.7,0,5,71,0.0,0,0.0,0
2025-12-22 03:50:37,1,63,17.9,87,5.7,1008.0,6,9,10,0.0,0,0.0,0
2025-12-22 03:51:38,1,63,17.9,87,5.7,1008.0,3,9,34,0.0,0,0.0,0
2025-12-22 03:52:39,1,63,17.9,87,5.7,1007.8,2,5,54,0.0,0,0.0,0
2025-12-22 03:53:40,1,63,17.9,87,5.7,1007.8,2,5,38,0.0,0,0.0,0
2025-12-22 03:54:41,1,63,17.9,87,5.7,1007.8,3,7,359,0.0,0,0.0,0
2025-12-22 03:55:42,1,63,17.9,87,5.7,1007.8,4,9,75,0.0,0,0.0,0
2025-12-22 03:56:43,1,63,17.9,87,5.7,1007.9,6,11,112,0.0,0,0.0,0
2025-12-22 03:57:44,1,63,17.9,86,5.7,1007.9,1,11,79,0.0,0,0.0,0
2025-12-22 03:58:45,1,63,17.9,87,5.8,1007.8,3,9,41,0.0,0,0.0,0
2025-12-22 03:59:46,1,63,17.9,87,5.8,1007.8,2,9,27,0.0,0,0.0,0
2025-12-22 04:00:48,1,63,17.9,86,5.8,1007.7,5,7,54,0.0,0,0.0,0
2025-12-22 04:01:49,1,63,17.9,86,5.8,1007.7,9,14,58,0.0,0,0.0,0
2025-12-22 04:02:50,1,63,17.9,86,5.8,1007.8,2,14,52,0.0,0,0.0,0
2025-12-22 04:03:51,1,63,17.9,86,5.8,1007.9,4,9,76,0.0,0,0.0,0
2025-12-22 04:04:52,1,63,17.9,86,5.9,1007.8,8,11,44,0.0,0,0.0,0
2025-12-22 04:05:53,1,63,17.9,86,5.9,1007.8,5,11,38,0.0,0,0.0,0
2025-12-22 04:06:54,1,63,17.9,86,5.9,1007.6,7,14,48,0.0,0,0.0,0
2025-12-22 04:07:55,1,63,17.9,86,5.9,1007.7,4,11,68,0.0,0,0.0,0
2025-12-22 04:08:56,1,63,17.9,86,5.9,1007.7,5,11,51,0.0,0,0.0,0
2025-12-22 04:09:57,1,63,17.9,86,5.9,1007.7,7,11,28,0.0,0,0.0,0
2025-12-22 04:10:58,1,63,17.9,86,5.9,1007.7,4,9,49,0.0,0,0.0,0
2025-12-22 04:11:59,1,63,17.9,86,5.9,1007.7,5,11,89,0.0,0,0.0,0
2025-12-22 04:13:00,1,63,17.9,86,5.9,1007.8,6,11,48,0.0,0,0.0,0
2025-12-22 04:14:01,1,63,17.9,85,5.9,1007.6,5,9,42,0.0,0,0.0,0
2025-12-22 04:15:02,1,63,17.9,86,5.9,1007.7,4,7,34,0.0,0,0.0,0
2025-12-22 04:16:03,1,63,17.9,86,5.9,1007.6,7,11,85,0.0,0,0.0,0
2025-12-22 04:17:04,1,63,17.9,86,5.9,1007.8,2,14,29,0.0,0,0.0,0
2025-12-22 04:18:05,1,63,17.9,85,5.9,1007.6,1,9,15,0.0,0,0.0,0
2025-12-22 04:19:06,1,63,17.9,85,5.9,1007.7,3,11,20,0.0,0,0.0,0
2025-12-22 04:20:07,1,63,17.9,85,5.9,1007.6,3,9,94,0.0,0,0.0,0
2025-12-22 04:21:08,1,63,17.9,85,5.9,1007.8,2,5,139,0.0,0,0.0,0
2025-12-22 04:22:09,1,63,17.9,86,5.9,1007.7,1,5,95,0.0,0,0.0,0
2025-12-22 04:23:10,1,63,17.9,85,5.9,1007.8,1,5,51,0.0,0,0.0,0
2025-12-22 04:24:11,1,63,17.9,85,5.9,1007.7,3,5,0,0.0,0,0.0,0
2025-12-22 04:25:12,1,63,17.9,85,5.9,1007.8,0,5,65,0.0,0,0.0,0
2025-12-22 04:26:13,1,63,17.9,85,5.9,1007.6,1,7,28,0.0,0,0.0,0
2025-12-22 04:27:14,1,63,17.9,85,5.8,1007.6,7,9,96,0.0,0,0.0,0
2025-12-22 04:28:15,1,63,17.9,85,5.8,1007.8,6,11,46,0.0,0,0.0,0
2025-12-22 04:29:16,1,63,17.9,85,5.8,1007.8,2,11,347,0.0,0,0.0,0
2025-12-22 04:30:17,1,63,17.9,85,5.8,1007.7,0,7,47,0.0,0,0.0,0
2025-12-22 04:31:18,1,63,17.9,85,5.8,1007.9,1,5,90,0.0,0,0.0,0
2025-12-22 04:32:19,1,63,17.9,85,5.8,1007.7,1,5,310,0.0,0,0.0,0
2025-12-22 04:33:20,1,63,17.9,85,5.8,1007.8,4,11,36,0.0,0,0.0,0
2025-12-22 04:34:21,1,63,17.9,85,5.8,1007.8,2,11,41,0.0,0,0.0,0
2025-12-22 04:35:22,1,63,17.9,86,5.8,1007.8,0,3,332,0.0,0,0.0,0
2025-12-22 04:36:23,1,63,17.9,85,5.8,1007.8,0,3,331,0.0,0,0.0,0
2025-12-22 04:37:24,1,63,17.9,86,5.7,1007.7,0,0,286,0.0,0,0.0,0
2025-12-22 04:38:25,1,63,17.9,85,5.7,1007.8,5,11,52,0.0,0,0.0,0
2025-12-22 04:39:26,1,63,17.9,86,5.7,1007.8,2,11,11,0.0,0,0.0,0
2025-12-22 04:40:27,1,63,17.9,86,5.6,1007.9,3,5,62,0.0,0,0.0,0
2025-12-22 04:41:28,1,63,17.9,86,5.5,1008.0,0,5,357,0.0,0,0.0,0
2025-12-22 04:42:29,1,63,17.9,86,5.5,1008.0,1,5,26,0.0,0,0.0,0
2025-12-22 04:43:30,1,63,17.9,86,5.5,1008.0,3,5,60,0.0,0,0.0,0
2025-12-22 04:44:31,1,63,17.9,86,5.5,1007.9,1,5,13,0.0,0,0.0,0
2025-12-22 04:45:32,1,63,17.9,86,5.5,1008.0,0,3,97,0.0,0,0.0,0
2025-12-22 04:46:33,1,63,17.9,86,5.5,1007.9,0,3,50,0.0,0,0.0,0
2025-12-22 04:47:34,1,63,17.9,86,5.5,1007.8,7,11,31,0.0,0,0.0,0
2025-12-22 04:48:35,1,63,17.9,86,5.6,1008.0,0,11,39,0.0,0,0.0,0
2025-12-22 04:49:36,1,63,17.9,86,5.5,1007.8,3,5,68,0.0,0,0.0,0
2025-12-22 04:50:37,1,63,17.9,86,5.5,1007.8,0,5,58,0.0,0,0.0,0
2025-12-22 04:51:38,1,63,17.9,86,5.5,1008.0,0,5,48,0.0,0,0.0,0
2025-12-22 04:52:39,1,63,17.9,86,5.5,1008.0,3,7,67,0.0,0,0.0,0
2025-12-22 04:53:40,1,63,17.9,86,5.5,1008.0,0,7,74,0.0,0,0.0,0
2025-12-22 04:54:41,1,63,17.9,87,5.4,1007.9,0,3,18,0.0,0,0.0,0
2025-12-22 04:55:42,1,63,17.9,87,5.4,1007.9,0,1,63,0.0,0,0.0,0
2025-12-22 04:56:43,1,63,17.9,87,5.4,1007.8,0,1,15,0.0,0,0.0,0
2025-12-22 04:57:44,1,63,17.9,87,5.4,1007.9,3,7,42,0.0,0,0.0,0
2025-12-22 04:58:45,1,63,17.9,87,5.4,1008.0,6,7,15,0.0,0,0.0,0
2025-12-22 04:59:46,1,63,17.9,87,5.4,1007.9,3,7,41,0.0,0,0.0,0
2025-12-22 05:00:48,1,63,17.9,87,5.4,1007.8,3,9,40,0.0,0,0.0,0
2025-12-22 05:01:49,1,63,17.9,87,5.4,1007.9,1,9,18,0.0,0,0.0,0
2025-12-22 05:02:50,1,63,17.9,87,5.4,1008.0,5,7,52,0.0,0,0.0,0
2025-12-22 05:03:51,1,63,17.9,87,5.4,1007.9,4,7,39,0.0,0,0.0,0
2025-12-22 05:04:52,1,63,17.9,87,5.4,1007.9,1,7,48,0.0,0,0.0,0
2025-12-22 05:05:53,1,63,17.9,87,5.3,1007.9,0,5,341,0.0,0,0.0,0
2025-12-22 05:06:54,1,63,17.9,87,5.3,1007.9,2,5,24,0.0,0,0.0,0
2025-12-22 05:07:55,1,63,17.9,87,5.3,1008.0,3,5,34,0.0,0,0.0,0
2025-12-22 05:08:56,1,63,17.9,87,5.3,1008.0,4,5,30,0.0,0,0.0,0
2025-12-22 05:09:57,1,63,17.9,87,5.3,1008.0,0,5,69,0.0,0,0.0,0
2025-12-22 05:10:58,1,63,17.9,87,5.3,1007.9,1,3,23,0.0,0,0.0,0
2025-12-22 05:11:59,1,63,17.9,87,5.3,1008.0,1,3,150,0.0,0,0.0,0
2025-12-22 05:13:00,1,63,17.9,87,5.3,1008.0,0,3,159,0.0,0,0.0,0
2025-12-22 05:14:01,1,63,17.9,88,5.2,1007.9,0,3,9,0.0,0,0.0,0
2025-12-22 05:15:02,1,63,17.9,88,5.2,1008.0,0,3,19,0.0,0,0.0,0
2025-12-22 05:16:03,1,63,17.9,87,5.2,1008.1,4,7,91,0.0,0,0.0,0
2025-12-22 05:17:04,1,63,17.9,88,5.2,1008.0,2,7,85,0.0,0,0.0,0
2025-12-22 05:18:05,1,63,17.9,88,5.2,1008.0,2,5,137,0.0,0,0.0,0
2025-12-22 05:19:06,1,63,17.9,88,5.2,1008.1,0,3,96,0.0,0,0.0,0
2025-12-22 05:20:07,1,63,17.9,88,5.2,1008.0,4,5,99,0.0,0,0.0,0
2025-12-22 05:21:08,1,63,17.9,88,5.2,1008.0,5,7,54,0.0,0,0.0,0
2025-12-22 05:22:09,1,63,17.9,88,5.2,1007.9,3,9,197,0.0,0,0.0,0
2025-12-22 05:23:10,1,63,17.9,88,5.2,1007.9,2,9,9,0.0,0,0.0,0
2025-12-22 05:24:11,1,63,17.9,88,5.2,1008.3,1,11,108,0.0,0,0.0,0
2025-12-22 05:25:12,1,63,17.9,88,5.2,1008.1,0,11,56,0.0,0,0.0,0
2025-12-22 05:26:13,1,63,17.9,88,5.2,1007.9,2,9,74,0.0,0,0.0,0
2025-12-22 05:27:14,1,63,17.9,88,5.2,1008.0,3,9,44,0.0,0,0.0,0
2025-12-22 05:28:15,1,63,17.9,88,5.1,1008.0,5,7,75,0.0,0,0.0,0
2025-12-22 05:29:16,1,63,17.9,88,5.1,1008.0,3,11,60,0.0,0,0.0,0
2025-12-22 05:30:17,1,63,17.9,88,5.1,1007.9,4,11,19,0.0,0,0.0,0
2025-12-22 05:31:18,1,63,17.9,88,5.1,1008.2,1,9,78,0.0,0,0.0,0
2025-12-22 05:32:19,1,63,17.9,88,5.1,1008.0,4,7,50,0.0,0,0.0,0
2025-12-22 05:33:20,1,63,17.9,88,5.1,1008.1,2,7,39,0.0,0,0.0,0
2025-12-22 05:34:21,1,63,17.9,88,5.1,1008.1,3,5,46,0.0,0,0.0,0
2025-12-22 05:35:22,1,63,17.9,88,5.0,1008.0,5,7,39,0.0,0,0.0,0
2025-12-22 05:36:23,1,63,17.9,88,5.0,1008.1,3,9,52,0.0,0,0.0,0
2025-12-22 05:37:24,1,63,17.9,88,5.1,1008.0,2,9,319,0.0,0,0.0,0
2025-12-22 05:38:25,1,63,17.9,88,5.1,1008.1,2,5,357,0.0,0,0.0,0
2025-12-22 05:39:26,1,63,17.9,88,5.1,1008.1,3,5,35,0.0,0,0.0,0
2025-12-22 05:40:27,1,63,18.0,88,5.0,1008.1,3,9,46,0.0,0,0.0,0
2025-12-22 05:41:28,1,63,18.0,88,5.0,1008.1,7,11,61,0.0,0,0.0,0
2025-12-22 05:42:29,1,63,18.0,88,5.0,1008.0,3,11,20,0.0,0,0.0,0
2025-12-22 05:43:30,1,63,18.0,88,5.0,1008.0,3,5,72,0.0,0,0.0,0
2025-12-22 05:44:31,1,63,18.0,88,5.0,1008.1,3,7,26,0.0,0,0.0,0
2025-12-22 05:45:32,1,63,18.0,88,5.0,1007.9,7,16,41,0.0,0,0.0,0
2025-12-22 05:46:33,1,62,18.0,88,5.0,1008.0,3,16,21,0.0,0,0.0,0
2025-12-22 05:47:34,1,62,18.0,88,5.0,1008.0,0,5,21,0.0,0,0.0,0
2025-12-22 05:48:35,1,62,18.0,88,5.0,1008.2,5,7,72,0.0,0,0.0,0
2025-12-22 05:49:36,1,62,18.1,88,5.0,1008.1,4,7,60,0.0,0,0.0,0
2025-12-22 05:50:37,1,62,18.1,88,5.0,1008.1,7,11,48,0.0,0,0.0,0
2025-12-22 05:51:38,1,62,18.1,88,5.0,1008.2,6,11,99,0.0,0,0.0,0
2025-12-22 05:52:39,1,62,18.1,88,5.0,1008.2,3,12,41,0.0,0,0.0,0
2025-12-22 05:53:40,1,62,18.1,88,5.1,1008.2,3,12,52,0.0,0,0.0,0
2025-12-22 05:54:41,1,62,18.1,88,5.1,1008.2,2,12,30,0.0,0,0.0,0
2025-12-22 05:55:42,1,62,18.1,88,5.1,1008.1,0,5,25,0.0,0,0.0,0
2025-12-22 05:56:43,1,62,18.1,88,5.1,1008.2,1,7,11,0.0,0,0.0,0
2025-12-22 05:57:44,1,62,18.2,88,5.1,1008.2,3,7,28,0.0,0,0.0,0
2025-12-22 05:58:45,1,62,18.2,88,5.1,1008.2,2,5,9,0.0,0,0.0,0
2025-12-22 05:59:46,1,62,18.2,88,5.1,1008.2,0,5,9,0.0,0,0.0,0
2025-12-22 06:00:48,1,62,18.2,88,5.1,1008.2,1,5,345,0.0,0,0.0,0
2025-12-22 06:01:49,1,62,18.2,88,5.0,1008.3,5,7,57,0.0,0,0.0,0
2025-12-22 06:02:50,1,62,18.2,88,5.0,1008.3,5,9,76,0.0,0,0.0,0
2025-12-22 06:03:51,1,62,18.2,88,5.0,1008.0,1,9,40,0.0,0,0.0,0
2025-12-22 06:04:52,1,62,18.2,88,5.0,1008.3,6,14,53,0.0,0,0.0,0
2025-12-22 06:05:53,1,62,18.3,88,5.1,1008.3,4,14,70,0.0,0,0.0,0
2025-12-22 06:06:54,1,62,18.2,88,5.1,1008.2,3,7,33,0.0,0,0.0,0
2025-12-22 06:07:55,1,62,18.3,88,5.1,1008.1,4,9,22,0.0,0,0.0,0
2025-12-22 06:08:56,1,62,18.3,88,5.1,1008.2,4,7,37,0.0,0,0.0,0
2025-12-22 06:09:57,1,62,18.3,88,5.1,1008.1,6,7,40,0.0,0,0.0,0
2025-12-22 06:10:58,1,62,18.3,88,5.1,1008.2,6,9,51,0.0,0,0.0,0
2025-12-22 06:11:59,1,62,18.3,88,5.1,1008.3,6,11,53,0.0,0,0.0,0
2025-12-22 06:13:00,1,61,18.3,88,5.1,1008.3,3,14,10,0.0,0,0.0,0
2025-12-22 06:14:01,1,61,18.3,88,5.2,1008.4,4,9,22,0.0,0,0.0,0
2025-12-22 06:15:02,1,61,18.3,88,5.2,1008.2,5,9,30,0.0,0,0.0,0
2025-12-22 06:16:03,1,61,18.3,88,5.2,1008.1,4,9,19,0.0,0,0.0,0
2025-12-22 06:17:04,1,61,18.3,87,5.2,1008.3,3,7,54,0.0,0,0.0,0
2025-12-22 06:18:05,1,61,18.4,87,5.2,1008.4,3,5,20,0.0,0,0.0,0
2025-12-22 06:19:06,1,61,18.3,87,5.2,1008.4,1,9,53,0.0,0,0.0,0
2025-12-22 06:20:07,1,61,18.3,87,5.2,1008.4,4,9,41,0.0,0,0.0,0
2025-12-22 06:21:08,1,61,18.3,88,5.2,1008.4,5,7,42,0.0,0,0.0,0
2025-12-22 06:22:09,1,61,18.4,87,5.2,1008.4,4,14,55,0.0,0,0.0,0
2025-12-22 06:23:10,1,61,18.4,87,5.2,1008.4,6,12,41,0.0,0,0.0,0
2025-12-22 06:24:11,1,61,18.4,87,5.3,1008.4,5,12,41,0.0,0,0.0,0
2025-12-22 06:25:12,1,61,18.4,87,5.3,1008.2,2,9,58,0.0,0,0.0,0
2025-12-22 06:26:13,1,61,18.4,87,5.3,1008.4,7,9,37,0.0,0,0.0,0
2025-12-22 06:27:14,1,61,18.4,87,5.3,1008.3,4,12,34,0.0,0,0.0,0
2025-12-22 06:28:15,1,61,18.4,87,5.3,1008.4,3,12,89,0.0,0,0.0,0
2025-12-22 06:29:16,1,61,18.4,87,5.3,1008.3,6,11,33,0.0,0,0.0,0
2025-12-22 06:30:17,1,61,18.4,87,5.3,1008.4,2,9,43,0.0,0,0.0,0
2025-12-22 06:31:18,1,61,18.4,87,5.3,1008.4,0,7,77,0.0,0,0.0,0
2025-12-22 06:32:19,1,61,18.4,87,5.3,1008.4,2,7,9,0.0,0,0.0,0
2025-12-22 06:33:20,1,61,18.4,87,5.3,1008.5,1,7,36,0.0,0,0.0,0
2025-12-22 06:34:21,1,61,18.4,87,5.3,1008.4,0,7,278,0.0,0,0.0,0
2025-12-22 06:35:22,1,61,18.4,87,5.4,1008.4,1,11,45,0.0,0,0.0,0
2025-12-22 06:36:23,1,61,18.4,87,5.4,1008.5,4,7,29,0.0,0,0.0,0
2025-12-22 06:37:24,1,61,18.4,87,5.4,1008.5,3,7,28,0.0,0,0.0,0
2025-12-22 06:38:25,1,61,18.4,87,5.4,1008.6,6,11,22,0.0,0,0.0,0
2025-12-22 06:39:26,1,60,18.4,87,5.4,1008.4,4,11,324,0.0,0,0.0,0
2025-12-22 06:40:27,1,61,18.4,87,5.4,1008.6,9,12,77,0.0,0,0.0,0
2025-12-22 06:41:28,1,61,18.4,87,5.4,1008.4,2,12,16,0.0,0,0.0,0
2025-12-22 06:42:29,1,60,18.4,87,5.4,1008.5,1,11,82,0.0,0,0.0,0
2025-12-22 06:43:30,1,60,18.4,87,5.4,1008.5,6,11,55,0.0,0,0.0,0
2025-12-22 06:44:31,1,60,18.4,86,5.4,1008.6,6,12,83,0.0,0,0.0,0
2025-12-22 06:45:32,1,60,18.4,87,5.5,1008.6,2,11,0,0.0,0,0.0,0
2025-12-22 06:46:33,1,60,18.4,86,5.5,1008.6,5,11,47,0.0,0,0.0,0
2025-12-22 06:47:34,1,60,18.4,86,5.5,1008.7,5,14,28,0.0,0,0.0,0
2025-12-22 06:48:35,1,60,18.4,86,5.5,1008.8,6,14,60,0.0,0,0.0,0
2025-12-22 06:49:36,1,60,18.4,86,5.5,1008.7,9,14,62,0.0,0,0.0,0
2025-12-22 06:50:37,1,60,18.4,86,5.5,1008.5,6,14,34,0.0,0,0.0,0
2025-12-22 06:51:38,1,60,18.4,86,5.5,1008.7,2,9,57,0.0,0,0.0,0
2025-12-22 06:52:39,1,60,18.4,86,5.5,1008.6,1,7,62,0.0,0,0.0,0
2025-12-22 06:53:40,1,60,18.4,86,5.4,1008.6,2,9,331,0.0,0,0.0,0
2025-12-22 06:54:41,1,60,18.4,86,5.4,1008.7,9,14,74,0.0,0,0.0,0
2025-12-22 06:55:42,1,60,18.5,86,5.5,1008.7,5,14,21,0.0,0,0.0,0
2025-12-22 06:56:43,1,60,18.5,86,5.5,1008.6,3,11,27,0.0,0,0.0,0
2025-12-22 06:57:44,1,60,18.4,86,5.5,1008.6,4,11,55,0.0,0,0.0,0
2025-12-22 06:58:45,1,60,18.4,86,5.5,1008.4,5,9,32,0.0,0,0.0,0
2025-12-22 06:59:46,1,60,18.4,87,5.4,1008.5,11,16,51,0.0,0,0.0,0
2025-12-22 07:00:47,1,60,18.4,87,5.4,1008.5,3,16,52,0.0,0,0.0,0
2025-12-22 07:01:48,1,60,18.4,87,5.4,1008.6,6,9,51,0.0,0,0.0,0
2025-12-22 07:02:49,1,60,18.5,86,5.4,1008.5,2,9,96,0.0,0,0.0,0
2025-12-22 07:03:50,1,60,18.4,87,5.4,1008.7,3,5,131,0.0,0,0.0,0
2025-12-22 07:04:51,1,60,18.4,87,5.4,1008.6,0,5,46,0.0,0,0.0,0
2025-12-22 07:05:52,1,60,18.5,86,5.4,1008.7,0,1,5,0.0,0,0.0,0
2025-12-22 07:06:53,1,60,18.5,87,5.4,1008.7,6,11,70,0.0,0,0.0,0
2025-12-22 07:07:54,1,60,18.4,87,5.4,1008.6,0,11,59,0.0,0,0.0,0
2025-12-22 07:08:55,1,60,18.4,87,5.4,1008.7,8,12,55,0.0,0,0.0,0
2025-12-22 07:09:56,1,60,18.4,87,5.4,1008.7,7,12,55,0.0,0,0.0,0
2025-12-22 07:10:57,1,60,18.4,87,5.4,1008.7,1,11,33,0.0,0,0.0,0
2025-12-22 07:11:58,1,60,18.5,87,5.4,1008.9,5,14,35,0.0,0,0.0,0
2025-12-22 07:12:59,1,60,18.4,87,5.4,1008.8,5,14,72,0.0,0,0.0,0
2025-12-22 07:14:00,1,60,18.5,87,5.4,1008.6,1,9,11,0.0,0,0.0,0
2025-12-22 07:15:01,1,60,18.4,87,5.4,1008.7,2,7,22,0.0,0,0.0,0
2025-12-22 07:16:02,1,60,18.4,87,5.4,1008.7,2,5,33,0.0,0,0.1,0
2025-12-22 07:17:03,1,60,18.5,87,5.3,1008.8,1,3,38,0.0,0,0.1,0
2025-12-22 07:18:04,1,60,18.4,87,5.3,1008.8,7,11,44,0.0,0,0.1,0
2025-12-22 07:19:05,1,60,18.5,87,5.3,1008.8,5,11,21,0.0,0,0.1,0
2025-12-22 07:20:06,1,60,18.5,87,5.3,1008.7,1,7,13,0.0,0,0.1,0
2025-12-22 07:21:07,1,60,18.4,87,5.3,1008.8,7,9,63,0.0,0,0.1,0
2025-12-22 07:22:08,1,60,18.4,87,5.4,1008.8,5,9,38,0.0,0,0.1,0
2025-12-22 07:23:09,1,60,18.4,87,5.3,1008.7,11,16,57,0.0,0,0.1,0
2025-12-22 07:24:10,1,60,18.4,87,5.4,1008.7,5,16,31,0.0,0,0.2,0
2025-12-22 07:25:11,1,60,18.4,87,5.4,1009.0,1,7,41,0.0,0,0.2,0
2025-12-22 07:26:12,1,60,18.4,87,5.4,1008.8,8,12,13,0.0,0,0.2,0
2025-12-22 07:27:13,1,60,18.5,87,5.4,1008.9,2,12,11,0.0,0,0.3,0
2025-12-22 07:28:14,1,60,18.5,87,5.4,1008.9,3,7,78,0.0,0,0.3,0
2025-12-22 07:29:15,1,60,18.5,87,5.4,1009.0,0,5,35,0.0,0,0.4,0
2025-12-22 07:30:16,1,60,18.5,87,5.4,1008.9,3,9,53,0.0,0,0.4,0
2025-12-22 07:31:17,1,60,18.5,87,5.3,1008.8,1,7,52,0.0,0,0.5,0
2025-12-22 07:32:18,1,60,18.5,87,5.3,1009.0,2,3,29,0.0,0,0.5,0
2025-12-22 07:33:19,1,60,18.5,87,5.3,1009.0,3,7,48,0.0,0,0.6,0
2025-12-22 07:34:20,1,60,18.4,87,5.3,1008.8,0,12,32,0.0,0,0.7,0
2025-12-22 07:35:21,1,60,18.4,87,5.3,1008.8,4,9,15,0.0,0,0.8,0
2025-12-22 07:36:22,1,60,18.5,87,5.3,1008.9,8,11,65,0.0,0,0.8,0
2025-12-22 07:37:23,1,60,18.5,87,5.3,1008.9,3,11,118,0.0,0,0.9,0
2025-12-22 07:38:24,1,60,18.5,87,5.4,1008.7,2,7,47,0.0,0,1.0,0
2025-12-22 07:39:25,1,60,18.5,87,5.4,1009.1,4,7,48,0.0,0,1.1,0
2025-12-22 07:40:26,1,60,18.5,87,5.4,1008.9,5,9,28,0.0,0,1.3,0
2025-12-22 07:41:27,1,60,18.5,87,5.3,1009.0,0,9,47,0.0,0,1.4,0
2025-12-22 07:42:28,1,60,18.5,87,5.3,1008.9,3,5,31,0.0,0,1.5,0
2025-12-22 07:43:29,1,60,18.5,87,5.3,1008.9,4,5,42,0.0,0,1.6,0
2025-12-22 07:44:30,1,60,18.5,87,5.4,1009.0,3,11,21,0.0,0,1.8,0
2025-12-22 07:45:31,1,60,18.5,87,5.4,1009.0,3,12,81,0.0,0,1.9,0
2025-12-22 07:46:32,1,59,18.5,87,5.4,1008.8,4,11,17,0.0,0,2.1,0
2025-12-22 07:47:33,1,59,18.5,87,5.4,1008.9,0,11,37,0.0,0,2.2,0
2025-12-22 07:48:34,1,59,18.5,87,5.4,1009.0,1,7,44,0.0,0,2.4,0
2025-12-22 07:49:35,1,59,18.5,87,5.4,1008.9,3,9,63,0.0,0,2.6,0
2025-12-22 07:50:36,1,59,18.5,87,5.4,1009.0,3,11,74,0.0,0,2.8,0
2025-12-22 07:51:37,1,59,18.5,87,5.4,1008.9,9,12,78,0.0,0,3.0,0
2025-12-22 07:52:38,1,59,18.5,87,5.4,1009.0,4,12,77,0.0,0,3.2,0
2025-12-22 07:53:39,1,59,18.5,87,5.4,1009.0,4,7,23,0.0,0,3.4,0
2025-12-22 07:54:40,1,59,18.5,87,5.4,1008.9,6,9,60,0.0,0,3.7,0
2025-12-22 07:55:41,1,59,18.5,87,5.4,1009.0,3,11,46,0.0,0,4.0,0
2025-12-22 07:56:42,1,60,18.5,87,5.4,1009.0,5,14,52,0.0,0,4.2,0
2025-12-22 07:57:43,1,60,18.5,87,5.4,1008.8,5,14,31,0.0,0,4.5,0
2025-12-22 07:58:44,1,60,18.5,87,5.4,1009.0,3,16,16,0.0,0,4.8,0
2025-12-22 07:59:45,1,60,18.5,87,5.5,1008.9,4,16,34,0.0,0,5.1,0
2025-12-22 08:00:46,1,60,18.5,87,5.5,1008.9,2,7,325,0.0,0,5.4,0
2025-12-22 08:01:47,1,60,18.5,87,5.5,1009.0,6,7,43,0.0,0,5.7,0
2025-12-22 08:02:48,1,60,18.5,87,5.5,1009.0,1,7,4,0.0,0,6.0,0
2025-12-22 08:03:49,1,60,18.5,87,5.5,1009.1,3,11,94,0.0,0,6.3,0
2025-12-22 08:04:50,1,60,18.5,87,5.4,1009.0,5,11,105,0.0,0,6.6,0
2025-12-22 08:05:51,1,60,18.5,87,5.4,1009.1,2,7,49,0.0,0,6.9,0
2025-12-22 08:06:52,1,60,18.5,87,5.4,1009.2,6,7,22,0.0,0,7.3,0
2025-12-22 08:07:53,1,60,18.5,87,5.4,1009.1,2,11,16,0.0,0,7.6,0
2025-12-22 08:08:54,1,60,18.5,87,5.5,1009.0,2,7,8,0.0,0,8.0,0
2025-12-22 08:09:55,1,60,18.5,87,5.5,1008.9,4,7,351,0.0,0,8.3,0
2025-12-22 08:10:56,1,60,18.5,87,5.5,1009.0,5,7,31,0.0,0,8.6,0
2025-12-22 08:11:57,1,60,18.5,87,5.5,1009.1,4,12,37,0.0,0,9.0,0
2025-12-22 08:12:58,1,60,18.5,87,5.5,1009.3,0,12,72,0.0,0,9.4,0
2025-12-22 08:13:59,1,60,18.5,87,5.5,1009.2,0,5,80,0.0,0,9.8,0
2025-12-22 08:15:00,1,60,18.5,87,5.5,1009.1,2,3,0,0.0,0,10.1,0
2025-12-22 08:16:01,1,60,18.5,87,5.5,1009.2,0,5,76,0.0,0,10.5,0
2025-12-22 08:17:02,1,60,18.5,87,5.5,1009.1,3,9,15,0.0,0,11.0,0
2025-12-22 08:18:03,1,60,18.5,87,5.5,1009.3,2,9,29,0.0,0,11.4,0
2025-12-22 08:19:04,1,60,18.5,87,5.5,1009.4,0,9,62,0.0,0,11.9,0
2025-12-22 08:20:05,1,60,18.5,87,5.5,1009.3,6,9,17,0.0,0,12.3,0
2025-12-22 08:21:06,1,60,18.5,87,5.5,1009.1,3,9,129,0.0,0,12.6,0
2025-12-22 08:22:07,1,60,18.5,86,5.5,1009.0,4,7,52,0.0,0,13.1,0
2025-12-22 08:23:08,1,60,18.6,86,5.5,1009.2,3,9,49,0.0,0,13.6,0
2025-12-22 08:24:09,1,60,18.5,86,5.5,1009.2,5,12,56,0.0,0,14.0,0
2025-12-22 08:25:10,1,60,18.5,86,5.5,1009.2,3,12,30,0.0,0,14.5,0
2025-12-22 08:26:11,1,60,18.6,86,5.5,1009.3,0,5,24,0.0,0,14.9,0
2025-12-22 08:27:12,1,60,18.6,86,5.5,1009.2,3,5,61,0.0,0,15.3,0
2025-12-22 08:28:13,1,61,18.6,86,5.5,1009.2,3,5,49,0.0,0,15.8,0
2025-12-22 08:29:14,1,61,18.6,87,5.5,1009.3,2,12,72,0.0,0,16.3,0
2025-12-22 08:30:15,1,61,18.6,86,5.5,1009.3,0,12,57,0.0,0,16.8,0
2025-12-22 08:31:16,1,61,18.6,86,5.5,1009.5,2,3,28,0.0,0,17.1,0
2025-12-22 08:32:17,1,61,18.6,86,5.5,1009.4,6,11,62,0.0,0,17.6,0
2025-12-22 08:33:18,1,61,18.6,86,5.5,1009.4,6,11,33,0.0,0,18.1,0
2025-12-22 08:34:19,1,61,18.6,86,5.5,1009.4,4,11,21,0.0,0,18.5,0
2025-12-22 08:35:20,1,61,18.6,86,5.5,1009.3,1,7,32,0.0,0,18.9,0
2025-12-22 08:36:21,1,61,18.6,86,5.6,1009.4,6,9,2,0.0,0,19.2,0
2025-12-22 08:37:22,1,61,18.6,86,5.5,1009.4,4,14,71,0.0,0,19.5,0
2025-12-22 08:38:23,1,61,18.6,86,5.5,1009.3,4,14,41,0.0,0,19.8,0
2025-12-22 08:39:24,1,62,18.6,86,5.5,1009.4,0,7,33,0.0,0,20.1,0
2025-12-22 08:40:25,1,62,18.6,87,5.5,1009.5,4,11,57,0.0,0,20.4,0
2025-12-22 08:41:26,1,62,18.6,87,5.5,1009.6,5,11,34,0.0,0,20.7,0
2025-12-22 08:42:27,1,62,18.7,87,5.5,1009.4,6,9,80,0.0,0,20.9,0
2025-12-22 08:43:28,1,62,18.6,86,5.6,1009.4,6,11,76,0.0,0,21.2,0
2025-12-22 08:44:29,1,62,18.6,86,5.6,1009.4,6,11,43,0.0,0,21.5,0
2025-12-22 08:45:30,1,62,18.6,86,5.6,1009.4,3,11,11,0.0,0,21.7,0
2025-12-22 08:46:31,1,63,18.6,86,5.6,1009.6,6,11,26,0.0,0,22.0,0
2025-12-22 08:47:32,1,63,18.6,86,5.6,1009.6,8,9,54,0.0,0,22.1,0
2025-12-22 08:48:33,1,63,18.6,86,5.6,1009.6,1,9,26,0.0,0,22.4,0
2025-12-22 08:49:34,1,63,18.6,86,5.6,1009.4,4,11,77,0.0,0,22.6,0
2025-12-22 08:50:35,1,63,18.6,87,5.5,1009.5,3,9,40,0.0,0,22.9,0
2025-12-22 08:51:36,1,63,18.6,87,5.5,1009.5,2,5,75,0.0,0,23.1,0
2025-12-22 08:52:37,1,63,18.6,87,5.5,1009.5,0,3,48,0.0,0,23.2,0
2025-12-22 08:53:38,1,63,18.6,87,5.5,1009.5,2,5,46,0.0,0,23.4,0
2025-12-22 08:54:39,1,63,18.6,87,5.5,1009.5,4,5,54,0.0,0,23.5,0
2025-12-22 08:55:40,1,63,18.6,87,5.5,1009.3,3,7,29,0.0,0,23.6,0
2025-12-22 08:56:41,1,63,18.7,87,5.5,1009.4,3,7,69,0.0,0,23.8,0
2025-12-22 08:57:42,1,63,18.6,87,5.5,1009.3,6,11,19,0.0,0,23.9,0
2025-12-22 08:58:43,1,63,18.6,87,5.5,1009.5,7,11,58,0.0,0,24.0,0
2025-12-22 08:59:44,1,63,18.6,87,5.5,1009.5,2,11,34,0.0,0,24.1,0
2025-12-22 09:00:45,1,63,18.6,87,5.6,1009.6,3,5,97,0.0,0,24.4,0
2025-12-22 09:01:46,1,63,18.6,87,5.6,1009.5,2,5,76,0.0,0,24.6,0
2025-12-22 09:02:47,1,63,18.6,87,5.6,1009.5,0,5,50,0.0,0,24.8,0
2025-12-22 09:03:48,1,63,18.6,87,5.6,1009.4,2,5,22,0.0,0,25.1,0
2025-12-22 09:04:49,1,63,18.6,87,5.6,1009.4,2,11,43,0.0,0,25.5,0
2025-12-22 09:05:50,1,63,18.6,87,5.6,1009.5,5,11,26,0.0,0,26.0,0
2025-12-22 09:06:51,1,63,18.6,87,5.6,1009.3,8,16,67,0.0,0,26.6,0
2025-12-22 09:07:52,1,63,18.6,87,5.6,1009.4,5,11,55,0.0,0,27.2,0
2025-12-22 09:08:53,1,63,18.6,87,5.6,1009.5,1,9,39,0.0,0,27.9,0
2025-12-22 09:09:54,1,63,18.6,87,5.6,1009.5,5,7,29,0.0,0,28.6,0
2025-12-22 09:10:55,1,63,18.6,87,5.6,1009.6,0,7,7,0.0,0,29.3,0
2025-12-22 09:11:56,1,63,18.6,87,5.6,1009.6,5,7,21,0.0,0,30.2,0
2025-12-22 09:12:57,1,63,18.6,87,5.6,1009.5,1,7,306,0.0,0,31.0,0
2025-12-22 09:13:58,1,63,18.6,87,5.6,1009.5,3,9,45,0.0,0,31.9,0
2025-12-22 09:14:59,1,63,18.6,86,5.6,1009.6,3,9,26,0.0,0,32.6,0
2025-12-22 09:16:00,1,63,18.6,86,5.6,1009.8,4,9,74,0.0,0,33.7,0
2025-12-22 09:17:01,1,63,18.6,86,5.7,1009.7,5,9,45,0.0,0,34.7,0
2025-12-22 09:18:02,1,63,18.6,86,5.7,1009.6,2,9,20,0.0,0,35.7,0
2025-12-22 09:19:03,1,63,18.6,86,5.7,1009.4,1,5,358,0.0,0,36.5,0
2025-12-22 09:20:04,1,63,18.6,87,5.7,1009.4,1,3,59,0.0,0,37.2,0
2025-12-22 09:21:05,1,63,18.6,86,5.7,1009.5,3,7,40,0.0,0,38.0,0
2025-12-22 09:22:06,1,63,18.6,86,5.7,1009.5,5,7,88,0.0,0,38.8,0
2025-12-22 09:23:07,1,63,18.6,86,5.7,1009.5,2,11,35,0.0,0,39.5,0
2025-12-22 09:24:08,1,63,18.6,86,5.7,1009.7,5,11,46,0.0,0,40.4,0
2025-12-22 09:25:09,1,63,18.6,86,5.7,1009.6,5,12,22,0.0,0,41.2,0
2025-12-22 09:26:10,1,63,18.6,86,5.7,1009.6,10,12,50,0.0,0,41.8,0
2025-12-22 09:27:11,1,63,18.6,86,5.8,1009.5,3,12,32,0.0,0,42.6,0
2025-12-22 09:28:12,1,63,18.6,86,5.8,1009.5,7,12,45,0.0,0,43.3,0
2025-12-22 09:29:13,1,63,18.6,86,5.8,1009.5,4,12,52,0.0,0,44.1,0
2025-12-22 09:30:14,1,63,18.6,86,5.8,1009.8,3,12,46,0.0,0,45.0,0
2025-12-22 09:31:15,1,63,18.6,86,5.8,1009.6,2,12,40,0.0,0,45.7,0
2025-12-22 09:32:16,1,63,18.6,86,5.8,1009.7,4,5,62,0.0,0,46.6,0
2025-12-22 09:33:17,1,63,18.6,86,5.9,1009.7,5,5,53,0.0,0,47.5,0
2025-12-22 09:34:18,1,63,18.6,86,5.9,1009.6,6,9,52,0.0,0,48.6,0
2025-12-22 09:35:19,1,63,18.6,85,5.9,1009.7,6,12,42,0.0,0,49.5,0
2025-12-22 09:36:20,1,62,18.6,85,5.9,1009.8,4,12,35,0.0,0,50.4,0
2025-12-22 09:37:21,1,62,18.6,85,5.9,1009.8,2,5,41,0.0,0,51.5,0
2025-12-22 09:38:22,1,62,18.6,85,5.9,1009.8,0,5,27,0.0,0,52.5,0
2025-12-22 09:39:23,1,62,18.6,85,5.9,1009.8,3,12,45,0.0,0,54.4,0
2025-12-22 09:40:24,1,62,18.6,85,6.0,1009.6,2,12,13,0.0,0,55.9,0
2025-12-22 09:41:25,1,62,18.6,85,6.0,1009.9,7,11,19,0.0,0,57.9,0
2025-12-22 09:42:26,1,62,18.6,85,6.0,1009.8,2,11,73,0.0,0,59.1,0
2025-12-22 09:43:27,1,62,18.6,85,6.0,1009.6,5,7,38,0.0,0,61.5,0
2025-12-22 09:44:28,1,62,18.6,85,6.0,1009.7,3,7,70,0.0,0,63.8,0
2025-12-22 09:45:29,1,62,18.6,85,6.0,1009.7,6,9,47,0.0,0,66.1,0
2025-12-22 09:46:30,1,62,18.6,85,6.1,1009.9,6,9,19,0.0,0,68.0,0
2025-12-22 09:47:31,1,62,18.6,85,6.1,1009.9,4,9,38,0.0,0,69.8,0
2025-12-22 09:48:32,1,62,18.6,85,6.1,1010.0,2,9,42,0.0,0,72.0,0
2025-12-22 09:49:33,1,62,18.6,85,6.1,1009.8,5,9,54,0.0,0,74.4,0
2025-12-22 09:50:34,1,62,18.6,85,6.2,1009.8,6,12,91,0.0,0,76.8,0
2025-12-22 09:51:35,1,62,18.6,85,6.2,1009.8,5,12,37,0.0,0,78.9,0
2025-12-22 09:52:36,1,62,18.6,84,6.2,1009.9,4,11,50,0.0,0,80.5,0
2025-12-22 09:53:37,1,62,18.6,84,6.2,1009.9,7,11,22,0.0,0,82.3,0
2025-12-22 09:54:38,1,62,18.6,84,6.2,1010.0,6,12,65,0.0,0,84.3,0
2025-12-22 09:55:39,1,62,18.6,84,6.2,1009.9,3,12,109,0.0,0,86.2,0
2025-12-22 09:56:40,1,62,18.6,84,6.2,1009.8,7,12,63,0.0,0,87.5,0
2025-12-22 09:57:41,1,62,18.6,84,6.2,1010.0,8,12,25,0.0,0,89.6,0
2025-12-22 09:58:42,1,62,18.6,84,6.3,1009.9,4,11,14,0.0,0,90.7,0
2025-12-22 09:59:43,1,62,18.6,84,6.3,1009.8,5,14,26,0.0,0,91.9,0
2025-12-22 10:00:44,1,62,18.6,84,6.3,1009.9,3,12,53,0.0,0,93.0,0
2025-12-22 10:01:45,1,62,18.6,84,6.3,1010.0,6,9,36,0.0,0,94.2,0
2025-12-22 10:02:46,1,62,18.6,84,6.3,1010.0,5,9,17,0.0,0,95.0,0
2025-12-22 10:03:47,1,62,18.6,84,6.3,1009.9,5,12,13,0.0,0,95.3,0
2025-12-22 10:04:48,1,62,18.6,83,6.4,1009.9,1,12,73,0.0,0,95.1,0
2025-12-22 10:05:49,1,61,18.6,83,6.4,1010.1,5,9,7,0.0,0,95.3,0
2025-12-22 10:06:50,1,61,18.6,83,6.4,1010.0,7,11,38,0.0,0,95.5,0
2025-12-22 10:07:51,1,61,18.6,83,6.4,1010.1,3,11,39,0.0,0,95.4,0
2025-12-22 10:08:52,1,61,18.6,83,6.4,1010.1,7,12,35,0.0,0,95.3,0
2025-12-22 10:09:53,1,61,18.6,83,6.4,1010.1,5,14,28,0.0,0,95.3,0
2025-12-22 10:10:54,1,61,18.6,83,6.5,1009.9,8,14,51,0.0,0,95.1,0
2025-12-22 10:11:55,1,61,18.6,83,6.5,1009.9,3,14,31,0.0,0,94.7,0
2025-12-22 10:12:56,1,61,18.6,83,6.5,1009.9,5,7,85,0.0,0,94.8,0
2025-12-22 10:13:57,1,61,18.6,83,6.5,1010.0,3,9,59,0.0,0,93.7,0
2025-12-22 10:14:58,1,61,18.6,83,6.5,1010.1,8,11,58,0.0,0,93.1,0
2025-12-22 10:15:59,1,61,18.6,83,6.5,1010.1,5,11,13,0.0,0,92.9,0
2025-12-22 10:17:00,1,61,18.6,83,6.5,1009.9,2,11,50,0.0,0,93.4,0
2025-12-22 10:18:01,1,61,18.6,83,6.6,1010.1,5,9,40,0.0,0,92.7,0
2025-12-22 10:19:02,1,61,18.6,83,6.6,1009.9,1,11,43,0.0,0,92.3,0
2025-12-22 10:20:03,1,61,18.6,83,6.6,1010.2,5,11,57,0.0,0,92.3,0
2025-12-22 10:21:04,1,61,18.6,83,6.6,1010.0,2,9,354,0.0,0,91.1,0
2025-12-22 10:22:05,1,61,18.6,83,6.7,1010.0,6,11,26,0.0,0,91.1,0
2025-12-22 10:23:06,1,61,18.6,83,6.7,1009.9,5,11,72,0.0,0,91.1,0
2025-12-22 10:24:07,1,61,18.6,82,6.7,1010.1,9,16,67,0.0,0,91.5,0
2025-12-22 10:25:08,1,61,18.6,82,6.7,1010.0,14,16,33,0.0,0,89.5,0
2025-12-22 10:26:09,1,61,18.6,83,6.7,1009.9,8,16,21,0.0,0,87.9,0
2025-12-22 10:27:10,1,61,18.6,83,6.7,1009.9,3,14,79,0.0,0,87.6,0
2025-12-22 10:28:11,1,61,18.6,83,6.7,1009.9,5,16,95,0.0,0,87.5,0
2025-12-22 10:29:12,1,61,18.6,83,6.7,1010.0,7,16,18,0.0,0,88.8,0
2025-12-22 10:30:13,1,61,18.6,83,6.7,1009.9,5,14,67,0.0,0,89.5,0
2025-12-22 10:31:14,1,61,18.6,83,6.7,1009.8,7,14,43,0.0,0,89.1,0
2025-12-22 10:32:15,1,61,18.7,83,6.7,1010.0,0,12,352,0.0,0,87.2,0
2025-12-22 10:33:16,1,61,18.6,83,6.6,1009.8,5,12,56,0.0,0,90.2,0
2025-12-22 10:34:17,1,61,18.6,83,6.6,1009.9,5,12,73,0.0,0,91.4,0
2025-12-22 10:35:18,1,60,18.7,83,6.6,1010.0,1,11,131,0.0,0,92.2,0
2025-12-22 10:36:19,1,60,18.7,82,6.6,1010.0,8,14,35,0.0,0,94.0,0
2025-12-22 10:37:20,1,60,18.7,83,6.6,1010.1,5,14,44,0.0,0,96.2,0
2025-12-22 10:38:21,1,60,18.7,83,6.6,1010.0,4,11,29,0.0,0,98.3,0
2025-12-22 10:39:22,1,60,18.7,83,6.6,1009.9,5,14,34,0.0,0,101.7,0
2025-12-22 10:40:23,1,60,18.7,83,6.6,1010.0,8,12,72,0.0,0,102.5,0
2025-12-22 10:41:24,1,60,18.7,83,6.6,1010.0,6,14,20,0.0,0,104.6,1
2025-12-22 10:42:25,1,60,18.7,83,6.6,1010.1,3,14,71,0.0,0,107.8,1
2025-12-22 10:43:26,1,60,18.7,83,6.7,1009.9,2,12,15,0.0,0,112.6,1
2025-12-22 10:44:27,1,60,18.7,83,6.7,1010.1,1,11,60,0.0,0,120.1,1
2025-12-22 10:45:28,1,60,18.7,83,6.7,1010.0,5,11,18,0.0,0,117.4,1
2025-12-22 10:46:29,1,60,18.7,83,6.7,1010.0,4,9,82,0.0,0,116.8,1
2025-12-22 10:47:30,1,60,18.7,82,6.7,1010.0,3,7,43,0.0,0,114.7,1
2025-12-22 10:48:31,1,60,18.7,82,6.8,1010.0,5,9,63,0.0,0,116.5,1
2025-12-22 10:49:32,1,60,18.7,82,6.8,1009.9,2,12,54,0.0,0,119.4,1
2025-12-22 10:50:33,1,60,18.7,83,6.8,1010.0,2,11,22,0.0,0,119.2,1
2025-12-22 10:51:34,1,60,18.7,82,6.8,1010.1,10,14,76,0.0,0,122.1,1
2025-12-22 10:52:35,1,60,18.7,82,6.9,1010.1,8,16,21,0.0,0,126.2,1
2025-12-22 10:53:36,1,60,18.7,82,6.9,1010.1,6,16,36,0.0,0,132.2,1
2025-12-22 10:54:37,1,60,18.8,82,6.9,1010.0,5,14,351,0.0,0,127.5,1
2025-12-22 10:55:38,1,60,18.8,82,6.9,1009.9,5,7,72,0.0,0,129.9,1
2025-12-22 10:56:39,1,60,18.8,82,6.9,1010.1,3,9,61,0.0,0,130.3,1
2025-12-22 10:57:40,1,60,18.8,82,6.9,1010.1,3,9,2,0.0,0,130.3,1
2025-12-22 10:58:41,1,60,18.8,81,7.0,1010.1,1,9,43,0.0,0,128.7,1
2025-12-22 10:59:42,1,60,18.8,81,7.0,1010.0,6,11,30,0.0,0,121.3,1
2025-12-22 11:00:43,1,60,18.8,81,7.1,1010.1,8,12,47,0.0,0,124.2,1
2025-12-22 11:01:44,1,60,18.8,81,7.1,1010.1,4,12,67,0.0,0,124.9,1
2025-12-22 11:02:45,1,60,18.8,81,7.1,1010.1,6,12,36,0.0,0,121.8,1
2025-12-22 11:03:46,1,60,18.9,82,7.1,1010.1,5,12,69,0.0,0,122.6,1
2025-12-22 11:04:47,1,60,18.9,82,7.1,1010.1,4,12,81,0.0,0,123.3,1
2025-12-22 11:05:48,1,60,18.9,82,7.1,1010.1,3,11,16,0.0,0,121.2,1
2025-12-22 11:06:49,1,60,18.9,81,7.2,1010.1,12,18,81,0.0,0,120.0,1
2025-12-22 11:07:50,1,60,18.9,81,7.2,1010.1,3,18,79,0.0,0,119.7,1
2025-12-22 11:08:51,1,60,18.9,81,7.2,1010.2,5,9,37,0.0,0,119.6,1
2025-12-22 11:09:52,1,60,18.9,81,7.2,1010.2,0,9,37,0.0,0,119.1,1
2025-12-22 11:10:53,1,60,18.9,81,7.3,1010.1,5,7,54,0.0,0,117.9,1
2025-12-22 11:11:54,1,60,18.9,81,7.3,1010.2,0,7,358,0.0,0,117.1,1
2025-12-22 11:12:55,1,60,18.9,81,7.3,1010.3,0,5,46,0.0,0,116.4,1
2025-12-22 11:13:56,1,60,18.9,79,7.3,1010.2,12,23,75,0.0,0,115.8,1
2025-12-22 11:14:57,1,60,18.9,80,7.3,1010.2,2,23,27,0.0,0,115.9,1
2025-12-22 11:15:58,1,60,18.9,80,7.3,1010.2,3,7,339,0.0,0,115.7,1
2025-12-22 11:16:59,1,60,18.9,80,7.3,1010.2,3,5,313,0.0,0,113.8,1
2025-12-22 11:18:00,1,60,18.9,80,7.3,1010.2,3,7,320,0.0,0,112.0,1
2025-12-22 11:19:01,1,60,18.9,80,7.3,1010.2,6,14,45,0.0,0,109.9,1
2025-12-22 11:20:02,1,60,18.9,80,7.3,1010.2,6,14,31,0.0,0,108.2,1
2025-12-22 11:21:03,1,59,18.9,80,7.3,1010.2,5,12,55,0.0,0,105.4,1
2025-12-22 11:22:04,1,60,18.9,80,7.2,1010.2,2,12,45,0.0,0,102.7,1
2025-12-22 11:23:05,1,59,18.9,81,7.2,1010.2,11,18,56,0.0,0,100.2,0
2025-12-22 11:24:06,1,59,18.9,80,7.2,1010.2,8,18,72,0.0,0,98.6,0
2025-12-22 11:25:07,1,59,18.9,80,7.2,1010.2,3,23,63,0.0,0,97.5,0
2025-12-22 11:26:08,1,59,18.9,81,7.1,1010.4,1,23,75,0.0,0,95.7,0
2025-12-22 11:27:09,1,59,18.9,81,7.1,1010.2,6,9,55,0.0,0,94.1,0
2025-12-22 11:28:10,1,59,18.9,81,7.1,1010.1,3,11,71,0.0,0,92.9,0
2025-12-22 11:29:11,1,59,18.9,80,7.1,1010.1,6,11,46,0.0,0,91.8,0
2025-12-22 11:30:12,1,59,18.9,80,7.1,1010.2,2,11,4,0.0,0,91.6,0
2025-12-22 11:31:13,1,59,18.9,80,7.1,1010.2,0,7,94,0.0,0,90.3,0
2025-12-22 11:32:14,1,59,18.9,80,7.1,1010.1,2,7,3,0.0,0,91.1,0
2025-12-22 11:33:15,1,59,18.9,80,7.1,1010.0,5,9,42,0.0,0,91.4,0
2025-12-22 11:34:16,1,59,18.9,80,7.1,1009.8,5,12,66,0.0,0,92.0,0
2025-12-22 11:35:17,1,59,18.9,80,7.1,1010.2,5,9,35,0.0,0,92.7,0
2025-12-22 11:36:18,1,59,18.9,80,7.1,1010.1,6,16,98,0.0,0,93.2,0
2025-12-22 11:37:19,1,59,18.9,81,7.1,1010.1,8,16,40,0.0,0,93.9,0
2025-12-22 11:38:20,1,59,18.9,80,7.0,1010.0,5,12,353,0.0,0,94.8,0
2025-12-22 11:39:21,1,59,18.9,80,7.0,1010.1,2,9,327,0.0,0,95.4,0
2025-12-22 11:40:22,1,59,18.9,80,7.0,1010.1,6,7,328,0.0,0,96.1,0
2025-12-22 11:41:23,1,59,18.9,81,7.0,1010.2,0,7,302,0.0,0,96.9,0
2025-12-22 11:42:24,1,59,18.9,81,7.0,1010.0,3,7,76,0.0,0,97.3,0
2025-12-22 11:43:25,1,59,18.8,81,7.1,1010.0,4,14,97,0.0,0,97.5,0
2025-12-22 11:44:26,1,59,18.8,80,7.0,1010.0,8,21,75,0.0,0,98.2,0
2025-12-22 11:45:27,1,59,18.8,81,7.0,1010.0,5,21,17,0.0,0,98.5,0
2025-12-22 11:46:28,1,59,18.8,81,6.9,1009.9,6,12,39,0.0,0,98.9,0
2025-12-22 11:47:29,1,59,18.8,81,6.9,1009.9,6,9,43,0.0,0,99.3,0
2025-12-22 11:48:30,1,59,18.8,82,6.9,1010.0,5,11,48,0.0,0,99.7,0
2025-12-22 11:49:31,1,59,18.8,81,6.9,1010.0,2,11,351,0.0,0,100.6,0
2025-12-22 11:50:32,1,59,18.8,81,6.9,1010.1,6,11,62,0.0,0,101.7,0
2025-12-22 11:51:33,1,59,18.8,82,6.9,1010.1,2,9,30,0.0,0,103.2,1
2025-12-22 11:52:34,1,59,18.8,81,6.9,1009.8,2,9,332,0.0,0,104.5,1
2025-12-22 11:53:35,1,59,18.8,82,6.9,1010.1,7,11,53,0.0,0,105.7,1
2025-12-22 11:54:36,1,59,18.8,82,6.9,1010.1,7,11,65,0.0,0,107.0,1
2025-12-22 11:55:37,1,59,18.8,82,6.9,1010.1,7,11,66,0.0,0,108.1,1
2025-12-22 11:56:38,1,59,18.8,81,6.9,1009.9,0,9,70,0.0,0,108.5,1
2025-12-22 11:57:39,1,59,18.8,82,6.9,1010.1,1,9,307,0.0,0,108.5,1
2025-12-22 11:58:40,1,59,18.8,82,6.9,1009.9,2,5,54,0.0,0,108.5,1
2025-12-22 11:59:41,1,59,18.7,82,7.0,1010.0,4,5,55,0.0,0,108.5,1
2025-12-22 12:00:42,1,59,18.7,82,7.0,1009.9,1,7,65,0.0,0,107.0,1
2025-12-22 12:01:43,1,58,18.7,81,7.0,1009.9,5,12,250,0.0,0,107.5,1
2025-12-22 12:02:44,1,59,18.7,81,7.0,1010.1,0,12,235,0.0,0,108.7,1
2025-12-22 12:03:45,1,58,18.7,82,7.0,1009.9,0,5,330,0.0,0,109.1,1
2025-12-22 12:04:46,1,58,18.7,82,7.0,1010.0,1,7,46,0.0,0,109.6,1
2025-12-22 12:05:47,1,58,18.7,81,7.1,1009.9,6,11,37,0.0,0,121.0,1
2025-12-22 12:06:48,1,58,18.7,81,7.1,1010.0,4,12,71,0.0,0,124.4,1
2025-12-22 12:07:49,1,58,18.7,81,7.0,1009.9,10,16,39,0.0,0,115.1,1
2025-12-22 12:08:50,1,58,18.7,81,7.0,1010.1,2,16,24,0.0,0,111.4,1
2025-12-22 12:09:51,1,58,18.7,81,7.0,1009.8,11,21,33,0.0,0,111.0,1
2025-12-22 12:10:52,1,58,18.7,81,6.9,1010.0,7,21,96,0.0,0,108.3,1
2025-12-22 12:11:53,1,58,18.7,81,6.9,1010.0,3,16,194,0.0,0,107.8,1
2025-12-22 12:12:54,1,58,18.7,82,6.9,1009.8,3,9,101,0.0,0,107.8,1
2025-12-22 12:13:55,1,58,18.7,81,6.9,1010.0,5,14,54,0.0,0,108.7,1
2025-12-22 12:14:56,1,58,18.7,81,6.9,1009.9,3,11,86,0.0,0,109.7,1
2025-12-22 12:15:57,1,58,18.7,81,6.9,1009.9,2,9,1,0.0,0,110.9,1
2025-12-22 12:16:58,1,58,18.7,81,6.9,1009.9,6,9,71,0.0,0,111.9,1
2025-12-22 12:17:59,1,58,18.7,82,7.0,1009.9,2,9,64,0.0,0,112.8,1
2025-12-22 12:19:00,1,58,18.7,82,7.0,1009.9,0,5,26,0.0,0,111.7,1
2025-12-22 12:20:01,1,58,18.7,82,7.0,1010.0,6,11,87,0.0,0,114.0,1
2025-12-22 12:21:02,1,58,18.7,81,7.0,1009.8,2,11,40,0.0,0,114.0,1
2025-12-22 12:22:03,1,58,18.7,81,7.0,1009.9,5,11,39,0.0,0,114.5,1
2025-12-22 12:23:04,1,58,18.7,82,7.0,1010.0,4,11,55,0.0,0,114.7,1
2025-12-22 12:24:05,1,58,18.7,82,7.0,1010.0,0,11,18,0.0,0,115.3,1
2025-12-22 12:25:06,1,58,18.7,82,7.0,1009.7,2,5,14,0.0,0,114.4,1
2025-12-22 12:26:07,1,58,18.7,81,7.0,1009.8,2,7,5,0.0,0,114.4,1
2025-12-22 12:27:08,1,58,18.7,81,7.1,1009.9,7,12,38,0.0,0,114.2,1
2025-12-22 12:28:09,1,58,18.7,82,7.1,1009.8,7,12,51,0.0,0,114.0,1
2025-12-22 12:29:10,1,58,18.7,82,7.1,1010.0,5,11,46,0.0,0,113.8,1
2025-12-22 12:30:11,1,58,18.7,81,7.1,1009.9,16,20,62,0.0,0,113.6,1
2025-12-22 12:31:12,1,58,18.7,81,7.0,1010.0,5,20,1,0.0,0,113.1,1
2025-12-22 12:32:13,1,58,18.7,81,6.9,1009.9,5,11,37,0.0,0,112.8,1
2025-12-22 12:33:14,1,58,18.7,82,6.9,1009.8,8,12,72,0.0,0,112.2,1
2025-12-22 12:34:15,1,58,18.7,82,7.0,1009.9,7,12,58,0.0,0,111.2,1
2025-12-22 12:35:16,1,58,18.7,82,7.0,1009.8,9,16,55,0.0,0,110.4,1
2025-12-22 12:36:17,1,58,18.7,82,7.0,1009.8,2,16,60,0.0,0,109.5,1
2025-12-22 12:37:18,1,58,18.7,82,7.0,1009.9,2,14,101,0.0,0,108.7,1
2025-12-22 12:38:19,1,58,18.7,82,7.0,1010.0,11,14,52,0.0,0,107.7,1
2025-12-22 12:39:20,1,58,18.7,82,6.9,1009.8,9,14,64,0.0,0,107.0,1
2025-12-22 12:40:21,1,58,18.7,82,6.9,1009.9,6,11,73,0.0,0,106.3,1
2025-12-22 12:41:22,1,58,18.7,82,6.9,1010.0,8,11,52,0.0,0,105.9,1
2025-12-22 12:42:23,1,58,18.7,82,6.9,1009.7,6,11,69,0.0,0,105.2,1
2025-12-22 12:43:24,1,57,18.7,82,6.9,1009.8,9,14,71,0.0,0,104.9,1
2025-12-22 12:44:25,1,57,18.7,82,6.9,1009.9,3,14,349,0.0,0,104.1,1
2025-12-22 12:45:26,1,57,18.7,82,6.9,1009.9,6,11,76,0.0,0,103.4,1
2025-12-22 12:46:27,1,57,18.7,81,6.9,1009.9,4,11,85,0.0,0,102.6,1
2025-12-22 12:47:28,1,57,18.7,81,6.9,1009.9,2,11,121,0.0,0,101.7,0
2025-12-22 12:48:29,1,57,18.7,82,6.9,1009.9,3,7,16,0.0,0,100.7,0
2025-12-22 12:49:30,1,57,18.7,82,6.9,1009.9,4,12,43,0.0,0,99.7,0
2025-12-22 12:50:31,1,57,18.7,82,6.9,1009.8,2,12,354,0.0,0,98.5,0
2025-12-22 12:51:32,1,57,18.6,82,7.0,1009.9,3,7,357,0.0,0,97.7,0
2025-12-22 12:52:33,1,57,18.6,82,7.0,1009.9,1,7,26,0.0,0,97.0,0
2025-12-22 12:53:34,1,57,18.6,82,7.0,1009.9,6,7,64,0.0,0,96.2,0
2025-12-22 12:54:35,1,57,18.6,82,7.0,1009.9,5,14,41,0.0,0,95.6,0
2025-12-22 12:55:36,1,57,18.6,81,7.0,1010.1,8,14,42,0.0,0,94.7,0
2025-12-22 12:56:37,1,57,18.6,82,7.0,1010.0,1,12,69,0.0,0,93.8,0
2025-12-22 12:57:38,1,57,18.6,81,6.9,1010.0,1,12,259,0.0,0,93.0,0
2025-12-22 12:58:39,1,57,18.6,81,6.9,1010.1,2,11,316,0.0,0,91.8,0
2025-12-22 12:59:40,1,57,18.6,82,6.9,1010.1,5,11,90,0.0,0,91.1,0
2025-12-22 13:00:41,1,57,18.6,82,6.9,1010.3,2,7,63,0.0,0,89.9,0
2025-12-22 13:01:42,1,57,18.6,82,6.9,1010.2,3,5,20,0.0,0,88.7,0
2025-12-22 13:02:43,1,57,18.6,82,6.9,1010.2,6,7,90,0.0,0,88.0,0
2025-12-22 13:03:44,1,57,18.6,82,6.9,1010.1,5,7,43,0.0,0,86.8,0
2025-12-22 13:04:45,1,57,18.6,82,6.9,1010.1,3,12,22,0.0,0,85.9,0
2025-12-22 13:05:46,1,57,18.6,82,6.9,1010.2,3,12,31,0.0,0,84.7,0
2025-12-22 13:06:47,1,57,18.6,82,6.9,1010.0,1,7,98,0.0,0,83.5,0
2025-12-22 13:07:48,1,57,18.6,82,6.9,1009.9,3,7,9,0.0,0,82.8,0
2025-12-22 13:08:49,1,57,18.6,82,6.9,1010.1,3,9,87,0.0,0,81.8,0
2025-12-22 13:09:50,1,57,18.6,82,6.9,1009.9,2,9,53,0.0,0,80.9,0
2025-12-22 13:10:51,1,57,18.6,82,6.9,1009.9,3,11,55,0.0,0,79.8,0
2025-12-22 13:11:52,1,57,18.6,82,6.8,1010.1,3,14,42,0.0,0,79.1,0
2025-12-22 13:12:53,1,57,18.6,82,6.8,1010.1,6,11,27,0.0,0,78.5,0
2025-12-22 13:13:54,1,57,18.6,82,6.8,1010.1,6,9,57,0.0,0,78.3,0
2025-12-22 13:14:55,1,57,18.6,82,6.8,1010.1,4,9,351,0.0,0,77.7,0
2025-12-22 13:15:56,1,57,18.6,83,6.8,1010.1,0,9,249,0.0,0,77.4,0
2025-12-22 13:16:57,1,57,18.6,83,6.8,1010.2,1,3,11,0.0,0,77.1,0
2025-12-22 13:17:58,1,57,18.6,82,6.8,1010.2,2,7,62,0.0,0,76.9,0
2025-12-22 13:18:59,1,57,18.6,82,6.8,1010.1,2,7,29,0.0,0,76.7,0
2025-12-22 13:20:00,1,57,18.6,83,6.8,1010.1,4,7,44,0.0,0,76.8,0
2025-12-22 13:21:01,1,57,18.7,82,6.8,1010.2,6,16,80,0.0,0,76.7,0
2025-12-22 13:22:02,1,57,18.6,82,6.8,1010.2,5,16,51,0.0,0,76.6,0
2025-12-22 13:23:03,1,57,18.6,83,6.7,1010.2,2,12,69,0.0,0,77.1,0
2025-12-22 13:24:04,1,57,18.7,82,6.7,1010.3,3,9,24,0.0,0,77.6,0
2025-12-22 13:25:05,1,57,18.6,83,6.7,1010.4,7,11,30,0.0,0,77.9,0
2025-12-22 13:26:06,1,57,18.6,83,6.7,1010.1,1,11,103,0.0,0,81.5,0
2025-12-22 13:27:07,1,57,18.6,83,6.7,1010.2,3,5,102,0.0,0,81.1,0
2025-12-22 13:28:08,1,57,18.6,83,6.7,1010.4,3,5,23,0.0,0,81.2,0
2025-12-22 13:29:09,1,57,18.6,83,6.8,1010.2,5,7,52,0.0,0,83.1,0
2025-12-22 13:30:10,1,57,18.6,83,6.8,1010.3,6,9,20,0.0,0,84.5,0
2025-12-22 13:31:11,1,57,18.6,82,6.8,1010.3,6,9,36,0.0,0,83.8,0
2025-12-22 13:32:12,1,57,18.6,82,6.8,1010.1,3,11,58,0.0,0,82.5,0
2025-12-22 13:33:13,1,57,18.7,83,6.8,1010.1,3,11,55,0.0,0,81.4,0
2025-12-22 13:34:14,1,57,18.7,83,6.8,1010.2,2,7,76,0.0,0,81.3,0
2025-12-22 13:35:15,1,57,18.6,83,6.8,1010.2,4,7,77,0.0,0,81.2,0
2025-12-22 13:36:16,1,57,18.7,83,6.8,1010.2,3,7,28,0.0,0,80.1,0
2025-12-22 13:37:17,1,57,18.7,82,6.9,1010.2,3,5,23,0.0,0,80.6,0
2025-12-22 13:38:18,1,57,18.7,82,6.9,1010.0,6,11,58,0.0,0,80.5,0
2025-12-22 13:39:19,1,57,18.7,82,6.9,1010.2,6,11,29,0.0,0,80.3,0
2025-12-22 13:40:20,1,57,18.7,82,6.9,1010.2,2,9,73,0.0,0,79.6,0
2025-12-22 13:41:21,1,57,18.7,82,6.9,1010.1,3,7,86,0.0,0,78.9,0
2025-12-22 13:42:22,1,57,18.7,82,6.9,1010.2,0,7,346,0.0,0,77.2,0
2025-12-22 13:43:23,1,57,18.7,82,6.9,1010.2,2,9,348,0.0,0,76.6,0
2025-12-22 13:44:24,1,57,18.7,82,7.0,1010.1,1,9,352,0.0,0,75.5,0
2025-12-22 13:45:25,1,57,18.7,82,7.0,1010.2,5,11,62,0.0,0,73.4,0
2025-12-22 13:46:26,1,57,18.7,82,7.0,1010.3,0,11,4,0.0,0,72.0,0
2025-12-22 13:47:27,1,57,18.7,82,7.0,1010.3,1,5,29,0.0,0,70.1,0
2025-12-22 13:48:28,1,57,18.7,82,7.0,1010.1,5,11,27,0.0,0,68.6,0
2025-12-22 13:49:29,1,57,18.7,82,7.0,1010.2,5,11,322,0.0,0,66.9,0
2025-12-22 13:50:30,1,57,18.7,82,7.0,1010.4,4,11,84,0.0,0,65.3,0
2025-12-22 13:51:31,1,57,18.7,81,6.9,1010.4,5,9,54,0.0,0,64.0,0
2025-12-22 13:52:32,1,57,18.7,82,6.9,1010.3,2,7,25,0.0,0,62.7,0
2025-12-22 13:53:33,1,57,18.7,82,6.8,1010.2,1,5,12,0.0,0,61.1,0
2025-12-22 13:54:34,1,57,18.7,82,6.8,1010.2,5,9,67,0.0,0,60.2,0
2025-12-22 13:55:35,1,57,18.7,82,6.8,1010.3,3,9,71,0.0,0,59.0,0
2025-12-22 13:56:36,1,57,18.7,82,6.8,1010.3,5,12,21,0.0,0,57.9,0
2025-12-22 13:57:37,1,57,18.7,82,6.8,1010.2,3,12,25,0.0,0,57.0,0
2025-12-22 13:58:38,1,57,18.7,82,6.8,1010.2,9,12,46,0.0,0,56.0,0
2025-12-22 13:59:39,1,57,18.7,82,6.7,1010.3,2,12,47,0.0,0,54.7,0
2025-12-22 14:00:40,1,57,18.7,82,6.7,1010.2,3,9,12,0.0,0,53.8,0
2025-12-22 14:01:41,1,57,18.7,82,6.7,1010.3,2,7,66,0.0,0,52.8,0
2025-12-22 14:02:42,1,57,18.7,83,6.7,1010.4,3,5,47,0.0,0,52.0,0
2025-12-22 14:03:43,1,57,18.7,83,6.7,1010.4,2,7,58,0.0,0,51.1,0
2025-12-22 14:04:44,1,57,18.7,83,6.7,1010.2,1,9,6,0.0,0,50.3,0
2025-12-22 14:05:45,1,57,18.7,83,6.7,1010.3,0,9,345,0.0,0,48.8,0
2025-12-22 14:06:46,1,57,18.7,83,6.7,1010.3,7,11,41,0.0,0,47.9,0
2025-12-22 14:07:47,1,57,18.7,83,6.7,1010.3,0,11,17,0.0,0,47.1,0
2025-12-22 14:08:48,1,57,18.7,83,6.7,1010.2,7,11,29,0.0,0,45.9,0
2025-12-22 14:09:49,1,57,18.7,83,6.7,1010.3,4,11,42,0.0,0,44.8,0
2025-12-22 14:10:50,1,57,18.7,83,6.6,1010.3,3,11,32,0.0,0,43.7,0
2025-12-22 14:11:51,1,57,18.7,83,6.6,1010.3,4,9,23,0.0,0,42.8,0
2025-12-22 14:12:52,1,57,18.7,83,6.6,1010.3,2,9,31,0.0,0,42.1,0
2025-12-22 14:13:53,1,57,18.7,83,6.6,1010.3,4,7,66,0.0,0,41.2,0
2025-12-22 14:14:54,1,57,18.7,83,6.6,1010.3,6,11,345,0.0,0,40.4,0
2025-12-22 14:15:55,1,57,18.7,83,6.6,1010.3,6,12,33,0.0,0,39.5,0
2025-12-22 14:16:56,1,57,18.7,83,6.6,1010.5,4,9,2,0.0,0,38.7,0
2025-12-22 14:17:57,1,57,18.7,83,6.6,1010.4,3,11,48,0.0,0,37.8,0
2025-12-22 14:18:58,1,57,18.7,83,6.6,1010.2,0,9,37,0.0,0,37.0,0
2025-12-22 14:19:59,1,57,18.7,83,6.5,1010.3,1,7,39,0.0,0,36.4,0
2025-12-22 14:21:00,1,57,18.7,83,6.5,1010.4,5,7,49,0.0,0,35.6,0
2025-12-22 14:22:01,1,57,18.7,83,6.6,1010.3,7,12,69,0.0,0,34.9,0
2025-12-22 14:23:02,1,57,18.7,83,6.6,1010.3,2,12,38,0.0,0,34.1,0
2025-12-22 14:24:03,1,57,18.7,83,6.6,1010.5,6,9,50,0.0,0,33.5,0
2025-12-22 14:25:04,1,57,18.7,83,6.5,1010.5,3,11,77,0.0,0,32.6,0
2025-12-22 14:26:05,1,57,18.7,83,6.5,1010.2,5,11,54,0.0,0,31.8,0
2025-12-22 14:27:06,1,58,18.7,83,6.5,1010.4,3,11,20,0.0,0,31.1,0
2025-12-22 14:28:07,1,58,18.7,83,6.5,1010.4,6,11,35,0.0,0,30.2,0
2025-12-22 14:29:08,1,58,18.7,83,6.5,1010.3,4,9,35,0.0,0,29.7,0
2025-12-22 14:30:09,1,58,18.7,83,6.5,1010.3,0,9,74,0.0,0,28.9,0
2025-12-22 14:31:10,1,57,18.7,83,6.5,1010.5,2,11,81,0.0,0,28.2,0
2025-12-22 14:32:11,1,58,18.7,84,6.5,1010.5,2,11,38,0.0,0,27.6,0
2025-12-22 14:33:12,1,58,18.7,84,6.5,1010.3,1,7,33,0.0,0,26.9,0
2025-12-22 14:34:13,1,58,18.7,84,6.5,1010.5,6,14,31,0.0,0,26.3,0
2025-12-22 14:35:14,1,58,18.7,84,6.5,1010.4,7,14,104,0.0,0,25.9,0
2025-12-22 14:36:15,1,58,18.7,83,6.5,1010.4,1,11,338,0.0,0,25.3,0
2025-12-22 14:37:16,1,58,18.7,83,6.4,1010.4,3,9,51,0.0,0,24.7,0
2025-12-22 14:38:17,1,58,18.7,84,6.4,1010.7,6,11,53,0.0,0,24.1,0
2025-12-22 14:39:18,1,58,18.7,83,6.4,1010.5,5,14,19,0.0,0,23.4,0
2025-12-22 14:40:19,1,58,18.7,83,6.4,1010.5,6,14,33,0.0,0,23.0,0
2025-12-22 14:41:20,1,58,18.7,84,6.4,1010.5,3,9,36,0.0,0,22.5,0
2025-12-22 14:42:21,1,58,18.7,84,6.4,1010.5,5,7,45,0.0,0,21.9,0
2025-12-22 14:43:22,1,58,18.7,84,6.4,1010.5,6,9,60,0.0,0,21.3,0
2025-12-22 14:44:23,1,58,18.7,84,6.4,1010.4,10,14,47,0.0,0,20.7,0
2025-12-22 14:45:24,1,58,18.7,84,6.4,1010.6,4,14,353,0.0,0,20.2,0
2025-12-22 14:46:25,1,58,18.7,84,6.4,1010.5,0,9,61,0.0,0,19.7,0
2025-12-22 14:47:26,1,58,18.7,84,6.4,1010.4,3,5,62,0.0,0,19.1,0
2025-12-22 14:48:27,1,58,18.7,84,6.4,1010.5,8,11,64,0.0,0,18.6,0
2025-12-22 14:49:28,1,58,18.7,84,6.4,1010.5,8,11,54,0.0,0,18.1,0
2025-12-22 14:50:29,1,58,18.6,84,6.4,1010.5,6,11,60,0.0,0,17.6,0
2025-12-22 14:51:30,1,58,18.6,84,6.4,1010.5,3,11,53,0.0,0,17.2,0
2025-12-22 14:52:31,1,58,18.7,84,6.4,1010.4,4,11,40,0.0,0,16.7,0
2025-12-22 14:53:32,1,58,18.7,85,6.4,1010.5,1,11,77,0.0,0,16.3,0
2025-12-22 14:54:33,1,58,18.6,85,6.4,1010.5,5,11,41,0.0,0,15.8,0
2025-12-22 14:55:34,1,58,18.6,85,6.4,1010.5,9,12,43,0.0,0,15.4,0
2025-12-22 14:56:35,1,58,18.7,85,6.4,1010.6,3,12,83,0.0,0,15.1,0
2025-12-22 14:57:36,1,58,18.7,85,6.3,1010.5,4,11,50,0.0,0,14.6,0
2025-12-22 14:58:37,1,58,18.7,85,6.3,1010.4,8,11,35,0.0,0,14.2,0
2025-12-22 14:59:38,1,58,18.7,85,6.3,1010.5,4,11,45,0.0,0,13.8,0
2025-12-22 15:00:39,1,58,18.7,85,6.3,1010.3,7,12,89,0.0,0,13.4,0
2025-12-22 15:01:40,1,58,18.7,85,6.3,1010.5,6,12,59,0.0,0,13.2,0
2025-12-22 15:02:41,1,58,18.7,85,6.3,1010.5,8,12,31,0.0,0,12.8,0
2025-12-22 15:03:42,1,58,18.6,85,6.3,1010.4,6,12,27,0.0,0,12.6,0
2025-12-22 15:04:43,1,58,18.6,85,6.3,1010.3,7,12,20,0.0,0,12.3,0
2025-12-22 15:05:44,1,58,18.6,85,6.3,1010.4,5,11,21,0.0,0,12.0,0
2025-12-22 15:06:45,1,58,18.7,85,6.2,1010.4,9,12,54,0.0,0,11.6,0
2025-12-22 15:07:46,1,58,18.6,86,6.2,1010.4,7,14,41,0.0,0,11.4,0
2025-12-22 15:08:47,1,58,18.6,86,6.2,1010.5,7,14,49,0.0,0,11.1,0
2025-12-22 15:09:48,1,58,18.6,86,6.2,1010.3,10,12,49,0.0,0,10.6,0
2025-12-22 15:10:49,1,58,18.6,86,6.2,1010.5,10,16,66,0.0,0,10.1,0
2025-12-22 15:11:50,1,58,18.6,86,6.2,1010.4,8,14,25,0.0,0,9.5,0
2025-12-22 15:12:51,1,58,18.6,86,6.2,1010.5,6,12,46,0.0,0,9.1,0
2025-12-22 15:13:52,1,58,18.6,86,6.1,1010.3,4,11,42,0.0,0,8.5,0
2025-12-22 15:14:53,1,58,18.6,86,6.1,1010.4,5,11,71,0.0,0,8.0,0
2025-12-22 15:15:54,1,58,18.6,86,6.1,1010.4,7,11,36,0.0,0,7.5,0
2025-12-22 15:16:55,1,58,18.6,87,6.1,1010.6,3,11,36,0.0,0,7.1,0
2025-12-22 15:17:56,1,58,18.6,87,6.1,1010.5,8,11,60,0.0,0,6.7,0
2025-12-22 15:18:57,1,58,18.6,86,6.1,1010.6,9,12,31,0.0,0,6.3,0
2025-12-22 15:19:58,1,58,18.6,86,6.1,1010.6,6,12,48,0.0,0,5.9,0
2025-12-22 15:20:59,1,58,18.6,86,6.1,1010.5,7,11,43,0.0,0,5.5,0
2025-12-22 15:22:00,1,58,18.6,87,6.1,1010.5,4,9,54,0.0,0,5.1,0
2025-12-22 15:23:01,1,58,18.6,87,6.0,1010.4,8,12,48,0.0,0,4.8,0
2025-12-22 15:24:02,1,58,18.6,87,6.0,1010.5,3,12,71,0.0,0,4.5,0
2025-12-22 15:25:03,1,58,18.6,87,6.0,1010.5,7,9,21,0.0,0,4.1,0
2025-12-22 15:26:04,1,58,18.6,87,6.0,1010.4,2,11,71,0.0,0,3.8,0
2025-12-22 15:27:05,1,58,18.6,87,6.0,1010.5,9,14,35,0.0,0,3.5,0
2025-12-22 15:28:06,1,58,18.6,87,6.0,1010.6,9,14,42,0.0,0,3.2,0
2025-12-22 15:29:07,1,58,18.6,87,6.0,1010.3,6,14,57,0.0,0,3.0,0
2025-12-22 15:30:08,1,58,18.6,87,6.0,1010.4,7,12,46,0.0,0,2.8,0
2025-12-22 15:31:09,1,58,18.6,87,6.0,1010.4,7,14,46,0.0,0,2.6,0
2025-12-22 15:32:10,1,58,18.6,87,6.0,1010.6,4,14,63,0.0,0,2.4,0
2025-12-22 15:33:11,1,58,18.6,87,6.0,1010.4,7,11,72,0.0,0,2.2,0
2025-12-22 15:34:12,1,58,18.6,87,6.0,1010.4,8,11,2,0.0,0,2.1,0
2025-12-22 15:35:13,1,58,18.6,87,6.0,1010.6,2,11,51,0.0,0,1.9,0
2025-12-22 15:36:14,1,58,18.6,87,5.9,1010.5,5,12,39,0.0,0,1.8,0
2025-12-22 15:37:15,1,58,18.6,87,5.9,1010.4,6,12,50,0.0,0,1.6,0
2025-12-22 15:38:16,1,58,18.6,87,5.9,1010.6,5,12,52,0.0,0,1.5,0
2025-12-22 15:39:17,1,58,18.6,87,5.8,1010.4,6,9,29,0.0,0,1.4,0
2025-12-22 15:40:18,1,58,18.6,87,5.8,1010.5,8,11,46,0.0,0,1.3,0
2025-12-22 15:41:19,1,58,18.6,87,5.8,1010.6,2,11,41,0.0,0,1.2,0
2025-12-22 15:42:20,1,58,18.6,87,5.8,1010.5,10,12,50,0.0,0,1.0,0
2025-12-22 15:43:21,1,58,18.6,87,5.8,1010.5,4,12,38,0.0,0,0.9,0
2025-12-22 15:44:22,1,58,18.6,87,5.8,1010.7,7,11,41,0.0,0,0.8,0
2025-12-22 15:45:23,1,58,18.6,87,5.8,1010.5,5,11,39,0.0,0,0.8,0
2025-12-22 15:46:24,1,58,18.6,87,5.7,1010.4,8,14,83,0.0,0,0.7,0
2025-12-22 15:47:25,1,58,18.6,87,5.7,1010.7,6,14,78,0.0,0,0.6,0
2025-12-22 15:48:26,1,58,18.6,87,5.7,1010.6,3,12,37,0.0,0,0.5,0
2025-12-22 15:49:27,1,58,18.6,87,5.7,1010.6,9,14,27,0.0,0,0.5,0
2025-12-22 15:50:28,1,58,18.6,87,5.7,1010.6,6,14,29,0.0,0,0.4,0
2025-12-22 15:51:29,1,58,18.6,87,5.7,1010.6,5,11,27,0.0,0,0.4,0
2025-12-22 15:52:30,1,58,18.6,87,5.7,1010.6,3,7,11,0.0,0,0.3,0
2025-12-22 15:53:31,1,58,18.6,87,5.6,1010.6,7,9,56,0.0,0,0.3,0
2025-12-22 15:54:32,1,58,18.6,88,5.6,1010.7,3,11,27,0.0,0,0.2,0
2025-12-22 15:55:33,1,58,18.6,88,5.6,1010.5,9,12,43,0.0,0,0.2,0
2025-12-22 15:56:34,1,58,18.6,88,5.6,1010.7,4,14,46,0.0,0,0.2,0
2025-12-22 15:57:35,1,58,18.6,88,5.6,1010.7,0,14,39,0.0,0,0.2,0
2025-12-22 15:58:36,1,58,18.6,88,5.5,1010.8,6,16,34,0.0,0,0.1,0
2025-12-22 15:59:37,1,58,18.6,88,5.5,1010.7,10,14,52,0.0,0,0.1,0
2025-12-22 16:00:38,1,58,18.6,88,5.5,1010.7,8,16,11,0.0,0,0.1,0
2025-12-22 16:01:39,1,58,18.6,88,5.5,1010.8,10,16,58,0.0,0,0.1,0
2025-12-22 16:02:40,1,58,18.6,88,5.5,1010.8,8,16,28,0.0,0,0.1,0
2025-12-22 16:03:41,1,58,18.6,88,5.5,1010.7,7,14,23,0.0,0,0.1,0
2025-12-22 16:04:42,1,58,18.6,88,5.5,1010.7,4,16,53,0.0,0,0.1,0
2025-12-22 16:05:43,1,58,18.6,88,5.5,1010.7,6,16,59,0.0,0,0.0,0
2025-12-22 16:06:44,1,58,18.6,88,5.5,1010.9,3,12,7,0.0,0,0.0,0
2025-12-22 16:07:45,1,58,18.6,88,5.5,1010.8,8,12,39,0.0,0,0.0,0
2025-12-22 16:08:46,1,58,18.6,88,5.5,1010.8,9,12,44,0.0,0,0.0,0
2025-12-22 16:09:47,1,57,18.5,89,5.4,1010.9,6,12,69,0.0,0,0.0,0
2025-12-22 16:10:48,1,57,18.5,89,5.4,1010.8,6,11,45,0.0,0,0.0,0
2025-12-22 16:11:49,1,57,18.6,89,5.4,1010.8,11,16,57,0.0,0,0.0,0
2025-12-22 16:12:50,1,57,18.5,89,5.4,1010.8,8,16,49,0.0,0,0.0,0
2025-12-22 16:13:51,1,57,18.5,89,5.4,1010.8,5,12,26,0.0,0,0.0,0
2025-12-22 16:14:52,1,57,18.5,89,5.4,1010.9,11,14,49,0.0,0,0.0,0
2025-12-22 16:15:53,1,57,18.5,89,5.4,1010.9,8,14,5,0.0,0,0.0,0
2025-12-22 16:16:54,1,57,18.5,89,5.4,1011.0,8,12,31,0.0,0,0.0,0
2025-12-22 16:17:55,1,57,18.5,89,5.4,1010.9,7,12,63,0.0,0,0.0,0
2025-12-22 16:18:56,1,57,18.6,89,5.4,1010.9,7,14,58,0.0,0,0.0,0
2025-12-22 16:19:57,1,57,18.6,89,5.4,1010.7,7,14,64,0.0,0,0.0,0
2025-12-22 16:20:58,1,57,18.6,89,5.4,1011.0,7,18,40,0.0,0,0.0,0
2025-12-22 16:21:59,1,57,18.5,89,5.4,1010.8,10,14,56,0.0,0,0.0,0
2025-12-22 16:23:00,1,57,18.5,89,5.4,1010.9,6,14,13,0.0,0,0.0,0
2025-12-22 16:24:01,1,57,18.6,89,5.4,1011.0,5,16,74,0.0,0,0.0,0
2025-12-22 16:25:02,1,57,18.6,89,5.4,1010.9,7,16,50,0.0,0,0.0,0
2025-12-22 16:26:03,1,57,18.6,89,5.4,1010.7,11,16,21,0.0,0,0.0,0
2025-12-22 16:27:04,1,57,18.6,89,5.4,1010.8,8,16,40,0.0,0,0.0,0
2025-12-22 16:28:05,1,57,18.6,89,5.4,1010.8,11,16,33,0.0,0,0.0,0
2025-12-22 16:29:06,1,57,18.6,89,5.4,1011.0,11,14,63,0.0,0,0.0,0
2025-12-22 16:30:07,1,57,18.6,89,5.4,1010.8,9,16,48,0.0,0,0.0,0
2025-12-22 16:31:08,1,57,18.6,89,5.4,1010.8,11,16,65,0.0,0,0.0,0
2025-12-22 16:32:09,1,57,18.6,89,5.4,1010.8,11,18,23,0.0,0,0.0,0
2025-12-22 16:33:10,1,58,18.6,89,5.4,1010.8,9,14,52,0.0,0,0.0,0
2025-12-22 16:34:11,1,58,18.6,89,5.4,1010.8,9,14,27,0.0,0,0.0,0
2025-12-22 16:35:12,1,58,18.6,89,5.4,1010.7,10,14,74,0.0,0,0.0,0
2025-12-22 16:36:13,1,58,18.6,89,5.4,1010.9,9,20,47,0.0,0,0.0,0
2025-12-22 16:37:14,1,58,18.6,89,5.4,1011.0,8,20,48,0.0,0,0.0,0
2025-12-22 16:38:15,1,58,18.6,89,5.4,1010.9,11,14,71,0.0,0,0.0,0
2025-12-22 16:39:16,1,58,18.6,89,5.4,1010.9,6,14,37,0.0,0,0.0,0
2025-12-22 16:40:17,1,58,18.6,89,5.4,1010.9,5,14,65,0.0,0,0.0,0
2025-12-22 16:41:18,1,58,18.6,89,5.4,1010.7,12,16,60,0.0,0,0.0,0
2025-12-22 16:42:19,1,58,18.6,89,5.4,1010.9,8,16,40,0.0,0,0.0,0
2025-12-22 16:43:20,1,58,18.6,89,5.4,1010.7,6,14,46,0.0,0,0.0,0
2025-12-22 16:44:21,1,58,18.6,89,5.3,1010.9,8,16,67,0.0,0,0.0,0
2025-12-22 16:45:22,1,58,18.6,89,5.3,1010.9,9,12,76,0.0,0,0.0,0
2025-12-22 16:46:23,1,58,18.6,89,5.3,1011.0,1,12,52,0.0,0,0.0,0
2025-12-22 16:47:24,1,58,18.6,89,5.3,1010.8,6,14,47,0.0,0,0.0,0
2025-12-22 16:48:25,1,58,18.6,89,5.3,1010.9,5,12,78,0.0,0,0.0,0
2025-12-22 16:49:26,1,58,18.6,89,5.3,1010.9,3,14,51,0.0,0,0.0,0
2025-12-22 16:50:27,1,58,18.6,89,5.3,1010.9,4,14,78,0.0,0,0.0,0
2025-12-22 16:51:28,1,58,18.6,89,5.3,1010.9,5,12,24,0.0,0,0.0,0
2025-12-22 16:52:29,1,58,18.6,89,5.3,1010.8,9,12,35,0.0,0,0.0,0
2025-12-22 16:53:30,1,58,18.6,89,5.3,1010.8,7,14,57,0.0,0,0.0,0
2025-12-22 16:54:31,1,58,18.6,89,5.2,1011.0,5,14,51,0.0,0,0.0,0
2025-12-22 16:55:32,1,58,18.6,89,5.2,1010.9,6,12,29,0.0,0,0.0,0
2025-12-22 16:56:33,1,58,18.6,89,5.2,1010.9,12,16,29,0.0,0,0.0,0
2025-12-22 16:57:34,1,58,18.6,89,5.2,1011.1,10,16,46,0.0,0,0.0,0
2025-12-22 16:58:35,1,58,18.6,89,5.2,1011.0,7,12,51,0.0,0,0.0,0
2025-12-22 16:59:36,1,58,18.6,89,5.2,1011.0,7,12,37,0.0,0,0.0,0
2025-12-22 17:00:38,1,58,18.6,89,5.2,1011.0,7,12,70,0.0,0,0.0,0
2025-12-22 17:01:39,1,58,18.6,89,5.2,1011.0,8,12,57,0.0,0,0.0,0
2025-12-22 17:02:40,1,58,18.6,89,5.2,1011.0,11,14,49,0.0,0,0.0,0
2025-12-22 17:03:41,1,58,18.6,89,5.2,1010.9,10,14,38,0.0,0,0.0,0
2025-12-22 17:04:42,1,58,18.6,89,5.2,1011.0,5,14,68,0.0,0,0.0,0
2025-12-22 17:05:43,1,58,18.6,89,5.2,1011.2,3,14,38,0.0,0,0.0,0
2025-12-22 17:06:44,1,58,18.6,89,5.2,1011.2,6,11,38,0.0,0,0.0,0
2025-12-22 17:07:45,1,58,18.6,89,5.2,1011.0,9,14,49,0.0,0,0.0,0
2025-12-22 17:08:46,1,58,18.6,89,5.2,1011.1,8,16,33,0.0,0,0.0,0
2025-12-22 17:09:47,1,58,18.6,89,5.2,1011.0,10,16,57,0.0,0,0.0,0
2025-12-22 17:10:48,1,58,18.6,89,5.2,1011.0,8,14,77,0.0,0,0.0,0
2025-12-22 17:11:49,1,58,18.6,89,5.2,1011.1,6,12,61,0.0,0,0.0,0
2025-12-22 17:12:50,1,58,18.7,89,5.2,1010.8,5,12,59,0.0,0,0.0,0
2025-12-22 17:13:51,1,58,18.6,90,5.2,1011.2,4,11,46,0.0,0,0.0,0
2025-12-22 17:14:52,1,58,18.6,90,5.2,1011.2,7,12,52,0.0,0,0.0,0
2025-12-22 17:15:53,1,58,18.6,90,5.2,1011.0,7,14,72,0.0,0,0.0,0
2025-12-22 17:16:54,1,58,18.6,90,5.2,1011.3,6,11,59,0.0,0,0.0,0
2025-12-22 17:17:55,1,58,18.7,90,5.2,1011.3,3,9,50,0.0,0,0.0,0
2025-12-22 17:18:56,1,58,18.6,90,5.2,1011.1,4,9,49,0.0,0,0.0,0
2025-12-22 17:19:57,1,58,18.7,90,5.2,1011.1,8,11,78,0.0,0,0.0,0
2025-12-22 17:20:58,1,58,18.7,90,5.2,1011.1,5,11,57,0.0,0,0.0,0
2025-12-22 17:21:59,1,58,18.6,90,5.2,1011.0,5,11,35,0.0,0,0.0,0
2025-12-22 17:23:00,1,58,18.7,90,5.2,1011.2,5,12,60,0.0,0,0.0,0
2025-12-22 17:24:01,1,58,18.7,90,5.2,1011.1,6,12,58,0.0,0,0.0,0
2025-12-22 17:25:02,1,58,18.7,90,5.2,1011.3,7,11,34,0.0,0,0.0,0
2025-12-22 17:26:03,1,58,18.7,90,5.2,1011.3,5,12,29,0.0,0,0.0,0
2025-12-22 17:27:04,1,58,18.7,90,5.2,1011.3,8,16,66,0.0,0,0.0,0
2025-12-22 17:28:05,1,58,18.6,90,5.2,1011.2,5,16,47,0.0,0,0.0,0
2025-12-22 17:29:06,1,58,18.6,90,5.1,1011.3,2,14,49,0.0,0,0.0,0
2025-12-22 17:30:07,1,58,18.6,90,5.1,1011.3,6,14,35,0.0,0,0.0,0
2025-12-22 17:31:08,1,58,18.6,90,5.1,1011.1,2,12,55,0.0,0,0.0,0
2025-12-22 17:32:09,1,58,18.6,90,5.1,1011.3,2,9,66,0.0,0,0.0,0
2025-12-22 17:33:10,1,58,18.7,90,5.1,1011.3,5,7,52,0.0,0,0.0,0
2025-12-22 17:34:11,1,58,18.7,90,5.1,1011.3,6,12,56,0.0,0,0.0,0
2025-12-22 17:35:12,1,58,18.6,90,5.0,1011.3,8,12,55,0.0,0,0.0,0
2025-12-22 17:36:13,1,58,18.6,90,5.0,1011.3,7,12,52,0.0,0,0.0,0
2025-12-22 17:37:14,1,58,18.6,90,5.0,1011.3,9,14,56,0.0,0,0.0,0
2025-12-22 17:38:15,1,58,18.7,90,5.0,1011.2,6,14,40,0.0,0,0.0,0
2025-12-22 17:39:16,1,58,18.6,90,5.0,1011.2,5,12,41,0.0,0,0.0,0
2025-12-22 17:40:17,1,58,18.7,90,5.0,1011.4,5,12,50,0.0,0,0.0,0
2025-12-22 17:41:18,1,58,18.6,90,5.0,1011.3,6,14,49,0.0,0,0.0,0
2025-12-22 17:42:19,1,58,18.6,90,4.9,1011.4,2,14,48,0.0,0,0.0,0
2025-12-22 17:43:20,1,58,18.7,90,4.9,1011.4,8,12,56,0.0,0,0.0,0
2025-12-22 17:44:21,1,58,18.6,90,4.9,1011.2,3,14,25,0.0,0,0.0,0
2025-12-22 17:45:22,1,58,18.6,90,4.9,1011.2,6,14,49,0.0,0,0.0,0
2025-12-22 17:46:23,1,58,18.6,90,4.9,1011.1,5,9,78,0.0,0,0.0,0
2025-12-22 17:47:24,1,58,18.6,90,4.9,1011.3,5,11,46,0.0,0,0.0,0
2025-12-22 17:48:25,1,58,18.6,90,4.9,1011.2,6,11,51,0.0,0,0.0,0
2025-12-22 17:49:26,1,58,18.6,90,4.9,1011.4,6,11,30,0.0,0,0.0,0
2025-12-22 17:50:27,1,58,18.6,90,4.9,1011.3,2,9,60,0.0,0,0.0,0
2025-12-22 17:51:28,1,58,18.6,90,4.9,1011.3,5,9,34,0.0,0,0.0,0
2025-12-22 17:52:29,1,58,18.6,90,4.9,1011.3,8,18,25,0.0,0,0.0,0
2025-12-22 17:53:30,1,58,18.6,90,4.9,1011.3,9,18,38,0.0,0,0.0,0
2025-12-22 17:54:31,1,58,18.6,90,4.9,1011.3,7,11,57,0.0,0,0.0,0
2025-12-22 17:55:32,1,58,18.6,90,4.9,1011.3,6,12,43,0.0,0,0.0,0
2025-12-22 17:56:33,1,58,18.7,90,4.9,1011.2,9,16,79,0.0,0,0.0,0
2025-12-22 17:57:34,1,58,18.7,90,4.9,1011.1,6,16,54,0.0,0,0.0,0
2025-12-22 17:58:35,1,58,18.6,90,4.9,1011.3,5,9,46,0.0,0,0.0,0
2025-12-22 17:59:36,1,58,18.6,90,4.9,1011.1,7,12,52,0.0,0,0.0,0
2025-12-22 18:00:37,1,58,18.6,90,4.9,1011.1,6,12,56,0.0,0,0.0,0
2025-12-22 18:01:38,1,58,18.6,90,4.9,1011.2,7,12,51,0.0,0,0.0,0
2025-12-22 18:02:39,1,58,18.6,90,4.9,1011.1,5,14,33,0.0,0,0.0,0
2025-12-22 18:03:40,1,58,18.6,90,4.9,1011.2,5,14,21,0.0,0,0.0,0
2025-12-22 18:04:41,1,58,18.6,90,4.9,1011.1,3,11,11,0.0,0,0.0,0
2025-12-22 18:05:42,1,58,18.6,90,4.9,1011.3,6,20,54,0.0,0,0.0,0
2025-12-22 18:06:43,1,58,18.6,90,4.9,1011.2,10,20,66,0.0,0,0.0,0
2025-12-22 18:07:44,1,58,18.6,90,4.9,1011.2,6,14,25,0.0,0,0.0,0
2025-12-22 18:08:45,1,58,18.6,90,4.9,1011.3,7,12,33,0.0,0,0.0,0
2025-12-22 18:09:46,1,58,18.6,90,5.0,1011.3,6,14,46,0.0,0,0.0,0
2025-12-22 18:10:47,1,58,18.6,90,5.0,1011.1,8,14,54,0.0,0,0.0,0
2025-12-22 18:11:48,1,58,18.6,90,5.0,1011.2,10,14,70,0.0,0,0.0,0
2025-12-22 18:12:49,1,58,18.6,90,5.0,1011.3,6,12,43,0.0,0,0.0,0
2025-12-22 18:13:50,1,58,18.6,90,4.9,1011.3,9,14,57,0.0,0,0.0,0
2025-12-22 18:14:51,1,58,18.6,90,4.9,1011.4,8,14,62,0.0,0,0.0,0
2025-12-22 18:15:52,1,58,18.6,90,4.9,1011.2,10,14,47,0.0,0,0.0,0
2025-12-22 18:16:53,1,58,18.6,90,4.9,1011.5,7,14,18,0.0,0,0.0,0
2025-12-22 18:17:54,1,58,18.7,90,4.9,1011.3,7,16,53,0.0,0,0.0,0
2025-12-22 18:18:55,1,58,18.6,90,4.9,1011.4,2,16,65,0.0,0,0.0,0
2025-12-22 18:19:56,1,58,18.6,90,4.9,1011.4,7,11,49,0.0,0,0.0,0
2025-12-22 18:20:57,1,58,18.6,90,4.8,1011.3,7,12,39,0.0,0,0.0,0
2025-12-22 18:21:58,1,58,18.6,90,4.8,1011.5,5,14,40,0.0,0,0.0,0
2025-12-22 18:22:59,1,58,18.6,90,4.8,1011.4,7,14,35,0.0,0,0.0,0
2025-12-22 18:24:00,1,58,18.6,90,4.8,1011.3,4,11,60,0.0,0,0.0,0
2025-12-22 18:25:01,1,58,18.6,90,4.8,1011.4,10,12,53,0.0,0,0.0,0
2025-12-22 18:26:02,1,58,18.6,90,4.7,1011.4,9,16,37,0.0,0,0.0,0
2025-12-22 18:27:03,1,58,18.6,90,4.7,1011.5,10,16,46,0.0,0,0.0,0
2025-12-22 18:28:04,1,58,18.6,90,4.7,1011.5,10,16,34,0.0,0,0.0,0
2025-12-22 18:29:05,1,58,18.6,90,4.7,1011.3,6,16,30,0.0,0,0.0,0
2025-12-22 18:30:06,1,58,18.6,90,4.7,1011.4,11,14,44,0.0,0,0.0,0
2025-12-22 18:31:07,1,58,18.6,90,4.7,1011.4,6,14,58,0.0,0,0.0,0
2025-12-22 18:32:08,1,58,18.6,90,4.7,1011.4,9,12,40,0.0,0,0.0,0
2025-12-22 18:33:09,1,58,18.6,90,4.7,1011.5,7,12,36,0.0,0,0.0,0
2025-12-22 18:34:10,1,58,18.6,90,4.7,1011.5,6,12,73,0.0,0,0.0,0
2025-12-22 18:35:11,1,58,18.6,90,4.7,1011.4,9,12,47,0.0,0,0.0,0
2025-12-22 18:36:12,1,58,18.6,90,4.7,1011.5,4,14,39,0.0,0,0.0,0
2025-12-22 18:37:13,1,57,18.6,90,4.7,1011.7,11,21,34,0.0,0,0.0,0
2025-12-22 18:38:14,1,57,18.6,90,4.7,1011.5,6,21,42,0.0,0,0.0,0
2025-12-22 18:39:15,1,57,18.6,90,4.7,1011.4,3,14,44,0.0,0,0.0,0
2025-12-22 18:40:16,1,57,18.6,90,4.6,1011.5,6,11,22,0.0,0,0.0,0
2025-12-22 18:41:17,1,58,18.6,90,4.6,1011.3,8,12,44,0.0,0,0.0,0
2025-12-22 18:42:18,1,57,18.6,90,4.6,1011.4,9,14,65,0.0,0,0.0,0
2025-12-22 18:43:19,1,57,18.6,90,4.6,1011.4,3,14,29,0.0,0,0.0,0
2025-12-22 18:44:20,1,57,18.6,90,4.6,1011.6,8,12,52,0.0,0,0.0,0
2025-12-22 18:45:21,1,57,18.6,90,4.5,1011.4,10,14,57,0.0,0,0.0,0
2025-12-22 18:46:22,1,57,18.6,90,4.5,1011.3,9,14,78,0.0,0,0.0,0
2025-12-22 18:47:23,1,57,18.6,90,4.5,1011.5,10,14,77,0.0,0,0.0,0
2025-12-22 18:48:24,1,57,18.6,90,4.5,1011.5,9,14,34,0.0,0,0.0,0
2025-12-22 18:49:25,1,57,18.6,90,4.5,1011.5,10,14,57,0.0,0,0.0,0
2025-12-22 18:50:26,1,57,18.6,90,4.6,1011.6,5,14,45,0.0,0,0.0,0
2025-12-22 18:51:27,1,57,18.6,90,4.5,1011.7,7,12,65,0.0,0,0.0,0
2025-12-22 18:52:28,1,57,18.6,90,4.5,1011.8,9,12,46,0.0,0,0.0,0
2025-12-22 18:53:29,1,57,18.6,90,4.5,1011.8,8,12,26,0.0,0,0.0,0
2025-12-22 18:54:30,1,57,18.6,90,4.5,1011.6,9,12,59,0.0,0,0.0,0
2025-12-22 18:55:31,1,57,18.6,90,4.5,1011.6,5,12,42,0.0,0,0.0,0
2025-12-22 18:56:32,1,57,18.6,90,4.5,1011.7,3,14,44,0.0,0,0.0,0
2025-12-22 18:57:33,1,57,18.6,90,4.5,1011.7,7,12,52,0.0,0,0.0,0
2025-12-22 18:58:34,1,57,18.6,90,4.5,1011.8,6,12,35,0.0,0,0.0,0
2025-12-22 18:59:35,1,57,18.6,90,4.5,1011.8,3,11,32,0.0,0,0.0,0
2025-12-22 19:00:36,1,57,18.6,90,4.5,1011.8,7,12,54,0.0,0,0.0,0
2025-12-22 19:01:37,1,57,18.6,90,4.5,1011.8,10,14,48,0.0,0,0.0,0
2025-12-22 19:02:38,1,57,18.6,90,4.5,1011.9,8,14,29,0.0,0,0.0,0
2025-12-22 19:03:39,1,57,18.6,90,4.5,1011.8,5,12,71,0.0,0,0.0,0
2025-12-22 19:04:40,1,57,18.6,90,4.5,1011.9,7,12,45,0.0,0,0.0,0
2025-12-22 19:05:41,1,57,18.6,90,4.5,1011.9,7,12,46,0.0,0,0.0,0
2025-12-22 19:06:42,1,57,18.6,90,4.5,1011.8,8,11,54,0.0,0,0.0,0
2025-12-22 19:07:43,1,57,18.6,90,4.4,1011.9,5,12,37,0.0,0,0.0,0
2025-12-22 19:08:44,1,57,18.6,90,4.4,1011.9,3,12,47,0.0,0,0.0,0
2025-12-22 19:09:45,1,57,18.6,90,4.4,1011.7,4,7,32,0.0,0,0.0,0
2025-12-22 19:10:46,1,57,18.6,90,4.4,1011.9,2,5,35,0.0,0,0.0,0
2025-12-22 19:11:47,1,57,18.6,90,4.4,1011.9,3,7,51,0.0,0,0.0,0
2025-12-22 19:12:48,1,57,18.6,90,4.4,1012.0,2,9,31,0.0,0,0.0,0
2025-12-22 19:13:49,1,57,18.6,90,4.3,1011.9,10,12,84,0.0,0,0.0,0
2025-12-22 19:14:50,1,57,18.6,90,4.3,1011.9,7,12,37,0.0,0,0.0,0
2025-12-22 19:15:51,1,57,18.6,91,4.3,1012.0,6,9,69,0.0,0,0.0,0
2025-12-22 19:16:52,1,57,18.6,90,4.3,1011.9,5,9,29,0.0,0,0.0,0
2025-12-22 19:17:53,1,57,18.6,91,4.3,1011.9,7,14,33,0.0,0,0.0,0
2025-12-22 19:18:54,1,57,18.6,91,4.3,1011.8,5,14,65,0.0,0,0.0,0
2025-12-22 19:19:55,1,57,18.6,91,4.3,1012.0,12,16,77,0.0,0,0.0,0
2025-12-22 19:20:56,1,57,18.6,91,4.3,1011.9,10,16,41,0.0,0,0.0,0
2025-12-22 19:21:57,1,57,18.6,91,4.2,1011.9,6,14,66,0.0,0,0.0,0
2025-12-22 19:22:58,1,57,18.6,91,4.2,1011.9,7,18,65,0.0,0,0.0,0
2025-12-22 19:23:59,1,57,18.6,91,4.2,1011.9,5,18,28,0.0,0,0.0,0
2025-12-22 19:25:00,1,57,18.6,91,4.2,1012.1,7,11,36,0.0,0,0.0,0
2025-12-22 19:26:01,1,57,18.6,91,4.2,1011.9,3,12,31,0.0,0,0.0,0
2025-12-22 19:27:02,1,57,18.6,91,4.2,1011.8,6,12,23,0.0,0,0.0,0
2025-12-22 19:28:03,1,57,18.6,91,4.2,1011.9,7,12,41,0.0,0,0.0,0
2025-12-22 19:29:04,1,57,18.6,91,4.2,1012.0,5,14,46,0.0,0,0.0,0
2025-12-22 19:30:05,1,57,18.6,91,4.2,1011.9,11,18,65,0.0,0,0.0,0
2025-12-22 19:31:06,1,57,18.6,91,4.2,1011.9,8,16,75,0.0,0,0.0,0
2025-12-22 19:32:07,1,57,18.6,91,4.2,1011.9,6,12,74,0.0,0,0.0,0
2025-12-22 19:33:08,1,57,18.6,90,4.1,1012.0,7,11,57,0.0,0,0.0,0
2025-12-22 19:34:09,1,57,18.6,91,4.1,1011.9,9,14,50,0.0,0,0.0,0
2025-12-22 19:35:10,1,57,18.6,91,4.1,1012.0,7,14,42,0.0,0,0.0,0
2025-12-22 19:36:11,1,57,18.6,91,4.1,1012.1,6,14,49,0.0,0,0.0,0
2025-12-22 19:37:12,1,57,18.6,90,4.1,1012.2,8,14,82,0.0,0,0.0,0
2025-12-22 19:38:13,1,57,18.7,90,4.1,1012.1,8,14,66,0.0,0,0.0,0
2025-12-22 19:39:14,1,57,18.6,90,4.1,1012.2,6,11,44,0.0,0,0.0,0
2025-12-22 19:40:15,1,57,18.6,91,4.1,1012.1,8,12,30,0.0,0,0.0,0
2025-12-22 19:41:16,1,57,18.6,90,4.1,1012.2,7,14,25,0.0,0,0.0,0
2025-12-22 19:42:17,1,57,18.7,90,4.1,1012.3,9,14,38,0.0,0,0.0,0
2025-12-22 19:43:18,1,57,18.7,90,4.1,1012.1,7,14,48,0.0,0,0.0,0
2025-12-22 19:44:19,1,57,18.7,90,4.1,1012.2,7,14,63,0.0,0,0.0,0
2025-12-22 19:45:20,1,57,18.7,90,4.1,1012.1,6,11,55,0.0,0,0.0,0
2025-12-22 19:46:21,1,57,18.7,90,4.1,1012.1,8,11,41,0.0,0,0.0,0
2025-12-22 19:47:22,1,57,18.7,90,4.1,1012.1,10,11,26,0.0,0,0.0,0
2025-12-22 19:48:23,1,57,18.7,90,4.0,1012.2,5,14,74,0.0,0,0.0,0
2025-12-22 19:49:24,1,57,18.7,90,4.0,1012.1,2,12,46,0.0,0,0.0,0
2025-12-22 19:50:25,1,57,18.7,90,4.0,1012.1,10,12,55,0.0,0,0.0,0
2025-12-22 19:51:26,1,57,18.7,90,4.0,1012.2,9,16,77,0.0,0,0.0,0
2025-12-22 19:52:27,1,57,18.6,90,4.0,1012.2,6,12,49,0.0,0,0.0,0
2025-12-22 19:53:28,1,57,18.6,90,4.0,1012.3,8,12,66,0.0,0,0.0,0
2025-12-22 19:54:29,1,57,18.7,90,4.0,1012.2,3,12,47,0.0,0,0.0,0
2025-12-22 19:55:30,1,57,18.7,90,4.0,1012.2,8,12,42,0.0,0,0.0,0
2025-12-22 19:56:31,1,57,18.7,90,4.0,1012.1,4,12,44,0.0,0,0.0,0
2025-12-22 19:57:32,1,57,18.6,90,4.0,1012.2,8,12,68,0.0,0,0.0,0
2025-12-22 19:58:33,1,57,18.6,90,4.0,1012.2,2,14,44,0.0,0,0.0,0
2025-12-22 19:59:34,1,57,18.6,90,4.0,1012.2,8,12,29,0.0,0,0.0,0
2025-12-22 20:00:35,1,57,18.6,90,4.0,1012.1,5,12,43,0.0,0,0.0,0
2025-12-22 20:01:36,1,57,18.6,90,4.0,1012.1,7,12,47,0.0,0,0.0,0
2025-12-22 20:02:37,1,57,18.6,90,4.0,1012.1,5,11,53,0.0,0,0.0,0
2025-12-22 20:03:38,1,57,18.6,90,4.0,1012.1,8,12,65,0.0,0,0.0,0
2025-12-22 20:04:39,1,57,18.6,90,4.0,1012.4,6,11,52,0.0,0,0.0,0
2025-12-22 20:05:40,1,57,18.6,90,4.0,1012.2,10,14,33,0.0,0,0.0,0
2025-12-22 20:06:41,1,57,18.7,90,4.0,1012.2,8,14,40,0.0,0,0.0,0
2025-12-22 20:07:42,1,57,18.6,90,4.0,1012.1,6,14,51,0.0,0,0.0,0
2025-12-22 20:08:43,1,57,18.6,90,4.0,1012.2,6,14,23,0.0,0,0.0,0
2025-12-22 20:09:44,1,57,18.6,90,4.0,1012.3,8,14,54,0.0,0,0.0,0
2025-12-22 20:10:45,1,57,18.6,90,4.0,1012.1,3,14,55,0.0,0,0.0,0
2025-12-22 20:11:46,1,57,18.6,90,4.0,1012.0,6,12,68,0.0,0,0.0,0
2025-12-22 20:12:47,1,57,18.6,90,4.0,1012.3,8,14,56,0.0,0,0.0,0
2025-12-22 20:13:48,1,57,18.6,90,4.0,1012.1,7,14,44,0.0,0,0.0,0
2025-12-22 20:14:49,1,57,18.6,90,4.0,1012.1,8,11,35,0.0,0,0.0,0
2025-12-22 20:15:50,1,57,18.6,90,4.0,1012.2,10,14,64,0.0,0,0.0,0
2025-12-22 20:16:51,1,57,18.6,90,4.0,1012.1,8,14,41,0.0,0,0.0,0
2025-12-22 20:17:52,1,57,18.6,90,3.9,1012.1,12,16,63,0.0,0,0.0,0
2025-12-22 20:18:53,1,57,18.6,90,3.9,1012.1,10,16,46,0.0,0,0.0,0
2025-12-22 20:19:54,1,57,18.6,90,3.9,1012.2,6,14,63,0.0,0,0.0,0
2025-12-22 20:20:55,1,57,18.7,90,3.9,1012.2,10,14,53,0.0,0,0.0,0
2025-12-22 20:21:56,1,57,18.6,90,3.9,1012.2,7,16,45,0.0,0,0.0,0
2025-12-22 20:22:57,1,57,18.6,90,3.9,1012.3,3,16,77,0.0,0,0.0,0
2025-12-22 20:23:58,1,57,18.6,90,3.9,1012.3,11,18,56,0.0,0,0.0,0
2025-12-22 20:24:59,1,57,18.6,90,3.9,1012.2,6,18,22,0.0,0,0.0,0
2025-12-22 20:26:00,1,57,18.6,90,3.8,1012.4,3,11,49,0.0,0,0.0,0
2025-12-22 20:27:01,1,57,18.6,90,3.8,1012.1,10,12,61,0.0,0,0.0,0
2025-12-22 20:28:02,1,57,18.7,90,3.8,1012.3,4,12,54,0.0,0,0.0,0
2025-12-22 20:29:03,1,57,18.6,90,3.8,1012.4,5,12,54,0.0,0,0.0,0
2025-12-22 20:30:04,1,57,18.6,90,3.8,1012.3,2,12,55,0.0,0,0.0,0
2025-12-22 20:31:05,1,57,18.6,90,3.8,1012.2,5,12,54,0.0,0,0.0,0
2025-12-22 20:32:06,1,57,18.7,90,3.8,1012.3,7,12,42,0.0,0,0.0,0
2025-12-22 20:33:07,1,57,18.6,90,3.8,1012.4,3,11,24,0.0,0,0.0,0
2025-12-22 20:34:08,1,57,18.7,90,3.8,1012.5,6,12,50,0.0,0,0.0,0
2025-12-22 20:35:09,1,57,18.7,90,3.8,1012.3,6,12,34,0.0,0,0.0,0
2025-12-22 20:36:10,1,57,18.7,90,3.8,1012.4,6,11,30,0.0,0,0.0,0
2025-12-22 20:37:11,1,57,18.7,90,3.8,1012.5,6,12,41,0.0,0,0.0,0
2025-12-22 20:38:12,1,57,18.7,90,3.8,1012.6,5,12,38,0.0,0,0.0,0
2025-12-22 20:39:13,1,58,18.7,90,3.8,1012.6,4,11,57,0.0,0,0.0,0
2025-12-22 20:40:14,1,58,18.7,90,3.7,1012.5,7,11,51,0.0,0,0.0,0
2025-12-22 20:41:15,1,58,18.7,90,3.7,1012.6,4,11,75,0.0,0,0.0,0
2025-12-22 20:42:16,1,58,18.7,90,3.7,1012.7,5,11,45,0.0,0,0.0,0
2025-12-22 20:43:17,1,58,18.7,90,3.7,1012.6,1,9,55,0.0,0,0.0,0
2025-12-22 20:44:18,1,58,18.7,90,3.7,1012.5,7,9,46,0.0,0,0.0,0
2025-12-22 20:45:19,1,59,18.7,90,3.7,1012.5,1,9,30,0.0,0,0.0,0
2025-12-22 20:46:20,1,59,18.7,90,3.7,1012.6,7,11,22,0.0,0,0.0,0
2025-12-22 20:47:21,1,59,18.7,90,3.7,1012.4,5,11,57,0.0,0,0.0,0
2025-12-22 20:48:22,1,59,18.7,90,3.7,1012.6,3,7,71,0.0,0,0.0,0
2025-12-22 20:49:23,1,59,18.7,90,3.7,1012.5,2,7,62,0.0,0,0.0,0
2025-12-22 20:50:24,1,59,18.7,90,3.7,1012.6,7,11,29,0.0,0,0.0,0
2025-12-22 20:51:25,1,59,18.7,90,3.7,1012.6,8,11,52,0.0,0,0.0,0
2025-12-22 20:52:26,1,59,18.7,90,3.6,1012.7,7,11,42,0.0,0,0.0,0
2025-12-22 20:53:27,1,59,18.7,90,3.6,1012.7,3,11,53,0.0,0,0.0,0
2025-12-22 20:54:28,1,59,18.7,90,3.6,1012.6,2,9,48,0.0,0,0.0,0
2025-12-22 20:55:29,1,59,18.7,90,3.6,1012.6,5,11,58,0.0,0,0.0,0
2025-12-22 20:56:30,1,59,18.7,90,3.5,1012.6,5,12,56,0.0,0,0.0,0
2025-12-22 20:57:31,1,59,18.7,90,3.5,1012.6,5,12,37,0.0,0,0.0,0
2025-12-22 20:58:32,1,59,18.7,90,3.5,1012.7,2,7,49,0.0,0,0.0,0
2025-12-22 20:59:33,1,59,18.7,90,3.5,1012.6,3,9,36,0.0,0,0.0,0
2025-12-22 21:00:34,1,58,18.7,90,3.5,1012.5,8,12,36,0.0,0,0.0,0
2025-12-22 21:01:35,1,58,18.7,90,3.5,1012.8,6,12,56,0.0,0,0.0,0
2025-12-22 21:02:36,1,58,18.7,90,3.5,1012.6,5,9,44,0.0,0,0.0,0
2025-12-22 21:03:37,1,58,18.7,90,3.5,1012.6,9,11,60,0.0,0,0.0,0
2025-12-22 21:04:38,1,58,18.7,90,3.6,1012.7,3,11,47,0.0,0,0.0,0
2025-12-22 21:05:39,1,58,18.7,90,3.6,1012.6,5,11,42,0.0,0,0.0,0
2025-12-22 21:06:40,1,58,18.7,90,3.6,1012.6,3,9,55,0.0,0,0.0,0
2025-12-22 21:07:41,1,58,18.7,90,3.6,1012.5,4,11,78,0.0,0,0.0,0
2025-12-22 21:08:42,1,58,18.7,90,3.5,1012.6,9,12,59,0.0,0,0.0,0
2025-12-22 21:09:43,1,58,18.7,90,3.6,1012.7,6,12,44,0.0,0,0.0,0
2025-12-22 21:10:44,1,58,18.7,90,3.6,1012.7,5,9,32,0.0,0,0.0,0
2025-12-22 21:11:45,1,58,18.7,90,3.6,1012.5,3,9,44,0.0,0,0.0,0
2025-12-22 21:12:46,1,58,18.7,90,3.6,1012.5,5,9,28,0.0,0,0.0,0
2025-12-22 21:13:47,1,58,18.7,90,3.5,1012.6,3,9,61,0.0,0,0.0,0
2025-12-22 21:14:48,1,58,18.7,90,3.5,1012.5,2,9,5,0.0,0,0.0,0
2025-12-22 21:15:49,1,58,18.7,90,3.5,1012.4,1,5,50,0.0,0,0.0,0
2025-12-22 21:16:50,1,58,18.7,90,3.5,1012.4,9,11,33,0.0,0,0.0,0
2025-12-22 21:17:51,1,58,18.7,90,3.5,1012.7,6,11,26,0.0,0,0.0,0
2025-12-22 21:18:52,1,58,18.7,90,3.5,1012.5,9,12,50,0.0,0,0.0,0
2025-12-22 21:19:53,1,58,18.7,90,3.5,1012.7,6,12,25,0.0,0,0.0,0
2025-12-22 21:20:54,1,58,18.7,90,3.5,1012.7,8,12,31,0.0,0,0.0,0
2025-12-22 21:21:55,1,58,18.7,90,3.5,1012.5,8,12,30,0.0,0,0.0,0
2025-12-22 21:22:56,1,58,18.7,90,3.5,1012.7,7,12,27,0.0,0,0.0,0
2025-12-22 21:23:57,1,58,18.7,90,3.5,1012.6,3,11,45,0.0,0,0.0,0
2025-12-22 21:24:58,1,58,18.7,90,3.5,1012.5,4,7,58,0.0,0,0.0,0
2025-12-22 21:25:59,1,58,18.7,90,3.5,1012.6,7,14,48,0.0,0,0.0,0
2025-12-22 21:27:00,1,58,18.7,90,3.5,1012.5,7,14,55,0.0,0,0.0,0
2025-12-22 21:28:01,1,58,18.7,90,3.5,1012.7,6,11,55,0.0,0,0.0,0
2025-12-22 21:29:02,1,58,18.7,90,3.5,1012.7,6,9,55,0.0,0,0.0,0
2025-12-22 21:30:03,1,58,18.7,90,3.5,1012.5,11,18,73,0.0,0,0.0,0
2025-12-22 21:31:04,1,58,18.7,90,3.5,1012.6,6,18,16,0.0,0,0.0,0
2025-12-22 21:32:05,1,58,18.7,90,3.5,1012.5,6,11,42,0.0,0,0.0,0
2025-12-22 21:33:06,1,58,18.7,90,3.5,1012.6,9,20,59,0.0,0,0.0,0
2025-12-22 21:34:07,1,58,18.7,90,3.5,1012.5,7,20,66,0.0,0,0.0,0
2025-12-22 21:35:08,1,58,18.7,90,3.5,1012.5,10,14,44,0.0,0,0.0,0
2025-12-22 21:36:09,1,58,18.7,90,3.5,1012.6,5,14,23,0.0,0,0.0,0
2025-12-22 21:37:10,1,58,18.7,90,3.5,1012.6,10,14,50,0.0,0,0.0,0
2025-12-22 21:38:11,1,58,18.7,90,3.5,1012.5,6,14,39,0.0,0,0.0,0
2025-12-22 21:39:12,1,58,18.7,90,3.5,1012.7,7,12,66,0.0,0,0.0,0
2025-12-22 21:40:13,1,58,18.7,90,3.5,1012.5,5,12,41,0.0,0,0.0,0
2025-12-22 21:41:14,1,58,18.7,90,3.5,1012.6,6,12,40,0.0,0,0.0,0
2025-12-22 21:42:15,1,58,18.7,90,3.5,1012.4,9,18,47,0.0,0,0.0,0
2025-12-22 21:43:16,1,58,18.7,90,3.5,1012.7,10,18,53,0.0,0,0.0,0
2025-12-22 21:44:17,1,58,18.7,90,3.5,1012.6,6,18,40,0.0,0,0.0,0
2025-12-22 21:45:18,1,58,18.7,90,3.5,1012.3,6,12,48,0.0,0,0.0,0
2025-12-22 21:46:19,1,58,18.7,90,3.5,1012.5,5,14,26,0.0,0,0.0,0
2025-12-22 21:47:20,1,58,18.7,90,3.5,1012.4,12,16,16,0.0,0,0.0,0
2025-12-22 21:48:21,1,58,18.7,90,3.5,1012.6,7,16,56,0.0,0,0.0,0
2025-12-22 21:49:22,1,58,18.7,90,3.5,1012.4,5,14,51,0.0,0,0.0,0
2025-12-22 21:50:23,1,58,18.7,90,3.5,1012.4,9,14,47,0.0,0,0.0,0
2025-12-22 21:51:24,1,58,18.7,90,3.5,1012.7,8,14,32,0.0,0,0.0,0
2025-12-22 21:52:25,1,58,18.7,90,3.4,1012.5,8,12,51,0.0,0,0.0,0
2025-12-22 21:53:26,1,58,18.7,90,3.4,1012.6,8,14,62,0.0,0,0.0,0
2025-12-22 21:54:27,1,58,18.7,90,3.4,1012.5,8,12,48,0.0,0,0.0,0
2025-12-22 21:55:28,1,58,18.7,90,3.4,1012.6,5,12,74,0.0,0,0.0,0
2025-12-22 21:56:29,1,58,18.7,90,3.4,1012.6,6,14,28,0.0,0,0.0,0
2025-12-22 21:57:30,1,58,18.7,90,3.4,1012.6,8,14,48,0.0,0,0.0,0
2025-12-22 21:58:31,1,57,18.7,90,3.4,1012.5,8,14,52,0.0,0,0.0,0
2025-12-22 21:59:32,1,57,18.7,90,3.4,1012.5,9,12,60,0.0,0,0.0,0
2025-12-22 22:00:33,1,57,18.7,90,3.4,1012.4,7,12,31,0.0,0,0.0,0
2025-12-22 22:01:34,1,57,18.7,90,3.4,1012.4,8,12,34,0.0,0,0.0,0
2025-12-22 22:02:35,1,57,18.7,90,3.4,1012.5,6,12,29,0.0,0,0.0,0
2025-12-22 22:03:36,1,57,18.7,90,3.4,1012.5,6,14,37,0.0,0,0.0,0
2025-12-22 22:04:37,1,57,18.7,90,3.4,1012.6,8,14,69,0.0,0,0.0,0
2025-12-22 22:05:40,1,57,18.7,90,3.4,1012.4,5,14,42,0.0,0,0.0,0
2025-12-22 22:06:39,1,57,18.7,90,3.4,1012.2,6,12,50,0.0,0,0.0,0
2025-12-22 22:07:40,1,57,18.7,90,3.5,1012.5,6,12,40,0.0,0,0.0,0
2025-12-22 22:08:41,1,57,18.7,90,3.5,1012.5,9,14,38,0.0,0,0.0,0
2025-12-22 22:09:42,1,57,18.7,90,3.5,1012.4,10,14,44,0.0,0,0.0,0
2025-12-22 22:10:43,1,57,18.7,90,3.5,1012.5,9,14,62,0.0,0,0.0,0
2025-12-22 22:11:44,1,57,18.7,90,3.5,1012.4,9,12,37,0.0,0,0.0,0
2025-12-22 22:12:45,1,57,18.7,90,3.5,1012.5,6,20,57,0.0,0,0.0,0
2025-12-22 22:13:46,1,57,18.7,90,3.5,1012.5,3,20,74,0.0,0,0.0,0
2025-12-22 22:14:47,1,57,18.7,90,3.5,1012.5,6,16,61,0.0,0,0.0,0
2025-12-22 22:15:48,1,57,18.7,90,3.5,1012.7,9,16,73,0.0,0,0.0,0
2025-12-22 22:16:49,1,57,18.7,90,3.4,1012.5,6,14,26,0.0,0,0.0,0
2025-12-22 22:17:50,1,57,18.7,90,3.4,1012.7,7,14,63,0.0,0,0.0,0
2025-12-22 22:18:51,1,57,18.7,90,3.4,1012.7,10,14,34,0.0,0,0.0,0
2025-12-22 22:19:52,1,57,18.7,90,3.4,1012.6,6,14,39,0.0,0,0.0,0
2025-12-22 22:20:53,1,57,18.7,90,3.4,1012.5,5,12,21,0.0,0,0.0,0
2025-12-22 22:21:54,1,57,18.7,90,3.4,1012.7,10,14,39,0.0,0,0.0,0
2025-12-22 22:22:55,1,57,18.7,90,3.4,1012.6,5,14,59,0.0,0,0.0,0
2025-12-22 22:23:56,1,57,18.7,90,3.4,1012.7,7,11,56,0.0,0,0.0,0
2025-12-22 22:24:57,1,57,18.7,90,3.4,1012.7,13,16,47,0.0,0,0.0,0
2025-12-22 22:25:58,1,57,18.7,90,3.4,1012.7,3,16,38,0.0,0,0.0,0
2025-12-22 22:26:59,1,57,18.7,90,3.4,1012.7,7,11,49,0.0,0,0.0,0
2025-12-22 22:28:00,1,57,18.7,90,3.3,1012.6,6,11,66,0.0,0,0.0,0
2025-12-22 22:29:01,1,57,18.7,90,3.3,1012.9,5,11,34,0.0,0,0.0,0
2025-12-22 22:30:02,1,57,18.7,90,3.3,1012.8,0,11,44,0.0,0,0.0,0
2025-12-22 22:31:03,1,57,18.7,90,3.3,1012.8,8,16,46,0.0,0,0.0,0
2025-12-22 22:32:04,1,57,18.7,90,3.3,1012.9,8,16,92,0.0,0,0.0,0
2025-12-22 22:33:05,1,57,18.7,90,3.3,1012.7,6,9,31,0.0,0,0.0,0
2025-12-22 22:34:06,1,57,18.7,90,3.3,1012.8,9,12,19,0.0,0,0.0,0
2025-12-22 22:35:07,1,57,18.7,90,3.2,1012.9,6,12,54,0.0,0,0.0,0
2025-12-22 22:36:08,1,57,18.7,90,3.2,1012.9,4,9,44,0.0,0,0.0,0
2025-12-22 22:37:09,1,57,18.7,90,3.2,1012.9,5,9,57,0.0,0,0.0,0
2025-12-22 22:38:10,1,57,18.7,90,3.2,1012.8,10,12,86,0.0,0,0.0,0
2025-12-22 22:39:11,1,57,18.7,90,3.2,1012.7,6,14,46,0.0,0,0.0,0
2025-12-22 22:40:12,1,57,18.7,90,3.2,1012.8,5,14,46,0.0,0,0.0,0
2025-12-22 22:41:13,1,57,18.7,90,3.2,1012.8,2,11,72,0.0,0,0.0,0
2025-12-22 22:42:14,1,57,18.7,90,3.1,1013.0,6,12,46,0.0,0,0.0,0
2025-12-22 22:43:15,1,57,18.6,90,3.1,1012.9,6,14,22,0.0,0,0.0,0
2025-12-22 22:44:16,1,57,18.6,90,3.1,1012.7,9,14,46,0.0,0,0.0,0
2025-12-22 22:45:17,1,57,18.6,90,3.1,1012.9,3,11,66,0.0,0,0.0,0
2025-12-22 22:46:18,1,57,18.6,90,3.1,1012.9,3,9,51,0.0,0,0.0,0
2025-12-22 22:47:19,1,57,18.6,90,3.1,1012.9,3,9,40,0.0,0,0.0,0
2025-12-22 22:48:20,1,57,18.6,90,3.1,1012.7,1,9,45,0.0,0,0.0,0
2025-12-22 22:49:21,1,57,18.6,90,3.1,1012.7,2,7,45,0.0,0,0.0,0
2025-12-22 22:50:22,1,57,18.6,90,3.1,1012.7,6,9,46,0.0,0,0.0,0
2025-12-22 22:51:23,1,57,18.6,90,3.1,1012.8,5,9,30,0.0,0,0.0,0
2025-12-22 22:52:24,1,57,18.5,90,3.1,1012.8,1,9,36,0.0,0,0.0,0
2025-12-22 22:53:25,1,57,18.5,90,3.0,1012.7,3,11,64,0.0,0,0.0,0
2025-12-22 22:54:26,1,57,18.5,90,3.0,1012.8,3,11,35,0.0,0,0.0,0
2025-12-22 22:55:27,1,57,18.5,90,3.0,1012.7,4,5,57,0.0,0,0.0,0
2025-12-22 22:56:28,1,57,18.5,91,3.0,1012.9,2,7,59,0.0,0,0.0,0
2025-12-22 22:57:29,1,57,18.5,91,3.0,1012.9,3,9,39,0.0,0,0.0,0
2025-12-22 22:58:30,1,57,18.5,91,3.0,1012.8,5,9,38,0.0,0,0.0,0
2025-12-22 22:59:31,1,57,18.5,91,3.0,1012.8,5,9,66,0.0,0,0.0,0
2025-12-22 23:00:32,1,57,18.5,91,3.0,1012.8,4,9,29,0.0,0,0.0,0
2025-12-22 23:01:33,1,57,18.5,91,3.0,1012.8,3,9,64,0.0,0,0.0,0
2025-12-22 23:02:34,1,57,18.5,91,3.0,1012.9,2,5,69,0.0,0,0.0,0
2025-12-22 23:03:35,1,57,18.4,90,3.0,1013.0,2,7,32,0.0,0,0.0,0
2025-12-22 23:04:36,1,57,18.4,91,3.0,1012.8,6,11,30,0.0,0,0.0,0
2025-12-22 23:05:37,1,57,18.5,91,3.0,1012.7,1,11,68,0.0,0,0.0,0
2025-12-22 23:06:38,1,57,18.5,91,3.0,1012.9,5,11,41,0.0,0,0.0,0
2025-12-22 23:07:39,1,57,18.4,91,3.0,1012.7,7,11,56,0.0,0,0.0,0
2025-12-22 23:08:40,1,57,18.4,91,3.0,1012.8,3,9,28,0.0,0,0.0,0
2025-12-22 23:09:41,1,57,18.4,91,3.0,1013.1,5,11,53,0.0,0,0.0,0
2025-12-22 23:10:42,1,57,18.4,91,3.0,1013.0,6,11,46,0.0,0,0.0,0
2025-12-22 23:11:43,1,57,18.4,91,3.0,1012.9,5,9,63,0.0,0,0.0,0
2025-12-22 23:12:44,1,57,18.4,91,3.0,1012.9,6,7,5,0.0,0,0.0,0
2025-12-22 23:13:45,1,57,18.4,91,2.9,1013.1,3,9,31,0.0,0,0.0,0
2025-12-22 23:14:46,1,57,18.4,91,2.9,1013.2,7,11,60,0.0,0,0.0,0
2025-12-22 23:15:47,1,57,18.4,91,2.9,1012.9,6,11,42,0.0,0,0.0,0
2025-12-22 23:16:48,1,57,18.4,91,2.9,1012.9,1,11,34,0.0,0,0.0,0
2025-12-22 23:17:49,1,57,18.4,91,2.9,1013.0,1,9,28,0.0,0,0.0,0
2025-12-22 23:18:50,1,57,18.4,91,2.9,1013.0,5,9,51,0.0,0,0.0,0
2025-12-22 23:19:51,1,57,18.4,91,2.9,1013.0,5,11,55,0.0,0,0.0,0
2025-12-22 23:20:52,1,57,18.4,91,2.9,1012.9,6,11,60,0.0,0,0.0,0
2025-12-22 23:21:53,1,57,18.4,91,2.9,1013.1,2,9,26,0.0,0,0.0,0
2025-12-22 23:22:54,1,57,18.4,91,2.9,1012.9,6,9,56,0.0,0,0.0,0
2025-12-22 23:23:55,1,57,18.4,91,2.9,1012.8,4,9,25,0.0,0,0.0,0
2025-12-22 23:24:56,1,57,18.4,91,2.9,1012.9,6,11,40,0.0,0,0.0,0
2025-12-22 23:25:57,1,57,18.4,91,2.9,1013.1,8,11,58,0.0,0,0.0,0
2025-12-22 23:26:58,1,57,18.4,91,2.9,1012.9,6,11,97,0.0,0,0.0,0
2025-12-22 23:27:59,1,57,18.4,91,2.9,1012.9,5,9,44,0.0,0,0.0,0
2025-12-22 23:29:00,1,57,18.4,91,2.9,1013.0,7,11,59,0.0,0,0.0,0
2025-12-22 23:30:01,1,57,18.4,91,2.9,1013.1,3,9,43,0.0,0,0.0,0
2025-12-22 23:31:02,1,57,18.4,91,2.9,1013.0,7,9,49,0.0,0,0.0,0
2025-12-22 23:32:03,1,57,18.4,91,2.9,1013.0,4,9,37,0.0,0,0.0,0
2025-12-22 23:33:04,1,57,18.3,91,2.9,1013.0,8,11,47,0.0,0,0.0,0
2025-12-22 23:34:05,1,57,18.3,91,2.9,1012.8,3,11,27,0.0,0,0.0,0
2025-12-22 23:35:06,1,57,18.3,91,2.9,1012.9,6,9,28,0.0,0,0.0,0
2025-12-22 23:36:07,1,57,18.3,91,2.9,1013.1,5,9,16,0.0,0,0.0,0
2025-12-22 23:37:08,1,57,18.3,91,2.9,1013.0,3,9,51,0.0,0,0.0,0
2025-12-22 23:38:09,1,57,18.3,91,2.9,1013.1,7,9,67,0.0,0,0.0,0
2025-12-22 23:39:10,1,57,18.3,90,2.9,1012.9,4,9,50,0.0,0,0.0,0
2025-12-22 23:40:11,1,57,18.3,91,2.9,1013.0,5,9,33,0.0,0,0.0,0
2025-12-22 23:41:12,1,57,18.3,90,3.0,1013.1,2,9,62,0.0,0,0.0,0
2025-12-22 23:42:13,1,57,18.3,90,3.0,1013.0,6,7,53,0.0,0,0.0,0
2025-12-22 23:43:14,1,57,18.3,90,2.9,1013.1,4,9,41,0.0,0,0.0,0
2025-12-22 23:44:15,1,57,18.3,90,2.9,1013.1,7,9,38,0.0,0,0.0,0
2025-12-22 23:45:16,1,57,18.3,90,2.9,1013.1,3,9,48,0.0,0,0.0,0
2025-12-22 23:46:17,1,57,18.2,90,3.0,1013.0,6,9,41,0.0,0,0.0,0
2025-12-22 23:47:18,1,57,18.2,90,3.0,1012.9,5,9,38,0.0,0,0.0,0
2025-12-22 23:48:19,1,57,18.3,90,2.9,1013.0,4,9,40,0.0,0,0.0,0
2025-12-22 23:49:20,1,57,18.2,90,2.9,1013.1,7,11,45,0.0,0,0.0,0
2025-12-22 23:50:21,1,57,18.2,90,2.9,1013.1,3,11,51,0.0,0,0.0,0
2025-12-22 23:51:22,1,57,18.2,90,2.9,1013.2,3,9,44,0.0,0,0.0,0
2025-12-22 23:52:23,1,57,18.2,90,2.9,1012.9,3,7,21,0.0,0,0.0,0
2025-12-22 23:53:24,1,57,18.2,90,2.9,1013.1,1,7,31,0.0,0,0.0,0
2025-12-22 23:54:25,1,57,18.2,90,2.9,1012.9,5,7,35,0.0,0,0.0,0
2025-12-22 23:55:26,1,57,18.2,90,2.9,1013.1,6,9,36,0.0,0,0.0,0
2025-12-22 23:56:27,1,57,18.2,91,2.9,1013.0,6,11,29,0.0,0,0.0,0
2025-12-22 23:57:28,1,57,18.2,91,2.9,1013.1,5,11,50,0.0,0,0.0,0
2025-12-22 23:58:29,1,57,18.2,91,2.9,1013.3,3,9,55,0.0,0,0.0,0
2025-12-22 23:59:30,1,57,18.2,90,2.9,1013.3,3,7,49,0.0,0,0.0,0
