2022-12-17 00:03:01,5,65,13.8,97,-4.8,1032.9,0.0,0.0,0,2961.3,0
2022-12-17 00:08:01,5,65,13.8,97,-4.9,1033.1,0.0,0.0,0,2961.3,0
2022-12-17 00:13:01,5,65,13.7,97,-5.0,1033.2,0.0,0.0,0,2961.3,0
2022-12-17 00:18:01,5,65,13.7,97,-5.1,1033.2,0.0,0.0,0,2961.3,0
2022-12-17 00:23:01,5,65,13.6,97,-5.2,1033.2,0.0,0.0,0,2961.3,0
2022-12-17 00:28:01,5,65,13.6,97,-4.9,1033.3,0.0,0.0,0,2961.3,0
2022-12-17 00:33:01,5,65,13.6,97,-4.8,1033.3,0.0,0.0,0,2961.3,0
2022-12-17 00:38:01,5,66,13.5,97,-5.1,1033.4,0.0,0.0,0,2961.3,0
2022-12-17 00:43:01,5,66,13.4,97,-5.2,1033.5,0.0,0.0,0,2961.3,0
2022-12-17 00:48:01,5,66,13.4,98,-5.0,1033.6,0.0,0.0,0,2961.3,0
2022-12-17 00:53:01,5,66,13.4,97,-5.1,1033.7,0.0,0.0,0,2961.3,0
2022-12-17 00:58:01,5,66,13.3,97,-5.2,1033.8,0.0,0.0,0,2961.3,0
2022-12-17 01:03:01,5,66,13.3,97,-5.2,1033.6,0.0,0.0,0,2961.3,0
2022-12-17 01:08:01,5,66,13.3,97,-5.4,1033.6,0.0,0.0,0,2961.3,0
2022-12-17 01:13:01,5,66,13.3,98,-5.2,1033.7,0.0,0.0,0,2961.3,0
2022-12-17 01:18:01,5,66,13.2,97,-5.2,1033.9,0.0,0.0,0,2961.3,0
2022-12-17 01:23:01,5,66,13.2,97,-5.1,1034.0,0.0,0.0,0,2961.3,0
2022-12-17 01:28:01,5,66,13.2,97,-4.9,1034.1,0.0,0.0,0,2961.3,0
2022-12-17 01:33:01,5,66,13.1,97,-5.1,1034.0,0.0,0.0,0,2961.3,0
2022-12-17 01:38:01,5,66,13.0,97,-5.3,1034.1,0.0,0.0,0,2961.3,0
2022-12-17 01:43:01,5,66,13.0,97,-5.1,1034.2,0.0,0.0,0,2961.3,0
2022-12-17 01:48:01,5,66,13.0,97,-5.1,1034.3,0.0,0.0,0,2961.3,0
2022-12-17 01:53:01,5,66,13.0,97,-5.0,1034.3,0.0,0.0,0,2961.3,0
2022-12-17 01:58:01,5,66,13.0,97,-5.0,1034.4,0.0,0.0,0,2961.3,0
2022-12-17 02:03:01,5,66,13.0,97,-5.3,1034.3,0.0,0.0,0,2961.3,0
2022-12-17 02:08:01,5,66,13.0,97,-5.3,1034.2,0.0,0.0,0,2961.3,0
2022-12-17 02:13:01,5,66,13.0,97,-5.3,1034.2,0.0,0.0,0,2961.3,0
2022-12-17 02:18:01,5,66,13.0,97,-5.1,1034.2,0.0,0.0,0,2961.3,0
2022-12-17 02:23:01,5,66,13.1,98,-4.5,1034.3,0.0,0.0,13,2961.3,0
2022-12-17 02:28:01,5,66,13.1,98,-3.4,1034.3,0.0,0.7,11,2961.3,0
2022-12-17 02:33:01,5,67,13.1,98,-3.1,1034.2,0.0,0.0,10,2961.3,0
2022-12-17 02:38:01,5,67,13.1,98,-2.7,1034.3,0.0,0.0,11,2961.3,0
2022-12-17 02:43:01,5,67,13.2,98,-2.5,1034.4,0.0,0.0,11,2961.3,0
2022-12-17 02:48:01,5,67,13.2,98,-2.4,1034.4,0.0,0.7,11,2961.3,0
2022-12-17 02:53:01,5,67,13.2,98,-2.3,1034.4,0.0,0.0,9,2961.3,0
2022-12-17 02:58:01,5,67,13.2,98,-2.2,1034.5,0.0,0.7,8,2961.3,0
2022-12-17 03:03:01,5,67,13.2,98,-2.2,1034.5,0.0,0.7,11,2961.3,0
2022-12-17 03:08:01,5,67,13.2,98,-2.1,1034.4,0.0,0.0,8,2961.3,0
2022-12-17 03:13:01,5,67,13.2,98,-2.1,1034.5,0.0,0.0,9,2961.3,0
2022-12-17 03:18:01,5,67,13.2,98,-2.0,1034.6,0.0,0.7,8,2961.3,0
2022-12-17 03:23:01,5,67,13.2,98,-2.0,1034.6,0.0,0.0,11,2961.3,0
2022-12-17 03:28:01,5,67,13.2,98,-1.9,1034.5,0.0,0.0,8,2961.3,0
2022-12-17 03:33:01,5,67,13.2,98,-1.9,1034.5,0.3,0.7,7,2961.3,0
2022-12-17 03:38:01,5,67,13.3,98,-2.0,1034.6,0.0,0.0,8,2961.3,0
2022-12-17 03:43:01,5,67,13.3,98,-1.9,1034.6,0.0,0.0,9,2961.3,0
2022-12-17 03:48:02,5,67,13.4,98,-2.0,1034.6,0.3,1.0,7,2961.3,0
2022-12-17 03:53:02,5,67,13.5,98,-2.0,1034.5,0.0,0.7,11,2961.3,0
2022-12-17 03:58:02,5,67,13.5,98,-2.0,1034.4,0.3,0.7,8,2961.3,0
2022-12-17 04:03:02,5,66,13.6,98,-2.0,1034.4,0.3,0.7,9,2961.3,0
2022-12-17 04:08:02,5,66,13.6,98,-2.0,1034.3,0.0,0.7,11,2961.3,0
2022-12-17 04:13:02,5,66,13.7,98,-2.0,1034.3,0.3,1.0,10,2961.3,0
2022-12-17 04:18:02,5,66,13.7,98,-2.0,1034.1,0.0,0.7,11,2961.3,0
2022-12-17 04:23:02,5,66,13.7,98,-2.0,1034.3,0.3,0.7,7,2961.3,0
2022-12-17 04:28:02,5,66,13.7,98,-2.0,1034.2,0.3,1.0,9,2961.3,0
2022-12-17 04:33:02,5,66,13.7,98,-1.9,1034.3,0.3,0.7,11,2961.3,0
2022-12-17 04:38:02,5,66,13.7,98,-2.0,1034.5,0.0,0.0,10,2961.3,0
2022-12-17 04:43:02,5,66,13.6,98,-1.9,1034.7,0.0,0.0,6,2961.3,0
2022-12-17 04:48:02,5,66,13.6,98,-1.9,1034.6,0.0,0.7,10,2961.3,0
2022-12-17 04:53:02,5,66,13.6,98,-1.9,1034.7,0.3,1.0,6,2961.3,0
2022-12-17 04:58:02,5,66,13.6,98,-1.9,1034.8,0.0,0.7,11,2961.3,0
2022-12-17 05:03:02,5,66,13.6,98,-1.8,1034.7,0.0,0.0,10,2961.3,0
2022-12-17 05:08:02,5,67,13.6,98,-1.8,1034.7,0.0,0.0,8,2961.3,0
2022-12-17 05:13:02,5,67,13.7,98,-1.8,1034.6,0.3,1.0,11,2961.3,0
2022-12-17 05:18:02,5,66,13.7,98,-1.8,1034.5,0.3,0.7,9,2961.3,0
2022-12-17 05:23:02,5,66,13.7,98,-1.8,1034.4,0.0,0.0,6,2961.3,0
2022-12-17 05:28:02,5,66,13.7,98,-1.7,1034.5,0.0,0.7,12,2961.3,0
2022-12-17 05:33:02,5,66,13.8,98,-1.7,1034.4,0.0,0.7,10,2961.3,0
2022-12-17 05:38:02,5,66,13.8,99,-1.7,1034.3,0.0,0.0,5,2961.3,0
2022-12-17 05:43:02,5,66,13.7,99,-1.7,1034.3,0.0,0.0,10,2961.3,0
2022-12-17 05:48:02,5,66,13.7,99,-1.7,1034.4,0.0,0.7,7,2961.3,0
2022-12-17 05:53:02,5,66,13.7,99,-1.7,1034.5,0.0,0.7,11,2961.3,0
2022-12-17 05:58:02,5,66,13.7,99,-1.7,1034.7,0.0,0.0,10,2961.3,0
2022-12-17 06:03:02,5,66,13.6,99,-1.8,1034.8,0.0,0.7,9,2961.3,0
2022-12-17 06:08:02,5,66,13.6,99,-1.9,1034.8,0.0,0.7,10,2961.3,0
2022-12-17 06:13:02,5,66,13.6,99,-2.0,1034.9,0.3,1.0,12,2961.3,0
2022-12-17 06:18:02,5,66,13.6,99,-2.2,1035.1,0.3,0.7,11,2961.3,0
2022-12-17 06:23:02,5,66,13.5,99,-2.2,1035.1,0.0,0.0,10,2961.3,0
2022-12-17 06:28:02,5,66,13.5,99,-2.3,1035.1,0.0,0.7,9,2961.3,0
2022-12-17 06:33:02,5,67,13.5,99,-2.4,1035.2,0.0,0.7,9,2961.3,0
2022-12-17 06:38:02,5,66,13.5,99,-2.5,1035.1,0.0,0.7,11,2961.3,0
2022-12-17 06:43:02,5,65,13.6,99,-2.5,1035.1,0.3,1.0,10,2961.3,0
2022-12-17 06:48:02,5,65,13.6,99,-2.7,1035.2,0.3,0.7,11,2961.3,0
2022-12-17 06:53:02,5,65,13.7,99,-2.8,1035.0,0.3,1.0,8,2961.3,0
2022-12-17 06:58:02,5,64,13.8,99,-2.9,1035.1,0.0,0.0,9,2961.3,0
2022-12-17 07:03:02,5,64,13.8,99,-2.9,1035.1,0.0,0.0,8,2961.3,0
2022-12-17 07:08:02,5,64,13.8,99,-3.0,1035.0,0.0,0.0,5,2961.3,0
2022-12-17 07:13:02,5,64,13.9,98,-3.3,1035.2,0.3,1.0,10,2961.3,0
2022-12-17 07:18:02,5,63,13.9,99,-3.4,1035.3,0.0,0.7,11,2961.3,0
2022-12-17 07:23:02,5,63,13.8,99,-3.5,1035.3,0.3,0.7,5,2961.3,0
2022-12-17 07:28:02,5,63,13.8,99,-3.6,1035.5,0.3,0.7,11,2961.3,0
2022-12-17 07:33:02,5,63,13.8,99,-3.6,1035.5,0.3,0.7,12,2961.3,0
2022-12-17 07:38:02,5,63,13.8,98,-3.7,1035.5,0.3,1.0,9,2961.3,0
2022-12-17 07:43:02,5,63,13.8,98,-3.7,1035.6,0.0,0.7,10,2961.3,0
2022-12-17 07:48:02,5,63,13.7,98,-3.8,1035.7,0.7,1.7,11,2961.3,0
2022-12-17 07:53:02,5,63,13.7,98,-3.7,1035.8,0.3,1.0,11,2961.3,0
2022-12-17 07:58:02,5,63,13.7,98,-3.7,1035.9,0.7,1.0,11,2961.3,0
2022-12-17 08:03:02,5,63,13.6,98,-3.7,1036.0,0.0,0.7,11,2961.3,0
2022-12-17 08:08:02,5,63,13.6,98,-3.6,1036.1,0.0,0.7,10,2961.3,0
2022-12-17 08:13:02,5,63,13.6,98,-3.5,1036.1,0.3,0.7,11,2961.3,0
2022-12-17 08:18:02,5,63,13.6,98,-3.5,1036.2,0.3,1.0,7,2961.3,0
2022-12-17 08:23:02,5,63,13.5,98,-3.4,1036.1,0.0,0.7,11,2961.3,0
2022-12-17 08:28:02,5,63,13.5,98,-3.4,1036.4,0.3,0.7,11,2961.3,0
2022-12-17 08:33:02,5,63,13.5,98,-3.4,1036.4,0.0,0.0,11,2961.3,0
2022-12-17 08:38:02,5,63,13.5,98,-3.4,1036.2,0.3,0.7,11,2961.3,0
2022-12-17 08:43:02,5,63,13.5,98,-3.4,1036.3,0.0,0.7,11,2961.3,0
2022-12-17 08:48:02,5,63,13.5,98,-3.3,1036.2,0.3,0.7,11,2961.3,0
2022-12-17 08:53:02,5,63,13.6,98,-3.2,1036.4,0.0,0.7,11,2961.3,0
2022-12-17 08:58:02,5,63,13.6,98,-3.1,1036.5,0.0,0.7,11,2961.3,0
2022-12-17 09:03:02,5,63,13.7,98,-3.0,1036.4,0.3,1.0,9,2961.3,0
2022-12-17 09:08:02,5,64,13.8,98,-2.8,1036.3,0.0,0.0,8,2961.3,0
2022-12-17 09:13:02,5,63,14.0,98,-2.7,1036.2,0.0,0.0,11,2961.3,0
2022-12-17 09:18:02,5,63,14.2,98,-2.7,1036.0,0.3,0.7,6,2961.3,0
2022-12-17 09:23:02,5,63,14.4,98,-2.8,1035.9,0.0,0.0,8,2961.3,0
2022-12-17 09:28:02,5,63,14.4,98,-2.8,1035.8,0.3,0.7,12,2961.3,0
2022-12-17 09:33:02,5,64,14.9,99,-2.7,1035.6,0.0,0.7,9,2961.3,0
2022-12-17 09:38:02,5,64,15.0,99,-2.6,1035.4,0.0,0.7,11,2961.3,0
2022-12-17 09:43:02,5,65,15.5,99,-2.5,1035.1,0.3,1.0,8,2961.3,0
2022-12-17 09:48:02,5,64,15.8,99,-2.4,1034.7,0.3,1.0,11,2961.3,0
2022-12-17 09:53:02,5,62,16.1,99,-2.3,1034.6,0.3,1.0,10,2961.3,0
2022-12-17 09:58:02,5,61,16.5,98,-2.3,1034.1,0.0,0.0,8,2961.3,0
2022-12-17 10:03:02,5,61,16.7,99,-2.2,1033.9,0.0,0.7,12,2961.3,0
2022-12-17 10:08:02,5,60,16.9,98,-2.1,1033.8,0.3,1.0,11,2961.3,0
2022-12-17 10:13:02,5,59,17.0,98,-2.1,1033.4,0.0,0.7,13,2961.3,0
2022-12-17 10:18:02,5,58,17.3,98,-2.1,1033.3,0.3,1.0,12,2961.3,0
2022-12-17 10:23:02,5,58,17.4,98,-2.1,1033.2,0.7,2.0,11,2961.3,0
2022-12-17 10:28:02,5,58,17.5,98,-2.0,1033.1,0.3,1.7,11,2961.3,0
2022-12-17 10:33:02,5,58,17.6,98,-1.9,1033.0,0.3,1.0,12,2961.3,0
2022-12-17 10:38:02,5,58,17.7,98,-1.7,1033.0,0.0,0.7,8,2961.3,0
2022-12-17 10:43:02,5,55,17.7,98,-1.5,1033.0,0.3,1.0,7,2961.3,0
2022-12-17 10:48:02,5,54,17.7,98,-1.4,1033.1,0.3,0.7,10,2961.3,0
2022-12-17 10:53:02,5,55,17.6,98,-1.5,1033.2,0.7,1.0,10,2961.3,0
2022-12-17 10:58:02,5,55,17.6,98,-1.5,1033.3,0.0,0.7,12,2961.3,0
2022-12-17 11:03:02,5,55,17.5,98,-1.6,1033.3,0.7,1.0,7,2961.3,0
2022-12-17 11:08:02,5,55,17.4,98,-1.4,1033.3,0.3,1.0,12,2961.3,0
2022-12-17 11:13:02,5,55,17.4,98,-1.2,1033.4,0.0,0.7,12,2961.3,0
2022-12-17 11:18:02,5,56,17.3,98,-1.2,1033.5,0.0,0.7,6,2961.3,0
2022-12-17 11:23:02,5,56,17.1,97,-1.3,1033.8,0.3,1.0,11,2961.3,0
2022-12-17 11:28:02,5,56,17.0,97,-1.3,1033.8,0.3,0.7,11,2961.3,0
2022-12-17 11:33:02,5,56,17.0,97,-1.2,1033.9,0.3,1.0,6,2961.3,0
2022-12-17 11:38:02,5,57,16.9,97,-1.1,1034.0,0.7,1.7,11,2961.3,0
2022-12-17 11:43:02,5,57,16.8,97,-1.0,1034.2,0.3,1.0,11,2961.3,0
2022-12-17 11:48:02,5,57,16.7,96,-0.7,1034.2,0.0,0.0,7,2961.3,0
2022-12-17 11:53:02,5,58,16.7,96,-0.7,1034.2,0.3,1.0,9,2961.3,0
2022-12-17 11:58:02,5,58,16.6,95,-0.6,1034.3,0.3,0.7,7,2961.3,0
2022-12-17 12:03:02,5,58,16.6,95,-0.6,1034.2,0.3,0.7,9,2961.3,0
2022-12-17 12:08:02,5,58,16.6,95,-0.5,1034.1,0.0,0.7,12,2961.3,0
2022-12-17 12:13:02,5,57,16.6,94,-0.4,1034.2,0.3,1.0,7,2961.3,0
2022-12-17 12:18:02,5,57,16.6,94,-0.5,1034.3,0.0,0.7,1,2961.3,0
2022-12-17 12:23:02,5,58,16.6,94,-0.4,1034.3,0.0,0.7,9,2961.3,0
2022-12-17 12:28:02,5,58,16.6,93,-0.6,1034.2,0.3,1.0,12,2961.3,0
2022-12-17 12:33:02,5,58,16.6,93,-0.5,1034.2,0.0,0.7,10,2961.3,0
2022-12-17 12:38:02,5,58,16.6,93,-0.6,1034.2,0.7,1.7,8,2961.3,0
2022-12-17 12:43:02,5,58,16.6,93,-0.5,1034.2,0.0,0.7,10,2961.3,0
2022-12-17 12:48:02,5,58,16.5,93,-0.6,1034.3,0.3,1.0,7,2961.3,0
2022-12-17 12:53:02,5,58,16.5,93,-0.6,1034.3,0.0,0.7,1,2961.3,0
2022-12-17 12:58:02,5,59,16.4,93,-0.6,1034.4,0.3,1.0,9,2961.3,0
2022-12-17 13:03:02,5,59,16.4,93,-0.7,1034.3,0.3,0.7,13,2961.3,0
2022-12-17 13:08:02,5,59,16.3,93,-0.8,1034.5,0.3,0.7,11,2961.3,0
2022-12-17 13:13:02,5,59,16.3,93,-1.0,1034.6,0.0,0.7,11,2961.3,0
2022-12-17 13:18:02,5,59,16.2,93,-1.1,1034.6,0.0,0.0,9,2961.3,0
2022-12-17 13:23:02,5,59,16.2,93,-1.0,1034.6,0.0,0.7,5,2961.3,0
2022-12-17 13:28:02,5,59,16.1,93,-0.9,1034.5,0.3,1.0,9,2961.3,0
2022-12-17 13:33:02,5,59,16.1,94,-0.9,1034.5,0.0,0.0,13,2961.3,0
2022-12-17 13:38:02,5,59,16.0,94,-1.1,1034.6,0.0,0.7,10,2961.3,0
2022-12-17 13:43:02,5,59,16.0,94,-1.2,1034.6,0.0,0.7,6,2961.3,0
2022-12-17 13:48:03,5,59,16.0,94,-1.1,1034.6,0.0,0.0,11,2961.3,0
2022-12-17 13:53:03,5,60,15.9,94,-1.1,1034.6,0.3,1.0,9,2961.3,0
2022-12-17 13:58:03,5,60,15.9,94,-1.2,1034.5,0.3,1.0,11,2961.3,0
2022-12-17 14:03:03,5,55,15.9,94,-1.2,1034.7,0.0,0.7,11,2961.3,0
2022-12-17 14:08:03,5,52,15.8,94,-1.2,1035.0,0.7,1.7,10,2961.3,0
2022-12-17 14:13:03,5,53,15.7,94,-1.3,1034.9,0.7,1.7,11,2961.3,0
2022-12-17 14:18:03,5,56,15.8,95,-1.3,1034.9,0.3,1.0,14,2961.3,0
2022-12-17 14:23:03,5,56,16.0,95,-1.3,1034.8,0.7,1.7,11,2961.3,0
2022-12-17 14:28:03,5,57,16.2,95,-1.4,1034.7,0.3,1.0,12,2961.3,0
2022-12-17 14:33:03,5,58,16.4,95,-1.4,1034.4,0.3,0.7,11,2961.3,0
2022-12-17 14:38:03,5,57,16.7,95,-1.4,1034.3,0.7,1.0,8,2961.3,0
2022-12-17 14:43:03,5,56,16.9,95,-1.4,1034.0,0.3,0.7,11,2961.3,0
2022-12-17 14:48:03,5,52,17.1,95,-1.5,1033.8,0.7,2.0,10,2961.3,0
2022-12-17 14:53:03,5,50,17.3,95,-1.5,1033.5,0.7,1.0,11,2961.3,0
2022-12-17 14:58:03,5,48,17.4,95,-1.5,1033.5,0.3,1.0,12,2961.3,0
2022-12-17 15:03:03,5,45,17.3,95,-1.5,1033.6,0.3,0.7,11,2961.3,0
2022-12-17 15:08:03,5,44,17.3,95,-1.6,1033.7,0.7,1.0,11,2961.3,0
2022-12-17 15:13:03,5,43,17.1,96,-1.5,1034.0,0.3,0.7,8,2961.3,0
2022-12-17 15:18:03,5,43,16.9,96,-1.4,1034.0,0.0,0.0,14,2961.3,0
2022-12-17 15:23:03,5,43,16.8,96,-1.5,1034.2,0.3,0.7,11,2961.3,0
2022-12-17 15:28:03,5,46,16.7,96,-1.6,1034.3,0.3,1.0,11,2961.3,0
2022-12-17 15:33:03,5,47,16.7,96,-1.6,1034.5,0.3,1.0,14,2961.3,0
2022-12-17 15:38:03,5,48,16.8,96,-1.7,1034.5,0.3,0.7,12,2961.3,0
2022-12-17 15:43:03,5,48,16.8,96,-1.6,1034.5,0.7,1.0,9,2961.3,0
2022-12-17 15:48:03,5,49,16.8,96,-1.7,1034.5,0.3,1.0,8,2961.3,0
2022-12-17 15:53:03,5,49,16.8,96,-1.6,1034.5,0.0,0.7,12,2961.3,0
2022-12-17 15:58:03,5,49,16.7,96,-1.7,1034.5,0.3,1.7,13,2961.3,0
2022-12-17 16:03:03,5,48,16.7,96,-1.8,1034.8,0.3,1.0,11,2961.3,0
2022-12-17 16:08:03,5,49,16.6,96,-1.7,1034.7,0.3,1.0,9,2961.3,0
2022-12-17 16:13:03,5,49,16.6,96,-1.8,1034.8,0.3,1.0,12,2961.3,0
2022-12-17 16:18:03,5,49,16.5,96,-2.0,1034.8,1.0,1.7,9,2961.3,0
2022-12-17 16:23:03,5,48,16.5,96,-1.9,1034.9,0.3,0.7,12,2961.3,0
2022-12-17 16:28:03,5,49,16.4,96,-1.9,1035.0,0.3,0.7,8,2961.3,0
2022-12-17 16:33:03,5,49,16.3,96,-1.9,1035.1,0.0,0.7,11,2961.3,0
2022-12-17 16:38:03,5,50,16.2,97,-1.9,1035.3,0.3,1.0,11,2961.3,0
2022-12-17 16:43:03,5,51,16.2,97,-1.9,1035.5,0.3,1.0,7,2961.3,0
2022-12-17 16:48:03,5,52,16.1,96,-2.0,1035.7,0.3,1.0,10,2961.3,0
2022-12-17 16:53:03,5,53,16.1,97,-2.0,1035.7,0.3,0.7,11,2961.3,0
2022-12-17 16:58:03,5,55,16.1,97,-2.1,1035.6,0.3,1.0,10,2961.3,0
2022-12-17 17:03:03,5,57,16.1,97,-2.1,1035.5,0.3,0.7,8,2961.3,0
2022-12-17 17:08:03,5,59,16.1,97,-2.1,1035.6,0.3,1.0,13,2961.3,0
2022-12-17 17:13:03,5,59,16.1,97,-2.2,1035.7,0.3,0.7,11,2961.3,0
2022-12-17 17:18:03,5,60,16.2,97,-2.2,1035.6,0.3,0.7,10,2961.3,0
2022-12-17 17:23:03,5,60,16.2,97,-2.2,1035.7,0.0,0.0,6,2961.3,0
2022-12-17 17:28:03,5,61,16.2,97,-2.3,1035.7,0.3,1.7,15,2961.3,0
2022-12-17 17:33:03,5,61,16.1,97,-2.3,1035.7,0.3,1.0,11,2961.3,0
2022-12-17 17:38:03,5,61,16.1,97,-2.2,1035.8,0.3,0.7,11,2961.3,0
2022-12-17 17:43:03,5,61,16.1,97,-2.3,1035.9,0.3,1.0,11,2961.3,0
2022-12-17 17:48:03,5,60,16.0,97,-2.5,1035.9,0.3,0.7,12,2961.3,0
2022-12-17 17:53:03,5,60,16.0,97,-2.5,1035.8,0.0,0.7,14,2961.3,0
2022-12-17 17:58:03,5,60,16.0,97,-2.5,1035.9,0.3,1.0,8,2961.3,0
2022-12-17 18:03:03,5,61,15.9,97,-2.6,1035.9,0.3,1.0,4,2961.3,0
2022-12-17 18:08:03,5,62,15.9,97,-2.7,1035.9,0.3,1.0,3,2961.3,0
2022-12-17 18:13:03,5,63,15.8,97,-2.7,1035.9,0.3,1.0,13,2961.3,0
2022-12-17 18:18:03,5,64,15.8,97,-2.7,1035.9,0.3,1.0,13,2961.3,0
2022-12-17 18:23:03,5,64,15.8,97,-2.7,1036.0,0.3,0.7,12,2961.3,0
2022-12-17 18:28:03,5,65,15.8,97,-2.6,1036.0,0.0,0.7,12,2961.3,0
2022-12-17 18:33:03,5,65,15.7,97,-2.8,1036.1,0.3,0.7,11,2961.3,0
2022-12-17 18:38:03,5,65,15.7,97,-2.8,1036.2,0.0,0.7,13,2961.3,0
2022-12-17 18:43:03,5,65,15.7,97,-2.8,1036.2,0.0,0.7,12,2961.3,0
2022-12-17 18:48:03,5,65,15.7,97,-2.9,1036.3,0.0,1.0,9,2961.3,0
2022-12-17 18:53:03,5,66,15.7,97,-2.9,1036.3,0.0,0.7,0,2961.3,0
2022-12-17 18:58:03,5,66,15.6,97,-2.9,1036.6,0.0,0.0,14,2961.3,0
2022-12-17 19:03:03,5,67,15.6,98,-2.9,1036.6,0.0,0.7,13,2961.3,0
2022-12-17 19:08:03,5,67,15.6,98,-3.0,1036.7,0.3,1.0,8,2961.3,0
2022-12-17 19:13:03,5,67,15.6,98,-3.0,1036.5,0.3,1.0,8,2961.3,0
2022-12-17 19:18:03,5,67,15.6,98,-3.0,1036.7,0.0,0.7,9,2961.3,0
2022-12-17 19:23:03,5,68,15.6,97,-3.1,1036.9,0.3,1.0,9,2961.3,0
2022-12-17 19:28:03,5,68,15.6,98,-3.1,1036.9,0.3,1.0,12,2961.3,0
2022-12-17 19:33:03,5,68,15.6,98,-3.2,1036.9,0.0,0.7,10,2961.3,0
2022-12-17 19:38:03,5,67,15.3,98,-3.1,1037.1,0.0,0.0,10,2961.3,0
2022-12-17 19:43:03,5,66,15.2,98,-3.1,1037.2,0.3,0.7,7,2961.3,0
2022-12-17 19:48:03,5,66,15.1,98,-3.3,1037.2,0.7,1.0,10,2961.3,0
2022-12-17 19:53:03,5,66,15.0,98,-3.3,1037.4,0.3,0.7,10,2961.3,0
2022-12-17 19:58:03,5,67,14.9,98,-3.3,1037.3,0.3,0.7,10,2961.3,0
2022-12-17 20:03:03,5,67,14.9,98,-3.3,1037.5,0.3,0.7,6,2961.3,0
2022-12-17 20:08:03,5,67,14.9,98,-3.3,1037.5,0.3,0.7,9,2961.3,0
2022-12-17 20:13:03,5,68,14.4,98,-3.2,1037.5,0.0,1.0,14,2961.3,0
2022-12-17 20:18:03,5,68,14.4,98,-3.3,1037.7,0.0,0.0,3,2961.3,0
2022-12-17 20:23:03,5,69,14.4,98,-3.3,1037.7,0.0,0.0,13,2961.3,0
2022-12-17 20:28:03,5,69,14.4,98,-3.3,1037.4,0.0,0.7,13,2961.3,0
2022-12-17 20:33:03,5,69,14.9,98,-3.4,1037.4,0.7,1.0,11,2961.3,0
2022-12-17 20:38:03,5,68,15.0,98,-3.3,1037.3,0.0,0.7,13,2961.3,0
2022-12-17 20:43:03,5,67,15.1,98,-3.3,1036.9,0.0,0.0,12,2961.3,0
2022-12-17 20:48:03,5,66,15.3,98,-3.3,1036.8,0.0,0.7,5,2961.3,0
2022-12-17 20:53:03,5,66,15.6,98,-3.3,1036.7,0.3,0.7,7,2961.3,0
2022-12-17 20:58:03,5,66,15.7,98,-3.3,1036.5,0.0,0.0,11,2961.3,0
2022-12-17 21:03:03,5,65,15.7,98,-3.3,1036.5,0.0,0.7,11,2961.3,0
2022-12-17 21:08:03,5,65,15.8,98,-3.3,1036.5,0.0,0.7,10,2961.3,0
2022-12-17 21:13:03,5,64,15.8,98,-3.3,1036.5,0.0,0.7,8,2961.3,0
2022-12-17 21:18:03,5,64,15.9,98,-3.2,1036.5,0.3,0.7,12,2961.3,0
2022-12-17 21:23:03,5,64,15.9,98,-3.2,1036.6,0.0,0.7,9,2961.3,0
2022-12-17 21:28:03,5,64,15.9,98,-3.2,1036.6,0.3,1.0,8,2961.3,0
2022-12-17 21:33:03,5,64,15.9,98,-3.2,1036.7,0.7,1.7,10,2961.3,0
2022-12-17 21:38:03,5,64,15.8,98,-3.1,1036.9,0.0,0.0,12,2961.3,0
2022-12-17 21:43:03,5,64,15.8,98,-3.2,1036.8,0.7,1.0,11,2961.3,0
2022-12-17 21:48:03,5,64,15.8,98,-3.2,1037.1,0.0,0.0,5,2961.3,0
2022-12-17 21:53:03,5,64,15.7,98,-3.2,1037.1,0.0,0.7,10,2961.3,0
2022-12-17 21:58:03,5,64,15.7,98,-3.2,1037.3,0.0,0.7,11,2961.3,0
2022-12-17 22:03:03,5,64,15.6,98,-3.2,1037.5,0.3,1.7,12,2961.3,0
2022-12-17 22:08:03,5,64,15.6,98,-3.2,1037.4,0.0,0.7,10,2961.3,0
2022-12-17 22:13:03,5,64,15.6,98,-3.2,1037.4,0.3,1.0,7,2961.3,0
2022-12-17 22:18:03,5,64,15.5,98,-3.2,1037.5,0.3,0.7,8,2961.3,0
2022-12-17 22:23:03,5,64,15.3,98,-3.2,1037.5,0.3,0.7,5,2961.3,0
2022-12-17 22:28:03,5,64,15.2,98,-3.2,1037.7,0.3,0.7,9,2961.3,0
2022-12-17 22:33:03,5,64,15.2,98,-3.2,1037.7,0.3,1.0,9,2961.3,0
2022-12-17 22:38:03,5,64,15.1,98,-3.2,1037.7,0.7,1.7,12,2961.3,0
2022-12-17 22:43:03,5,64,15.0,98,-3.2,1037.8,0.3,1.0,11,2961.3,0
2022-12-17 22:48:03,5,65,14.9,98,-3.3,1037.8,0.0,0.7,11,2961.3,0
2022-12-17 22:53:03,5,65,14.9,98,-3.3,1037.8,0.3,0.7,10,2961.3,0
2022-12-17 22:58:03,5,65,14.9,98,-3.3,1037.9,0.3,0.7,9,2961.3,0
2022-12-17 23:03:03,5,65,14.9,98,-3.4,1037.9,0.3,1.0,8,2961.3,0
2022-12-17 23:08:03,5,65,14.9,98,-3.3,1038.1,0,0,6,2961.3,0
2022-12-17 23:13:03,5,65,14.4,98,-3.3,1038.2,0,0,11,2961.3,0
2022-12-17 23:18:03,5,65,14.4,98,-3.3,1037.9,0,0.7,13,2961.3,0
2022-12-17 23:23:03,5,65,14.4,98,-3.4,1038.1,0.7,1.0,11,2961.3,0
2022-12-17 23:28:03,5,64,14.4,98,-3.4,1038.2,0,0.7,11,2961.3,0
2022-12-17 23:33:03,5,65,14.4,98,-3.5,1038.4,0,0,12,2961.3,0
2022-12-17 23:38:03,5,65,14.4,98,-3.4,1038.5,0,0,10,2961.3,0
2022-12-17 23:43:03,5,65,14.4,98,-3.4,1038.3,0,0,8,2961.3,0
2022-12-17 23:48:03,5,65,14.4,98,-3.4,1038.1,0,0.7,10,2961.3,0
2022-12-17 23:53:03,5,65,14.4,98,-3.4,1038.0,0,0,12,2961.3,0
2022-12-17 23:58:03,5,64,14.4,98,-3.4,1038.1,0,0,14,2961.3,0
