2022-12-02 00:03:03,5,70,15.9,98,3.5,1035.6,0.3,1.0,14,2948.7,0
2022-12-02 00:08:03,5,70,15.8,98,3.5,1035.5,0.0,0.0,14,2948.7,0
2022-12-02 00:13:03,5,70,15.8,98,3.4,1035.4,0.0,0.0,15,2948.7,0
2022-12-02 00:18:03,5,70,15.8,98,3.4,1035.4,0.0,0.0,1,2948.7,0
2022-12-02 00:23:03,5,70,15.8,98,3.5,1035.4,0.0,0.7,0,2948.7,0
2022-12-02 00:28:03,5,70,15.7,98,3.5,1035.4,0.0,0.0,15,2948.7,0
2022-12-02 00:33:03,5,70,15.7,98,3.5,1035.5,0.0,0.0,0,2948.7,0
2022-12-02 00:38:03,5,70,15.7,98,3.5,1035.4,0.0,0.0,0,2948.7,0
2022-12-02 00:43:03,5,70,15.7,98,3.5,1035.4,0.0,0.7,14,2948.7,0
2022-12-02 00:48:03,5,70,15.6,98,3.5,1035.4,0.0,0.0,14,2948.7,0
2022-12-02 00:53:03,5,70,15.6,98,3.5,1035.4,0.0,0.0,1,2948.7,0
2022-12-02 00:58:03,5,70,15.6,98,3.6,1035.4,0.0,0.7,15,2948.7,0
2022-12-02 01:03:03,5,70,15.6,98,3.5,1035.4,0.0,0.0,1,2948.7,0
2022-12-02 01:08:03,5,70,15.6,98,3.5,1035.4,0.0,0.0,1,2948.7,0
2022-12-02 01:13:03,5,70,15.6,98,3.6,1035.4,0.0,0.0,14,2948.7,0
2022-12-02 01:18:03,5,70,15.5,98,3.7,1035.4,0.0,0.0,15,2948.7,0
2022-12-02 01:23:03,5,70,15.5,98,3.7,1035.5,0.0,0.7,14,2948.7,0
2022-12-02 01:28:03,5,70,15.5,98,3.7,1035.5,0.0,0.0,15,2948.7,0
2022-12-02 01:33:03,5,70,15.5,98,3.7,1035.5,0.0,0.7,13,2948.7,0
2022-12-02 01:38:03,5,70,15.5,98,3.8,1035.5,0.0,0.7,14,2948.7,0
2022-12-02 01:43:03,5,70,15.3,98,3.8,1035.4,0.0,0.0,13,2948.7,0
2022-12-02 01:48:03,5,70,15.5,98,3.8,1035.4,0.0,0.0,3,2948.7,0
2022-12-02 01:53:03,5,70,15.3,98,3.8,1035.5,0.0,0.0,2,2948.7,0
2022-12-02 01:58:03,5,70,15.3,98,3.8,1035.5,0.0,0.0,0,2948.7,0
2022-12-02 02:03:03,5,70,15.2,98,3.9,1035.5,0.3,0.7,1,2948.7,0
2022-12-02 02:08:03,5,70,15.2,98,3.9,1035.6,0.3,1.0,13,2948.7,0
2022-12-02 02:13:03,5,70,15.2,98,3.8,1035.6,0.0,0.0,15,2948.7,0
2022-12-02 02:18:03,5,70,15.2,98,3.8,1035.6,0.0,0.0,1,2948.7,0
2022-12-02 02:23:03,5,70,15.2,98,3.8,1035.6,0.0,0.0,1,2948.7,0
2022-12-02 02:28:03,5,70,15.1,98,3.8,1035.6,0.0,0.0,2,2948.7,0
2022-12-02 02:33:03,5,70,15.1,98,3.8,1035.6,0.0,0.7,14,2948.7,0
2022-12-02 02:38:03,5,70,15.1,98,3.7,1035.4,0.0,0.0,13,2948.7,0
2022-12-02 02:43:03,5,70,15.1,98,3.8,1035.4,0.0,0.7,14,2948.7,0
2022-12-02 02:48:03,5,70,15.1,98,3.8,1035.3,0.3,1.0,13,2948.7,0
2022-12-02 02:53:03,5,70,15.1,98,3.7,1035.3,0.0,0.0,15,2948.7,0
2022-12-02 02:58:03,5,70,15.0,98,3.7,1035.3,0.0,0.0,14,2948.7,0
2022-12-02 03:03:03,5,70,15.0,98,3.7,1035.2,0.3,1.0,14,2948.7,0
2022-12-02 03:08:03,5,70,15.0,97,3.7,1035.1,0.0,0.7,0,2948.7,0
2022-12-02 03:13:03,5,70,15.0,97,3.7,1035.3,0.3,0.7,13,2948.7,0
2022-12-02 03:18:03,5,70,15.0,97,3.7,1035.2,0.0,0.7,0,2948.7,0
2022-12-02 03:23:03,5,70,15.0,97,3.7,1035.1,0.0,0.0,4,2948.7,0
2022-12-02 03:28:03,5,70,15.0,97,3.7,1035.1,0.7,1.7,2,2948.7,0
2022-12-02 03:33:03,5,71,14.9,97,3.7,1035.2,0.3,0.7,3,2948.7,0
2022-12-02 03:38:03,5,71,14.9,97,3.7,1035.1,0.3,1.0,3,2948.7,0
2022-12-02 03:43:03,5,71,14.9,97,3.7,1035.2,0.7,1.0,13,2948.7,0
2022-12-02 03:48:03,5,71,14.9,97,3.7,1035.2,0.3,1.0,15,2948.7,0
2022-12-02 03:53:03,5,71,14.9,97,3.8,1035.2,0.3,1.0,15,2948.7,0
2022-12-02 03:58:03,5,71,14.9,97,3.8,1035.2,0.0,0.7,3,2948.7,0
2022-12-02 04:03:03,5,71,14.9,97,3.8,1035.0,0.0,0.0,14,2948.7,0
2022-12-02 04:08:03,5,71,14.9,97,3.8,1035.0,0.3,1.0,13,2948.7,0
2022-12-02 04:13:03,5,71,14.9,96,3.8,1035.0,0.3,1.0,4,2948.7,0
2022-12-02 04:18:03,5,71,14.9,96,3.8,1035.0,0.3,1.0,14,2948.7,0
2022-12-02 04:23:03,5,71,14.9,96,3.8,1035.0,0.0,0.7,1,2948.7,0
2022-12-02 04:28:03,5,71,14.9,96,3.8,1035.1,0.3,0.7,4,2948.7,0
2022-12-02 04:33:03,5,71,14.9,96,3.7,1035.0,0.3,1.7,1,2948.7,0
2022-12-02 04:38:03,5,71,14.9,96,3.7,1035.0,1.0,2.0,4,2948.7,0
2022-12-02 04:43:03,5,71,14.9,95,3.7,1034.9,0.7,2.7,15,2948.7,0
2022-12-02 04:48:03,5,71,14.9,95,3.7,1034.9,0.7,1.7,12,2948.7,0
2022-12-02 04:53:03,5,71,14.9,95,3.8,1035.0,0.0,0.0,4,2948.7,0
2022-12-02 04:58:03,5,70,14.9,94,3.7,1035.0,0.3,1.7,13,2948.7,0
2022-12-02 05:03:03,5,70,14.4,94,3.6,1035.1,0.7,2.0,3,2948.7,0
2022-12-02 05:08:03,5,69,14.9,93,3.6,1035.0,0.7,1.7,1,2948.7,0
2022-12-02 05:13:03,5,69,14.4,92,3.6,1035.0,0.0,1.0,11,2948.7,0
2022-12-02 05:18:03,5,69,14.4,92,3.6,1035.0,0.3,1.0,1,2948.7,0
2022-12-02 05:23:03,5,68,14.4,91,3.6,1035.1,0.3,1.7,14,2948.7,0
2022-12-02 05:28:03,5,68,14.4,91,3.6,1034.9,0.0,0.7,3,2948.7,0
2022-12-02 05:33:03,5,69,14.4,91,3.7,1034.9,0.0,0.0,3,2948.7,0
2022-12-02 05:38:03,5,69,14.4,91,3.6,1035.0,0.0,0.0,4,2948.7,0
2022-12-02 05:43:03,5,69,14.4,91,3.6,1035.0,0.3,0.7,11,2948.7,0
2022-12-02 05:48:03,5,69,14.4,91,3.6,1035.1,0.3,0.7,4,2948.7,0
2022-12-02 05:53:03,5,68,14.4,91,3.6,1035.0,0.3,0.7,10,2948.7,0
2022-12-02 05:58:03,5,69,14.4,91,3.6,1035.0,0.3,1.0,14,2948.7,0
2022-12-02 06:03:03,5,68,14.4,91,3.6,1034.9,0.0,0.7,14,2948.7,0
2022-12-02 06:08:03,5,68,14.4,91,3.6,1035.1,0.3,1.0,13,2948.7,0
2022-12-02 06:13:03,5,68,14.4,91,3.6,1035.1,0.7,2.0,12,2948.7,0
2022-12-02 06:18:03,5,68,14.4,92,3.6,1035.1,0.7,1.7,11,2948.7,0
2022-12-02 06:23:03,5,68,14.4,92,3.6,1035.0,0.0,0.7,10,2948.7,0
2022-12-02 06:28:03,5,68,14.4,92,3.6,1035.1,0.3,1.0,11,2948.7,0
2022-12-02 06:33:03,5,68,14.4,92,3.6,1035.0,0.3,1.7,12,2948.7,0
2022-12-02 06:38:03,5,69,14.4,92,3.6,1034.9,0.0,0.0,1,2948.7,0
2022-12-02 06:43:03,5,69,14.4,92,3.5,1034.9,0.0,0.0,4,2948.7,0
2022-12-02 06:48:03,5,69,14.4,92,3.5,1035.0,0.7,1.0,7,2948.7,0
2022-12-02 06:53:03,5,69,14.4,92,3.5,1034.9,0.3,1.0,1,2948.7,0
2022-12-02 06:58:03,5,69,14.4,92,3.5,1034.9,0.0,0.7,14,2948.7,0
2022-12-02 07:03:03,5,69,14.4,93,3.5,1034.9,0.0,0.7,12,2948.7,0
2022-12-02 07:08:03,5,70,14.4,93,3.4,1034.9,0.3,1.0,10,2948.7,0
2022-12-02 07:13:03,5,71,14.4,93,3.5,1034.9,0.3,1.0,7,2948.7,0
2022-12-02 07:18:03,5,71,14.4,93,3.4,1034.8,1.0,2.0,7,2948.7,0
2022-12-02 07:23:03,5,71,14.9,93,3.4,1034.7,0.0,0.7,5,2948.7,0
2022-12-02 07:28:03,5,72,14.9,93,3.4,1034.6,0.7,2.7,13,2948.7,0
2022-12-02 07:33:03,5,72,15.3,93,3.4,1034.4,0.3,0.7,7,2948.7,0
2022-12-02 07:38:03,5,72,15.8,93,3.4,1034.0,0.3,1.0,6,2948.7,0
2022-12-02 07:43:03,5,70,16.2,93,3.4,1033.8,0.7,1.7,14,2948.7,0
2022-12-02 07:48:03,5,69,16.5,93,3.3,1033.3,0.7,1.7,12,2948.7,0
2022-12-02 07:53:03,5,68,16.8,92,3.2,1033.0,0.7,2.7,4,2948.7,0
2022-12-02 07:58:03,5,64,17.1,92,3.1,1032.7,0.3,1.7,2,2948.7,0
2022-12-02 08:03:03,5,63,17.4,91,3.1,1032.5,0.3,1.0,2,2948.7,0
2022-12-02 08:08:03,5,62,17.5,91,3.2,1032.4,0.3,1.0,6,2948.7,0
2022-12-02 08:13:03,5,61,17.6,91,3.2,1032.2,0.3,0.7,11,2948.7,0
2022-12-02 08:18:03,5,61,17.7,91,3.2,1032.1,0.0,0.7,14,2948.7,0
2022-12-02 08:23:03,5,61,17.7,91,3.2,1032.1,0.3,1.0,5,2948.7,0
2022-12-02 08:28:03,5,60,17.7,90,3.2,1032.1,0.3,0.7,10,2948.7,0
2022-12-02 08:33:01,5,61,17.7,90,3.3,1032.1,0.3,1.0,6,2948.7,0
2022-12-02 08:38:01,5,60,17.7,90,3.2,1032.1,1.4,2.7,14,2948.7,0
2022-12-02 08:43:01,5,60,17.7,90,3.2,1032.3,0.7,1.7,10,2948.7,0
2022-12-02 08:48:01,5,60,17.7,90,3.2,1032.2,0.3,0.7,11,2948.7,0
2022-12-02 08:53:01,5,59,17.6,90,3.2,1032.2,0.7,1.7,5,2948.7,0
2022-12-02 08:58:01,5,60,17.6,90,3.2,1032.3,1.0,2.0,5,2948.7,0
2022-12-02 09:03:01,5,59,17.5,90,3.2,1032.3,0.3,1.0,2,2948.7,0
2022-12-02 09:08:01,5,59,17.4,90,3.2,1032.3,0.0,0.7,12,2948.7,0
2022-12-02 09:13:01,5,59,17.3,90,3.2,1032.6,1.0,2.7,15,2948.7,0
2022-12-02 09:18:01,5,59,17.1,90,3.2,1032.8,0.3,1.0,3,2948.7,0
2022-12-02 09:23:01,5,60,17.1,90,3.2,1032.8,0.3,1.0,3,2948.7,0
2022-12-02 09:28:01,5,60,17.0,90,3.3,1033.1,0.3,1.7,5,2948.7,0
2022-12-02 09:33:01,5,61,17.0,90,3.2,1033.1,0.3,0.7,4,2948.7,0
2022-12-02 09:38:01,5,62,16.9,90,3.2,1033.0,0.3,0.7,6,2948.7,0
2022-12-02 09:43:01,5,62,17.0,90,3.3,1032.9,0.7,1.7,14,2948.7,0
2022-12-02 09:48:01,5,61,17.0,90,3.3,1032.9,0.3,1.0,7,2948.7,0
2022-12-02 09:53:01,5,61,17.1,90,3.3,1032.8,0.3,1.0,6,2948.7,0
2022-12-02 09:58:01,5,62,17.2,90,3.4,1032.7,0.3,0.7,4,2948.7,0
2022-12-02 10:03:01,5,62,17.3,90,3.5,1032.6,0.7,1.7,6,2948.7,0
2022-12-02 10:08:01,5,62,17.3,90,3.4,1032.6,0.3,1.0,9,2948.7,0
2022-12-02 10:13:01,5,62,17.4,90,3.5,1032.4,0.3,1.0,3,2948.7,0
2022-12-02 10:18:01,5,63,17.4,90,3.5,1032.2,0.7,1.0,12,2948.7,0
2022-12-02 10:23:01,5,63,17.5,90,3.5,1032.2,0.3,1.0,15,2948.7,0
2022-12-02 10:28:01,5,64,17.5,90,3.6,1032.0,0.7,1.0,0,2948.7,0
2022-12-02 10:33:01,5,64,17.7,90,3.5,1031.8,0.7,1.7,15,2948.7,0
2022-12-02 10:38:01,5,64,17.9,90,3.6,1031.5,0.0,0.7,12,2948.7,0
2022-12-02 10:43:01,5,64,18.2,90,3.6,1031.2,0.3,0.7,4,2948.7,0
2022-12-02 10:48:01,5,63,18.5,90,3.5,1030.9,1.0,2.0,2,2948.7,0
2022-12-02 10:53:01,5,62,18.6,90,3.5,1030.8,0.3,1.0,10,2948.7,0
2022-12-02 10:58:01,5,61,18.7,90,3.6,1030.6,0.0,0.7,1,2948.7,0
2022-12-02 11:03:01,5,60,18.8,90,3.5,1030.6,0.7,1.0,15,2948.7,0
2022-12-02 11:08:01,5,59,19.8,90,3.5,1030.3,0.3,0.7,1,2948.7,0
2022-12-02 11:13:01,5,61,19.8,90,3.7,1030.2,0.7,1.7,14,2948.7,0
2022-12-02 11:18:01,5,60,20.0,90,3.8,1030.3,0.7,1.0,1,2948.7,0
2022-12-02 11:23:01,5,57,20.0,90,3.8,1030.2,1.0,3.1,15,2948.7,0
2022-12-02 11:28:01,5,58,19.9,89,3.6,1030.1,1.4,2.7,7,2948.7,0
2022-12-02 11:33:01,5,54,18.9,89,3.6,1030.3,1.0,2.0,4,2948.7,0
2022-12-02 11:38:01,5,53,18.6,89,3.6,1030.4,0.7,2.0,0,2948.7,0
2022-12-02 11:43:01,5,58,18.5,89,3.6,1030.5,0.3,0.7,0,2948.7,0
2022-12-02 11:48:01,5,59,18.5,89,3.6,1030.7,0.7,1.7,13,2948.7,0
2022-12-02 11:53:01,5,59,18.4,89,3.5,1030.8,0.7,1.0,5,2948.7,0
2022-12-02 11:58:01,5,58,18.3,89,3.6,1030.6,0.3,1.7,3,2948.7,0
2022-12-02 12:03:01,5,59,18.2,89,3.6,1030.8,0.3,1.7,0,2948.7,0
2022-12-02 12:08:01,5,58,18.1,88,3.5,1030.9,0.7,1.7,12,2948.7,0
2022-12-02 12:13:01,5,60,18.1,89,3.6,1031.1,0.3,1.0,4,2948.7,0
2022-12-02 12:18:01,5,60,18.0,89,3.5,1030.9,0.3,1.0,5,2948.7,0
2022-12-02 12:23:01,5,60,17.9,89,3.4,1031.0,1.4,3.1,13,2948.7,0
2022-12-02 12:28:01,5,60,17.9,89,3.4,1031.0,0.0,0.7,11,2948.7,0
2022-12-02 12:33:01,5,60,17.8,89,3.5,1031.1,0.3,1.0,6,2948.7,0
2022-12-02 12:38:01,5,54,17.6,89,3.5,1031.2,0.7,1.0,9,2948.7,0
2022-12-02 12:43:01,5,53,17.4,89,3.4,1031.4,0.3,1.0,14,2948.7,0
2022-12-02 12:48:01,5,58,17.3,89,3.2,1031.4,0.7,2.0,11,2948.7,0
2022-12-02 12:53:01,5,59,17.2,89,3.3,1031.6,0.7,1.7,13,2948.7,0
2022-12-02 12:58:01,5,60,17.1,89,3.2,1031.6,0.7,2.0,14,2948.7,0
2022-12-02 13:03:01,5,60,17.1,89,3.3,1031.6,0.3,0.7,4,2948.7,0
2022-12-02 13:08:01,5,60,17.1,89,3.1,1031.6,0.7,1.7,6,2948.7,0
2022-12-02 13:13:01,5,60,17.1,90,3.2,1031.8,1.0,1.7,5,2948.7,0
2022-12-02 13:18:01,5,60,17.0,90,3.1,1031.7,0.7,2.0,13,2948.7,0
2022-12-02 13:23:01,5,61,17.0,90,3.1,1031.7,0.3,1.0,14,2948.7,0
2022-12-02 13:28:01,5,61,17.0,90,3.2,1031.9,0.3,1.7,9,2948.7,0
2022-12-02 13:33:01,5,62,16.9,90,3.3,1031.8,0.0,0.7,13,2948.7,0
2022-12-02 13:38:01,5,61,16.9,90,3.3,1031.7,0.3,0.7,5,2948.7,0
2022-12-02 13:43:01,5,61,16.8,90,3.2,1031.7,0.7,1.7,13,2948.7,0
2022-12-02 13:48:01,5,61,16.8,90,3.2,1031.8,0.7,1.0,14,2948.7,0
2022-12-02 13:53:01,5,62,16.7,90,3.2,1031.7,0.7,1.0,3,2948.7,0
2022-12-02 13:58:01,5,62,16.7,90,3.1,1031.7,0.7,1.7,14,2948.7,0
2022-12-02 14:03:01,5,62,16.7,89,3.1,1031.9,0.7,1.7,11,2948.7,0
2022-12-02 14:08:01,5,62,16.6,89,3.2,1032.0,1.0,2.0,4,2948.7,0
2022-12-02 14:13:01,5,61,16.6,89,3.1,1032.0,0.7,1.0,3,2948.7,0
2022-12-02 14:18:01,5,61,16.5,88,3.0,1032.2,0.7,2.0,14,2948.7,0
2022-12-02 14:23:01,5,61,16.5,88,3.0,1032.2,0.7,1.7,12,2948.7,0
2022-12-02 14:28:01,5,62,16.5,88,3.0,1032.3,0.7,1.7,11,2948.7,0
2022-12-02 14:33:01,5,61,16.4,87,3.0,1032.1,0.7,1.7,3,2948.7,0
2022-12-02 14:38:01,5,62,16.4,88,3.0,1032.3,0.0,0.0,6,2948.7,0
2022-12-02 14:43:01,5,62,16.3,88,3.1,1032.3,0.7,1.7,2,2948.7,0
2022-12-02 14:48:01,5,62,16.3,88,3.2,1032.3,1.0,2.7,15,2948.7,0
2022-12-02 14:53:01,5,63,16.2,88,3.1,1032.4,0.3,1.0,13,2948.7,0
2022-12-02 14:58:01,5,61,16.2,88,3.0,1032.3,0.0,1.0,12,2948.7,0
2022-12-02 15:03:01,5,61,16.2,88,3.1,1032.4,0.3,1.7,1,2948.7,0
2022-12-02 15:08:01,5,62,16.2,88,3.0,1032.5,1.0,2.0,13,2948.7,0
2022-12-02 15:13:01,5,62,16.2,88,3.0,1032.4,0.7,2.7,14,2948.7,0
2022-12-02 15:18:01,5,62,16.2,89,2.9,1032.4,0.7,2.0,12,2948.7,0
2022-12-02 15:23:01,5,63,16.3,89,2.9,1032.5,0.7,1.0,8,2948.7,0
2022-12-02 15:28:01,5,62,16.3,89,2.9,1032.6,1.0,2.7,10,2948.7,0
2022-12-02 15:33:01,5,62,16.3,89,2.9,1032.6,0.7,1.7,6,2948.7,0
2022-12-02 15:38:01,5,62,16.2,89,3.0,1032.7,0.7,2.7,15,2948.7,0
2022-12-02 15:43:01,5,62,16.2,90,3.0,1032.8,0.7,2.7,3,2948.7,0
2022-12-02 15:48:01,5,62,16.2,90,3.0,1032.9,0.7,2.0,8,2948.7,0
2022-12-02 15:53:01,5,62,16.2,90,2.9,1033.0,1.0,2.7,12,2948.7,0
2022-12-02 15:58:01,5,61,16.1,90,2.9,1033.0,1.0,2.0,5,2948.7,0
2022-12-02 16:03:01,5,58,16.0,90,2.8,1033.0,1.0,3.1,11,2948.7,0
2022-12-02 16:08:01,5,58,15.8,89,2.9,1033.3,0.3,1.0,1,2948.7,0
2022-12-02 16:13:01,5,58,15.7,90,2.9,1033.3,0.3,1.0,4,2948.7,0
2022-12-02 16:18:01,5,58,15.6,90,2.8,1033.5,1.4,2.0,13,2948.7,0
2022-12-02 16:23:01,5,58,15.2,90,2.8,1033.7,0.7,1.0,7,2948.7,0
2022-12-02 16:28:01,5,59,15.1,90,2.7,1033.8,1.0,2.7,5,2948.7,0
2022-12-02 16:33:01,5,59,15.0,90,2.8,1033.9,1.0,2.0,6,2948.7,0
2022-12-02 16:38:01,5,61,14.9,90,2.7,1034.0,1.0,2.0,11,2948.7,0
2022-12-02 16:43:01,5,61,14.9,90,2.7,1034.0,1.4,2.7,4,2948.7,0
2022-12-02 16:48:01,5,60,14.9,90,2.7,1034.0,0.7,1.7,3,2948.7,0
2022-12-02 16:53:01,5,60,14.9,90,2.7,1034.3,1.0,2.7,15,2948.7,0
2022-12-02 16:58:01,5,59,14.4,91,2.7,1034.2,0.3,1.0,11,2948.7,0
2022-12-02 17:03:01,5,60,14.4,90,2.6,1034.3,2.0,5.1,12,2948.7,0
2022-12-02 17:08:01,5,61,14.4,91,2.6,1034.4,0.7,2.7,1,2948.7,0
2022-12-02 17:13:01,5,61,14.4,91,2.6,1034.5,1.0,2.0,4,2948.7,0
2022-12-02 17:18:01,5,61,14.4,91,2.6,1034.8,0.3,1.0,9,2948.7,0
2022-12-02 17:23:01,5,68,14.4,91,2.6,1034.6,0.7,2.0,10,2948.7,0
2022-12-02 17:28:01,5,70,14.9,90,2.5,1034.4,1.4,2.7,0,2948.7,0
2022-12-02 17:33:01,5,70,15.2,90,2.6,1034.2,0.7,1.7,10,2948.7,0
2022-12-02 17:38:01,5,69,15.5,90,2.6,1034.1,0.7,1.7,9,2948.7,0
2022-12-02 17:43:01,5,69,15.7,90,2.6,1033.9,1.0,2.0,13,2948.7,0
2022-12-02 17:48:01,5,69,15.8,90,2.7,1033.8,0.3,1.0,9,2948.7,0
2022-12-02 17:53:01,5,69,15.9,90,2.6,1033.6,0.7,1.7,8,2948.7,0
2022-12-02 17:58:01,5,67,16.0,90,2.6,1033.6,0.7,2.7,5,2948.7,0
2022-12-02 18:03:01,5,65,16.1,90,2.6,1033.7,0.7,1.7,3,2948.7,0
2022-12-02 18:08:01,5,66,16.1,89,2.5,1033.6,0.7,1.7,0,2948.7,0
2022-12-02 18:13:01,5,66,16.1,89,2.5,1033.6,0.3,1.0,14,2948.7,0
2022-12-02 18:18:01,5,65,16.2,89,2.5,1033.5,0.7,1.7,12,2948.7,0
2022-12-02 18:23:01,5,65,16.1,89,2.5,1033.6,0.7,3.1,3,2948.7,0
2022-12-02 18:28:01,5,64,16.1,89,2.5,1033.5,0.7,1.0,4,2948.7,0
2022-12-02 18:33:01,5,64,16.1,89,2.5,1033.7,0.3,2.7,2,2948.7,0
2022-12-02 18:38:01,5,64,16.1,89,2.5,1033.6,0.7,1.0,5,2948.7,0
2022-12-02 18:43:01,5,63,16.1,89,2.5,1033.7,0.0,0.7,10,2948.7,0
2022-12-02 18:48:01,5,63,16.1,89,2.5,1033.7,0.7,3.1,1,2948.7,0
2022-12-02 18:53:01,5,63,16.0,88,2.5,1033.7,0.7,1.0,13,2948.7,0
2022-12-02 18:58:01,5,63,16.0,88,2.5,1033.7,0.3,0.7,2,2948.7,0
2022-12-02 19:03:01,5,64,15.9,88,2.6,1033.8,0.0,0.7,3,2948.7,0
2022-12-02 19:08:01,5,64,15.9,87,2.6,1033.8,1.4,3.1,9,2948.7,0
2022-12-02 19:13:01,5,63,15.8,87,2.6,1033.8,0.7,2.7,12,2948.7,0
2022-12-02 19:18:01,5,62,15.8,87,2.6,1033.7,0.7,1.7,3,2948.7,0
2022-12-02 19:23:01,5,63,15.7,87,2.6,1033.7,0.0,0.7,6,2948.7,0
2022-12-02 19:28:01,5,65,15.7,87,2.6,1033.7,0.3,1.7,1,2948.7,0
2022-12-02 19:33:01,5,65,15.8,87,2.6,1033.7,0.3,1.0,9,2948.7,0
2022-12-02 19:38:01,5,66,15.9,87,2.7,1033.5,0.3,1.0,5,2948.7,0
2022-12-02 19:43:01,5,65,15.9,87,2.6,1033.4,0.7,1.0,6,2948.7,0
2022-12-02 19:48:01,5,64,16.1,87,2.6,1033.5,0.3,1.7,9,2948.7,0
2022-12-02 19:53:01,5,64,16.2,87,2.7,1033.3,0.3,0.7,11,2948.7,0
2022-12-02 19:58:01,5,64,16.3,87,2.7,1033.2,0.3,1.0,0,2948.7,0
2022-12-02 20:03:01,5,63,16.3,87,2.6,1033.1,1.0,2.0,13,2948.7,0
2022-12-02 20:08:01,5,63,16.4,87,2.7,1033.1,0.3,1.0,10,2948.7,0
2022-12-02 20:13:01,5,64,16.4,88,2.7,1033.0,0.3,0.7,9,2948.7,0
2022-12-02 20:18:01,5,63,16.4,87,2.6,1033.0,1.0,2.0,1,2948.7,0
2022-12-02 20:23:01,5,63,16.5,87,2.6,1033.1,0.7,2.0,3,2948.7,0
2022-12-02 20:28:01,5,63,16.5,87,2.6,1033.0,0.3,0.7,2,2948.7,0
2022-12-02 20:33:01,5,62,16.5,87,2.6,1033.0,0.7,1.7,11,2948.7,0
2022-12-02 20:38:01,5,62,16.4,87,2.6,1033.2,0.7,3.7,13,2948.7,0
2022-12-02 20:43:01,5,62,16.4,87,2.5,1033.0,0.7,1.7,5,2948.7,0
2022-12-02 20:48:01,5,62,16.4,88,2.5,1033.0,1.0,2.7,0,2948.7,0
2022-12-02 20:53:01,5,61,16.4,88,2.4,1033.0,0.7,2.0,4,2948.7,0
2022-12-02 20:58:01,5,61,16.3,88,2.5,1033.0,1.0,1.7,9,2948.7,0
2022-12-02 21:03:01,5,61,16.3,88,2.4,1033.1,1.4,2.7,4,2948.7,0
2022-12-02 21:08:01,5,62,16.2,88,2.4,1033.2,1.0,2.0,13,2948.7,0
2022-12-02 21:13:01,5,62,16.2,87,2.4,1033.2,1.0,3.7,12,2948.7,0
2022-12-02 21:18:01,5,62,16.2,87,2.4,1033.2,0.7,1.7,5,2948.7,0
2022-12-02 21:23:01,5,62,16.1,87,2.3,1033.2,1.7,5.1,5,2948.7,0
2022-12-02 21:28:01,5,62,16.1,87,2.4,1033.3,0.7,1.0,10,2948.7,0
2022-12-02 21:33:01,5,63,16.1,86,2.3,1033.3,0.7,1.7,13,2948.7,0
2022-12-02 21:38:01,5,62,16.1,85,2.3,1033.3,1.0,2.0,10,2948.7,0
2022-12-02 21:43:01,5,62,16.0,85,2.4,1033.1,0.7,1.7,0,2948.7,0
2022-12-02 21:48:01,5,61,16.0,85,2.4,1033.4,0.3,1.7,2,2948.7,0
2022-12-02 21:53:01,5,61,16.0,84,2.3,1033.5,0.7,2.7,11,2948.7,0
2022-12-02 21:58:01,5,62,15.9,84,2.3,1033.5,0.7,2.0,9,2948.7,0
2022-12-02 22:03:01,5,61,15.9,84,2.3,1033.4,1.0,2.0,14,2948.7,0
2022-12-02 22:08:01,5,62,15.9,84,2.3,1033.3,1.0,2.0,6,2948.7,0
2022-12-02 22:13:01,5,62,15.8,85,2.3,1033.4,0.7,1.7,3,2948.7,0
2022-12-02 22:18:01,5,62,15.8,85,2.3,1033.5,0.7,1.7,3,2948.7,0
2022-12-02 22:23:01,5,62,15.8,85,2.3,1033.4,0.3,1.0,12,2948.7,0
2022-12-02 22:28:01,5,63,15.8,85,2.3,1033.4,0.3,1.0,1,2948.7,0
2022-12-02 22:33:01,5,63,15.8,85,2.3,1033.5,0.7,1.7,12,2948.7,0
2022-12-02 22:38:01,5,63,15.8,85,2.3,1033.5,1.4,2.0,3,2948.7,0
2022-12-02 22:43:01,5,61,15.7,85,2.3,1033.5,0.7,1.7,1,2948.7,0
2022-12-02 22:48:01,5,62,15.7,85,2.3,1033.7,1.0,2.0,1,2948.7,0
2022-12-02 22:53:01,5,62,15.7,85,2.3,1033.6,1.0,2.7,3,2948.7,0
2022-12-02 22:58:01,5,62,15.7,85,2.3,1033.7,0.3,1.0,8,2948.7,0
2022-12-02 23:03:01,5,62,15.6,85,2.3,1033.6,1.0,1.7,0,2948.7,0
2022-12-02 23:08:01,5,62,15.6,85,2.3,1033.6,0.7,1.7,5,2948.7,0
2022-12-02 23:13:01,5,61,15.6,85,2.3,1033.7,1.0,3.1,3,2948.7,0
2022-12-02 23:18:01,5,62,15.6,85,2.3,1033.6,0.3,1.0,4,2948.7,0
2022-12-02 23:23:01,5,62,15.6,85,2.3,1033.6,0,0.7,13,2948.7,0
2022-12-02 23:28:01,5,62,15.6,85,2.3,1033.6,0.7,1.0,3,2948.7,0
2022-12-02 23:33:01,5,62,15.5,85,2.2,1033.6,0.7,2.7,13,2948.7,0
2022-12-02 23:38:01,5,62,15.5,85,2.3,1033.5,1.0,1.7,4,2948.7,0
2022-12-02 23:43:01,5,62,15.6,85,2.2,1033.5,1.0,3.1,10,2948.7,0
2022-12-02 23:48:01,5,62,15.6,85,2.2,1033.4,0.7,2.0,10,2948.7,0
2022-12-02 23:53:01,5,62,15.6,85,2.2,1033.3,0.7,1.7,14,2948.7,0
2022-12-02 23:58:01,5,61,15.6,85,2.2,1033.4,1.0,2.0,1,2948.7,0
