2018-03-15 00:04:00,5,52,18.9,71,5.5,1008.1,1.0,2.0,6,18.3,0
2018-03-15 00:09:00,5,52,18.9,72,5.4,1008.0,0.7,1.7,4,18.3,0
2018-03-15 00:14:00,5,52,18.9,72,5.4,1007.8,2.0,3.7,14,18.3,0
2018-03-15 00:19:00,5,52,18.8,72,5.4,1007.8,1.0,2.0,8,18.3,0
2018-03-15 00:24:00,5,52,18.8,72,5.4,1007.8,1.4,2.4,0,18.3,0
2018-03-15 00:29:00,5,52,18.8,72,5.4,1007.8,1.0,1.7,14,18.3,0
2018-03-15 00:34:00,5,52,18.8,72,5.4,1007.6,0.7,1.4,6,18.3,0
2018-03-15 00:39:00,5,52,18.8,72,5.4,1007.4,1.7,2.0,8,18.3,0
2018-03-15 00:44:00,5,52,18.6,72,5.4,1007.4,1.4,2.4,10,18.3,0
2018-03-15 00:49:00,5,52,18.6,72,5.4,1007.5,0.7,1.4,10,18.3,0
2018-03-15 00:54:00,5,52,18.5,72,5.3,1007.3,1.4,2.0,0,18.3,0
2018-03-15 00:59:00,5,52,18.4,72,5.3,1007.5,1.4,2.0,2,18.3,0
2018-03-15 01:04:00,5,51,18.4,72,5.3,1007.6,1.7,3.1,4,18.3,0
2018-03-15 01:09:00,5,51,18.3,72,5.4,1007.5,0.7,1.7,0,18.3,0
2018-03-15 01:14:00,5,51,18.3,72,5.3,1007.5,1.7,2.0,0,18.3,0
2018-03-15 01:19:00,5,51,18.2,72,5.3,1007.4,1.4,2.4,4,18.3,0
2018-03-15 01:24:00,5,51,18.2,72,5.3,1007.3,1.0,2.0,2,18.3,0
2018-03-15 01:29:00,5,52,18.1,72,5.3,1007.3,1.4,2.4,0,18.3,0
2018-03-15 01:34:00,5,52,18.1,72,5.3,1007.2,1.4,2.4,6,18.3,0
2018-03-15 01:39:00,5,51,18.0,72,5.3,1007.2,1.0,1.4,5,18.3,0
2018-03-15 01:44:00,5,51,18.0,72,5.3,1007.1,1.4,2.4,2,18.3,0
2018-03-15 01:49:00,5,52,18.0,72,5.3,1007.0,0.7,1.4,0,18.3,0
2018-03-15 01:55:00,5,52,18.0,72,5.2,1006.7,1.0,2.4,2,18.3,0
2018-03-15 01:59:00,5,52,18.0,72,5.2,1006.8,0.7,1.7,6,18.3,0
2018-03-15 02:04:00,5,50,17.9,72,5.2,1006.7,1.4,2.7,2,18.3,0
2018-03-15 02:09:00,5,49,17.9,72,5.2,1006.7,1.4,2.4,4,18.3,0
2018-03-15 02:14:00,5,49,17.9,72,5.2,1006.7,1.4,2.4,2,18.3,0
2018-03-15 02:19:00,5,49,17.9,72,5.1,1006.6,2.4,3.7,8,18.3,0
2018-03-15 02:24:00,5,49,17.9,72,5.0,1006.5,1.7,2.4,0,18.3,0
2018-03-15 02:29:00,5,49,17.9,72,5.0,1006.4,1.4,4.1,14,18.3,0
2018-03-15 02:34:00,5,49,17.9,72,5.0,1006.1,1.0,1.7,12,18.3,0
2018-03-15 02:39:00,5,49,17.9,73,4.9,1006.2,1.7,3.1,11,18.3,0
2018-03-15 02:44:00,5,49,17.9,73,4.8,1006.0,1.7,3.1,8,18.3,0
2018-03-15 02:49:00,5,49,17.9,74,4.8,1005.9,1.4,2.0,2,18.3,0
2018-03-15 02:54:00,5,49,17.9,74,4.7,1005.7,1.4,1.7,12,18.3,0
2018-03-15 02:59:00,5,49,17.9,74,4.7,1005.6,1.0,2.0,14,18.3,0
2018-03-15 03:04:00,5,49,17.8,74,4.7,1005.5,1.4,2.0,6,18.3,0
2018-03-15 03:09:00,5,49,17.7,74,4.6,1005.5,1.0,2.0,0,18.3,0
2018-03-15 03:14:00,5,49,17.7,74,4.6,1005.4,1.4,3.1,4,18.3,0
2018-03-15 03:19:00,5,49,17.7,74,4.6,1005.5,1.4,2.0,2,18.3,0
2018-03-15 03:24:00,5,49,17.7,74,4.6,1005.5,1.4,2.0,13,18.3,0
2018-03-15 03:29:00,5,49,17.7,74,4.6,1005.3,1.0,1.4,0,18.3,0
2018-03-15 03:34:00,5,48,17.7,74,4.6,1005.4,0.7,1.7,6,18.3,0
2018-03-15 03:39:00,5,48,17.6,74,4.6,1005.2,0.7,1.4,12,18.3,0
2018-03-15 03:44:00,5,48,17.6,74,4.5,1005.2,0.7,1.7,6,18.3,0
2018-03-15 03:49:00,5,48,17.6,74,4.5,1005.3,1.4,2.0,4,18.3,0
2018-03-15 03:54:00,5,49,17.6,74,4.6,1005.1,1.0,1.7,8,18.3,0
2018-03-15 03:59:00,5,48,17.7,74,4.6,1005.1,1.0,1.4,14,18.3,0
2018-03-15 04:04:00,5,48,17.9,74,4.5,1004.8,1.0,2.4,4,18.3,0
2018-03-15 04:09:00,5,48,17.9,74,4.4,1004.8,1.7,3.7,6,18.3,0
2018-03-15 04:14:00,5,48,18.0,74,4.5,1004.6,1.0,1.7,4,18.3,0
2018-03-15 04:19:00,5,48,18.0,74,4.5,1004.5,1.0,1.7,12,18.3,0
2018-03-15 04:24:00,5,47,18.1,74,4.5,1004.4,1.0,1.7,14,18.3,0
2018-03-15 04:29:00,5,47,18.1,74,4.5,1004.3,1.4,1.7,4,18.3,0
2018-03-15 04:34:00,5,47,18.0,74,4.5,1004.2,1.4,3.4,2,18.3,0
2018-03-15 04:39:00,5,47,18.0,74,4.6,1004.1,1.4,2.7,8,18.3,0
2018-03-15 04:44:00,5,47,18.0,74,4.6,1004.2,1.7,2.7,4,18.3,0
2018-03-15 04:49:00,5,47,18.0,74,4.7,1004.0,1.7,3.1,6,18.3,0
2018-03-15 04:54:00,5,47,18.0,74,4.7,1004.0,0.0,1.0,12,18.3,0
2018-03-15 04:59:00,5,48,18.2,74,4.8,1003.9,2.0,3.7,4,18.3,0
2018-03-15 05:04:00,5,47,18.5,74,4.9,1003.6,1.7,3.4,2,18.3,0
2018-03-15 05:09:00,5,47,18.8,73,4.9,1003.2,1.0,2.4,6,18.3,0
2018-03-15 05:14:00,5,45,19.1,72,5.0,1002.8,1.4,2.7,8,18.3,0
2018-03-15 05:19:00,5,45,19.5,72,5.0,1002.4,1.4,2.4,6,18.3,0
2018-03-15 05:24:00,5,44,19.8,72,5.1,1002.1,1.4,3.1,14,18.3,0
2018-03-15 05:29:00,5,42,20.1,72,5.1,1001.8,1.7,3.7,4,18.3,0
2018-03-15 05:34:00,5,42,20.2,71,5.1,1001.5,1.4,2.4,12,18.3,0
2018-03-15 05:39:00,5,41,20.4,71,5.1,1001.5,1.4,2.7,8,18.3,0
2018-03-15 05:44:00,5,41,20.5,71,5.1,1001.4,0.7,1.0,4,18.3,0
2018-03-15 05:49:00,5,41,20.5,71,5.1,1001.2,2.0,4.1,4,18.3,0
2018-03-15 05:54:00,5,41,20.6,71,5.1,1001.2,1.7,3.1,8,18.3,0
2018-03-15 05:59:00,5,41,20.6,71,5.1,1001.2,1.0,2.0,15,18.3,0
2018-03-15 06:04:00,5,41,20.5,71,5.2,1001.2,1.0,2.4,10,18.3,0
2018-03-15 06:09:00,5,41,20.5,70,5.2,1001.3,2.0,3.4,2,18.3,0
2018-03-15 06:14:00,5,42,20.5,70,5.2,1001.2,1.4,4.1,4,18.3,0
2018-03-15 06:19:00,5,42,20.5,70,5.2,1001.0,0.7,2.0,4,18.3,0
2018-03-15 06:24:00,5,42,20.6,70,5.2,1001.1,1.7,3.4,10,18.3,0
2018-03-15 06:29:00,5,42,20.7,70,5.2,1000.9,1.7,3.1,6,18.3,0
2018-03-15 06:34:00,5,42,20.7,70,5.2,1000.7,1.7,3.1,10,18.3,0
2018-03-15 06:39:00,5,42,20.8,70,5.2,1000.7,1.4,2.7,6,18.3,0
2018-03-15 06:44:00,5,42,20.9,70,5.2,1000.8,1.7,2.7,14,18.3,0
2018-03-15 06:49:00,5,42,20.9,70,5.2,1000.6,0.7,1.4,2,18.3,0
2018-03-15 06:54:00,5,42,20.9,70,5.4,1000.4,1.0,2.0,14,18.3,0
2018-03-15 06:59:00,5,40,21.0,70,5.7,1000.4,1.0,2.7,6,18.3,0
2018-03-15 07:04:00,5,40,21.2,69,5.8,1000.2,0.3,1.4,4,18.3,0
2018-03-15 07:09:00,5,40,21.3,65,6.6,1000.1,1.7,2.4,4,18.3,0
2018-03-15 07:14:00,5,40,21.6,64,6.9,999.8,1.4,2.4,14,18.3,0
2018-03-15 07:19:00,5,40,21.9,62,7.0,999.8,2.7,4.1,6,18.3,0
2018-03-15 07:24:00,5,38,22.0,63,6.7,999.7,1.0,1.7,6,18.3,0
2018-03-15 07:29:00,5,38,22.0,63,6.6,999.7,1.0,2.0,1,18.3,0
2018-03-15 07:34:00,5,38,21.9,63,6.5,999.7,2.0,5.1,0,18.3,0
2018-03-15 07:39:00,5,38,21.8,64,6.4,999.7,1.4,2.7,8,18.3,0
2018-03-15 07:44:00,5,38,21.7,64,6.5,999.9,1.4,2.0,4,18.3,0
2018-03-15 07:49:00,5,38,21.6,64,6.5,1000.0,1.7,2.7,2,18.3,0
2018-03-15 07:54:00,5,38,21.5,64,6.5,1000.2,1.0,1.4,12,18.3,0
2018-03-15 07:59:00,5,38,21.3,63,6.5,1000.4,0.3,0.7,6,18.3,0
2018-03-15 08:04:00,5,38,21.2,63,6.7,1000.4,1.0,1.7,14,18.3,0
2018-03-15 08:09:00,5,38,21.1,63,6.8,1000.5,1.0,2.0,4,18.3,0
2018-03-15 08:14:00,5,38,21.1,63,6.9,1000.5,0.3,1.0,4,18.3,0
2018-03-15 08:19:00,5,38,21.0,62,7.0,1000.6,1.0,2.7,4,18.3,0
2018-03-15 08:24:00,5,39,20.9,62,7.2,1000.7,3.1,4.8,2,18.3,0
2018-03-15 08:29:00,5,39,20.9,61,7.3,1000.7,1.4,3.1,14,18.3,0
2018-03-15 08:34:00,5,40,20.9,61,7.5,1000.7,1.0,2.0,4,18.3,0
2018-03-15 08:39:00,5,40,20.9,60,7.8,1000.6,0.7,1.4,2,18.3,0
2018-03-15 08:44:00,5,39,21.1,61,8.2,1000.5,1.7,3.7,4,18.3,0
2018-03-15 08:49:00,5,39,21.1,60,8.3,1000.4,0.0,1.0,8,18.3,0
2018-03-15 08:54:00,5,39,21.2,60,8.5,1000.2,0.7,1.7,12,18.3,0
2018-03-15 08:59:00,5,39,21.3,59,8.7,1000.2,1.4,3.1,2,18.3,0
2018-03-15 09:04:00,5,39,21.4,58,8.7,1000.0,1.7,3.4,6,18.3,0
2018-03-15 09:09:00,5,38,21.5,56,9.1,1000.0,1.4,2.0,4,18.3,0
2018-03-15 09:14:00,5,38,21.6,56,9.4,999.7,0.7,1.4,4,18.3,0
2018-03-15 09:19:00,5,38,21.7,56,9.5,999.6,0.7,2.4,8,18.3,0
2018-03-15 09:24:00,5,38,21.7,55,9.6,999.5,0.7,1.7,10,18.3,0
2018-03-15 09:29:00,5,37,21.8,56,9.7,999.5,1.0,3.4,10,18.3,0
2018-03-15 09:34:00,5,37,21.8,55,9.6,999.4,3.1,4.4,0,18.3,0
2018-03-15 09:39:00,5,37,21.7,56,9.2,999.5,1.0,2.0,6,18.3,0
2018-03-15 09:44:00,5,37,21.6,56,9.1,999.6,1.4,3.1,0,18.3,0
2018-03-15 09:49:00,5,37,21.5,56,9.0,999.7,1.0,1.7,6,18.3,0
2018-03-15 09:54:00,5,37,21.5,57,9.6,999.8,1.4,2.4,6,18.3,0
2018-03-15 09:59:00,5,38,21.5,55,10.0,999.7,1.4,2.4,12,18.3,0
2018-03-15 10:04:00,5,38,21.5,54,10.1,999.7,0.7,1.4,2,18.3,0
2018-03-15 10:09:00,5,38,21.5,54,10.2,999.9,0.3,1.4,0,18.3,0
2018-03-15 10:14:00,5,38,21.5,53,10.3,999.9,1.7,2.7,0,18.3,0
2018-03-15 10:19:00,5,37,21.4,54,10.3,999.8,2.0,3.1,13,18.3,0
2018-03-15 10:24:00,5,38,21.3,54,10.2,999.8,1.0,1.4,6,18.3,0
2018-03-15 10:29:00,5,38,21.3,54,10.3,999.8,2.0,3.1,4,18.3,0
2018-03-15 10:34:00,5,38,21.3,54,10.3,999.9,1.7,3.1,14,18.3,0
2018-03-15 10:39:00,5,38,21.2,54,10.4,999.9,1.0,1.7,0,18.3,0
2018-03-15 10:44:00,5,38,21.1,54,10.4,1000.0,1.4,2.0,5,18.3,0
2018-03-15 10:49:00,5,38,21.1,55,10.3,1000.1,0.0,0.3,0,18.3,0
2018-03-15 10:54:00,5,38,21.0,54,10.3,1000.0,0.7,1.4,14,18.3,0
2018-03-15 10:59:00,5,39,20.9,55,10.3,1000.2,1.0,2.0,4,18.3,0
2018-03-15 11:04:00,5,39,20.7,55,10.2,1000.5,0.3,1.0,13,18.3,0
2018-03-15 11:09:00,5,39,20.6,55,10.0,1000.4,0.3,1.0,8,18.3,0
2018-03-15 11:14:00,5,39,20.5,56,10.1,1000.5,1.0,2.0,6,18.3,0
2018-03-15 11:19:00,5,39,20.5,56,10.1,1000.7,1.4,2.7,12,18.3,0
2018-03-15 11:24:00,5,40,20.4,55,10.1,1000.8,0.7,1.7,0,18.3,0
2018-03-15 11:29:00,5,40,20.3,56,10.2,1000.8,1.0,2.0,0,18.3,0
2018-03-15 11:34:00,5,40,20.3,55,10.3,1000.8,1.0,2.4,8,18.3,0
2018-03-15 11:39:00,5,40,20.1,56,10.3,1000.9,1.7,2.7,6,18.3,0
2018-03-15 11:44:00,5,40,20.1,55,10.4,1000.9,0.7,2.4,4,18.3,0
2018-03-15 11:49:00,5,40,20.1,55,10.5,1000.9,0.7,1.4,10,18.3,0
2018-03-15 11:54:00,5,40,20.0,55,10.5,1000.8,1.4,2.0,14,18.3,0
2018-03-15 11:59:00,5,40,20.0,55,10.4,1000.8,1.4,2.4,8,18.3,0
2018-03-15 12:04:00,5,41,19.8,55,10.5,1000.9,2.0,4.1,4,18.3,0
2018-03-15 12:09:00,5,41,19.8,55,10.4,1000.9,1.0,1.7,6,18.3,0
2018-03-15 12:14:00,5,41,19.7,55,10.5,1000.9,0.3,1.0,0,18.3,0
2018-03-15 12:19:00,5,42,19.7,55,10.6,1001.0,1.4,2.4,13,18.3,0
2018-03-15 12:24:00,5,42,19.7,55,10.6,1001.0,0.7,1.7,0,18.3,0
2018-03-15 12:29:00,5,42,19.6,56,10.6,1001.1,1.4,2.4,8,18.3,0
2018-03-15 12:34:00,5,42,19.6,56,10.6,1001.1,0.7,2.0,2,18.3,0
2018-03-15 12:39:00,5,42,19.6,56,10.5,1001.1,1.4,2.0,2,18.3,0
2018-03-15 12:44:00,5,42,19.5,55,10.5,1001.3,1.0,1.7,0,18.3,0
2018-03-15 12:49:00,5,42,19.4,55,10.6,1001.2,0.3,1.4,14,18.3,0
2018-03-15 12:54:00,5,42,19.3,55,10.6,1001.3,0.7,2.0,13,18.3,0
2018-03-15 12:59:00,5,42,19.3,55,10.7,1001.3,1.0,1.7,4,18.3,0
2018-03-15 13:04:00,5,42,19.3,55,10.7,1001.4,0.7,1.7,8,18.3,0
2018-03-15 13:09:00,5,42,19.3,55,10.7,1001.3,0.7,1.7,8,18.3,0
2018-03-15 13:14:00,5,42,19.2,55,10.6,1001.4,0.7,1.7,8,18.3,0
2018-03-15 13:19:00,5,42,19.2,56,10.6,1001.5,0.7,1.0,2,18.3,0
2018-03-15 13:24:00,5,43,19.1,56,10.6,1001.7,1.0,1.7,6,18.3,0
2018-03-15 13:29:00,5,43,19.1,56,10.6,1001.7,0.3,1.4,2,18.3,0
2018-03-15 13:34:00,5,43,19.1,56,10.6,1001.8,0.3,1.0,14,18.3,0
2018-03-15 13:39:00,5,43,19.0,55,10.7,1002.0,0.0,0.0,12,18.3,0
2018-03-15 13:44:00,5,43,19.0,55,10.7,1002.1,0.3,0.7,8,18.3,0
2018-03-15 13:49:00,5,43,19.0,55,10.8,1002.0,0.7,1.7,12,18.3,0
2018-03-15 13:54:00,5,43,19.0,55,10.9,1002.0,1.0,2.0,14,18.3,0
2018-03-15 13:59:00,5,43,19.0,56,10.9,1002.1,0.0,0.7,4,18.3,0
2018-03-15 14:04:00,5,44,19.0,54,11.1,1002.1,0.0,0.3,4,18.3,0
2018-03-15 14:09:00,5,44,19.0,55,11.3,1002.0,0.0,0.0,2,18.3,0
2018-03-15 14:14:00,5,44,19.0,56,11.3,1002.1,0.3,1.0,14,18.3,0
2018-03-15 14:19:00,5,44,19.0,57,11.2,1002.0,0.0,0.3,2,18.3,0
2018-03-15 14:24:00,5,44,19.0,60,10.9,1002.1,0.0,0.7,4,18.3,0
2018-03-15 14:29:00,5,44,19.0,60,10.8,1002.1,0.3,1.4,0,18.3,0
2018-03-15 14:34:00,5,45,18.9,61,10.6,1002.4,1.0,2.0,4,18.3,0
2018-03-15 14:39:00,5,45,18.9,61,10.5,1002.4,0.0,0.3,12,18.3,0
2018-03-15 14:44:00,5,45,18.8,62,10.5,1002.4,1.0,1.7,10,18.3,0
2018-03-15 14:49:00,5,45,18.8,62,10.4,1002.4,0.7,1.7,12,18.3,0
2018-03-15 14:54:00,5,46,18.8,63,10.3,1002.4,0.0,0.7,14,18.3,0
2018-03-15 14:59:00,5,46,18.8,63,10.2,1002.6,0.0,0.0,8,18.3,0
2018-03-15 15:04:00,5,46,18.8,63,10.2,1002.5,0.0,0.3,12,18.3,0
2018-03-15 15:09:00,5,46,18.7,64,10.1,1002.5,0.0,0.0,14,18.3,0
2018-03-15 15:14:00,5,46,18.7,65,10.1,1002.7,0.0,0.0,12,18.3,0
2018-03-15 15:19:00,5,46,18.6,65,10.0,1002.7,0.0,0.0,10,18.3,0
2018-03-15 15:24:00,5,46,18.6,67,9.8,1002.6,0.0,0.3,12,18.6,0
2018-03-15 15:29:00,5,47,18.6,69,9.8,1002.8,0.3,1.0,12,18.6,0
2018-03-15 15:34:00,5,47,18.6,70,9.6,1002.7,0.0,0.3,12,18.6,0
2018-03-15 15:39:00,5,47,18.5,71,9.5,1002.7,0.0,0.7,8,18.6,0
2018-03-15 15:44:00,5,47,18.5,71,9.4,1002.9,0.0,0.0,12,18.6,0
2018-03-15 15:49:00,5,49,18.5,71,9.3,1003.0,0.0,0.0,12,18.9,0
2018-03-15 15:54:00,5,49,18.5,72,9.2,1002.7,0.0,0.3,12,18.9,0
2018-03-15 15:59:00,5,50,18.5,72,9.1,1002.7,0.0,0.0,12,18.9,0
2018-03-15 16:04:00,5,50,18.6,73,9.1,1002.5,0.0,0.0,12,18.9,0
2018-03-15 16:09:00,5,49,19.0,73,9.0,1002.2,0.0,0.0,12,18.9,0
2018-03-15 16:14:00,5,49,19.3,73,9.0,1002.0,0.0,0.0,12,18.9,0
2018-03-15 16:19:00,5,49,19.7,74,9.0,1001.5,0.0,0.0,12,18.9,0
2018-03-15 16:24:00,5,47,20.1,75,8.9,1001.2,0.0,0.0,12,18.9,0
2018-03-15 16:29:00,5,46,20.4,76,8.9,1001.0,0.0,0.0,12,18.9,0
2018-03-15 16:34:00,5,45,20.6,76,8.8,1000.8,0.0,0.0,12,18.9,0
2018-03-15 16:39:00,5,45,20.7,76,8.8,1000.7,0.0,0.3,6,19.2,0
2018-03-15 16:44:00,5,44,20.9,76,8.7,1000.6,0.0,0.0,0,19.2,0
2018-03-15 16:49:00,5,43,21.0,76,8.7,1000.4,0.0,0.0,4,19.2,0
2018-03-15 16:54:00,5,43,21.1,76,8.7,1000.5,0.3,1.0,10,19.2,0
2018-03-15 16:59:00,5,43,21.1,76,8.6,1000.3,0.3,0.7,4,19.2,0
2018-03-15 17:04:00,5,43,21.1,76,8.6,1000.3,0.7,1.4,14,19.2,0
2018-03-15 17:09:00,5,43,21.2,76,8.5,1000.5,0.0,0.3,0,19.2,0
2018-03-15 17:14:00,5,43,21.2,77,8.4,1000.5,1.0,2.0,2,19.5,0
2018-03-15 17:19:00,5,44,21.1,77,8.3,1000.4,1.0,1.7,2,19.5,0
2018-03-15 17:24:00,5,44,21.1,78,8.3,1000.4,0.7,1.7,8,19.5,0
2018-03-15 17:29:00,5,44,21.1,78,8.3,1000.2,0.7,1.7,14,19.5,0
2018-03-15 17:34:00,5,45,21.0,78,8.2,1000.3,0.3,1.0,6,19.5,0
2018-03-15 17:39:00,5,47,20.9,79,8.1,1000.6,1.4,2.0,6,19.5,0
2018-03-15 17:44:00,5,49,20.8,79,8.0,1000.6,1.4,1.7,4,19.8,0
2018-03-15 17:49:00,5,50,20.7,80,8.0,1000.7,1.4,3.1,8,19.8,0
2018-03-15 17:54:00,5,50,20.6,80,7.9,1000.7,0.7,1.0,12,19.8,0
2018-03-15 17:59:00,5,50,20.6,80,7.9,1000.8,1.0,2.0,14,19.8,0
2018-03-15 18:04:00,5,50,20.5,80,7.8,1000.8,0.3,1.0,2,19.8,0
2018-03-15 18:09:00,5,50,20.5,80,7.8,1000.9,1.4,2.4,13,19.8,0
2018-03-15 18:14:00,5,50,20.4,80,7.8,1001.1,1.4,2.4,2,20.1,0
2018-03-15 18:19:00,5,50,20.4,81,7.7,1001.2,1.0,2.4,4,20.1,0
2018-03-15 18:24:00,5,50,20.3,81,7.7,1001.3,0.7,1.7,4,20.1,0
2018-03-15 18:29:00,5,50,20.3,81,7.6,1001.4,1.0,1.7,6,20.1,0
2018-03-15 18:34:00,5,51,20.2,81,7.6,1001.5,0.0,0.7,14,20.1,0
2018-03-15 18:39:00,5,51,20.2,81,7.5,1001.5,1.0,2.0,8,20.1,0
2018-03-15 18:44:00,5,51,20.3,81,7.5,1001.4,0.7,1.4,6,20.1,0
2018-03-15 18:49:00,5,51,20.4,82,7.5,1001.3,0.3,1.0,4,20.4,0
2018-03-15 18:54:00,5,51,20.5,82,7.5,1001.3,1.0,3.1,6,20.4,0
2018-03-15 18:59:00,5,50,20.6,82,7.5,1001.2,0.7,1.4,2,20.4,0
2018-03-15 19:04:00,5,50,20.7,82,7.5,1001.0,0.3,1.0,10,20.4,0
2018-03-15 19:09:00,5,50,20.9,82,7.4,1001.0,0.3,0.7,14,20.7,0
2018-03-15 19:14:00,5,50,20.9,82,7.4,1000.9,0.7,1.4,10,20.7,0
2018-03-15 19:19:00,5,49,21.0,82,7.4,1000.9,0.7,2.7,6,20.7,0
2018-03-15 19:24:00,5,49,21.0,82,7.4,1000.9,0.3,1.4,6,21.0,0
2018-03-15 19:29:00,5,49,21.0,82,7.4,1000.8,0.7,1.7,6,21.0,0
2018-03-15 19:34:00,5,49,21.0,83,7.4,1001.0,0.7,1.4,10,21.3,0
2018-03-15 19:39:00,5,50,21.0,83,7.4,1001.0,0.7,1.7,0,21.3,0
2018-03-15 19:44:00,5,51,20.9,83,7.4,1001.1,0.7,1.4,4,21.3,0
2018-03-15 19:49:51,5,51,20.9,83,7.4,1001.2,1.0,2.0,6,21.3,0
2018-03-15 19:54:51,5,52,20.8,82,7.4,1001.2,1.4,2.7,0,21.6,0
2018-03-15 19:59:51,5,52,20.8,82,7.4,1001.2,1.4,2.7,13,21.6,0
2018-03-15 20:04:51,5,52,20.7,82,7.3,1001.3,2.4,3.1,6,21.6,0
2018-03-15 20:09:51,5,52,20.7,82,7.4,1001.3,1.0,2.4,6,21.6,0
2018-03-15 20:14:51,5,52,20.7,82,7.4,1001.4,1.0,1.7,4,21.6,0
2018-03-15 20:19:51,5,53,20.6,81,7.4,1001.3,0.7,1.0,2,21.9,0
2018-03-15 20:24:51,5,52,20.6,81,7.4,1001.5,0.3,1.4,2,21.9,0
2018-03-15 20:29:51,5,53,20.5,81,7.3,1001.5,0.3,0.7,2,21.9,0
2018-03-15 20:34:51,5,53,20.5,81,7.3,1001.7,0.3,0.7,12,21.9,0
2018-03-15 20:39:51,5,53,20.4,81,7.3,1001.7,0.7,2.0,2,21.9,0
2018-03-15 20:44:51,5,54,20.4,81,7.3,1001.7,0.7,1.7,0,21.9,0
2018-03-15 20:49:51,5,54,20.3,82,7.3,1001.8,0.7,1.0,8,21.9,0
2018-03-15 20:54:51,5,54,20.3,82,7.3,1001.8,1.0,1.7,6,21.9,0
2018-03-15 20:59:51,5,55,20.2,82,7.3,1001.9,0.7,1.4,10,21.9,0
2018-03-15 21:05:00,5,55,20.2,82,7.3,1002.0,0.7,1.7,8,21.9,0
2018-03-15 21:10:00,5,55,20.1,82,7.3,1002.1,1.0,1.7,12,21.9,0
2018-03-15 21:15:00,5,54,20.1,82,7.3,1002.2,0.3,0.7,4,21.9,0
2018-03-15 21:20:00,5,54,20.0,82,7.2,1002.3,0.0,0.0,6,22.2,0
2018-03-15 21:25:00,5,55,19.9,82,7.2,1002.3,1.4,2.0,14,22.2,0
2018-03-15 21:30:00,5,55,19.8,82,7.1,1002.3,0.0,0.0,12,22.2,0
2018-03-15 21:35:00,5,55,19.8,83,7.1,1002.5,0.7,1.7,4,22.2,0
2018-03-15 21:40:00,5,54,19.8,83,7.1,1002.4,1.0,1.7,2,22.2,0
2018-03-15 21:45:00,5,54,19.7,83,7.1,1002.5,1.0,1.7,6,22.2,0
2018-03-15 21:50:00,5,54,19.7,83,7.1,1002.7,0.7,1.7,6,22.2,0
2018-03-15 21:55:00,5,54,19.6,83,7.1,1002.7,1.4,2.4,14,22.2,0
2018-03-15 22:00:00,5,54,19.6,83,7.1,1002.7,0.3,0.7,0,22.2,0
2018-03-15 22:05:00,5,54,19.5,83,7.1,1002.7,0.7,1.4,0,22.2,0
2018-03-15 22:10:00,5,54,19.5,84,7.1,1002.8,0.0,0.7,14,22.5,0
2018-03-15 22:15:00,5,54,19.4,84,7.1,1002.8,0.3,1.0,14,22.5,0
2018-03-15 22:20:00,5,54,19.3,84,7.1,1002.8,0.3,0.7,4,22.5,0
2018-03-15 22:25:00,5,54,19.3,84,7.1,1002.9,1.0,1.4,2,22.5,0
2018-03-15 22:30:00,5,54,19.3,84,7.1,1003.0,0.0,0.0,0,22.5,0
2018-03-15 22:35:00,5,54,19.2,84,7.1,1002.9,0.3,1.0,4,22.5,0
2018-03-15 22:40:00,5,54,19.2,84,7.0,1002.8,0.3,0.7,0,22.5,0
2018-03-15 22:45:00,5,54,19.2,85,7.0,1003.1,0.7,1.4,2,22.5,0
2018-03-15 22:50:00,5,54,19.1,85,7.0,1003.0,0.3,1.0,10,22.5,0
2018-03-15 22:55:00,5,54,19.1,85,7.0,1003.1,0.0,0.3,2,22.5,0
2018-03-15 23:00:00,5,54,19.1,85,7.0,1003.2,0.0,0.0,12,22.5,0
2018-03-15 23:05:00,5,54,19.1,85,7.0,1003.3,0,0,12,22.5,0
2018-03-15 23:10:00,5,54,19.1,85,7.0,1003.4,0,0.3,12,22.5,0
2018-03-15 23:15:00,5,54,19.0,85,7.0,1003.3,0.3,1.0,4,22.5,0
2018-03-15 23:20:00,5,54,19.0,85,7.0,1003.5,1.0,2.0,14,22.5,0
2018-03-15 23:25:00,5,54,19.0,86,7.0,1003.3,0.3,0.7,2,22.5,0
2018-03-15 23:30:00,5,54,19.0,86,7.0,1003.4,0.3,1.0,12,22.5,0
2018-03-15 23:35:00,5,54,19.0,86,7.0,1003.5,0.3,0.7,2,22.5,0
2018-03-15 23:40:00,5,55,18.9,87,6.9,1003.6,0,0.3,0,22.8,0
2018-03-15 23:45:00,5,55,18.9,86,7.0,1003.5,0,0,6,22.8,0
2018-03-15 23:50:00,5,54,18.9,87,6.9,1003.4,0.7,1.4,2,22.8,0
2018-03-15 23:55:00,5,54,18.9,86,7.0,1003.4,0,0.3,8,22.8,0
