2021-04-29 00:04:02,5,52,20.1,66,9.9,1008.1,1.0,1.7,2,1186.8,0
2021-04-29 00:09:02,5,52,20.0,66,9.9,1007.9,1.4,2.7,15,1186.8,0
2021-04-29 00:14:02,5,52,20.0,67,9.9,1007.9,1.0,2.7,15,1186.8,0
2021-04-29 00:19:02,5,52,20.0,67,9.9,1007.7,1.0,1.7,14,1186.8,0
2021-04-29 00:24:02,5,52,20.0,68,9.8,1007.7,0.7,1.7,2,1186.8,0
2021-04-29 00:29:02,5,53,19.9,69,9.8,1007.6,1.7,3.7,15,1186.8,0
2021-04-29 00:34:02,5,53,19.8,70,9.7,1007.6,1.0,2.7,0,1186.8,0
2021-04-29 00:39:02,5,53,19.8,70,9.7,1007.7,0.7,2.0,15,1186.8,0
2021-04-29 00:44:02,5,53,19.8,70,9.7,1008.0,0.7,1.7,1,1186.8,0
2021-04-29 00:49:02,5,53,19.8,71,9.8,1008.1,0.7,1.7,1,1186.8,0
2021-04-29 00:54:02,5,53,19.7,72,9.8,1008.4,1.0,2.0,0,1186.8,0
2021-04-29 00:59:02,5,53,19.7,72,9.8,1008.7,0.0,0.7,5,1186.8,0
2021-04-29 01:04:02,5,53,19.7,73,9.8,1008.7,0.3,1.0,1,1186.8,0
2021-04-29 01:09:02,5,53,19.7,73,9.8,1008.7,0.3,1.0,4,1186.8,0
2021-04-29 01:14:02,5,53,19.7,74,9.8,1008.6,0.7,2.7,15,1186.8,0
2021-04-29 01:19:02,5,53,19.6,76,9.7,1008.6,1.0,2.7,0,1186.8,0
2021-04-29 01:24:02,5,53,19.6,78,9.5,1008.8,0.7,1.0,6,1186.8,0
2021-04-29 01:29:02,5,53,19.6,79,9.4,1009.0,0.0,0.7,6,1186.8,0
2021-04-29 01:34:02,5,53,19.6,78,9.2,1009.2,0.3,1.0,6,1186.8,0
2021-04-29 01:39:02,5,53,19.6,79,9.2,1009.1,0.3,1.0,2,1186.8,0
2021-04-29 01:44:02,5,53,19.6,80,9.0,1009.0,0.3,1.0,4,1186.8,0
2021-04-29 01:49:02,5,53,19.6,82,8.7,1009.0,0.7,1.7,1,1187.4,0
2021-04-29 01:54:02,5,53,19.5,84,8.4,1009.0,0.7,1.7,3,1188.0,0
2021-04-29 01:59:02,5,53,19.5,87,8.1,1008.9,1.0,2.0,0,1188.6,0
2021-04-29 02:04:02,5,53,19.5,87,7.9,1009.1,0.0,0.7,6,1188.6,0
2021-04-29 02:09:02,5,53,19.5,88,7.9,1009.3,0.7,1.7,6,1188.6,0
2021-04-29 02:14:02,5,53,19.4,88,7.8,1009.5,0.7,1.7,2,1188.6,0
2021-04-29 02:19:02,5,53,19.3,88,7.7,1009.4,1.0,1.7,15,1188.9,0
2021-04-29 02:24:02,5,53,19.3,89,7.6,1009.1,0.7,1.0,0,1189.2,0
2021-04-29 02:29:02,5,53,19.3,89,7.6,1009.0,0.3,1.0,15,1189.8,0
2021-04-29 02:34:02,5,53,19.3,90,7.6,1009.1,0.3,0.7,3,1190.1,0
2021-04-29 02:39:02,5,53,19.2,90,7.5,1009.1,0.7,1.7,0,1190.1,0
2021-04-29 02:44:02,5,53,19.2,90,7.6,1008.8,1.0,1.7,2,1190.1,0
2021-04-29 02:49:02,5,53,19.2,90,7.6,1008.6,1.0,2.7,3,1190.1,0
2021-04-29 02:54:02,5,53,19.2,90,7.7,1008.5,0.7,1.7,1,1190.1,0
2021-04-29 02:59:02,5,53,19.1,90,7.7,1008.5,1.4,4.8,6,1190.1,0
2021-04-29 03:04:02,5,53,19.1,90,7.7,1008.4,1.4,3.1,1,1190.1,0
2021-04-29 03:09:02,5,53,19.1,90,7.8,1008.4,1.4,2.0,6,1190.1,0
2021-04-29 03:14:02,5,53,19.1,90,7.7,1008.4,1.4,2.7,15,1190.1,0
2021-04-29 03:19:02,5,53,19.0,90,7.7,1008.4,2.0,4.1,1,1190.1,0
2021-04-29 03:24:02,5,53,19.0,90,7.7,1008.5,2.0,3.7,1,1190.1,0
2021-04-29 03:29:02,5,53,19.0,90,7.7,1008.4,1.0,1.7,1,1190.1,0
2021-04-29 03:34:02,5,53,19.0,90,7.7,1008.4,2.0,4.1,4,1190.1,0
2021-04-29 03:39:02,5,54,18.9,90,7.7,1008.6,0.7,1.7,2,1190.1,0
2021-04-29 03:44:02,5,54,18.0,91,7.8,1008.5,0.7,2.0,1,1190.1,0
2021-04-29 03:49:02,5,54,18.9,90,7.7,1008.6,1.4,2.7,15,1190.1,0
2021-04-29 03:54:02,5,54,18.9,90,7.8,1008.6,1.0,1.7,2,1190.1,0
2021-04-29 03:59:02,5,54,18.8,90,7.8,1008.6,1.0,1.7,1,1190.1,0
2021-04-29 04:04:02,5,54,18.8,90,7.8,1008.6,1.4,2.7,4,1190.1,0
2021-04-29 04:09:02,5,54,18.0,90,7.8,1008.9,1.7,3.7,0,1190.1,0
2021-04-29 04:14:02,5,53,17.9,90,7.9,1008.9,1.7,2.7,0,1190.1,0
2021-04-29 04:19:02,5,53,17.9,90,7.9,1008.9,1.0,1.7,14,1190.1,0
2021-04-29 04:24:02,5,53,17.9,90,7.8,1008.9,1.0,2.0,15,1190.1,0
2021-04-29 04:29:02,5,53,17.9,90,7.8,1009.1,1.7,4.8,1,1190.1,0
2021-04-29 04:34:02,5,53,17.9,90,7.8,1009.0,1.4,2.0,14,1190.1,0
2021-04-29 04:39:02,5,53,17.9,90,7.8,1009.0,1.4,3.1,2,1190.1,0
2021-04-29 04:44:02,5,53,17.8,90,7.8,1009.2,1.4,2.7,14,1190.1,0
2021-04-29 04:49:02,5,53,17.8,90,7.8,1009.2,0.7,2.0,14,1190.1,0
2021-04-29 04:54:02,5,53,17.8,90,7.8,1009.1,1.7,3.1,3,1190.1,0
2021-04-29 04:59:02,5,53,17.8,90,7.8,1009.3,1.7,3.1,14,1190.1,0
2021-04-29 05:04:02,5,53,17.8,89,7.8,1009.3,1.0,2.0,1,1190.1,0
2021-04-29 05:09:00,5,53,17.8,89,7.8,1009.2,1.0,1.7,0,1190.1,0
2021-04-29 05:14:00,5,53,17.8,89,7.8,1009.3,0.7,2.7,5,1190.1,0
2021-04-29 05:19:00,5,53,17.8,89,7.9,1009.3,0.7,1.0,1,1190.1,0
2021-04-29 05:24:00,5,53,17.8,89,7.8,1009.2,1.0,2.0,15,1190.1,0
2021-04-29 05:29:00,5,53,17.8,89,7.8,1009.3,1.4,3.7,0,1190.1,0
2021-04-29 05:34:00,5,53,17.8,89,7.8,1009.3,1.7,2.7,1,1190.1,0
2021-04-29 05:39:00,5,53,17.8,89,7.8,1009.3,0.3,1.0,1,1190.1,0
2021-04-29 05:44:00,5,53,17.8,89,7.8,1009.3,1.0,2.7,4,1190.1,0
2021-04-29 05:49:00,5,54,17.9,89,7.8,1009.2,1.0,2.0,15,1190.1,0
2021-04-29 05:54:00,5,55,18.0,89,7.8,1009.2,1.0,2.0,1,1190.1,0
2021-04-29 05:59:00,5,56,18.1,89,7.8,1009.0,0.3,0.7,1,1190.1,0
2021-04-29 06:04:00,5,56,18.4,89,7.9,1009.1,0.3,0.7,1,1190.1,0
2021-04-29 06:09:00,5,56,18.5,88,7.8,1009.1,0.3,1.0,2,1190.1,0
2021-04-29 06:14:00,5,55,19.6,88,7.9,1009.1,0.0,0.7,4,1190.1,0
2021-04-29 06:19:00,5,55,19.7,88,7.9,1008.9,0.3,1.7,0,1190.1,0
2021-04-29 06:24:00,5,55,19.8,88,7.9,1008.9,0.7,1.0,1,1190.1,0
2021-04-29 06:29:00,5,54,20.0,88,7.9,1008.7,0.7,1.0,0,1190.1,0
2021-04-29 06:34:00,5,54,20.1,88,8.0,1008.6,0.0,0.7,0,1190.1,0
2021-04-29 06:39:00,5,54,20.3,88,8.0,1008.6,0.0,0.7,0,1190.1,0
2021-04-29 06:44:00,5,54,20.4,87,7.9,1008.3,1.4,2.0,2,1190.1,0
2021-04-29 06:49:00,5,53,20.5,86,8.0,1008.3,0.0,0.7,2,1190.1,0
2021-04-29 06:54:00,5,53,20.5,86,7.9,1008.3,0.3,1.0,2,1190.1,0
2021-04-29 06:59:00,5,53,20.6,86,7.9,1008.3,0.3,1.7,15,1190.1,0
2021-04-29 07:04:00,5,53,20.6,86,7.9,1008.2,0.3,1.0,15,1190.1,0
2021-04-29 07:09:00,5,53,20.7,85,7.9,1008.3,1.4,1.7,1,1190.1,0
2021-04-29 07:14:00,5,53,20.7,84,7.8,1008.3,1.4,2.0,2,1190.1,0
2021-04-29 07:19:00,5,53,20.7,83,7.8,1008.1,0.7,1.0,2,1190.1,0
2021-04-29 07:24:00,5,52,20.7,84,7.8,1008.1,0.7,1.7,0,1190.1,0
2021-04-29 07:29:00,5,52,20.7,83,7.7,1008.2,1.4,2.7,15,1190.1,0
2021-04-29 07:34:00,5,52,20.7,83,7.8,1008.3,1.7,2.7,1,1190.1,0
2021-04-29 07:39:00,5,52,20.6,83,7.8,1008.3,1.0,1.7,3,1190.1,0
2021-04-29 07:44:00,5,52,20.6,84,7.8,1008.4,0.7,1.7,15,1190.1,0
2021-04-29 07:49:00,5,52,20.6,84,7.7,1008.5,0.7,1.7,1,1190.1,0
2021-04-29 07:54:00,5,52,20.5,84,7.7,1008.6,1.0,1.7,15,1190.1,0
2021-04-29 07:59:00,5,52,20.5,83,7.7,1008.8,1.0,2.0,15,1190.1,0
2021-04-29 08:04:00,5,52,20.4,84,7.8,1008.9,0.7,1.0,4,1190.1,0
2021-04-29 08:09:00,5,52,20.4,84,7.8,1008.8,1.7,4.1,0,1190.1,0
2021-04-29 08:14:00,5,52,20.3,85,7.7,1009.2,1.0,1.7,0,1190.1,0
2021-04-29 08:19:00,5,52,20.3,84,7.6,1009.2,1.4,2.0,2,1190.1,0
2021-04-29 08:24:00,5,52,20.3,85,7.5,1009.5,0.7,1.7,0,1190.1,0
2021-04-29 08:29:00,5,52,20.2,85,7.5,1009.6,1.4,2.7,3,1190.1,0
2021-04-29 08:34:00,5,52,20.1,85,7.5,1009.8,1.4,2.7,1,1190.1,0
2021-04-29 08:39:00,5,52,20.1,85,7.4,1009.7,1.0,1.7,2,1190.1,0
2021-04-29 08:44:00,5,52,20.0,86,7.3,1010.0,0.7,1.7,1,1190.1,0
2021-04-29 08:49:00,5,52,20.0,86,7.3,1009.9,0.7,1.7,0,1190.4,0
2021-04-29 08:54:00,5,53,19.9,86,7.1,1010.1,0.7,2.7,15,1190.4,0
2021-04-29 08:59:00,5,53,19.8,86,6.9,1010.3,1.7,3.7,3,1190.4,0
2021-04-29 09:04:00,5,53,19.8,87,7.0,1010.5,0.7,1.7,0,1190.7,0
2021-04-29 09:09:00,5,53,19.8,87,6.9,1010.6,1.0,1.0,1,1190.7,0
2021-04-29 09:14:00,5,52,19.7,88,6.9,1010.8,0.0,0.7,4,1191.0,0
2021-04-29 09:19:00,5,52,19.7,88,6.9,1010.7,0.3,1.7,3,1191.0,0
2021-04-29 09:24:00,5,53,18.7,88,6.9,1010.9,1.4,2.0,3,1191.3,0
2021-04-29 09:29:00,5,52,19.6,88,6.8,1010.9,1.0,2.0,14,1191.3,0
2021-04-29 09:34:00,5,53,18.6,89,6.9,1011.1,1.0,1.7,5,1191.3,0
2021-04-29 09:39:00,5,53,18.6,89,6.8,1011.2,1.0,1.7,4,1191.6,0
2021-04-29 09:44:00,5,53,19.6,89,6.7,1011.4,1.0,1.7,1,1191.6,0
2021-04-29 09:49:00,5,53,19.7,88,6.8,1011.3,1.0,2.0,0,1191.6,0
2021-04-29 09:54:00,5,53,19.8,89,6.7,1011.2,0.3,1.0,5,1191.6,0
2021-04-29 09:59:00,5,52,20.1,89,6.6,1011.1,1.0,2.7,15,1191.6,0
2021-04-29 10:04:00,5,53,20.4,89,6.6,1010.9,1.0,1.7,1,1191.6,0
2021-04-29 10:09:00,5,53,20.7,89,6.6,1010.7,1.0,2.0,0,1191.9,0
2021-04-29 10:14:00,5,52,21.1,89,6.6,1010.5,0.7,1.7,7,1191.9,0
2021-04-29 10:19:00,5,51,21.3,90,6.6,1010.2,0.7,1.7,0,1192.2,0
2021-04-29 10:24:00,5,50,21.6,89,6.4,1010.0,1.0,2.7,3,1192.2,0
2021-04-29 10:29:00,5,50,21.8,89,6.5,1009.9,0.3,1.7,1,1192.2,0
2021-04-29 10:34:00,5,50,21.9,90,6.4,1009.7,1.4,3.7,1,1192.5,0
2021-04-29 10:39:00,5,49,22.1,90,6.6,1009.6,0.3,0.7,3,1192.5,0
2021-04-29 10:44:00,5,49,22.2,90,6.6,1009.8,0.7,1.7,3,1192.8,0
2021-04-29 10:49:00,5,49,22.3,90,6.6,1009.6,1.4,2.0,3,1193.1,0
2021-04-29 10:54:00,5,48,22.3,90,6.7,1009.6,0.0,0.7,0,1193.4,0
2021-04-29 10:59:00,5,48,22.3,90,6.7,1009.7,0.7,1.7,4,1193.4,0
2021-04-29 11:04:00,5,48,22.3,91,6.8,1009.7,0.3,0.7,4,1193.4,0
2021-04-29 11:09:00,5,48,22.3,90,6.8,1009.8,0.7,2.0,1,1193.4,0
2021-04-29 11:14:00,5,48,22.3,90,6.8,1009.8,1.0,2.0,3,1193.4,0
2021-04-29 11:19:00,5,48,22.3,90,6.9,1009.8,0.3,1.0,4,1193.7,0
2021-04-29 11:24:00,5,49,22.2,91,6.9,1010.0,0.3,1.0,6,1193.7,0
2021-04-29 11:29:00,5,49,22.2,90,6.9,1010.1,1.0,1.7,6,1194.0,0
2021-04-29 11:34:00,5,49,22.1,90,6.9,1010.1,1.4,2.7,5,1194.3,0
2021-04-29 11:39:00,5,49,22.1,89,6.7,1010.2,1.0,2.0,1,1194.3,0
2021-04-29 11:44:00,5,49,22.0,90,6.9,1010.5,0.7,2.0,2,1194.6,0
2021-04-29 11:49:00,5,50,21.9,90,7.2,1010.5,1.0,2.7,2,1194.6,0
2021-04-29 11:54:00,5,50,21.9,89,7.2,1010.7,0.7,1.0,4,1194.6,0
2021-04-29 11:59:00,5,51,21.9,89,7.4,1010.7,0.7,1.7,2,1194.6,0
2021-04-29 12:04:00,5,51,21.9,89,7.4,1011.0,0.7,1.0,3,1194.6,0
2021-04-29 12:09:00,5,51,21.8,89,7.4,1011.2,0.7,1.7,4,1194.6,0
2021-04-29 12:14:00,5,51,21.8,87,7.2,1011.2,2.4,4.1,3,1194.9,0
2021-04-29 12:19:00,5,51,21.8,87,7.4,1011.3,1.4,3.7,7,1194.9,0
2021-04-29 12:24:00,5,50,21.7,86,7.4,1011.5,1.7,2.7,15,1194.9,0
2021-04-29 12:29:00,5,51,21.7,86,7.6,1011.7,1.0,2.0,1,1194.9,0
2021-04-29 12:34:00,5,51,21.6,84,7.6,1011.8,1.4,3.1,14,1194.9,0
2021-04-29 12:39:00,5,51,21.6,83,7.6,1012.0,2.0,4.8,5,1194.9,0
2021-04-29 12:44:00,5,51,21.5,83,7.7,1012.0,0.7,1.7,1,1194.9,0
2021-04-29 12:49:00,5,51,21.5,84,7.9,1012.1,1.0,2.7,3,1194.9,0
2021-04-29 12:54:00,5,51,21.5,82,7.8,1012.2,1.7,3.1,1,1194.9,0
2021-04-29 12:59:00,5,51,21.5,83,7.9,1012.2,1.4,3.7,4,1194.9,0
2021-04-29 13:04:00,5,53,21.5,84,7.9,1012.4,0.7,1.7,5,1194.9,0
2021-04-29 13:09:00,5,53,21.5,83,8.1,1012.3,0.7,1.7,2,1194.9,0
2021-04-29 13:14:00,5,54,21.6,82,8.2,1012.4,1.4,2.0,8,1194.9,0
2021-04-29 13:19:00,5,54,21.6,81,8.6,1012.4,1.0,2.7,4,1194.9,0
2021-04-29 13:24:00,5,54,21.7,79,8.7,1012.5,1.7,2.7,0,1194.9,0
2021-04-29 13:29:00,5,54,21.7,79,9.0,1012.3,0.7,1.7,5,1194.9,0
2021-04-29 13:34:00,5,54,21.7,75,9.2,1012.4,0.7,2.0,13,1194.9,0
2021-04-29 13:39:00,5,54,21.8,72,9.7,1012.3,1.0,1.7,2,1194.9,0
2021-04-29 13:44:00,5,55,21.8,69,9.6,1012.3,1.7,3.1,2,1194.9,0
2021-04-29 13:49:00,5,54,21.9,70,9.8,1012.3,2.0,4.8,6,1194.9,0
2021-04-29 13:54:00,5,54,21.9,68,10.7,1012.2,1.0,2.0,9,1194.9,0
2021-04-29 13:59:00,5,54,21.9,68,10.3,1012.3,1.4,4.1,0,1194.9,0
2021-04-29 14:04:00,5,53,21.9,70,9.8,1012.3,1.0,2.0,2,1194.9,0
2021-04-29 14:09:00,5,53,21.9,68,11.0,1012.3,0.7,1.0,2,1194.9,0
2021-04-29 14:14:00,5,54,21.9,69,10.3,1012.4,1.0,2.0,0,1194.9,0
2021-04-29 14:19:00,5,52,22.0,69,10.0,1012.4,1.4,3.7,6,1194.9,0
2021-04-29 14:24:00,5,53,21.9,70,9.6,1012.4,0.7,1.7,3,1194.9,0
2021-04-29 14:29:00,5,53,21.9,72,9.5,1012.6,0.0,0.7,13,1194.9,0
2021-04-29 14:34:00,5,54,21.8,73,9.5,1012.6,0.0,0.7,9,1194.9,0
2021-04-29 14:39:00,5,55,21.7,71,10.2,1012.6,1.0,3.1,12,1194.9,0
2021-04-29 14:44:00,5,56,21.7,67,11.0,1012.7,1.0,2.0,6,1194.9,0
2021-04-29 14:49:00,5,56,21.7,65,11.1,1012.8,1.7,3.7,2,1194.9,0
2021-04-29 14:54:00,5,54,21.7,66,10.3,1012.7,1.4,2.7,6,1194.9,0
2021-04-29 14:59:00,5,52,21.7,66,10.6,1012.8,0.7,1.7,6,1194.9,0
2021-04-29 15:04:00,5,51,21.7,67,10.2,1012.9,2.4,3.1,7,1194.9,0
2021-04-29 15:09:00,5,51,21.6,67,10.5,1012.7,1.4,3.7,13,1194.9,0
2021-04-29 15:14:00,5,50,21.6,66,10.5,1012.9,1.0,2.7,11,1194.9,0
2021-04-29 15:19:00,5,50,21.5,65,10.7,1013.1,1.0,2.0,0,1194.9,0
2021-04-29 15:24:00,5,50,21.5,65,10.4,1013.2,1.7,2.7,3,1194.9,0
2021-04-29 15:29:00,5,49,21.5,67,10.3,1013.3,0.7,1.7,5,1194.9,0
2021-04-29 15:34:00,5,49,21.4,66,10.1,1013.4,1.7,2.7,2,1194.9,0
2021-04-29 15:39:00,5,50,21.4,67,10.0,1013.4,1.7,3.1,0,1194.9,0
2021-04-29 15:44:00,5,50,21.3,68,10.3,1013.6,1.0,2.0,15,1194.9,0
2021-04-29 15:49:00,5,51,21.3,68,10.1,1013.6,0.7,1.7,7,1194.9,0
2021-04-29 15:54:00,5,51,21.4,68,10.2,1013.7,0.7,1.7,2,1194.9,0
2021-04-29 15:59:00,5,52,21.5,67,10.4,1013.7,1.0,2.0,2,1194.9,0
2021-04-29 16:04:00,5,52,21.5,68,10.3,1013.5,0.7,1.0,1,1194.9,0
2021-04-29 16:09:00,5,52,21.6,68,10.3,1013.6,0.7,1.7,1,1194.9,0
2021-04-29 16:14:00,5,53,21.6,67,10.2,1013.6,1.0,1.7,2,1194.9,0
2021-04-29 16:19:00,5,53,21.7,68,10.2,1013.7,1.0,2.7,1,1194.9,0
2021-04-29 16:24:00,5,53,21.8,68,10.1,1013.6,1.7,3.1,6,1194.9,0
2021-04-29 16:29:00,5,53,21.9,68,10.3,1013.6,0.0,0.7,4,1194.9,0
2021-04-29 16:34:00,5,53,21.9,68,10.2,1013.6,1.4,2.7,6,1194.9,0
2021-04-29 16:39:00,5,52,21.9,69,10.1,1013.6,1.0,1.7,4,1194.9,0
2021-04-29 16:44:00,5,51,22.0,69,9.7,1013.8,2.0,4.1,5,1194.9,0
2021-04-29 16:49:00,5,51,22.0,69,9.7,1013.8,0.3,1.0,8,1194.9,0
2021-04-29 16:54:00,5,52,21.9,69,9.5,1013.8,1.4,2.7,1,1194.9,0
2021-04-29 16:59:00,5,52,21.9,70,9.6,1013.9,1.0,3.1,3,1194.9,0
2021-04-29 17:04:00,5,52,21.9,71,9.4,1014.0,0.7,1.7,4,1194.9,0
2021-04-29 17:09:00,5,52,21.9,71,9.2,1014.1,1.0,2.0,13,1194.9,0
2021-04-29 17:14:00,5,52,21.8,72,9.1,1014.2,0.7,2.0,1,1194.9,0
2021-04-29 17:19:00,5,52,21.7,72,8.9,1014.3,1.7,3.1,5,1194.9,0
2021-04-29 17:24:00,5,52,21.7,72,8.8,1014.5,0.3,1.0,3,1194.9,0
2021-04-29 17:29:00,5,52,21.5,73,8.7,1014.5,0.3,1.0,3,1194.9,0
2021-04-29 17:34:00,5,53,21.5,74,8.7,1014.7,0.7,1.7,5,1194.9,0
2021-04-29 17:39:00,5,53,21.4,74,8.7,1014.7,1.0,1.7,13,1194.9,0
2021-04-29 17:44:00,5,55,21.3,74,8.6,1014.9,1.0,2.0,2,1194.9,0
2021-04-29 17:49:00,5,57,21.3,73,8.5,1015.0,0.7,1.7,9,1194.9,0
2021-04-29 17:54:00,5,59,21.2,74,8.5,1015.1,1.0,2.0,3,1194.9,0
2021-04-29 17:59:00,5,60,21.2,75,8.4,1015.0,1.0,3.7,2,1194.9,0
2021-04-29 18:04:00,5,61,21.1,75,8.3,1015.2,1.0,2.7,2,1194.9,0
2021-04-29 18:09:00,5,62,21.1,74,8.2,1015.3,2.4,4.8,1,1194.9,0
2021-04-29 18:14:00,5,64,21.0,75,8.1,1015.5,1.0,2.0,3,1194.9,0
2021-04-29 18:19:00,5,66,20.9,75,8.1,1015.6,1.0,2.7,5,1194.9,0
2021-04-29 18:24:00,5,67,20.9,76,8.0,1015.6,0.7,1.0,3,1194.9,0
2021-04-29 18:29:00,5,68,20.8,76,7.9,1015.6,0.7,1.7,4,1194.9,0
2021-04-29 18:34:00,5,69,20.8,77,7.9,1015.9,0.7,1.7,1,1194.9,0
2021-04-29 18:39:00,5,70,20.7,77,7.8,1015.9,0.7,1.7,2,1194.9,0
2021-04-29 18:44:00,5,70,20.7,77,7.7,1015.9,0.7,2.7,1,1194.9,0
2021-04-29 18:49:00,5,70,20.7,78,7.7,1016.0,1.0,2.0,1,1194.9,0
2021-04-29 18:54:00,5,71,20.6,79,7.6,1016.0,0.0,0.7,5,1194.9,0
2021-04-29 18:59:00,5,72,20.6,79,7.5,1016.3,0.3,1.0,1,1194.9,0
2021-04-29 19:04:00,5,72,20.6,79,7.4,1016.3,0.3,1.0,3,1194.9,0
2021-04-29 19:09:00,5,73,20.6,79,7.4,1016.2,1.0,2.7,4,1194.9,0
2021-04-29 19:14:00,5,72,20.5,79,7.4,1016.4,0.3,0.7,5,1194.9,0
2021-04-29 19:19:00,5,71,20.5,79,7.4,1016.6,0.3,1.0,2,1194.9,0
2021-04-29 19:24:00,5,71,20.5,80,7.4,1016.6,0.7,2.0,3,1194.9,0
2021-04-29 19:29:00,5,70,20.4,80,7.5,1016.8,0.3,1.0,3,1194.9,0
2021-04-29 19:34:00,5,70,20.4,80,7.4,1016.8,0.3,1.0,7,1194.9,0
2021-04-29 19:39:00,5,70,20.3,80,7.4,1016.9,0.7,2.0,6,1194.9,0
2021-04-29 19:44:00,5,69,20.3,80,7.3,1017.1,0.3,0.7,2,1194.9,0
2021-04-29 19:49:00,5,69,20.2,80,7.2,1017.2,0.3,1.0,6,1194.9,0
2021-04-29 19:54:00,5,68,20.2,80,7.3,1017.2,0.3,1.7,6,1194.9,0
2021-04-29 19:59:00,5,68,20.1,81,7.2,1017.2,0.7,1.7,3,1194.9,0
2021-04-29 20:04:00,5,67,20.1,81,7.2,1017.2,0.3,1.0,4,1194.9,0
2021-04-29 20:09:00,5,67,20.1,81,7.1,1017.3,0.0,0.0,3,1194.9,0
2021-04-29 20:14:00,5,66,20.0,81,7.1,1017.3,0.0,0.0,5,1194.9,0
2021-04-29 20:19:00,5,65,20.0,82,7.0,1017.4,0.0,0.7,7,1194.9,0
2021-04-29 20:24:00,5,65,19.8,82,6.8,1017.5,0.3,0.7,6,1194.9,0
2021-04-29 20:29:00,5,64,19.8,83,6.7,1017.6,0.0,0.0,4,1194.9,0
2021-04-29 20:34:00,5,65,19.8,84,6.7,1017.6,0.0,0.7,6,1194.9,0
2021-04-29 20:39:00,5,65,19.7,84,6.6,1017.7,0.0,0.0,8,1194.9,0
2021-04-29 20:44:00,5,65,19.7,84,6.5,1017.7,0.0,0.0,5,1194.9,0
2021-04-29 20:49:00,5,65,19.7,85,6.4,1017.7,0.0,0.0,5,1194.9,0
2021-04-29 20:54:00,5,65,19.7,84,6.5,1017.6,0.3,0.7,6,1194.9,0
2021-04-29 20:59:00,5,64,19.7,83,6.7,1017.7,0.0,0.7,4,1194.9,0
2021-04-29 21:04:00,5,64,19.7,82,6.8,1017.9,0.0,0.7,3,1194.9,0
2021-04-29 21:09:00,5,64,19.6,82,6.8,1017.9,0.0,0.7,7,1194.9,0
2021-04-29 21:14:00,5,64,19.6,82,6.9,1017.9,0.7,1.7,2,1194.9,0
2021-04-29 21:19:00,5,64,19.6,82,6.9,1018.1,0.3,1.0,0,1194.9,0
2021-04-29 21:24:00,5,64,19.6,82,7.0,1018.1,0.3,1.0,6,1194.9,0
2021-04-29 21:29:00,5,64,19.6,82,7.0,1018.2,0.3,0.7,7,1194.9,0
2021-04-29 21:34:00,5,64,19.5,82,6.9,1018.2,0.0,0.7,5,1194.9,0
2021-04-29 21:39:00,5,64,19.5,83,6.9,1018.2,0.0,0.0,7,1194.9,0
2021-04-29 21:44:00,5,63,19.5,83,6.8,1018.4,0.3,1.0,6,1194.9,0
2021-04-29 21:49:00,5,63,19.5,84,6.7,1018.4,0.7,1.0,7,1194.9,0
2021-04-29 21:54:00,5,63,19.5,84,6.6,1018.4,0.7,1.0,7,1194.9,0
2021-04-29 21:59:00,5,63,19.4,84,6.7,1018.6,0.3,0.7,7,1194.9,0
2021-04-29 22:04:00,5,63,19.4,84,6.7,1018.5,0.3,1.0,9,1194.9,0
2021-04-29 22:09:00,5,63,19.4,84,6.8,1018.6,0.3,0.7,7,1194.9,0
2021-04-29 22:14:00,5,63,19.3,84,6.8,1018.6,0.3,1.0,7,1194.9,0
2021-04-29 22:19:00,5,63,19.3,84,6.9,1018.6,0.0,0.0,7,1194.9,0
2021-04-29 22:24:00,5,63,19.3,84,6.9,1018.7,0.0,0.0,2,1194.9,0
2021-04-29 22:29:00,5,62,19.3,84,7.0,1018.7,0.0,0.7,7,1194.9,0
2021-04-29 22:34:00,5,63,18.5,84,6.9,1018.7,0.3,0.7,7,1194.9,0
2021-04-29 22:39:00,5,62,19.3,84,6.8,1018.6,0.0,0.0,4,1194.9,0
2021-04-29 22:44:00,5,62,19.2,84,6.8,1018.8,0.0,0.7,5,1194.9,0
2021-04-29 22:49:00,5,62,19.2,85,6.7,1018.7,0.0,0.0,6,1194.9,0
2021-04-29 22:54:00,5,62,19.2,85,6.7,1018.8,0.3,1.7,6,1194.9,0
2021-04-29 22:59:00,5,63,18.4,85,6.6,1018.8,0.0,0.0,6,1194.9,0
2021-04-29 23:04:00,5,63,18.4,85,6.6,1018.8,0.0,0.7,6,1194.9,0
2021-04-29 23:09:00,5,62,18.4,85,6.6,1018.9,0,0,6,1194.9,0
2021-04-29 23:14:00,5,62,18.4,86,6.5,1019.0,0,0,6,1194.9,0
2021-04-29 23:19:00,5,62,18.3,86,6.5,1019.0,0,0.7,6,1194.9,0
2021-04-29 23:24:00,5,62,18.3,86,6.4,1018.9,0,0,7,1194.9,0
2021-04-29 23:29:00,5,62,18.3,86,6.3,1018.9,0,0,7,1194.9,0
2021-04-29 23:34:00,5,62,18.3,87,6.3,1018.9,0,0,7,1194.9,0
2021-04-29 23:39:00,5,62,18.3,87,6.3,1019.0,0,0,7,1194.9,0
2021-04-29 23:44:00,5,62,18.2,87,6.2,1019.1,0,0,7,1194.9,0
2021-04-29 23:49:00,5,62,18.1,88,6.2,1019.1,0,0,7,1194.9,0
2021-04-29 23:54:00,5,62,18.1,88,6.2,1019.1,0,0,7,1194.9,0
2021-04-29 23:59:00,5,61,18.1,88,6.3,1019.1,0,0.7,7,1194.9,0
