2021-04-08 00:02:00,5,57,17.5,86,2.4,1031.0,0.0,0.0,5,1166.1,0
2021-04-08 00:07:00,5,57,17.5,86,2.4,1031.0,0.0,0.0,5,1166.1,0
2021-04-08 00:12:00,5,57,17.4,85,2.4,1031.1,0.0,0.0,6,1166.1,0
2021-04-08 00:17:00,5,57,17.4,86,2.4,1031.0,0.0,0.0,6,1166.1,0
2021-04-08 00:22:00,5,57,17.4,85,2.4,1031.1,0.3,0.7,7,1166.1,0
2021-04-08 00:27:00,5,57,17.3,85,2.5,1031.2,0.0,0.0,6,1166.1,0
2021-04-08 00:32:00,5,57,17.3,86,2.4,1031.2,0.0,0.0,5,1166.1,0
2021-04-08 00:37:00,5,57,17.3,86,2.5,1031.3,0.0,0.0,4,1166.1,0
2021-04-08 00:42:00,5,57,17.3,86,2.4,1031.3,0.3,0.7,7,1166.1,0
2021-04-08 00:47:00,5,57,17.2,86,2.4,1031.5,0.3,1.0,6,1166.1,0
2021-04-08 00:52:00,5,57,17.2,85,2.6,1031.7,0.7,1.0,1,1166.1,0
2021-04-08 00:57:00,5,57,17.1,85,2.6,1031.6,0.0,0.7,2,1166.1,0
2021-04-08 01:02:00,5,57,17.1,84,2.6,1031.6,0.0,0.7,1,1166.1,0
2021-04-08 01:07:00,5,57,17.1,84,2.5,1031.5,0.0,0.0,4,1166.1,0
2021-04-08 01:12:00,5,56,17.1,85,2.5,1031.6,0.0,0.0,4,1166.1,0
2021-04-08 01:17:00,5,56,17.0,85,2.4,1031.7,0.0,0.0,4,1166.1,0
2021-04-08 01:22:00,5,56,17.0,85,2.4,1031.6,0.0,0.0,4,1166.1,0
2021-04-08 01:27:00,5,56,17.0,85,2.3,1031.7,0.0,0.0,4,1166.1,0
2021-04-08 01:32:00,5,56,17.0,85,2.4,1031.6,0.0,0.0,4,1166.1,0
2021-04-08 01:37:00,5,57,16.9,86,2.3,1031.6,0.0,0.0,4,1166.1,0
2021-04-08 01:42:00,5,57,16.9,86,2.3,1031.6,0.0,0.0,4,1166.1,0
2021-04-08 01:47:00,5,57,16.9,87,2.2,1031.7,0.0,0.0,1,1166.1,0
2021-04-08 01:52:00,5,57,16.9,87,2.3,1031.7,0.0,0.7,5,1166.1,0
2021-04-08 01:57:00,5,57,16.9,87,2.3,1031.8,0.0,0.0,6,1166.1,0
2021-04-08 02:02:00,5,57,16.8,88,2.3,1031.7,0.0,0.0,6,1166.1,0
2021-04-08 02:07:00,5,57,16.8,88,2.1,1031.8,0.0,0.0,6,1166.1,0
2021-04-08 02:12:00,5,57,16.8,89,2.0,1031.8,0.0,0.0,6,1166.1,0
2021-04-08 02:17:00,5,57,16.8,89,1.9,1031.7,0.0,0.0,6,1166.1,0
2021-04-08 02:22:00,5,57,16.7,89,1.9,1031.8,0.0,0.0,6,1166.1,0
2021-04-08 02:27:00,5,57,16.7,90,2.0,1031.8,0.0,0.0,6,1166.1,0
2021-04-08 02:32:00,5,57,16.7,90,1.9,1031.9,0.0,0.0,6,1166.1,0
2021-04-08 02:37:00,5,57,16.7,90,1.7,1031.8,0.0,0.0,6,1166.1,0
2021-04-08 02:42:00,5,57,16.6,90,1.7,1031.8,0.0,0.0,6,1166.1,0
2021-04-08 02:47:00,5,57,16.6,90,1.8,1031.9,0.0,0.0,6,1166.1,0
2021-04-08 02:52:00,5,57,16.6,91,1.8,1031.9,0.0,0.0,6,1166.1,0
2021-04-08 02:57:00,5,57,16.6,89,1.8,1031.8,0.0,0.0,6,1166.1,0
2021-04-08 03:02:00,5,57,16.5,88,1.9,1032.0,0.0,0.0,6,1166.1,0
2021-04-08 03:07:00,5,57,16.5,86,2.1,1032.0,0.0,0.0,6,1166.1,0
2021-04-08 03:12:00,5,57,16.5,83,2.3,1031.9,0.0,0.0,5,1166.1,0
2021-04-08 03:17:00,5,57,16.5,81,2.5,1032.0,0.0,0.0,5,1166.1,0
2021-04-08 03:22:00,5,57,16.4,78,2.7,1032.0,0.3,1.0,6,1166.1,0
2021-04-08 03:27:00,5,57,16.4,77,2.7,1032.0,0.3,0.7,6,1166.1,0
2021-04-08 03:32:00,5,57,16.4,78,2.6,1032.0,0.0,0.0,6,1166.1,0
2021-04-08 03:37:00,5,57,16.4,77,2.6,1032.0,0.3,1.0,7,1166.1,0
2021-04-08 03:42:00,5,57,16.4,78,2.6,1032.0,0.0,0.7,6,1166.1,0
2021-04-08 03:47:00,5,57,16.3,76,2.6,1032.0,0.0,0.0,6,1166.1,0
2021-04-08 03:52:00,5,57,16.3,77,2.5,1032.0,0.0,0.0,6,1166.1,0
2021-04-08 03:57:00,5,57,16.3,76,2.4,1032.2,0.0,0.0,6,1166.1,0
2021-04-08 04:02:00,5,57,16.3,76,2.4,1032.1,0.0,0.7,6,1166.1,0
2021-04-08 04:07:00,5,57,16.3,75,2.3,1032.1,0.3,0.7,7,1166.1,0
2021-04-08 04:12:00,5,57,16.3,76,2.2,1032.1,0.0,0.0,7,1166.1,0
2021-04-08 04:17:00,5,57,16.2,77,2.0,1032.1,0.0,0.0,7,1166.1,0
2021-04-08 04:22:00,5,57,16.2,76,2.1,1032.2,0.0,0.0,7,1166.1,0
2021-04-08 04:27:00,5,56,16.2,77,2.0,1032.3,0.0,0.0,7,1166.1,0
2021-04-08 04:32:00,5,56,16.2,77,2.1,1032.3,0.0,0.0,7,1166.1,0
2021-04-08 04:37:00,5,56,16.1,77,1.9,1032.2,0.0,0.0,7,1166.1,0
2021-04-08 04:42:00,5,56,16.1,78,1.8,1032.3,0.0,0.0,7,1166.1,0
2021-04-08 04:47:00,5,56,16.1,78,1.7,1032.3,0.0,0.0,7,1166.1,0
2021-04-08 04:52:00,5,56,16.1,77,1.8,1032.4,0.0,0.0,7,1166.1,0
2021-04-08 04:57:00,5,56,16.1,79,1.7,1032.3,0.0,0.0,7,1166.1,0
2021-04-08 05:02:00,5,56,16.0,77,1.6,1032.3,0.0,0.0,7,1166.1,0
2021-04-08 05:07:00,5,56,16.0,77,1.7,1032.4,0.0,0.0,7,1166.1,0
2021-04-08 05:12:00,5,56,16.0,80,1.7,1032.4,0.0,0.0,7,1166.1,0
2021-04-08 05:17:00,5,56,16.0,78,1.9,1032.4,0.0,0.0,7,1166.1,0
2021-04-08 05:22:00,5,57,16.1,79,2.0,1032.5,0.0,0.0,7,1166.1,0
2021-04-08 05:27:00,5,57,16.3,78,2.2,1032.3,0.0,0.0,7,1166.1,0
2021-04-08 05:32:00,5,57,16.5,77,2.5,1032.0,0.3,1.0,5,1166.1,0
2021-04-08 05:37:00,5,57,16.9,77,2.7,1031.6,0.0,0.0,7,1166.1,0
2021-04-08 05:42:00,5,55,17.4,79,3.0,1031.3,0.0,0.0,7,1166.1,0
2021-04-08 05:47:00,5,55,18.8,76,3.0,1030.8,0.0,1.0,5,1166.1,0
2021-04-08 05:52:00,5,53,19.2,76,3.1,1030.4,0.0,0.0,7,1166.1,0
2021-04-08 05:57:00,5,52,19.7,76,3.0,1030.0,0.3,1.0,6,1166.1,0
2021-04-08 06:02:00,5,51,20.0,77,2.9,1029.7,0.0,0.0,6,1166.1,0
2021-04-08 06:07:00,5,50,20.2,77,3.0,1029.5,0.0,0.0,6,1166.1,0
2021-04-08 06:12:00,5,50,20.4,77,3.1,1029.3,0.0,0.0,6,1166.1,0
2021-04-08 06:17:00,5,50,20.4,77,3.1,1029.2,0.0,0.7,6,1166.1,0
2021-04-08 06:22:00,5,50,20.5,78,3.2,1029.1,0.0,0.0,6,1166.1,0
2021-04-08 06:27:00,5,50,20.5,78,3.2,1029.2,0.0,0.0,6,1166.1,0
2021-04-08 06:32:00,5,50,20.6,79,3.3,1029.1,0.0,0.0,6,1166.1,0
2021-04-08 06:37:00,5,49,20.5,79,3.3,1029.2,0.0,0.0,6,1166.1,0
2021-04-08 06:42:00,5,49,20.5,79,3.4,1029.2,0.0,0.0,6,1166.1,0
2021-04-08 06:47:00,5,50,20.5,78,3.5,1029.2,0.0,0.7,6,1166.1,0
2021-04-08 06:52:00,5,49,20.4,77,3.6,1029.4,0.7,1.0,6,1166.1,0
2021-04-08 06:57:00,5,50,20.4,76,3.8,1029.5,0.0,0.0,6,1166.1,0
2021-04-08 07:02:00,5,50,20.3,76,3.9,1029.6,0.0,0.7,6,1166.1,0
2021-04-08 07:07:00,5,50,20.2,76,4.0,1029.7,0.0,0.7,7,1166.1,0
2021-04-08 07:12:00,5,50,20.1,78,4.0,1029.8,0.0,0.7,7,1166.1,0
2021-04-08 07:17:00,5,50,20.1,77,4.1,1029.9,0.3,0.7,8,1166.1,0
2021-04-08 07:22:00,5,50,20.0,76,4.2,1030.0,0.0,0.0,6,1166.1,0
2021-04-08 07:27:00,5,51,19.8,77,4.4,1030.0,0.0,0.7,6,1166.1,0
2021-04-08 07:32:00,5,51,19.8,78,4.6,1030.1,0.0,0.0,7,1166.1,0
2021-04-08 07:37:00,5,51,19.7,75,4.7,1030.0,0.3,1.0,7,1166.1,0
2021-04-08 07:42:00,5,51,19.7,74,4.9,1030.1,0.3,0.7,7,1166.1,0
2021-04-08 07:47:00,5,51,19.6,73,5.1,1030.2,0.0,0.7,12,1166.1,0
2021-04-08 07:52:00,5,51,19.6,71,5.2,1030.2,0.3,1.0,14,1166.1,0
2021-04-08 07:57:00,5,51,19.5,68,5.1,1030.4,1.0,2.0,10,1166.1,0
2021-04-08 08:02:00,5,52,19.5,68,5.2,1030.4,0.7,1.7,10,1166.1,0
2021-04-08 08:07:00,5,52,19.5,68,5.2,1030.5,0.7,1.7,9,1166.1,0
2021-04-08 08:12:00,5,53,19.5,67,5.2,1030.5,0.7,1.0,12,1166.1,0
2021-04-08 08:17:00,5,54,19.6,67,5.3,1030.5,0.3,1.0,10,1166.1,0
2021-04-08 08:22:00,5,54,19.8,65,5.2,1030.3,1.0,1.7,9,1166.1,0
2021-04-08 08:27:00,5,53,20.1,64,5.3,1030.1,0.7,1.7,8,1166.1,0
2021-04-08 08:32:00,5,53,20.5,65,5.4,1029.7,0.7,1.0,11,1166.1,0
2021-04-08 08:37:00,5,53,20.7,65,5.4,1029.2,0.7,1.7,7,1166.1,0
2021-04-08 08:42:00,5,51,21.1,63,5.4,1028.8,1.4,3.7,14,1166.1,0
2021-04-08 08:47:00,5,51,21.5,64,5.6,1028.5,0.3,1.0,7,1166.1,0
2021-04-08 08:52:00,5,50,21.7,64,5.6,1028.2,0.7,1.0,9,1166.1,0
2021-04-08 08:57:00,5,50,21.8,63,5.6,1028.1,0.7,2.0,9,1166.1,0
2021-04-08 09:02:00,5,50,21.9,65,5.8,1028.0,0.3,1.0,6,1166.1,0
2021-04-08 09:07:00,5,49,22.1,63,5.8,1027.9,1.7,2.7,6,1166.1,0
2021-04-08 09:12:00,5,48,22.1,63,5.8,1027.7,1.0,2.0,12,1166.1,0
2021-04-08 09:17:00,5,48,22.2,62,5.8,1027.8,1.0,2.7,8,1166.1,0
2021-04-08 09:22:00,5,48,22.2,62,6.0,1027.7,0.3,1.0,14,1166.1,0
2021-04-08 09:27:00,5,48,22.2,60,6.2,1027.8,0.7,1.0,5,1166.1,0
2021-04-08 09:32:00,5,48,22.1,60,6.2,1027.7,1.4,3.1,7,1166.1,0
2021-04-08 09:37:00,5,48,22.1,62,6.5,1027.8,0.7,1.0,8,1166.1,0
2021-04-08 09:42:00,5,47,22.0,60,6.3,1027.7,2.0,3.7,7,1166.1,0
2021-04-08 09:47:00,5,47,21.9,60,6.5,1027.8,1.7,2.7,8,1166.1,0
2021-04-08 09:52:00,5,46,21.9,60,6.5,1027.7,2.0,5.1,6,1166.1,0
2021-04-08 09:57:00,5,46,21.8,60,6.5,1027.9,1.4,2.7,8,1166.1,0
2021-04-08 10:02:00,5,45,21.8,60,6.7,1028.0,1.0,2.0,10,1166.1,0
2021-04-08 10:07:00,5,44,21.8,60,6.7,1027.9,2.0,3.7,5,1166.1,0
2021-04-08 10:12:00,5,42,21.8,62,7.0,1028.0,1.4,2.0,15,1166.1,0
2021-04-08 10:17:00,5,42,21.7,61,7.0,1028.0,1.0,3.7,7,1166.1,0
2021-04-08 10:22:00,5,41,21.7,62,7.1,1028.0,0.7,2.0,9,1166.1,0
2021-04-08 10:27:00,5,40,21.6,62,7.0,1028.0,1.4,2.0,12,1166.1,0
2021-04-08 10:32:00,5,40,21.6,62,7.0,1028.2,0.7,1.7,9,1166.1,0
2021-04-08 10:37:00,5,40,21.5,62,7.0,1028.1,1.7,2.7,7,1166.1,0
2021-04-08 10:42:00,5,40,21.5,62,7.0,1028.3,1.7,3.1,6,1166.1,0
2021-04-08 10:47:00,5,40,21.3,62,7.3,1028.3,1.4,3.1,13,1166.1,0
2021-04-08 10:52:00,5,41,21.3,62,7.4,1028.4,0.7,1.7,6,1166.1,0
2021-04-08 10:57:00,5,42,21.3,61,7.3,1028.4,1.7,5.1,8,1166.1,0
2021-04-08 11:02:00,5,43,21.2,59,7.1,1028.4,2.0,5.1,8,1166.1,0
2021-04-08 11:07:00,5,44,21.2,59,7.3,1028.4,2.0,3.1,9,1166.1,0
2021-04-08 11:12:00,5,44,21.2,59,7.5,1028.4,1.7,3.1,9,1166.1,0
2021-04-08 11:17:00,5,45,21.2,59,8.2,1028.3,0.7,1.7,9,1166.1,0
2021-04-08 11:22:00,5,45,21.3,58,8.0,1028.2,1.7,2.7,8,1166.1,0
2021-04-08 11:27:00,5,46,21.4,56,8.0,1028.3,1.4,2.7,5,1166.1,0
2021-04-08 11:32:00,5,46,21.4,57,8.1,1028.3,0.3,1.0,12,1166.1,0
2021-04-08 11:37:00,5,46,21.5,57,8.2,1028.1,1.0,2.0,7,1166.1,0
2021-04-08 11:42:00,5,46,21.5,56,8.3,1028.0,1.0,2.7,0,1166.1,0
2021-04-08 11:47:00,5,46,21.5,54,8.4,1028.0,2.0,3.7,7,1166.1,0
2021-04-08 11:52:00,5,46,21.5,56,8.2,1027.9,1.4,3.1,9,1166.1,0
2021-04-08 11:57:00,5,46,21.5,55,8.3,1027.9,1.4,2.7,11,1166.1,0
2021-04-08 12:02:00,5,47,21.5,55,8.5,1027.9,1.7,3.7,7,1166.1,0
2021-04-08 12:07:00,5,47,21.6,55,8.3,1027.8,1.7,3.7,9,1166.1,0
2021-04-08 12:12:00,5,46,21.6,55,8.5,1027.7,0.7,1.7,5,1166.1,0
2021-04-08 12:17:00,5,46,21.6,55,8.3,1027.7,0.7,1.7,12,1166.1,0
2021-04-08 12:22:00,5,46,21.6,54,8.2,1027.7,2.0,3.7,1,1166.1,0
2021-04-08 12:27:00,5,46,21.6,54,8.7,1027.6,0.7,1.7,3,1166.1,0
2021-04-08 12:32:00,5,47,21.6,52,9.1,1027.5,1.0,2.7,8,1166.1,0
2021-04-08 12:37:00,5,47,21.6,50,9.2,1027.4,1.4,2.7,5,1166.1,0
2021-04-08 12:42:00,5,46,21.6,52,9.0,1027.5,1.7,3.7,14,1166.1,0
2021-04-08 12:47:00,5,46,21.6,51,9.4,1027.5,1.7,3.7,6,1166.1,0
2021-04-08 12:52:00,5,46,21.5,54,9.1,1027.4,1.4,2.7,10,1166.1,0
2021-04-08 12:57:00,5,47,21.5,52,9.6,1027.4,0.3,1.0,11,1166.1,0
2021-04-08 13:02:00,5,48,21.5,52,9.5,1027.2,1.4,3.1,14,1166.1,0
2021-04-08 13:07:00,5,49,21.5,51,9.6,1027.3,2.0,4.8,7,1166.1,0
2021-04-08 13:12:00,5,49,21.5,51,9.7,1027.1,1.0,3.1,8,1166.1,0
2021-04-08 13:17:00,5,49,21.5,51,9.7,1027.2,1.0,2.0,8,1166.1,0
2021-04-08 13:22:00,5,49,21.5,50,9.6,1027.2,1.4,2.7,11,1166.1,0
2021-04-08 13:27:00,5,49,21.5,50,9.7,1027.1,1.4,2.7,10,1166.1,0
2021-04-08 13:32:00,5,49,21.5,49,9.6,1027.0,1.4,2.7,11,1166.1,0
2021-04-08 13:37:00,5,49,21.4,49,9.8,1027.1,2.0,4.8,7,1166.1,0
2021-04-08 13:42:00,5,49,21.4,50,10.5,1027.0,1.0,2.0,1,1166.1,0
2021-04-08 13:47:00,5,49,21.4,48,9.6,1027.0,2.7,4.8,9,1166.1,0
2021-04-08 13:52:00,5,49,21.4,51,9.1,1026.9,1.7,3.7,6,1166.1,0
2021-04-08 13:57:00,5,49,21.3,50,9.6,1026.9,2.0,3.7,13,1166.1,0
2021-04-08 14:02:00,5,49,21.3,49,9.6,1026.9,2.4,3.1,10,1166.1,0
2021-04-08 14:07:00,5,50,21.3,50,9.9,1026.7,1.0,1.7,9,1166.1,0
2021-04-08 14:12:00,5,50,21.3,49,9.5,1026.7,1.4,2.0,11,1166.1,0
2021-04-08 14:17:00,5,50,21.2,51,9.5,1026.8,0.7,1.7,15,1166.1,0
2021-04-08 14:22:00,5,50,21.2,50,9.1,1026.8,2.0,3.7,12,1166.1,0
2021-04-08 14:27:00,5,49,21.2,49,9.6,1026.8,1.0,2.0,11,1166.1,0
2021-04-08 14:32:00,5,49,21.2,48,10.1,1026.7,1.0,2.7,11,1166.1,0
2021-04-08 14:37:00,5,49,21.2,49,10.0,1026.7,1.0,3.1,4,1166.1,0
2021-04-08 14:42:00,5,49,21.2,49,9.8,1026.7,1.0,2.0,6,1166.1,0
2021-04-08 14:47:00,5,49,21.2,48,9.7,1026.5,1.7,5.1,12,1166.1,0
2021-04-08 14:52:00,5,50,21.2,49,9.6,1026.4,1.4,2.7,6,1166.1,0
2021-04-08 14:57:00,5,50,21.2,49,9.4,1026.5,1.4,2.7,6,1166.1,0
2021-04-08 15:02:00,5,50,21.2,48,9.8,1026.5,2.0,4.1,8,1166.1,0
2021-04-08 15:07:00,5,50,21.2,48,10.1,1026.3,1.0,1.7,9,1166.1,0
2021-04-08 15:12:00,5,50,21.3,49,10.0,1026.2,0.7,1.7,14,1166.1,0
2021-04-08 15:17:00,5,50,21.2,49,9.6,1026.1,2.0,4.8,7,1166.1,0
2021-04-08 15:22:00,5,49,21.2,50,9.5,1026.1,1.0,2.0,7,1166.1,0
2021-04-08 15:27:00,5,49,21.2,51,9.6,1026.1,0.7,1.7,7,1166.1,0
2021-04-08 15:32:00,5,49,21.2,49,9.5,1026.0,2.0,3.1,6,1166.1,0
2021-04-08 15:37:00,5,49,21.1,52,9.6,1026.2,0.7,1.7,6,1166.1,0
2021-04-08 15:42:00,5,47,21.0,50,9.5,1026.1,1.4,2.0,8,1166.1,0
2021-04-08 15:47:00,5,44,21.0,50,9.4,1026.1,1.0,1.7,10,1166.1,0
2021-04-08 15:52:00,5,43,20.9,51,9.3,1026.2,0.7,1.7,8,1166.1,0
2021-04-08 15:57:00,5,42,20.7,51,9.3,1026.1,0.7,1.7,2,1166.1,0
2021-04-08 16:02:00,5,42,20.7,52,9.4,1026.0,1.4,2.7,0,1166.1,0
2021-04-08 16:07:00,5,41,20.7,51,9.6,1026.2,1.0,2.0,12,1166.1,0
2021-04-08 16:12:00,5,41,20.7,51,9.7,1026.0,0.3,1.7,5,1166.1,0
2021-04-08 16:17:00,5,41,20.7,52,9.5,1025.9,1.0,2.7,8,1166.1,0
2021-04-08 16:22:00,5,42,20.7,51,9.5,1026.0,1.7,2.0,8,1166.1,0
2021-04-08 16:27:00,5,43,20.7,52,9.6,1025.8,0.7,2.0,8,1166.1,0
2021-04-08 16:32:00,5,43,20.7,51,9.5,1025.8,1.4,3.7,13,1166.1,0
2021-04-08 16:37:00,5,45,20.7,53,9.3,1025.7,0.7,1.7,11,1166.1,0
2021-04-08 16:42:00,5,45,20.7,53,9.3,1025.6,0.7,1.7,9,1166.1,0
2021-04-08 16:47:00,5,44,20.7,52,9.2,1025.8,1.4,2.0,7,1166.1,0
2021-04-08 16:52:00,5,45,20.7,53,9.2,1025.8,1.0,2.0,11,1166.1,0
2021-04-08 16:57:00,5,47,20.7,53,9.2,1025.6,0.7,1.0,7,1166.1,0
2021-04-08 17:02:00,5,47,20.7,53,9.2,1025.6,1.0,1.7,4,1166.1,0
2021-04-08 17:07:00,5,48,20.7,54,9.1,1025.6,0.7,1.7,13,1166.1,0
2021-04-08 17:12:00,5,49,20.6,53,9.1,1025.6,1.4,2.7,12,1166.1,0
2021-04-08 17:17:00,5,50,20.6,54,9.0,1025.7,1.0,1.7,6,1166.1,0
2021-04-08 17:22:00,5,50,20.6,54,8.9,1025.7,1.4,2.7,8,1166.1,0
2021-04-08 17:27:00,5,50,20.6,56,8.9,1025.7,0.3,0.7,8,1166.1,0
2021-04-08 17:32:00,5,50,20.5,57,8.7,1025.6,0.0,1.0,4,1166.1,0
2021-04-08 17:37:00,5,50,20.5,58,8.6,1025.6,0.7,2.0,6,1166.1,0
2021-04-08 17:42:00,5,51,20.5,59,8.5,1025.5,0.7,1.0,6,1166.1,0
2021-04-08 17:47:00,5,51,20.4,59,8.5,1025.5,0.7,1.0,7,1166.1,0
2021-04-08 17:52:00,5,52,20.4,60,8.4,1025.6,0.0,0.7,7,1166.1,0
2021-04-08 17:57:00,5,52,20.4,61,8.3,1025.5,0.0,0.7,5,1166.1,0
2021-04-08 18:02:00,5,53,20.4,61,8.2,1025.5,0.7,1.7,9,1166.1,0
2021-04-08 18:07:00,5,53,20.5,62,8.2,1025.3,0.0,0.0,7,1166.1,0
2021-04-08 18:12:00,5,53,20.7,62,8.1,1025.0,0.7,1.0,7,1166.1,0
2021-04-08 18:17:00,5,52,21.0,63,7.9,1024.7,0.3,0.7,6,1166.1,0
2021-04-08 18:22:00,5,52,21.2,64,7.8,1024.4,0.0,0.7,5,1166.1,0
2021-04-08 18:27:00,5,51,21.5,65,7.6,1024.0,0.0,0.0,5,1166.1,0
2021-04-08 18:32:00,5,51,21.7,65,7.6,1023.9,0.3,0.7,6,1166.1,0
2021-04-08 18:37:00,5,51,21.8,65,7.6,1023.7,0.3,0.7,6,1166.1,0
2021-04-08 18:42:00,5,50,21.9,66,7.5,1023.5,0.0,0.0,7,1166.1,0
2021-04-08 18:47:00,5,49,22.0,66,7.3,1023.4,0.0,0.0,7,1166.1,0
2021-04-08 18:52:00,5,49,22.1,68,7.2,1023.4,0.7,1.0,7,1166.1,0
2021-04-08 18:57:00,5,49,22.1,68,7.1,1023.3,0.3,1.0,7,1166.1,0
2021-04-08 19:02:00,5,49,22.1,69,6.9,1023.3,0.0,0.0,7,1166.1,0
2021-04-08 19:07:00,5,49,22.1,70,6.9,1023.2,0.0,0.7,6,1166.1,0
2021-04-08 19:12:00,5,49,22.1,71,6.8,1023.2,0.0,0.0,6,1166.1,0
2021-04-08 19:17:00,5,50,21.9,72,6.5,1023.3,0.0,0.0,6,1166.1,0
2021-04-08 19:22:00,5,50,21.9,74,6.3,1023.3,0.0,0.0,6,1166.1,0
2021-04-08 19:27:00,5,50,21.9,74,6.3,1023.4,0.3,0.7,7,1166.1,0
2021-04-08 19:32:00,5,50,21.8,75,6.1,1023.4,0.0,0.0,7,1166.1,0
2021-04-08 19:37:00,5,51,21.8,75,6.0,1023.3,0.0,0.0,7,1166.1,0
2021-04-08 19:42:00,5,51,21.7,75,6.0,1023.5,0.0,0.0,7,1166.1,0
2021-04-08 19:47:00,5,51,21.7,75,6.0,1023.4,0.0,0.7,7,1166.1,0
2021-04-08 19:52:00,5,51,21.6,74,6.1,1023.4,0.0,0.0,7,1166.1,0
2021-04-08 19:57:00,5,51,21.5,74,6.2,1023.5,0.3,0.7,7,1166.1,0
2021-04-08 20:02:00,5,51,21.5,75,6.2,1023.5,0.7,1.7,6,1166.1,0
2021-04-08 20:07:00,5,51,21.4,75,6.2,1023.6,0.3,1.0,8,1166.1,0
2021-04-08 20:12:00,5,52,21.3,76,6.1,1023.6,0.0,0.0,6,1166.1,0
2021-04-08 20:17:00,5,52,21.3,76,6.1,1023.6,0.0,0.0,7,1166.1,0
2021-04-08 20:22:00,5,53,21.3,76,6.0,1023.6,0.0,0.0,7,1166.1,0
2021-04-08 20:27:00,5,53,21.2,77,5.9,1023.8,0.0,0.0,7,1166.1,0
2021-04-08 20:32:00,5,54,21.2,76,6.0,1023.8,0.3,0.7,8,1166.1,0
2021-04-08 20:37:00,5,54,21.1,76,6.1,1023.7,0.3,1.0,7,1166.1,0
2021-04-08 20:42:00,5,54,21.1,76,6.1,1023.8,0.7,1.0,7,1166.1,0
2021-04-08 20:47:00,5,54,21.0,76,6.0,1023.6,0.3,1.0,7,1166.1,0
2021-04-08 20:52:00,5,55,20.9,77,5.9,1023.7,0.0,0.0,7,1166.1,0
2021-04-08 20:57:00,5,55,20.9,77,5.9,1023.6,0.0,0.7,7,1166.1,0
2021-04-08 21:02:00,5,55,20.8,77,5.9,1023.6,0.0,0.7,8,1166.1,0
2021-04-08 21:07:00,5,55,20.7,78,5.7,1023.7,0.3,1.0,8,1166.1,0
2021-04-08 21:12:00,5,55,20.7,78,5.8,1023.7,0.3,1.0,7,1166.1,0
2021-04-08 21:17:00,5,54,20.6,77,5.8,1023.6,0.0,0.7,8,1166.1,0
2021-04-08 21:22:00,5,54,20.6,78,5.7,1023.7,0.0,0.7,8,1166.1,0
2021-04-08 21:27:00,5,54,20.5,78,5.7,1023.6,0.3,0.7,7,1166.1,0
2021-04-08 21:32:00,5,54,20.5,78,5.6,1023.8,0.3,0.7,8,1166.1,0
2021-04-08 21:37:00,5,54,20.4,78,5.7,1023.7,0.3,1.0,6,1166.1,0
2021-04-08 21:42:00,5,54,20.4,78,5.7,1023.7,0.3,0.7,12,1166.1,0
2021-04-08 21:47:00,5,54,20.3,78,5.7,1023.7,0.3,0.7,7,1166.1,0
2021-04-08 21:52:00,5,54,20.3,79,5.6,1023.6,0.0,0.0,8,1166.1,0
2021-04-08 21:57:00,5,54,20.3,79,5.6,1023.5,0.3,0.7,7,1166.1,0
2021-04-08 22:02:00,5,54,20.2,79,5.7,1023.5,0.7,1.7,7,1166.1,0
2021-04-08 22:07:00,5,54,20.1,79,5.7,1023.6,0.0,0.7,11,1166.1,0
2021-04-08 22:12:00,5,54,20.1,80,5.6,1023.3,0.0,0.7,7,1166.1,0
2021-04-08 22:17:00,5,54,20.1,81,5.5,1023.4,0.0,0.0,6,1166.1,0
2021-04-08 22:22:00,5,54,20.0,81,5.4,1023.3,0.3,1.0,10,1166.1,0
2021-04-08 22:27:00,5,54,20.0,81,5.4,1023.3,0.0,0.0,5,1166.1,0
2021-04-08 22:32:00,5,54,20.0,81,5.3,1023.4,0.3,1.0,10,1166.1,0
2021-04-08 22:37:00,5,55,19.9,81,5.3,1023.2,0.3,0.7,12,1166.1,0
2021-04-08 22:42:00,5,55,19.8,81,5.3,1023.2,0.3,1.0,10,1166.1,0
2021-04-08 22:47:00,5,54,19.8,81,5.3,1023.2,0.3,0.7,11,1166.1,0
2021-04-08 22:52:00,5,55,19.8,81,5.3,1023.3,0.3,1.7,7,1166.1,0
2021-04-08 22:57:00,5,55,19.8,81,5.2,1023.2,0.3,1.0,9,1166.1,0
2021-04-08 23:02:00,5,54,19.7,81,5.2,1023.2,0.0,0.0,13,1166.1,0
2021-04-08 23:07:00,5,54,19.7,81,5.2,1023.1,0.7,1.7,7,1166.1,0
2021-04-08 23:12:00,5,54,19.6,81,5.1,1023.1,0,0.7,9,1166.1,0
2021-04-08 23:17:00,5,54,19.6,80,5.1,1023.1,0,0.7,11,1166.1,0
2021-04-08 23:22:00,5,54,19.5,80,5.0,1023.1,0,0.7,11,1166.1,0
2021-04-08 23:27:00,5,54,19.5,80,5.0,1023.0,0,0.7,13,1166.1,0
2021-04-08 23:32:00,5,54,19.4,79,5.0,1023.0,0,0,14,1166.1,0
2021-04-08 23:37:00,5,54,19.3,78,5.0,1023.0,0.3,1.0,10,1166.1,0
2021-04-08 23:42:00,5,54,19.3,77,4.9,1023.1,0,0,12,1166.1,0
2021-04-08 23:47:00,5,54,19.2,76,5.0,1023.1,0,0.7,6,1166.1,0
2021-04-08 23:52:00,5,54,19.2,74,5.1,1023.0,0.3,1.0,2,1166.1,0
2021-04-08 23:57:00,5,54,19.1,73,5.2,1023.0,0.3,1.0,7,1166.1,0
