2021-04-30 00:04:00,5,61,18.0,88,6.3,1019.1,0.0,0.0,7,1194.9,0
2021-04-30 00:09:00,5,61,18.0,87,6.7,1019.1,0.0,0.0,6,1194.9,0
2021-04-30 00:14:00,5,61,18.0,86,6.8,1019.1,0.0,0.0,6,1194.9,0
2021-04-30 00:19:00,5,60,17.9,86,6.9,1019.1,0.0,0.0,5,1194.9,0
2021-04-30 00:24:00,5,60,17.9,85,7.0,1019.2,0.0,0.7,4,1194.9,0
2021-04-30 00:29:00,5,60,17.9,85,7.0,1019.2,0.0,0.7,4,1194.9,0
2021-04-30 00:34:00,5,60,17.8,84,7.1,1019.1,0.0,0.7,6,1194.9,0
2021-04-30 00:39:00,5,60,17.8,84,7.2,1019.1,0.0,0.0,4,1194.9,0
2021-04-30 00:44:00,5,60,17.8,84,7.2,1019.4,0.0,0.0,6,1194.9,0
2021-04-30 00:49:00,5,60,17.8,84,7.2,1019.3,0.0,0.0,5,1194.9,0
2021-04-30 00:54:00,5,60,17.8,84,7.2,1019.5,0.3,1.0,6,1194.9,0
2021-04-30 00:59:00,5,60,17.7,84,7.2,1019.4,0.0,0.0,6,1194.9,0
2021-04-30 01:04:00,5,60,17.7,84,7.2,1019.5,0.0,0.7,5,1194.9,0
2021-04-30 01:09:00,5,60,17.7,83,7.4,1019.4,0.3,0.7,6,1194.9,0
2021-04-30 01:14:00,5,60,17.7,83,7.4,1019.4,0.7,1.0,5,1194.9,0
2021-04-30 01:19:00,5,60,17.7,83,7.5,1019.6,0.0,0.7,4,1194.9,0
2021-04-30 01:24:00,5,60,17.6,82,7.5,1019.5,0.0,0.0,4,1194.9,0
2021-04-30 01:29:00,5,60,17.6,82,7.5,1019.5,0.0,0.0,4,1194.9,0
2021-04-30 01:34:00,5,60,17.6,83,7.5,1019.5,0.0,0.0,3,1194.9,0
2021-04-30 01:39:00,5,60,17.6,82,7.5,1019.5,0.0,0.7,2,1194.9,0
2021-04-30 01:44:00,5,59,17.6,82,7.4,1019.7,0.0,0.7,5,1194.9,0
2021-04-30 01:49:00,5,59,17.5,82,7.5,1019.7,0.3,1.0,3,1194.9,0
2021-04-30 01:54:00,5,59,17.5,83,7.5,1019.7,0.0,0.0,7,1194.9,0
2021-04-30 01:59:00,5,59,17.5,82,7.5,1019.8,0.0,0.0,6,1194.9,0
2021-04-30 02:04:00,5,59,17.5,83,7.5,1019.8,0.3,0.7,6,1194.9,0
2021-04-30 02:09:00,5,59,17.5,83,7.5,1019.7,0.0,0.7,6,1194.9,0
2021-04-30 02:14:00,5,59,17.5,83,7.6,1019.9,0.0,0.7,6,1194.9,0
2021-04-30 02:19:00,5,59,17.5,83,7.6,1019.8,0.0,0.7,6,1194.9,0
2021-04-30 02:24:00,5,59,17.5,83,7.6,1019.8,0.0,0.7,4,1194.9,0
2021-04-30 02:29:00,5,59,17.4,83,7.6,1019.9,0.0,0.0,5,1194.9,0
2021-04-30 02:34:00,5,59,17.4,83,7.6,1019.9,0.0,0.0,5,1194.9,0
2021-04-30 02:39:00,5,59,17.4,83,7.6,1019.8,0.0,0.7,2,1194.9,0
2021-04-30 02:44:00,5,59,17.4,83,7.7,1020.0,0.0,0.7,5,1194.9,0
2021-04-30 02:49:00,5,59,17.4,83,7.7,1019.9,0.0,0.7,5,1194.9,0
2021-04-30 02:54:00,5,59,17.4,83,7.6,1019.9,0.0,1.0,5,1194.9,0
2021-04-30 02:59:00,5,59,17.4,83,7.7,1020.0,0.0,0.0,5,1194.9,0
2021-04-30 03:04:00,5,59,17.4,83,7.7,1019.9,0.0,0.0,4,1194.9,0
2021-04-30 03:09:00,5,59,17.3,83,7.6,1020.0,0.0,0.0,5,1194.9,0
2021-04-30 03:14:00,5,59,17.3,83,7.6,1020.0,0.0,0.0,6,1194.9,0
2021-04-30 03:19:00,5,58,17.3,83,7.6,1020.0,0.0,0.0,6,1194.9,0
2021-04-30 03:24:00,5,58,17.3,84,7.6,1020.0,0.0,0.0,4,1194.9,0
2021-04-30 03:29:00,5,58,17.3,84,7.6,1020.0,0.0,0.7,6,1194.9,0
2021-04-30 03:34:00,5,58,17.3,84,7.6,1020.1,0.3,0.7,6,1194.9,0
2021-04-30 03:39:00,5,58,17.3,84,7.5,1020.1,0.0,0.0,6,1194.9,0
2021-04-30 03:44:00,5,58,17.3,84,7.5,1020.1,0.0,0.0,6,1194.9,0
2021-04-30 03:49:00,5,58,17.3,84,7.5,1020.0,0.3,1.0,6,1194.9,0
2021-04-30 03:54:00,5,58,17.3,84,7.5,1020.0,0.0,0.7,6,1194.9,0
2021-04-30 03:59:00,5,58,17.2,84,7.5,1019.9,0.3,0.7,6,1194.9,0
2021-04-30 04:04:00,5,58,17.2,84,7.5,1020.0,0.0,0.7,6,1194.9,0
2021-04-30 04:09:00,5,58,17.1,84,7.5,1019.9,0.3,0.7,7,1194.9,0
2021-04-30 04:14:00,5,58,17.1,85,7.5,1020.0,0.0,0.7,7,1194.9,0
2021-04-30 04:19:00,5,58,17.1,85,7.5,1020.1,0.0,0.7,7,1194.9,0
2021-04-30 04:24:00,5,58,17.1,85,7.5,1020.2,0.0,0.7,6,1194.9,0
2021-04-30 04:29:00,5,58,17.1,85,7.5,1020.2,0.0,0.0,6,1194.9,0
2021-04-30 04:34:00,5,58,17.1,85,7.5,1020.3,0.0,0.7,6,1194.9,0
2021-04-30 04:39:00,5,58,17.1,85,7.5,1020.2,0.0,0.0,6,1194.9,0
2021-04-30 04:44:00,5,58,17.1,85,7.5,1020.1,0.0,0.7,5,1194.9,0
2021-04-30 04:49:00,5,58,17.0,85,7.6,1020.2,0.7,1.0,6,1194.9,0
2021-04-30 04:54:00,5,58,17.0,85,7.6,1020.2,0.0,0.0,6,1194.9,0
2021-04-30 04:59:00,5,58,17.0,85,7.5,1020.2,0.0,0.0,5,1194.9,0
2021-04-30 05:04:00,5,58,17.0,86,7.6,1020.2,0.0,0.0,5,1194.9,0
2021-04-30 05:09:00,5,58,17.0,86,7.6,1020.4,0.3,0.7,6,1194.9,0
2021-04-30 05:14:00,5,58,17.0,86,7.6,1020.4,0.0,0.0,6,1194.9,0
2021-04-30 05:19:00,5,58,17.0,86,7.6,1020.5,0.0,0.0,6,1194.9,0
2021-04-30 05:24:01,5,58,17.0,86,7.6,1020.5,0.3,0.7,4,1194.9,0
2021-04-30 05:29:01,5,58,17.0,86,7.6,1020.4,0.0,0.0,5,1194.9,0
2021-04-30 05:34:01,5,58,17.0,86,7.7,1020.5,0.0,0.7,5,1194.9,0
2021-04-30 05:39:01,5,58,17.1,86,7.7,1020.6,0.3,0.7,5,1194.9,0
2021-04-30 05:44:01,5,59,17.3,86,7.7,1020.6,0.3,0.7,5,1194.9,0
2021-04-30 05:49:01,5,59,17.5,86,7.8,1020.2,0.0,0.0,6,1194.9,0
2021-04-30 05:54:01,5,58,17.9,87,7.8,1020.0,0.0,0.7,6,1194.9,0
2021-04-30 05:59:01,5,58,18.3,88,7.8,1019.8,0.0,0.0,6,1195.2,0
2021-04-30 06:04:01,5,57,19.6,88,7.8,1019.3,0.0,0.0,5,1195.2,0
2021-04-30 06:09:01,5,55,20.0,89,7.8,1018.9,0.0,0.7,5,1196.1,0
2021-04-30 06:14:01,5,55,20.3,90,7.9,1018.6,0.0,0.0,5,1196.4,0
2021-04-30 06:19:01,5,54,20.6,90,7.9,1018.3,0.0,0.7,6,1196.4,0
2021-04-30 06:24:01,5,54,20.8,90,7.9,1018.1,0.0,0.0,6,1196.4,0
2021-04-30 06:29:01,5,53,21.0,91,8.0,1017.8,0.0,0.0,6,1196.4,0
2021-04-30 06:34:01,5,52,21.2,91,8.2,1017.6,0.0,0.0,6,1196.4,0
2021-04-30 06:39:01,5,52,21.3,91,8.4,1017.5,0.0,0.0,6,1196.4,0
2021-04-30 06:44:01,5,52,21.3,91,8.5,1017.4,0.0,0.0,6,1196.4,0
2021-04-30 06:49:01,5,52,21.5,90,8.5,1017.5,0.0,0.7,5,1196.4,0
2021-04-30 06:54:01,5,52,21.5,90,8.6,1017.3,0.0,0.0,6,1196.4,0
2021-04-30 06:59:01,5,52,21.5,90,8.4,1017.5,0.0,0.7,6,1196.4,0
2021-04-30 07:04:01,5,52,21.5,90,8.3,1017.5,0.0,0.7,6,1196.4,0
2021-04-30 07:09:01,5,52,21.5,90,8.4,1017.5,0.0,0.7,5,1196.4,0
2021-04-30 07:14:01,5,52,21.4,90,8.4,1017.5,0.0,0.0,5,1196.4,0
2021-04-30 07:19:01,5,52,21.3,90,8.4,1017.6,0.0,0.0,5,1196.4,0
2021-04-30 07:24:01,5,52,21.3,90,8.4,1017.6,0.0,0.0,6,1196.4,0
2021-04-30 07:29:01,5,52,21.3,90,8.4,1017.7,0.0,0.0,6,1196.4,0
2021-04-30 07:34:01,5,52,21.3,90,8.5,1017.6,0.0,0.0,6,1196.4,0
2021-04-30 07:39:01,5,53,21.3,90,8.6,1017.6,0.0,0.0,6,1196.4,0
2021-04-30 07:44:01,5,53,21.5,90,8.5,1017.5,0.0,0.0,4,1196.4,0
2021-04-30 07:49:01,5,53,21.5,90,8.5,1017.4,0.0,0.0,4,1196.4,0
2021-04-30 07:54:01,5,53,21.5,89,8.6,1017.4,0.0,0.0,4,1196.4,0
2021-04-30 07:59:01,5,53,21.5,89,8.4,1017.5,0.3,1.0,4,1196.4,0
2021-04-30 08:04:01,5,53,21.5,89,8.4,1017.5,0.0,0.7,4,1196.4,0
2021-04-30 08:09:01,5,53,21.5,89,8.3,1017.5,0.3,0.7,4,1196.4,0
2021-04-30 08:14:01,5,53,21.5,89,8.3,1017.5,0.0,0.0,1,1196.4,0
2021-04-30 08:19:01,5,53,21.4,89,8.2,1017.7,0.0,0.7,1,1196.4,0
2021-04-30 08:24:01,5,53,21.4,89,8.3,1017.7,0.0,0.0,1,1196.7,0
2021-04-30 08:29:01,5,53,21.3,89,8.3,1017.8,0.0,0.0,1,1196.7,0
2021-04-30 08:34:01,5,53,21.3,89,8.3,1017.8,0.0,0.7,1,1197.6,0
2021-04-30 08:39:01,5,53,21.3,90,8.3,1017.8,0.0,0.0,1,1197.9,0
2021-04-30 08:44:01,5,54,21.5,90,8.2,1017.8,0.0,0.7,1,1197.9,0
2021-04-30 08:49:01,5,53,21.6,90,8.2,1017.7,0.0,0.0,1,1198.2,0
2021-04-30 08:54:01,5,53,21.7,91,8.4,1017.7,0.0,0.0,1,1198.2,0
2021-04-30 08:59:01,5,53,21.8,91,8.2,1017.6,0.0,0.0,1,1198.5,0
2021-04-30 09:04:01,5,53,21.8,91,8.1,1017.5,0.0,0.7,1,1198.5,0
2021-04-30 09:09:01,5,53,21.9,91,8.1,1017.5,0.0,0.7,1,1198.8,0
2021-04-30 09:14:01,5,52,21.9,91,8.1,1017.5,0.0,0.0,1,1198.8,0
2021-04-30 09:19:01,5,52,21.9,92,8.3,1017.5,0.0,0.0,1,1199.1,0
2021-04-30 09:24:01,5,52,21.9,92,8.3,1017.6,0.0,0.0,1,1199.1,0
2021-04-30 09:29:01,5,52,21.9,92,8.5,1017.5,0.0,0.0,1,1199.4,0
2021-04-30 09:34:01,5,52,21.9,92,8.7,1017.5,0.0,0.7,1,1199.7,0
2021-04-30 09:39:01,5,51,22.0,92,8.8,1017.5,0.0,0.0,1,1200.0,0
2021-04-30 09:44:01,5,51,22.1,91,8.9,1017.5,0.3,0.7,2,1200.3,0
2021-04-30 09:49:01,5,51,22.1,91,9.0,1017.5,0.0,0.0,2,1200.3,0
2021-04-30 09:54:01,5,51,22.2,91,9.2,1017.4,0.0,0.0,2,1200.3,0
2021-04-30 09:59:01,5,51,22.2,90,9.1,1017.5,0.3,1.0,1,1200.3,0
2021-04-30 10:04:01,5,50,22.2,90,9.3,1017.4,0.0,0.7,1,1200.3,0
2021-04-30 10:09:01,5,50,22.2,89,10.1,1017.2,0.3,0.7,1,1200.3,0
2021-04-30 10:14:01,5,49,22.3,86,10.0,1017.3,0.3,0.7,2,1200.3,0
2021-04-30 10:19:01,5,49,22.3,85,9.9,1017.4,0.0,0.7,5,1200.3,0
2021-04-30 10:24:01,5,49,22.3,83,9.3,1017.2,0.7,1.0,2,1200.3,0
2021-04-30 10:29:01,5,48,22.3,85,9.8,1017.2,0.0,0.7,2,1200.3,0
2021-04-30 10:34:01,5,48,22.3,86,9.5,1017.4,0.7,1.7,0,1200.3,0
2021-04-30 10:39:01,5,48,22.3,87,8.9,1017.3,0.7,1.7,2,1200.3,0
2021-04-30 10:44:01,5,48,22.3,87,8.7,1017.4,0.7,1.7,1,1200.3,0
2021-04-30 10:49:01,5,48,22.3,88,8.9,1017.3,0.3,0.7,3,1200.3,0
2021-04-30 10:54:01,5,48,22.3,88,9.0,1017.3,0.3,1.0,7,1200.3,0
2021-04-30 10:59:01,5,48,22.3,88,8.9,1017.3,0.7,1.0,6,1200.3,0
2021-04-30 11:04:01,5,48,22.3,88,9.0,1017.3,1.0,1.7,1,1200.3,0
2021-04-30 11:09:01,5,48,22.3,88,9.1,1017.4,0.3,1.0,6,1200.3,0
2021-04-30 11:14:01,5,48,22.3,88,9.3,1017.3,0.3,0.7,1,1200.3,0
2021-04-30 11:19:01,5,48,22.3,87,9.2,1017.2,1.0,1.7,3,1200.3,0
2021-04-30 11:24:01,5,48,22.3,87,9.3,1017.3,0.3,0.7,1,1200.3,0
2021-04-30 11:29:01,5,48,22.3,86,9.6,1017.3,0.7,1.0,4,1200.3,0
2021-04-30 11:34:01,5,48,22.3,85,10.3,1017.4,0.7,1.7,2,1200.3,0
2021-04-30 11:39:01,5,49,22.3,83,10.9,1017.2,0.7,1.7,0,1200.3,0
2021-04-30 11:44:01,5,49,22.5,82,10.3,1017.2,1.4,2.0,15,1200.3,0
2021-04-30 11:49:01,5,49,22.6,83,10.5,1017.0,0.3,1.0,3,1200.3,0
2021-04-30 11:54:01,5,48,22.7,82,10.3,1016.9,1.0,2.0,2,1200.3,0
2021-04-30 11:59:01,5,48,22.7,81,10.2,1016.8,1.0,2.0,1,1200.3,0
2021-04-30 12:04:01,5,48,22.8,81,10.7,1016.8,0.3,1.0,4,1200.3,0
2021-04-30 12:09:01,5,48,22.9,80,10.4,1016.8,1.0,2.7,2,1200.3,0
2021-04-30 12:14:01,5,48,22.9,79,10.0,1016.7,1.0,2.0,15,1200.3,0
2021-04-30 12:19:01,5,48,22.9,78,10.0,1016.7,0.7,1.7,0,1200.3,0
2021-04-30 12:24:01,5,48,22.9,77,9.8,1016.8,1.7,2.0,15,1200.3,0
2021-04-30 12:29:01,5,48,23.0,79,9.9,1016.6,1.0,2.0,3,1200.3,0
2021-04-30 12:34:01,5,49,23.0,77,9.9,1016.6,1.0,1.7,0,1200.3,0
2021-04-30 12:39:01,5,49,23.0,78,10.5,1016.6,1.4,2.0,0,1200.3,0
2021-04-30 12:44:01,5,50,23.0,75,11.0,1016.6,1.0,1.7,1,1200.3,0
2021-04-30 12:49:01,5,50,23.0,75,10.6,1016.6,1.7,3.1,3,1200.3,0
2021-04-30 12:54:01,5,51,23.0,74,10.9,1016.5,1.4,3.1,2,1200.3,0
2021-04-30 12:59:01,5,51,23.0,74,10.6,1016.5,1.4,2.0,1,1200.3,0
2021-04-30 13:04:01,5,51,23.0,72,10.8,1016.6,0.7,2.0,2,1200.3,0
2021-04-30 13:09:01,5,51,23.0,73,11.1,1016.6,0.3,1.0,1,1200.3,0
2021-04-30 13:14:01,5,51,23.0,74,10.8,1016.5,1.0,1.7,0,1200.3,0
2021-04-30 13:19:01,5,50,22.9,75,10.8,1016.6,0.3,1.0,15,1200.3,0
2021-04-30 13:24:01,5,50,22.9,75,11.0,1016.6,0.7,1.0,1,1200.3,0
2021-04-30 13:29:01,5,51,22.9,74,10.8,1016.6,1.0,2.0,0,1200.3,0
2021-04-30 13:34:01,5,51,22.9,74,11.1,1016.5,1.4,3.1,0,1200.3,0
2021-04-30 13:39:01,5,51,22.9,74,10.6,1016.7,1.4,2.0,1,1200.3,0
2021-04-30 13:44:01,5,51,22.8,74,10.6,1016.7,1.0,1.7,1,1200.3,0
2021-04-30 13:49:01,5,51,22.7,73,10.9,1016.7,1.0,1.7,2,1200.3,0
2021-04-30 13:54:01,5,51,22.7,74,10.9,1016.8,1.0,1.7,2,1200.3,0
2021-04-30 13:59:01,5,51,22.7,73,11.0,1016.8,0.7,1.7,3,1200.3,0
2021-04-30 14:04:01,5,51,22.7,74,10.5,1016.7,1.4,3.1,13,1200.3,0
2021-04-30 14:09:01,5,51,22.6,74,10.3,1016.9,1.0,2.0,0,1200.3,0
2021-04-30 14:14:01,5,51,22.6,75,10.4,1016.9,1.0,1.7,1,1200.3,0
2021-04-30 14:19:01,5,50,22.6,74,10.5,1017.0,1.4,2.7,2,1200.3,0
2021-04-30 14:24:01,5,50,22.5,74,10.5,1017.1,1.0,2.0,3,1200.3,0
2021-04-30 14:29:01,5,50,22.5,75,10.2,1017.1,1.0,2.0,4,1200.3,0
2021-04-30 14:34:01,5,50,22.5,74,10.4,1017.0,1.0,2.0,1,1200.3,0
2021-04-30 14:39:01,5,50,22.5,74,10.4,1016.9,1.0,1.7,1,1200.3,0
2021-04-30 14:44:01,5,50,22.5,74,10.2,1017.2,1.4,2.0,2,1200.3,0
2021-04-30 14:49:01,5,50,22.3,74,10.1,1017.3,0.7,1.0,2,1200.3,0
2021-04-30 14:54:01,5,50,22.3,75,10.2,1017.3,0.7,1.7,3,1200.3,0
2021-04-30 14:59:01,5,51,22.3,74,10.1,1017.2,0.7,1.0,0,1200.3,0
2021-04-30 15:04:01,5,51,22.3,75,9.9,1017.3,0.7,1.7,2,1200.3,0
2021-04-30 15:09:01,5,52,22.2,75,9.9,1017.4,0.7,1.7,1,1200.3,0
2021-04-30 15:14:01,5,52,22.2,75,10.0,1017.3,1.0,1.7,2,1200.3,0
2021-04-30 15:19:01,5,52,22.2,75,9.8,1017.3,1.4,2.0,15,1200.3,0
2021-04-30 15:24:01,5,52,22.2,75,9.8,1017.4,1.7,2.7,6,1200.3,0
2021-04-30 15:29:01,5,53,22.2,76,9.9,1017.1,0.7,1.0,1,1200.3,0
2021-04-30 15:34:01,5,52,22.2,76,9.9,1017.1,1.4,2.7,0,1200.3,0
2021-04-30 15:39:01,5,51,22.2,76,9.8,1017.1,1.0,1.7,3,1200.3,0
2021-04-30 15:44:01,5,50,22.2,77,9.9,1017.1,0.3,1.7,0,1200.3,0
2021-04-30 15:49:01,5,49,22.2,76,9.6,1017.0,1.0,2.7,14,1200.3,0
2021-04-30 15:54:01,5,50,22.1,77,9.8,1017.2,1.0,1.7,2,1200.3,0
2021-04-30 15:59:01,5,50,22.1,76,9.9,1017.2,0.3,1.7,15,1200.3,0
2021-04-30 16:04:01,5,50,22.1,76,9.7,1017.3,0.7,2.0,2,1200.3,0
2021-04-30 16:09:01,5,50,22.1,76,9.6,1017.3,0.7,1.7,0,1200.3,0
2021-04-30 16:14:01,5,50,22.0,76,9.7,1017.5,1.0,2.0,14,1200.3,0
2021-04-30 16:19:01,5,50,22.1,77,9.6,1017.5,1.0,2.0,15,1200.3,0
2021-04-30 16:24:01,5,50,22.1,77,9.5,1017.4,0.7,1.0,0,1200.3,0
2021-04-30 16:29:01,5,51,22.1,77,9.6,1017.5,1.4,2.0,2,1200.3,0
2021-04-30 16:34:01,5,51,22.1,77,9.8,1017.4,0.3,1.0,3,1200.3,0
2021-04-30 16:39:01,5,51,22.1,76,9.8,1017.5,0.7,1.7,15,1200.3,0
2021-04-30 16:44:01,5,51,22.1,76,9.6,1017.6,1.0,1.7,15,1200.3,0
2021-04-30 16:49:01,5,51,22.1,75,9.6,1017.5,1.4,2.7,2,1200.3,0
2021-04-30 16:54:01,5,51,22.0,76,9.6,1017.6,1.0,2.0,5,1200.3,0
2021-04-30 16:59:01,5,51,22.0,76,9.6,1017.7,0.7,1.7,3,1200.3,0
2021-04-30 17:04:01,5,52,21.9,76,9.7,1017.6,0.7,1.7,2,1200.3,0
2021-04-30 17:09:01,5,52,21.9,76,9.7,1017.7,0.3,0.7,1,1200.3,0
2021-04-30 17:14:01,5,52,21.9,76,9.6,1017.7,0.0,0.7,4,1200.3,0
2021-04-30 17:19:01,5,52,21.8,76,9.5,1017.9,1.0,1.7,0,1200.3,0
2021-04-30 17:24:01,5,53,21.8,76,9.5,1017.9,0.7,1.0,1,1200.3,0
2021-04-30 17:29:01,5,53,21.8,77,9.5,1018.0,0.7,1.0,1,1200.3,0
2021-04-30 17:34:01,5,53,21.7,77,9.3,1018.1,0.7,1.7,1,1200.3,0
2021-04-30 17:39:01,5,53,21.7,77,9.2,1018.1,0.7,1.0,3,1200.3,0
2021-04-30 17:44:01,5,54,21.6,77,9.1,1018.2,0.7,1.7,2,1200.3,0
2021-04-30 17:49:01,5,54,21.6,77,9.1,1018.2,0.7,1.0,3,1200.3,0
2021-04-30 17:54:01,5,54,21.5,77,9.0,1018.4,1.0,1.7,0,1200.3,0
2021-04-30 17:59:01,5,54,21.5,77,9.0,1018.4,0.7,1.0,2,1200.3,0
2021-04-30 18:04:01,5,54,21.4,76,9.0,1018.4,0.7,1.7,1,1200.3,0
2021-04-30 18:09:01,5,55,21.3,76,9.0,1018.4,0.7,1.7,3,1200.3,0
2021-04-30 18:14:01,5,55,21.3,76,8.9,1018.5,0.3,1.0,5,1200.3,0
2021-04-30 18:19:01,5,54,21.3,76,9.0,1018.6,0.0,0.7,4,1200.3,0
2021-04-30 18:24:01,5,54,21.2,76,8.9,1018.7,0.3,0.7,2,1200.3,0
2021-04-30 18:29:01,5,55,21.2,75,8.7,1018.7,0.7,1.0,2,1200.3,0
2021-04-30 18:34:01,5,55,21.2,75,8.7,1018.8,0.7,1.0,0,1200.3,0
2021-04-30 18:39:01,5,55,21.2,73,8.6,1019.0,0.3,0.7,1,1200.3,0
2021-04-30 18:44:01,5,55,21.1,73,8.5,1018.9,0.7,1.7,4,1200.3,0
2021-04-30 18:49:01,5,55,21.1,71,8.4,1018.9,0.7,1.0,2,1200.3,0
2021-04-30 18:54:01,5,55,21.1,72,8.3,1019.1,0.0,0.0,3,1200.3,0
2021-04-30 18:59:01,5,55,21.1,73,8.2,1019.2,0.0,0.7,3,1200.3,0
2021-04-30 19:04:01,5,54,21.0,74,8.2,1019.2,0.0,0.7,1,1200.3,0
2021-04-30 19:09:01,5,53,21.0,75,8.1,1019.1,0.0,0.0,2,1200.3,0
2021-04-30 19:14:01,5,53,20.9,76,8.0,1019.2,0.3,1.0,4,1200.3,0
2021-04-30 19:19:01,5,52,20.8,76,8.0,1019.3,0.3,1.0,4,1200.3,0
2021-04-30 19:24:01,5,52,20.7,76,7.9,1019.4,0.0,0.0,2,1200.3,0
2021-04-30 19:29:01,5,52,20.7,75,7.9,1019.5,0.0,0.7,3,1200.3,0
2021-04-30 19:34:01,5,52,20.7,74,7.9,1019.7,0.3,1.0,3,1200.3,0
2021-04-30 19:39:01,5,51,20.6,72,7.9,1019.7,0.7,1.7,2,1200.3,0
2021-04-30 19:44:01,5,51,20.6,72,8.0,1019.8,0.3,1.0,3,1200.3,0
2021-04-30 19:49:01,5,51,20.6,72,8.0,1019.9,0.0,0.0,3,1200.3,0
2021-04-30 19:54:01,5,51,20.5,72,8.0,1019.8,0.7,1.0,2,1200.3,0
2021-04-30 19:59:01,5,51,20.5,72,8.0,1020.1,0.0,1.0,3,1200.3,0
2021-04-30 20:04:01,5,51,20.4,72,8.0,1020.0,0.3,1.0,4,1200.3,0
2021-04-30 20:09:01,5,51,20.4,72,7.9,1020.2,0.3,0.7,2,1200.3,0
2021-04-30 20:14:01,5,52,20.4,72,7.9,1020.1,0.0,0.0,1,1200.3,0
2021-04-30 20:19:01,5,52,20.4,73,7.9,1020.2,0.0,0.0,2,1200.3,0
2021-04-30 20:24:01,5,52,20.4,73,7.9,1020.3,0.0,0.0,3,1200.3,0
2021-04-30 20:29:01,5,52,20.4,74,7.9,1020.2,0.0,0.0,3,1200.3,0
2021-04-30 20:34:01,5,52,20.4,73,7.8,1020.3,0.3,1.0,2,1200.3,0
2021-04-30 20:39:01,5,53,20.4,72,7.8,1020.3,0.0,0.0,2,1200.3,0
2021-04-30 20:44:01,5,53,20.4,73,7.8,1020.4,0.0,0.0,2,1200.3,0
2021-04-30 20:49:01,5,53,20.3,73,7.7,1020.4,0.0,0.0,2,1200.3,0
2021-04-30 20:54:01,5,53,20.3,73,7.6,1020.4,0.0,0.0,2,1200.3,0
2021-04-30 20:59:01,5,53,20.3,74,7.5,1020.4,0.0,0.0,2,1200.3,0
2021-04-30 21:04:01,5,53,20.2,74,7.4,1020.4,0.0,0.0,2,1200.3,0
2021-04-30 21:09:01,5,53,20.2,76,7.3,1020.6,0.0,0.0,2,1200.3,0
2021-04-30 21:14:01,5,53,20.1,76,7.1,1020.6,0.0,0.0,2,1200.3,0
2021-04-30 21:19:01,5,53,20.1,77,7.0,1020.7,0.0,0.0,2,1200.3,0
2021-04-30 21:24:01,5,53,20.1,77,6.9,1020.7,0.0,0.0,2,1200.3,0
2021-04-30 21:29:01,5,53,20.0,78,6.8,1020.7,0.0,0.0,2,1200.3,0
2021-04-30 21:34:01,5,53,20.0,79,6.6,1020.7,0.0,0.0,2,1200.3,0
2021-04-30 21:39:01,5,54,19.9,80,6.5,1020.9,0.0,0.0,2,1200.3,0
2021-04-30 21:44:01,5,54,19.8,80,6.4,1020.9,0.0,0.0,2,1200.3,0
2021-04-30 21:49:01,5,55,19.8,81,6.2,1020.9,0.0,0.0,2,1200.3,0
2021-04-30 21:54:01,5,55,19.7,81,6.0,1021.0,0.0,0.0,2,1200.3,0
2021-04-30 21:59:01,5,55,19.7,83,6.0,1021.1,0.0,0.0,2,1200.3,0
2021-04-30 22:04:01,5,55,19.7,83,5.9,1021.2,0.0,0.0,2,1200.3,0
2021-04-30 22:09:01,5,55,19.7,84,5.8,1021.2,0.0,0.0,2,1200.3,0
2021-04-30 22:14:01,5,55,19.6,85,5.8,1021.2,0.0,0.0,2,1200.3,0
2021-04-30 22:19:01,5,55,19.6,86,5.7,1021.4,0.0,0.0,2,1200.3,0
2021-04-30 22:24:01,5,55,19.6,86,5.6,1021.4,0.0,0.0,2,1200.3,0
2021-04-30 22:29:01,5,55,19.5,86,5.4,1021.5,0.0,0.0,2,1200.3,0
2021-04-30 22:34:01,5,55,19.5,87,5.5,1021.5,0.0,0.0,2,1200.3,0
2021-04-30 22:39:01,5,55,19.3,87,5.5,1021.6,0.0,0.0,2,1200.3,0
2021-04-30 22:44:01,5,55,19.3,88,5.5,1021.6,0.0,0.0,2,1200.3,0
2021-04-30 22:49:01,5,56,19.3,88,5.4,1021.6,0.0,0.0,2,1200.3,0
2021-04-30 22:54:01,5,56,19.3,88,5.3,1021.7,0.0,0.0,2,1200.3,0
2021-04-30 22:59:01,5,56,19.2,88,5.1,1021.8,0.0,0.0,2,1200.3,0
2021-04-30 23:04:01,5,56,19.2,89,5.0,1021.8,0.0,0.0,2,1200.3,0
2021-04-30 23:09:01,5,56,19.1,89,4.8,1021.9,0,0,2,1200.3,0
2021-04-30 23:14:01,5,56,19.1,90,5.0,1022.0,0,0,2,1200.3,0
2021-04-30 23:19:01,5,56,19.0,90,5.1,1022.0,0,0,2,1200.3,0
2021-04-30 23:24:01,5,56,19.0,90,5.2,1022.0,0,0,2,1200.3,0
2021-04-30 23:29:01,5,56,19.0,90,5.1,1022.0,0,0,2,1200.3,0
2021-04-30 23:34:01,5,57,18.9,90,5.2,1022.1,0,0,2,1200.3,0
2021-04-30 23:39:01,5,56,18.0,90,5.1,1022.2,0,0,2,1200.3,0
2021-04-30 23:44:01,5,57,18.8,90,5.0,1022.1,0,0,2,1200.3,0
2021-04-30 23:49:01,5,57,18.8,91,4.9,1022.1,0,0,2,1200.3,0
2021-04-30 23:54:01,5,57,17.9,91,4.8,1022.1,0,0,2,1200.3,0
2021-04-30 23:59:01,5,57,17.9,91,4.6,1022.2,0,0,2,1200.3,0
