2025-10-06 00:00:41,1,62,21.1,88,11.6,1018.0,0,5,251,0.0,0,0.0,0
2025-10-06 00:01:42,1,62,21.2,88,11.6,1018.0,4,5,266,0.0,0,0.0,0
2025-10-06 00:02:43,1,62,21.2,88,11.6,1018.0,2,7,247,0.0,0,0.0,0
2025-10-06 00:03:44,1,62,21.1,88,11.6,1017.9,0,3,250,0.0,0,0.0,0
2025-10-06 00:04:45,1,62,21.1,89,11.6,1018.1,2,3,251,0.0,0,0.0,0
2025-10-06 00:05:46,1,62,21.1,89,11.6,1018.0,2,3,263,0.0,0,0.0,0
2025-10-06 00:06:47,1,62,21.2,89,11.6,1018.0,3,3,248,0.0,0,0.0,0
2025-10-06 00:07:48,1,62,21.2,89,11.6,1018.1,5,7,278,0.0,0,0.0,0
2025-10-06 00:08:49,1,62,21.2,89,11.6,1018.1,3,9,250,0.0,0,0.0,0
2025-10-06 00:09:50,1,62,21.1,89,11.6,1018.0,3,9,250,0.0,0,0.0,0
2025-10-06 00:10:51,1,62,21.1,89,11.6,1018.2,3,5,262,0.0,0,0.0,0
2025-10-06 00:11:52,1,62,21.1,89,11.6,1018.0,3,7,255,0.0,0,0.0,0
2025-10-06 00:12:53,1,62,21.1,89,11.6,1018.1,4,7,244,0.0,0,0.0,0
2025-10-06 00:13:54,1,62,21.1,89,11.6,1018.2,2,7,255,0.0,0,0.0,0
2025-10-06 00:14:55,1,62,21.1,90,11.6,1018.0,7,11,271,0.0,0,0.0,0
2025-10-06 00:15:56,1,62,21.2,90,11.6,1018.1,6,14,255,0.0,0,0.0,0
2025-10-06 00:16:57,1,62,21.1,90,11.6,1018.1,4,14,250,0.0,0,0.0,0
2025-10-06 00:17:58,1,62,21.1,90,11.6,1018.2,5,7,247,0.0,0,0.0,0
2025-10-06 00:18:59,1,62,21.1,90,11.6,1018.0,4,9,234,0.0,0,0.0,0
2025-10-06 00:20:00,1,62,21.1,90,11.6,1017.8,9,11,236,0.0,0,0.0,0
2025-10-06 00:21:01,1,62,21.1,90,11.6,1018.2,4,11,222,0.0,0,0.0,0
2025-10-06 00:22:02,1,62,21.1,90,11.7,1018.1,6,9,232,0.0,0,0.0,0
2025-10-06 00:23:03,1,62,21.1,90,11.7,1018.1,3,9,245,0.0,0,0.0,0
2025-10-06 00:24:04,1,62,21.1,90,11.7,1018.3,9,12,247,0.0,0,0.0,0
2025-10-06 00:25:05,1,62,21.1,90,11.7,1018.2,5,12,254,0.0,0,0.0,0
2025-10-06 00:26:06,1,62,21.1,90,11.7,1018.2,8,11,256,0.0,0,0.0,0
2025-10-06 00:27:07,1,62,21.1,90,11.7,1018.3,8,11,280,0.0,0,0.0,0
2025-10-06 00:28:08,1,62,21.1,90,11.7,1018.3,6,11,252,0.0,0,0.0,0
2025-10-06 00:29:09,1,62,21.1,90,11.7,1018.2,10,14,242,0.0,0,0.0,0
2025-10-06 00:30:10,1,62,21.1,90,11.7,1018.2,8,14,265,0.0,0,0.0,0
2025-10-06 00:31:11,1,62,21.1,90,11.7,1018.1,7,14,241,0.0,0,0.0,0
2025-10-06 00:32:12,1,62,21.1,89,11.8,1018.2,4,9,268,0.0,0,0.0,0
2025-10-06 00:33:13,1,62,21.1,89,11.8,1018.1,6,9,244,0.0,0,0.0,0
2025-10-06 00:34:14,1,62,21.1,89,11.8,1018.1,5,9,276,0.0,0,0.0,0
2025-10-06 00:35:15,1,62,21.1,89,11.7,1018.0,5,9,240,0.0,0,0.0,0
2025-10-06 00:36:16,1,62,21.1,89,11.7,1018.2,2,9,254,0.0,0,0.0,0
2025-10-06 00:37:17,1,62,21.1,89,11.7,1018.2,4,9,265,0.0,0,0.0,0
2025-10-06 00:38:18,1,62,21.1,89,11.7,1018.3,2,7,242,0.0,0,0.0,0
2025-10-06 00:39:19,1,62,21.1,89,11.7,1018.2,4,5,257,0.0,0,0.0,0
2025-10-06 00:40:20,1,62,21.1,89,11.7,1018.0,7,11,217,0.0,0,0.0,0
2025-10-06 00:41:21,1,62,21.1,89,11.7,1018.3,7,11,208,0.0,0,0.0,0
2025-10-06 00:42:22,1,62,21.1,89,11.7,1018.2,6,9,265,0.0,0,0.0,0
2025-10-06 00:43:23,1,62,21.1,89,11.7,1018.3,4,9,229,0.0,0,0.0,0
2025-10-06 00:44:24,1,62,21.1,89,11.7,1018.2,7,9,212,0.0,0,0.0,0
2025-10-06 00:45:25,1,62,21.1,89,11.7,1018.2,4,9,243,0.0,0,0.0,0
2025-10-06 00:46:26,1,62,21.1,89,11.7,1018.2,6,9,251,0.0,0,0.0,0
2025-10-06 00:47:27,1,62,21.1,89,11.7,1018.2,7,9,246,0.0,0,0.0,0
2025-10-06 00:48:28,1,62,21.1,89,11.7,1018.3,4,7,193,0.0,0,0.0,0
2025-10-06 00:49:29,1,62,21.1,89,11.7,1018.3,8,11,254,0.0,0,0.0,0
2025-10-06 00:50:30,1,62,21.1,89,11.7,1018.1,6,11,247,0.0,0,0.0,0
2025-10-06 00:51:31,1,62,21.1,89,11.7,1018.4,3,7,207,0.0,0,0.0,0
2025-10-06 00:52:32,1,62,21.1,89,11.7,1018.2,7,9,241,0.0,0,0.0,0
2025-10-06 00:53:33,1,62,21.1,89,11.7,1018.3,5,11,252,0.0,0,0.0,0
2025-10-06 00:54:34,1,62,21.1,89,11.6,1018.5,3,7,213,0.0,0,0.0,0
2025-10-06 00:55:35,1,62,21.1,89,11.6,1018.4,2,7,247,0.0,0,0.0,0
2025-10-06 00:56:36,1,62,21.1,89,11.6,1018.4,3,5,231,0.0,0,0.0,0
2025-10-06 00:57:37,1,62,21.1,89,11.6,1018.4,6,7,273,0.0,0,0.0,0
2025-10-06 00:58:38,1,62,21.1,89,11.6,1018.5,8,9,186,0.0,0,0.0,0
2025-10-06 00:59:39,1,62,21.1,90,11.6,1018.4,3,9,304,0.0,0,0.0,0
2025-10-06 01:00:40,1,62,21.1,90,11.6,1018.4,3,7,225,0.0,0,0.0,0
2025-10-06 01:01:41,1,62,21.1,89,11.6,1018.4,0,5,298,0.0,0,0.0,0
2025-10-06 01:02:42,1,62,21.1,89,11.6,1018.5,1,3,275,0.0,0,0.0,0
2025-10-06 01:03:43,1,62,21.1,89,11.5,1018.3,0,3,275,0.0,0,0.0,0
2025-10-06 01:04:44,1,62,21.1,90,11.5,1018.3,3,3,266,0.0,0,0.0,0
2025-10-06 01:05:45,1,62,21.1,90,11.5,1018.4,3,3,267,0.0,0,0.0,0
2025-10-06 01:06:46,1,62,21.1,90,11.5,1018.4,1,3,264,0.0,0,0.0,0
2025-10-06 01:07:47,1,62,21.1,90,11.5,1018.3,2,5,243,0.0,0,0.0,0
2025-10-06 01:08:48,1,62,21.1,90,11.5,1018.3,2,5,255,0.0,0,0.0,0
2025-10-06 01:09:49,1,62,21.1,90,11.5,1018.5,1,3,256,0.0,0,0.0,0
2025-10-06 01:10:50,1,62,21.0,90,11.5,1018.3,3,5,255,0.0,0,0.0,0
2025-10-06 01:11:51,1,62,21.1,90,11.5,1018.4,4,5,243,0.0,0,0.0,0
2025-10-06 01:12:52,1,62,21.1,90,11.5,1018.6,4,5,256,0.0,0,0.0,0
2025-10-06 01:13:53,1,62,21.0,90,11.5,1018.5,3,7,250,0.0,0,0.0,0
2025-10-06 01:14:54,1,62,21.1,90,11.5,1018.3,3,7,247,0.0,0,0.0,0
2025-10-06 01:15:55,1,62,21.1,90,11.5,1018.2,0,5,252,0.0,0,0.0,0
2025-10-06 01:16:56,1,62,21.1,90,11.5,1018.4,0,1,252,0.0,0,0.0,0
2025-10-06 01:17:57,1,62,21.1,90,11.5,1018.4,0,1,279,0.0,0,0.0,0
2025-10-06 01:18:58,1,62,21.1,90,11.5,1018.4,2,5,247,0.0,0,0.0,0
2025-10-06 01:19:59,1,62,21.1,90,11.5,1018.5,0,5,249,0.0,0,0.0,0
2025-10-06 01:21:00,1,62,21.1,90,11.5,1018.4,1,3,249,0.0,0,0.0,0
2025-10-06 01:22:01,1,62,21.1,90,11.5,1018.6,1,3,232,0.0,0,0.0,0
2025-10-06 01:23:02,1,62,21.1,90,11.5,1018.5,5,7,245,0.0,0,0.0,0
2025-10-06 01:24:03,1,62,21.1,90,11.5,1018.5,1,7,238,0.0,0,0.0,0
2025-10-06 01:25:04,1,62,21.1,90,11.5,1018.5,3,5,236,0.0,0,0.0,0
2025-10-06 01:26:05,1,62,21.1,90,11.6,1018.5,2,3,254,0.0,0,0.0,0
2025-10-06 01:27:06,1,62,21.1,90,11.6,1018.4,0,5,240,0.0,0,0.0,0
2025-10-06 01:28:07,1,62,21.1,90,11.6,1018.4,4,5,202,0.0,0,0.0,0
2025-10-06 01:29:08,1,62,21.1,90,11.6,1018.5,0,9,285,0.0,0,0.0,0
2025-10-06 01:30:09,1,62,21.1,90,11.6,1018.5,2,3,252,0.0,0,0.0,0
2025-10-06 01:31:10,1,62,21.1,89,11.6,1018.7,1,3,254,0.0,0,0.0,0
2025-10-06 01:32:11,1,62,21.1,89,11.6,1018.6,2,3,256,0.0,0,0.0,0
2025-10-06 01:33:12,1,62,21.1,89,11.6,1018.5,1,3,256,0.0,0,0.0,0
2025-10-06 01:34:13,1,62,21.1,89,11.6,1018.5,1,1,250,0.0,0,0.0,0
2025-10-06 01:35:14,1,62,21.1,89,11.6,1018.5,2,3,244,0.0,0,0.0,0
2025-10-06 01:36:15,1,62,21.1,90,11.6,1018.6,1,3,241,0.0,0,0.0,0
2025-10-06 01:37:16,1,62,21.1,89,11.6,1018.5,0,3,242,0.0,0,0.0,0
2025-10-06 01:38:17,1,62,21.1,89,11.6,1018.6,2,3,227,0.0,0,0.0,0
2025-10-06 01:39:18,1,62,21.1,89,11.6,1018.5,1,3,228,0.0,0,0.0,0
2025-10-06 01:40:19,1,62,21.1,89,11.6,1018.7,3,3,227,0.0,0,0.0,0
2025-10-06 01:41:20,1,62,21.1,89,11.6,1018.6,2,3,232,0.0,0,0.0,0
2025-10-06 01:42:21,1,62,21.1,89,11.6,1018.8,2,5,230,0.0,0,0.0,0
2025-10-06 01:43:22,1,62,21.1,89,11.6,1018.8,1,5,235,0.0,0,0.0,0
2025-10-06 01:44:23,1,62,21.1,89,11.6,1018.7,1,5,235,0.0,0,0.0,0
2025-10-06 01:45:24,1,62,21.1,89,11.6,1018.7,3,5,216,0.0,0,0.0,0
2025-10-06 01:46:25,1,62,21.1,89,11.5,1018.7,2,5,222,0.0,0,0.0,0
2025-10-06 01:47:26,1,62,21.1,89,11.5,1018.7,2,5,229,0.0,0,0.0,0
2025-10-06 01:48:27,1,62,21.1,89,11.5,1018.7,2,5,240,0.0,0,0.0,0
2025-10-06 01:49:28,1,62,21.1,89,11.5,1018.7,2,5,218,0.0,0,0.0,0
2025-10-06 01:50:29,1,62,21.1,89,11.5,1018.6,0,3,242,0.0,0,0.0,0
2025-10-06 01:51:30,1,62,21.1,89,11.5,1018.7,3,5,237,0.0,0,0.0,0
2025-10-06 01:52:31,1,62,21.1,89,11.5,1018.9,1,5,260,0.0,0,0.0,0
2025-10-06 01:53:32,1,62,21.1,89,11.5,1018.7,5,7,264,0.0,0,0.0,0
2025-10-06 01:54:33,1,62,21.1,89,11.5,1018.7,2,7,256,0.0,0,0.0,0
2025-10-06 01:55:34,1,62,21.1,89,11.5,1018.8,5,5,230,0.0,0,0.0,0
2025-10-06 01:56:35,1,62,21.1,89,11.5,1018.8,1,5,253,0.0,0,0.0,0
2025-10-06 01:57:36,1,62,21.1,89,11.5,1018.6,3,3,256,0.0,0,0.0,0
2025-10-06 01:58:37,1,62,21.1,89,11.5,1018.9,1,3,259,0.0,0,0.0,0
2025-10-06 01:59:38,1,62,21.1,89,11.5,1018.7,1,5,274,0.0,0,0.0,0
2025-10-06 02:00:39,1,62,21.1,89,11.5,1018.6,2,5,288,0.0,0,0.0,0
2025-10-06 02:01:40,1,62,21.1,89,11.5,1018.8,2,5,293,0.0,0,0.0,0
2025-10-06 02:02:41,1,62,21.1,89,11.5,1018.7,1,5,253,0.0,0,0.0,0
2025-10-06 02:03:42,1,62,21.1,89,11.5,1018.7,0,5,272,0.0,0,0.0,0
2025-10-06 02:04:43,1,62,21.1,89,11.5,1018.8,0,7,237,0.0,0,0.0,0
2025-10-06 02:05:44,1,62,21.1,89,11.5,1018.9,0,7,285,0.0,0,0.0,0
2025-10-06 02:06:45,1,62,21.1,89,11.6,1018.8,1,3,276,0.0,0,0.0,0
2025-10-06 02:07:46,1,62,21.1,89,11.6,1018.7,1,3,284,0.0,0,0.0,0
2025-10-06 02:08:47,1,62,21.1,89,11.6,1018.7,1,3,275,0.0,0,0.0,0
2025-10-06 02:09:48,1,62,21.1,89,11.5,1018.8,1,3,277,0.0,0,0.0,0
2025-10-06 02:10:49,1,62,21.1,89,11.5,1018.8,1,3,252,0.0,0,0.0,0
2025-10-06 02:11:50,1,62,21.1,89,11.6,1018.7,3,5,242,0.0,0,0.0,0
2025-10-06 02:12:51,1,62,21.1,90,11.6,1018.9,3,5,232,0.0,0,0.0,0
2025-10-06 02:13:52,1,62,21.1,89,11.6,1018.9,3,5,243,0.0,0,0.0,0
2025-10-06 02:14:53,1,62,21.1,89,11.7,1018.9,2,5,222,0.0,0,0.0,0
2025-10-06 02:15:54,1,62,21.1,89,11.7,1018.9,3,5,229,0.0,0,0.0,0
2025-10-06 02:16:55,1,62,21.1,89,11.7,1018.9,3,5,225,0.0,0,0.0,0
2025-10-06 02:17:56,1,62,21.1,89,11.7,1019.1,2,7,221,0.0,0,0.0,0
2025-10-06 02:18:57,1,62,21.1,89,11.7,1019.2,2,7,245,0.0,0,0.0,0
2025-10-06 02:19:58,1,62,21.1,89,11.7,1019.2,4,5,226,0.0,0,0.0,0
2025-10-06 02:20:59,1,62,21.1,89,11.7,1019.2,4,5,243,0.0,0,0.0,0
2025-10-06 02:22:00,1,62,21.1,89,11.7,1019.2,5,9,220,0.0,0,0.0,0
2025-10-06 02:23:01,1,62,21.1,89,11.7,1019.2,3,9,251,0.0,0,0.0,0
2025-10-06 02:24:02,1,62,21.1,89,11.7,1019.2,5,5,280,0.0,0,0.0,0
2025-10-06 02:25:03,1,62,21.1,89,11.7,1019.2,3,5,264,0.0,0,0.0,0
2025-10-06 02:26:04,1,62,21.1,89,11.7,1019.1,2,7,276,0.0,0,0.0,0
2025-10-06 02:27:05,1,62,21.1,89,11.7,1019.1,3,7,262,0.0,0,0.0,0
2025-10-06 02:28:06,1,62,21.1,89,11.7,1019.1,1,7,294,0.0,0,0.0,0
2025-10-06 02:29:07,1,62,21.1,89,11.7,1019.2,3,5,269,0.0,0,0.0,0
2025-10-06 02:30:08,1,62,21.1,89,11.7,1019.2,7,9,286,0.0,0,0.0,0
2025-10-06 02:31:09,1,62,21.1,89,11.7,1019.0,6,9,251,0.0,0,0.0,0
2025-10-06 02:32:10,1,62,21.1,89,11.8,1019.0,0,9,308,0.0,0,0.0,0
2025-10-06 02:33:11,1,62,21.1,89,11.9,1019.0,3,7,285,0.0,0,0.0,0
2025-10-06 02:34:12,1,62,21.1,89,11.9,1019.2,1,9,267,0.0,0,0.0,0
2025-10-06 02:35:13,1,62,21.1,89,11.9,1019.1,4,11,275,0.0,0,0.0,0
2025-10-06 02:36:14,1,62,21.0,89,12.0,1019.3,2,11,292,0.0,0,0.0,0
2025-10-06 02:37:15,1,62,21.1,89,12.0,1019.2,1,3,289,0.0,0,0.0,0
2025-10-06 02:38:16,1,62,21.1,89,12.0,1019.1,1,3,284,0.0,0,0.0,0
2025-10-06 02:39:17,1,62,21.1,89,12.0,1019.0,2,5,303,0.0,0,0.0,0
2025-10-06 02:40:18,1,62,21.0,89,12.0,1019.3,1,5,311,0.0,0,0.0,0
2025-10-06 02:41:19,1,62,21.1,89,12.1,1019.1,3,5,284,0.0,0,0.0,0
2025-10-06 02:42:20,1,62,21.0,89,12.1,1019.1,2,5,299,0.0,0,0.0,0
2025-10-06 02:43:21,1,62,21.0,89,12.1,1019.3,6,9,288,0.0,0,0.0,0
2025-10-06 02:44:22,1,62,21.0,89,12.1,1019.2,3,9,267,0.0,0,0.0,0
2025-10-06 02:45:23,1,62,21.0,88,12.2,1019.2,4,9,278,0.0,0,0.0,0
2025-10-06 02:46:24,1,62,21.0,88,12.2,1019.4,3,7,274,0.0,0,0.0,0
2025-10-06 02:47:25,1,62,21.0,88,12.3,1019.3,3,5,298,0.0,0,0.0,0
2025-10-06 02:48:26,1,62,21.0,88,12.3,1019.0,2,5,282,0.0,0,0.0,0
2025-10-06 02:49:27,1,62,21.0,88,12.3,1019.3,2,5,259,0.0,0,0.0,0
2025-10-06 02:50:28,1,62,21.0,88,12.3,1019.2,0,3,254,0.0,0,0.0,0
2025-10-06 02:51:29,1,62,21.0,88,12.3,1019.3,2,3,273,0.0,0,0.0,0
2025-10-06 02:52:30,1,62,21.0,88,12.3,1019.2,4,5,260,0.0,0,0.0,0
2025-10-06 02:53:31,1,62,21.0,88,12.3,1019.2,3,9,258,0.0,0,0.0,0
2025-10-06 02:54:32,1,62,21.0,88,12.3,1019.1,3,9,272,0.0,0,0.0,0
2025-10-06 02:55:33,1,62,21.0,88,12.3,1019.2,0,3,330,0.0,0,0.0,0
2025-10-06 02:56:34,1,62,21.0,87,12.3,1019.3,1,5,308,0.0,0,0.0,0
2025-10-06 02:57:35,1,62,21.0,87,12.3,1019.3,7,11,269,0.0,0,0.0,0
2025-10-06 02:58:36,1,62,21.0,87,12.3,1019.3,3,11,298,0.0,0,0.0,0
2025-10-06 02:59:37,1,62,21.0,87,12.3,1019.3,4,9,290,0.0,0,0.0,0
2025-10-06 03:00:38,1,62,21.0,87,12.3,1019.5,3,11,299,0.0,0,0.0,0
2025-10-06 03:01:39,1,62,21.0,87,12.4,1019.2,7,9,283,0.0,0,0.0,0
2025-10-06 03:02:40,1,62,21.0,87,12.4,1019.3,3,9,272,0.0,0,0.0,0
2025-10-06 03:03:41,1,62,21.0,87,12.4,1019.4,2,9,271,0.0,0,0.0,0
2025-10-06 03:04:42,1,62,21.0,87,12.4,1019.1,4,5,285,0.0,0,0.0,0
2025-10-06 03:05:43,1,62,21.0,87,12.4,1019.3,5,7,243,0.0,0,0.0,0
2025-10-06 03:06:44,1,62,21.0,87,12.4,1019.1,6,9,288,0.0,0,0.0,0
2025-10-06 03:07:45,1,62,21.0,87,12.4,1018.9,5,9,301,0.0,0,0.0,0
2025-10-06 03:08:46,1,62,21.0,87,12.5,1018.9,3,7,261,0.0,0,0.0,0
2025-10-06 03:09:47,1,62,21.0,87,12.5,1019.1,3,7,256,0.0,0,0.0,0
2025-10-06 03:10:48,1,62,21.0,87,12.5,1019.0,3,7,255,0.0,0,0.0,0
2025-10-06 03:11:49,1,62,21.0,87,12.5,1019.0,0,7,241,0.0,0,0.0,0
2025-10-06 03:12:50,1,62,21.0,87,12.5,1019.1,1,3,255,0.0,0,0.0,0
2025-10-06 03:13:51,1,62,21.0,87,12.5,1019.2,5,7,258,0.0,0,0.0,0
2025-10-06 03:14:52,1,62,21.0,87,12.5,1019.2,5,7,269,0.0,0,0.0,0
2025-10-06 03:15:53,1,62,21.0,87,12.5,1019.2,6,9,247,0.0,0,0.0,0
2025-10-06 03:16:54,1,62,21.0,87,12.5,1019.2,6,9,245,0.0,0,0.0,0
2025-10-06 03:17:55,1,62,21.0,87,12.6,1019.2,7,9,263,0.0,0,0.0,0
2025-10-06 03:18:56,1,62,21.0,87,12.6,1019.2,7,12,263,0.0,0,0.0,0
2025-10-06 03:19:57,1,62,20.9,86,12.6,1019.2,3,12,248,0.0,0,0.0,0
2025-10-06 03:20:58,1,62,20.9,86,12.6,1019.2,6,9,241,0.0,0,0.0,0
2025-10-06 03:21:59,1,62,20.9,86,12.6,1019.0,5,9,262,0.0,0,0.0,0
2025-10-06 03:23:00,1,62,21.0,86,12.6,1019.0,7,9,277,0.0,0,0.0,0
2025-10-06 03:24:01,1,62,21.0,86,12.7,1019.0,5,11,249,0.0,0,0.0,0
2025-10-06 03:25:02,1,62,20.9,86,12.7,1019.1,3,11,273,0.0,0,0.0,0
2025-10-06 03:26:03,1,62,20.9,86,12.7,1019.2,3,14,273,0.0,0,0.0,0
2025-10-06 03:27:04,1,62,21.0,86,12.7,1019.2,3,9,230,0.0,0,0.0,0
2025-10-06 03:28:05,1,62,21.0,86,12.7,1019.2,6,9,236,0.0,0,0.0,0
2025-10-06 03:29:06,1,62,20.9,86,12.7,1019.1,8,11,269,0.0,0,0.0,0
2025-10-06 03:30:07,1,62,20.9,86,12.7,1019.1,4,11,279,0.0,0,0.0,0
2025-10-06 03:31:08,1,62,20.9,86,12.7,1019.2,7,11,261,0.0,0,0.0,0
2025-10-06 03:32:09,1,62,20.9,86,12.7,1019.2,9,11,217,0.0,0,0.0,0
2025-10-06 03:33:10,1,62,20.9,86,12.7,1019.2,5,11,288,0.0,0,0.0,0
2025-10-06 03:34:11,1,62,20.9,86,12.7,1019.1,7,9,259,0.0,0,0.0,0
2025-10-06 03:35:12,1,62,20.9,86,12.7,1019.1,3,9,239,0.0,0,0.0,0
2025-10-06 03:36:13,1,62,21.0,86,12.8,1019.2,2,7,266,0.0,0,0.0,0
2025-10-06 03:37:14,1,62,21.0,86,12.7,1019.2,8,14,280,0.0,0,0.0,0
2025-10-06 03:38:15,1,62,21.0,86,12.7,1019.1,5,14,253,0.0,0,0.0,0
2025-10-06 03:39:16,1,62,20.9,86,12.8,1019.3,8,9,284,0.0,0,0.0,0
2025-10-06 03:40:17,1,62,20.9,86,12.8,1019.3,7,11,278,0.0,0,0.0,0
2025-10-06 03:41:18,1,62,20.9,86,12.8,1019.2,7,11,267,0.0,0,0.0,0
2025-10-06 03:42:19,1,62,20.9,86,12.8,1019.2,3,9,279,0.0,0,0.0,0
2025-10-06 03:43:20,1,62,20.9,86,12.8,1019.2,6,9,245,0.0,0,0.0,0
2025-10-06 03:44:21,1,62,20.9,86,12.8,1019.2,6,9,284,0.0,0,0.0,0
2025-10-06 03:45:22,1,62,20.9,85,12.9,1019.2,6,9,268,0.0,0,0.0,0
2025-10-06 03:46:23,1,62,20.9,85,12.9,1019.2,6,11,299,0.0,0,0.0,0
2025-10-06 03:47:24,1,62,20.9,85,12.9,1019.3,5,11,265,0.0,0,0.0,0
2025-10-06 03:48:25,1,62,20.9,85,12.9,1019.3,6,11,282,0.0,0,0.0,0
2025-10-06 03:49:26,1,62,20.9,85,12.9,1019.3,5,11,249,0.0,0,0.0,0
2025-10-06 03:50:27,1,62,20.9,85,12.9,1019.3,1,11,283,0.0,0,0.0,0
2025-10-06 03:51:28,1,62,20.9,86,12.9,1019.4,6,9,295,0.0,0,0.0,0
2025-10-06 03:52:29,1,62,20.9,86,12.9,1019.5,0,9,304,0.0,0,0.0,0
2025-10-06 03:53:30,1,62,20.9,86,12.9,1019.5,6,7,251,0.0,0,0.0,0
2025-10-06 03:54:31,1,62,20.9,86,12.8,1019.3,5,9,268,0.0,0,0.0,0
2025-10-06 03:55:32,1,62,20.9,86,12.8,1019.2,2,9,271,0.0,0,0.0,0
2025-10-06 03:56:33,1,62,20.9,86,12.9,1019.3,5,12,244,0.0,0,0.0,0
2025-10-06 03:57:34,1,62,20.9,86,12.9,1019.3,5,11,292,0.0,0,0.0,0
2025-10-06 03:58:35,1,62,20.9,86,12.9,1019.3,4,11,303,0.0,0,0.0,0
2025-10-06 03:59:36,1,62,20.9,86,12.9,1019.3,3,11,267,0.0,0,0.0,0
2025-10-06 04:00:37,1,62,20.9,86,12.9,1019.2,3,7,308,0.0,0,0.0,0
2025-10-06 04:01:38,1,62,20.9,86,12.9,1019.4,6,9,268,0.0,0,0.0,0
2025-10-06 04:02:39,1,62,20.9,86,12.9,1019.3,5,9,260,0.0,0,0.0,0
2025-10-06 04:03:40,1,62,20.9,86,12.9,1019.2,4,7,255,0.0,0,0.0,0
2025-10-06 04:04:41,1,62,20.9,86,12.9,1019.2,2,7,238,0.0,0,0.0,0
2025-10-06 04:05:42,1,62,20.9,86,12.9,1019.3,1,5,265,0.0,0,0.0,0
2025-10-06 04:06:43,1,62,20.9,86,12.9,1019.2,4,7,289,0.0,0,0.0,0
2025-10-06 04:07:44,1,62,20.9,86,12.9,1019.3,4,11,263,0.0,0,0.0,0
2025-10-06 04:08:45,1,62,20.9,86,12.9,1019.1,9,12,228,0.0,0,0.0,0
2025-10-06 04:09:46,1,62,20.9,86,12.9,1019.3,5,12,289,0.0,0,0.0,0
2025-10-06 04:10:47,1,62,20.9,86,12.9,1019.2,3,7,306,0.0,0,0.0,0
2025-10-06 04:11:48,1,62,20.9,86,12.9,1019.3,2,7,259,0.0,0,0.0,0
2025-10-06 04:12:49,1,62,20.9,86,12.9,1019.2,7,11,284,0.0,0,0.0,0
2025-10-06 04:13:50,1,62,20.9,86,12.9,1019.2,5,11,290,0.0,0,0.0,0
2025-10-06 04:14:51,1,62,20.9,86,12.9,1019.3,8,11,246,0.0,0,0.0,0
2025-10-06 04:15:52,1,62,20.9,86,12.9,1019.5,8,14,296,0.0,0,0.0,0
2025-10-06 04:16:53,1,63,20.9,86,13.0,1019.3,7,14,269,0.0,0,0.0,0
2025-10-06 04:17:54,1,63,20.9,86,13.0,1019.5,5,11,298,0.0,0,0.0,0
2025-10-06 04:18:55,1,63,20.9,86,13.0,1019.5,4,11,241,0.0,0,0.0,0
2025-10-06 04:19:56,1,63,20.9,86,13.0,1019.4,0,9,263,0.0,0,0.0,0
2025-10-06 04:20:57,1,63,21.0,86,13.0,1019.7,2,5,276,0.0,0,0.0,0
2025-10-06 04:21:58,1,63,21.0,86,13.0,1019.6,2,5,290,0.0,0,0.0,0
2025-10-06 04:22:59,1,63,21.1,86,13.0,1019.6,3,7,279,0.0,0,0.0,0
2025-10-06 04:24:00,1,63,21.1,86,13.0,1019.6,4,12,286,0.0,0,0.0,0
2025-10-06 04:25:01,1,63,21.1,86,13.0,1019.6,9,12,264,0.0,0,0.0,0
2025-10-06 04:26:02,1,62,21.2,86,13.0,1019.6,9,16,245,0.0,0,0.0,0
2025-10-06 04:27:03,1,62,21.2,86,13.1,1019.5,6,16,271,0.0,0,0.0,0
2025-10-06 04:28:04,1,62,21.3,86,13.1,1019.7,3,9,274,0.0,0,0.0,0
2025-10-06 04:29:05,1,62,21.4,86,13.1,1019.7,6,7,234,0.0,0,0.0,0
2025-10-06 04:30:06,1,62,21.4,86,13.1,1019.7,3,7,255,0.0,0,0.0,0
2025-10-06 04:31:07,1,62,21.4,86,13.1,1019.7,3,12,276,0.0,0,0.0,0
2025-10-06 04:32:08,1,62,21.5,86,13.1,1019.7,6,12,237,0.0,0,0.0,0
2025-10-06 04:33:09,1,62,21.5,86,13.1,1019.6,8,12,281,0.0,0,0.0,0
2025-10-06 04:34:10,1,62,21.5,86,13.1,1019.6,6,12,266,0.0,0,0.0,0
2025-10-06 04:35:11,1,62,21.6,86,13.1,1019.6,4,11,283,0.0,0,0.0,0
2025-10-06 04:36:12,1,62,21.6,86,13.1,1019.5,1,9,239,0.0,0,0.0,0
2025-10-06 04:37:13,1,61,21.6,86,13.2,1019.7,8,14,268,0.0,0,0.0,0
2025-10-06 04:38:14,1,61,21.7,86,13.2,1019.6,4,14,249,0.0,0,0.0,0
2025-10-06 04:39:15,1,61,21.7,86,13.2,1019.7,7,9,298,0.0,0,0.0,0
2025-10-06 04:40:16,1,61,21.7,86,13.2,1019.7,7,9,258,0.0,0,0.0,0
2025-10-06 04:41:17,1,61,21.7,86,13.2,1019.6,9,12,272,0.0,0,0.0,0
2025-10-06 04:42:18,1,61,21.7,86,13.2,1019.7,4,12,260,0.0,0,0.0,0
2025-10-06 04:43:19,1,61,21.8,86,13.2,1019.7,5,9,256,0.0,0,0.0,0
2025-10-06 04:44:20,1,61,21.8,86,13.2,1019.5,4,9,268,0.0,0,0.0,0
2025-10-06 04:45:21,1,61,21.8,86,13.2,1019.9,7,9,269,0.0,0,0.0,0
2025-10-06 04:46:22,1,61,21.8,86,13.2,1019.7,9,12,264,0.0,0,0.0,0
2025-10-06 04:47:23,1,61,21.8,86,13.2,1019.5,7,12,224,0.0,0,0.0,0
2025-10-06 04:48:24,1,61,21.8,86,13.2,1019.8,11,14,235,0.0,0,0.0,0
2025-10-06 04:49:25,1,61,21.8,86,13.2,1019.6,8,16,267,0.0,0,0.0,0
2025-10-06 04:50:26,1,61,21.9,86,13.2,1019.6,9,16,233,0.0,0,0.0,0
2025-10-06 04:51:27,1,61,21.8,86,13.2,1019.6,5,14,264,0.0,0,0.0,0
2025-10-06 04:52:28,1,61,21.9,86,13.3,1019.7,7,14,280,0.0,0,0.0,0
2025-10-06 04:53:29,1,61,21.9,86,13.3,1019.7,6,12,260,0.0,0,0.0,0
2025-10-06 04:54:30,1,61,21.9,86,13.3,1019.6,4,12,284,0.0,0,0.0,0
2025-10-06 04:55:31,1,61,21.9,86,13.3,1019.7,7,11,237,0.0,0,0.0,0
2025-10-06 04:56:32,1,61,21.9,86,13.3,1019.7,7,12,218,0.0,0,0.0,0
2025-10-06 04:57:33,1,61,21.9,86,13.3,1019.8,5,12,246,0.0,0,0.0,0
2025-10-06 04:58:34,1,61,21.9,86,13.3,1019.9,4,7,230,0.0,0,0.0,0
2025-10-06 04:59:35,1,61,21.9,86,13.3,1019.7,7,9,277,0.0,0,0.0,0
2025-10-06 05:00:36,1,61,21.9,86,13.3,1019.9,7,9,272,0.0,0,0.0,0
2025-10-06 05:01:37,1,61,22.0,86,13.3,1020.0,6,9,236,0.0,0,0.0,0
2025-10-06 05:02:38,1,61,22.0,86,13.2,1019.8,3,7,253,0.0,0,0.0,0
2025-10-06 05:03:39,1,60,22.0,86,13.2,1019.7,8,9,276,0.0,0,0.0,0
2025-10-06 05:04:40,1,60,21.9,86,13.2,1020.0,5,9,227,0.0,0,0.0,0
2025-10-06 05:05:41,1,60,22.0,87,13.2,1019.8,6,12,230,0.0,0,0.0,0
2025-10-06 05:06:42,1,60,22.0,87,13.2,1019.7,2,11,251,0.0,0,0.0,0
2025-10-06 05:07:43,1,60,22.0,87,13.2,1019.6,5,9,272,0.0,0,0.0,0
2025-10-06 05:08:44,1,60,22.0,87,13.2,1019.6,8,14,232,0.0,0,0.0,0
2025-10-06 05:09:45,1,60,22.0,87,13.2,1019.7,7,14,236,0.0,0,0.0,0
2025-10-06 05:10:46,1,60,22.0,87,13.2,1019.6,5,12,233,0.0,0,0.0,0
2025-10-06 05:11:47,1,60,22.0,87,13.3,1019.8,7,9,237,0.0,0,0.0,0
2025-10-06 05:12:48,1,60,22.0,87,13.3,1019.7,10,12,252,0.0,0,0.0,0
2025-10-06 05:13:49,1,60,22.0,87,13.3,1019.8,5,14,270,0.0,0,0.0,0
2025-10-06 05:14:50,1,60,22.0,87,13.3,1019.8,4,9,262,0.0,0,0.0,0
2025-10-06 05:15:51,1,60,22.0,87,13.3,1019.6,8,11,237,0.0,0,0.0,0
2025-10-06 05:16:52,1,60,22.0,87,13.3,1019.9,5,11,262,0.0,0,0.0,0
2025-10-06 05:17:53,1,60,22.0,87,13.3,1019.8,5,11,261,0.0,0,0.0,0
2025-10-06 05:18:54,1,60,22.0,87,13.3,1020.0,3,11,261,0.0,0,0.0,0
2025-10-06 05:19:55,1,60,22.0,87,13.3,1020.0,3,11,281,0.0,0,0.0,0
2025-10-06 05:20:56,1,60,22.1,87,13.3,1019.9,3,9,287,0.0,0,0.0,0
2025-10-06 05:21:57,1,60,22.1,87,13.3,1019.8,1,9,271,0.0,0,0.0,0
2025-10-06 05:22:58,1,60,22.1,87,13.3,1019.8,7,12,267,0.0,0,0.0,0
2025-10-06 05:23:59,1,60,22.1,87,13.3,1019.7,7,12,250,0.0,0,0.0,0
2025-10-06 05:25:00,1,60,22.1,88,13.3,1019.8,4,11,333,0.0,0,0.0,0
2025-10-06 05:26:01,1,60,22.1,88,13.3,1019.9,6,11,275,0.0,0,0.0,0
2025-10-06 05:27:02,1,60,22.1,88,13.3,1019.7,12,14,262,0.0,0,0.0,0
2025-10-06 05:28:03,1,60,22.1,88,13.3,1019.8,4,14,245,0.0,0,0.1,0
2025-10-06 05:29:04,1,60,22.1,88,13.3,1019.7,5,9,229,0.0,0,0.1,0
2025-10-06 05:30:05,1,60,22.1,88,13.3,1019.7,8,11,277,0.0,0,0.1,0
2025-10-06 05:31:06,1,60,22.1,88,13.3,1019.9,5,11,269,0.0,0,0.1,0
2025-10-06 05:32:07,1,60,22.1,88,13.3,1019.9,7,9,262,0.0,0,0.1,0
2025-10-06 05:33:08,1,60,22.1,88,13.3,1019.9,3,11,234,0.0,0,0.1,0
2025-10-06 05:34:09,1,60,22.1,88,13.3,1019.8,7,11,254,0.0,0,0.2,0
2025-10-06 05:35:10,1,60,22.1,88,13.3,1019.7,4,12,232,0.0,0,0.2,0
2025-10-06 05:36:11,1,60,22.1,88,13.4,1019.8,7,12,261,0.0,0,0.2,0
2025-10-06 05:37:12,1,60,22.1,88,13.4,1019.8,7,11,256,0.0,0,0.3,0
2025-10-06 05:38:13,1,60,22.1,88,13.4,1019.8,11,12,267,0.0,0,0.3,0
2025-10-06 05:39:14,1,60,22.1,88,13.4,1019.9,6,12,240,0.0,0,0.3,0
2025-10-06 05:40:15,1,60,22.1,88,13.4,1019.9,5,7,257,0.0,0,0.4,0
2025-10-06 05:41:16,1,60,22.1,88,13.4,1020.0,3,7,277,0.0,0,0.4,0
2025-10-06 05:42:17,1,60,22.1,88,13.4,1019.8,7,9,238,0.0,0,0.5,0
2025-10-06 05:43:18,1,60,22.1,88,13.4,1019.8,7,9,237,0.0,0,0.5,0
2025-10-06 05:44:19,1,60,22.1,88,13.4,1019.8,5,11,224,0.0,0,0.6,0
2025-10-06 05:45:20,1,60,22.1,88,13.4,1019.9,5,11,223,0.0,0,0.7,0
2025-10-06 05:46:21,1,60,22.1,88,13.4,1019.8,5,11,248,0.0,0,0.8,0
2025-10-06 05:47:22,1,60,22.1,88,13.4,1019.8,9,11,246,0.0,0,0.9,0
2025-10-06 05:48:23,1,60,22.2,88,13.4,1019.9,5,12,281,0.0,0,1.0,0
2025-10-06 05:49:24,1,60,22.1,88,13.4,1020.0,4,12,234,0.0,0,1.1,0
2025-10-06 05:50:25,1,60,22.1,88,13.4,1019.8,4,14,296,0.0,0,1.2,0
2025-10-06 05:51:26,1,60,22.2,88,13.4,1020.0,6,12,267,0.0,0,1.2,0
2025-10-06 05:52:27,1,60,22.1,88,13.4,1019.9,8,11,269,0.0,0,1.2,0
2025-10-06 05:53:28,1,60,22.1,88,13.4,1019.9,6,12,271,0.0,0,1.2,0
2025-10-06 05:54:29,1,60,22.1,88,13.4,1020.0,6,12,232,0.0,0,1.3,0
2025-10-06 05:55:30,1,60,22.1,88,13.4,1019.9,8,9,213,0.0,0,1.4,0
2025-10-06 05:56:31,1,60,22.1,88,13.4,1019.9,9,11,238,0.0,0,1.6,0
2025-10-06 05:57:32,1,60,22.2,87,13.4,1019.9,9,11,275,0.0,0,1.6,0
2025-10-06 05:58:33,1,60,22.2,87,13.4,1019.9,16,20,277,0.0,0,1.6,0
2025-10-06 05:59:34,1,60,22.1,87,13.5,1019.8,7,20,272,0.0,0,1.6,0
2025-10-06 06:00:35,1,60,22.2,87,13.5,1020.1,3,11,248,0.0,0,1.5,0
2025-10-06 06:01:36,1,60,22.1,87,13.5,1020.0,4,11,295,0.0,0,1.6,0
2025-10-06 06:02:37,1,60,22.1,87,13.5,1020.0,6,9,243,0.0,0,1.9,0
2025-10-06 06:03:38,1,60,22.2,87,13.5,1020.1,2,9,275,0.0,0,2.1,0
2025-10-06 06:04:39,1,60,22.1,87,13.5,1020.1,6,9,277,0.0,0,2.4,0
2025-10-06 06:05:40,1,60,22.1,87,13.5,1019.9,4,9,242,0.0,0,2.5,0
2025-10-06 06:06:41,1,60,22.2,87,13.5,1020.2,6,7,256,0.0,0,2.6,0
2025-10-06 06:07:42,1,59,22.2,87,13.5,1020.1,8,11,254,0.0,0,2.6,0
2025-10-06 06:08:43,1,59,22.2,87,13.5,1020.0,9,12,257,0.0,0,2.7,0
2025-10-06 06:09:44,1,59,22.2,87,13.5,1020.1,8,16,279,0.0,0,3.0,0
2025-10-06 06:10:45,1,59,22.1,87,13.5,1020.1,6,16,319,0.0,0,3.4,0
2025-10-06 06:11:46,1,59,22.2,87,13.5,1020.1,10,14,257,0.0,0,4.1,0
2025-10-06 06:12:47,1,59,22.2,87,13.5,1020.2,6,12,285,0.0,0,4.8,0
2025-10-06 06:13:48,1,59,22.2,87,13.6,1020.0,11,12,243,0.0,0,4.9,0
2025-10-06 06:14:49,1,59,22.2,87,13.6,1020.0,6,12,279,0.0,0,4.7,0
2025-10-06 06:15:50,1,59,22.2,87,13.6,1020.2,7,12,277,0.0,0,4.3,0
2025-10-06 06:16:51,1,59,22.2,87,13.6,1020.0,5,14,242,0.0,0,3.8,0
2025-10-06 06:17:52,1,59,22.2,86,13.6,1020.3,7,14,293,0.0,0,3.5,0
2025-10-06 06:18:53,1,59,22.2,86,13.6,1020.1,6,11,269,0.0,0,3.0,0
2025-10-06 06:19:54,1,59,22.2,86,13.6,1020.2,5,11,261,0.0,0,2.8,0
2025-10-06 06:20:55,1,59,22.2,86,13.6,1020.4,7,11,273,0.0,0,2.8,0
2025-10-06 06:21:56,1,59,22.2,86,13.6,1020.3,3,11,281,0.0,0,2.6,0
2025-10-06 06:22:57,1,59,22.1,86,13.6,1020.0,9,11,281,0.0,0,2.9,0
2025-10-06 06:23:58,1,59,22.2,86,13.6,1019.9,5,11,265,0.0,0,3.4,0
2025-10-06 06:24:59,1,59,22.2,86,13.6,1020.4,8,12,267,0.0,0,4.0,0
2025-10-06 06:26:00,1,59,22.2,86,13.6,1020.2,7,11,232,0.0,0,4.5,0
2025-10-06 06:27:01,1,59,22.2,86,13.6,1020.2,8,14,296,0.0,0,5.2,0
2025-10-06 06:28:02,1,59,22.2,86,13.6,1020.1,8,16,267,0.0,0,6.5,0
2025-10-06 06:29:03,1,59,22.2,86,13.7,1020.3,6,16,255,0.0,0,8.5,0
2025-10-06 06:30:04,1,59,22.2,86,13.7,1020.1,5,9,236,0.0,0,9.0,0
2025-10-06 06:31:05,1,59,22.2,86,13.7,1020.3,8,11,274,0.0,0,8.4,0
2025-10-06 06:32:06,1,59,22.2,86,13.7,1020.3,5,11,239,0.0,0,8.2,0
2025-10-06 06:33:07,1,59,22.2,86,13.7,1020.4,8,9,198,0.0,0,9.8,0
2025-10-06 06:34:08,1,59,22.2,86,13.7,1020.3,8,11,286,0.0,0,11.2,0
2025-10-06 06:35:09,1,59,22.2,86,13.7,1020.3,7,12,255,0.0,0,11.2,0
2025-10-06 06:36:10,1,59,22.2,86,13.7,1020.4,7,14,205,0.0,0,10.3,0
2025-10-06 06:37:11,1,59,22.2,86,13.7,1020.3,7,12,249,0.0,0,10.0,0
2025-10-06 06:38:12,1,59,22.2,86,13.7,1020.4,9,12,250,0.0,0,10.1,0
2025-10-06 06:39:13,1,59,22.2,86,13.7,1020.2,10,14,232,0.0,0,11.3,0
2025-10-06 06:40:14,1,59,22.1,86,13.7,1020.4,7,14,234,0.0,0,12.5,0
2025-10-06 06:41:15,1,59,22.2,86,13.7,1020.4,11,14,233,0.0,0,13.4,0
2025-10-06 06:42:16,1,59,22.2,86,13.7,1020.3,9,14,284,0.0,0,14.2,0
2025-10-06 06:43:17,1,59,22.2,86,13.7,1020.3,5,12,302,0.0,0,14.4,0
2025-10-06 06:44:18,1,59,22.2,86,13.8,1020.2,2,12,271,0.0,0,15.1,0
2025-10-06 06:45:19,1,59,22.2,86,13.8,1020.3,6,12,260,0.0,0,16.1,0
2025-10-06 06:46:20,1,59,22.2,86,13.8,1020.3,5,12,301,0.0,0,17.3,0
2025-10-06 06:47:21,1,59,22.2,86,13.7,1020.4,9,12,290,0.0,0,18.5,0
2025-10-06 06:48:22,1,59,22.2,86,13.7,1020.2,9,14,258,0.0,0,19.2,0
2025-10-06 06:49:23,1,59,22.2,86,13.7,1020.3,12,16,250,0.0,0,19.6,0
2025-10-06 06:50:24,1,59,22.2,86,13.7,1020.3,8,16,248,0.0,0,19.8,0
2025-10-06 06:51:25,1,59,22.2,86,13.7,1020.2,6,12,275,0.0,0,20.6,0
2025-10-06 06:52:26,1,59,22.2,86,13.8,1020.5,6,18,278,0.0,0,21.1,0
2025-10-06 06:53:27,1,59,22.2,86,13.7,1020.4,8,18,228,0.0,0,21.3,0
2025-10-06 06:54:29,1,59,22.2,86,13.8,1020.5,8,14,272,0.0,0,21.1,0
2025-10-06 06:55:30,1,59,22.2,86,13.8,1020.2,8,11,271,0.0,0,19.2,0
2025-10-06 06:56:31,1,59,22.2,86,13.8,1020.4,7,11,318,0.0,0,17.5,0
2025-10-06 06:57:32,1,59,22.2,86,13.8,1020.4,4,12,279,0.0,0,17.6,0
2025-10-06 06:58:33,1,59,22.2,86,13.8,1020.4,6,12,286,0.0,0,19.3,0
2025-10-06 06:59:34,1,59,22.2,86,13.8,1020.3,5,12,294,0.0,0,20.6,0
2025-10-06 07:00:35,1,59,22.2,86,13.8,1020.3,2,12,281,0.0,0,20.9,0
2025-10-06 07:01:36,1,59,22.2,86,13.8,1020.4,4,5,254,0.0,0,21.6,0
2025-10-06 07:02:37,1,60,22.2,86,13.8,1020.5,6,7,263,0.0,0,22.0,0
2025-10-06 07:03:38,1,60,22.2,86,13.8,1020.4,5,9,261,0.0,0,23.9,0
2025-10-06 07:04:39,1,60,22.2,86,13.8,1020.5,9,11,253,0.0,0,25.6,0
2025-10-06 07:05:40,1,60,22.2,86,13.8,1020.5,8,12,263,0.0,0,26.8,0
2025-10-06 07:06:41,1,60,22.2,86,13.8,1020.6,6,12,220,0.0,0,25.9,0
2025-10-06 07:07:42,1,60,22.2,86,13.8,1020.5,9,12,234,0.0,0,25.3,0
2025-10-06 07:08:43,1,60,22.2,86,13.8,1020.6,2,12,283,0.0,0,26.8,0
2025-10-06 07:09:44,1,60,22.2,86,13.8,1020.6,7,9,241,0.0,0,28.5,0
2025-10-06 07:10:45,1,60,22.2,86,13.8,1020.7,7,9,294,0.0,0,32.8,0
2025-10-06 07:11:46,1,60,22.2,86,13.8,1020.8,5,9,299,0.0,0,37.2,0
2025-10-06 07:12:47,1,60,22.2,86,13.8,1020.5,3,11,304,0.0,0,40.6,0
2025-10-06 07:13:48,1,60,22.2,86,13.8,1020.6,15,18,248,0.0,0,44.4,0
2025-10-06 07:14:49,1,60,22.2,86,13.8,1020.8,6,18,285,0.0,0,46.9,0
2025-10-06 07:15:50,1,60,22.2,86,13.8,1020.7,6,14,276,0.0,0,46.7,0
2025-10-06 07:16:51,1,60,22.2,86,13.9,1020.6,7,16,242,0.0,0,45.9,0
2025-10-06 07:17:52,1,60,22.2,86,13.9,1020.7,7,11,281,0.0,0,45.8,0
2025-10-06 07:18:53,1,60,22.2,86,13.9,1020.9,4,12,287,0.0,0,46.1,0
2025-10-06 07:19:54,1,60,22.2,86,13.9,1020.8,6,12,308,0.0,0,47.9,0
2025-10-06 07:20:55,1,60,22.2,86,13.9,1020.9,4,11,355,0.0,0,51.6,0
2025-10-06 07:21:56,1,60,22.3,86,13.9,1020.8,4,9,284,0.0,0,58.6,0
2025-10-06 07:22:57,1,60,22.2,86,13.9,1020.7,11,16,302,0.0,0,61.0,0
2025-10-06 07:23:58,1,60,22.2,86,13.9,1020.7,7,16,335,0.0,0,54.9,0
2025-10-06 07:24:59,1,60,22.2,86,14.0,1020.8,6,16,282,0.0,0,45.7,0
2025-10-06 07:26:00,1,60,22.2,86,14.0,1020.8,8,12,335,0.0,0,43.3,0
2025-10-06 07:27:01,1,60,22.2,86,14.0,1020.8,8,12,266,0.0,0,43.2,0
2025-10-06 07:28:02,1,60,22.2,86,14.0,1020.9,3,11,303,0.0,0,43.3,0
2025-10-06 07:29:03,1,60,22.2,86,14.0,1020.9,5,14,280,0.0,0,43.6,0
2025-10-06 07:30:04,1,60,22.3,86,14.0,1020.8,5,12,322,0.0,0,45.0,0
2025-10-06 07:31:05,1,60,22.2,86,14.0,1020.8,12,20,272,0.0,0,47.7,0
2025-10-06 07:32:06,1,60,22.2,86,14.0,1020.8,7,20,241,0.0,0,47.7,0
2025-10-06 07:33:07,1,60,22.2,86,14.0,1020.9,3,14,267,0.0,0,49.7,0
2025-10-06 07:34:08,1,60,22.3,86,14.1,1020.9,4,9,244,0.0,0,48.8,0
2025-10-06 07:35:09,1,60,22.2,86,14.1,1020.9,9,14,296,0.0,0,45.1,0
2025-10-06 07:36:10,1,60,22.2,86,14.1,1020.9,7,14,306,0.0,0,43.2,0
2025-10-06 07:37:11,1,60,22.3,86,14.1,1020.9,4,11,248,0.0,0,40.4,0
2025-10-06 07:38:12,1,60,22.3,86,14.1,1021.0,5,11,306,0.0,0,35.9,0
2025-10-06 07:39:13,1,60,22.3,86,14.1,1021.2,7,12,283,0.0,0,34.4,0
2025-10-06 07:40:14,1,60,22.2,86,14.1,1020.9,6,12,266,0.0,0,39.2,0
2025-10-06 07:41:15,1,60,22.3,86,14.1,1021.1,7,11,301,0.0,0,41.2,0
2025-10-06 07:42:16,1,60,22.3,85,14.1,1020.9,12,16,240,0.0,0,38.8,0
2025-10-06 07:43:17,1,60,22.2,85,14.1,1021.0,7,16,209,0.0,0,37.9,0
2025-10-06 07:44:18,1,60,22.3,85,14.1,1021.1,5,14,265,0.0,0,35.5,0
2025-10-06 07:45:19,1,60,22.3,85,14.1,1021.1,8,12,267,0.0,0,35.9,0
2025-10-06 07:46:20,1,60,22.3,85,14.1,1021.0,7,12,271,0.0,0,38.4,0
2025-10-06 07:47:21,1,60,22.3,85,14.1,1021.0,2,12,292,0.0,0,42.3,0
2025-10-06 07:48:22,1,61,22.3,85,14.1,1021.1,1,12,315,0.0,0,38.3,0
2025-10-06 07:49:23,1,61,22.3,85,14.2,1021.1,7,12,293,0.0,0,35.8,0
2025-10-06 07:50:24,1,60,22.3,85,14.2,1021.0,8,12,279,0.0,0,38.0,0
2025-10-06 07:51:25,1,60,22.3,85,14.2,1021.2,6,12,248,0.0,0,47.0,0
2025-10-06 07:52:26,1,60,22.3,85,14.2,1021.1,2,11,247,0.0,0,54.5,0
2025-10-06 07:53:27,1,61,22.3,85,14.2,1021.0,7,11,233,0.0,0,60.3,0
2025-10-06 07:54:28,1,61,22.3,85,14.2,1021.0,1,11,304,0.0,0,69.8,0
2025-10-06 07:55:29,1,61,22.3,85,14.2,1020.8,10,12,269,0.0,0,77.8,0
2025-10-06 07:56:30,1,61,22.3,85,14.2,1020.9,8,14,245,0.0,0,90.1,0
2025-10-06 07:57:31,1,61,22.3,85,14.2,1020.9,10,12,268,0.0,0,105.0,1
2025-10-06 07:58:32,1,61,22.3,85,14.2,1021.1,10,20,261,0.0,0,115.3,1
2025-10-06 07:59:33,1,61,22.3,85,14.2,1021.1,3,20,274,0.0,0,121.8,1
2025-10-06 08:00:34,1,61,22.3,85,14.3,1021.0,4,5,271,0.0,0,121.2,1
2025-10-06 08:01:35,1,61,22.3,85,14.3,1021.0,5,9,301,0.0,0,120.0,1
2025-10-06 08:02:36,1,61,22.3,85,14.3,1021.0,1,9,270,0.0,0,120.8,1
2025-10-06 08:03:37,1,61,22.3,85,14.4,1021.1,10,12,264,0.0,0,117.0,1
2025-10-06 08:04:38,1,61,22.3,85,14.4,1021.2,7,12,274,0.0,0,111.0,1
2025-10-06 08:05:39,1,61,22.3,85,14.4,1021.1,6,11,252,0.0,0,100.0,0
2025-10-06 08:06:40,1,61,22.3,85,14.4,1021.0,8,12,275,0.0,0,94.7,0
2025-10-06 08:07:41,1,61,22.3,84,14.4,1021.1,10,14,245,0.0,0,87.4,0
2025-10-06 08:08:42,1,61,22.3,84,14.5,1021.2,4,14,277,0.0,0,74.3,0
2025-10-06 08:09:43,1,61,22.3,84,14.5,1021.1,8,12,273,0.0,0,61.5,0
2025-10-06 08:10:44,1,61,22.3,84,14.5,1021.2,6,14,292,0.0,0,52.2,0
2025-10-06 08:11:45,1,61,22.3,84,14.5,1021.3,6,12,215,0.0,0,49.7,0
2025-10-06 08:12:46,1,61,22.3,84,14.5,1021.2,9,14,240,0.0,0,50.8,0
2025-10-06 08:13:47,1,61,22.3,84,14.5,1021.3,11,14,246,0.0,0,55.2,0
2025-10-06 08:14:48,1,61,22.3,84,14.5,1021.3,7,14,238,0.0,0,58.1,0
2025-10-06 08:15:49,1,61,22.3,84,14.5,1021.0,10,12,251,0.0,0,58.4,0
2025-10-06 08:16:50,1,61,22.3,84,14.5,1021.3,9,12,287,0.0,0,59.8,0
2025-10-06 08:17:51,1,61,22.3,84,14.5,1021.4,9,14,261,0.0,0,60.4,0
2025-10-06 08:18:52,1,61,22.3,85,14.5,1021.1,5,14,260,0.0,0,55.0,0
2025-10-06 08:19:53,1,61,22.3,85,14.5,1021.3,4,11,258,0.0,0,48.4,0
2025-10-06 08:20:54,1,61,22.3,85,14.5,1021.1,10,14,250,0.0,0,45.7,0
2025-10-06 08:21:55,1,61,22.3,85,14.5,1021.2,13,18,247,0.0,0,46.3,0
2025-10-06 08:22:56,1,61,22.3,85,14.5,1021.3,14,18,258,0.0,0,46.2,0
2025-10-06 08:23:57,1,61,22.3,85,14.4,1021.3,7,18,233,0.0,0,45.7,0
2025-10-06 08:24:58,1,62,22.3,85,14.4,1021.4,7,18,234,0.0,0,44.6,0
2025-10-06 08:25:59,1,62,22.3,85,14.4,1021.3,7,12,251,0.0,0,44.9,0
2025-10-06 08:27:00,1,62,22.3,85,14.4,1021.3,9,12,267,0.0,0,45.4,0
2025-10-06 08:28:01,1,62,22.3,85,14.4,1021.3,8,12,277,0.0,0,44.8,0
2025-10-06 08:29:02,1,62,22.3,85,14.4,1021.3,8,14,299,0.0,0,47.6,0
2025-10-06 08:30:03,1,62,22.3,85,14.3,1021.4,7,14,253,0.0,0,45.2,0
2025-10-06 08:31:04,1,62,22.3,85,14.3,1021.4,10,14,271,0.0,0,42.6,0
2025-10-06 08:32:05,1,62,22.3,85,14.3,1021.4,3,14,284,0.0,0,44.2,0
2025-10-06 08:33:06,1,62,22.3,85,14.3,1021.4,9,12,273,0.0,0,46.5,0
2025-10-06 08:34:07,1,62,22.3,86,14.3,1021.4,10,16,275,0.0,0,47.5,0
2025-10-06 08:35:08,1,62,22.3,86,14.3,1021.4,8,14,151,0.0,0,45.0,0
2025-10-06 08:36:09,1,63,22.3,86,14.2,1021.6,6,12,261,0.0,0,34.3,0
2025-10-06 08:37:10,1,63,22.3,86,14.2,1021.4,5,12,316,0.0,0,28.5,0
2025-10-06 08:38:11,1,63,22.3,86,14.2,1021.5,14,16,264,0.0,0,29.8,0
2025-10-06 08:39:12,1,63,22.3,86,14.2,1021.5,11,16,242,0.0,0,40.6,0
2025-10-06 08:40:13,1,63,22.3,86,14.2,1021.5,9,16,282,0.0,0,55.5,0
2025-10-06 08:41:14,1,63,22.3,86,14.2,1021.4,9,16,271,0.0,0,70.2,0
2025-10-06 08:42:15,1,63,22.3,86,14.2,1021.4,9,14,284,0.0,0,74.9,0
2025-10-06 08:43:16,1,63,22.3,86,14.2,1021.4,11,18,234,0.0,0,74.1,0
2025-10-06 08:44:17,1,63,22.3,86,14.2,1021.3,8,18,271,0.0,0,78.2,0
2025-10-06 08:45:18,1,63,22.3,86,14.2,1021.3,6,14,264,0.0,0,85.7,0
2025-10-06 08:46:19,1,63,22.3,86,14.2,1021.3,12,14,253,0.0,0,77.2,0
2025-10-06 08:47:20,1,63,22.3,86,14.2,1021.3,12,18,227,0.0,0,73.9,0
2025-10-06 08:48:21,1,63,22.3,86,14.2,1021.5,10,18,265,0.0,0,74.5,0
2025-10-06 08:49:22,1,63,22.3,86,14.2,1021.5,9,18,258,0.0,0,72.9,0
2025-10-06 08:50:23,1,63,22.3,86,14.2,1021.5,13,20,216,0.0,0,71.0,0
2025-10-06 08:51:24,1,63,22.3,86,14.2,1021.3,7,21,246,0.0,0,67.7,0
2025-10-06 08:52:25,1,63,22.3,86,14.2,1021.3,7,21,207,0.0,0,64.8,0
2025-10-06 08:53:26,1,62,22.3,86,14.2,1021.4,9,12,230,0.0,0,63.8,0
2025-10-06 08:54:27,1,62,22.3,86,14.2,1021.3,10,12,237,0.0,0,65.4,0
2025-10-06 08:55:28,1,62,22.3,86,14.3,1021.4,7,12,266,0.0,0,62.8,0
2025-10-06 08:56:29,1,62,22.3,86,14.3,1021.4,11,20,297,0.0,0,54.1,0
2025-10-06 08:57:30,1,62,22.3,86,14.3,1021.4,14,25,242,0.0,0,50.2,0
2025-10-06 08:58:31,1,62,22.3,85,14.3,1021.4,5,25,249,0.0,0,52.4,0
2025-10-06 08:59:32,1,62,22.3,85,14.3,1021.4,12,20,257,0.0,0,57.9,0
2025-10-06 09:00:33,1,62,22.3,85,14.3,1021.5,7,20,243,0.0,0,59.6,0
2025-10-06 09:01:34,1,62,22.3,86,14.3,1021.5,7,14,248,0.0,0,57.8,0
2025-10-06 09:02:35,1,62,22.3,85,14.3,1021.8,9,16,260,0.0,0,51.7,0
2025-10-06 09:03:36,1,62,22.3,85,14.3,1021.6,12,16,258,0.0,0,46.9,0
2025-10-06 09:04:37,1,62,22.3,85,14.3,1021.5,14,16,260,0.0,0,44.1,0
2025-10-06 09:05:38,1,62,22.3,85,14.3,1021.5,3,16,263,0.0,0,47.9,0
2025-10-06 09:06:39,1,62,22.3,85,14.4,1021.5,6,12,277,0.0,0,55.2,0
2025-10-06 09:07:40,1,62,22.3,85,14.4,1021.4,10,16,238,0.0,0,61.3,0
2025-10-06 09:08:41,1,62,22.3,85,14.4,1021.7,8,16,239,0.0,0,63.5,0
2025-10-06 09:09:42,1,62,22.3,85,14.4,1021.5,18,23,225,0.0,0,65.8,0
2025-10-06 09:10:43,1,62,22.3,85,14.4,1021.5,11,23,282,0.0,0,73.7,0
2025-10-06 09:11:44,1,62,22.3,85,14.4,1021.6,4,16,256,0.0,0,76.4,0
2025-10-06 09:12:45,1,62,22.3,85,14.4,1021.7,8,12,315,0.0,0,71.1,0
2025-10-06 09:13:46,1,62,22.2,85,14.4,1021.5,6,12,240,0.0,0,64.1,0
2025-10-06 09:14:47,1,62,22.2,85,14.5,1021.4,7,11,244,0.0,0,61.8,0
2025-10-06 09:15:48,1,62,22.3,85,14.5,1021.6,6,12,254,0.0,0,65.4,0
2025-10-06 09:16:49,1,62,22.3,85,14.5,1021.6,7,12,242,0.0,0,74.1,0
2025-10-06 09:17:50,1,62,22.3,85,14.5,1021.4,9,11,294,0.0,0,77.5,0
2025-10-06 09:18:51,1,62,22.3,85,14.5,1021.5,11,14,235,0.0,0,76.3,0
2025-10-06 09:19:52,1,62,22.3,85,14.5,1021.5,4,18,235,0.0,0,77.4,0
2025-10-06 09:20:53,1,62,22.3,85,14.5,1021.6,16,21,238,0.0,0,82.0,0
2025-10-06 09:21:54,1,62,22.3,85,14.5,1021.4,7,21,252,0.0,0,89.9,0
2025-10-06 09:22:55,1,62,22.2,85,14.5,1021.5,8,20,237,0.0,0,105.8,1
2025-10-06 09:23:56,1,62,22.3,85,14.5,1021.3,8,16,275,0.0,0,111.8,1
2025-10-06 09:24:57,1,62,22.3,85,14.5,1021.5,5,16,267,0.0,0,96.5,0
2025-10-06 09:25:58,1,62,22.3,85,14.5,1021.4,6,16,297,0.0,0,80.3,0
2025-10-06 09:26:59,1,62,22.3,85,14.6,1021.5,10,12,263,0.0,0,58.0,0
2025-10-06 09:28:00,1,62,22.3,85,14.6,1021.6,8,12,265,0.0,0,50.8,0
2025-10-06 09:29:01,1,62,22.3,84,14.6,1021.5,8,12,222,0.0,0,59.2,0
2025-10-06 09:30:02,1,62,22.3,84,14.6,1021.8,11,16,318,0.0,0,70.8,0
2025-10-06 09:31:03,1,62,22.3,84,14.6,1021.6,9,16,223,0.0,0,74.8,0
2025-10-06 09:32:04,1,62,22.2,84,14.6,1021.6,9,16,271,0.0,0,73.3,0
2025-10-06 09:33:07,1,62,22.3,84,14.6,1021.7,11,16,223,0.0,0,71.7,0
2025-10-06 09:34:06,1,62,22.3,84,14.6,1021.7,8,25,233,0.0,0,68.9,0
2025-10-06 09:35:07,1,62,22.3,84,14.6,1021.6,6,18,264,0.0,0,71.2,0
2025-10-06 09:36:08,1,62,22.3,84,14.6,1021.6,5,9,243,0.0,0,70.7,0
2025-10-06 09:37:09,1,62,22.2,84,14.7,1021.7,7,11,262,0.0,0,67.6,0
2025-10-06 09:38:10,1,62,22.2,84,14.7,1021.6,5,11,246,0.0,0,68.4,0
2025-10-06 09:39:11,1,62,22.2,84,14.7,1021.6,7,16,238,0.0,0,74.5,0
2025-10-06 09:40:12,1,62,22.2,84,14.7,1021.8,0,16,246,0.0,0,95.9,0
2025-10-06 09:41:13,1,62,22.3,84,14.7,1021.8,6,12,285,0.0,0,115.9,1
2025-10-06 09:42:14,1,62,22.2,84,14.7,1021.6,10,12,281,0.0,0,120.7,1
2025-10-06 09:43:15,1,62,22.3,84,14.7,1021.7,6,12,277,0.0,0,114.8,1
2025-10-06 09:44:16,1,62,22.3,84,14.7,1021.6,7,12,271,0.0,0,116.8,1
2025-10-06 09:45:17,1,62,22.3,84,14.8,1021.7,0,9,289,0.0,0,110.5,1
2025-10-06 09:46:18,1,62,22.3,84,14.8,1021.9,4,11,260,0.0,0,109.9,1
2025-10-06 09:47:19,1,62,22.3,84,14.8,1021.7,6,9,276,0.0,0,112.2,1
2025-10-06 09:48:20,1,62,22.3,84,14.9,1021.7,10,16,312,0.0,0,108.5,1
2025-10-06 09:49:21,1,62,22.3,84,14.9,1021.7,7,16,294,0.0,0,113.3,1
2025-10-06 09:50:22,1,62,22.3,84,14.9,1021.8,1,14,103,0.0,0,110.8,1
2025-10-06 09:51:23,1,62,22.3,84,14.9,1021.8,3,7,288,0.0,0,119.8,1
2025-10-06 09:52:24,1,62,22.3,84,14.9,1021.7,8,12,284,0.0,0,130.0,1
2025-10-06 09:53:25,1,62,22.3,83,15.0,1021.9,12,20,334,0.0,0,133.8,1
2025-10-06 09:54:26,1,62,22.3,83,15.0,1021.8,5,20,237,0.0,0,128.9,1
2025-10-06 09:55:28,1,62,22.3,83,15.0,1021.7,6,11,326,0.0,0,134.6,1
2025-10-06 09:56:29,1,62,22.3,83,15.0,1021.7,6,11,299,0.0,0,135.8,1
2025-10-06 09:57:30,1,62,22.3,82,15.1,1021.6,8,14,264,0.0,0,133.7,1
2025-10-06 09:58:31,1,62,22.3,82,15.1,1021.7,2,16,255,0.0,0,132.9,1
2025-10-06 09:59:32,1,62,22.3,82,15.1,1021.6,14,16,260,0.0,0,133.4,1
2025-10-06 10:00:33,1,62,22.3,82,15.1,1021.6,5,16,237,0.0,0,132.6,1
2025-10-06 10:01:34,1,62,22.3,81,15.1,1021.7,1,14,343,0.0,0,133.8,1
2025-10-06 10:02:35,1,62,22.3,81,15.1,1021.7,8,14,303,0.0,0,143.4,1
2025-10-06 10:03:36,1,62,22.3,81,15.2,1021.6,5,14,276,0.0,0,154.1,1
2025-10-06 10:04:37,1,62,22.3,81,15.2,1021.6,7,14,347,0.0,0,161.8,1
2025-10-06 10:05:38,1,62,22.3,80,15.2,1021.8,2,18,30,0.0,0,163.7,1
2025-10-06 10:06:39,1,62,22.3,80,15.2,1021.7,10,20,324,0.0,0,167.9,1
2025-10-06 10:07:40,1,62,22.3,80,15.2,1021.7,7,20,298,0.0,0,169.8,1
2025-10-06 10:08:41,1,62,22.3,80,15.3,1021.8,10,12,262,0.0,0,163.9,1
2025-10-06 10:09:42,1,62,22.3,80,15.3,1021.8,9,16,299,0.0,0,158.5,1
2025-10-06 10:10:43,1,62,22.3,80,15.3,1021.7,6,16,282,0.0,0,148.2,1
2025-10-06 10:11:44,1,62,22.3,79,15.3,1021.6,7,14,324,0.0,0,141.4,1
2025-10-06 10:12:45,1,62,22.3,79,15.3,1021.8,12,16,259,0.0,0,142.3,1
2025-10-06 10:13:46,1,62,22.3,79,15.4,1021.5,2,16,276,0.0,0,147.3,1
2025-10-06 10:14:47,1,62,22.3,79,15.4,1021.6,3,12,346,0.0,0,147.8,1
2025-10-06 10:15:48,1,62,22.3,79,15.4,1021.6,11,25,337,0.0,0,152.4,1
2025-10-06 10:16:49,1,62,22.3,79,15.4,1021.8,10,25,268,0.0,0,163.6,1
2025-10-06 10:17:50,1,62,22.3,79,15.4,1021.5,8,20,275,0.0,0,169.4,1
2025-10-06 10:18:51,1,62,22.3,79,15.3,1021.6,14,20,257,0.0,0,164.6,1
2025-10-06 10:19:52,1,62,22.3,79,15.3,1021.6,11,20,266,0.0,0,155.3,1
2025-10-06 10:20:53,1,62,22.3,79,15.4,1021.8,3,18,324,0.0,0,140.5,1
2025-10-06 10:21:54,1,62,22.3,79,15.4,1021.8,7,18,258,0.0,0,132.0,1
2025-10-06 10:22:55,1,62,22.3,79,15.4,1021.7,7,18,239,0.0,0,129.4,1
2025-10-06 10:23:56,1,62,22.3,79,15.4,1021.6,6,12,275,0.0,0,130.5,1
2025-10-06 10:24:57,1,62,22.3,79,15.4,1021.7,2,11,289,0.0,0,139.2,1
2025-10-06 10:25:58,1,62,22.3,79,15.4,1021.8,6,11,278,0.0,0,144.1,1
2025-10-06 10:26:59,1,62,22.3,79,15.5,1021.8,3,16,277,0.0,0,145.5,1
2025-10-06 10:28:00,1,62,22.3,79,15.5,1021.8,12,16,288,0.0,0,143.1,1
2025-10-06 10:29:01,1,62,22.2,79,15.5,1021.7,4,20,318,0.0,0,140.3,1
2025-10-06 10:30:02,1,62,22.3,78,15.5,1021.7,19,25,242,0.0,0,137.5,1
2025-10-06 10:31:03,1,62,22.2,78,15.4,1021.7,17,27,242,0.0,0,131.3,1
2025-10-06 10:32:04,1,62,22.3,78,15.4,1021.7,17,27,249,0.0,0,133.4,1
2025-10-06 10:33:05,1,62,22.3,79,15.3,1021.7,3,20,276,0.0,0,134.2,1
2025-10-06 10:34:06,1,62,22.3,79,15.3,1021.7,6,16,310,0.0,0,129.6,1
2025-10-06 10:35:07,1,62,22.3,79,15.4,1022.0,11,18,268,0.0,0,122.3,1
2025-10-06 10:36:08,1,62,22.3,78,15.4,1022.0,11,16,286,0.0,0,118.2,1
2025-10-06 10:37:09,1,62,22.3,78,15.4,1021.8,6,16,288,0.0,0,113.6,1
2025-10-06 10:38:10,1,62,22.2,78,15.4,1021.8,6,12,275,0.0,0,115.7,1
2025-10-06 10:39:11,1,62,22.3,78,15.4,1021.8,12,14,245,0.0,0,135.2,1
2025-10-06 10:40:12,1,62,22.3,78,15.4,1021.9,7,21,319,0.0,0,136.0,1
2025-10-06 10:41:13,1,62,22.3,78,15.4,1021.8,10,21,257,0.0,0,137.6,1
2025-10-06 10:42:14,1,62,22.3,78,15.4,1021.9,7,14,268,0.0,0,150.1,1
2025-10-06 10:43:15,1,62,22.3,78,15.4,1021.9,6,12,259,0.0,0,158.4,1
2025-10-06 10:44:16,1,62,22.3,78,15.4,1021.9,11,20,276,0.0,0,138.8,1
2025-10-06 10:45:17,1,62,22.3,78,15.4,1021.9,6,25,302,0.0,0,138.1,1
2025-10-06 10:46:18,1,62,22.3,78,15.4,1022.0,15,27,244,0.0,0,158.8,1
2025-10-06 10:47:19,1,62,22.3,78,15.4,1021.8,13,29,298,0.0,0,161.2,1
2025-10-06 10:48:20,1,62,22.3,78,15.4,1021.7,8,29,317,0.0,0,150.6,1
2025-10-06 10:49:21,1,62,22.3,78,15.4,1021.8,16,21,267,0.0,0,143.4,1
2025-10-06 10:50:22,1,62,22.3,78,15.4,1021.9,11,20,335,0.0,0,138.4,1
2025-10-06 10:51:23,1,62,22.3,78,15.4,1021.9,3,16,255,0.0,0,136.1,1
2025-10-06 10:52:24,1,62,22.3,78,15.4,1022.0,12,21,249,0.0,0,133.9,1
2025-10-06 10:53:25,1,62,22.3,78,15.4,1021.9,5,21,312,0.0,0,147.3,1
2025-10-06 10:54:26,1,62,22.3,78,15.4,1022.0,6,14,324,0.0,0,173.2,1
2025-10-06 10:55:27,1,62,22.3,78,15.4,1021.9,11,12,238,0.0,0,188.6,1
2025-10-06 10:56:28,1,62,22.3,78,15.5,1021.8,6,12,286,0.0,0,186.8,1
2025-10-06 10:57:29,1,62,22.3,78,15.5,1022.1,10,14,28,0.0,0,178.0,1
2025-10-06 10:58:30,1,62,22.3,78,15.5,1021.8,4,14,311,0.0,0,176.6,1
2025-10-06 10:59:31,1,62,22.3,78,15.6,1021.9,9,18,310,0.0,0,184.1,1
2025-10-06 11:00:32,1,62,22.3,78,15.6,1022.0,10,23,286,0.0,0,196.6,1
2025-10-06 11:01:33,1,62,22.3,78,15.6,1021.8,10,18,294,0.0,0,203.3,1
2025-10-06 11:02:34,1,63,22.3,78,15.6,1021.9,8,14,328,0.0,0,192.1,1
2025-10-06 11:03:35,1,63,22.3,78,15.6,1022.0,9,14,295,0.0,0,174.6,1
2025-10-06 11:04:36,1,62,22.3,78,15.6,1022.0,9,16,298,0.0,0,168.6,1
2025-10-06 11:05:37,1,62,22.3,78,15.6,1022.0,9,16,299,0.0,0,149.5,1
2025-10-06 11:06:38,1,62,22.2,78,15.6,1021.9,2,12,347,0.0,0,116.0,1
2025-10-06 11:07:39,1,62,22.3,77,15.7,1022.0,4,14,263,0.0,0,93.8,0
2025-10-06 11:08:40,1,62,22.3,78,15.7,1021.9,9,14,281,0.0,0,81.8,0
2025-10-06 11:09:41,1,62,22.3,78,15.7,1022.0,8,14,257,0.0,0,77.0,0
2025-10-06 11:10:42,1,62,22.2,78,15.7,1021.9,4,14,288,0.0,0,75.9,0
2025-10-06 11:11:43,1,62,22.3,78,15.7,1021.9,8,16,311,0.0,0,90.0,0
2025-10-06 11:12:44,1,62,22.2,78,15.7,1022.0,4,12,275,0.0,0,106.4,1
2025-10-06 11:13:45,1,62,22.2,78,15.7,1022.0,10,23,260,0.0,0,129.5,1
2025-10-06 11:14:46,1,62,22.3,78,15.6,1021.9,11,23,337,0.0,0,162.7,1
2025-10-06 11:15:47,1,62,22.3,78,15.6,1022.1,11,18,269,0.0,0,215.0,2
2025-10-06 11:16:48,1,62,22.3,78,15.6,1022.0,3,18,252,0.0,0,236.1,2
2025-10-06 11:17:49,1,62,22.3,78,15.6,1022.0,7,14,292,0.0,0,216.4,2
2025-10-06 11:18:50,1,62,22.3,78,15.6,1022.0,8,14,285,0.0,0,187.8,1
2025-10-06 11:19:51,1,62,22.3,78,15.7,1021.9,15,18,256,0.0,0,167.2,1
2025-10-06 11:20:52,1,62,22.2,78,15.7,1022.0,11,27,270,0.0,0,149.5,1
2025-10-06 11:21:53,1,62,22.3,78,15.7,1022.0,5,18,359,0.0,0,135.5,1
2025-10-06 11:22:54,1,62,22.3,78,15.7,1022.0,6,12,287,0.0,0,138.6,1
2025-10-06 11:23:55,1,62,22.3,78,15.7,1022.0,13,18,242,0.0,0,152.3,1
2025-10-06 11:24:56,1,62,22.3,78,15.7,1021.9,15,25,306,0.0,0,179.1,1
2025-10-06 11:25:57,1,62,22.3,78,15.7,1022.1,11,25,253,0.0,0,182.5,1
2025-10-06 11:26:58,1,62,22.2,78,15.7,1022.0,3,16,314,0.0,0,177.6,1
2025-10-06 11:27:59,1,62,22.3,78,15.7,1022.1,11,21,317,0.0,0,164.3,1
2025-10-06 11:29:00,1,62,22.3,78,15.7,1022.1,7,21,295,0.0,0,155.9,1
2025-10-06 11:30:01,1,62,22.3,78,15.7,1021.8,5,9,279,0.0,0,141.9,1
2025-10-06 11:31:02,1,62,22.2,78,15.7,1022.1,3,7,310,0.0,0,134.3,1
2025-10-06 11:32:03,1,62,22.3,78,15.8,1021.9,1,7,294,0.0,0,125.9,1
2025-10-06 11:33:04,1,62,22.3,78,15.8,1022.1,6,9,265,0.0,0,122.5,1
2025-10-06 11:34:05,1,62,22.3,78,15.9,1022.1,7,9,328,0.0,0,113.3,1
2025-10-06 11:35:06,1,62,22.3,78,15.9,1022.0,5,18,304,0.0,0,116.9,1
2025-10-06 11:36:07,1,62,22.3,78,15.9,1022.0,14,18,326,0.0,0,120.5,1
2025-10-06 11:37:08,1,62,22.3,77,15.9,1022.2,17,23,285,0.0,0,120.3,1
2025-10-06 11:38:09,1,62,22.3,78,15.8,1021.9,7,23,301,0.0,0,117.7,1
2025-10-06 11:39:10,1,62,22.3,78,15.8,1021.8,8,11,291,0.0,0,108.6,1
2025-10-06 11:40:11,1,62,22.2,77,15.7,1022.0,7,20,351,0.0,0,108.6,1
2025-10-06 11:41:12,1,62,22.3,77,15.7,1022.1,5,20,287,0.0,0,108.6,1
2025-10-06 11:42:13,1,62,22.3,77,15.7,1022.0,10,18,175,0.0,0,112.2,1
2025-10-06 11:43:14,1,62,22.2,77,15.7,1022.0,2,18,291,0.0,0,133.8,1
2025-10-06 11:44:15,1,62,22.3,78,15.7,1022.1,1,7,27,0.0,0,165.3,1
2025-10-06 11:45:16,1,62,22.2,77,15.7,1022.0,6,9,298,0.0,0,180.5,1
2025-10-06 11:46:17,1,62,22.2,77,15.8,1022.1,7,14,242,0.0,0,186.5,1
2025-10-06 11:47:18,1,62,22.2,77,15.8,1022.0,11,23,334,0.0,0,190.0,1
2025-10-06 11:48:19,1,62,22.3,77,15.9,1022.1,7,23,294,0.0,0,183.2,1
2025-10-06 11:49:20,1,62,22.2,77,15.9,1022.0,12,21,331,0.0,0,177.8,1
2025-10-06 11:50:21,1,62,22.3,77,15.9,1021.9,7,21,284,0.0,0,180.3,1
2025-10-06 11:51:22,1,62,22.2,77,15.8,1022.0,10,21,287,0.0,0,177.0,1
2025-10-06 11:52:23,1,62,22.2,77,15.8,1021.9,13,18,279,0.0,0,168.0,1
2025-10-06 11:53:24,1,62,22.2,76,15.8,1022.0,7,18,267,0.0,0,155.5,1
2025-10-06 11:54:25,1,62,22.2,76,15.9,1021.9,17,23,277,0.0,0,135.5,1
2025-10-06 11:55:26,1,62,22.2,76,15.9,1021.9,12,23,251,0.0,0,112.8,1
2025-10-06 11:56:27,1,62,22.2,76,15.8,1021.8,12,18,239,0.0,0,105.2,1
2025-10-06 11:57:28,1,62,22.3,76,15.8,1022.0,7,18,337,0.0,0,102.4,0
2025-10-06 11:58:29,1,62,22.2,76,15.8,1021.9,11,16,248,0.0,0,101.2,0
2025-10-06 11:59:30,1,62,22.2,76,15.7,1022.0,4,20,16,0.0,0,98.9,0
2025-10-06 12:00:31,1,62,22.3,76,15.7,1021.8,7,20,314,0.0,0,90.9,0
2025-10-06 12:01:32,1,62,22.3,76,15.7,1022.0,12,20,308,0.0,0,99.1,0
2025-10-06 12:02:33,1,62,22.2,76,15.7,1021.9,9,14,263,0.0,0,131.7,1
2025-10-06 12:03:34,1,62,22.2,76,15.7,1021.9,1,12,311,0.0,0,158.1,1
2025-10-06 12:04:35,1,62,22.3,77,15.7,1021.8,1,7,300,0.0,0,176.1,1
2025-10-06 12:05:36,1,62,22.2,76,15.8,1022.0,17,23,263,0.0,0,178.7,1
2025-10-06 12:06:37,1,62,22.2,76,15.8,1022.1,8,23,299,0.0,0,160.5,1
2025-10-06 12:07:38,1,62,22.2,77,15.8,1022.0,1,20,273,0.0,0,142.3,1
2025-10-06 12:08:39,1,62,22.2,76,15.8,1022.0,9,11,273,0.0,0,138.0,1
2025-10-06 12:09:40,1,62,22.2,76,15.8,1021.9,7,11,276,0.0,0,136.7,1
2025-10-06 12:10:41,1,62,22.2,76,15.9,1021.9,11,14,245,0.0,0,123.6,1
2025-10-06 12:11:42,1,62,22.2,76,15.8,1021.9,14,21,256,0.0,0,115.5,1
2025-10-06 12:12:43,1,62,22.2,77,15.8,1022.0,11,20,254,0.0,0,106.0,1
2025-10-06 12:13:44,1,62,22.3,77,15.8,1021.8,3,20,283,0.0,0,93.3,0
2025-10-06 12:14:45,1,63,22.3,77,15.8,1022.0,4,18,326,0.0,0,87.5,0
2025-10-06 12:15:46,1,62,22.3,77,15.7,1022.0,5,18,232,0.0,0,82.4,0
2025-10-06 12:16:47,1,63,22.2,78,15.8,1021.8,6,11,350,0.0,0,75.4,0
2025-10-06 12:17:48,1,63,22.2,77,15.8,1021.9,6,12,311,0.0,0,86.6,0
2025-10-06 12:18:49,1,63,22.3,77,15.8,1021.9,7,20,43,0.0,0,105.6,1
2025-10-06 12:19:50,1,63,22.3,77,15.8,1021.8,12,20,289,0.0,0,122.4,1
2025-10-06 12:20:51,1,63,22.2,77,15.7,1022.0,13,25,253,0.0,0,113.4,1
2025-10-06 12:21:52,1,63,22.3,77,15.7,1022.0,4,25,244,0.0,0,99.3,0
2025-10-06 12:22:53,1,63,22.3,78,15.7,1022.1,6,12,304,0.0,0,97.5,0
2025-10-06 12:23:54,1,63,22.3,78,15.7,1022.0,12,14,253,0.0,0,97.3,0
2025-10-06 12:24:55,1,63,22.3,78,15.7,1022.0,6,14,270,0.0,0,99.2,0
2025-10-06 12:25:56,1,63,22.2,78,15.7,1022.1,5,14,355,0.0,0,100.1,0
2025-10-06 12:26:57,1,63,22.3,78,15.7,1022.0,4,12,297,0.0,0,96.8,0
2025-10-06 12:27:58,1,63,22.3,77,15.7,1022.2,16,21,269,0.0,0,98.9,0
2025-10-06 12:28:59,1,63,22.3,77,15.7,1021.9,12,27,338,0.0,0,113.6,1
2025-10-06 12:30:00,1,63,22.3,77,15.6,1022.0,10,23,326,0.0,0,121.2,1
2025-10-06 12:31:01,1,63,22.3,77,15.6,1021.9,13,23,223,0.0,0,110.7,1
2025-10-06 12:32:02,1,63,22.3,77,15.6,1022.1,16,20,253,0.0,0,92.4,0
2025-10-06 12:33:03,1,63,22.3,77,15.6,1022.0,14,21,287,0.0,0,82.6,0
2025-10-06 12:34:04,1,63,22.3,77,15.6,1021.9,14,18,266,0.0,0,80.4,0
2025-10-06 12:35:05,1,63,22.3,78,15.5,1022.0,2,16,355,0.0,0,76.4,0
2025-10-06 12:36:06,1,63,22.3,77,15.5,1022.0,2,11,224,0.0,0,72.7,0
2025-10-06 12:37:07,1,63,22.3,77,15.5,1021.9,17,27,250,0.0,0,74.1,0
2025-10-06 12:38:08,1,63,22.3,78,15.5,1022.0,6,27,317,0.0,0,81.2,0
2025-10-06 12:39:09,1,63,22.3,78,15.5,1021.8,10,18,275,0.0,0,96.3,0
2025-10-06 12:40:10,1,63,22.3,78,15.5,1021.9,7,18,250,0.0,0,108.4,1
2025-10-06 12:41:11,1,63,22.3,78,15.5,1021.9,6,23,252,0.0,0,113.2,1
2025-10-06 12:42:12,1,63,22.3,78,15.5,1022.0,10,23,235,0.0,0,117.2,1
2025-10-06 12:43:13,1,63,22.3,78,15.5,1022.1,3,18,9,0.0,0,128.3,1
2025-10-06 12:44:14,1,63,22.3,78,15.5,1022.0,7,9,214,0.0,0,134.0,1
2025-10-06 12:45:15,1,63,22.3,78,15.6,1022.1,11,16,273,0.0,0,127.2,1
2025-10-06 12:46:16,1,63,22.3,78,15.6,1021.9,9,16,62,0.0,0,122.8,1
2025-10-06 12:47:17,1,63,22.3,78,15.6,1021.8,11,25,257,0.0,0,124.1,1
2025-10-06 12:48:18,1,63,22.3,78,15.6,1022.1,6,25,315,0.0,0,123.2,1
2025-10-06 12:49:19,1,63,22.3,78,15.6,1022.1,7,14,259,0.0,0,116.1,1
2025-10-06 12:50:20,1,63,22.3,77,15.6,1022.0,16,23,239,0.0,0,104.0,1
2025-10-06 12:51:21,1,63,22.3,77,15.6,1022.1,11,23,227,0.0,0,90.1,0
2025-10-06 12:52:22,1,63,22.3,77,15.6,1022.1,5,20,327,0.0,0,83.2,0
2025-10-06 12:53:23,1,63,22.3,77,15.5,1022.2,16,23,182,0.0,0,81.8,0
2025-10-06 12:54:24,1,63,22.3,76,15.5,1022.1,6,23,40,0.0,0,80.7,0
2025-10-06 12:55:26,1,63,22.3,77,15.5,1022.0,6,18,230,0.0,0,75.8,0
2025-10-06 12:56:27,1,63,22.3,76,15.5,1022.0,21,25,263,0.0,0,73.0,0
2025-10-06 12:57:28,1,63,22.3,76,15.5,1022.0,5,25,264,0.0,0,78.6,0
2025-10-06 12:58:29,1,63,22.3,76,15.5,1022.0,14,21,245,0.0,0,86.9,0
2025-10-06 12:59:30,1,63,22.3,76,15.5,1022.1,10,16,290,0.0,0,96.9,0
2025-10-06 13:00:31,1,63,22.3,76,15.5,1022.0,6,16,282,0.0,0,105.4,1
2025-10-06 13:01:32,1,63,22.3,76,15.5,1022.1,16,20,226,0.0,0,104.8,1
2025-10-06 13:02:33,1,63,22.3,76,15.5,1022.0,9,20,256,0.0,0,88.0,0
2025-10-06 13:03:34,1,63,22.3,76,15.5,1022.0,6,16,283,0.0,0,76.0,0
2025-10-06 13:04:35,1,63,22.3,76,15.5,1021.9,12,14,233,0.0,0,67.5,0
2025-10-06 13:05:36,1,63,22.3,76,15.5,1021.9,19,25,243,0.0,0,66.0,0
2025-10-06 13:06:37,1,63,22.3,76,15.5,1022.0,10,23,290,0.0,0,69.8,0
2025-10-06 13:07:38,1,63,22.3,77,15.4,1021.8,10,14,244,0.0,0,79.5,0
2025-10-06 13:08:39,1,63,22.3,77,15.4,1022.0,11,14,241,0.0,0,87.9,0
2025-10-06 13:09:40,1,63,22.3,77,15.4,1021.9,7,18,242,0.0,0,93.3,0
2025-10-06 13:10:41,1,63,22.3,77,15.4,1022.0,6,20,242,0.0,0,98.5,0
2025-10-06 13:11:42,1,63,22.3,77,15.4,1021.8,8,20,232,0.0,0,110.4,1
2025-10-06 13:12:43,1,63,22.3,77,15.4,1022.0,6,12,337,0.0,0,120.5,1
2025-10-06 13:13:44,1,63,22.3,77,15.4,1021.9,5,9,286,0.0,0,128.2,1
2025-10-06 13:14:45,1,63,22.3,77,15.5,1022.1,9,16,216,0.0,0,132.2,1
2025-10-06 13:15:46,1,63,22.3,77,15.5,1021.8,10,21,246,0.0,0,133.9,1
2025-10-06 13:16:47,1,64,22.3,77,15.4,1021.7,9,21,272,0.0,0,130.7,1
2025-10-06 13:17:48,1,64,22.3,77,15.4,1021.9,14,18,248,0.0,0,138.8,1
2025-10-06 13:18:49,1,64,22.3,77,15.4,1021.7,13,20,318,0.0,0,166.9,1
2025-10-06 13:19:50,1,64,22.3,77,15.4,1021.7,12,25,224,0.0,0,181.2,1
2025-10-06 13:20:51,1,64,22.4,77,15.5,1021.7,17,25,291,0.0,0,189.0,1
2025-10-06 13:21:52,1,64,22.3,77,15.5,1021.6,3,21,292,0.0,0,195.8,1
2025-10-06 13:22:53,1,64,22.4,77,15.5,1021.7,15,20,252,0.0,0,201.2,1
2025-10-06 13:23:54,1,64,22.3,77,15.6,1021.7,12,20,300,0.0,0,191.9,1
2025-10-06 13:24:55,1,64,22.3,77,15.6,1021.7,7,18,245,0.0,0,180.8,1
2025-10-06 13:25:56,1,64,22.3,77,15.6,1021.8,6,14,337,0.0,0,157.9,1
2025-10-06 13:26:57,1,64,22.4,77,15.7,1021.7,11,31,291,0.0,0,144.1,1
2025-10-06 13:27:58,1,64,22.4,76,15.7,1021.6,5,31,336,0.0,0,150.7,1
2025-10-06 13:28:59,1,64,22.4,77,15.7,1021.7,11,21,342,0.0,0,163.7,1
2025-10-06 13:30:00,1,64,22.3,76,15.7,1021.7,10,21,268,0.0,0,154.7,1
2025-10-06 13:31:01,1,64,22.4,77,15.7,1021.8,6,21,273,0.0,0,127.7,1
2025-10-06 13:32:02,1,64,22.3,77,15.7,1021.7,6,11,286,0.0,0,100.5,0
2025-10-06 13:33:03,1,64,22.4,76,15.7,1021.8,18,29,268,0.0,0,89.6,0
2025-10-06 13:34:04,1,64,22.4,76,15.7,1021.6,11,29,276,0.0,0,74.5,0
2025-10-06 13:35:05,1,65,22.4,77,15.7,1021.6,8,16,263,0.0,0,66.7,0
2025-10-06 13:36:06,1,65,22.4,76,15.6,1021.6,19,23,290,0.0,0,65.5,0
2025-10-06 13:37:07,1,65,22.4,77,15.6,1021.8,5,23,354,0.0,0,66.4,0
2025-10-06 13:38:08,1,65,22.4,76,15.6,1021.7,7,23,19,0.0,0,63.8,0
2025-10-06 13:39:09,1,65,22.4,77,15.6,1021.8,13,23,266,0.0,0,62.0,0
2025-10-06 13:40:10,1,65,22.4,77,15.5,1021.8,4,18,269,0.0,0,70.3,0
2025-10-06 13:41:11,1,65,22.4,77,15.5,1021.8,6,18,272,0.0,0,81.5,0
2025-10-06 13:42:12,1,65,22.4,77,15.5,1021.7,14,18,280,0.0,0,92.4,0
2025-10-06 13:43:13,1,65,22.4,77,15.5,1021.8,11,25,328,0.0,0,95.7,0
2025-10-06 13:44:14,1,65,22.4,77,15.5,1021.7,10,25,320,0.0,0,93.0,0
2025-10-06 13:45:15,1,65,22.4,77,15.4,1021.7,15,21,283,0.0,0,87.6,0
2025-10-06 13:46:16,1,65,22.4,77,15.4,1021.9,3,21,298,0.0,0,82.5,0
2025-10-06 13:47:17,1,65,22.4,78,15.4,1021.7,7,12,273,0.0,0,79.5,0
2025-10-06 13:48:18,1,65,22.4,78,15.4,1021.9,1,14,298,0.0,0,75.1,0
2025-10-06 13:49:19,1,66,22.4,78,15.4,1021.8,2,14,48,0.0,0,70.4,0
2025-10-06 13:50:20,1,66,22.4,78,15.4,1021.7,3,12,247,0.0,0,66.8,0
2025-10-06 13:51:21,1,65,22.4,78,15.5,1022.0,5,18,313,0.0,0,62.6,0
2025-10-06 13:52:22,1,65,22.4,78,15.5,1021.8,5,18,296,0.0,0,59.7,0
2025-10-06 13:53:23,1,65,22.4,78,15.5,1021.7,7,20,24,0.0,0,61.1,0
2025-10-06 13:54:24,1,65,22.4,78,15.4,1021.8,4,16,289,0.0,0,66.5,0
2025-10-06 13:55:25,1,65,22.4,78,15.4,1021.7,14,18,289,0.0,0,71.1,0
2025-10-06 13:56:26,1,65,22.4,78,15.4,1022.0,7,18,297,0.0,0,73.1,0
2025-10-06 13:57:27,1,65,22.4,78,15.4,1022.0,12,18,323,0.0,0,73.7,0
2025-10-06 13:58:28,1,65,22.4,78,15.4,1021.9,11,23,35,0.0,0,78.1,0
2025-10-06 13:59:29,1,65,22.4,78,15.4,1021.8,7,23,275,0.0,0,86.6,0
2025-10-06 14:00:30,1,65,22.4,78,15.4,1021.9,12,16,276,0.0,0,94.6,0
2025-10-06 14:01:31,1,65,22.4,78,15.4,1021.8,10,16,297,0.0,0,103.7,1
2025-10-06 14:02:32,1,65,22.4,78,15.4,1022.0,6,16,323,0.0,0,113.3,1
2025-10-06 14:03:33,1,65,22.4,78,15.4,1021.8,13,16,278,0.0,0,126.0,1
2025-10-06 14:04:34,1,65,22.4,78,15.4,1021.7,9,16,308,0.0,0,140.1,1
2025-10-06 14:05:35,1,65,22.4,78,15.4,1021.9,4,16,65,0.0,0,142.8,1
2025-10-06 14:06:36,1,65,22.4,78,15.4,1021.8,9,18,251,0.0,0,134.2,1
2025-10-06 14:07:37,1,65,22.4,78,15.5,1021.9,14,25,293,0.0,0,126.5,1
2025-10-06 14:08:38,1,65,22.4,78,15.5,1021.7,8,25,329,0.0,0,119.4,1
2025-10-06 14:09:39,1,65,22.4,78,15.5,1021.8,13,20,251,0.0,0,112.7,1
2025-10-06 14:10:40,1,65,22.4,78,15.5,1021.9,11,20,295,0.0,0,108.7,1
2025-10-06 14:11:41,1,65,22.4,78,15.4,1021.8,7,29,249,0.0,0,102.2,0
2025-10-06 14:12:42,1,65,22.4,79,15.4,1021.9,6,23,274,0.0,0,95.7,0
2025-10-06 14:13:43,1,65,22.4,78,15.4,1021.8,10,14,280,0.0,0,93.7,0
2025-10-06 14:14:44,1,65,22.4,79,15.4,1022.0,6,14,268,0.0,0,90.7,0
2025-10-06 14:15:45,1,65,22.4,78,15.5,1021.9,14,18,292,0.0,0,84.6,0
2025-10-06 14:16:46,1,65,22.4,78,15.5,1021.8,11,18,319,0.0,0,84.1,0
2025-10-06 14:17:47,1,65,22.4,78,15.5,1021.9,7,16,290,0.0,0,81.9,0
2025-10-06 14:18:48,1,65,22.4,79,15.5,1022.0,1,16,267,0.0,0,72.5,0
2025-10-06 14:19:49,1,65,22.4,79,15.5,1021.9,5,9,330,0.0,0,61.7,0
2025-10-06 14:20:50,1,65,22.4,79,15.5,1021.9,12,16,231,0.0,0,52.2,0
2025-10-06 14:21:51,1,65,22.4,78,15.5,1022.0,19,25,265,0.0,0,53.2,0
2025-10-06 14:22:52,1,65,22.4,79,15.4,1021.9,3,25,267,0.0,0,66.3,0
2025-10-06 14:23:53,1,65,22.4,79,15.4,1022.1,12,20,304,0.0,0,81.5,0
2025-10-06 14:24:54,1,65,22.4,79,15.4,1022.0,3,20,256,0.0,0,85.2,0
2025-10-06 14:25:55,1,65,22.4,79,15.4,1022.0,8,20,310,0.0,0,80.1,0
2025-10-06 14:26:56,1,66,22.4,79,15.4,1021.9,9,20,266,0.0,0,74.4,0
2025-10-06 14:27:57,1,66,22.4,79,15.4,1022.0,6,16,11,0.0,0,66.6,0
2025-10-06 14:28:58,1,65,22.4,79,15.4,1022.0,5,14,236,0.0,0,58.9,0
2025-10-06 14:29:59,1,66,22.4,79,15.4,1021.9,9,18,255,0.0,0,54.8,0
2025-10-06 14:31:00,1,65,22.4,79,15.4,1022.1,7,21,305,0.0,0,54.4,0
2025-10-06 14:32:01,1,66,22.4,79,15.4,1021.8,5,18,243,0.0,0,54.2,0
2025-10-06 14:33:02,1,65,22.4,79,15.4,1022.0,8,18,239,0.0,0,51.4,0
2025-10-06 14:34:03,1,65,22.4,79,15.3,1022.1,10,12,261,0.0,0,48.8,0
2025-10-06 14:35:04,1,65,22.4,79,15.3,1022.1,6,12,251,0.0,0,49.6,0
2025-10-06 14:36:05,1,65,22.4,80,15.3,1022.1,3,11,285,0.0,0,49.9,0
2025-10-06 14:37:06,1,66,22.4,80,15.4,1022.1,6,9,279,0.0,0,47.0,0
2025-10-06 14:38:07,1,66,22.4,79,15.4,1022.1,3,14,60,0.0,0,42.1,0
2025-10-06 14:39:08,1,66,22.4,80,15.4,1022.2,8,12,314,0.0,0,39.2,0
2025-10-06 14:40:09,1,66,22.4,80,15.4,1022.1,5,12,317,0.0,0,38.4,0
2025-10-06 14:41:10,1,66,22.4,80,15.4,1022.1,4,11,280,0.0,0,38.7,0
2025-10-06 14:42:11,1,66,22.4,80,15.4,1022.1,2,7,272,0.0,0,39.4,0
2025-10-06 14:43:12,1,66,22.4,80,15.4,1022.3,7,12,327,0.0,0,37.1,0
2025-10-06 14:44:13,1,66,22.4,80,15.3,1022.2,5,12,303,0.0,0,36.5,0
2025-10-06 14:45:14,1,66,22.4,80,15.3,1022.2,9,11,273,0.0,0,36.8,0
2025-10-06 14:46:15,1,66,22.4,80,15.3,1022.2,7,14,244,0.0,0,38.0,0
2025-10-06 14:47:16,1,66,22.4,80,15.3,1022.1,6,11,235,0.0,0,40.3,0
2025-10-06 14:48:17,1,66,22.4,80,15.3,1022.3,5,9,217,0.0,0,43.0,0
2025-10-06 14:49:18,1,66,22.4,80,15.3,1022.1,3,9,254,0.0,0,42.8,0
2025-10-06 14:50:19,1,66,22.4,80,15.3,1022.2,2,9,354,0.0,0,40.1,0
2025-10-06 14:51:20,1,66,22.4,80,15.3,1022.3,4,9,304,0.0,0,38.3,0
2025-10-06 14:52:21,1,66,22.4,80,15.3,1022.3,6,11,310,0.0,0,38.5,0
2025-10-06 14:53:22,1,66,22.4,80,15.3,1022.2,3,11,311,0.0,0,42.7,0
2025-10-06 14:54:23,1,66,22.4,80,15.3,1022.1,1,7,298,0.0,0,46.6,0
2025-10-06 14:55:24,1,66,22.4,80,15.3,1022.0,7,11,247,0.0,0,51.1,0
2025-10-06 14:56:25,1,66,22.4,80,15.3,1022.3,6,12,277,0.0,0,54.8,0
2025-10-06 14:57:26,1,66,22.4,80,15.3,1022.3,11,14,301,0.0,0,55.5,0
2025-10-06 14:58:27,1,66,22.4,80,15.3,1022.2,0,14,298,0.0,0,54.1,0
2025-10-06 14:59:28,1,66,22.4,80,15.3,1022.2,11,16,282,0.0,0,51.9,0
2025-10-06 15:00:29,1,66,22.4,80,15.3,1022.2,6,16,304,0.0,0,52.5,0
2025-10-06 15:01:30,1,66,22.4,80,15.3,1022.3,2,11,293,0.0,0,52.0,0
2025-10-06 15:02:31,1,66,22.4,79,15.3,1022.3,3,9,296,0.0,0,50.9,0
2025-10-06 15:03:32,1,67,22.4,79,15.3,1022.3,2,7,300,0.0,0,50.3,0
2025-10-06 15:04:33,1,67,22.4,79,15.3,1022.4,6,11,324,0.0,0,53.3,0
2025-10-06 15:05:34,1,67,22.4,79,15.3,1022.2,3,11,317,0.0,0,57.5,0
2025-10-06 15:06:35,1,67,22.4,79,15.3,1022.1,4,11,277,0.0,0,55.7,0
2025-10-06 15:07:36,1,67,22.5,79,15.3,1022.2,2,7,253,0.0,0,48.5,0
2025-10-06 15:08:37,1,67,22.4,79,15.3,1022.2,9,11,261,0.0,0,42.0,0
2025-10-06 15:09:38,1,67,22.4,79,15.3,1022.3,7,18,289,0.0,0,37.5,0
2025-10-06 15:10:39,1,67,22.4,79,15.3,1022.4,10,16,238,0.0,0,37.0,0
2025-10-06 15:11:40,1,67,22.5,79,15.3,1022.3,3,18,13,0.0,0,37.2,0
2025-10-06 15:12:41,1,67,22.5,79,15.3,1022.3,1,18,324,0.0,0,39.0,0
2025-10-06 15:13:42,1,67,22.5,79,15.3,1022.4,9,12,290,0.0,0,38.8,0
2025-10-06 15:14:43,1,66,22.5,79,15.3,1022.4,12,16,282,0.0,0,37.4,0
2025-10-06 15:15:44,1,66,22.5,78,15.3,1022.2,9,16,326,0.0,0,37.4,0
2025-10-06 15:16:45,1,66,22.5,78,15.3,1022.3,7,12,290,0.0,0,35.6,0
2025-10-06 15:17:46,1,66,22.5,78,15.2,1022.2,11,16,274,0.0,0,33.1,0
2025-10-06 15:18:47,1,66,22.5,78,15.2,1022.4,2,16,60,0.0,0,31.6,0
2025-10-06 15:19:48,1,66,22.5,78,15.2,1022.2,8,11,274,0.0,0,30.0,0
2025-10-06 15:20:49,1,66,22.5,78,15.2,1022.2,4,12,271,0.0,0,29.2,0
2025-10-06 15:21:50,1,66,22.5,78,15.2,1022.4,5,12,289,0.0,0,28.4,0
2025-10-06 15:22:51,1,66,22.5,78,15.2,1022.4,2,11,267,0.0,0,30.4,0
2025-10-06 15:23:52,1,66,22.5,78,15.2,1022.3,2,7,226,0.0,0,35.0,0
2025-10-06 15:24:53,1,66,22.5,78,15.2,1022.2,2,9,227,0.0,0,44.6,0
2025-10-06 15:25:54,1,66,22.5,78,15.2,1022.3,1,11,281,0.0,0,54.5,0
2025-10-06 15:26:55,1,66,22.5,78,15.2,1022.4,7,12,310,0.0,0,58.4,0
2025-10-06 15:27:56,1,66,22.5,78,15.2,1022.1,2,12,258,0.0,0,59.9,0
2025-10-06 15:28:57,1,66,22.6,78,15.2,1022.3,2,11,302,0.0,0,55.0,0
2025-10-06 15:29:58,1,66,22.5,78,15.2,1022.4,5,16,275,0.0,0,51.5,0
2025-10-06 15:30:59,1,66,22.5,78,15.2,1022.3,7,16,296,0.0,0,46.9,0
2025-10-06 15:32:00,1,66,22.5,78,15.3,1022.4,4,14,293,0.0,0,43.0,0
2025-10-06 15:33:01,1,66,22.6,78,15.3,1022.4,2,12,270,0.0,0,42.1,0
2025-10-06 15:34:02,1,66,22.6,78,15.3,1022.3,3,12,290,0.0,0,42.0,0
2025-10-06 15:35:03,1,66,22.6,78,15.3,1022.4,6,14,291,0.0,0,42.1,0
2025-10-06 15:36:04,1,66,22.6,78,15.3,1022.4,4,12,268,0.0,0,42.0,0
2025-10-06 15:37:05,1,66,22.6,79,15.3,1022.4,3,7,258,0.0,0,41.6,0
2025-10-06 15:38:06,1,66,22.6,78,15.3,1022.4,11,20,352,0.0,0,41.4,0
2025-10-06 15:39:07,1,66,22.6,79,15.3,1022.5,7,20,273,0.0,0,42.5,0
2025-10-06 15:40:08,1,66,22.6,79,15.3,1022.4,4,12,324,0.0,0,41.4,0
2025-10-06 15:41:09,1,66,22.6,79,15.3,1022.5,13,16,268,0.0,0,39.5,0
2025-10-06 15:42:10,1,66,22.6,79,15.3,1022.3,7,16,269,0.0,0,42.3,0
2025-10-06 15:43:11,1,66,22.6,79,15.3,1022.4,10,16,263,0.0,0,49.5,0
2025-10-06 15:44:12,1,66,22.6,79,15.2,1022.3,5,18,280,0.0,0,56.8,0
2025-10-06 15:45:13,1,66,22.6,79,15.2,1022.2,2,18,350,0.0,0,60.1,0
2025-10-06 15:46:14,1,66,22.6,79,15.2,1022.4,7,12,275,0.0,0,59.8,0
2025-10-06 15:47:15,1,66,22.6,79,15.2,1022.3,9,12,148,0.0,0,60.5,0
2025-10-06 15:48:16,1,66,22.6,79,15.2,1022.5,11,21,273,0.0,0,61.1,0
2025-10-06 15:49:17,1,66,22.6,79,15.2,1022.5,9,21,228,0.0,0,62.6,0
2025-10-06 15:50:18,1,66,22.6,79,15.2,1022.4,8,20,229,0.0,0,62.9,0
2025-10-06 15:51:19,1,66,22.6,78,15.2,1022.3,9,20,272,0.0,0,63.9,0
2025-10-06 15:52:20,1,66,22.6,79,15.2,1022.4,3,18,303,0.0,0,61.6,0
2025-10-06 15:53:21,1,66,22.6,79,15.2,1022.3,7,12,248,0.0,0,56.1,0
2025-10-06 15:54:22,1,66,22.6,79,15.2,1022.3,7,12,273,0.0,0,50.3,0
2025-10-06 15:55:24,1,66,22.6,79,15.2,1022.3,3,11,267,0.0,0,47.4,0
2025-10-06 15:56:25,1,66,22.6,79,15.3,1022.2,15,21,308,0.0,0,46.3,0
2025-10-06 15:57:26,1,66,22.6,79,15.3,1022.4,9,21,247,0.0,0,44.1,0
2025-10-06 15:58:27,1,66,22.6,78,15.3,1022.2,13,21,303,0.0,0,39.5,0
2025-10-06 15:59:28,1,66,22.6,78,15.2,1022.1,12,21,344,0.0,0,34.1,0
2025-10-06 16:00:29,1,66,22.6,79,15.2,1022.5,10,18,274,0.0,0,30.8,0
2025-10-06 16:01:30,1,66,22.6,79,15.2,1022.2,3,20,293,0.0,0,29.1,0
2025-10-06 16:02:31,1,66,22.6,79,15.2,1022.6,7,20,17,0.0,0,25.1,0
2025-10-06 16:03:32,1,66,22.6,79,15.2,1022.5,4,14,308,0.0,0,21.9,0
2025-10-06 16:04:33,1,66,22.6,79,15.2,1022.4,4,12,281,0.0,0,21.8,0
2025-10-06 16:05:34,1,66,22.6,79,15.2,1022.4,7,16,278,0.0,0,24.5,0
2025-10-06 16:06:35,1,66,22.6,79,15.2,1022.4,8,16,340,0.0,0,23.7,0
2025-10-06 16:07:36,1,66,22.6,79,15.2,1022.5,6,14,280,0.0,0,23.9,0
2025-10-06 16:08:37,1,66,22.5,79,15.2,1022.5,2,11,256,0.0,0,27.2,0
2025-10-06 16:09:38,1,66,22.6,79,15.2,1022.5,12,18,242,0.0,0,28.7,0
2025-10-06 16:10:39,1,66,22.6,79,15.2,1022.4,13,16,297,0.0,0,27.0,0
2025-10-06 16:11:40,1,66,22.6,79,15.2,1022.3,9,16,283,0.0,0,25.6,0
2025-10-06 16:12:41,1,66,22.6,79,15.1,1022.4,6,21,267,0.0,0,25.2,0
2025-10-06 16:13:42,1,66,22.5,79,15.1,1022.3,12,21,244,0.0,0,23.6,0
2025-10-06 16:14:43,1,66,22.5,80,15.1,1022.3,7,21,254,0.0,0,23.5,0
2025-10-06 16:15:44,1,67,22.5,80,15.1,1022.4,8,16,287,0.0,0,25.8,0
2025-10-06 16:16:45,1,66,22.6,80,15.1,1022.4,8,16,276,0.0,0,31.6,0
2025-10-06 16:17:46,1,66,22.5,80,15.1,1022.4,16,18,255,0.0,0,31.4,0
2025-10-06 16:18:47,1,66,22.6,80,15.1,1022.3,10,18,266,0.0,0,28.3,0
2025-10-06 16:19:48,1,66,22.5,80,15.1,1022.4,14,20,280,0.0,0,26.3,0
2025-10-06 16:20:49,1,66,22.5,80,15.1,1022.3,5,20,230,0.0,0,26.9,0
2025-10-06 16:21:50,1,66,22.5,80,15.1,1022.5,8,18,253,0.0,0,26.3,0
2025-10-06 16:22:51,1,66,22.5,80,15.1,1022.4,16,20,256,0.0,0,26.0,0
2025-10-06 16:23:52,1,66,22.6,80,15.1,1022.3,4,20,270,0.0,0,25.1,0
2025-10-06 16:24:53,1,66,22.5,81,15.1,1022.4,4,16,335,0.0,0,23.6,0
2025-10-06 16:25:54,1,66,22.6,80,15.1,1022.5,11,20,349,0.0,0,21.4,0
2025-10-06 16:26:55,1,67,22.6,81,15.1,1022.3,9,20,269,0.0,0,20.8,0
2025-10-06 16:27:56,1,67,22.6,81,15.1,1022.4,7,20,283,0.0,0,16.4,0
2025-10-06 16:28:57,1,67,22.6,81,15.0,1022.4,12,18,280,0.0,0,14.2,0
2025-10-06 16:29:58,1,67,22.6,81,15.0,1022.5,8,18,272,0.0,0,13.7,0
2025-10-06 16:30:59,1,67,22.5,81,15.0,1022.4,14,21,288,0.0,0,13.0,0
2025-10-06 16:32:00,1,67,22.5,81,15.0,1022.3,6,18,229,0.0,0,12.4,0
2025-10-06 16:33:01,1,67,22.6,81,15.0,1022.2,15,20,247,0.0,0,12.0,0
2025-10-06 16:34:02,1,67,22.5,81,15.0,1022.3,6,20,354,0.0,0,11.1,0
2025-10-06 16:35:03,1,67,22.6,81,15.0,1022.2,8,20,270,0.0,0,11.1,0
2025-10-06 16:36:04,1,67,22.6,81,15.0,1022.4,4,18,358,0.0,0,11.7,0
2025-10-06 16:37:05,1,67,22.6,81,15.0,1022.3,9,21,260,0.0,0,11.3,0
2025-10-06 16:38:06,1,67,22.6,81,15.0,1022.3,12,20,247,0.0,0,10.3,0
2025-10-06 16:39:07,1,67,22.6,81,15.0,1022.4,8,14,257,0.0,0,9.3,0
2025-10-06 16:40:08,1,67,22.6,81,14.9,1022.3,5,14,268,0.0,0,9.1,0
2025-10-06 16:41:09,1,67,22.5,81,14.9,1022.2,5,9,310,0.0,0,8.6,0
2025-10-06 16:42:10,1,67,22.5,81,14.9,1022.4,14,18,279,0.0,0,8.0,0
2025-10-06 16:43:11,1,67,22.5,81,14.9,1022.3,10,18,289,0.0,0,7.5,0
2025-10-06 16:44:12,1,67,22.5,81,14.9,1022.2,14,18,248,0.0,0,7.2,0
2025-10-06 16:45:13,1,67,22.5,82,14.9,1022.2,5,18,228,0.0,0,7.1,0
2025-10-06 16:46:14,1,67,22.5,82,14.9,1022.1,4,11,298,0.0,0,7.2,0
2025-10-06 16:47:15,1,67,22.5,82,14.9,1022.2,7,9,223,0.0,0,6.9,0
2025-10-06 16:48:16,1,67,22.5,82,14.9,1022.3,5,20,311,0.0,0,6.1,0
2025-10-06 16:49:17,1,67,22.5,82,14.9,1022.3,8,16,303,0.0,0,5.8,0
2025-10-06 16:50:18,1,67,22.5,82,14.9,1022.3,3,16,285,0.0,0,5.8,0
2025-10-06 16:51:19,1,67,22.5,82,14.9,1022.3,5,12,295,0.0,0,5.7,0
2025-10-06 16:52:20,1,67,22.5,82,14.9,1022.4,8,11,250,0.0,0,5.3,0
2025-10-06 16:53:21,1,66,22.5,82,14.9,1022.4,7,11,240,0.0,0,4.8,0
2025-10-06 16:54:22,1,66,22.5,82,14.9,1022.5,6,11,256,0.0,0,4.3,0
2025-10-06 16:55:23,1,66,22.5,82,14.9,1022.3,5,11,322,0.0,0,3.7,0
2025-10-06 16:56:24,1,66,22.5,82,14.9,1022.4,11,14,249,0.0,0,3.5,0
2025-10-06 16:57:25,1,66,22.5,82,14.9,1022.6,7,14,238,0.0,0,3.4,0
2025-10-06 16:58:26,1,66,22.5,82,14.9,1022.4,7,12,103,0.0,0,3.1,0
2025-10-06 16:59:27,1,66,22.5,82,14.9,1022.6,7,16,271,0.0,0,2.9,0
2025-10-06 17:00:28,1,66,22.5,82,14.9,1022.5,14,16,253,0.0,0,2.8,0
2025-10-06 17:01:29,1,65,22.5,82,14.9,1022.4,11,21,223,0.0,0,2.5,0
2025-10-06 17:02:30,1,65,22.5,82,14.9,1022.3,13,21,260,0.0,0,2.3,0
2025-10-06 17:03:31,1,65,22.5,82,14.9,1022.4,12,20,259,0.0,0,2.1,0
2025-10-06 17:04:32,1,65,22.5,82,14.9,1022.3,4,18,294,0.0,0,2.0,0
2025-10-06 17:05:33,1,65,22.5,82,14.9,1022.3,6,12,258,0.0,0,1.9,0
2025-10-06 17:06:34,1,65,22.5,82,14.9,1022.5,3,9,131,0.0,0,1.7,0
2025-10-06 17:07:35,1,65,22.5,82,14.9,1022.4,15,20,241,0.0,0,1.6,0
2025-10-06 17:08:36,1,65,22.5,83,14.9,1022.4,6,20,250,0.0,0,1.4,0
2025-10-06 17:09:37,1,65,22.5,83,14.9,1022.5,8,12,256,0.0,0,1.2,0
2025-10-06 17:10:38,1,65,22.5,83,14.9,1022.6,9,14,317,0.0,0,1.0,0
2025-10-06 17:11:39,1,64,22.5,83,14.9,1022.5,1,14,276,0.0,0,0.9,0
2025-10-06 17:12:40,1,64,22.5,83,14.9,1022.6,8,16,282,0.0,0,0.8,0
2025-10-06 17:13:41,1,64,22.5,83,14.9,1022.5,4,16,286,0.0,0,0.7,0
2025-10-06 17:14:42,1,64,22.5,83,14.8,1022.6,7,11,312,0.0,0,0.6,0
2025-10-06 17:15:43,1,64,22.5,83,14.8,1022.6,7,14,275,0.0,0,0.6,0
2025-10-06 17:16:44,1,64,22.5,83,14.8,1022.7,6,14,297,0.0,0,0.5,0
2025-10-06 17:17:45,1,64,22.5,83,14.8,1022.5,3,12,293,0.0,0,0.4,0
2025-10-06 17:18:46,1,64,22.5,83,14.8,1022.5,4,9,318,0.0,0,0.4,0
2025-10-06 17:19:47,1,64,22.5,83,14.8,1022.5,3,12,304,0.0,0,0.3,0
2025-10-06 17:20:48,1,64,22.5,83,14.8,1022.5,2,12,264,0.0,0,0.2,0
2025-10-06 17:21:49,1,64,22.5,83,14.8,1022.7,6,12,208,0.0,0,0.2,0
2025-10-06 17:22:50,1,64,22.5,83,14.8,1022.6,1,12,308,0.0,0,0.2,0
2025-10-06 17:23:51,1,64,22.5,83,14.8,1022.7,3,12,308,0.0,0,0.1,0
2025-10-06 17:24:52,1,64,22.5,83,14.8,1022.8,5,7,267,0.0,0,0.1,0
2025-10-06 17:25:53,1,63,22.5,83,14.8,1022.6,8,12,13,0.0,0,0.1,0
2025-10-06 17:26:54,1,63,22.5,83,14.8,1022.7,3,12,280,0.0,0,0.1,0
2025-10-06 17:27:55,1,63,22.5,83,14.8,1022.7,3,7,243,0.0,0,0.1,0
2025-10-06 17:28:56,1,63,22.5,83,14.8,1022.7,2,7,232,0.0,0,0.1,0
2025-10-06 17:29:57,1,63,22.5,83,14.8,1022.6,6,9,267,0.0,0,0.1,0
2025-10-06 17:30:58,1,63,22.5,83,14.8,1022.7,1,9,288,0.0,0,0.1,0
2025-10-06 17:31:59,1,63,22.5,83,14.8,1022.8,0,5,241,0.0,0,0.0,0
2025-10-06 17:33:00,1,63,22.5,83,14.8,1022.7,3,5,255,0.0,0,0.0,0
2025-10-06 17:34:01,1,63,22.5,83,14.8,1022.7,6,7,294,0.0,0,0.0,0
2025-10-06 17:35:02,1,63,22.5,83,14.8,1022.7,3,9,285,0.0,0,0.0,0
2025-10-06 17:36:03,1,64,22.5,83,14.8,1022.8,4,11,254,0.0,0,0.0,0
2025-10-06 17:37:04,1,64,22.4,84,14.8,1022.9,0,14,291,0.0,0,0.0,0
2025-10-06 17:38:05,1,64,22.4,84,14.8,1022.8,5,9,303,0.0,0,0.0,0
2025-10-06 17:39:06,1,64,22.4,84,14.8,1022.9,3,9,273,0.0,0,0.0,0
2025-10-06 17:40:07,1,64,22.4,84,14.8,1022.8,3,5,259,0.0,0,0.0,0
2025-10-06 17:41:08,1,64,22.4,84,14.8,1022.7,4,5,303,0.0,0,0.0,0
2025-10-06 17:42:09,1,64,22.5,84,14.8,1022.8,11,12,306,0.0,0,0.0,0
2025-10-06 17:43:10,1,64,22.5,84,14.8,1022.9,4,12,332,0.0,0,0.0,0
2025-10-06 17:44:11,1,64,22.5,84,14.8,1022.9,3,9,265,0.0,0,0.0,0
2025-10-06 17:45:12,1,64,22.5,84,14.8,1022.8,0,7,287,0.0,0,0.0,0
2025-10-06 17:46:13,1,64,22.5,84,14.8,1022.8,6,11,266,0.0,0,0.0,0
2025-10-06 17:47:14,1,64,22.5,84,14.8,1022.7,0,11,277,0.0,0,0.0,0
2025-10-06 17:48:15,1,64,22.5,84,14.8,1023.0,3,7,269,0.0,0,0.0,0
2025-10-06 17:49:16,1,64,22.5,84,14.8,1022.9,3,11,288,0.0,0,0.0,0
2025-10-06 17:50:17,1,64,22.5,84,14.8,1022.8,0,11,280,0.0,0,0.0,0
2025-10-06 17:51:18,1,64,22.5,84,14.8,1022.9,1,3,267,0.0,0,0.0,0
2025-10-06 17:52:19,1,64,22.5,84,14.8,1022.8,3,5,247,0.0,0,0.0,0
2025-10-06 17:53:20,1,64,22.5,84,14.8,1022.8,4,9,281,0.0,0,0.0,0
2025-10-06 17:54:21,1,64,22.5,84,14.8,1022.8,1,9,323,0.0,0,0.0,0
2025-10-06 17:55:23,1,64,22.5,84,14.7,1022.8,0,7,241,0.0,0,0.0,0
2025-10-06 17:56:24,1,64,22.5,84,14.7,1022.7,10,12,264,0.0,0,0.0,0
2025-10-06 17:57:25,1,64,22.5,84,14.7,1022.7,6,12,271,0.0,0,0.0,0
2025-10-06 17:58:26,1,64,22.5,84,14.7,1023.0,0,12,282,0.0,0,0.0,0
2025-10-06 17:59:27,1,64,22.5,84,14.7,1022.9,4,9,314,0.0,0,0.0,0
2025-10-06 18:00:28,1,64,22.5,83,14.7,1023.0,7,9,254,0.0,0,0.0,0
2025-10-06 18:01:29,1,64,22.5,83,14.7,1022.8,11,14,240,0.0,0,0.0,0
2025-10-06 18:02:30,1,64,22.5,83,14.7,1022.8,0,14,254,0.0,0,0.0,0
2025-10-06 18:03:31,1,64,22.5,83,14.7,1022.7,1,5,239,0.0,0,0.0,0
2025-10-06 18:04:32,1,64,22.5,83,14.7,1022.6,8,11,269,0.0,0,0.0,0
2025-10-06 18:05:33,1,64,22.5,83,14.7,1022.6,7,11,241,0.0,0,0.0,0
2025-10-06 18:06:34,1,64,22.5,83,14.8,1022.9,5,11,217,0.0,0,0.0,0
2025-10-06 18:07:35,1,64,22.5,83,14.8,1022.6,7,9,290,0.0,0,0.0,0
2025-10-06 18:08:36,1,64,22.5,83,14.8,1022.7,2,9,232,0.0,0,0.0,0
2025-10-06 18:09:37,1,64,22.5,83,14.8,1022.8,6,9,262,0.0,0,0.0,0
2025-10-06 18:10:38,1,64,22.5,83,14.8,1022.7,7,11,235,0.0,0,0.0,0
2025-10-06 18:11:39,1,64,22.5,83,14.8,1022.6,6,11,279,0.0,0,0.0,0
2025-10-06 18:12:40,1,64,22.5,83,14.8,1022.8,5,11,246,0.0,0,0.0,0
2025-10-06 18:13:41,1,64,22.5,83,14.8,1022.8,4,9,229,0.0,0,0.0,0
2025-10-06 18:14:42,1,64,22.5,83,14.8,1022.8,3,7,247,0.0,0,0.0,0
2025-10-06 18:15:43,1,64,22.5,83,14.8,1022.6,5,12,231,0.0,0,0.0,0
2025-10-06 18:16:44,1,64,22.5,83,14.8,1022.8,7,12,268,0.0,0,0.0,0
2025-10-06 18:17:45,1,64,22.5,83,14.8,1022.8,6,11,282,0.0,0,0.0,0
2025-10-06 18:18:46,1,64,22.5,83,14.8,1022.8,6,11,268,0.0,0,0.0,0
2025-10-06 18:19:47,1,64,22.6,83,14.8,1022.7,4,11,245,0.0,0,0.0,0
2025-10-06 18:20:48,1,64,22.5,83,14.8,1022.8,8,9,245,0.0,0,0.0,0
2025-10-06 18:21:49,1,64,22.6,83,14.8,1022.7,9,18,278,0.0,0,0.0,0
2025-10-06 18:22:50,1,64,22.6,83,14.7,1022.8,7,18,258,0.0,0,0.0,0
2025-10-06 18:23:51,1,64,22.6,83,14.7,1022.9,5,11,262,0.0,0,0.0,0
2025-10-06 18:24:52,1,64,22.6,83,14.7,1022.9,2,11,244,0.0,0,0.0,0
2025-10-06 18:25:53,1,64,22.5,83,14.8,1023.0,1,11,280,0.0,0,0.0,0
2025-10-06 18:26:54,1,64,22.6,83,14.8,1023.0,4,11,245,0.0,0,0.0,0
2025-10-06 18:27:55,1,64,22.6,83,14.8,1022.8,3,11,261,0.0,0,0.0,0
2025-10-06 18:28:56,1,63,22.6,83,14.8,1022.7,5,9,256,0.0,0,0.0,0
2025-10-06 18:29:57,1,63,22.5,83,14.7,1022.9,6,9,249,0.0,0,0.0,0
2025-10-06 18:30:58,1,63,22.6,83,14.7,1022.8,7,9,289,0.0,0,0.0,0
2025-10-06 18:31:59,1,63,22.5,83,14.7,1023.0,5,9,236,0.0,0,0.0,0
2025-10-06 18:33:00,1,63,22.5,83,14.7,1023.0,3,7,246,0.0,0,0.0,0
2025-10-06 18:34:01,1,63,22.5,83,14.7,1022.7,6,9,241,0.0,0,0.0,0
2025-10-06 18:35:02,1,63,22.5,83,14.7,1022.8,7,9,243,0.0,0,0.0,0
2025-10-06 18:36:03,1,63,22.5,83,14.7,1022.8,8,14,268,0.0,0,0.0,0
2025-10-06 18:37:04,1,62,22.6,83,14.7,1022.9,4,11,198,0.0,0,0.0,0
2025-10-06 18:38:05,1,62,22.6,83,14.7,1022.9,5,7,254,0.0,0,0.0,0
2025-10-06 18:39:06,1,62,22.5,83,14.7,1022.9,7,11,281,0.0,0,0.0,0
2025-10-06 18:40:07,1,62,22.5,83,14.7,1022.9,5,9,244,0.0,0,0.0,0
2025-10-06 18:41:08,1,62,22.5,83,14.7,1022.8,8,11,245,0.0,0,0.0,0
2025-10-06 18:42:09,1,62,22.5,83,14.7,1022.8,7,11,223,0.0,0,0.0,0
2025-10-06 18:43:10,1,62,22.5,83,14.7,1022.8,4,9,241,0.0,0,0.0,0
2025-10-06 18:44:11,1,62,22.5,83,14.7,1022.8,5,7,276,0.0,0,0.0,0
2025-10-06 18:45:12,1,62,22.5,83,14.7,1022.8,6,7,223,0.0,0,0.0,0
2025-10-06 18:46:13,1,62,22.5,83,14.7,1022.8,5,7,237,0.0,0,0.0,0
2025-10-06 18:47:14,1,62,22.5,83,14.7,1022.9,8,11,237,0.0,0,0.0,0
2025-10-06 18:48:15,1,62,22.5,83,14.7,1022.9,9,12,247,0.0,0,0.0,0
2025-10-06 18:49:16,1,62,22.5,83,14.7,1022.9,5,11,249,0.0,0,0.0,0
2025-10-06 18:50:17,1,61,22.5,83,14.7,1022.9,7,11,235,0.0,0,0.0,0
2025-10-06 18:51:18,1,61,22.5,83,14.7,1022.9,6,9,233,0.0,0,0.0,0
2025-10-06 18:52:19,1,61,22.5,84,14.7,1023.1,4,11,247,0.0,0,0.0,0
2025-10-06 18:53:20,1,61,22.5,84,14.7,1023.1,5,9,245,0.0,0,0.0,0
2025-10-06 18:54:21,1,61,22.5,84,14.7,1023.3,2,9,267,0.0,0,0.0,0
2025-10-06 18:55:23,1,61,22.5,84,14.7,1023.0,7,11,220,0.0,0,0.0,0
2025-10-06 18:56:24,1,61,22.5,84,14.7,1023.1,7,11,266,0.0,0,0.0,0
2025-10-06 18:57:25,1,61,22.5,84,14.7,1023.2,3,11,233,0.0,0,0.0,0
2025-10-06 18:58:26,1,61,22.5,84,14.7,1023.2,5,9,270,0.0,0,0.0,0
2025-10-06 18:59:27,1,61,22.5,84,14.7,1023.2,3,9,254,0.0,0,0.0,0
2025-10-06 19:00:28,1,61,22.5,84,14.7,1023.1,5,7,238,0.0,0,0.0,0
2025-10-06 19:01:29,1,61,22.5,84,14.7,1023.1,7,9,339,0.0,0,0.0,0
2025-10-06 19:02:30,1,61,22.5,84,14.7,1023.0,3,9,248,0.0,0,0.0,0
2025-10-06 19:03:31,1,61,22.5,84,14.7,1023.2,6,9,266,0.0,0,0.0,0
2025-10-06 19:04:32,1,61,22.5,84,14.7,1023.1,6,7,243,0.0,0,0.0,0
2025-10-06 19:05:33,1,61,22.5,84,14.7,1023.2,8,11,272,0.0,0,0.0,0
2025-10-06 19:06:34,1,61,22.5,84,14.7,1023.2,6,11,242,0.0,0,0.0,0
2025-10-06 19:07:35,1,61,22.5,84,14.7,1023.3,8,11,278,0.0,0,0.0,0
2025-10-06 19:08:36,1,61,22.5,84,14.7,1023.3,4,11,249,0.0,0,0.0,0
2025-10-06 19:09:37,1,61,22.5,84,14.7,1023.2,8,11,249,0.0,0,0.0,0
2025-10-06 19:10:38,1,61,22.5,84,14.7,1023.3,6,11,232,0.0,0,0.0,0
2025-10-06 19:11:39,1,61,22.5,84,14.7,1023.1,2,11,233,0.0,0,0.0,0
2025-10-06 19:12:40,1,61,22.5,84,14.7,1023.1,6,7,223,0.0,0,0.0,0
2025-10-06 19:13:41,1,61,22.5,84,14.7,1023.2,9,11,252,0.0,0,0.0,0
2025-10-06 19:14:42,1,62,22.5,84,14.7,1023.1,5,11,243,0.0,0,0.0,0
2025-10-06 19:15:43,1,62,22.5,84,14.7,1023.2,3,9,317,0.0,0,0.0,0
2025-10-06 19:16:44,1,62,22.5,84,14.7,1023.2,2,5,269,0.0,0,0.0,0
2025-10-06 19:17:45,1,62,22.5,84,14.7,1023.1,5,7,246,0.0,0,0.0,0
2025-10-06 19:18:46,1,62,22.5,84,14.7,1023.3,4,7,233,0.0,0,0.0,0
2025-10-06 19:19:47,1,62,22.5,84,14.7,1023.1,10,11,246,0.0,0,0.0,0
2025-10-06 19:20:48,1,62,22.5,84,14.7,1023.3,7,12,237,0.0,0,0.0,0
2025-10-06 19:21:49,1,62,22.5,84,14.7,1023.2,1,9,236,0.0,0,0.0,0
2025-10-06 19:22:50,1,62,22.5,84,14.7,1023.3,1,5,258,0.0,0,0.0,0
2025-10-06 19:23:51,1,62,22.6,84,14.7,1023.2,5,5,292,0.0,0,0.0,0
2025-10-06 19:24:52,1,62,22.6,84,14.7,1023.3,4,7,230,0.0,0,0.0,0
2025-10-06 19:25:53,1,62,22.6,84,14.7,1023.2,5,9,220,0.0,0,0.0,0
2025-10-06 19:26:54,1,62,22.6,84,14.7,1023.3,5,7,274,0.0,0,0.0,0
2025-10-06 19:27:55,1,62,22.6,84,14.7,1023.2,7,11,231,0.0,0,0.0,0
2025-10-06 19:28:56,1,62,22.6,84,14.7,1023.2,2,11,257,0.0,0,0.0,0
2025-10-06 19:29:57,1,62,22.6,84,14.7,1023.3,5,9,260,0.0,0,0.0,0
2025-10-06 19:30:58,1,62,22.6,84,14.7,1023.3,6,12,236,0.0,0,0.0,0
2025-10-06 19:31:59,1,62,22.6,84,14.7,1023.3,6,12,240,0.0,0,0.0,0
2025-10-06 19:33:00,1,62,22.6,84,14.7,1023.3,3,11,268,0.0,0,0.0,0
2025-10-06 19:34:01,1,62,22.6,84,14.7,1023.3,2,7,258,0.0,0,0.0,0
2025-10-06 19:35:02,1,62,22.6,84,14.7,1023.2,3,7,261,0.0,0,0.0,0
2025-10-06 19:36:03,1,62,22.6,84,14.7,1023.2,3,5,248,0.0,0,0.0,0
2025-10-06 19:37:04,1,62,22.6,84,14.7,1023.1,3,7,240,0.0,0,0.0,0
2025-10-06 19:38:05,1,62,22.6,84,14.7,1023.3,3,7,251,0.0,0,0.0,0
2025-10-06 19:39:06,1,62,22.6,84,14.7,1023.2,3,5,233,0.0,0,0.0,0
2025-10-06 19:40:07,1,62,22.6,84,14.7,1023.2,5,7,228,0.0,0,0.0,0
2025-10-06 19:41:08,1,62,22.6,84,14.7,1023.2,7,9,232,0.0,0,0.0,0
2025-10-06 19:42:09,1,62,22.6,84,14.7,1023.2,5,9,231,0.0,0,0.0,0
2025-10-06 19:43:10,1,62,22.6,84,14.7,1023.1,7,9,204,0.0,0,0.0,0
2025-10-06 19:44:11,1,62,22.6,84,14.7,1023.6,4,9,265,0.0,0,0.0,0
2025-10-06 19:45:12,1,62,22.6,84,14.7,1023.4,3,7,257,0.0,0,0.0,0
2025-10-06 19:46:13,1,62,22.6,84,14.7,1023.4,3,5,281,0.0,0,0.0,0
2025-10-06 19:47:14,1,62,22.6,84,14.7,1023.4,7,9,245,0.0,0,0.0,0
2025-10-06 19:48:15,1,62,22.6,84,14.7,1023.3,2,11,224,0.0,0,0.0,0
2025-10-06 19:49:16,1,62,22.6,84,14.7,1023.5,2,11,215,0.0,0,0.0,0
2025-10-06 19:50:17,1,62,22.6,84,14.7,1023.4,6,7,241,0.0,0,0.0,0
2025-10-06 19:51:18,1,62,22.6,84,14.8,1023.3,0,7,252,0.0,0,0.0,0
2025-10-06 19:52:19,1,62,22.6,84,14.8,1023.5,1,5,238,0.0,0,0.0,0
2025-10-06 19:53:20,1,62,22.6,84,14.8,1023.4,9,11,246,0.0,0,0.0,0
2025-10-06 19:54:21,1,62,22.6,84,14.7,1023.3,4,11,225,0.0,0,0.0,0
2025-10-06 19:55:23,1,62,22.6,84,14.8,1023.3,3,7,235,0.0,0,0.0,0
2025-10-06 19:56:24,1,62,22.6,84,14.8,1023.3,3,7,269,0.0,0,0.0,0
2025-10-06 19:57:25,1,62,22.6,84,14.8,1023.4,3,7,250,0.0,0,0.0,0
2025-10-06 19:58:26,1,62,22.6,84,14.8,1023.4,3,7,223,0.0,0,0.0,0
2025-10-06 19:59:27,1,62,22.6,84,14.8,1023.2,5,7,224,0.0,0,0.0,0
2025-10-06 20:00:28,1,62,22.6,84,14.8,1023.5,0,7,232,0.0,0,0.0,0
2025-10-06 20:01:29,1,62,22.6,85,14.7,1023.4,1,3,250,0.0,0,0.0,0
2025-10-06 20:02:30,1,62,22.6,85,14.7,1023.5,5,5,245,0.0,0,0.0,0
2025-10-06 20:03:31,1,62,22.6,85,14.7,1023.7,2,5,260,0.0,0,0.0,0
2025-10-06 20:04:32,1,63,22.6,85,14.7,1023.5,6,7,264,0.0,0,0.0,0
2025-10-06 20:05:33,1,63,22.6,85,14.7,1023.7,1,7,247,0.0,0,0.0,0
2025-10-06 20:06:34,1,63,22.6,85,14.7,1023.5,4,5,218,0.0,0,0.0,0
2025-10-06 20:07:35,1,63,22.6,85,14.7,1023.4,6,7,247,0.0,0,0.0,0
2025-10-06 20:08:36,1,63,22.6,85,14.7,1023.5,6,7,221,0.0,0,0.0,0
2025-10-06 20:09:37,1,63,22.6,85,14.7,1023.4,5,7,196,0.0,0,0.0,0
2025-10-06 20:10:38,1,63,22.6,85,14.7,1023.7,3,7,241,0.0,0,0.0,0
2025-10-06 20:11:39,1,63,22.6,85,14.7,1023.6,3,5,240,0.0,0,0.0,0
2025-10-06 20:12:40,1,63,22.6,85,14.7,1023.5,1,5,248,0.0,0,0.0,0
2025-10-06 20:13:41,1,63,22.6,85,14.7,1023.6,2,3,274,0.0,0,0.0,0
2025-10-06 20:14:42,1,64,22.6,85,14.7,1023.5,6,7,255,0.0,0,0.0,0
2025-10-06 20:15:43,1,64,22.6,85,14.7,1023.6,6,7,261,0.0,0,0.0,0
2025-10-06 20:16:44,1,64,22.6,85,14.7,1023.7,1,7,269,0.0,0,0.0,0
2025-10-06 20:17:45,1,64,22.6,85,14.7,1023.6,6,7,262,0.0,0,0.0,0
2025-10-06 20:18:46,1,64,22.6,85,14.7,1023.7,1,7,246,0.0,0,0.0,0
2025-10-06 20:19:47,1,64,22.6,85,14.7,1023.6,2,7,269,0.0,0,0.0,0
2025-10-06 20:20:48,1,64,22.6,85,14.7,1023.5,3,3,265,0.0,0,0.0,0
2025-10-06 20:21:49,1,64,22.6,86,14.7,1023.7,6,7,255,0.0,0,0.0,0
2025-10-06 20:22:50,1,64,22.6,86,14.7,1023.6,3,7,255,0.0,0,0.0,0
2025-10-06 20:23:51,1,64,22.6,86,14.7,1023.6,6,7,229,0.0,0,0.0,0
2025-10-06 20:24:52,1,64,22.6,86,14.7,1023.7,2,7,265,0.0,0,0.0,0
2025-10-06 20:25:53,1,64,22.6,86,14.7,1023.6,6,9,288,0.0,0,0.0,0
2025-10-06 20:26:54,1,64,22.6,86,14.7,1023.6,6,11,276,0.0,0,0.0,0
2025-10-06 20:27:55,1,64,22.6,86,14.7,1023.7,2,11,249,0.0,0,0.0,0
2025-10-06 20:28:56,1,64,22.6,86,14.7,1023.8,2,7,274,0.0,0,0.0,0
2025-10-06 20:29:57,1,64,22.6,86,14.7,1023.7,1,7,265,0.0,0,0.0,0
2025-10-06 20:30:58,1,64,22.6,86,14.7,1023.8,3,5,234,0.0,0,0.0,0
2025-10-06 20:31:59,1,64,22.6,86,14.7,1023.7,6,9,256,0.0,0,0.0,0
2025-10-06 20:33:00,1,64,22.6,86,14.7,1023.6,2,12,270,0.0,0,0.0,0
2025-10-06 20:34:01,1,64,22.6,86,14.7,1023.7,5,9,266,0.0,0,0.0,0
2025-10-06 20:35:02,1,64,22.6,86,14.7,1023.5,3,9,262,0.0,0,0.0,0
2025-10-06 20:36:03,1,64,22.6,86,14.7,1023.5,6,9,256,0.0,0,0.0,0
2025-10-06 20:37:04,1,64,22.6,86,14.7,1023.7,5,9,262,0.0,0,0.0,0
2025-10-06 20:38:05,1,64,22.6,86,14.7,1023.5,3,7,258,0.0,0,0.0,0
2025-10-06 20:39:06,1,64,22.6,86,14.7,1023.7,2,7,254,0.0,0,0.0,0
2025-10-06 20:40:07,1,64,22.6,86,14.7,1023.5,3,7,225,0.0,0,0.0,0
2025-10-06 20:41:08,1,64,22.6,86,14.7,1023.5,6,7,237,0.0,0,0.0,0
2025-10-06 20:42:09,1,64,22.6,87,14.7,1023.5,6,12,251,0.0,0,0.0,0
2025-10-06 20:43:10,1,64,22.6,87,14.7,1023.5,5,12,201,0.0,0,0.0,0
2025-10-06 20:44:11,1,64,22.6,87,14.7,1023.4,5,7,248,0.0,0,0.0,0
2025-10-06 20:45:12,1,64,22.6,87,14.8,1023.5,5,7,250,0.0,0,0.0,0
2025-10-06 20:46:13,1,64,22.6,87,14.8,1023.6,2,7,243,0.0,0,0.0,0
2025-10-06 20:47:14,1,64,22.6,87,14.8,1023.5,3,5,271,0.0,0,0.0,0
2025-10-06 20:48:15,1,64,22.6,87,14.8,1023.7,0,3,286,0.0,0,0.0,0
2025-10-06 20:49:16,1,64,22.7,87,14.8,1023.5,3,7,256,0.0,0,0.0,0
2025-10-06 20:50:17,1,64,22.6,87,14.7,1023.6,4,11,260,0.0,0,0.0,0
2025-10-06 20:51:18,1,64,22.6,87,14.7,1023.5,3,5,295,0.0,0,0.0,0
2025-10-06 20:52:19,1,64,22.6,87,14.8,1023.6,4,7,249,0.0,0,0.0,0
2025-10-06 20:53:20,1,64,22.6,87,14.8,1023.5,9,11,237,0.0,0,0.0,0
2025-10-06 20:54:21,1,64,22.6,87,14.8,1023.7,6,12,237,0.0,0,0.0,0
2025-10-06 20:55:22,1,64,22.6,87,14.8,1023.6,9,12,240,0.0,0,0.0,0
2025-10-06 20:56:23,1,64,22.6,87,14.8,1023.5,9,11,251,0.0,0,0.0,0
2025-10-06 20:57:24,1,64,22.6,87,14.8,1023.5,6,11,246,0.0,0,0.0,0
2025-10-06 20:58:25,1,64,22.6,87,14.8,1023.5,6,12,236,0.0,0,0.0,0
2025-10-06 20:59:26,1,64,22.6,87,14.8,1023.6,4,12,239,0.0,0,0.0,0
2025-10-06 21:00:27,1,64,22.6,87,14.8,1023.5,8,11,262,0.0,0,0.0,0
2025-10-06 21:01:28,1,64,22.6,87,14.8,1023.5,6,11,244,0.0,0,0.0,0
2025-10-06 21:02:29,1,64,22.6,87,14.8,1023.5,4,9,256,0.0,0,0.0,0
2025-10-06 21:03:30,1,64,22.6,88,14.8,1023.7,6,9,235,0.0,0,0.0,0
2025-10-06 21:04:31,1,64,22.6,88,14.8,1023.4,6,9,236,0.0,0,0.0,0
2025-10-06 21:05:32,1,64,22.7,88,14.8,1023.6,4,7,222,0.0,0,0.0,0
2025-10-06 21:06:33,1,64,22.6,88,14.8,1023.7,10,11,271,0.0,0,0.0,0
2025-10-06 21:07:34,1,64,22.6,88,14.8,1023.6,3,11,244,0.0,0,0.0,0
2025-10-06 21:08:35,1,64,22.6,88,14.8,1023.6,9,11,244,0.0,0,0.0,0
2025-10-06 21:09:36,1,64,22.6,88,14.8,1023.7,6,11,277,0.0,0,0.0,0
2025-10-06 21:10:37,1,64,22.6,88,14.8,1023.4,7,7,274,0.0,0,0.0,0
2025-10-06 21:11:38,1,64,22.6,88,14.8,1023.6,3,7,259,0.0,0,0.0,0
2025-10-06 21:12:39,1,64,22.6,88,14.8,1023.7,6,7,245,0.0,0,0.0,0
2025-10-06 21:13:40,1,64,22.6,88,14.8,1023.7,4,9,275,0.0,0,0.0,0
2025-10-06 21:14:41,1,64,22.6,88,14.8,1023.5,5,9,277,0.0,0,0.0,0
2025-10-06 21:15:42,1,64,22.6,88,14.8,1023.5,7,12,268,0.0,0,0.0,0
2025-10-06 21:16:43,1,63,22.6,88,14.8,1023.6,7,12,242,0.0,0,0.0,0
2025-10-06 21:17:44,1,63,22.6,88,14.8,1023.5,5,12,238,0.0,0,0.0,0
2025-10-06 21:18:45,1,63,22.6,88,14.8,1023.6,6,11,235,0.0,0,0.0,0
2025-10-06 21:19:46,1,63,22.6,88,14.8,1023.6,8,12,259,0.0,0,0.0,0
2025-10-06 21:20:47,1,63,22.6,88,14.8,1023.5,6,12,241,0.0,0,0.0,0
2025-10-06 21:21:48,1,63,22.6,88,14.8,1023.4,6,11,288,0.0,0,0.0,0
2025-10-06 21:22:49,1,63,22.5,88,14.8,1023.5,7,11,275,0.0,0,0.0,0
2025-10-06 21:23:50,1,63,22.5,88,14.8,1023.4,6,9,248,0.0,0,0.0,0
2025-10-06 21:24:51,1,63,22.5,88,14.8,1023.4,5,9,263,0.0,0,0.0,0
2025-10-06 21:25:52,1,63,22.5,88,14.8,1023.5,5,9,267,0.0,0,0.0,0
2025-10-06 21:26:53,1,63,22.5,88,14.8,1023.2,8,11,266,0.0,0,0.0,0
2025-10-06 21:27:54,1,63,22.4,88,14.8,1023.5,3,11,231,0.0,0,0.0,0
2025-10-06 21:28:55,1,63,22.4,88,14.8,1023.4,5,7,206,0.0,0,0.0,0
2025-10-06 21:29:56,1,63,22.4,88,14.8,1023.4,3,7,235,0.0,0,0.0,0
2025-10-06 21:30:57,1,64,22.4,88,14.8,1023.3,5,9,226,0.0,0,0.0,0
2025-10-06 21:31:58,1,64,22.4,89,14.8,1023.5,7,9,256,0.0,0,0.0,0
2025-10-06 21:32:59,1,64,22.3,89,14.8,1023.4,11,14,267,0.0,0,0.0,0
2025-10-06 21:34:00,1,64,22.3,89,14.8,1023.5,7,14,239,0.0,0,0.0,0
2025-10-06 21:35:01,1,64,22.3,89,14.8,1023.4,3,9,243,0.0,0,0.0,0
2025-10-06 21:36:02,1,64,22.3,89,14.9,1023.3,3,9,237,0.0,0,0.0,0
2025-10-06 21:37:03,1,64,22.3,89,14.9,1023.3,5,9,238,0.0,0,0.0,0
2025-10-06 21:38:04,1,64,22.2,89,14.9,1023.3,9,11,242,0.0,0,0.0,0
2025-10-06 21:39:05,1,64,22.2,89,14.9,1023.3,5,11,276,0.0,0,0.0,0
2025-10-06 21:40:06,1,64,22.2,89,14.9,1023.3,5,9,241,0.0,0,0.0,0
2025-10-06 21:41:07,1,64,22.2,89,14.9,1023.3,5,9,255,0.0,0,0.0,0
2025-10-06 21:42:08,1,64,22.1,89,14.9,1023.3,7,12,270,0.0,0,0.0,0
2025-10-06 21:43:09,1,64,22.1,89,14.9,1023.3,4,11,207,0.0,0,0.0,0
2025-10-06 21:44:10,1,64,22.1,89,14.9,1023.3,5,7,255,0.0,0,0.0,0
2025-10-06 21:45:11,1,64,22.1,89,14.9,1023.3,3,7,255,0.0,0,0.0,0
2025-10-06 21:46:12,1,64,22.1,89,14.9,1023.5,2,5,265,0.0,0,0.0,0
2025-10-06 21:47:13,1,64,22.0,89,14.9,1023.4,6,11,269,0.0,0,0.0,0
2025-10-06 21:48:14,1,64,22.0,89,14.9,1023.4,6,11,241,0.0,0,0.0,0
2025-10-06 21:49:15,1,64,22.0,89,14.9,1023.4,3,7,236,0.0,0,0.0,0
2025-10-06 21:50:16,1,64,22.0,89,14.9,1023.4,6,7,270,0.0,0,0.0,0
2025-10-06 21:51:17,1,64,22.0,89,14.9,1023.5,3,7,208,0.0,0,0.0,0
2025-10-06 21:52:18,1,64,21.9,89,14.9,1023.2,3,7,220,0.0,0,0.0,0
2025-10-06 21:53:19,1,64,21.9,89,14.9,1023.2,2,5,202,0.0,0,0.0,0
2025-10-06 21:54:20,1,64,21.9,89,14.9,1023.4,5,7,198,0.0,0,0.0,0
2025-10-06 21:55:21,1,64,21.9,89,14.9,1023.5,4,7,245,0.0,0,0.0,0
2025-10-06 21:56:22,1,64,21.9,89,14.9,1023.4,5,7,185,0.0,0,0.0,0
2025-10-06 21:57:23,1,64,21.9,89,14.8,1023.4,5,7,175,0.0,0,0.0,0
2025-10-06 21:58:24,1,64,21.8,89,14.8,1023.4,7,9,236,0.0,0,0.0,0
2025-10-06 21:59:25,1,64,21.8,89,14.8,1023.3,4,9,197,0.0,0,0.0,0
2025-10-06 22:00:26,1,64,21.8,89,14.8,1023.3,5,7,201,0.0,0,0.0,0
2025-10-06 22:01:27,1,64,21.8,89,14.8,1023.2,8,11,190,0.0,0,0.0,0
2025-10-06 22:02:28,1,64,21.8,89,14.8,1023.3,6,11,227,0.0,0,0.0,0
2025-10-06 22:03:29,1,64,21.8,89,14.9,1023.4,9,11,242,0.0,0,0.0,0
2025-10-06 22:04:30,1,64,21.8,89,14.9,1023.4,5,11,189,0.0,0,0.0,0
2025-10-06 22:05:31,1,64,21.8,89,14.9,1023.3,7,9,200,0.0,0,0.0,0
2025-10-06 22:06:32,1,65,21.7,89,14.9,1023.2,6,9,237,0.0,0,0.0,0
2025-10-06 22:07:33,1,65,21.7,89,14.9,1023.5,6,11,232,0.0,0,0.0,0
2025-10-06 22:08:34,1,65,21.7,89,14.9,1023.5,3,11,230,0.0,0,0.0,0
2025-10-06 22:09:35,1,65,21.7,89,14.9,1023.4,5,9,196,0.0,0,0.0,0
2025-10-06 22:10:36,1,65,21.7,89,14.9,1023.4,5,7,206,0.0,0,0.0,0
2025-10-06 22:11:37,1,65,21.7,89,14.9,1023.3,5,7,186,0.0,0,0.0,0
2025-10-06 22:12:38,1,65,21.7,89,14.9,1023.4,3,7,226,0.0,0,0.0,0
2025-10-06 22:13:39,1,65,21.7,89,14.9,1023.5,3,5,218,0.0,0,0.0,0
2025-10-06 22:14:40,1,65,21.7,89,14.8,1023.4,3,5,243,0.0,0,0.0,0
2025-10-06 22:15:41,1,65,21.6,89,14.8,1023.3,6,7,169,0.0,0,0.0,0
2025-10-06 22:16:42,1,65,21.6,89,14.8,1023.4,3,7,241,0.0,0,0.0,0
2025-10-06 22:17:43,1,65,21.6,90,14.8,1023.4,4,7,244,0.0,0,0.0,0
2025-10-06 22:18:44,1,65,21.6,90,14.8,1023.5,6,9,259,0.0,0,0.0,0
2025-10-06 22:19:45,1,65,21.6,90,14.8,1023.4,2,9,231,0.0,0,0.0,0
2025-10-06 22:20:46,1,65,21.6,90,14.8,1023.5,2,5,227,0.0,0,0.0,0
2025-10-06 22:21:47,1,65,21.6,90,14.8,1023.5,5,7,249,0.0,0,0.0,0
2025-10-06 22:22:48,1,65,21.6,90,14.8,1023.5,3,7,243,0.0,0,0.0,0
2025-10-06 22:23:49,1,65,21.6,90,14.8,1023.5,4,7,217,0.0,0,0.0,0
2025-10-06 22:24:50,1,65,21.5,90,14.8,1023.4,6,9,238,0.0,0,0.0,0
2025-10-06 22:25:51,1,65,21.5,90,14.8,1023.5,4,11,163,0.0,0,0.0,0
2025-10-06 22:26:52,1,65,21.5,90,14.8,1023.4,3,9,238,0.0,0,0.0,0
2025-10-06 22:27:53,1,65,21.5,90,14.8,1023.4,4,9,203,0.0,0,0.0,0
2025-10-06 22:28:54,1,65,21.5,90,14.8,1023.4,5,9,258,0.0,0,0.0,0
2025-10-06 22:29:55,1,65,21.5,90,14.8,1023.3,6,9,232,0.0,0,0.0,0
2025-10-06 22:30:56,1,65,21.5,90,14.8,1023.4,5,9,226,0.0,0,0.0,0
2025-10-06 22:31:57,1,65,21.5,90,14.8,1023.5,6,11,221,0.0,0,0.0,0
2025-10-06 22:32:58,1,65,21.5,90,14.8,1023.6,6,11,190,0.0,0,0.0,0
2025-10-06 22:33:59,1,65,21.5,90,14.8,1023.6,3,9,193,0.0,0,0.0,0
2025-10-06 22:35:00,1,65,21.5,90,14.9,1023.5,7,11,229,0.0,0,0.0,0
2025-10-06 22:36:01,1,65,21.5,90,14.9,1023.5,7,11,190,0.0,0,0.0,0
2025-10-06 22:37:02,1,65,21.5,90,14.8,1023.3,8,11,196,0.0,0,0.0,0
2025-10-06 22:38:03,1,65,21.5,90,14.8,1023.3,5,11,241,0.0,0,0.0,0
2025-10-06 22:39:04,1,65,21.5,90,14.8,1023.4,7,9,247,0.0,0,0.0,0
2025-10-06 22:40:05,1,65,21.5,90,14.8,1023.5,6,11,210,0.0,0,0.0,0
2025-10-06 22:41:06,1,66,21.5,90,14.8,1023.5,12,14,179,0.0,0,0.0,0
2025-10-06 22:42:07,1,66,21.5,90,14.8,1023.4,5,14,238,0.0,0,0.0,0
2025-10-06 22:43:08,1,66,21.5,90,14.8,1023.4,7,11,211,0.0,0,0.0,0
2025-10-06 22:44:09,1,66,21.5,90,14.8,1023.3,13,14,188,0.0,0,0.0,0
2025-10-06 22:45:10,1,66,21.5,90,14.8,1023.3,8,14,196,0.0,0,0.0,0
2025-10-06 22:46:11,1,66,21.5,90,14.8,1023.5,7,11,186,0.0,0,0.0,0
2025-10-06 22:47:12,1,66,21.4,90,14.8,1023.2,8,9,250,0.0,0,0.0,0
2025-10-06 22:48:13,1,66,21.4,90,14.8,1023.4,11,14,252,0.0,0,0.0,0
2025-10-06 22:49:14,1,66,21.4,90,14.8,1023.3,6,14,188,0.0,0,0.0,0
2025-10-06 22:50:15,1,66,21.4,90,14.8,1023.4,5,11,273,0.0,0,0.0,0
2025-10-06 22:51:16,1,66,21.4,90,14.8,1023.3,7,11,244,0.0,0,0.0,0
2025-10-06 22:52:17,1,66,21.4,90,14.8,1023.4,3,11,204,0.0,0,0.0,0
2025-10-06 22:53:18,1,66,21.4,90,14.8,1023.2,4,9,219,0.0,0,0.0,0
2025-10-06 22:54:19,1,66,21.4,90,14.8,1023.4,2,9,234,0.0,0,0.0,0
2025-10-06 22:55:20,1,66,21.4,90,14.8,1023.4,4,5,242,0.0,0,0.0,0
2025-10-06 22:56:21,1,66,21.4,90,14.8,1023.4,6,9,195,0.0,0,0.0,0
2025-10-06 22:57:22,1,66,21.4,90,14.8,1023.3,5,9,243,0.0,0,0.0,0
2025-10-06 22:58:23,1,66,21.4,90,14.8,1023.4,3,9,201,0.0,0,0.0,0
2025-10-06 22:59:24,1,66,21.4,90,14.8,1023.4,6,12,250,0.0,0,0.0,0
2025-10-06 23:00:25,1,66,21.4,90,14.8,1023.5,10,12,273,0.0,0,0.0,0
2025-10-06 23:01:26,1,66,21.4,90,14.8,1023.3,7,12,209,0.0,0,0.0,0
2025-10-06 23:02:27,1,66,21.4,90,14.8,1023.4,5,11,253,0.0,0,0.0,0
2025-10-06 23:03:28,1,66,21.4,89,14.8,1023.3,6,9,193,0.0,0,0.0,0
2025-10-06 23:04:29,1,66,21.4,89,14.8,1023.2,7,12,207,0.0,0,0.0,0
2025-10-06 23:05:30,1,66,21.4,89,14.8,1023.2,9,12,159,0.0,0,0.0,0
2025-10-06 23:06:31,1,66,21.4,89,14.8,1023.3,12,16,150,0.0,0,0.0,0
2025-10-06 23:07:32,1,66,21.4,89,14.8,1023.3,8,14,215,0.0,0,0.0,0
2025-10-06 23:08:33,1,66,21.4,89,14.8,1023.2,7,12,211,0.0,0,0.0,0
2025-10-06 23:09:34,1,66,21.4,89,14.8,1023.4,6,12,254,0.0,0,0.0,0
2025-10-06 23:10:35,1,66,21.4,89,14.8,1023.4,5,12,252,0.0,0,0.0,0
2025-10-06 23:11:36,1,66,21.4,89,14.8,1023.4,5,12,252,0.0,0,0.0,0
2025-10-06 23:12:37,1,66,21.4,89,14.8,1023.4,5,7,242,0.0,0,0.0,0
2025-10-06 23:13:38,1,66,21.4,89,14.8,1023.2,4,7,228,0.0,0,0.0,0
2025-10-06 23:14:39,1,66,21.4,89,14.8,1023.3,3,7,210,0.0,0,0.0,0
2025-10-06 23:15:40,1,66,21.4,89,14.8,1023.2,3,5,229,0.0,0,0.0,0
2025-10-06 23:16:41,1,66,21.4,89,14.8,1023.2,6,9,242,0.0,0,0.0,0
2025-10-06 23:17:42,1,66,21.4,89,14.8,1023.2,5,9,236,0.0,0,0.0,0
2025-10-06 23:18:46,1,66,21.4,89,14.8,1023.2,7,9,254,0.0,0,0.0,0
2025-10-06 23:19:44,1,66,21.4,89,14.8,1023.3,2,9,196,0.0,0,0.0,0
2025-10-06 23:20:45,1,66,21.4,89,14.8,1023.3,4,7,199,0.0,0,0.0,0
2025-10-06 23:21:46,1,66,21.4,89,14.8,1023.3,2,7,211,0.0,0,0.0,0
2025-10-06 23:22:47,1,66,21.3,89,14.8,1023.1,2,5,221,0.0,0,0.0,0
2025-10-06 23:23:48,1,66,21.4,89,14.8,1023.4,5,7,192,0.0,0,0.0,0
2025-10-06 23:24:49,1,66,21.3,89,14.8,1023.1,3,7,210,0.0,0,0.0,0
2025-10-06 23:25:50,1,66,21.3,89,14.8,1023.4,6,7,244,0.0,0,0.0,0
2025-10-06 23:26:51,1,66,21.3,89,14.8,1023.3,10,11,233,0.0,0,0.0,0
2025-10-06 23:27:52,1,66,21.3,89,14.8,1023.3,5,11,216,0.0,0,0.0,0
2025-10-06 23:28:53,1,66,21.4,89,14.8,1023.2,5,11,269,0.0,0,0.0,0
2025-10-06 23:29:54,1,66,21.3,89,14.8,1023.3,6,11,194,0.0,0,0.0,0
2025-10-06 23:30:55,1,66,21.3,89,14.8,1023.4,4,11,247,0.0,0,0.0,0
2025-10-06 23:31:56,1,66,21.3,89,14.8,1023.3,10,12,248,0.0,0,0.0,0
2025-10-06 23:32:57,1,66,21.3,89,14.7,1023.1,5,12,229,0.0,0,0.0,0
2025-10-06 23:33:58,1,66,21.4,89,14.7,1023.3,5,9,254,0.0,0,0.0,0
2025-10-06 23:34:59,1,66,21.3,89,14.7,1023.1,6,11,215,0.0,0,0.0,0
2025-10-06 23:36:02,1,66,21.3,89,14.7,1023.3,6,11,200,0.0,0,0.0,0
2025-10-06 23:37:01,1,66,21.3,89,14.7,1023.3,2,9,237,0.0,0,0.0,0
2025-10-06 23:38:02,1,66,21.3,89,14.7,1023.0,4,7,215,0.0,0,0.0,0
2025-10-06 23:39:03,1,66,21.3,89,14.7,1023.1,6,9,194,0.0,0,0.0,0
2025-10-06 23:40:04,1,66,21.3,89,14.7,1022.9,8,11,182,0.0,0,0.0,0
2025-10-06 23:41:05,1,66,21.3,89,14.6,1023.2,7,11,222,0.0,0,0.0,0
2025-10-06 23:42:06,1,66,21.3,89,14.6,1023.1,7,11,205,0.0,0,0.0,0
2025-10-06 23:43:07,1,66,21.3,89,14.6,1023.2,7,11,207,0.0,0,0.0,0
2025-10-06 23:44:08,1,66,21.3,89,14.5,1023.1,6,11,194,0.0,0,0.0,0
2025-10-06 23:45:11,1,66,21.3,89,14.5,1023.0,6,14,199,0.0,0,0.0,0
2025-10-06 23:46:10,1,66,21.3,89,14.5,1023.2,5,14,205,0.0,0,0.0,0
2025-10-06 23:47:11,1,66,21.3,89,14.5,1023.1,4,7,199,0.0,0,0.0,0
2025-10-06 23:48:12,1,66,21.3,89,14.5,1023.1,4,7,196,0.0,0,0.0,0
2025-10-06 23:49:13,1,66,21.3,89,14.5,1023.1,7,9,265,0.0,0,0.0,0
2025-10-06 23:50:14,1,66,21.3,89,14.5,1023.0,7,9,244,0.0,0,0.0,0
2025-10-06 23:51:15,1,66,21.3,89,14.5,1023.1,10,14,239,0.0,0,0.0,0
2025-10-06 23:52:16,1,66,21.3,89,14.5,1023.0,9,14,253,0.0,0,0.0,0
2025-10-06 23:53:17,1,66,21.3,89,14.5,1023.3,8,14,251,0.0,0,0.0,0
2025-10-06 23:54:18,1,66,21.3,89,14.4,1023.3,7,14,226,0.0,0,0.0,0
2025-10-06 23:55:19,1,66,21.3,89,14.4,1023.1,8,12,184,0.0,0,0.0,0
2025-10-06 23:56:20,1,66,21.3,89,14.4,1023.2,10,12,193,0.0,0,0.0,0
2025-10-06 23:57:21,1,66,21.3,89,14.4,1023.1,8,11,233,0.0,0,0.0,0
2025-10-06 23:58:22,1,66,21.3,89,14.4,1023.1,6,11,231,0.0,0,0.0,0
2025-10-06 23:59:23,1,66,21.3,89,14.4,1023.0,12,16,209,0.0,0,0.0,0
