2019-04-29 00:03:00,5,60,19.0,95,6.5,1030.6,0.0,0.0,4,601.5,0
2019-04-29 00:08:00,5,61,18.9,95,6.7,1030.8,0.0,0.0,2,601.5,0
2019-04-29 00:13:00,5,61,18.9,95,6.9,1030.7,0.0,0.0,6,601.5,0
2019-04-29 00:18:00,5,61,18.9,96,6.9,1030.9,0.0,0.0,0,601.5,0
2019-04-29 00:23:00,5,61,18.9,96,6.9,1030.8,0.0,0.0,0,601.5,0
2019-04-29 00:28:00,5,61,18.8,96,6.7,1030.8,0.0,0.0,0,601.5,0
2019-04-29 00:33:00,5,61,18.8,95,6.5,1030.9,0.0,0.0,0,601.5,0
2019-04-29 00:38:00,5,61,18.8,96,6.4,1031.1,0.0,0.0,0,601.5,0
2019-04-29 00:43:00,5,61,18.8,96,6.3,1031.0,0.0,0.0,0,601.5,0
2019-04-29 00:48:00,5,61,18.8,96,6.2,1031.1,0.0,0.0,0,601.5,0
2019-04-29 00:53:00,5,61,18.8,96,6.1,1031.2,0.0,0.0,0,601.5,0
2019-04-29 00:58:00,5,61,18.6,96,6.0,1031.3,0.0,0.0,0,601.5,0
2019-04-29 01:03:00,5,61,18.6,97,5.9,1031.3,0.0,0.0,0,601.5,0
2019-04-29 01:08:00,5,61,18.6,97,5.9,1031.3,0.0,0.0,10,601.5,0
2019-04-29 01:13:00,5,60,18.6,97,6.0,1031.3,0.0,0.0,10,601.5,0
2019-04-29 01:18:00,5,60,18.6,97,6.0,1031.4,0.0,0.0,10,601.5,0
2019-04-29 01:23:00,5,60,18.5,97,6.0,1031.4,0.0,0.0,10,601.5,0
2019-04-29 01:28:00,5,60,18.5,97,6.0,1031.4,0.0,0.0,10,601.5,0
2019-04-29 01:33:00,5,60,18.5,97,6.1,1031.5,0.0,0.0,10,601.5,0
2019-04-29 01:38:00,5,60,18.5,97,6.0,1031.5,0.0,0.0,10,601.5,0
2019-04-29 01:43:00,5,60,18.5,98,5.8,1031.7,0.0,0.0,10,601.5,0
2019-04-29 01:48:00,5,60,18.5,98,5.8,1031.7,0.0,0.0,10,601.5,0
2019-04-29 01:53:00,5,60,18.5,98,5.7,1031.8,0.0,0.0,10,601.5,0
2019-04-29 01:58:00,5,60,18.4,98,5.6,1031.8,0.0,0.0,10,601.5,0
2019-04-29 02:03:00,5,60,18.4,99,5.6,1031.8,0.0,0.0,10,601.5,0
2019-04-29 02:08:00,5,60,18.4,99,5.6,1031.8,0.0,0.0,0,601.5,0
2019-04-29 02:13:00,5,60,18.4,99,5.7,1031.9,0.0,0.0,0,601.5,0
2019-04-29 02:18:00,5,60,18.4,99,5.7,1032.0,0.0,0.0,0,601.5,0
2019-04-29 02:23:00,5,60,18.4,99,5.7,1031.9,0.0,0.0,0,601.5,0
2019-04-29 02:28:00,5,60,18.3,99,5.7,1032.0,0.0,0.0,0,601.5,0
2019-04-29 02:33:00,5,60,18.3,99,5.6,1032.0,0.0,0.0,0,601.5,0
2019-04-29 02:38:00,5,60,18.3,99,5.5,1032.1,0.0,0.0,0,601.5,0
2019-04-29 02:43:00,5,60,18.3,99,5.5,1032.1,0.0,0.0,0,601.5,0
2019-04-29 02:48:00,5,60,18.3,99,5.4,1032.1,0.0,0.0,0,601.5,0
2019-04-29 02:53:00,5,60,18.2,99,5.3,1032.2,0.0,0.0,0,601.5,0
2019-04-29 02:58:00,5,60,18.2,99,5.3,1032.3,0.0,0.0,8,601.5,0
2019-04-29 03:03:00,5,60,18.2,99,5.3,1032.3,0.0,0.0,2,601.5,0
2019-04-29 03:08:00,5,60,18.2,99,5.3,1032.4,0.0,0.0,2,601.5,0
2019-04-29 03:13:00,5,60,18.2,99,5.5,1032.3,0.0,0.0,2,601.5,0
2019-04-29 03:18:00,5,60,18.2,99,5.5,1032.3,0.0,0.0,2,601.5,0
2019-04-29 03:23:00,5,60,18.1,99,5.2,1032.5,0.0,0.0,2,601.5,0
2019-04-29 03:28:00,5,60,18.1,99,5.3,1032.4,0.0,0.0,2,601.5,0
2019-04-29 03:33:00,5,60,18.1,99,5.1,1032.4,0.0,0.0,2,601.5,0
2019-04-29 03:38:00,5,60,18.1,99,5.1,1032.5,0.0,0.0,2,601.5,0
2019-04-29 03:43:00,5,60,18.0,99,5.0,1032.6,0.0,0.0,2,601.5,0
2019-04-29 03:48:00,5,60,18.0,99,4.9,1032.6,0.0,0.0,2,601.5,0
2019-04-29 03:53:00,5,60,18.1,99,4.8,1032.7,0.0,0.0,2,601.5,0
2019-04-29 03:58:00,5,60,18.2,99,4.7,1032.6,0.0,0.0,2,601.5,0
2019-04-29 04:03:00,5,60,18.4,99,4.7,1032.4,0.0,0.0,2,601.5,0
2019-04-29 04:08:00,5,60,18.5,99,4.8,1032.4,0.0,0.0,2,601.5,0
2019-04-29 04:13:00,5,59,18.6,99,4.7,1032.4,0.0,0.0,2,601.5,0
2019-04-29 04:18:00,5,59,18.8,99,4.6,1032.2,0.0,0.0,2,601.5,0
2019-04-29 04:23:00,5,59,18.9,99,4.5,1032.1,0.0,0.0,2,601.5,0
2019-04-29 04:28:00,5,58,19.0,99,4.5,1032.0,0.0,0.0,2,601.5,0
2019-04-29 04:33:00,5,57,19.0,99,4.5,1032.0,0.0,0.0,2,601.5,0
2019-04-29 04:38:00,5,57,19.1,99,4.6,1031.9,0.0,0.0,6,601.5,0
2019-04-29 04:43:00,5,57,19.1,99,4.7,1031.9,0.0,0.0,6,601.5,0
2019-04-29 04:48:00,5,57,19.1,99,4.9,1031.9,0.0,0.0,6,601.5,0
2019-04-29 04:53:00,5,57,19.1,99,5.0,1032.0,0.0,0.0,6,601.5,0
2019-04-29 04:58:00,5,57,19.1,99,5.0,1032.0,0.0,0.0,6,601.5,0
2019-04-29 05:03:00,5,57,19.1,99,5.2,1032.1,0.0,0.0,6,601.5,0
2019-04-29 05:08:00,5,57,19.1,99,5.2,1032.0,0.0,0.0,6,601.5,0
2019-04-29 05:13:00,5,57,19.1,99,5.2,1032.2,0.0,0.0,6,601.5,0
2019-04-29 05:18:00,5,57,19.0,99,5.2,1032.2,0.0,0.0,6,601.5,0
2019-04-29 05:23:00,5,56,19.0,99,5.4,1032.3,0.0,0.0,6,601.5,0
2019-04-29 05:28:00,5,56,19.0,99,5.6,1032.0,0.0,0.0,6,601.5,0
2019-04-29 05:33:00,5,56,19.0,99,5.9,1032.3,0.0,0.0,6,601.5,0
2019-04-29 05:38:00,5,56,19.0,98,6.3,1032.3,0.0,0.0,6,601.5,0
2019-04-29 05:43:00,5,56,19.0,98,6.7,1032.4,0.0,0.0,6,601.5,0
2019-04-29 05:48:00,5,56,19.1,97,7.0,1032.3,0.0,0.0,6,601.5,0
2019-04-29 05:53:00,5,57,19.1,97,7.2,1032.3,0.0,0.0,0,601.5,0
2019-04-29 05:58:00,5,56,19.2,97,7.3,1032.5,0.0,0.0,2,601.5,0
2019-04-29 06:03:00,5,57,19.3,97,7.2,1032.5,0.0,0.0,0,601.5,0
2019-04-29 06:08:00,5,57,19.5,97,7.3,1032.2,0.0,0.0,0,601.5,0
2019-04-29 06:13:00,5,58,19.7,97,7.3,1032.1,0.0,0.0,0,601.5,0
2019-04-29 06:18:00,5,58,20.1,97,7.2,1031.8,0.0,0.0,0,601.5,0
2019-04-29 06:23:00,5,57,20.3,97,7.3,1031.6,0.0,0.0,0,601.5,0
2019-04-29 06:28:00,5,57,20.6,97,7.4,1031.2,0.0,0.0,0,601.5,0
2019-04-29 06:33:00,5,56,20.9,97,7.5,1031.1,0.0,0.0,0,601.5,0
2019-04-29 06:38:00,5,54,21.3,97,7.8,1030.7,0.0,0.0,2,601.5,0
2019-04-29 06:43:00,5,53,21.7,99,8.6,1030.3,0.3,0.7,14,601.5,0
2019-04-29 06:48:00,5,51,22.0,99,8.9,1030.0,0.0,0.0,0,601.5,0
2019-04-29 06:53:00,5,50,22.2,99,9.7,1030.0,0.0,0.0,2,601.5,0
2019-04-29 06:58:00,5,50,22.2,97,11.0,1029.9,0.0,0.0,6,601.5,0
2019-04-29 07:03:00,5,51,22.2,97,12.2,1029.9,0.0,0.7,4,601.5,0
2019-04-29 07:08:00,5,51,22.1,97,12.7,1029.9,0.0,0.0,2,601.5,0
2019-04-29 07:13:00,5,51,22.0,95,12.7,1030.1,0.0,0.0,2,601.5,0
2019-04-29 07:18:00,5,53,21.9,94,13.5,1030.1,0.0,0.0,6,601.5,0
2019-04-29 07:23:00,5,53,21.9,92,13.9,1030.1,0.0,0.0,2,601.5,0
2019-04-29 07:28:00,5,53,21.9,87,13.5,1030.3,0.0,0.0,0,601.5,0
2019-04-29 07:33:00,5,52,21.8,84,13.6,1030.3,0.0,0.0,2,601.5,0
2019-04-29 07:38:00,5,49,21.7,82,14.2,1030.5,0.0,0.0,0,601.5,0
2019-04-29 07:43:00,5,49,21.5,78,14.9,1030.8,0.0,0.0,14,601.5,0
2019-04-29 07:48:00,5,49,21.2,74,15.5,1031.1,0.0,0.0,2,601.5,0
2019-04-29 07:53:00,5,47,21.1,70,15.2,1031.3,0.0,0.0,8,601.5,0
2019-04-29 07:58:00,5,47,20.7,66,15.4,1031.5,0.0,0.0,2,601.5,0
2019-04-29 08:03:00,5,47,20.5,65,15.3,1031.9,0.0,0.0,4,601.5,0
2019-04-29 08:08:00,5,47,20.4,63,16.0,1032.1,0.0,0.7,6,601.5,0
2019-04-29 08:13:00,5,49,20.3,60,16.0,1032.3,0.0,0.0,0,601.5,0
2019-04-29 08:18:00,5,48,20.2,59,15.9,1032.4,0.0,1.0,2,601.5,0
2019-04-29 08:23:00,5,47,20.1,59,15.2,1032.6,0.0,0.0,0,601.5,0
2019-04-29 08:28:00,5,48,19.9,60,15.0,1032.7,0.0,0.3,8,601.5,0
2019-04-29 08:33:00,5,48,19.8,61,15.5,1032.9,0.0,0.3,0,601.5,0
2019-04-29 08:38:00,5,48,19.7,59,16.1,1032.9,0.0,0.0,0,601.5,0
2019-04-29 08:43:00,5,49,19.7,59,15.8,1033.0,0.0,0.0,12,601.5,0
2019-04-29 08:48:00,5,49,19.6,59,16.3,1033.1,0.0,0.0,6,601.5,0
2019-04-29 08:53:00,5,49,19.6,55,17.0,1033.1,0.0,0.3,8,601.5,0
2019-04-29 08:58:00,5,48,19.6,52,17.0,1033.0,0.0,0.0,6,601.5,0
2019-04-29 09:03:00,5,48,19.6,52,17.0,1032.9,0.0,0.7,8,601.5,0
2019-04-29 09:08:00,5,48,19.6,53,17.2,1033.0,0.0,0.0,8,601.5,0
2019-04-29 09:13:00,5,48,19.6,52,17.3,1033.0,0.3,0.7,8,601.5,0
2019-04-29 09:18:00,5,48,19.7,51,17.7,1032.9,0.0,0.3,2,601.5,0
2019-04-29 09:23:00,5,48,19.7,50,17.1,1033.0,0.0,0.7,0,601.5,0
2019-04-29 09:28:00,5,48,19.7,51,17.2,1032.9,0.0,0.0,2,601.5,0
2019-04-29 09:33:00,5,48,19.8,52,16.8,1032.8,1.0,1.7,0,601.5,0
2019-04-29 09:38:00,5,48,19.8,53,16.7,1032.8,0.0,0.0,8,601.5,0
2019-04-29 09:43:00,5,48,19.8,53,16.7,1032.8,0.0,0.0,2,601.5,0
2019-04-29 09:48:00,5,49,19.8,52,17.1,1032.8,0.0,0.0,0,601.5,0
2019-04-29 09:53:00,5,49,19.9,53,15.9,1032.7,0.0,0.0,0,601.5,0
2019-04-29 09:58:00,5,48,20.0,54,16.0,1032.5,1.0,2.0,8,601.5,0
2019-04-29 10:03:00,5,49,20.0,54,16.2,1032.5,0.0,0.7,4,601.5,0
2019-04-29 10:08:00,5,49,20.1,53,16.0,1032.4,0.0,0.0,6,601.5,0
2019-04-29 10:13:00,5,49,20.1,56,16.3,1032.5,0.0,0.0,0,601.5,0
2019-04-29 10:18:00,5,49,20.1,54,16.5,1032.3,0.0,0.3,2,601.5,0
2019-04-29 10:23:00,5,50,20.1,53,16.2,1032.3,1.0,1.7,2,601.5,0
2019-04-29 10:28:00,5,50,20.1,54,15.8,1032.4,0.0,0.0,0,601.5,0
2019-04-29 10:33:00,5,50,20.2,52,16.2,1032.2,0.3,1.0,4,601.5,0
2019-04-29 10:38:00,5,50,20.2,53,15.8,1032.2,0.3,0.7,6,601.5,0
2019-04-29 10:43:00,5,50,20.2,53,15.9,1032.1,0.0,0.0,2,601.5,0
2019-04-29 10:48:00,5,50,20.2,52,16.2,1032.0,1.4,2.0,2,601.5,0
2019-04-29 10:53:00,5,50,20.2,51,15.9,1032.1,1.4,1.7,0,601.5,0
2019-04-29 10:58:00,5,50,20.2,53,15.4,1032.1,0.0,1.0,8,601.5,0
2019-04-29 11:03:00,5,50,20.2,51,16.1,1032.0,0.0,0.3,6,601.5,0
2019-04-29 11:08:00,5,50,20.3,49,17.2,1031.8,0.0,0.0,2,601.5,0
2019-04-29 11:13:00,5,51,20.3,48,17.8,1031.8,0.0,0.3,1,601.5,0
2019-04-29 11:18:00,5,51,20.3,47,17.9,1031.8,2.0,2.7,2,601.5,0
2019-04-29 11:23:00,5,50,20.3,49,16.9,1031.8,0.3,1.0,0,601.5,0
2019-04-29 11:28:00,5,50,20.3,49,16.7,1031.7,0.0,0.0,4,601.5,0
2019-04-29 11:33:00,5,50,20.3,47,18.0,1031.7,1.4,2.4,2,601.5,0
2019-04-29 11:38:00,5,50,20.3,46,18.0,1031.7,0.3,1.0,4,601.5,0
2019-04-29 11:43:00,5,50,20.3,47,17.7,1031.7,0.7,1.4,14,601.5,0
2019-04-29 11:48:00,5,50,20.3,45,18.3,1031.7,0.0,0.7,8,601.5,0
2019-04-29 11:53:00,5,50,20.3,43,19.2,1031.6,0.7,1.0,14,601.5,0
2019-04-29 11:58:00,5,50,20.3,42,19.1,1031.6,0.0,0.3,14,601.5,0
2019-04-29 12:03:00,5,50,20.4,42,19.2,1031.6,1.4,2.0,2,601.5,0
2019-04-29 12:08:00,5,50,20.4,45,17.2,1031.5,1.4,2.0,2,601.5,0
2019-04-29 12:13:00,5,50,20.5,46,16.4,1031.4,0.7,1.4,2,601.5,0
2019-04-29 12:18:00,5,50,20.5,44,16.4,1031.3,0.3,1.0,4,601.5,0
2019-04-29 12:23:00,5,50,20.5,44,17.7,1031.3,0.0,0.0,8,601.5,0
2019-04-29 12:28:00,5,50,20.5,42,18.6,1031.2,0.0,0.3,10,601.5,0
2019-04-29 12:33:00,5,50,20.5,41,19.5,1031.1,0.0,0.0,4,601.5,0
2019-04-29 12:38:00,5,50,20.6,39,19.6,1031.2,0.3,1.0,0,601.5,0
2019-04-29 12:43:00,5,50,20.6,41,18.8,1031.1,0.3,1.0,8,601.5,0
2019-04-29 12:48:00,5,49,20.6,41,19.3,1031.1,0.3,0.7,6,601.5,0
2019-04-29 12:53:00,5,46,20.7,41,19.9,1031.1,0.0,0.0,1,601.5,0
2019-04-29 12:58:00,5,44,20.7,40,19.9,1031.0,1.4,2.4,0,601.5,0
2019-04-29 13:03:00,5,44,20.7,41,19.2,1030.8,0.7,1.7,6,601.5,0
2019-04-29 13:08:00,5,44,20.7,42,19.7,1031.0,0.0,1.0,14,601.5,0
2019-04-29 13:13:00,5,43,20.7,42,18.6,1030.9,1.0,1.7,4,601.5,0
2019-04-29 13:18:00,5,43,20.7,45,17.7,1030.9,0.7,1.0,10,601.5,0
2019-04-29 13:23:00,5,44,20.7,45,18.3,1030.7,1.0,1.7,15,601.5,0
2019-04-29 13:28:00,5,44,20.7,45,18.6,1030.7,1.0,2.0,4,601.5,0
2019-04-29 13:33:00,5,45,20.7,46,17.6,1030.6,1.7,2.7,14,601.5,0
2019-04-29 13:38:00,5,45,20.8,50,16.7,1030.6,0.0,0.3,0,601.5,0
2019-04-29 13:43:00,5,45,20.8,49,17.1,1030.5,0.0,0.0,10,601.5,0
2019-04-29 13:48:00,5,46,20.9,48,18.0,1030.4,1.0,2.4,4,601.5,0
2019-04-29 13:53:00,5,47,20.9,47,18.9,1030.5,0.3,0.7,8,601.5,0
2019-04-29 13:58:00,5,46,21.0,44,19.2,1030.4,1.0,2.0,0,601.5,0
2019-04-29 14:03:00,5,46,21.1,43,19.2,1030.3,1.0,1.7,0,601.5,0
2019-04-29 14:08:00,5,47,21.1,43,19.2,1030.1,1.0,1.7,0,601.5,0
2019-04-29 14:13:00,5,47,21.1,44,18.6,1030.0,1.7,3.1,14,601.5,0
2019-04-29 14:18:00,5,48,21.2,44,18.2,1030.0,2.4,3.4,2,601.5,0
2019-04-29 14:23:00,5,46,21.2,46,17.9,1030.0,0.7,1.0,4,601.5,0
2019-04-29 14:28:00,5,44,21.1,47,17.5,1030.0,1.4,1.7,2,601.5,0
2019-04-29 14:33:00,5,43,21.1,49,17.3,1030.0,0.7,1.4,12,601.5,0
2019-04-29 14:38:00,5,43,21.0,48,17.8,1030.0,1.0,2.0,2,601.5,0
2019-04-29 14:43:00,5,43,21.0,47,18.1,1030.0,0.7,1.7,8,601.5,0
2019-04-29 14:48:00,5,44,20.9,46,18.3,1029.9,0.7,1.7,2,601.5,0
2019-04-29 14:53:00,5,43,21.0,46,18.6,1030.1,1.0,2.7,2,601.5,0
2019-04-29 14:58:00,5,43,21.0,45,18.7,1030.1,1.4,2.4,0,601.5,0
2019-04-29 15:03:00,5,44,21.0,45,18.3,1030.1,2.7,5.1,11,601.5,0
2019-04-29 15:08:00,5,44,21.1,45,18.1,1030.1,1.4,2.4,1,601.5,0
2019-04-29 15:13:00,5,44,21.1,46,18.3,1029.9,0.7,1.4,4,601.5,0
2019-04-29 15:18:00,5,44,21.1,45,18.4,1029.9,1.4,2.7,0,601.5,0
2019-04-29 15:23:00,5,45,21.2,47,17.6,1029.8,1.7,3.1,2,601.5,0
2019-04-29 15:28:00,5,46,21.2,49,16.9,1029.8,1.0,1.7,4,601.5,0
2019-04-29 15:33:00,5,46,21.2,50,16.7,1029.9,1.7,2.4,15,601.5,0
2019-04-29 15:38:00,5,47,21.2,51,16.5,1029.9,1.4,1.7,12,601.5,0
2019-04-29 15:43:00,5,47,21.2,51,16.5,1029.8,2.0,3.4,0,601.5,0
2019-04-29 15:48:00,5,47,21.2,52,16.4,1029.8,1.7,2.0,15,601.5,0
2019-04-29 15:53:00,5,47,21.3,52,16.3,1029.7,1.4,2.0,0,601.5,0
2019-04-29 15:58:00,5,48,21.3,53,16.2,1029.8,2.0,3.4,14,601.5,0
2019-04-29 16:03:00,5,48,21.3,53,16.2,1029.7,1.4,2.0,0,601.5,0
2019-04-29 16:08:00,5,48,21.3,53,16.2,1029.8,1.4,2.0,0,601.5,0
2019-04-29 16:13:00,5,49,21.3,56,16.3,1029.7,1.0,2.4,2,601.5,0
2019-04-29 16:18:00,5,50,21.3,56,16.1,1029.9,2.4,3.7,4,601.5,0
2019-04-29 16:23:00,5,50,21.4,54,16.1,1029.8,2.4,4.4,15,601.5,0
2019-04-29 16:28:00,5,50,21.4,56,15.7,1029.8,1.7,3.4,12,601.5,0
2019-04-29 16:33:00,5,50,21.4,56,15.4,1029.8,1.0,2.7,2,601.5,0
2019-04-29 16:38:00,5,50,21.4,57,15.4,1029.8,0.3,1.7,0,601.5,0
2019-04-29 16:43:00,5,51,21.5,55,15.5,1029.8,2.0,4.1,15,601.5,0
2019-04-29 16:48:00,5,51,21.5,56,15.4,1029.7,1.0,2.4,1,601.5,0
2019-04-29 16:53:00,5,50,21.4,57,15.4,1029.8,1.0,1.7,2,601.5,0
2019-04-29 16:58:00,5,50,21.5,57,15.4,1029.7,0.7,1.4,4,601.5,0
2019-04-29 17:03:00,5,50,21.5,58,15.3,1029.7,1.4,2.0,2,601.5,0
2019-04-29 17:08:00,5,50,21.5,58,15.2,1029.7,1.4,2.0,0,601.5,0
2019-04-29 17:13:00,5,50,21.4,58,15.0,1029.6,1.0,2.4,2,601.5,0
2019-04-29 17:18:00,5,50,21.3,59,14.9,1029.8,2.0,3.4,2,601.5,0
2019-04-29 17:23:00,5,49,21.3,60,14.7,1029.7,3.1,4.4,15,601.5,0
2019-04-29 17:28:00,5,49,21.3,59,14.6,1029.7,1.0,2.0,2,601.5,0
2019-04-29 17:33:00,5,49,21.2,60,14.6,1029.9,1.4,2.4,0,601.5,0
2019-04-29 17:38:00,5,49,21.2,61,14.3,1029.7,1.0,1.4,14,601.5,0
2019-04-29 17:43:00,5,49,21.2,61,14.3,1029.8,0.7,1.4,10,601.5,0
2019-04-29 17:48:00,5,49,21.2,61,14.3,1029.8,0.7,2.0,2,601.5,0
2019-04-29 17:53:00,5,50,21.2,61,14.2,1029.8,1.0,1.7,0,601.5,0
2019-04-29 17:58:00,5,49,21.2,61,14.1,1029.9,1.4,2.4,14,601.5,0
2019-04-29 18:03:00,5,49,21.2,61,14.1,1030.0,1.4,2.4,2,601.5,0
2019-04-29 18:08:00,5,49,21.2,60,14.0,1030.1,1.0,2.4,2,601.5,0
2019-04-29 18:13:00,5,49,21.2,61,13.9,1030.0,1.4,2.7,13,601.5,0
2019-04-29 18:18:00,5,49,21.1,61,13.7,1030.1,1.4,2.0,1,601.5,0
2019-04-29 18:23:00,5,49,21.1,61,13.6,1030.2,1.7,3.4,14,601.5,0
2019-04-29 18:28:00,5,49,21.1,58,13.5,1030.3,1.0,2.0,11,601.5,0
2019-04-29 18:33:00,5,49,21.1,59,13.4,1030.3,2.7,4.4,6,601.5,0
2019-04-29 18:38:00,5,49,21.0,60,13.3,1030.3,1.0,2.4,14,601.5,0
2019-04-29 18:43:00,5,50,21.0,59,13.2,1030.3,1.4,2.4,2,601.5,0
2019-04-29 18:48:00,5,50,21.0,60,13.1,1030.3,0.3,1.4,6,601.5,0
2019-04-29 18:53:00,5,50,21.0,62,13.1,1030.2,0.7,2.0,2,601.5,0
2019-04-29 18:58:00,5,51,21.1,63,13.0,1030.3,0.7,1.4,2,601.5,0
2019-04-29 19:03:00,5,51,21.1,64,12.9,1030.3,1.0,1.4,2,601.5,0
2019-04-29 19:08:00,5,51,21.1,65,12.8,1030.5,0.7,1.4,14,601.5,0
2019-04-29 19:13:00,5,52,21.1,66,12.7,1030.4,1.0,2.0,0,601.5,0
2019-04-29 19:18:00,5,52,21.1,67,12.6,1030.5,0.3,1.0,0,601.5,0
2019-04-29 19:23:00,5,52,21.1,68,12.4,1030.5,0.0,0.7,14,601.5,0
2019-04-29 19:28:00,5,52,21.1,68,12.4,1030.5,0.7,1.7,0,601.5,0
2019-04-29 19:33:00,5,53,21.1,69,12.2,1030.6,1.0,2.0,4,601.5,0
2019-04-29 19:38:00,5,53,21.0,70,12.1,1030.6,0.0,1.0,4,601.5,0
2019-04-29 19:43:00,5,53,21.0,70,12.0,1030.6,0.7,1.7,4,601.5,0
2019-04-29 19:48:00,5,53,21.1,72,11.9,1030.7,1.0,1.7,0,601.5,0
2019-04-29 19:53:00,5,53,21.0,73,11.8,1030.6,1.0,1.7,4,601.5,0
2019-04-29 19:58:00,5,53,21.1,74,11.6,1030.7,1.0,1.7,0,601.5,0
2019-04-29 20:03:00,5,54,21.1,74,11.6,1030.8,0.7,1.7,2,601.5,0
2019-04-29 20:08:00,5,53,21.1,76,11.5,1030.7,0.7,2.0,2,601.5,0
2019-04-29 20:13:00,5,53,21.0,77,11.4,1030.9,0.3,1.0,4,601.5,0
2019-04-29 20:18:00,5,53,21.0,78,11.3,1030.9,0.3,1.4,0,601.5,0
2019-04-29 20:23:00,5,52,21.0,79,11.2,1030.9,0.7,1.4,2,601.5,0
2019-04-29 20:28:00,5,53,20.9,79,11.1,1030.9,0.7,1.0,1,601.5,0
2019-04-29 20:33:00,5,54,20.9,79,11.1,1031.0,1.0,1.4,0,601.5,0
2019-04-29 20:38:00,5,54,20.9,79,11.0,1031.1,1.0,1.4,0,601.5,0
2019-04-29 20:43:00,5,54,20.9,80,10.9,1031.1,0.0,0.0,0,601.5,0
2019-04-29 20:48:00,5,54,20.7,80,10.9,1031.1,1.0,1.4,2,601.5,0
2019-04-29 20:53:00,5,54,20.7,81,10.9,1031.1,0.7,1.4,0,601.5,0
2019-04-29 20:58:00,5,54,20.7,81,10.8,1031.1,0.7,1.7,0,601.5,0
2019-04-29 21:03:00,5,55,20.7,81,10.7,1031.1,0.0,0.0,0,601.5,0
2019-04-29 21:08:00,5,55,20.6,81,10.7,1031.2,0.0,0.7,2,601.5,0
2019-04-29 21:13:00,5,55,20.6,81,10.7,1031.3,0.0,0.0,0,601.5,0
2019-04-29 21:18:00,5,55,20.6,82,10.8,1031.4,0.0,0.0,14,601.5,0
2019-04-29 21:23:00,5,55,20.6,82,10.8,1031.3,0.0,0.7,0,601.5,0
2019-04-29 21:28:00,5,55,20.5,82,10.8,1031.5,0.7,2.0,0,601.5,0
2019-04-29 21:33:00,5,55,20.5,82,10.8,1031.4,0.0,0.0,3,601.5,0
2019-04-29 21:38:00,5,55,20.5,82,10.9,1031.6,0.0,0.0,2,601.5,0
2019-04-29 21:43:00,5,55,20.5,82,10.9,1031.5,1.4,2.4,0,601.5,0
2019-04-29 21:48:00,5,55,20.4,82,10.9,1031.5,0.0,0.0,0,601.5,0
2019-04-29 21:53:00,5,55,20.4,82,10.9,1031.5,0.0,0.3,2,601.5,0
2019-04-29 21:58:00,5,56,20.4,81,11.0,1031.5,0.7,1.4,6,601.5,0
2019-04-29 22:03:00,5,57,20.4,81,11.0,1031.6,1.0,1.7,6,601.5,0
2019-04-29 22:08:00,5,56,20.4,81,10.9,1031.6,0.3,2.0,0,601.5,0
2019-04-29 22:13:00,5,56,20.4,81,10.9,1031.5,0.0,1.0,0,601.5,0
2019-04-29 22:18:00,5,56,20.4,81,10.9,1031.6,0.0,0.3,2,601.5,0
2019-04-29 22:23:00,5,56,20.3,81,10.9,1031.5,1.4,2.4,0,601.5,0
2019-04-29 22:28:00,5,56,20.3,81,10.9,1031.6,0.0,1.0,0,601.5,0
2019-04-29 22:33:00,5,56,20.3,81,10.9,1031.5,0.7,1.7,1,601.5,0
2019-04-29 22:38:00,5,56,20.3,81,10.9,1031.6,0.0,0.3,2,601.5,0
2019-04-29 22:43:00,5,56,20.3,81,10.9,1031.7,0.7,1.7,0,601.5,0
2019-04-29 22:48:00,5,56,20.3,80,10.9,1031.6,0.0,0.0,6,601.5,0
2019-04-29 22:53:00,5,56,20.3,80,10.9,1031.7,1.0,1.7,14,601.5,0
2019-04-29 22:58:00,5,56,20.2,80,10.8,1031.7,1.0,2.0,0,601.5,0
2019-04-29 23:03:00,5,56,20.2,80,10.9,1031.6,0.0,1.4,8,601.5,0
2019-04-29 23:08:00,5,56,20.2,80,10.9,1031.7,1.7,2.7,10,601.5,0
2019-04-29 23:13:00,5,56,20.2,80,10.9,1031.7,1.4,1.7,0,601.5,0
2019-04-29 23:18:00,5,56,20.2,80,10.9,1031.6,1.0,1.7,2,601.5,0
2019-04-29 23:23:00,5,56,20.2,80,10.9,1031.6,1.0,2.4,0,601.5,0
2019-04-29 23:28:00,5,56,20.1,80,10.9,1031.6,0,0.3,2,601.5,0
2019-04-29 23:33:00,5,55,20.1,80,10.9,1031.6,0,1.4,13,601.5,0
2019-04-29 23:38:00,5,55,20.0,80,10.8,1031.6,0,0.7,0,601.5,0
2019-04-29 23:43:00,5,55,20.0,80,10.8,1031.6,0,0.7,0,601.5,0
2019-04-29 23:48:00,5,55,20.0,80,10.8,1031.7,0,1.4,2,601.5,0
2019-04-29 23:53:00,5,55,20.0,80,10.8,1031.5,0,0,2,601.5,0
2019-04-29 23:58:00,5,56,19.9,80,10.8,1031.5,0.7,2.0,4,601.5,0
