2024-04-14 00:01:00,5,54,21.7,81,13.0,1024.9,0.7,1.0,6,4788.6,0
2024-04-14 00:06:00,5,54,21.7,81,13.0,1025.1,0.7,1.0,6,4788.6,0
2024-04-14 00:11:00,5,54,21.7,82,13.1,1025.2,0.3,1.0,6,4788.6,0
2024-04-14 00:16:00,5,54,21.6,82,13.1,1025.2,0.3,1.0,5,4788.6,0
2024-04-14 00:21:00,5,54,21.6,83,13.1,1025.2,0.3,1.0,4,4788.6,0
2024-04-14 00:26:00,5,54,21.6,83,13.1,1025.1,0.3,1.0,7,4788.6,0
2024-04-14 00:31:00,5,54,21.5,83,13.1,1025.1,0.3,1.0,7,4788.6,0
2024-04-14 00:36:00,5,54,21.5,84,13.0,1025.3,0.3,0.7,2,4788.6,0
2024-04-14 00:41:00,5,53,21.5,84,13.0,1025.4,0.3,1.0,4,4788.6,0
2024-04-14 00:46:00,5,54,21.5,84,13.1,1025.4,0.3,0.7,7,4788.6,0
2024-04-14 00:51:00,5,54,21.3,84,13.3,1025.5,0.0,0.0,3,4788.6,0
2024-04-14 00:56:00,5,54,21.3,83,13.5,1025.5,0.7,1.0,3,4788.6,0
2024-04-14 01:01:00,5,54,21.3,81,13.6,1025.6,0.3,1.0,3,4788.6,0
2024-04-14 01:06:01,5,54,21.3,80,13.6,1025.7,0.7,1.7,5,4788.6,0
2024-04-14 01:11:01,5,54,21.3,80,13.5,1025.8,0.7,1.7,12,4788.6,0
2024-04-14 01:16:01,5,54,21.2,80,13.4,1025.9,0.3,1.0,4,4788.6,0
2024-04-14 01:21:01,5,54,21.2,79,13.3,1026.0,0.7,1.7,1,4788.6,0
2024-04-14 01:26:01,5,53,21.2,78,13.3,1026.0,0.3,1.0,0,4788.6,0
2024-04-14 01:31:01,5,53,21.2,78,13.3,1026.1,0.3,0.7,15,4788.6,0
2024-04-14 01:36:01,5,53,21.2,77,13.2,1026.1,0.3,1.0,0,4788.6,0
2024-04-14 01:41:01,5,53,21.2,74,13.1,1026.2,1.0,1.7,15,4788.6,0
2024-04-14 01:46:01,5,53,21.2,74,13.0,1026.2,0.7,1.0,0,4788.6,0
2024-04-14 01:51:01,5,53,21.1,74,13.0,1026.3,0.3,1.0,0,4788.6,0
2024-04-14 01:56:01,5,52,21.1,74,12.9,1026.3,0.0,0.7,2,4788.6,0
2024-04-14 02:01:01,5,52,21.1,73,12.7,1026.5,0.3,1.0,14,4788.6,0
2024-04-14 02:06:01,5,52,21.1,73,12.5,1026.3,0.7,1.0,1,4788.6,0
2024-04-14 02:11:01,5,52,21.1,72,12.4,1026.6,0.3,0.7,0,4788.6,0
2024-04-14 02:16:01,5,52,21.1,73,12.2,1026.6,0.0,0.0,14,4788.6,0
2024-04-14 02:21:01,5,52,21.1,73,12.2,1026.5,0.0,0.0,13,4788.6,0
2024-04-14 02:26:01,5,51,21.0,74,12.1,1026.6,0.0,0.0,15,4788.6,0
2024-04-14 02:31:01,5,51,21.0,74,12.0,1026.6,0.0,1.0,3,4788.6,0
2024-04-14 02:36:01,5,51,21.0,74,11.9,1026.6,0.3,1.0,15,4788.6,0
2024-04-14 02:41:01,5,52,20.9,73,11.9,1026.7,0.7,1.7,2,4788.6,0
2024-04-14 02:46:01,5,52,20.9,74,11.8,1026.8,0.0,0.7,15,4788.6,0
2024-04-14 02:51:01,5,52,20.9,74,11.7,1026.9,0.3,1.0,1,4788.6,0
2024-04-14 02:56:01,5,52,20.8,75,11.6,1026.9,0.0,0.7,2,4788.6,0
2024-04-14 03:01:01,5,52,20.8,74,11.6,1026.9,0.3,1.7,4,4788.6,0
2024-04-14 03:06:01,5,52,20.8,74,11.6,1027.0,0.3,1.0,4,4788.6,0
2024-04-14 03:11:01,5,51,20.7,74,11.6,1027.1,0.0,0.0,12,4788.6,0
2024-04-14 03:16:01,5,51,20.7,74,11.7,1027.4,0.0,0.0,15,4788.6,0
2024-04-14 03:21:01,5,51,20.7,74,11.7,1027.3,0.0,0.7,0,4788.6,0
2024-04-14 03:26:01,5,51,20.7,73,11.8,1027.2,0.3,1.0,1,4788.6,0
2024-04-14 03:31:01,5,51,20.6,73,11.6,1027.4,1.0,2.0,2,4788.6,0
2024-04-14 03:36:01,5,51,20.6,73,11.6,1027.4,0.0,0.0,3,4788.6,0
2024-04-14 03:41:01,5,51,20.6,74,11.5,1027.5,0.0,0.0,3,4788.6,0
2024-04-14 03:46:01,5,51,20.6,74,11.4,1027.5,0.0,0.0,0,4788.6,0
2024-04-14 03:51:01,5,51,20.6,74,11.3,1027.5,0.0,0.0,15,4788.6,0
2024-04-14 03:56:01,5,51,20.6,73,11.3,1027.7,0.0,1.0,2,4788.6,0
2024-04-14 04:01:01,5,51,20.6,73,11.3,1027.6,0.0,0.0,0,4788.6,0
2024-04-14 04:06:01,5,51,20.5,73,11.2,1027.6,0.0,0.0,1,4788.6,0
2024-04-14 04:11:01,5,51,20.5,74,11.3,1027.6,0.0,0.0,2,4788.6,0
2024-04-14 04:16:01,5,51,20.5,74,11.2,1027.7,0.0,0.7,1,4788.6,0
2024-04-14 04:21:01,5,51,20.5,74,11.2,1027.7,0.0,0.0,0,4788.6,0
2024-04-14 04:26:01,5,51,20.4,75,11.2,1027.7,0.0,0.0,0,4788.6,0
2024-04-14 04:31:01,5,51,20.4,76,11.2,1028.0,0.0,0.0,5,4788.6,0
2024-04-14 04:36:01,5,51,20.4,77,11.2,1027.9,0.0,0.7,5,4788.6,0
2024-04-14 04:41:01,5,51,20.4,77,11.2,1027.9,0.0,0.0,5,4788.6,0
2024-04-14 04:46:01,5,51,20.4,77,11.1,1028.0,0.0,0.0,4,4788.6,0
2024-04-14 04:51:01,5,51,20.4,78,11.1,1028.1,0.0,0.0,3,4788.6,0
2024-04-14 04:56:01,5,51,20.4,78,11.1,1028.0,0.3,1.0,4,4788.6,0
2024-04-14 05:01:01,5,51,20.3,78,11.2,1028.2,0.0,0.0,6,4788.6,0
2024-04-14 05:06:01,5,51,20.3,79,11.2,1028.2,0.0,0.0,6,4788.6,0
2024-04-14 05:11:01,5,51,20.3,79,11.2,1028.4,0.0,0.0,6,4788.6,0
2024-04-14 05:16:01,5,51,20.3,80,11.2,1028.3,0.0,0.0,4,4788.6,0
2024-04-14 05:21:01,5,51,20.3,80,11.3,1028.3,0.0,0.0,6,4788.6,0
2024-04-14 05:26:01,5,51,20.3,81,11.3,1028.4,0.0,0.7,2,4788.6,0
2024-04-14 05:31:01,5,51,20.3,80,11.2,1028.5,0.7,1.0,5,4788.6,0
2024-04-14 05:36:01,5,51,20.3,79,11.3,1028.5,0.0,0.7,5,4788.6,0
2024-04-14 05:41:01,5,51,20.3,79,11.3,1028.6,0.0,0.7,1,4788.6,0
2024-04-14 05:46:01,5,51,20.3,79,11.4,1028.5,0.0,0.0,5,4788.6,0
2024-04-14 05:51:01,5,51,20.3,78,11.5,1028.6,0.0,0.7,4,4788.6,0
2024-04-14 05:56:01,5,51,20.3,78,11.5,1028.7,0.0,0.7,0,4788.6,0
2024-04-14 06:01:01,5,51,20.3,78,11.5,1028.7,0.0,0.7,2,4788.6,0
2024-04-14 06:06:01,5,51,20.3,77,11.5,1028.8,0.3,1.0,1,4788.6,0
2024-04-14 06:11:01,5,51,20.3,77,11.6,1028.7,0.0,0.7,0,4788.6,0
2024-04-14 06:16:01,5,52,20.3,77,11.6,1028.9,0.0,0.7,3,4788.6,0
2024-04-14 06:21:01,5,53,20.3,77,11.7,1028.9,0.0,0.0,4,4788.6,0
2024-04-14 06:26:01,5,54,20.3,77,11.7,1028.9,0.3,0.7,5,4788.6,0
2024-04-14 06:31:01,5,54,20.3,77,11.7,1028.9,0.3,1.0,3,4788.6,0
2024-04-14 06:36:01,5,54,20.3,75,11.7,1028.9,0.7,2.0,4,4788.6,0
2024-04-14 06:41:01,5,55,20.4,75,11.8,1028.9,0.3,1.0,1,4788.6,0
2024-04-14 06:46:01,5,55,20.4,74,11.8,1028.9,0.3,0.7,0,4788.6,0
2024-04-14 06:51:01,5,55,20.4,74,11.9,1029.0,0.3,1.0,1,4788.6,0
2024-04-14 06:56:01,5,55,20.5,75,12.1,1028.8,0.0,0.0,5,4788.6,0
2024-04-14 07:01:01,5,55,20.5,76,12.1,1028.8,0.3,1.0,4,4788.6,0
2024-04-14 07:06:01,5,56,20.6,74,12.1,1028.8,0.3,1.0,6,4788.6,0
2024-04-14 07:11:01,5,56,20.6,73,12.3,1028.8,0.0,0.7,2,4788.6,0
2024-04-14 07:16:01,5,56,20.7,69,12.3,1028.7,0.0,0.7,5,4788.6,0
2024-04-14 07:21:01,5,55,20.8,69,12.4,1028.5,0.0,0.0,1,4788.6,0
2024-04-14 07:26:01,5,55,20.9,68,12.3,1028.4,1.0,2.0,13,4788.6,0
2024-04-14 07:31:01,5,54,21.0,68,12.4,1028.5,0.7,1.0,3,4788.6,0
2024-04-14 07:36:01,5,54,21.1,68,12.6,1028.4,0.7,1.7,5,4788.6,0
2024-04-14 07:41:01,5,54,21.2,67,12.6,1028.5,0.3,0.7,15,4788.6,0
2024-04-14 07:46:01,5,54,21.3,65,12.7,1028.4,0.7,1.7,6,4788.6,0
2024-04-14 07:51:01,5,54,21.3,65,12.7,1028.3,0.7,1.0,15,4788.6,0
2024-04-14 07:56:01,5,54,21.5,65,12.8,1028.2,0.0,1.0,2,4788.6,0
2024-04-14 08:01:01,5,54,21.6,64,13.0,1028.2,0.3,0.7,1,4788.6,0
2024-04-14 08:06:01,5,54,21.7,63,13.2,1028.1,0.3,0.7,15,4788.6,0
2024-04-14 08:11:01,5,54,21.8,64,12.8,1028.1,0.7,1.7,3,4788.6,0
2024-04-14 08:16:01,5,53,21.9,63,12.9,1027.9,0.7,1.0,1,4788.6,0
2024-04-14 08:21:01,5,53,21.9,61,13.1,1027.9,0.0,0.7,2,4788.6,0
2024-04-14 08:26:01,5,53,21.9,61,13.1,1027.8,0.7,1.7,6,4788.6,0
2024-04-14 08:31:01,5,52,21.9,60,13.2,1027.9,1.0,1.7,0,4788.6,0
2024-04-14 08:36:01,5,51,22.0,60,13.1,1027.9,0.7,1.7,15,4788.6,0
2024-04-14 08:41:01,5,51,22.1,56,13.0,1027.8,0.3,0.7,3,4788.6,0
2024-04-14 08:46:01,5,51,22.1,54,13.2,1027.7,0.3,0.7,4,4788.6,0
2024-04-14 08:51:01,5,51,22.1,54,13.4,1027.7,0.3,0.7,5,4788.6,0
2024-04-14 08:56:01,5,51,22.2,53,13.5,1028.0,0.7,1.7,0,4788.6,0
2024-04-14 09:01:01,5,51,22.3,53,13.7,1027.6,0.3,0.7,0,4788.6,0
2024-04-14 09:06:01,5,51,22.3,52,14.2,1027.5,0,0,4,4788.6,0
2024-04-14 09:11:01,5,51,22.5,50,14.5,1027.4,1.0,1.7,7,4788.6,0
2024-04-14 09:16:01,5,51,22.6,51,13.9,1027.3,1.0,1.7,1,4788.6,0
2024-04-14 09:21:01,5,51,22.7,53,14.2,1027.3,0.3,1.0,5,4788.6,0
