2024-04-26 00:00:00,5,56,18.7,98,5.7,1007.7,0.0,0.0,5,4862.7,0
2024-04-26 00:06:00,5,56,18.7,98,5.7,1007.8,0.0,0.0,5,4862.7,0
2024-04-26 00:11:00,5,56,18.6,98,5.7,1007.9,0.0,0.0,6,4862.7,0
2024-04-26 00:16:00,5,56,18.6,98,5.7,1007.8,0.3,1.0,7,4862.7,0
2024-04-26 00:21:00,5,56,18.6,98,5.7,1007.8,0.0,0.0,5,4862.7,0
2024-04-26 00:26:00,5,56,18.5,98,5.7,1007.8,0.3,0.7,5,4862.7,0
2024-04-26 00:31:00,5,56,18.5,98,5.8,1007.8,0.0,0.0,4,4862.7,0
2024-04-26 00:36:00,5,56,18.4,98,5.8,1007.8,0.0,0.0,4,4862.7,0
2024-04-26 00:41:00,5,56,18.4,98,5.8,1007.8,0.0,0.0,5,4862.7,0
2024-04-26 00:46:00,5,56,18.3,98,5.9,1007.8,0.0,0.0,5,4862.7,0
2024-04-26 00:51:00,5,56,18.3,98,5.9,1007.8,0.0,0.0,5,4862.7,0
2024-04-26 00:56:00,5,56,18.3,98,5.9,1007.7,0.0,0.0,5,4862.7,0
2024-04-26 01:01:00,5,56,18.2,98,5.9,1007.8,0.0,0.0,6,4862.7,0
2024-04-26 01:06:00,5,56,18.1,98,5.9,1007.8,0.0,0.0,4,4862.7,0
2024-04-26 01:11:00,5,56,18.1,98,5.9,1008.0,0.0,0.0,4,4862.7,0
2024-04-26 01:16:00,5,56,18.1,99,5.9,1008.3,0.0,0.7,6,4862.7,0
2024-04-26 01:21:00,5,56,18.0,99,5.9,1008.2,0.0,0.0,5,4862.7,0
2024-04-26 01:26:00,5,56,18.0,99,5.9,1008.3,0.3,0.7,6,4862.7,0
2024-04-26 01:31:00,5,56,18.0,99,6.0,1008.3,0.0,0.0,6,4862.7,0
2024-04-26 01:36:00,5,56,17.9,99,6.0,1008.2,0.0,0.0,6,4862.7,0
2024-04-26 01:41:00,5,56,17.9,99,6.0,1008.3,0.0,0.0,5,4862.7,0
2024-04-26 01:46:00,5,56,17.9,99,6.0,1008.2,0.0,0.0,5,4862.7,0
2024-04-26 01:51:00,5,56,17.8,99,6.0,1008.4,0.0,0.0,5,4862.7,0
2024-04-26 01:56:00,5,56,17.8,99,6.0,1008.3,0.0,0.0,5,4862.7,0
2024-04-26 02:01:00,5,56,17.8,99,6.1,1008.4,0.0,0.7,5,4862.7,0
2024-04-26 02:06:00,5,56,17.7,99,6.0,1008.4,0.0,0.0,5,4862.7,0
2024-04-26 02:11:00,5,56,17.7,99,6.0,1008.4,0.0,0.0,5,4862.7,0
2024-04-26 02:16:00,5,56,17.7,99,6.0,1008.4,0.0,0.0,5,4863.0,0
2024-04-26 02:21:00,5,57,17.7,99,6.0,1008.5,0.0,0.0,5,4863.0,0
2024-04-26 02:26:00,5,56,17.6,99,6.0,1008.5,0.0,0.0,5,4863.0,0
2024-04-26 02:31:00,5,56,17.6,99,6.0,1008.5,0.0,0.0,5,4863.0,0
2024-04-26 02:36:00,5,56,17.6,99,6.0,1008.5,0.0,0.0,5,4863.0,0
2024-04-26 02:41:00,5,56,17.5,99,5.9,1008.4,0.0,0.0,5,4863.0,0
2024-04-26 02:46:00,5,56,17.5,99,6.0,1008.4,0.0,0.0,5,4863.0,0
2024-04-26 02:51:00,5,57,17.5,99,6.0,1008.6,0.0,0.0,5,4863.0,0
2024-04-26 02:56:00,5,57,17.5,99,6.0,1008.6,0.0,0.0,5,4863.0,0
2024-04-26 03:01:00,5,57,17.4,99,6.0,1008.6,0.0,0.0,5,4863.0,0
2024-04-26 03:06:00,5,57,17.4,99,6.0,1008.5,0.0,0.0,5,4863.0,0
2024-04-26 03:11:00,5,57,17.4,99,6.0,1008.6,0.0,0.0,5,4863.0,0
2024-04-26 03:16:00,5,57,17.3,99,6.0,1008.6,0.0,0.0,5,4863.0,0
2024-04-26 03:21:00,5,57,17.3,99,6.0,1008.7,0.0,0.0,5,4863.0,0
2024-04-26 03:26:00,5,57,17.3,99,6.0,1008.7,0.0,0.0,6,4863.0,0
2024-04-26 03:31:00,5,57,17.3,99,6.0,1008.7,0.0,0.0,5,4863.0,0
2024-04-26 03:36:00,5,57,17.3,99,6.0,1008.8,0.0,0.0,5,4863.0,0
2024-04-26 03:41:00,5,57,17.2,99,6.0,1008.8,0.0,0.0,6,4863.0,0
2024-04-26 03:46:00,5,57,17.2,99,6.0,1008.8,0.0,0.0,5,4863.0,0
2024-04-26 03:51:00,5,57,17.1,99,6.0,1008.9,0.0,0.0,5,4863.0,0
2024-04-26 03:56:00,5,57,17.1,99,6.0,1008.9,0.0,0.0,5,4863.0,0
2024-04-26 04:01:00,5,57,17.1,99,5.9,1009.0,0.0,0.0,5,4863.0,0
2024-04-26 04:06:00,5,57,17.1,99,5.9,1008.9,0.0,0.0,5,4863.0,0
2024-04-26 04:11:00,5,57,17.0,99,5.9,1008.8,0.0,0.0,5,4863.0,0
2024-04-26 04:16:00,5,57,17.0,99,5.8,1009.1,0.0,0.0,5,4863.0,0
2024-04-26 04:21:00,5,57,17.0,99,5.8,1009.0,0.0,0.0,5,4863.0,0
2024-04-26 04:26:00,5,57,17.0,99,5.8,1008.9,0.0,0.0,5,4863.0,0
2024-04-26 04:31:00,5,57,17.0,99,5.8,1009.2,0.0,0.0,5,4863.0,0
2024-04-26 04:36:00,5,58,16.9,99,5.8,1009.3,0.0,0.0,5,4863.0,0
2024-04-26 04:41:00,5,58,16.9,99,5.9,1009.2,0.0,0.0,6,4863.0,0
2024-04-26 04:46:00,5,58,16.9,99,5.9,1009.2,0.0,0.0,5,4863.0,0
2024-04-26 04:51:00,5,58,16.9,99,6.0,1009.3,0.0,0.0,6,4863.0,0
2024-04-26 04:56:00,5,58,16.8,99,6.0,1009.3,0.0,0.0,6,4863.0,0
2024-04-26 05:01:00,5,58,16.8,99,6.0,1009.3,0.0,0.0,6,4863.0,0
2024-04-26 05:06:00,5,58,16.8,99,6.0,1009.4,0.0,0.0,7,4863.0,0
2024-04-26 05:11:00,5,58,16.8,99,6.0,1009.4,0.0,0.0,6,4863.0,0
2024-04-26 05:16:00,5,58,16.8,99,6.0,1009.5,0.0,0.0,6,4863.0,0
2024-04-26 05:21:00,5,58,16.8,99,6.0,1009.7,0.0,0.0,6,4863.0,0
2024-04-26 05:26:00,5,58,16.8,99,6.0,1009.7,0.0,0.0,5,4863.0,0
2024-04-26 05:31:00,5,58,16.8,99,6.2,1009.7,0.0,0.0,6,4863.0,0
2024-04-26 05:36:00,5,58,16.9,99,6.4,1009.8,0.0,0.0,6,4863.0,0
2024-04-26 05:41:00,5,57,17.0,99,6.4,1009.7,0.0,0.0,5,4863.0,0
2024-04-26 05:46:00,5,57,17.0,99,6.3,1009.6,0.0,0.0,5,4863.0,0
2024-04-26 05:51:00,5,57,17.1,99,6.6,1009.6,0.0,0.0,6,4863.0,0
2024-04-26 05:56:00,5,57,17.3,99,6.7,1009.5,0.0,0.7,7,4863.0,0
2024-04-26 06:01:00,5,57,17.5,99,6.9,1009.4,0.3,0.7,7,4863.0,0
2024-04-26 06:06:00,5,56,17.6,99,6.9,1009.3,0.3,0.7,6,4863.0,0
2024-04-26 06:11:00,5,56,17.8,99,7.0,1009.1,0.0,0.7,5,4863.0,0
2024-04-26 06:16:00,5,56,18.1,98,6.8,1009.0,1.0,1.7,6,4863.0,0
2024-04-26 06:21:00,5,56,18.4,98,6.8,1008.7,1.0,2.0,8,4863.0,0
2024-04-26 06:26:00,5,56,18.7,98,7.1,1008.5,0.7,1.0,7,4863.0,0
2024-04-26 06:31:00,5,54,19.0,96,7.1,1008.2,0.3,1.0,5,4863.0,0
2024-04-26 06:36:00,5,53,19.4,95,7.3,1008.0,0.7,1.0,5,4863.0,0
2024-04-26 06:41:00,5,52,20.6,92,7.3,1007.6,1.4,2.0,6,4863.0,0
2024-04-26 06:46:00,5,51,21.1,89,7.6,1007.2,0.7,1.7,6,4863.0,0
2024-04-26 06:51:00,5,50,21.5,86,7.9,1006.8,0.7,1.0,5,4863.0,0
2024-04-26 06:56:00,5,50,21.8,84,8.3,1006.4,0.7,1.7,6,4863.0,0
2024-04-26 07:01:00,5,49,22.2,82,8.7,1006.1,0.0,0.7,4,4863.0,0
2024-04-26 07:06:00,5,49,22.6,80,8.8,1005.8,1.0,2.0,4,4863.0,0
2024-04-26 07:11:00,5,48,23.0,79,8.5,1005.3,1.4,1.7,4,4863.0,0
2024-04-26 07:16:00,5,48,23.4,79,9.1,1004.9,0.7,1.0,2,4863.0,0
2024-04-26 07:21:00,5,47,23.7,76,8.8,1004.7,1.4,2.7,6,4863.0,0
2024-04-26 07:26:00,5,46,23.9,76,9.1,1004.5,1.0,1.7,5,4863.0,0
2024-04-26 07:31:00,5,45,24.1,76,9.2,1004.4,0.3,1.0,3,4863.0,0
2024-04-26 07:36:00,5,45,24.4,76,9.5,1004.1,0.3,1.7,5,4863.0,0
2024-04-26 07:41:00,5,44,24.4,74,9.2,1004.0,1.0,2.0,6,4863.0,0
2024-04-26 07:46:00,5,44,24.5,75,8.8,1004.1,1.7,3.1,5,4863.0,0
2024-04-26 07:51:00,5,44,24.6,76,9.6,1004.0,0.0,1.0,7,4863.0,0
2024-04-26 07:56:00,5,44,24.7,74,9.3,1003.7,0.7,1.7,7,4863.0,0
2024-04-26 08:01:00,5,44,24.8,75,9.7,1003.7,0.7,1.7,5,4863.0,0
2024-04-26 08:06:00,5,44,24.9,75,9.1,1003.8,0.7,1.7,5,4863.0,0
2024-04-26 08:11:00,5,43,24.7,76,9.6,1004.0,0.0,0.7,3,4863.0,0
2024-04-26 08:16:00,5,43,24.7,74,9.7,1004.0,0.7,1.7,5,4863.0,0
2024-04-26 08:21:00,5,43,24.7,74,9.8,1004.2,1.0,2.0,8,4863.0,0
2024-04-26 08:26:00,5,43,24.7,73,9.8,1004.1,0.3,1.7,5,4863.0,0
2024-04-26 08:31:00,5,43,24.8,72,10.2,1004.2,1.4,1.7,6,4863.0,0
2024-04-26 08:36:00,5,43,24.9,71,11.0,1004.0,0.7,1.0,4,4863.0,0
2024-04-26 08:41:00,5,42,25.0,69,10.9,1004.1,1.4,2.0,2,4863.0,0
2024-04-26 08:46:00,5,39,25.0,69,11.6,1004.0,0.3,1.0,1,4863.0,0
2024-04-26 08:51:00,5,39,25.1,67,10.9,1004.1,2.0,2.7,8,4863.0,0
2024-04-26 08:56:00,5,39,25.0,70,11.0,1004.0,0.0,1.0,2,4863.0,0
2024-04-26 09:01:00,5,39,24.9,69,10.5,1004.2,0.7,2.0,6,4863.0,0
2024-04-26 09:06:00,5,39,24.7,71,11.0,1004.5,0.3,0.7,6,4863.0,0
2024-04-26 09:11:00,5,40,24.6,70,10.1,1004.7,1.0,1.7,6,4863.0,0
2024-04-26 09:16:00,5,40,24.4,71,10.7,1004.9,0.3,1.0,5,4863.0,0
2024-04-26 09:21:00,5,41,24.4,66,10.8,1004.9,1.0,2.0,6,4863.0,0
2024-04-26 09:26:00,5,41,24.5,69,11.3,1005.0,0.7,1.7,4,4863.0,0
2024-04-26 09:31:00,5,41,24.5,67,11.6,1004.8,0.7,1.0,7,4863.0,0
2024-04-26 09:36:00,5,41,24.6,67,11.5,1004.8,1.0,2.7,7,4863.0,0
2024-04-26 09:41:00,5,41,24.6,69,11.4,1005.1,0.3,1.7,5,4863.0,0
2024-04-26 09:46:00,5,41,24.6,69,11.4,1005.0,0.3,1.0,8,4863.0,0
2024-04-26 09:51:00,5,41,24.4,67,10.8,1005.2,1.0,1.7,6,4863.0,0
2024-04-26 09:56:00,5,41,24.2,68,11.1,1005.4,0.0,1.0,3,4863.0,0
2024-04-26 10:01:00,5,41,24.1,67,11.4,1005.6,0.3,0.7,4,4863.0,0
2024-04-26 10:06:00,5,42,24.0,69,11.0,1005.7,0.3,1.0,4,4863.0,0
2024-04-26 10:11:00,5,42,24.0,65,11.7,1005.8,1.0,1.7,6,4863.0,0
2024-04-26 10:16:00,5,42,24.0,65,12.0,1005.8,1.0,2.0,4,4863.0,0
2024-04-26 10:21:00,5,44,23.9,64,11.7,1005.9,0.7,1.7,15,4863.0,0
2024-04-26 10:26:00,5,44,23.9,62,12.0,1005.9,1.0,1.7,6,4863.0,0
2024-04-26 10:31:00,5,43,24.0,65,11.6,1005.8,1.0,2.0,9,4863.0,0
2024-04-26 10:36:00,5,44,23.9,65,11.3,1006.0,1.0,2.7,2,4863.0,0
2024-04-26 10:41:00,5,44,23.8,65,10.8,1006.2,0.7,1.0,11,4863.0,0
2024-04-26 10:46:00,5,44,23.7,63,11.7,1006.3,0.3,1.0,2,4863.0,0
2024-04-26 10:51:00,5,44,23.7,63,11.4,1006.4,1.0,1.7,3,4863.0,0
2024-04-26 10:56:00,5,44,23.6,63,11.4,1006.3,1.4,2.7,5,4863.0,0
2024-04-26 11:01:00,5,45,23.6,62,11.4,1006.4,0.7,1.0,4,4863.0,0
2024-04-26 11:06:00,5,44,23.4,60,12.1,1006.6,0.7,1.7,6,4863.0,0
2024-04-26 11:11:00,5,44,23.4,61,11.6,1006.7,1.0,1.7,4,4863.0,0
2024-04-26 11:16:00,5,45,23.3,63,11.1,1006.8,0.7,1.0,5,4863.0,0
2024-04-26 11:21:00,5,44,23.1,62,12.0,1007.0,0.7,1.7,6,4863.0,0
2024-04-26 11:26:00,5,44,23.1,63,12.0,1007.0,0.7,1.7,5,4863.0,0
2024-04-26 11:31:00,5,44,23.1,62,12.4,1007.0,0.3,1.0,15,4863.0,0
2024-04-26 11:36:00,5,44,23.0,61,13.1,1007.2,0.3,1.7,7,4863.0,0
2024-04-26 11:41:00,5,44,23.0,59,12.8,1007.4,1.0,2.7,4,4863.0,0
2024-04-26 11:46:00,5,46,22.9,59,12.8,1007.4,0.3,0.7,5,4863.0,0
2024-04-26 11:51:00,5,46,22.9,58,13.1,1007.4,0.3,1.0,7,4863.0,0
2024-04-26 11:56:00,5,46,22.8,60,13.2,1007.6,0.3,1.0,7,4863.0,0
2024-04-26 12:01:00,5,45,22.7,60,12.6,1007.7,1.4,2.0,5,4863.0,0
2024-04-26 12:06:00,5,45,22.7,60,12.6,1007.7,0.7,1.0,8,4863.0,0
2024-04-26 12:11:00,5,45,22.7,60,11.9,1007.7,1.0,2.0,14,4863.0,0
2024-04-26 12:16:00,5,45,22.6,62,12.1,1007.8,0.3,1.0,6,4863.0,0
2024-04-26 12:21:00,5,46,22.6,59,12.5,1007.9,1.4,2.0,0,4863.0,0
2024-04-26 12:26:00,5,46,22.6,58,12.8,1008.0,0.7,1.0,5,4863.0,0
2024-04-26 12:31:00,5,47,22.6,58,12.8,1008.0,1.0,2.0,3,4863.0,0
2024-04-26 12:36:00,5,47,22.6,58,12.7,1008.1,1.4,2.0,7,4863.0,0
2024-04-26 12:41:00,5,43,22.5,61,12.4,1008.2,1.0,1.7,3,4863.0,0
2024-04-26 12:46:00,5,41,22.5,59,12.7,1008.2,0.3,1.0,5,4863.0,0
2024-04-26 12:51:00,5,41,22.3,60,12.6,1008.3,0.3,1.0,7,4863.0,0
2024-04-26 12:56:00,5,42,22.3,61,12.1,1008.4,1.4,2.0,8,4863.0,0
2024-04-26 13:01:00,5,41,22.3,62,12.4,1008.4,0.3,1.7,7,4863.0,0
2024-04-26 13:06:00,5,40,22.3,61,12.7,1008.4,0.7,1.0,6,4863.0,0
2024-04-26 13:11:00,5,39,22.3,60,13.3,1008.4,0.3,0.7,5,4863.0,0
2024-04-26 13:16:00,5,39,22.2,60,13.1,1008.6,0.0,0.7,7,4863.0,0
2024-04-26 13:21:00,5,39,22.2,59,12.8,1008.6,0.7,1.7,6,4863.0,0
2024-04-26 13:26:00,5,40,22.2,59,13.1,1008.6,0.7,2.7,7,4863.0,0
2024-04-26 13:31:00,5,40,22.2,61,12.5,1008.6,1.4,2.0,7,4863.0,0
2024-04-26 13:36:00,5,41,22.2,60,12.6,1008.9,0.7,1.7,6,4863.0,0
2024-04-26 13:41:00,5,41,22.2,60,12.7,1008.6,1.4,2.0,7,4863.0,0
2024-04-26 13:46:00,5,42,22.2,60,12.5,1008.8,1.0,2.0,6,4863.0,0
2024-04-26 13:51:00,5,42,22.2,60,13.0,1008.7,0.3,0.7,5,4863.0,0
2024-04-26 13:56:00,5,42,22.2,61,12.9,1008.7,0.7,1.7,4,4863.0,0
2024-04-26 14:01:00,5,43,22.2,61,12.8,1008.9,0.3,1.0,4,4863.0,0
2024-04-26 14:06:00,5,43,22.2,60,12.6,1008.7,1.4,3.1,6,4863.0,0
2024-04-26 14:11:00,5,43,22.2,58,12.5,1008.7,0.0,0.7,4,4863.0,0
2024-04-26 14:16:00,5,44,22.2,57,12.9,1008.7,0.0,0.7,4,4863.0,0
2024-04-26 14:21:00,5,44,22.2,52,12.8,1008.7,0.0,0.7,6,4863.0,0
2024-04-26 14:26:00,5,44,22.2,50,12.8,1008.7,0.7,1.0,10,4863.0,0
2024-04-26 14:31:00,5,44,22.2,49,12.9,1008.7,0.7,2.7,7,4863.0,0
2024-04-26 14:36:00,5,45,22.2,49,13.0,1008.7,0.7,1.0,4,4863.0,0
2024-04-26 14:41:00,5,45,22.3,51,13.1,1008.7,0.3,1.0,6,4863.0,0
2024-04-26 14:46:00,5,45,22.3,52,13.1,1008.7,0.7,1.7,0,4863.0,0
2024-04-26 14:51:00,5,45,22.2,54,12.7,1008.6,1.0,2.0,3,4863.0,0
2024-04-26 14:56:00,5,46,22.2,56,12.8,1008.7,0.0,0.7,6,4863.0,0
2024-04-26 15:01:00,5,46,22.2,57,12.5,1008.8,0.7,1.7,8,4863.0,0
2024-04-26 15:06:00,5,46,22.2,58,12.4,1008.7,0.3,1.0,6,4863.0,0
2024-04-26 15:11:00,5,46,22.2,59,12.0,1008.9,0.7,1.7,7,4863.0,0
2024-04-26 15:16:00,5,46,22.1,60,11.8,1008.9,1.0,2.0,6,4863.0,0
2024-04-26 15:21:00,5,46,22.1,60,12.0,1008.9,0.3,1.0,4,4863.0,0
2024-04-26 15:26:00,5,48,21.9,61,12.3,1009.2,0.3,0.7,5,4863.0,0
2024-04-26 15:31:00,5,48,21.9,61,12.2,1009.1,0.3,1.0,6,4863.0,0
2024-04-26 15:36:00,5,48,21.9,62,12.0,1009.2,0.0,0.7,8,4863.0,0
2024-04-26 15:41:00,5,48,21.8,63,12.3,1009.2,0.0,0.7,5,4863.0,0
2024-04-26 15:46:00,5,49,21.8,62,12.4,1009.2,0.0,0.7,5,4863.0,0
2024-04-26 15:51:00,5,49,21.8,63,12.6,1009.3,0.0,0.0,6,4863.0,0
2024-04-26 15:56:00,5,47,21.7,63,12.2,1009.3,0.3,1.0,10,4863.0,0
2024-04-26 16:01:00,5,45,21.7,63,11.9,1009.3,0.7,1.0,6,4863.0,0
2024-04-26 16:06:00,5,44,21.6,64,11.7,1009.4,0.3,0.7,5,4863.0,0
2024-04-26 16:11:00,5,44,21.5,64,11.9,1009.6,0.0,0.0,5,4863.0,0
2024-04-26 16:16:00,5,45,21.5,64,11.8,1009.7,0.0,0.0,7,4863.0,0
2024-04-26 16:21:00,5,47,21.4,65,11.7,1009.8,0.0,0.0,5,4863.0,0
2024-04-26 16:26:00,5,49,21.3,66,11.6,1009.9,0.3,0.7,7,4863.0,0
2024-04-26 16:31:00,5,50,21.3,66,11.5,1009.9,0.0,0.0,8,4863.0,0
2024-04-26 16:36:00,5,50,21.3,66,11.4,1009.9,0.3,0.7,6,4863.0,0
2024-04-26 16:41:00,5,50,21.2,67,11.4,1009.9,0.0,0.7,8,4863.0,0
2024-04-26 16:46:00,5,51,21.2,68,11.3,1009.9,0.0,0.0,7,4863.0,0
2024-04-26 16:51:00,5,52,21.2,68,11.2,1009.9,0.3,0.7,7,4863.0,0
2024-04-26 16:56:00,5,53,21.2,68,11.2,1009.9,0.0,0.0,7,4863.0,0
2024-04-26 17:01:00,5,54,21.2,69,11.3,1010.0,0.0,0.7,6,4863.0,0
2024-04-26 17:06:00,5,53,21.2,68,11.2,1010.0,0.0,0.0,7,4863.0,0
2024-04-26 17:11:00,5,52,21.1,68,11.2,1010.1,0.0,0.7,7,4863.0,0
2024-04-26 17:16:00,5,51,21.1,67,10.9,1010.1,0.3,0.7,7,4863.0,0
2024-04-26 17:21:00,5,50,21.0,69,11.2,1010.1,0.0,0.0,8,4863.0,0
2024-04-26 17:26:00,5,49,21.0,69,11.3,1010.2,0.0,0.0,8,4863.0,0
2024-04-26 17:31:00,5,49,21.0,69,11.2,1010.3,0.0,0.0,8,4863.0,0
2024-04-26 17:36:00,5,50,20.9,68,11.1,1010.2,0.0,0.0,9,4863.0,0
2024-04-26 17:41:00,5,51,20.9,68,11.1,1010.4,0.0,0.0,6,4863.0,0
2024-04-26 17:46:00,5,51,20.9,69,11.1,1010.4,0.0,0.0,6,4863.0,0
2024-04-26 17:51:00,5,51,20.7,69,11.0,1010.5,0.0,0.0,6,4863.0,0
2024-04-26 17:56:00,5,51,20.7,70,11.1,1010.6,0.0,0.0,6,4863.0,0
2024-04-26 18:01:00,5,51,20.6,70,11.0,1010.6,0.0,0.0,6,4863.0,0
2024-04-26 18:06:00,5,51,20.6,70,10.9,1010.9,0.0,0.0,6,4863.0,0
2024-04-26 18:11:00,5,51,20.6,71,10.8,1010.8,0.0,0.0,6,4863.0,0
2024-04-26 18:16:00,5,51,20.5,71,10.7,1010.8,0.0,0.0,6,4863.0,0
2024-04-26 18:21:00,5,51,20.5,71,10.7,1011.0,0.0,0.0,6,4863.0,0
2024-04-26 18:26:00,5,51,20.4,72,10.7,1011.1,0.0,0.0,6,4863.0,0
2024-04-26 18:31:00,5,51,20.4,72,10.7,1011.3,0.0,0.0,7,4863.0,0
2024-04-26 18:36:00,5,51,20.4,73,10.7,1011.4,0.0,0.0,7,4863.0,0
2024-04-26 18:41:00,5,51,20.3,73,10.6,1011.3,0.0,0.0,6,4863.0,0
2024-04-26 18:46:00,5,51,20.3,73,10.6,1011.5,0.0,0.0,6,4863.0,0
2024-04-26 18:51:00,5,51,20.3,74,10.5,1011.4,0.0,0.0,6,4863.0,0
2024-04-26 18:56:00,5,51,20.2,74,10.5,1011.6,0.0,0.0,6,4863.0,0
2024-04-26 19:01:00,5,51,20.2,75,10.4,1011.6,0.0,0.0,6,4863.0,0
2024-04-26 19:06:00,5,51,20.1,76,10.3,1011.6,0.0,0.0,6,4863.0,0
2024-04-26 19:11:00,5,52,20.1,76,10.3,1011.6,0.0,0.0,6,4863.0,0
2024-04-26 19:16:00,5,53,19.3,77,10.2,1011.7,0.0,0.0,6,4863.0,0
2024-04-26 19:21:00,5,53,20.3,78,10.2,1011.6,0.0,0.0,6,4863.0,0
2024-04-26 19:26:00,5,53,20.5,79,10.1,1011.5,0.0,0.0,6,4863.0,0
2024-04-26 19:31:00,5,53,20.7,79,10.1,1011.2,0.0,0.0,6,4863.0,0
2024-04-26 19:36:00,5,51,21.1,79,10.1,1011.0,0.0,0.0,6,4863.0,0
2024-04-26 19:41:00,5,51,21.3,80,10.2,1010.8,0.0,0.0,6,4863.0,0
2024-04-26 19:46:00,5,50,21.5,81,10.0,1010.5,0.0,0.0,5,4863.0,0
2024-04-26 19:51:00,5,50,21.7,82,9.9,1010.3,0.0,0.0,5,4863.0,0
2024-04-26 19:56:00,5,50,21.8,84,9.8,1010.0,0.0,0.0,6,4863.3,0
2024-04-26 20:01:00,5,49,21.9,86,9.3,1010.1,0.0,0.0,6,4863.3,0
2024-04-26 20:06:00,5,48,22.0,88,9.2,1010.1,0.0,0.0,6,4863.6,0
2024-04-26 20:11:00,5,48,22.1,89,9.2,1010.0,0.0,0.0,6,4863.9,0
2024-04-26 20:16:00,5,48,22.1,89,9.0,1010.0,0.0,0.0,6,4863.9,0
2024-04-26 20:21:00,5,48,22.1,90,9.0,1009.8,0.0,0.0,6,4863.9,0
2024-04-26 20:26:00,5,49,22.1,90,8.9,1009.7,0.0,0.0,6,4863.9,0
2024-04-26 20:31:00,5,49,22.1,90,8.9,1009.9,0.0,0.0,6,4863.9,0
2024-04-26 20:36:00,5,49,22.1,90,8.8,1009.7,0.0,0.0,6,4864.2,0
2024-04-26 20:41:00,5,49,22.0,91,8.8,1009.9,0.0,0.0,6,4864.2,0
2024-04-26 20:46:00,5,50,21.9,91,8.8,1009.8,0.0,0.0,6,4864.2,0
2024-04-26 20:51:00,5,50,21.9,91,8.7,1009.9,0.0,0.0,6,4864.2,0
2024-04-26 20:56:00,5,50,21.8,91,8.6,1010.0,0.0,0.0,6,4864.2,0
2024-04-26 21:01:00,5,50,21.7,91,8.7,1010.0,0.0,0.0,6,4864.2,0
2024-04-26 21:06:00,5,50,21.7,91,8.7,1010.2,0.0,0.0,6,4864.2,0
2024-04-26 21:11:00,5,51,21.6,91,8.7,1010.1,0.0,0.0,6,4864.2,0
2024-04-26 21:16:00,5,51,21.6,91,8.6,1010.2,0.0,0.0,6,4864.2,0
2024-04-26 21:21:00,5,51,21.5,92,8.6,1010.2,0.0,0.0,6,4864.2,0
2024-04-26 21:26:00,5,51,21.5,92,8.6,1010.4,0.0,0.0,6,4864.2,0
2024-04-26 21:31:00,5,52,21.5,92,8.6,1010.4,0.0,0.0,6,4864.2,0
2024-04-26 21:36:00,5,52,21.3,93,8.5,1010.3,0.0,0.0,6,4864.2,0
2024-04-26 21:41:00,5,52,21.3,93,8.5,1010.6,0.0,0.0,6,4864.2,0
2024-04-26 21:46:00,5,52,21.3,93,8.4,1010.6,0.0,0.0,6,4864.2,0
2024-04-26 21:51:00,5,52,21.3,93,8.3,1010.7,0.0,0.0,6,4864.2,0
2024-04-26 21:56:00,5,53,21.2,94,8.4,1010.7,0.0,0.0,6,4864.2,0
2024-04-26 22:01:00,5,53,21.2,94,8.4,1010.8,0.0,0.0,6,4864.2,0
2024-04-26 22:06:00,5,53,21.2,94,8.4,1010.8,0.0,0.0,6,4864.2,0
2024-04-26 22:11:00,5,53,21.2,94,8.4,1010.7,0.0,0.0,6,4864.2,0
2024-04-26 22:16:00,5,53,21.1,94,8.3,1010.9,0.0,0.0,6,4864.2,0
2024-04-26 22:21:00,5,53,21.1,94,8.4,1010.9,0.0,0.0,6,4864.2,0
2024-04-26 22:26:00,5,53,21.1,94,8.3,1010.9,0.0,0.0,6,4864.2,0
2024-04-26 22:31:00,5,53,21.0,95,8.2,1010.9,0.0,0.0,4,4864.2,0
2024-04-26 22:36:00,5,54,20.9,95,8.1,1011.0,0.0,0.0,4,4864.2,0
2024-04-26 22:41:00,5,54,20.9,95,8.2,1011.1,0.0,0.0,4,4864.2,0
2024-04-26 22:46:00,5,55,20.9,94,8.1,1011.0,0.0,0.0,4,4864.2,0
2024-04-26 22:51:00,5,54,20.9,95,8.1,1011.0,0.0,0.0,4,4864.2,0
2024-04-26 22:56:00,5,54,20.7,95,8.1,1011.0,0.0,0.0,4,4864.2,0
2024-04-26 23:01:00,5,54,20.7,94,8.0,1011.0,0.0,0.0,4,4864.2,0
2024-04-26 23:06:00,5,54,20.7,94,8.0,1011.0,0,0.7,1,4864.2,0
2024-04-26 23:11:00,5,54,20.6,94,8.0,1011.0,0,0,1,4864.2,0
2024-04-26 23:16:00,5,55,20.6,94,8.1,1011.1,0,0,1,4864.2,0
2024-04-26 23:21:00,5,55,20.6,94,8.1,1011.1,0,0,1,4864.2,0
2024-04-26 23:26:00,5,55,20.5,93,8.1,1011.2,0,0,0,4864.2,0
2024-04-26 23:31:00,5,55,20.5,93,8.2,1011.0,0,0,0,4864.2,0
2024-04-26 23:36:00,5,55,20.5,93,8.2,1011.0,0,0.7,14,4864.2,0
2024-04-26 23:41:00,5,55,20.4,92,8.2,1011.0,0,0.7,15,4864.2,0
2024-04-26 23:46:00,5,55,20.4,92,8.3,1011.0,0,0,12,4864.2,0
2024-04-26 23:51:00,5,55,19.6,92,8.3,1011.0,0,0,1,4864.2,0
2024-04-26 23:56:00,5,55,19.5,92,8.3,1011.1,0,0,15,4864.2,0
