2022-05-16 00:01:01,5,40,23.0,57,18.2,1016.5,0.7,1.7,9,2339.1,0
2022-05-16 00:06:01,5,41,23.0,57,18.2,1016.5,0.7,1.7,9,2339.1,0
2022-05-16 00:11:01,5,40,23.0,58,18.1,1016.5,0.3,1.0,13,2339.1,0
2022-05-16 00:16:01,5,41,23.0,58,18.0,1016.5,0.3,0.7,10,2339.1,0
2022-05-16 00:21:01,5,41,23.0,58,17.9,1016.5,0.0,0.0,14,2339.1,0
2022-05-16 00:26:01,5,41,23.0,58,17.8,1016.5,0.0,0.7,7,2339.1,0
2022-05-16 00:31:01,5,41,23.0,58,17.7,1016.4,0.7,2.0,8,2339.1,0
2022-05-16 00:36:01,5,41,23.0,59,17.7,1016.4,0.3,0.7,0,2339.1,0
2022-05-16 00:41:01,5,41,23.0,59,17.6,1016.3,0.0,0.7,14,2339.1,0
2022-05-16 00:46:00,5,41,23.0,59,17.6,1016.3,0.3,1.0,14,2339.1,0
2022-05-16 00:51:00,5,41,22.9,60,17.4,1016.3,0.3,1.0,13,2339.1,0
2022-05-16 00:56:00,5,41,22.9,60,17.4,1016.4,0.0,0.7,14,2339.1,0
2022-05-16 01:01:00,5,41,22.9,61,17.3,1016.3,0.0,0.7,4,2339.1,0
2022-05-16 01:06:00,5,41,22.9,61,17.2,1016.1,0.7,1.7,2,2339.1,0
2022-05-16 01:11:00,5,41,22.9,61,17.2,1016.2,0.3,0.7,10,2339.1,0
2022-05-16 01:16:00,5,41,22.8,61,17.2,1016.1,0.3,1.0,13,2339.1,0
2022-05-16 01:21:00,5,41,22.8,61,17.0,1016.0,0.3,0.7,3,2339.1,0
2022-05-16 01:26:00,5,41,22.7,62,16.9,1016.3,0.3,1.0,11,2339.1,0
2022-05-16 01:31:00,5,41,22.7,62,16.9,1016.1,0.0,0.0,3,2339.1,0
2022-05-16 01:36:00,5,41,22.7,63,16.8,1016.2,0.0,1.0,3,2339.1,0
2022-05-16 01:41:00,5,41,22.7,63,16.7,1016.2,0.7,2.0,4,2339.1,0
2022-05-16 01:46:00,5,41,22.7,64,16.6,1016.3,0.0,0.7,3,2339.1,0
2022-05-16 01:51:00,5,41,22.6,64,16.5,1016.3,0.0,0.7,3,2339.1,0
2022-05-16 01:56:00,5,41,22.6,65,16.4,1016.2,0.0,0.0,12,2339.1,0
2022-05-16 02:01:00,5,41,22.6,65,16.3,1016.3,0.0,0.0,11,2339.1,0
2022-05-16 02:06:00,5,42,22.6,65,16.2,1016.1,0.3,0.7,3,2339.1,0
2022-05-16 02:11:00,5,42,22.6,66,16.2,1016.2,0.0,0.0,9,2339.1,0
2022-05-16 02:16:00,5,42,22.5,66,16.1,1016.2,0.3,1.0,11,2339.1,0
2022-05-16 02:21:00,5,42,22.5,66,16.1,1016.0,0.0,0.7,0,2339.1,0
2022-05-16 02:26:00,5,42,22.5,66,16.0,1016.1,0.0,0.0,3,2339.1,0
2022-05-16 02:31:00,5,42,22.4,67,16.0,1015.8,0.3,1.0,12,2339.1,0
2022-05-16 02:36:00,5,42,22.3,67,16.0,1015.9,0.0,0.0,15,2339.1,0
2022-05-16 02:41:00,5,42,22.3,67,15.9,1015.9,0.0,0.7,0,2339.1,0
2022-05-16 02:46:01,5,43,22.3,67,16.0,1015.9,0.0,0.7,12,2339.1,0
2022-05-16 02:51:01,5,43,22.3,67,16.0,1015.9,0.0,0.7,2,2339.1,0
2022-05-16 02:56:01,5,43,22.3,67,15.9,1016.0,0.0,0.0,2,2339.1,0
2022-05-16 03:01:01,5,43,22.2,68,15.8,1015.8,0.0,0.7,1,2339.1,0
2022-05-16 03:06:01,5,43,22.2,68,15.8,1015.8,0.0,0.0,12,2339.1,0
2022-05-16 03:11:01,5,44,22.2,68,15.8,1015.8,0.0,0.7,0,2339.1,0
2022-05-16 03:16:01,5,44,22.2,69,15.7,1015.9,0.0,0.0,1,2339.1,0
2022-05-16 03:21:01,5,44,22.2,69,15.6,1015.9,0.0,0.0,11,2339.1,0
2022-05-16 03:26:01,5,44,22.2,70,15.5,1016.0,0.0,0.0,12,2339.1,0
2022-05-16 03:31:01,5,44,22.2,70,15.5,1016.0,0.0,0.0,11,2339.1,0
2022-05-16 03:36:01,5,45,22.1,71,15.4,1016.0,0.0,0.0,11,2339.1,0
2022-05-16 03:41:01,5,45,22.1,72,15.3,1016.0,0.0,0.0,11,2339.1,0
2022-05-16 03:46:01,5,45,22.1,72,15.3,1016.0,0.0,0.0,11,2339.1,0
2022-05-16 03:51:01,5,45,22.0,72,15.3,1016.1,0.0,0.0,11,2339.1,0
2022-05-16 03:56:01,5,46,22.0,73,15.2,1016.1,0.0,0.0,11,2339.1,0
2022-05-16 04:01:01,5,47,21.9,73,15.2,1016.3,0.0,0.0,13,2339.1,0
2022-05-16 04:06:01,5,47,21.9,73,15.2,1016.2,0.0,0.0,13,2339.1,0
2022-05-16 04:11:01,5,47,21.9,73,15.3,1016.3,0.0,0.0,13,2339.1,0
2022-05-16 04:16:01,5,47,21.9,73,15.4,1016.2,0.0,0.0,13,2339.1,0
2022-05-16 04:21:01,5,48,21.9,73,15.6,1016.1,0.0,0.0,15,2339.1,0
2022-05-16 04:26:01,5,48,21.9,73,15.7,1016.1,0.0,0.0,15,2339.1,0
2022-05-16 04:31:01,5,48,21.9,72,15.9,1016.2,0.0,0.0,15,2339.1,0
2022-05-16 04:36:01,5,48,21.9,72,16.0,1016.2,0.0,0.0,15,2339.1,0
2022-05-16 04:41:01,5,48,21.9,72,16.3,1016.1,0.0,0.0,0,2339.1,0
2022-05-16 04:46:01,5,48,22.0,71,16.5,1016.1,0.0,0.0,12,2339.1,0
2022-05-16 04:51:01,5,48,22.0,71,16.7,1016.1,0.0,0.0,12,2339.1,0
2022-05-16 04:56:01,5,48,22.1,70,17.1,1016.1,0.0,0.0,0,2339.1,0
2022-05-16 05:01:01,5,48,22.1,70,17.3,1016.1,0.0,0.0,0,2339.1,0
2022-05-16 05:06:01,5,48,22.1,70,17.2,1016.1,0.0,0.0,1,2339.1,0
2022-05-16 05:11:01,5,48,22.1,70,17.2,1016.1,0.0,0.0,12,2339.1,0
2022-05-16 05:16:01,5,48,22.2,71,17.0,1016.0,0.0,0.0,12,2339.1,0
2022-05-16 05:21:01,5,48,22.2,71,17.1,1016.1,0.0,0.0,12,2339.1,0
2022-05-16 05:26:01,5,48,22.2,72,17.0,1016.2,0.0,0.0,12,2339.1,0
2022-05-16 05:31:01,5,48,22.2,72,17.0,1016.3,0.0,0.0,12,2339.1,0
2022-05-16 05:36:01,5,48,22.2,73,17.0,1016.4,0.0,0.0,12,2339.1,0
2022-05-16 05:41:01,5,48,22.2,73,17.0,1016.4,0.0,0.0,12,2339.1,0
2022-05-16 05:46:01,5,48,22.2,74,16.9,1016.4,0.0,0.0,12,2339.1,0
2022-05-16 05:51:01,5,48,22.2,74,16.9,1016.6,0.0,1.0,12,2339.1,0
2022-05-16 05:56:01,5,48,22.2,74,16.9,1016.6,0.0,0.0,12,2339.1,0
2022-05-16 06:01:01,5,48,22.1,74,17.0,1016.5,0.0,0.0,12,2339.1,0
2022-05-16 06:06:01,5,48,22.1,74,17.1,1016.6,0.0,0.0,12,2339.1,0
2022-05-16 06:11:01,5,49,22.1,73,17.3,1016.6,0.0,0.0,12,2339.1,0
2022-05-16 06:16:01,5,49,22.2,73,17.5,1016.6,0.0,0.0,12,2339.1,0
2022-05-16 06:21:01,5,49,22.2,72,17.6,1016.7,0.0,0.0,12,2339.1,0
2022-05-16 06:26:01,5,49,22.2,72,17.8,1016.6,0.0,0.0,12,2339.1,0
2022-05-16 06:31:01,5,49,22.2,71,17.9,1016.6,0.0,0.0,12,2339.1,0
2022-05-16 06:36:01,5,49,22.2,71,18.1,1016.6,0.0,0.0,12,2339.1,0
2022-05-16 06:41:01,5,49,22.2,70,18.3,1016.6,0.0,0.0,12,2339.1,0
2022-05-16 06:46:01,5,49,22.3,70,18.4,1016.6,0.0,0.0,11,2339.1,0
2022-05-16 06:51:01,5,49,22.3,70,18.7,1016.5,0.0,0.7,11,2339.1,0
2022-05-16 06:56:01,5,49,22.5,69,19.3,1016.4,0.0,0.0,11,2339.1,0
2022-05-16 07:01:01,5,49,22.6,67,19.5,1016.3,0.0,0.0,11,2339.1,0
2022-05-16 07:06:01,5,49,22.8,66,20.5,1016.3,0.0,0.0,11,2339.1,0
2022-05-16 07:11:01,5,48,23.0,64,21.3,1016.0,0.0,0.7,0,2339.1,0
2022-05-16 07:16:01,5,48,23.3,63,21.5,1015.8,0.0,0.0,11,2339.1,0
2022-05-16 07:21:01,5,47,23.5,65,20.9,1015.8,0.3,0.7,11,2339.1,0
2022-05-16 07:26:01,5,47,23.6,66,20.8,1015.7,0.0,0.0,11,2339.1,0
2022-05-16 07:31:01,5,46,23.6,66,20.7,1015.6,0.0,0.7,11,2339.1,0
2022-05-16 07:36:01,5,47,23.6,67,20.7,1015.7,0.0,0.0,11,2339.1,0
2022-05-16 07:41:01,5,47,23.6,67,20.6,1015.7,0.0,0.0,11,2339.1,0
2022-05-16 07:46:01,5,48,23.6,66,21.1,1015.7,0.3,0.7,11,2339.1,0
2022-05-16 07:51:01,5,48,23.6,64,21.9,1015.7,0.3,1.0,10,2339.1,0
2022-05-16 07:56:01,5,49,23.6,63,22.2,1015.6,0.0,0.0,11,2339.1,0
2022-05-16 08:01:01,5,49,23.6,63,22.2,1015.7,0.3,1.0,9,2339.1,0
2022-05-16 08:06:01,5,49,23.6,63,22.5,1015.8,0.7,1.7,5,2339.1,0
2022-05-16 08:11:01,5,49,23.6,63,23.2,1015.8,0.0,0.7,5,2339.1,0
2022-05-16 08:16:01,5,50,23.6,61,23.9,1015.7,0.7,2.0,3,2339.1,0
2022-05-16 08:21:01,5,50,23.6,57,24.5,1015.6,1.0,3.1,7,2339.1,0
2022-05-16 08:26:01,5,50,23.6,57,24.4,1015.6,1.0,1.7,5,2339.1,0
2022-05-16 08:31:01,5,50,23.7,56,24.6,1015.6,1.4,2.0,9,2339.1,0
2022-05-16 08:36:01,5,50,23.7,56,24.7,1015.5,0.7,1.7,5,2339.1,0
2022-05-16 08:41:01,5,50,23.7,55,25.2,1015.5,1.0,1.7,7,2339.1,0
2022-05-16 08:46:01,5,50,23.7,54,25.3,1015.5,1.0,1.7,7,2339.1,0
2022-05-16 08:51:01,5,50,23.7,55,25.5,1015.6,0.7,1.7,9,2339.1,0
2022-05-16 08:56:01,5,50,23.8,53,26.0,1015.5,1.0,2.0,7,2339.1,0
2022-05-16 09:01:01,5,50,23.8,53,25.9,1015.6,0.7,1.7,5,2339.1,0
2022-05-16 09:06:01,5,50,23.8,52,26.5,1015.8,1.4,2.0,5,2339.1,0
2022-05-16 09:11:01,5,50,23.8,54,25.9,1015.8,0.7,1.7,7,2339.1,0
2022-05-16 09:16:01,5,50,23.8,57,25.0,1015.9,1.4,3.7,7,2339.1,0
2022-05-16 09:21:01,5,50,23.8,55,25.3,1016.0,1.7,2.0,1,2339.1,0
2022-05-16 09:26:01,5,50,23.9,56,24.8,1016.2,1.7,2.7,13,2339.1,0
2022-05-16 09:31:01,5,50,23.9,59,24.3,1016.2,1.4,2.7,6,2339.1,0
2022-05-16 09:36:01,5,50,23.9,59,24.0,1016.3,1.7,2.7,7,2339.1,0
2022-05-16 09:41:01,5,50,23.9,57,24.9,1016.4,1.7,3.7,10,2339.1,0
2022-05-16 09:46:01,5,49,24.0,61,23.7,1016.6,1.7,4.1,8,2339.1,0
2022-05-16 09:51:01,5,49,24.0,63,23.2,1016.7,1.7,3.1,6,2339.1,0
2022-05-16 09:56:01,5,49,24.0,64,22.9,1016.8,1.0,2.7,8,2339.1,0
2022-05-16 10:01:01,5,49,24.0,66,22.4,1017.0,1.7,5.8,5,2339.1,0
2022-05-16 10:06:01,5,49,24.0,71,21.5,1017.0,1.4,3.1,6,2339.1,0
2022-05-16 10:11:01,5,49,24.0,83,19.6,1017.3,1.0,1.7,8,2340.0,0
2022-05-16 10:16:01,5,50,24.0,89,18.5,1017.4,0.7,1.7,6,2341.2,0
2022-05-16 10:21:01,5,50,24.0,90,18.2,1017.5,0.7,1.0,5,2341.5,0
2022-05-16 10:26:01,5,50,24.0,91,18.1,1017.4,1.0,1.7,8,2341.5,0
2022-05-16 10:31:01,5,50,24.0,91,18.4,1017.5,0.3,0.7,5,2341.5,0
2022-05-16 10:36:01,5,50,24.0,91,18.6,1017.5,0.3,1.0,7,2341.5,0
2022-05-16 10:41:01,5,51,24.0,91,19.0,1017.5,0.3,1.0,6,2341.5,0
2022-05-16 10:46:01,5,51,24.0,91,18.9,1017.4,0.3,0.7,7,2341.5,0
2022-05-16 10:51:01,5,51,24.1,90,19.1,1017.5,0.3,0.7,6,2341.5,0
2022-05-16 10:56:01,5,51,24.1,89,19.3,1017.5,1.0,2.0,7,2341.5,0
2022-05-16 11:01:01,5,51,24.1,87,19.8,1017.5,0.7,1.7,4,2341.5,0
2022-05-16 11:06:01,5,51,24.1,85,20.3,1017.5,1.4,2.7,5,2341.5,0
2022-05-16 11:11:01,5,51,24.2,83,20.1,1017.5,1.4,2.0,7,2341.5,0
2022-05-16 11:16:01,5,51,24.3,84,19.3,1017.7,1.4,3.7,8,2341.5,0
2022-05-16 11:21:01,5,51,24.3,84,18.6,1018.0,1.4,2.7,8,2341.5,0
2022-05-16 11:26:01,5,51,24.3,84,18.2,1018.0,2.0,3.7,15,2341.5,0
2022-05-16 11:31:01,5,51,24.2,83,18.0,1018.1,1.7,3.7,6,2341.5,0
2022-05-16 11:36:01,5,51,24.2,84,18.2,1017.8,1.7,3.7,7,2341.5,0
2022-05-16 11:41:01,5,51,24.3,83,18.2,1017.9,1.4,2.7,7,2341.5,0
2022-05-16 11:46:01,5,51,24.3,83,18.4,1018.0,1.4,2.0,8,2341.5,0
2022-05-16 11:51:01,5,51,24.3,82,18.4,1017.9,1.7,4.1,12,2341.5,0
2022-05-16 11:56:01,5,51,24.3,82,18.7,1017.9,0.7,1.7,5,2341.5,0
2022-05-16 12:01:01,5,51,24.3,81,18.9,1017.9,1.4,3.7,6,2341.5,0
2022-05-16 12:06:01,5,51,24.4,79,19.2,1017.9,1.7,4.8,7,2341.5,0
2022-05-16 12:11:01,5,52,24.4,78,19.9,1018.0,1.0,2.7,3,2341.5,0
2022-05-16 12:16:01,5,52,24.4,74,20.5,1018.1,1.4,2.0,7,2341.5,0
2022-05-16 12:21:01,5,52,24.4,71,20.9,1018.0,2.0,4.1,7,2341.5,0
2022-05-16 12:26:01,5,52,24.4,72,21.2,1018.0,1.4,2.0,3,2341.5,0
2022-05-16 12:31:01,5,52,24.4,70,21.4,1018.0,2.0,3.1,8,2341.5,0
2022-05-16 12:36:01,5,52,24.4,71,21.4,1018.1,1.4,3.7,6,2341.5,0
2022-05-16 12:41:01,5,52,24.4,72,20.8,1018.1,1.4,3.1,8,2341.5,0
2022-05-16 12:46:01,5,52,24.4,72,21.2,1018.1,1.4,2.0,10,2341.5,0
2022-05-16 12:51:01,5,52,24.4,71,21.7,1018.0,1.0,2.0,9,2341.5,0
2022-05-16 12:56:01,5,52,24.4,71,21.4,1018.1,2.0,3.7,10,2341.5,0
2022-05-16 13:01:01,5,52,24.4,72,21.5,1018.1,1.4,2.7,7,2341.5,0
2022-05-16 13:06:01,5,52,24.4,70,22.0,1018.1,1.4,3.7,7,2341.5,0
2022-05-16 13:11:01,5,52,24.4,70,22.3,1018.1,1.4,2.0,4,2341.5,0
2022-05-16 13:16:01,5,52,24.4,68,22.0,1018.1,1.7,2.7,6,2341.5,0
2022-05-16 13:21:01,5,52,24.4,69,22.1,1018.3,1.0,2.0,3,2341.5,0
2022-05-16 13:26:01,5,52,24.4,68,22.0,1018.3,1.7,3.1,8,2341.5,0
2022-05-16 13:31:01,5,52,24.5,69,21.7,1018.2,0.7,1.7,6,2341.5,0
2022-05-16 13:36:01,5,52,24.5,67,21.8,1018.3,1.0,2.0,9,2341.5,0
2022-05-16 13:41:01,5,52,24.5,67,21.5,1018.4,2.4,3.7,7,2341.5,0
2022-05-16 13:46:01,5,52,24.5,67,21.4,1018.4,1.7,4.1,3,2341.5,0
2022-05-16 13:51:01,5,52,24.5,68,21.6,1018.4,1.7,3.1,14,2341.5,0
2022-05-16 13:56:01,5,52,24.5,69,21.4,1018.4,1.4,2.0,7,2341.5,0
2022-05-16 14:01:01,5,52,24.5,69,20.9,1018.5,1.7,3.7,7,2341.5,0
2022-05-16 14:06:01,5,52,24.5,70,20.2,1018.7,2.0,4.1,9,2341.5,0
2022-05-16 14:11:01,5,52,24.4,71,20.1,1018.8,1.0,1.7,8,2341.5,0
2022-05-16 14:16:01,5,52,24.4,70,20.2,1018.9,2.0,2.7,5,2341.5,0
2022-05-16 14:21:01,5,52,24.4,69,19.8,1018.9,2.7,5.8,7,2341.5,0
2022-05-16 14:26:01,5,52,24.4,69,20.1,1019.0,1.4,2.7,7,2341.5,0
2022-05-16 14:31:01,5,52,24.4,68,20.3,1019.0,2.0,3.7,9,2341.5,0
2022-05-16 14:36:01,5,52,24.4,67,20.3,1019.0,2.0,4.1,8,2341.5,0
2022-05-16 14:41:01,5,52,24.4,68,20.2,1018.9,2.0,3.7,8,2341.5,0
2022-05-16 14:46:01,5,52,24.4,67,20.4,1018.9,1.4,2.7,9,2341.5,0
2022-05-16 14:51:01,5,52,24.4,67,20.3,1019.1,1.4,2.0,7,2341.5,0
2022-05-16 14:56:01,5,52,24.5,68,20.2,1019.1,1.7,4.1,5,2341.5,0
2022-05-16 15:01:01,5,52,24.5,68,20.1,1019.0,2.0,3.7,15,2341.5,0
2022-05-16 15:06:01,5,52,24.5,68,20.2,1019.0,1.4,2.0,5,2341.5,0
2022-05-16 15:11:01,5,52,24.6,69,20.2,1019.0,2.0,3.1,5,2341.5,0
2022-05-16 15:16:01,5,52,24.6,68,20.0,1019.0,3.4,6.1,7,2341.5,0
2022-05-16 15:21:01,5,52,24.6,68,20.1,1019.1,1.4,3.1,11,2341.5,0
2022-05-16 15:26:01,5,52,24.6,69,20.2,1019.0,0.7,1.7,8,2341.5,0
2022-05-16 15:31:01,5,52,24.6,68,20.4,1019.1,1.4,2.7,8,2341.5,0
2022-05-16 15:36:01,5,52,24.6,67,20.5,1019.1,1.0,2.7,6,2341.5,0
2022-05-16 15:41:01,5,52,24.7,67,20.4,1019.3,1.7,3.1,8,2341.5,0
2022-05-16 15:46:01,5,51,24.7,67,20.3,1019.2,1.4,2.7,14,2341.5,0
2022-05-16 15:51:01,5,52,24.7,68,20.3,1019.1,1.0,2.0,7,2341.5,0
2022-05-16 15:56:01,5,52,24.7,68,20.2,1019.3,1.0,2.0,7,2341.5,0
2022-05-16 16:01:01,5,51,24.8,69,20.0,1019.2,1.4,2.7,3,2341.5,0
2022-05-16 16:06:01,5,52,24.7,69,19.8,1019.2,1.4,3.1,6,2341.5,0
2022-05-16 16:11:01,5,52,24.7,70,19.7,1019.2,1.0,2.7,6,2341.5,0
2022-05-16 16:16:01,5,52,24.7,70,19.9,1019.2,0.3,1.0,7,2341.5,0
2022-05-16 16:21:01,5,52,24.7,70,20.1,1019.2,0.7,1.7,3,2341.5,0
2022-05-16 16:26:01,5,52,24.7,69,20.2,1019.3,1.0,2.0,7,2341.5,0
2022-05-16 16:31:01,5,52,24.8,68,20.5,1019.0,1.0,3.7,6,2341.5,0
2022-05-16 16:36:01,5,52,24.9,67,20.6,1018.9,1.7,3.7,4,2341.5,0
2022-05-16 16:41:01,5,51,25.0,66,20.6,1018.9,1.7,3.1,2,2341.5,0
2022-05-16 16:46:01,5,50,25.0,65,20.5,1018.9,1.4,2.7,8,2341.5,0
2022-05-16 16:51:01,5,50,25.0,66,20.4,1018.8,1.0,1.7,8,2341.5,0
2022-05-16 16:56:01,5,50,25.0,66,20.2,1018.9,0.3,2.0,4,2341.5,0
2022-05-16 17:01:01,5,50,25.1,66,20.1,1018.7,1.4,3.1,12,2341.5,0
2022-05-16 17:06:01,5,50,25.1,66,19.9,1018.8,0.7,1.7,5,2341.5,0
2022-05-16 17:11:01,5,50,25.1,66,19.8,1018.9,0.7,1.7,2,2341.5,0
2022-05-16 17:16:01,5,49,25.1,66,19.7,1018.8,1.4,2.7,10,2341.5,0
2022-05-16 17:21:01,5,49,25.1,66,19.7,1018.9,1.0,2.7,7,2341.5,0
2022-05-16 17:26:01,5,49,25.2,66,19.6,1018.9,1.0,2.7,5,2341.5,0
2022-05-16 17:31:01,5,48,25.2,67,19.6,1019.0,1.0,2.0,10,2341.5,0
2022-05-16 17:36:01,5,48,25.2,67,19.5,1019.0,1.4,2.0,5,2341.5,0
2022-05-16 17:41:01,5,47,25.1,68,19.5,1019.1,0.7,1.7,5,2341.5,0
2022-05-16 17:46:01,5,47,25.1,68,19.5,1019.0,0.7,2.0,4,2341.5,0
2022-05-16 17:51:01,5,47,25.1,68,19.4,1019.2,1.0,1.7,3,2341.5,0
2022-05-16 17:56:01,5,46,25.0,68,19.3,1019.3,1.4,2.7,5,2341.5,0
2022-05-16 18:01:01,5,47,25.0,68,19.3,1019.3,0.3,0.7,4,2341.5,0
2022-05-16 18:06:01,5,48,24.9,68,19.3,1019.4,0.3,0.7,5,2341.5,0
2022-05-16 18:11:01,5,48,24.9,69,19.3,1019.4,0.3,1.0,3,2341.5,0
2022-05-16 18:16:01,5,48,24.8,69,19.3,1019.5,0.3,1.0,6,2341.5,0
2022-05-16 18:21:01,5,48,24.7,69,19.2,1019.7,1.0,1.7,4,2341.5,0
2022-05-16 18:26:01,5,48,24.7,69,19.1,1019.7,0.7,1.7,4,2341.5,0
2022-05-16 18:31:01,5,48,24.7,70,19.1,1019.8,0.7,1.7,0,2341.5,0
2022-05-16 18:36:01,5,48,24.6,70,19.0,1019.9,0.7,2.0,6,2341.5,0
2022-05-16 18:41:01,5,48,24.5,70,19.0,1020.0,0.7,1.0,6,2341.5,0
2022-05-16 18:46:01,5,48,24.5,70,18.8,1020.1,0.3,1.0,7,2341.5,0
2022-05-16 18:51:01,5,48,24.4,70,18.8,1020.2,0.3,1.0,7,2341.5,0
2022-05-16 18:56:01,5,48,24.4,71,18.8,1020.3,0.3,1.0,5,2341.5,0
2022-05-16 19:01:01,5,49,24.3,71,18.7,1020.3,0.0,0.7,5,2341.5,0
2022-05-16 19:06:01,5,49,24.3,72,18.6,1020.4,1.0,2.0,7,2341.5,0
2022-05-16 19:11:01,5,49,24.2,72,18.5,1020.6,0.0,0.7,5,2341.5,0
2022-05-16 19:16:01,5,49,24.2,72,18.4,1020.7,0.0,0.7,6,2341.5,0
2022-05-16 19:21:01,5,49,24.1,73,18.3,1020.7,0.3,1.0,7,2341.5,0
2022-05-16 19:26:01,5,49,24.1,73,18.2,1020.9,0.0,0.7,5,2341.5,0
2022-05-16 19:31:01,5,49,24.1,73,18.1,1021.0,0.0,0.7,4,2341.5,0
2022-05-16 19:36:01,5,49,24.0,74,18.0,1021.1,0.0,0.0,4,2341.5,0
2022-05-16 19:41:01,5,50,24.0,74,17.9,1021.2,0.0,0.7,4,2341.5,0
2022-05-16 19:46:01,5,51,23.9,75,17.8,1021.3,1.0,1.7,6,2341.5,0
2022-05-16 19:51:01,5,51,23.8,75,17.8,1021.4,0.0,0.0,6,2341.5,0
2022-05-16 19:56:01,5,51,23.8,75,17.6,1021.4,0.3,0.7,6,2341.5,0
2022-05-16 20:01:01,5,51,23.8,75,17.6,1021.5,0.0,0.7,6,2341.5,0
2022-05-16 20:06:01,5,51,23.8,76,17.6,1021.7,0.0,0.0,9,2341.5,0
2022-05-16 20:11:01,5,52,23.7,76,17.5,1021.6,0.3,1.7,5,2341.5,0
2022-05-16 20:16:01,5,52,23.7,76,17.4,1021.6,0.0,0.0,5,2341.5,0
2022-05-16 20:21:01,5,52,23.7,77,17.2,1021.9,0.0,0.0,5,2341.5,0
2022-05-16 20:26:01,5,52,23.7,78,17.1,1022.0,0.0,0.0,5,2341.5,0
2022-05-16 20:31:01,5,52,23.6,78,17.0,1021.9,0.0,0.0,5,2341.5,0
2022-05-16 20:36:01,5,52,23.6,78,17.0,1022.0,0.0,0.0,6,2341.5,0
2022-05-16 20:41:01,5,52,23.6,78,17.0,1022.1,0.0,0.7,6,2341.5,0
2022-05-16 20:46:01,5,52,23.6,78,17.0,1022.1,0.3,1.0,5,2341.5,0
2022-05-16 20:51:01,5,52,23.6,78,17.0,1022.1,0.3,0.7,6,2341.5,0
2022-05-16 20:56:01,5,53,23.5,79,16.9,1022.1,0.0,0.7,5,2341.5,0
2022-05-16 21:01:01,5,53,23.4,79,16.9,1022.1,0.0,0.0,6,2341.5,0
2022-05-16 21:06:01,5,53,23.4,79,16.8,1022.2,0.0,0.7,5,2341.5,0
2022-05-16 21:11:01,5,53,23.4,79,16.8,1022.2,0.0,0.0,7,2341.5,0
2022-05-16 21:16:01,5,52,23.4,80,16.7,1022.2,0.3,0.7,7,2341.5,0
2022-05-16 21:21:01,5,52,23.4,80,16.7,1022.2,0.3,0.7,6,2341.5,0
2022-05-16 21:26:01,5,52,23.4,80,16.6,1022.3,0.0,0.0,7,2341.5,0
2022-05-16 21:31:01,5,52,23.3,80,16.5,1022.4,0.0,0.0,7,2341.5,0
2022-05-16 21:36:01,5,52,23.3,80,16.5,1022.4,0.0,0.0,6,2341.5,0
2022-05-16 21:41:01,5,52,23.1,81,16.4,1022.5,0.0,1.0,5,2341.5,0
2022-05-16 21:46:01,5,52,23.1,81,16.4,1022.5,0.0,0.0,6,2341.5,0
2022-05-16 21:51:01,5,52,23.1,81,16.3,1022.6,0.0,0.0,6,2341.5,0
2022-05-16 21:56:01,5,52,23.0,81,16.3,1022.5,0.0,0.0,7,2341.5,0
2022-05-16 22:01:01,5,52,23.0,81,16.2,1022.7,0.0,0.0,7,2341.5,0
2022-05-16 22:06:01,5,50,22.9,82,16.1,1022.8,0.0,0.0,7,2341.5,0
2022-05-16 22:11:01,5,50,22.9,82,15.9,1022.8,0.0,0.0,7,2341.5,0
2022-05-16 22:16:01,5,50,22.7,83,15.7,1022.8,0.0,0.0,7,2341.5,0
2022-05-16 22:21:01,5,50,22.7,83,15.6,1022.9,0.0,0.0,7,2341.5,0
2022-05-16 22:26:01,5,50,22.6,84,15.6,1023.1,0.0,0.0,7,2341.5,0
2022-05-16 22:31:01,5,50,22.6,84,15.5,1023.0,0.0,0.0,6,2341.5,0
2022-05-16 22:36:01,5,50,22.5,84,15.4,1023.2,0.0,0.0,6,2341.5,0
2022-05-16 22:41:01,5,51,22.5,84,15.3,1023.4,0.0,0.0,6,2341.5,0
2022-05-16 22:46:01,5,51,22.4,85,15.2,1023.5,0.0,0.0,6,2341.5,0
2022-05-16 22:51:01,5,51,22.3,85,15.1,1023.5,0.0,0.0,6,2341.5,0
2022-05-16 22:56:01,5,51,22.3,85,15.0,1023.6,0.0,0.0,6,2341.5,0
2022-05-16 23:01:01,5,51,22.2,86,15.0,1023.5,0.0,0.0,6,2341.5,0
2022-05-16 23:06:01,5,52,22.2,86,14.9,1023.7,0,0,6,2341.5,0
2022-05-16 23:11:01,5,52,22.2,86,14.9,1023.7,0,0,6,2341.5,0
2022-05-16 23:16:01,5,53,22.2,86,14.8,1023.6,0,0,6,2341.5,0
2022-05-16 23:21:01,5,53,22.2,87,14.8,1023.7,0,0,6,2341.5,0
2022-05-16 23:26:01,5,53,22.2,87,14.8,1023.7,0,0,6,2341.5,0
2022-05-16 23:31:01,5,54,22.2,87,14.8,1023.7,0,0,6,2341.5,0
2022-05-16 23:36:01,5,54,22.2,87,14.8,1023.7,0,0,6,2341.5,0
2022-05-16 23:41:01,5,54,22.2,87,14.9,1023.7,0,0,7,2341.5,0
2022-05-16 23:46:01,5,54,22.2,87,14.8,1023.6,0,0,7,2341.5,0
2022-05-16 23:51:01,5,54,22.2,87,14.7,1023.5,0,0,7,2341.5,0
2022-05-16 23:56:01,5,54,22.2,87,14.7,1023.8,0,0,7,2341.5,0
