2024-10-28 00:03:01,5,55,19.3,98,10.8,1029.1,2.0,2.0,8,5425.5,0
2024-10-28 00:08:01,5,55,19.3,98,10.6,1029.1,1.4,2.0,7,5425.5,0
2024-10-28 00:13:01,5,55,19.3,98,10.4,1029.1,1.0,1.7,5,5425.5,0
2024-10-28 00:18:01,5,54,19.3,98,10.3,1028.9,0.7,1.7,6,5425.5,0
2024-10-28 00:23:01,5,54,19.3,98,10.3,1028.9,1.0,2.0,7,5425.5,0
2024-10-28 00:28:01,5,54,19.2,99,10.4,1028.9,2.0,3.1,9,5425.5,0
2024-10-28 00:33:01,5,54,19.2,98,10.3,1028.9,1.7,2.0,10,5425.5,0
2024-10-28 00:38:01,5,54,19.2,99,10.4,1029.0,1.4,2.7,7,5425.5,0
2024-10-28 00:43:01,5,54,19.2,99,10.4,1029.0,1.4,2.0,8,5425.5,0
2024-10-28 00:48:01,5,54,19.3,98,10.4,1029.0,1.7,2.0,8,5425.5,0
2024-10-28 00:53:01,5,54,19.3,98,10.4,1028.9,1.4,2.0,7,5425.5,0
2024-10-28 00:58:01,5,54,19.3,98,10.4,1028.8,2.0,2.7,8,5425.5,0
2024-10-28 01:03:01,5,54,19.3,98,10.4,1028.6,1.7,2.7,9,5425.5,0
2024-10-28 01:08:01,5,54,19.3,98,10.4,1028.7,1.4,1.7,8,5425.5,0
2024-10-28 01:13:01,5,54,19.3,98,10.5,1028.6,2.0,3.1,8,5425.5,0
2024-10-28 01:18:01,5,54,19.3,98,10.6,1028.7,2.4,3.7,7,5425.5,0
2024-10-28 01:23:01,5,54,19.3,98,10.5,1028.6,2.0,3.1,10,5425.5,0
2024-10-28 01:28:01,5,54,19.3,98,10.5,1028.6,1.4,2.0,7,5425.5,0
2024-10-28 01:33:01,5,54,19.3,98,10.6,1028.6,1.4,2.0,10,5425.5,0
2024-10-28 01:38:01,5,54,19.3,98,10.6,1028.5,1.4,1.7,11,5425.5,0
2024-10-28 01:43:01,5,54,19.3,98,10.7,1028.4,1.7,2.7,7,5425.5,0
2024-10-28 01:48:01,5,54,19.3,98,10.6,1028.3,0.7,1.0,7,5425.5,0
2024-10-28 01:53:01,5,54,19.3,98,10.4,1028.4,1.0,1.7,6,5425.5,0
2024-10-28 01:58:01,5,54,19.3,98,10.4,1028.2,1.0,1.7,4,5425.5,0
2024-10-28 02:03:01,5,54,19.3,98,10.4,1028.2,1.0,1.7,7,5425.5,0
2024-10-28 02:08:01,5,54,19.3,98,10.6,1028.2,1.4,2.0,7,5425.5,0
2024-10-28 02:13:01,5,54,19.3,98,10.7,1028.1,1.4,2.0,8,5425.5,0
2024-10-28 02:18:01,5,54,19.3,98,10.8,1028.2,1.0,1.7,7,5425.5,0
2024-10-28 02:23:01,5,54,19.3,97,10.9,1028.0,2.0,2.7,10,5425.5,0
2024-10-28 02:28:01,5,54,19.3,97,10.9,1028.0,3.4,4.8,10,5425.5,0
2024-10-28 02:33:01,5,54,19.3,96,11.0,1028.0,2.7,4.1,8,5425.5,0
2024-10-28 02:38:01,5,54,19.3,95,11.1,1028.0,2.4,3.7,9,5425.5,0
2024-10-28 02:43:01,5,54,19.3,95,11.0,1028.0,2.0,2.7,10,5425.5,0
2024-10-28 02:48:01,5,54,19.3,95,10.9,1028.1,1.4,2.0,9,5425.5,0
2024-10-28 02:53:01,5,54,19.3,96,10.7,1028.1,1.0,1.7,10,5425.5,0
2024-10-28 02:58:01,5,54,19.3,96,10.7,1028.0,2.4,3.1,11,5425.5,0
2024-10-28 03:03:01,5,54,19.3,96,10.5,1027.9,1.7,2.7,9,5425.5,0
2024-10-28 03:08:01,5,54,19.3,97,10.5,1028.0,1.7,2.0,9,5425.5,0
2024-10-28 03:13:01,5,53,19.3,97,10.4,1028.0,1.0,1.7,7,5425.5,0
2024-10-28 03:18:01,5,53,19.3,97,10.5,1028.1,2.0,2.7,7,5425.5,0
2024-10-28 03:23:01,5,53,19.3,97,10.4,1028.0,2.0,2.7,9,5425.5,0
2024-10-28 03:28:01,5,53,19.3,97,10.4,1027.8,2.4,3.7,9,5425.5,0
2024-10-28 03:33:01,5,53,19.3,97,10.4,1028.0,2.4,4.1,7,5425.5,0
2024-10-28 03:38:01,5,53,19.3,97,10.4,1027.9,1.7,2.0,9,5425.5,0
2024-10-28 03:43:01,5,53,19.3,97,10.4,1028.0,3.1,4.1,11,5425.5,0
2024-10-28 03:48:01,5,53,19.3,97,10.4,1027.9,2.4,3.1,8,5425.5,0
2024-10-28 03:53:01,5,53,19.3,97,10.5,1028.0,2.4,3.7,7,5425.5,0
2024-10-28 03:58:01,5,53,19.3,97,10.5,1027.8,3.1,4.8,9,5425.5,0
2024-10-28 04:03:01,5,53,19.3,97,10.5,1028.0,2.4,3.7,10,5425.5,0
2024-10-28 04:08:01,5,53,19.3,96,10.5,1028.0,2.4,3.1,9,5425.5,0
2024-10-28 04:13:01,5,53,19.3,96,10.6,1027.8,2.0,3.1,9,5425.5,0
2024-10-28 04:18:01,5,53,19.3,96,10.6,1027.9,2.4,3.7,8,5425.5,0
2024-10-28 04:23:01,5,53,19.3,95,10.6,1027.8,2.4,3.1,7,5425.5,0
2024-10-28 04:28:01,5,53,19.3,95,10.6,1027.7,3.1,4.1,8,5425.5,0
2024-10-28 04:33:01,5,53,19.3,95,10.7,1027.6,3.4,4.8,10,5425.5,0
2024-10-28 04:38:01,5,53,19.3,95,10.8,1027.6,3.4,4.8,8,5425.5,0
2024-10-28 04:43:01,5,53,19.3,95,10.8,1027.7,3.4,4.1,7,5425.5,0
2024-10-28 04:48:01,5,53,19.3,95,10.8,1027.8,2.4,3.1,9,5425.5,0
2024-10-28 04:53:01,5,53,19.3,95,10.9,1027.7,3.1,4.8,8,5425.5,0
2024-10-28 04:58:01,5,53,19.3,95,10.8,1027.6,4.1,5.1,8,5425.5,0
2024-10-28 05:03:01,5,53,19.3,95,10.9,1027.6,3.4,5.1,9,5425.5,0
2024-10-28 05:08:01,5,53,19.3,95,10.8,1027.6,2.0,3.1,8,5425.5,0
2024-10-28 05:13:01,5,53,19.3,95,10.9,1027.5,3.7,5.8,8,5425.5,0
2024-10-28 05:18:01,5,53,19.3,95,10.9,1027.7,2.4,3.1,11,5425.5,0
2024-10-28 05:23:01,5,53,19.3,95,10.9,1027.6,2.7,5.1,10,5425.5,0
2024-10-28 05:28:01,5,53,19.4,95,10.9,1027.5,4.1,5.8,8,5425.5,0
2024-10-28 05:33:01,5,53,19.3,95,10.9,1027.4,3.7,5.1,9,5425.5,0
2024-10-28 05:38:01,5,53,19.4,95,10.8,1027.5,3.1,5.1,9,5425.5,0
2024-10-28 05:43:01,5,54,19.5,95,10.8,1027.4,3.1,4.1,8,5425.5,0
2024-10-28 05:48:01,5,54,19.5,95,10.8,1027.3,3.4,4.8,9,5425.5,0
2024-10-28 05:53:01,5,54,19.5,95,10.8,1027.4,3.1,3.7,9,5425.5,0
2024-10-28 05:58:01,5,54,19.5,95,10.8,1027.3,3.4,4.8,9,5425.5,0
2024-10-28 06:03:01,5,54,19.5,95,10.8,1027.3,3.4,4.1,8,5425.5,0
2024-10-28 06:08:01,5,53,19.5,95,10.8,1027.4,3.4,4.1,6,5425.5,0
2024-10-28 06:13:01,5,53,19.5,95,10.8,1027.4,2.7,3.7,8,5425.5,0
2024-10-28 06:18:01,5,53,19.5,95,10.8,1027.5,3.4,4.8,9,5425.5,0
2024-10-28 06:23:01,5,53,19.5,95,10.8,1027.5,3.1,4.1,9,5425.5,0
2024-10-28 06:28:01,5,53,19.5,96,10.8,1027.4,3.4,4.1,9,5425.5,0
2024-10-28 06:33:01,5,53,19.5,96,10.8,1027.4,2.7,3.7,11,5425.5,0
2024-10-28 06:38:01,5,53,19.5,96,10.7,1027.4,3.4,4.8,9,5425.5,0
2024-10-28 06:43:01,5,53,19.5,96,10.6,1027.5,3.7,4.8,11,5425.5,0
2024-10-28 06:48:01,5,53,19.4,96,10.6,1027.5,3.1,3.7,10,5425.5,0
2024-10-28 06:53:01,5,53,19.3,96,10.7,1027.6,2.7,4.1,9,5425.5,0
2024-10-28 06:58:01,5,53,19.3,96,10.8,1027.5,2.7,3.7,9,5425.5,0
2024-10-28 07:03:01,5,53,19.3,96,10.9,1027.6,2.4,3.1,9,5425.5,0
2024-10-28 07:08:01,5,53,19.3,96,10.9,1027.7,2.7,3.1,9,5425.5,0
2024-10-28 07:13:01,5,53,19.3,96,10.9,1027.6,2.7,4.1,6,5425.5,0
2024-10-28 07:18:01,5,53,19.3,96,10.9,1027.6,3.4,4.1,9,5425.5,0
2024-10-28 07:23:01,5,54,19.3,96,11.0,1027.7,2.7,4.1,10,5425.5,0
2024-10-28 07:28:01,5,54,19.3,96,11.0,1027.7,2.7,3.7,8,5425.5,0
2024-10-28 07:33:01,5,54,19.5,95,11.1,1027.7,3.1,3.7,9,5425.5,0
2024-10-28 07:38:01,5,54,19.5,95,11.2,1027.8,2.7,3.7,10,5425.5,0
2024-10-28 07:43:01,5,54,19.5,95,11.3,1027.6,3.7,5.1,9,5425.5,0
2024-10-28 07:48:01,5,54,19.5,94,11.4,1027.7,3.4,4.8,10,5425.5,0
2024-10-28 07:53:01,5,54,19.6,94,11.5,1027.7,3.4,4.1,10,5425.5,0
2024-10-28 07:58:01,5,54,19.6,94,11.7,1027.8,2.7,3.7,8,5425.5,0
2024-10-28 08:03:01,5,54,19.6,94,11.7,1027.8,3.1,4.1,8,5425.5,0
2024-10-28 08:08:01,5,54,19.6,93,11.7,1027.8,4.4,5.8,10,5425.5,0
2024-10-28 08:13:01,5,54,19.7,93,11.9,1027.8,3.1,4.8,8,5425.5,0
2024-10-28 08:18:01,5,55,19.7,93,12.0,1027.6,2.4,3.7,8,5425.5,0
2024-10-28 08:23:01,5,56,19.7,93,12.1,1027.8,3.1,4.1,7,5425.5,0
2024-10-28 08:28:01,5,56,19.8,93,12.1,1027.8,4.4,6.8,9,5425.5,0
2024-10-28 08:33:01,5,57,19.8,93,12.1,1027.8,3.1,4.1,9,5425.5,0
2024-10-28 08:38:01,5,58,19.9,93,12.2,1027.7,3.7,5.1,8,5425.5,0
2024-10-28 08:43:01,5,57,20.6,93,12.4,1027.7,2.7,4.1,10,5425.5,0
2024-10-28 08:48:01,5,57,20.6,93,12.6,1027.6,3.1,4.8,8,5425.5,0
2024-10-28 08:53:01,5,57,19.9,93,12.8,1027.7,3.4,5.1,10,5425.5,0
2024-10-28 08:58:01,5,57,20.6,93,12.9,1027.7,3.4,4.8,7,5425.5,0
2024-10-28 09:03:01,5,57,20.7,93,13.0,1027.6,3.7,6.1,10,5425.5,0
2024-10-28 09:08:01,5,56,20.7,92,13.2,1027.7,4.8,6.8,11,5425.5,0
2024-10-28 09:13:01,5,56,20.7,92,13.2,1027.6,4.4,6.1,12,5425.5,0
2024-10-28 09:18:01,5,56,20.7,92,13.1,1027.6,5.4,7.8,12,5425.5,0
2024-10-28 09:23:01,5,56,20.7,92,13.0,1027.7,4.4,7.8,11,5425.5,0
2024-10-28 09:28:01,5,56,20.7,93,13.0,1027.7,2.7,3.7,14,5425.5,0
2024-10-28 09:33:01,5,56,20.7,94,12.9,1027.6,2.7,3.7,10,5425.5,0
2024-10-28 09:38:01,5,56,20.7,94,12.8,1027.7,3.4,5.1,10,5425.5,0
2024-10-28 09:43:01,5,56,20.0,94,12.9,1027.7,2.7,3.7,12,5425.5,0
2024-10-28 09:48:01,5,56,20.7,94,12.9,1027.7,3.1,5.8,14,5425.5,0
2024-10-28 09:53:01,5,56,20.7,94,13.0,1027.7,2.7,3.7,12,5425.5,0
2024-10-28 09:58:01,5,56,20.7,94,13.1,1027.6,3.1,4.8,9,5425.5,0
2024-10-28 10:03:01,5,56,20.7,94,13.1,1027.7,3.1,4.8,7,5425.5,0
2024-10-28 10:08:01,5,56,20.8,94,13.1,1027.6,3.7,5.1,10,5425.5,0
2024-10-28 10:13:01,5,56,20.8,94,13.1,1027.6,3.7,5.1,9,5425.5,0
2024-10-28 10:18:01,5,56,20.8,94,13.2,1027.7,4.4,6.1,11,5425.5,0
2024-10-28 10:23:01,5,56,20.8,94,13.3,1027.6,2.4,4.1,10,5425.5,0
2024-10-28 10:28:01,5,56,20.8,94,13.4,1027.6,4.1,6.1,8,5425.5,0
2024-10-28 10:33:01,5,56,20.8,93,13.6,1027.8,4.1,5.8,8,5425.5,0
2024-10-28 10:38:01,5,57,20.9,93,13.7,1027.5,3.7,7.8,9,5425.5,0
2024-10-28 10:43:01,5,57,20.9,93,13.7,1027.6,3.7,5.8,10,5425.5,0
2024-10-28 10:48:01,5,57,20.9,93,13.8,1027.7,3.1,4.1,12,5425.5,0
2024-10-28 10:53:01,5,57,20.9,93,13.9,1027.6,2.7,4.1,10,5425.5,0
2024-10-28 10:58:01,5,57,20.9,93,13.7,1027.5,4.4,5.8,11,5425.5,0
2024-10-28 11:03:01,5,57,20.9,94,13.7,1027.4,5.8,6.8,10,5425.5,0
2024-10-28 11:08:01,5,57,20.9,95,13.6,1027.4,3.1,5.1,10,5425.5,0
2024-10-28 11:13:01,5,57,20.9,95,13.6,1027.4,3.1,4.1,7,5425.5,0
2024-10-28 11:18:01,5,57,20.9,95,13.5,1027.2,4.4,5.8,11,5425.5,0
2024-10-28 11:23:01,5,57,20.9,96,13.5,1027.3,3.4,4.8,10,5425.8,0
2024-10-28 11:28:01,5,57,20.9,95,13.6,1027.2,3.4,5.1,8,5425.8,0
2024-10-28 11:33:01,5,58,20.9,95,13.6,1027.1,3.7,6.1,8,5425.8,0
2024-10-28 11:38:01,5,58,20.9,94,13.7,1027.2,2.7,3.7,9,5425.8,0
2024-10-28 11:43:01,5,58,20.9,94,13.8,1027.0,4.8,5.8,7,5425.8,0
2024-10-28 11:48:01,5,57,21.0,93,13.9,1027.0,3.7,5.1,10,5425.8,0
2024-10-28 11:53:01,5,57,21.0,93,13.8,1027.0,4.1,7.1,12,5425.8,0
2024-10-28 11:58:01,5,57,21.0,93,13.8,1027.1,3.1,4.1,12,5425.8,0
2024-10-28 12:03:01,5,57,21.0,93,13.9,1027.0,3.7,4.8,7,5425.8,0
2024-10-28 12:08:01,5,57,21.0,93,13.9,1027.2,3.4,5.8,8,5425.8,0
2024-10-28 12:13:01,5,57,21.0,92,14.0,1027.1,3.4,5.1,10,5425.8,0
2024-10-28 12:18:01,5,57,21.0,92,14.1,1027.1,2.7,3.7,9,5425.8,0
2024-10-28 12:23:01,5,57,21.0,92,14.1,1027.1,2.7,4.1,9,5425.8,0
2024-10-28 12:28:01,5,57,21.0,92,14.0,1027.1,5.1,7.8,12,5425.8,0
2024-10-28 12:33:01,5,58,21.0,91,14.2,1027.0,3.7,5.1,8,5425.8,0
2024-10-28 12:38:01,5,58,21.0,92,14.2,1027.0,2.7,3.7,9,5425.8,0
2024-10-28 12:43:01,5,58,21.0,91,14.2,1027.2,2.4,3.1,10,5425.8,0
2024-10-28 12:48:01,5,58,21.1,91,14.2,1027.0,2.7,3.7,9,5425.8,0
2024-10-28 12:53:01,5,58,21.0,91,14.2,1027.0,3.4,5.8,12,5425.8,0
2024-10-28 12:58:01,5,58,21.0,92,14.2,1027.0,4.4,7.8,9,5425.8,0
2024-10-28 13:03:01,5,58,21.0,92,14.2,1026.9,3.1,4.8,7,5425.8,0
2024-10-28 13:08:01,5,58,21.1,91,14.2,1026.8,4.1,6.8,7,5425.8,0
2024-10-28 13:13:01,5,58,21.1,91,14.3,1026.8,3.1,4.8,10,5425.8,0
2024-10-28 13:18:01,5,58,21.1,91,14.4,1026.8,3.7,5.8,9,5425.8,0
2024-10-28 13:23:01,5,58,21.1,91,14.4,1026.8,3.4,6.1,10,5425.8,0
2024-10-28 13:28:01,5,58,21.1,90,14.6,1026.7,3.7,5.1,8,5425.8,0
2024-10-28 13:33:01,5,58,21.1,90,14.6,1026.7,4.4,7.1,10,5425.8,0
2024-10-28 13:38:01,5,58,21.1,90,14.6,1026.7,4.1,6.1,8,5425.8,0
2024-10-28 13:43:01,5,58,21.1,90,14.7,1026.5,3.4,4.8,5,5425.8,0
2024-10-28 13:48:01,5,58,21.1,90,14.6,1026.5,4.1,5.8,9,5425.8,0
2024-10-28 13:53:01,5,58,21.1,90,14.8,1026.5,3.4,5.8,12,5425.8,0
2024-10-28 13:58:01,5,58,21.1,89,14.8,1026.6,5.1,6.1,10,5425.8,0
2024-10-28 14:03:01,5,58,21.1,89,14.7,1026.5,4.8,7.8,11,5425.8,0
2024-10-28 14:08:01,5,58,21.1,89,14.8,1026.5,3.7,6.1,11,5425.8,0
2024-10-28 14:13:01,5,58,21.1,90,14.7,1026.5,3.1,4.1,14,5425.8,0
2024-10-28 14:18:01,5,58,21.1,90,14.7,1026.6,3.1,4.8,10,5425.8,0
2024-10-28 14:23:01,5,58,21.1,90,14.6,1026.4,3.1,4.1,15,5425.8,0
2024-10-28 14:28:01,5,58,21.1,90,14.7,1026.4,2.7,4.1,10,5425.8,0
2024-10-28 14:33:01,5,58,21.1,89,14.9,1026.3,4.4,5.8,8,5425.8,0
2024-10-28 14:38:01,5,58,21.1,89,14.9,1026.4,3.7,6.1,8,5425.8,0
2024-10-28 14:43:01,5,58,21.1,89,14.9,1026.2,2.0,3.7,12,5425.8,0
2024-10-28 14:48:01,5,58,21.1,88,15.2,1026.4,4.8,6.1,13,5425.8,0
2024-10-28 14:53:01,5,58,21.1,88,15.1,1026.4,3.4,5.8,12,5425.8,0
2024-10-28 14:58:01,5,58,21.2,88,15.0,1026.4,5.1,7.1,8,5425.8,0
2024-10-28 15:03:01,5,58,21.2,88,14.9,1026.3,4.4,5.1,9,5425.8,0
2024-10-28 15:08:01,5,57,21.2,88,14.9,1026.3,3.4,5.8,11,5425.8,0
2024-10-28 15:13:01,5,57,21.2,88,14.9,1026.3,3.7,5.8,11,5425.8,0
2024-10-28 15:18:01,5,57,21.2,88,14.9,1026.2,3.4,6.8,11,5425.8,0
2024-10-28 15:23:01,5,57,21.2,88,14.9,1026.3,3.7,5.1,10,5425.8,0
2024-10-28 15:28:01,5,57,21.2,88,14.9,1026.1,2.7,3.7,9,5425.8,0
2024-10-28 15:33:01,5,57,21.2,88,14.9,1026.3,2.7,3.7,10,5425.8,0
2024-10-28 15:38:01,5,57,21.2,87,14.9,1026.2,4.1,6.8,11,5425.8,0
2024-10-28 15:43:01,5,57,21.2,88,14.8,1026.3,3.4,4.8,10,5425.8,0
2024-10-28 15:48:01,5,57,21.1,88,14.8,1026.2,3.4,4.8,10,5425.8,0
2024-10-28 15:53:01,5,57,21.1,87,14.8,1026.2,4.1,6.1,11,5425.8,0
2024-10-28 15:58:01,5,57,21.1,87,14.8,1026.1,4.8,6.1,7,5425.8,0
2024-10-28 16:03:01,5,57,21.1,87,14.8,1026.3,2.7,4.8,9,5425.8,0
2024-10-28 16:08:01,5,56,21.2,87,14.8,1026.2,2.7,4.1,8,5425.8,0
2024-10-28 16:13:01,5,56,21.2,87,14.7,1026.3,3.7,5.8,9,5425.8,0
2024-10-28 16:18:01,5,56,21.1,88,14.6,1026.1,2.7,3.7,9,5425.8,0
2024-10-28 16:23:01,5,56,21.1,88,14.5,1026.2,4.1,5.8,9,5425.8,0
2024-10-28 16:28:01,5,57,21.1,88,14.5,1026.2,3.7,6.1,8,5425.8,0
2024-10-28 16:33:01,5,57,21.1,89,14.4,1026.3,2.7,3.1,7,5425.8,0
2024-10-28 16:38:01,5,57,21.1,89,14.3,1026.3,2.4,3.1,10,5425.8,0
2024-10-28 16:43:01,5,57,21.1,89,14.3,1026.3,2.4,3.7,10,5425.8,0
2024-10-28 16:48:01,5,58,21.1,89,14.3,1026.4,3.7,4.8,8,5425.8,0
2024-10-28 16:53:01,5,58,21.1,89,14.2,1026.4,2.4,3.1,7,5425.8,0
2024-10-28 16:58:01,5,58,21.1,89,14.2,1026.4,2.7,4.1,8,5425.8,0
2024-10-28 17:03:01,5,58,21.1,89,14.2,1026.4,2.4,3.1,9,5425.8,0
2024-10-28 17:08:01,5,58,21.1,90,14.1,1026.4,2.0,2.7,8,5425.8,0
2024-10-28 17:13:01,5,58,21.1,89,14.2,1026.6,2.4,3.7,10,5425.8,0
2024-10-28 17:18:01,5,58,21.1,89,14.2,1026.6,2.4,3.7,11,5425.8,0
2024-10-28 17:23:01,5,58,21.1,89,14.2,1026.7,3.1,3.7,8,5425.8,0
2024-10-28 17:28:01,5,58,21.1,89,14.2,1026.7,2.7,4.8,11,5425.8,0
2024-10-28 17:33:01,5,58,21.1,89,14.2,1026.7,2.0,2.7,10,5425.8,0
2024-10-28 17:38:01,5,57,21.1,89,14.2,1026.7,2.7,3.7,10,5425.8,0
2024-10-28 17:43:01,5,57,21.1,89,14.2,1026.7,3.4,6.1,10,5425.8,0
2024-10-28 17:48:01,5,57,21.1,89,14.2,1026.7,3.7,4.8,8,5425.8,0
2024-10-28 17:53:01,5,57,21.1,89,14.2,1026.6,3.1,4.8,9,5425.8,0
2024-10-28 17:58:01,5,57,21.1,89,14.1,1026.6,3.1,4.8,8,5425.8,0
2024-10-28 18:03:01,5,57,21.1,89,14.1,1026.8,2.7,5.8,10,5425.8,0
2024-10-28 18:08:01,5,57,21.1,89,14.1,1026.9,3.1,4.1,10,5425.8,0
2024-10-28 18:13:01,5,57,21.1,89,14.0,1026.7,3.7,6.1,8,5425.8,0
2024-10-28 18:18:01,5,57,21.1,89,14.0,1026.8,2.7,4.1,8,5425.8,0
2024-10-28 18:23:01,5,57,21.1,89,14.0,1027.0,3.7,4.8,9,5425.8,0
2024-10-28 18:28:01,5,57,21.2,89,14.0,1027.0,2.4,3.7,8,5425.8,0
2024-10-28 18:33:01,5,58,21.2,89,14.0,1026.9,2.7,4.1,10,5425.8,0
2024-10-28 18:38:01,5,58,21.2,90,13.9,1026.9,2.7,3.7,10,5425.8,0
2024-10-28 18:43:01,5,58,21.3,90,13.9,1027.0,3.4,5.8,9,5425.8,0
2024-10-28 18:48:01,5,59,21.3,90,13.9,1027.0,3.7,4.8,11,5425.8,0
2024-10-28 18:53:01,5,59,21.3,90,13.9,1027.0,4.1,6.8,10,5425.8,0
2024-10-28 18:58:01,5,59,21.3,90,13.9,1026.9,2.7,5.1,10,5425.8,0
2024-10-28 19:03:01,5,59,21.3,90,13.9,1026.8,3.7,5.1,10,5425.8,0
2024-10-28 19:08:01,5,59,21.4,90,13.9,1026.8,2.0,3.7,11,5425.8,0
2024-10-28 19:13:01,5,59,21.5,90,13.8,1026.8,2.7,4.1,11,5425.8,0
2024-10-28 19:18:01,5,59,21.5,90,13.8,1026.7,3.1,5.1,10,5425.8,0
2024-10-28 19:23:01,5,59,21.5,90,13.8,1026.8,2.7,3.7,11,5425.8,0
2024-10-28 19:28:01,5,59,21.5,90,13.8,1026.7,4.4,5.8,7,5425.8,0
2024-10-28 19:33:01,5,58,21.5,90,13.8,1026.7,3.1,4.1,12,5425.8,0
2024-10-28 19:38:01,5,58,21.5,90,13.8,1026.7,3.7,6.1,11,5425.8,0
2024-10-28 19:43:01,5,58,21.5,91,13.7,1026.9,2.7,4.1,10,5425.8,0
2024-10-28 19:48:01,5,58,21.5,92,13.6,1026.7,4.4,5.8,9,5425.8,0
2024-10-28 19:53:01,5,58,21.5,93,13.5,1026.7,3.7,6.1,11,5425.8,0
2024-10-28 19:58:01,5,58,21.5,92,13.5,1026.9,2.7,4.1,11,5425.8,0
2024-10-28 20:03:01,5,57,21.5,92,13.6,1026.8,2.7,4.1,9,5425.8,0
2024-10-28 20:08:01,5,57,21.5,92,13.6,1026.8,3.7,5.8,9,5425.8,0
2024-10-28 20:13:01,5,57,21.5,92,13.6,1026.9,3.7,5.1,11,5425.8,0
2024-10-28 20:18:01,5,57,21.5,92,13.6,1027.0,3.1,4.8,11,5425.8,0
2024-10-28 20:23:01,5,57,21.5,92,13.5,1026.9,3.1,4.1,10,5425.8,0
2024-10-28 20:28:01,5,57,21.5,93,13.5,1026.9,3.1,4.8,9,5425.8,0
2024-10-28 20:33:01,5,57,21.5,93,13.5,1026.8,3.7,5.1,12,5425.8,0
2024-10-28 20:38:01,5,57,21.5,94,13.3,1026.9,3.4,5.1,12,5425.8,0
2024-10-28 20:43:01,5,57,21.5,95,13.2,1027.0,3.1,4.1,9,5425.8,0
2024-10-28 20:48:01,5,57,21.5,96,13.1,1027.1,3.7,5.1,8,5425.8,0
2024-10-28 20:53:01,5,57,21.5,96,13.1,1027.0,2.7,4.1,12,5425.8,0
2024-10-28 20:58:01,5,57,21.5,96,13.1,1026.9,2.4,3.7,8,5425.8,0
2024-10-28 21:03:01,5,57,21.5,96,13.1,1027.1,3.7,5.8,7,5425.8,0
2024-10-28 21:08:01,5,57,21.5,96,13.1,1027.0,2.7,4.8,9,5425.8,0
2024-10-28 21:13:01,5,57,21.5,96,13.2,1027.0,3.1,4.8,12,5425.8,0
2024-10-28 21:18:01,5,57,21.6,96,13.1,1026.9,3.1,4.8,10,5425.8,0
2024-10-28 21:23:01,5,57,21.6,97,13.0,1026.9,3.4,5.1,9,5425.8,0
2024-10-28 21:28:01,5,57,21.6,98,13.0,1026.9,4.1,5.1,10,5425.8,0
2024-10-28 21:33:01,5,57,21.6,98,12.9,1026.8,3.4,4.8,8,5425.8,0
2024-10-28 21:38:01,5,57,21.6,99,12.9,1026.9,3.1,6.1,9,5425.8,0
2024-10-28 21:43:01,5,57,21.6,99,12.8,1026.9,3.7,5.1,9,5425.8,0
2024-10-28 21:48:01,5,57,21.6,99,12.8,1026.7,3.7,4.8,8,5425.8,0
2024-10-28 21:53:01,5,57,21.7,99,12.8,1026.8,3.4,5.1,10,5425.8,0
2024-10-28 21:58:01,5,58,21.7,99,12.8,1026.9,2.4,3.1,9,5425.8,0
2024-10-28 22:03:01,5,58,21.7,99,12.7,1026.9,4.4,5.8,9,5425.8,0
2024-10-28 22:08:01,5,58,21.7,99,12.7,1026.8,4.8,7.8,11,5425.8,0
2024-10-28 22:13:01,5,57,21.7,99,12.8,1026.8,3.7,5.1,5,5425.8,0
2024-10-28 22:18:01,5,57,21.7,98,12.8,1026.8,4.1,5.1,9,5425.8,0
2024-10-28 22:23:01,5,57,21.6,98,12.9,1026.7,4.1,5.1,9,5425.8,0
2024-10-28 22:28:01,5,57,21.6,99,12.9,1026.8,3.1,4.8,11,5425.8,0
2024-10-28 22:33:01,5,57,21.6,98,13.0,1026.9,3.1,4.8,9,5425.8,0
2024-10-28 22:38:01,5,57,21.5,98,13.0,1027.1,4.8,6.8,10,5425.8,0
2024-10-28 22:43:01,5,57,21.5,98,13.0,1027.0,3.1,4.8,9,5425.8,0
2024-10-28 22:48:01,5,57,21.5,98,13.0,1027.1,3.1,4.1,8,5425.8,0
2024-10-28 22:53:01,5,57,21.5,98,13.0,1027.1,2.4,3.1,10,5425.8,0
2024-10-28 22:58:01,5,57,21.4,98,13.0,1027.3,2.4,3.1,9,5425.8,0
2024-10-28 23:03:01,5,57,21.3,98,13.0,1027.2,2.0,3.1,11,5425.8,0
2024-10-28 23:08:01,5,57,21.3,99,13.0,1027.2,2.7,3.7,7,5425.8,0
2024-10-28 23:13:01,5,57,21.3,99,13.0,1027.3,2.7,4.1,6,5425.8,0
2024-10-28 23:18:01,5,57,21.3,99,13.1,1027.3,3.1,4.8,10,5425.8,0
2024-10-28 23:23:01,5,57,21.3,99,13.0,1027.4,3.4,5.8,7,5425.8,0
2024-10-28 23:28:01,5,58,21.2,99,13.1,1027.3,3.1,5.1,9,5425.8,0
2024-10-28 23:33:01,5,58,21.3,99,13.1,1027.5,3.1,4.1,9,5425.8,0
2024-10-28 23:38:01,5,58,21.2,99,13.1,1027.5,2.4,3.1,8,5425.8,0
2024-10-28 23:43:01,5,58,21.2,99,13.1,1027.4,3.7,5.1,10,5425.8,0
2024-10-28 23:48:01,5,58,21.2,99,13.1,1027.4,3.1,4.8,11,5425.8,0
2024-10-28 23:53:01,5,58,21.2,99,13.1,1027.3,2.0,3.1,11,5425.8,0
2024-10-28 23:58:01,5,58,21.2,99,13.1,1027.3,3.7,4.8,8,5425.8,0
