2020-09-19 00:00:17,5,54,21.8,71,12.9,1025.0,0.3,0.7,2,497.1,0
2020-09-19 00:06:01,5,54,21.7,71,12.9,1024.9,0.3,0.7,2,497.1,0
2020-09-19 00:11:01,5,54,21.7,72,12.8,1025.0,0.3,1.0,3,497.1,0
2020-09-19 00:16:01,5,55,21.7,72,12.8,1025.0,0.0,0.7,2,497.1,0
2020-09-19 00:21:01,5,55,21.7,72,12.7,1024.8,0.0,0.7,1,497.1,0
2020-09-19 00:26:01,5,55,21.7,72,12.7,1024.9,0.0,0.7,9,497.1,0
2020-09-19 00:31:01,5,55,21.6,72,12.6,1024.9,0.0,0.0,2,497.1,0
2020-09-19 00:36:01,5,55,21.6,72,12.5,1024.7,0.0,0.0,2,497.1,0
2020-09-19 00:41:01,5,55,21.6,72,12.5,1024.8,0.0,0.7,6,497.1,0
2020-09-19 00:46:01,5,55,21.5,72,12.4,1024.7,0.0,0.7,4,497.1,0
2020-09-19 00:51:01,5,55,21.5,72,12.5,1024.9,0.3,1.0,12,497.1,0
2020-09-19 00:56:01,5,55,21.5,72,12.5,1024.7,0.3,1.0,15,497.1,0
2020-09-19 01:01:01,5,55,21.5,72,12.4,1024.9,0.7,1.7,13,497.1,0
2020-09-19 01:06:00,5,55,21.5,72,12.4,1024.7,0.0,0.7,0,497.1,0
2020-09-19 01:11:00,5,55,21.5,72,12.4,1024.7,0.0,0.7,1,497.1,0
2020-09-19 01:16:00,5,55,21.5,71,12.5,1024.7,0.0,0.7,3,497.1,0
2020-09-19 01:21:00,5,55,21.4,71,12.4,1024.7,0.0,0.7,4,497.1,0
2020-09-19 01:26:00,5,55,21.4,71,12.4,1024.6,0.3,1.7,13,497.1,0
2020-09-19 01:31:00,5,55,21.4,71,12.4,1024.8,0.7,1.7,14,497.1,0
2020-09-19 01:36:00,5,55,21.4,71,12.3,1024.7,0.0,0.0,10,497.1,0
2020-09-19 01:41:00,5,55,21.3,72,12.2,1024.6,0.0,0.7,4,497.1,0
2020-09-19 01:46:00,5,55,21.3,72,12.1,1024.6,0.0,0.0,4,497.1,0
2020-09-19 01:51:00,5,55,21.3,72,12.1,1024.5,0.0,0.0,4,497.1,0
2020-09-19 01:56:00,5,55,21.3,72,12.0,1024.6,0.0,0.0,4,497.1,0
2020-09-19 02:01:00,5,55,21.3,73,11.9,1024.5,0.0,0.7,9,497.1,0
2020-09-19 02:06:00,5,55,21.3,73,11.8,1024.4,0.0,0.0,10,497.1,0
2020-09-19 02:11:00,5,55,21.3,74,11.7,1024.4,0.0,0.0,9,497.1,0
2020-09-19 02:16:00,5,55,21.2,74,11.7,1024.4,0.0,0.0,5,497.1,0
2020-09-19 02:21:00,5,55,21.2,75,11.6,1024.4,0.0,0.0,5,497.1,0
2020-09-19 02:26:00,5,55,21.2,76,11.4,1024.4,0.0,0.0,4,497.1,0
2020-09-19 02:31:00,5,55,21.2,76,11.5,1024.6,0.0,0.0,0,497.1,0
2020-09-19 02:36:00,5,55,21.2,75,11.4,1024.3,0.0,0.0,3,497.1,0
2020-09-19 02:41:00,5,55,21.2,75,11.5,1024.4,0.0,0.0,3,497.1,0
2020-09-19 02:46:00,5,55,21.1,75,11.6,1024.3,0.0,0.7,3,497.1,0
2020-09-19 02:51:00,5,55,21.1,74,11.7,1024.2,0.0,0.0,4,497.1,0
2020-09-19 02:56:00,5,55,21.1,74,11.7,1024.2,0.0,0.0,3,497.1,0
2020-09-19 03:01:00,5,55,21.1,74,11.6,1024.2,0.0,0.0,3,497.1,0
2020-09-19 03:06:00,5,55,21.1,74,11.5,1024.2,0.0,0.7,3,497.1,0
2020-09-19 03:11:00,5,55,21.1,75,11.4,1024.1,0.3,1.0,3,497.1,0
2020-09-19 03:16:00,5,55,21.1,75,11.4,1024.1,0.0,0.7,1,497.1,0
2020-09-19 03:21:00,5,55,21.1,75,11.3,1024.0,0.0,0.7,13,497.1,0
2020-09-19 03:26:00,5,55,21.1,75,11.3,1024.1,0.0,0.0,14,497.1,0
2020-09-19 03:31:00,5,55,21.0,74,11.3,1024.0,0.0,0.0,4,497.1,0
2020-09-19 03:36:00,5,55,21.0,74,11.2,1024.1,0.0,0.7,5,497.1,0
2020-09-19 03:41:00,5,55,21.0,75,11.2,1024.2,0.0,0.7,6,497.1,0
2020-09-19 03:46:00,5,55,21.0,75,11.1,1024.1,0.0,0.0,6,497.1,0
2020-09-19 03:51:00,5,55,21.0,75,11.0,1024.1,0.0,0.0,15,497.1,0
2020-09-19 03:56:00,5,55,21.0,75,11.0,1024.1,0.0,0.0,12,497.1,0
2020-09-19 04:01:00,5,55,21.0,76,10.9,1024.2,0.0,0.7,12,497.1,0
2020-09-19 04:06:00,5,56,20.9,76,10.8,1024.1,0.0,0.0,0,497.1,0
2020-09-19 04:11:00,5,56,20.9,76,10.7,1024.1,0.0,0.0,4,497.1,0
2020-09-19 04:16:00,5,56,20.9,76,10.7,1024.1,0.0,0.0,15,497.1,0
2020-09-19 04:21:00,5,56,20.9,77,10.7,1024.0,0.0,0.7,3,497.1,0
2020-09-19 04:26:00,5,56,20.9,77,10.6,1024.1,0.0,0.0,5,497.1,0
2020-09-19 04:31:00,5,56,20.9,78,10.5,1024.1,0.0,0.0,3,497.1,0
2020-09-19 04:36:00,5,56,20.9,78,10.4,1024.0,0.0,0.7,15,497.1,0
2020-09-19 04:41:00,5,56,20.8,79,10.3,1024.0,0.0,0.0,15,497.1,0
2020-09-19 04:46:00,5,56,20.7,78,10.3,1024.1,0.0,0.0,3,497.1,0
2020-09-19 04:51:00,5,56,20.7,79,10.2,1024.1,0.0,0.0,4,497.1,0
2020-09-19 04:56:00,5,56,20.7,79,10.2,1024.2,0.0,0.0,0,497.1,0
2020-09-19 05:01:00,5,56,20.7,78,10.3,1024.1,0.0,0.0,4,497.1,0
2020-09-19 05:06:00,5,56,20.7,78,10.3,1024.2,0.0,0.0,2,497.1,0
2020-09-19 05:11:00,5,56,20.7,78,10.3,1024.1,0.0,0.0,2,497.1,0
2020-09-19 05:16:00,5,56,20.7,78,10.3,1024.0,0.0,0.0,3,497.1,0
2020-09-19 05:21:00,5,56,20.6,78,10.3,1024.2,0.3,1.0,5,497.1,0
2020-09-19 05:26:00,5,56,20.6,77,10.5,1024.1,0.0,0.0,4,497.1,0
2020-09-19 05:31:00,5,56,20.6,77,10.5,1024.1,0.0,0.0,2,497.1,0
2020-09-19 05:36:00,5,57,20.6,76,10.6,1024.0,0.0,0.0,14,497.1,0
2020-09-19 05:41:00,5,57,20.6,76,10.6,1024.2,0.0,0.7,3,497.1,0
2020-09-19 05:46:00,5,58,20.6,76,10.7,1024.2,0.0,0.0,4,497.1,0
2020-09-19 05:51:00,5,58,20.7,76,10.7,1024.1,0.0,0.0,2,497.1,0
2020-09-19 05:56:00,5,58,20.7,76,10.8,1024.1,0.0,0.0,13,497.1,0
2020-09-19 06:01:00,5,58,20.7,75,11.0,1024.1,0.0,0.0,12,497.1,0
2020-09-19 06:06:00,5,59,20.9,74,11.2,1024.0,0.0,0.7,4,497.1,0
2020-09-19 06:11:00,5,57,21.0,73,11.4,1024.0,0.3,1.0,15,497.1,0
2020-09-19 06:16:00,5,58,21.1,72,11.7,1023.8,0.0,0.0,2,497.1,0
2020-09-19 06:21:00,5,57,21.3,71,12.2,1023.6,0.0,0.0,1,497.1,0
2020-09-19 06:26:00,5,57,21.5,70,12.3,1023.5,0.0,0.7,14,497.1,0
2020-09-19 06:31:00,5,57,21.7,69,12.4,1023.5,0.3,1.0,5,497.1,0
2020-09-19 06:36:00,5,57,21.9,69,12.7,1023.2,0.0,0.0,4,497.1,0
2020-09-19 06:41:00,5,55,22.1,68,12.8,1023.1,0.3,0.7,12,497.1,0
2020-09-19 06:46:00,5,55,22.3,67,13.1,1022.9,0.3,1.0,0,497.1,0
2020-09-19 06:51:00,5,55,22.5,67,13.0,1022.8,0.7,1.7,1,497.1,0
2020-09-19 06:56:00,5,55,22.6,68,13.1,1022.6,0.0,0.0,4,497.1,0
2020-09-19 07:01:00,5,55,22.7,67,13.4,1022.4,0.3,1.7,13,497.1,0
2020-09-19 07:06:00,5,54,22.9,66,13.6,1022.4,0.0,0.7,2,497.1,0
2020-09-19 07:11:00,5,55,23.0,66,13.9,1022.3,0.0,0.0,3,497.1,0
2020-09-19 07:16:00,5,55,23.0,65,14.0,1022.3,0.7,1.0,11,497.1,0
2020-09-19 07:21:00,5,54,23.0,65,14.1,1022.2,0.0,0.7,10,497.1,0
2020-09-19 07:26:00,5,54,23.0,65,14.1,1022.2,0.7,2.0,12,497.1,0
2020-09-19 07:31:00,5,54,23.0,64,14.2,1022.3,0.3,1.0,14,497.1,0
2020-09-19 07:36:00,5,54,23.0,64,14.5,1022.2,0.3,1.0,13,497.1,0
2020-09-19 07:41:00,5,54,23.0,63,15.0,1022.3,0.3,0.7,6,497.1,0
2020-09-19 07:46:00,5,53,22.9,61,15.4,1022.4,0.0,0.7,2,497.1,0
2020-09-19 07:51:00,5,53,22.8,61,15.3,1022.4,0.3,1.0,5,497.1,0
2020-09-19 07:56:00,5,53,22.7,61,15.4,1022.5,0.7,1.7,13,497.1,0
2020-09-19 08:01:00,5,53,22.7,60,15.9,1022.5,0.7,1.7,9,497.1,0
2020-09-19 08:06:00,5,53,22.7,60,16.2,1022.6,0.3,1.0,1,497.1,0
2020-09-19 08:11:00,5,53,22.7,60,16.1,1022.5,0.7,1.7,4,497.1,0
2020-09-19 08:16:00,5,54,22.7,60,16.2,1022.4,0.3,0.7,5,497.1,0
2020-09-19 08:21:00,5,54,22.6,59,16.6,1022.5,0.3,1.0,6,497.1,0
2020-09-19 08:26:00,5,54,22.6,59,16.6,1022.6,0.3,1.7,11,497.1,0
2020-09-19 08:31:00,5,54,22.6,58,16.8,1022.3,0.7,1.7,12,497.1,0
2020-09-19 08:36:00,5,54,22.6,58,17.0,1022.4,0.3,1.0,2,497.1,0
2020-09-19 08:41:00,5,54,22.6,56,17.9,1022.3,0.3,1.0,5,497.1,0
2020-09-19 08:46:00,5,54,22.6,55,18.0,1022.4,0.3,1.0,10,497.1,0
2020-09-19 08:51:00,5,54,22.6,57,17.5,1022.4,1.0,2.0,14,497.1,0
2020-09-19 08:56:00,5,54,22.6,56,18.0,1022.4,0.7,1.7,11,497.1,0
2020-09-19 09:01:00,5,54,22.6,54,18.6,1022.4,0.3,1.0,15,497.1,0
2020-09-19 09:06:00,5,54,22.6,54,18.7,1022.4,0.7,1.7,15,497.1,0
2020-09-19 09:11:00,5,54,22.6,53,18.8,1022.3,0.7,1.0,9,497.1,0
2020-09-19 09:16:00,5,54,22.6,54,19.3,1022.3,0.0,0.0,6,497.1,0
2020-09-19 09:21:00,5,54,22.6,51,19.4,1022.3,0.3,1.7,4,497.1,0
2020-09-19 09:26:00,5,54,22.6,52,19.9,1022.2,0.3,1.0,11,497.1,0
2020-09-19 09:31:00,5,54,22.6,49,20.1,1022.1,0.7,1.7,11,497.1,0
2020-09-19 09:36:00,5,53,22.6,50,19.9,1022.0,0.7,1.7,8,497.1,0
2020-09-19 09:41:00,5,53,22.6,50,20.3,1022.0,0.7,1.0,12,497.1,0
2020-09-19 09:46:00,5,52,22.6,49,20.7,1021.9,0.7,1.0,10,497.1,0
2020-09-19 09:51:00,5,52,22.6,50,20.3,1022.0,0.7,1.7,13,497.1,0
2020-09-19 09:56:00,5,52,22.6,50,20.5,1022.0,0.7,1.7,12,497.1,0
2020-09-19 10:01:00,5,52,22.6,50,19.8,1021.8,0.7,1.7,4,497.1,0
2020-09-19 10:06:00,5,52,22.7,51,20.4,1021.7,0.3,1.7,14,497.1,0
2020-09-19 10:11:00,5,53,22.7,48,21.3,1021.6,0.7,1.7,12,497.1,0
2020-09-19 10:16:00,5,53,22.7,47,21.3,1021.5,1.0,1.7,11,497.1,0
2020-09-19 10:21:00,5,53,22.8,47,21.9,1021.4,0.3,1.0,6,497.1,0
2020-09-19 10:26:00,5,53,22.9,48,21.1,1021.4,0.7,1.7,6,497.1,0
2020-09-19 10:31:00,5,53,22.9,48,21.7,1021.4,0.3,1.0,5,497.1,0
2020-09-19 10:36:00,5,54,23.0,47,22.2,1021.3,0.3,1.0,15,497.1,0
2020-09-19 10:41:00,5,54,23.0,46,21.7,1021.3,0.7,1.7,2,497.1,0
2020-09-19 10:46:00,5,54,23.0,46,22.2,1021.1,0.3,1.0,11,497.1,0
2020-09-19 10:51:00,5,54,23.0,46,22.4,1021.2,0.3,1.0,6,497.1,0
2020-09-19 10:56:00,5,54,23.0,46,22.7,1021.2,0.0,0.7,14,497.1,0
2020-09-19 11:01:00,5,54,23.0,46,22.3,1021.3,0.7,1.0,14,497.1,0
2020-09-19 11:06:00,5,54,23.1,45,23.2,1021.0,0.7,1.0,12,497.1,0
2020-09-19 11:11:00,5,54,23.1,45,23.2,1021.0,0.7,2.0,3,497.1,0
2020-09-19 11:16:00,5,54,23.1,46,22.9,1021.0,0.7,1.7,2,497.1,0
2020-09-19 11:21:00,5,54,23.1,46,22.5,1021.1,0.7,3.1,13,497.1,0
2020-09-19 11:26:00,5,54,23.1,46,22.9,1021.0,1.4,3.1,12,497.1,0
2020-09-19 11:31:00,5,54,23.1,46,22.8,1021.0,0.3,1.0,14,497.1,0
2020-09-19 11:36:00,5,54,23.1,45,23.0,1021.0,0.3,1.0,15,497.1,0
2020-09-19 11:41:00,5,54,23.1,45,23.6,1021.1,0.7,1.0,4,497.1,0
2020-09-19 11:46:00,5,54,23.1,46,23.0,1020.9,0.3,1.0,4,497.1,0
2020-09-19 11:51:00,5,54,23.1,44,23.4,1020.9,0.7,1.7,12,497.1,0
2020-09-19 11:56:00,5,54,23.1,45,22.9,1020.8,1.0,2.0,12,497.1,0
2020-09-19 12:01:00,5,54,23.1,44,23.3,1021.0,1.0,2.7,12,497.1,0
2020-09-19 12:06:00,5,54,23.1,45,23.0,1020.9,1.0,1.7,15,497.1,0
2020-09-19 12:11:00,5,54,23.1,45,23.6,1020.8,0.3,1.0,6,497.1,0
2020-09-19 12:16:00,5,53,23.1,45,23.4,1020.7,0.3,1.0,10,497.1,0
2020-09-19 12:21:00,5,53,23.1,44,23.7,1020.7,1.0,3.7,5,497.1,0
2020-09-19 12:26:00,5,53,23.1,44,23.8,1020.8,0.7,1.7,10,497.1,0
2020-09-19 12:31:00,5,52,23.1,45,23.6,1020.7,0.3,1.0,7,497.1,0
2020-09-19 12:36:00,5,52,23.1,45,23.6,1020.7,1.0,2.0,11,497.1,0
2020-09-19 12:41:00,5,51,23.1,44,23.7,1020.7,0.7,1.7,11,497.1,0
2020-09-19 12:46:00,5,50,23.1,44,24.4,1020.7,1.0,2.0,14,497.1,0
2020-09-19 12:51:00,5,50,23.1,46,23.5,1020.6,1.0,2.0,6,497.1,0
2020-09-19 12:56:00,5,50,23.1,44,24.1,1020.6,0.7,1.0,7,497.1,0
2020-09-19 13:01:00,5,49,23.1,44,24.4,1020.6,0.0,0.0,9,497.1,0
2020-09-19 13:06:00,5,49,23.1,44,24.0,1020.4,1.4,3.1,13,497.1,0
2020-09-19 13:11:00,5,49,23.1,44,24.5,1020.5,0.0,0.7,6,497.1,0
2020-09-19 13:16:00,5,49,23.1,43,24.7,1020.5,0.7,1.7,13,497.1,0
2020-09-19 13:21:00,5,48,23.1,42,24.3,1020.5,0.7,2.7,6,497.1,0
2020-09-19 13:26:00,5,48,23.1,42,25.2,1020.3,0.3,1.0,9,497.1,0
2020-09-19 13:31:00,5,48,23.1,43,24.8,1020.1,0.7,1.7,9,497.1,0
2020-09-19 13:36:00,5,48,23.1,42,25.2,1020.1,0.3,0.7,3,497.1,0
2020-09-19 13:41:00,5,48,23.1,42,24.6,1020.1,1.0,2.0,11,497.1,0
2020-09-19 13:46:00,5,48,23.2,41,25.0,1019.9,1.0,2.0,12,497.1,0
2020-09-19 13:51:00,5,48,23.2,41,24.9,1019.9,0.3,1.0,13,497.1,0
2020-09-19 13:56:00,5,46,23.2,41,25.6,1020.0,0.7,1.0,12,497.1,0
2020-09-19 14:01:00,5,46,23.2,41,24.8,1019.8,0.3,1.0,12,497.1,0
2020-09-19 14:06:00,5,45,23.3,41,24.8,1019.8,0.7,1.7,13,497.1,0
2020-09-19 14:11:00,5,45,23.3,42,25.0,1019.8,0.3,1.0,3,497.1,0
2020-09-19 14:16:00,5,45,23.3,42,24.5,1019.8,0.7,1.0,13,497.1,0
2020-09-19 14:21:00,5,44,23.4,42,24.5,1019.7,0.7,1.7,6,497.1,0
2020-09-19 14:26:00,5,44,23.4,41,24.8,1019.6,0.7,1.0,4,497.1,0
2020-09-19 14:31:00,5,44,23.4,41,24.5,1019.5,0.3,0.7,4,497.1,0
2020-09-19 14:36:00,5,45,23.4,42,24.4,1019.7,0.7,1.0,12,497.1,0
2020-09-19 14:41:00,5,45,23.5,43,24.2,1019.3,1.4,2.7,12,497.1,0
2020-09-19 14:46:00,5,45,23.6,43,24.0,1019.3,0.3,1.0,13,497.1,0
2020-09-19 14:51:00,5,45,23.6,43,23.9,1019.2,0.7,1.7,12,497.1,0
2020-09-19 14:56:00,5,44,23.6,42,23.9,1019.1,0.7,1.0,12,497.1,0
2020-09-19 15:01:00,5,44,23.6,43,24.0,1019.1,0.3,1.0,9,497.1,0
2020-09-19 15:06:00,5,44,23.6,42,23.9,1019.0,0.3,1.7,12,497.1,0
2020-09-19 15:11:00,5,44,23.7,42,23.8,1019.0,0.3,1.0,4,497.1,0
2020-09-19 15:16:00,5,44,23.7,43,23.9,1019.0,0.3,1.0,12,497.1,0
2020-09-19 15:21:00,5,44,23.8,43,24.0,1018.8,0.3,0.7,2,497.1,0
2020-09-19 15:26:00,5,44,23.8,43,23.9,1018.8,0.3,0.7,9,497.1,0
2020-09-19 15:31:00,5,45,23.8,43,23.8,1018.7,0.7,1.7,15,497.1,0
2020-09-19 15:36:00,5,45,23.8,43,23.7,1018.6,0.3,0.7,10,497.1,0
2020-09-19 15:41:00,5,45,23.8,43,23.7,1018.5,0.3,1.0,13,497.1,0
2020-09-19 15:46:00,5,45,23.8,43,23.6,1018.5,0.0,0.7,12,497.1,0
2020-09-19 15:51:00,5,44,23.9,43,23.6,1018.4,1.0,2.0,10,497.1,0
2020-09-19 15:56:00,5,43,24.0,44,23.6,1018.5,0.3,1.0,4,497.1,0
2020-09-19 16:01:00,5,43,24.0,43,23.5,1018.4,0.0,0.7,2,497.1,0
2020-09-19 16:06:00,5,42,24.0,42,23.4,1018.5,0.7,1.7,3,497.1,0
2020-09-19 16:11:00,5,42,24.0,42,23.3,1018.4,0.3,1.0,5,497.1,0
2020-09-19 16:16:00,5,41,24.0,42,23.3,1018.4,0.0,0.0,2,497.1,0
2020-09-19 16:21:00,5,41,24.0,42,23.2,1018.4,0.3,1.0,4,497.1,0
2020-09-19 16:26:00,5,41,24.0,42,23.1,1018.4,0.3,1.0,12,497.1,0
2020-09-19 16:31:00,5,40,24.0,42,23.1,1018.3,0.0,0.0,5,497.1,0
2020-09-19 16:36:00,5,39,24.0,43,23.0,1018.5,0.0,0.0,12,497.1,0
2020-09-19 16:41:00,5,38,24.0,43,22.9,1018.5,0.0,0.7,11,497.1,0
2020-09-19 16:46:00,5,39,24.0,44,22.8,1018.3,0.0,0.7,6,497.1,0
2020-09-19 16:51:00,5,40,24.0,45,22.6,1018.4,0.3,0.7,5,497.1,0
2020-09-19 16:56:00,5,42,23.9,45,22.5,1018.5,0.0,0.7,0,497.1,0
2020-09-19 17:01:00,5,42,23.9,46,22.4,1018.5,0.3,0.7,10,497.1,0
2020-09-19 17:06:00,5,41,23.8,46,22.2,1018.5,0.3,0.7,14,497.1,0
2020-09-19 17:11:00,5,41,23.8,46,22.1,1018.5,0.0,0.0,11,497.1,0
2020-09-19 17:16:00,5,42,23.8,46,21.9,1018.5,0.3,0.7,3,497.1,0
2020-09-19 17:21:00,5,43,23.8,46,21.9,1018.5,0.7,1.7,11,497.1,0
2020-09-19 17:26:00,5,43,23.8,46,21.7,1018.6,0.0,0.0,12,497.1,0
2020-09-19 17:30:59,5,44,23.8,46,21.7,1018.5,0.7,2.0,13,497.1,0
2020-09-19 17:35:59,5,44,23.8,47,21.6,1018.6,0.0,0.7,3,497.1,0
2020-09-19 17:40:59,5,44,23.7,46,21.5,1018.5,0.7,2.7,10,497.1,0
2020-09-19 17:45:59,5,44,23.7,47,21.4,1018.6,0.3,1.0,15,497.1,0
2020-09-19 17:50:59,5,44,23.7,47,21.4,1018.7,0.3,1.0,1,497.1,0
2020-09-19 17:55:59,5,45,23.7,47,21.3,1018.6,0.0,1.0,10,497.1,0
2020-09-19 18:00:59,5,45,23.6,48,21.0,1018.8,0.3,1.0,9,497.1,0
2020-09-19 18:05:59,5,45,23.6,49,20.8,1018.9,0.0,1.0,5,497.1,0
2020-09-19 18:10:59,5,45,23.6,51,20.6,1018.7,0.3,1.0,13,497.1,0
2020-09-19 18:15:59,5,46,23.6,52,20.5,1018.8,0.3,0.7,7,497.1,0
2020-09-19 18:20:59,5,47,23.6,53,20.3,1018.7,0.0,0.7,12,497.1,0
2020-09-19 18:25:59,5,46,23.6,53,20.1,1018.8,0.3,1.0,3,497.1,0
2020-09-19 18:30:59,5,46,23.6,53,20.1,1018.9,0.7,1.0,14,497.1,0
2020-09-19 18:35:59,5,45,23.6,53,20.1,1018.8,0.3,1.0,12,497.1,0
2020-09-19 18:40:59,5,45,23.6,53,20.0,1018.8,0.3,0.7,13,497.1,0
2020-09-19 18:45:59,5,45,23.6,54,19.8,1018.9,0.7,1.7,13,497.1,0
2020-09-19 18:50:59,5,45,23.6,54,19.8,1018.9,0.7,1.0,1,497.1,0
2020-09-19 18:55:59,5,45,23.6,54,19.7,1019.0,0.3,1.0,5,497.1,0
2020-09-19 19:00:59,5,44,23.6,54,19.6,1018.9,0.3,1.0,13,497.1,0
2020-09-19 19:05:59,5,44,23.6,53,19.5,1019.0,0.0,0.7,6,497.1,0
2020-09-19 19:10:59,5,44,23.6,53,19.4,1019.0,0.3,0.7,4,497.1,0
2020-09-19 19:15:59,5,44,23.6,53,19.3,1018.9,0.3,0.7,11,497.1,0
2020-09-19 19:20:59,5,44,23.6,53,19.2,1019.0,0.0,0.7,15,497.1,0
2020-09-19 19:25:59,5,44,23.6,53,19.3,1019.0,0.0,0.7,15,497.1,0
2020-09-19 19:30:59,5,44,23.6,53,19.2,1019.0,0.3,1.0,0,497.1,0
2020-09-19 19:35:59,5,44,23.5,52,19.2,1019.2,0.3,1.0,11,497.1,0
2020-09-19 19:40:59,5,45,23.5,53,19.0,1019.3,0.0,0.0,5,497.1,0
2020-09-19 19:45:59,5,46,23.4,53,18.9,1019.3,0.7,1.7,13,497.1,0
2020-09-19 19:50:59,5,46,23.4,53,18.9,1019.3,0.3,1.0,4,497.1,0
2020-09-19 19:55:59,5,46,23.4,53,18.9,1019.6,0.3,1.7,5,497.1,0
2020-09-19 20:00:59,5,46,23.4,53,18.9,1019.6,0.7,2.0,11,497.1,0
2020-09-19 20:05:59,5,47,23.4,53,18.7,1019.7,0.0,0.0,13,497.1,0
2020-09-19 20:10:59,5,47,23.3,53,18.7,1019.9,0.0,0.7,1,497.1,0
2020-09-19 20:15:59,5,48,23.3,53,18.6,1019.8,0.0,0.7,12,497.1,0
2020-09-19 20:20:59,5,48,23.3,54,18.5,1019.8,0.0,0.7,13,497.1,0
2020-09-19 20:25:59,5,49,23.3,54,18.3,1019.9,0.3,0.7,7,497.1,0
2020-09-19 20:30:59,5,49,23.3,55,18.2,1020.0,0.0,0.0,3,497.1,0
2020-09-19 20:35:59,5,50,23.3,55,18.1,1020.0,0.3,1.0,14,497.1,0
2020-09-19 20:40:59,5,50,23.3,56,18.0,1020.0,0.0,0.7,2,497.1,0
2020-09-19 20:45:59,5,50,23.3,56,17.9,1020.1,0.0,0.0,3,497.1,0
2020-09-19 20:50:59,5,51,23.2,57,17.8,1020.2,0.3,0.7,3,497.1,0
2020-09-19 20:55:59,5,51,23.2,58,17.6,1020.2,0.0,0.7,13,497.1,0
2020-09-19 21:00:59,5,51,23.2,59,17.4,1020.1,0.0,0.7,0,497.1,0
2020-09-19 21:05:59,5,51,23.1,59,17.3,1020.3,0.3,0.7,11,497.1,0
2020-09-19 21:10:59,5,52,23.1,59,17.3,1020.3,0.3,0.7,3,497.1,0
2020-09-19 21:15:59,5,52,23.1,60,17.2,1020.4,0.0,0.0,4,497.1,0
2020-09-19 21:20:59,5,52,23.1,60,17.1,1020.4,0.0,0.0,12,497.1,0
2020-09-19 21:25:59,5,52,23.1,61,17.0,1020.4,0.0,0.0,4,497.1,0
2020-09-19 21:30:59,5,52,23.1,61,16.9,1020.6,0.0,0.7,3,497.1,0
2020-09-19 21:35:59,5,52,23.1,62,16.7,1020.5,0.0,0.7,12,497.1,0
2020-09-19 21:40:59,5,52,23.1,63,16.5,1020.6,0.0,0.0,3,497.1,0
2020-09-19 21:45:59,5,52,23.1,64,16.3,1020.6,0.0,0.7,3,497.1,0
2020-09-19 21:50:59,5,52,23.0,64,16.2,1020.7,0.0,0.7,2,497.1,0
2020-09-19 21:55:59,5,52,23.0,64,16.2,1020.6,0.3,1.0,2,497.1,0
2020-09-19 22:00:59,5,52,23.0,64,16.1,1020.6,0.0,0.7,3,497.1,0
2020-09-19 22:05:59,5,53,23.0,65,16.0,1020.6,0.0,0.0,1,497.1,0
2020-09-19 22:10:59,5,53,23.0,65,15.9,1020.5,0.0,0.0,15,497.1,0
2020-09-19 22:15:59,5,53,23.0,64,15.9,1020.6,0.3,1.0,2,497.1,0
2020-09-19 22:20:59,5,53,23.0,65,15.9,1020.6,0.0,0.7,14,497.1,0
2020-09-19 22:25:59,5,53,23.0,65,15.8,1020.6,0.0,0.0,0,497.1,0
2020-09-19 22:30:59,5,52,22.9,64,15.8,1020.6,0.0,0.7,2,497.1,0
2020-09-19 22:35:59,5,52,22.9,64,15.8,1020.6,0.3,0.7,2,497.1,0
2020-09-19 22:40:59,5,52,22.9,64,15.7,1020.6,0.0,0.0,14,497.1,0
2020-09-19 22:45:59,5,52,22.9,64,15.7,1020.6,0.3,0.7,7,497.1,0
2020-09-19 22:50:59,5,52,22.9,65,15.7,1020.5,0.3,0.7,14,497.1,0
2020-09-19 22:55:59,5,52,22.9,65,15.6,1020.5,0.3,0.7,6,497.1,0
2020-09-19 23:00:59,5,52,22.9,65,15.5,1020.7,0.0,0.7,3,497.1,0
2020-09-19 23:05:59,5,52,22.8,66,15.4,1020.6,0,0.7,14,497.1,0
2020-09-19 23:10:59,5,52,22.8,66,15.4,1020.5,0.3,1.0,2,497.1,0
2020-09-19 23:15:59,5,52,22.8,66,15.3,1020.5,0,0,6,497.1,0
2020-09-19 23:20:59,5,52,22.7,66,15.2,1020.5,0,1.0,0,497.1,0
2020-09-19 23:25:59,5,53,22.7,66,15.2,1020.5,0.7,1.0,0,497.1,0
2020-09-19 23:30:59,5,53,22.7,66,15.0,1020.5,0,0.7,4,497.1,0
2020-09-19 23:35:59,5,53,22.7,66,15.0,1020.4,0.3,1.0,13,497.1,0
2020-09-19 23:40:59,5,53,22.7,66,14.9,1020.5,0,0.7,4,497.1,0
2020-09-19 23:45:59,5,53,22.7,67,14.8,1020.5,0,0.7,5,497.1,0
2020-09-19 23:50:59,5,53,22.7,67,14.7,1020.5,0,0.7,13,497.1,0
2020-09-19 23:55:59,5,53,22.7,68,14.6,1020.5,0,0.7,5,497.1,0
