2020-09-14 00:02:02,5,65,22.0,96,13.8,1029.2,0.0,0.0,7,497.1,0
2020-09-14 00:07:02,5,66,21.9,95,13.7,1029.1,0.0,0.0,7,497.1,0
2020-09-14 00:12:02,5,66,21.9,96,13.7,1029.1,0.0,0.0,7,497.1,0
2020-09-14 00:17:02,5,66,21.9,96,13.7,1029.2,0.0,0.0,7,497.1,0
2020-09-14 00:22:02,5,66,21.9,96,13.5,1029.2,0.0,0.0,7,497.1,0
2020-09-14 00:27:02,5,66,21.9,96,13.4,1029.2,0.0,0.0,7,497.1,0
2020-09-14 00:32:02,5,66,21.9,96,13.2,1029.2,0.0,0.0,7,497.1,0
2020-09-14 00:37:02,5,66,21.9,96,13.2,1029.3,0.0,0.0,7,497.1,0
2020-09-14 00:42:02,5,66,21.8,96,13.1,1029.3,0.0,0.0,7,497.1,0
2020-09-14 00:47:02,5,66,21.8,96,13.2,1029.2,0.0,0.0,7,497.1,0
2020-09-14 00:52:02,5,66,21.8,96,13.1,1029.2,0.0,0.0,7,497.1,0
2020-09-14 00:57:02,5,66,21.8,96,13.0,1029.2,0.0,0.0,7,497.1,0
2020-09-14 01:02:02,5,66,21.8,96,13.0,1029.2,0.0,0.0,7,497.1,0
2020-09-14 01:07:02,5,66,21.8,96,12.9,1029.3,0.0,0.0,7,497.1,0
2020-09-14 01:12:02,5,66,21.8,96,13.1,1029.2,0.0,0.0,7,497.1,0
2020-09-14 01:17:02,5,66,21.8,96,12.9,1029.3,0.0,0.0,7,497.1,0
2020-09-14 01:22:02,5,66,21.8,96,12.9,1029.2,0.0,0.0,7,497.1,0
2020-09-14 01:27:02,5,66,21.7,96,12.8,1029.2,0.0,0.0,7,497.1,0
2020-09-14 01:32:02,5,66,21.7,96,12.7,1029.1,0.0,0.0,7,497.1,0
2020-09-14 01:37:02,5,66,21.7,96,12.7,1029.2,0.0,0.0,7,497.1,0
2020-09-14 01:42:02,5,66,21.7,96,12.9,1029.3,0.0,0.0,7,497.1,0
2020-09-14 01:47:02,5,66,21.7,96,12.9,1029.3,0.0,0.0,7,497.1,0
2020-09-14 01:52:02,5,66,21.7,96,12.8,1029.3,0.0,0.0,7,497.1,0
2020-09-14 01:57:02,5,66,21.7,96,12.7,1029.2,0.0,0.0,7,497.1,0
2020-09-14 02:02:02,5,66,21.7,96,12.9,1029.3,0.0,0.0,7,497.1,0
2020-09-14 02:07:02,5,66,21.7,97,13.0,1029.3,0.0,0.0,7,497.1,0
2020-09-14 02:12:02,5,66,21.7,96,12.8,1029.1,0.0,0.0,7,497.1,0
2020-09-14 02:17:02,5,66,21.6,96,12.6,1029.2,0.0,0.0,7,497.1,0
2020-09-14 02:22:02,5,66,21.6,96,12.5,1029.1,0.0,0.0,7,497.1,0
2020-09-14 02:27:02,5,66,21.6,97,12.7,1029.1,0.0,0.0,7,497.1,0
2020-09-14 02:32:02,5,66,21.6,97,12.9,1029.2,0.0,0.0,7,497.1,0
2020-09-14 02:37:02,5,66,21.6,97,12.7,1029.1,0.0,0.0,7,497.1,0
2020-09-14 02:42:02,5,66,21.6,97,12.6,1029.2,0.0,0.0,7,497.1,0
2020-09-14 02:47:02,5,66,21.6,97,12.4,1029.2,0.0,0.0,7,497.1,0
2020-09-14 02:52:02,5,66,21.5,97,12.4,1029.2,0.0,0.0,7,497.1,0
2020-09-14 02:57:02,5,66,21.5,97,12.3,1029.2,0.0,0.0,7,497.1,0
2020-09-14 03:02:02,5,66,21.5,97,12.7,1029.1,0.0,0.0,7,497.1,0
2020-09-14 03:07:03,5,66,21.5,97,12.8,1029.1,0.0,0.0,7,497.1,0
2020-09-14 03:12:03,5,66,21.5,97,12.6,1029.2,0.0,0.0,7,497.1,0
2020-09-14 03:17:03,5,66,21.5,97,12.4,1029.1,0.0,0.0,7,497.1,0
2020-09-14 03:22:03,5,66,21.5,97,12.4,1029.1,0.0,0.0,7,497.1,0
2020-09-14 03:27:03,5,66,21.5,97,12.3,1029.0,0.0,0.0,7,497.1,0
2020-09-14 03:32:03,5,66,21.5,97,12.2,1029.1,0.0,0.0,7,497.1,0
2020-09-14 03:37:03,5,66,21.5,97,12.1,1029.2,0.0,0.0,7,497.1,0
2020-09-14 03:42:03,5,66,21.4,97,12.1,1029.1,0.0,0.0,7,497.1,0
2020-09-14 03:47:03,5,66,21.4,97,12.2,1029.1,0.0,0.0,7,497.1,0
2020-09-14 03:52:03,5,66,21.4,97,12.0,1029.1,0.0,0.0,7,497.1,0
2020-09-14 03:57:03,5,66,21.3,97,12.0,1029.1,0.0,0.0,7,497.1,0
2020-09-14 04:02:03,5,66,21.3,97,12.0,1029.1,0.0,0.0,7,497.1,0
2020-09-14 04:07:03,5,66,21.3,97,12.0,1029.2,0.0,0.0,7,497.1,0
2020-09-14 04:12:03,5,66,21.3,97,11.9,1029.0,0.0,0.0,7,497.1,0
2020-09-14 04:17:03,5,66,21.3,97,12.1,1029.1,0.0,0.0,7,497.1,0
2020-09-14 04:22:03,5,66,21.3,97,12.1,1029.0,0.0,0.0,7,497.1,0
2020-09-14 04:27:03,5,66,21.3,97,12.2,1028.9,0.0,0.0,7,497.1,0
2020-09-14 04:32:03,5,66,21.3,97,12.1,1028.9,0.0,0.0,7,497.1,0
2020-09-14 04:37:03,5,66,21.3,97,12.2,1029.0,0.0,0.0,7,497.1,0
2020-09-14 04:42:03,5,66,21.3,97,12.1,1028.9,0.0,0.0,7,497.1,0
2020-09-14 04:47:03,5,66,21.2,97,12.0,1029.0,0.0,0.0,7,497.1,0
2020-09-14 04:52:03,5,66,21.2,97,11.9,1029.0,0.0,0.0,7,497.1,0
2020-09-14 04:57:03,5,66,21.2,97,11.9,1028.9,0.0,0.0,7,497.1,0
2020-09-14 05:02:03,5,66,21.2,97,11.8,1029.0,0.0,0.0,7,497.1,0
2020-09-14 05:07:03,5,66,21.2,97,11.9,1029.1,0.0,0.0,7,497.1,0
2020-09-14 05:12:03,5,66,21.2,97,12.0,1029.0,0.0,0.0,7,497.1,0
2020-09-14 05:17:03,5,66,21.2,97,12.0,1029.2,0.0,0.0,7,497.1,0
2020-09-14 05:22:03,5,66,21.2,97,11.9,1029.1,0.0,0.0,7,497.1,0
2020-09-14 05:27:03,5,66,21.2,98,12.0,1029.1,0.0,0.0,7,497.1,0
2020-09-14 05:32:03,5,66,21.2,98,12.3,1029.1,0.0,0.0,7,497.1,0
2020-09-14 05:37:03,5,66,21.2,97,12.3,1029.2,0.0,0.0,7,497.1,0
2020-09-14 05:42:03,5,66,21.2,97,12.2,1029.2,0.0,0.0,7,497.1,0
2020-09-14 05:47:03,5,66,21.2,97,12.4,1029.2,0.0,0.0,7,497.1,0
2020-09-14 05:52:03,5,66,21.2,97,12.8,1029.2,0.0,0.0,7,497.1,0
2020-09-14 05:57:03,5,66,21.2,98,13.7,1029.2,0.0,0.0,7,497.1,0
2020-09-14 06:02:03,5,66,21.2,97,13.5,1029.2,0.0,0.0,7,497.1,0
2020-09-14 06:07:03,5,66,21.3,97,13.7,1029.2,0.0,0.0,7,497.1,0
2020-09-14 06:12:03,5,66,21.4,97,14.1,1029.1,0.0,0.0,7,497.1,0
2020-09-14 06:17:03,5,66,21.6,97,14.2,1028.9,0.0,0.0,7,497.1,0
2020-09-14 06:22:03,5,66,21.7,97,15.0,1029.0,0.0,0.0,7,497.1,0
2020-09-14 06:27:03,5,66,21.8,96,15.4,1028.8,0.0,0.0,7,497.1,0
2020-09-14 06:32:03,5,65,21.9,96,15.8,1028.8,0.0,0.0,7,497.1,0
2020-09-14 06:37:03,5,63,22.0,93,15.9,1028.6,0.0,0.0,7,497.1,0
2020-09-14 06:42:03,5,62,22.1,91,16.4,1028.6,0.0,0.0,7,497.1,0
2020-09-14 06:47:03,5,62,22.1,86,16.9,1028.6,0.0,0.0,7,497.1,0
2020-09-14 06:52:03,5,61,22.2,85,17.3,1028.6,0.0,0.0,7,497.1,0
2020-09-14 06:57:03,5,61,22.2,83,17.8,1028.6,0.0,0.0,7,497.1,0
2020-09-14 07:02:03,5,61,22.2,81,18.0,1028.6,0.0,0.0,7,497.1,0
2020-09-14 07:07:03,5,61,22.3,82,18.1,1028.5,0.0,0.0,7,497.1,0
2020-09-14 07:12:03,5,61,22.3,80,18.5,1028.5,0.0,0.0,8,497.1,0
2020-09-14 07:17:03,5,61,22.5,81,18.4,1028.5,0.0,0.0,8,497.1,0
2020-09-14 07:22:03,5,61,22.5,80,18.4,1028.6,0.0,0.7,8,497.1,0
2020-09-14 07:27:03,5,61,22.5,79,18.7,1028.5,0.0,0.7,8,497.1,0
2020-09-14 07:32:03,5,61,22.5,76,19.5,1028.3,0.0,0.0,8,497.1,0
2020-09-14 07:37:03,5,61,22.5,75,19.7,1028.4,0.0,0.7,8,497.1,0
2020-09-14 07:42:03,5,61,22.5,75,20.1,1028.4,0.0,0.0,8,497.1,0
2020-09-14 07:47:03,5,61,22.5,72,20.4,1028.4,0.0,0.7,8,497.1,0
2020-09-14 07:52:03,5,61,22.5,73,20.5,1028.6,0.0,0.7,8,497.1,0
2020-09-14 07:57:03,5,61,22.5,74,20.5,1028.4,0.0,0.0,8,497.1,0
2020-09-14 08:02:03,5,61,22.5,72,20.6,1028.4,0.0,0.7,8,497.1,0
2020-09-14 08:07:03,5,61,22.5,73,20.5,1028.4,0.0,1.0,5,497.1,0
2020-09-14 08:12:03,5,61,22.6,71,20.9,1028.4,0.0,0.0,5,497.1,0
2020-09-14 08:17:03,5,61,22.6,72,21.3,1028.5,0.0,0.7,5,497.1,0
2020-09-14 08:22:03,5,61,22.6,71,21.4,1028.4,0.3,1.0,4,497.1,0
2020-09-14 08:27:03,5,61,22.6,70,21.4,1028.3,0.0,0.0,4,497.1,0
2020-09-14 08:32:03,5,61,22.7,70,22.1,1028.4,0.0,0.0,4,497.1,0
2020-09-14 08:37:03,5,61,22.7,66,22.7,1028.2,0.0,0.0,4,497.1,0
2020-09-14 08:42:03,5,62,22.7,67,22.6,1028.2,0.0,0.7,4,497.1,0
2020-09-14 08:47:03,5,61,22.7,66,23.1,1028.2,0.3,0.7,3,497.1,0
2020-09-14 08:52:03,5,61,22.8,67,23.0,1028.2,0.3,0.7,3,497.1,0
2020-09-14 08:57:03,5,61,22.8,66,23.1,1028.2,0.3,1.0,3,497.1,0
2020-09-14 09:02:03,5,61,22.8,65,23.0,1028.1,0.7,1.0,15,497.1,0
2020-09-14 09:07:03,5,61,22.9,64,23.4,1028.1,0.3,0.7,5,497.1,0
2020-09-14 09:12:03,5,61,22.9,64,23.5,1028.1,0.3,0.7,0,497.1,0
2020-09-14 09:17:03,5,61,22.9,63,23.7,1028.0,0.3,1.0,3,497.1,0
2020-09-14 09:22:03,5,62,22.9,62,23.9,1028.0,0.7,1.0,3,497.1,0
2020-09-14 09:27:03,5,63,23.0,62,23.9,1027.9,0.0,0.7,10,497.1,0
2020-09-14 09:32:03,5,63,23.0,63,23.9,1027.8,0.3,1.0,5,497.1,0
2020-09-14 09:37:03,5,63,23.0,61,24.6,1027.7,0.7,1.7,8,497.1,0
2020-09-14 09:42:03,5,63,23.0,62,25.0,1027.6,0.0,0.0,2,497.1,0
2020-09-14 09:47:03,5,63,23.0,62,25.1,1027.5,0.3,1.0,11,497.1,0
2020-09-14 09:52:03,5,63,23.0,60,25.4,1027.5,0.3,1.0,10,497.1,0
2020-09-14 09:57:03,5,63,23.0,61,25.1,1027.4,0.3,0.7,10,497.1,0
2020-09-14 10:02:03,5,63,23.1,59,25.5,1027.6,0.3,0.7,15,497.1,0
2020-09-14 10:07:03,5,63,23.1,58,25.9,1027.3,0.3,1.0,0,497.1,0
2020-09-14 10:12:03,5,63,23.1,59,25.6,1027.4,0.3,0.7,3,497.1,0
2020-09-14 10:17:03,5,63,23.1,57,25.8,1027.2,0.7,1.7,4,497.1,0
2020-09-14 10:22:03,5,64,23.1,57,25.9,1027.2,0.3,1.0,9,497.1,0
2020-09-14 10:27:03,5,64,23.1,58,26.2,1027.3,0.0,0.7,3,497.1,0
2020-09-14 10:32:03,5,64,23.1,56,26.2,1027.2,0.3,1.0,2,497.1,0
2020-09-14 10:37:03,5,64,23.1,54,26.6,1027.1,0.3,1.7,4,497.1,0
2020-09-14 10:42:03,5,64,23.1,55,25.8,1027.1,0.7,1.0,8,497.1,0
2020-09-14 10:47:03,5,64,23.2,55,26.0,1027.0,0.3,1.0,3,497.1,0
2020-09-14 10:52:03,5,64,23.2,54,26.9,1027.0,0.3,1.0,9,497.1,0
2020-09-14 10:57:03,5,64,23.3,53,27.1,1026.8,0.3,1.0,2,497.1,0
2020-09-14 11:02:03,5,64,23.3,53,27.2,1026.8,0.3,1.0,15,497.1,0
2020-09-14 11:07:03,5,64,23.3,53,27.1,1026.8,0.3,1.0,9,497.1,0
2020-09-14 11:12:03,5,64,23.3,55,27.1,1026.7,0.3,1.0,4,497.1,0
2020-09-14 11:17:03,5,64,23.3,54,27.1,1026.6,0.0,0.0,4,497.1,0
2020-09-14 11:22:03,5,64,23.4,53,27.4,1026.5,0.3,1.0,5,497.1,0
2020-09-14 11:27:03,5,64,23.4,53,27.2,1026.6,0.3,1.0,0,497.1,0
2020-09-14 11:32:03,5,64,23.4,52,27.5,1026.6,0.3,0.7,6,497.1,0
2020-09-14 11:37:03,5,64,23.4,52,27.9,1026.5,0.3,1.0,13,497.1,0
2020-09-14 11:42:03,5,64,23.4,49,28.2,1026.3,0.3,1.7,5,497.1,0
2020-09-14 11:47:03,5,64,23.4,50,28.0,1026.3,0.0,0.7,4,497.1,0
2020-09-14 11:52:03,5,64,23.4,50,28.2,1026.3,0.3,1.0,14,497.1,0
2020-09-14 11:57:03,5,64,23.4,46,28.3,1026.2,0.3,1.0,2,497.1,0
2020-09-14 12:02:03,5,64,23.4,47,28.4,1026.0,0.3,1.0,11,497.1,0
2020-09-14 12:07:03,5,64,23.4,49,28.0,1026.0,0.3,0.7,4,497.1,0
2020-09-14 12:12:03,5,64,23.4,48,28.8,1025.9,0.3,0.7,6,497.1,0
2020-09-14 12:17:03,5,64,23.4,46,29.2,1025.8,0.0,0.0,5,497.1,0
2020-09-14 12:22:03,5,64,23.4,44,29.0,1025.9,0.3,1.0,12,497.1,0
2020-09-14 12:27:03,5,64,23.4,45,28.9,1025.9,0.3,0.7,2,497.1,0
2020-09-14 12:32:03,5,64,23.5,45,29.2,1025.8,0.7,1.7,12,497.1,0
2020-09-14 12:37:03,5,63,23.4,43,29.2,1025.6,0.0,0.7,3,497.1,0
2020-09-14 12:42:03,5,63,23.5,45,29.0,1025.6,0.3,0.7,0,497.1,0
2020-09-14 12:47:03,5,63,23.5,45,30.1,1025.5,0.0,0.0,14,497.1,0
2020-09-14 12:52:03,5,63,23.5,43,29.8,1025.4,0.3,0.7,12,497.1,0
2020-09-14 12:57:03,5,63,23.5,44,29.9,1025.5,0.3,0.7,7,497.1,0
2020-09-14 13:02:03,5,63,23.6,41,29.6,1025.4,0.3,1.0,10,497.1,0
2020-09-14 13:07:03,5,63,23.6,44,29.4,1025.4,0.3,1.0,2,497.1,0
2020-09-14 13:12:03,5,63,23.6,44,29.1,1025.3,0.3,1.0,15,497.1,0
2020-09-14 13:17:03,5,63,23.6,44,30.2,1025.3,0.3,1.0,9,497.1,0
2020-09-14 13:22:03,5,63,23.6,43,30.2,1025.2,0.7,1.0,10,497.1,0
2020-09-14 13:27:03,5,63,23.7,44,30.1,1025.1,0.3,0.7,9,497.1,0
2020-09-14 13:32:03,5,63,23.7,43,30.7,1025.0,0.3,0.7,3,497.1,0
2020-09-14 13:37:03,5,63,23.7,42,31.0,1024.8,0.0,0.7,3,497.1,0
2020-09-14 13:42:03,5,63,23.8,43,30.2,1024.7,0.0,0.7,5,497.1,0
2020-09-14 13:47:03,5,63,23.8,42,30.4,1024.6,0.3,1.0,12,497.1,0
2020-09-14 13:52:03,5,63,23.8,43,30.1,1024.5,0.3,1.0,4,497.1,0
2020-09-14 13:57:03,5,63,23.8,43,30.2,1024.5,0.3,1.0,3,497.1,0
2020-09-14 14:02:03,5,63,23.9,43,30.2,1024.4,0.3,0.7,10,497.1,0
2020-09-14 14:07:03,5,63,23.9,44,29.6,1024.4,0.0,0.7,3,497.1,0
2020-09-14 14:12:03,5,62,24.0,44,29.9,1024.2,0.0,0.7,5,497.1,0
2020-09-14 14:17:03,5,62,24.0,43,30.6,1024.2,0.0,0.0,11,497.1,0
2020-09-14 14:22:03,5,62,24.1,44,30.5,1024.1,0.0,0.0,10,497.1,0
2020-09-14 14:27:03,5,61,24.1,44,30.1,1024.0,0.3,1.0,3,497.1,0
2020-09-14 14:32:03,5,61,24.1,43,30.5,1023.9,0.7,1.0,11,497.1,0
2020-09-14 14:37:03,5,61,24.1,44,30.3,1023.8,0.0,0.7,9,497.1,0
2020-09-14 14:42:03,5,61,24.1,45,29.6,1023.7,1.0,1.7,11,497.1,0
2020-09-14 14:47:03,5,61,24.2,46,29.3,1023.6,0.0,0.7,2,497.1,0
2020-09-14 14:52:03,5,61,24.3,47,28.9,1023.5,0.0,0.0,3,497.1,0
2020-09-14 14:57:03,5,61,24.3,47,28.9,1023.4,0.3,0.7,9,497.1,0
2020-09-14 15:02:03,5,60,24.3,47,28.9,1023.3,0.0,0.0,7,497.1,0
2020-09-14 15:07:03,5,60,24.3,47,28.8,1023.2,0.7,1.7,11,497.1,0
2020-09-14 15:12:03,5,60,24.4,47,28.7,1023.1,0.3,0.7,1,497.1,0
2020-09-14 15:17:03,5,59,24.4,47,28.7,1023.1,0.3,1.0,11,497.1,0
2020-09-14 15:22:03,5,59,24.4,48,28.7,1023.1,0.0,0.0,10,497.1,0
2020-09-14 15:27:03,5,59,24.4,47,28.7,1023.0,0.0,0.7,4,497.1,0
2020-09-14 15:32:03,5,59,24.4,48,28.6,1023.0,0.3,1.0,12,497.1,0
2020-09-14 15:37:03,5,59,24.4,47,28.5,1022.9,0.0,0.7,11,497.1,0
2020-09-14 15:42:03,5,59,24.5,47,28.5,1022.8,0.3,0.7,11,497.1,0
2020-09-14 15:47:03,5,59,24.5,48,28.4,1022.8,0.0,0.7,12,497.1,0
2020-09-14 15:52:03,5,59,24.5,47,28.4,1022.7,0.3,1.0,12,497.1,0
2020-09-14 15:57:03,5,59,24.5,48,28.3,1022.6,0.0,0.0,5,497.1,0
2020-09-14 16:02:03,5,59,24.5,49,28.4,1022.6,0.0,0.0,7,497.1,0
2020-09-14 16:07:03,5,59,24.5,49,28.3,1022.6,0.7,1.0,1,497.1,0
2020-09-14 16:12:03,5,59,24.5,48,28.3,1022.6,0.0,0.0,5,497.1,0
2020-09-14 16:17:03,5,60,24.4,49,28.2,1022.6,0.0,0.0,12,497.1,0
2020-09-14 16:22:03,5,60,24.4,48,28.1,1022.5,0.3,0.7,12,497.1,0
2020-09-14 16:27:03,5,60,24.4,49,28.0,1022.5,0.3,1.0,12,497.1,0
2020-09-14 16:32:03,5,60,24.4,48,28.0,1022.3,0.3,1.0,4,497.1,0
2020-09-14 16:37:03,5,60,24.4,48,27.8,1022.4,0.3,0.7,0,497.1,0
2020-09-14 16:42:03,5,60,24.4,49,27.7,1022.5,0.0,0.7,12,497.1,0
2020-09-14 16:47:03,5,59,24.4,49,27.6,1022.4,0.0,0.0,12,497.1,0
2020-09-14 16:52:03,5,59,24.4,50,27.4,1022.3,0.0,0.0,11,497.1,0
2020-09-14 16:57:03,5,58,24.4,52,27.0,1022.2,0.0,0.7,5,497.1,0
2020-09-14 17:02:03,5,58,24.4,57,26.6,1022.3,0.0,0.0,4,497.1,0
2020-09-14 17:07:03,5,58,24.4,61,26.4,1022.2,0.3,0.7,15,497.1,0
2020-09-14 17:12:03,5,59,24.4,63,26.1,1022.1,0.0,0.7,1,497.1,0
2020-09-14 17:17:03,5,59,24.4,64,25.9,1022.2,0.0,0.0,15,497.1,0
2020-09-14 17:22:03,5,60,24.4,66,25.5,1022.2,0.0,0.0,0,497.1,0
2020-09-14 17:27:03,5,60,24.4,67,25.3,1022.2,0.0,0.0,3,497.1,0
2020-09-14 17:32:03,5,61,24.4,68,25.2,1022.3,0.0,0.0,0,497.1,0
2020-09-14 17:37:03,5,61,24.4,69,24.9,1022.3,0.0,0.0,0,497.1,0
2020-09-14 17:42:03,5,61,24.4,69,24.8,1022.2,0.0,0.0,1,497.1,0
2020-09-14 17:47:03,5,61,24.4,70,24.5,1022.3,0.0,0.0,2,497.1,0
2020-09-14 17:52:03,5,61,24.4,71,24.3,1022.3,0.0,0.0,1,497.1,0
2020-09-14 17:57:03,5,61,24.4,72,23.9,1022.3,0.0,0.0,1,497.1,0
2020-09-14 18:02:03,5,61,24.4,74,23.7,1022.4,0.0,0.0,1,497.1,0
2020-09-14 18:07:03,5,61,24.4,74,23.6,1022.4,0.0,0.0,1,497.1,0
2020-09-14 18:12:03,5,61,24.4,75,23.3,1022.3,0.0,0.0,1,497.1,0
2020-09-14 18:17:03,5,62,24.4,76,23.1,1022.5,0.0,0.0,1,497.1,0
2020-09-14 18:22:03,5,62,24.4,76,23.0,1022.4,0.0,0.0,1,497.1,0
2020-09-14 18:27:03,5,62,24.4,76,22.9,1022.5,0.0,0.0,1,497.1,0
2020-09-14 18:32:03,5,63,24.3,77,22.7,1022.4,0.0,0.0,0,497.1,0
2020-09-14 18:37:03,5,64,24.3,77,22.7,1022.6,0.0,0.0,1,497.1,0
2020-09-14 18:42:03,5,64,24.3,78,22.6,1022.6,0.0,0.0,1,497.1,0
2020-09-14 18:47:03,5,65,24.3,78,22.3,1022.7,0.0,0.0,1,497.1,0
2020-09-14 18:52:03,5,65,24.3,80,22.0,1022.6,0.0,0.0,1,497.1,0
2020-09-14 18:57:03,5,65,24.3,80,21.8,1022.7,0.0,0.0,1,497.1,0
2020-09-14 19:02:03,5,66,24.3,80,21.8,1022.6,0.0,0.0,1,497.1,0
2020-09-14 19:07:03,5,66,24.3,81,21.6,1022.7,0.0,0.0,1,497.1,0
2020-09-14 19:12:03,5,66,24.3,82,21.4,1022.8,0.0,0.0,1,497.1,0
2020-09-14 19:17:03,5,67,24.3,82,21.3,1022.7,0.0,0.0,1,497.1,0
2020-09-14 19:22:03,5,67,24.3,82,21.2,1022.8,0.0,0.0,1,497.1,0
2020-09-14 19:27:03,5,68,24.3,82,21.2,1022.9,0.0,0.0,1,497.1,0
2020-09-14 19:32:03,5,68,24.3,82,21.1,1022.9,0.0,0.0,1,497.1,0
2020-09-14 19:37:03,5,68,24.3,83,20.8,1022.8,0.0,0.0,1,497.1,0
2020-09-14 19:42:03,5,68,24.3,84,20.7,1022.8,0.0,0.0,1,497.1,0
2020-09-14 19:47:03,5,68,24.3,84,20.6,1022.9,0.0,0.0,1,497.1,0
2020-09-14 19:52:03,5,68,24.2,84,20.5,1022.9,0.0,0.0,1,497.1,0
2020-09-14 19:57:03,5,68,24.2,83,20.6,1022.9,0.0,0.0,1,497.1,0
2020-09-14 20:02:03,5,68,24.2,84,20.4,1022.9,0.0,0.0,1,497.1,0
2020-09-14 20:07:03,5,68,24.2,84,20.3,1022.9,0.0,0.0,1,497.1,0
2020-09-14 20:12:03,5,68,24.2,84,20.2,1022.9,0.0,0.0,1,497.1,0
2020-09-14 20:17:03,5,67,24.1,84,20.1,1022.9,0.0,0.0,1,497.1,0
2020-09-14 20:22:03,5,67,24.1,85,20.0,1022.9,0.0,0.0,1,497.1,0
2020-09-14 20:27:03,5,67,24.1,85,19.7,1022.9,0.0,0.0,1,497.1,0
2020-09-14 20:32:03,5,67,24.1,86,19.7,1022.9,0.0,0.0,1,497.1,0
2020-09-14 20:37:03,5,67,24.1,85,19.7,1022.9,0.0,0.0,1,497.1,0
2020-09-14 20:42:03,5,67,24.1,85,19.7,1023.0,0.0,0.0,0,497.1,0
2020-09-14 20:47:03,5,67,24.0,85,19.5,1023.1,0.0,0.0,0,497.1,0
2020-09-14 20:52:03,5,67,24.0,86,19.4,1023.0,0.0,0.0,0,497.1,0
2020-09-14 20:57:03,5,67,24.0,86,19.3,1023.1,0.0,0.0,0,497.1,0
2020-09-14 21:02:03,5,67,24.0,86,19.2,1023.0,0.0,0.0,0,497.1,0
2020-09-14 21:07:03,5,66,24.0,86,19.2,1023.0,0.0,0.0,0,497.1,0
2020-09-14 21:12:03,5,66,24.0,86,19.1,1023.1,0.0,0.0,0,497.1,0
2020-09-14 21:17:03,5,67,23.9,86,19.0,1023.1,0.0,0.0,0,497.1,0
2020-09-14 21:22:03,5,67,23.9,87,18.9,1023.1,0.0,0.0,0,497.1,0
2020-09-14 21:27:03,5,67,23.8,87,18.9,1023.1,0.0,0.0,0,497.1,0
2020-09-14 21:32:03,5,67,23.8,87,18.7,1023.2,0.0,0.0,0,497.1,0
2020-09-14 21:37:03,5,67,23.8,87,18.6,1023.2,0.0,0.0,0,497.1,0
2020-09-14 21:42:03,5,67,23.8,87,18.7,1023.0,0.0,0.0,0,497.1,0
2020-09-14 21:47:03,5,67,23.8,87,18.6,1023.2,0.0,0.0,0,497.1,0
2020-09-14 21:52:03,5,67,23.8,87,18.6,1023.0,0.0,0.0,0,497.1,0
2020-09-14 21:57:03,5,67,23.8,87,18.6,1023.1,0.0,0.0,0,497.1,0
2020-09-14 22:02:03,5,67,23.8,87,18.4,1022.9,0.0,0.0,0,497.1,0
2020-09-14 22:07:03,5,67,23.8,87,18.2,1022.9,0.0,0.0,0,497.1,0
2020-09-14 22:12:03,5,67,23.8,87,18.1,1023.0,0.0,0.0,0,497.1,0
2020-09-14 22:17:03,5,67,23.7,88,18.1,1023.0,0.0,0.0,0,497.1,0
2020-09-14 22:22:03,5,67,23.7,88,18.0,1023.0,0.0,0.0,0,497.1,0
2020-09-14 22:27:03,5,67,23.7,89,17.9,1023.0,0.0,0.0,0,497.1,0
2020-09-14 22:32:03,5,67,23.7,89,17.8,1022.9,0.0,0.0,0,497.1,0
2020-09-14 22:37:03,5,67,23.7,89,17.7,1023.0,0.0,0.0,0,497.1,0
2020-09-14 22:42:03,5,67,23.7,89,17.6,1023.0,0.0,0.0,0,497.1,0
2020-09-14 22:47:03,5,67,23.7,89,17.6,1022.9,0.0,0.0,0,497.1,0
2020-09-14 22:52:03,5,67,23.6,89,17.5,1023.0,0.0,0.0,0,497.1,0
2020-09-14 22:57:03,5,67,23.6,89,17.4,1022.8,0.0,0.0,0,497.1,0
2020-09-14 23:02:03,5,67,23.6,90,17.4,1022.7,0.0,0.0,0,497.1,0
2020-09-14 23:07:03,5,67,23.6,90,17.4,1022.9,0,0,0,497.1,0
2020-09-14 23:12:03,5,67,23.6,90,17.3,1022.8,0,0,0,497.1,0
2020-09-14 23:17:03,5,67,23.6,90,17.2,1022.8,0,0,0,497.1,0
2020-09-14 23:22:03,5,67,23.6,90,17.1,1022.8,0,0,0,497.1,0
2020-09-14 23:27:03,5,67,23.5,90,17.0,1022.8,0,0,0,497.1,0
2020-09-14 23:32:03,5,67,23.5,90,17.0,1022.8,0,0,0,497.1,0
2020-09-14 23:37:03,5,67,23.4,90,17.0,1022.7,0,0,0,497.1,0
2020-09-14 23:42:03,5,67,23.4,90,17.0,1022.8,0,0,0,497.1,0
2020-09-14 23:47:03,5,67,23.4,90,16.9,1022.7,0,0,0,497.1,0
2020-09-14 23:52:03,5,67,23.4,91,16.8,1022.7,0,0,0,497.1,0
2020-09-14 23:57:03,5,67,23.4,91,16.7,1022.8,0,0,0,497.1,0
