2020-09-24 00:02:01,5,65,22.4,88,14.4,1001.4,1.4,2.0,3,506.1,0
2020-09-24 00:07:01,5,65,22.3,88,14.4,1001.3,1.4,2.0,3,506.1,0
2020-09-24 00:12:01,5,65,22.3,88,14.3,1001.5,1.4,3.7,5,506.1,0
2020-09-24 00:17:01,5,65,22.3,87,14.3,1001.5,1.4,2.7,8,506.1,0
2020-09-24 00:22:01,5,65,22.3,87,14.3,1001.5,2.0,3.7,9,506.1,0
2020-09-24 00:27:01,5,65,22.2,87,14.2,1001.7,1.7,3.1,7,506.1,0
2020-09-24 00:32:01,5,64,22.2,87,14.0,1001.9,1.4,3.1,5,506.1,0
2020-09-24 00:37:01,5,64,22.2,87,14.0,1001.9,1.0,2.0,7,506.1,0
2020-09-24 00:42:01,5,64,22.2,87,13.9,1002.0,0.3,1.0,10,506.1,0
2020-09-24 00:47:01,5,64,22.2,86,13.9,1002.1,1.4,2.7,11,506.1,0
2020-09-24 00:52:01,5,64,22.1,85,13.9,1002.3,2.0,3.7,8,506.1,0
2020-09-24 00:57:01,5,64,22.1,85,13.9,1002.3,1.4,3.1,6,506.1,0
2020-09-24 01:02:01,5,64,22.0,84,13.8,1002.3,1.4,3.1,7,506.1,0
2020-09-24 01:07:01,5,65,21.9,84,13.8,1002.5,0.7,1.7,8,506.1,0
2020-09-24 01:12:01,5,65,21.9,83,13.7,1002.5,1.7,3.1,11,506.1,0
2020-09-24 01:17:01,5,64,21.9,83,13.7,1002.7,1.0,2.0,11,506.1,0
2020-09-24 01:22:01,5,64,21.9,83,13.7,1002.7,1.7,4.1,8,506.1,0
2020-09-24 01:27:01,5,64,21.8,82,13.6,1002.8,1.0,2.0,9,506.1,0
2020-09-24 01:32:01,5,64,21.8,82,13.6,1002.8,1.4,2.0,11,506.1,0
2020-09-24 01:37:01,5,64,21.8,83,13.4,1003.1,0.7,2.0,8,506.1,0
2020-09-24 01:42:01,5,64,21.8,82,13.5,1003.2,0.7,1.7,13,506.1,0
2020-09-24 01:47:01,5,64,21.8,82,13.4,1003.5,0.7,1.7,7,506.1,0
2020-09-24 01:52:01,5,64,21.7,83,13.3,1003.5,0.3,0.7,7,506.1,0
2020-09-24 01:57:01,5,64,21.7,82,13.3,1003.4,1.7,3.1,8,506.1,0
2020-09-24 02:02:01,5,64,21.7,83,13.2,1003.5,0.3,1.0,9,506.1,0
2020-09-24 02:07:01,5,64,21.7,82,13.2,1003.6,2.0,2.7,8,506.1,0
2020-09-24 02:12:01,5,64,21.7,83,13.1,1003.7,0.3,1.7,7,506.1,0
2020-09-24 02:17:01,5,64,21.7,82,13.1,1003.8,0.7,1.7,8,506.1,0
2020-09-24 02:22:01,5,63,21.6,82,13.0,1003.9,1.7,3.1,9,506.1,0
2020-09-24 02:27:01,5,63,21.6,82,13.0,1004.1,1.7,4.1,9,506.1,0
2020-09-24 02:32:01,5,63,21.6,82,13.0,1004.1,0.3,2.0,7,506.1,0
2020-09-24 02:37:01,5,63,21.5,82,13.0,1004.2,1.0,2.0,7,506.1,0
2020-09-24 02:42:01,5,63,21.5,81,13.0,1004.4,1.4,2.0,7,506.1,0
2020-09-24 02:47:01,5,63,21.5,81,13.0,1004.4,1.7,2.7,10,506.1,0
2020-09-24 02:52:01,5,63,21.5,80,13.2,1004.6,1.4,3.1,8,506.1,0
2020-09-24 02:57:01,5,63,21.5,79,13.2,1004.5,2.0,3.7,11,506.1,0
2020-09-24 03:02:01,5,63,21.5,80,13.1,1004.4,0.7,1.7,5,506.1,0
2020-09-24 03:07:01,5,63,21.5,80,13.0,1004.5,1.0,2.0,0,506.1,0
2020-09-24 03:12:01,5,62,21.4,79,12.9,1004.7,1.7,5.8,7,506.1,0
2020-09-24 03:17:01,5,62,21.4,78,13.1,1004.7,2.4,3.7,6,506.1,0
2020-09-24 03:22:01,5,62,21.4,79,13.0,1004.9,1.7,3.7,12,506.1,0
2020-09-24 03:27:01,5,62,21.3,79,13.0,1004.9,1.0,2.0,8,506.1,0
2020-09-24 03:32:01,5,62,21.3,79,12.9,1005.1,1.4,3.1,6,506.1,0
2020-09-24 03:37:01,5,62,21.3,80,12.8,1005.0,0.7,1.7,8,506.1,0
2020-09-24 03:42:01,5,62,21.3,79,12.8,1005.2,1.7,3.7,12,506.1,0
2020-09-24 03:47:01,5,62,21.3,80,12.7,1005.2,0.7,1.7,9,506.1,0
2020-09-24 03:52:01,5,62,21.3,80,12.7,1005.4,1.7,2.7,10,506.1,0
2020-09-24 03:57:01,5,62,21.2,80,12.6,1005.4,0.3,1.0,8,506.1,0
2020-09-24 04:02:01,5,61,21.2,81,12.6,1005.4,1.0,2.0,7,506.1,0
2020-09-24 04:07:01,5,61,21.2,80,12.6,1005.5,0.7,1.0,7,506.1,0
2020-09-24 04:12:01,5,61,21.2,80,12.5,1005.6,2.0,4.8,9,506.1,0
2020-09-24 04:17:01,5,61,21.2,81,12.4,1005.6,1.0,2.0,12,506.1,0
2020-09-24 04:22:01,5,61,21.2,81,12.3,1005.8,1.0,2.0,4,506.1,0
2020-09-24 04:27:01,5,61,21.2,81,12.2,1005.9,1.7,3.1,8,506.1,0
2020-09-24 04:32:01,5,61,21.1,82,12.2,1005.9,1.0,2.0,9,506.1,0
2020-09-24 04:37:01,5,61,21.1,82,12.2,1005.9,1.0,2.0,6,506.1,0
2020-09-24 04:42:01,5,61,21.1,82,12.0,1006.0,0.7,1.7,9,506.1,0
2020-09-24 04:47:01,5,61,21.1,82,12.0,1006.1,0.7,1.7,8,506.1,0
2020-09-24 04:52:01,5,61,21.1,82,12.0,1006.1,0.7,1.0,6,506.1,0
2020-09-24 04:57:01,5,61,21.1,82,11.9,1006.0,0.7,2.0,8,506.1,0
2020-09-24 05:02:01,5,61,21.1,82,11.9,1006.2,1.7,2.7,9,506.1,0
2020-09-24 05:07:01,5,61,21.1,82,11.9,1006.0,0.7,1.7,6,506.1,0
2020-09-24 05:12:01,5,62,21.1,82,11.9,1006.1,0.7,1.7,9,506.1,0
2020-09-24 05:17:01,5,62,21.1,82,11.8,1006.2,0.3,1.7,11,506.1,0
2020-09-24 05:22:01,5,62,21.1,81,11.9,1006.2,1.7,3.1,9,506.1,0
2020-09-24 05:27:01,5,62,21.1,81,11.8,1006.2,0.7,1.0,10,506.1,0
2020-09-24 05:32:01,5,62,21.1,81,11.8,1006.2,0.3,1.0,7,506.1,0
2020-09-24 05:37:01,5,62,21.2,81,11.7,1006.1,0.7,1.0,8,506.1,0
2020-09-24 05:42:01,5,63,21.2,82,11.6,1006.1,0.0,0.7,7,506.1,0
2020-09-24 05:47:01,5,63,21.2,82,11.6,1006.0,0.3,0.7,14,506.1,0
2020-09-24 05:52:01,5,64,21.2,82,11.5,1006.0,0.3,1.0,10,506.1,0
2020-09-24 05:57:01,5,64,21.2,82,11.5,1006.2,0.3,1.0,10,506.1,0
2020-09-24 06:02:01,5,64,21.2,83,11.6,1006.3,0.3,1.0,11,506.1,0
2020-09-24 06:07:01,5,63,21.3,83,11.6,1006.2,1.0,2.0,13,506.1,0
2020-09-24 06:12:01,5,63,21.3,82,11.6,1006.1,0.3,1.0,10,506.1,0
2020-09-24 06:17:01,5,63,21.5,82,11.7,1005.9,1.0,2.0,11,506.1,0
2020-09-24 06:22:01,5,63,21.7,82,12.0,1005.9,0.7,1.0,13,506.1,0
2020-09-24 06:27:01,5,63,21.9,81,12.1,1005.7,0.7,1.7,9,506.1,0
2020-09-24 06:32:01,5,61,22.2,81,12.3,1005.4,0.7,1.0,13,506.1,0
2020-09-24 06:37:01,5,61,22.5,81,12.4,1005.3,0.3,0.7,11,506.1,0
2020-09-24 06:42:01,5,60,22.7,81,12.5,1005.3,0.0,0.7,12,506.1,0
2020-09-24 06:47:01,5,61,23.0,82,12.7,1005.0,0.3,1.0,10,506.1,0
2020-09-24 06:52:01,5,61,23.1,83,12.6,1004.9,1.4,1.7,10,506.1,0
2020-09-24 06:57:01,5,60,23.3,84,12.6,1004.8,0.7,1.0,1,506.1,0
2020-09-24 07:02:01,5,59,23.4,85,12.5,1004.8,0.3,1.0,10,506.1,0
2020-09-24 07:07:01,5,59,23.4,85,12.5,1004.8,2.0,3.7,12,506.1,0
2020-09-24 07:12:01,5,58,23.3,85,12.7,1005.0,1.0,2.0,9,506.1,0
2020-09-24 07:17:01,5,58,23.3,85,12.7,1005.0,0.7,1.0,11,506.1,0
2020-09-24 07:22:01,5,58,23.2,85,13.0,1005.1,0.7,1.7,10,506.1,0
2020-09-24 07:27:01,5,58,23.2,85,13.0,1005.0,0.3,0.7,15,506.1,0
2020-09-24 07:32:01,5,58,23.3,84,13.2,1005.0,0.3,1.7,4,506.1,0
2020-09-24 07:37:01,5,58,23.3,85,13.1,1004.9,0.3,1.0,11,506.1,0
2020-09-24 07:42:01,5,58,23.3,85,13.0,1005.0,1.7,4.1,0,506.1,0
2020-09-24 07:47:01,5,58,23.3,85,13.0,1005.0,1.4,3.7,6,506.1,0
2020-09-24 07:52:01,5,58,23.2,85,13.0,1005.1,1.4,2.0,2,506.1,0
2020-09-24 07:57:01,5,58,23.2,84,13.4,1005.0,1.0,2.7,6,506.1,0
2020-09-24 08:02:01,5,59,23.4,82,13.9,1004.8,0.3,0.7,14,506.1,0
2020-09-24 08:07:01,5,59,23.6,80,14.1,1004.4,2.0,3.1,9,506.1,0
2020-09-24 08:12:01,5,58,23.7,80,14.9,1004.3,0.3,1.0,11,506.1,0
2020-09-24 08:17:01,5,57,23.7,80,14.4,1004.4,0.3,0.7,10,506.1,0
2020-09-24 08:22:01,5,57,23.6,79,14.4,1004.5,1.0,3.1,10,506.1,0
2020-09-24 08:27:01,5,57,23.6,79,14.7,1004.4,1.4,2.7,11,506.1,0
2020-09-24 08:32:01,5,57,23.6,78,15.3,1004.5,0.3,1.0,13,506.1,0
2020-09-24 08:37:01,5,57,23.4,76,15.4,1004.4,0.7,2.0,7,506.1,0
2020-09-24 08:42:01,5,57,23.4,75,15.6,1004.5,1.0,1.7,10,506.1,0
2020-09-24 08:47:01,5,58,23.4,76,15.7,1004.5,0.3,1.0,13,506.1,0
2020-09-24 08:52:01,5,58,23.4,77,15.3,1004.6,0.3,1.0,14,506.1,0
2020-09-24 08:57:01,5,58,23.3,76,15.3,1004.6,0.7,1.7,12,506.1,0
2020-09-24 09:06:15,5,58,23.3,76,14.6,1004.6,0.7,1.7,8,506.1,0
2020-09-24 09:11:15,5,58,23.2,75,15.6,1004.5,0.3,0.7,13,506.1,0
2020-09-24 09:16:15,5,58,23.1,71,16.0,1004.6,1.7,3.1,12,506.1,0
2020-09-24 09:21:15,5,59,23.1,68,16.4,1004.6,1.0,2.7,12,506.1,0
2020-09-24 09:26:15,5,59,23.1,67,16.8,1004.7,1.0,2.0,10,506.1,0
2020-09-24 09:31:15,5,59,23.1,65,16.8,1004.7,1.0,2.0,1,506.1,0
2020-09-24 09:36:15,5,59,23.1,64,16.8,1004.7,1.4,3.1,11,506.1,0
2020-09-24 09:41:15,5,59,23.1,63,16.6,1004.6,1.0,1.7,10,506.1,0
2020-09-24 09:46:15,5,59,23.1,63,16.7,1004.6,1.4,2.7,3,506.1,0
2020-09-24 09:51:15,5,59,23.1,63,16.3,1004.4,2.0,5.1,13,506.1,0
2020-09-24 09:56:15,5,59,23.1,61,16.6,1004.3,1.0,2.7,10,506.1,0
2020-09-24 10:01:15,5,59,23.1,60,17.2,1004.3,0.3,1.7,10,506.1,0
2020-09-24 10:06:15,5,59,23.1,61,17.0,1004.3,0.3,1.0,15,506.1,0
2020-09-24 10:11:15,5,59,23.1,60,17.4,1004.1,0.7,1.7,13,506.1,0
2020-09-24 10:16:15,5,59,23.1,59,17.0,1004.0,1.0,1.7,4,506.1,0
2020-09-24 10:21:15,5,59,23.1,59,17.4,1003.9,1.0,3.1,12,506.1,0
2020-09-24 10:26:15,5,59,23.1,57,17.6,1003.9,2.0,4.1,5,506.1,0
2020-09-24 10:31:15,5,59,23.1,59,17.5,1003.8,0.7,1.7,0,506.1,0
2020-09-24 10:36:15,5,58,23.1,58,17.5,1003.8,0.3,1.0,14,506.1,0
2020-09-24 10:41:15,5,57,23.1,59,17.9,1003.9,0.7,1.0,11,506.1,0
2020-09-24 10:46:15,5,56,23.1,57,17.6,1003.7,1.0,3.7,7,506.1,0
2020-09-24 10:51:15,5,56,23.1,58,17.5,1003.7,0.7,1.7,8,506.1,0
2020-09-24 10:56:15,5,55,23.1,58,17.7,1003.9,0.7,2.0,9,506.1,0
2020-09-24 11:01:15,5,55,23.1,59,17.8,1003.8,0.7,1.7,9,506.1,0
2020-09-24 11:06:15,5,55,23.1,60,17.2,1004.0,1.0,2.0,3,506.1,0
2020-09-24 11:11:15,5,55,23.0,60,17.3,1003.9,0.7,1.0,10,506.1,0
2020-09-24 11:16:15,5,55,23.0,60,17.0,1004.0,0.7,1.7,12,506.1,0
2020-09-24 11:21:15,5,55,23.0,61,16.4,1004.0,2.7,5.1,15,506.1,0
2020-09-24 11:26:15,5,55,23.0,62,16.4,1004.0,1.7,2.7,13,506.1,0
2020-09-24 11:31:15,5,55,23.0,62,16.5,1003.9,1.0,2.7,9,506.1,0
2020-09-24 11:36:15,5,55,23.0,62,16.8,1003.9,0.7,1.7,15,506.1,0
2020-09-24 11:41:15,5,55,23.0,62,17.0,1003.7,1.0,2.0,15,506.1,0
2020-09-24 11:46:15,5,55,23.1,61,17.5,1003.8,1.4,3.7,6,506.1,0
2020-09-24 11:51:15,5,56,23.1,62,17.2,1003.9,1.4,2.0,11,506.1,0
2020-09-24 11:56:15,5,56,23.1,63,17.1,1003.8,0.7,1.7,3,506.1,0
2020-09-24 12:01:15,5,56,23.1,63,17.0,1003.8,2.0,3.7,10,506.1,0
2020-09-24 12:06:15,5,56,23.2,64,16.9,1003.7,1.4,2.7,12,506.1,0
2020-09-24 12:11:15,5,56,23.2,64,17.0,1003.6,0.3,1.0,12,506.1,0
2020-09-24 12:16:15,5,56,23.2,63,17.4,1003.6,1.4,3.1,9,506.1,0
2020-09-24 12:21:15,5,56,23.3,62,17.9,1003.6,0.7,2.7,12,506.1,0
2020-09-24 12:26:15,5,56,23.3,63,18.0,1003.3,0.3,1.0,11,506.1,0
2020-09-24 12:31:15,5,56,23.4,62,17.4,1003.5,1.4,2.0,12,506.1,0
2020-09-24 12:36:15,5,56,23.4,63,17.1,1003.4,1.0,2.0,11,506.1,0
2020-09-24 12:41:15,5,56,23.3,65,16.8,1003.3,1.4,2.0,4,506.1,0
2020-09-24 12:46:15,5,56,23.3,66,16.7,1003.3,0.7,1.7,6,506.1,0
2020-09-24 12:51:15,5,57,23.3,66,16.7,1003.4,1.0,2.0,10,506.1,0
2020-09-24 12:56:15,5,57,23.3,66,16.7,1003.4,1.0,2.0,7,506.1,0
2020-09-24 13:01:15,5,57,23.3,68,16.5,1003.7,1.4,4.1,12,506.1,0
2020-09-24 13:06:15,5,57,23.2,78,15.1,1003.5,1.7,2.7,7,506.1,0
2020-09-24 13:11:15,5,57,23.1,82,14.6,1003.5,0.7,1.7,9,506.1,0
2020-09-24 13:16:15,5,57,23.1,83,14.4,1003.6,0.7,1.7,10,506.1,0
2020-09-24 13:21:15,5,57,23.1,84,14.3,1003.5,1.0,1.7,8,506.1,0
2020-09-24 13:26:15,5,57,23.0,84,14.2,1003.5,1.7,3.7,7,506.1,0
2020-09-24 13:31:15,5,57,23.0,85,14.2,1003.5,0.3,1.0,9,506.4,0
2020-09-24 13:36:15,5,58,23.0,86,14.4,1003.5,0.0,0.7,7,506.4,0
2020-09-24 13:41:15,5,57,22.9,85,14.6,1003.5,0.3,1.0,9,506.4,0
2020-09-24 13:46:15,5,58,22.9,85,14.9,1003.5,0.0,0.7,9,506.4,0
2020-09-24 13:51:15,5,58,22.9,85,15.2,1003.6,0.0,0.7,9,506.4,0
2020-09-24 13:56:15,5,58,22.9,81,15.3,1003.4,1.0,3.1,9,506.4,0
2020-09-24 14:01:15,5,58,22.9,80,15.5,1003.6,1.0,2.7,6,506.4,0
2020-09-24 14:06:15,5,58,22.9,80,15.3,1003.6,1.0,2.7,11,506.4,0
2020-09-24 14:11:15,5,58,22.9,82,15.2,1003.5,0.0,0.7,4,506.4,0
2020-09-24 14:16:15,5,58,22.9,82,14.9,1003.9,0.3,2.0,8,506.4,0
2020-09-24 14:21:15,5,58,22.8,85,14.5,1003.5,0.3,2.7,13,506.7,0
2020-09-24 14:26:15,5,58,22.7,87,14.3,1003.5,0.3,1.0,8,506.7,0
2020-09-24 14:31:15,5,58,22.7,88,14.1,1003.6,0.7,2.0,8,507.0,0
2020-09-24 14:36:15,5,58,22.7,88,14.1,1003.6,0.7,1.0,9,507.0,0
2020-09-24 14:41:15,5,58,22.7,89,14.2,1003.6,0.0,0.7,10,507.0,0
2020-09-24 14:46:15,5,58,22.7,89,14.0,1003.7,0.3,1.7,10,507.0,0
2020-09-24 14:51:15,5,59,22.7,90,14.2,1003.7,0.0,0.0,14,507.0,0
2020-09-24 14:56:15,5,60,22.7,90,14.2,1003.4,0.0,0.0,14,507.0,0
2020-09-24 15:01:15,5,60,22.7,89,14.6,1003.3,0.3,1.0,7,507.0,0
2020-09-24 15:06:15,5,60,22.7,87,14.6,1003.0,0.0,0.7,13,507.0,0
2020-09-24 15:11:15,5,60,22.7,86,14.6,1002.9,0.7,1.7,10,507.0,0
2020-09-24 15:16:15,5,60,22.7,87,14.8,1002.9,0.0,0.7,11,507.0,0
2020-09-24 15:21:15,5,60,22.8,87,14.8,1002.8,0.0,0.0,11,507.0,0
2020-09-24 15:26:15,5,60,22.8,86,14.8,1002.5,0.0,0.7,12,507.0,0
2020-09-24 15:31:15,5,60,22.8,85,14.8,1002.3,0.3,1.0,5,507.0,0
2020-09-24 15:36:15,5,60,22.9,85,15.0,1002.7,0.3,0.7,5,507.0,0
2020-09-24 15:41:15,5,60,22.9,85,15.0,1002.4,0.0,0.0,11,507.0,0
2020-09-24 15:46:15,5,60,22.8,84,15.0,1002.3,0.3,0.7,11,507.0,0
2020-09-24 15:51:15,5,59,22.8,85,15.1,1002.2,0.3,1.0,15,507.0,0
2020-09-24 15:56:15,5,59,22.7,85,15.1,1002.1,0.0,0.0,3,507.0,0
2020-09-24 16:01:15,5,59,22.7,84,15.1,1002.3,0.0,0.0,8,507.0,0
2020-09-24 16:06:15,5,59,22.7,85,15.1,1002.2,0.0,0.0,1,507.0,0
2020-09-24 16:11:15,5,58,22.7,85,15.0,1002.1,0.0,0.0,1,507.0,0
2020-09-24 16:16:15,5,61,22.7,85,14.9,1002.0,0.0,0.0,1,507.0,0
2020-09-24 16:21:15,5,62,22.6,86,14.8,1001.8,0.0,0.0,1,507.0,0
2020-09-24 16:26:15,5,62,22.6,85,14.7,1002.0,0.0,0.0,3,507.0,0
2020-09-24 16:31:15,5,63,22.6,85,14.8,1001.9,0.0,0.0,6,507.0,0
2020-09-24 16:36:15,5,63,22.6,85,14.7,1001.9,0.0,0.0,7,507.0,0
2020-09-24 16:41:15,5,63,22.6,86,14.6,1001.8,0.0,0.0,7,507.0,0
2020-09-24 16:46:15,5,63,22.6,86,14.6,1001.7,0.0,0.0,7,507.0,0
2020-09-24 16:51:15,5,63,22.6,84,14.8,1001.6,0.0,0.0,2,507.0,0
2020-09-24 16:56:15,5,63,22.6,82,14.8,1001.3,0.0,0.0,2,507.0,0
2020-09-24 17:01:15,5,64,22.6,78,15.1,1001.4,0.0,0.7,1,507.0,0
2020-09-24 17:06:15,5,64,22.6,78,15.3,1001.4,0.0,0.7,12,507.0,0
2020-09-24 17:11:15,5,64,22.6,77,15.3,1001.2,0.7,1.7,12,507.0,0
2020-09-24 17:16:15,5,65,22.6,76,15.4,1001.1,0.0,0.7,1,507.0,0
2020-09-24 17:21:15,5,65,22.5,77,15.3,1000.9,0.3,1.0,12,507.0,0
2020-09-24 17:26:15,5,65,22.5,77,15.3,1001.0,0.3,1.0,3,507.0,0
2020-09-24 17:31:15,5,65,22.5,78,15.1,1001.0,0.0,0.7,12,507.0,0
2020-09-24 17:36:15,5,65,22.5,78,15.1,1001.0,0.0,0.0,12,507.0,0
2020-09-24 17:41:15,5,65,22.5,76,15.1,1001.0,0.3,0.7,8,507.0,0
2020-09-24 17:46:15,5,65,22.5,76,15.1,1001.1,0.3,1.0,14,507.0,0
2020-09-24 17:51:15,5,65,22.5,76,15.1,1000.9,0.3,1.0,12,507.0,0
2020-09-24 17:56:15,5,65,22.4,76,15.2,1001.0,0.3,1.7,0,507.0,0
2020-09-24 18:01:15,5,65,22.3,76,15.2,1000.8,0.3,1.0,11,507.0,0
2020-09-24 18:06:15,5,65,22.3,75,15.2,1000.7,0.3,1.0,15,507.0,0
2020-09-24 18:11:15,5,65,22.3,80,15.0,1000.7,0.3,1.0,8,507.0,0
2020-09-24 18:16:15,5,65,22.3,81,14.7,1000.9,0.7,1.0,11,507.0,0
2020-09-24 18:21:15,5,64,22.3,82,14.4,1000.8,0.7,2.0,13,507.0,0
2020-09-24 18:26:15,5,64,22.3,84,14.3,1000.7,0.3,0.7,9,507.0,0
2020-09-24 18:31:15,5,64,22.3,84,14.1,1000.6,0.3,1.7,10,507.0,0
2020-09-24 18:36:15,5,64,22.3,85,14.1,1000.5,0.3,0.7,3,507.0,0
2020-09-24 18:41:15,5,64,22.3,85,14.0,1000.5,0.3,1.0,12,507.3,0
2020-09-24 18:46:15,5,64,22.3,85,14.0,1000.3,0.3,1.7,11,507.3,0
2020-09-24 18:51:15,5,64,22.3,86,13.9,1000.3,0.3,1.0,10,507.3,0
2020-09-24 18:56:15,5,64,22.2,86,13.9,1000.4,0.3,1.7,8,507.3,0
2020-09-24 19:01:15,5,64,22.2,86,14.0,1000.3,0.3,1.0,1,507.3,0
2020-09-24 19:06:15,5,64,22.2,86,13.9,1000.3,0.0,0.7,8,507.3,0
2020-09-24 19:11:15,5,64,22.2,86,13.9,1000.3,0.3,1.0,15,507.3,0
2020-09-24 19:16:15,5,64,22.2,86,13.9,1000.3,0.7,2.7,11,507.3,0
2020-09-24 19:21:15,5,64,22.2,86,13.9,1000.4,0.3,1.0,12,507.3,0
2020-09-24 19:26:15,5,64,22.2,87,13.9,1000.5,0.3,1.0,12,507.3,0
2020-09-24 19:31:15,5,64,22.2,87,13.8,1000.5,0.3,1.0,14,507.3,0
2020-09-24 19:36:15,5,64,22.2,88,13.8,1000.2,0.3,1.0,15,507.3,0
2020-09-24 19:41:15,5,65,22.2,88,13.7,1000.3,0.0,0.7,1,507.3,0
2020-09-24 19:46:15,5,65,22.2,89,13.6,1000.2,0.0,1.0,13,507.3,0
2020-09-24 19:51:15,5,65,22.2,89,13.4,1000.1,0.3,1.0,14,507.3,0
2020-09-24 19:56:15,5,65,22.2,89,13.3,1000.2,0.0,1.0,5,507.6,0
2020-09-24 20:01:15,5,66,22.2,90,12.9,1000.1,0.7,2.0,15,507.9,0
2020-09-24 20:06:15,5,66,22.2,91,12.7,999.9,0.3,1.0,13,508.2,0
2020-09-24 20:11:15,5,66,22.2,91,12.5,999.8,0.3,1.7,3,508.5,0
2020-09-24 20:16:15,5,66,22.2,92,12.5,999.5,0.0,0.7,12,508.5,0
2020-09-24 20:21:15,5,66,22.1,92,12.3,999.4,0.3,1.0,12,508.5,0
2020-09-24 20:26:15,5,66,22.2,92,12.2,999.3,0.3,1.7,15,508.8,0
2020-09-24 20:31:15,5,66,22.1,92,12.3,999.3,0.0,0.0,4,508.8,0
2020-09-24 20:36:15,5,66,22.1,93,12.3,998.8,0.0,0.7,12,509.1,0
2020-09-24 20:41:15,5,66,22.1,93,12.3,999.1,0.0,0.0,12,509.4,0
2020-09-24 20:46:15,5,65,22.1,93,12.4,998.8,0.0,0.0,2,509.4,0
2020-09-24 20:51:15,5,65,22.1,93,12.5,998.8,0.0,0.7,5,509.4,0
2020-09-24 20:56:15,5,66,21.9,93,12.5,998.9,0.3,0.7,12,509.4,0
2020-09-24 21:01:15,5,65,21.9,93,12.6,998.8,0.0,0.0,13,509.4,0
2020-09-24 21:06:15,5,65,21.9,93,12.7,998.7,0.3,0.7,13,509.4,0
2020-09-24 21:11:15,5,66,21.9,93,12.7,998.8,0.0,0.7,14,509.4,0
2020-09-24 21:16:15,5,66,21.9,94,12.7,998.8,0.0,0.7,11,509.4,0
2020-09-24 21:21:15,5,66,21.9,94,12.8,999.0,0.3,0.7,4,509.4,0
2020-09-24 21:26:15,5,65,21.9,94,12.9,999.0,0.0,1.0,0,509.4,0
2020-09-24 21:31:15,5,65,21.9,94,12.9,999.1,0.0,0.7,12,509.4,0
2020-09-24 21:36:15,5,65,21.9,94,12.8,999.3,0.3,1.0,1,509.4,0
2020-09-24 21:41:15,5,65,21.8,93,12.8,999.2,0.0,0.7,13,509.4,0
2020-09-24 21:46:15,5,65,21.8,93,12.6,999.0,0.3,1.0,11,509.4,0
2020-09-24 21:51:15,5,65,21.8,92,12.5,999.1,0.7,1.0,12,509.4,0
2020-09-24 21:56:15,5,65,21.8,91,12.5,999.1,0.3,0.7,12,509.4,0
2020-09-24 22:01:15,5,65,21.8,91,12.4,999.0,0.3,0.7,12,509.4,0
2020-09-24 22:06:15,5,65,21.7,90,12.3,999.1,0.3,0.7,11,509.4,0
2020-09-24 22:11:15,5,65,21.7,90,12.4,999.2,0.3,0.7,11,509.4,0
2020-09-24 22:16:15,5,65,21.7,90,12.3,999.0,0.0,0.7,12,509.4,0
2020-09-24 22:21:15,5,65,21.7,90,12.2,999.0,0.3,0.7,10,509.7,0
2020-09-24 22:26:15,5,65,21.7,90,12.2,998.9,0.0,0.0,7,509.7,0
2020-09-24 22:31:15,5,65,21.6,90,12.1,998.8,0.7,2.0,8,509.7,0
2020-09-24 22:36:15,5,64,21.6,90,12.1,998.6,0.0,0.0,11,509.7,0
2020-09-24 22:41:15,5,64,21.5,90,12.0,998.4,0.0,0.7,10,509.7,0
2020-09-24 22:46:15,5,64,21.5,91,12.0,998.6,0.0,0.7,9,509.7,0
2020-09-24 22:51:15,5,64,21.5,91,12.0,998.9,0.3,0.7,11,509.7,0
2020-09-24 22:56:15,5,64,21.5,91,12.0,998.6,0.0,0.7,11,509.7,0
2020-09-24 23:01:15,5,64,21.4,91,11.9,998.9,0.3,1.0,10,509.7,0
2020-09-24 23:06:15,5,64,21.3,91,12.0,998.5,0,0.7,10,509.7,0
2020-09-24 23:11:15,5,64,21.3,92,11.9,998.4,0,0,10,509.7,0
2020-09-24 23:16:15,5,64,21.3,92,11.9,998.5,0.3,1.0,11,509.7,0
2020-09-24 23:21:15,5,64,21.3,92,12.0,998.7,0,0.7,12,509.7,0
2020-09-24 23:26:15,5,64,21.2,92,11.9,998.8,0.7,1.0,7,509.7,0
2020-09-24 23:31:15,5,64,21.2,92,11.9,998.9,0.7,1.7,11,509.7,0
2020-09-24 23:36:15,5,64,21.2,92,11.9,998.9,0.7,2.0,11,509.7,0
2020-09-24 23:41:15,5,64,21.2,92,11.9,999.1,0.3,1.0,8,509.7,0
2020-09-24 23:46:15,5,64,21.2,92,11.8,998.8,0,0.7,1,509.7,0
2020-09-24 23:51:15,5,64,21.1,92,11.8,999.3,0.7,1.7,7,509.7,0
2020-09-24 23:56:15,5,64,21.1,92,11.8,999.5,0,0.7,2,509.7,0
