2020-09-21 00:02:01,6,53,22.2,82,12.4,1021.6,0.0,0.7,1,497.1,0
2020-09-21 00:07:01,5,53,22.2,82,12.4,1021.6,0.0,0.7,1,497.1,0
2020-09-21 00:12:01,5,53,22.2,83,12.2,1021.7,0.0,0.0,1,497.1,0
2020-09-21 00:17:01,5,53,22.2,83,12.1,1021.7,0.0,0.0,1,497.1,0
2020-09-21 00:22:01,5,53,22.2,84,12.0,1021.7,0.0,0.0,1,497.1,0
2020-09-21 00:27:01,5,53,22.1,84,12.0,1021.8,0.0,0.0,1,497.1,0
2020-09-21 00:32:01,5,53,22.1,84,11.9,1021.9,0.0,0.0,1,497.1,0
2020-09-21 00:37:01,5,53,22.1,84,12.0,1022.0,0.0,0.0,0,497.1,0
2020-09-21 00:42:01,5,54,22.0,85,12.1,1021.9,0.3,1.0,15,497.1,0
2020-09-21 00:47:01,5,55,21.9,85,12.0,1022.0,0.3,1.0,1,497.1,0
2020-09-21 00:52:01,5,55,21.9,85,11.9,1021.9,0.0,0.0,14,497.1,0
2020-09-21 00:57:01,5,55,21.9,85,11.9,1021.9,0.0,0.7,14,497.1,0
2020-09-21 01:02:01,5,55,21.9,86,11.8,1021.9,0.0,0.0,0,497.1,0
2020-09-21 01:07:01,5,55,21.9,86,11.8,1021.9,0.0,0.7,14,497.1,0
2020-09-21 01:12:01,5,55,21.9,86,11.8,1021.8,0.0,0.0,13,497.1,0
2020-09-21 01:17:01,5,55,21.9,87,11.7,1021.8,0.0,0.0,13,497.1,0
2020-09-21 01:22:01,5,55,21.8,87,11.6,1021.7,0.0,0.0,13,497.1,0
2020-09-21 01:27:01,5,55,21.8,87,11.7,1021.7,0.0,0.0,15,497.1,0
2020-09-21 01:32:01,5,55,21.8,87,11.5,1021.7,0.0,0.0,15,497.1,0
2020-09-21 01:37:01,5,55,21.8,87,11.5,1021.7,0.0,0.0,0,497.1,0
2020-09-21 01:42:01,5,55,21.8,88,11.4,1021.7,0.0,0.0,0,497.1,0
2020-09-21 01:47:01,5,55,21.8,88,11.5,1021.6,0.0,0.7,14,497.1,0
2020-09-21 01:52:01,5,55,21.8,88,11.4,1021.7,0.0,0.0,14,497.1,0
2020-09-21 01:57:01,5,55,21.7,88,11.4,1021.6,0.0,0.0,14,497.1,0
2020-09-21 02:02:01,5,55,21.7,88,11.2,1021.7,0.0,0.0,14,497.1,0
2020-09-21 02:07:01,5,55,21.7,89,11.2,1021.5,0.0,0.0,14,497.1,0
2020-09-21 02:12:01,5,55,21.7,89,11.2,1021.4,0.0,0.0,14,497.1,0
2020-09-21 02:17:01,5,55,21.7,89,11.1,1021.5,0.0,0.0,14,497.1,0
2020-09-21 02:22:01,5,55,21.7,89,11.2,1021.6,0.0,0.0,14,497.1,0
2020-09-21 02:27:01,5,55,21.7,89,11.2,1021.5,0.0,0.0,14,497.1,0
2020-09-21 02:32:01,5,55,21.6,89,11.3,1021.5,0.0,0.0,14,497.1,0
2020-09-21 02:37:01,5,55,21.6,89,11.3,1021.5,0.0,0.0,14,497.1,0
2020-09-21 02:42:01,5,55,21.6,89,11.2,1021.6,0.0,0.0,14,497.1,0
2020-09-21 02:47:01,5,55,21.6,89,11.1,1021.5,0.0,0.0,14,497.1,0
2020-09-21 02:52:01,5,55,21.6,89,11.0,1021.4,0.0,0.0,14,497.1,0
2020-09-21 02:57:01,5,55,21.5,89,10.9,1021.5,0.0,0.0,14,497.1,0
2020-09-21 03:02:01,5,55,21.5,90,10.9,1021.7,0.0,0.0,14,497.1,0
2020-09-21 03:07:01,5,55,21.5,90,10.8,1021.5,0.0,0.0,14,497.1,0
2020-09-21 03:12:01,5,55,21.5,90,10.8,1021.5,0.0,0.0,14,497.1,0
2020-09-21 03:17:01,5,56,21.5,91,10.7,1021.6,0.0,0.0,14,497.1,0
2020-09-21 03:22:01,5,56,21.5,91,10.7,1021.6,0.0,0.0,14,497.1,0
2020-09-21 03:27:01,5,56,21.5,91,10.7,1021.7,0.0,0.0,14,497.1,0
2020-09-21 03:32:01,5,56,21.5,91,10.7,1021.6,0.0,0.7,14,497.1,0
2020-09-21 03:37:01,5,56,21.5,91,10.8,1021.8,0.0,0.7,0,497.1,0
2020-09-21 03:42:01,5,56,21.4,91,10.7,1021.6,0.0,0.0,14,497.1,0
2020-09-21 03:47:01,5,56,21.4,91,10.6,1021.7,0.0,0.0,14,497.1,0
2020-09-21 03:52:01,5,56,21.4,91,10.6,1021.6,0.0,0.0,14,497.1,0
2020-09-21 03:57:01,5,56,21.3,91,10.5,1021.6,0.0,0.0,14,497.1,0
2020-09-21 04:02:01,5,56,21.3,91,10.4,1021.7,0.0,0.0,14,497.1,0
2020-09-21 04:07:01,5,56,21.3,92,10.3,1021.7,0.0,0.0,14,497.1,0
2020-09-21 04:12:01,5,56,21.3,92,10.4,1021.7,0.0,0.0,14,497.1,0
2020-09-21 04:17:01,5,56,21.3,92,10.4,1021.7,0.0,0.0,14,497.1,0
2020-09-21 04:22:01,5,56,21.3,92,10.4,1021.7,0.0,0.0,14,497.1,0
2020-09-21 04:27:01,5,56,21.3,92,10.3,1021.7,0.0,0.0,14,497.1,0
2020-09-21 04:32:01,5,56,21.3,92,10.3,1021.8,0.0,0.0,14,497.1,0
2020-09-21 04:37:01,5,56,21.2,92,10.2,1021.8,0.0,0.0,14,497.1,0
2020-09-21 04:42:01,5,56,21.2,92,10.2,1021.8,0.0,0.0,14,497.1,0
2020-09-21 04:47:01,5,56,21.2,93,10.3,1021.8,0.0,0.0,14,497.1,0
2020-09-21 04:52:01,5,56,21.2,93,10.3,1021.9,0.0,0.0,14,497.1,0
2020-09-21 04:57:01,5,56,21.2,93,10.2,1021.9,0.0,0.0,14,497.1,0
2020-09-21 05:02:01,5,56,21.2,93,10.2,1021.9,0.0,0.0,14,497.1,0
2020-09-21 05:07:01,5,56,21.2,93,10.2,1022.0,0.0,0.0,0,497.1,0
2020-09-21 05:12:01,5,56,21.2,93,10.2,1022.0,0.0,0.0,0,497.1,0
2020-09-21 05:17:01,5,56,21.2,93,10.2,1022.1,0.0,0.7,0,497.1,0
2020-09-21 05:22:01,5,56,21.2,93,10.2,1022.0,0.0,0.0,0,497.1,0
2020-09-21 05:27:01,5,56,21.1,93,10.2,1021.9,0.0,0.0,0,497.1,0
2020-09-21 05:32:01,5,56,21.1,93,10.1,1021.9,0.0,0.0,0,497.1,0
2020-09-21 05:37:01,5,56,21.1,93,10.1,1021.9,0.0,0.0,0,497.1,0
2020-09-21 05:42:01,5,56,21.1,93,10.1,1022.0,0.0,0.0,0,497.1,0
2020-09-21 05:47:01,5,56,21.1,93,10.1,1022.1,0.0,0.0,0,497.1,0
2020-09-21 05:52:01,5,56,21.1,93,10.1,1022.1,0.0,0.0,0,497.1,0
2020-09-21 05:57:01,5,57,21.1,93,10.2,1022.0,0.0,0.0,0,497.1,0
2020-09-21 06:02:01,5,59,21.1,93,10.3,1021.9,0.0,0.0,0,497.1,0
2020-09-21 06:07:01,5,59,21.2,93,10.6,1022.0,0.0,0.0,0,497.1,0
2020-09-21 06:12:01,5,59,21.3,93,10.7,1021.9,0.0,0.0,0,497.1,0
2020-09-21 06:17:01,5,59,21.5,92,11.2,1021.7,0.0,0.7,0,497.1,0
2020-09-21 06:22:01,5,58,21.6,90,11.8,1021.5,0.0,0.0,0,497.1,0
2020-09-21 06:27:01,5,58,21.8,88,12.1,1021.5,0.0,0.0,0,497.1,0
2020-09-21 06:32:01,5,57,21.9,86,12.2,1021.5,0.3,0.7,0,497.1,0
2020-09-21 06:37:01,5,56,22.2,84,12.8,1021.2,0.0,0.7,1,497.1,0
2020-09-21 06:42:01,5,55,22.3,83,13.3,1021.0,0.0,0.0,1,497.1,0
2020-09-21 06:47:01,5,55,22.5,79,14.0,1020.9,0.0,0.0,1,497.1,0
2020-09-21 06:52:01,5,55,22.6,80,13.9,1020.9,0.0,0.0,14,497.1,0
2020-09-21 06:57:01,5,54,22.7,80,14.0,1020.7,0.0,0.0,14,497.1,0
2020-09-21 07:02:01,5,54,22.9,78,14.2,1020.7,0.0,1.0,14,497.1,0
2020-09-21 07:07:01,5,55,23.0,77,14.8,1020.6,0.0,0.0,14,497.1,0
2020-09-21 07:12:01,5,55,23.1,74,15.5,1020.5,0.0,0.0,14,497.1,0
2020-09-21 07:17:01,5,54,23.1,73,15.5,1020.5,0.0,0.7,14,497.1,0
2020-09-21 07:22:01,5,54,23.2,72,15.6,1020.4,0.0,0.7,3,497.1,0
2020-09-21 07:27:01,5,54,23.3,73,15.3,1020.5,0.0,0.7,2,497.1,0
2020-09-21 07:32:01,5,54,23.3,72,15.6,1020.5,0.0,0.7,15,497.1,0
2020-09-21 07:37:01,5,54,23.3,71,16.0,1020.3,0.0,0.0,2,497.1,0
2020-09-21 07:42:01,5,54,23.3,68,16.5,1020.5,0.3,1.0,13,497.1,0
2020-09-21 07:47:01,5,54,23.2,68,16.7,1020.5,0.0,0.7,13,497.1,0
2020-09-21 07:52:01,5,54,23.1,67,16.9,1020.4,0.0,0.0,13,497.1,0
2020-09-21 07:57:01,5,55,23.1,67,16.9,1020.5,0.0,0.0,13,497.1,0
2020-09-21 08:02:01,5,55,23.1,67,16.8,1020.6,0.0,0.0,13,497.1,0
2020-09-21 08:07:01,5,55,23.0,66,17.1,1020.5,0.3,0.7,13,497.1,0
2020-09-21 08:12:01,5,55,23.0,68,16.8,1020.6,0.0,0.7,13,497.1,0
2020-09-21 08:17:01,5,54,23.0,66,17.0,1020.4,0.0,0.0,1,497.1,0
2020-09-21 08:22:01,5,54,23.0,64,17.5,1020.4,0.0,0.0,1,497.1,0
2020-09-21 08:27:01,5,54,23.0,65,17.8,1020.5,0.0,0.7,1,497.1,0
2020-09-21 08:32:01,5,53,22.9,66,17.3,1020.6,0.3,0.7,14,497.1,0
2020-09-21 08:37:01,5,53,22.9,65,18.0,1020.5,0.0,0.0,14,497.1,0
2020-09-21 08:42:01,5,53,22.9,66,17.3,1020.6,0.3,1.0,0,497.1,0
2020-09-21 08:47:01,5,53,22.9,62,18.5,1020.5,0.0,0.7,0,497.1,0
2020-09-21 08:52:01,5,53,22.9,62,18.2,1020.6,0.0,0.7,0,497.1,0
2020-09-21 08:57:01,5,51,22.9,61,18.6,1020.7,0.0,0.7,14,497.1,0
2020-09-21 09:02:01,5,51,22.9,60,19.0,1020.7,0.0,0.0,14,497.1,0
2020-09-21 09:07:01,5,50,22.8,58,19.5,1020.8,0.0,0.7,14,497.1,0
2020-09-21 09:12:01,5,50,22.8,65,18.4,1020.7,0.3,0.7,1,497.1,0
2020-09-21 09:17:01,5,50,22.7,64,18.9,1020.8,0.3,0.7,2,497.1,0
2020-09-21 09:22:01,5,50,22.7,64,18.2,1020.8,1.0,1.7,1,497.1,0
2020-09-21 09:27:01,5,50,22.7,64,18.9,1020.7,0.0,0.0,0,497.1,0
2020-09-21 09:32:01,5,50,22.7,63,19.2,1020.7,0.3,0.7,3,497.1,0
2020-09-21 09:37:01,5,50,22.7,62,19.1,1020.7,0.7,1.0,2,497.1,0
2020-09-21 09:42:01,5,50,22.7,60,19.8,1020.7,0.0,0.0,2,497.1,0
2020-09-21 09:47:01,5,50,22.7,62,19.6,1020.7,0.3,0.7,15,497.1,0
2020-09-21 09:52:01,5,50,22.7,59,19.6,1020.6,0.3,1.0,15,497.1,0
2020-09-21 09:57:01,5,50,22.7,58,20.4,1020.5,0.3,1.0,1,497.1,0
2020-09-21 10:02:01,5,50,22.7,55,21.2,1020.5,0.3,0.7,14,497.1,0
2020-09-21 10:07:01,5,49,22.7,54,21.7,1020.4,0.0,0.7,14,497.1,0
2020-09-21 10:12:01,5,49,22.7,57,20.6,1020.3,0.3,1.0,1,497.1,0
2020-09-21 10:17:01,5,49,22.7,56,20.6,1020.2,1.0,1.0,15,497.1,0
2020-09-21 10:22:01,5,49,22.7,53,21.6,1020.3,0.3,1.0,15,497.1,0
2020-09-21 10:27:01,5,49,22.7,55,21.1,1020.1,0.7,1.7,15,497.1,0
2020-09-21 10:32:01,5,49,22.8,57,21.1,1020.0,0.3,1.0,14,497.1,0
2020-09-21 10:37:01,5,49,22.8,54,22.0,1020.2,0.3,0.7,14,497.1,0
2020-09-21 10:42:01,5,49,22.9,54,21.8,1020.0,0.0,0.7,2,497.1,0
2020-09-21 10:47:01,5,49,22.9,53,21.9,1019.8,0.3,0.7,2,497.1,0
2020-09-21 10:52:01,5,49,22.9,51,22.9,1019.8,0.0,0.0,12,497.1,0
2020-09-21 10:57:01,5,49,22.9,50,23.4,1019.9,0.3,1.0,13,497.1,0
2020-09-21 11:02:01,5,50,23.0,48,23.5,1019.7,0.3,0.7,13,497.1,0
2020-09-21 11:07:01,5,50,23.0,50,23.7,1019.7,0.3,1.0,13,497.1,0
2020-09-21 11:12:01,5,50,23.0,50,23.3,1019.5,0.0,0.7,13,497.1,0
2020-09-21 11:17:01,5,50,23.0,48,23.8,1019.6,0.3,0.7,13,497.1,0
2020-09-21 11:22:01,5,50,23.0,46,24.2,1019.5,0.3,1.0,14,497.1,0
2020-09-21 11:27:01,5,50,23.0,49,23.7,1019.4,0.0,0.7,14,497.1,0
2020-09-21 11:32:01,5,50,23.0,49,23.8,1019.4,0.3,0.7,14,497.1,0
2020-09-21 11:37:01,5,50,23.0,45,24.5,1019.4,0.0,0.7,14,497.1,0
2020-09-21 11:42:01,5,49,23.0,46,25.1,1019.5,0.3,1.0,13,497.1,0
2020-09-21 11:47:01,5,49,23.0,46,24.7,1019.3,0.3,1.0,13,497.1,0
2020-09-21 11:52:01,5,49,23.1,47,24.7,1019.3,0.0,0.7,12,497.1,0
2020-09-21 11:57:01,5,49,23.1,46,24.8,1019.4,0.3,0.7,2,497.1,0
2020-09-21 12:02:01,5,49,23.1,45,24.8,1019.2,0.0,0.7,2,497.1,0
2020-09-21 12:07:01,5,49,23.1,44,24.6,1019.1,0.3,1.0,1,497.1,0
2020-09-21 12:12:01,5,49,23.1,43,25.7,1019.2,0.3,0.7,11,497.1,0
2020-09-21 12:17:01,5,49,23.1,47,24.4,1019.1,0.0,0.7,0,497.1,0
2020-09-21 12:22:01,5,49,23.1,43,25.5,1019.0,0.0,0.7,13,497.1,0
2020-09-21 12:27:01,5,49,23.1,43,25.2,1019.0,0.0,0.7,5,497.1,0
2020-09-21 12:32:01,5,49,23.1,41,26.2,1018.9,0.0,0.7,12,497.1,0
2020-09-21 12:38:01,6,49,23.1,41,26.1,1018.9,0.3,0.7,4,497.1,0
2020-09-21 12:43:01,5,49,23.1,42,25.3,1018.9,0.3,0.7,1,497.1,0
2020-09-21 12:48:01,5,49,23.1,39,26.1,1018.9,0.3,1.0,11,497.1,0
2020-09-21 12:53:01,5,50,23.1,40,26.6,1018.8,0.0,0.7,4,497.1,0
2020-09-21 12:58:01,5,50,23.1,38,25.6,1018.9,0.3,1.0,13,497.1,0
2020-09-21 13:03:01,5,49,23.2,38,25.9,1018.8,0.3,1.0,15,497.1,0
2020-09-21 13:08:01,5,49,23.2,41,25.1,1018.7,0.7,1.7,0,497.1,0
2020-09-21 13:13:01,5,48,23.3,42,25.0,1018.7,0.0,0.7,2,497.1,0
2020-09-21 13:18:01,5,48,23.3,40,25.8,1018.6,0.3,1.0,12,497.1,0
2020-09-21 13:23:01,5,48,23.3,39,25.6,1018.5,0.0,0.0,3,497.1,0
2020-09-21 13:28:01,5,48,23.3,38,26.3,1018.5,0.7,1.0,11,497.1,0
2020-09-21 13:34:01,6,49,23.4,39,26.2,1018.4,0.3,1.0,12,497.1,0
2020-09-21 13:39:01,5,49,23.4,37,26.4,1018.3,0.0,0.7,15,497.1,0
2020-09-21 13:44:01,5,48,23.4,39,26.4,1018.2,0.0,0.0,12,497.1,0
2020-09-21 13:50:01,6,48,23.5,37,27.5,1018.1,0.0,0.7,4,497.1,0
2020-09-21 13:55:01,5,48,23.6,37,27.8,1017.9,0.0,0.0,3,497.1,0
2020-09-21 14:00:01,5,48,23.6,37,27.2,1018.0,0.0,0.7,9,497.1,0
2020-09-21 14:06:01,6,47,23.6,39,25.5,1017.9,0.0,0.7,15,497.1,0
2020-09-21 14:11:01,5,47,23.7,39,25.8,1017.8,0.0,0.0,0,497.1,0
2020-09-21 14:16:01,5,46,23.7,36,26.3,1017.7,0.0,0.0,6,497.1,0
2020-09-21 14:22:01,6,46,23.7,36,27.1,1017.7,0.0,0.0,6,497.1,0
2020-09-21 14:27:01,5,46,23.8,38,25.7,1017.6,0.3,0.7,14,497.1,0
2020-09-21 14:32:01,5,46,23.8,41,24.6,1017.5,0.3,0.7,0,497.1,0
2020-09-21 14:38:01,6,45,23.8,41,24.4,1017.4,0.3,0.7,4,497.1,0
2020-09-21 14:43:01,5,45,23.8,41,24.0,1017.4,0.3,0.7,2,497.1,0
2020-09-21 14:48:01,5,45,23.9,40,24.2,1017.3,0.3,0.7,11,497.1,0
2020-09-21 14:54:01,6,45,23.9,40,23.8,1017.3,0.0,0.0,2,497.1,0
2020-09-21 14:59:01,5,43,24.0,41,23.8,1017.2,0.3,0.7,0,497.1,0
2020-09-21 15:04:01,5,43,24.0,41,23.8,1017.2,0.3,1.0,0,497.1,0
2020-09-21 15:10:01,6,43,24.0,41,23.6,1017.3,0.3,1.0,15,497.1,0
2020-09-21 15:15:01,5,42,24.0,41,23.5,1017.2,0.0,0.7,2,497.1,0
2020-09-21 15:20:01,5,42,24.1,41,23.5,1017.1,0.0,0.7,3,497.1,0
2020-09-21 15:26:01,6,42,24.1,41,23.4,1017.0,0.0,0.7,3,497.1,0
2020-09-21 15:31:01,5,42,24.1,41,23.4,1017.1,0.0,0.7,15,497.1,0
2020-09-21 15:36:01,5,43,24.1,40,23.4,1017.0,0.3,1.0,14,497.1,0
2020-09-21 15:42:01,6,43,24.1,39,23.3,1017.0,0.0,0.7,15,497.1,0
2020-09-21 15:47:01,5,43,24.1,41,23.2,1017.0,0.0,0.0,14,497.1,0
2020-09-21 15:52:01,5,42,24.1,43,23.2,1016.9,0.0,0.0,14,497.1,0
2020-09-21 15:58:01,6,42,24.0,43,23.1,1016.9,0.3,0.7,14,497.1,0
2020-09-21 16:03:01,5,42,24.0,44,23.1,1017.0,0.0,0.0,15,497.1,0
2020-09-21 16:08:01,5,42,24.0,44,23.0,1016.9,0.0,0.7,15,497.1,0
2020-09-21 16:14:01,6,44,24.0,46,22.9,1017.0,0.0,0.7,15,497.1,0
2020-09-21 16:19:01,5,45,24.0,47,22.8,1016.9,0.0,0.7,15,497.1,0
2020-09-21 16:24:01,5,45,24.0,48,22.7,1017.1,0.0,0.7,3,497.1,0
2020-09-21 16:30:01,6,45,24.0,49,22.5,1017.0,0.0,0.7,2,497.1,0
2020-09-21 16:35:01,5,45,24.0,49,22.3,1017.0,0.0,0.0,0,497.1,0
2020-09-21 16:40:01,5,45,24.0,50,22.3,1016.9,0.0,0.0,15,497.1,0
2020-09-21 16:46:01,6,46,23.9,50,22.1,1016.9,0.0,0.0,0,497.1,0
2020-09-21 16:51:01,5,46,23.9,52,21.9,1017.0,0.0,0.0,15,497.1,0
2020-09-21 16:56:01,5,46,23.9,52,21.6,1017.0,0.0,0.0,15,497.1,0
2020-09-21 17:02:01,6,47,23.8,51,21.4,1017.0,0.0,0.0,15,497.1,0
2020-09-21 17:07:01,5,47,23.8,52,21.3,1016.9,0.0,0.7,0,497.1,0
2020-09-21 17:12:01,5,48,23.8,53,21.0,1017.0,0.0,0.0,0,497.1,0
2020-09-21 17:18:01,6,48,23.8,55,20.7,1017.0,0.0,0.0,0,497.1,0
2020-09-21 17:23:01,5,48,23.8,57,20.3,1017.0,0.0,0.0,0,497.1,0
2020-09-21 17:28:01,5,48,23.8,59,20.0,1017.1,0.0,0.0,0,497.1,0
2020-09-21 17:34:01,6,48,23.8,61,19.5,1017.0,0.0,0.0,0,497.1,0
2020-09-21 17:39:01,5,49,23.7,62,19.2,1017.0,0.0,0.0,0,497.1,0
2020-09-21 17:44:01,5,49,23.7,63,18.9,1017.1,0.0,0.0,0,497.1,0
2020-09-21 17:50:01,6,51,23.7,66,18.3,1017.1,0.0,0.0,0,497.1,0
2020-09-21 17:55:01,5,51,23.7,67,18.0,1017.1,0.0,0.0,0,497.1,0
2020-09-21 18:00:01,5,52,23.6,68,17.7,1017.1,0.0,0.0,0,497.1,0
2020-09-21 18:06:01,6,52,23.6,70,17.4,1017.1,0.0,0.0,0,497.1,0
2020-09-21 18:11:01,5,52,23.6,70,17.2,1017.2,0.0,0.0,0,497.1,0
2020-09-21 18:16:01,5,52,23.6,70,17.2,1017.3,0.0,0.0,0,497.1,0
2020-09-21 18:22:01,6,52,23.6,69,17.4,1017.4,0.0,0.0,1,497.1,0
2020-09-21 18:27:01,5,52,23.6,70,17.3,1017.4,0.0,0.0,1,497.1,0
2020-09-21 18:32:01,5,52,23.5,70,17.1,1017.5,0.0,0.0,1,497.1,0
2020-09-21 18:37:01,5,52,23.5,69,17.3,1017.5,0.0,0.0,1,497.1,0
2020-09-21 18:42:01,5,52,23.4,70,17.3,1017.4,0.0,0.0,1,497.1,0
2020-09-21 18:47:01,5,52,23.4,71,17.1,1017.5,0.0,0.0,1,497.1,0
2020-09-21 18:52:01,5,52,23.4,72,16.8,1017.4,0.0,0.0,1,497.1,0
2020-09-21 18:57:01,5,53,23.4,72,16.8,1017.5,0.0,0.0,1,497.1,0
2020-09-21 19:02:01,5,53,23.4,73,16.6,1017.5,0.0,0.0,1,497.1,0
2020-09-21 19:07:01,5,52,23.4,74,16.5,1017.5,0.0,0.0,1,497.1,0
2020-09-21 19:12:01,5,52,23.4,75,16.4,1017.5,0.0,0.0,1,497.1,0
2020-09-21 19:17:01,5,52,23.3,75,16.5,1017.5,0.0,0.0,1,497.1,0
2020-09-21 19:22:01,5,52,23.3,76,16.4,1017.7,0.0,0.0,1,497.1,0
2020-09-21 19:27:01,5,53,23.3,76,16.2,1017.6,0.0,0.0,1,497.1,0
2020-09-21 19:32:01,5,53,23.2,77,16.0,1017.6,0.0,0.0,1,497.1,0
2020-09-21 19:37:01,5,53,23.2,78,15.8,1017.6,0.0,0.0,1,497.1,0
2020-09-21 19:42:01,5,53,23.2,78,15.7,1017.7,0.0,0.0,1,497.1,0
2020-09-21 19:47:01,5,53,23.1,78,15.8,1017.6,0.0,0.0,1,497.1,0
2020-09-21 19:52:01,5,53,23.1,77,15.7,1017.7,0.0,0.0,15,497.1,0
2020-09-21 19:57:01,5,54,23.1,78,15.6,1017.9,0.0,0.0,15,497.1,0
2020-09-21 20:02:01,5,54,23.1,78,15.5,1017.8,0.0,0.0,15,497.1,0
2020-09-21 20:07:01,5,54,23.1,78,15.2,1017.7,0.0,0.0,15,497.1,0
2020-09-21 20:12:01,5,54,23.1,80,14.9,1017.7,0.0,0.0,15,497.1,0
2020-09-21 20:17:01,5,54,23.1,79,15.2,1017.7,0.0,0.0,15,497.1,0
2020-09-21 20:22:01,5,54,23.1,79,15.2,1017.6,0.0,0.0,15,497.1,0
2020-09-21 20:27:01,5,55,23.1,80,15.0,1017.7,0.0,0.0,15,497.1,0
2020-09-21 20:32:01,5,55,23.1,80,14.7,1017.7,0.0,0.0,15,497.1,0
2020-09-21 20:37:01,5,55,23.1,81,14.6,1017.7,0.0,0.0,15,497.1,0
2020-09-21 20:42:01,5,55,23.1,81,14.4,1017.6,0.0,0.0,15,497.1,0
2020-09-21 20:47:01,5,55,23.1,82,14.2,1017.7,0.0,0.0,15,497.1,0
2020-09-21 20:52:01,5,55,23.0,82,14.1,1017.7,0.0,0.0,15,497.1,0
2020-09-21 20:57:01,5,55,23.0,83,14.1,1017.7,0.0,0.0,15,497.1,0
2020-09-21 21:02:01,5,55,23.0,83,13.9,1017.7,0.0,0.0,15,497.1,0
2020-09-21 21:07:01,5,55,23.0,84,13.9,1017.5,0.0,0.0,15,497.1,0
2020-09-21 21:12:01,5,55,23.0,84,13.8,1017.7,0.0,0.0,15,497.1,0
2020-09-21 21:17:01,5,55,23.0,84,13.7,1017.5,0.0,0.0,15,497.1,0
2020-09-21 21:22:01,5,55,23.0,84,13.4,1017.7,0.0,0.0,15,497.1,0
2020-09-21 21:27:01,5,55,23.0,85,13.3,1017.7,0.0,0.0,15,497.1,0
2020-09-21 21:32:01,5,55,23.0,86,13.3,1017.6,0.0,0.0,15,497.1,0
2020-09-21 21:37:01,5,55,22.9,87,13.4,1017.7,0.0,0.0,15,497.1,0
2020-09-21 21:42:01,5,55,22.9,86,13.4,1017.7,0.0,0.0,15,497.1,0
2020-09-21 21:47:01,5,55,22.9,86,13.5,1017.7,0.0,0.0,15,497.1,0
2020-09-21 21:52:01,5,55,22.9,86,13.3,1017.8,0.0,0.0,15,497.1,0
2020-09-21 21:57:01,5,55,22.9,86,13.2,1017.7,0.0,0.0,15,497.1,0
2020-09-21 22:02:01,5,55,22.8,86,13.1,1017.8,0.0,0.0,15,497.1,0
2020-09-21 22:07:01,5,55,22.8,87,13.1,1017.9,0.0,0.0,15,497.1,0
2020-09-21 22:12:01,5,55,22.8,87,13.0,1017.8,0.0,0.0,15,497.1,0
2020-09-21 22:17:01,5,55,22.7,88,13.1,1017.9,0.0,0.0,15,497.1,0
2020-09-21 22:22:01,5,55,22.7,88,13.1,1017.9,0.0,0.0,15,497.1,0
2020-09-21 22:27:01,5,55,22.7,87,13.0,1017.9,0.0,0.0,15,497.1,0
2020-09-21 22:32:01,5,55,22.7,88,12.9,1017.8,0.0,0.0,15,497.1,0
2020-09-21 22:37:01,5,55,22.6,88,12.9,1018.0,0.0,0.0,15,497.1,0
2020-09-21 22:42:01,5,55,22.6,88,12.8,1017.9,0.0,0.0,15,497.1,0
2020-09-21 22:47:01,5,55,22.6,88,12.8,1017.9,0.0,0.0,15,497.1,0
2020-09-21 22:52:01,5,55,22.5,88,12.8,1017.9,0.0,0.0,15,497.1,0
2020-09-21 22:57:01,5,55,22.5,88,12.8,1017.9,0.0,0.0,15,497.1,0
2020-09-21 23:02:01,5,55,22.5,88,12.6,1018.0,0.0,0.0,15,497.1,0
2020-09-21 23:07:01,5,55,22.4,88,12.5,1018.0,0,0,15,497.1,0
2020-09-21 23:12:01,5,55,22.3,89,12.5,1018.0,0,0,15,497.1,0
2020-09-21 23:17:01,5,55,22.3,89,12.4,1018.0,0,0,15,497.1,0
2020-09-21 23:22:01,5,55,22.3,89,12.4,1018.0,0,0,15,497.1,0
2020-09-21 23:27:01,5,55,22.3,90,12.4,1018.0,0,0,15,497.1,0
2020-09-21 23:32:01,5,55,22.2,90,12.3,1018.0,0,0,15,497.1,0
2020-09-21 23:37:01,5,55,22.2,90,12.2,1017.9,0,0,15,497.1,0
2020-09-21 23:42:01,5,55,22.2,90,12.1,1018.0,0,0,15,497.1,0
2020-09-21 23:47:01,5,55,22.2,91,12.2,1018.0,0,0,15,497.1,0
2020-09-21 23:52:01,5,55,22.2,91,12.2,1018.0,0,0,15,497.1,0
2020-09-21 23:57:01,5,55,22.1,91,12.0,1018.0,0,0,15,497.1,0
