2026-04-27 00:00:44,1,46,21.0,82,8.1,1024.2,6,9,28,0.0,0,0.0,0
2026-04-27 00:01:45,1,46,21.0,82,8.1,1024.1,5,9,49,0.0,0,0.0,0
2026-04-27 00:02:46,1,46,21.0,82,8.1,1024.3,3,9,22,0.0,0,0.0,0
2026-04-27 00:03:47,1,46,21.0,82,8.1,1024.3,4,7,46,0.0,0,0.0,0
2026-04-27 00:04:48,1,46,21.0,82,8.1,1024.3,3,7,37,0.0,0,0.0,0
2026-04-27 00:05:49,1,46,21.0,82,8.1,1024.3,5,7,35,0.0,0,0.0,0
2026-04-27 00:06:50,1,46,21.0,82,8.0,1024.5,4,7,40,0.0,0,0.0,0
2026-04-27 00:07:51,1,46,21.0,82,8.0,1024.3,6,7,25,0.0,0,0.0,0
2026-04-27 00:08:52,1,46,21.0,82,8.0,1024.2,5,7,28,0.0,0,0.0,0
2026-04-27 00:09:53,1,46,21.0,82,8.0,1024.2,1,9,38,0.0,0,0.0,0
2026-04-27 00:10:54,1,46,21.0,82,8.0,1024.3,5,7,40,0.0,0,0.0,0
2026-04-27 00:11:55,1,46,21.0,82,8.0,1024.2,3,7,42,0.0,0,0.0,0
2026-04-27 00:12:56,1,46,21.0,82,8.0,1024.1,4,7,28,0.0,0,0.0,0
2026-04-27 00:13:57,1,46,21.0,82,7.9,1024.1,3,7,26,0.0,0,0.0,0
2026-04-27 00:14:58,1,46,21.0,82,7.9,1024.1,3,5,39,0.0,0,0.0,0
2026-04-27 00:15:59,1,46,21.0,82,7.9,1024.2,2,5,39,0.0,0,0.0,0
2026-04-27 00:17:00,1,46,21.0,82,7.9,1024.2,4,5,23,0.0,0,0.0,0
2026-04-27 00:18:01,1,46,21.0,82,7.9,1024.3,4,5,53,0.0,0,0.0,0
2026-04-27 00:19:02,1,46,21.0,83,7.8,1024.2,3,5,50,0.0,0,0.0,0
2026-04-27 00:20:03,1,46,21.0,83,7.8,1024.2,1,3,55,0.0,0,0.0,0
2026-04-27 00:21:04,1,46,21.0,83,7.8,1024.1,5,7,37,0.0,0,0.0,0
2026-04-27 00:22:05,1,46,21.0,83,7.8,1024.1,3,7,23,0.0,0,0.0,0
2026-04-27 00:23:06,1,46,21.0,83,7.8,1024.1,5,7,30,0.0,0,0.0,0
2026-04-27 00:24:07,1,46,21.0,83,7.8,1024.1,2,7,33,0.0,0,0.0,0
2026-04-27 00:25:08,1,46,21.0,83,7.8,1024.0,5,7,26,0.0,0,0.0,0
2026-04-27 00:26:09,1,46,21.0,83,7.8,1024.2,3,7,37,0.0,0,0.0,0
2026-04-27 00:27:10,1,46,21.0,83,7.8,1024.1,5,7,18,0.0,0,0.0,0
2026-04-27 00:28:11,1,46,21.0,83,7.8,1024.2,4,7,38,0.0,0,0.0,0
2026-04-27 00:29:12,1,46,21.0,83,7.8,1024.2,5,7,45,0.0,0,0.0,0
2026-04-27 00:30:13,1,46,21.0,83,7.7,1024.2,3,7,29,0.0,0,0.0,0
2026-04-27 00:31:14,1,46,21.0,83,7.7,1023.9,4,7,34,0.0,0,0.0,0
2026-04-27 00:32:15,1,46,21.0,83,7.7,1024.2,3,7,36,0.0,0,0.0,0
2026-04-27 00:33:16,1,46,21.0,83,7.7,1024.0,4,5,28,0.0,0,0.0,0
2026-04-27 00:34:17,1,46,21.0,83,7.7,1024.2,3,7,30,0.0,0,0.0,0
2026-04-27 00:35:18,1,46,21.0,83,7.7,1024.0,3,5,17,0.0,0,0.0,0
2026-04-27 00:36:19,1,46,21.0,82,7.7,1024.1,3,7,37,0.0,0,0.0,0
2026-04-27 00:37:20,1,46,20.9,83,7.7,1024.1,5,9,51,0.0,0,0.0,0
2026-04-27 00:38:21,1,46,21.0,82,7.6,1024.2,7,9,53,0.0,0,0.0,0
2026-04-27 00:39:22,1,46,21.0,82,7.6,1024.1,3,11,19,0.0,0,0.0,0
2026-04-27 00:40:23,1,46,20.9,82,7.6,1024.1,5,9,23,0.0,0,0.0,0
2026-04-27 00:41:24,1,46,21.0,82,7.6,1024.0,6,9,39,0.0,0,0.0,0
2026-04-27 00:42:25,1,46,20.9,82,7.6,1024.2,7,9,61,0.0,0,0.0,0
2026-04-27 00:43:26,1,46,20.9,82,7.6,1024.0,4,9,39,0.0,0,0.0,0
2026-04-27 00:44:27,1,46,21.0,82,7.6,1024.1,4,5,53,0.0,0,0.0,0
2026-04-27 00:45:28,1,46,21.0,82,7.6,1024.2,2,5,26,0.0,0,0.0,0
2026-04-27 00:46:29,1,46,21.0,82,7.6,1024.1,4,7,46,0.0,0,0.0,0
2026-04-27 00:47:30,1,46,21.0,82,7.6,1024.2,4,7,34,0.0,0,0.0,0
2026-04-27 00:48:31,1,46,21.0,82,7.6,1024.1,4,7,43,0.0,0,0.0,0
2026-04-27 00:49:32,1,46,20.9,82,7.6,1024.3,2,7,26,0.0,0,0.0,0
2026-04-27 00:50:33,1,46,20.9,82,7.6,1024.3,4,7,25,0.0,0,0.0,0
2026-04-27 00:51:34,1,46,20.9,82,7.5,1024.3,2,5,43,0.0,0,0.0,0
2026-04-27 00:52:35,1,46,20.9,82,7.5,1024.3,3,5,15,0.0,0,0.0,0
2026-04-27 00:53:36,1,46,20.9,82,7.5,1024.1,3,5,27,0.0,0,0.0,0
2026-04-27 00:54:37,1,46,20.9,82,7.5,1024.3,1,5,30,0.0,0,0.0,0
2026-04-27 00:55:38,1,46,20.9,82,7.4,1024.3,6,7,26,0.0,0,0.0,0
2026-04-27 00:56:39,1,46,20.9,82,7.4,1024.3,5,7,19,0.0,0,0.0,0
2026-04-27 00:57:40,1,46,21.0,82,7.4,1024.2,3,7,41,0.0,0,0.0,0
2026-04-27 00:58:41,1,46,20.9,82,7.4,1024.1,2,7,53,0.0,0,0.0,0
2026-04-27 00:59:42,1,46,20.9,82,7.4,1024.3,2,5,35,0.0,0,0.0,0
2026-04-27 01:00:43,1,46,20.9,82,7.4,1024.2,2,5,25,0.0,0,0.0,0
2026-04-27 01:01:44,1,46,21.0,82,7.4,1024.3,3,9,35,0.0,0,0.0,0
2026-04-27 01:02:45,1,46,20.9,82,7.4,1024.2,4,5,29,0.0,0,0.0,0
2026-04-27 01:03:46,1,46,20.9,82,7.4,1024.3,3,5,30,0.0,0,0.0,0
2026-04-27 01:04:47,1,46,20.9,82,7.4,1024.1,2,5,44,0.0,0,0.0,0
2026-04-27 01:05:48,1,46,20.9,82,7.4,1024.2,1,5,33,0.0,0,0.0,0
2026-04-27 01:06:49,1,46,20.9,82,7.4,1024.2,1,3,35,0.0,0,0.0,0
2026-04-27 01:07:50,1,46,20.9,82,7.4,1024.2,2,3,39,0.0,0,0.0,0
2026-04-27 01:08:51,1,46,20.9,82,7.3,1024.3,1,3,55,0.0,0,0.0,0
2026-04-27 01:09:52,1,46,20.9,82,7.3,1024.0,1,5,45,0.0,0,0.0,0
2026-04-27 01:10:53,1,46,20.9,82,7.3,1024.1,1,5,42,0.0,0,0.0,0
2026-04-27 01:11:54,1,46,20.9,82,7.3,1024.2,3,5,28,0.0,0,0.0,0
2026-04-27 01:12:55,1,46,20.9,82,7.3,1024.1,1,5,39,0.0,0,0.0,0
2026-04-27 01:13:56,1,46,20.9,82,7.2,1024.1,3,5,42,0.0,0,0.0,0
2026-04-27 01:14:57,1,46,20.9,82,7.2,1024.3,6,7,42,0.0,0,0.0,0
2026-04-27 01:15:58,1,46,20.9,82,7.2,1024.1,2,7,36,0.0,0,0.0,0
2026-04-27 01:16:59,1,46,20.9,82,7.2,1024.2,3,5,38,0.0,0,0.0,0
2026-04-27 01:18:00,1,46,20.9,82,7.2,1024.2,6,7,35,0.0,0,0.0,0
2026-04-27 01:19:01,1,46,20.9,82,7.2,1024.2,3,7,37,0.0,0,0.0,0
2026-04-27 01:20:02,1,46,20.9,82,7.2,1024.0,3,7,23,0.0,0,0.0,0
2026-04-27 01:21:03,1,46,20.9,82,7.1,1024.0,4,7,42,0.0,0,0.0,0
2026-04-27 01:22:04,1,46,20.9,82,7.1,1024.0,3,7,40,0.0,0,0.0,0
2026-04-27 01:23:05,1,46,20.9,82,7.1,1024.0,2,7,23,0.0,0,0.0,0
2026-04-27 01:24:06,1,46,20.9,82,7.1,1024.1,3,5,19,0.0,0,0.0,0
2026-04-27 01:25:07,1,46,20.9,82,7.1,1024.1,5,7,28,0.0,0,0.0,0
2026-04-27 01:26:08,1,46,20.9,82,7.1,1024.0,4,7,25,0.0,0,0.0,0
2026-04-27 01:27:09,1,46,20.9,82,7.1,1023.9,3,7,32,0.0,0,0.0,0
2026-04-27 01:28:10,1,46,20.9,82,7.1,1024.1,1,7,32,0.0,0,0.0,0
2026-04-27 01:29:11,1,46,20.9,82,7.1,1024.2,3,7,30,0.0,0,0.0,0
2026-04-27 01:30:12,1,46,20.9,82,7.1,1024.1,2,7,41,0.0,0,0.0,0
2026-04-27 01:31:13,1,46,20.9,82,7.1,1024.0,1,3,34,0.0,0,0.0,0
2026-04-27 01:32:14,1,46,20.9,82,7.1,1024.0,6,9,33,0.0,0,0.0,0
2026-04-27 01:33:15,1,46,20.9,82,7.1,1024.0,1,9,24,0.0,0,0.0,0
2026-04-27 01:34:16,1,46,20.9,82,7.1,1024.1,2,3,34,0.0,0,0.0,0
2026-04-27 01:35:17,1,46,20.9,82,7.1,1024.0,3,5,40,0.0,0,0.0,0
2026-04-27 01:36:18,1,46,20.9,82,7.0,1024.0,2,5,42,0.0,0,0.0,0
2026-04-27 01:37:19,1,46,20.9,82,7.0,1024.0,2,5,47,0.0,0,0.0,0
2026-04-27 01:38:20,1,46,20.9,82,7.0,1023.9,4,7,32,0.0,0,0.0,0
2026-04-27 01:39:21,1,46,20.9,82,7.0,1024.0,2,7,43,0.0,0,0.0,0
2026-04-27 01:40:22,1,46,20.9,82,6.9,1023.9,5,7,35,0.0,0,0.0,0
2026-04-27 01:41:23,1,46,20.9,82,6.9,1024.0,3,7,32,0.0,0,0.0,0
2026-04-27 01:42:24,1,46,20.9,82,6.9,1024.0,3,5,43,0.0,0,0.0,0
2026-04-27 01:43:25,1,46,20.9,82,6.9,1023.8,5,5,28,0.0,0,0.0,0
2026-04-27 01:44:26,1,46,20.9,82,6.9,1023.7,3,5,43,0.0,0,0.0,0
2026-04-27 01:45:27,1,46,20.9,82,6.9,1024.1,3,5,46,0.0,0,0.0,0
2026-04-27 01:46:28,1,46,20.9,82,6.9,1023.8,2,5,34,0.0,0,0.0,0
2026-04-27 01:47:29,1,46,20.9,82,6.8,1024.0,4,7,30,0.0,0,0.0,0
2026-04-27 01:48:30,1,46,20.9,82,6.8,1023.7,1,7,52,0.0,0,0.0,0
2026-04-27 01:49:31,1,46,20.9,82,6.8,1024.0,3,7,30,0.0,0,0.0,0
2026-04-27 01:50:32,1,46,20.9,82,6.8,1024.0,3,5,36,0.0,0,0.0,0
2026-04-27 01:51:33,1,46,20.9,82,6.8,1023.9,6,7,48,0.0,0,0.0,0
2026-04-27 01:52:34,1,46,20.9,82,6.8,1023.9,2,7,17,0.0,0,0.0,0
2026-04-27 01:53:35,1,46,20.9,82,6.7,1023.9,3,5,32,0.0,0,0.0,0
2026-04-27 01:54:36,1,46,20.9,82,6.7,1024.0,3,7,30,0.0,0,0.0,0
2026-04-27 01:55:37,1,46,20.9,82,6.7,1023.8,3,7,22,0.0,0,0.0,0
2026-04-27 01:56:38,1,46,20.9,82,6.7,1024.0,4,5,31,0.0,0,0.0,0
2026-04-27 01:57:39,1,46,20.9,82,6.7,1023.9,3,5,29,0.0,0,0.0,0
2026-04-27 01:58:40,1,46,20.9,82,6.7,1024.0,5,7,52,0.0,0,0.0,0
2026-04-27 01:59:41,1,46,20.9,82,6.7,1024.0,3,7,30,0.0,0,0.0,0
2026-04-27 02:00:42,1,46,20.9,82,6.7,1024.1,3,5,39,0.0,0,0.0,0
2026-04-27 02:01:43,1,46,20.9,82,6.7,1024.0,1,5,25,0.0,0,0.0,0
2026-04-27 02:02:44,1,46,20.9,82,6.7,1024.0,2,5,24,0.0,0,0.0,0
2026-04-27 02:03:45,1,46,20.9,82,6.7,1023.9,4,5,49,0.0,0,0.0,0
2026-04-27 02:04:46,1,46,20.9,82,6.7,1024.0,3,7,34,0.0,0,0.0,0
2026-04-27 02:05:47,1,46,20.9,82,6.7,1024.0,4,5,32,0.0,0,0.0,0
2026-04-27 02:06:48,1,46,20.9,82,6.7,1024.1,2,7,36,0.0,0,0.0,0
2026-04-27 02:07:49,1,46,20.9,82,6.7,1024.1,5,7,49,0.0,0,0.0,0
2026-04-27 02:08:50,1,46,20.9,82,6.7,1023.9,1,7,36,0.0,0,0.0,0
2026-04-27 02:09:51,1,46,20.9,82,6.7,1023.8,2,5,36,0.0,0,0.0,0
2026-04-27 02:10:52,1,46,20.9,82,6.7,1024.0,1,5,41,0.0,0,0.0,0
2026-04-27 02:11:53,1,46,20.9,82,6.7,1023.9,3,3,44,0.0,0,0.0,0
2026-04-27 02:12:54,1,46,20.9,82,6.6,1024.0,2,3,46,0.0,0,0.0,0
2026-04-27 02:13:55,1,46,20.9,82,6.6,1024.2,5,7,46,0.0,0,0.0,0
2026-04-27 02:14:56,1,46,20.9,82,6.6,1024.0,2,7,25,0.0,0,0.0,0
2026-04-27 02:15:57,1,46,20.9,83,6.6,1023.9,1,5,20,0.0,0,0.0,0
2026-04-27 02:16:58,1,46,20.9,82,6.6,1023.9,6,9,26,0.0,0,0.0,0
2026-04-27 02:17:59,1,46,20.9,82,6.6,1023.9,4,9,24,0.0,0,0.0,0
2026-04-27 02:19:00,1,46,20.9,82,6.7,1024.0,2,5,44,0.0,0,0.0,0
2026-04-27 02:20:01,1,46,20.9,82,6.7,1023.9,4,7,44,0.0,0,0.0,0
2026-04-27 02:21:02,1,46,20.9,82,6.7,1023.8,3,7,48,0.0,0,0.0,0
2026-04-27 02:22:03,1,46,20.9,82,6.7,1023.8,5,7,51,0.0,0,0.0,0
2026-04-27 02:23:04,1,46,20.9,82,6.7,1023.9,3,7,23,0.0,0,0.0,0
2026-04-27 02:24:05,1,46,20.9,82,6.7,1023.9,4,5,27,0.0,0,0.0,0
2026-04-27 02:25:06,1,46,20.9,82,6.7,1023.8,4,9,43,0.0,0,0.0,0
2026-04-27 02:26:07,1,46,20.9,82,6.7,1023.7,3,9,44,0.0,0,0.0,0
2026-04-27 02:27:08,1,46,20.9,82,6.7,1023.8,4,9,46,0.0,0,0.0,0
2026-04-27 02:28:09,1,46,20.9,82,6.7,1023.7,5,9,38,0.0,0,0.0,0
2026-04-27 02:29:10,1,46,20.9,82,6.6,1023.6,3,7,47,0.0,0,0.0,0
2026-04-27 02:30:11,1,46,20.9,82,6.7,1023.6,3,5,34,0.0,0,0.0,0
2026-04-27 02:31:12,1,46,20.9,82,6.7,1023.8,4,5,35,0.0,0,0.0,0
2026-04-27 02:32:13,1,46,20.9,83,6.6,1023.8,5,5,29,0.0,0,0.0,0
2026-04-27 02:33:14,1,46,20.9,82,6.6,1023.8,3,7,51,0.0,0,0.0,0
2026-04-27 02:34:15,1,46,20.9,83,6.6,1023.8,2,5,48,0.0,0,0.0,0
2026-04-27 02:35:16,1,46,20.9,83,6.6,1023.9,2,3,48,0.0,0,0.0,0
2026-04-27 02:36:17,1,46,20.9,83,6.6,1023.7,3,5,42,0.0,0,0.0,0
2026-04-27 02:37:18,1,46,20.9,83,6.6,1023.6,5,7,40,0.0,0,0.0,0
2026-04-27 02:38:19,1,46,20.9,83,6.5,1023.8,2,7,47,0.0,0,0.0,0
2026-04-27 02:39:20,1,46,20.9,83,6.5,1023.7,4,7,49,0.0,0,0.0,0
2026-04-27 02:40:21,1,46,20.9,83,6.5,1023.6,3,7,39,0.0,0,0.0,0
2026-04-27 02:41:22,1,46,20.9,83,6.5,1023.7,3,7,37,0.0,0,0.0,0
2026-04-27 02:42:23,1,46,20.9,83,6.5,1023.6,5,7,29,0.0,0,0.0,0
2026-04-27 02:43:24,1,46,20.9,83,6.5,1023.7,1,7,51,0.0,0,0.0,0
2026-04-27 02:44:25,1,46,20.8,84,6.5,1023.6,3,5,46,0.0,0,0.0,0
2026-04-27 02:45:26,1,46,20.9,84,6.5,1023.6,3,7,19,0.0,0,0.0,0
2026-04-27 02:46:27,1,46,20.9,84,6.5,1023.7,4,5,25,0.0,0,0.0,0
2026-04-27 02:47:28,1,46,20.8,84,6.5,1023.7,5,7,26,0.0,0,0.0,0
2026-04-27 02:48:29,1,46,20.9,84,6.4,1023.7,1,7,30,0.0,0,0.0,0
2026-04-27 02:49:30,1,46,20.9,84,6.4,1023.8,2,3,28,0.0,0,0.0,0
2026-04-27 02:50:31,1,46,20.9,84,6.4,1023.6,3,5,44,0.0,0,0.0,0
2026-04-27 02:51:32,1,46,20.9,84,6.4,1023.8,2,7,37,0.0,0,0.0,0
2026-04-27 02:52:33,1,46,20.9,84,6.4,1023.8,1,7,49,0.0,0,0.0,0
2026-04-27 02:53:34,1,46,20.9,84,6.4,1023.8,4,5,19,0.0,0,0.0,0
2026-04-27 02:54:35,1,46,20.8,84,6.4,1023.8,2,5,33,0.0,0,0.0,0
2026-04-27 02:55:36,1,46,20.9,84,6.3,1023.7,5,9,57,0.0,0,0.0,0
2026-04-27 02:56:37,1,46,20.9,84,6.3,1023.7,4,9,38,0.0,0,0.0,0
2026-04-27 02:57:38,1,46,20.9,84,6.3,1023.8,3,7,24,0.0,0,0.0,0
2026-04-27 02:58:39,1,46,20.9,85,6.2,1023.8,1,5,51,0.0,0,0.0,0
2026-04-27 02:59:40,1,46,20.9,85,6.2,1023.8,1,5,42,0.0,0,0.0,0
2026-04-27 03:00:41,1,46,20.9,85,6.3,1023.6,3,5,43,0.0,0,0.0,0
2026-04-27 03:01:42,1,46,20.8,85,6.3,1023.8,3,5,38,0.0,0,0.0,0
2026-04-27 03:02:43,1,46,20.9,85,6.3,1023.8,1,3,37,0.0,0,0.0,0
2026-04-27 03:03:44,1,46,20.8,85,6.3,1023.6,2,3,25,0.0,0,0.0,0
2026-04-27 03:04:45,1,46,20.9,85,6.3,1023.6,1,3,30,0.0,0,0.0,0
2026-04-27 03:05:46,1,46,20.9,85,6.3,1023.6,4,5,25,0.0,0,0.0,0
2026-04-27 03:06:47,1,46,20.9,85,6.2,1023.8,0,5,47,0.0,0,0.0,0
2026-04-27 03:07:48,1,46,20.8,85,6.2,1023.8,5,7,47,0.0,0,0.0,0
2026-04-27 03:08:49,1,46,20.9,85,6.2,1023.8,2,7,6,0.0,0,0.0,0
2026-04-27 03:09:50,1,46,20.8,85,6.2,1023.8,3,7,52,0.0,0,0.0,0
2026-04-27 03:10:51,1,46,20.8,85,6.2,1023.8,7,9,42,0.0,0,0.0,0
2026-04-27 03:11:52,1,46,20.9,85,6.2,1023.8,5,9,20,0.0,0,0.0,0
2026-04-27 03:12:53,1,46,20.9,85,6.2,1023.8,2,7,57,0.0,0,0.0,0
2026-04-27 03:13:54,1,46,20.9,85,6.2,1023.8,4,7,38,0.0,0,0.0,0
2026-04-27 03:14:55,1,46,20.8,85,6.2,1023.9,4,7,57,0.0,0,0.0,0
2026-04-27 03:15:56,1,46,20.8,85,6.2,1023.7,3,7,37,0.0,0,0.0,0
2026-04-27 03:16:57,1,46,20.9,85,6.2,1023.9,2,7,32,0.0,0,0.0,0
2026-04-27 03:17:58,1,46,20.8,85,6.2,1023.8,3,7,39,0.0,0,0.0,0
2026-04-27 03:18:59,1,46,20.9,85,6.2,1023.8,3,7,15,0.0,0,0.0,0
2026-04-27 03:20:00,1,46,20.8,85,6.2,1023.7,2,7,33,0.0,0,0.0,0
2026-04-27 03:21:01,1,46,20.9,85,6.2,1023.9,2,7,49,0.0,0,0.0,0
2026-04-27 03:22:02,1,46,20.8,85,6.2,1023.8,3,5,17,0.0,0,0.0,0
2026-04-27 03:23:03,1,46,20.8,85,6.2,1023.8,0,5,44,0.0,0,0.0,0
2026-04-27 03:24:04,1,46,20.8,85,6.2,1023.8,3,7,53,0.0,0,0.0,0
2026-04-27 03:25:05,1,46,20.8,85,6.2,1023.9,1,7,65,0.0,0,0.0,0
2026-04-27 03:26:06,1,46,20.9,85,6.2,1023.8,1,5,11,0.0,0,0.0,0
2026-04-27 03:27:07,1,46,20.8,85,6.2,1023.9,2,3,41,0.0,0,0.0,0
2026-04-27 03:28:08,1,46,20.8,85,6.2,1023.9,1,3,22,0.0,0,0.0,0
2026-04-27 03:29:09,1,46,20.8,85,6.2,1024.0,3,9,47,0.0,0,0.0,0
2026-04-27 03:30:10,1,46,20.8,84,6.2,1023.8,1,7,37,0.0,0,0.0,0
2026-04-27 03:31:11,1,46,20.8,84,6.2,1023.9,2,3,32,0.0,0,0.0,0
2026-04-27 03:32:12,1,46,20.8,85,6.2,1023.9,2,7,53,0.0,0,0.0,0
2026-04-27 03:33:13,1,46,20.9,85,6.1,1023.9,4,7,20,0.0,0,0.0,0
2026-04-27 03:34:14,1,46,20.8,85,6.1,1023.9,0,5,29,0.0,0,0.0,0
2026-04-27 03:35:15,1,46,20.8,85,6.1,1023.7,0,1,37,0.0,0,0.0,0
2026-04-27 03:36:16,1,46,20.8,85,6.1,1023.8,0,0,37,0.0,0,0.0,0
2026-04-27 03:37:17,1,46,20.8,85,6.1,1023.9,0,0,33,0.0,0,0.0,0
2026-04-27 03:38:18,1,46,20.8,85,6.1,1023.9,0,0,33,0.0,0,0.0,0
2026-04-27 03:39:19,1,46,20.8,85,6.1,1024.0,0,5,8,0.0,0,0.0,0
2026-04-27 03:40:20,1,46,20.8,85,6.1,1024.0,1,3,24,0.0,0,0.0,0
2026-04-27 03:41:21,1,46,20.8,85,6.1,1023.9,3,3,33,0.0,0,0.0,0
2026-04-27 03:42:22,1,46,20.8,85,6.1,1023.9,1,5,40,0.0,0,0.0,0
2026-04-27 03:43:23,1,46,20.8,85,6.1,1024.0,0,5,43,0.0,0,0.0,0
2026-04-27 03:44:24,1,46,20.8,85,6.1,1023.9,1,3,12,0.0,0,0.0,0
2026-04-27 03:45:25,1,46,20.8,85,6.1,1023.9,3,5,28,0.0,0,0.0,0
2026-04-27 03:46:26,1,46,20.8,85,6.1,1023.8,0,5,28,0.0,0,0.0,0
2026-04-27 03:47:27,1,46,20.8,85,6.1,1023.9,1,3,47,0.0,0,0.0,0
2026-04-27 03:48:28,1,46,20.8,84,6.1,1023.9,0,1,47,0.0,0,0.1,0
2026-04-27 03:49:29,1,46,20.8,84,6.1,1024.0,0,1,46,0.0,0,0.1,0
2026-04-27 03:50:30,1,46,20.8,84,6.1,1023.7,0,0,46,0.0,0,0.1,0
2026-04-27 03:51:31,1,46,20.8,84,6.0,1023.9,2,3,10,0.0,0,0.1,0
2026-04-27 03:52:32,1,46,20.8,85,6.0,1023.9,1,3,30,0.0,0,0.1,0
2026-04-27 03:53:33,1,46,20.8,85,6.0,1023.8,0,5,22,0.0,0,0.1,0
2026-04-27 03:54:34,1,46,20.8,85,6.0,1023.8,2,5,13,0.0,0,0.1,0
2026-04-27 03:55:35,1,46,20.8,85,6.0,1024.0,0,5,17,0.0,0,0.1,0
2026-04-27 03:56:36,1,46,20.8,84,6.0,1023.8,3,5,35,0.0,0,0.1,0
2026-04-27 03:57:37,1,46,20.8,85,6.0,1023.8,1,5,28,0.0,0,0.2,0
2026-04-27 03:58:38,1,46,20.8,85,6.0,1023.8,0,3,33,0.0,0,0.2,0
2026-04-27 03:59:39,1,46,20.8,85,6.0,1024.0,1,3,41,0.0,0,0.2,0
2026-04-27 04:00:40,1,46,20.8,85,6.0,1024.0,1,3,19,0.0,0,0.3,0
2026-04-27 04:01:41,1,46,20.8,84,6.0,1024.0,1,3,36,0.0,0,0.3,0
2026-04-27 04:02:42,1,46,20.8,85,6.0,1023.9,0,1,26,0.0,0,0.4,0
2026-04-27 04:03:43,1,46,20.8,85,6.0,1024.1,0,1,26,0.0,0,0.5,0
2026-04-27 04:04:44,1,46,20.8,85,6.0,1024.0,2,3,12,0.0,0,0.5,0
2026-04-27 04:05:45,1,46,20.8,85,5.9,1023.9,1,3,16,0.0,0,0.6,0
2026-04-27 04:06:46,1,46,20.8,85,5.9,1023.9,2,3,33,0.0,0,0.7,0
2026-04-27 04:07:47,1,46,20.8,85,6.0,1023.9,2,3,38,0.0,0,0.8,0
2026-04-27 04:08:48,1,46,20.8,85,6.0,1024.1,0,5,26,0.0,0,0.9,0
2026-04-27 04:09:49,1,46,20.8,85,6.0,1024.0,3,5,17,0.0,0,1.0,0
2026-04-27 04:10:50,1,46,20.8,85,6.0,1024.1,2,5,38,0.0,0,1.1,0
2026-04-27 04:11:51,1,46,20.8,85,5.9,1024.1,0,7,39,0.0,0,1.2,0
2026-04-27 04:12:52,1,46,20.8,85,5.9,1023.9,6,7,31,0.0,0,1.3,0
2026-04-27 04:13:53,1,46,20.8,85,5.9,1024.0,2,7,31,0.0,0,1.5,0
2026-04-27 04:14:54,1,46,20.8,85,5.9,1023.8,1,5,26,0.0,0,1.6,0
2026-04-27 04:15:55,1,46,20.8,85,5.9,1024.0,1,5,32,0.0,0,1.8,0
2026-04-27 04:16:56,1,46,20.8,85,5.9,1023.9,1,3,26,0.0,0,1.9,0
2026-04-27 04:17:57,1,46,20.8,85,5.9,1024.0,2,5,35,0.0,0,2.1,0
2026-04-27 04:18:58,1,46,20.8,85,5.9,1024.0,5,7,42,0.0,0,2.3,0
2026-04-27 04:19:59,1,46,20.8,85,5.9,1024.1,5,9,21,0.0,0,2.5,0
2026-04-27 04:21:00,1,46,20.8,85,5.9,1024.1,3,7,12,0.0,0,2.8,0
2026-04-27 04:22:01,1,46,20.8,85,5.9,1024.0,4,7,22,0.0,0,2.9,0
2026-04-27 04:23:02,1,46,20.8,85,5.9,1023.9,3,9,29,0.0,0,3.2,0
2026-04-27 04:24:03,1,46,20.8,85,5.9,1023.9,2,5,25,0.0,0,3.5,0
2026-04-27 04:25:04,1,46,20.8,85,5.9,1024.2,0,5,29,0.0,0,3.8,0
2026-04-27 04:26:05,1,46,20.8,85,5.9,1024.1,3,7,30,0.0,0,4.2,0
2026-04-27 04:27:06,1,46,20.8,85,5.9,1023.7,2,7,12,0.0,0,4.5,0
2026-04-27 04:28:07,1,46,20.8,85,5.9,1023.9,3,7,28,0.0,0,5.0,0
2026-04-27 04:29:08,1,46,20.8,85,5.9,1023.8,5,9,37,0.0,0,5.5,0
2026-04-27 04:30:09,1,46,20.8,85,5.9,1023.9,6,9,21,0.0,0,6.0,0
2026-04-27 04:31:10,1,46,20.8,85,5.9,1023.9,3,7,29,0.0,0,6.6,0
2026-04-27 04:32:11,1,46,20.8,85,5.9,1024.0,2,7,29,0.0,0,7.3,0
2026-04-27 04:33:12,1,46,20.8,85,5.9,1023.9,6,7,34,0.0,0,7.8,0
2026-04-27 04:34:13,1,46,20.8,85,5.9,1023.9,3,9,31,0.0,0,8.5,0
2026-04-27 04:35:14,1,46,20.8,85,5.9,1023.9,1,5,53,0.0,0,9.4,0
2026-04-27 04:36:15,1,46,20.8,85,5.8,1024.0,4,7,22,0.0,0,10.3,0
2026-04-27 04:37:16,1,46,20.8,85,5.8,1024.0,3,7,31,0.0,0,11.3,0
2026-04-27 04:38:17,1,46,20.8,85,5.9,1023.8,1,7,27,0.0,0,12.1,0
2026-04-27 04:39:18,1,46,20.8,85,5.9,1023.9,0,3,35,0.0,0,13.2,0
2026-04-27 04:40:19,1,46,20.8,85,5.9,1023.9,0,3,29,0.0,0,14.2,0
2026-04-27 04:41:20,1,46,20.8,85,5.9,1023.9,1,3,26,0.0,0,15.0,0
2026-04-27 04:42:21,1,46,20.8,86,5.8,1024.0,1,3,40,0.0,0,16.3,0
2026-04-27 04:43:22,1,46,20.8,86,5.8,1023.9,0,3,36,0.0,0,17.1,0
2026-04-27 04:44:23,1,46,20.8,86,5.8,1023.9,2,5,30,0.0,0,18.1,0
2026-04-27 04:45:24,1,46,20.8,86,5.9,1023.9,0,5,22,0.0,0,19.3,0
2026-04-27 04:46:25,1,46,20.8,86,5.9,1023.9,2,3,39,0.0,0,20.5,0
2026-04-27 04:47:26,1,46,20.8,86,5.9,1023.9,4,5,28,0.0,0,21.7,0
2026-04-27 04:48:27,1,46,20.8,85,5.9,1024.0,2,5,37,0.0,0,22.9,0
2026-04-27 04:49:28,1,46,20.8,85,5.9,1023.7,2,5,49,0.0,0,23.9,0
2026-04-27 04:50:29,1,46,20.8,85,5.9,1023.8,0,5,47,0.0,0,25.1,0
2026-04-27 04:51:30,1,46,20.8,85,5.9,1023.8,1,3,44,0.0,0,26.4,0
2026-04-27 04:52:31,1,46,20.8,85,5.9,1023.8,2,5,34,0.0,0,27.6,0
2026-04-27 04:53:32,1,46,20.8,85,5.9,1023.9,3,5,49,0.0,0,28.9,0
2026-04-27 04:54:33,1,46,20.8,85,5.9,1023.9,1,5,39,0.0,0,29.8,0
2026-04-27 04:55:34,1,46,20.8,85,6.0,1023.8,1,5,37,0.0,0,31.0,0
2026-04-27 04:56:35,1,46,20.8,85,6.0,1024.2,2,5,48,0.0,0,31.9,0
2026-04-27 04:57:36,1,46,20.8,85,6.0,1024.0,5,7,38,0.0,0,32.7,0
2026-04-27 04:58:37,1,46,20.8,85,6.0,1024.0,2,7,45,0.0,0,33.3,0
2026-04-27 04:59:38,1,46,20.8,85,6.0,1024.0,5,9,39,0.0,0,33.6,0
2026-04-27 05:00:39,1,46,20.8,85,6.0,1023.9,3,7,18,0.0,0,34.0,0
2026-04-27 05:01:40,1,46,20.8,85,6.0,1023.9,3,7,37,0.0,0,34.2,0
2026-04-27 05:02:41,1,46,20.8,85,6.0,1023.9,3,7,41,0.0,0,33.8,0
2026-04-27 05:03:42,1,46,20.8,85,6.0,1023.9,3,7,14,0.0,0,33.4,0
2026-04-27 05:04:43,1,46,20.7,85,6.1,1023.9,3,9,42,0.0,0,33.2,0
2026-04-27 05:05:44,1,45,20.8,85,6.1,1024.2,4,9,51,0.0,0,33.1,0
2026-04-27 05:06:45,1,46,20.7,85,6.1,1024.1,3,7,43,0.0,0,33.0,0
2026-04-27 05:07:46,1,45,20.8,84,6.1,1024.1,4,7,38,0.0,0,32.9,0
2026-04-27 05:08:47,1,45,20.8,85,6.1,1024.0,3,5,49,0.0,0,32.9,0
2026-04-27 05:09:48,1,45,20.8,84,6.1,1023.9,1,5,29,0.0,0,33.0,0
2026-04-27 05:10:49,1,45,20.7,84,6.1,1024.1,2,5,51,0.0,0,33.2,0
2026-04-27 05:11:50,1,45,20.7,84,6.1,1024.1,4,9,31,0.0,0,33.6,0
2026-04-27 05:12:51,1,45,20.8,84,6.1,1024.0,2,9,43,0.0,0,34.1,0
2026-04-27 05:13:52,1,45,20.7,84,6.1,1024.2,4,11,37,0.0,0,34.9,0
2026-04-27 05:14:53,1,45,20.7,84,6.1,1024.1,2,11,13,0.0,0,35.7,0
2026-04-27 05:15:54,1,45,20.7,84,6.1,1024.3,3,7,28,0.0,0,36.4,0
2026-04-27 05:16:55,1,45,20.8,84,6.1,1024.1,6,7,26,0.0,0,37.3,0
2026-04-27 05:17:56,1,45,20.7,84,6.1,1024.2,3,7,24,0.0,0,38.3,0
2026-04-27 05:18:57,1,45,20.7,84,6.1,1024.2,8,11,29,0.0,0,39.5,0
2026-04-27 05:19:58,1,45,20.7,84,6.1,1024.0,2,11,53,0.0,0,40.8,0
2026-04-27 05:20:59,1,45,20.7,84,6.1,1024.2,2,7,65,0.0,0,42.1,0
2026-04-27 05:22:00,1,45,20.7,85,6.1,1024.3,2,5,51,0.0,0,43.2,0
2026-04-27 05:23:01,1,45,20.7,84,6.1,1024.2,2,7,37,0.0,0,45.0,0
2026-04-27 05:24:02,1,45,20.7,84,6.1,1024.1,6,9,32,0.0,0,46.3,0
2026-04-27 05:25:03,1,45,20.7,84,6.1,1024.2,4,9,23,0.0,0,48.1,0
2026-04-27 05:26:04,1,45,20.7,84,6.1,1024.1,6,11,36,0.0,0,49.9,0
2026-04-27 05:27:05,1,45,20.7,84,6.1,1024.2,0,11,35,0.0,0,50.9,0
2026-04-27 05:28:06,1,45,20.7,84,6.1,1024.2,7,9,47,0.0,0,52.2,0
2026-04-27 05:29:07,1,45,20.7,84,6.1,1024.1,5,9,21,0.0,0,53.8,0
2026-04-27 05:30:08,1,45,20.7,84,6.1,1024.3,4,9,42,0.0,0,55.6,0
2026-04-27 05:31:09,1,45,20.7,84,6.1,1024.3,5,9,23,0.0,0,57.4,0
2026-04-27 05:32:10,1,45,20.7,84,6.1,1024.3,7,9,26,0.0,0,58.3,0
2026-04-27 05:33:11,1,45,20.7,84,6.1,1024.3,3,9,65,0.0,0,59.5,0
2026-04-27 05:34:12,1,45,20.7,84,6.1,1024.4,5,9,60,0.0,0,60.7,0
2026-04-27 05:35:13,1,45,20.7,84,6.1,1024.2,3,9,42,0.0,0,61.9,0
2026-04-27 05:36:14,1,45,20.7,84,6.1,1024.2,3,9,49,0.0,0,63.0,0
2026-04-27 05:37:15,1,45,20.7,84,6.1,1024.3,3,9,28,0.0,0,64.0,0
2026-04-27 05:38:16,1,45,20.7,84,6.1,1024.5,7,9,15,0.0,0,64.5,0
2026-04-27 05:39:17,1,45,20.7,84,6.1,1024.4,6,9,43,0.0,0,65.3,0
2026-04-27 05:40:18,1,45,20.7,84,6.1,1024.3,4,9,26,0.0,0,66.2,0
2026-04-27 05:41:19,1,45,20.7,84,6.1,1024.4,2,7,36,0.0,0,66.8,0
2026-04-27 05:42:20,1,45,20.7,84,6.1,1024.2,4,5,48,0.0,0,67.5,0
2026-04-27 05:43:21,1,45,20.7,84,6.2,1024.1,4,5,30,0.0,0,68.1,0
2026-04-27 05:44:22,1,45,20.7,84,6.2,1024.3,4,7,31,0.0,0,68.8,0
2026-04-27 05:45:23,1,45,20.7,84,6.2,1024.3,5,9,30,0.0,0,69.7,0
2026-04-27 05:46:24,1,45,20.7,84,6.2,1024.2,4,9,46,0.0,0,70.4,0
2026-04-27 05:47:25,1,45,20.7,84,6.2,1024.4,5,9,31,0.0,0,71.4,0
2026-04-27 05:48:26,1,45,20.7,84,6.2,1024.2,5,9,26,0.0,0,72.1,0
2026-04-27 05:49:27,1,45,20.7,84,6.2,1024.0,5,9,35,0.0,0,72.9,0
2026-04-27 05:50:28,1,45,20.7,84,6.2,1024.2,3,7,47,0.0,0,73.9,0
2026-04-27 05:51:29,1,45,20.7,84,6.2,1024.5,2,7,57,0.0,0,75.1,0
2026-04-27 05:52:30,1,45,20.7,84,6.2,1024.3,3,7,32,0.0,0,76.9,0
2026-04-27 05:53:31,1,45,20.7,84,6.3,1024.2,2,7,31,0.0,0,78.6,0
2026-04-27 05:54:32,1,45,20.7,84,6.3,1024.2,5,11,38,0.0,0,80.0,0
2026-04-27 05:55:33,1,45,20.7,84,6.3,1024.3,3,11,32,0.0,0,81.2,0
2026-04-27 05:56:34,1,45,20.7,84,6.3,1024.3,5,9,18,0.0,0,82.3,0
2026-04-27 05:57:35,1,45,20.7,84,6.3,1024.4,5,9,42,0.0,0,83.9,0
2026-04-27 05:58:36,1,45,20.7,84,6.3,1024.3,5,9,53,0.0,0,85.6,0
2026-04-27 05:59:37,1,45,20.7,84,6.3,1024.3,3,9,61,0.0,0,86.4,0
2026-04-27 06:00:38,1,45,20.7,83,6.3,1024.4,4,9,24,0.0,0,88.6,0
2026-04-27 06:01:39,1,45,20.7,83,6.4,1024.3,7,9,43,0.0,0,89.6,0
2026-04-27 06:02:40,1,45,20.7,83,6.4,1024.2,4,9,46,0.0,0,90.0,0
2026-04-27 06:03:41,1,45,20.7,83,6.4,1024.3,4,7,19,0.0,0,91.3,0
2026-04-27 06:04:42,1,45,20.7,83,6.4,1024.5,3,7,20,0.0,0,92.6,0
2026-04-27 06:05:43,1,45,20.7,83,6.4,1024.2,6,9,57,0.0,0,93.8,0
2026-04-27 06:06:44,1,45,20.7,83,6.4,1024.4,3,9,43,0.0,0,94.7,0
2026-04-27 06:07:45,1,45,20.7,83,6.4,1024.5,2,5,17,0.0,0,96.2,0
2026-04-27 06:08:46,1,45,20.7,83,6.5,1024.5,4,9,52,0.0,0,97.9,0
2026-04-27 06:09:47,1,45,20.7,83,6.5,1024.6,4,12,30,0.0,0,99.8,0
2026-04-27 06:10:48,1,45,20.7,83,6.5,1024.5,6,12,39,0.0,0,101.3,0
2026-04-27 06:11:49,1,45,20.7,83,6.5,1024.5,5,7,49,0.0,0,104.0,1
2026-04-27 06:12:50,1,45,20.7,83,6.5,1024.6,6,7,39,0.0,0,107.3,1
2026-04-27 06:13:51,1,45,20.7,83,6.5,1024.5,3,7,44,0.0,0,110.4,1
2026-04-27 06:14:52,1,45,20.7,83,6.5,1024.5,2,7,30,0.0,0,112.9,1
2026-04-27 06:15:53,1,45,20.7,83,6.5,1024.4,6,9,36,0.0,0,115.8,1
2026-04-27 06:16:54,1,45,20.7,83,6.6,1024.4,5,11,31,0.0,0,118.8,1
2026-04-27 06:17:55,1,45,20.7,83,6.6,1024.4,7,11,42,0.0,0,123.8,1
2026-04-27 06:18:56,1,45,20.7,83,6.6,1024.7,2,9,27,0.0,0,126.3,1
2026-04-27 06:19:57,1,45,20.7,83,6.6,1024.5,4,7,49,0.0,0,124.4,1
2026-04-27 06:20:58,1,45,20.7,83,6.7,1024.5,5,7,28,0.0,0,125.7,1
2026-04-27 06:21:59,1,45,20.7,83,6.7,1024.6,2,7,48,0.0,0,128.7,1
2026-04-27 06:23:00,1,45,20.7,83,6.8,1024.6,2,5,24,0.0,0,131.8,1
2026-04-27 06:24:01,1,45,20.7,83,6.8,1024.4,5,9,58,0.0,0,135.0,1
2026-04-27 06:25:02,1,45,20.7,82,6.8,1024.6,5,9,65,0.0,0,144.2,1
2026-04-27 06:26:03,1,45,20.7,82,6.9,1024.6,5,9,47,0.0,0,146.6,1
2026-04-27 06:27:04,1,45,20.7,82,6.9,1024.6,2,7,42,0.0,0,146.6,1
2026-04-27 06:28:05,1,45,20.7,82,6.9,1024.4,0,3,40,0.0,0,147.2,1
2026-04-27 06:29:06,1,45,20.7,82,6.9,1024.4,3,5,48,0.0,0,149.9,1
2026-04-27 06:30:07,1,45,20.7,82,7.0,1024.5,1,5,64,0.0,0,140.8,1
2026-04-27 06:31:08,1,45,20.7,82,7.1,1024.4,4,5,42,0.0,0,141.2,1
2026-04-27 06:32:09,1,45,20.7,82,7.2,1024.5,1,5,43,0.0,0,142.7,1
2026-04-27 06:33:10,1,45,20.7,81,7.3,1024.4,2,7,37,0.0,0,141.6,1
2026-04-27 06:34:11,1,45,20.7,81,7.3,1024.5,2,5,46,0.0,0,141.6,1
2026-04-27 06:35:12,1,45,20.7,81,7.3,1024.4,2,5,52,0.0,0,141.1,1
2026-04-27 06:36:13,1,45,20.7,81,7.4,1024.4,0,3,46,0.0,0,142.1,1
2026-04-27 06:37:14,1,45,20.7,81,7.4,1024.4,1,3,59,0.0,0,146.7,1
2026-04-27 06:38:16,1,45,20.7,81,7.4,1024.5,0,3,56,0.0,0,146.7,1
2026-04-27 06:39:17,1,45,20.7,81,7.5,1024.4,2,7,43,0.0,0,148.5,1
2026-04-27 06:40:18,1,45,20.7,81,7.5,1024.4,6,9,61,0.0,0,150.1,1
2026-04-27 06:41:19,1,45,20.7,81,7.5,1024.4,2,9,57,0.0,0,152.2,1
2026-04-27 06:42:20,1,45,20.8,81,7.6,1024.4,4,7,37,0.0,0,154.3,1
2026-04-27 06:43:21,1,45,20.8,80,7.6,1024.5,7,9,4,0.0,0,155.7,1
2026-04-27 06:44:22,1,45,20.8,80,7.6,1024.4,4,9,38,0.0,0,158.1,1
2026-04-27 06:45:23,1,45,20.8,81,7.5,1024.6,2,9,35,0.0,0,162.3,1
2026-04-27 06:46:24,1,45,20.8,81,7.5,1024.6,2,5,57,0.0,0,163.0,1
2026-04-27 06:47:25,1,45,20.8,81,7.5,1024.4,4,7,29,0.0,0,164.6,1
2026-04-27 06:48:26,1,45,20.8,81,7.6,1024.5,1,7,47,0.0,0,166.1,1
2026-04-27 06:49:27,1,45,20.8,81,7.6,1024.5,4,5,33,0.0,0,169.0,1
2026-04-27 06:50:28,1,45,20.8,80,7.6,1024.3,5,9,37,0.0,0,171.0,1
2026-04-27 06:51:29,1,45,20.7,81,7.6,1024.5,0,9,42,0.0,0,173.4,1
2026-04-27 06:52:30,1,45,20.8,81,7.7,1024.3,3,7,38,0.0,0,176.9,1
2026-04-27 06:53:31,1,45,20.8,80,7.7,1024.5,7,11,60,0.0,0,178.8,1
2026-04-27 06:54:32,1,45,20.8,80,7.7,1024.5,5,11,18,0.0,0,181.6,1
2026-04-27 06:55:33,1,45,20.8,80,7.7,1024.4,7,9,33,0.0,0,182.1,1
2026-04-27 06:56:34,1,45,20.8,80,7.7,1024.4,3,9,66,0.0,0,179.1,1
2026-04-27 06:57:35,1,45,20.8,80,7.7,1024.3,2,7,33,0.0,0,182.8,1
2026-04-27 06:58:36,1,45,20.8,80,7.8,1024.4,4,7,29,0.0,0,178.3,1
2026-04-27 06:59:37,1,45,20.8,80,7.8,1024.4,2,7,55,0.0,0,175.3,1
2026-04-27 07:00:38,1,45,20.8,80,7.9,1024.3,5,9,34,0.0,0,174.3,1
2026-04-27 07:01:39,1,45,20.8,80,7.9,1024.6,5,9,22,0.0,0,176.0,1
2026-04-27 07:02:40,1,45,20.8,80,7.9,1024.5,4,7,58,0.0,0,180.8,1
2026-04-27 07:03:41,1,45,20.8,80,7.9,1024.4,4,7,46,0.0,0,180.5,1
2026-04-27 07:04:42,1,45,20.8,79,7.9,1024.4,4,7,31,0.0,0,182.9,1
2026-04-27 07:05:43,1,45,20.8,80,8.0,1024.4,2,5,56,0.0,0,187.9,1
2026-04-27 07:06:44,1,45,20.8,80,8.0,1024.2,1,5,16,0.0,0,194.7,1
2026-04-27 07:07:45,1,45,20.8,80,8.1,1024.2,5,7,42,0.0,0,203.2,1
2026-04-27 07:08:46,1,45,20.8,79,8.1,1024.3,4,7,39,0.0,0,204.3,1
2026-04-27 07:09:47,1,45,20.8,79,8.2,1024.4,1,7,7,0.0,0,209.6,2
2026-04-27 07:10:48,1,45,20.8,79,8.2,1024.3,1,7,46,0.0,0,212.6,2
2026-04-27 07:11:49,1,45,20.8,79,8.3,1024.4,1,5,42,0.0,0,209.6,2
2026-04-27 07:12:50,1,45,20.8,79,8.3,1024.2,2,3,46,0.0,0,215.0,2
2026-04-27 07:13:51,1,45,20.8,79,8.4,1024.3,3,5,30,0.0,0,219.9,2
2026-04-27 07:14:52,1,45,20.8,79,8.5,1024.4,1,7,45,0.0,0,210.4,2
2026-04-27 07:15:53,1,45,20.8,78,8.5,1024.3,2,5,23,0.0,0,207.7,2
2026-04-27 07:16:54,1,45,20.8,78,8.5,1024.2,4,7,23,0.0,0,204.6,1
2026-04-27 07:17:55,1,45,20.8,78,8.6,1024.2,2,7,49,0.0,0,205.2,2
2026-04-27 07:18:56,1,45,20.8,78,8.6,1024.3,4,7,29,0.0,0,202.1,1
2026-04-27 07:19:57,1,45,20.8,78,8.6,1024.1,4,5,42,0.0,0,200.9,1
2026-04-27 07:20:58,1,45,20.8,78,8.6,1024.4,1,5,51,0.0,0,193.1,1
2026-04-27 07:21:59,1,45,20.8,78,8.6,1024.3,2,5,45,0.0,0,193.3,1
2026-04-27 07:23:00,1,45,20.8,78,8.6,1024.1,0,5,66,0.0,0,196.9,1
2026-04-27 07:24:01,1,45,20.8,78,8.7,1024.1,2,5,42,0.0,0,197.6,1
2026-04-27 07:25:02,1,45,20.8,77,8.8,1024.2,6,7,29,0.0,0,198.7,1
2026-04-27 07:26:03,1,45,20.8,77,8.8,1024.2,0,7,52,0.0,0,206.4,2
2026-04-27 07:27:04,1,45,20.8,77,8.8,1024.0,1,5,54,0.0,0,205.9,2
2026-04-27 07:28:05,1,45,20.8,78,8.8,1024.1,0,3,38,0.0,0,212.8,2
2026-04-27 07:29:06,1,45,20.8,78,8.9,1024.1,2,3,46,0.0,0,217.6,2
2026-04-27 07:30:07,1,45,20.8,77,9.0,1024.2,3,5,54,0.0,0,207.6,2
2026-04-27 07:31:08,1,45,20.8,77,9.0,1024.2,1,5,68,0.0,0,184.6,1
2026-04-27 07:32:09,1,45,20.8,78,9.1,1024.0,0,1,68,0.0,0,183.0,1
2026-04-27 07:33:10,1,45,20.8,77,9.1,1024.1,2,3,39,0.0,0,177.1,1
2026-04-27 07:34:11,1,45,20.8,77,9.2,1024.1,3,3,42,0.0,0,180.2,1
2026-04-27 07:35:12,1,45,20.8,77,9.2,1024.3,1,3,28,0.0,0,181.8,1
2026-04-27 07:36:13,1,45,20.8,76,9.3,1024.3,3,7,21,0.0,0,177.2,1
2026-04-27 07:37:14,1,45,20.8,76,9.3,1024.1,2,7,27,0.0,0,173.8,1
2026-04-27 07:38:15,1,45,20.9,76,9.3,1024.2,2,5,11,0.0,0,168.2,1
2026-04-27 07:39:16,1,45,20.8,76,9.2,1024.0,0,3,357,0.0,0,165.5,1
2026-04-27 07:40:17,1,45,20.8,76,9.2,1024.2,2,5,48,0.0,0,164.9,1
2026-04-27 07:41:18,1,45,20.8,77,9.2,1024.4,3,5,39,0.0,0,168.6,1
2026-04-27 07:42:19,1,45,20.8,76,9.2,1024.4,5,7,33,0.0,0,172.0,1
2026-04-27 07:43:20,1,45,20.8,76,9.2,1024.2,2,7,29,0.0,0,173.1,1
2026-04-27 07:44:21,1,45,20.8,77,9.2,1024.1,4,5,44,0.0,0,172.4,1
2026-04-27 07:45:22,1,45,20.9,77,9.2,1024.1,4,7,43,0.0,0,192.4,1
2026-04-27 07:46:23,1,45,20.8,77,9.2,1024.0,2,7,34,0.0,0,175.6,1
2026-04-27 07:47:24,1,45,20.9,77,9.2,1024.2,1,5,41,0.0,0,187.5,1
2026-04-27 07:48:25,1,45,20.9,77,9.2,1024.2,4,5,32,0.0,0,191.3,1
2026-04-27 07:49:26,1,45,20.8,77,9.3,1024.2,3,5,49,0.0,0,226.3,2
2026-04-27 07:50:27,1,45,20.9,77,9.3,1024.1,5,7,22,0.0,0,272.0,2
2026-04-27 07:51:28,1,45,20.9,77,9.3,1024.3,2,7,38,0.0,0,314.8,3
2026-04-27 07:52:29,1,45,20.9,77,9.3,1024.1,4,7,40,0.0,0,349.2,3
2026-04-27 07:53:30,1,45,20.9,77,9.3,1024.1,2,7,53,0.0,0,385.4,3
2026-04-27 07:54:31,1,45,20.9,77,9.4,1024.1,4,7,9,0.0,0,390.0,3
2026-04-27 07:55:32,1,45,20.9,77,9.5,1024.2,3,7,29,0.0,0,400.2,3
2026-04-27 07:56:33,1,45,20.9,77,9.6,1024.2,3,7,24,0.0,0,378.2,3
2026-04-27 07:57:34,1,45,20.9,76,9.8,1024.3,2,7,44,0.0,0,346.0,3
2026-04-27 07:58:35,1,45,20.9,76,9.9,1024.2,6,7,26,0.0,0,327.4,3
2026-04-27 07:59:36,1,45,20.9,75,10.0,1024.2,3,9,21,0.0,0,371.4,3
2026-04-27 08:00:37,1,45,20.9,75,10.0,1024.2,6,9,31,0.0,0,380.1,3
2026-04-27 08:01:38,1,45,20.9,76,10.0,1024.2,4,9,33,0.0,0,405.6,3
2026-04-27 08:02:39,1,45,20.9,76,10.1,1024.3,2,7,46,0.0,0,448.4,4
2026-04-27 08:03:40,1,45,20.9,75,10.2,1024.1,0,5,53,0.0,0,452.7,4
2026-04-27 08:04:41,1,45,20.9,75,10.3,1024.3,1,3,64,0.0,0,448.2,4
2026-04-27 08:05:42,1,45,20.9,74,10.5,1024.3,2,7,58,0.0,0,454.6,4
2026-04-27 08:06:43,1,45,20.9,74,10.9,1024.1,1,7,46,0.0,0,353.3,3
2026-04-27 08:07:44,1,45,20.9,73,10.9,1024.0,4,7,29,0.0,0,337.7,3
2026-04-27 08:08:45,1,45,20.9,72,11.0,1024.2,6,9,43,0.0,0,392.4,3
2026-04-27 08:09:46,1,45,20.9,73,11.0,1024.2,5,9,55,0.0,0,442.8,4
2026-04-27 08:10:47,1,45,20.9,73,10.8,1024.0,2,7,55,0.0,0,424.7,4
2026-04-27 08:11:48,1,45,20.9,74,10.8,1024.0,0,5,54,0.0,0,468.0,4
2026-04-27 08:12:49,1,45,20.9,73,10.9,1024.2,3,5,71,0.0,0,448.5,4
2026-04-27 08:13:50,1,45,20.9,72,11.1,1024.1,1,5,77,0.0,0,447.5,4
2026-04-27 08:14:51,1,45,20.9,72,11.4,1024.2,1,5,65,0.0,0,415.2,4
2026-04-27 08:15:52,1,45,20.9,70,11.7,1024.1,3,9,64,0.0,0,378.5,3
2026-04-27 08:16:53,1,45,21.0,70,12.0,1024.1,3,5,42,0.0,0,376.8,3
2026-04-27 08:17:54,1,45,21.0,68,12.2,1024.1,3,5,72,0.0,0,368.3,3
2026-04-27 08:18:55,1,45,21.0,68,12.4,1024.1,2,5,74,0.0,0,374.6,3
2026-04-27 08:19:56,1,45,21.0,68,12.5,1024.3,5,7,73,0.0,0,367.4,3
2026-04-27 08:20:57,1,45,21.0,67,12.6,1024.0,2,7,70,0.0,0,418.0,4
2026-04-27 08:21:58,1,45,21.0,67,12.6,1024.0,3,5,26,0.0,0,450.8,4
2026-04-27 08:22:59,1,45,21.0,66,12.6,1024.1,4,9,49,0.0,0,464.6,4
2026-04-27 08:24:00,1,45,21.0,68,12.4,1023.9,3,9,77,0.0,0,476.0,4
2026-04-27 08:25:01,1,45,21.0,69,12.2,1024.0,0,7,52,0.0,0,475.7,4
2026-04-27 08:26:02,1,45,21.0,69,12.2,1024.0,0,3,53,0.0,0,479.3,4
2026-04-27 08:27:03,1,45,21.0,68,12.4,1023.9,3,5,73,0.0,0,419.9,4
2026-04-27 08:28:04,1,45,21.0,67,12.6,1023.9,3,7,59,0.0,0,432.6,4
2026-04-27 08:29:05,1,45,21.0,67,12.8,1023.9,1,7,27,0.0,0,433.9,4
2026-04-27 08:30:06,1,45,21.0,67,12.8,1024.0,2,5,41,0.0,0,457.5,4
2026-04-27 08:31:07,1,45,21.0,66,12.8,1024.0,4,7,68,0.0,0,449.2,4
2026-04-27 08:32:08,1,45,21.0,67,12.8,1023.9,3,7,70,0.0,0,447.8,4
2026-04-27 08:33:09,1,45,21.0,66,12.8,1024.0,5,7,53,0.0,0,436.3,4
2026-04-27 08:34:10,1,45,21.1,67,12.7,1023.9,2,7,68,0.0,0,489.6,4
2026-04-27 08:35:11,1,45,21.1,67,12.8,1023.9,0,7,66,0.0,0,489.6,4
2026-04-27 08:36:12,1,45,21.1,66,12.9,1023.8,1,5,69,0.0,0,499.2,4
2026-04-27 08:37:13,1,45,21.1,65,13.1,1024.0,1,5,53,0.0,0,506.6,4
2026-04-27 08:38:14,1,45,21.1,65,13.3,1024.0,0,3,91,0.0,0,507.2,4
2026-04-27 08:39:15,1,45,21.1,64,13.4,1024.0,3,5,82,0.0,0,506.3,4
2026-04-27 08:40:16,1,45,21.1,63,13.7,1023.7,3,5,79,0.0,0,521.4,5
2026-04-27 08:41:17,1,45,21.1,62,13.9,1023.9,0,5,66,0.0,0,512.3,4
2026-04-27 08:42:18,1,45,21.1,63,13.9,1024.0,1,5,48,0.0,0,527.6,5
2026-04-27 08:43:19,1,45,21.1,63,13.8,1024.1,0,3,52,0.0,0,531.7,5
2026-04-27 08:44:20,1,45,21.1,63,13.7,1023.8,0,3,38,0.0,0,507.2,4
2026-04-27 08:45:21,1,45,21.1,64,13.7,1023.8,0,3,73,0.0,0,486.5,4
2026-04-27 08:46:22,1,45,21.1,63,13.8,1023.7,0,3,86,0.0,0,489.9,4
2026-04-27 08:47:23,1,45,21.1,62,14.0,1024.1,2,3,80,0.0,0,489.9,4
2026-04-27 08:48:24,1,45,21.1,61,14.2,1023.9,3,5,76,0.0,0,502.1,4
2026-04-27 08:49:25,1,45,21.1,60,14.4,1023.8,0,5,86,0.0,0,532.8,5
2026-04-27 08:50:26,1,45,21.1,60,14.5,1023.9,3,5,81,0.0,0,530.1,5
2026-04-27 08:51:27,1,45,21.1,60,14.5,1023.9,3,7,66,0.0,0,516.4,5
2026-04-27 08:52:28,1,45,21.1,60,14.6,1024.0,1,7,73,0.0,0,505.3,4
2026-04-27 08:53:29,1,45,21.1,60,14.6,1023.9,2,5,70,0.0,0,498.6,4
2026-04-27 08:54:30,1,45,21.1,58,14.7,1023.9,3,7,62,0.0,0,489.9,4
2026-04-27 08:55:31,1,45,21.1,60,14.7,1023.8,1,5,84,0.0,0,533.3,5
2026-04-27 08:56:32,1,45,21.1,60,14.6,1023.8,1,3,82,0.0,0,539.1,5
2026-04-27 08:57:33,1,46,21.1,60,14.6,1024.2,2,3,52,0.0,0,547.5,5
2026-04-27 08:58:34,1,46,21.1,59,14.6,1024.2,2,7,40,0.0,0,555.3,5
2026-04-27 08:59:35,1,46,21.1,59,14.7,1024.1,0,7,55,0.0,0,564.2,5
2026-04-27 09:00:36,1,46,21.2,59,14.7,1024.1,0,1,26,0.0,0,573.5,5
2026-04-27 09:01:37,1,46,21.2,59,14.8,1024.0,1,3,57,0.0,0,586.5,5
2026-04-27 09:02:38,1,46,21.2,58,15.0,1023.9,2,3,62,0.0,0,552.2,5
2026-04-27 09:03:39,1,46,21.2,58,15.2,1024.0,0,3,73,0.0,0,518.5,5
2026-04-27 09:04:40,1,46,21.2,58,15.2,1023.9,1,1,84,0.0,0,518.2,5
2026-04-27 09:05:41,1,46,21.2,58,15.4,1023.9,3,5,14,0.0,0,520.6,5
2026-04-27 09:06:42,1,46,21.2,57,15.5,1024.0,3,7,29,0.0,0,519.2,5
2026-04-27 09:07:43,1,46,21.2,58,15.5,1024.0,2,9,26,0.0,0,544.6,5
2026-04-27 09:08:44,1,46,21.2,58,15.3,1024.0,1,3,29,0.0,0,554.6,5
2026-04-27 09:09:45,1,46,21.2,57,15.1,1023.9,4,5,10,0.0,0,535.5,5
2026-04-27 09:10:46,1,46,21.2,58,15.1,1023.9,2,5,13,0.0,0,551.8,5
2026-04-27 09:11:47,1,46,21.2,58,14.9,1023.9,0,11,13,0.0,0,554.3,5
2026-04-27 09:12:48,1,46,21.2,58,14.9,1023.8,3,5,58,0.0,0,551.2,5
2026-04-27 09:13:49,1,46,21.2,57,15.0,1023.9,2,7,19,0.0,0,570.2,5
2026-04-27 09:14:50,1,46,21.2,57,15.1,1024.1,7,9,52,0.0,0,554.4,5
2026-04-27 09:15:51,1,46,21.2,57,15.1,1024.0,2,9,44,0.0,0,490.2,4
2026-04-27 09:16:52,1,46,21.2,58,14.9,1023.9,2,5,20,0.0,0,490.1,4
2026-04-27 09:17:53,1,46,21.2,58,14.7,1023.9,6,7,10,0.0,0,580.9,5
2026-04-27 09:18:54,1,46,21.2,58,14.7,1024.0,2,9,46,0.0,0,549.7,5
2026-04-27 09:19:55,1,46,21.2,57,14.7,1024.0,4,9,46,0.0,0,563.2,5
2026-04-27 09:20:56,1,46,21.2,57,14.7,1023.8,0,5,49,0.0,0,592.9,5
2026-04-27 09:21:57,1,46,21.2,58,14.8,1023.9,1,5,52,0.0,0,623.1,6
2026-04-27 09:22:58,1,46,21.2,57,14.9,1023.8,5,7,350,0.0,0,633.5,6
2026-04-27 09:23:59,1,46,21.2,57,15.0,1024.0,7,9,30,0.0,0,637.2,6
2026-04-27 09:25:00,1,47,21.2,58,15.0,1024.1,3,9,46,0.0,0,643.0,6
2026-04-27 09:26:01,1,47,21.2,58,15.0,1023.9,2,5,67,0.0,0,642.9,6
2026-04-27 09:27:02,1,47,21.3,57,15.2,1023.8,0,3,70,0.0,0,659.2,6
2026-04-27 09:28:03,1,48,21.3,55,15.6,1023.9,6,9,37,0.0,0,671.8,6
2026-04-27 09:29:04,1,48,21.2,55,15.8,1023.9,5,9,39,0.0,0,678.3,6
2026-04-27 09:30:05,1,47,21.3,56,15.7,1023.8,1,7,44,0.0,0,605.2,5
2026-04-27 09:31:06,1,47,21.3,55,15.6,1023.9,6,11,12,0.0,0,548.8,5
2026-04-27 09:32:07,1,47,21.3,56,15.6,1024.0,3,7,44,0.0,0,612.1,5
2026-04-27 09:33:08,1,47,21.3,55,15.6,1024.0,2,7,37,0.0,0,677.0,6
2026-04-27 09:34:09,1,47,21.3,56,15.7,1023.9,1,7,58,0.0,0,654.7,6
2026-04-27 09:35:10,1,47,21.3,55,15.7,1024.0,1,3,68,0.0,0,650.8,6
2026-04-27 09:36:11,1,47,21.3,54,15.9,1023.7,8,11,42,0.0,0,646.0,6
2026-04-27 09:37:12,1,47,21.3,53,16.1,1023.9,5,11,30,0.0,0,645.9,6
2026-04-27 09:38:13,1,47,21.3,53,16.1,1023.9,5,7,22,0.0,0,642.0,6
2026-04-27 09:39:14,1,47,21.3,54,15.9,1023.8,0,7,43,0.0,0,653.4,6
2026-04-27 09:40:15,1,47,21.3,54,15.8,1023.9,4,9,43,0.0,0,655.2,6
2026-04-27 09:41:16,1,47,21.3,55,15.8,1024.0,2,9,46,0.0,0,641.9,6
2026-04-27 09:42:17,1,47,21.3,54,15.9,1023.8,1,5,35,0.0,0,648.2,6
2026-04-27 09:43:18,1,48,21.3,55,16.1,1023.8,2,5,67,0.0,0,651.4,6
2026-04-27 09:44:19,1,48,21.3,53,16.2,1023.8,3,5,73,0.0,0,638.3,6
2026-04-27 09:45:20,1,48,21.3,53,16.5,1023.9,3,7,61,0.0,0,649.7,6
2026-04-27 09:46:21,1,48,21.3,52,16.7,1023.9,1,7,56,0.0,0,653.2,6
2026-04-27 09:47:22,1,48,21.3,51,16.8,1023.8,6,7,87,0.0,0,634.5,6
2026-04-27 09:48:23,1,48,21.3,52,16.9,1023.7,2,7,69,0.0,0,614.2,5
2026-04-27 09:49:24,1,48,21.4,52,16.9,1023.9,4,5,74,0.0,0,615.3,5
2026-04-27 09:50:25,1,48,21.4,52,16.9,1023.7,2,7,84,0.0,0,616.9,6
2026-04-27 09:51:26,1,48,21.4,52,16.9,1023.7,3,7,75,0.0,0,580.1,5
2026-04-27 09:52:27,1,48,21.4,51,16.8,1023.8,0,7,46,0.0,0,626.0,6
2026-04-27 09:53:28,1,48,21.4,51,16.8,1023.8,1,3,81,0.0,0,588.0,5
2026-04-27 09:54:29,1,48,21.4,51,16.8,1023.6,0,5,92,0.0,0,583.7,5
2026-04-27 09:55:30,1,48,21.4,51,16.9,1023.6,5,9,82,0.0,0,616.9,6
2026-04-27 09:56:31,1,48,21.4,49,17.0,1023.6,4,9,62,0.0,0,626.0,6
2026-04-27 09:57:32,1,48,21.4,49,17.0,1023.7,3,9,83,0.0,0,635.6,6
2026-04-27 09:58:33,1,48,21.4,50,16.9,1023.7,0,7,38,0.0,0,654.4,6
2026-04-27 09:59:34,1,48,21.4,50,16.4,1023.7,0,3,49,0.0,0,661.9,6
2026-04-27 10:00:35,1,48,21.4,49,16.4,1023.8,2,5,45,0.0,0,667.0,6
2026-04-27 10:01:36,1,48,21.4,50,16.5,1023.8,2,5,56,0.0,0,664.7,6
2026-04-27 10:02:37,1,48,21.4,48,16.5,1023.6,6,9,77,0.0,0,643.6,6
2026-04-27 10:03:38,1,48,21.4,49,16.6,1023.6,1,9,21,0.0,0,662.9,6
2026-04-27 10:04:39,1,48,21.4,48,16.7,1023.6,1,5,24,0.0,0,636.8,6
2026-04-27 10:05:40,1,48,21.4,48,16.8,1023.5,2,7,34,0.0,0,642.9,6
2026-04-27 10:06:41,1,48,21.4,47,16.9,1023.6,1,5,75,0.0,0,638.0,6
2026-04-27 10:07:42,1,48,21.4,47,16.9,1023.4,3,7,42,0.0,0,644.9,6
2026-04-27 10:08:43,1,48,21.4,47,17.0,1023.6,4,7,78,0.0,0,659.6,6
2026-04-27 10:09:44,1,48,21.4,46,17.0,1023.4,3,7,91,0.0,0,661.4,6
2026-04-27 10:10:45,1,48,21.4,47,17.0,1023.5,0,5,74,0.0,0,652.3,6
2026-04-27 10:11:46,1,48,21.4,47,17.0,1023.4,3,5,19,0.0,0,627.4,6
2026-04-27 10:12:47,1,48,21.4,48,17.2,1023.4,1,5,40,0.0,0,631.0,6
2026-04-27 10:13:48,1,48,21.4,47,17.3,1023.5,2,5,44,0.0,0,668.0,6
2026-04-27 10:14:49,1,48,21.4,47,17.5,1023.3,1,5,55,0.0,0,716.4,6
2026-04-27 10:15:50,1,48,21.4,46,17.7,1023.4,1,3,38,0.0,0,706.5,6
2026-04-27 10:16:51,1,48,21.4,45,17.8,1023.6,4,7,81,0.0,0,715.2,6
2026-04-27 10:17:52,1,48,21.4,46,17.8,1023.4,1,7,67,0.0,0,721.5,7
2026-04-27 10:18:53,1,48,21.4,45,17.8,1023.3,4,7,41,0.0,0,734.6,7
2026-04-27 10:19:54,1,48,21.4,43,17.8,1023.4,3,7,67,0.0,0,691.3,6
2026-04-27 10:20:55,1,48,21.4,44,17.9,1023.4,2,7,62,0.0,0,741.0,7
2026-04-27 10:21:56,1,48,21.4,43,17.9,1023.4,2,7,45,0.0,0,692.8,6
2026-04-27 10:22:57,1,48,21.4,41,17.9,1023.4,3,7,66,0.0,0,782.5,7
2026-04-27 10:23:58,1,48,21.4,42,17.9,1023.6,1,5,81,0.0,0,703.5,6
2026-04-27 10:24:59,1,48,21.4,44,17.9,1023.5,0,5,85,0.0,0,775.0,7
2026-04-27 10:26:00,1,48,21.4,43,17.9,1023.4,2,5,49,0.0,0,770.5,7
2026-04-27 10:27:01,1,48,21.4,43,18.1,1023.3,0,3,35,0.0,0,624.9,6
2026-04-27 10:28:02,1,48,21.4,41,18.3,1023.5,1,1,91,0.0,0,666.5,6
2026-04-27 10:29:03,1,48,21.4,41,18.5,1023.4,2,3,64,0.0,0,674.7,6
2026-04-27 10:30:04,1,48,21.4,42,18.8,1023.5,1,3,45,0.0,0,624.9,6
2026-04-27 10:31:05,1,48,21.4,43,18.9,1023.4,2,3,71,0.0,0,663.5,6
2026-04-27 10:32:06,1,48,21.4,43,18.9,1023.4,6,9,60,0.0,0,580.2,5
2026-04-27 10:33:07,1,48,21.4,43,18.9,1023.4,1,7,65,0.0,0,648.4,6
2026-04-27 10:34:08,1,48,21.4,43,18.9,1023.4,2,5,95,0.0,0,619.2,6
2026-04-27 10:35:09,1,48,21.4,41,18.9,1023.7,4,7,43,0.0,0,541.3,5
2026-04-27 10:36:10,1,48,21.5,41,19.0,1023.6,3,9,71,0.0,0,501.9,4
2026-04-27 10:37:11,1,47,21.5,42,19.0,1023.5,3,9,67,0.0,0,643.5,6
2026-04-27 10:38:12,1,47,21.5,41,18.9,1023.5,5,7,76,0.0,0,558.8,5
2026-04-27 10:39:13,1,47,21.5,43,18.9,1023.5,3,7,84,0.0,0,618.6,6
2026-04-27 10:40:14,1,47,21.5,43,18.7,1023.5,0,7,77,0.0,0,734.2,7
2026-04-27 10:41:15,1,47,21.5,43,18.5,1023.5,0,5,47,0.0,0,720.7,7
2026-04-27 10:42:16,1,47,21.5,44,18.5,1023.4,3,3,69,0.0,0,710.6,6
2026-04-27 10:43:17,1,47,21.5,43,18.5,1023.4,1,5,39,0.0,0,594.4,5
2026-04-27 10:44:18,1,47,21.5,43,18.6,1023.4,5,7,46,0.0,0,705.4,6
2026-04-27 10:45:19,1,47,21.5,44,18.5,1023.5,6,7,37,0.0,0,602.9,5
2026-04-27 10:46:20,1,48,21.5,44,18.3,1023.4,4,9,17,0.0,0,683.6,6
2026-04-27 10:47:21,1,48,21.5,44,18.2,1023.4,5,9,30,0.0,0,652.0,6
2026-04-27 10:48:22,1,48,21.5,45,18.0,1023.4,3,7,36,0.0,0,637.6,6
2026-04-27 10:49:23,1,48,21.5,46,17.9,1023.4,5,7,39,0.0,0,647.6,6
2026-04-27 10:50:24,1,48,21.5,46,17.7,1023.3,0,7,61,0.0,0,689.5,6
2026-04-27 10:51:25,1,48,21.5,46,17.7,1023.5,0,5,28,0.0,0,734.5,7
2026-04-27 10:52:26,1,48,21.5,46,17.7,1023.2,2,5,29,0.0,0,702.6,6
2026-04-27 10:53:27,1,48,21.5,45,17.7,1023.4,2,5,13,0.0,0,734.6,7
2026-04-27 10:54:28,1,48,21.5,45,17.7,1023.2,2,5,19,0.0,0,734.5,7
2026-04-27 10:55:29,1,48,21.5,44,17.8,1023.4,2,7,41,0.0,0,660.2,6
2026-04-27 10:56:30,1,48,21.5,45,17.9,1023.4,4,7,21,0.0,0,584.6,5
2026-04-27 10:57:31,1,48,21.5,43,18.0,1023.3,6,7,28,0.0,0,572.4,5
2026-04-27 10:58:32,1,48,21.5,43,18.2,1023.3,0,7,9,0.0,0,530.4,5
2026-04-27 10:59:33,1,48,21.5,42,18.2,1023.4,2,7,19,0.0,0,489.9,4
2026-04-27 11:00:34,1,48,21.5,40,18.2,1023.5,3,7,355,0.0,0,508.3,4
2026-04-27 11:01:35,1,48,21.5,41,18.1,1023.2,3,12,3,0.0,0,507.4,4
2026-04-27 11:02:36,1,48,21.5,42,17.8,1023.3,1,12,355,0.0,0,490.5,4
2026-04-27 11:03:37,1,48,21.5,41,17.6,1023.3,1,9,11,0.0,0,518.6,5
2026-04-27 11:04:38,1,48,21.5,42,17.6,1023.2,5,9,343,0.0,0,520.6,5
2026-04-27 11:05:39,1,48,21.5,42,17.4,1023.3,2,9,303,0.0,0,538.2,5
2026-04-27 11:06:40,1,48,21.5,42,17.4,1023.5,3,5,355,0.0,0,568.5,5
2026-04-27 11:07:41,1,48,21.5,42,17.5,1023.3,0,5,28,0.0,0,537.8,5
2026-04-27 11:08:42,1,48,21.5,42,17.6,1023.3,2,3,8,0.0,0,516.5,5
2026-04-27 11:09:43,1,48,21.5,42,17.7,1023.3,1,3,317,0.0,0,503.6,4
2026-04-27 11:10:44,1,49,21.5,41,17.8,1023.4,1,5,64,0.0,0,490.4,4
2026-04-27 11:11:45,1,49,21.5,42,18.0,1023.5,1,5,25,0.0,0,501.9,4
2026-04-27 11:12:46,1,49,21.5,43,18.3,1023.5,8,11,16,0.0,0,534.4,5
2026-04-27 11:13:47,1,48,21.5,43,18.3,1023.3,1,12,19,0.0,0,549.8,5
2026-04-27 11:14:48,1,48,21.5,44,18.2,1023.3,2,12,323,0.0,0,550.1,5
2026-04-27 11:15:49,1,48,21.5,43,18.1,1023.4,3,5,312,0.0,0,556.8,5
2026-04-27 11:16:50,1,48,21.5,44,18.1,1023.3,0,5,16,0.0,0,552.1,5
2026-04-27 11:17:51,1,48,21.5,42,18.2,1023.3,5,9,43,0.0,0,525.5,5
2026-04-27 11:18:52,1,48,21.5,43,18.2,1023.4,2,9,334,0.0,0,534.7,5
2026-04-27 11:19:53,1,48,21.5,43,18.2,1023.3,2,7,341,0.0,0,539.7,5
2026-04-27 11:20:54,1,48,21.5,41,18.2,1023.3,2,9,335,0.0,0,546.8,5
2026-04-27 11:21:55,1,48,21.6,42,18.2,1023.3,1,9,18,0.0,0,540.2,5
2026-04-27 11:22:56,1,48,21.5,39,18.1,1023.2,7,9,321,0.0,0,526.2,5
2026-04-27 11:23:57,1,48,21.5,39,18.1,1023.3,2,9,9,0.0,0,509.0,4
2026-04-27 11:24:58,1,48,21.5,39,18.0,1023.1,3,7,319,0.0,0,504.5,4
2026-04-27 11:25:59,1,48,21.5,41,18.0,1023.3,1,7,322,0.0,0,501.0,4
2026-04-27 11:27:00,1,48,21.5,41,17.9,1023.3,3,5,95,0.0,0,524.9,5
2026-04-27 11:28:01,1,48,21.5,42,18.0,1023.3,4,5,18,0.0,0,562.0,5
2026-04-27 11:29:02,1,48,21.5,42,18.3,1023.4,2,5,17,0.0,0,641.6,6
2026-04-27 11:30:03,1,48,21.5,42,18.6,1023.3,0,5,19,0.0,0,714.5,6
2026-04-27 11:31:04,1,48,21.5,42,18.6,1023.3,2,3,29,0.0,0,702.6,6
2026-04-27 11:32:05,1,48,21.5,42,18.6,1023.4,6,9,8,0.0,0,707.6,6
2026-04-27 11:33:06,1,47,21.5,41,18.8,1023.6,8,11,5,0.0,0,651.6,6
2026-04-27 11:34:07,1,47,21.5,41,18.8,1023.4,4,12,49,0.0,0,620.3,6
2026-04-27 11:35:08,1,47,21.5,41,18.4,1023.3,1,7,35,0.0,0,633.7,6
2026-04-27 11:36:09,1,47,21.5,41,18.3,1023.4,5,7,29,0.0,0,603.8,5
2026-04-27 11:37:10,1,47,21.5,40,18.0,1023.4,4,9,28,0.0,0,624.9,6
2026-04-27 11:38:11,1,47,21.5,40,18.0,1023.2,1,7,51,0.0,0,682.7,6
2026-04-27 11:39:12,1,47,21.5,39,18.1,1023.3,3,5,48,0.0,0,662.6,6
2026-04-27 11:40:13,1,47,21.5,37,18.4,1023.3,1,5,333,0.0,0,660.3,6
2026-04-27 11:41:14,1,47,21.5,36,18.6,1023.4,6,7,31,0.0,0,644.5,6
2026-04-27 11:42:15,1,47,21.5,36,18.7,1023.2,2,7,304,0.0,0,648.1,6
2026-04-27 11:43:16,1,47,21.5,36,18.7,1023.3,0,3,58,0.0,0,644.4,6
2026-04-27 11:44:17,1,47,21.5,37,18.8,1023.4,3,7,36,0.0,0,676.6,6
2026-04-27 11:45:18,1,47,21.5,37,19.1,1023.2,7,9,20,0.0,0,676.2,6
2026-04-27 11:46:19,1,47,21.5,37,19.1,1023.3,0,9,53,0.0,0,658.2,6
2026-04-27 11:47:20,1,47,21.5,37,19.1,1023.4,1,5,9,0.0,0,695.2,6
2026-04-27 11:48:21,1,47,21.5,35,19.1,1023.3,4,12,39,0.0,0,749.0,7
2026-04-27 11:49:22,1,47,21.5,34,19.1,1023.2,0,9,41,0.0,0,734.5,7
2026-04-27 11:50:23,1,47,21.5,35,19.1,1023.3,5,9,26,0.0,0,746.9,7
2026-04-27 11:51:24,1,47,21.5,35,19.0,1023.2,11,16,46,0.0,0,670.8,6
2026-04-27 11:52:25,1,47,21.5,36,19.0,1023.2,7,16,26,0.0,0,674.0,6
2026-04-27 11:53:26,1,47,21.5,37,19.0,1023.1,5,14,41,0.0,0,653.2,6
2026-04-27 11:54:27,1,47,21.5,38,19.0,1023.4,3,11,33,0.0,0,650.0,6
2026-04-27 11:55:28,1,47,21.5,37,19.0,1023.3,1,5,354,0.0,0,680.1,6
2026-04-27 11:56:29,1,47,21.5,38,19.2,1023.1,0,5,344,0.0,0,642.4,6
2026-04-27 11:57:30,1,47,21.6,37,19.3,1023.2,0,3,75,0.0,0,637.5,6
2026-04-27 11:58:31,1,47,21.5,37,19.4,1023.2,4,5,58,0.0,0,651.6,6
2026-04-27 11:59:32,1,47,21.5,36,19.7,1023.0,1,5,71,0.0,0,645.4,6
2026-04-27 12:00:33,1,47,21.5,35,20.0,1023.0,4,5,48,0.0,0,687.2,6
2026-04-27 12:01:34,1,47,21.5,34,20.3,1023.1,3,9,49,0.0,0,652.6,6
2026-04-27 12:02:35,1,47,21.5,34,20.3,1023.0,6,9,52,0.0,0,605.8,5
2026-04-27 12:03:36,1,47,21.5,35,20.2,1023.0,2,7,64,0.0,0,619.8,6
2026-04-27 12:04:37,1,46,21.6,34,20.1,1023.1,0,5,49,0.0,0,612.2,5
2026-04-27 12:05:38,1,46,21.5,34,20.1,1022.9,5,9,63,0.0,0,645.4,6
2026-04-27 12:06:39,1,46,21.6,34,20.2,1022.9,2,9,24,0.0,0,636.0,6
2026-04-27 12:07:40,1,46,21.6,33,20.2,1023.0,5,9,46,0.0,0,657.0,6
2026-04-27 12:08:41,1,46,21.6,33,20.2,1023.1,3,9,31,0.0,0,660.3,6
2026-04-27 12:09:42,1,46,21.6,34,20.1,1023.0,1,7,24,0.0,0,649.7,6
2026-04-27 12:10:43,1,46,21.6,34,19.9,1022.9,4,7,25,0.0,0,654.7,6
2026-04-27 12:11:44,1,46,21.6,35,19.8,1023.1,0,5,48,0.0,0,695.3,6
2026-04-27 12:12:45,1,46,21.6,35,19.8,1022.8,2,3,324,0.0,0,652.4,6
2026-04-27 12:13:46,1,46,21.6,35,19.8,1022.9,5,7,323,0.0,0,718.8,7
2026-04-27 12:14:47,1,46,21.6,34,19.9,1022.9,2,7,9,0.0,0,734.5,7
2026-04-27 12:15:48,1,46,21.6,35,19.9,1022.7,0,7,7,0.0,0,663.5,6
2026-04-27 12:16:49,1,46,21.6,35,19.5,1022.9,1,1,311,0.0,0,679.3,6
2026-04-27 12:17:50,1,46,21.6,35,19.5,1023.0,6,11,68,0.0,0,734.5,7
2026-04-27 12:18:51,1,46,21.6,35,19.5,1022.9,9,11,49,0.0,0,956.5,9
2026-04-27 12:19:52,1,46,21.6,35,19.6,1023.0,6,11,30,0.0,0,734.5,7
2026-04-27 12:20:53,1,46,21.6,33,19.6,1022.8,3,9,31,0.0,0,608.4,5
2026-04-27 12:21:54,1,46,21.6,32,19.6,1023.0,6,9,68,0.0,0,827.5,8
2026-04-27 12:22:55,1,46,21.6,32,19.5,1022.9,2,9,36,0.0,0,703.1,6
2026-04-27 12:23:56,1,46,21.6,33,19.5,1022.9,4,7,26,0.0,0,622.2,6
2026-04-27 12:24:57,1,46,21.6,34,19.6,1022.9,7,11,328,0.0,0,870.5,8
2026-04-27 12:25:58,1,46,21.6,34,19.8,1022.9,4,11,345,0.0,0,863.3,8
2026-04-27 12:26:59,1,46,21.6,34,19.9,1022.8,5,7,304,0.0,0,734.5,7
2026-04-27 12:28:00,1,46,21.6,34,20.0,1022.9,2,7,1,0.0,0,690.7,6
2026-04-27 12:29:01,1,46,21.6,35,19.9,1022.9,2,7,4,0.0,0,639.7,6
2026-04-27 12:30:02,1,46,21.6,35,19.8,1022.8,0,9,65,0.0,0,599.9,5
2026-04-27 12:31:03,1,46,21.6,34,19.8,1022.9,4,11,11,0.0,0,689.5,6
2026-04-27 12:32:04,1,45,21.6,35,19.8,1022.8,3,9,40,0.0,0,538.6,5
2026-04-27 12:33:05,1,45,21.6,36,19.8,1022.9,1,9,112,0.0,0,641.1,6
2026-04-27 12:34:06,1,45,21.6,36,19.9,1022.9,0,5,73,0.0,0,734.4,7
2026-04-27 12:35:07,1,45,21.6,36,20.1,1023.0,2,3,32,0.0,0,819.9,7
2026-04-27 12:36:08,1,45,21.6,36,20.3,1022.8,2,5,78,0.0,0,822.7,8
2026-04-27 12:37:09,1,45,21.6,35,20.5,1022.8,8,12,41,0.0,0,687.9,6
2026-04-27 12:38:10,1,45,21.6,37,20.5,1022.9,4,11,344,0.0,0,632.2,6
2026-04-27 12:39:11,1,45,21.6,37,19.9,1022.7,9,11,34,0.0,0,567.0,5
2026-04-27 12:40:12,1,45,21.6,37,19.7,1022.8,1,11,28,0.0,0,599.5,5
2026-04-27 12:41:13,1,45,21.6,38,19.5,1022.9,5,7,9,0.0,0,533.5,5
2026-04-27 12:42:14,1,45,21.6,36,19.5,1022.8,5,7,5,0.0,0,599.2,5
2026-04-27 12:43:15,1,45,21.6,37,19.4,1022.9,3,7,335,0.0,0,515.6,5
2026-04-27 12:44:16,1,45,21.6,37,19.2,1022.8,0,9,56,0.0,0,694.9,6
2026-04-27 12:45:17,1,45,21.6,35,19.2,1022.8,6,9,57,0.0,0,654.8,6
2026-04-27 12:46:18,1,45,21.6,35,19.4,1022.7,4,9,18,0.0,0,571.5,5
2026-04-27 12:47:19,1,45,21.6,33,19.5,1022.7,4,7,11,0.0,0,589.6,5
2026-04-27 12:48:20,1,45,21.5,34,19.5,1022.8,4,7,38,0.0,0,740.5,7
2026-04-27 12:49:21,1,45,21.6,34,19.3,1022.7,3,9,41,0.0,0,617.9,6
2026-04-27 12:50:22,1,45,21.6,34,19.2,1022.8,1,9,3,0.0,0,571.0,5
2026-04-27 12:51:23,1,45,21.5,32,19.4,1022.8,4,7,20,0.0,0,769.8,7
2026-04-27 12:52:24,1,45,21.5,31,19.5,1022.7,4,7,2,0.0,0,638.9,6
2026-04-27 12:53:25,1,45,21.6,32,19.5,1022.8,1,7,346,0.0,0,856.6,8
2026-04-27 12:54:26,1,45,21.6,33,19.4,1022.7,11,12,38,0.0,0,646.0,6
2026-04-27 12:55:27,1,45,21.6,34,19.3,1022.7,3,12,32,0.0,0,622.6,6
2026-04-27 12:56:28,1,45,21.6,34,19.3,1022.6,2,7,24,0.0,0,651.2,6
2026-04-27 12:57:29,1,45,21.6,34,19.4,1022.6,4,12,53,0.0,0,626.9,6
2026-04-27 12:58:30,1,45,21.5,36,19.6,1022.6,6,12,10,0.0,0,629.2,6
2026-04-27 12:59:31,1,45,21.5,37,19.6,1022.7,3,9,296,0.0,0,767.9,7
2026-04-27 13:00:32,1,45,21.6,36,19.6,1022.7,6,11,20,0.0,0,734.2,7
2026-04-27 13:01:33,1,45,21.6,37,20.0,1022.7,2,11,2,0.0,0,699.5,6
2026-04-27 13:02:34,1,45,21.6,36,20.2,1022.5,2,7,308,0.0,0,609.4,5
2026-04-27 13:03:35,1,45,21.6,36,20.3,1022.6,2,7,70,0.0,0,592.7,5
2026-04-27 13:04:36,1,45,21.6,36,20.3,1022.6,2,5,44,0.0,0,595.5,5
2026-04-27 13:05:37,1,45,21.6,37,20.3,1022.6,7,12,37,0.0,0,609.8,5
2026-04-27 13:06:38,1,45,21.5,37,20.3,1022.5,1,12,19,0.0,0,621.2,6
2026-04-27 13:07:39,1,45,21.6,37,20.3,1022.4,2,3,348,0.0,0,641.8,6
2026-04-27 13:08:40,1,45,21.5,36,20.3,1022.5,4,7,17,0.0,0,671.7,6
2026-04-27 13:09:41,1,45,21.6,36,20.3,1022.6,6,9,45,0.0,0,629.1,6
2026-04-27 13:10:42,1,45,21.6,37,20.3,1022.5,6,12,46,0.0,0,578.4,5
2026-04-27 13:11:43,1,45,21.6,37,20.1,1022.5,9,12,46,0.0,0,615.0,5
2026-04-27 13:12:44,1,45,21.6,38,20.0,1022.5,5,12,323,0.0,0,614.9,5
2026-04-27 13:13:45,1,45,21.6,38,19.8,1022.4,2,9,47,0.0,0,575.1,5
2026-04-27 13:14:46,1,45,21.6,38,19.8,1022.4,1,3,39,0.0,0,584.4,5
2026-04-27 13:15:47,1,45,21.6,37,19.8,1022.4,7,11,41,0.0,0,619.5,6
2026-04-27 13:16:48,1,45,21.5,38,19.8,1022.4,11,16,38,0.0,0,734.4,7
2026-04-27 13:17:49,1,45,21.6,38,19.6,1022.4,5,16,53,0.0,0,609.5,5
2026-04-27 13:18:50,1,45,21.6,38,19.3,1022.4,6,12,30,0.0,0,489.6,4
2026-04-27 13:19:51,1,45,21.6,38,19.3,1022.3,4,11,46,0.0,0,543.5,5
2026-04-27 13:20:52,1,45,21.6,38,19.4,1022.4,3,16,69,0.0,0,638.5,6
2026-04-27 13:21:53,1,45,21.5,37,19.6,1022.2,6,12,57,0.0,0,613.2,5
2026-04-27 13:22:54,1,45,21.6,37,19.7,1022.4,7,12,21,0.0,0,615.5,5
2026-04-27 13:23:55,1,45,21.6,37,19.7,1022.3,6,12,0,0.0,0,488.9,4
2026-04-27 13:24:56,1,45,21.6,38,19.4,1022.3,7,11,15,0.0,0,506.7,4
2026-04-27 13:25:57,1,45,21.6,38,19.2,1022.3,3,11,27,0.0,0,589.0,5
2026-04-27 13:26:58,1,45,21.6,38,19.1,1022.4,7,11,35,0.0,0,593.8,5
2026-04-27 13:27:59,1,45,21.6,38,19.2,1022.5,9,14,53,0.0,0,496.9,4
2026-04-27 13:29:00,1,45,21.5,37,19.4,1022.5,7,14,37,0.0,0,608.0,5
2026-04-27 13:30:01,1,45,21.5,38,19.4,1022.4,2,12,27,0.0,0,489.8,4
2026-04-27 13:31:02,1,45,21.5,37,19.5,1022.3,7,11,31,0.0,0,597.6,5
2026-04-27 13:32:03,1,45,21.6,37,19.5,1022.4,6,12,46,0.0,0,696.8,6
2026-04-27 13:33:04,1,45,21.6,37,19.5,1022.4,3,12,37,0.0,0,708.2,6
2026-04-27 13:34:05,1,45,21.6,36,19.4,1022.4,7,12,51,0.0,0,625.4,6
2026-04-27 13:35:06,1,45,21.5,37,19.3,1022.5,8,12,40,0.0,0,531.9,5
2026-04-27 13:36:07,1,44,21.6,36,19.3,1022.4,7,12,44,0.0,0,595.3,5
2026-04-27 13:37:08,1,44,21.6,37,19.3,1022.4,4,11,58,0.0,0,733.3,7
2026-04-27 13:38:09,1,44,21.6,37,19.1,1022.3,1,14,45,0.0,0,772.9,7
2026-04-27 13:39:10,1,44,21.5,37,19.1,1022.4,8,16,30,0.0,0,708.6,6
2026-04-27 13:40:11,1,44,21.5,38,19.1,1022.4,3,12,25,0.0,0,399.3,3
2026-04-27 13:41:12,1,44,21.6,38,19.1,1022.3,3,9,5,0.0,0,441.5,4
2026-04-27 13:42:13,1,44,21.5,38,19.1,1022.2,0,7,26,0.0,0,404.4,3
2026-04-27 13:43:14,1,44,21.5,38,19.1,1022.4,1,11,66,0.0,0,401.0,3
2026-04-27 13:44:15,1,44,21.5,38,19.1,1022.2,7,11,48,0.0,0,399.7,3
2026-04-27 13:45:16,1,44,21.5,39,19.1,1022.1,7,11,24,0.0,0,388.5,3
2026-04-27 13:46:17,1,44,21.5,39,19.1,1022.2,2,11,27,0.0,0,420.8,4
2026-04-27 13:47:18,1,44,21.5,39,19.1,1022.3,3,11,60,0.0,0,405.7,3
2026-04-27 13:48:19,1,44,21.5,38,19.1,1022.3,5,9,12,0.0,0,371.2,3
2026-04-27 13:49:20,1,44,21.5,36,19.1,1022.1,5,11,21,0.0,0,436.7,4
2026-04-27 13:50:21,1,44,21.5,35,19.1,1022.2,6,11,63,0.0,0,470.8,4
2026-04-27 13:51:22,1,44,21.5,36,19.1,1022.4,7,11,25,0.0,0,429.8,4
2026-04-27 13:52:23,1,44,21.5,36,19.1,1022.3,5,9,59,0.0,0,347.5,3
2026-04-27 13:53:24,1,44,21.5,36,19.1,1022.2,2,9,35,0.0,0,549.9,5
2026-04-27 13:54:25,1,44,21.5,36,19.1,1022.1,2,7,8,0.0,0,700.7,6
2026-04-27 13:55:26,1,44,21.5,35,19.3,1022.3,3,9,39,0.0,0,476.4,4
2026-04-27 13:56:27,1,44,21.5,33,19.6,1022.3,6,11,36,0.0,0,490.0,4
2026-04-27 13:57:28,1,44,21.5,34,19.6,1022.4,4,11,64,0.0,0,598.3,5
2026-04-27 13:58:29,1,44,21.5,34,19.6,1022.3,10,14,39,0.0,0,612.9,5
2026-04-27 13:59:30,1,44,21.5,35,19.5,1022.2,8,14,53,0.0,0,588.2,5
2026-04-27 14:00:31,1,44,21.5,34,19.4,1022.4,11,12,42,0.0,0,588.4,5
2026-04-27 14:01:32,1,44,21.5,34,19.4,1022.3,1,12,21,0.0,0,608.5,5
2026-04-27 14:02:33,1,44,21.5,35,19.1,1022.4,6,9,18,0.0,0,665.6,6
2026-04-27 14:03:34,1,44,21.5,35,19.1,1022.2,5,9,20,0.0,0,544.0,5
2026-04-27 14:04:35,1,44,21.5,35,19.2,1022.3,4,9,358,0.0,0,575.5,5
2026-04-27 14:05:36,1,44,21.5,37,19.2,1022.3,7,11,39,0.0,0,462.9,4
2026-04-27 14:06:37,1,44,21.5,37,19.2,1022.1,6,11,42,0.0,0,502.4,4
2026-04-27 14:07:38,1,44,21.5,37,19.2,1022.2,7,9,41,0.0,0,474.3,4
2026-04-27 14:08:39,1,44,21.5,37,19.2,1022.1,10,14,66,0.0,0,440.4,4
2026-04-27 14:09:40,1,44,21.5,37,19.2,1022.1,10,14,71,0.0,0,609.4,5
2026-04-27 14:10:41,1,44,21.5,38,19.3,1022.1,10,12,49,0.0,0,419.2,4
2026-04-27 14:11:42,1,44,21.5,38,19.2,1022.2,11,14,14,0.0,0,437.4,4
2026-04-27 14:12:43,1,44,21.5,39,19.1,1022.2,12,18,46,0.0,0,407.9,3
2026-04-27 14:13:44,1,44,21.5,40,18.9,1022.1,0,18,60,0.0,0,515.1,5
2026-04-27 14:14:45,1,44,21.5,40,18.4,1022.1,7,11,14,0.0,0,392.2,3
2026-04-27 14:15:46,1,44,21.5,40,18.4,1022.0,6,18,13,0.0,0,421.6,4
2026-04-27 14:16:47,1,44,21.5,40,18.4,1022.2,9,16,68,0.0,0,437.1,4
2026-04-27 14:17:48,1,44,21.5,40,18.4,1022.1,1,16,32,0.0,0,450.8,4
2026-04-27 14:18:49,1,44,21.4,40,18.5,1022.1,4,7,357,0.0,0,395.1,3
2026-04-27 14:19:50,1,44,21.4,40,18.6,1022.0,0,7,61,0.0,0,509.9,4
2026-04-27 14:20:51,1,44,21.4,39,18.6,1022.0,6,12,47,0.0,0,407.4,3
2026-04-27 14:21:52,1,44,21.4,39,18.7,1022.1,7,12,40,0.0,0,471.5,4
2026-04-27 14:22:53,1,44,21.4,39,18.5,1022.2,11,16,55,0.0,0,405.3,3
2026-04-27 14:23:54,1,44,21.4,39,18.3,1022.0,12,16,1,0.0,0,489.8,4
2026-04-27 14:24:55,1,44,21.4,40,18.2,1021.8,9,14,39,0.0,0,384.8,3
2026-04-27 14:25:56,1,44,21.4,40,18.0,1022.0,8,14,20,0.0,0,475.7,4
2026-04-27 14:26:57,1,44,21.4,38,18.0,1022.0,14,16,19,0.0,0,535.3,5
2026-04-27 14:27:58,1,44,21.4,38,18.0,1022.1,12,16,41,0.0,0,577.9,5
2026-04-27 14:28:59,1,44,21.4,39,17.8,1022.0,7,16,83,0.0,0,473.4,4
2026-04-27 14:30:00,1,44,21.4,38,17.8,1021.9,11,12,60,0.0,0,392.9,3
2026-04-27 14:31:01,1,44,21.4,38,17.9,1022.1,5,12,16,0.0,0,652.5,6
2026-04-27 14:32:02,1,44,21.4,38,18.1,1022.1,4,7,14,0.0,0,557.7,5
2026-04-27 14:33:03,1,44,21.4,37,18.2,1022.0,7,14,21,0.0,0,547.4,5
2026-04-27 14:34:04,1,44,21.4,36,18.3,1022.1,8,16,13,0.0,0,341.1,3
2026-04-27 14:35:05,1,44,21.4,37,18.3,1021.9,5,16,327,0.0,0,290.0,2
2026-04-27 14:36:06,1,44,21.4,37,18.2,1021.9,0,12,28,0.0,0,294.1,2
2026-04-27 14:37:07,1,44,21.4,38,18.2,1021.9,7,11,45,0.0,0,296.8,2
2026-04-27 14:38:09,1,44,21.4,37,18.2,1021.9,9,14,54,0.0,0,313.6,3
2026-04-27 14:39:10,1,44,21.4,37,18.2,1022.1,7,14,35,0.0,0,545.2,5
2026-04-27 14:40:11,1,44,21.4,38,18.1,1022.1,10,16,51,0.0,0,329.1,3
2026-04-27 14:41:12,1,44,21.4,38,18.1,1021.9,6,16,22,0.0,0,418.3,4
2026-04-27 14:42:13,1,44,21.4,38,18.1,1022.0,8,12,40,0.0,0,346.4,3
2026-04-27 14:43:14,1,44,21.4,38,18.1,1021.9,6,11,24,0.0,0,372.0,3
2026-04-27 14:44:15,1,44,21.4,38,17.9,1022.1,5,14,48,0.0,0,349.3,3
2026-04-27 14:45:16,1,44,21.4,38,17.9,1021.9,2,12,55,0.0,0,557.1,5
2026-04-27 14:46:17,1,44,21.4,38,17.9,1021.8,9,12,34,0.0,0,563.7,5
2026-04-27 14:47:18,1,44,21.4,37,18.1,1022.0,6,12,9,0.0,0,566.4,5
2026-04-27 14:48:19,1,44,21.4,37,18.2,1021.8,5,11,52,0.0,0,521.0,5
2026-04-27 14:49:20,1,44,21.4,35,18.3,1021.7,3,11,34,0.0,0,540.4,5
2026-04-27 14:50:21,1,44,21.4,34,18.6,1022.0,5,11,48,0.0,0,520.4,5
2026-04-27 14:51:22,1,44,21.4,36,18.7,1021.8,7,12,16,0.0,0,542.1,5
2026-04-27 14:52:23,1,44,21.4,36,18.7,1021.8,8,12,59,0.0,0,531.4,5
2026-04-27 14:53:24,1,44,21.4,38,18.6,1021.8,5,14,36,0.0,0,534.5,5
2026-04-27 14:54:25,1,44,21.4,39,18.6,1021.8,7,18,53,0.0,0,538.9,5
2026-04-27 14:55:26,1,44,21.4,39,18.5,1021.6,4,12,63,0.0,0,432.5,4
2026-04-27 14:56:27,1,44,21.4,40,18.3,1021.6,3,11,15,0.0,0,471.8,4
2026-04-27 14:57:28,1,44,21.4,40,18.3,1021.7,10,14,51,0.0,0,371.3,3
2026-04-27 14:58:29,1,44,21.4,41,18.2,1021.6,3,14,38,0.0,0,389.5,3
2026-04-27 14:59:30,1,44,21.4,41,18.2,1021.6,0,14,68,0.0,0,535.8,5
2026-04-27 15:00:31,1,43,21.4,41,18.2,1021.9,3,12,45,0.0,0,322.1,3
2026-04-27 15:01:32,1,43,21.4,41,18.3,1021.6,5,12,37,0.0,0,367.5,3
2026-04-27 15:02:33,1,43,21.4,41,18.3,1021.7,8,12,37,0.0,0,308.7,3
2026-04-27 15:03:34,1,43,21.4,42,18.2,1021.7,2,12,74,0.0,0,321.3,3
2026-04-27 15:04:35,1,43,21.4,41,18.2,1021.6,5,9,0,0.0,0,317.6,3
2026-04-27 15:05:36,1,43,21.4,41,18.4,1021.6,6,9,21,0.0,0,348.1,3
2026-04-27 15:06:37,1,43,21.4,41,18.4,1021.7,10,12,67,0.0,0,360.6,3
2026-04-27 15:07:38,1,43,21.4,42,18.4,1021.6,8,14,56,0.0,0,331.2,3
2026-04-27 15:08:39,1,43,21.4,42,18.3,1021.7,1,12,22,0.0,0,315.6,3
2026-04-27 15:09:40,1,43,21.4,42,18.3,1021.7,1,5,73,0.0,0,321.3,3
2026-04-27 15:10:41,1,43,21.4,42,18.4,1021.6,0,5,19,0.0,0,298.8,2
2026-04-27 15:11:42,1,43,21.4,42,18.4,1021.5,0,1,11,0.0,0,318.8,3
2026-04-27 15:12:43,1,43,21.4,42,18.5,1021.5,3,7,33,0.0,0,331.7,3
2026-04-27 15:13:44,1,43,21.4,41,18.6,1021.7,8,14,40,0.0,0,442.5,4
2026-04-27 15:14:45,1,43,21.3,41,18.6,1021.5,8,14,47,0.0,0,376.2,3
2026-04-27 15:15:46,1,43,21.4,42,18.4,1021.6,3,11,355,0.0,0,470.8,4
2026-04-27 15:16:47,1,43,21.3,42,18.4,1021.5,8,18,27,0.0,0,489.2,4
2026-04-27 15:17:48,1,43,21.4,42,18.4,1021.6,5,18,57,0.0,0,527.2,5
2026-04-27 15:18:49,1,43,21.4,42,18.4,1021.6,2,11,68,0.0,0,549.5,5
2026-04-27 15:19:50,1,43,21.3,42,18.4,1021.5,1,5,64,0.0,0,385.0,3
2026-04-27 15:20:51,1,43,21.4,41,18.6,1021.5,13,18,51,0.0,0,413.0,4
2026-04-27 15:21:52,1,43,21.4,42,18.7,1021.5,9,18,37,0.0,0,370.1,3
2026-04-27 15:22:53,1,43,21.4,43,18.4,1021.6,9,16,39,0.0,0,287.3,2
2026-04-27 15:23:54,1,43,21.4,43,18.1,1021.5,8,14,40,0.0,0,282.5,2
2026-04-27 15:24:55,1,43,21.4,43,18.1,1021.4,7,14,41,0.0,0,278.3,2
2026-04-27 15:25:56,1,43,21.4,44,18.1,1021.4,9,14,21,0.0,0,269.4,2
2026-04-27 15:26:57,1,43,21.4,46,17.9,1021.5,14,18,26,0.0,0,264.8,2
2026-04-27 15:27:58,1,43,21.4,46,17.8,1021.5,8,18,81,0.0,0,262.8,2
2026-04-27 15:28:59,1,43,21.4,47,17.7,1021.5,12,18,23,0.0,0,255.3,2
2026-04-27 15:30:00,1,43,21.4,48,17.5,1021.4,7,14,32,0.0,0,245.8,2
2026-04-27 15:31:01,1,43,21.4,48,17.3,1021.4,5,11,20,0.0,0,240.4,2
2026-04-27 15:32:02,1,43,21.4,47,17.3,1021.3,9,12,28,0.0,0,242.3,2
2026-04-27 15:33:03,1,43,21.4,47,17.3,1021.4,8,12,48,0.0,0,276.2,2
2026-04-27 15:34:04,1,43,21.4,48,17.3,1021.3,7,14,90,0.0,0,320.7,3
2026-04-27 15:35:05,1,43,21.4,47,17.4,1021.4,9,14,31,0.0,0,315.6,3
2026-04-27 15:36:06,1,43,21.4,48,17.4,1021.4,4,12,58,0.0,0,334.0,3
2026-04-27 15:37:07,1,43,21.4,48,17.3,1021.2,7,12,6,0.0,0,389.2,3
2026-04-27 15:38:09,1,43,21.4,47,17.4,1021.3,9,14,62,0.0,0,343.2,3
2026-04-27 15:39:10,1,43,21.4,47,17.4,1021.4,7,14,35,0.0,0,305.6,2
2026-04-27 15:40:11,1,43,21.4,47,17.4,1021.3,2,11,27,0.0,0,323.4,3
2026-04-27 15:41:12,1,43,21.4,47,17.4,1021.4,3,9,22,0.0,0,309.5,3
2026-04-27 15:42:13,1,43,21.4,47,17.5,1021.3,3,9,16,0.0,0,285.7,2
2026-04-27 15:43:14,1,44,21.4,46,17.6,1021.4,7,9,68,0.0,0,276.2,2
2026-04-27 15:44:15,1,44,21.4,46,17.8,1021.4,7,14,30,0.0,0,334.5,3
2026-04-27 15:45:16,1,44,21.4,46,17.8,1021.4,3,14,71,0.0,0,307.6,2
2026-04-27 15:46:17,1,44,21.4,46,17.7,1021.3,7,11,7,0.0,0,277.0,2
2026-04-27 15:47:18,1,44,21.4,46,17.6,1021.3,10,12,31,0.0,0,239.0,2
2026-04-27 15:48:19,1,44,21.4,46,17.6,1021.4,10,14,16,0.0,0,226.4,2
2026-04-27 15:49:20,1,44,21.4,46,17.5,1021.3,6,16,55,0.0,0,212.9,2
2026-04-27 15:50:21,1,44,21.4,46,17.3,1021.3,6,16,17,0.0,0,207.1,2
2026-04-27 15:51:22,1,44,21.4,47,17.3,1021.2,1,9,11,0.0,0,202.5,1
2026-04-27 15:52:23,1,44,21.4,46,17.3,1021.4,2,7,12,0.0,0,200.9,1
2026-04-27 15:53:24,1,44,21.4,46,17.4,1021.3,6,9,79,0.0,0,205.3,2
2026-04-27 15:54:25,1,44,21.4,46,17.5,1021.3,6,11,50,0.0,0,195.9,1
2026-04-27 15:55:26,1,44,21.4,47,17.4,1021.2,3,9,44,0.0,0,189.7,1
2026-04-27 15:56:27,1,44,21.4,47,17.3,1021.2,3,11,14,0.0,0,188.2,1
2026-04-27 15:57:28,1,44,21.4,47,17.3,1021.3,2,11,6,0.0,0,189.2,1
2026-04-27 15:58:29,1,44,21.4,48,17.3,1021.2,3,9,21,0.0,0,190.8,1
2026-04-27 15:59:30,1,44,21.4,47,17.3,1021.4,5,11,45,0.0,0,183.9,1
2026-04-27 16:00:31,1,44,21.4,48,17.3,1021.3,2,11,35,0.0,0,182.1,1
2026-04-27 16:01:32,1,44,21.4,47,17.3,1021.2,5,11,63,0.0,0,180.4,1
2026-04-27 16:02:33,1,44,21.4,47,17.3,1021.2,6,11,68,0.0,0,179.8,1
2026-04-27 16:03:34,1,44,21.4,47,17.3,1021.3,5,9,355,0.0,0,179.3,1
2026-04-27 16:04:35,1,44,21.4,48,17.3,1021.2,2,9,356,0.0,0,179.1,1
2026-04-27 16:05:36,1,44,21.4,47,17.3,1021.2,8,12,47,0.0,0,179.0,1
2026-04-27 16:06:37,1,44,21.4,48,17.2,1021.3,9,14,62,0.0,0,178.9,1
2026-04-27 16:07:38,1,44,21.4,49,17.1,1021.2,2,11,357,0.0,0,178.9,1
2026-04-27 16:08:39,1,44,21.4,48,16.9,1021.4,12,16,40,0.0,0,178.6,1
2026-04-27 16:09:40,1,44,21.4,48,16.9,1021.2,5,16,56,0.0,0,177.4,1
2026-04-27 16:10:41,1,44,21.4,48,16.9,1021.3,8,14,42,0.0,0,175.7,1
2026-04-27 16:11:42,1,44,21.4,48,16.8,1021.1,7,11,19,0.0,0,172.8,1
2026-04-27 16:12:43,1,44,21.4,49,16.8,1021.2,8,14,24,0.0,0,169.4,1
2026-04-27 16:13:44,1,44,21.4,49,16.7,1021.2,4,11,34,0.0,0,166.6,1
2026-04-27 16:14:45,1,44,21.4,49,16.7,1021.2,2,7,359,0.0,0,163.2,1
2026-04-27 16:15:46,1,44,21.4,49,16.7,1021.2,10,12,45,0.0,0,159.9,1
2026-04-27 16:16:47,1,44,21.4,49,16.8,1021.2,6,12,9,0.0,0,157.2,1
2026-04-27 16:17:48,1,44,21.4,49,16.9,1021.2,5,14,60,0.0,0,155.2,1
2026-04-27 16:18:49,1,44,21.4,50,16.9,1021.2,1,14,27,0.0,0,154.2,1
2026-04-27 16:19:50,1,44,21.4,49,16.8,1021.2,7,11,44,0.0,0,152.8,1
2026-04-27 16:20:51,1,44,21.4,50,16.8,1021.3,10,16,43,0.0,0,151.6,1
2026-04-27 16:21:52,1,44,21.4,51,16.7,1021.1,7,16,23,0.0,0,150.8,1
2026-04-27 16:22:53,1,44,21.4,51,16.5,1021.1,8,12,45,0.0,0,150.4,1
2026-04-27 16:23:54,1,44,21.4,51,16.4,1021.3,12,16,38,0.0,0,150.4,1
2026-04-27 16:24:55,1,44,21.4,51,16.4,1021.3,6,16,22,0.0,0,150.4,1
2026-04-27 16:25:56,1,44,21.4,52,16.2,1021.2,6,14,19,0.0,0,150.3,1
2026-04-27 16:26:57,1,44,21.4,52,16.1,1021.1,7,12,54,0.0,0,150.3,1
2026-04-27 16:27:58,1,44,21.4,51,16.1,1021.3,9,14,32,0.0,0,150.5,1
2026-04-27 16:28:59,1,44,21.4,51,16.1,1021.0,6,14,39,0.0,0,150.8,1
2026-04-27 16:30:00,1,44,21.4,51,16.1,1021.0,6,9,50,0.0,0,151.3,1
2026-04-27 16:31:01,1,44,21.4,51,16.1,1021.2,2,11,18,0.0,0,152.4,1
2026-04-27 16:32:02,1,44,21.4,51,16.1,1021.3,12,18,26,0.0,0,154.5,1
2026-04-27 16:33:03,1,44,21.4,50,16.1,1021.1,10,18,87,0.0,0,157.1,1
2026-04-27 16:34:04,1,44,21.4,51,16.0,1021.2,5,14,23,0.0,0,160.2,1
2026-04-27 16:35:05,1,44,21.4,51,16.0,1021.2,7,14,51,0.0,0,162.8,1
2026-04-27 16:36:06,1,44,21.4,50,16.0,1021.1,6,12,23,0.0,0,163.6,1
2026-04-27 16:37:07,1,44,21.4,50,16.1,1021.1,7,16,86,0.0,0,164.9,1
2026-04-27 16:38:08,1,44,21.4,50,16.1,1021.4,2,16,357,0.0,0,164.6,1
2026-04-27 16:39:09,1,44,21.4,50,16.0,1021.3,10,12,60,0.0,0,163.3,1
2026-04-27 16:40:10,1,44,21.4,50,16.0,1021.2,3,12,35,0.0,0,163.0,1
2026-04-27 16:41:11,1,44,21.4,50,16.0,1021.1,8,11,26,0.0,0,163.0,1
2026-04-27 16:42:12,1,44,21.4,50,15.9,1021.3,9,16,38,0.0,0,160.6,1
2026-04-27 16:43:13,1,44,21.4,49,15.9,1021.2,7,16,38,0.0,0,157.9,1
2026-04-27 16:44:14,1,44,21.4,48,15.7,1021.2,15,20,19,0.0,0,156.6,1
2026-04-27 16:45:15,1,44,21.4,48,15.7,1021.1,12,20,14,0.0,0,156.4,1
2026-04-27 16:46:16,1,44,21.4,48,15.7,1021.2,6,14,4,0.0,0,155.4,1
2026-04-27 16:47:17,1,44,21.4,48,15.7,1021.2,5,12,38,0.0,0,155.4,1
2026-04-27 16:48:18,1,44,21.4,47,15.7,1021.1,7,12,33,0.0,0,156.1,1
2026-04-27 16:49:19,1,44,21.4,47,15.7,1021.2,2,12,340,0.0,0,157.7,1
2026-04-27 16:50:20,1,44,21.4,46,15.7,1021.1,9,12,58,0.0,0,157.0,1
2026-04-27 16:51:21,1,44,21.4,47,15.7,1021.1,8,14,1,0.0,0,156.5,1
2026-04-27 16:52:22,1,44,21.4,47,15.7,1021.1,9,14,27,0.0,0,155.6,1
2026-04-27 16:53:23,1,44,21.4,47,15.6,1021.2,7,14,45,0.0,0,153.7,1
2026-04-27 16:54:24,1,44,21.4,48,15.6,1021.2,3,14,38,0.0,0,152.8,1
2026-04-27 16:55:25,1,44,21.4,48,15.5,1021.0,13,16,52,0.0,0,161.8,1
2026-04-27 16:56:26,1,44,21.4,48,15.5,1021.2,12,16,43,0.0,0,152.5,1
2026-04-27 16:57:27,1,44,21.4,48,15.5,1021.0,12,18,26,0.0,0,148.3,1
2026-04-27 16:58:28,1,44,21.4,48,15.4,1021.1,13,18,2,0.0,0,140.5,1
2026-04-27 16:59:29,1,44,21.4,48,15.3,1021.0,9,16,35,0.0,0,129.7,1
2026-04-27 17:00:30,1,44,21.4,48,15.3,1021.2,10,16,41,0.0,0,122.4,1
2026-04-27 17:01:31,1,44,21.4,48,15.3,1021.1,10,16,20,0.0,0,117.8,1
2026-04-27 17:02:32,1,44,21.4,48,15.3,1021.1,11,16,33,0.0,0,113.0,1
2026-04-27 17:03:33,1,44,21.4,48,15.3,1021.1,7,16,27,0.0,0,108.7,1
2026-04-27 17:04:34,1,44,21.4,48,15.3,1021.1,10,16,42,0.0,0,103.4,1
2026-04-27 17:05:35,1,44,21.4,48,15.3,1021.1,8,12,50,0.0,0,98.8,0
2026-04-27 17:06:36,1,44,21.4,48,15.3,1021.2,8,12,27,0.0,0,95.5,0
2026-04-27 17:07:37,1,44,21.4,48,15.3,1021.2,7,12,24,0.0,0,93.7,0
2026-04-27 17:08:38,1,44,21.4,48,15.2,1021.3,14,18,25,0.0,0,92.5,0
2026-04-27 17:09:39,1,44,21.4,48,15.2,1021.0,7,18,22,0.0,0,94.1,0
2026-04-27 17:10:40,1,44,21.3,48,15.1,1021.2,7,14,17,0.0,0,90.7,0
2026-04-27 17:11:41,1,44,21.4,49,15.1,1021.0,8,12,30,0.0,0,87.4,0
2026-04-27 17:12:42,1,44,21.3,49,15.0,1021.0,4,12,26,0.0,0,86.5,0
2026-04-27 17:13:43,1,43,21.4,49,15.0,1021.0,1,9,37,0.0,0,86.5,0
2026-04-27 17:14:44,1,44,21.4,49,15.0,1021.0,5,9,50,0.0,0,88.5,0
2026-04-27 17:15:45,1,43,21.4,49,15.1,1020.9,6,9,13,0.0,0,85.7,0
2026-04-27 17:16:46,1,43,21.3,47,15.1,1021.1,9,14,50,0.0,0,86.2,0
2026-04-27 17:17:47,1,43,21.4,44,15.1,1021.1,7,14,34,0.0,0,86.2,0
2026-04-27 17:18:48,1,43,21.4,43,15.1,1021.1,8,16,98,0.0,0,86.5,0
2026-04-27 17:19:49,1,43,21.4,42,15.1,1021.1,7,16,23,0.0,0,86.2,0
2026-04-27 17:20:50,1,43,21.4,42,15.0,1021.0,7,9,45,0.0,0,86.3,0
2026-04-27 17:21:51,1,43,21.4,41,15.0,1020.9,6,11,23,0.0,0,86.3,0
2026-04-27 17:22:52,1,43,21.3,40,15.1,1021.0,9,11,17,0.0,0,85.9,0
2026-04-27 17:23:53,1,43,21.4,38,15.1,1021.0,9,14,357,0.0,0,85.3,0
2026-04-27 17:24:54,1,43,21.4,39,15.1,1021.0,2,14,18,0.0,0,84.2,0
2026-04-27 17:25:55,1,43,21.3,38,15.1,1020.9,4,12,72,0.0,0,82.7,0
2026-04-27 17:26:56,1,43,21.3,39,15.1,1020.9,6,12,10,0.0,0,81.1,0
2026-04-27 17:27:57,1,43,21.3,41,15.1,1020.9,7,11,54,0.0,0,79.5,0
2026-04-27 17:28:58,1,43,21.3,42,15.0,1020.9,6,14,37,0.0,0,77.8,0
2026-04-27 17:29:59,1,43,21.3,44,15.0,1021.1,10,16,21,0.0,0,76.6,0
2026-04-27 17:31:00,1,43,21.3,45,14.9,1020.9,7,16,28,0.0,0,74.7,0
2026-04-27 17:32:01,1,43,21.3,46,14.8,1020.9,7,14,19,0.0,0,72.8,0
2026-04-27 17:33:02,1,43,21.3,46,14.7,1021.1,3,12,39,0.0,0,70.7,0
2026-04-27 17:34:03,1,43,21.3,47,14.6,1021.2,8,12,22,0.0,0,68.8,0
2026-04-27 17:35:04,1,43,21.3,48,14.6,1021.0,8,12,19,0.0,0,67.5,0
2026-04-27 17:36:05,1,43,21.3,49,14.6,1020.8,9,12,28,0.0,0,65.9,0
2026-04-27 17:37:06,1,43,21.3,49,14.5,1020.9,6,18,50,0.0,0,64.4,0
2026-04-27 17:38:07,1,43,21.3,49,14.4,1021.0,6,12,55,0.0,0,63.2,0
2026-04-27 17:39:08,1,43,21.3,49,14.4,1021.1,11,16,27,0.0,0,62.0,0
2026-04-27 17:40:09,1,43,21.3,50,14.3,1021.1,7,16,42,0.0,0,61.3,0
2026-04-27 17:41:10,1,43,21.3,50,14.3,1021.1,7,12,40,0.0,0,60.3,0
2026-04-27 17:42:11,1,43,21.3,50,14.2,1021.1,8,11,55,0.0,0,59.8,0
2026-04-27 17:43:12,1,43,21.3,51,14.2,1021.0,1,11,34,0.0,0,62.7,0
2026-04-27 17:44:13,1,43,21.3,51,14.2,1021.1,3,9,63,0.0,0,69.6,0
2026-04-27 17:45:14,1,42,21.3,51,14.2,1021.1,3,9,47,0.0,0,71.9,0
2026-04-27 17:46:15,1,42,21.3,51,14.3,1021.0,7,9,33,0.0,0,74.4,0
2026-04-27 17:47:16,1,42,21.3,51,14.4,1021.0,9,11,37,0.0,0,75.6,0
2026-04-27 17:48:17,1,42,21.3,51,14.4,1020.9,3,11,37,0.0,0,68.5,0
2026-04-27 17:49:18,1,42,21.3,51,14.3,1021.0,9,12,48,0.0,0,59.6,0
2026-04-27 17:50:19,1,42,21.3,51,14.3,1020.9,8,14,32,0.0,0,58.0,0
2026-04-27 17:51:20,1,42,21.3,51,14.2,1021.1,11,14,60,0.0,0,56.7,0
2026-04-27 17:52:21,1,42,21.3,50,14.2,1020.9,9,18,15,0.0,0,55.0,0
2026-04-27 17:53:22,1,42,21.3,50,14.1,1021.0,4,18,48,0.0,0,52.9,0
2026-04-27 17:54:23,1,42,21.3,50,14.0,1021.1,3,12,18,0.0,0,50.7,0
2026-04-27 17:55:24,1,42,21.3,50,14.0,1020.9,4,7,49,0.0,0,48.6,0
2026-04-27 17:56:25,1,42,21.3,50,14.1,1021.1,9,14,36,0.0,0,47.2,0
2026-04-27 17:57:26,1,42,21.3,50,14.1,1021.2,6,14,48,0.0,0,45.7,0
2026-04-27 17:58:27,1,42,21.3,50,14.1,1021.1,5,11,28,0.0,0,44.6,0
2026-04-27 17:59:28,1,42,21.3,50,14.0,1021.1,5,11,38,0.0,0,43.6,0
2026-04-27 18:00:29,1,42,21.3,50,14.0,1021.0,8,11,33,0.0,0,42.6,0
2026-04-27 18:01:30,1,42,21.3,50,13.9,1021.0,5,11,60,0.0,0,41.6,0
2026-04-27 18:02:31,1,42,21.3,50,13.8,1021.0,7,16,53,0.0,0,40.8,0
2026-04-27 18:03:32,1,42,21.3,51,13.8,1021.1,2,16,46,0.0,0,39.7,0
2026-04-27 18:04:33,1,42,21.3,51,13.7,1021.0,6,11,340,0.0,0,38.6,0
2026-04-27 18:05:34,1,42,21.3,51,13.7,1021.1,7,11,41,0.0,0,37.6,0
2026-04-27 18:06:35,1,42,21.3,52,13.7,1020.9,6,14,57,0.0,0,36.8,0
2026-04-27 18:07:36,1,42,21.3,52,13.7,1020.9,2,14,34,0.0,0,36.2,0
2026-04-27 18:08:37,1,42,21.3,52,13.6,1021.1,8,11,27,0.0,0,35.4,0
2026-04-27 18:09:38,1,42,21.3,52,13.6,1020.9,8,12,37,0.0,0,34.5,0
2026-04-27 18:10:39,1,42,21.3,53,13.6,1021.0,2,12,52,0.0,0,33.6,0
2026-04-27 18:11:40,1,42,21.3,53,13.5,1021.0,7,12,59,0.0,0,32.5,0
2026-04-27 18:12:41,1,42,21.3,53,13.5,1020.8,0,12,45,0.0,0,31.6,0
2026-04-27 18:13:42,1,42,21.3,54,13.5,1020.8,8,14,43,0.0,0,30.3,0
2026-04-27 18:14:43,1,43,21.3,54,13.4,1021.0,6,14,23,0.0,0,28.9,0
2026-04-27 18:15:44,1,43,21.3,55,13.4,1021.0,7,12,46,0.0,0,27.3,0
2026-04-27 18:16:45,1,43,21.3,55,13.4,1020.9,9,12,359,0.0,0,25.6,0
2026-04-27 18:17:46,1,43,21.3,56,13.3,1020.9,5,12,44,0.0,0,23.9,0
2026-04-27 18:18:47,1,43,21.3,56,13.3,1020.9,10,12,36,0.0,0,22.8,0
2026-04-27 18:19:48,1,43,21.3,56,13.2,1020.9,9,12,44,0.0,0,21.4,0
2026-04-27 18:20:49,1,42,21.3,57,13.1,1020.9,5,14,54,0.0,0,20.2,0
2026-04-27 18:21:50,1,43,21.3,57,13.0,1020.9,2,14,52,0.0,0,19.0,0
2026-04-27 18:22:51,1,43,21.3,58,13.0,1020.9,2,12,11,0.0,0,17.9,0
2026-04-27 18:23:52,1,42,21.3,58,13.0,1020.9,10,12,24,0.0,0,17.1,0
2026-04-27 18:24:53,1,42,21.3,58,13.0,1021.0,8,12,37,0.0,0,16.1,0
2026-04-27 18:25:54,1,42,21.3,59,13.0,1020.9,7,12,28,0.0,0,15.2,0
2026-04-27 18:26:55,1,43,21.3,59,12.9,1020.8,6,12,55,0.0,0,14.3,0
2026-04-27 18:27:56,1,43,21.3,59,12.9,1020.9,2,7,53,0.0,0,13.5,0
2026-04-27 18:28:57,1,43,21.3,59,12.9,1021.0,1,7,40,0.0,0,13.0,0
2026-04-27 18:29:58,1,43,21.3,59,12.8,1021.0,3,7,23,0.0,0,12.3,0
2026-04-27 18:30:59,1,43,21.3,60,12.9,1020.8,1,5,55,0.0,0,11.7,0
2026-04-27 18:32:00,1,43,21.3,60,12.9,1021.0,2,5,32,0.0,0,11.2,0
2026-04-27 18:33:01,1,43,21.3,60,12.9,1021.0,2,7,43,0.0,0,10.7,0
2026-04-27 18:34:02,1,43,21.3,60,12.9,1020.9,8,16,41,0.0,0,10.2,0
2026-04-27 18:35:03,1,43,21.3,61,12.8,1020.9,4,16,38,0.0,0,9.9,0
2026-04-27 18:36:04,1,43,21.3,61,12.8,1021.1,9,14,41,0.0,0,9.5,0
2026-04-27 18:37:05,1,43,21.3,61,12.7,1021.1,3,14,3,0.0,0,9.1,0
2026-04-27 18:38:06,1,43,21.3,61,12.6,1021.0,14,16,5,0.0,0,8.7,0
2026-04-27 18:39:07,1,43,21.3,62,12.6,1021.0,3,16,46,0.0,0,8.3,0
2026-04-27 18:40:08,1,43,21.2,62,12.6,1021.1,3,5,351,0.0,0,8.1,0
2026-04-27 18:41:09,1,43,21.3,62,12.6,1021.2,11,16,345,0.0,0,7.7,0
2026-04-27 18:42:10,1,43,21.3,62,12.6,1021.1,3,16,70,0.0,0,7.4,0
2026-04-27 18:43:11,1,43,21.3,62,12.5,1021.1,5,14,351,0.0,0,7.0,0
2026-04-27 18:44:12,1,43,21.3,62,12.5,1021.1,4,9,59,0.0,0,6.6,0
2026-04-27 18:45:13,1,43,21.3,62,12.5,1020.9,7,9,47,0.0,0,6.3,0
2026-04-27 18:46:14,1,43,21.3,63,12.5,1021.1,1,9,23,0.0,0,6.0,0
2026-04-27 18:47:15,1,43,21.3,63,12.4,1021.1,0,11,1,0.0,0,5.6,0
2026-04-27 18:48:16,1,43,21.3,63,12.4,1021.1,2,11,32,0.0,0,5.3,0
2026-04-27 18:49:17,1,43,21.3,63,12.4,1021.0,10,12,13,0.0,0,5.0,0
2026-04-27 18:50:18,1,43,21.3,63,12.5,1021.0,2,12,3,0.0,0,4.6,0
2026-04-27 18:51:19,1,43,21.3,63,12.4,1021.2,6,12,37,0.0,0,4.4,0
2026-04-27 18:52:20,1,43,21.3,63,12.4,1021.2,7,11,26,0.0,0,4.0,0
2026-04-27 18:53:21,1,43,21.3,64,12.4,1021.0,4,9,55,0.0,0,3.7,0
2026-04-27 18:54:22,1,43,21.3,64,12.3,1021.1,6,14,18,0.0,0,3.4,0
2026-04-27 18:55:23,1,43,21.3,64,12.3,1021.2,3,14,42,0.0,0,3.1,0
2026-04-27 18:56:24,1,43,21.3,64,12.3,1021.1,7,11,12,0.0,0,2.9,0
2026-04-27 18:57:25,1,43,21.3,64,12.3,1020.9,2,9,49,0.0,0,2.7,0
2026-04-27 18:58:26,1,43,21.3,64,12.3,1021.1,2,7,49,0.0,0,2.5,0
2026-04-27 18:59:27,1,43,21.2,64,12.3,1021.1,3,5,41,0.0,0,2.3,0
2026-04-27 19:00:28,1,43,21.3,64,12.2,1021.1,7,14,47,0.0,0,2.1,0
2026-04-27 19:01:29,1,43,21.3,64,12.2,1021.2,6,14,23,0.0,0,1.9,0
2026-04-27 19:02:30,1,43,21.3,65,12.2,1021.0,7,12,35,0.0,0,1.7,0
2026-04-27 19:03:31,1,43,21.3,65,12.2,1021.3,7,12,42,0.0,0,1.6,0
2026-04-27 19:04:32,1,43,21.2,65,12.2,1021.2,6,11,31,0.0,0,1.4,0
2026-04-27 19:05:33,1,43,21.3,65,12.1,1021.2,5,9,33,0.0,0,1.3,0
2026-04-27 19:06:34,1,43,21.3,65,12.1,1021.3,11,14,24,0.0,0,1.1,0
2026-04-27 19:07:35,1,43,21.3,65,12.1,1021.3,1,14,82,0.0,0,1.1,0
2026-04-27 19:08:36,1,43,21.2,65,12.1,1021.2,7,11,20,0.0,0,0.9,0
2026-04-27 19:09:37,1,43,21.2,66,12.1,1021.2,10,12,24,0.0,0,0.8,0
2026-04-27 19:10:38,1,43,21.2,66,12.1,1021.3,5,12,50,0.0,0,0.7,0
2026-04-27 19:11:39,1,43,21.3,66,12.0,1021.2,5,9,33,0.0,0,0.6,0
2026-04-27 19:12:40,1,43,21.3,66,12.0,1021.2,7,11,44,0.0,0,0.6,0
2026-04-27 19:13:41,1,43,21.2,66,12.0,1021.2,4,11,22,0.0,0,0.5,0
2026-04-27 19:14:42,1,43,21.2,66,12.0,1021.1,3,9,57,0.0,0,0.4,0
2026-04-27 19:15:43,1,43,21.2,67,12.0,1021.2,2,11,79,0.0,0,0.4,0
2026-04-27 19:16:44,1,43,21.2,67,12.0,1021.2,3,7,24,0.0,0,0.3,0
2026-04-27 19:17:45,1,43,21.2,67,12.0,1021.2,3,7,25,0.0,0,0.3,0
2026-04-27 19:18:46,1,43,21.2,67,12.0,1021.0,2,9,33,0.0,0,0.2,0
2026-04-27 19:19:47,1,43,21.2,67,12.0,1021.2,7,12,355,0.0,0,0.2,0
2026-04-27 19:20:48,1,43,21.2,68,11.9,1021.2,7,12,11,0.0,0,0.2,0
2026-04-27 19:21:49,1,43,21.2,68,11.9,1021.1,6,16,11,0.0,0,0.1,0
2026-04-27 19:22:50,1,43,21.2,68,11.9,1021.2,9,12,12,0.0,0,0.1,0
2026-04-27 19:23:51,1,43,21.2,68,11.8,1021.1,7,12,39,0.0,0,0.1,0
2026-04-27 19:24:52,1,43,21.3,69,11.8,1021.2,6,11,52,0.0,0,0.1,0
2026-04-27 19:25:53,1,43,21.3,69,11.8,1021.1,6,12,28,0.0,0,0.1,0
2026-04-27 19:26:54,1,43,21.2,69,11.8,1021.2,12,16,25,0.0,0,0.1,0
2026-04-27 19:27:55,1,43,21.3,69,11.8,1021.1,3,16,27,0.0,0,0.1,0
2026-04-27 19:28:56,1,43,21.3,69,11.8,1021.1,12,16,22,0.0,0,0.1,0
2026-04-27 19:29:57,1,43,21.2,69,11.7,1021.0,8,16,9,0.0,0,0.0,0
2026-04-27 19:30:58,1,43,21.2,69,11.7,1021.1,11,16,24,0.0,0,0.0,0
2026-04-27 19:31:59,1,43,21.2,70,11.7,1021.1,12,20,17,0.0,0,0.0,0
2026-04-27 19:33:00,1,43,21.2,70,11.7,1021.0,6,20,69,0.0,0,0.0,0
2026-04-27 19:34:01,1,43,21.2,70,11.7,1021.0,7,12,69,0.0,0,0.0,0
2026-04-27 19:35:02,1,43,21.2,70,11.7,1021.2,8,16,36,0.0,0,0.0,0
2026-04-27 19:36:03,1,43,21.2,70,11.7,1021.1,5,18,34,0.0,0,0.0,0
2026-04-27 19:37:04,1,43,21.2,70,11.7,1021.2,8,18,7,0.0,0,0.0,0
2026-04-27 19:38:06,1,43,21.2,70,11.7,1021.2,9,16,19,0.0,0,0.0,0
2026-04-27 19:39:07,1,43,21.2,70,11.7,1021.0,10,16,27,0.0,0,0.0,0
2026-04-27 19:40:08,1,43,21.2,71,11.6,1021.2,11,16,10,0.0,0,0.0,0
2026-04-27 19:41:09,1,43,21.2,71,11.6,1021.2,12,14,50,0.0,0,0.0,0
2026-04-27 19:42:10,1,43,21.2,71,11.6,1021.1,8,14,21,0.0,0,0.0,0
2026-04-27 19:43:11,1,44,21.2,71,11.6,1021.4,8,14,53,0.0,0,0.0,0
2026-04-27 19:44:12,1,44,21.2,71,11.6,1021.1,8,14,31,0.0,0,0.0,0
2026-04-27 19:45:13,1,44,21.2,71,11.6,1021.3,9,14,46,0.0,0,0.0,0
2026-04-27 19:46:14,1,44,21.2,71,11.6,1021.2,9,14,44,0.0,0,0.0,0
2026-04-27 19:47:15,1,45,21.3,71,11.6,1021.1,6,14,35,0.0,0,0.0,0
2026-04-27 19:48:16,1,45,21.3,71,11.6,1021.2,11,16,18,0.0,0,0.0,0
2026-04-27 19:49:17,1,45,21.2,71,11.6,1021.1,10,16,359,0.0,0,0.0,0
2026-04-27 19:50:18,1,45,21.2,72,11.6,1021.1,11,16,34,0.0,0,0.0,0
2026-04-27 19:51:19,1,45,21.2,72,11.6,1021.2,11,14,36,0.0,0,0.0,0
2026-04-27 19:52:20,1,45,21.3,72,11.6,1021.1,8,16,16,0.0,0,0.0,0
2026-04-27 19:53:21,1,45,21.3,72,11.5,1021.2,9,16,27,0.0,0,0.0,0
2026-04-27 19:54:22,1,45,21.3,72,11.5,1021.1,10,12,19,0.0,0,0.0,0
2026-04-27 19:55:23,1,45,21.2,72,11.6,1021.2,6,12,35,0.0,0,0.0,0
2026-04-27 19:56:24,1,45,21.3,72,11.6,1021.0,9,18,46,0.0,0,0.0,0
2026-04-27 19:57:25,1,45,21.3,72,11.6,1021.3,11,18,21,0.0,0,0.0,0
2026-04-27 19:58:26,1,45,21.3,72,11.5,1021.2,10,18,16,0.0,0,0.0,0
2026-04-27 19:59:27,1,45,21.3,72,11.5,1021.1,5,12,21,0.0,0,0.0,0
2026-04-27 20:00:28,1,45,21.3,72,11.6,1021.2,6,12,21,0.0,0,0.0,0
2026-04-27 20:01:29,1,45,21.2,72,11.6,1021.3,13,18,36,0.0,0,0.0,0
2026-04-27 20:02:30,1,45,21.3,72,11.6,1021.3,6,18,49,0.0,0,0.0,0
2026-04-27 20:03:31,1,45,21.3,72,11.6,1021.3,6,14,51,0.0,0,0.0,0
2026-04-27 20:04:32,1,45,21.3,72,11.6,1021.1,8,14,24,0.0,0,0.0,0
2026-04-27 20:05:33,1,45,21.2,72,11.6,1021.2,7,14,27,0.0,0,0.0,0
2026-04-27 20:06:34,1,45,21.3,72,11.6,1021.2,6,14,47,0.0,0,0.0,0
2026-04-27 20:07:35,1,45,21.3,72,11.6,1021.2,5,14,87,0.0,0,0.0,0
2026-04-27 20:08:36,1,45,21.2,72,11.6,1021.3,9,12,43,0.0,0,0.0,0
2026-04-27 20:09:37,1,45,21.2,72,11.6,1021.3,8,14,43,0.0,0,0.0,0
2026-04-27 20:10:38,1,45,21.3,72,11.6,1021.2,10,16,71,0.0,0,0.0,0
2026-04-27 20:11:39,1,46,21.3,72,11.6,1021.4,5,16,51,0.0,0,0.0,0
2026-04-27 20:12:40,1,46,21.2,72,11.6,1021.3,4,11,30,0.0,0,0.0,0
2026-04-27 20:13:41,1,46,21.2,72,11.6,1021.2,7,11,56,0.0,0,0.0,0
2026-04-27 20:14:42,1,45,21.2,72,11.6,1021.1,11,14,14,0.0,0,0.0,0
2026-04-27 20:15:43,1,45,21.2,72,11.6,1021.3,9,14,24,0.0,0,0.0,0
2026-04-27 20:16:44,1,45,21.2,72,11.6,1021.2,7,16,38,0.0,0,0.0,0
2026-04-27 20:17:45,1,45,21.2,72,11.5,1021.2,1,12,62,0.0,0,0.0,0
2026-04-27 20:18:46,1,45,21.2,72,11.5,1021.1,8,14,9,0.0,0,0.0,0
2026-04-27 20:19:47,1,45,21.2,72,11.5,1021.2,5,14,52,0.0,0,0.0,0
2026-04-27 20:20:48,1,45,21.2,72,11.6,1021.3,10,12,23,0.0,0,0.0,0
2026-04-27 20:21:49,1,45,21.2,72,11.5,1021.3,2,12,14,0.0,0,0.0,0
2026-04-27 20:22:50,1,45,21.2,72,11.5,1021.2,5,12,24,0.0,0,0.0,0
2026-04-27 20:23:51,1,45,21.2,72,11.5,1021.3,3,12,44,0.0,0,0.0,0
2026-04-27 20:24:52,1,45,21.2,72,11.6,1021.4,5,7,47,0.0,0,0.0,0
2026-04-27 20:25:53,1,45,21.3,72,11.6,1021.4,2,7,49,0.0,0,0.0,0
2026-04-27 20:26:54,1,45,21.2,72,11.5,1021.4,4,7,25,0.0,0,0.0,0
2026-04-27 20:27:55,1,45,21.2,72,11.5,1021.4,7,11,48,0.0,0,0.0,0
2026-04-27 20:28:56,1,45,21.2,72,11.5,1021.4,9,12,24,0.0,0,0.0,0
2026-04-27 20:29:57,1,45,21.2,73,11.5,1021.6,8,16,50,0.0,0,0.0,0
2026-04-27 20:30:58,1,45,21.3,73,11.5,1021.4,7,14,31,0.0,0,0.0,0
2026-04-27 20:31:59,1,45,21.3,73,11.4,1021.3,3,14,35,0.0,0,0.0,0
2026-04-27 20:33:00,1,45,21.2,73,11.4,1021.4,6,16,44,0.0,0,0.0,0
2026-04-27 20:34:01,1,45,21.2,73,11.4,1021.4,4,16,39,0.0,0,0.0,0
2026-04-27 20:35:02,1,45,21.2,73,11.4,1021.5,4,9,56,0.0,0,0.0,0
2026-04-27 20:36:03,1,45,21.2,73,11.5,1021.2,4,9,17,0.0,0,0.0,0
2026-04-27 20:37:04,1,45,21.2,73,11.5,1021.3,7,9,83,0.0,0,0.0,0
2026-04-27 20:38:05,1,45,21.2,73,11.4,1021.2,4,14,24,0.0,0,0.0,0
2026-04-27 20:39:06,1,45,21.2,73,11.4,1021.3,3,11,29,0.0,0,0.0,0
2026-04-27 20:40:07,1,45,21.2,73,11.4,1021.3,3,9,73,0.0,0,0.0,0
2026-04-27 20:41:08,1,45,21.2,73,11.4,1021.4,7,9,47,0.0,0,0.0,0
2026-04-27 20:42:09,1,45,21.2,73,11.4,1021.3,0,9,3,0.0,0,0.0,0
2026-04-27 20:43:10,1,45,21.2,73,11.4,1021.3,2,7,23,0.0,0,0.0,0
2026-04-27 20:44:11,1,45,21.2,73,11.4,1021.3,3,5,260,0.0,0,0.0,0
2026-04-27 20:45:12,1,45,21.2,73,11.4,1021.3,6,11,43,0.0,0,0.0,0
2026-04-27 20:46:13,1,45,21.2,74,11.4,1021.3,0,11,51,0.0,0,0.0,0
2026-04-27 20:47:14,1,45,21.2,74,11.4,1021.2,7,9,29,0.0,0,0.0,0
2026-04-27 20:48:15,1,45,21.2,74,11.4,1021.5,10,12,48,0.0,0,0.0,0
2026-04-27 20:49:16,1,45,21.2,74,11.4,1021.4,8,12,45,0.0,0,0.0,0
2026-04-27 20:50:17,1,45,21.2,74,11.4,1021.4,7,12,30,0.0,0,0.0,0
2026-04-27 20:51:18,1,45,21.2,74,11.4,1021.5,9,12,29,0.0,0,0.0,0
2026-04-27 20:52:19,1,45,21.2,74,11.4,1021.2,3,12,358,0.0,0,0.0,0
2026-04-27 20:53:20,1,45,21.2,74,11.4,1021.4,4,7,12,0.0,0,0.0,0
2026-04-27 20:54:21,1,45,21.2,74,11.4,1021.3,0,11,46,0.0,0,0.0,0
2026-04-27 20:55:22,1,45,21.2,74,11.4,1021.3,2,9,59,0.0,0,0.0,0
2026-04-27 20:56:23,1,45,21.2,74,11.4,1021.3,2,9,26,0.0,0,0.0,0
2026-04-27 20:57:24,1,45,21.2,74,11.4,1021.4,0,9,45,0.0,0,0.0,0
2026-04-27 20:58:25,1,45,21.2,74,11.4,1021.3,5,7,60,0.0,0,0.0,0
2026-04-27 20:59:26,1,45,21.2,74,11.3,1021.2,9,12,41,0.0,0,0.0,0
2026-04-27 21:00:27,1,45,21.2,74,11.3,1021.1,10,12,11,0.0,0,0.0,0
2026-04-27 21:01:28,1,45,21.2,74,11.3,1021.2,7,12,47,0.0,0,0.0,0
2026-04-27 21:02:29,1,45,21.2,74,11.3,1021.3,7,12,31,0.0,0,0.0,0
2026-04-27 21:03:30,1,45,21.2,74,11.3,1021.2,3,16,60,0.0,0,0.0,0
2026-04-27 21:04:31,1,45,21.2,75,11.3,1021.1,8,12,22,0.0,0,0.0,0
2026-04-27 21:05:32,1,45,21.2,74,11.3,1021.1,8,12,29,0.0,0,0.0,0
2026-04-27 21:06:33,1,45,21.2,74,11.3,1021.3,10,16,56,0.0,0,0.0,0
2026-04-27 21:07:34,1,45,21.2,75,11.3,1021.3,7,16,26,0.0,0,0.0,0
2026-04-27 21:08:35,1,45,21.2,75,11.3,1021.2,5,9,48,0.0,0,0.0,0
2026-04-27 21:09:36,1,45,21.2,75,11.3,1021.2,0,9,30,0.0,0,0.0,0
2026-04-27 21:10:37,1,45,21.2,75,11.3,1021.2,3,9,27,0.0,0,0.0,0
2026-04-27 21:11:38,1,45,21.2,75,11.3,1021.1,9,14,24,0.0,0,0.0,0
2026-04-27 21:12:39,1,45,21.2,75,11.3,1021.2,6,14,16,0.0,0,0.0,0
2026-04-27 21:13:40,1,45,21.2,75,11.3,1021.1,11,14,20,0.0,0,0.0,0
2026-04-27 21:14:41,1,45,21.2,75,11.3,1021.1,7,14,30,0.0,0,0.0,0
2026-04-27 21:15:42,1,45,21.2,75,11.3,1021.2,4,14,24,0.0,0,0.0,0
2026-04-27 21:16:43,1,45,21.2,75,11.3,1021.2,4,11,14,0.0,0,0.0,0
2026-04-27 21:17:44,1,45,21.2,75,11.3,1021.3,3,9,47,0.0,0,0.0,0
2026-04-27 21:18:45,1,45,21.2,75,11.3,1021.0,6,11,30,0.0,0,0.0,0
2026-04-27 21:19:46,1,45,21.2,75,11.3,1021.2,3,11,29,0.0,0,0.0,0
2026-04-27 21:20:47,1,45,21.2,75,11.3,1021.2,4,9,28,0.0,0,0.0,0
2026-04-27 21:21:48,1,45,21.2,75,11.2,1021.2,2,11,54,0.0,0,0.0,0
2026-04-27 21:22:49,1,45,21.2,75,11.2,1021.3,6,11,31,0.0,0,0.0,0
2026-04-27 21:23:50,1,45,21.2,76,11.2,1021.2,3,14,16,0.0,0,0.0,0
2026-04-27 21:24:51,1,45,21.2,76,11.2,1021.0,2,9,23,0.0,0,0.0,0
2026-04-27 21:25:52,1,45,21.2,76,11.2,1021.1,8,14,33,0.0,0,0.0,0
2026-04-27 21:26:53,1,45,21.2,76,11.2,1021.1,8,14,38,0.0,0,0.0,0
2026-04-27 21:27:54,1,45,21.2,76,11.2,1021.2,1,11,75,0.0,0,0.0,0
2026-04-27 21:28:55,1,45,21.2,76,11.2,1021.3,6,11,50,0.0,0,0.0,0
2026-04-27 21:29:56,1,45,21.2,76,11.2,1021.2,8,12,29,0.0,0,0.0,0
2026-04-27 21:30:57,1,45,21.2,76,11.2,1021.3,1,12,57,0.0,0,0.0,0
2026-04-27 21:31:58,1,46,21.2,76,11.2,1021.3,7,9,323,0.0,0,0.0,0
2026-04-27 21:32:59,1,45,21.2,76,11.3,1021.1,6,11,32,0.0,0,0.0,0
2026-04-27 21:34:00,1,45,21.2,76,11.3,1021.3,2,11,66,0.0,0,0.0,0
2026-04-27 21:35:01,1,45,21.2,76,11.3,1021.4,4,9,21,0.0,0,0.0,0
2026-04-27 21:36:02,1,46,21.2,76,11.3,1021.3,7,9,36,0.0,0,0.0,0
2026-04-27 21:37:03,1,45,21.2,75,11.3,1021.5,7,11,22,0.0,0,0.0,0
2026-04-27 21:38:04,1,45,21.2,75,11.3,1021.2,6,11,38,0.0,0,0.0,0
2026-04-27 21:39:05,1,46,21.2,75,11.3,1021.2,1,9,43,0.0,0,0.0,0
2026-04-27 21:40:06,1,46,21.2,75,11.3,1021.2,10,14,40,0.0,0,0.0,0
2026-04-27 21:41:07,1,46,21.2,75,11.3,1021.2,10,18,14,0.0,0,0.0,0
2026-04-27 21:42:08,1,46,21.2,75,11.3,1021.1,7,14,53,0.0,0,0.0,0
2026-04-27 21:43:09,1,46,21.1,75,11.3,1021.2,4,12,44,0.0,0,0.0,0
2026-04-27 21:44:10,1,46,21.2,75,11.3,1021.2,2,5,27,0.0,0,0.0,0
2026-04-27 21:45:11,1,46,21.2,75,11.3,1021.3,3,7,34,0.0,0,0.0,0
2026-04-27 21:46:12,1,46,21.2,76,11.3,1021.2,5,11,33,0.0,0,0.0,0
2026-04-27 21:47:13,1,46,21.1,75,11.3,1021.3,9,12,25,0.0,0,0.0,0
2026-04-27 21:48:14,1,46,21.1,75,11.3,1021.3,5,12,36,0.0,0,0.0,0
2026-04-27 21:49:15,1,46,21.2,75,11.3,1021.3,10,12,51,0.0,0,0.0,0
2026-04-27 21:50:16,1,46,21.1,75,11.3,1021.2,2,12,33,0.0,0,0.0,0
2026-04-27 21:51:17,1,46,21.1,75,11.3,1021.3,6,11,359,0.0,0,0.0,0
2026-04-27 21:52:18,1,46,21.1,75,11.3,1021.3,6,11,34,0.0,0,0.0,0
2026-04-27 21:53:19,1,46,21.1,75,11.3,1021.3,5,11,44,0.0,0,0.0,0
2026-04-27 21:54:20,1,46,21.2,75,11.3,1021.3,5,14,62,0.0,0,0.0,0
2026-04-27 21:55:21,1,46,21.1,75,11.3,1021.3,5,14,355,0.0,0,0.0,0
2026-04-27 21:56:22,1,46,21.1,75,11.3,1021.4,3,9,47,0.0,0,0.0,0
2026-04-27 21:57:23,1,46,21.1,75,11.3,1021.3,10,12,22,0.0,0,0.0,0
2026-04-27 21:58:24,1,46,21.1,75,11.3,1021.3,0,14,347,0.0,0,0.0,0
2026-04-27 21:59:25,1,46,21.1,75,11.3,1021.4,2,9,29,0.0,0,0.0,0
2026-04-27 22:00:26,1,46,21.1,75,11.3,1021.3,9,12,44,0.0,0,0.0,0
2026-04-27 22:01:27,1,46,21.1,75,11.3,1021.3,7,12,33,0.0,0,0.0,0
2026-04-27 22:02:28,1,46,21.1,75,11.3,1021.3,8,11,32,0.0,0,0.0,0
2026-04-27 22:03:29,1,46,21.1,75,11.2,1021.3,6,11,40,0.0,0,0.0,0
2026-04-27 22:04:30,1,46,21.1,75,11.2,1021.3,8,11,19,0.0,0,0.0,0
2026-04-27 22:05:31,1,46,21.1,75,11.2,1021.5,11,12,43,0.0,0,0.0,0
2026-04-27 22:06:32,1,46,21.1,75,11.2,1021.4,3,12,12,0.0,0,0.0,0
2026-04-27 22:07:33,1,46,21.1,75,11.2,1021.4,2,5,29,0.0,0,0.0,0
2026-04-27 22:08:34,1,46,21.1,75,11.2,1021.4,5,7,32,0.0,0,0.0,0
2026-04-27 22:09:35,1,46,21.1,75,11.2,1021.4,5,9,46,0.0,0,0.0,0
2026-04-27 22:10:36,1,46,21.1,75,11.2,1021.5,1,9,19,0.0,0,0.0,0
2026-04-27 22:11:37,1,46,21.1,75,11.2,1021.5,9,12,67,0.0,0,0.0,0
2026-04-27 22:12:38,1,46,21.1,75,11.2,1021.4,4,14,16,0.0,0,0.0,0
2026-04-27 22:13:39,1,46,21.1,75,11.2,1021.4,6,12,43,0.0,0,0.0,0
2026-04-27 22:14:40,1,46,21.1,75,11.2,1021.4,5,11,52,0.0,0,0.0,0
2026-04-27 22:15:41,1,46,21.1,75,11.2,1021.3,5,9,26,0.0,0,0.0,0
2026-04-27 22:16:42,1,46,21.1,75,11.2,1021.5,3,9,16,0.0,0,0.0,0
2026-04-27 22:17:43,1,46,21.1,75,11.1,1021.4,5,12,17,0.0,0,0.0,0
2026-04-27 22:18:44,1,46,21.1,75,11.1,1021.5,7,12,29,0.0,0,0.0,0
2026-04-27 22:19:45,1,46,21.1,75,11.1,1021.4,4,11,34,0.0,0,0.0,0
2026-04-27 22:20:46,1,46,21.1,75,11.1,1021.5,2,9,27,0.0,0,0.0,0
2026-04-27 22:21:47,1,46,21.1,75,11.1,1021.5,6,11,22,0.0,0,0.0,0
2026-04-27 22:22:48,1,46,21.1,75,11.1,1021.4,7,12,28,0.0,0,0.0,0
2026-04-27 22:23:49,1,46,21.1,75,11.1,1021.5,6,12,40,0.0,0,0.0,0
2026-04-27 22:24:50,1,46,21.1,75,11.1,1021.4,10,12,28,0.0,0,0.0,0
2026-04-27 22:25:51,1,46,21.1,75,11.1,1021.6,8,14,22,0.0,0,0.0,0
2026-04-27 22:26:52,1,46,21.1,75,11.1,1021.4,10,14,51,0.0,0,0.0,0
2026-04-27 22:27:53,1,46,21.1,75,11.1,1021.5,7,14,28,0.0,0,0.0,0
2026-04-27 22:28:54,1,46,21.1,75,11.1,1021.5,12,16,33,0.0,0,0.0,0
2026-04-27 22:29:55,1,46,21.1,75,11.1,1021.4,8,16,48,0.0,0,0.0,0
2026-04-27 22:30:56,1,46,21.1,75,11.1,1021.5,10,16,24,0.0,0,0.0,0
2026-04-27 22:31:57,1,46,21.1,75,11.0,1021.5,6,14,346,0.0,0,0.0,0
2026-04-27 22:32:58,1,46,21.1,74,11.0,1021.3,8,12,28,0.0,0,0.0,0
2026-04-27 22:33:59,1,46,21.1,74,11.0,1021.4,8,12,31,0.0,0,0.0,0
2026-04-27 22:35:00,1,46,21.1,74,11.0,1021.4,5,14,21,0.0,0,0.0,0
2026-04-27 22:36:01,1,46,21.1,74,11.0,1021.6,10,14,38,0.0,0,0.0,0
2026-04-27 22:37:02,1,46,21.1,74,11.0,1021.4,2,12,48,0.0,0,0.0,0
2026-04-27 22:38:04,1,46,21.1,74,11.0,1021.5,7,12,29,0.0,0,0.0,0
2026-04-27 22:39:05,1,46,21.1,74,11.0,1021.3,8,12,29,0.0,0,0.0,0
2026-04-27 22:40:06,1,46,21.1,74,11.0,1021.4,3,12,30,0.0,0,0.0,0
2026-04-27 22:41:07,1,46,21.1,74,11.0,1021.4,3,11,42,0.0,0,0.0,0
2026-04-27 22:42:08,1,46,21.1,74,11.0,1021.4,9,12,55,0.0,0,0.0,0
2026-04-27 22:43:09,1,46,21.1,73,11.0,1021.4,10,16,22,0.0,0,0.0,0
2026-04-27 22:44:10,1,46,21.1,73,11.0,1021.3,6,16,34,0.0,0,0.0,0
2026-04-27 22:45:11,1,46,21.1,73,11.0,1021.4,5,12,21,0.0,0,0.0,0
2026-04-27 22:46:12,1,46,21.1,73,11.0,1021.5,7,14,16,0.0,0,0.0,0
2026-04-27 22:47:13,1,46,21.1,73,11.0,1021.4,6,11,57,0.0,0,0.0,0
2026-04-27 22:48:14,1,46,21.1,73,11.0,1021.7,5,12,43,0.0,0,0.0,0
2026-04-27 22:49:15,1,46,21.1,73,11.0,1021.3,7,11,51,0.0,0,0.0,0
2026-04-27 22:50:16,1,46,21.1,73,11.0,1021.5,6,11,32,0.0,0,0.0,0
2026-04-27 22:51:17,1,46,21.1,73,11.0,1021.5,6,14,17,0.0,0,0.0,0
2026-04-27 22:52:18,1,46,21.1,73,11.0,1021.5,11,14,352,0.0,0,0.0,0
2026-04-27 22:53:19,1,46,21.1,73,10.9,1021.5,6,14,17,0.0,0,0.0,0
2026-04-27 22:54:20,1,46,21.1,73,10.9,1021.3,11,16,29,0.0,0,0.0,0
2026-04-27 22:55:21,1,46,21.1,72,10.9,1021.4,8,16,14,0.0,0,0.0,0
2026-04-27 22:56:22,1,46,21.1,73,10.9,1021.4,6,16,49,0.0,0,0.0,0
2026-04-27 22:57:23,1,45,21.1,73,10.9,1021.5,13,16,20,0.0,0,0.0,0
2026-04-27 22:58:24,1,45,21.1,72,10.9,1021.3,11,16,30,0.0,0,0.0,0
2026-04-27 22:59:25,1,45,21.1,72,10.9,1021.3,9,16,28,0.0,0,0.0,0
2026-04-27 23:00:26,1,45,21.1,72,10.9,1021.5,11,18,12,0.0,0,0.0,0
2026-04-27 23:01:27,1,45,21.1,72,10.8,1021.6,5,18,82,0.0,0,0.0,0
2026-04-27 23:02:28,1,45,21.1,72,10.8,1021.5,6,16,53,0.0,0,0.0,0
2026-04-27 23:03:29,1,45,21.0,72,10.8,1021.4,6,16,55,0.0,0,0.0,0
2026-04-27 23:04:30,1,45,21.1,72,10.8,1021.4,9,16,32,0.0,0,0.0,0
2026-04-27 23:05:31,1,45,21.1,72,10.8,1021.7,6,20,26,0.0,0,0.0,0
2026-04-27 23:06:32,1,45,21.1,72,10.8,1021.5,11,20,43,0.0,0,0.0,0
2026-04-27 23:07:33,1,45,21.1,72,10.8,1021.6,11,16,51,0.0,0,0.0,0
2026-04-27 23:08:34,1,45,21.0,72,10.8,1021.5,11,18,52,0.0,0,0.0,0
2026-04-27 23:09:35,1,45,21.0,72,10.8,1021.5,12,20,26,0.0,0,0.0,0
2026-04-27 23:10:36,1,45,21.1,72,10.8,1021.5,5,20,29,0.0,0,0.0,0
2026-04-27 23:11:37,1,45,21.1,72,10.7,1021.5,7,11,22,0.0,0,0.0,0
2026-04-27 23:12:38,1,45,21.0,72,10.7,1021.4,6,9,29,0.0,0,0.0,0
2026-04-27 23:13:39,1,45,21.0,72,10.7,1021.5,7,20,79,0.0,0,0.0,0
2026-04-27 23:14:40,1,45,21.1,72,10.7,1021.6,11,12,49,0.0,0,0.0,0
2026-04-27 23:15:41,1,45,21.1,72,10.7,1021.8,5,16,43,0.0,0,0.0,0
2026-04-27 23:16:42,1,45,21.0,73,10.7,1021.6,12,16,32,0.0,0,0.0,0
2026-04-27 23:17:43,1,45,21.0,73,10.6,1021.6,8,16,20,0.0,0,0.0,0
2026-04-27 23:18:44,1,45,21.0,73,10.6,1021.5,9,18,45,0.0,0,0.0,0
2026-04-27 23:19:45,1,45,21.0,73,10.6,1021.7,9,16,49,0.0,0,0.0,0
2026-04-27 23:20:46,1,45,21.0,73,10.6,1021.5,15,18,24,0.0,0,0.0,0
2026-04-27 23:21:47,1,45,21.0,73,10.6,1021.6,8,18,22,0.0,0,0.0,0
2026-04-27 23:22:48,1,45,21.0,73,10.6,1021.5,6,11,38,0.0,0,0.0,0
2026-04-27 23:23:49,1,45,21.0,73,10.6,1021.8,6,11,17,0.0,0,0.0,0
2026-04-27 23:24:50,1,45,21.0,73,10.6,1021.5,13,20,62,0.0,0,0.0,0
2026-04-27 23:25:51,1,45,21.0,73,10.6,1021.4,11,20,19,0.0,0,0.0,0
2026-04-27 23:26:52,1,45,21.0,73,10.6,1021.6,6,16,58,0.0,0,0.0,0
2026-04-27 23:27:53,1,45,21.0,73,10.6,1021.6,13,16,27,0.0,0,0.0,0
2026-04-27 23:28:54,1,45,21.0,73,10.6,1021.6,7,16,45,0.0,0,0.0,0
2026-04-27 23:29:55,1,45,21.0,74,10.5,1021.6,12,18,30,0.0,0,0.0,0
2026-04-27 23:30:56,1,45,21.0,74,10.5,1021.5,10,18,38,0.0,0,0.0,0
2026-04-27 23:31:57,1,45,21.0,74,10.5,1021.8,3,12,77,0.0,0,0.0,0
2026-04-27 23:32:58,1,45,21.0,74,10.5,1021.6,12,14,43,0.0,0,0.0,0
2026-04-27 23:33:59,1,45,21.0,74,10.5,1021.7,7,14,28,0.0,0,0.0,0
2026-04-27 23:35:00,1,45,21.0,74,10.5,1021.6,10,20,53,0.0,0,0.0,0
2026-04-27 23:36:01,1,45,21.0,74,10.5,1021.6,3,20,43,0.0,0,0.0,0
2026-04-27 23:37:02,1,45,21.0,74,10.5,1021.7,4,11,35,0.0,0,0.0,0
2026-04-27 23:38:03,1,45,21.0,74,10.5,1021.6,6,11,44,0.0,0,0.0,0
2026-04-27 23:39:04,1,45,21.0,75,10.5,1021.6,5,9,61,0.0,0,0.0,0
2026-04-27 23:40:05,1,45,21.0,75,10.4,1021.7,16,21,27,0.0,0,0.0,0
2026-04-27 23:41:06,1,45,21.0,75,10.4,1021.6,9,21,42,0.0,0,0.0,0
2026-04-27 23:42:07,1,45,21.0,75,10.4,1021.7,9,14,29,0.0,0,0.0,0
2026-04-27 23:43:08,1,45,21.0,75,10.4,1021.7,9,14,65,0.0,0,0.0,0
2026-04-27 23:44:09,1,45,21.0,75,10.4,1021.8,6,12,43,0.0,0,0.0,0
2026-04-27 23:45:10,1,45,21.0,75,10.4,1021.8,4,21,2,0.0,0,0.0,0
2026-04-27 23:46:11,1,45,21.0,75,10.3,1021.8,9,16,47,0.0,0,0.0,0
2026-04-27 23:47:12,1,45,21.0,75,10.3,1021.8,14,18,27,0.0,0,0.0,0
2026-04-27 23:48:13,1,45,21.0,75,10.3,1021.8,15,18,18,0.0,0,0.0,0
2026-04-27 23:49:14,1,45,21.0,75,10.3,1021.8,3,18,56,0.0,0,0.0,0
2026-04-27 23:50:15,1,45,21.0,75,10.3,1021.7,4,11,33,0.0,0,0.0,0
2026-04-27 23:51:16,1,45,21.0,75,10.3,1021.8,7,12,23,0.0,0,0.0,0
2026-04-27 23:52:17,1,45,21.0,75,10.3,1021.6,6,11,50,0.0,0,0.0,0
2026-04-27 23:53:18,1,45,21.0,75,10.3,1021.8,9,11,27,0.0,0,0.0,0
2026-04-27 23:54:19,1,45,21.0,75,10.3,1021.8,10,14,30,0.0,0,0.0,0
2026-04-27 23:55:20,1,45,21.0,76,10.3,1021.8,6,14,64,0.0,0,0.0,0
2026-04-27 23:56:21,1,45,21.0,76,10.3,1021.8,8,12,40,0.0,0,0.0,0
2026-04-27 23:57:22,1,45,21.0,76,10.2,1022.0,3,12,40,0.0,0,0.0,0
2026-04-27 23:58:23,1,45,21.0,76,10.2,1021.8,7,12,44,0.0,0,0.0,0
2026-04-27 23:59:24,1,45,21.0,76,10.2,1021.7,14,18,29,0.0,0,0.0,0
