2019-05-10 00:03:00,5,59,20.3,94,10.5,1008.8,0.7,1.0,2,611.7,0
2019-05-10 00:08:00,5,59,20.3,94,10.4,1009.1,0.7,1.0,1,611.7,0
2019-05-10 00:13:00,5,59,20.3,94,10.4,1009.1,1.0,1.4,8,611.7,0
2019-05-10 00:18:00,5,59,20.3,94,10.4,1009.2,0.3,0.7,6,611.7,0
2019-05-10 00:23:00,5,59,20.2,94,10.4,1009.2,1.0,1.7,1,611.7,0
2019-05-10 00:28:00,5,59,20.2,94,10.4,1009.4,0.7,1.0,2,611.7,0
2019-05-10 00:33:00,5,59,20.2,94,10.3,1009.4,0.3,1.0,4,611.7,0
2019-05-10 00:38:00,5,59,20.1,94,10.3,1009.5,0.0,0.3,14,611.7,0
2019-05-10 00:43:00,5,59,20.1,94,10.3,1009.6,0.0,0.3,2,611.7,0
2019-05-10 00:48:00,5,59,20.1,94,10.4,1009.8,0.3,1.0,8,611.7,0
2019-05-10 00:53:00,5,59,20.1,94,10.3,1009.8,0.0,0.3,6,611.7,0
2019-05-10 00:58:00,5,59,20.0,94,10.3,1009.9,0.0,0.3,0,611.7,0
2019-05-10 01:03:00,5,59,20.0,94,10.3,1009.9,0.0,0.0,6,611.7,0
2019-05-10 01:08:00,5,59,20.0,94,10.4,1010.0,0.0,0.3,4,611.7,0
2019-05-10 01:13:00,5,59,20.0,94,10.4,1010.1,0.7,1.4,8,611.7,0
2019-05-10 01:18:00,5,60,19.9,94,10.4,1010.3,1.0,2.0,6,611.7,0
2019-05-10 01:23:00,5,60,19.9,94,10.3,1010.4,0.0,0.0,2,611.7,0
2019-05-10 01:28:00,5,60,19.8,94,10.3,1010.6,0.7,1.4,2,611.7,0
2019-05-10 01:33:00,5,60,19.8,94,10.3,1010.7,0.7,1.0,0,611.7,0
2019-05-10 01:38:00,5,60,19.8,94,10.2,1010.7,0.3,1.4,8,611.7,0
2019-05-10 01:43:00,5,60,19.8,94,10.2,1011.0,1.0,1.4,6,611.7,0
2019-05-10 01:48:00,5,60,19.8,94,10.2,1011.0,0.7,1.4,0,611.7,0
2019-05-10 01:53:00,5,60,19.8,93,10.2,1011.0,0.0,0.0,4,611.7,0
2019-05-10 01:58:00,5,60,19.8,93,10.2,1011.1,0.0,0.0,2,611.7,0
2019-05-10 02:03:00,5,60,19.8,93,10.2,1011.3,0.0,0.3,0,611.7,0
2019-05-10 02:08:00,5,60,19.7,93,10.2,1011.3,0.0,0.3,2,611.7,0
2019-05-10 02:13:00,5,60,19.7,93,10.2,1011.5,0.0,0.3,15,611.7,0
2019-05-10 02:18:00,5,60,19.7,93,10.2,1011.6,0.7,1.0,2,611.7,0
2019-05-10 02:23:00,5,60,19.7,93,10.2,1011.5,0.3,0.7,4,611.7,0
2019-05-10 02:28:00,5,60,19.7,92,10.1,1011.6,0.3,1.0,0,611.7,0
2019-05-10 02:33:00,5,60,19.6,92,10.1,1011.6,0.3,0.7,4,611.7,0
2019-05-10 02:38:00,5,60,19.6,92,10.1,1011.6,0.0,0.7,0,611.7,0
2019-05-10 02:43:00,5,60,19.6,92,10.0,1011.9,0.3,0.7,4,611.7,0
2019-05-10 02:48:00,5,59,19.6,91,10.0,1011.9,0.7,1.4,0,611.7,0
2019-05-10 02:53:00,5,59,19.6,91,10.0,1012.0,1.4,1.7,2,611.7,0
2019-05-10 02:58:00,5,59,19.5,90,10.0,1012.1,0.3,1.0,0,611.7,0
2019-05-10 03:03:00,5,59,19.5,90,10.0,1012.3,0.0,0.0,2,611.7,0
2019-05-10 03:08:00,5,59,19.5,90,10.0,1012.3,0.0,0.0,6,611.7,0
2019-05-10 03:13:00,5,59,19.4,89,10.0,1012.4,0.7,1.0,8,611.7,0
2019-05-10 03:18:00,5,59,19.4,89,10.0,1012.5,0.7,1.0,2,611.7,0
2019-05-10 03:23:00,5,59,19.3,89,10.0,1012.6,0.3,0.7,0,611.7,0
2019-05-10 03:28:00,5,59,19.3,90,9.9,1012.7,0.0,0.7,4,611.7,0
2019-05-10 03:33:00,5,59,19.3,90,9.8,1012.8,0.3,0.7,0,611.7,0
2019-05-10 03:38:00,5,59,19.3,89,9.6,1012.8,0.0,0.3,10,611.7,0
2019-05-10 03:43:00,5,59,19.3,89,9.4,1012.9,0.0,0.0,10,611.7,0
2019-05-10 03:48:00,5,59,19.2,89,9.4,1012.9,0.3,0.7,6,611.7,0
2019-05-10 03:53:00,5,59,19.2,89,9.2,1012.8,0.3,1.0,6,611.7,0
2019-05-10 03:58:00,5,59,19.2,89,9.1,1013.0,0.3,0.7,8,611.7,0
2019-05-10 04:03:00,5,59,19.2,89,9.0,1013.2,0.3,0.7,8,611.7,0
2019-05-10 04:08:00,5,59,19.2,90,8.9,1013.2,0.0,0.3,8,611.7,0
2019-05-10 04:13:00,5,59,19.1,90,8.8,1013.4,0.3,0.7,7,611.7,0
2019-05-10 04:18:00,5,59,19.1,90,8.7,1013.4,0.0,0.0,8,611.7,0
2019-05-10 04:23:00,5,59,19.1,91,8.7,1013.5,0.0,0.0,8,611.7,0
2019-05-10 04:28:00,5,59,19.1,91,8.6,1013.6,0.0,0.0,0,611.7,0
2019-05-10 04:33:00,5,59,19.0,91,8.6,1013.6,0.0,0.0,0,611.7,0
2019-05-10 04:38:00,5,59,19.1,91,8.6,1013.7,0.0,0.0,2,611.7,0
2019-05-10 04:43:00,5,59,19.0,91,8.6,1013.9,0.0,0.0,14,611.7,0
2019-05-10 04:48:00,5,59,19.0,91,8.6,1013.7,0.3,0.7,8,611.7,0
2019-05-10 04:53:00,5,59,19.0,92,8.5,1013.9,0.0,0.0,2,611.7,0
2019-05-10 04:58:00,5,59,19.0,92,8.6,1014.0,0.0,0.0,6,611.7,0
2019-05-10 05:03:00,5,59,19.0,91,9.1,1014.0,0.0,0.0,4,611.7,0
2019-05-10 05:08:00,5,59,19.0,91,10.3,1014.0,0.0,0.0,6,611.7,0
2019-05-10 05:13:00,5,59,19.1,90,11.7,1014.0,0.0,0.0,2,611.7,0
2019-05-10 05:18:00,5,59,19.1,88,12.6,1013.8,0.0,0.3,8,611.7,0
2019-05-10 05:23:00,5,59,19.2,86,13.6,1013.9,0.0,0.0,8,611.7,0
2019-05-10 05:28:00,5,59,19.3,83,14.0,1013.8,0.0,0.0,6,611.7,0
2019-05-10 05:33:00,5,59,19.6,79,14.1,1013.7,0.0,0.0,2,611.7,0
2019-05-10 05:38:00,5,59,19.7,77,13.8,1013.6,0.0,0.0,6,611.7,0
2019-05-10 05:43:00,5,59,19.8,74,13.7,1013.5,0.0,0.7,2,611.7,0
2019-05-10 05:48:00,5,58,20.0,73,14.1,1013.4,0.7,1.4,8,611.7,0
2019-05-10 05:53:00,5,58,20.3,71,14.5,1013.3,0.0,0.7,8,611.7,0
2019-05-10 05:58:00,5,57,20.5,71,14.8,1013.2,0.3,0.7,12,611.7,0
2019-05-10 06:03:00,5,57,20.6,71,14.8,1013.1,0.0,0.3,0,611.7,0
2019-05-10 06:08:00,5,57,20.9,66,14.1,1013.1,1.0,2.0,2,611.7,0
2019-05-10 06:13:00,5,56,21.1,67,13.6,1013.0,0.3,1.0,6,611.7,0
2019-05-10 06:18:00,5,56,21.2,67,13.6,1012.9,1.0,1.4,8,611.7,0
2019-05-10 06:23:00,5,56,21.3,67,14.0,1012.8,0.7,1.7,14,611.7,0
2019-05-10 06:28:00,5,55,21.6,66,14.1,1012.7,0.0,0.3,4,611.7,0
2019-05-10 06:33:00,5,55,21.7,66,14.8,1012.5,0.7,1.0,0,611.7,0
2019-05-10 06:38:00,5,54,21.8,64,13.7,1012.7,1.0,2.0,8,611.7,0
2019-05-10 06:43:00,5,53,21.7,66,12.7,1012.7,1.0,1.7,8,611.7,0
2019-05-10 06:48:00,5,53,21.7,68,12.1,1012.9,0.7,1.0,0,611.7,0
2019-05-10 06:53:00,5,53,21.5,69,12.0,1013.1,0.3,1.0,2,611.7,0
2019-05-10 06:58:00,5,53,21.5,71,11.9,1013.3,0.0,0.0,2,611.7,0
2019-05-10 07:03:00,5,53,21.5,71,12.1,1013.4,0.0,0.0,4,611.7,0
2019-05-10 07:08:00,5,54,21.3,71,12.2,1013.4,0.3,0.7,8,611.7,0
2019-05-10 07:13:00,5,54,21.3,69,12.2,1013.5,0.0,0.0,2,611.7,0
2019-05-10 07:18:00,5,55,21.3,69,12.2,1013.4,0.0,0.0,8,611.7,0
2019-05-10 07:23:00,5,55,21.3,69,12.3,1013.4,1.0,1.4,8,611.7,0
2019-05-10 07:28:00,5,55,21.3,68,12.1,1013.4,1.0,1.7,10,611.7,0
2019-05-10 07:33:00,5,55,21.3,68,12.0,1013.5,0.3,0.7,2,611.7,0
2019-05-10 07:38:00,5,55,21.3,69,12.1,1013.7,0.0,0.0,1,611.7,0
2019-05-10 07:43:00,5,55,21.3,69,12.3,1013.5,0.0,0.0,6,611.7,0
2019-05-10 07:48:00,5,55,21.3,69,12.3,1013.7,0.3,0.7,6,611.7,0
2019-05-10 07:53:00,5,55,21.3,68,12.2,1013.8,0.0,0.0,4,611.7,0
2019-05-10 07:58:00,5,56,21.2,68,12.3,1013.9,0.0,0.7,6,611.7,0
2019-05-10 08:03:00,5,56,21.2,68,12.3,1013.9,0.0,0.0,0,611.7,0
2019-05-10 08:08:00,5,57,21.2,66,12.5,1014.0,0.0,0.7,6,611.7,0
2019-05-10 08:13:00,5,57,21.2,63,12.8,1013.9,0.7,1.7,2,611.7,0
2019-05-10 08:18:00,5,57,21.3,62,12.8,1014.1,0.3,0.7,4,611.7,0
2019-05-10 08:23:00,5,56,21.3,63,12.9,1014.1,0.7,1.4,0,611.7,0
2019-05-10 08:28:00,5,55,21.3,63,12.8,1014.1,0.0,0.0,12,611.7,0
2019-05-10 08:33:00,5,55,21.3,63,12.7,1014.3,0.3,1.0,4,611.7,0
2019-05-10 08:38:00,5,54,21.2,63,12.3,1014.5,0.7,1.0,8,611.7,0
2019-05-10 08:43:00,5,53,21.2,64,12.0,1014.6,0.7,1.0,2,611.7,0
2019-05-10 08:48:00,5,53,21.1,66,11.8,1014.7,0.7,1.0,10,611.7,0
2019-05-10 08:53:00,5,53,21.0,68,11.6,1014.8,0.0,0.3,4,611.7,0
2019-05-10 08:58:00,5,53,21.0,69,11.5,1014.9,1.0,1.4,8,612.0,0
2019-05-10 09:03:00,5,54,20.9,69,11.5,1015.0,0.0,0.0,8,612.0,0
2019-05-10 09:08:00,5,54,20.9,69,11.5,1015.1,0.7,1.0,8,612.0,0
2019-05-10 09:13:00,5,54,20.7,70,11.6,1015.2,0.3,1.0,10,612.0,0
2019-05-10 09:18:00,5,54,20.7,71,11.9,1015.5,0.0,0.0,2,612.0,0
2019-05-10 09:23:00,5,54,20.6,69,12.3,1015.5,0.7,1.4,2,612.0,0
2019-05-10 09:28:00,5,54,20.6,68,12.6,1015.5,1.0,1.7,2,612.0,0
2019-05-10 09:33:00,5,54,20.7,64,13.1,1015.4,0.7,1.0,2,612.0,0
2019-05-10 09:38:00,5,54,20.7,62,14.0,1015.4,1.4,1.7,2,612.0,0
2019-05-10 09:43:00,5,55,20.9,61,14.2,1015.4,0.0,0.3,10,612.0,0
2019-05-10 09:48:00,5,54,20.9,59,14.1,1015.4,0.7,1.0,4,612.0,0
2019-05-10 09:53:00,5,53,21.0,59,13.9,1015.5,0.7,1.4,0,612.0,0
2019-05-10 09:58:00,5,53,21.0,60,13.8,1015.4,1.4,2.4,0,612.0,0
2019-05-10 10:03:00,5,53,21.0,60,13.8,1015.5,1.4,2.4,2,612.0,0
2019-05-10 10:08:00,5,53,21.0,60,14.1,1015.6,0.7,1.4,2,612.0,0
2019-05-10 10:13:00,5,53,21.0,58,14.4,1015.5,0.3,0.7,2,612.0,0
2019-05-10 10:18:00,5,53,21.1,57,14.7,1015.5,0.3,0.7,10,612.0,0
2019-05-10 10:23:00,5,53,21.1,57,15.1,1015.3,0.7,1.4,6,612.0,0
2019-05-10 10:28:00,5,53,21.2,54,15.1,1015.2,1.0,1.7,8,612.0,0
2019-05-10 10:33:00,5,53,21.3,55,15.0,1015.2,0.0,0.7,6,612.0,0
2019-05-10 10:38:00,5,53,21.3,54,15.1,1015.2,0.3,1.0,4,612.0,0
2019-05-10 10:43:00,5,52,21.3,55,14.7,1015.3,0.3,1.0,4,612.0,0
2019-05-10 10:48:00,5,52,21.3,55,14.4,1015.4,0.7,2.0,10,612.0,0
2019-05-10 10:53:00,5,52,21.3,57,13.9,1015.4,0.7,1.0,8,612.0,0
2019-05-10 10:58:00,5,52,21.3,58,13.7,1015.3,0.7,1.4,8,612.0,0
2019-05-10 11:03:00,5,52,21.3,59,13.3,1015.3,0.7,1.4,0,612.0,0
2019-05-10 11:08:00,5,52,21.3,60,13.3,1015.4,1.4,2.0,6,612.0,0
2019-05-10 11:13:00,5,52,21.3,61,13.3,1015.3,0.0,0.3,6,612.0,0
2019-05-10 11:18:00,5,52,21.3,61,14.2,1015.4,0.0,0.3,4,612.0,0
2019-05-10 11:23:00,5,52,21.3,57,15.2,1015.2,0.7,1.4,2,612.0,0
2019-05-10 11:28:00,5,52,21.3,55,15.3,1015.2,0.0,0.7,6,612.0,0
2019-05-10 11:33:00,5,52,21.4,54,15.5,1015.3,1.4,2.4,8,612.0,0
2019-05-10 11:38:00,5,52,21.4,53,15.0,1015.3,0.7,1.4,6,612.0,0
2019-05-10 11:43:00,5,52,21.4,55,14.7,1015.3,1.0,1.4,9,612.0,0
2019-05-10 11:48:00,5,52,21.4,56,14.7,1015.3,0.7,1.4,4,612.0,0
2019-05-10 11:53:00,5,52,21.4,55,14.6,1015.4,1.0,2.0,6,612.0,0
2019-05-10 11:58:00,5,52,21.4,56,14.2,1015.3,0.3,1.0,8,612.0,0
2019-05-10 12:03:00,5,52,21.3,56,14.2,1015.4,2.4,3.1,8,612.0,0
2019-05-10 12:08:00,5,52,21.3,58,13.8,1015.5,1.0,1.7,4,612.0,0
2019-05-10 12:13:00,5,52,21.3,61,13.7,1015.6,1.4,2.4,8,612.0,0
2019-05-10 12:18:00,5,52,21.3,61,13.6,1015.6,1.0,1.4,10,612.0,0
2019-05-10 12:23:00,5,52,21.3,62,13.5,1015.7,0.7,1.4,6,612.0,0
2019-05-10 12:28:00,5,52,21.3,63,13.4,1015.7,2.0,3.4,8,612.0,0
2019-05-10 12:33:00,5,53,21.3,65,13.2,1015.8,0.7,1.4,12,612.0,0
2019-05-10 12:38:00,5,53,21.3,65,13.2,1015.9,0.3,1.0,6,612.0,0
2019-05-10 12:43:00,5,53,21.3,66,13.3,1016.0,1.4,2.4,8,612.0,0
2019-05-10 12:48:00,5,53,21.2,65,13.4,1015.8,0.7,2.0,8,612.0,0
2019-05-10 12:53:00,5,53,21.2,65,13.9,1015.9,0.7,1.7,5,612.0,0
2019-05-10 12:58:00,5,53,21.3,63,14.5,1016.0,1.4,2.7,6,612.0,0
2019-05-10 13:03:00,5,53,21.3,61,14.8,1016.1,1.7,2.7,6,612.0,0
2019-05-10 13:08:00,5,53,21.3,61,14.5,1016.0,0.7,1.7,6,612.0,0
2019-05-10 13:13:00,5,53,21.3,59,15.1,1016.0,1.4,1.7,6,612.0,0
2019-05-10 13:18:00,5,53,21.4,56,15.5,1015.9,1.0,1.4,8,612.0,0
2019-05-10 13:23:00,5,53,21.4,55,16.2,1015.9,1.0,1.4,4,612.0,0
2019-05-10 13:28:00,5,53,21.5,50,17.2,1015.9,0.3,0.7,2,612.0,0
2019-05-10 13:33:00,5,52,21.5,50,16.5,1015.9,0.7,1.4,6,612.0,0
2019-05-10 13:38:00,5,53,21.5,51,16.8,1016.0,1.4,3.1,2,612.0,0
2019-05-10 13:43:00,5,53,21.5,49,16.7,1015.9,0.7,1.0,6,612.0,0
2019-05-10 13:48:00,5,53,21.5,51,16.7,1016.0,1.0,2.0,10,612.0,0
2019-05-10 13:53:00,5,52,21.5,52,15.9,1016.2,1.4,2.0,2,612.0,0
2019-05-10 13:58:00,5,52,21.5,53,15.1,1016.3,1.0,2.4,2,612.0,0
2019-05-10 14:03:00,5,52,21.5,57,14.4,1016.3,1.4,1.4,2,612.0,0
2019-05-10 14:08:01,5,52,21.5,57,15.4,1016.3,1.4,3.4,4,612.0,0
2019-05-10 14:13:01,5,53,21.5,57,15.2,1016.1,1.4,2.0,0,612.0,0
2019-05-10 14:18:01,5,53,21.5,56,15.5,1016.2,1.0,3.7,2,612.0,0
2019-05-10 14:23:01,5,53,21.5,53,15.7,1016.1,1.0,1.7,2,612.0,0
2019-05-10 14:28:01,5,53,21.6,54,15.8,1016.1,1.0,2.0,2,612.0,0
2019-05-10 14:33:01,5,52,21.6,53,15.9,1016.0,0.0,0.7,0,612.0,0
2019-05-10 14:38:01,5,52,21.6,50,16.5,1016.0,1.0,2.0,2,612.0,0
2019-05-10 14:43:01,5,52,21.6,51,16.7,1016.1,0.3,1.0,10,612.0,0
2019-05-10 14:48:01,5,52,21.6,46,17.1,1015.9,0.3,1.0,6,612.0,0
2019-05-10 14:53:01,5,52,21.7,46,17.2,1015.9,1.7,3.1,4,612.0,0
2019-05-10 14:58:01,5,52,21.7,45,16.5,1015.8,0.7,1.4,14,612.0,0
2019-05-10 15:03:01,5,52,21.7,43,17.1,1015.9,0.7,2.7,0,612.0,0
2019-05-10 15:08:01,5,52,21.7,44,17.0,1015.8,0.3,1.0,4,612.0,0
2019-05-10 15:13:01,5,52,21.7,43,17.6,1015.7,0.7,1.7,1,612.0,0
2019-05-10 15:18:01,5,52,21.8,43,17.6,1015.7,0.7,1.4,2,612.0,0
2019-05-10 15:23:01,5,52,21.8,44,17.6,1015.6,1.0,1.7,6,612.0,0
2019-05-10 15:28:01,5,52,21.8,41,17.6,1015.7,0.3,0.7,6,612.0,0
2019-05-10 15:33:01,5,52,21.8,42,17.1,1015.7,0.7,1.0,10,612.0,0
2019-05-10 15:38:01,5,52,21.8,44,16.5,1015.8,0.7,1.4,6,612.0,0
2019-05-10 15:43:01,5,52,21.8,46,15.9,1015.5,1.0,1.4,6,612.0,0
2019-05-10 15:48:01,5,51,21.8,49,15.7,1015.6,2.0,3.4,8,612.0,0
2019-05-10 15:53:01,5,51,21.8,48,15.4,1015.6,0.7,1.4,10,612.0,0
2019-05-10 15:58:01,5,51,21.8,47,15.4,1015.6,0.7,1.0,15,612.0,0
2019-05-10 16:03:01,5,51,21.7,47,15.4,1015.4,1.4,2.7,2,612.0,0
2019-05-10 16:08:01,5,50,21.7,47,15.4,1015.4,1.4,2.7,2,612.0,0
2019-05-10 16:13:01,5,50,21.7,49,15.2,1015.4,0.3,1.0,14,612.0,0
2019-05-10 16:18:01,5,50,21.7,48,15.1,1015.4,0.7,1.0,8,612.0,0
2019-05-10 16:23:01,5,51,21.7,49,15.0,1015.4,1.0,2.4,6,612.0,0
2019-05-10 16:28:01,5,51,21.7,49,15.1,1015.6,1.4,2.0,4,612.0,0
2019-05-10 16:33:01,5,52,21.7,50,14.7,1015.6,0.0,0.7,2,612.0,0
2019-05-10 16:38:01,5,53,21.7,51,14.7,1015.6,0.7,1.0,8,612.0,0
2019-05-10 16:43:01,5,53,21.7,51,14.8,1015.5,0.3,1.0,8,612.0,0
2019-05-10 16:48:01,5,54,21.8,50,14.8,1015.4,1.0,1.7,0,612.0,0
2019-05-10 16:53:01,5,54,21.8,49,14.5,1015.4,0.7,1.4,0,612.0,0
2019-05-10 16:58:01,5,54,21.8,49,14.4,1015.3,0.3,0.7,2,612.0,0
2019-05-10 17:03:01,5,54,21.8,50,14.4,1015.5,0.0,1.0,4,612.0,0
2019-05-10 17:08:01,5,54,21.8,51,14.5,1015.4,0.3,0.7,10,612.0,0
2019-05-10 17:13:01,5,54,21.8,51,14.6,1015.4,0.3,1.4,2,612.0,0
2019-05-10 17:18:01,5,54,21.8,51,14.7,1015.3,0.7,1.4,2,612.0,0
2019-05-10 17:23:01,5,54,21.8,50,14.6,1015.3,1.0,1.4,8,612.0,0
2019-05-10 17:28:01,5,54,21.8,51,14.4,1015.3,0.3,1.0,8,612.0,0
2019-05-10 17:33:01,5,54,21.8,51,14.4,1015.2,0.0,0.0,2,612.0,0
2019-05-10 17:38:01,5,54,21.7,52,14.2,1015.3,0.3,0.7,10,612.0,0
2019-05-10 17:43:01,5,54,21.7,52,14.2,1015.3,0.3,0.7,8,612.0,0
2019-05-10 17:48:01,5,55,21.7,53,14.2,1015.4,0.3,1.0,4,612.0,0
2019-05-10 17:53:01,5,55,21.7,54,14.2,1015.4,0.7,1.4,6,612.0,0
2019-05-10 17:58:01,5,57,21.6,54,14.2,1015.4,1.0,1.7,0,612.0,0
2019-05-10 18:03:01,5,57,21.7,54,14.1,1015.5,0.7,1.0,0,612.0,0
2019-05-10 18:08:01,5,57,21.6,54,14.1,1015.7,0.7,1.0,0,612.0,0
2019-05-10 18:13:01,5,57,21.6,56,13.8,1015.8,0.0,0.0,0,612.0,0
2019-05-10 18:18:01,5,57,21.5,56,13.8,1015.7,0.0,1.0,8,612.0,0
2019-05-10 18:23:01,5,57,21.5,56,13.8,1015.8,0.3,0.7,12,612.0,0
2019-05-10 18:28:01,5,58,21.5,56,13.7,1015.9,0.0,0.7,10,612.0,0
2019-05-10 18:33:01,5,58,21.5,56,13.6,1015.9,0.3,0.7,12,612.0,0
2019-05-10 18:38:01,5,58,21.5,57,13.6,1015.9,0.0,0.0,0,612.0,0
2019-05-10 18:43:01,5,57,21.3,57,13.5,1016.1,0.0,0.7,12,612.0,0
2019-05-10 18:48:01,5,57,21.3,57,13.5,1016.2,0.0,0.0,6,612.0,0
2019-05-10 18:53:01,5,58,21.3,57,13.4,1016.2,0.0,0.0,10,612.0,0
2019-05-10 18:58:01,5,59,21.3,58,13.4,1016.4,0.0,0.0,12,612.0,0
2019-05-10 19:03:01,5,59,21.3,58,13.3,1016.4,0.0,0.3,6,612.0,0
2019-05-10 19:08:01,5,59,21.3,58,13.3,1016.4,0.0,0.3,2,612.0,0
2019-05-10 19:13:01,5,59,21.3,58,13.2,1016.4,0.0,0.0,12,612.0,0
2019-05-10 19:18:01,5,59,21.3,59,13.1,1016.4,0.0,0.0,2,612.0,0
2019-05-10 19:23:01,5,60,21.3,59,13.1,1016.4,0.0,0.0,12,612.0,0
2019-05-10 19:28:01,5,60,21.3,59,13.1,1016.4,0.0,0.0,12,612.0,0
2019-05-10 19:33:01,5,60,21.3,60,13.0,1016.5,0.7,1.0,0,612.0,0
2019-05-10 19:38:01,5,60,21.2,60,12.9,1016.6,0.0,0.3,4,612.0,0
2019-05-10 19:43:01,5,60,21.2,60,12.8,1016.5,0.0,0.3,14,612.0,0
2019-05-10 19:48:01,5,60,21.2,60,12.7,1016.8,0.7,1.4,0,612.0,0
2019-05-10 19:53:01,5,60,21.2,60,12.5,1016.7,0.0,0.0,0,612.0,0
2019-05-10 19:58:01,5,60,21.1,61,12.4,1016.8,0.0,0.0,2,612.0,0
2019-05-10 20:03:01,5,59,21.1,61,12.3,1016.8,0.0,0.7,0,612.0,0
2019-05-10 20:08:01,5,59,21.1,62,12.1,1016.8,0.0,0.0,0,612.0,0
2019-05-10 20:13:01,5,59,21.1,63,12.0,1016.8,0.0,0.0,2,612.0,0
2019-05-10 20:18:01,5,59,21.0,64,11.9,1016.8,0.3,0.7,12,612.0,0
2019-05-10 20:23:01,5,59,21.0,65,11.8,1016.8,0.3,1.0,10,612.0,0
2019-05-10 20:28:01,5,59,21.0,65,11.8,1016.8,0.0,0.3,6,612.0,0
2019-05-10 20:33:01,5,60,20.9,65,11.7,1016.9,0.0,0.0,12,612.0,0
2019-05-10 20:38:01,5,60,20.9,65,11.6,1016.9,0.0,0.0,4,612.0,0
2019-05-10 20:43:01,5,60,20.9,65,11.6,1017.0,0.0,0.0,4,612.0,0
2019-05-10 20:48:01,5,60,20.9,65,11.5,1016.8,0.3,1.0,13,612.0,0
2019-05-10 20:53:01,5,60,20.8,65,11.4,1017.0,0.0,0.0,12,612.0,0
2019-05-10 20:58:01,5,60,20.7,64,11.3,1016.9,0.0,0.3,4,612.0,0
2019-05-10 21:03:01,5,60,20.7,65,11.2,1017.1,0.0,0.0,0,612.0,0
2019-05-10 21:08:01,5,60,20.7,65,11.0,1016.8,0.0,0.0,14,612.0,0
2019-05-10 21:13:01,5,60,20.6,66,10.9,1017.0,0.0,0.0,4,612.0,0
2019-05-10 21:18:01,5,60,20.6,67,10.7,1017.1,0.0,0.0,4,612.0,0
2019-05-10 21:23:01,5,60,20.6,67,10.7,1017.2,0.0,0.0,4,612.0,0
2019-05-10 21:28:01,5,60,20.6,68,10.7,1017.1,0.0,0.0,2,612.0,0
2019-05-10 21:33:01,5,60,20.6,69,10.7,1017.2,0.0,0.0,0,612.0,0
2019-05-10 21:38:01,5,60,20.5,70,10.7,1017.0,0.0,0.0,2,612.0,0
2019-05-10 21:43:01,5,60,20.5,70,10.7,1017.0,0.3,1.0,0,612.0,0
2019-05-10 21:48:01,5,60,20.5,70,10.7,1017.0,0.7,1.4,0,612.0,0
2019-05-10 21:53:01,5,60,20.5,71,10.7,1017.1,0.0,1.0,14,612.0,0
2019-05-10 21:58:01,5,60,20.5,71,10.7,1017.2,0.3,1.7,0,612.0,0
2019-05-10 22:03:01,5,60,20.4,71,10.7,1017.1,0.0,0.0,12,612.0,0
2019-05-10 22:08:01,5,60,20.4,71,10.6,1017.1,0.0,0.7,2,612.0,0
2019-05-10 22:13:01,5,60,20.4,71,10.6,1017.1,0.7,1.4,8,612.0,0
2019-05-10 22:18:01,5,60,20.4,70,10.6,1017.2,0.0,0.0,12,612.0,0
2019-05-10 22:23:01,5,60,20.4,70,10.5,1017.2,0.0,0.0,14,612.0,0
2019-05-10 22:28:01,5,60,20.4,70,10.5,1017.1,0.3,0.7,2,612.0,0
2019-05-10 22:33:01,5,60,20.4,70,10.4,1017.1,0.0,0.0,6,612.0,0
2019-05-10 22:38:01,5,60,20.4,71,10.4,1017.0,0.0,0.0,2,612.0,0
2019-05-10 22:43:01,5,60,20.4,71,10.3,1017.1,0.3,1.0,0,612.0,0
2019-05-10 22:48:01,5,60,20.3,71,10.3,1017.1,0.3,1.0,6,612.0,0
2019-05-10 22:53:01,5,60,20.3,71,10.2,1017.1,0.0,0.0,4,612.0,0
2019-05-10 22:58:01,5,60,20.3,71,10.2,1017.1,0.0,0.3,6,612.0,0
2019-05-10 23:03:01,5,60,20.3,71,10.1,1017.1,0.0,0.0,2,612.0,0
2019-05-10 23:08:01,5,60,20.3,72,10.0,1017.2,0,0,4,612.0,0
2019-05-10 23:13:01,5,60,20.3,72,10.0,1017.3,0,0,4,612.0,0
2019-05-10 23:18:01,5,60,20.2,74,9.9,1017.3,0.7,1.0,2,612.0,0
2019-05-10 23:23:01,5,60,20.2,74,9.9,1017.2,0.7,1.0,14,612.0,0
2019-05-10 23:28:01,5,60,20.2,74,9.8,1017.2,0,0.7,0,612.0,0
2019-05-10 23:33:01,5,60,20.2,75,9.7,1017.2,0,0.3,14,612.0,0
2019-05-10 23:38:01,5,60,20.1,75,9.7,1017.4,0,0,12,612.0,0
2019-05-10 23:43:01,5,60,20.1,75,9.6,1017.2,0,0,12,612.0,0
2019-05-10 23:48:01,5,60,20.1,75,9.5,1017.3,0.3,0.7,2,612.0,0
2019-05-10 23:53:01,5,60,20.1,75,9.4,1017.2,0,0,14,612.0,0
2019-05-10 23:58:01,5,60,20.1,76,9.2,1017.4,0,0.7,4,612.0,0
