2021-01-13 00:03:01,5,60,17.8,87,2.1,1024.7,0.0,0.7,4,962.1,0
2021-01-13 00:08:01,5,61,18.6,88,2.1,1024.7,0.0,0.7,6,962.1,0
2021-01-13 00:13:01,5,60,17.7,88,2.2,1024.8,0.0,0.7,8,962.1,0
2021-01-13 00:18:01,5,60,17.7,87,2.3,1024.9,0.0,0.7,9,962.1,0
2021-01-13 00:23:01,5,60,17.7,87,2.2,1024.7,0.0,0.0,6,962.1,0
2021-01-13 00:28:01,5,60,17.6,88,2.2,1024.9,0.0,0.0,6,962.1,0
2021-01-13 00:33:01,5,60,17.6,88,2.3,1024.8,0.3,0.7,6,962.1,0
2021-01-13 00:38:01,5,60,17.5,88,2.0,1024.8,0.0,0.0,6,962.1,0
2021-01-13 00:43:01,5,60,17.5,89,1.8,1024.8,0.0,0.0,6,962.1,0
2021-01-13 00:48:01,5,60,17.4,89,1.8,1024.8,0.0,0.0,6,962.1,0
2021-01-13 00:53:01,5,60,17.4,89,2.1,1024.9,0.0,0.0,6,962.1,0
2021-01-13 00:58:01,5,60,17.4,89,2.1,1024.8,0.0,0.0,6,962.1,0
2021-01-13 01:03:01,5,60,17.3,89,2.0,1024.9,0.0,0.7,6,962.1,0
2021-01-13 01:08:01,5,60,17.3,89,2.2,1024.8,0.0,0.7,7,962.1,0
2021-01-13 01:13:01,5,60,17.2,89,2.3,1024.8,0.0,0.0,7,962.1,0
2021-01-13 01:18:01,5,60,17.2,89,2.3,1024.9,0.3,0.7,6,962.1,0
2021-01-13 01:23:01,5,60,17.1,88,2.2,1025.0,0.0,0.0,6,962.1,0
2021-01-13 01:28:01,5,60,17.1,88,2.4,1025.0,0.7,1.0,7,962.1,0
2021-01-13 01:33:01,5,59,17.1,88,2.5,1025.1,0.0,0.7,5,962.1,0
2021-01-13 01:38:01,5,59,17.0,88,2.7,1025.2,0.0,0.7,6,962.1,0
2021-01-13 01:43:01,5,59,17.0,88,2.7,1025.1,0.0,0.7,5,962.1,0
2021-01-13 01:48:01,5,59,17.0,87,2.8,1025.3,0.0,0.7,5,962.1,0
2021-01-13 01:53:01,5,59,17.0,87,2.9,1025.3,0.0,0.7,6,962.1,0
2021-01-13 01:58:01,5,60,16.9,87,3.0,1025.4,0.0,0.7,5,962.1,0
2021-01-13 02:03:01,5,60,16.9,87,2.9,1025.5,0.0,0.0,5,962.1,0
2021-01-13 02:08:01,5,60,16.9,88,2.9,1025.6,0.0,0.7,5,962.1,0
2021-01-13 02:13:01,5,60,16.9,88,2.9,1025.6,0.0,0.0,5,962.1,0
2021-01-13 02:18:01,5,60,16.9,88,2.9,1025.7,0.3,0.7,4,962.1,0
2021-01-13 02:23:01,5,60,16.9,88,2.8,1025.7,0.0,0.0,4,962.1,0
2021-01-13 02:28:01,5,60,16.9,88,2.5,1025.8,0.0,0.0,4,962.1,0
2021-01-13 02:33:01,5,60,16.8,89,2.2,1025.6,0.0,0.0,4,962.1,0
2021-01-13 02:38:01,5,60,16.8,90,2.1,1025.8,0.0,0.0,4,962.1,0
2021-01-13 02:43:01,5,60,16.8,90,1.9,1025.8,0.0,0.0,4,962.1,0
2021-01-13 02:48:01,5,60,16.8,91,1.9,1025.8,0.0,0.0,4,962.1,0
2021-01-13 02:53:01,5,60,16.8,91,2.2,1025.8,0.0,0.0,4,962.1,0
2021-01-13 02:58:01,5,60,16.7,91,2.4,1025.9,0.0,0.7,7,962.1,0
2021-01-13 03:03:01,5,60,16.7,91,2.5,1025.9,0.0,0.7,4,962.1,0
2021-01-13 03:08:01,5,60,16.7,90,2.7,1025.9,0.3,0.7,4,962.1,0
2021-01-13 03:13:01,5,60,16.7,90,2.8,1025.9,0.0,0.7,5,962.1,0
2021-01-13 03:18:01,5,60,16.6,90,2.8,1025.9,0.7,1.0,7,962.1,0
2021-01-13 03:23:01,5,60,16.6,90,2.8,1026.0,0.0,1.0,5,962.1,0
2021-01-13 03:28:01,5,60,16.6,90,2.8,1025.9,0.0,0.0,4,962.1,0
2021-01-13 03:33:01,5,60,16.6,90,2.7,1026.0,0.0,0.7,4,962.1,0
2021-01-13 03:38:01,5,60,16.6,90,2.8,1026.0,0.0,0.7,6,962.1,0
2021-01-13 03:43:01,5,60,16.5,90,2.8,1026.0,0.3,1.0,8,962.1,0
2021-01-13 03:48:01,5,60,16.5,90,2.7,1026.0,0.3,0.7,7,962.1,0
2021-01-13 03:53:01,5,60,16.5,90,2.7,1026.2,0.3,1.0,8,962.1,0
2021-01-13 03:58:01,5,60,16.5,89,2.8,1026.2,0.3,1.0,5,962.1,0
2021-01-13 04:03:01,5,60,16.4,89,2.7,1026.1,0.0,0.7,4,962.1,0
2021-01-13 04:08:01,5,60,16.4,88,2.8,1026.1,0.0,0.0,5,962.1,0
2021-01-13 04:13:01,5,60,16.4,87,2.9,1026.2,0.3,0.7,5,962.1,0
2021-01-13 04:18:01,5,60,16.4,87,2.9,1026.2,0.3,1.0,5,962.1,0
2021-01-13 04:23:01,5,60,16.3,87,2.9,1026.1,0.3,0.7,7,962.1,0
2021-01-13 04:28:01,5,60,16.3,87,2.9,1026.2,0.0,0.0,5,962.1,0
2021-01-13 04:33:01,5,60,16.3,87,2.9,1026.1,0.3,0.7,7,962.1,0
2021-01-13 04:38:01,5,60,16.3,87,2.9,1026.1,0.0,0.0,6,962.1,0
2021-01-13 04:43:01,5,60,16.2,86,3.0,1026.2,0.3,0.7,7,962.1,0
2021-01-13 04:48:01,5,60,16.2,87,2.9,1026.2,0.0,0.7,6,962.1,0
2021-01-13 04:53:01,5,60,16.2,87,2.9,1026.1,0.3,1.7,7,962.1,0
2021-01-13 04:58:01,5,60,16.2,87,2.9,1026.1,0.0,0.7,6,962.1,0
2021-01-13 05:03:01,5,60,16.2,87,2.9,1026.1,0.0,0.0,8,962.1,0
2021-01-13 05:08:01,5,60,16.1,87,2.8,1026.0,0.3,1.0,6,962.1,0
2021-01-13 05:13:01,5,60,16.1,87,2.8,1026.1,0.0,0.7,5,962.1,0
2021-01-13 05:18:01,5,60,16.1,87,2.7,1026.1,0.0,0.0,5,962.1,0
2021-01-13 05:23:01,5,60,16.1,87,2.7,1026.1,0.3,1.0,5,962.1,0
2021-01-13 05:28:01,5,60,16.1,87,2.7,1026.1,0.0,0.7,5,962.1,0
2021-01-13 05:33:01,5,60,16.1,87,2.8,1026.0,0.0,0.7,7,962.1,0
2021-01-13 05:38:01,5,60,16.0,87,2.9,1026.1,0.3,0.7,7,962.1,0
2021-01-13 05:43:01,5,60,16.0,87,2.8,1026.0,0.0,0.7,5,962.1,0
2021-01-13 05:48:01,5,60,16.0,87,3.0,1026.0,0.0,0.7,5,962.1,0
2021-01-13 05:53:01,5,60,16.0,86,3.0,1026.0,0.0,0.7,5,962.1,0
2021-01-13 05:58:01,5,60,16.0,86,3.0,1026.0,0.0,0.0,5,962.1,0
2021-01-13 06:03:01,5,60,16.0,87,2.8,1026.1,0.0,0.0,5,962.1,0
2021-01-13 06:08:01,5,61,15.9,87,2.9,1026.1,0.0,0.7,5,962.1,0
2021-01-13 06:13:01,5,61,15.9,86,2.9,1025.9,0.3,0.7,6,962.1,0
2021-01-13 06:18:01,5,61,15.9,87,2.8,1026.0,0.0,0.0,5,962.1,0
2021-01-13 06:23:01,5,62,15.9,87,2.8,1026.0,0.0,0.7,4,962.1,0
2021-01-13 06:28:01,5,62,16.0,86,2.9,1026.0,0.0,0.0,4,962.1,0
2021-01-13 06:33:01,5,62,16.1,86,2.8,1025.9,0.0,0.0,4,962.1,0
2021-01-13 06:38:01,5,63,16.4,86,2.8,1025.7,0.0,0.0,5,962.1,0
2021-01-13 06:43:01,5,62,16.7,86,2.8,1025.3,0.0,0.7,5,962.1,0
2021-01-13 06:48:01,5,60,17.1,86,2.9,1025.0,0.3,0.7,7,962.1,0
2021-01-13 06:53:01,5,60,17.6,86,2.9,1024.4,0.3,0.7,5,962.1,0
2021-01-13 06:58:01,5,59,18.9,86,2.9,1024.0,0.0,0.0,4,962.1,0
2021-01-13 07:03:01,5,57,19.3,86,2.9,1023.8,0.0,0.0,5,962.1,0
2021-01-13 07:08:01,5,56,19.6,87,2.9,1023.4,0.0,0.7,7,962.1,0
2021-01-13 07:13:01,5,55,19.9,87,2.8,1022.9,0.0,0.0,5,962.1,0
2021-01-13 07:18:01,5,54,20.1,87,2.8,1022.9,0.3,0.7,7,962.1,0
2021-01-13 07:23:01,5,53,20.2,87,2.9,1022.9,0.3,1.0,5,962.1,0
2021-01-13 07:28:01,5,53,20.3,87,2.9,1022.6,0.0,0.7,5,962.1,0
2021-01-13 07:33:01,5,53,20.4,86,3.0,1022.7,0.3,1.0,7,962.1,0
2021-01-13 07:38:01,5,53,20.4,86,3.1,1022.5,0.3,0.7,8,962.1,0
2021-01-13 07:43:01,5,52,20.3,86,3.1,1022.5,0.7,1.0,9,962.1,0
2021-01-13 07:48:01,5,52,20.3,86,3.2,1022.6,0.3,1.0,6,962.1,0
2021-01-13 07:53:01,5,52,20.3,86,3.2,1022.6,0.3,1.0,8,962.1,0
2021-01-13 07:58:01,5,52,20.2,86,3.2,1022.7,0.0,0.0,7,962.1,0
2021-01-13 08:03:01,5,53,20.1,86,3.2,1022.7,0.0,0.7,6,962.1,0
2021-01-13 08:08:01,5,53,20.1,86,3.3,1022.8,0.3,0.7,9,962.1,0
2021-01-13 08:13:01,5,53,20.1,87,3.3,1022.8,0.0,0.0,4,962.1,0
2021-01-13 08:18:01,5,53,20.2,87,3.4,1022.8,0.7,1.0,7,962.1,0
2021-01-13 08:23:01,5,53,20.2,86,3.4,1022.8,0.3,1.0,9,962.1,0
2021-01-13 08:28:01,5,53,20.2,86,3.4,1022.7,0.0,0.0,8,962.1,0
2021-01-13 08:33:01,5,53,20.2,87,3.3,1022.6,0.0,0.7,4,962.1,0
2021-01-13 08:38:01,5,54,20.2,87,3.4,1022.7,0.3,1.0,7,962.1,0
2021-01-13 08:43:01,5,54,20.2,87,3.3,1022.6,0.0,0.0,8,962.1,0
2021-01-13 08:48:01,5,54,20.2,87,3.4,1022.7,0.7,1.0,6,962.1,0
2021-01-13 08:53:01,5,54,20.2,86,3.6,1022.7,0.0,0.0,7,962.1,0
2021-01-13 08:58:01,5,54,20.1,87,3.6,1022.7,0.0,0.0,5,962.1,0
2021-01-13 09:03:01,5,55,20.1,87,3.6,1022.8,0.7,2.0,7,962.1,0
2021-01-13 09:08:01,5,55,20.1,86,3.7,1022.7,0.0,0.0,6,962.1,0
2021-01-13 09:13:01,5,55,20.2,86,3.7,1022.5,0.3,0.7,6,962.1,0
2021-01-13 09:18:01,5,55,20.3,86,3.9,1022.5,0.7,1.0,6,962.1,0
2021-01-13 09:23:01,5,55,20.5,85,4.1,1022.3,0.3,1.0,7,962.1,0
2021-01-13 09:28:01,5,55,20.8,85,4.2,1022.1,0.3,1.0,6,962.1,0
2021-01-13 09:33:01,5,53,21.1,84,4.3,1021.7,1.0,2.0,8,962.1,0
2021-01-13 09:38:01,5,53,21.5,84,4.3,1021.4,1.0,2.0,9,962.1,0
2021-01-13 09:43:01,5,53,21.7,84,4.2,1021.0,0.7,1.0,9,962.1,0
2021-01-13 09:48:01,5,50,21.8,85,4.2,1020.8,0.3,0.7,6,962.1,0
2021-01-13 09:53:01,5,49,21.9,84,4.2,1020.8,0.7,1.7,5,962.1,0
2021-01-13 09:58:01,5,47,21.9,85,4.3,1020.8,0.7,1.7,8,962.1,0
2021-01-13 10:03:01,5,47,22.0,85,4.3,1020.9,1.0,1.7,6,962.1,0
2021-01-13 10:08:01,5,48,22.1,85,4.4,1020.8,0.7,1.0,9,962.1,0
2021-01-13 10:13:01,5,48,22.1,85,4.5,1020.7,0.3,1.0,6,962.1,0
2021-01-13 10:18:01,5,48,22.1,85,4.6,1020.7,0.7,1.7,6,962.1,0
2021-01-13 10:23:01,5,48,22.1,85,4.8,1020.7,1.4,2.7,7,962.1,0
2021-01-13 10:28:01,5,49,22.1,84,4.9,1020.8,0.3,1.0,7,962.1,0
2021-01-13 10:33:01,5,49,22.2,84,5.0,1020.6,0.3,1.0,5,962.1,0
2021-01-13 10:38:01,5,49,22.2,84,5.0,1020.5,0.7,1.7,7,962.1,0
2021-01-13 10:43:01,5,49,22.2,83,5.1,1020.6,0.7,1.0,9,962.1,0
2021-01-13 10:48:01,5,49,22.3,83,5.2,1020.4,0.0,0.7,7,962.1,0
2021-01-13 10:53:01,5,48,22.3,83,5.3,1020.1,0.7,2.0,6,962.1,0
2021-01-13 10:58:01,5,48,22.3,82,5.4,1020.3,1.0,2.7,6,962.1,0
2021-01-13 11:03:01,5,48,22.2,82,5.5,1020.2,1.0,3.1,7,962.1,0
2021-01-13 11:08:01,5,48,22.2,82,5.6,1020.2,0.0,0.7,7,962.1,0
2021-01-13 11:13:01,5,48,22.2,81,5.6,1020.2,1.4,3.1,6,962.1,0
2021-01-13 11:18:01,5,48,22.3,80,5.8,1020.1,0.7,2.0,6,962.1,0
2021-01-13 11:23:01,5,48,22.3,80,5.9,1019.9,1.0,1.7,7,962.1,0
2021-01-13 11:28:01,5,48,22.3,80,6.0,1019.9,0.7,1.0,8,962.1,0
2021-01-13 11:33:01,5,48,22.5,80,5.9,1019.9,1.0,2.0,5,962.1,0
2021-01-13 11:38:01,5,48,22.6,79,6.0,1019.6,0.7,2.0,4,962.1,0
2021-01-13 11:43:01,5,49,22.6,80,6.1,1019.4,0.3,1.0,7,962.1,0
2021-01-13 11:48:01,5,49,22.7,78,6.2,1019.3,1.7,3.1,2,962.1,0
2021-01-13 11:53:01,5,49,22.7,78,6.2,1019.1,1.0,2.7,10,962.1,0
2021-01-13 11:58:01,5,49,22.8,77,6.2,1019.2,1.0,2.0,4,962.1,0
2021-01-13 12:03:01,5,49,22.8,77,6.3,1018.9,1.0,2.0,6,962.1,0
2021-01-13 12:08:01,5,48,22.7,77,6.3,1018.9,0.7,2.0,3,962.1,0
2021-01-13 12:13:01,5,48,22.7,77,6.5,1019.0,0.3,1.0,6,962.1,0
2021-01-13 12:18:01,5,48,22.7,77,6.5,1018.9,0.7,1.0,8,962.1,0
2021-01-13 12:23:01,5,49,22.6,77,6.7,1019.0,0.7,1.0,6,962.1,0
2021-01-13 12:28:01,5,49,22.6,76,6.6,1019.1,1.4,3.1,5,962.1,0
2021-01-13 12:33:01,5,49,22.6,76,6.5,1019.2,0.7,2.0,10,962.1,0
2021-01-13 12:38:01,5,49,22.6,76,6.7,1019.1,1.0,3.1,4,962.1,0
2021-01-13 12:43:01,5,49,22.6,75,6.7,1019.0,0.7,2.0,8,962.1,0
2021-01-13 12:48:01,5,49,22.6,75,6.4,1019.0,0.7,1.7,7,962.1,0
2021-01-13 12:53:01,5,49,22.6,76,6.4,1018.9,0.3,1.0,4,962.1,0
2021-01-13 12:58:01,5,49,22.6,76,6.5,1018.9,0.0,0.7,5,962.1,0
2021-01-13 13:03:01,5,48,22.5,76,6.4,1018.9,0.7,1.7,8,962.1,0
2021-01-13 13:08:01,5,48,22.5,75,6.5,1018.9,1.4,2.7,9,962.1,0
2021-01-13 13:13:01,5,48,22.4,75,6.5,1018.8,0.0,1.7,2,962.1,0
2021-01-13 13:18:01,5,49,22.3,73,6.8,1018.7,0.3,1.7,5,962.1,0
2021-01-13 13:23:01,5,49,22.3,74,6.7,1018.9,0.7,2.0,15,962.1,0
2021-01-13 13:28:01,5,49,22.3,74,6.5,1018.9,0.7,1.7,4,962.1,0
2021-01-13 13:33:01,5,49,22.3,74,6.4,1019.0,0.7,1.7,7,962.1,0
2021-01-13 13:38:01,5,48,22.3,75,6.5,1019.0,0.3,1.0,4,962.1,0
2021-01-13 13:43:01,5,49,22.2,74,6.6,1019.2,0.7,1.7,9,962.1,0
2021-01-13 13:48:01,5,48,22.2,74,6.6,1019.1,0.3,1.0,5,962.1,0
2021-01-13 13:53:01,5,48,22.2,73,6.8,1019.0,0.7,1.7,9,962.1,0
2021-01-13 13:58:01,5,48,22.2,74,6.5,1019.1,0.7,1.7,9,962.1,0
2021-01-13 14:03:01,5,49,22.2,75,6.3,1019.0,0.7,1.7,3,962.1,0
2021-01-13 14:08:01,5,49,22.1,76,6.3,1019.0,0.0,0.7,4,962.1,0
2021-01-13 14:13:01,5,49,22.1,76,6.2,1019.0,0.3,1.7,6,962.1,0
2021-01-13 14:18:01,5,49,22.1,76,6.1,1019.0,0.7,1.0,2,962.1,0
2021-01-13 14:23:01,5,49,22.1,76,6.1,1019.1,0.3,1.0,5,962.1,0
2021-01-13 14:28:01,5,49,22.1,75,6.0,1019.1,0.3,1.7,2,962.1,0
2021-01-13 14:33:01,5,49,22.1,74,6.0,1019.2,0.3,1.0,2,962.1,0
2021-01-13 14:38:01,5,49,22.1,73,5.9,1019.2,0.3,1.0,5,962.1,0
2021-01-13 14:43:01,5,49,22.1,73,5.9,1019.2,0.7,1.7,4,962.1,0
2021-01-13 14:48:01,5,50,22.1,71,5.8,1019.3,0.7,1.7,1,962.1,0
2021-01-13 14:53:01,5,50,22.0,71,5.8,1019.3,0.3,2.7,5,962.1,0
2021-01-13 14:58:01,5,49,22.0,71,5.8,1019.3,0.7,2.7,1,962.1,0
2021-01-13 15:03:01,5,51,21.9,72,5.7,1019.2,0.7,1.7,1,962.1,0
2021-01-13 15:08:01,5,51,21.9,73,5.6,1019.1,0.3,1.7,4,962.1,0
2021-01-13 15:13:01,5,51,21.8,73,5.6,1019.3,0.0,0.7,4,962.1,0
2021-01-13 15:18:01,5,51,21.7,73,5.6,1019.4,1.0,2.0,2,962.1,0
2021-01-13 15:23:01,5,51,21.6,73,5.5,1019.4,0.3,1.7,5,962.1,0
2021-01-13 15:28:01,5,51,21.5,73,5.5,1019.5,0.7,2.0,2,962.1,0
2021-01-13 15:33:01,5,51,21.5,72,5.5,1019.7,0.3,1.0,4,962.1,0
2021-01-13 15:38:01,5,51,21.4,73,5.4,1019.7,0.0,0.7,3,962.1,0
2021-01-13 15:43:01,5,51,21.4,73,5.3,1019.9,0.3,1.0,3,962.1,0
2021-01-13 15:48:01,5,51,21.3,72,5.3,1019.8,0.3,1.0,5,962.1,0
2021-01-13 15:53:01,5,51,21.3,72,5.3,1019.8,0.7,1.7,2,962.1,0
2021-01-13 15:58:01,5,51,21.5,72,5.2,1019.7,0.3,0.7,3,962.1,0
2021-01-13 16:03:01,5,51,21.5,73,5.1,1019.8,0.3,0.7,4,962.1,0
2021-01-13 16:08:01,5,51,21.5,73,5.1,1019.6,0.0,0.7,5,962.1,0
2021-01-13 16:13:01,5,51,21.7,73,5.1,1019.4,0.0,1.0,5,962.1,0
2021-01-13 16:18:01,5,51,21.7,73,5.0,1019.1,0.3,1.0,6,962.1,0
2021-01-13 16:23:01,5,51,21.8,73,5.0,1019.0,0.3,1.0,4,962.1,0
2021-01-13 16:28:01,5,50,21.8,73,5.0,1019.0,0.3,1.7,1,962.1,0
2021-01-13 16:33:01,5,49,21.8,73,4.9,1019.0,0.3,1.0,5,962.1,0
2021-01-13 16:38:01,5,49,21.8,73,5.0,1018.9,0.0,0.7,4,962.1,0
2021-01-13 16:43:01,5,48,21.8,73,4.9,1018.8,0.3,0.7,6,962.1,0
2021-01-13 16:48:01,5,47,21.8,73,5.0,1018.8,0.0,0.0,2,962.1,0
2021-01-13 16:53:01,5,46,21.7,73,4.9,1018.9,0.3,1.0,1,962.1,0
2021-01-13 16:58:01,5,46,21.6,74,4.9,1019.1,0.0,0.0,3,962.1,0
2021-01-13 17:03:01,5,46,21.5,74,4.8,1019.0,0.3,0.7,5,962.1,0
2021-01-13 17:08:01,5,47,21.5,74,4.9,1019.4,0.3,1.0,2,962.1,0
2021-01-13 17:13:01,5,49,21.3,75,4.8,1019.5,0.0,0.0,5,962.1,0
2021-01-13 17:18:01,5,49,21.3,75,4.8,1019.6,0.0,0.7,6,962.1,0
2021-01-13 17:23:01,5,50,21.2,76,4.8,1019.4,0.0,0.7,5,962.1,0
2021-01-13 17:28:01,5,50,21.2,76,4.8,1019.6,0.0,0.0,4,962.1,0
2021-01-13 17:33:01,5,50,21.1,77,4.8,1019.7,0.0,0.0,5,962.1,0
2021-01-13 17:38:01,5,51,21.1,77,4.8,1019.7,0.0,0.0,5,962.1,0
2021-01-13 17:43:01,5,51,21.0,78,4.8,1019.9,0.0,0.7,5,962.1,0
2021-01-13 17:48:01,5,53,20.9,78,4.8,1020.0,0.0,0.0,3,962.1,0
2021-01-13 17:53:01,5,53,20.8,79,4.8,1020.0,0.0,0.0,5,962.1,0
2021-01-13 17:58:01,5,53,20.7,79,4.8,1020.0,0.0,0.7,4,962.1,0
2021-01-13 18:03:01,5,53,20.7,80,4.8,1020.1,0.0,0.7,4,962.1,0
2021-01-13 18:08:01,5,53,20.6,80,4.9,1020.2,0.0,0.0,5,962.1,0
2021-01-13 18:13:01,5,54,20.6,81,4.9,1020.5,0.3,0.7,4,962.1,0
2021-01-13 18:18:01,5,55,20.5,81,5.0,1020.6,0.3,1.0,1,962.1,0
2021-01-13 18:23:01,5,55,20.5,82,5.1,1020.8,0.7,1.0,2,962.1,0
2021-01-13 18:28:01,5,55,20.5,83,5.0,1020.6,0.7,2.7,3,962.1,0
2021-01-13 18:33:01,5,55,20.6,84,4.9,1020.6,0.3,0.7,2,962.1,0
2021-01-13 18:38:01,5,55,20.8,85,4.8,1020.4,0.0,0.0,4,962.1,0
2021-01-13 18:43:01,5,54,21.0,85,4.8,1020.3,0.0,0.0,4,962.1,0
2021-01-13 18:48:01,5,54,21.2,85,4.8,1020.3,0.0,0.0,4,962.1,0
2021-01-13 18:53:01,5,53,21.4,86,4.8,1020.0,0.0,0.0,4,962.1,0
2021-01-13 18:58:01,5,53,21.6,85,4.7,1019.9,0.0,0.0,4,962.1,0
2021-01-13 19:03:01,5,53,21.7,85,4.7,1019.9,0.0,0.0,4,962.1,0
2021-01-13 19:08:01,5,53,21.8,86,4.7,1019.6,0.0,0.0,4,962.1,0
2021-01-13 19:13:01,5,52,21.9,86,4.7,1019.4,0.0,0.0,4,962.1,0
2021-01-13 19:18:01,5,52,21.9,86,4.7,1019.5,0.0,0.0,4,962.1,0
2021-01-13 19:23:01,5,52,21.9,86,4.7,1019.4,0.0,0.0,4,962.1,0
2021-01-13 19:28:01,5,52,21.9,86,4.8,1019.4,0.0,0.0,4,962.1,0
2021-01-13 19:33:01,5,52,21.9,86,4.8,1019.6,0.0,0.7,5,962.1,0
2021-01-13 19:38:01,5,52,21.8,86,4.8,1019.5,0.0,0.0,5,962.1,0
2021-01-13 19:43:01,5,53,21.8,86,4.8,1019.7,0.0,0.7,4,962.1,0
2021-01-13 19:48:01,5,53,21.7,86,5.1,1019.8,0.7,1.7,1,962.1,0
2021-01-13 19:53:01,5,53,21.7,86,5.3,1019.9,0.7,1.0,1,962.1,0
2021-01-13 19:58:01,5,53,21.7,86,5.2,1019.7,0.3,0.7,3,962.1,0
2021-01-13 20:03:01,5,53,21.6,87,5.2,1019.9,0.0,0.7,2,962.1,0
2021-01-13 20:08:01,5,53,21.6,87,5.2,1019.9,0.0,0.0,2,962.1,0
2021-01-13 20:13:01,5,53,21.5,87,5.1,1019.8,0.0,0.0,3,962.1,0
2021-01-13 20:18:01,5,53,21.5,88,5.1,1019.9,0.0,0.7,5,962.1,0
2021-01-13 20:23:01,5,54,21.3,88,5.1,1020.1,0.0,0.7,4,962.1,0
2021-01-13 20:28:01,5,54,21.3,88,5.1,1020.4,0.0,0.7,3,962.1,0
2021-01-13 20:33:01,5,54,21.3,88,5.1,1020.5,0.0,0.0,3,962.1,0
2021-01-13 20:38:01,5,55,21.3,88,5.1,1020.6,0.0,0.7,5,962.1,0
2021-01-13 20:43:01,5,55,21.2,88,5.0,1020.5,0.0,0.0,5,962.1,0
2021-01-13 20:48:01,5,55,21.2,89,5.1,1020.5,0.0,0.0,5,962.1,0
2021-01-13 20:53:01,5,55,21.2,89,5.1,1020.6,0.0,0.0,5,962.1,0
2021-01-13 20:58:01,5,55,21.1,89,5.1,1020.8,0.0,0.0,5,962.1,0
2021-01-13 21:03:01,5,55,21.1,89,5.1,1020.7,0.0,0.0,5,962.1,0
2021-01-13 21:08:01,5,56,21.1,89,5.1,1020.8,0.0,0.0,5,962.1,0
2021-01-13 21:13:01,5,56,21.0,88,5.2,1020.9,0.0,0.0,4,962.1,0
2021-01-13 21:18:01,5,56,21.0,88,5.2,1021.0,0.0,0.0,5,962.1,0
2021-01-13 21:23:01,5,57,20.9,88,5.3,1021.2,0.0,0.7,4,962.1,0
2021-01-13 21:28:01,5,57,20.9,88,5.4,1021.4,0.3,1.0,4,962.1,0
2021-01-13 21:33:01,5,57,20.8,87,5.5,1021.3,0.3,0.7,2,962.1,0
2021-01-13 21:38:01,5,57,20.7,87,5.5,1021.5,0.0,0.0,2,962.1,0
2021-01-13 21:43:01,5,57,20.7,86,5.5,1021.5,0.0,0.7,4,962.1,0
2021-01-13 21:48:01,5,57,20.6,86,5.5,1021.6,0.0,0.0,4,962.1,0
2021-01-13 21:53:01,5,57,20.6,86,5.5,1021.7,0.0,0.0,3,962.1,0
2021-01-13 21:58:01,5,57,20.5,86,5.5,1021.8,0.0,0.7,2,962.1,0
2021-01-13 22:03:01,5,57,20.5,86,5.6,1022.1,1.4,2.0,0,962.1,0
2021-01-13 22:08:01,5,57,20.5,85,5.6,1022.1,1.0,1.7,1,962.1,0
2021-01-13 22:13:01,5,57,20.4,88,5.3,1022.1,0.7,1.7,14,962.1,0
2021-01-13 22:18:01,5,58,20.4,88,5.2,1022.3,0.7,1.7,0,962.1,0
2021-01-13 22:23:01,5,58,20.4,89,5.2,1022.5,0.3,1.7,1,962.1,0
2021-01-13 22:28:01,5,58,20.3,89,5.1,1022.5,0.7,1.0,1,962.1,0
2021-01-13 22:33:01,5,58,20.3,89,5.1,1022.7,0.0,0.7,1,962.1,0
2021-01-13 22:38:01,5,58,20.2,90,5.1,1022.9,0.0,0.7,5,962.4,0
2021-01-13 22:43:01,5,58,20.2,90,5.0,1023.1,0.7,1.0,2,962.4,0
2021-01-13 22:48:01,5,58,20.1,91,5.0,1023.3,0.3,0.7,2,962.4,0
2021-01-13 22:53:01,5,58,20.1,91,4.9,1023.2,0.0,0.7,3,962.4,0
2021-01-13 22:58:01,5,58,20.0,91,4.9,1023.3,0.0,0.7,2,962.4,0
2021-01-13 23:03:01,5,58,20.0,91,4.9,1023.4,0.0,0.0,2,962.4,0
2021-01-13 23:08:01,5,59,19.9,91,4.8,1023.4,0,0,2,962.4,0
2021-01-13 23:13:01,5,59,19.8,91,4.8,1023.6,0,0,2,962.7,0
2021-01-13 23:18:01,5,59,19.8,92,4.8,1023.8,0,0,2,962.7,0
2021-01-13 23:23:01,5,59,19.7,92,4.7,1023.7,0,0,2,962.7,0
2021-01-13 23:28:01,5,59,19.7,92,4.7,1023.6,0,0,2,962.7,0
2021-01-13 23:33:01,5,59,19.7,92,4.7,1023.8,0,0,1,962.7,0
2021-01-13 23:38:01,5,59,19.7,92,4.7,1023.9,0.7,1.0,5,962.7,0
2021-01-13 23:43:01,5,59,19.6,90,4.0,1024.2,0.7,1.7,1,962.7,0
2021-01-13 23:48:01,5,58,19.6,89,3.9,1024.1,0,0.7,0,963.0,0
2021-01-13 23:53:01,5,58,19.5,88,3.8,1024.1,1.0,1.7,5,963.0,0
2021-01-13 23:58:01,5,58,19.4,88,3.7,1024.4,0,0.7,14,963.0,0
