2021-01-01 00:01:01,5,58,20.9,97,2.0,1011.1,0.0,0.0,5,921.6,0
2021-01-01 00:06:01,5,57,20.9,97,1.9,1011.2,0.0,0.0,5,921.6,0
2021-01-01 00:11:01,5,56,20.7,97,1.8,1011.2,0.0,0.0,5,921.6,0
2021-01-01 00:16:01,5,56,20.7,97,1.6,1011.3,0.0,0.0,5,921.6,0
2021-01-01 00:21:01,5,56,20.7,97,1.3,1011.2,0.0,0.0,5,921.6,0
2021-01-01 00:26:01,5,56,20.9,97,1.1,1011.2,0.0,0.0,5,921.6,0
2021-01-01 00:31:01,5,56,20.9,97,0.9,1011.2,0.0,0.0,5,921.6,0
2021-01-01 00:36:01,5,55,21.0,97,0.7,1011.2,0.0,0.0,5,921.6,0
2021-01-01 00:41:01,5,55,21.0,97,0.8,1011.1,0.0,0.0,5,921.6,0
2021-01-01 00:46:01,5,56,20.9,98,1.1,1011.2,0.0,0.0,5,921.6,0
2021-01-01 00:51:01,5,56,20.9,97,0.9,1011.2,0.0,0.0,5,921.6,0
2021-01-01 00:56:01,5,56,20.9,97,1.0,1011.4,0.0,0.0,5,921.6,0
2021-01-01 01:01:01,5,56,20.7,97,0.9,1011.3,0.0,0.0,6,921.6,0
2021-01-01 01:06:01,5,56,20.7,97,0.9,1011.3,0.0,0.0,6,921.6,0
2021-01-01 01:11:01,5,56,20.6,97,0.7,1011.5,0.0,0.0,6,921.6,0
2021-01-01 01:16:01,5,56,20.6,97,0.6,1011.6,0.0,0.0,6,921.6,0
2021-01-01 01:21:01,5,55,20.5,98,0.7,1011.7,0.0,0.0,6,921.6,0
2021-01-01 01:26:01,5,55,20.4,98,0.9,1011.8,0.0,0.0,6,921.6,0
2021-01-01 01:31:01,5,55,20.4,97,0.7,1011.9,0.0,0.0,6,921.6,0
2021-01-01 01:36:01,5,55,20.3,98,0.8,1012.0,0.0,0.0,6,921.6,0
2021-01-01 01:41:01,5,55,20.2,98,0.7,1012.2,0.0,0.0,6,921.6,0
2021-01-01 01:46:01,5,55,20.1,98,1.0,1012.2,0.0,0.0,6,921.6,0
2021-01-01 01:51:01,5,55,20.0,98,1.1,1012.3,0.0,0.0,6,921.6,0
2021-01-01 01:56:01,5,55,20.0,98,1.1,1012.4,0.0,0.0,6,921.6,0
2021-01-01 02:01:01,5,56,19.8,98,1.4,1012.5,0.0,0.0,6,921.6,0
2021-01-01 02:06:01,5,56,19.8,98,1.3,1012.5,0.0,0.0,6,921.6,0
2021-01-01 02:11:01,5,56,19.7,98,0.9,1012.7,0.0,0.0,6,921.6,0
2021-01-01 02:16:01,5,56,19.6,98,0.9,1012.8,0.0,0.0,6,921.6,0
2021-01-01 02:21:01,5,56,19.5,98,0.7,1012.9,0.0,0.0,6,921.6,0
2021-01-01 02:26:01,5,56,19.4,97,0.5,1013.2,0.0,0.0,6,921.6,0
2021-01-01 02:31:01,5,56,19.3,98,0.4,1013.2,0.0,0.0,6,921.6,0
2021-01-01 02:36:01,5,56,19.2,98,0.6,1013.3,0.0,0.0,6,921.6,0
2021-01-01 02:41:01,5,56,19.2,98,0.7,1013.4,0.0,0.0,6,921.6,0
2021-01-01 02:46:01,5,56,19.1,98,1.3,1013.4,0.0,0.0,6,921.6,0
2021-01-01 02:51:01,5,56,19.0,98,1.3,1013.5,0.0,0.0,6,921.6,0
2021-01-01 02:56:01,5,56,19.0,98,1.3,1013.7,0.0,0.0,6,921.6,0
2021-01-01 03:01:01,5,57,18.9,98,1.2,1013.8,0.0,0.0,6,921.6,0
2021-01-01 03:06:01,5,57,18.8,98,1.0,1013.9,0.0,0.0,6,921.6,0
2021-01-01 03:11:01,5,57,18.8,98,1.2,1013.9,0.0,0.0,6,921.6,0
2021-01-01 03:16:01,5,57,18.7,98,1.1,1013.9,0.0,0.0,6,921.6,0
2021-01-01 03:21:01,5,57,18.6,98,1.2,1014.0,0.0,0.0,6,921.6,0
2021-01-01 03:26:01,5,57,18.6,98,1.2,1013.9,0.0,0.0,6,921.6,0
2021-01-01 03:31:01,5,57,17.7,98,1.6,1014.1,0.0,0.0,6,921.9,0
2021-01-01 03:36:01,5,57,17.7,98,1.7,1014.1,0.0,0.0,6,921.9,0
2021-01-01 03:41:01,5,57,17.7,98,1.9,1014.1,0.0,0.0,6,921.9,0
2021-01-01 03:46:01,5,57,17.6,98,1.9,1014.1,0.0,0.0,6,921.9,0
2021-01-01 03:51:01,5,57,17.6,98,1.9,1014.2,0.0,0.0,7,921.9,0
2021-01-01 03:56:01,5,57,17.6,98,1.8,1014.1,0.0,0.0,6,921.9,0
2021-01-01 04:01:01,5,57,17.5,98,1.9,1014.1,0.0,0.0,7,921.9,0
2021-01-01 04:06:01,5,57,17.5,98,1.9,1014.2,0.0,0.0,7,921.9,0
2021-01-01 04:11:01,5,57,17.5,98,1.7,1014.2,0.0,0.0,7,921.9,0
2021-01-01 04:16:01,5,57,17.5,97,1.7,1014.2,0.0,0.0,7,921.9,0
2021-01-01 04:21:01,5,57,17.4,98,1.7,1014.2,0.0,0.0,7,921.9,0
2021-01-01 04:26:01,5,57,17.4,98,1.7,1014.3,0.0,0.0,7,921.9,0
2021-01-01 04:31:01,5,57,17.4,98,1.9,1014.3,0.0,0.0,7,921.9,0
2021-01-01 04:36:01,5,57,17.3,97,2.0,1014.4,0.0,0.0,7,921.9,0
2021-01-01 04:41:01,5,57,17.3,97,2.0,1014.4,0.0,0.0,7,921.9,0
2021-01-01 04:46:01,5,57,17.3,97,2.0,1014.5,0.0,0.7,7,921.9,0
2021-01-01 04:51:01,5,57,17.2,97,1.9,1014.5,0.0,0.0,7,921.9,0
2021-01-01 04:56:01,5,57,17.2,97,1.8,1014.6,0.0,0.0,7,921.9,0
2021-01-01 05:01:01,5,57,17.1,97,1.9,1014.6,0.0,0.0,7,921.9,0
2021-01-01 05:06:01,5,57,17.1,97,1.9,1014.7,0.0,0.0,6,921.9,0
2021-01-01 05:11:01,5,57,17.1,97,2.0,1014.6,0.0,0.7,7,921.9,0
2021-01-01 05:16:01,5,57,17.0,97,2.1,1014.7,0.0,0.0,7,921.9,0
2021-01-01 05:21:01,5,57,17.0,96,2.1,1014.8,0.0,0.7,7,921.9,0
2021-01-01 05:26:01,5,57,17.0,96,2.1,1014.8,0.0,0.0,7,921.9,0
2021-01-01 05:31:01,5,58,16.9,96,2.2,1014.7,0.0,0.0,7,921.9,0
2021-01-01 05:36:01,5,58,16.9,96,2.2,1014.8,0.0,0.0,7,921.9,0
2021-01-01 05:41:01,5,58,16.9,95,2.3,1015.0,0.0,0.7,7,921.9,0
2021-01-01 05:46:01,5,58,16.9,95,2.4,1015.0,0.0,0.0,7,921.9,0
2021-01-01 05:51:01,5,58,16.8,95,2.4,1014.9,0.0,0.0,7,921.9,0
2021-01-01 05:56:01,5,59,16.9,95,2.5,1015.0,0.0,0.0,7,921.9,0
2021-01-01 06:01:01,5,58,17.0,95,2.4,1014.9,0.0,0.0,7,921.9,0
2021-01-01 06:06:01,5,58,17.1,95,2.4,1014.8,0.0,0.7,7,921.9,0
2021-01-01 06:11:01,5,58,17.5,95,2.4,1014.6,0.0,0.0,7,921.9,0
2021-01-01 06:16:01,5,58,17.9,95,2.5,1014.2,0.3,0.7,7,921.9,0
2021-01-01 06:21:01,5,57,18.3,95,2.5,1013.8,0.0,0.0,7,921.9,0
2021-01-01 06:26:01,5,55,19.6,95,2.5,1013.5,0.0,0.0,7,921.9,0
2021-01-01 06:31:01,5,53,20.0,95,2.5,1013.2,0.0,0.7,7,921.9,0
2021-01-01 06:36:01,5,52,20.3,95,2.5,1013.0,0.0,0.0,7,921.9,0
2021-01-01 06:41:01,5,52,20.4,95,2.5,1012.8,0.0,0.0,7,921.9,0
2021-01-01 06:46:01,5,52,20.6,95,2.5,1012.8,0.3,0.7,7,921.9,0
2021-01-01 06:51:01,5,51,20.7,94,2.5,1012.6,0.3,0.7,6,921.9,0
2021-01-01 06:56:01,5,51,20.7,94,2.5,1012.6,0.0,0.0,7,921.9,0
2021-01-01 07:01:01,5,51,20.7,94,2.4,1012.6,0.0,0.0,8,921.9,0
2021-01-01 07:06:01,5,51,20.7,94,2.5,1012.7,0.0,0.7,6,921.9,0
2021-01-01 07:11:01,5,51,20.7,94,2.6,1012.7,0.0,0.7,7,921.9,0
2021-01-01 07:16:01,5,51,20.7,94,2.6,1012.8,0.0,0.0,6,921.9,0
2021-01-01 07:21:01,5,51,20.6,94,2.7,1012.9,0.7,1.7,7,921.9,0
2021-01-01 07:26:01,5,51,20.5,94,2.7,1013.0,0.0,0.7,7,921.9,0
2021-01-01 07:31:01,5,51,20.4,94,2.7,1013.2,0.0,0.0,7,921.9,0
2021-01-01 07:36:01,5,51,20.4,94,2.8,1013.2,0.3,1.0,6,921.9,0
2021-01-01 07:41:01,5,51,20.3,94,2.8,1013.5,0.3,0.7,9,921.9,0
2021-01-01 07:46:01,5,51,20.1,94,2.9,1013.5,0.7,1.0,8,921.9,0
2021-01-01 07:51:01,5,51,20.0,94,2.9,1013.8,0.0,0.7,7,921.9,0
2021-01-01 07:56:01,5,51,20.0,94,2.8,1013.8,0.0,0.0,7,921.9,0
2021-01-01 08:01:01,5,53,19.8,94,2.8,1013.9,0.0,0.0,7,921.9,0
2021-01-01 08:06:01,5,53,19.7,94,2.8,1014.0,0.0,0.7,7,921.9,0
2021-01-01 08:11:01,5,54,19.7,94,2.7,1014.1,0.0,0.0,7,921.9,0
2021-01-01 08:16:01,5,54,19.7,94,2.9,1014.1,0.3,1.0,7,921.9,0
2021-01-01 08:21:01,5,55,19.7,94,3.0,1014.1,0.3,0.7,7,921.9,0
2021-01-01 08:26:01,5,55,19.8,94,2.9,1014.0,0.0,0.7,8,921.9,0
2021-01-01 08:31:01,5,55,20.1,94,3.0,1014.0,0.0,0.0,7,921.9,0
2021-01-01 08:36:01,5,55,20.4,94,3.0,1013.8,0.0,0.0,7,921.9,0
2021-01-01 08:41:01,5,55,20.7,94,3.1,1013.4,0.0,0.0,9,921.9,0
2021-01-01 08:46:01,5,53,21.1,94,3.2,1013.2,0.0,0.0,7,921.9,0
2021-01-01 08:51:01,5,52,21.3,94,3.2,1012.9,0.0,0.7,7,921.9,0
2021-01-01 08:56:01,5,52,21.6,94,3.3,1012.6,0.3,0.7,8,921.9,0
2021-01-01 09:01:01,5,52,21.8,94,3.4,1012.4,0.3,1.0,7,921.9,0
2021-01-01 09:06:01,5,51,21.9,93,3.5,1012.4,0.7,1.0,8,921.9,0
2021-01-01 09:11:01,5,50,22.0,93,3.5,1012.3,0.0,0.7,6,921.9,0
2021-01-01 09:16:01,5,50,22.1,93,3.7,1012.2,0.7,1.7,9,921.9,0
2021-01-01 09:21:01,5,50,22.1,93,3.7,1012.2,0.0,0.0,8,921.9,0
2021-01-01 09:26:01,5,50,22.1,93,3.8,1012.1,0.0,0.7,7,921.9,0
2021-01-01 09:31:01,5,50,22.2,92,3.9,1012.1,0.7,1.0,7,921.9,0
2021-01-01 09:36:01,5,50,22.1,92,4.0,1012.2,0.3,1.0,8,921.9,0
2021-01-01 09:41:01,5,51,22.1,92,4.1,1012.2,0.3,1.0,9,921.9,0
2021-01-01 09:46:01,5,51,22.1,92,4.2,1012.3,0.0,0.7,6,921.9,0
2021-01-01 09:51:01,5,51,22.1,92,4.3,1012.4,0.3,1.0,7,921.9,0
2021-01-01 09:56:01,5,51,22.1,92,4.3,1012.4,0.0,0.7,7,921.9,0
2021-01-01 10:01:01,5,51,22.1,92,4.3,1012.5,0.3,1.0,7,921.9,0
2021-01-01 10:06:01,5,51,22.1,92,4.4,1012.6,0.3,0.7,7,921.9,0
2021-01-01 10:11:01,5,51,22.1,92,4.4,1012.6,0.0,0.0,7,921.9,0
2021-01-01 10:16:01,5,52,22.1,92,4.4,1012.4,0.0,0.7,7,921.9,0
2021-01-01 10:21:01,5,52,22.1,92,4.5,1012.5,0.3,1.0,6,921.9,0
2021-01-01 10:26:01,5,51,22.2,92,4.5,1012.5,0.0,0.7,6,921.9,0
2021-01-01 10:31:01,5,51,22.2,92,4.4,1012.5,0.3,1.0,8,921.9,0
2021-01-01 10:36:01,5,51,22.2,92,4.4,1012.4,0.0,0.7,8,921.9,0
2021-01-01 10:41:01,5,51,22.2,92,4.3,1012.4,0.3,0.7,11,921.9,0
2021-01-01 10:46:01,5,52,22.1,92,4.3,1012.5,0.3,1.0,7,921.9,0
2021-01-01 10:51:01,5,52,22.1,92,4.2,1012.5,0.3,1.0,9,921.9,0
2021-01-01 10:56:01,5,53,22.1,92,4.3,1012.5,0.0,0.7,11,921.9,0
2021-01-01 11:01:01,5,53,22.1,92,4.3,1012.6,0.0,0.7,9,921.9,0
2021-01-01 11:06:01,5,53,22.1,92,4.3,1012.5,0.3,0.7,8,921.9,0
2021-01-01 11:11:01,5,53,22.1,92,4.5,1012.5,0.0,0.7,3,921.9,0
2021-01-01 11:16:01,5,53,22.1,92,4.3,1012.5,0.7,1.0,6,921.9,0
2021-01-01 11:21:01,5,53,22.2,92,4.4,1012.5,0.3,1.0,6,921.9,0
2021-01-01 11:26:01,5,53,22.2,92,4.5,1012.4,0.3,0.7,7,921.9,0
2021-01-01 11:31:01,5,52,22.2,92,4.6,1012.3,0.3,1.0,6,921.9,0
2021-01-01 11:36:01,5,52,22.2,91,4.7,1012.4,0.3,1.0,7,921.9,0
2021-01-01 11:41:01,5,52,22.2,91,4.9,1012.3,0.3,1.0,9,921.9,0
2021-01-01 11:46:01,5,51,22.2,91,5.0,1012.4,0.3,1.0,8,921.9,0
2021-01-01 11:51:01,5,51,22.2,91,5.2,1012.3,0.3,1.0,6,921.9,0
2021-01-01 11:56:01,5,51,22.2,91,5.4,1012.2,0.0,0.0,9,921.9,0
2021-01-01 12:01:01,5,51,22.2,90,5.4,1012.3,0.3,1.0,9,921.9,0
2021-01-01 12:06:01,5,51,22.2,91,5.5,1012.2,0.0,0.0,8,921.9,0
2021-01-01 12:11:01,5,51,22.1,90,5.6,1012.1,0.7,1.0,8,921.9,0
2021-01-01 12:16:01,5,52,22.2,90,5.7,1012.2,0.7,1.7,7,921.9,0
2021-01-01 12:21:01,5,51,22.2,90,5.9,1012.1,0.7,1.7,8,921.9,0
2021-01-01 12:26:01,5,51,22.2,89,6.0,1012.2,0.7,1.0,7,921.9,0
2021-01-01 12:31:01,5,51,22.2,89,6.0,1012.1,1.0,1.7,7,921.9,0
2021-01-01 12:36:01,5,51,22.3,89,6.2,1012.1,0.3,0.7,9,921.9,0
2021-01-01 12:41:01,5,51,22.3,88,6.2,1012.1,0.7,1.0,7,921.9,0
2021-01-01 12:46:01,5,51,22.3,88,6.2,1012.0,0.3,1.0,2,921.9,0
2021-01-01 12:51:01,5,52,22.3,88,6.2,1012.1,0.7,1.0,9,921.9,0
2021-01-01 12:56:01,5,52,22.3,88,6.2,1012.0,0.7,1.0,8,921.9,0
2021-01-01 13:01:01,5,52,22.2,86,6.6,1012.0,0.7,1.0,6,921.9,0
2021-01-01 13:06:01,5,52,22.2,86,6.7,1012.2,0.3,1.7,10,921.9,0
2021-01-01 13:11:01,5,52,22.2,86,6.4,1012.2,1.4,2.0,5,921.9,0
2021-01-01 13:16:01,5,53,22.2,86,6.3,1012.2,1.7,3.1,12,921.9,0
2021-01-01 13:21:01,5,53,22.1,87,6.2,1012.2,0.7,1.7,6,921.9,0
2021-01-01 13:26:01,5,53,22.1,87,6.2,1012.2,1.0,2.0,6,921.9,0
2021-01-01 13:31:01,5,53,22.1,87,6.1,1012.4,0.3,1.0,10,921.9,0
2021-01-01 13:36:01,5,53,22.1,87,6.0,1012.4,1.0,1.7,5,921.9,0
2021-01-01 13:41:01,5,53,22.0,87,5.9,1012.6,0.3,0.7,6,921.9,0
2021-01-01 13:46:01,5,54,21.9,87,5.9,1012.6,0.3,1.0,6,921.9,0
2021-01-01 13:51:01,5,52,21.9,87,5.9,1012.5,0.7,1.7,6,921.9,0
2021-01-01 13:56:01,5,51,21.8,88,5.9,1012.6,0.3,0.7,5,921.9,0
2021-01-01 14:01:01,5,51,21.8,87,5.9,1012.8,1.0,1.7,6,921.9,0
2021-01-01 14:06:01,5,51,21.7,87,5.9,1012.9,0.7,1.7,8,921.9,0
2021-01-01 14:11:01,5,50,21.6,87,5.9,1012.9,0.3,0.7,5,921.9,0
2021-01-01 14:16:01,5,50,21.6,88,6.0,1013.0,0.3,0.7,5,921.9,0
2021-01-01 14:21:01,5,50,21.6,88,5.9,1012.9,0.0,0.7,7,921.9,0
2021-01-01 14:26:01,5,50,21.6,89,5.8,1013.0,1.4,2.0,6,921.9,0
2021-01-01 14:31:01,5,50,21.6,89,5.6,1013.1,1.4,2.0,4,921.9,0
2021-01-01 14:36:01,5,50,21.6,89,5.5,1013.2,0.3,1.0,11,921.9,0
2021-01-01 14:41:01,5,50,21.6,89,5.4,1013.3,0.3,1.0,5,921.9,0
2021-01-01 14:46:01,5,51,21.5,90,5.3,1013.4,0.7,1.0,9,921.9,0
2021-01-01 14:51:01,5,51,21.5,90,5.3,1013.3,0.3,1.0,9,921.9,0
2021-01-01 14:56:01,5,51,21.5,90,5.2,1013.5,0.3,1.0,7,921.9,0
2021-01-01 15:01:01,5,51,21.5,90,5.2,1013.4,0.3,0.7,6,921.9,0
2021-01-01 15:06:01,5,52,21.5,90,5.2,1013.5,0.7,2.0,7,921.9,0
2021-01-01 15:11:01,5,52,21.5,91,5.1,1013.5,0.3,1.0,6,921.9,0
2021-01-01 15:16:01,5,52,21.5,90,5.0,1013.5,0.7,1.7,5,921.9,0
2021-01-01 15:21:01,5,52,21.5,90,5.0,1013.6,1.4,2.7,8,921.9,0
2021-01-01 15:26:01,5,52,21.6,89,4.9,1013.7,1.0,1.7,6,921.9,0
2021-01-01 15:31:01,5,52,21.6,90,4.9,1013.5,0.0,0.7,6,921.9,0
2021-01-01 15:36:01,5,52,21.7,89,4.9,1013.4,0.7,1.7,8,921.9,0
2021-01-01 15:41:01,5,52,21.7,90,4.9,1013.5,0.3,0.7,7,921.9,0
2021-01-01 15:46:01,5,53,21.8,90,4.9,1013.6,0.7,1.7,6,921.9,0
2021-01-01 15:51:01,5,53,21.8,90,4.9,1013.6,0.3,1.0,8,921.9,0
2021-01-01 15:56:01,5,53,21.8,90,4.9,1013.5,0.0,0.0,8,921.9,0
2021-01-01 16:01:01,5,53,21.8,90,4.9,1013.6,0.3,1.0,10,921.9,0
2021-01-01 16:06:01,5,54,21.7,90,4.8,1013.5,0.3,1.0,6,921.9,0
2021-01-01 16:11:01,5,54,21.7,90,4.8,1013.7,0.3,0.7,9,921.9,0
2021-01-01 16:16:01,5,54,21.7,90,4.8,1013.7,0.7,1.0,6,921.9,0
2021-01-01 16:21:01,5,54,21.6,90,4.7,1013.8,0.3,0.7,6,921.9,0
2021-01-01 16:26:01,5,54,21.5,90,4.8,1013.9,0.0,0.7,6,921.9,0
2021-01-01 16:31:01,5,54,21.5,91,4.7,1014.1,0.3,1.0,5,921.9,0
2021-01-01 16:36:01,5,55,21.3,91,4.8,1014.1,0.3,1.0,6,921.9,0
2021-01-01 16:41:01,5,55,21.3,91,4.8,1014.2,0.7,1.0,9,921.9,0
2021-01-01 16:46:01,5,55,21.3,91,4.8,1014.1,0.7,1.7,7,921.9,0
2021-01-01 16:51:01,5,55,21.2,91,4.8,1014.2,0.7,1.7,9,921.9,0
2021-01-01 16:56:01,5,55,21.2,91,4.7,1014.3,0.3,0.7,6,921.9,0
2021-01-01 17:01:01,5,56,21.1,92,4.6,1014.3,0.7,1.0,6,921.9,0
2021-01-01 17:06:01,5,58,21.0,92,4.6,1014.4,0.7,1.7,7,921.9,0
2021-01-01 17:11:01,5,58,21.0,92,4.5,1014.6,0.3,1.0,5,921.9,0
2021-01-01 17:16:01,5,57,21.1,92,4.5,1014.5,0.7,1.0,9,921.9,0
2021-01-01 17:21:01,5,57,21.2,92,4.6,1014.5,0.7,2.0,8,921.9,0
2021-01-01 17:26:01,5,57,21.3,92,4.5,1014.3,0.3,1.0,7,921.9,0
2021-01-01 17:31:01,5,56,21.5,91,4.6,1014.2,0.0,0.7,7,921.9,0
2021-01-01 17:36:01,5,56,21.7,91,4.6,1014.1,1.0,2.0,7,921.9,0
2021-01-01 17:41:01,5,55,21.7,91,4.6,1014.0,0.3,1.0,6,921.9,0
2021-01-01 17:46:01,5,55,21.7,91,4.6,1013.9,0.3,1.7,6,921.9,0
2021-01-01 17:51:01,5,55,21.8,91,4.6,1014.0,0.7,1.0,9,921.9,0
2021-01-01 17:56:01,5,56,21.8,91,4.6,1014.1,0.3,1.0,7,921.9,0
2021-01-01 18:01:01,5,57,21.8,92,4.6,1014.1,0.0,0.7,7,921.9,0
2021-01-01 18:06:01,5,57,21.7,92,4.6,1014.1,0.3,1.0,7,921.9,0
2021-01-01 18:11:01,5,57,21.7,92,4.6,1014.1,0.0,0.7,11,921.9,0
2021-01-01 18:16:01,5,58,21.6,92,4.6,1014.3,0.0,0.7,7,921.9,0
2021-01-01 18:21:01,5,58,21.6,92,4.5,1014.4,0.0,0.7,8,921.9,0
2021-01-01 18:26:01,5,58,21.6,92,4.5,1014.3,0.0,0.7,7,921.9,0
2021-01-01 18:31:01,5,58,21.5,93,4.5,1014.5,0.3,1.0,9,921.9,0
2021-01-01 18:36:01,5,58,21.5,93,4.6,1014.7,0.3,0.7,7,921.9,0
2021-01-01 18:41:01,5,58,21.5,93,4.5,1014.5,0.0,0.7,7,921.9,0
2021-01-01 18:46:01,5,58,21.5,93,4.6,1014.7,0.7,1.7,5,921.9,0
2021-01-01 18:51:01,5,58,21.5,93,4.6,1014.7,0.7,1.7,6,921.9,0
2021-01-01 18:56:01,5,58,21.5,93,4.7,1014.6,1.0,1.7,9,921.9,0
2021-01-01 19:01:01,5,58,21.5,93,4.6,1014.7,0.3,1.0,6,921.9,0
2021-01-01 19:06:01,5,58,21.5,93,4.6,1014.7,0.7,1.7,7,921.9,0
2021-01-01 19:11:01,5,58,21.5,93,4.6,1014.8,0.3,1.7,8,921.9,0
2021-01-01 19:16:01,5,59,21.5,93,4.6,1014.9,0.3,1.7,6,921.9,0
2021-01-01 19:21:01,5,59,21.5,93,4.5,1014.8,0.3,0.7,8,921.9,0
2021-01-01 19:26:01,5,59,21.5,93,4.6,1015.0,0.0,0.0,7,921.9,0
2021-01-01 19:31:01,5,59,21.5,93,4.6,1015.1,0.3,0.7,7,921.9,0
2021-01-01 19:36:01,5,59,21.4,93,4.6,1015.1,0.0,0.7,11,921.9,0
2021-01-01 19:41:01,5,59,21.5,93,4.6,1015.1,0.0,1.0,7,921.9,0
2021-01-01 19:46:01,5,59,21.5,93,4.6,1015.1,0.0,0.7,7,921.9,0
2021-01-01 19:51:01,5,59,21.5,93,4.6,1015.1,0.7,1.0,7,921.9,0
2021-01-01 19:56:01,5,59,21.5,93,4.5,1015.2,0.0,0.0,11,921.9,0
2021-01-01 20:01:01,5,60,21.5,93,4.6,1015.2,0.7,1.7,7,921.9,0
2021-01-01 20:06:01,5,60,21.4,93,4.6,1015.3,0.7,1.7,8,921.9,0
2021-01-01 20:11:01,5,60,21.4,93,4.6,1015.3,1.4,2.0,6,921.9,0
2021-01-01 20:16:01,5,61,21.4,93,4.6,1015.3,0.7,1.7,3,921.9,0
2021-01-01 20:21:01,5,61,21.3,94,4.6,1015.4,0.7,1.7,7,921.9,0
2021-01-01 20:26:01,5,61,21.3,94,4.5,1015.4,0.0,0.7,7,921.9,0
2021-01-01 20:31:01,5,61,21.3,94,4.4,1015.5,0.3,1.0,8,921.9,0
2021-01-01 20:36:01,5,60,21.3,94,4.4,1015.6,0.7,1.7,6,921.9,0
2021-01-01 20:41:01,5,60,21.3,94,4.4,1015.5,0.3,1.0,8,921.9,0
2021-01-01 20:46:01,5,60,21.3,94,4.3,1015.8,0.0,0.7,6,921.9,0
2021-01-01 20:51:01,5,60,21.3,94,4.3,1015.7,0.3,1.0,11,921.9,0
2021-01-01 20:56:01,5,60,21.2,94,4.3,1015.8,0.3,0.7,7,921.9,0
2021-01-01 21:01:01,5,60,21.2,94,4.3,1015.9,0.0,0.7,7,921.9,0
2021-01-01 21:06:01,5,60,21.1,94,4.3,1016.0,0.0,0.7,7,921.9,0
2021-01-01 21:11:01,5,60,21.1,95,4.3,1016.0,1.0,1.7,8,921.9,0
2021-01-01 21:16:01,5,60,21.1,94,4.3,1016.0,0.3,0.7,11,921.9,0
2021-01-01 21:21:01,5,60,21.1,95,4.3,1016.1,0.3,1.0,7,921.9,0
2021-01-01 21:26:01,5,60,21.0,95,4.3,1016.1,0.0,0.7,8,921.9,0
2021-01-01 21:31:01,5,61,21.0,95,4.3,1016.2,0.0,0.7,7,921.9,0
2021-01-01 21:36:01,5,61,21.0,95,4.3,1016.2,0.7,1.0,9,921.9,0
2021-01-01 21:41:01,5,62,20.9,95,4.2,1016.3,1.0,1.7,9,921.9,0
2021-01-01 21:46:01,5,62,20.9,95,4.1,1016.3,1.0,1.7,8,921.9,0
2021-01-01 21:51:01,5,62,20.9,95,4.1,1016.4,0.3,1.0,7,921.9,0
2021-01-01 21:56:01,5,62,20.9,95,4.1,1016.5,1.0,1.7,8,921.9,0
2021-01-01 22:01:01,5,62,20.9,94,4.0,1016.5,1.0,2.0,11,921.9,0
2021-01-01 22:06:01,5,62,20.7,94,4.0,1016.6,0.3,1.0,7,921.9,0
2021-01-01 22:11:01,5,61,20.7,94,4.0,1016.6,0.7,2.0,10,921.9,0
2021-01-01 22:16:01,5,61,20.7,94,3.9,1016.7,0.7,1.7,10,921.9,0
2021-01-01 22:21:01,5,61,20.6,94,3.9,1016.8,1.0,1.7,8,921.9,0
2021-01-01 22:26:01,5,61,20.6,94,3.9,1016.9,0.7,1.7,9,921.9,0
2021-01-01 22:31:01,5,61,20.6,94,3.9,1016.9,0.7,1.7,10,921.9,0
2021-01-01 22:36:01,5,61,20.5,94,3.9,1017.0,0.3,1.0,9,921.9,0
2021-01-01 22:41:01,5,62,20.5,94,3.8,1017.2,0.7,2.0,9,921.9,0
2021-01-01 22:46:01,5,62,20.5,94,3.8,1017.1,1.0,2.0,8,921.9,0
2021-01-01 22:51:01,5,62,20.4,94,3.8,1017.1,0.3,0.7,8,921.9,0
2021-01-01 22:56:01,5,62,20.4,94,3.8,1017.1,0.3,1.0,10,921.9,0
2021-01-01 23:01:01,5,62,20.4,94,3.8,1017.2,0.0,0.7,11,921.9,0
2021-01-01 23:06:01,5,62,20.3,94,3.8,1017.3,0.3,0.7,6,921.9,0
2021-01-01 23:11:01,5,62,20.3,94,3.8,1017.3,0.7,1.0,8,921.9,0
2021-01-01 23:16:01,5,62,20.2,94,3.8,1017.4,0.7,1.0,9,921.9,0
2021-01-01 23:21:01,5,62,20.2,94,3.8,1017.5,0.3,1.0,9,921.9,0
2021-01-01 23:26:01,5,62,20.2,93,3.8,1017.6,0.3,0.7,8,921.9,0
2021-01-01 23:31:01,5,62,20.1,93,3.8,1017.8,0,0.7,6,921.9,0
2021-01-01 23:36:01,5,62,20.1,93,3.8,1017.8,0,0.7,9,921.9,0
2021-01-01 23:41:01,5,62,20.1,93,3.8,1017.7,0,0,7,921.9,0
2021-01-01 23:46:01,5,62,20.0,93,3.8,1017.8,0.3,1.0,7,921.9,0
2021-01-01 23:51:01,5,62,20.0,93,3.7,1017.8,0.7,1.0,7,921.9,0
2021-01-01 23:56:01,5,62,19.9,93,3.7,1017.8,0.7,2.0,8,921.9,0
