2021-01-21 00:01:02,5,57,20.2,74,10.8,990.7,1.7,3.7,12,990.3,0
2021-01-21 00:06:02,5,57,20.1,74,10.7,990.6,1.0,2.0,15,990.3,0
2021-01-21 00:11:02,5,57,20.1,74,10.7,990.4,1.4,3.1,9,990.3,0
2021-01-21 00:16:02,5,57,20.1,74,10.8,990.4,1.0,2.0,1,990.3,0
2021-01-21 00:21:02,5,57,20.0,73,11.0,990.0,2.0,4.1,11,990.3,0
2021-01-21 00:26:02,5,57,20.0,73,11.0,990.0,1.0,2.0,9,990.3,0
2021-01-21 00:31:02,5,57,20.0,74,10.9,990.0,1.4,2.0,12,990.3,0
2021-01-21 00:36:02,5,58,19.9,77,10.8,989.9,1.0,2.7,1,990.3,0
2021-01-21 00:41:02,5,58,19.9,81,10.3,989.7,2.0,4.8,13,990.6,0
2021-01-21 00:46:02,5,58,19.8,82,9.9,989.5,1.7,4.8,2,990.6,0
2021-01-21 00:51:02,5,58,19.8,83,9.8,989.3,1.0,2.0,10,990.9,0
2021-01-21 00:56:02,5,58,19.8,84,9.8,989.2,1.0,2.7,12,990.9,0
2021-01-21 01:01:02,5,58,19.8,83,9.8,989.1,1.4,2.7,13,990.9,0
2021-01-21 01:06:02,5,58,19.7,83,9.8,988.9,1.4,2.7,13,990.9,0
2021-01-21 01:11:02,5,58,19.7,79,10.4,988.8,1.4,2.7,10,990.9,0
2021-01-21 01:16:02,5,58,19.7,78,10.6,988.8,1.7,5.1,8,990.9,0
2021-01-21 01:21:01,5,58,19.6,76,10.9,988.6,2.4,4.8,4,990.9,0
2021-01-21 01:26:01,5,58,19.6,75,11.1,988.6,1.7,3.1,2,990.9,0
2021-01-21 01:31:01,5,58,19.6,74,11.3,988.5,1.4,3.1,11,990.9,0
2021-01-21 01:36:01,5,58,19.6,74,11.4,988.5,2.0,3.7,11,990.9,0
2021-01-21 01:41:01,5,58,19.6,74,11.5,988.7,1.4,3.1,4,990.9,0
2021-01-21 01:46:01,5,58,19.6,75,11.4,988.4,1.4,2.7,1,990.9,0
2021-01-21 01:51:01,5,58,19.5,77,11.1,988.3,2.0,4.8,5,991.2,0
2021-01-21 01:56:01,5,58,19.5,77,11.0,988.2,1.7,2.7,0,991.2,0
2021-01-21 02:01:01,5,57,19.5,76,11.0,988.5,2.4,5.1,2,991.2,0
2021-01-21 02:06:01,5,58,18.6,77,11.0,988.3,1.4,2.7,11,991.2,0
2021-01-21 02:11:01,5,57,19.4,76,11.1,988.2,1.4,3.1,12,991.2,0
2021-01-21 02:16:01,5,57,19.4,76,11.1,988.0,1.7,2.7,5,991.2,0
2021-01-21 02:21:01,5,57,19.4,76,11.3,987.9,3.1,6.1,14,991.2,0
2021-01-21 02:26:01,5,58,18.5,76,11.3,987.8,2.0,4.1,1,991.2,0
2021-01-21 02:31:01,5,58,18.5,76,11.4,987.7,3.7,6.1,2,991.2,0
2021-01-21 02:36:01,5,58,18.5,77,11.2,987.9,2.7,4.8,15,991.2,0
2021-01-21 02:41:01,5,58,18.5,78,11.1,987.7,3.7,6.8,9,991.2,0
2021-01-21 02:46:01,5,58,18.5,79,11.0,987.8,2.0,3.1,14,991.2,0
2021-01-21 02:51:01,5,58,18.5,79,11.0,987.6,3.1,8.2,5,991.2,0
2021-01-21 02:56:01,5,58,18.5,79,11.2,987.7,2.4,6.1,5,991.2,0
2021-01-21 03:01:01,5,58,18.4,82,10.7,987.7,1.7,2.7,5,991.2,0
2021-01-21 03:06:01,5,58,18.4,85,10.3,987.7,2.7,4.8,7,991.5,0
2021-01-21 03:11:01,5,58,18.4,86,10.1,987.7,2.7,5.1,12,991.5,0
2021-01-21 03:16:01,5,57,18.4,86,10.1,987.7,2.0,3.7,11,991.5,0
2021-01-21 03:21:01,5,58,18.4,87,10.0,987.7,2.0,3.1,6,991.5,0
2021-01-21 03:26:01,5,58,18.3,86,9.1,989.5,6.5,11.2,8,991.8,0
2021-01-21 03:31:01,5,58,18.3,90,6.2,989.9,1.7,4.8,7,993.0,0
2021-01-21 03:36:01,5,58,18.3,91,5.9,990.0,2.7,4.1,11,993.0,0
2021-01-21 03:41:01,5,57,18.3,91,5.9,989.9,2.0,4.8,8,993.0,0
2021-01-21 03:46:01,5,58,18.2,90,6.1,990.1,1.7,2.7,9,993.0,0
2021-01-21 03:51:01,5,58,18.1,89,6.4,990.3,1.7,4.1,9,993.0,0
2021-01-21 03:56:01,5,58,18.1,84,7.0,990.6,3.4,6.1,10,993.0,0
2021-01-21 04:01:01,5,58,18.0,85,7.1,990.9,1.7,3.7,9,993.0,0
2021-01-21 04:06:01,5,58,18.0,84,7.2,990.9,2.0,5.1,11,993.0,0
2021-01-21 04:11:01,5,58,17.9,83,7.4,991.1,1.7,5.1,8,993.0,0
2021-01-21 04:16:01,5,58,17.9,83,7.6,991.4,2.7,4.8,9,993.0,0
2021-01-21 04:21:01,5,58,17.9,84,7.5,991.4,2.0,3.7,10,993.0,0
2021-01-21 04:26:01,5,58,17.9,84,7.5,991.5,2.7,4.8,8,993.3,0
2021-01-21 04:31:01,5,58,17.8,85,7.4,991.2,1.4,2.7,12,993.3,0
2021-01-21 04:36:01,5,58,17.8,84,7.4,991.6,3.1,5.1,11,993.3,0
2021-01-21 04:41:01,5,58,17.8,83,7.6,992.2,2.4,4.8,8,993.3,0
2021-01-21 04:46:01,5,58,17.8,84,7.6,992.6,2.0,4.1,11,993.3,0
2021-01-21 04:51:01,5,58,17.7,83,7.6,992.4,1.4,3.1,11,993.3,0
2021-01-21 04:56:01,5,58,17.7,81,7.6,992.7,2.4,5.1,9,993.3,0
2021-01-21 05:01:01,5,58,17.7,80,7.4,992.8,2.4,4.8,7,993.3,0
2021-01-21 05:06:01,5,58,17.7,78,7.3,993.0,2.7,6.1,4,993.3,0
2021-01-21 05:11:01,5,58,17.6,78,7.2,993.3,2.7,4.8,12,993.3,0
2021-01-21 05:16:01,5,58,17.6,78,7.0,993.3,2.0,4.1,11,993.3,0
2021-01-21 05:21:01,5,58,17.6,78,6.9,993.5,2.4,5.1,12,993.3,0
2021-01-21 05:26:01,5,58,17.5,78,6.9,993.8,1.7,3.1,6,993.3,0
2021-01-21 05:31:01,5,58,17.5,78,6.8,993.9,1.4,3.7,10,993.3,0
2021-01-21 05:36:01,5,58,17.5,78,6.8,994.1,1.4,2.7,1,993.3,0
2021-01-21 05:41:01,5,58,17.4,78,6.8,994.1,2.4,6.1,3,993.3,0
2021-01-21 05:46:01,5,58,17.4,78,6.7,994.5,1.4,2.7,9,993.3,0
2021-01-21 05:51:01,5,58,17.4,78,6.6,994.7,2.4,5.8,12,993.3,0
2021-01-21 05:56:01,5,58,17.4,78,6.4,994.7,2.4,4.8,6,993.3,0
2021-01-21 06:01:01,5,58,17.3,77,6.4,995.0,2.4,4.1,5,993.3,0
2021-01-21 06:06:01,5,58,17.3,77,6.4,995.1,1.4,3.1,9,993.3,0
2021-01-21 06:11:01,5,58,17.3,78,6.2,995.2,1.4,2.7,12,993.3,0
2021-01-21 06:16:01,5,58,17.3,78,6.2,995.3,1.7,3.7,9,993.3,0
2021-01-21 06:21:01,5,58,17.2,78,6.2,995.5,1.7,2.7,8,993.3,0
2021-01-21 06:26:01,5,58,17.1,78,6.1,995.7,1.7,2.7,12,993.3,0
2021-01-21 06:31:01,5,58,17.1,79,6.1,996.0,1.0,1.7,7,993.3,0
2021-01-21 06:36:01,5,58,17.1,79,5.9,996.0,1.7,2.7,7,993.3,0
2021-01-21 06:41:01,5,58,17.2,79,5.9,996.0,2.7,5.8,5,993.3,0
2021-01-21 06:46:01,5,58,17.4,79,5.8,996.1,1.7,3.7,8,993.3,0
2021-01-21 06:51:01,5,58,17.6,79,5.8,995.9,1.4,3.1,10,993.3,0
2021-01-21 06:56:01,5,58,17.9,79,5.8,995.6,1.7,3.1,12,993.3,0
2021-01-21 07:01:01,5,57,18.3,79,5.7,995.4,1.7,4.1,9,993.3,0
2021-01-21 07:06:01,5,56,18.5,79,5.8,995.2,2.0,3.7,9,993.3,0
2021-01-21 07:11:01,5,55,19.7,80,5.7,995.1,1.0,2.0,5,993.3,0
2021-01-21 07:16:01,5,54,19.9,80,5.6,995.1,1.0,1.7,9,993.3,0
2021-01-21 07:21:01,5,53,20.1,81,5.5,995.0,1.0,2.7,9,993.3,0
2021-01-21 07:26:01,5,53,20.2,81,5.5,995.0,2.0,3.1,8,993.3,0
2021-01-21 07:31:01,5,52,20.3,82,5.4,994.9,0.7,1.7,13,993.3,0
2021-01-21 07:36:01,5,52,20.4,81,5.5,994.9,1.0,2.7,7,993.3,0
2021-01-21 07:41:01,5,52,20.4,81,5.4,995.1,1.7,3.7,7,993.3,0
2021-01-21 07:46:01,5,52,20.4,81,5.5,995.0,1.4,3.1,3,993.3,0
2021-01-21 07:51:01,5,52,20.4,80,5.5,995.2,0.7,2.0,11,993.3,0
2021-01-21 07:56:01,5,52,20.4,80,5.6,995.1,1.4,2.7,11,993.3,0
2021-01-21 08:01:01,5,52,20.3,80,5.6,995.3,1.7,3.1,12,993.3,0
2021-01-21 08:06:01,5,52,20.3,80,5.6,995.2,1.0,1.7,9,993.3,0
2021-01-21 08:11:01,5,52,20.3,80,5.7,995.3,1.4,2.7,1,993.3,0
2021-01-21 08:16:01,5,52,20.2,80,5.8,995.3,1.4,3.1,12,993.3,0
2021-01-21 08:21:01,5,52,20.1,80,5.9,995.5,0.7,1.7,9,993.3,0
2021-01-21 08:26:01,5,52,20.1,79,5.9,995.6,1.0,2.0,11,993.3,0
2021-01-21 08:31:01,5,52,20.0,79,6.1,995.7,1.7,3.7,8,993.3,0
2021-01-21 08:36:01,5,52,20.0,79,6.2,995.7,1.7,3.1,9,993.3,0
2021-01-21 08:41:01,5,52,20.0,79,6.2,995.7,1.0,2.0,8,993.3,0
2021-01-21 08:46:01,5,53,20.0,79,6.3,995.7,2.0,3.1,10,993.3,0
2021-01-21 08:51:01,5,53,20.1,80,6.2,995.7,0.7,1.7,14,993.3,0
2021-01-21 08:56:01,5,54,20.1,80,6.3,995.7,1.0,1.7,9,993.3,0
2021-01-21 09:01:01,5,54,20.2,79,6.4,995.6,1.4,2.7,7,993.3,0
2021-01-21 09:06:01,5,54,20.4,80,6.5,995.4,0.7,1.7,15,993.3,0
2021-01-21 09:11:01,5,54,20.7,80,6.5,995.2,0.7,1.0,11,993.3,0
2021-01-21 09:16:01,5,52,21.1,80,6.7,995.1,1.0,1.7,11,993.3,0
2021-01-21 09:21:01,5,52,21.3,80,6.9,994.9,1.4,3.1,14,993.3,0
2021-01-21 09:26:01,5,52,21.6,81,6.9,994.6,1.0,2.0,4,993.3,0
2021-01-21 09:31:01,5,52,21.8,81,7.0,994.3,2.0,4.1,4,993.3,0
2021-01-21 09:36:01,5,52,21.9,81,6.9,994.3,1.0,2.0,4,993.3,0
2021-01-21 09:41:01,5,50,22.1,81,7.0,994.1,1.7,2.7,13,993.3,0
2021-01-21 09:46:01,5,50,22.2,81,7.1,994.0,1.0,2.0,14,993.3,0
2021-01-21 09:51:01,5,50,22.2,81,7.1,993.8,1.4,3.1,10,993.3,0
2021-01-21 09:56:01,5,50,22.3,80,7.3,993.8,2.0,3.7,6,993.3,0
2021-01-21 10:01:01,5,50,22.3,80,7.3,993.6,1.4,3.7,0,993.3,0
2021-01-21 10:06:01,5,50,22.3,80,7.4,993.6,2.0,4.1,6,993.3,0
2021-01-21 10:11:01,5,50,22.3,80,7.4,993.6,1.7,3.7,13,993.3,0
2021-01-21 10:16:01,5,49,22.3,79,7.3,993.7,2.4,4.1,12,993.3,0
2021-01-21 10:21:01,5,49,22.3,80,7.2,993.9,1.7,2.7,10,993.3,0
2021-01-21 10:26:01,5,48,22.2,80,7.2,994.1,1.7,4.8,10,993.3,0
2021-01-21 10:31:01,5,48,22.2,80,7.2,994.2,1.0,2.0,10,993.3,0
2021-01-21 10:36:01,5,47,22.1,80,7.2,994.3,2.0,4.8,7,993.3,0
2021-01-21 10:41:01,5,45,22.1,79,7.3,994.4,2.0,4.8,4,993.3,0
2021-01-21 10:46:01,5,44,22.0,79,7.3,994.3,2.4,3.7,4,993.3,0
2021-01-21 10:51:01,5,45,21.9,79,7.3,994.4,1.0,2.0,9,993.3,0
2021-01-21 10:56:01,5,44,21.9,79,7.3,994.4,1.4,2.7,7,993.3,0
2021-01-21 11:01:01,5,43,21.9,80,7.3,994.5,1.0,2.0,11,993.3,0
2021-01-21 11:06:01,5,43,22.0,79,7.3,994.3,1.7,6.8,11,993.3,0
2021-01-21 11:11:01,5,44,22.1,79,7.4,994.3,2.0,4.1,0,993.3,0
2021-01-21 11:16:01,5,45,22.1,79,7.4,994.2,1.7,4.1,4,993.3,0
2021-01-21 11:21:01,5,46,22.1,79,7.6,994.2,1.4,3.1,12,993.3,0
2021-01-21 11:26:01,5,46,22.2,78,7.9,994.1,2.0,3.7,12,993.3,0
2021-01-21 11:31:01,5,47,22.2,77,8.0,994.1,2.7,5.8,15,993.3,0
2021-01-21 11:36:01,5,47,22.2,77,8.2,994.0,2.0,4.1,11,993.3,0
2021-01-21 11:41:01,5,47,22.2,77,8.3,994.1,1.4,3.1,7,993.3,0
2021-01-21 11:46:01,5,48,22.2,77,8.2,994.2,1.7,3.7,13,993.3,0
2021-01-21 11:51:01,5,48,22.2,77,8.0,994.2,1.4,3.7,11,993.3,0
2021-01-21 11:56:01,5,48,22.1,77,8.0,994.2,2.4,3.7,8,993.3,0
2021-01-21 12:01:01,5,48,22.1,77,8.1,994.2,2.0,4.1,7,993.3,0
2021-01-21 12:06:01,5,48,22.0,77,8.1,994.1,1.7,3.1,11,993.3,0
2021-01-21 12:11:01,5,49,21.9,77,8.2,994.2,2.0,6.1,8,993.3,0
2021-01-21 12:16:01,5,49,21.9,77,8.0,994.3,2.7,4.1,7,993.3,0
2021-01-21 12:21:01,5,49,21.9,78,7.9,994.3,2.4,4.1,13,993.3,0
2021-01-21 12:26:01,5,50,21.9,78,7.9,994.2,1.7,4.8,8,993.3,0
2021-01-21 12:31:01,5,50,21.9,78,7.9,994.3,2.7,4.8,13,993.3,0
2021-01-21 12:36:01,5,50,21.9,78,8.0,994.4,1.4,2.7,13,993.3,0
2021-01-21 12:41:01,5,50,21.8,78,8.0,994.3,2.4,4.8,13,993.3,0
2021-01-21 12:46:01,5,50,21.8,78,8.0,994.2,2.4,3.7,7,993.3,0
2021-01-21 12:51:01,5,50,21.8,77,8.1,994.1,2.4,4.1,7,993.3,0
2021-01-21 12:56:01,5,50,21.8,77,8.1,994.3,2.0,3.1,7,993.3,0
2021-01-21 13:01:01,5,50,21.8,77,8.1,994.2,2.7,4.8,13,993.3,0
2021-01-21 13:06:01,5,51,21.8,77,8.1,994.2,2.0,3.7,7,993.3,0
2021-01-21 13:11:01,5,51,21.8,76,8.2,994.2,2.0,4.1,12,993.3,0
2021-01-21 13:16:01,5,51,21.8,77,8.2,994.2,1.7,4.1,13,993.3,0
2021-01-21 13:21:01,5,51,21.8,76,8.5,994.2,1.4,3.7,10,993.3,0
2021-01-21 13:26:01,5,51,21.8,76,8.3,994.1,1.7,4.1,13,993.3,0
2021-01-21 13:31:01,5,51,21.8,74,8.6,993.8,2.4,4.8,11,993.3,0
2021-01-21 13:36:01,5,51,21.8,76,8.3,993.9,1.7,3.7,11,993.3,0
2021-01-21 13:41:01,5,51,21.8,77,8.2,994.0,1.4,2.7,12,993.3,0
2021-01-21 13:46:01,5,50,21.7,76,8.1,994.1,1.7,3.1,7,993.3,0
2021-01-21 13:51:01,5,50,21.7,77,8.2,994.0,1.0,2.0,12,993.3,0
2021-01-21 13:56:01,5,50,21.7,76,8.2,994.1,2.0,3.7,7,993.3,0
2021-01-21 14:01:01,5,50,21.6,76,8.3,994.3,1.4,2.7,0,993.3,0
2021-01-21 14:06:01,5,49,21.6,76,8.1,994.2,1.7,3.1,6,993.3,0
2021-01-21 14:11:01,5,50,21.5,76,8.1,994.1,2.0,4.1,8,993.3,0
2021-01-21 14:16:01,5,50,21.5,76,8.1,994.3,2.4,7.1,9,993.3,0
2021-01-21 14:21:01,5,50,21.5,77,8.1,994.5,0.7,2.0,14,993.3,0
2021-01-21 14:26:01,5,50,21.5,76,8.1,994.5,1.4,2.7,10,993.3,0
2021-01-21 14:31:01,5,50,21.4,76,8.1,994.5,1.7,3.1,12,993.3,0
2021-01-21 14:36:01,5,50,21.5,76,8.2,994.5,1.0,2.0,1,993.3,0
2021-01-21 14:41:01,5,50,21.5,76,8.2,994.5,1.7,3.1,10,993.3,0
2021-01-21 14:46:01,5,50,21.7,75,8.2,994.2,2.0,3.1,3,993.3,0
2021-01-21 14:51:01,5,50,21.7,76,8.1,994.0,2.0,4.8,10,993.3,0
2021-01-21 14:56:01,5,50,21.8,76,8.1,994.0,1.7,3.7,12,993.3,0
2021-01-21 15:01:01,5,50,21.8,76,8.0,994.0,1.7,2.7,9,993.3,0
2021-01-21 15:06:01,5,51,21.8,77,7.9,993.9,2.0,3.7,11,993.3,0
2021-01-21 15:11:01,5,51,21.8,76,7.9,993.9,1.7,4.1,7,993.3,0
2021-01-21 15:16:01,5,51,21.9,77,7.9,993.8,2.0,4.1,12,993.3,0
2021-01-21 15:21:01,5,51,21.9,77,7.8,993.8,2.0,3.7,7,993.3,0
2021-01-21 15:26:01,5,51,21.8,77,7.8,993.7,2.0,5.8,0,993.3,0
2021-01-21 15:31:01,5,51,21.8,77,7.9,993.8,1.4,2.0,9,993.3,0
2021-01-21 15:36:01,5,51,21.8,77,7.8,993.6,1.4,2.7,1,993.3,0
2021-01-21 15:41:01,5,51,21.7,77,7.9,993.7,1.7,4.8,14,993.3,0
2021-01-21 15:46:01,5,51,21.7,77,7.8,993.6,1.4,3.1,2,993.3,0
2021-01-21 15:51:01,5,51,21.6,77,7.8,993.8,1.7,4.1,13,993.3,0
2021-01-21 15:56:01,5,51,21.5,77,7.9,993.8,2.0,3.7,13,993.3,0
2021-01-21 16:01:01,5,51,21.5,77,7.8,993.8,0.7,1.7,7,993.3,0
2021-01-21 16:06:01,5,52,21.5,77,7.8,993.8,1.7,3.1,8,993.3,0
2021-01-21 16:11:01,5,53,21.6,77,7.8,993.8,1.0,2.0,10,993.3,0
2021-01-21 16:16:01,5,53,21.7,77,7.8,993.6,1.0,3.7,12,993.3,0
2021-01-21 16:21:01,5,52,21.8,77,7.8,993.3,1.7,3.1,5,993.3,0
2021-01-21 16:26:01,5,51,21.8,78,7.8,993.3,1.0,2.0,12,993.3,0
2021-01-21 16:31:01,5,50,21.8,78,7.8,992.9,2.0,4.1,2,993.3,0
2021-01-21 16:36:01,5,50,21.8,78,7.8,992.8,1.7,3.1,15,993.3,0
2021-01-21 16:41:01,5,50,21.8,78,7.8,992.7,1.0,2.0,1,993.3,0
2021-01-21 16:46:01,5,50,21.8,78,7.9,992.7,1.0,4.1,9,993.3,0
2021-01-21 16:51:01,5,50,21.8,79,7.8,992.7,1.4,2.7,9,993.3,0
2021-01-21 16:56:01,5,50,21.7,79,7.8,992.8,0.7,1.0,1,993.3,0
2021-01-21 17:01:01,5,50,21.7,79,7.8,992.7,1.0,2.0,12,993.3,0
2021-01-21 17:06:01,5,50,21.7,79,7.8,992.8,0.7,1.7,12,993.3,0
2021-01-21 17:11:01,5,51,21.6,78,7.9,992.8,2.0,4.1,11,993.3,0
2021-01-21 17:16:01,5,51,21.6,78,7.9,992.8,1.0,3.1,11,993.3,0
2021-01-21 17:21:01,5,52,21.6,78,7.9,992.9,1.7,2.7,0,993.3,0
2021-01-21 17:26:01,5,54,21.6,78,7.9,993.0,2.7,5.1,1,993.3,0
2021-01-21 17:31:01,5,54,21.5,79,7.7,993.0,1.4,3.1,1,993.3,0
2021-01-21 17:36:01,5,54,21.5,80,7.5,993.1,1.7,3.1,9,993.3,0
2021-01-21 17:41:01,5,54,21.5,82,7.3,993.0,0.7,1.7,9,993.3,0
2021-01-21 17:46:01,5,54,21.5,83,7.0,993.1,1.0,2.7,8,993.3,0
2021-01-21 17:51:01,5,54,21.3,84,6.7,993.1,1.7,3.1,5,993.3,0
2021-01-21 17:56:01,5,54,21.3,85,6.4,993.1,1.0,2.0,13,993.3,0
2021-01-21 18:01:01,5,54,21.3,86,6.2,993.0,1.0,2.0,8,993.6,0
2021-01-21 18:06:01,5,54,21.3,87,6.1,992.8,0.7,1.0,12,993.6,0
2021-01-21 18:11:01,5,55,21.3,88,6.0,992.8,0.3,1.0,4,993.9,0
2021-01-21 18:16:01,5,55,21.2,89,5.9,992.8,0.3,1.0,8,993.9,0
2021-01-21 18:21:01,5,55,21.2,89,5.8,992.7,0.3,1.0,10,993.9,0
2021-01-21 18:26:01,5,55,21.2,90,5.7,992.6,0.3,0.7,9,994.2,0
2021-01-21 18:31:01,5,54,21.1,90,5.7,992.5,0.3,0.7,9,994.2,0
2021-01-21 18:36:01,5,55,21.1,91,5.6,992.4,0.0,0.0,9,994.5,0
2021-01-21 18:41:01,5,55,21.1,91,5.5,992.1,0.0,0.7,8,994.8,0
2021-01-21 18:46:01,5,56,21.1,91,5.5,991.9,0.0,0.0,7,994.8,0
2021-01-21 18:51:01,5,57,21.2,92,5.5,991.5,0.0,0.0,9,994.8,0
2021-01-21 18:56:01,5,57,21.4,92,5.5,991.2,0.0,0.0,8,995.1,0
2021-01-21 19:01:01,5,57,21.7,92,5.5,990.8,0.0,0.0,8,995.4,0
2021-01-21 19:06:01,5,56,21.9,93,5.5,990.5,0.0,0.7,8,995.7,0
2021-01-21 19:11:01,5,54,22.2,93,5.4,990.0,0.0,0.0,9,996.0,0
2021-01-21 19:16:01,5,54,22.3,93,5.5,989.5,0.0,0.0,7,996.3,0
2021-01-21 19:21:01,5,53,22.5,93,5.4,989.2,0.0,0.0,7,996.6,0
2021-01-21 19:26:01,5,52,22.6,93,5.4,988.8,0.0,0.0,7,996.9,0
2021-01-21 19:31:01,5,52,22.7,94,5.4,988.6,0.0,0.0,7,997.5,0
2021-01-21 19:36:01,5,52,22.7,94,5.4,988.3,0.0,0.0,8,997.8,0
2021-01-21 19:41:01,5,52,22.7,94,5.4,988.0,0.0,0.0,8,998.1,0
2021-01-21 19:46:01,5,52,22.7,94,5.3,987.9,0.0,0.0,8,998.1,0
2021-01-21 19:51:01,5,52,22.7,94,5.3,987.8,0.0,0.0,8,998.4,0
2021-01-21 19:56:01,5,52,22.7,95,5.3,987.6,0.0,0.0,8,998.4,0
2021-01-21 20:01:01,5,52,22.7,95,5.2,987.4,0.0,0.0,8,998.7,0
2021-01-21 20:06:01,5,52,22.6,95,5.2,987.0,0.0,0.7,9,999.0,0
2021-01-21 20:11:01,5,52,22.6,95,5.2,987.2,0.0,0.7,7,999.0,0
2021-01-21 20:16:01,5,52,22.6,95,5.2,987.1,0.0,0.0,6,999.3,0
2021-01-21 20:21:01,5,52,22.5,95,5.2,987.0,0.0,0.0,8,999.3,0
2021-01-21 20:26:01,5,52,22.4,95,5.1,986.8,0.3,1.0,14,999.6,0
2021-01-21 20:31:01,5,52,22.3,95,5.0,986.8,0.3,1.0,7,999.9,0
2021-01-21 20:36:01,5,52,22.3,95,5.0,986.6,0.0,0.7,4,1000.2,0
2021-01-21 20:41:01,5,52,22.2,95,5.0,986.7,0.0,0.0,4,1000.5,0
2021-01-21 20:46:01,5,52,22.2,95,4.9,986.5,0.0,0.0,1,1000.8,0
2021-01-21 20:51:01,5,52,22.1,95,4.9,986.5,0.0,0.0,7,1001.1,0
2021-01-21 20:56:01,5,52,22.0,95,4.9,986.7,0.3,0.7,1,1001.4,0
2021-01-21 21:01:01,5,53,21.9,95,4.9,986.8,0.3,0.7,1,1001.4,0
2021-01-21 21:06:01,5,54,21.9,95,4.9,986.6,0.3,0.7,0,1002.0,0
2021-01-21 21:11:01,5,54,21.8,96,4.8,986.5,0.0,0.0,0,1002.6,0
2021-01-21 21:16:01,5,54,21.8,96,4.7,986.6,0.3,0.7,1,1002.6,0
2021-01-21 21:21:01,5,54,21.7,96,4.7,986.7,0.0,0.7,0,1002.9,0
2021-01-21 21:26:01,5,54,21.6,96,4.7,986.6,0.3,0.7,1,1002.9,0
2021-01-21 21:31:01,5,54,21.5,96,4.7,986.7,0.3,0.7,3,1003.2,0
2021-01-21 21:36:01,5,55,21.5,96,4.7,986.6,0.0,1.0,1,1003.5,0
2021-01-21 21:41:01,5,55,21.3,96,4.6,987.0,1.0,1.7,1,1003.5,0
2021-01-21 21:46:01,5,55,21.3,96,4.6,986.6,0.3,1.0,15,1003.5,0
2021-01-21 21:51:01,5,55,21.2,96,4.6,987.2,0.0,1.0,6,1004.1,0
2021-01-21 21:56:01,5,55,21.2,96,4.5,987.1,0.7,1.0,0,1004.4,0
2021-01-21 22:01:01,5,55,21.1,96,4.2,987.1,1.4,3.1,2,1004.7,0
2021-01-21 22:06:01,5,56,21.1,96,4.2,987.5,0.7,1.0,2,1004.7,0
2021-01-21 22:11:01,5,56,21.0,96,4.2,987.6,0.3,1.0,1,1004.7,0
2021-01-21 22:16:01,5,57,20.9,96,4.0,987.7,1.0,1.7,3,1005.0,0
2021-01-21 22:21:01,5,57,20.9,96,3.9,987.8,1.0,1.7,2,1005.3,0
2021-01-21 22:26:01,5,57,20.8,96,3.8,987.8,1.4,2.7,0,1005.3,0
2021-01-21 22:31:01,5,57,20.7,96,3.8,988.0,1.7,3.1,2,1005.6,0
2021-01-21 22:36:01,5,57,20.6,96,3.8,988.2,1.0,1.7,2,1005.6,0
2021-01-21 22:41:01,5,57,20.6,96,3.6,988.2,0.7,1.0,0,1006.2,0
2021-01-21 22:46:01,5,57,20.6,95,3.5,988.3,0.7,1.7,4,1006.2,0
2021-01-21 22:51:01,5,57,20.5,95,3.6,988.6,0.7,1.0,2,1006.2,0
2021-01-21 22:56:01,5,57,20.5,95,3.4,988.7,0.7,1.0,2,1006.5,0
2021-01-21 23:01:01,5,57,20.4,95,3.4,988.9,0.0,0.7,1,1006.5,0
2021-01-21 23:06:01,5,57,20.4,95,3.3,989.0,0.3,0.7,3,1006.5,0
2021-01-21 23:11:01,5,57,20.3,95,3.4,989.2,0,0.7,4,1007.1,0
2021-01-21 23:16:01,5,58,20.3,95,3.4,989.4,0.3,1.0,3,1007.1,0
2021-01-21 23:21:01,5,58,20.3,95,3.3,989.6,0.3,1.0,3,1007.4,0
2021-01-21 23:26:01,5,57,20.2,95,3.4,989.7,0.7,1.0,2,1007.7,0
2021-01-21 23:31:01,5,57,20.2,95,3.4,989.7,0.3,0.7,1,1008.0,0
2021-01-21 23:36:01,5,56,20.1,95,3.4,989.8,0.3,1.0,4,1008.0,0
2021-01-21 23:41:01,5,56,20.1,95,3.4,989.9,0.3,1.0,4,1008.0,0
2021-01-21 23:46:01,5,56,20.1,95,3.4,989.8,0,0.7,7,1008.0,0
2021-01-21 23:51:01,5,56,20.0,95,3.4,990.1,0.3,1.0,6,1008.3,0
2021-01-21 23:56:01,5,57,19.9,95,3.5,990.3,1.0,2.0,1,1008.3,0
