2018-07-31 00:00:00,5,53,27.4,81,20.5,1014.5,0.0,0.0,0,178.5,0
2018-07-31 00:05:00,5,53,27.4,81,20.5,1014.4,0.0,0.0,0,178.5,0
2018-07-31 00:10:00,5,53,27.0,81,20.5,1014.5,0.0,0.0,14,178.5,0
2018-07-31 00:15:00,5,53,27.0,82,20.5,1014.4,0.0,0.0,6,178.5,0
2018-07-31 00:20:00,5,53,27.0,82,20.5,1014.3,0.0,0.0,4,178.5,0
2018-07-31 00:25:00,5,53,27.0,82,20.5,1014.3,0.0,0.0,1,178.5,0
2018-07-31 00:30:00,5,53,27.0,82,20.5,1014.4,0.0,0.0,10,178.5,0
2018-07-31 00:35:00,5,53,27.0,82,20.4,1014.4,0.0,0.0,8,178.5,0
2018-07-31 00:40:00,5,53,27.0,83,20.4,1014.3,0.0,0.0,8,178.5,0
2018-07-31 00:45:00,5,53,27.0,83,20.3,1014.2,0.0,0.0,10,178.5,0
2018-07-31 00:50:00,5,53,27.0,83,20.3,1014.4,0.0,0.0,0,178.5,0
2018-07-31 00:55:00,5,53,27.0,84,20.3,1014.3,0.0,0.0,4,178.5,0
2018-07-31 01:00:00,5,53,27.0,84,20.3,1014.4,0.0,0.0,6,178.5,0
2018-07-31 01:05:00,5,53,27.0,83,20.3,1014.3,0.0,0.0,10,178.5,0
2018-07-31 01:10:00,5,53,27.0,83,20.3,1014.4,0.0,0.0,10,178.5,0
2018-07-31 01:15:00,5,53,27.0,84,20.2,1014.4,0.0,0.0,10,178.5,0
2018-07-31 01:20:00,5,54,27.0,84,20.2,1014.4,0.0,0.0,10,178.5,0
2018-07-31 01:25:00,5,54,26.9,84,20.2,1014.4,0.0,0.0,2,178.5,0
2018-07-31 01:30:00,5,55,26.9,84,20.2,1014.5,0.0,0.0,12,178.5,0
2018-07-31 01:35:00,5,55,26.9,84,20.2,1014.5,0.0,0.0,10,178.5,0
2018-07-31 01:40:00,5,55,26.9,84,20.2,1014.7,0.0,0.0,10,178.5,0
2018-07-31 01:45:00,5,55,26.9,84,20.3,1014.6,0.0,0.0,10,178.5,0
2018-07-31 01:50:00,5,55,26.9,84,20.3,1014.5,0.0,0.0,6,178.5,0
2018-07-31 01:55:00,5,55,26.9,84,20.3,1014.6,0.0,0.0,10,178.5,0
2018-07-31 02:00:00,5,55,26.9,84,20.3,1014.6,0.0,0.0,6,178.5,0
2018-07-31 02:05:00,5,55,26.9,84,20.3,1014.5,0.0,0.0,6,178.5,0
2018-07-31 02:10:00,5,55,26.9,84,20.2,1014.4,0.0,0.0,8,178.5,0
2018-07-31 02:15:00,5,55,26.9,84,20.2,1014.3,0.0,0.0,14,178.5,0
2018-07-31 02:20:00,5,55,26.9,84,20.2,1014.4,0.0,0.0,10,178.5,0
2018-07-31 02:25:00,5,55,26.8,84,20.3,1014.4,0.0,0.0,8,178.5,0
2018-07-31 02:30:00,5,55,26.8,84,20.3,1014.3,0.0,0.0,0,178.5,0
2018-07-31 02:35:00,5,55,26.8,84,20.3,1014.5,0.0,0.0,10,178.5,0
2018-07-31 02:40:00,5,55,26.8,84,20.4,1014.3,0.0,0.0,0,178.5,0
2018-07-31 02:45:00,5,55,26.8,84,20.4,1014.4,0.0,0.0,10,178.5,0
2018-07-31 02:50:00,5,55,26.7,84,20.3,1014.5,0.0,0.0,10,178.5,0
2018-07-31 02:55:00,5,55,26.7,84,20.3,1014.4,0.0,0.0,10,178.5,0
2018-07-31 03:00:00,5,55,26.7,84,20.3,1014.4,0.0,0.0,14,178.5,0
2018-07-31 03:05:00,5,55,26.7,84,20.2,1014.3,0.0,0.0,8,178.5,0
2018-07-31 03:10:00,5,55,26.7,84,20.2,1014.4,0.0,0.0,8,178.5,0
2018-07-31 03:15:00,5,56,26.7,84,20.2,1014.3,0.0,0.0,8,178.5,0
2018-07-31 03:20:00,5,56,26.7,85,20.2,1014.3,0.0,0.0,8,178.5,0
2018-07-31 03:25:00,5,56,26.7,85,20.1,1014.4,0.0,0.0,8,178.5,0
2018-07-31 03:30:00,5,56,26.7,85,20.1,1014.3,0.0,0.0,8,178.5,0
2018-07-31 03:35:00,5,56,26.7,85,20.1,1014.4,0.0,0.0,8,178.5,0
2018-07-31 03:40:00,5,56,26.7,85,20.0,1014.3,0.0,0.0,8,178.5,0
2018-07-31 03:45:00,5,56,26.7,85,20.0,1014.4,0.0,0.0,8,178.5,0
2018-07-31 03:50:00,5,56,26.7,85,20.0,1014.4,0.0,0.0,8,178.5,0
2018-07-31 03:55:00,5,56,26.7,85,20.0,1014.3,0.0,0.0,8,178.5,0
2018-07-31 04:00:00,5,56,26.7,87,19.9,1014.3,0.0,0.0,8,178.5,0
2018-07-31 04:05:00,5,56,26.7,87,19.9,1014.5,0.0,0.0,8,178.5,0
2018-07-31 04:10:00,5,56,26.6,87,19.8,1014.4,0.0,0.0,8,178.5,0
2018-07-31 04:15:00,5,56,26.6,87,19.8,1014.4,0.0,0.0,8,178.5,0
2018-07-31 04:20:00,5,56,26.6,87,19.7,1014.2,0.0,0.0,8,178.5,0
2018-07-31 04:25:00,5,56,26.6,87,19.7,1014.3,0.0,0.0,4,178.5,0
2018-07-31 04:30:00,5,56,26.5,88,19.7,1014.3,0.0,0.0,2,178.5,0
2018-07-31 04:35:00,5,56,26.5,88,19.7,1014.4,0.0,0.0,2,178.5,0
2018-07-31 04:40:00,5,56,26.5,88,19.7,1014.0,0.0,0.0,8,178.5,0
2018-07-31 04:45:00,5,56,26.5,88,19.8,1014.1,0.0,0.0,2,178.5,0
2018-07-31 04:50:00,5,56,26.5,88,19.9,1014.2,0.0,0.0,12,178.5,0
2018-07-31 04:55:00,5,56,26.5,87,20.0,1014.2,0.0,0.0,10,178.5,0
2018-07-31 05:00:00,5,56,26.5,87,20.1,1014.2,0.0,0.0,10,178.5,0
2018-07-31 05:05:00,5,56,26.5,87,20.3,1014.3,0.0,0.0,10,178.5,0
2018-07-31 05:10:00,5,56,26.5,87,20.4,1014.3,0.0,0.0,10,178.5,0
2018-07-31 05:15:00,5,56,26.5,87,20.5,1014.2,0.0,0.0,0,178.5,0
2018-07-31 05:20:00,5,56,26.5,87,20.7,1014.0,0.0,0.0,2,178.5,0
2018-07-31 05:25:00,5,56,26.5,86,20.8,1013.9,0.0,0.0,2,178.5,0
2018-07-31 05:30:00,5,56,26.5,85,20.9,1013.6,0.0,0.0,10,178.5,0
2018-07-31 05:35:00,5,56,26.6,83,21.1,1013.6,0.0,0.0,12,178.5,0
2018-07-31 05:40:00,5,56,26.6,82,21.3,1013.8,0.0,0.0,2,178.5,0
2018-07-31 05:45:00,5,56,26.6,82,21.4,1013.5,0.0,0.0,0,178.5,0
2018-07-31 05:50:00,5,56,26.6,82,21.7,1013.6,0.0,0.0,2,178.5,0
2018-07-31 05:55:00,5,56,26.6,81,21.9,1013.5,0.0,0.0,0,178.5,0
2018-07-31 06:00:00,5,56,26.6,79,22.1,1013.6,0.3,0.7,12,178.5,0
2018-07-31 06:05:00,5,56,26.6,79,22.1,1013.6,0.3,0.7,12,178.5,0
2018-07-31 06:10:00,5,56,26.6,78,22.2,1013.7,0.0,0.0,2,178.5,0
2018-07-31 06:15:00,5,56,26.7,78,22.4,1013.7,0.0,0.0,14,178.5,0
2018-07-31 06:20:00,5,56,26.7,78,22.7,1013.6,0.0,0.0,14,178.5,0
2018-07-31 06:25:00,5,56,26.8,76,23.0,1013.6,0.0,0.3,0,178.5,0
2018-07-31 06:30:00,5,56,26.9,76,23.3,1013.6,0.0,0.0,2,178.5,0
2018-07-31 06:35:00,5,55,27.0,74,23.7,1013.6,0.3,1.0,2,178.5,0
2018-07-31 06:40:00,5,55,27.0,73,24.2,1013.5,0.0,0.7,2,178.5,0
2018-07-31 06:45:00,5,54,27.0,71,24.2,1013.4,0.0,0.0,2,178.5,0
2018-07-31 06:50:00,5,54,27.0,71,24.0,1013.4,0.3,1.0,14,178.5,0
2018-07-31 06:55:00,5,54,27.0,73,23.9,1013.4,0.3,1.0,2,178.5,0
2018-07-31 07:00:00,5,54,27.0,73,23.8,1013.4,0.7,1.4,2,178.5,0
2018-07-31 07:05:00,5,54,27.0,73,23.8,1013.5,0.3,1.0,4,178.5,0
2018-07-31 07:10:00,5,54,27.0,73,23.8,1013.7,0.7,1.4,1,178.5,0
2018-07-31 07:15:00,5,54,27.0,73,23.9,1013.8,0.7,1.7,10,178.5,0
2018-07-31 07:20:00,5,54,27.4,72,24.0,1013.8,1.0,1.7,8,178.5,0
2018-07-31 07:25:00,5,54,27.4,73,23.9,1013.9,0.7,1.4,12,178.5,0
2018-07-31 07:30:00,5,54,27.4,73,23.6,1013.9,1.0,2.0,0,178.5,0
2018-07-31 07:35:00,5,55,27.4,74,23.9,1013.8,1.4,2.4,8,178.5,0
2018-07-31 07:40:00,5,54,27.6,72,24.3,1013.7,0.7,1.0,2,178.5,0
2018-07-31 07:45:00,5,54,27.7,70,25.2,1013.5,1.0,2.4,12,178.5,0
2018-07-31 07:50:00,5,54,28.0,66,25.5,1013.4,1.0,1.7,4,178.5,0
2018-07-31 07:55:00,5,54,28.0,66,25.2,1013.2,1.0,1.7,8,178.5,0
2018-07-31 08:00:00,5,54,28.3,66,25.7,1012.9,0.7,1.7,14,178.5,0
2018-07-31 08:05:00,5,54,28.6,66,25.7,1012.8,0.7,1.7,14,178.5,0
2018-07-31 08:10:00,5,53,28.9,61,26.9,1012.7,2.0,3.1,10,178.5,0
2018-07-31 08:15:00,5,52,29.1,60,26.5,1012.7,0.7,2.4,8,178.5,0
2018-07-31 08:20:00,5,51,29.1,60,25.9,1012.8,2.0,2.7,8,178.5,0
2018-07-31 08:25:00,5,52,29.2,61,25.9,1012.6,1.4,2.4,8,178.5,0
2018-07-31 08:30:00,5,51,29.3,59,26.6,1012.4,1.7,2.7,13,178.5,0
2018-07-31 08:35:00,5,51,29.4,59,26.3,1012.5,1.4,2.4,10,178.5,0
2018-07-31 08:40:00,5,51,29.6,59,26.9,1012.4,1.7,3.1,8,178.5,0
2018-07-31 08:45:00,5,51,29.7,58,26.8,1012.4,2.0,3.4,12,178.5,0
2018-07-31 08:50:00,5,51,29.6,60,26.4,1012.6,2.4,3.7,8,178.5,0
2018-07-31 08:55:00,5,51,29.5,60,26.5,1012.6,2.4,3.4,6,178.5,0
2018-07-31 09:00:00,5,51,29.5,59,26.4,1012.8,1.7,3.1,10,178.5,0
2018-07-31 09:05:00,5,51,29.2,59,26.0,1012.8,0.3,1.0,8,178.5,0
2018-07-31 09:10:00,5,51,29.3,59,26.9,1012.9,1.7,3.4,10,178.5,0
2018-07-31 09:15:00,5,51,29.6,53,27.7,1012.7,1.4,2.4,14,178.5,0
2018-07-31 09:20:00,5,51,29.8,49,28.0,1012.5,2.7,4.1,6,178.5,0
2018-07-31 09:25:00,5,51,29.8,48,27.6,1012.7,2.4,4.4,10,178.5,0
2018-07-31 09:30:00,5,50,30.0,48,27.7,1012.6,3.4,4.8,6,178.5,0
2018-07-31 09:35:00,5,48,29.8,50,26.9,1012.6,3.1,6.8,10,178.5,0
2018-07-31 09:40:00,5,47,29.7,51,26.5,1013.1,2.4,4.1,0,178.5,0
2018-07-31 09:45:00,5,48,29.5,48,26.3,1013.3,2.7,5.4,8,178.5,0
2018-07-31 09:50:00,5,45,29.2,50,25.9,1013.4,2.7,4.4,12,178.5,0
2018-07-31 09:55:00,5,44,29.0,50,26.2,1013.9,2.4,4.4,8,178.5,0
2018-07-31 10:00:00,5,47,28.8,54,26.3,1014.3,2.4,4.1,14,178.5,0
2018-07-31 10:05:00,5,49,28.8,54,26.3,1014.4,2.4,4.1,14,178.5,0
2018-07-31 10:10:00,5,50,28.6,54,25.5,1014.6,2.0,4.1,7,178.5,0
2018-07-31 10:15:00,5,49,28.6,50,26.0,1014.5,3.7,6.1,2,178.5,0
2018-07-31 10:20:00,5,48,28.6,48,26.0,1014.7,3.4,7.5,6,178.5,0
2018-07-31 10:25:00,5,47,28.6,51,25.6,1015.0,4.4,5.4,6,178.5,0
2018-07-31 10:30:00,5,47,28.4,51,25.9,1015.0,1.4,2.7,6,178.5,0
2018-07-31 10:35:00,5,47,28.4,50,26.0,1015.2,1.7,2.7,8,178.5,0
2018-07-31 10:40:00,5,47,28.4,52,26.0,1015.5,2.7,3.7,6,178.5,0
2018-07-31 10:45:00,5,47,28.3,50,26.1,1015.5,2.4,4.8,2,178.5,0
2018-07-31 10:50:00,5,47,28.3,51,25.9,1015.6,2.7,5.4,8,178.5,0
2018-07-31 10:55:00,5,46,28.3,51,25.9,1015.8,2.4,4.8,14,178.5,0
2018-07-31 11:00:00,5,45,28.3,50,26.0,1015.8,1.4,1.7,8,178.5,0
2018-07-31 11:05:00,5,46,28.3,50,26.2,1015.9,2.4,3.4,4,178.5,0
2018-07-31 11:10:00,5,46,28.2,52,25.6,1016.0,2.0,3.1,6,178.5,0
2018-07-31 11:15:00,5,47,28.2,52,25.5,1015.9,3.7,5.4,10,178.5,0
2018-07-31 11:20:00,5,47,28.2,54,25.2,1015.9,1.4,1.7,8,178.5,0
2018-07-31 11:25:00,5,48,28.2,51,26.1,1015.8,2.7,3.7,8,178.5,0
2018-07-31 11:30:00,5,48,28.2,50,26.3,1016.0,1.0,2.4,9,178.5,0
2018-07-31 11:35:00,5,48,28.2,50,26.7,1016.2,2.0,4.4,4,178.5,0
2018-07-31 11:40:00,5,48,28.2,50,26.7,1016.1,2.0,4.8,7,178.5,0
2018-07-31 11:45:00,5,48,28.2,50,26.0,1016.2,1.7,3.4,6,178.5,0
2018-07-31 11:50:00,5,49,28.2,51,25.5,1016.3,1.0,2.4,0,178.5,0
2018-07-31 11:55:00,5,49,28.2,51,25.5,1016.3,1.7,3.1,6,178.5,0
2018-07-31 12:00:00,5,48,28.2,52,25.2,1016.4,2.0,3.4,10,178.5,0
2018-07-31 12:05:00,5,48,28.2,52,25.2,1016.3,2.0,3.4,10,178.5,0
2018-07-31 12:10:00,5,48,28.1,52,25.1,1016.5,1.4,2.4,6,178.5,0
2018-07-31 12:15:00,5,48,28.1,52,24.9,1016.4,2.0,4.8,6,178.5,0
2018-07-31 12:20:00,5,49,28.0,53,24.8,1016.3,1.0,1.7,10,178.5,0
2018-07-31 12:25:00,5,48,28.0,50,25.5,1016.4,2.7,5.1,8,178.5,0
2018-07-31 12:30:00,5,48,28.0,49,25.6,1016.5,1.4,2.4,6,178.5,0
2018-07-31 12:35:00,5,48,28.0,48,25.6,1016.5,1.7,3.1,12,178.5,0
2018-07-31 12:40:00,5,46,28.0,46,26.3,1016.6,1.7,2.7,8,178.5,0
2018-07-31 12:45:00,5,46,28.0,44,26.8,1016.6,2.4,4.1,8,178.5,0
2018-07-31 12:50:00,5,46,28.0,44,26.8,1016.7,2.0,4.4,4,178.5,0
2018-07-31 12:55:00,5,46,27.9,44,26.9,1016.8,2.7,4.4,6,178.5,0
2018-07-31 13:00:00,5,46,27.9,41,27.1,1016.7,1.0,2.0,6,178.5,0
2018-07-31 13:05:00,5,46,27.9,40,27.3,1016.6,2.4,3.7,10,178.5,0
2018-07-31 13:10:00,5,45,27.9,40,27.3,1016.7,1.4,2.7,0,178.5,0
2018-07-31 13:15:00,5,45,27.9,40,27.2,1016.7,3.4,5.1,6,178.5,0
2018-07-31 13:20:00,5,44,28.0,40,27.2,1016.9,2.7,4.4,10,178.5,0
2018-07-31 13:25:00,5,43,27.9,38,27.4,1016.9,2.4,4.1,8,178.5,0
2018-07-31 13:30:00,5,42,27.9,39,27.1,1016.9,1.7,4.1,10,178.5,0
2018-07-31 13:35:00,5,42,27.9,39,27.1,1016.8,2.0,3.1,8,178.5,0
2018-07-31 13:40:00,5,41,27.9,39,27.2,1016.9,1.7,3.1,,178.5,2048
2018-07-31 13:45:00,5,42,27.9,38,27.0,1016.9,1.4,2.4,14,178.5,0
2018-07-31 13:50:00,5,43,28.0,40,27.3,1016.9,1.7,2.7,2,178.5,0
2018-07-31 13:55:00,5,43,28.0,41,27.9,1016.9,2.0,3.7,6,178.5,0
2018-07-31 14:00:00,5,44,28.0,40,27.8,1017.0,1.7,3.4,0,178.5,0
2018-07-31 14:05:00,5,44,28.0,40,27.8,1016.9,1.7,3.4,0,178.5,0
2018-07-31 14:10:00,5,44,28.1,41,27.0,1016.9,1.7,2.7,6,178.5,0
2018-07-31 14:15:00,5,44,28.1,43,26.9,1017.0,1.7,2.4,13,178.5,0
2018-07-31 14:20:00,5,44,28.1,42,27.3,1017.0,2.4,3.1,10,178.5,0
2018-07-31 14:25:00,5,44,28.1,41,27.7,1016.8,3.4,5.1,2,178.5,0
2018-07-31 14:30:00,5,45,28.1,42,27.1,1016.9,2.4,3.1,2,178.5,0
2018-07-31 14:35:00,5,45,28.2,42,27.0,1016.9,2.7,3.7,5,178.5,0
2018-07-31 14:40:00,5,45,28.2,44,26.9,1016.9,1.7,2.7,0,178.5,0
2018-07-31 14:45:00,5,45,28.2,42,27.3,1016.9,1.0,2.0,4,178.5,0
2018-07-31 14:50:00,5,45,28.2,41,27.3,1016.9,0.7,1.7,10,178.5,0
2018-07-31 14:55:00,5,45,28.2,42,27.0,1017.0,1.4,2.7,4,178.5,0
2018-07-31 15:00:00,5,45,28.2,42,27.3,1017.0,2.4,3.1,4,178.5,0
2018-07-31 15:05:00,5,44,28.2,41,27.5,1017.1,1.7,2.7,0,178.5,0
2018-07-31 15:10:00,5,44,28.2,40,27.2,1016.9,2.4,2.7,10,178.5,0
2018-07-31 15:15:00,5,44,28.1,40,27.0,1017.0,1.4,2.7,4,178.5,0
2018-07-31 15:20:00,5,43,28.1,40,27.1,1017.0,1.0,1.7,6,178.5,0
2018-07-31 15:25:00,5,43,28.1,39,27.1,1017.2,0.3,1.0,2,178.5,0
2018-07-31 15:30:00,5,43,28.1,39,27.3,1017.2,1.4,2.0,2,178.5,0
2018-07-31 15:35:00,5,43,28.1,39,27.2,1017.2,1.7,3.4,8,178.5,0
2018-07-31 15:40:00,5,43,28.1,39,27.4,1017.2,2.0,3.1,6,178.5,0
2018-07-31 15:45:00,5,43,28.1,41,26.7,1017.2,1.4,2.0,0,178.5,0
2018-07-31 15:50:00,5,44,28.1,42,26.0,1017.2,2.0,3.4,1,178.5,0
2018-07-31 15:55:00,5,43,28.1,43,25.5,1017.3,2.0,3.1,2,178.5,0
2018-07-31 16:00:00,5,44,28.1,44,25.2,1017.2,1.0,2.4,8,178.5,0
2018-07-31 16:05:00,5,44,28.1,44,25.2,1017.3,1.0,2.4,8,178.5,0
2018-07-31 16:10:00,5,44,28.1,44,25.1,1017.4,0.3,0.7,4,178.5,0
2018-07-31 16:15:00,5,44,28.1,44,25.1,1017.3,1.0,1.7,12,178.5,0
2018-07-31 16:20:00,5,44,28.1,46,24.9,1017.4,1.4,2.0,2,178.5,0
2018-07-31 16:25:00,5,44,28.1,46,24.5,1017.3,0.7,1.0,2,178.5,0
2018-07-31 16:30:00,5,44,28.1,47,24.5,1017.4,1.7,2.4,4,178.5,0
2018-07-31 16:35:00,5,44,28.0,47,24.5,1017.4,0.7,1.7,4,178.5,0
2018-07-31 16:40:00,5,44,28.0,48,24.6,1017.5,0.7,1.4,2,178.5,0
2018-07-31 16:45:00,5,44,28.0,47,24.6,1017.5,1.7,2.4,4,178.5,0
2018-07-31 16:50:00,5,44,28.0,48,24.3,1017.5,2.0,4.8,8,178.5,0
2018-07-31 16:55:00,5,44,28.0,48,24.1,1017.7,1.7,2.7,2,178.5,0
2018-07-31 17:00:00,5,45,28.0,48,24.0,1017.6,1.7,2.4,9,178.5,0
2018-07-31 17:05:00,5,45,28.0,49,24.0,1017.7,0.7,1.4,6,178.5,0
2018-07-31 17:10:00,5,45,28.0,49,24.0,1017.7,1.0,2.0,2,178.5,0
2018-07-31 17:15:00,5,45,28.0,49,24.0,1017.7,1.7,2.4,2,178.5,0
2018-07-31 17:20:00,5,46,27.9,49,23.8,1017.7,0.7,1.0,4,178.5,0
2018-07-31 17:25:00,5,46,27.9,50,23.7,1017.8,0.7,1.0,4,178.5,0
2018-07-31 17:30:00,5,46,27.9,50,23.6,1017.9,1.0,2.4,14,178.5,0
2018-07-31 17:35:00,5,46,27.8,49,23.4,1017.9,1.0,2.4,10,178.5,0
2018-07-31 17:40:00,5,46,27.8,47,23.3,1017.8,0.7,1.7,6,178.5,0
2018-07-31 17:45:00,5,46,27.8,47,23.4,1017.8,1.0,2.4,6,178.5,0
2018-07-31 17:50:00,5,46,27.8,46,23.3,1018.1,0.3,0.7,8,178.5,0
2018-07-31 17:55:00,5,46,27.8,46,23.3,1018.0,0.3,0.7,6,178.5,0
2018-07-31 18:00:00,5,47,27.7,47,23.3,1018.3,1.0,1.7,8,178.5,0
2018-07-31 18:05:00,5,47,27.7,47,23.3,1018.1,1.0,1.7,8,178.5,0
2018-07-31 18:10:00,5,47,27.6,47,23.3,1018.2,1.7,2.0,10,178.5,0
2018-07-31 18:15:00,5,47,27.6,47,23.2,1018.2,0.0,0.0,8,178.5,0
2018-07-31 18:20:00,5,48,27.6,47,23.2,1018.2,1.4,1.7,4,178.5,0
2018-07-31 18:25:00,5,48,27.6,48,23.1,1018.2,0.0,0.3,10,178.5,0
2018-07-31 18:30:00,5,45,27.6,48,23.1,1018.3,0.3,1.0,6,178.5,0
2018-07-31 18:35:00,5,44,27.6,49,23.1,1018.2,0.7,1.4,12,178.5,0
2018-07-31 18:40:00,5,43,27.6,49,23.0,1018.4,1.0,2.0,0,178.5,0
2018-07-31 18:45:00,5,42,27.5,48,22.8,1018.4,0.7,1.4,2,178.5,0
2018-07-31 18:50:00,5,42,27.5,48,22.6,1018.5,0.7,1.0,10,178.5,0
2018-07-31 18:55:00,5,41,27.5,49,22.6,1018.6,0.3,0.7,2,178.5,0
2018-07-31 19:00:00,5,41,27.5,49,22.5,1018.6,0.3,1.0,8,178.5,0
2018-07-31 19:05:00,5,40,27.4,51,22.5,1018.8,1.0,1.4,0,178.5,0
2018-07-31 19:10:00,5,40,27.4,52,22.3,1018.9,0.0,0.7,0,178.5,0
2018-07-31 19:15:00,5,41,27.0,53,22.1,1018.9,0.3,1.0,2,178.5,0
2018-07-31 19:20:00,5,41,27.0,54,22.0,1018.8,0.3,0.7,0,178.5,0
2018-07-31 19:25:00,5,41,27.0,55,21.8,1019.0,0.7,1.0,4,178.5,0
2018-07-31 19:30:00,5,42,26.9,55,21.7,1019.1,0.7,1.7,2,178.5,0
2018-07-31 19:35:00,5,42,26.9,56,21.6,1019.1,1.0,1.7,2,178.5,0
2018-07-31 19:40:00,5,41,26.9,56,21.5,1019.4,0.3,0.7,5,178.5,0
2018-07-31 19:45:00,5,41,26.8,56,21.4,1019.4,0.3,0.7,14,178.5,0
2018-07-31 19:50:00,5,41,26.7,56,21.3,1019.5,0.0,0.3,2,178.5,0
2018-07-31 19:55:00,5,41,26.7,55,21.2,1019.6,0.0,0.3,0,178.5,0
2018-07-31 20:00:00,5,41,26.7,55,21.1,1019.8,0.0,0.0,14,178.5,0
2018-07-31 20:05:00,5,41,26.6,55,21.1,1019.9,0.0,0.0,14,178.5,0
2018-07-31 20:10:00,5,41,26.6,54,21.0,1019.8,0.0,0.0,2,178.5,0
2018-07-31 20:15:00,5,41,26.5,56,20.8,1019.9,0.0,0.3,14,178.5,0
2018-07-31 20:20:00,5,41,26.5,57,20.7,1019.9,0.0,0.3,4,178.5,0
2018-07-31 20:25:00,5,41,26.5,59,20.5,1020.0,0.3,0.7,0,178.5,0
2018-07-31 20:30:00,5,41,26.4,61,20.5,1020.0,0.0,0.3,12,178.5,0
2018-07-31 20:35:00,5,41,26.4,61,20.4,1020.0,0.0,0.0,12,178.5,0
2018-07-31 20:40:00,5,42,26.4,62,20.3,1020.1,0.0,0.3,8,178.5,0
2018-07-31 20:45:00,5,42,26.4,62,20.2,1020.1,0.0,0.0,0,178.5,0
2018-07-31 20:50:00,5,42,26.4,63,20.1,1020.1,0.0,0.3,4,178.5,0
2018-07-31 20:55:00,5,43,26.4,64,19.9,1020.0,0.0,0.0,12,178.5,0
2018-07-31 21:00:00,5,43,26.4,65,19.9,1020.2,0.0,0.0,2,178.5,0
2018-07-31 21:05:00,5,43,26.4,65,19.8,1020.2,0.0,0.0,2,178.5,0
2018-07-31 21:10:00,5,44,26.4,65,19.7,1020.2,0.0,0.0,12,178.5,0
2018-07-31 21:15:00,5,44,26.4,66,19.6,1020.2,0.0,0.0,14,178.5,0
2018-07-31 21:20:00,5,45,26.4,66,19.5,1020.3,0.0,0.0,2,178.5,0
2018-07-31 21:25:00,5,45,26.4,66,19.5,1020.4,0.3,0.7,0,178.5,0
2018-07-31 21:30:00,5,46,26.4,66,19.4,1020.4,0.0,0.0,0,178.5,0
2018-07-31 21:35:00,5,46,26.4,66,19.3,1020.5,0.0,0.0,14,178.5,0
2018-07-31 21:40:00,5,46,26.4,66,19.2,1020.4,0.0,0.0,2,178.5,0
2018-07-31 21:45:00,5,46,26.4,66,19.1,1020.5,0.0,0.0,0,178.5,0
2018-07-31 21:50:00,5,46,26.4,66,19.1,1020.6,0.0,0.0,2,178.5,0
2018-07-31 21:55:00,5,47,26.4,66,19.0,1020.5,0.0,0.0,2,178.5,0
2018-07-31 22:00:00,5,47,26.4,66,19.0,1020.3,0.0,0.0,2,178.5,0
2018-07-31 22:05:00,5,47,26.4,66,19.0,1020.5,0.0,0.0,2,178.5,0
2018-07-31 22:10:00,5,47,26.4,68,18.8,1020.6,0.0,0.0,2,178.5,0
2018-07-31 22:15:00,5,47,26.4,68,18.8,1020.7,0.0,0.0,2,178.5,0
2018-07-31 22:20:00,5,47,26.4,69,18.8,1020.8,0.0,0.0,4,178.5,0
2018-07-31 22:25:00,5,47,26.4,69,18.8,1020.8,0.0,0.0,12,178.5,0
2018-07-31 22:30:00,5,48,26.4,69,18.7,1020.8,0.0,0.0,12,178.5,0
2018-07-31 22:35:00,5,48,26.4,70,18.6,1020.8,0.0,0.0,12,178.5,0
2018-07-31 22:40:00,5,48,26.4,70,18.7,1020.6,0.0,0.0,12,178.5,0
2018-07-31 22:45:00,5,48,26.4,71,18.7,1020.8,0.0,0.0,12,178.5,0
2018-07-31 22:50:00,5,49,26.4,72,18.7,1020.8,0.0,0.0,12,178.5,0
2018-07-31 22:55:00,5,49,26.4,72,18.7,1020.8,0.0,0.0,12,178.5,0
2018-07-31 23:00:00,5,49,26.4,72,18.7,1020.8,0.0,0.0,12,178.5,0
2018-07-31 23:05:00,5,49,26.4,72,18.7,1020.8,0,0,0,178.5,0
2018-07-31 23:10:00,5,49,26.4,73,18.6,1020.9,0,0,2,178.5,0
2018-07-31 23:15:00,5,49,26.4,73,18.4,1020.9,0,0,4,178.5,0
2018-07-31 23:20:00,5,50,25.5,73,18.3,1020.9,0,0,4,178.5,0
2018-07-31 23:25:00,5,50,25.5,74,18.1,1021.0,0,0,4,178.5,0
2018-07-31 23:30:00,5,50,25.5,74,18.1,1021.0,0,0,4,178.5,0
2018-07-31 23:35:00,5,50,25.5,74,18.0,1021.0,0,0,2,178.5,0
2018-07-31 23:40:00,5,50,25.5,75,18.0,1021.0,0,0,2,178.5,0
2018-07-31 23:45:00,5,50,25.5,75,17.9,1021.0,0,0,2,178.5,0
2018-07-31 23:50:00,5,50,25.5,75,17.8,1021.0,0,0,2,178.5,0
2018-07-31 23:55:00,5,50,25.5,76,17.7,1020.9,0,0,2,178.5,0
