2021-09-10 00:03:23,5,65,24.4,89,19.5,1012.3,0.0,0.7,12,1649.1,0
2021-09-10 00:08:23,5,65,24.4,90,19.6,1012.3,0.0,0.0,13,1649.1,0
2021-09-10 00:13:23,5,65,24.4,90,19.6,1012.4,0.0,0.0,6,1649.1,0
2021-09-10 00:18:23,5,65,24.4,90,19.6,1012.3,0.0,0.0,10,1649.1,0
2021-09-10 00:23:23,5,65,24.4,90,19.6,1012.3,0.3,1.0,9,1649.1,0
2021-09-10 00:28:24,5,65,24.4,90,19.6,1012.3,0.0,0.7,8,1649.1,0
2021-09-10 00:33:24,5,65,24.4,90,19.5,1012.3,0.3,0.7,10,1649.1,0
2021-09-10 00:38:24,5,65,24.4,90,19.5,1012.4,0.0,0.7,10,1649.1,0
2021-09-10 00:43:24,5,65,24.4,90,19.4,1012.3,0.0,0.7,10,1649.1,0
2021-09-10 00:48:24,5,65,24.4,90,19.4,1012.3,0.0,0.0,9,1649.1,0
2021-09-10 00:53:24,5,65,24.4,91,19.3,1012.2,0.0,0.7,10,1649.1,0
2021-09-10 00:58:24,5,65,24.4,91,19.3,1012.2,0.0,0.0,7,1649.1,0
2021-09-10 01:03:24,5,65,24.3,91,19.1,1012.2,0.0,0.0,5,1649.1,0
2021-09-10 01:08:24,5,66,24.3,91,19.1,1012.1,0.0,0.0,10,1649.1,0
2021-09-10 01:13:24,5,66,24.3,91,19.1,1012.3,0.0,0.0,10,1649.1,0
2021-09-10 01:18:24,5,66,24.3,92,19.1,1012.2,0.3,0.7,10,1649.1,0
2021-09-10 01:23:24,5,66,24.3,92,19.1,1012.2,0.0,0.0,11,1649.1,0
2021-09-10 01:28:24,5,66,24.3,92,19.1,1012.2,0.0,0.0,2,1649.1,0
2021-09-10 01:33:24,5,66,24.3,92,19.1,1012.2,0.0,0.0,9,1649.1,0
2021-09-10 01:38:24,5,66,24.3,92,19.0,1012.1,0.0,0.0,1,1649.1,0
2021-09-10 01:43:24,5,66,24.3,92,19.0,1012.1,0.0,0.0,9,1649.1,0
2021-09-10 01:48:24,5,66,24.3,92,19.0,1012.1,0.0,0.0,9,1649.1,0
2021-09-10 01:53:24,5,66,24.3,92,19.0,1012.2,0.0,0.7,14,1649.1,0
2021-09-10 01:58:24,5,66,24.3,93,19.0,1012.2,0.0,0.0,9,1649.1,0
2021-09-10 02:03:24,5,66,24.3,93,19.0,1012.2,0.0,0.0,9,1649.1,0
2021-09-10 02:08:24,5,66,24.2,93,19.1,1012.2,0.0,0.0,9,1649.1,0
2021-09-10 02:13:24,5,66,24.2,92,19.1,1012.3,0.0,0.0,9,1649.1,0
2021-09-10 02:18:24,5,66,24.2,92,19.1,1012.4,0.0,0.7,8,1649.1,0
2021-09-10 02:23:24,5,66,24.2,92,19.2,1012.3,0.0,0.0,2,1649.1,0
2021-09-10 02:28:24,5,66,24.2,92,19.2,1012.3,0.0,0.0,9,1649.1,0
2021-09-10 02:33:24,5,66,24.1,92,19.2,1012.3,0.0,0.7,9,1649.1,0
2021-09-10 02:38:24,5,66,24.1,92,19.2,1012.4,0.0,0.0,9,1649.1,0
2021-09-10 02:43:24,5,67,24.1,92,19.2,1012.2,0.0,0.0,9,1649.1,0
2021-09-10 02:48:24,5,67,24.1,92,19.2,1012.3,0.0,0.0,9,1649.1,0
2021-09-10 02:53:24,5,67,24.1,92,19.2,1012.4,0.3,0.7,9,1649.1,0
2021-09-10 02:58:24,5,67,24.1,92,19.2,1012.4,0.0,0.0,9,1649.1,0
2021-09-10 03:03:24,5,67,24.1,92,19.2,1012.5,0.0,0.7,5,1649.1,0
2021-09-10 03:08:24,5,67,24.1,92,19.2,1012.4,0.0,0.0,5,1649.1,0
2021-09-10 03:13:24,5,67,24.1,92,19.2,1012.4,0.0,0.7,5,1649.1,0
2021-09-10 03:18:24,5,67,24.1,92,19.2,1012.5,0.0,0.0,5,1649.1,0
2021-09-10 03:23:24,5,67,24.1,92,19.2,1012.4,0.0,0.0,5,1649.1,0
2021-09-10 03:28:24,5,67,24.1,92,19.2,1012.4,0.0,0.0,5,1649.1,0
2021-09-10 03:33:24,5,67,24.1,92,19.2,1012.5,0.0,0.0,9,1649.1,0
2021-09-10 03:38:24,5,67,24.1,92,19.2,1012.4,0.0,0.7,7,1649.1,0
2021-09-10 03:43:24,5,67,24.1,92,19.2,1012.3,0.0,0.7,5,1649.1,0
2021-09-10 03:48:24,5,67,24.1,92,19.2,1012.4,0.0,0.0,6,1649.1,0
2021-09-10 03:53:24,5,67,24.1,92,19.2,1012.3,0.0,0.0,10,1649.1,0
2021-09-10 03:58:24,5,67,24.1,92,19.2,1012.3,0.0,0.0,9,1649.1,0
2021-09-10 04:03:24,5,67,24.1,92,19.2,1012.4,0.0,0.7,8,1649.1,0
2021-09-10 04:08:24,5,67,24.1,92,19.2,1012.4,0.0,0.0,9,1649.1,0
2021-09-10 04:13:24,5,67,24.1,92,19.2,1012.5,0.0,0.0,9,1649.1,0
2021-09-10 04:18:24,5,67,24.1,92,19.1,1012.4,0.0,0.0,7,1649.1,0
2021-09-10 04:23:24,5,67,24.1,92,19.1,1012.4,0.0,0.7,9,1649.1,0
2021-09-10 04:28:24,5,67,24.1,92,19.1,1012.5,0.0,0.7,7,1649.1,0
2021-09-10 04:33:24,5,67,24.1,92,19.2,1012.4,0.0,0.0,8,1649.1,0
2021-09-10 04:38:24,5,67,24.1,92,19.1,1012.4,0.0,0.0,8,1649.1,0
2021-09-10 04:43:24,5,67,24.1,92,19.1,1012.4,0.0,0.0,8,1649.1,0
2021-09-10 04:48:24,5,67,24.1,92,19.1,1012.4,0.0,0.0,8,1649.1,0
2021-09-10 04:53:24,5,67,24.1,92,19.1,1012.4,0.0,0.0,8,1649.1,0
2021-09-10 04:58:24,5,67,24.1,92,19.1,1012.5,0.0,0.0,8,1649.1,0
2021-09-10 05:03:24,5,67,24.1,92,19.1,1012.6,0.0,0.0,8,1649.1,0
2021-09-10 05:08:24,5,67,24.0,92,19.0,1012.4,0.0,0.0,8,1649.1,0
2021-09-10 05:13:24,5,67,24.0,92,19.0,1012.4,0.0,0.0,8,1649.1,0
2021-09-10 05:18:24,5,67,24.0,92,19.0,1012.5,0.0,0.0,8,1649.1,0
2021-09-10 05:23:24,5,67,24.0,92,18.9,1012.7,0.0,0.0,8,1649.1,0
2021-09-10 05:28:24,5,67,24.0,92,18.8,1012.6,0.0,0.0,8,1649.1,0
2021-09-10 05:33:24,5,67,24.0,92,18.8,1012.6,0.0,0.0,7,1649.1,0
2021-09-10 05:38:24,5,67,24.0,92,18.7,1012.7,0.0,0.0,7,1649.1,0
2021-09-10 05:43:24,5,67,24.0,92,18.6,1012.7,0.0,0.0,7,1649.1,0
2021-09-10 05:48:24,5,67,24.0,93,18.6,1012.8,0.0,0.0,7,1649.1,0
2021-09-10 05:53:24,5,67,24.0,93,18.6,1012.9,0.0,0.0,7,1649.1,0
2021-09-10 05:58:24,5,67,24.0,93,18.6,1013.0,0.0,0.0,7,1649.1,0
2021-09-10 06:03:24,5,67,24.0,93,18.6,1013.0,0.0,0.0,7,1649.1,0
2021-09-10 06:08:24,5,67,24.1,92,18.7,1013.1,0.3,0.7,7,1649.1,0
2021-09-10 06:13:24,5,67,24.1,92,18.8,1013.1,0.0,0.7,9,1649.1,0
2021-09-10 06:18:24,5,67,24.1,92,18.7,1013.1,0.0,0.0,6,1649.1,0
2021-09-10 06:23:24,5,67,24.1,91,18.8,1013.1,0.0,0.0,8,1649.1,0
2021-09-10 06:28:24,5,67,24.1,91,18.8,1013.2,0.0,0.0,9,1649.1,0
2021-09-10 06:33:24,5,67,24.1,91,19.0,1013.3,0.0,0.0,7,1649.1,0
2021-09-10 06:38:24,5,67,24.1,91,19.1,1013.2,0.0,0.0,8,1649.1,0
2021-09-10 06:43:24,5,67,24.2,91,19.1,1013.3,0.0,0.0,8,1649.1,0
2021-09-10 06:48:24,5,67,24.3,91,19.2,1013.3,0.0,0.0,7,1649.1,0
2021-09-10 06:53:24,5,67,24.3,91,19.1,1013.3,0.0,0.0,6,1649.1,0
2021-09-10 06:58:24,5,66,24.3,91,19.2,1013.2,0.0,0.0,8,1649.1,0
2021-09-10 07:03:24,5,66,24.3,91,19.3,1013.4,0.0,0.0,8,1649.1,0
2021-09-10 07:08:24,5,66,24.3,90,19.3,1013.4,0.0,0.0,7,1649.1,0
2021-09-10 07:13:24,5,66,24.3,90,19.4,1013.4,0.0,0.0,5,1649.1,0
2021-09-10 07:18:24,5,66,24.4,89,19.5,1013.4,0.3,0.7,7,1649.1,0
2021-09-10 07:23:24,5,66,24.4,89,19.6,1013.4,0.0,0.0,6,1649.1,0
2021-09-10 07:28:24,5,66,24.4,88,19.8,1013.4,0.0,0.0,7,1649.1,0
2021-09-10 07:33:24,5,66,24.4,88,19.8,1013.4,0.3,0.7,6,1649.1,0
2021-09-10 07:38:24,5,66,24.4,87,19.8,1013.4,0.7,1.0,6,1649.1,0
2021-09-10 07:43:24,5,66,24.4,87,20.0,1013.4,0.3,0.7,7,1649.1,0
2021-09-10 07:48:24,5,66,24.4,86,20.0,1013.4,0.7,1.7,7,1649.1,0
2021-09-10 07:53:24,5,66,24.5,86,20.1,1013.6,0.7,1.7,6,1649.1,0
2021-09-10 07:58:24,5,66,24.6,86,20.2,1013.4,1.0,2.0,6,1649.1,0
2021-09-10 08:03:24,5,66,24.6,86,20.4,1013.4,0.3,1.0,6,1649.1,0
2021-09-10 08:08:24,5,66,24.6,85,20.3,1013.4,1.4,2.0,7,1649.1,0
2021-09-10 08:13:24,5,66,24.7,85,20.4,1013.4,0.7,1.7,6,1649.1,0
2021-09-10 08:18:24,5,66,24.7,85,20.5,1013.3,0.3,0.7,8,1649.1,0
2021-09-10 08:23:24,5,65,24.8,85,20.4,1013.4,1.0,2.0,6,1649.1,0
2021-09-10 08:28:24,5,65,24.9,85,20.4,1013.3,1.0,1.7,7,1649.1,0
2021-09-10 08:33:24,5,65,24.9,85,20.5,1013.3,0.7,1.0,7,1649.1,0
2021-09-10 08:38:24,5,65,24.9,85,20.7,1013.3,0.3,0.7,7,1649.1,0
2021-09-10 08:43:24,5,65,24.9,85,20.8,1013.3,0.7,1.7,7,1649.1,0
2021-09-10 08:48:24,5,64,25.0,85,20.8,1013.4,0.7,1.7,14,1649.1,0
2021-09-10 08:53:24,5,64,25.0,85,20.8,1013.4,0.7,1.0,4,1649.1,0
2021-09-10 08:58:24,5,63,25.0,84,21.0,1013.4,0.7,1.7,4,1649.1,0
2021-09-10 09:03:24,5,63,25.1,84,21.1,1013.5,0.3,1.0,6,1649.1,0
2021-09-10 09:08:24,5,63,25.1,84,21.2,1013.4,1.0,2.0,5,1649.1,0
2021-09-10 09:13:24,5,63,25.1,84,21.2,1013.3,0.7,1.0,7,1649.1,0
2021-09-10 09:18:24,5,63,25.1,84,21.2,1013.4,0.7,1.0,7,1649.1,0
2021-09-10 09:23:24,5,63,25.1,84,21.1,1013.4,0.3,1.0,10,1649.1,0
2021-09-10 09:28:24,5,63,25.1,84,21.4,1013.3,0.7,1.0,4,1649.1,0
2021-09-10 09:33:24,5,63,25.1,83,21.7,1013.3,0.3,0.7,7,1649.1,0
2021-09-10 09:38:24,5,63,25.1,83,21.7,1013.3,1.0,1.0,9,1649.1,0
2021-09-10 09:43:24,5,62,25.1,83,21.6,1013.4,0.7,1.0,6,1649.1,0
2021-09-10 09:48:24,5,62,25.1,83,21.6,1013.4,1.0,2.0,8,1649.1,0
2021-09-10 09:53:24,5,62,25.1,83,21.6,1013.5,1.0,1.7,9,1649.1,0
2021-09-10 09:58:23,5,62,25.1,82,22.1,1013.2,1.0,1.7,11,1649.1,0
2021-09-10 10:03:23,5,62,25.1,81,22.3,1013.2,1.0,1.7,7,1649.1,0
2021-09-10 10:08:23,5,62,25.1,81,22.4,1013.1,0.7,1.7,6,1649.1,0
2021-09-10 10:13:23,5,62,25.1,81,22.2,1013.2,0.7,1.7,11,1649.1,0
2021-09-10 10:18:23,5,62,25.1,81,22.3,1013.2,0.7,1.0,7,1649.1,0
2021-09-10 10:23:23,5,62,25.1,81,22.3,1013.2,0.3,1.0,7,1649.1,0
2021-09-10 10:28:23,5,62,25.1,81,22.3,1013.3,0.3,0.7,6,1649.1,0
2021-09-10 10:33:23,5,62,25.1,81,22.3,1013.4,0.7,1.7,7,1649.1,0
2021-09-10 10:38:23,5,62,25.1,82,22.0,1013.4,0.7,1.0,6,1649.1,0
2021-09-10 10:43:23,5,62,25.1,82,22.1,1013.4,0.3,1.0,7,1649.1,0
2021-09-10 10:48:23,5,62,25.1,81,22.2,1013.4,1.0,2.0,7,1649.1,0
2021-09-10 10:53:23,5,62,25.1,80,22.2,1013.4,0.7,1.7,5,1649.1,0
2021-09-10 10:58:23,5,62,25.1,79,22.3,1013.2,0.7,1.7,7,1649.1,0
2021-09-10 11:03:23,5,62,25.1,79,22.4,1013.1,0.7,1.7,7,1649.1,0
2021-09-10 11:08:23,5,62,25.1,79,22.6,1013.3,0.7,1.0,6,1649.1,0
2021-09-10 11:13:23,5,62,25.1,79,22.3,1013.2,0.7,1.0,8,1649.1,0
2021-09-10 11:18:23,5,62,25.1,79,22.5,1013.1,1.0,2.0,8,1649.1,0
2021-09-10 11:23:23,5,62,25.1,78,22.6,1013.1,1.0,2.0,7,1649.1,0
2021-09-10 11:28:23,5,62,25.1,78,22.7,1012.9,0.7,1.7,6,1649.1,0
2021-09-10 11:33:23,5,62,25.1,78,23.0,1012.9,0.3,0.7,7,1649.1,0
2021-09-10 11:38:23,5,62,25.1,78,22.7,1013.0,1.0,2.7,8,1649.1,0
2021-09-10 11:43:23,5,62,25.1,78,22.5,1012.9,1.7,3.1,5,1649.1,0
2021-09-10 11:48:23,5,62,25.1,79,22.3,1012.9,1.0,2.0,7,1649.1,0
2021-09-10 11:53:23,5,62,25.1,79,22.4,1012.8,0.7,1.7,7,1649.1,0
2021-09-10 11:58:23,5,62,25.1,79,22.3,1012.7,0.3,1.0,6,1649.1,0
2021-09-10 12:03:23,5,62,25.1,79,22.3,1012.9,0.3,1.0,7,1649.1,0
2021-09-10 12:08:23,5,62,25.1,80,22.2,1013.1,0.0,0.7,6,1649.1,0
2021-09-10 12:13:23,5,62,25.1,80,22.1,1013.1,0.3,1.0,5,1649.1,0
2021-09-10 12:18:23,5,62,25.1,80,22.0,1012.9,0.3,1.0,7,1649.1,0
2021-09-10 12:23:23,5,62,25.1,79,22.0,1013.1,1.0,2.0,10,1649.1,0
2021-09-10 12:28:23,5,62,25.1,80,22.0,1013.1,0.3,0.7,7,1649.1,0
2021-09-10 12:33:23,5,62,25.1,80,22.0,1013.1,1.0,1.7,6,1649.1,0
2021-09-10 12:38:23,5,62,25.1,80,22.1,1013.1,0.3,0.7,7,1649.1,0
2021-09-10 12:43:23,5,62,25.1,80,22.1,1013.0,0.3,0.7,6,1649.1,0
2021-09-10 12:48:23,5,62,25.1,80,22.0,1013.2,1.0,1.7,7,1649.1,0
2021-09-10 12:53:23,5,62,25.1,80,22.1,1013.2,0.7,2.0,5,1649.1,0
2021-09-10 12:58:23,5,62,25.1,81,22.1,1013.1,0.0,0.7,6,1649.1,0
2021-09-10 13:03:23,5,62,25.1,82,22.0,1013.1,0.3,1.7,6,1649.1,0
2021-09-10 13:08:23,5,62,25.1,82,21.7,1013.2,0.0,1.0,5,1649.1,0
2021-09-10 13:13:23,5,62,25.1,83,21.6,1013.2,0.3,1.0,8,1649.1,0
2021-09-10 13:18:23,5,62,25.1,82,21.7,1013.1,0.3,0.7,8,1649.1,0
2021-09-10 13:23:23,5,62,25.1,81,21.8,1013.1,0.3,1.0,7,1649.1,0
2021-09-10 13:35:23,5,62,25.1,81,22.0,1013.2,0.3,0.7,8,1649.1,0
2021-09-10 13:38:23,5,63,25.1,80,22.1,1013.1,0.3,1.0,6,1649.1,0
2021-09-10 13:43:23,5,62,25.1,79,22.2,1013.2,0.3,1.0,7,1649.1,0
2021-09-10 13:48:23,5,62,25.1,79,22.1,1013.1,0.7,1.0,6,1649.1,0
2021-09-10 13:53:23,5,62,25.1,80,22.2,1013.2,0.3,0.7,6,1649.1,0
2021-09-10 13:58:23,5,62,25.1,80,22.2,1013.1,0.0,0.7,6,1649.1,0
2021-09-10 14:03:23,5,62,25.1,81,22.2,1013.1,0.3,0.7,9,1649.1,0
2021-09-10 14:08:23,5,62,25.1,80,22.2,1013.2,0.3,0.7,8,1649.1,0
2021-09-10 14:13:23,5,62,25.1,79,22.3,1013.2,0.7,1.7,6,1649.1,0
2021-09-10 14:18:23,5,62,25.1,78,23.0,1013.1,0.3,0.7,7,1649.1,0
2021-09-10 14:23:23,5,62,25.1,77,23.2,1013.0,0.3,0.7,6,1649.1,0
2021-09-10 14:28:23,5,62,25.1,79,23.1,1012.9,0.0,0.7,7,1649.1,0
2021-09-10 14:33:23,5,62,25.1,79,23.0,1012.9,0.0,0.7,8,1649.1,0
2021-09-10 14:38:23,5,62,25.1,81,22.6,1012.9,0.0,0.7,9,1649.1,0
2021-09-10 14:43:23,5,62,25.1,80,22.6,1013.0,0.0,0.0,9,1649.1,0
2021-09-10 14:48:23,5,62,25.1,80,22.9,1012.9,0.3,1.0,9,1649.1,0
2021-09-10 14:53:23,5,62,25.1,80,22.5,1012.8,0.3,1.0,7,1649.1,0
2021-09-10 14:58:23,5,62,25.1,81,22.6,1012.9,0.3,0.7,7,1649.1,0
2021-09-10 15:03:23,5,62,25.1,80,22.4,1012.9,0.3,0.7,7,1649.1,0
2021-09-10 15:08:23,5,62,25.1,81,22.4,1013.0,0.0,0.7,6,1649.1,0
2021-09-10 15:13:23,5,63,25.1,81,22.4,1013.1,0.0,0.0,7,1649.1,0
2021-09-10 15:18:23,5,63,25.1,83,22.3,1013.1,0.0,0.7,6,1649.1,0
2021-09-10 15:23:23,5,64,25.1,85,21.6,1013.2,0.3,0.7,5,1649.1,0
2021-09-10 15:28:23,5,65,25.1,87,21.4,1013.2,0.0,0.0,6,1649.1,0
2021-09-10 15:33:23,5,65,25.1,87,21.3,1013.2,0.0,0.0,6,1649.1,0
2021-09-10 15:38:23,5,65,25.1,88,21.4,1013.1,0.0,0.0,6,1649.1,0
2021-09-10 15:43:23,5,65,25.1,87,21.7,1013.2,0.0,0.0,6,1649.1,0
2021-09-10 15:48:23,5,65,25.1,86,22.0,1013.1,0.0,0.0,6,1649.1,0
2021-09-10 15:53:23,5,65,25.1,85,22.0,1013.0,0.0,0.0,6,1649.1,0
2021-09-10 15:58:23,5,65,25.1,84,22.1,1013.0,0.0,0.7,6,1649.1,0
2021-09-10 16:03:23,5,65,25.1,84,22.3,1012.8,0.0,0.0,6,1649.1,0
2021-09-10 16:08:24,5,65,25.1,83,22.2,1012.9,0.0,0.7,6,1649.1,0
2021-09-10 16:13:24,5,64,25.1,84,22.0,1012.8,0.0,0.0,6,1649.1,0
2021-09-10 16:18:24,5,64,25.1,84,21.8,1012.9,0.0,0.0,6,1649.1,0
2021-09-10 16:23:24,5,64,25.1,85,21.8,1012.8,0.0,0.0,6,1649.1,0
2021-09-10 16:28:24,5,64,25.1,86,21.6,1012.8,0.0,0.0,6,1649.1,0
2021-09-10 16:33:24,5,64,25.1,86,21.6,1012.8,0.0,0.0,6,1649.1,0
2021-09-10 16:38:24,5,64,25.1,86,21.8,1012.9,0.0,0.0,6,1649.1,0
2021-09-10 16:43:24,5,64,25.1,86,21.7,1012.9,0.0,0.0,6,1649.1,0
2021-09-10 16:48:24,5,64,25.1,87,21.7,1013.0,0.0,0.0,6,1649.4,0
2021-09-10 16:53:24,5,65,25.1,87,21.6,1012.9,0.0,0.0,6,1649.4,0
2021-09-10 16:58:24,5,65,25.1,89,21.3,1013.1,0.0,0.0,6,1650.0,0
2021-09-10 17:03:24,5,65,25.1,89,21.2,1013.1,0.0,0.0,6,1650.0,0
2021-09-10 17:08:24,5,65,25.1,90,21.2,1013.0,0.0,0.0,6,1650.0,0
2021-09-10 17:13:24,5,65,25.1,90,21.0,1013.1,0.0,0.0,6,1650.0,0
2021-09-10 17:18:24,5,65,25.1,91,21.0,1013.2,0.0,0.0,6,1650.0,0
2021-09-10 17:23:24,5,65,25.1,91,21.0,1013.3,0.0,0.0,6,1650.0,0
2021-09-10 17:28:24,5,66,25.1,90,21.0,1013.3,0.0,0.0,6,1650.0,0
2021-09-10 17:33:24,5,66,25.1,90,20.9,1013.5,0.0,0.0,6,1650.0,0
2021-09-10 17:38:24,5,66,25.1,90,20.6,1013.5,0.0,0.0,6,1650.0,0
2021-09-10 17:43:24,5,66,25.1,90,20.6,1013.5,0.0,0.0,6,1650.0,0
2021-09-10 17:48:24,5,66,25.1,90,20.4,1013.4,0.0,0.0,6,1650.0,0
2021-09-10 17:53:24,5,66,25.1,90,20.3,1013.5,0.0,0.0,6,1650.0,0
2021-09-10 17:58:24,5,66,25.1,91,20.2,1013.6,0.0,0.0,6,1650.0,0
2021-09-10 18:03:24,5,66,25.1,91,20.1,1013.5,0.0,0.0,6,1650.0,0
2021-09-10 18:08:01,5,66,25.1,91,20.1,1013.7,0.0,0.0,6,1650.0,0
2021-09-10 18:13:01,5,66,25.1,91,19.8,1013.7,0.0,0.0,6,1650.0,0
2021-09-10 18:18:01,5,66,25.1,92,19.7,1013.8,0.0,0.0,6,1650.0,0
2021-09-10 18:23:01,5,66,25.1,92,19.6,1013.9,0.0,0.0,6,1650.0,0
2021-09-10 18:28:01,5,66,25.0,92,19.5,1013.8,0.0,0.0,6,1650.0,0
2021-09-10 18:33:01,5,66,25.0,93,19.4,1014.0,0.0,0.0,6,1650.0,0
2021-09-10 18:38:01,5,66,25.0,93,19.3,1014.2,0.0,0.0,6,1650.0,0
2021-09-10 18:43:01,5,66,25.0,93,19.2,1014.3,0.0,0.0,6,1650.0,0
2021-09-10 18:48:01,5,67,24.9,93,19.1,1014.5,0.0,0.0,6,1650.0,0
2021-09-10 18:53:01,5,68,24.9,94,19.0,1014.6,0.0,0.0,6,1650.0,0
2021-09-10 18:58:01,5,68,24.9,94,19.1,1014.7,0.0,0.0,6,1650.0,0
2021-09-10 19:03:01,5,68,24.8,94,19.1,1014.7,0.0,0.0,6,1650.0,0
2021-09-10 19:08:01,5,68,24.7,94,19.1,1015.0,0.0,0.7,6,1650.0,0
2021-09-10 19:13:01,5,68,24.7,93,19.1,1014.8,0.0,0.0,6,1650.0,0
2021-09-10 19:18:01,5,68,24.7,93,18.9,1014.9,0.0,0.7,6,1650.0,0
2021-09-10 19:23:01,5,68,24.6,92,18.9,1015.2,0.0,0.0,6,1650.0,0
2021-09-10 19:28:01,5,68,24.6,91,18.9,1015.1,0.0,0.0,6,1650.0,0
2021-09-10 19:33:01,5,68,24.6,91,18.9,1015.3,0.3,1.0,6,1650.0,0
2021-09-10 19:38:01,5,67,24.5,90,18.9,1015.4,0.7,1.0,6,1650.0,0
2021-09-10 19:43:01,5,67,24.4,89,18.9,1015.3,0.7,1.0,6,1650.0,0
2021-09-10 19:48:01,5,67,24.4,89,19.0,1015.3,0.0,0.7,6,1650.0,0
2021-09-10 19:53:01,5,67,24.4,88,19.0,1015.4,0.0,0.7,6,1650.0,0
2021-09-10 19:58:01,5,66,24.4,88,18.9,1015.6,0.3,1.0,6,1650.0,0
2021-09-10 20:03:01,5,66,24.3,88,18.8,1015.6,0.0,0.0,6,1650.0,0
2021-09-10 20:08:01,5,67,24.3,88,18.8,1015.7,0.0,0.0,5,1650.0,0
2021-09-10 20:13:01,5,67,24.4,88,18.7,1015.8,0.0,0.0,6,1650.0,0
2021-09-10 20:18:01,5,67,24.4,88,18.6,1015.7,0.0,0.0,6,1650.0,0
2021-09-10 20:23:01,5,67,24.4,88,18.6,1015.8,0.0,0.0,6,1650.0,0
2021-09-10 20:28:01,5,67,24.4,89,18.5,1015.7,0.0,0.0,6,1650.0,0
2021-09-10 20:33:01,5,66,24.3,89,18.4,1015.7,0.0,0.0,6,1650.0,0
2021-09-10 20:38:01,5,66,24.4,89,18.4,1015.8,0.3,0.7,6,1650.0,0
2021-09-10 20:43:01,5,66,24.4,89,18.5,1015.7,0.0,0.0,6,1650.0,0
2021-09-10 20:48:01,5,66,24.4,89,18.4,1015.8,0.0,0.0,6,1650.0,0
2021-09-10 20:53:01,5,66,24.3,89,18.5,1015.9,0.0,0.0,6,1650.0,0
2021-09-10 20:58:01,5,66,24.3,89,18.5,1016.0,0.0,0.0,6,1650.0,0
2021-09-10 21:03:01,5,66,24.3,89,18.5,1016.0,0.0,0.0,6,1650.0,0
2021-09-10 21:08:01,5,66,24.3,89,18.5,1016.0,0.0,0.0,6,1650.0,0
2021-09-10 21:13:01,5,66,24.3,89,18.5,1016.0,0.0,0.0,6,1650.0,0
2021-09-10 21:18:01,5,66,24.3,88,18.5,1016.1,0.0,0.7,7,1650.0,0
2021-09-10 21:23:01,5,66,24.3,88,18.5,1016.0,0.0,0.0,7,1650.0,0
2021-09-10 21:28:01,5,66,24.4,87,18.5,1016.0,0.0,0.7,4,1650.0,0
2021-09-10 21:33:01,5,66,24.4,87,18.6,1016.0,0.0,0.0,6,1650.0,0
2021-09-10 21:38:01,5,65,24.4,88,18.6,1016.0,0.0,0.0,6,1650.0,0
2021-09-10 21:43:01,5,65,24.4,88,18.5,1016.1,0.0,0.0,6,1650.0,0
2021-09-10 21:48:01,5,65,24.4,87,18.5,1016.0,0.0,0.0,6,1650.0,0
2021-09-10 21:53:01,5,65,24.4,87,18.6,1016.0,0.0,0.0,5,1650.0,0
2021-09-10 21:58:01,5,64,24.4,87,18.5,1016.1,0.0,0.0,5,1650.0,0
2021-09-10 22:03:01,5,64,24.4,88,18.4,1016.1,0.0,0.0,5,1650.0,0
2021-09-10 22:08:01,5,64,24.3,87,18.4,1016.1,0.0,0.7,6,1650.0,0
2021-09-10 22:13:01,5,64,24.3,87,18.4,1016.0,0.0,0.0,6,1650.0,0
2021-09-10 22:18:01,5,64,24.3,87,18.4,1016.0,0.0,0.0,6,1650.0,0
2021-09-10 22:23:01,5,64,24.3,87,18.3,1016.0,0.0,0.0,6,1650.0,0
2021-09-10 22:28:01,5,64,24.3,88,18.1,1016.1,0.0,0.0,6,1650.0,0
2021-09-10 22:33:01,5,64,24.2,88,18.0,1016.0,0.0,0.0,6,1650.0,0
2021-09-10 22:38:01,5,64,24.2,88,17.8,1016.2,0.0,0.0,6,1650.0,0
2021-09-10 22:43:01,5,64,24.2,89,17.8,1016.2,0.0,0.0,6,1650.0,0
2021-09-10 22:48:01,5,64,24.1,89,17.8,1016.3,0.3,1.0,7,1650.0,0
2021-09-10 22:53:01,5,64,24.1,88,17.8,1016.3,0.0,0.0,7,1650.0,0
2021-09-10 22:58:01,5,64,24.1,88,17.8,1016.3,0.7,1.7,7,1650.0,0
2021-09-10 23:03:01,5,64,24.1,88,17.8,1016.4,0.7,1.0,7,1650.0,0
2021-09-10 23:08:01,5,64,24.1,89,17.7,1016.4,0.7,1.7,6,1650.0,0
2021-09-10 23:13:01,5,64,24.0,89,17.7,1016.4,0.3,1.0,7,1650.0,0
2021-09-10 23:18:01,5,64,24.0,88,17.7,1016.5,0.7,1.0,7,1650.0,0
2021-09-10 23:23:01,5,64,24.0,88,17.6,1016.7,0.3,0.7,7,1650.0,0
2021-09-10 23:28:01,5,65,23.9,89,17.5,1016.6,0.7,1.0,7,1650.0,0
2021-09-10 23:33:01,5,65,23.8,88,17.4,1016.7,0.3,1.0,7,1650.0,0
2021-09-10 23:38:01,5,65,23.8,88,17.4,1016.8,0.7,1.0,8,1650.0,0
2021-09-10 23:43:01,5,65,23.8,88,17.4,1016.8,0.3,1.0,8,1650.0,0
2021-09-10 23:48:01,5,65,23.8,88,17.3,1016.8,0.7,1.7,7,1650.0,0
2021-09-10 23:53:01,5,65,23.8,88,17.3,1016.8,0.7,1.0,7,1650.0,0
2021-09-10 23:58:01,5,65,23.8,88,17.2,1016.9,0.7,1.0,8,1650.0,0
