2020-05-20 00:04:00,5,54,21.8,85,13.0,1027.9,0.0,0.0,1,187.2,0
2020-05-20 00:09:00,5,54,21.8,85,12.9,1027.8,0.0,0.0,1,187.2,0
2020-05-20 00:14:00,5,54,21.8,86,12.8,1027.9,0.0,0.0,1,187.2,0
2020-05-20 00:19:00,5,54,21.8,86,12.7,1027.9,0.0,0.0,1,187.2,0
2020-05-20 00:24:00,5,54,21.7,87,12.6,1027.8,0.0,0.0,1,187.2,0
2020-05-20 00:29:00,5,54,21.7,87,12.6,1027.8,0.0,0.0,1,187.2,0
2020-05-20 00:34:00,5,54,21.7,87,12.6,1027.8,0.0,0.0,1,187.2,0
2020-05-20 00:39:00,5,54,21.7,88,12.5,1027.8,0.0,0.0,1,187.2,0
2020-05-20 00:44:00,5,54,21.7,88,12.6,1027.8,0.0,0.0,1,187.2,0
2020-05-20 00:49:00,5,54,21.6,88,12.5,1028.0,0.0,0.0,1,187.2,0
2020-05-20 00:54:00,5,54,21.6,88,12.4,1028.0,0.0,0.0,1,187.2,0
2020-05-20 00:59:00,5,54,21.6,88,12.4,1028.0,0.0,0.0,1,187.2,0
2020-05-20 01:04:00,5,54,21.6,88,12.4,1028.0,0.0,0.0,1,187.2,0
2020-05-20 01:09:00,5,54,21.6,88,12.3,1027.9,0.0,0.0,1,187.2,0
2020-05-20 01:14:00,5,54,21.5,88,12.2,1028.0,0.0,0.0,1,187.2,0
2020-05-20 01:19:00,5,54,21.5,89,12.2,1028.1,0.0,0.0,1,187.2,0
2020-05-20 01:24:00,5,54,21.5,89,12.2,1027.9,0.0,0.0,1,187.2,0
2020-05-20 01:29:00,5,54,21.5,90,12.2,1028.1,0.0,0.0,1,187.2,0
2020-05-20 01:34:00,5,54,21.5,90,12.3,1028.0,0.0,0.0,1,187.2,0
2020-05-20 01:39:00,5,54,21.5,89,12.5,1028.1,0.0,0.0,1,187.2,0
2020-05-20 01:44:00,5,54,21.5,89,12.6,1028.2,0.0,0.0,1,187.2,0
2020-05-20 01:49:00,5,54,21.4,88,12.8,1028.2,0.0,0.0,1,187.2,0
2020-05-20 01:54:00,5,54,21.3,88,12.8,1028.1,0.0,0.0,1,187.2,0
2020-05-20 01:59:00,5,54,21.3,88,12.9,1028.2,0.0,0.0,1,187.2,0
2020-05-20 02:04:00,5,54,21.3,88,12.9,1028.2,0.0,0.0,1,187.2,0
2020-05-20 02:09:00,5,54,21.3,87,13.0,1028.0,0.0,0.0,1,187.2,0
2020-05-20 02:14:00,5,54,21.3,87,13.0,1028.3,0.0,0.0,1,187.2,0
2020-05-20 02:19:00,5,54,21.3,87,13.0,1028.2,0.0,0.0,1,187.2,0
2020-05-20 02:24:00,5,54,21.3,87,12.9,1028.1,0.0,0.0,1,187.2,0
2020-05-20 02:29:00,5,54,21.3,88,12.9,1028.1,0.0,0.0,1,187.2,0
2020-05-20 02:34:00,5,54,21.3,88,12.7,1028.1,0.0,0.0,1,187.2,0
2020-05-20 02:39:00,5,54,21.3,89,12.6,1028.1,0.0,0.0,1,187.2,0
2020-05-20 02:44:00,5,54,21.3,90,12.6,1027.9,0.0,0.0,1,187.2,0
2020-05-20 02:49:00,5,54,21.3,90,12.4,1028.0,0.0,0.0,1,187.2,0
2020-05-20 02:54:00,5,54,21.3,90,12.4,1028.0,0.0,0.0,1,187.2,0
2020-05-20 02:59:00,5,54,21.3,90,12.4,1028.0,0.0,0.0,1,187.2,0
2020-05-20 03:04:00,5,54,21.3,90,12.4,1028.0,0.0,0.0,1,187.2,0
2020-05-20 03:09:00,5,54,21.3,90,12.2,1027.9,0.0,0.0,1,187.2,0
2020-05-20 03:14:00,5,54,21.2,90,12.1,1028.0,0.0,0.0,1,187.2,0
2020-05-20 03:19:00,5,54,21.2,91,12.2,1028.0,0.0,0.0,1,187.2,0
2020-05-20 03:24:00,5,54,21.2,91,12.2,1028.0,0.0,0.0,1,187.2,0
2020-05-20 03:29:00,5,54,21.2,91,12.1,1028.1,0.0,0.0,1,187.2,0
2020-05-20 03:34:00,5,55,21.2,91,12.0,1028.1,0.0,0.0,1,187.2,0
2020-05-20 03:39:00,5,55,21.2,91,12.0,1028.2,0.0,0.0,1,187.2,0
2020-05-20 03:44:00,5,55,21.2,91,11.9,1028.1,0.0,0.0,1,187.2,0
2020-05-20 03:49:00,5,55,21.1,91,11.9,1028.1,0.0,0.0,1,187.2,0
2020-05-20 03:54:00,5,55,21.1,91,11.8,1028.2,0.0,0.0,1,187.2,0
2020-05-20 03:59:00,5,55,21.1,91,11.8,1028.3,0.0,0.0,1,187.2,0
2020-05-20 04:04:00,5,55,21.1,92,11.8,1028.3,0.0,0.0,1,187.2,0
2020-05-20 04:09:00,5,55,21.1,92,11.9,1028.4,0.0,0.0,1,187.2,0
2020-05-20 04:14:00,5,55,21.1,92,11.9,1028.4,0.0,0.0,1,187.2,0
2020-05-20 04:19:00,5,55,21.1,92,12.0,1028.7,0.0,0.0,1,187.2,0
2020-05-20 04:24:00,5,55,21.1,92,12.1,1028.5,0.0,0.0,1,187.2,0
2020-05-20 04:29:00,5,55,21.1,92,12.3,1028.6,0.0,0.0,1,187.2,0
2020-05-20 04:34:00,5,55,21.1,91,12.5,1028.6,0.0,0.0,1,187.2,0
2020-05-20 04:39:00,5,55,21.1,90,12.7,1028.7,0.0,0.0,1,187.2,0
2020-05-20 04:44:00,5,55,21.1,89,12.9,1028.7,0.0,0.0,1,187.2,0
2020-05-20 04:49:00,5,55,21.1,89,13.1,1028.7,0.0,0.0,1,187.2,0
2020-05-20 04:54:00,5,55,21.1,87,13.3,1028.7,0.0,0.0,1,187.2,0
2020-05-20 04:59:00,5,55,21.1,87,13.4,1028.7,0.0,0.0,1,187.2,0
2020-05-20 05:04:00,5,55,21.1,86,13.7,1028.7,0.0,0.0,1,187.2,0
2020-05-20 05:09:00,5,55,21.1,85,14.0,1028.8,0.3,0.7,1,187.2,0
2020-05-20 05:14:00,5,56,21.2,84,14.3,1028.6,0.0,0.0,1,187.2,0
2020-05-20 05:19:00,5,56,21.2,82,14.9,1028.5,0.0,0.7,1,187.2,0
2020-05-20 05:24:00,5,57,21.3,78,15.8,1028.4,0.0,0.0,1,187.2,0
2020-05-20 05:29:00,5,56,21.5,74,16.6,1028.3,0.0,0.0,1,187.2,0
2020-05-20 05:34:00,5,56,21.6,73,16.5,1028.3,0.0,0.0,2,187.2,0
2020-05-20 05:39:00,5,56,21.7,71,16.7,1028.1,0.0,0.0,2,187.2,0
2020-05-20 05:44:00,5,55,21.8,72,16.7,1028.0,0.0,0.0,1,187.2,0
2020-05-20 05:49:00,5,54,22.0,73,16.4,1027.8,0.3,0.7,1,187.2,0
2020-05-20 05:54:00,5,54,22.2,70,16.9,1027.6,0.0,0.7,2,187.2,0
2020-05-20 05:59:00,5,54,22.3,69,17.5,1027.4,0.0,0.0,2,187.2,0
2020-05-20 06:04:00,5,53,22.5,68,17.3,1027.2,0.3,0.7,2,187.2,0
2020-05-20 06:09:00,5,53,22.6,67,17.7,1027.0,0.0,0.7,1,187.2,0
2020-05-20 06:14:00,5,53,22.7,63,18.6,1026.9,0.0,0.7,2,187.2,0
2020-05-20 06:19:00,5,54,23.0,63,18.8,1026.7,0.0,0.0,2,187.2,0
2020-05-20 06:24:00,5,54,23.1,63,18.6,1026.6,0.0,0.7,2,187.2,0
2020-05-20 06:29:00,5,54,23.3,62,18.9,1026.5,0.0,0.0,3,187.2,0
2020-05-20 06:34:00,5,53,23.6,63,18.6,1026.4,0.0,0.7,1,187.2,0
2020-05-20 06:39:00,5,53,23.8,60,19.3,1026.2,0.0,0.7,2,187.2,0
2020-05-20 06:44:00,5,52,24.0,61,18.9,1025.8,0.0,0.0,3,187.2,0
2020-05-20 06:49:00,5,51,24.3,60,19.4,1025.5,0.0,0.7,1,187.2,0
2020-05-20 06:54:00,5,51,24.6,61,18.9,1025.2,0.0,0.0,1,187.2,0
2020-05-20 06:59:00,5,50,25.0,62,18.7,1025.1,0.7,1.7,1,187.2,0
2020-05-20 07:04:00,5,49,25.1,63,18.2,1024.9,0.3,1.0,12,187.2,0
2020-05-20 07:09:00,5,48,25.3,62,18.8,1024.7,0.3,1.0,7,187.2,0
2020-05-20 07:14:00,5,48,25.4,61,18.4,1024.6,0.0,0.7,3,187.2,0
2020-05-20 07:19:00,5,47,25.4,60,19.2,1024.6,0.3,0.7,10,187.2,0
2020-05-20 07:24:00,5,46,25.4,60,18.9,1024.5,0.0,0.7,11,187.2,0
2020-05-20 07:29:00,5,42,25.4,60,19.1,1024.5,0.0,0.0,4,187.2,0
2020-05-20 07:34:00,5,41,25.3,61,18.7,1024.6,0.3,1.0,9,187.2,0
2020-05-20 07:39:00,5,41,25.1,60,19.4,1024.9,0.0,0.7,7,187.2,0
2020-05-20 07:44:00,5,41,25.0,59,19.7,1025.1,0.0,0.7,7,187.2,0
2020-05-20 07:49:00,5,43,24.6,59,19.8,1025.4,0.3,0.7,4,187.2,0
2020-05-20 07:54:00,5,43,24.4,59,19.8,1025.5,0.7,1.7,7,187.2,0
2020-05-20 07:59:00,5,43,24.3,58,20.1,1025.8,0.7,1.0,11,187.2,0
2020-05-20 08:04:00,5,43,24.2,59,19.8,1025.8,0.0,0.7,1,187.2,0
2020-05-20 08:09:00,5,43,24.0,57,20.2,1025.9,0.3,0.7,0,187.2,0
2020-05-20 08:14:00,5,45,23.9,59,19.7,1025.9,0.3,1.0,1,187.2,0
2020-05-20 08:19:00,5,45,23.8,57,20.4,1026.1,0.3,1.0,5,187.2,0
2020-05-20 08:24:00,5,45,23.8,58,20.4,1026.2,0.0,0.7,5,187.2,0
2020-05-20 08:29:00,5,45,23.8,58,20.5,1026.2,0.3,0.7,6,187.2,0
2020-05-20 08:34:00,5,45,23.7,59,20.1,1026.3,0.0,0.7,5,187.2,0
2020-05-20 08:39:00,5,46,23.7,57,20.9,1026.4,0.3,0.7,5,187.2,0
2020-05-20 08:44:00,5,46,23.7,57,21.0,1026.5,0.0,0.0,2,187.2,0
2020-05-20 08:49:00,5,46,23.7,56,21.2,1026.4,0.3,1.0,10,187.2,0
2020-05-20 08:54:00,5,47,23.7,55,21.4,1026.5,0.0,0.7,5,187.2,0
2020-05-20 08:59:00,5,47,23.7,55,21.5,1026.5,0.0,0.0,7,187.2,0
2020-05-20 09:04:00,5,47,23.7,55,21.4,1026.4,0.3,0.7,4,187.2,0
2020-05-20 09:09:00,5,47,23.7,55,21.2,1026.4,0.7,1.7,0,187.2,0
2020-05-20 09:14:00,5,47,23.7,55,21.5,1026.3,0.3,1.0,9,187.2,0
2020-05-20 09:19:00,5,47,23.8,55,20.9,1026.4,0.7,1.7,15,187.2,0
2020-05-20 09:24:00,5,47,23.8,57,20.6,1026.4,0.7,1.0,3,187.2,0
2020-05-20 09:29:00,5,48,23.8,57,20.7,1026.3,0.7,2.0,13,187.2,0
2020-05-20 09:34:00,5,48,23.8,57,21.1,1026.3,0.3,1.0,2,187.2,0
2020-05-20 09:39:00,5,48,23.8,55,21.7,1026.4,0.3,1.0,3,187.2,0
2020-05-20 09:44:00,5,48,23.8,56,21.2,1026.4,0.3,1.0,14,187.2,0
2020-05-20 09:49:00,5,48,23.8,55,21.9,1026.4,0.3,0.7,15,187.2,0
2020-05-20 09:54:00,5,48,23.8,54,22.2,1026.5,0.3,1.0,5,187.2,0
2020-05-20 09:59:00,5,48,23.8,53,22.8,1026.5,0.3,0.7,3,187.2,0
2020-05-20 10:04:00,5,48,23.8,53,22.2,1026.4,0.3,0.7,11,187.2,0
2020-05-20 10:09:00,5,48,23.8,55,22.2,1026.5,0.3,1.0,14,187.2,0
2020-05-20 10:14:00,5,48,23.9,54,21.6,1026.3,0.7,1.0,14,187.2,0
2020-05-20 10:19:00,5,47,23.8,53,22.3,1026.3,0.3,1.7,10,187.2,0
2020-05-20 10:24:00,5,46,23.9,55,22.1,1026.2,0.7,1.7,1,187.2,0
2020-05-20 10:29:00,5,45,24.0,53,22.1,1026.3,1.4,2.0,1,187.2,0
2020-05-20 10:34:00,5,45,24.0,54,22.0,1026.0,0.7,2.0,1,187.2,0
2020-05-20 10:39:00,5,45,24.0,53,22.0,1026.1,1.0,1.7,5,187.2,0
2020-05-20 10:44:00,5,45,24.0,52,22.3,1026.1,0.3,0.7,14,187.2,0
2020-05-20 10:49:00,5,44,24.0,53,22.2,1026.0,0.3,1.0,5,187.2,0
2020-05-20 10:54:00,5,45,24.0,53,22.6,1026.1,0.3,1.7,6,187.2,0
2020-05-20 10:59:00,5,44,24.0,51,22.7,1026.1,0.3,1.7,1,187.2,0
2020-05-20 11:04:00,5,44,24.0,51,23.1,1026.0,0.3,1.0,12,187.2,0
2020-05-20 11:09:00,5,44,24.0,49,23.4,1026.0,0.3,0.7,11,187.2,0
2020-05-20 11:14:00,5,44,24.1,49,22.9,1025.8,0.3,0.7,2,187.2,0
2020-05-20 11:19:00,5,44,24.1,50,23.0,1026.0,0.3,1.0,15,187.2,0
2020-05-20 11:24:00,5,44,24.1,52,22.5,1026.0,0.0,0.7,3,187.2,0
2020-05-20 11:29:00,5,44,24.1,48,23.5,1025.8,0.3,1.0,4,187.2,0
2020-05-20 11:34:00,5,43,24.1,46,24.2,1025.8,0.7,1.7,13,187.2,0
2020-05-20 11:39:00,5,43,24.1,48,22.9,1025.7,1.0,2.0,0,187.2,0
2020-05-20 11:44:00,5,43,24.1,45,23.8,1025.8,0.3,1.7,3,187.2,0
2020-05-20 11:49:00,5,42,24.2,47,23.4,1025.6,0.7,2.0,11,187.2,0
2020-05-20 11:54:00,5,42,24.3,46,24.0,1025.5,0.7,1.0,9,187.2,0
2020-05-20 11:59:00,5,42,24.3,45,24.3,1025.5,0.7,1.7,12,187.2,0
2020-05-20 12:04:00,5,42,24.3,46,24.4,1025.4,0.3,1.0,2,187.2,0
2020-05-20 12:09:00,5,42,24.3,45,24.5,1025.4,0.7,2.0,10,187.2,0
2020-05-20 12:14:00,5,42,24.3,45,24.1,1025.3,0.3,0.7,0,187.2,0
2020-05-20 12:19:00,5,42,24.3,48,23.2,1025.3,0.7,1.7,2,187.2,0
2020-05-20 12:24:00,5,42,24.3,46,23.6,1025.2,0.7,1.7,3,187.2,0
2020-05-20 12:29:00,5,42,24.3,48,22.9,1025.2,1.0,2.0,2,187.2,0
2020-05-20 12:34:00,5,42,24.3,44,24.2,1025.2,0.7,1.0,0,187.2,0
2020-05-20 12:39:00,5,42,24.3,45,24.0,1025.1,0.7,1.0,1,187.2,0
2020-05-20 12:44:00,5,41,24.3,45,24.1,1025.1,0.7,1.0,15,187.2,0
2020-05-20 12:49:00,5,41,24.3,44,24.8,1025.1,0.3,1.0,15,187.2,0
2020-05-20 12:54:00,5,41,24.3,45,24.4,1025.0,1.4,2.0,1,187.2,0
2020-05-20 12:59:00,5,42,24.3,46,23.7,1025.2,1.0,2.0,11,187.2,0
2020-05-20 13:04:00,5,42,24.3,44,24.3,1025.1,0.3,1.0,1,187.2,0
2020-05-20 13:09:00,5,42,24.3,44,24.3,1025.1,0.3,1.0,2,187.2,0
2020-05-20 13:14:00,5,41,24.3,43,24.7,1025.2,1.0,1.7,11,187.2,0
2020-05-20 13:19:00,5,41,24.3,42,25.1,1025.0,0.3,1.7,12,187.2,0
2020-05-20 13:24:00,5,41,24.3,44,24.4,1025.0,0.3,1.0,4,187.2,0
2020-05-20 13:29:00,5,41,24.3,44,24.4,1025.0,0.7,1.0,2,187.2,0
2020-05-20 13:34:00,5,41,24.3,45,23.5,1024.9,0.3,1.0,2,187.2,0
2020-05-20 13:39:00,5,41,24.3,45,24.2,1024.8,0.3,1.7,1,187.2,0
2020-05-20 13:44:00,5,41,24.3,45,23.9,1024.9,0.7,1.7,15,187.2,0
2020-05-20 13:49:00,5,41,24.3,45,24.3,1024.8,0.7,1.7,12,187.2,0
2020-05-20 13:54:00,5,41,24.3,45,24.4,1024.8,0.0,0.7,2,187.2,0
2020-05-20 13:59:00,5,41,24.3,44,24.9,1025.0,0.7,1.0,6,187.2,0
2020-05-20 14:04:00,5,41,24.3,43,25.1,1024.9,0.0,0.7,15,187.2,0
2020-05-20 14:09:00,5,41,24.3,43,25.4,1024.8,0.3,1.0,11,187.2,0
2020-05-20 14:14:00,5,41,24.3,45,24.0,1024.8,0.3,0.7,0,187.2,0
2020-05-20 14:19:00,5,41,24.3,45,24.5,1024.5,0.0,0.7,15,187.2,0
2020-05-20 14:24:00,5,41,24.3,46,24.2,1024.6,0.7,1.0,14,187.2,0
2020-05-20 14:29:00,5,41,24.3,47,23.8,1024.6,0.3,1.0,14,187.2,0
2020-05-20 14:34:00,5,42,24.3,47,23.6,1024.6,1.0,1.7,1,187.2,0
2020-05-20 14:39:00,5,42,24.3,45,24.6,1024.5,0.0,0.7,2,187.2,0
2020-05-20 14:44:00,5,42,24.3,44,24.8,1024.5,0.3,0.7,2,187.2,0
2020-05-20 14:49:00,5,42,24.3,45,24.5,1024.5,1.0,2.0,2,187.2,0
2020-05-20 14:54:00,5,42,24.3,47,23.9,1024.5,0.7,1.7,1,187.2,0
2020-05-20 14:59:00,5,42,24.3,46,24.4,1024.6,0.3,1.0,0,187.2,0
2020-05-20 15:04:00,5,42,24.3,45,24.6,1024.5,0.3,1.0,2,187.2,0
2020-05-20 15:09:00,5,42,24.3,46,23.8,1024.5,0.7,1.7,14,187.2,0
2020-05-20 15:14:00,5,42,24.3,45,24.2,1024.5,0.3,1.0,1,187.2,0
2020-05-20 15:19:00,5,42,24.3,46,23.9,1024.4,0.7,1.7,14,187.2,0
2020-05-20 15:24:00,5,42,24.3,46,24.3,1024.7,0.0,0.7,3,187.2,0
2020-05-20 15:29:00,5,42,24.3,48,23.1,1024.6,0.3,1.0,3,187.2,0
2020-05-20 15:34:00,5,42,24.3,48,23.5,1024.5,0.3,1.0,11,187.2,0
2020-05-20 15:39:00,5,42,24.3,49,23.1,1024.5,0.3,0.7,11,187.2,0
2020-05-20 15:44:00,5,42,24.3,50,22.7,1024.5,0.7,1.0,0,187.2,0
2020-05-20 15:49:00,5,43,24.3,49,22.9,1024.4,0.3,0.7,5,187.2,0
2020-05-20 15:54:00,5,43,24.3,48,22.9,1024.4,0.3,1.0,13,187.2,0
2020-05-20 15:59:00,5,43,24.3,48,23.1,1024.3,0.0,0.7,14,187.2,0
2020-05-20 16:04:00,5,43,24.3,50,22.8,1024.3,0.3,0.7,14,187.2,0
2020-05-20 16:09:00,5,43,24.3,49,23.1,1024.4,0.7,1.7,14,187.2,0
2020-05-20 16:14:00,5,43,24.3,50,22.5,1024.3,1.0,1.7,13,187.2,0
2020-05-20 16:19:00,5,43,24.3,49,22.5,1024.4,0.3,0.7,14,187.2,0
2020-05-20 16:24:00,5,43,24.3,51,22.4,1024.2,0.3,0.7,2,187.2,0
2020-05-20 16:29:00,5,43,24.3,50,22.3,1024.2,0.0,0.7,14,187.2,0
2020-05-20 16:34:00,5,43,24.3,50,22.7,1024.2,0.0,0.7,13,187.2,0
2020-05-20 16:39:00,5,43,24.3,50,22.6,1024.2,0.3,1.0,13,187.2,0
2020-05-20 16:44:00,5,42,24.3,50,22.6,1024.1,0.3,1.0,12,187.2,0
2020-05-20 16:49:00,5,42,24.3,51,22.7,1024.1,0.0,0.7,11,187.2,0
2020-05-20 16:54:00,5,42,24.3,51,22.5,1024.1,0.7,1.0,11,187.2,0
2020-05-20 16:59:00,5,42,24.3,51,22.4,1024.1,0.3,1.0,5,187.2,0
2020-05-20 17:04:00,5,43,24.3,51,22.3,1024.1,0.7,1.0,10,187.2,0
2020-05-20 17:09:00,5,43,24.3,51,22.2,1024.0,0.7,1.0,13,187.2,0
2020-05-20 17:14:00,5,42,24.3,52,22.0,1024.0,0.3,1.0,13,187.2,0
2020-05-20 17:19:00,5,42,24.3,52,22.0,1024.0,0.7,2.0,3,187.2,0
2020-05-20 17:24:00,5,42,24.3,52,22.1,1024.0,0.3,1.0,1,187.2,0
2020-05-20 17:29:00,5,42,24.2,52,21.9,1024.2,0.3,1.0,14,187.2,0
2020-05-20 17:34:00,5,42,24.2,52,21.9,1024.1,0.3,0.7,11,187.2,0
2020-05-20 17:39:00,5,42,24.1,52,21.8,1024.1,0.3,1.0,6,187.2,0
2020-05-20 17:44:00,5,42,24.1,52,21.7,1024.3,0.7,2.7,1,187.2,0
2020-05-20 17:49:00,5,42,24.1,52,21.7,1024.2,0.3,0.7,7,187.2,0
2020-05-20 17:54:00,5,42,24.1,53,21.6,1024.2,0.0,0.7,1,187.2,0
2020-05-20 17:59:00,5,42,24.0,53,21.6,1024.1,0.0,0.7,1,187.2,0
2020-05-20 18:04:00,5,42,24.0,53,21.6,1024.2,0.3,0.7,1,187.2,0
2020-05-20 18:09:00,5,43,23.9,53,21.5,1024.4,0.3,1.0,13,187.2,0
2020-05-20 18:14:00,5,44,23.9,53,21.4,1024.1,0.0,0.7,0,187.2,0
2020-05-20 18:19:00,5,43,24.0,54,21.4,1024.3,0.3,0.7,5,187.2,0
2020-05-20 18:24:00,5,44,24.0,56,21.3,1024.4,0.3,0.7,8,187.2,0
2020-05-20 18:29:00,5,44,24.0,57,21.0,1024.3,0.3,1.0,12,187.2,0
2020-05-20 18:34:00,5,44,24.0,56,21.0,1024.4,0.3,1.0,9,187.2,0
2020-05-20 18:39:00,5,45,24.0,56,20.9,1024.4,0.3,0.7,4,187.2,0
2020-05-20 18:44:00,5,45,24.0,56,20.8,1024.4,0.0,0.7,10,187.2,0
2020-05-20 18:49:00,5,45,24.0,56,20.8,1024.3,0.3,1.0,11,187.2,0
2020-05-20 18:54:00,5,47,23.9,55,20.7,1024.3,0.3,1.0,5,187.2,0
2020-05-20 18:59:00,5,47,23.9,56,20.6,1024.4,0.0,0.7,5,187.2,0
2020-05-20 19:04:00,5,47,23.9,57,20.5,1024.5,0.3,0.7,13,187.2,0
2020-05-20 19:09:00,5,47,23.9,57,20.4,1024.5,0.0,0.7,2,187.2,0
2020-05-20 19:14:00,5,47,23.8,57,20.3,1024.5,0.0,0.7,11,187.2,0
2020-05-20 19:19:00,5,47,23.8,57,20.1,1024.5,0.0,0.0,11,187.2,0
2020-05-20 19:24:00,5,47,23.8,58,20.1,1024.5,0.0,0.0,14,187.2,0
2020-05-20 19:29:00,5,47,23.8,59,19.8,1024.5,0.0,0.0,14,187.2,0
2020-05-20 19:34:00,5,47,23.8,59,19.8,1024.6,0.3,0.7,2,187.2,0
2020-05-20 19:39:00,5,47,23.8,59,19.7,1024.6,0.0,0.0,2,187.2,0
2020-05-20 19:44:00,5,48,23.8,59,19.7,1024.7,0.0,0.7,8,187.2,0
2020-05-20 19:49:00,5,48,23.8,59,19.7,1024.7,0.0,0.0,12,187.2,0
2020-05-20 19:54:00,5,49,23.7,60,19.5,1024.8,0.0,0.0,9,187.2,0
2020-05-20 19:59:00,5,49,23.7,61,19.4,1024.9,0.0,0.7,10,187.2,0
2020-05-20 20:04:00,5,49,23.7,61,19.3,1024.8,0.0,0.0,10,187.2,0
2020-05-20 20:09:00,5,49,23.6,62,19.2,1025.0,0.3,1.0,12,187.2,0
2020-05-20 20:14:00,5,50,23.7,62,19.2,1025.0,0.7,2.0,12,187.2,0
2020-05-20 20:19:00,5,50,23.7,63,19.1,1025.1,0.3,1.0,12,187.2,0
2020-05-20 20:24:00,5,50,23.6,62,19.0,1025.1,0.0,0.7,1,187.2,0
2020-05-20 20:29:00,5,51,23.6,63,18.9,1025.1,0.3,0.7,12,187.2,0
2020-05-20 20:34:00,5,51,23.6,64,18.8,1025.1,0.0,0.0,13,187.2,0
2020-05-20 20:39:00,5,51,23.6,64,18.6,1025.1,0.0,0.0,12,187.2,0
2020-05-20 20:44:00,5,51,23.6,65,18.5,1025.2,0.0,0.7,4,187.2,0
2020-05-20 20:49:00,5,52,23.6,65,18.4,1025.4,0.0,0.0,3,187.2,0
2020-05-20 20:54:00,5,52,23.6,65,18.4,1025.3,0.0,0.7,4,187.2,0
2020-05-20 20:59:00,5,52,23.6,65,18.3,1025.3,0.3,1.0,13,187.2,0
2020-05-20 21:04:00,5,52,23.6,65,18.2,1025.3,0.0,0.7,13,187.2,0
2020-05-20 21:09:00,5,52,23.6,66,18.1,1025.4,0.0,0.0,13,187.2,0
2020-05-20 21:14:00,5,52,23.6,67,17.9,1025.3,0.0,0.0,0,187.2,0
2020-05-20 21:19:00,5,52,23.6,67,17.8,1025.3,0.0,0.0,0,187.2,0
2020-05-20 21:24:00,5,52,23.6,68,17.7,1025.4,0.0,0.0,0,187.2,0
2020-05-20 21:29:00,5,52,23.5,68,17.6,1025.5,0.0,0.0,0,187.2,0
2020-05-20 21:34:00,5,52,23.5,67,17.6,1025.6,0.0,0.0,3,187.2,0
2020-05-20 21:39:00,5,52,23.5,67,17.5,1025.6,0.0,0.0,2,187.2,0
2020-05-20 21:44:00,5,52,23.5,67,17.4,1025.6,0.0,0.7,0,187.2,0
2020-05-20 21:49:00,5,52,23.4,68,17.3,1025.5,0.0,0.0,0,187.2,0
2020-05-20 21:54:00,5,52,23.4,68,17.3,1025.6,0.0,0.7,1,187.2,0
2020-05-20 21:59:00,5,52,23.4,68,17.2,1025.7,0.0,0.7,1,187.2,0
2020-05-20 22:04:00,5,52,23.4,68,17.1,1025.6,0.0,0.0,2,187.2,0
2020-05-20 22:09:00,5,52,23.4,69,17.0,1025.5,0.0,0.0,2,187.2,0
2020-05-20 22:14:00,5,52,23.3,69,16.9,1025.6,0.0,0.0,2,187.2,0
2020-05-20 22:19:00,5,53,23.3,69,16.8,1025.6,0.0,0.0,2,187.2,0
2020-05-20 22:24:00,5,53,23.3,70,16.7,1025.5,0.0,0.0,3,187.2,0
2020-05-20 22:29:00,5,53,23.3,70,16.6,1025.6,0.0,0.0,2,187.2,0
2020-05-20 22:34:00,5,53,23.3,71,16.4,1025.7,0.0,0.0,2,187.2,0
2020-05-20 22:39:00,5,53,23.3,71,16.3,1025.7,0.0,0.0,2,187.2,0
2020-05-20 22:44:00,5,53,23.2,71,16.2,1025.9,0.0,0.0,2,187.2,0
2020-05-20 22:49:00,5,53,23.1,72,16.2,1025.9,0.0,0.0,2,187.2,0
2020-05-20 22:54:00,5,53,23.1,72,16.1,1025.8,0.0,0.0,2,187.2,0
2020-05-20 22:59:00,5,53,23.1,72,16.0,1025.8,0.0,0.0,2,187.2,0
2020-05-20 23:04:00,5,53,23.1,73,15.8,1025.8,0.0,0.0,2,187.2,0
2020-05-20 23:09:00,5,53,23.1,74,15.8,1025.9,0,0,2,187.2,0
2020-05-20 23:14:00,5,53,23.1,74,15.7,1025.9,0,0,2,187.2,0
2020-05-20 23:19:00,5,53,23.0,74,15.6,1025.9,0,0,2,187.2,0
2020-05-20 23:24:00,5,53,23.0,74,15.5,1026.0,0,0,2,187.2,0
2020-05-20 23:29:00,5,53,23.0,75,15.4,1026.0,0,0,2,187.2,0
2020-05-20 23:34:00,5,53,23.0,76,15.3,1025.9,0,0,2,187.2,0
2020-05-20 23:39:00,5,52,22.9,76,15.1,1025.9,0,0,2,187.2,0
2020-05-20 23:44:00,5,52,22.9,77,15.0,1025.9,0,0,2,187.2,0
2020-05-20 23:49:00,5,52,22.9,78,14.9,1025.9,0,0,2,187.2,0
2020-05-20 23:54:00,5,52,22.9,78,14.8,1025.8,0,0,2,187.2,0
2020-05-20 23:59:00,5,52,22.8,78,14.8,1025.9,0,0,2,187.2,0
