2021-03-01 00:08:01,30,56,19.7,95,3.2,1041.5,0.3,0.7,1,1099.2,0
2021-03-01 00:38:01,30,56,19.3,95,3.4,1041.7,0.3,1.0,0,1099.2,0
2021-03-01 01:08:01,30,56,19.0,95,3.3,1041.9,0.0,0.0,13,1099.2,0
2021-03-01 01:38:01,30,56,18.8,96,2.9,1042.4,0.3,1.0,4,1099.2,0
2021-03-01 02:08:01,30,56,18.5,96,3.3,1042.4,0.0,0.0,12,1099.2,0
2021-03-01 02:38:01,30,56,17.5,96,3.5,1042.5,0.3,1.0,9,1099.2,0
2021-03-01 03:08:01,30,56,17.4,96,3.6,1042.4,0.3,1.0,2,1099.2,0
2021-03-01 03:38:01,30,55,17.3,96,3.7,1042.5,0.3,1.0,5,1099.2,0
2021-03-01 04:08:01,30,55,17.1,95,3.8,1042.7,0.3,1.0,14,1099.2,0
2021-03-01 04:38:01,30,54,17.0,93,3.8,1042.6,0.3,1.0,7,1099.2,0
2021-03-01 05:08:01,30,55,16.9,93,3.9,1042.9,0.0,0.0,2,1099.2,0
2021-03-01 05:38:01,30,55,16.8,93,3.9,1042.9,0.0,0.0,8,1099.2,0
2021-03-01 06:08:01,30,55,16.7,94,3.8,1042.8,0.3,0.7,4,1099.2,0
2021-03-01 06:38:01,30,56,16.9,94,3.8,1042.8,0.0,0.7,15,1099.2,0
2021-03-01 07:08:01,30,52,19.7,94,3.7,1040.9,0.0,0.7,14,1099.2,0
2021-03-01 07:38:01,30,50,20.2,95,3.5,1040.6,0.0,0.7,2,1099.2,0
2021-03-01 08:08:01,30,51,20.0,95,3.6,1040.9,0.3,1.0,10,1099.2,0
2021-03-01 08:38:01,30,52,19.6,95,3.7,1041.3,0.3,1.7,11,1099.2,0
2021-03-01 09:08:01,30,53,20.0,94,3.9,1041.0,0.0,0.7,4,1099.2,0
2021-03-01 09:38:01,30,50,21.3,93,4.1,1039.4,0.3,1.0,13,1099.2,0
2021-03-01 10:08:01,30,49,21.6,91,4.6,1039.1,0.3,1.7,1,1099.2,0
2021-03-01 10:38:01,30,49,21.2,89,4.7,1039.5,0.7,1.0,13,1099.2,0
2021-03-01 11:08:01,30,50,20.9,88,5.2,1039.7,0.3,1.7,0,1099.2,0
2021-03-01 11:38:01,30,51,20.5,86,5.5,1040.0,0.3,1.0,6,1099.2,0
2021-03-01 12:08:01,30,52,20.5,85,5.9,1039.7,0.3,1.0,2,1099.2,0
2021-03-01 12:38:01,30,52,20.7,83,6.6,1039.3,0.3,1.7,8,1099.2,0
2021-03-01 13:08:01,30,51,21.1,84,6.2,1038.8,0.3,1.7,10,1099.2,0
2021-03-01 13:38:01,30,50,21.8,78,8.7,1037.7,0.3,0.7,11,1099.2,0
2021-03-01 14:08:01,30,49,22.0,75,8.5,1037.2,0.7,1.7,3,1099.2,0
2021-03-01 14:38:01,30,49,22.3,78,8.1,1036.4,1.0,2.0,11,1099.2,0
2021-03-01 15:08:01,30,49,22.3,79,7.6,1036.2,0.3,1.0,5,1099.2,0
2021-03-01 15:38:01,30,49,22.2,78,7.9,1036.0,0.7,1.0,9,1099.2,0
2021-03-01 16:08:01,30,50,21.8,76,8.4,1036.0,0.7,1.7,3,1099.2,0
2021-03-01 16:38:01,30,50,21.4,79,8.2,1036.3,0.3,1.0,2,1099.2,0
2021-03-01 17:08:01,30,51,20.9,82,7.8,1036.9,0.0,0.7,10,1099.2,0
2021-03-01 17:38:01,30,54,20.6,83,7.4,1037.3,0.0,0.7,11,1099.2,0
2021-03-01 18:08:01,30,54,20.5,85,6.7,1037.7,0.0,0.0,1,1099.2,0
2021-03-01 18:38:01,30,57,20.7,86,6.5,1037.3,0.0,0.0,2,1099.2,0
2021-03-01 19:08:01,30,54,21.6,87,6.4,1036.2,0.3,1.0,11,1099.2,0
2021-03-01 19:38:01,30,53,21.9,87,6.3,1035.7,0.3,1.0,13,1099.2,0
2021-03-01 20:08:01,30,52,22.3,86,6.3,1035.2,0.0,0.0,3,1099.2,0
2021-03-01 20:38:01,30,51,22.3,86,6.1,1035.2,0.3,1.0,10,1099.2,0
2021-03-01 21:08:01,30,53,21.9,87,5.9,1035.6,0.3,1.0,2,1099.2,0
2021-03-01 21:38:01,30,54,21.5,87,5.8,1036.1,0.3,1.0,11,1099.2,0
2021-03-01 22:08:01,30,54,21.0,87,5.6,1036.6,0.3,0.7,13,1099.2,0
2021-03-01 22:38:01,30,55,20.6,88,5.2,1037.0,0.3,0.7,6,1099.2,0
2021-03-01 23:08:01,30,56,20.3,89,4.9,1037.2,0,0.7,10,1099.2,0
2021-03-01 23:38:01,30,56,20.1,90,4.7,1037.7,0,0.7,4,1099.2,0
