2021-03-12 00:01:57,5,55,19.8,81,6.8,1009.4,2.4,4.1,8,1110.0,0
2021-03-12 00:06:57,5,55,19.8,81,6.8,1009.6,1.4,2.7,8,1110.0,0
2021-03-12 00:11:57,5,55,19.8,81,6.8,1009.7,2.7,4.1,10,1110.0,0
2021-03-12 00:16:57,5,55,19.7,82,6.7,1010.0,2.0,4.1,9,1110.0,0
2021-03-12 00:21:57,5,55,19.7,82,6.6,1010.0,1.4,2.7,7,1110.0,0
2021-03-12 00:26:57,5,55,19.7,82,6.5,1010.2,1.4,2.7,8,1110.0,0
2021-03-12 00:31:57,5,55,19.6,82,6.5,1010.4,3.1,6.8,12,1110.0,0
2021-03-12 00:36:57,5,55,19.6,83,6.5,1010.4,1.7,4.8,4,1110.0,0
2021-03-12 00:41:57,5,55,19.6,82,6.5,1010.4,1.7,3.7,6,1110.0,0
2021-03-12 00:46:57,5,55,19.5,83,6.5,1010.6,1.7,2.7,7,1110.0,0
2021-03-12 00:51:57,5,55,19.4,83,6.5,1010.8,1.0,2.7,11,1110.0,0
2021-03-12 00:56:57,5,55,19.3,83,6.5,1010.9,2.0,4.1,14,1110.0,0
2021-03-12 01:01:57,5,55,19.3,82,6.4,1011.1,1.7,2.7,11,1110.0,0
2021-03-12 01:06:57,5,55,19.2,82,6.4,1011.1,1.7,2.7,11,1110.0,0
2021-03-12 01:11:57,5,55,19.2,83,6.2,1011.2,1.4,2.7,7,1110.0,0
2021-03-12 01:16:57,5,55,19.2,82,6.3,1011.4,1.4,3.1,10,1110.0,0
2021-03-12 01:21:57,5,55,19.1,83,6.2,1011.4,0.7,1.7,12,1110.0,0
2021-03-12 01:26:57,5,55,19.1,82,6.2,1011.5,0.7,2.0,7,1110.0,0
2021-03-12 01:31:57,5,55,18.2,83,6.2,1011.5,0.7,1.0,12,1110.0,0
2021-03-12 01:36:57,5,55,18.1,82,6.2,1011.8,1.4,3.1,7,1110.0,0
2021-03-12 01:41:57,5,55,18.1,82,6.1,1011.9,1.4,3.1,5,1110.0,0
2021-03-12 01:46:57,5,55,18.1,82,6.1,1011.9,1.7,3.1,9,1110.0,0
2021-03-12 01:51:57,5,55,18.0,82,6.1,1011.9,1.0,2.0,8,1110.0,0
2021-03-12 01:56:57,5,55,18.0,82,6.1,1012.0,0.3,0.7,6,1110.0,0
2021-03-12 02:01:57,5,55,18.0,82,6.1,1012.0,2.0,3.7,9,1110.0,0
2021-03-12 02:06:57,5,55,17.9,82,6.0,1012.1,2.0,4.8,7,1110.0,0
2021-03-12 02:11:57,5,55,17.9,82,5.9,1012.2,1.7,2.7,3,1110.0,0
2021-03-12 02:16:57,5,55,17.9,82,5.9,1012.1,1.0,2.0,8,1110.0,0
2021-03-12 02:21:57,5,55,17.9,82,5.8,1012.2,1.0,2.0,9,1110.0,0
2021-03-12 02:26:57,5,55,17.8,82,5.8,1012.3,1.4,2.0,12,1110.0,0
2021-03-12 02:31:57,5,55,17.8,82,5.8,1012.2,2.4,4.8,10,1110.0,0
2021-03-12 02:36:57,5,55,17.8,83,5.8,1012.4,2.0,3.7,5,1110.0,0
2021-03-12 02:41:57,5,55,17.7,83,5.7,1012.6,1.0,2.7,9,1110.0,0
2021-03-12 02:46:57,5,55,17.7,83,5.7,1012.6,1.0,2.0,8,1110.0,0
2021-03-12 02:51:57,5,55,17.7,83,5.6,1012.6,0.7,1.7,9,1110.0,0
2021-03-12 02:56:57,5,55,17.6,83,5.7,1012.7,1.0,2.0,4,1110.0,0
2021-03-12 03:01:57,5,55,17.6,83,5.6,1012.8,1.0,2.7,7,1110.0,0
2021-03-12 03:06:57,5,55,17.5,83,5.6,1012.8,0.7,1.7,8,1110.0,0
2021-03-12 03:11:57,5,55,17.5,83,5.6,1012.8,1.0,2.0,8,1110.0,0
2021-03-12 03:16:57,5,55,17.5,83,5.7,1012.9,1.0,2.7,11,1110.0,0
2021-03-12 03:21:57,5,55,17.5,83,5.7,1013.0,1.4,2.7,4,1110.0,0
2021-03-12 03:26:57,5,55,17.4,83,5.6,1012.9,1.7,4.1,5,1110.0,0
2021-03-12 03:31:57,5,55,17.4,83,5.6,1013.1,1.0,3.1,7,1110.0,0
2021-03-12 03:36:57,5,55,17.4,83,5.6,1013.0,1.0,2.0,8,1110.0,0
2021-03-12 03:41:57,5,55,17.3,83,5.5,1013.1,2.0,3.1,8,1110.0,0
2021-03-12 03:46:57,5,55,17.3,83,5.5,1013.2,0.3,1.0,9,1110.0,0
2021-03-12 03:51:57,5,55,17.3,83,5.5,1013.2,1.4,3.1,6,1110.0,0
2021-03-12 03:56:57,5,55,17.3,83,5.6,1013.4,0.7,1.7,10,1110.0,0
2021-03-12 04:01:57,5,55,17.2,83,5.6,1013.4,1.0,3.1,1,1110.0,0
2021-03-12 04:06:57,5,55,17.2,83,5.5,1013.4,1.0,1.7,8,1110.0,0
2021-03-12 04:11:57,5,55,17.1,83,5.5,1013.5,2.0,4.1,9,1110.0,0
2021-03-12 04:16:57,5,55,17.1,83,5.5,1013.4,1.4,2.7,8,1110.0,0
2021-03-12 04:21:57,5,55,17.1,83,5.5,1013.4,1.0,1.7,7,1110.0,0
2021-03-12 04:26:57,5,55,17.1,83,5.5,1013.5,1.4,2.0,9,1110.0,0
2021-03-12 04:31:57,5,55,17.0,83,5.4,1013.6,1.4,2.0,8,1110.0,0
2021-03-12 04:36:57,5,55,17.0,83,5.4,1013.6,1.0,2.0,11,1110.0,0
2021-03-12 04:41:57,5,55,17.0,83,5.3,1013.7,0.7,1.0,10,1110.0,0
2021-03-12 04:46:57,5,55,17.0,84,5.2,1013.8,1.0,1.7,9,1110.0,0
2021-03-12 04:51:57,5,55,17.0,85,5.1,1013.7,0.7,1.7,7,1110.0,0
2021-03-12 04:56:57,5,56,16.9,85,5.1,1013.7,1.7,2.7,7,1110.0,0
2021-03-12 05:01:57,5,56,16.9,84,5.1,1013.8,1.0,2.0,1,1110.0,0
2021-03-12 05:06:57,5,56,16.9,85,5.1,1013.7,0.3,1.0,14,1110.0,0
2021-03-12 05:11:57,5,56,16.9,85,5.0,1013.9,1.4,2.0,10,1110.0,0
2021-03-12 05:16:57,5,56,16.9,85,5.0,1013.8,1.4,3.1,10,1110.0,0
2021-03-12 05:21:57,5,56,16.8,85,5.1,1013.8,1.7,2.7,8,1110.0,0
2021-03-12 05:26:57,5,56,16.8,85,5.0,1013.9,1.7,3.1,4,1110.0,0
2021-03-12 05:31:57,5,56,16.8,85,5.0,1014.0,0.7,2.7,8,1110.0,0
2021-03-12 05:36:57,5,56,16.8,85,5.0,1014.0,1.4,2.7,11,1110.0,0
2021-03-12 05:41:57,5,56,16.8,85,5.0,1014.1,1.4,3.1,9,1110.0,0
2021-03-12 05:46:57,5,56,16.8,85,5.0,1014.1,0.7,1.7,9,1110.0,0
2021-03-12 05:51:57,5,56,16.7,85,4.9,1014.2,0.7,2.0,6,1110.0,0
2021-03-12 05:56:57,5,56,16.7,85,4.9,1014.2,0.7,2.0,7,1110.0,0
2021-03-12 06:01:57,5,56,16.7,85,4.9,1014.2,1.0,1.7,8,1110.0,0
2021-03-12 06:06:57,5,56,16.7,85,4.8,1014.1,0.7,3.1,7,1110.0,0
2021-03-12 06:11:57,5,56,16.8,85,4.8,1014.0,0.3,1.7,6,1110.0,0
2021-03-12 06:16:57,5,56,16.9,85,4.8,1013.9,0.7,1.0,1,1110.0,0
2021-03-12 06:21:57,5,56,17.1,85,4.9,1013.8,0.7,1.7,2,1110.0,0
2021-03-12 06:26:57,5,56,17.3,85,4.8,1013.5,0.3,1.0,4,1110.0,0
2021-03-12 06:31:57,5,56,17.5,85,4.9,1013.4,1.7,3.7,8,1110.0,0
2021-03-12 06:36:57,5,56,17.7,85,5.0,1013.1,1.0,2.0,8,1110.0,0
2021-03-12 06:41:57,5,56,17.8,85,5.0,1013.0,0.7,2.0,10,1110.0,0
2021-03-12 06:46:57,5,56,18.1,85,5.1,1012.7,1.4,2.0,9,1110.0,0
2021-03-12 06:51:57,5,56,18.4,85,5.3,1012.4,0.3,1.0,5,1110.0,0
2021-03-12 06:56:57,5,55,19.6,84,5.5,1012.0,0.3,1.0,8,1110.0,0
2021-03-12 07:01:57,5,53,20.0,83,5.8,1011.7,1.0,2.0,11,1110.0,0
2021-03-12 07:06:57,5,53,20.5,83,6.0,1011.2,1.7,4.8,8,1110.0,0
2021-03-12 07:11:57,5,52,20.8,83,5.9,1010.9,1.0,2.0,8,1110.0,0
2021-03-12 07:16:57,5,50,21.0,83,5.9,1010.7,1.0,2.0,11,1110.0,0
2021-03-12 07:21:57,5,50,21.1,83,6.0,1010.6,1.0,2.0,9,1110.0,0
2021-03-12 07:26:57,5,50,21.2,83,6.2,1010.4,1.0,2.7,8,1110.0,0
2021-03-12 07:31:57,5,50,21.3,82,6.4,1010.1,0.7,1.7,7,1110.0,0
2021-03-12 07:36:57,5,50,21.5,81,6.6,1009.9,1.7,3.1,11,1110.0,0
2021-03-12 07:41:57,5,50,21.7,82,6.6,1009.9,0.3,1.7,9,1110.0,0
2021-03-12 07:46:57,5,50,21.7,81,6.6,1009.8,1.4,2.7,7,1110.0,0
2021-03-12 07:51:57,5,50,21.7,81,6.6,1009.7,1.4,2.0,11,1110.0,0
2021-03-12 07:56:57,5,50,21.7,80,6.9,1009.6,1.4,2.0,12,1110.0,0
2021-03-12 08:01:57,5,50,21.8,80,7.1,1009.6,2.0,3.7,3,1110.0,0
2021-03-12 08:06:57,5,50,21.8,80,7.4,1009.5,1.0,2.7,1,1110.0,0
2021-03-12 08:11:57,5,49,21.9,79,7.3,1009.3,1.4,4.1,6,1110.0,0
2021-03-12 08:16:57,5,48,22.1,79,7.5,1009.2,2.0,3.7,9,1110.0,0
2021-03-12 08:21:57,5,48,22.2,78,7.7,1009.3,1.7,2.7,6,1110.0,0
2021-03-12 08:26:57,5,48,22.3,78,7.9,1009.0,2.0,4.8,10,1110.0,0
2021-03-12 08:31:57,5,48,22.3,78,8.2,1009.0,1.0,1.7,5,1110.0,0
2021-03-12 08:36:57,5,48,22.4,78,8.1,1008.9,0.7,1.7,13,1110.0,0
2021-03-12 08:41:57,5,48,22.3,79,8.0,1009.0,1.0,2.0,3,1110.0,0
2021-03-12 08:46:57,5,48,22.2,79,7.9,1008.9,1.4,2.0,10,1110.0,0
2021-03-12 08:51:57,5,48,22.2,80,8.0,1009.1,0.7,2.7,12,1110.0,0
2021-03-12 08:56:57,5,48,22.0,79,8.0,1009.1,2.4,5.1,8,1110.0,0
2021-03-12 09:01:57,5,49,21.9,79,7.9,1009.4,1.4,2.0,11,1110.0,0
2021-03-12 09:06:57,5,49,21.8,80,7.9,1009.4,2.0,3.7,10,1110.0,0
2021-03-12 09:11:57,5,49,21.7,80,7.8,1009.3,1.7,3.1,13,1110.0,0
2021-03-12 09:16:57,5,49,21.6,80,7.9,1009.4,2.0,4.1,12,1110.0,0
2021-03-12 09:21:57,5,49,21.5,80,7.8,1009.5,1.4,2.0,3,1110.0,0
2021-03-12 09:26:57,5,49,21.4,79,7.9,1009.6,1.7,3.7,2,1110.0,0
2021-03-12 09:31:57,5,49,21.3,80,7.7,1009.8,2.0,4.1,10,1110.0,0
2021-03-12 09:36:57,5,49,21.1,83,7.2,1009.8,1.7,5.1,7,1110.3,0
2021-03-12 09:41:57,5,49,21.0,85,7.1,1009.9,1.0,1.7,9,1110.3,0
2021-03-12 09:46:57,5,50,20.8,85,6.9,1010.1,1.7,2.7,9,1110.6,0
2021-03-12 09:51:57,5,50,20.7,86,7.0,1010.2,1.7,3.1,13,1110.6,0
2021-03-12 09:56:57,5,50,20.6,84,7.0,1010.3,2.4,4.1,2,1110.6,0
2021-03-12 10:01:57,5,50,20.5,85,7.0,1010.5,1.4,2.7,14,1110.6,0
2021-03-12 10:06:57,5,50,20.4,85,7.0,1010.5,1.4,3.1,15,1110.6,0
2021-03-12 10:11:57,5,50,20.3,85,7.3,1010.5,1.0,2.0,10,1110.6,0
2021-03-12 10:16:57,5,51,20.3,86,7.2,1010.5,1.7,4.8,15,1110.6,0
2021-03-12 10:21:57,5,51,20.2,87,7.1,1010.5,1.4,3.1,4,1110.6,0
2021-03-12 10:26:57,5,51,20.2,87,6.9,1010.6,1.7,4.1,14,1110.6,0
2021-03-12 10:31:57,5,51,20.1,88,6.8,1010.7,1.7,2.7,10,1110.6,0
2021-03-12 10:36:57,5,51,20.0,89,6.7,1010.5,1.0,2.0,9,1110.9,0
2021-03-12 10:41:57,5,51,20.0,89,6.7,1010.6,0.7,1.7,12,1110.9,0
2021-03-12 10:46:57,5,52,19.8,90,6.8,1010.5,1.0,2.0,7,1111.2,0
2021-03-12 10:51:57,5,53,19.9,90,6.7,1010.4,1.4,2.0,7,1111.2,0
2021-03-12 10:56:57,5,52,20.0,89,6.8,1010.5,1.0,2.7,9,1111.2,0
2021-03-12 11:01:57,5,52,20.1,88,7.0,1010.1,1.4,3.1,9,1111.2,0
2021-03-12 11:06:57,5,53,20.3,87,7.0,1009.8,1.4,1.7,11,1111.2,0
2021-03-12 11:11:57,5,53,20.5,87,7.2,1009.4,1.7,3.1,4,1111.2,0
2021-03-12 11:16:57,5,53,20.9,85,7.7,1009.0,1.7,4.1,7,1111.2,0
2021-03-12 11:21:57,5,51,21.2,84,7.8,1008.6,2.0,3.7,9,1111.2,0
2021-03-12 11:26:57,5,51,21.6,83,7.8,1008.3,2.4,4.1,14,1111.2,0
2021-03-12 11:31:57,5,51,21.9,83,7.8,1007.9,2.0,3.1,10,1111.2,0
2021-03-12 11:36:57,5,49,22.1,82,7.8,1007.6,2.7,5.8,10,1111.2,0
2021-03-12 11:41:57,5,49,22.3,83,8.1,1007.4,1.0,2.0,7,1111.2,0
2021-03-12 11:46:57,5,49,22.5,82,8.1,1007.1,1.4,3.1,6,1111.2,0
2021-03-12 11:51:57,5,49,22.6,81,8.1,1006.7,2.7,5.1,7,1111.2,0
2021-03-12 11:56:57,5,48,22.7,81,8.1,1006.6,2.0,4.1,8,1111.2,0
2021-03-12 12:01:57,5,48,22.7,81,8.1,1006.5,2.0,4.8,6,1111.2,0
2021-03-12 12:06:57,5,48,22.7,82,8.0,1006.3,2.4,3.7,11,1111.2,0
2021-03-12 12:11:57,5,48,22.7,83,8.1,1006.2,1.7,4.8,5,1111.2,0
2021-03-12 12:16:57,5,47,22.7,83,8.0,1006.2,1.7,3.1,12,1111.2,0
2021-03-12 12:21:57,5,47,22.6,84,7.7,1006.1,2.0,3.1,9,1111.2,0
2021-03-12 12:26:57,5,48,22.6,84,7.6,1006.2,1.7,4.1,12,1111.2,0
2021-03-12 12:31:57,5,48,22.5,85,7.6,1005.9,1.4,2.7,4,1111.5,0
2021-03-12 12:36:57,5,48,22.4,85,7.8,1006.0,0.7,1.0,5,1111.5,0
2021-03-12 12:41:57,5,48,22.3,84,8.0,1006.0,1.7,2.7,8,1111.5,0
2021-03-12 12:46:57,5,48,22.2,82,8.3,1006.0,1.7,3.1,11,1111.5,0
2021-03-12 12:51:57,5,48,22.2,80,8.5,1005.8,2.0,4.1,9,1111.5,0
2021-03-12 12:56:57,5,48,22.1,80,8.5,1005.6,1.4,2.7,2,1111.5,0
2021-03-12 13:01:57,5,49,21.9,80,8.3,1006.0,3.7,7.1,7,1111.5,0
2021-03-12 13:06:57,5,49,21.9,85,7.5,1006.3,2.4,4.1,12,1111.5,0
2021-03-12 13:11:57,5,49,21.8,87,7.1,1006.3,2.0,3.7,7,1111.8,0
2021-03-12 13:16:57,5,49,21.7,86,7.2,1006.2,3.4,6.1,8,1111.8,0
2021-03-12 13:21:57,5,50,21.6,86,7.2,1006.2,2.4,4.1,7,1111.8,0
2021-03-12 13:26:57,5,50,21.5,87,7.3,1006.1,1.0,2.0,5,1111.8,0
2021-03-12 13:31:57,5,50,21.5,87,7.2,1006.1,1.0,2.7,2,1111.8,0
2021-03-12 13:36:57,5,50,21.4,87,7.2,1006.1,1.0,2.7,13,1111.8,0
2021-03-12 13:41:57,5,50,21.3,87,7.3,1006.2,1.7,2.7,1,1111.8,0
2021-03-12 13:46:57,5,51,21.3,87,7.3,1006.3,1.4,2.7,7,1112.1,0
2021-03-12 13:51:57,5,51,21.2,86,7.3,1006.3,2.7,5.8,8,1112.1,0
2021-03-12 13:56:57,5,51,21.2,84,7.4,1006.4,2.0,3.7,13,1112.1,0
2021-03-12 14:01:57,5,51,21.1,83,7.5,1006.3,1.4,3.7,13,1112.1,0
2021-03-12 14:06:57,5,50,21.1,82,7.6,1006.4,1.4,2.7,10,1112.1,0
2021-03-12 14:11:57,5,49,21.0,81,7.6,1006.6,1.7,2.7,14,1112.1,0
2021-03-12 14:16:57,5,49,21.0,81,7.6,1006.6,2.4,4.8,7,1112.1,0
2021-03-12 14:21:57,5,48,20.9,81,7.5,1006.5,2.0,4.1,10,1112.1,0
2021-03-12 14:26:57,5,48,20.9,82,7.6,1006.4,2.4,3.7,6,1112.1,0
2021-03-12 14:31:57,5,45,20.9,83,7.8,1006.6,1.4,3.1,7,1112.1,0
2021-03-12 14:36:57,5,45,20.9,82,7.9,1006.4,1.7,2.0,8,1112.1,0
2021-03-12 14:41:57,5,46,20.9,81,8.0,1006.6,1.4,2.0,11,1112.1,0
2021-03-12 14:46:57,5,46,21.0,80,8.2,1006.3,2.0,3.7,8,1112.1,0
2021-03-12 14:51:57,5,46,21.1,80,8.3,1006.2,1.0,2.0,5,1112.1,0
2021-03-12 14:56:57,5,47,21.1,80,8.2,1006.2,2.4,4.1,6,1112.1,0
2021-03-12 15:01:57,5,47,21.1,80,8.2,1006.2,2.0,4.1,11,1112.1,0
2021-03-12 15:06:57,5,47,21.2,80,8.2,1006.2,2.0,3.7,9,1112.1,0
2021-03-12 15:11:57,5,48,21.2,80,8.1,1006.1,1.7,2.7,11,1112.1,0
2021-03-12 15:16:57,5,48,21.2,80,8.2,1006.1,1.7,3.7,5,1112.1,0
2021-03-12 15:21:57,5,48,21.2,80,8.3,1006.2,1.0,2.7,5,1112.1,0
2021-03-12 15:26:57,5,49,21.1,80,8.4,1006.1,2.7,5.8,2,1112.1,0
2021-03-12 15:31:57,5,49,21.1,80,8.5,1006.3,2.0,4.8,7,1112.1,0
2021-03-12 15:36:57,5,49,21.1,80,8.6,1006.3,1.4,3.1,13,1112.1,0
2021-03-12 15:41:57,5,49,21.1,80,8.7,1006.1,1.7,3.1,6,1112.1,0
2021-03-12 15:46:57,5,49,21.1,79,8.8,1006.2,2.7,6.1,11,1112.1,0
2021-03-12 15:51:57,5,49,21.1,78,8.8,1006.2,2.7,6.8,5,1112.1,0
2021-03-12 15:56:57,5,49,21.0,78,8.8,1006.3,1.4,3.1,1,1112.1,0
2021-03-12 16:01:57,5,49,21.0,78,8.8,1006.1,2.0,4.1,8,1112.1,0
2021-03-12 16:06:57,5,49,21.0,78,8.8,1006.2,2.0,4.8,10,1112.1,0
2021-03-12 16:11:57,5,49,21.0,78,8.7,1006.2,3.1,7.1,12,1112.1,0
2021-03-12 16:16:57,5,49,21.0,78,8.7,1006.0,3.4,5.1,6,1112.1,0
2021-03-12 16:21:57,5,49,21.1,78,8.7,1005.9,2.4,3.7,8,1112.1,0
2021-03-12 16:26:57,5,49,21.2,78,8.7,1005.7,1.7,2.7,7,1112.1,0
2021-03-12 16:31:57,5,49,21.3,78,8.7,1005.5,1.4,2.7,1,1112.1,0
2021-03-12 16:36:57,5,49,21.5,78,8.6,1005.2,1.4,2.7,9,1112.1,0
2021-03-12 16:41:57,5,49,21.6,77,8.6,1005.3,3.1,6.1,7,1112.1,0
2021-03-12 16:46:57,5,48,21.7,77,8.6,1005.1,1.7,4.8,7,1112.1,0
2021-03-12 16:51:57,5,49,21.8,77,8.6,1004.9,2.0,4.8,5,1112.1,0
2021-03-12 16:56:57,5,49,21.9,77,8.5,1004.7,1.7,3.1,8,1112.1,0
2021-03-12 17:01:57,5,47,22.0,77,8.5,1004.7,2.0,3.7,6,1112.1,0
2021-03-12 17:06:57,5,46,22.1,77,8.5,1004.7,2.0,3.1,11,1112.1,0
2021-03-12 17:11:57,5,46,22.0,77,8.5,1004.7,2.0,3.7,15,1112.1,0
2021-03-12 17:16:57,5,46,21.9,77,8.4,1004.9,1.7,2.7,9,1112.1,0
2021-03-12 17:21:57,5,47,21.9,78,8.2,1005.0,1.7,2.7,10,1112.1,0
2021-03-12 17:26:57,5,49,21.9,78,8.2,1005.2,2.0,3.1,10,1112.1,0
2021-03-12 17:31:57,5,49,21.9,78,8.1,1005.3,2.0,3.7,7,1112.1,0
2021-03-12 17:36:57,5,49,21.8,78,8.0,1005.4,1.7,3.1,11,1112.1,0
2021-03-12 17:41:57,5,50,21.8,78,8.0,1005.5,1.0,2.0,5,1112.1,0
2021-03-12 17:46:57,5,50,21.7,79,8.0,1005.6,0.7,1.7,6,1112.1,0
2021-03-12 17:51:57,5,50,21.7,78,7.9,1005.6,1.7,3.7,3,1112.1,0
2021-03-12 17:56:57,5,50,21.6,78,7.8,1005.8,1.0,2.0,9,1112.1,0
2021-03-12 18:01:57,5,50,21.5,78,7.9,1006.0,1.7,2.7,8,1112.1,0
2021-03-12 18:06:57,5,51,21.4,78,7.8,1005.9,1.4,4.1,12,1112.1,0
2021-03-12 18:11:57,5,51,21.3,78,7.8,1006.1,3.1,5.1,12,1112.1,0
2021-03-12 18:16:57,5,51,21.3,78,7.8,1006.2,2.7,4.8,9,1112.1,0
2021-03-12 18:21:57,5,51,21.2,78,7.7,1006.3,1.7,3.7,11,1112.1,0
2021-03-12 18:26:57,5,52,21.1,79,7.7,1006.4,1.0,2.7,9,1112.1,0
2021-03-12 18:31:57,5,52,21.1,79,7.7,1006.3,1.0,2.0,9,1112.1,0
2021-03-12 18:36:57,5,52,21.0,79,7.7,1006.5,0.7,1.0,7,1112.1,0
2021-03-12 18:41:58,5,52,21.0,78,7.7,1006.5,1.4,3.1,10,1112.1,0
2021-03-12 18:46:58,5,52,21.0,78,7.8,1006.5,1.0,2.0,5,1112.1,0
2021-03-12 18:51:58,5,53,20.9,78,7.7,1006.5,2.4,5.1,8,1112.1,0
2021-03-12 18:56:58,5,54,20.9,78,7.7,1006.7,1.4,2.7,7,1112.1,0
2021-03-12 19:01:58,5,54,20.9,78,7.7,1006.6,1.7,3.7,6,1112.1,0
2021-03-12 19:06:58,5,54,20.9,78,7.7,1006.7,1.7,3.1,0,1112.1,0
2021-03-12 19:11:58,5,55,20.9,78,7.6,1006.7,1.4,2.0,7,1112.1,0
2021-03-12 19:16:58,5,54,21.1,78,7.5,1006.4,1.0,3.1,6,1112.1,0
2021-03-12 19:21:58,5,54,21.2,78,7.5,1006.3,1.4,2.7,13,1112.1,0
2021-03-12 19:26:58,5,53,21.5,79,7.4,1006.0,0.7,1.7,6,1112.1,0
2021-03-12 19:31:58,5,53,21.6,79,7.3,1005.8,0.7,1.7,13,1112.1,0
2021-03-12 19:36:58,5,53,21.7,80,7.3,1005.7,1.0,2.0,11,1112.1,0
2021-03-12 19:41:58,5,53,21.8,80,7.3,1005.6,1.0,1.7,6,1112.1,0
2021-03-12 19:46:58,5,53,21.9,80,7.2,1005.6,1.0,1.7,6,1112.1,0
2021-03-12 19:51:58,5,53,21.9,80,7.3,1005.4,1.4,2.7,12,1112.1,0
2021-03-12 19:56:58,5,52,21.9,80,7.3,1005.3,1.4,2.7,8,1112.1,0
2021-03-12 20:01:58,5,52,21.9,81,7.3,1005.3,1.7,2.7,11,1112.1,0
2021-03-12 20:06:58,5,52,21.9,80,7.4,1005.2,1.0,2.0,7,1112.1,0
2021-03-12 20:11:58,5,52,21.9,80,7.4,1005.2,1.7,2.7,11,1112.1,0
2021-03-12 20:16:58,5,52,21.9,81,7.3,1005.3,1.4,2.7,2,1112.1,0
2021-03-12 20:21:58,5,52,21.9,81,7.3,1005.4,1.0,3.1,12,1112.1,0
2021-03-12 20:26:58,5,52,21.8,80,7.3,1005.5,1.4,3.1,8,1112.1,0
2021-03-12 20:31:58,5,53,21.8,80,7.4,1005.4,1.4,2.7,5,1112.1,0
2021-03-12 20:36:58,5,53,21.8,80,7.4,1005.5,0.7,1.7,8,1112.1,0
2021-03-12 20:41:58,5,53,21.8,80,7.4,1005.5,2.7,4.8,9,1112.1,0
2021-03-12 20:46:58,5,53,21.7,80,7.4,1005.5,2.0,3.7,9,1112.1,0
2021-03-12 20:51:58,5,53,21.7,81,7.3,1005.7,1.4,3.7,9,1112.1,0
2021-03-12 20:56:58,5,53,21.6,81,7.4,1005.7,1.4,2.0,1,1112.1,0
2021-03-12 21:01:58,5,54,21.6,81,7.4,1005.6,1.4,3.1,4,1112.1,0
2021-03-12 21:06:58,5,54,21.6,81,7.4,1005.7,1.4,3.7,6,1112.1,0
2021-03-12 21:11:58,5,54,21.5,81,7.5,1005.7,2.0,4.1,7,1112.1,0
2021-03-12 21:16:58,5,54,21.5,81,7.4,1005.7,2.0,4.1,12,1112.1,0
2021-03-12 21:21:58,5,54,21.5,81,7.4,1005.6,1.4,3.1,1,1112.1,0
2021-03-12 21:26:58,5,54,21.5,81,7.4,1005.7,1.7,3.1,6,1112.1,0
2021-03-12 21:31:58,5,54,21.3,81,7.3,1005.8,1.0,1.7,10,1112.1,0
2021-03-12 21:36:58,5,54,21.3,81,7.4,1005.9,1.0,1.7,6,1112.1,0
2021-03-12 21:41:58,5,54,21.3,82,7.4,1006.0,1.7,3.1,9,1112.1,0
2021-03-12 21:46:58,5,54,21.2,82,7.4,1006.0,1.4,2.7,9,1112.1,0
2021-03-12 21:52:01,5,54,21.2,82,7.4,1006.0,1.7,3.1,7,1112.1,0
2021-03-12 21:57:01,5,54,21.2,82,7.4,1006.0,1.7,2.7,8,1112.1,0
2021-03-12 22:02:01,5,54,21.1,82,7.4,1005.8,1.7,5.1,6,1112.1,0
2021-03-12 22:07:01,5,54,21.1,82,7.4,1005.7,1.4,3.1,8,1112.1,0
2021-03-12 22:12:01,5,54,21.1,81,7.5,1005.8,1.4,3.1,10,1112.1,0
2021-03-12 22:17:01,5,54,21.0,82,7.4,1005.8,1.0,2.7,9,1112.1,0
2021-03-12 22:22:01,5,54,20.9,82,7.5,1005.9,2.0,4.1,7,1112.1,0
2021-03-12 22:27:01,5,53,20.9,82,7.4,1006.0,1.4,3.7,12,1112.1,0
2021-03-12 22:32:01,5,54,20.8,82,7.4,1005.8,1.4,3.1,8,1112.1,0
2021-03-12 22:37:01,5,54,20.7,82,7.4,1005.7,1.7,3.7,10,1112.1,0
2021-03-12 22:42:01,5,54,20.7,82,7.4,1005.7,1.0,2.0,0,1112.1,0
2021-03-12 22:47:01,5,54,20.6,82,7.4,1005.8,1.7,3.1,12,1112.1,0
2021-03-12 22:52:01,5,54,20.6,83,7.3,1005.8,0.3,1.0,13,1112.1,0
2021-03-12 22:57:01,5,54,20.6,83,7.2,1005.7,1.4,2.7,8,1112.1,0
2021-03-12 23:02:01,5,55,20.5,83,7.1,1005.6,0.3,0.7,10,1112.1,0
2021-03-12 23:07:01,5,55,20.5,83,7.2,1005.7,1.4,3.7,8,1112.1,0
2021-03-12 23:12:01,5,55,20.5,83,7.3,1005.5,1.7,3.1,12,1112.1,0
2021-03-12 23:17:01,5,55,20.4,82,7.4,1005.5,1.0,2.0,11,1112.1,0
2021-03-12 23:22:01,5,55,20.4,82,7.5,1005.3,2.0,4.1,8,1112.1,0
2021-03-12 23:27:01,5,55,20.4,82,7.5,1005.3,1.7,3.7,7,1112.1,0
2021-03-12 23:32:01,5,55,20.3,82,7.4,1005.1,1.4,3.7,8,1112.1,0
2021-03-12 23:37:01,5,55,20.3,83,7.4,1005.0,1.0,2.0,10,1112.1,0
2021-03-12 23:42:01,5,55,20.3,83,7.4,1004.8,1.7,4.1,13,1112.1,0
2021-03-12 23:47:01,5,55,20.2,83,7.3,1005.1,1.0,2.0,9,1112.1,0
2021-03-12 23:52:01,5,55,20.2,82,7.3,1004.8,1.4,2.7,11,1112.1,0
2021-03-12 23:57:01,5,55,20.1,82,7.4,1004.8,0.7,2.0,0,1112.1,0
