2024-08-14 00:02:01,5,61,26.2,80,21.1,1010.1,0.0,0.0,3,5265.3,0
2024-08-14 00:07:01,5,60,26.2,80,21.1,1010.5,0.0,0.0,3,5265.3,0
2024-08-14 00:12:01,5,60,26.2,80,21.2,1010.5,0.0,0.0,1,5265.3,0
2024-08-14 00:17:01,5,60,26.2,80,21.2,1010.5,0.0,0.0,1,5265.3,0
2024-08-14 00:22:01,5,60,26.2,80,21.2,1010.3,0.0,0.0,1,5265.3,0
2024-08-14 00:27:01,5,60,26.2,80,21.2,1010.3,0.0,0.0,1,5265.3,0
2024-08-14 00:32:01,5,60,26.2,80,21.2,1010.4,0.0,0.0,1,5265.3,0
2024-08-14 00:37:01,5,60,26.2,83,21.5,1010.2,0.3,0.7,2,5265.3,0
2024-08-14 00:42:01,5,60,26.1,86,21.3,1009.8,0.0,0.0,2,5265.3,0
2024-08-14 00:47:01,5,60,26.1,88,21.1,1009.9,0.0,0.7,2,5265.3,0
2024-08-14 00:52:01,5,60,26.0,89,21.1,1009.9,0.0,0.7,2,5265.3,0
2024-08-14 00:57:01,5,60,26.0,89,21.1,1009.8,0.0,0.7,2,5265.3,0
2024-08-14 01:02:01,5,60,26.0,90,21.1,1009.6,0.0,0.0,2,5265.3,0
2024-08-14 01:07:01,5,60,26.1,90,21.0,1009.6,0.0,0.0,2,5265.3,0
2024-08-14 01:12:01,5,60,26.0,91,20.9,1009.7,0.0,0.0,2,5265.3,0
2024-08-14 01:17:01,5,60,26.0,91,20.9,1009.6,0.0,0.0,2,5265.3,0
2024-08-14 01:22:01,5,60,26.0,91,20.9,1009.4,0.0,0.0,3,5265.3,0
2024-08-14 01:27:01,5,61,26.0,92,20.8,1009.5,0.0,0.7,3,5265.3,0
2024-08-14 01:32:01,5,61,26.0,92,20.7,1009.4,0.0,0.0,3,5265.3,0
2024-08-14 01:37:01,5,61,26.0,92,20.5,1009.4,0.0,0.7,3,5265.3,0
2024-08-14 01:42:01,5,61,26.0,92,20.5,1009.4,0.0,0.0,3,5265.3,0
2024-08-14 01:47:01,5,61,26.0,92,20.4,1009.3,0.0,0.0,5,5265.3,0
2024-08-14 01:52:01,5,61,26.0,92,20.4,1009.4,0.0,0.0,5,5265.3,0
2024-08-14 01:57:01,5,61,26.0,92,20.4,1009.4,0.0,0.0,5,5265.3,0
2024-08-14 02:02:01,5,61,26.0,92,20.3,1009.6,0.0,0.0,5,5265.3,0
2024-08-14 02:07:01,5,61,26.0,92,20.3,1009.8,0.0,0.0,5,5265.3,0
2024-08-14 02:12:01,5,61,26.0,92,20.3,1009.8,0.0,0.0,5,5265.3,0
2024-08-14 02:17:01,5,61,26.0,92,20.3,1009.5,0.0,0.0,5,5265.3,0
2024-08-14 02:22:01,5,61,26.0,92,20.2,1009.5,0.0,0.0,2,5265.3,0
2024-08-14 02:27:01,5,61,26.0,92,20.2,1009.5,0.0,0.0,2,5265.3,0
2024-08-14 02:32:01,5,61,26.0,92,20.1,1009.7,0.0,0.0,2,5265.3,0
2024-08-14 02:37:01,5,61,26.0,92,20.1,1009.7,0.0,0.0,3,5265.3,0
2024-08-14 02:42:01,5,61,26.0,92,20.1,1009.9,0.0,0.0,2,5265.3,0
2024-08-14 02:47:01,5,61,26.0,92,20.1,1009.9,0.0,0.0,3,5265.3,0
2024-08-14 02:52:01,5,61,26.0,92,20.2,1009.8,0.0,0.0,2,5265.3,0
2024-08-14 02:57:01,5,61,26.0,92,20.3,1010.2,0.0,0.0,3,5265.3,0
2024-08-14 03:02:01,5,61,26.0,92,20.3,1010.1,0.0,0.0,3,5265.3,0
2024-08-14 03:07:01,5,61,26.0,92,20.4,1010.3,0.0,0.0,3,5265.3,0
2024-08-14 03:12:01,5,61,26.0,91,20.4,1010.3,0.0,0.0,3,5265.3,0
2024-08-14 03:17:01,5,61,26.0,90,20.5,1010.3,0.7,1.0,5,5265.3,0
2024-08-14 03:22:01,5,61,26.0,90,20.6,1010.4,0.0,0.0,5,5265.3,0
2024-08-14 03:27:01,5,62,26.0,89,20.7,1010.4,0.0,0.0,5,5265.3,0
2024-08-14 03:32:01,5,62,26.0,89,20.8,1010.4,0.0,0.0,5,5265.3,0
2024-08-14 03:37:01,5,62,26.0,88,20.7,1010.5,0.0,0.0,5,5265.3,0
2024-08-14 03:42:01,5,61,26.0,88,20.7,1010.4,0.3,0.7,6,5265.3,0
2024-08-14 03:47:01,5,61,26.0,88,20.7,1010.4,0.0,0.0,6,5265.3,0
2024-08-14 03:52:01,5,61,26.0,88,20.7,1010.4,0.0,0.0,6,5265.3,0
2024-08-14 03:57:01,5,61,26.0,88,20.7,1010.5,0.3,1.0,6,5265.3,0
2024-08-14 04:02:01,5,61,26.0,88,20.7,1010.8,0.3,0.7,6,5265.3,0
2024-08-14 04:07:01,5,61,26.0,88,20.6,1010.7,0.0,0.7,6,5265.3,0
2024-08-14 04:12:01,5,61,26.0,88,20.6,1010.8,0.7,1.0,6,5265.3,0
2024-08-14 04:17:01,5,61,26.0,88,20.6,1010.8,0.7,1.7,7,5265.3,0
2024-08-14 04:22:01,5,61,26.0,87,20.6,1010.8,0.3,0.7,6,5265.3,0
2024-08-14 04:27:01,5,61,26.0,87,20.6,1010.7,0.0,0.7,5,5265.3,0
2024-08-14 04:32:01,5,61,26.0,87,20.6,1010.8,0.0,0.0,3,5265.3,0
2024-08-14 04:37:01,5,61,26.0,87,20.7,1010.9,0.0,0.7,4,5265.3,0
2024-08-14 04:42:01,5,61,26.0,88,20.7,1010.7,0.0,0.7,3,5265.3,0
2024-08-14 04:47:01,5,61,26.0,89,20.7,1010.8,0.0,0.7,6,5265.3,0
2024-08-14 04:52:01,5,61,26.0,89,20.5,1011.0,0.3,0.7,6,5265.3,0
2024-08-14 04:57:01,5,61,26.0,89,20.5,1011.0,0.7,1.7,6,5265.3,0
2024-08-14 05:02:01,5,61,26.0,90,20.5,1011.0,0.3,1.0,6,5265.3,0
2024-08-14 05:07:01,5,61,26.0,90,20.5,1010.9,0.0,0.0,3,5265.3,0
2024-08-14 05:12:01,5,61,26.0,93,20.1,1010.9,0.7,1.7,7,5266.8,0
2024-08-14 05:17:01,5,62,26.0,95,19.7,1011.0,1.0,2.7,8,5266.8,0
2024-08-14 05:22:01,5,62,26.0,96,19.5,1010.8,0.0,0.0,14,5267.1,0
2024-08-14 05:27:01,5,62,26.0,96,19.5,1010.9,0.7,1.0,6,5267.1,0
2024-08-14 05:32:01,5,62,26.0,97,19.5,1010.7,0.0,0.0,5,5267.1,0
2024-08-14 05:37:01,5,62,26.0,97,19.5,1010.5,0.0,0.0,0,5267.1,0
2024-08-14 05:42:01,5,63,25.2,97,19.6,1010.5,0.0,0.0,1,5267.1,0
2024-08-14 05:47:01,5,63,25.2,98,19.6,1010.5,0.3,0.7,7,5267.1,0
2024-08-14 05:52:01,5,63,25.1,98,19.5,1010.3,0.7,1.0,5,5267.1,0
2024-08-14 05:57:01,5,63,25.1,98,19.6,1010.4,0.0,0.0,2,5267.1,0
2024-08-14 06:02:01,5,63,25.1,98,19.7,1010.3,0.0,0.0,1,5267.1,0
2024-08-14 06:07:01,5,63,25.1,98,19.6,1010.3,0.0,0.0,5,5267.1,0
2024-08-14 06:12:01,5,63,25.1,98,19.7,1010.2,0.0,0.0,5,5267.1,0
2024-08-14 06:17:01,5,63,25.1,98,19.6,1010.3,0.0,0.0,5,5267.1,0
2024-08-14 06:22:01,5,63,25.9,98,19.6,1010.2,0.0,0.0,5,5267.1,0
2024-08-14 06:27:01,5,63,25.9,98,19.5,1010.2,0.0,0.0,6,5267.1,0
2024-08-14 06:32:01,5,64,25.9,98,19.5,1010.3,0.0,0.7,5,5267.1,0
2024-08-14 06:37:01,5,64,25.9,98,19.5,1010.4,0.0,0.7,2,5267.1,0
2024-08-14 06:42:01,5,64,25.1,98,19.5,1010.4,0.0,0.0,5,5267.1,0
2024-08-14 06:47:01,5,64,25.9,98,19.6,1010.4,0.0,0.7,3,5267.1,0
2024-08-14 06:52:01,5,64,25.9,98,19.7,1010.5,0.0,0.7,6,5267.1,0
2024-08-14 06:57:01,5,63,26.0,98,19.7,1010.5,0.3,1.0,5,5267.1,0
2024-08-14 07:02:01,5,63,26.0,98,19.8,1010.5,0.0,0.7,4,5267.1,0
2024-08-14 07:07:01,5,63,26.0,98,19.5,1010.7,0.7,1.7,7,5267.1,0
2024-08-14 07:12:01,5,63,26.0,98,19.6,1010.7,0.3,0.7,7,5267.1,0
2024-08-14 07:17:01,5,63,26.0,97,19.4,1010.7,0.7,1.0,8,5267.1,0
2024-08-14 07:22:01,5,62,26.0,97,19.5,1010.7,0.7,1.0,6,5267.1,0
2024-08-14 07:27:01,5,63,25.9,96,19.7,1010.8,0.7,1.0,6,5267.1,0
2024-08-14 07:32:01,5,63,25.9,96,20.1,1010.8,0.0,0.7,5,5267.1,0
2024-08-14 07:37:01,5,64,25.9,95,20.3,1010.7,0.0,0.0,5,5267.1,0
2024-08-14 07:42:01,5,63,26.0,95,20.4,1010.6,0.0,0.0,2,5267.1,0
2024-08-14 07:47:01,5,63,26.0,94,20.7,1010.6,0.0,0.7,4,5267.1,0
2024-08-14 07:52:01,5,63,26.0,93,20.7,1010.8,1.0,1.7,5,5267.1,0
2024-08-14 07:57:01,5,64,26.0,93,20.9,1010.6,0.7,1.0,6,5267.1,0
2024-08-14 08:02:01,5,63,26.0,92,20.9,1010.6,1.0,2.0,6,5267.1,0
2024-08-14 08:07:01,5,63,26.0,91,21.2,1010.5,0.7,1.7,5,5267.1,0
2024-08-14 08:12:01,5,63,26.0,91,21.2,1010.4,0.7,1.7,6,5267.1,0
2024-08-14 08:17:01,5,63,26.0,89,21.2,1010.4,1.0,1.7,8,5267.1,0
2024-08-14 08:22:01,5,63,26.2,90,21.2,1010.3,0.7,1.7,5,5267.1,0
2024-08-14 08:27:01,5,63,26.3,89,21.4,1010.4,0.7,1.0,3,5267.1,0
2024-08-14 08:32:01,5,63,26.3,89,21.7,1010.3,0.3,1.0,3,5267.1,0
2024-08-14 08:37:01,5,63,26.3,88,21.6,1010.2,1.0,1.7,5,5267.1,0
2024-08-14 08:42:01,5,62,26.3,89,21.6,1010.3,0.0,0.7,6,5267.1,0
2024-08-14 08:47:01,5,62,26.3,88,21.5,1010.3,0.7,2.0,6,5267.1,0
2024-08-14 08:52:01,5,62,26.3,87,21.6,1010.3,0.7,1.0,5,5267.1,0
2024-08-14 08:57:01,5,62,26.3,87,21.7,1010.4,0.3,1.0,5,5267.1,0
2024-08-14 09:02:01,5,62,26.3,87,21.5,1010.3,1.0,1.7,7,5267.1,0
2024-08-14 09:07:01,5,62,26.3,87,21.6,1010.4,0.7,1.0,6,5267.1,0
2024-08-14 09:12:01,5,62,26.4,87,21.9,1010.3,0.0,0.7,6,5267.1,0
2024-08-14 09:17:01,5,62,26.4,86,22.2,1010.5,0.0,0.0,5,5267.1,0
2024-08-14 09:22:01,5,62,26.4,85,22.0,1010.5,0.3,0.7,6,5267.1,0
2024-08-14 09:27:01,5,62,26.5,83,22.2,1010.6,0.7,1.7,5,5267.1,0
2024-08-14 09:32:01,5,61,26.5,82,22.4,1010.4,0.0,0.7,5,5267.1,0
2024-08-14 09:37:01,5,61,26.5,82,22.9,1010.4,0.0,0.0,3,5267.1,0
2024-08-14 09:42:01,5,61,26.5,82,22.8,1010.5,0.0,0.0,2,5267.1,0
2024-08-14 09:47:01,5,61,26.5,81,22.6,1010.5,0.0,0.7,5,5267.1,0
2024-08-14 09:52:01,5,61,26.5,81,22.7,1010.5,0.0,0.7,2,5267.1,0
2024-08-14 09:57:01,5,61,26.5,81,22.5,1010.5,0.3,1.0,1,5267.1,0
2024-08-14 10:02:01,5,61,26.5,81,22.7,1010.7,0.7,1.0,5,5267.1,0
2024-08-14 10:07:01,5,61,26.5,80,22.9,1010.8,0.0,0.0,5,5267.1,0
2024-08-14 10:12:01,5,61,26.5,79,23.1,1010.8,0.3,1.0,5,5267.1,0
2024-08-14 10:17:01,5,61,26.5,79,22.5,1011.0,0.7,1.7,6,5267.1,0
2024-08-14 10:22:01,5,61,26.5,80,23.1,1010.9,0.3,1.0,5,5267.1,0
2024-08-14 10:27:01,5,60,26.5,80,22.9,1010.8,0.7,1.0,5,5267.1,0
2024-08-14 10:32:01,5,60,26.6,79,22.8,1010.8,0.7,1.0,6,5267.1,0
2024-08-14 10:37:01,5,60,26.6,80,22.9,1010.9,0.3,0.7,5,5267.1,0
2024-08-14 10:42:01,5,60,26.7,80,23.4,1010.8,0.0,0.0,3,5267.1,0
2024-08-14 10:47:01,5,60,26.7,80,23.0,1010.9,0.3,0.7,2,5267.1,0
2024-08-14 10:52:01,5,60,26.7,80,22.8,1010.7,0.7,1.0,5,5267.1,0
2024-08-14 10:57:01,5,60,26.7,79,23.1,1010.9,0.3,0.7,5,5267.1,0
2024-08-14 11:02:01,5,60,26.6,80,22.9,1011.0,0.3,0.7,6,5267.1,0
2024-08-14 11:07:01,5,60,26.6,81,22.5,1011.1,0.7,1.0,8,5267.1,0
2024-08-14 11:12:01,5,60,26.6,82,22.5,1011.2,0.0,0.7,6,5267.1,0
2024-08-14 11:17:01,5,59,26.5,82,22.8,1011.3,0.0,0.7,8,5267.1,0
2024-08-14 11:22:01,5,59,26.5,83,22.4,1011.3,0.7,1.0,6,5267.1,0
2024-08-14 11:27:01,5,59,26.3,83,22.3,1011.4,0.3,0.7,8,5267.1,0
2024-08-14 11:32:01,5,59,26.3,83,22.3,1011.7,0.3,0.7,9,5267.1,0
2024-08-14 11:37:01,5,59,26.3,83,22.3,1011.7,0.0,0.0,9,5267.1,0
2024-08-14 11:42:01,5,59,26.3,84,22.1,1011.8,0.3,0.7,9,5267.1,0
2024-08-14 11:47:01,5,59,26.2,85,22.1,1011.9,0.0,0.0,8,5267.1,0
2024-08-14 11:52:01,5,60,26.2,85,22.0,1012.0,0.0,0.7,8,5267.1,0
2024-08-14 11:57:01,5,60,26.0,85,22.1,1012.1,0.0,0.0,4,5267.1,0
2024-08-14 12:02:01,5,60,26.0,84,22.0,1012.0,0.0,0.7,7,5267.1,0
2024-08-14 12:07:01,5,60,26.0,84,21.9,1012.1,0.7,1.0,8,5267.1,0
2024-08-14 12:12:01,5,60,26.0,84,21.7,1012.2,0.7,1.0,8,5267.1,0
2024-08-14 12:17:01,5,60,26.0,84,21.9,1012.2,0.0,0.0,8,5267.1,0
2024-08-14 12:22:01,5,60,26.0,84,21.8,1012.3,0.7,1.0,6,5267.1,0
2024-08-14 12:27:01,5,60,26.0,84,21.7,1012.4,0.7,1.0,8,5267.1,0
2024-08-14 12:32:01,5,60,26.0,84,21.8,1012.4,0.3,1.0,9,5267.1,0
2024-08-14 12:37:01,5,59,26.0,84,21.8,1012.5,0.3,1.0,8,5267.1,0
2024-08-14 12:42:01,5,59,26.0,84,21.7,1012.5,0.7,1.0,6,5267.1,0
2024-08-14 12:47:01,5,60,26.0,84,21.8,1012.6,0.0,0.7,6,5267.1,0
2024-08-14 12:52:01,5,60,26.0,85,21.8,1012.7,0.3,1.0,6,5267.1,0
2024-08-14 12:57:01,5,60,26.0,86,21.7,1012.7,0.0,0.0,7,5267.1,0
2024-08-14 13:02:01,5,61,25.9,86,21.8,1012.7,0.7,1.0,6,5267.1,0
2024-08-14 13:07:01,5,61,25.9,86,21.7,1012.7,0.3,1.0,5,5267.1,0
2024-08-14 13:12:01,5,61,25.9,87,22.0,1012.7,0.0,0.0,6,5267.1,0
2024-08-14 13:17:01,5,61,26.0,86,22.2,1012.6,0.0,0.7,6,5267.1,0
2024-08-14 13:22:01,5,61,26.0,86,22.3,1012.6,0.3,1.0,6,5267.1,0
2024-08-14 13:27:01,5,62,25.9,86,22.2,1012.7,0.7,1.0,6,5267.1,0
2024-08-14 13:32:01,5,61,26.0,86,22.1,1012.6,0.0,0.7,6,5267.1,0
2024-08-14 13:37:01,5,62,25.9,86,22.0,1012.5,0.3,0.7,6,5267.1,0
2024-08-14 13:42:01,5,62,25.9,86,22.0,1012.5,0.3,1.0,6,5267.1,0
2024-08-14 13:47:01,5,62,25.9,87,22.0,1012.5,0.3,1.0,6,5267.1,0
2024-08-14 13:52:01,5,62,25.9,87,21.9,1012.5,0.0,0.7,6,5267.1,0
2024-08-14 13:57:01,5,63,25.9,88,21.9,1012.7,0.7,1.0,7,5267.1,0
2024-08-14 14:02:01,5,63,25.9,88,22.0,1012.8,0.3,1.0,7,5267.1,0
2024-08-14 14:07:01,5,63,25.9,88,21.9,1012.8,0.0,0.7,7,5267.1,0
2024-08-14 14:12:01,5,63,25.9,88,22.0,1012.8,0.0,0.7,7,5267.1,0
2024-08-14 14:17:01,5,63,25.9,88,22.0,1012.8,0.0,0.0,7,5267.1,0
2024-08-14 14:22:01,5,63,25.9,89,22.1,1012.8,0.0,0.0,8,5267.1,0
2024-08-14 14:27:01,5,64,25.9,89,22.0,1012.8,0.0,0.0,8,5267.1,0
2024-08-14 14:32:01,5,64,25.1,89,22.1,1012.8,0.0,0.0,8,5267.1,0
2024-08-14 14:37:01,5,64,25.1,89,22.3,1012.8,0.0,0.0,8,5267.1,0
2024-08-14 14:42:01,5,65,25.1,90,22.2,1012.9,0.0,0.7,8,5267.1,0
2024-08-14 14:47:01,5,65,25.1,90,22.3,1012.8,0.0,0.0,7,5267.1,0
2024-08-14 14:52:01,5,65,25.1,90,22.4,1013.0,0.0,0.0,8,5267.1,0
2024-08-14 14:57:01,5,65,25.9,90,22.6,1012.9,0.0,0.0,8,5267.4,0
2024-08-14 15:02:01,5,66,25.9,89,22.4,1012.9,0.3,1.0,8,5267.4,0
2024-08-14 15:07:01,5,66,25.9,90,22.1,1012.9,0.0,0.7,7,5267.4,0
2024-08-14 15:12:01,5,66,25.9,90,22.4,1012.9,0.0,0.7,8,5267.4,0
2024-08-14 15:17:01,5,67,25.9,90,22.5,1012.9,0.0,0.0,7,5267.4,0
2024-08-14 15:22:01,5,67,25.9,89,22.4,1012.9,0.3,0.7,9,5267.4,0
2024-08-14 15:27:01,5,67,25.9,90,22.5,1012.9,0.0,0.0,9,5267.4,0
2024-08-14 15:32:01,5,67,25.9,90,22.7,1012.9,0.0,0.0,8,5267.4,0
2024-08-14 15:37:01,5,67,25.9,90,22.7,1013.0,0.0,0.0,3,5267.4,0
2024-08-14 15:42:01,5,67,25.9,89,22.6,1012.9,0.0,0.0,9,5267.4,0
2024-08-14 15:47:01,5,67,25.9,89,22.6,1013.0,0.0,0.7,10,5267.4,0
2024-08-14 15:52:01,5,67,25.9,90,22.9,1012.9,0.0,0.0,9,5267.4,0
2024-08-14 15:57:01,5,67,25.9,90,22.8,1013.0,0.0,0.0,1,5267.4,0
2024-08-14 16:02:01,5,68,25.9,89,22.6,1012.9,0.0,0.0,10,5267.4,0
2024-08-14 16:07:01,5,68,25.9,89,22.8,1012.8,0.0,0.0,10,5267.4,0
2024-08-14 16:12:01,5,67,25.9,88,22.9,1012.8,0.0,0.0,10,5267.4,0
2024-08-14 16:17:01,5,67,25.9,88,22.9,1012.8,0.0,0.0,10,5267.4,0
2024-08-14 16:22:01,5,67,25.9,88,23.0,1012.8,0.0,0.7,10,5267.4,0
2024-08-14 16:27:01,5,67,25.9,88,22.8,1012.8,0.0,0.0,8,5267.4,0
2024-08-14 16:32:01,5,67,25.9,87,22.8,1012.9,0.3,0.7,9,5267.4,0
2024-08-14 16:37:01,5,67,25.9,88,22.8,1012.8,0.0,0.0,10,5267.4,0
2024-08-14 16:42:01,5,67,25.9,88,22.7,1012.9,0.0,0.7,7,5267.4,0
2024-08-14 16:47:01,5,67,25.9,88,22.7,1012.8,0.0,0.7,6,5267.4,0
2024-08-14 16:52:01,5,67,25.9,88,22.8,1012.8,0.0,0.0,4,5267.4,0
2024-08-14 16:57:01,5,67,25.9,85,22.4,1013.0,0.3,1.0,8,5267.4,0
2024-08-14 17:02:01,5,67,25.9,83,22.8,1012.9,0.0,0.7,4,5267.4,0
2024-08-14 17:07:01,5,66,25.9,82,22.8,1013.0,0.0,0.7,4,5267.4,0
2024-08-14 17:12:01,5,66,25.9,81,22.8,1012.9,0.7,1.0,7,5267.4,0
2024-08-14 17:17:01,5,66,25.9,81,22.8,1013.0,0.0,0.7,6,5267.4,0
2024-08-14 17:22:01,5,65,25.9,82,22.9,1012.9,0.3,0.7,3,5267.4,0
2024-08-14 17:27:01,5,65,25.9,82,22.9,1012.9,0.0,0.0,6,5267.4,0
2024-08-14 17:32:01,5,65,25.9,81,22.9,1012.9,0.0,0.7,5,5267.4,0
2024-08-14 17:37:01,5,65,25.9,81,22.8,1012.8,0.0,0.0,4,5267.4,0
2024-08-14 17:42:01,5,65,25.9,80,22.7,1012.9,0.0,0.7,5,5267.4,0
2024-08-14 17:47:01,5,65,25.9,80,22.7,1012.7,0.3,0.7,5,5267.4,0
2024-08-14 17:52:01,5,65,25.9,81,22.6,1012.8,0.0,0.7,5,5267.4,0
2024-08-14 17:57:01,5,65,25.9,81,22.5,1012.8,0.0,0.0,3,5267.4,0
2024-08-14 18:02:01,5,65,25.9,81,22.5,1012.8,0.0,0.0,3,5267.4,0
2024-08-14 18:07:01,5,65,25.9,82,22.5,1012.9,0.7,1.0,3,5267.4,0
2024-08-14 18:12:01,5,65,25.9,85,22.3,1013.1,0.3,1.0,3,5267.4,0
2024-08-14 18:17:01,5,65,25.9,85,22.1,1013.1,0.3,1.0,6,5267.4,0
2024-08-14 18:22:01,5,64,25.9,86,22.0,1013.2,0.3,0.7,5,5267.4,0
2024-08-14 18:27:01,5,64,25.9,86,21.8,1013.3,0.3,1.0,2,5267.4,0
2024-08-14 18:32:01,5,64,25.9,87,21.6,1013.3,0.7,1.7,2,5267.4,0
2024-08-14 18:37:01,5,64,25.9,87,21.4,1013.4,1.0,2.0,5,5267.4,0
2024-08-14 18:42:01,5,64,25.9,88,21.3,1013.4,0.3,0.7,2,5267.4,0
2024-08-14 18:47:01,5,64,25.9,89,21.1,1013.4,0.3,0.7,1,5267.4,0
2024-08-14 18:52:01,5,64,25.9,89,20.9,1013.6,1.0,1.7,7,5267.4,0
2024-08-14 18:57:01,5,64,25.9,90,20.8,1013.6,0.7,1.0,6,5267.4,0
2024-08-14 19:02:01,5,64,25.9,90,20.6,1013.7,0.3,1.0,3,5267.4,0
2024-08-14 19:07:01,5,64,25.1,90,20.6,1013.7,0.3,1.0,5,5267.4,0
2024-08-14 19:12:01,5,64,25.1,90,20.5,1013.7,0.3,1.0,4,5267.4,0
2024-08-14 19:17:01,5,64,25.1,90,20.4,1013.8,0.3,1.0,5,5267.4,0
2024-08-14 19:22:01,5,64,25.1,91,20.4,1013.8,0.0,0.7,6,5267.4,0
2024-08-14 19:27:01,5,64,25.1,91,20.3,1013.8,1.0,1.7,5,5267.4,0
2024-08-14 19:32:01,5,64,25.1,91,20.2,1014.0,0.0,0.7,3,5267.4,0
2024-08-14 19:37:01,5,64,25.1,92,20.2,1013.9,0.3,1.0,6,5267.4,0
2024-08-14 19:42:01,5,64,25.1,92,20.2,1014.1,0.0,0.0,6,5267.4,0
2024-08-14 19:47:01,5,64,25.1,92,20.1,1014.1,0.3,0.7,5,5267.4,0
2024-08-14 19:52:01,5,65,25.1,92,20.0,1014.1,0.0,0.0,6,5267.4,0
2024-08-14 19:57:01,5,65,25.1,92,20.0,1014.2,0.0,0.0,6,5267.4,0
2024-08-14 20:02:01,5,65,25.1,92,20.0,1014.1,0.0,0.0,6,5267.4,0
2024-08-14 20:07:01,5,65,25.1,93,20.0,1014.3,0.0,0.0,6,5267.4,0
2024-08-14 20:12:01,5,65,25.1,93,19.9,1014.4,0.0,0.7,5,5267.4,0
2024-08-14 20:17:01,5,65,25.1,93,19.9,1014.5,0.0,0.0,5,5267.4,0
2024-08-14 20:22:01,5,64,25.1,93,19.8,1014.5,0.7,1.0,6,5267.4,0
2024-08-14 20:27:01,5,64,25.1,93,19.8,1014.6,0.0,0.0,6,5267.4,0
2024-08-14 20:32:01,5,64,25.1,94,19.7,1014.8,0.3,0.7,6,5267.4,0
2024-08-14 20:37:01,5,64,25.1,94,19.7,1014.9,0.0,0.0,6,5267.4,0
2024-08-14 20:42:01,5,64,25.1,94,19.6,1015.0,0.0,0.0,6,5267.4,0
2024-08-14 20:47:01,5,64,25.1,94,19.6,1014.9,0.0,0.0,6,5267.4,0
2024-08-14 20:52:01,5,64,25.1,94,19.5,1015.1,0.0,0.0,6,5267.4,0
2024-08-14 20:57:01,5,64,25.1,95,19.5,1015.0,0.0,0.0,6,5267.4,0
2024-08-14 21:02:01,5,64,25.0,95,19.5,1015.1,0.0,0.0,6,5267.4,0
2024-08-14 21:07:01,5,64,25.0,95,19.4,1015.2,0.0,0.0,6,5267.4,0
2024-08-14 21:12:01,5,64,25.0,95,19.4,1015.4,0.0,0.7,6,5267.4,0
2024-08-14 21:17:01,5,65,24.9,95,19.3,1015.3,0.0,0.7,6,5267.4,0
2024-08-14 21:22:01,5,65,24.9,95,19.3,1015.4,0.0,0.0,6,5267.4,0
2024-08-14 21:27:01,5,65,24.8,95,19.3,1015.6,0.0,0.7,4,5267.4,0
2024-08-14 21:32:01,5,65,24.7,95,19.3,1015.7,0.0,0.0,5,5267.4,0
2024-08-14 21:37:01,5,65,24.7,95,19.2,1015.7,0.0,0.0,6,5267.4,0
2024-08-14 21:42:01,5,65,24.7,96,19.2,1015.9,0.0,0.0,6,5267.4,0
2024-08-14 21:47:01,5,65,24.7,96,19.2,1016.0,0.0,0.0,6,5267.4,0
2024-08-14 21:52:01,5,66,24.6,96,19.2,1016.1,0.0,0.0,6,5267.4,0
2024-08-14 21:57:01,5,66,24.6,96,19.2,1016.1,0.0,0.0,5,5267.4,0
2024-08-14 22:02:01,5,66,24.6,96,19.2,1016.3,0.0,0.7,5,5267.4,0
2024-08-14 22:07:01,5,66,24.5,96,19.2,1016.3,0.3,1.0,4,5267.4,0
2024-08-14 22:12:01,5,66,24.4,96,19.2,1016.4,0.3,0.7,4,5267.4,0
2024-08-14 22:17:01,5,66,24.4,96,19.2,1016.4,0.3,0.7,5,5267.4,0
2024-08-14 22:22:01,5,66,24.4,96,19.3,1016.5,0.3,0.7,5,5267.4,0
2024-08-14 22:27:01,5,66,24.4,96,19.3,1016.5,0.3,0.7,5,5267.4,0
2024-08-14 22:32:01,5,66,24.4,96,19.4,1016.6,0.3,0.7,6,5267.4,0
2024-08-14 22:37:01,5,66,24.3,96,19.4,1016.7,0.7,1.0,5,5267.4,0
2024-08-14 22:42:01,5,66,24.3,96,19.4,1016.8,0.0,0.7,4,5267.4,0
2024-08-14 22:47:01,5,67,24.3,96,19.4,1016.7,0.0,0.0,6,5267.4,0
2024-08-14 22:52:01,5,67,24.3,96,19.3,1016.9,0.3,0.7,4,5267.4,0
2024-08-14 22:57:01,5,68,24.3,96,19.3,1016.9,0.0,0.7,4,5267.4,0
2024-08-14 23:02:01,5,68,24.3,96,19.3,1017.0,0.0,0.7,4,5267.4,0
2024-08-14 23:07:01,5,68,24.3,96,19.2,1017.1,0.3,0.7,6,5267.4,0
2024-08-14 23:12:01,5,68,24.3,96,19.3,1017.0,0,0,4,5267.4,0
2024-08-14 23:17:01,5,68,24.4,96,19.2,1016.8,0,0.7,5,5267.4,0
2024-08-14 23:22:01,5,68,24.4,96,19.2,1016.6,0,0,4,5267.4,0
2024-08-14 23:27:01,5,68,24.4,96,19.2,1016.7,0.3,1.0,5,5267.4,0
2024-08-14 23:32:01,5,68,24.4,96,19.1,1016.7,0.3,1.0,6,5267.4,0
2024-08-14 23:37:01,5,68,24.4,96,19.1,1016.7,0.3,0.7,7,5267.4,0
2024-08-14 23:42:01,5,68,24.4,96,19.0,1016.8,0.3,0.7,6,5267.4,0
2024-08-14 23:47:01,5,68,24.4,96,19.0,1016.8,0,0.7,6,5267.4,0
2024-08-14 23:52:01,5,68,24.4,95,19.0,1016.7,0.3,0.7,6,5267.4,0
2024-08-14 23:57:01,5,67,24.4,95,18.9,1016.8,0.3,0.7,5,5267.4,0
