2022-02-22 00:03:01,5,59,17.3,84,6.3,1025.7,0.3,1.7,4,2267.1,0
2022-02-22 00:08:01,5,59,17.4,84,6.3,1025.8,0.0,0.7,4,2267.1,0
2022-02-22 00:13:01,5,59,17.4,84,6.1,1025.7,0.3,1.7,4,2267.1,0
2022-02-22 00:18:01,5,58,17.4,84,6.1,1025.9,0.0,0.7,4,2267.1,0
2022-02-22 00:23:01,5,58,17.4,85,6.2,1026.0,1.4,3.1,2,2267.1,0
2022-02-22 00:28:01,5,58,17.4,85,6.1,1026.0,0.3,1.0,3,2267.1,0
2022-02-22 00:33:01,5,58,17.4,85,6.1,1026.1,0.3,1.0,4,2267.1,0
2022-02-22 00:38:01,5,58,17.4,85,6.0,1026.1,0.0,0.0,14,2267.1,0
2022-02-22 00:43:01,5,58,17.4,85,6.1,1026.1,0.7,2.0,5,2267.1,0
2022-02-22 00:48:01,5,58,17.4,85,6.1,1026.1,0.3,1.0,3,2267.1,0
2022-02-22 00:53:01,5,58,17.4,85,6.1,1026.2,0.3,1.0,14,2267.1,0
2022-02-22 00:58:01,5,58,17.4,85,6.1,1026.3,0.3,1.0,0,2267.1,0
2022-02-22 01:03:01,5,58,17.4,85,6.2,1026.2,1.0,2.0,15,2267.1,0
2022-02-22 01:08:01,5,59,17.3,85,6.2,1026.3,1.0,2.0,15,2267.1,0
2022-02-22 01:13:01,5,59,17.3,85,6.1,1026.5,0.3,1.0,0,2267.1,0
2022-02-22 01:18:01,5,59,17.3,86,6.0,1026.4,0.7,2.0,2,2267.1,0
2022-02-22 01:23:01,5,58,17.3,86,6.0,1026.5,0.7,1.7,4,2267.1,0
2022-02-22 01:28:01,5,58,17.2,86,6.0,1026.6,0.7,1.7,3,2267.1,0
2022-02-22 01:33:01,5,58,17.1,86,5.9,1026.5,0.0,1.7,4,2267.1,0
2022-02-22 01:38:01,5,58,17.1,86,5.9,1026.7,0.3,0.7,3,2267.1,0
2022-02-22 01:43:01,5,58,17.0,86,5.8,1026.7,0.3,1.0,1,2267.1,0
2022-02-22 01:48:01,5,58,17.0,86,5.7,1026.7,0.0,0.7,4,2267.1,0
2022-02-22 01:53:01,5,58,17.0,86,5.5,1026.8,0.0,0.0,6,2267.1,0
2022-02-22 01:58:01,5,59,16.9,87,5.4,1026.8,0.3,0.7,6,2267.1,0
2022-02-22 02:03:01,5,59,16.9,87,5.2,1026.9,0.0,0.0,2,2267.1,0
2022-02-22 02:08:01,5,59,16.8,88,5.2,1027.0,0.0,0.7,3,2267.1,0
2022-02-22 02:13:01,5,59,16.8,88,5.1,1026.9,0.3,1.0,4,2267.1,0
2022-02-22 02:18:01,5,59,16.8,88,5.1,1027.0,0.3,0.7,4,2267.1,0
2022-02-22 02:23:01,5,59,16.7,89,5.0,1027.0,0.0,0.7,2,2267.1,0
2022-02-22 02:28:01,5,59,16.7,89,5.0,1026.9,0.3,0.7,5,2267.1,0
2022-02-22 02:33:01,5,59,16.7,89,5.0,1026.9,0.0,0.0,5,2267.1,0
2022-02-22 02:38:01,5,59,16.6,89,5.0,1027.0,0.3,1.0,7,2267.1,0
2022-02-22 02:43:01,5,59,16.6,89,4.9,1026.8,0.0,1.0,1,2267.1,0
2022-02-22 02:48:01,5,59,16.6,89,4.9,1027.0,0.3,0.7,6,2267.1,0
2022-02-22 02:53:01,5,59,16.6,89,5.0,1027.1,0.0,0.0,2,2267.1,0
2022-02-22 02:58:01,5,59,16.5,89,4.9,1027.2,0.0,0.7,6,2267.1,0
2022-02-22 03:03:01,5,59,16.5,89,5.0,1027.2,0.0,1.0,1,2267.1,0
2022-02-22 03:08:01,5,59,16.5,88,4.9,1027.2,0.0,0.7,4,2267.1,0
2022-02-22 03:13:01,5,59,16.4,88,4.9,1027.2,0.0,0.7,6,2267.1,0
2022-02-22 03:18:01,5,59,16.4,88,5.0,1027.5,0.7,1.0,6,2267.1,0
2022-02-22 03:23:01,5,59,16.4,88,5.0,1027.5,0.0,0.0,6,2267.1,0
2022-02-22 03:28:01,5,59,16.4,88,4.9,1027.4,0.0,0.7,4,2267.1,0
2022-02-22 03:33:01,5,59,16.4,88,5.0,1027.4,0.7,1.0,7,2267.1,0
2022-02-22 03:38:01,5,59,16.3,88,5.0,1027.4,0.3,1.7,8,2267.1,0
2022-02-22 03:43:01,5,59,16.3,89,4.9,1027.5,0.3,0.7,7,2267.1,0
2022-02-22 03:48:01,5,59,16.3,89,4.9,1027.4,0.7,1.0,6,2267.1,0
2022-02-22 03:53:01,5,59,16.3,89,4.8,1027.4,0.0,0.7,8,2267.1,0
2022-02-22 03:58:01,5,59,16.3,90,4.8,1027.4,0.0,0.7,7,2267.1,0
2022-02-22 04:03:01,5,59,16.2,90,4.7,1027.7,0.0,0.7,7,2267.1,0
2022-02-22 04:08:02,5,59,16.2,90,4.8,1027.7,0.3,1.0,7,2267.1,0
2022-02-22 04:13:02,5,59,16.2,90,4.8,1027.6,0.3,0.7,7,2267.1,0
2022-02-22 04:18:02,5,59,16.2,90,4.7,1027.8,0.0,0.0,5,2267.1,0
2022-02-22 04:23:02,5,59,16.1,91,4.8,1027.8,0.3,1.0,7,2267.1,0
2022-02-22 04:28:02,5,60,16.1,91,4.7,1027.9,0.3,0.7,7,2267.1,0
2022-02-22 04:33:02,5,60,16.1,91,4.6,1027.9,0.0,0.0,4,2267.1,0
2022-02-22 04:38:02,5,60,16.1,91,4.7,1027.8,0.0,0.0,7,2267.1,0
2022-02-22 04:43:02,5,60,16.1,91,4.6,1027.7,0.3,1.0,6,2267.1,0
2022-02-22 04:48:02,5,60,16.1,91,4.7,1027.7,0.0,0.7,7,2267.1,0
2022-02-22 04:53:02,5,60,16.0,91,4.6,1027.7,0.0,0.0,7,2267.1,0
2022-02-22 04:58:02,5,60,16.0,91,4.7,1027.8,0.3,0.7,7,2267.1,0
2022-02-22 05:03:02,5,60,16.0,90,4.8,1027.8,0.0,0.7,7,2267.1,0
2022-02-22 05:08:02,5,60,16.0,90,4.8,1028.0,0.3,1.0,6,2267.1,0
2022-02-22 05:13:02,5,60,16.0,90,4.7,1028.0,0.3,1.0,7,2267.1,0
2022-02-22 05:18:02,5,60,16.0,90,4.7,1027.8,0.3,0.7,6,2267.1,0
2022-02-22 05:23:02,5,60,16.0,90,4.8,1027.7,0.3,1.0,7,2267.1,0
2022-02-22 05:28:02,5,61,15.9,90,4.7,1027.8,0.3,1.0,7,2267.1,0
2022-02-22 05:33:02,5,61,15.9,90,4.7,1027.9,0.3,1.0,5,2267.1,0
2022-02-22 05:38:02,5,61,15.9,90,4.7,1027.8,0.7,2.0,6,2267.1,0
2022-02-22 05:43:02,5,61,15.9,90,4.6,1027.7,0.3,1.0,6,2267.1,0
2022-02-22 05:48:02,5,60,15.9,90,4.7,1027.8,0.3,1.0,10,2267.1,0
2022-02-22 05:53:02,5,61,15.8,90,4.7,1027.8,0.7,1.7,6,2267.1,0
2022-02-22 05:58:02,5,60,15.8,89,4.5,1027.9,0.3,0.7,7,2267.1,0
2022-02-22 06:03:02,5,60,15.8,90,4.6,1027.9,0.7,1.7,5,2267.1,0
2022-02-22 06:08:02,5,60,15.8,89,4.6,1027.9,0.3,0.7,7,2267.1,0
2022-02-22 06:13:02,5,60,15.8,89,4.6,1027.7,0.7,1.0,6,2267.1,0
2022-02-22 06:18:02,5,60,15.8,90,4.8,1027.8,0.7,1.7,7,2267.1,0
2022-02-22 06:23:02,5,60,15.7,90,4.9,1027.6,1.0,1.7,7,2267.1,0
2022-02-22 06:28:02,5,60,15.7,90,4.8,1027.7,0.7,2.0,7,2267.1,0
2022-02-22 06:33:02,5,60,15.7,90,4.9,1027.7,0.3,1.0,8,2267.1,0
2022-02-22 06:38:02,5,60,15.7,91,5.0,1027.7,0.7,1.7,5,2267.1,0
2022-02-22 06:43:02,5,61,15.7,91,5.1,1027.6,0.7,1.7,7,2267.1,0
2022-02-22 06:48:02,5,61,15.7,91,5.1,1027.6,1.4,2.0,10,2267.1,0
2022-02-22 06:53:02,5,61,15.7,91,5.2,1027.7,1.0,2.0,8,2267.1,0
2022-02-22 06:58:02,5,61,15.6,92,5.3,1027.6,1.0,2.0,8,2267.1,0
2022-02-22 07:03:02,5,61,15.6,92,5.4,1027.6,1.0,2.0,5,2267.1,0
2022-02-22 07:08:01,5,61,15.7,92,5.6,1027.6,1.0,2.0,8,2267.1,0
2022-02-22 07:13:01,5,61,15.7,91,5.6,1027.6,0.7,1.7,6,2267.1,0
2022-02-22 07:18:01,5,61,15.7,91,5.6,1027.6,1.0,2.0,6,2267.1,0
2022-02-22 07:23:01,5,61,15.7,91,5.6,1027.4,0.3,0.7,9,2267.1,0
2022-02-22 07:28:01,5,61,15.7,91,5.7,1027.4,0.7,1.7,7,2267.1,0
2022-02-22 07:33:01,5,61,15.9,91,5.7,1027.1,0.3,0.7,10,2267.1,0
2022-02-22 07:38:01,5,60,16.1,91,5.8,1026.7,0.7,1.0,12,2267.1,0
2022-02-22 07:43:01,5,60,16.6,91,5.9,1026.4,1.0,2.0,7,2267.1,0
2022-02-22 07:48:01,5,59,17.0,91,5.9,1025.9,0.7,1.7,5,2267.1,0
2022-02-22 07:53:01,5,58,17.6,91,5.9,1025.5,1.0,2.0,11,2267.1,0
2022-02-22 07:58:01,5,57,18.1,91,6.0,1024.8,0.7,1.7,12,2267.1,0
2022-02-22 08:03:01,5,55,18.8,90,6.0,1024.1,0.7,1.7,9,2267.1,0
2022-02-22 08:08:01,5,53,20.1,90,6.0,1023.7,1.4,2.0,8,2267.1,0
2022-02-22 08:13:02,5,52,20.4,90,6.1,1023.3,1.7,4.1,8,2267.1,0
2022-02-22 08:18:02,5,52,20.7,89,6.2,1022.9,1.0,2.7,7,2267.1,0
2022-02-22 08:23:02,5,50,21.0,89,6.3,1022.5,1.4,2.7,7,2267.1,0
2022-02-22 08:28:02,5,50,21.1,89,6.3,1022.5,1.0,2.0,9,2267.1,0
2022-02-22 08:33:02,5,50,21.1,89,6.4,1022.1,0.7,1.0,13,2267.1,0
2022-02-22 08:38:02,5,50,21.2,88,6.4,1022.1,2.0,3.1,7,2267.1,0
2022-02-22 08:43:02,5,50,21.2,88,6.5,1022.1,1.0,2.7,5,2267.1,0
2022-02-22 08:48:02,5,50,21.2,87,6.4,1021.8,2.0,3.1,7,2267.1,0
2022-02-22 08:53:02,5,50,21.2,87,6.5,1021.7,1.0,1.7,7,2267.1,0
2022-02-22 08:58:02,5,50,21.2,87,6.5,1021.6,1.4,2.0,6,2267.1,0
2022-02-22 09:03:02,5,50,21.2,86,6.8,1021.4,1.4,4.1,8,2267.1,0
2022-02-22 09:08:02,5,50,21.2,86,6.9,1021.4,1.0,3.1,5,2267.1,0
2022-02-22 09:13:02,5,50,21.1,86,7.0,1021.4,1.0,2.7,9,2267.1,0
2022-02-22 09:18:02,5,50,21.1,85,7.1,1021.4,2.4,3.7,2,2267.1,0
2022-02-22 09:23:02,5,50,21.1,85,7.1,1021.5,1.7,3.7,6,2267.1,0
2022-02-22 09:28:02,5,51,21.0,85,7.2,1021.6,0.7,1.7,5,2267.1,0
2022-02-22 09:33:02,5,51,21.0,84,7.2,1021.7,1.0,1.7,9,2267.1,0
2022-02-22 09:38:02,5,51,20.9,84,7.3,1021.9,0.7,1.0,9,2267.1,0
2022-02-22 09:43:02,5,52,20.9,84,7.5,1022.1,1.4,2.0,9,2267.1,0
2022-02-22 09:48:02,5,52,20.8,84,7.5,1022.1,1.4,3.1,11,2267.1,0
2022-02-22 09:53:02,5,52,20.7,84,7.6,1021.9,0.3,0.7,12,2267.1,0
2022-02-22 09:58:02,5,52,20.7,84,7.6,1021.8,1.4,2.0,12,2267.1,0
2022-02-22 10:03:02,5,52,20.6,85,7.7,1022.0,1.0,1.7,9,2267.1,0
2022-02-22 10:08:02,5,53,20.6,85,7.8,1022.0,0.7,1.0,6,2267.1,0
2022-02-22 10:13:02,5,53,19.7,85,7.8,1022.0,0.7,1.7,9,2267.1,0
2022-02-22 10:18:02,5,54,19.7,87,7.6,1022.0,1.7,3.1,7,2267.1,0
2022-02-22 10:23:02,5,54,19.6,88,7.5,1021.9,1.0,1.7,8,2267.1,0
2022-02-22 10:28:02,5,54,19.5,89,7.5,1021.7,1.4,2.0,10,2267.1,0
2022-02-22 10:33:02,5,54,19.5,90,7.5,1021.7,1.7,2.7,9,2267.1,0
2022-02-22 10:38:02,5,54,19.3,91,7.5,1021.8,1.0,1.7,0,2267.1,0
2022-02-22 10:43:02,5,55,19.2,92,7.4,1021.9,2.0,3.7,9,2267.1,0
2022-02-22 10:48:02,5,55,19.2,93,7.4,1022.0,1.7,4.8,4,2267.1,0
2022-02-22 10:53:02,5,56,19.2,93,7.5,1021.9,1.4,4.1,4,2267.1,0
2022-02-22 10:58:02,5,56,19.3,93,7.5,1021.9,2.4,4.1,2,2267.1,0
2022-02-22 11:03:02,5,57,19.4,93,7.6,1021.6,1.0,3.1,7,2267.1,0
2022-02-22 11:08:02,5,57,19.6,94,7.7,1021.4,1.4,3.1,8,2267.1,0
2022-02-22 11:13:02,5,56,19.7,94,7.7,1021.2,1.4,2.7,9,2267.1,0
2022-02-22 11:18:02,5,56,19.8,94,7.9,1021.3,2.0,3.7,8,2267.1,0
2022-02-22 11:23:02,5,55,20.7,93,8.0,1021.3,0.7,1.7,9,2267.1,0
2022-02-22 11:28:02,5,55,20.7,93,8.0,1021.1,2.4,3.7,11,2267.1,0
2022-02-22 11:33:02,5,55,20.8,93,8.2,1020.8,1.0,2.0,11,2267.1,0
2022-02-22 11:38:02,5,55,20.9,93,8.3,1020.5,1.0,2.7,7,2267.1,0
2022-02-22 11:43:02,5,55,20.9,92,8.6,1020.5,1.7,2.7,11,2267.1,0
2022-02-22 11:48:02,5,55,20.9,92,8.7,1020.4,1.4,2.7,10,2267.1,0
2022-02-22 11:53:02,5,52,20.8,91,8.9,1020.5,0.7,2.0,6,2267.1,0
2022-02-22 11:58:02,5,52,20.6,90,9.0,1020.3,1.0,3.1,8,2267.1,0
2022-02-22 12:03:02,5,53,19.6,90,9.1,1020.3,1.4,2.0,9,2267.1,0
2022-02-22 12:08:02,5,53,19.5,90,9.2,1020.5,2.7,4.8,10,2267.1,0
2022-02-22 12:13:02,5,54,19.3,90,9.2,1020.8,2.7,5.8,13,2267.1,0
2022-02-22 12:18:02,5,55,19.3,90,9.3,1020.6,2.7,4.8,8,2267.1,0
2022-02-22 12:23:02,5,55,19.3,90,9.3,1020.5,3.1,5.8,6,2267.1,0
2022-02-22 12:28:02,5,55,19.3,90,9.4,1020.3,2.7,7.1,7,2267.1,0
2022-02-22 12:33:02,5,55,19.3,90,9.4,1020.1,1.0,1.7,13,2267.1,0
2022-02-22 12:38:02,5,55,19.4,90,9.5,1020.1,2.0,3.7,8,2267.1,0
2022-02-22 12:43:02,5,55,19.4,90,9.5,1019.8,1.7,2.7,9,2267.1,0
2022-02-22 12:48:02,5,55,19.4,90,9.6,1019.9,1.7,4.8,7,2267.1,0
2022-02-22 12:53:02,5,55,19.3,90,9.7,1020.0,1.4,2.0,9,2267.1,0
2022-02-22 12:58:02,5,55,19.3,89,9.8,1020.1,2.4,4.1,6,2267.1,0
2022-02-22 13:03:02,5,56,19.3,89,9.8,1020.0,2.7,3.7,3,2267.1,0
2022-02-22 13:40:01,5,56,19.0,88,10.4,1019.9,2.0,5.1,7,2267.1,0
2022-02-22 13:45:01,5,56,19.0,87,10.5,1019.8,1.0,2.7,0,2267.1,0
2022-02-22 13:50:01,5,57,19.0,87,10.6,1019.7,1.0,2.0,9,2267.1,0
2022-02-22 13:54:31,5,57,19.0,87,10.6,1019.6,1.0,2.7,5,2267.1,0
2022-02-22 13:59:31,5,57,19.0,87,10.6,1019.8,2.4,5.1,8,2267.1,0
2022-02-22 14:04:31,5,57,19.0,87,10.7,1019.4,1.7,2.7,9,2267.1,0
2022-02-22 14:09:31,5,57,19.0,86,10.8,1019.5,1.0,2.7,6,2267.1,0
2022-02-22 14:14:31,5,57,19.0,86,10.8,1019.5,1.4,3.1,6,2267.1,0
2022-02-22 14:19:31,5,58,18.9,86,10.7,1019.5,1.7,4.1,6,2267.1,0
2022-02-22 14:24:31,5,58,18.9,86,10.8,1019.5,1.0,2.0,14,2267.1,0
2022-02-22 14:29:31,5,58,18.9,87,10.8,1019.6,2.0,3.1,9,2267.1,0
2022-02-22 14:34:31,5,59,18.8,87,10.8,1019.5,1.0,2.0,7,2267.1,0
2022-02-22 14:39:31,5,59,18.8,87,10.7,1019.3,1.4,3.1,4,2267.1,0
2022-02-22 14:44:31,5,58,18.8,87,10.7,1019.2,1.7,3.1,15,2267.1,0
2022-02-22 14:49:31,5,59,18.8,88,10.6,1019.7,2.0,3.7,8,2267.1,0
2022-02-22 14:54:31,5,59,18.7,87,10.7,1019.5,2.0,4.1,6,2267.1,0
2022-02-22 14:59:31,5,59,18.7,88,10.5,1019.6,1.7,2.7,4,2267.1,0
2022-02-22 15:04:31,5,59,18.7,89,10.4,1019.5,2.0,3.7,7,2267.1,0
2022-02-22 15:09:31,5,59,18.6,90,10.2,1019.5,2.0,3.1,1,2267.4,0
2022-02-22 15:14:31,5,59,18.6,91,10.1,1019.7,1.7,4.8,5,2267.4,0
2022-02-22 15:19:31,5,59,18.6,92,10.0,1019.5,2.0,5.1,9,2267.7,0
2022-02-22 15:24:31,5,59,18.7,92,9.9,1019.4,1.0,2.0,15,2268.0,0
2022-02-22 15:29:31,5,59,18.8,92,9.8,1019.4,2.0,4.8,5,2268.0,0
2022-02-22 15:34:31,5,58,19.0,92,9.9,1019.2,1.7,3.7,4,2268.3,0
2022-02-22 15:39:31,5,58,19.1,93,9.9,1019.3,2.0,4.8,13,2268.6,0
2022-02-22 15:44:31,5,58,19.1,92,9.9,1019.0,0.7,1.7,7,2268.6,0
2022-02-22 15:49:31,5,58,19.2,92,9.9,1019.0,1.0,2.0,6,2268.6,0
2022-02-22 15:54:31,5,57,19.3,92,9.9,1019.1,1.7,3.1,7,2268.6,0
2022-02-22 15:59:31,5,57,19.4,92,9.9,1018.8,3.1,6.8,9,2268.6,0
2022-02-22 16:04:31,5,57,19.5,92,9.9,1018.8,1.4,3.7,7,2268.6,0
2022-02-22 16:09:31,5,57,19.6,92,9.9,1018.8,1.0,2.7,8,2268.6,0
2022-02-22 16:14:31,5,57,19.6,92,9.9,1018.7,2.0,3.1,6,2268.6,0
2022-02-22 16:19:31,5,57,19.7,92,9.9,1018.7,2.0,4.1,14,2268.6,0
2022-02-22 16:24:31,5,57,19.7,92,10.0,1018.6,2.4,4.1,5,2268.6,0
2022-02-22 16:29:31,5,57,19.7,92,10.0,1018.8,1.4,3.1,9,2268.6,0
2022-02-22 16:34:31,5,58,19.8,92,10.0,1018.7,2.7,4.8,4,2268.6,0
2022-02-22 16:39:31,5,58,19.9,92,10.0,1018.9,2.4,4.1,12,2268.6,0
2022-02-22 16:44:31,5,58,19.9,91,10.1,1018.9,2.0,5.1,9,2268.6,0
2022-02-22 16:49:31,5,59,19.9,92,10.0,1019.0,2.4,4.8,8,2268.6,0
2022-02-22 16:54:31,5,58,20.7,92,9.9,1018.9,1.0,2.0,12,2268.6,0
2022-02-22 16:59:31,5,58,20.7,92,9.9,1019.0,1.0,2.0,8,2268.6,0
2022-02-22 17:04:31,5,58,20.7,92,9.9,1019.3,2.7,5.1,8,2268.6,0
2022-02-22 17:09:31,5,57,20.7,92,9.9,1019.4,1.7,3.1,6,2268.6,0
2022-02-22 17:14:31,5,57,20.7,92,9.8,1019.6,2.0,3.1,6,2268.6,0
2022-02-22 17:19:31,5,58,19.9,92,9.8,1019.8,1.4,2.7,14,2268.6,0
2022-02-22 17:24:31,5,58,19.9,92,9.8,1019.7,1.0,2.0,5,2268.6,0
2022-02-22 17:29:31,5,58,19.9,92,9.7,1020.3,1.4,3.1,5,2268.6,0
2022-02-22 17:34:31,5,58,19.9,91,9.6,1020.4,1.4,2.7,15,2268.6,0
2022-02-22 17:39:31,5,58,19.9,90,9.6,1020.7,1.7,3.7,14,2268.6,0
2022-02-22 17:44:31,5,59,19.8,88,9.6,1020.8,1.0,2.7,2,2268.6,0
2022-02-22 17:49:31,5,59,19.7,86,9.6,1021.0,1.7,2.7,13,2268.6,0
2022-02-22 17:54:31,5,60,19.7,86,9.6,1021.2,1.4,2.7,0,2268.6,0
2022-02-22 17:59:31,5,60,19.7,85,9.4,1021.3,0.7,1.7,13,2268.6,0
2022-02-22 18:04:31,5,60,19.6,84,9.4,1021.5,0.7,1.0,2,2268.6,0
2022-02-22 18:09:31,5,61,19.6,84,9.4,1021.7,1.0,1.7,2,2268.6,0
2022-02-22 18:14:31,5,61,19.6,83,9.3,1021.9,0.7,1.7,2,2268.6,0
2022-02-22 18:19:31,5,61,19.5,84,9.2,1021.9,1.0,2.0,0,2268.6,0
2022-02-22 18:24:31,5,61,19.5,84,9.1,1022.1,1.0,1.7,6,2268.6,0
2022-02-22 18:29:31,5,61,19.5,83,9.0,1022.2,0.7,1.7,12,2268.6,0
2022-02-22 18:34:31,5,62,19.5,82,9.0,1022.3,1.7,3.1,0,2268.6,0
2022-02-22 18:39:31,5,62,19.5,82,8.9,1022.3,1.0,2.0,5,2268.6,0
2022-02-22 18:44:31,5,62,19.5,81,8.9,1022.5,1.4,2.7,15,2268.6,0
2022-02-22 18:49:31,5,62,19.5,82,8.6,1022.5,1.0,2.0,4,2268.6,0
2022-02-22 18:54:31,5,62,19.5,82,8.5,1022.6,1.4,2.0,15,2268.6,0
2022-02-22 18:59:31,5,62,19.5,82,8.5,1022.9,0.3,1.0,2,2268.6,0
2022-02-22 19:04:31,5,62,19.5,81,8.5,1022.9,1.4,2.7,4,2268.6,0
2022-02-22 19:09:31,5,62,19.5,81,8.4,1023.0,1.4,2.7,4,2268.6,0
2022-02-22 19:14:31,5,62,19.5,80,8.4,1023.1,0.3,1.0,1,2268.6,0
2022-02-22 19:19:31,5,62,19.5,80,8.3,1023.2,0.7,1.7,8,2268.6,0
2022-02-22 19:24:31,5,62,19.5,80,8.3,1023.2,0.3,1.7,4,2268.6,0
2022-02-22 19:29:31,5,62,19.5,80,8.2,1023.3,0.7,1.7,6,2268.6,0
2022-02-22 19:34:31,5,62,19.5,79,8.3,1023.6,1.0,2.0,1,2268.6,0
2022-02-22 19:39:31,5,62,19.5,79,8.3,1023.7,1.0,1.7,6,2268.6,0
2022-02-22 19:44:31,5,62,19.5,78,8.3,1023.6,1.0,1.7,12,2268.6,0
2022-02-22 19:49:31,5,62,19.4,79,8.3,1023.9,0.7,1.0,9,2268.6,0
2022-02-22 19:54:31,5,62,19.3,78,8.2,1024.0,0.7,2.0,4,2268.6,0
2022-02-22 19:59:31,5,62,19.3,78,8.2,1024.2,0.7,1.0,5,2268.6,0
2022-02-22 20:04:31,5,62,19.3,78,8.2,1024.3,0.7,1.0,2,2268.6,0
2022-02-22 20:09:31,5,62,19.3,79,8.0,1024.3,0.7,1.0,2,2268.6,0
2022-02-22 20:14:31,5,62,19.3,80,7.9,1024.3,0.3,1.7,3,2268.6,0
2022-02-22 20:19:31,5,62,19.2,80,7.9,1024.5,0.0,0.7,5,2268.6,0
2022-02-22 20:24:31,5,62,19.2,80,7.8,1024.6,0.0,0.7,3,2268.6,0
2022-02-22 20:29:31,5,62,19.2,82,7.5,1024.8,0.3,1.0,4,2268.6,0
2022-02-22 20:34:31,5,62,19.2,82,7.3,1024.8,0.0,0.7,3,2268.6,0
2022-02-22 20:39:31,5,62,19.1,83,7.3,1025.1,0.3,1.0,1,2268.6,0
2022-02-22 20:44:31,5,62,19.1,83,7.3,1025.0,0.0,0.7,6,2268.6,0
2022-02-22 20:49:31,5,62,19.1,84,7.2,1025.1,0.3,1.0,1,2268.6,0
2022-02-22 20:54:31,5,62,19.1,84,7.1,1025.2,0.3,1.0,0,2268.6,0
2022-02-22 20:59:31,5,62,19.0,84,7.1,1025.5,0.0,0.7,4,2268.6,0
2022-02-22 21:04:31,5,62,19.0,83,7.3,1025.5,0.0,0.7,7,2268.6,0
2022-02-22 21:09:31,5,63,18.9,82,7.4,1025.6,0.3,0.7,2,2268.6,0
2022-02-22 21:14:31,5,63,18.9,82,7.3,1025.8,0.3,1.0,0,2268.6,0
2022-02-22 21:19:31,5,63,18.8,82,7.5,1025.9,0.3,1.7,4,2268.6,0
2022-02-22 21:24:31,5,63,18.8,82,7.7,1025.9,0.7,2.0,1,2268.6,0
2022-02-22 21:29:31,5,63,18.8,81,7.8,1026.2,0.7,2.0,4,2268.6,0
2022-02-22 21:34:31,5,63,18.8,79,8.1,1026.2,0.7,1.7,2,2268.6,0
2022-02-22 21:39:31,5,62,18.7,78,8.1,1026.3,0.3,1.7,6,2268.6,0
2022-02-22 21:44:31,5,62,18.7,77,8.3,1026.4,2.0,3.1,3,2268.6,0
2022-02-22 21:49:31,5,62,18.7,77,8.3,1026.6,0.7,1.7,1,2268.6,0
2022-02-22 21:54:31,5,62,18.6,77,8.2,1026.9,0.7,1.7,3,2268.6,0
2022-02-22 21:59:31,5,62,18.6,78,8.1,1026.9,0.3,1.0,4,2268.6,0
2022-02-22 22:04:31,5,62,18.6,78,8.0,1027.0,0.7,1.7,2,2268.6,0
2022-02-22 22:09:31,5,62,18.5,78,8.0,1027.2,0.3,1.7,0,2268.6,0
2022-02-22 22:14:31,5,62,18.5,79,7.9,1027.2,1.0,1.0,0,2268.6,0
2022-02-22 22:19:31,5,62,18.5,79,7.9,1027.4,1.4,2.7,3,2268.6,0
2022-02-22 22:24:31,5,62,18.5,79,7.9,1027.5,1.0,2.0,0,2268.6,0
2022-02-22 22:29:31,5,62,18.4,80,7.8,1027.6,0.7,1.0,14,2268.6,0
2022-02-22 22:34:31,5,62,18.4,80,7.8,1027.7,1.0,2.0,2,2268.6,0
2022-02-22 22:39:31,5,62,18.4,79,7.9,1027.8,0.7,1.0,5,2268.6,0
2022-02-22 22:44:31,5,62,18.4,79,7.8,1027.9,0.7,1.7,11,2268.6,0
2022-02-22 22:49:31,5,62,18.3,78,7.7,1028.1,0.7,2.0,5,2268.6,0
2022-02-22 22:54:31,5,62,18.3,78,7.9,1028.3,0.7,1.7,7,2268.6,0
2022-02-22 22:59:31,5,62,18.3,78,7.8,1028.3,0.7,1.0,3,2268.6,0
2022-02-22 23:04:31,5,61,18.2,78,7.6,1028.5,0.3,1.7,3,2268.6,0
2022-02-22 23:09:31,5,61,18.1,78,7.6,1028.6,0.7,1.0,15,2268.6,0
2022-02-22 23:14:31,5,61,18.1,78,7.5,1028.8,0,0.7,3,2268.6,0
2022-02-22 23:19:31,5,61,18.1,78,7.5,1029.0,0.3,1.0,10,2268.6,0
2022-02-22 23:24:31,5,61,18.0,78,7.4,1029.1,0.3,1.0,5,2268.6,0
2022-02-22 23:29:31,5,61,18.0,79,7.3,1029.1,0.3,1.0,3,2268.6,0
2022-02-22 23:34:31,5,61,18.0,79,7.1,1029.3,0.3,0.7,4,2268.6,0
2022-02-22 23:39:31,5,60,17.9,79,7.2,1029.3,0.3,1.0,1,2268.6,0
2022-02-22 23:44:31,5,60,17.8,79,7.2,1029.4,0.3,1.0,6,2268.6,0
2022-02-22 23:49:31,5,60,17.8,79,7.0,1029.4,0.3,1.0,6,2268.6,0
2022-02-22 23:54:31,5,60,17.7,80,6.9,1029.6,0.3,1.0,11,2268.6,0
2022-02-22 23:59:31,5,60,17.7,80,6.9,1029.6,1.0,1.7,5,2268.6,0
