2022-02-03 00:03:01,5,63,18.6,92,8.9,1027.3,1.0,1.7,7,2109.9,0
2022-02-03 00:08:01,5,63,18.6,92,8.8,1027.2,1.0,1.7,7,2109.9,0
2022-02-03 00:13:01,5,63,18.5,92,8.8,1027.3,0.7,2.0,11,2109.9,0
2022-02-03 00:18:01,5,63,18.5,92,8.8,1027.3,0.7,1.0,12,2109.9,0
2022-02-03 00:23:01,5,63,18.5,93,8.7,1027.2,0.7,1.7,6,2109.9,0
2022-02-03 00:28:01,5,63,18.5,92,8.7,1027.5,1.4,2.0,7,2109.9,0
2022-02-03 00:33:01,5,63,18.4,92,8.7,1027.6,1.0,2.0,10,2109.9,0
2022-02-03 00:38:01,5,63,18.4,92,8.7,1027.4,1.7,3.1,6,2109.9,0
2022-02-03 00:43:01,5,63,18.3,92,8.7,1027.4,1.0,2.0,7,2109.9,0
2022-02-03 00:48:01,5,63,18.3,92,8.7,1027.5,1.0,2.7,5,2109.9,0
2022-02-03 00:53:01,5,63,18.3,92,8.6,1027.5,0.7,1.7,4,2109.9,0
2022-02-03 00:58:01,5,63,18.3,92,8.7,1027.4,1.0,2.0,9,2109.9,0
2022-02-03 01:03:01,5,63,18.2,92,8.7,1027.5,0.7,2.0,8,2109.9,0
2022-02-03 01:08:01,5,63,18.1,92,8.7,1027.4,0.7,2.0,8,2109.9,0
2022-02-03 01:13:01,5,63,18.1,92,8.6,1027.5,1.4,2.0,9,2109.9,0
2022-02-03 01:18:01,5,63,18.1,92,8.6,1027.4,0.7,1.7,7,2109.9,0
2022-02-03 01:23:01,5,63,18.1,91,8.6,1027.5,0.7,1.0,10,2109.9,0
2022-02-03 01:28:01,5,63,18.0,91,8.6,1027.5,0.7,1.7,7,2109.9,0
2022-02-03 01:33:01,5,63,18.0,91,8.5,1027.5,1.0,2.0,9,2109.9,0
2022-02-03 01:38:01,5,63,18.0,91,8.5,1027.4,1.0,2.7,5,2109.9,0
2022-02-03 01:43:01,5,62,18.0,91,8.5,1027.4,0.7,1.7,14,2109.9,0
2022-02-03 01:48:01,5,62,17.9,91,8.5,1027.4,1.0,2.7,6,2109.9,0
2022-02-03 01:53:01,5,62,17.9,91,8.5,1027.2,0.3,1.0,11,2109.9,0
2022-02-03 01:58:01,5,62,17.9,91,8.4,1027.3,0.7,1.7,12,2109.9,0
2022-02-03 02:03:01,5,62,17.9,91,8.4,1027.3,0.3,1.0,11,2109.9,0
2022-02-03 02:08:01,5,62,17.9,91,8.4,1027.2,0.7,1.0,4,2109.9,0
2022-02-03 02:13:01,5,62,17.9,91,8.5,1027.3,1.0,2.0,7,2109.9,0
2022-02-03 02:18:01,5,62,17.8,90,8.4,1027.2,1.7,3.1,7,2109.9,0
2022-02-03 02:23:01,5,62,17.8,90,8.4,1027.2,0.7,1.7,14,2109.9,0
2022-02-03 02:28:01,5,62,17.8,90,8.4,1027.1,0.7,1.0,6,2109.9,0
2022-02-03 02:33:01,5,62,17.8,90,8.4,1026.9,0.7,2.0,6,2109.9,0
2022-02-03 02:38:01,5,62,17.8,90,8.4,1026.8,0.7,2.7,6,2109.9,0
2022-02-03 02:43:01,5,62,17.7,90,8.4,1026.8,0.7,1.0,10,2109.9,0
2022-02-03 02:48:01,5,62,17.7,90,8.4,1026.8,0.3,1.0,9,2109.9,0
2022-02-03 02:53:01,5,62,17.7,90,8.3,1026.6,0.3,0.7,7,2109.9,0
2022-02-03 02:58:01,5,62,17.7,90,8.3,1026.5,0.7,1.0,13,2109.9,0
2022-02-03 03:03:01,5,62,17.7,90,8.4,1026.3,1.0,2.0,9,2109.9,0
2022-02-03 03:08:01,5,62,17.7,90,8.3,1026.3,0.7,1.7,9,2109.9,0
2022-02-03 03:13:01,5,62,17.7,90,8.3,1026.2,0.7,1.0,9,2109.9,0
2022-02-03 03:18:01,5,62,17.7,90,8.3,1026.2,0.7,2.0,6,2109.9,0
2022-02-03 03:23:01,5,62,17.7,90,8.3,1026.2,1.0,1.7,11,2109.9,0
2022-02-03 03:28:01,5,62,17.7,90,8.3,1026.1,0.7,1.0,13,2109.9,0
2022-02-03 03:33:01,5,61,17.7,89,8.3,1026.0,0.7,1.0,5,2109.9,0
2022-02-03 03:38:01,5,61,17.6,89,8.3,1026.0,0.3,0.7,8,2109.9,0
2022-02-03 03:43:01,5,61,17.6,89,8.3,1026.0,0.3,1.7,12,2109.9,0
2022-02-03 03:48:01,5,61,17.6,89,8.3,1025.7,0.3,1.0,10,2109.9,0
2022-02-03 03:53:01,5,61,17.5,88,8.3,1025.8,1.4,2.7,6,2109.9,0
2022-02-03 03:58:01,5,61,17.5,88,8.4,1025.8,1.0,1.7,11,2109.9,0
2022-02-03 04:03:01,5,61,17.5,88,8.3,1025.9,0.3,1.0,13,2109.9,0
2022-02-03 04:08:01,5,61,17.5,88,8.4,1025.7,0.7,1.7,10,2109.9,0
2022-02-03 04:13:01,5,61,17.5,88,8.4,1025.8,0.7,1.7,7,2109.9,0
2022-02-03 04:18:01,5,61,17.5,88,8.4,1025.8,1.0,1.7,11,2109.9,0
2022-02-03 04:23:01,5,61,17.4,88,8.3,1025.8,1.4,2.7,7,2109.9,0
2022-02-03 04:28:01,5,61,17.4,87,8.3,1025.8,0.7,1.7,5,2109.9,0
2022-02-03 04:33:01,5,61,17.4,87,8.3,1025.8,1.0,2.7,8,2109.9,0
2022-02-03 04:38:01,5,61,17.4,87,8.3,1025.7,1.0,2.7,7,2109.9,0
2022-02-03 04:43:01,5,61,17.4,87,8.3,1025.7,0.3,0.7,13,2109.9,0
2022-02-03 04:48:01,5,61,17.4,87,8.3,1025.7,0.7,1.7,14,2109.9,0
2022-02-03 04:53:01,5,61,17.3,87,8.3,1025.6,0.3,1.0,11,2109.9,0
2022-02-03 04:58:01,5,61,17.3,87,8.3,1025.5,1.0,2.7,7,2109.9,0
2022-02-03 05:03:01,5,60,17.3,86,8.3,1025.5,0.7,3.1,9,2109.9,0
2022-02-03 05:08:01,5,61,17.3,86,8.3,1025.3,1.0,2.0,12,2109.9,0
2022-02-03 05:13:01,5,61,17.3,87,8.3,1025.3,1.0,2.0,6,2109.9,0
2022-02-03 05:18:01,5,61,17.3,87,8.2,1025.1,1.4,1.7,13,2109.9,0
2022-02-03 05:23:01,5,61,17.3,87,8.3,1025.2,1.4,2.7,11,2109.9,0
2022-02-03 05:28:01,5,61,17.2,87,8.2,1025.1,0.7,1.0,5,2109.9,0
2022-02-03 05:33:01,5,60,17.2,87,8.2,1024.9,1.4,3.1,10,2109.9,0
2022-02-03 05:38:01,5,60,17.1,86,8.2,1025.0,1.0,2.7,4,2109.9,0
2022-02-03 05:43:01,5,60,17.1,86,8.2,1025.1,0.7,1.7,11,2109.9,0
2022-02-03 05:48:01,5,60,17.1,86,8.2,1025.1,1.0,1.7,13,2109.9,0
2022-02-03 05:53:01,5,60,17.1,87,8.1,1024.9,1.0,2.0,7,2109.9,0
2022-02-03 05:58:01,5,60,17.1,87,8.1,1024.9,0.7,1.0,7,2109.9,0
2022-02-03 06:03:01,5,61,17.1,86,8.0,1024.7,1.7,2.7,8,2109.9,0
2022-02-03 06:08:01,5,62,17.1,86,8.0,1024.7,0.7,1.7,7,2109.9,0
2022-02-03 06:13:01,5,62,17.3,86,8.1,1024.5,1.0,1.7,9,2109.9,0
2022-02-03 06:18:01,5,63,17.5,87,8.0,1024.3,0.7,1.7,9,2109.9,0
2022-02-03 06:23:01,5,63,17.8,87,8.0,1023.9,1.4,2.0,11,2109.9,0
2022-02-03 06:28:01,5,63,18.3,87,7.9,1023.5,1.4,2.0,7,2109.9,0
2022-02-03 06:33:01,5,62,18.7,88,7.9,1023.0,0.7,1.0,4,2109.9,0
2022-02-03 06:38:01,5,60,19.1,88,7.9,1022.6,1.0,1.7,10,2109.9,0
2022-02-03 06:43:01,5,59,19.5,88,7.8,1022.2,0.7,1.0,4,2109.9,0
2022-02-03 06:48:01,5,58,20.6,88,7.8,1021.9,1.0,1.7,10,2109.9,0
2022-02-03 06:53:01,5,57,20.7,87,7.8,1021.6,1.4,2.7,12,2109.9,0
2022-02-03 06:58:01,5,55,21.0,87,7.9,1021.4,1.0,2.0,10,2109.9,0
2022-02-03 07:03:01,5,55,21.1,87,7.9,1021.3,0.7,1.7,3,2109.9,0
2022-02-03 07:08:01,5,55,21.2,87,7.9,1021.2,1.0,2.0,9,2109.9,0
2022-02-03 07:13:01,5,54,21.2,87,7.9,1021.0,1.4,3.1,6,2109.9,0
2022-02-03 07:18:01,5,54,21.2,87,7.9,1020.9,1.0,2.0,15,2109.9,0
2022-02-03 07:23:01,5,53,21.2,88,7.8,1020.9,1.0,2.7,7,2109.9,0
2022-02-03 07:28:01,5,53,21.2,88,7.8,1020.9,1.4,2.7,9,2109.9,0
2022-02-03 07:33:01,5,53,21.2,88,7.7,1021.1,0.7,2.0,8,2109.9,0
2022-02-03 07:38:01,5,53,21.1,89,7.7,1021.0,0.3,1.0,7,2109.9,0
2022-02-03 07:43:01,5,53,21.0,89,7.6,1021.1,0.7,1.7,14,2109.9,0
2022-02-03 07:48:01,5,55,20.9,90,7.5,1021.4,0.7,1.0,6,2109.9,0
2022-02-03 07:53:01,5,56,20.9,91,7.4,1021.4,1.0,1.7,8,2109.9,0
2022-02-03 07:58:01,5,57,20.7,92,7.3,1021.3,1.0,2.0,7,2109.9,0
2022-02-03 08:03:01,5,57,20.7,93,7.3,1021.4,0.3,1.0,6,2109.9,0
2022-02-03 08:08:01,5,57,20.7,94,7.1,1021.4,0.7,1.0,1,2109.9,0
2022-02-03 08:13:01,5,58,20.9,94,7.1,1021.3,1.4,2.7,13,2109.9,0
2022-02-03 08:18:01,5,57,20.9,94,7.1,1021.1,1.0,1.7,9,2109.9,0
2022-02-03 08:23:01,5,57,20.9,94,7.1,1021.1,1.4,3.7,11,2109.9,0
2022-02-03 08:28:01,5,56,20.9,94,7.1,1021.0,1.4,1.7,0,2109.9,0
2022-02-03 08:33:01,5,56,20.9,94,7.0,1021.0,1.0,2.0,5,2109.9,0
2022-02-03 08:38:01,5,56,20.8,94,7.0,1021.0,0.7,1.7,8,2109.9,0
2022-02-03 08:43:01,5,56,20.0,94,7.0,1021.0,0.7,1.7,11,2109.9,0
2022-02-03 08:48:01,5,57,19.9,94,7.0,1021.0,1.4,2.0,13,2109.9,0
2022-02-03 08:53:01,5,57,19.9,94,7.0,1021.1,1.4,3.1,6,2109.9,0
2022-02-03 08:58:01,5,57,19.8,93,7.1,1021.1,1.0,1.7,7,2109.9,0
2022-02-03 09:03:01,5,57,19.7,92,7.1,1021.2,1.4,2.7,10,2109.9,0
2022-02-03 09:08:01,5,57,19.6,92,7.2,1021.1,1.4,3.1,7,2109.9,0
2022-02-03 09:13:01,5,57,19.6,92,7.2,1021.2,1.0,2.0,6,2109.9,0
2022-02-03 09:18:01,5,57,19.6,92,7.2,1021.2,0.3,1.0,7,2109.9,0
2022-02-03 09:23:01,5,57,19.5,92,7.2,1021.3,1.0,2.0,11,2109.9,0
2022-02-03 09:28:01,5,57,19.4,92,7.2,1021.5,1.4,3.7,8,2109.9,0
2022-02-03 09:33:01,5,57,19.3,93,7.2,1021.6,1.4,3.1,9,2109.9,0
2022-02-03 09:38:01,5,57,19.2,93,7.1,1021.7,1.4,2.0,7,2109.9,0
2022-02-03 09:43:01,5,58,19.2,93,7.1,1021.7,1.0,1.7,8,2109.9,0
2022-02-03 09:48:01,5,58,19.1,92,7.1,1021.7,1.4,2.7,11,2109.9,0
2022-02-03 09:53:01,5,58,19.1,91,7.2,1021.8,1.7,3.1,7,2109.9,0
2022-02-03 09:58:01,5,58,19.1,90,7.3,1021.7,0.7,1.0,6,2109.9,0
2022-02-03 10:03:01,5,58,19.0,90,7.3,1021.8,0.7,1.7,11,2109.9,0
2022-02-03 10:08:01,5,58,19.0,90,7.3,1021.7,0.3,1.0,14,2109.9,0
2022-02-03 10:13:01,5,59,18.9,90,7.3,1021.9,1.0,1.7,9,2109.9,0
2022-02-03 10:18:01,5,59,18.8,90,7.3,1021.9,1.7,2.7,15,2109.9,0
2022-02-03 10:23:01,5,59,18.8,90,7.3,1021.8,1.4,2.7,9,2109.9,0
2022-02-03 10:28:01,5,59,18.7,89,7.3,1021.8,1.7,2.7,11,2109.9,0
2022-02-03 10:33:01,5,59,18.7,89,7.4,1021.7,1.0,2.0,8,2109.9,0
2022-02-03 10:38:01,5,58,18.6,89,7.5,1021.8,0.3,1.0,4,2109.9,0
2022-02-03 10:43:01,5,56,18.6,89,7.6,1021.8,0.7,2.0,9,2109.9,0
2022-02-03 10:48:01,5,56,18.5,88,7.6,1021.8,1.4,2.7,3,2109.9,0
2022-02-03 10:53:01,5,57,18.6,89,7.7,1021.6,1.4,2.7,12,2109.9,0
2022-02-03 10:58:01,5,57,18.7,88,7.8,1021.5,0.7,1.7,12,2109.9,0
2022-02-03 11:03:01,5,57,18.9,88,7.8,1021.2,0.7,1.0,15,2109.9,0
2022-02-03 11:08:01,5,59,19.2,88,7.9,1020.9,1.4,2.0,11,2109.9,0
2022-02-03 11:13:01,5,60,19.6,88,7.9,1020.6,1.4,2.7,13,2109.9,0
2022-02-03 11:18:01,5,58,20.0,87,7.9,1020.2,1.4,2.7,9,2109.9,0
2022-02-03 11:23:01,5,57,21.1,88,8.0,1019.8,0.7,1.7,11,2109.9,0
2022-02-03 11:28:01,5,56,21.4,87,7.9,1019.5,2.4,3.7,6,2109.9,0
2022-02-03 11:33:01,5,55,21.6,88,8.0,1019.0,1.0,2.0,6,2109.9,0
2022-02-03 11:38:01,5,55,21.8,87,8.1,1018.7,1.0,2.7,11,2109.9,0
2022-02-03 11:43:01,5,54,21.9,87,8.1,1018.5,1.0,2.7,9,2109.9,0
2022-02-03 11:48:01,5,53,22.0,87,8.2,1018.3,1.0,2.0,0,2109.9,0
2022-02-03 11:53:01,5,53,22.1,87,7.9,1018.3,2.0,4.1,6,2109.9,0
2022-02-03 11:58:01,5,53,22.2,88,7.7,1018.2,1.0,3.7,8,2109.9,0
2022-02-03 12:03:01,5,52,22.2,88,7.8,1018.1,0.7,1.0,13,2109.9,0
2022-02-03 12:08:01,5,53,22.2,88,7.7,1018.0,1.4,2.0,12,2109.9,0
2022-02-03 12:13:01,5,53,22.2,89,7.7,1018.1,0.7,1.7,9,2109.9,0
2022-02-03 12:18:01,5,53,22.1,91,7.5,1018.1,1.4,2.0,10,2109.9,0
2022-02-03 12:23:01,5,53,22.0,92,7.5,1018.0,1.0,1.7,0,2109.9,0
2022-02-03 12:28:01,5,54,21.9,92,7.4,1018.0,1.0,2.0,5,2109.9,0
2022-02-03 12:33:01,5,54,21.9,92,7.3,1018.1,0.7,1.7,13,2109.9,0
2022-02-03 12:38:01,5,54,21.8,92,7.3,1018.0,1.0,2.0,8,2109.9,0
2022-02-03 12:43:01,5,54,21.8,91,7.3,1018.1,1.4,3.7,9,2109.9,0
2022-02-03 12:48:01,5,54,21.7,90,7.4,1018.1,1.7,3.1,7,2109.9,0
2022-02-03 12:53:01,5,54,21.6,91,7.4,1018.2,1.4,1.7,9,2109.9,0
2022-02-03 12:58:01,5,55,21.5,92,7.3,1018.3,0.7,1.0,13,2109.9,0
2022-02-03 13:03:01,5,55,21.5,93,7.2,1018.3,1.7,2.7,14,2109.9,0
2022-02-03 13:08:01,5,55,21.4,93,7.1,1018.4,1.0,2.0,11,2109.9,0
2022-02-03 13:13:01,5,55,21.3,93,7.0,1018.4,1.4,2.7,11,2109.9,0
2022-02-03 13:18:01,5,55,21.2,94,7.0,1018.5,1.4,2.7,7,2109.9,0
2022-02-03 13:23:01,5,56,21.2,94,7.0,1018.6,1.4,2.7,7,2109.9,0
2022-02-03 13:28:01,5,57,21.1,94,7.0,1018.7,0.7,1.7,11,2110.2,0
2022-02-03 13:33:01,5,57,21.0,95,6.9,1018.7,1.0,2.0,7,2110.2,0
2022-02-03 13:38:01,5,58,21.0,95,7.0,1018.7,0.7,1.7,10,2110.5,0
2022-02-03 13:43:01,5,59,20.9,95,7.0,1018.7,0.7,1.0,8,2110.5,0
2022-02-03 13:48:01,5,60,20.9,95,7.0,1018.6,1.0,3.1,7,2110.5,0
2022-02-03 13:53:01,5,60,20.7,95,7.1,1018.6,1.0,2.7,10,2110.5,0
2022-02-03 13:58:01,5,60,20.7,95,7.1,1018.7,1.7,3.1,8,2110.5,0
2022-02-03 14:03:01,5,60,20.6,95,7.1,1018.8,1.7,3.1,7,2110.5,0
2022-02-03 14:08:01,5,59,20.6,95,7.2,1018.8,0.3,1.0,10,2110.5,0
2022-02-03 14:13:01,5,61,19.8,95,7.2,1018.5,1.0,2.0,7,2110.5,0
2022-02-03 14:18:01,5,61,19.7,95,7.2,1018.5,0.7,1.7,7,2110.5,0
2022-02-03 14:23:01,5,61,19.7,94,7.3,1018.4,1.0,2.0,9,2110.5,0
2022-02-03 14:28:01,5,61,19.7,94,7.3,1018.6,1.4,2.7,10,2110.5,0
2022-02-03 14:33:01,5,61,19.7,94,7.3,1018.6,1.0,2.0,14,2110.5,0
2022-02-03 14:38:01,5,61,19.7,93,7.4,1018.5,1.4,2.7,7,2110.5,0
2022-02-03 14:43:01,5,61,19.6,93,7.4,1018.5,1.7,3.1,13,2110.5,0
2022-02-03 14:48:01,5,60,19.6,93,7.4,1018.4,1.4,3.1,8,2110.5,0
2022-02-03 14:53:01,5,60,19.5,93,7.5,1018.5,1.0,1.7,10,2110.5,0
2022-02-03 14:58:01,5,59,19.5,93,7.5,1018.4,1.0,2.0,9,2110.5,0
2022-02-03 15:03:01,5,56,19.2,92,7.5,1018.6,1.4,2.0,4,2110.5,0
2022-02-03 15:08:01,5,57,19.1,92,7.6,1018.7,0.3,1.7,7,2110.5,0
2022-02-03 15:13:01,5,57,19.0,92,7.6,1018.9,0.7,1.7,11,2110.5,0
2022-02-03 15:18:01,5,61,19.0,92,7.5,1018.7,0.3,0.7,9,2110.5,0
2022-02-03 15:23:01,5,61,19.2,92,7.6,1018.6,0.7,1.0,6,2110.5,0
2022-02-03 15:28:01,5,61,19.5,92,7.5,1018.6,1.0,2.0,8,2110.5,0
2022-02-03 15:35:01,5,61,19.7,92,7.5,1018.2,1.0,1.7,8,2110.5,0
2022-02-03 15:38:01,5,60,19.9,92,7.5,1017.9,0.7,1.0,8,2110.5,0
2022-02-03 15:43:01,5,59,20.8,92,7.5,1017.8,1.4,3.1,10,2110.5,0
2022-02-03 15:48:01,5,57,21.0,92,7.5,1017.7,1.4,2.0,7,2110.5,0
2022-02-03 15:53:01,5,56,21.1,92,7.5,1017.7,0.7,1.7,0,2110.5,0
2022-02-03 15:58:01,5,56,21.1,92,7.5,1017.5,0.3,1.0,12,2110.5,0
2022-02-03 16:03:01,5,54,21.1,92,7.5,1017.3,1.0,2.0,7,2110.5,0
2022-02-03 16:08:01,5,52,21.0,91,7.5,1017.5,1.0,1.7,8,2110.5,0
2022-02-03 16:13:01,5,53,20.8,91,7.5,1017.6,1.0,1.7,4,2110.5,0
2022-02-03 16:18:01,5,53,19.9,91,7.5,1017.6,1.4,2.0,8,2110.5,0
2022-02-03 16:23:01,5,53,19.7,91,7.5,1017.8,1.7,4.1,8,2110.5,0
2022-02-03 16:28:01,5,53,19.6,91,7.5,1018.2,1.7,3.1,9,2110.5,0
2022-02-03 16:33:01,5,53,19.6,91,7.5,1018.0,1.0,3.1,6,2110.5,0
2022-02-03 16:38:01,5,53,19.5,92,7.4,1018.0,0.7,1.7,5,2110.5,0
2022-02-03 16:43:01,5,53,19.3,92,7.4,1018.2,1.0,1.7,8,2110.5,0
2022-02-03 16:48:01,5,53,19.2,92,7.3,1018.3,1.4,3.1,12,2110.5,0
2022-02-03 16:53:01,5,53,19.2,92,7.3,1018.4,0.7,2.0,7,2110.5,0
2022-02-03 16:58:01,5,53,19.1,92,7.3,1018.4,1.4,2.7,14,2110.5,0
2022-02-03 17:03:01,5,53,19.0,92,7.3,1018.6,0.0,0.7,1,2110.5,0
2022-02-03 17:08:01,5,54,18.9,92,7.3,1018.4,0.7,1.7,0,2110.5,0
2022-02-03 17:13:01,5,55,18.8,92,7.3,1018.4,0.7,1.0,7,2110.5,0
2022-02-03 17:18:01,5,55,18.8,92,7.3,1018.6,1.4,2.7,7,2110.5,0
2022-02-03 17:23:01,5,56,18.8,92,7.3,1018.8,1.0,1.7,2,2110.5,0
2022-02-03 17:28:01,5,58,19.1,92,7.4,1018.5,0.7,1.0,10,2110.5,0
2022-02-03 17:33:01,5,59,19.2,92,7.4,1018.3,0.7,1.0,6,2110.5,0
2022-02-03 17:38:01,5,59,19.5,92,7.4,1018.3,0.7,1.7,8,2110.5,0
2022-02-03 17:43:01,5,59,19.6,92,7.4,1018.0,0.3,1.0,10,2110.5,0
2022-02-03 17:48:01,5,59,19.9,92,7.4,1017.8,1.4,2.0,10,2110.5,0
2022-02-03 17:53:01,5,60,19.9,92,7.4,1017.9,1.4,2.7,6,2110.5,0
2022-02-03 17:58:01,5,60,20.8,92,7.4,1017.8,1.0,2.0,12,2110.5,0
2022-02-03 18:03:01,5,60,20.9,92,7.4,1017.6,0.3,1.0,11,2110.5,0
2022-02-03 18:08:01,5,60,20.9,92,7.4,1017.8,0.7,1.0,7,2110.5,0
2022-02-03 18:13:01,5,59,20.9,92,7.4,1017.7,0.7,1.0,13,2110.5,0
2022-02-03 18:18:01,5,59,20.9,92,7.4,1017.8,1.4,2.7,6,2110.5,0
2022-02-03 18:23:01,5,58,21.0,92,7.4,1017.7,0.7,1.0,6,2110.5,0
2022-02-03 18:28:01,5,58,21.1,92,7.4,1017.5,0.3,0.7,5,2110.5,0
2022-02-03 18:33:01,5,58,21.2,92,7.4,1017.3,1.0,2.0,9,2110.5,0
2022-02-03 18:38:01,5,58,21.3,92,7.4,1017.0,1.0,1.7,11,2110.5,0
2022-02-03 18:43:01,5,57,21.6,92,7.4,1016.8,1.0,4.8,8,2110.5,0
2022-02-03 18:48:01,5,57,21.8,92,7.5,1016.7,0.7,2.0,7,2110.5,0
2022-02-03 18:53:01,5,56,21.9,92,7.5,1016.5,0.7,1.7,10,2110.5,0
2022-02-03 18:58:01,5,55,22.2,92,7.5,1016.3,0.7,1.7,7,2110.5,0
2022-02-03 19:03:01,5,54,22.3,92,7.5,1016.1,0.7,1.7,13,2110.5,0
2022-02-03 19:08:01,5,54,22.4,93,7.5,1016.0,0.3,1.0,14,2110.5,0
2022-02-03 19:13:01,5,54,22.5,93,7.5,1015.8,0.3,1.0,8,2110.5,0
2022-02-03 19:18:01,5,54,22.6,93,7.5,1015.9,0.7,1.7,7,2110.5,0
2022-02-03 19:23:01,5,54,22.6,93,7.6,1015.7,0.7,1.0,7,2110.5,0
2022-02-03 19:28:01,5,54,22.6,93,7.5,1015.7,0.3,1.0,6,2110.5,0
2022-02-03 19:33:01,5,54,22.6,93,7.5,1015.6,0.7,1.7,6,2110.5,0
2022-02-03 19:38:01,5,54,22.6,93,7.5,1015.6,0.3,1.0,7,2110.5,0
2022-02-03 19:43:01,5,54,22.5,93,7.6,1015.8,0.7,1.7,7,2110.5,0
2022-02-03 19:48:01,5,54,22.5,93,7.6,1015.8,0.7,1.0,9,2110.5,0
2022-02-03 19:53:01,5,54,22.4,93,7.6,1015.9,0.3,1.0,8,2110.5,0
2022-02-03 19:58:01,5,55,22.3,93,7.6,1015.9,0.7,1.0,9,2110.5,0
2022-02-03 20:03:01,5,56,22.2,93,7.6,1016.1,1.7,3.1,8,2110.5,0
2022-02-03 20:08:01,5,57,22.1,93,7.6,1016.2,0.7,1.7,8,2110.5,0
2022-02-03 20:13:01,5,57,21.9,93,7.6,1016.2,0.3,0.7,9,2110.5,0
2022-02-03 20:18:01,5,57,21.9,93,7.6,1016.4,0.7,1.0,4,2110.5,0
2022-02-03 20:23:01,5,57,21.8,93,7.6,1016.4,0.7,1.0,8,2110.5,0
2022-02-03 20:28:01,5,57,21.7,93,7.6,1016.5,1.0,2.0,11,2110.5,0
2022-02-03 20:33:01,5,58,21.7,93,7.6,1016.5,1.0,2.0,7,2110.5,0
2022-02-03 20:38:01,5,58,21.6,92,7.6,1016.6,1.7,2.7,13,2110.5,0
2022-02-03 20:43:01,5,58,21.6,92,7.6,1016.6,1.0,2.0,9,2110.5,0
2022-02-03 20:48:01,5,58,21.5,92,7.6,1016.7,0.3,0.7,11,2110.5,0
2022-02-03 20:53:01,5,58,21.4,92,7.6,1016.8,1.0,1.7,8,2110.5,0
2022-02-03 20:58:01,5,58,21.3,92,7.6,1016.7,0.3,1.0,12,2110.5,0
2022-02-03 21:03:01,5,58,21.3,92,7.6,1016.9,0.7,1.7,7,2110.5,0
2022-02-03 21:08:01,5,58,21.2,92,7.6,1017.0,0.7,1.0,7,2110.5,0
2022-02-03 21:13:01,5,59,21.2,92,7.6,1017.0,0.7,1.7,7,2110.5,0
2022-02-03 21:18:01,5,59,21.1,92,7.6,1016.9,1.0,1.7,7,2110.5,0
2022-02-03 21:23:01,5,59,21.1,93,7.6,1017.0,0.3,0.7,11,2110.5,0
2022-02-03 21:28:01,5,59,21.0,93,7.6,1017.1,0.7,2.0,10,2110.5,0
2022-02-03 21:33:01,5,59,21.0,93,7.6,1017.1,0.7,1.0,9,2110.5,0
2022-02-03 21:38:01,5,60,20.9,93,7.6,1017.1,0.7,1.7,6,2110.5,0
2022-02-03 21:43:01,5,60,20.9,93,7.6,1017.1,0.3,0.7,8,2110.5,0
2022-02-03 21:48:01,5,60,20.7,93,7.6,1017.4,1.0,1.7,10,2110.5,0
2022-02-03 21:53:01,5,60,20.7,92,7.6,1017.4,0.7,1.7,6,2110.5,0
2022-02-03 21:58:01,5,60,20.7,92,7.6,1017.5,1.4,3.1,6,2110.5,0
2022-02-03 22:03:01,5,60,20.6,92,7.6,1017.4,0.7,2.0,6,2110.5,0
2022-02-03 22:08:01,5,60,20.6,92,7.6,1017.3,0.3,0.7,5,2110.5,0
2022-02-03 22:13:01,5,60,20.6,92,7.7,1017.4,1.0,1.7,0,2110.5,0
2022-02-03 22:18:01,5,60,20.5,92,7.7,1017.5,1.0,1.7,7,2110.5,0
2022-02-03 22:23:01,5,61,19.7,91,7.7,1017.3,0.3,1.0,10,2110.5,0
2022-02-03 22:28:01,5,61,19.7,91,7.7,1017.4,0.7,1.7,8,2110.5,0
2022-02-03 22:33:01,5,61,19.7,92,7.7,1017.3,0.3,1.0,9,2110.5,0
2022-02-03 22:38:01,5,61,19.6,92,7.7,1017.4,1.0,1.7,11,2110.5,0
2022-02-03 22:43:01,5,61,19.6,92,7.7,1017.5,0.7,2.0,7,2110.5,0
2022-02-03 22:48:01,5,61,19.6,91,7.7,1017.4,0.3,1.0,5,2110.5,0
2022-02-03 22:53:01,5,61,19.6,91,7.7,1017.6,0.3,0.7,13,2110.5,0
2022-02-03 22:58:01,5,61,19.5,91,7.8,1017.6,0.3,1.0,2,2110.5,0
2022-02-03 23:03:01,5,61,19.5,91,7.8,1017.7,0.3,1.0,6,2110.5,0
2022-02-03 23:08:01,5,61,19.4,91,7.9,1017.8,1.0,2.0,7,2110.5,0
2022-02-03 23:13:01,5,61,19.3,90,7.9,1017.8,0.7,2.0,13,2110.5,0
2022-02-03 23:18:01,5,61,19.3,90,7.9,1017.8,0.7,1.7,6,2110.5,0
2022-02-03 23:23:01,5,61,19.3,90,8.0,1017.8,0.7,1.0,9,2110.5,0
2022-02-03 23:28:01,5,61,19.3,89,7.9,1017.8,0.7,1.0,10,2110.5,0
2022-02-03 23:33:01,5,61,19.2,89,7.9,1017.9,0.3,1.0,11,2110.5,0
2022-02-03 23:38:01,5,61,19.2,89,8.0,1017.8,1.0,2.0,7,2110.5,0
2022-02-03 23:43:01,5,61,19.2,89,8.0,1017.8,0.7,1.7,6,2110.5,0
2022-02-03 23:48:01,5,61,19.1,89,8.0,1017.9,1.0,2.0,8,2110.5,0
2022-02-03 23:53:01,5,61,19.1,89,8.0,1018.0,1.0,2.7,8,2110.5,0
2022-02-03 23:58:01,5,61,19.0,89,8.0,1018.0,0.3,1.0,10,2110.5,0
