2021-06-29 00:04:01,5,71,23.8,93,18.2,1015.0,0.0,0.0,2,1428.9,0
2021-06-29 00:09:01,5,71,23.8,93,18.1,1015.0,0.0,0.0,2,1428.9,0
2021-06-29 00:14:01,5,71,23.8,93,18.1,1014.9,0.0,0.0,3,1428.9,0
2021-06-29 00:19:01,5,71,23.8,92,18.1,1015.0,0.0,0.0,3,1428.9,0
2021-06-29 00:24:01,5,71,23.8,92,18.1,1015.1,0.0,0.0,3,1428.9,0
2021-06-29 00:29:01,5,71,23.8,92,18.1,1015.1,0.0,0.0,3,1428.9,0
2021-06-29 00:34:01,5,71,23.8,92,18.1,1015.1,0.0,0.0,3,1428.9,0
2021-06-29 00:39:01,5,71,23.8,92,18.1,1014.9,0.0,0.0,3,1428.9,0
2021-06-29 00:44:01,5,70,23.8,92,18.1,1014.8,0.0,0.0,3,1428.9,0
2021-06-29 00:49:01,5,70,23.7,92,18.0,1014.7,0.0,0.0,3,1428.9,0
2021-06-29 00:54:01,5,70,23.7,92,18.0,1014.7,0.0,0.0,3,1428.9,0
2021-06-29 00:59:01,5,70,23.7,93,18.0,1014.6,0.0,0.0,3,1428.9,0
2021-06-29 01:04:01,5,70,23.7,93,18.0,1014.5,0.0,0.0,3,1428.9,0
2021-06-29 01:09:01,5,70,23.7,93,18.0,1014.5,0.0,0.0,3,1428.9,0
2021-06-29 01:14:01,5,70,23.7,93,18.0,1014.6,0.0,0.0,3,1428.9,0
2021-06-29 01:19:01,5,70,23.7,93,18.0,1014.5,0.0,0.0,3,1428.9,0
2021-06-29 01:24:01,5,70,23.7,93,18.0,1014.5,0.0,0.0,3,1428.9,0
2021-06-29 01:29:01,5,70,23.7,93,17.9,1014.5,0.0,0.0,3,1428.9,0
2021-06-29 01:34:01,5,70,23.6,93,17.9,1014.4,0.0,0.0,3,1428.9,0
2021-06-29 01:39:01,5,70,23.6,93,17.9,1014.3,0.0,0.0,3,1428.9,0
2021-06-29 01:44:01,5,70,23.6,93,17.8,1014.3,0.0,0.0,3,1428.9,0
2021-06-29 01:49:01,5,70,23.6,93,17.8,1014.3,0.0,0.0,3,1428.9,0
2021-06-29 01:54:01,5,70,23.6,93,17.8,1014.2,0.0,0.0,3,1428.9,0
2021-06-29 01:59:01,5,70,23.6,93,17.8,1014.2,0.0,0.0,3,1428.9,0
2021-06-29 02:04:01,5,70,23.6,93,17.9,1014.2,0.0,0.0,3,1428.9,0
2021-06-29 02:09:01,5,70,23.6,93,17.9,1014.3,0.0,0.0,3,1428.9,0
2021-06-29 02:14:01,5,70,23.6,93,17.9,1014.1,0.0,0.0,3,1428.9,0
2021-06-29 02:19:01,5,70,23.6,93,17.9,1013.9,0.0,0.0,3,1429.2,0
2021-06-29 02:24:01,5,70,23.6,93,17.9,1013.8,0.0,0.0,3,1429.2,0
2021-06-29 02:29:01,5,70,23.6,93,17.9,1014.0,0.0,0.0,3,1429.2,0
2021-06-29 02:34:01,5,70,23.6,93,17.9,1013.8,0.0,0.0,3,1429.2,0
2021-06-29 02:39:01,5,70,23.6,93,17.9,1013.7,0.0,0.0,3,1429.2,0
2021-06-29 02:44:01,5,70,23.6,94,17.9,1013.9,0.0,0.0,3,1429.2,0
2021-06-29 02:49:01,5,70,23.6,94,17.9,1013.9,0.0,0.0,3,1429.2,0
2021-06-29 02:54:01,5,70,23.5,94,17.9,1013.9,0.0,0.0,3,1429.2,0
2021-06-29 02:59:01,5,70,23.5,94,17.9,1013.9,0.0,0.0,3,1429.2,0
2021-06-29 03:04:01,5,70,23.5,94,17.9,1014.0,0.0,0.0,3,1429.2,0
2021-06-29 03:09:01,5,70,23.5,94,17.9,1014.1,0.0,0.0,3,1429.2,0
2021-06-29 03:14:01,5,70,23.5,94,17.9,1014.1,0.0,0.0,3,1429.2,0
2021-06-29 03:19:01,5,70,23.5,94,17.9,1014.1,0.0,0.0,3,1429.2,0
2021-06-29 03:24:01,5,71,23.5,94,17.9,1014.0,0.0,0.0,3,1429.2,0
2021-06-29 03:29:01,5,71,23.4,94,17.9,1014.1,0.0,0.0,3,1429.2,0
2021-06-29 03:34:01,5,71,23.4,94,17.9,1014.2,0.0,0.0,3,1429.2,0
2021-06-29 03:39:01,5,71,23.4,94,17.8,1014.1,0.0,0.0,3,1429.2,0
2021-06-29 03:44:01,5,71,23.4,94,17.8,1014.1,0.0,0.0,3,1429.2,0
2021-06-29 03:49:01,5,71,23.4,94,17.7,1014.2,0.0,0.0,3,1429.2,0
2021-06-29 03:54:01,5,70,23.4,94,17.6,1014.2,0.0,0.0,3,1429.2,0
2021-06-29 03:59:01,5,70,23.4,94,17.6,1014.1,0.0,0.0,3,1429.2,0
2021-06-29 04:04:01,5,70,23.4,95,17.6,1014.1,0.0,0.0,3,1429.2,0
2021-06-29 04:09:01,5,70,23.4,94,17.6,1014.0,0.0,0.0,3,1429.2,0
2021-06-29 04:14:01,5,70,23.4,95,17.6,1014.1,0.0,0.0,3,1429.2,0
2021-06-29 04:19:01,5,70,23.4,95,17.6,1014.2,0.0,0.0,3,1429.2,0
2021-06-29 04:24:01,5,70,23.4,95,17.6,1014.3,0.0,0.0,3,1429.2,0
2021-06-29 04:29:01,5,70,23.4,95,17.7,1014.3,0.0,0.0,3,1429.2,0
2021-06-29 04:34:01,5,70,23.4,95,17.6,1014.3,0.3,0.7,4,1429.2,0
2021-06-29 04:39:01,5,70,23.4,95,17.6,1014.3,0.0,0.0,4,1429.2,0
2021-06-29 04:44:01,5,70,23.4,95,17.5,1014.3,0.0,0.7,4,1429.2,0
2021-06-29 04:49:01,5,70,23.4,95,17.5,1014.4,0.0,0.0,4,1429.2,0
2021-06-29 04:54:01,5,70,23.4,95,17.5,1014.3,0.0,0.0,4,1429.2,0
2021-06-29 04:59:01,5,70,23.4,95,17.5,1014.3,0.0,0.0,4,1429.2,0
2021-06-29 05:04:01,5,70,23.4,95,17.5,1014.4,0.0,0.0,4,1429.2,0
2021-06-29 05:09:01,5,70,23.4,95,17.4,1014.4,0.0,0.7,4,1429.2,0
2021-06-29 05:14:01,5,70,23.4,95,17.5,1014.3,0.0,0.0,4,1429.2,0
2021-06-29 05:19:01,5,70,23.4,95,17.5,1014.3,0.0,0.0,4,1429.2,0
2021-06-29 05:24:01,5,70,23.4,95,17.5,1014.2,0.0,0.7,4,1429.2,0
2021-06-29 05:29:01,5,70,23.4,95,17.5,1014.2,0.3,0.7,4,1429.2,0
2021-06-29 05:34:01,5,71,23.4,95,17.5,1014.4,0.3,0.7,4,1429.2,0
2021-06-29 05:39:01,5,71,23.4,95,17.5,1014.3,0.3,0.7,5,1429.2,0
2021-06-29 05:44:01,5,71,23.4,95,17.5,1014.4,0.7,1.0,5,1429.2,0
2021-06-29 05:49:01,5,71,23.4,95,17.5,1014.5,0.0,0.7,5,1429.2,0
2021-06-29 05:54:01,5,71,23.4,95,17.6,1014.7,0.7,1.0,6,1429.2,0
2021-06-29 05:59:01,5,71,23.4,95,17.7,1014.8,0.0,0.0,6,1429.2,0
2021-06-29 06:04:01,5,71,23.4,95,17.7,1014.8,0.0,0.0,6,1429.2,0
2021-06-29 06:09:01,5,70,23.4,95,17.7,1014.6,0.3,0.7,6,1429.2,0
2021-06-29 06:14:01,5,70,23.4,95,17.7,1014.7,0.3,1.0,8,1429.2,0
2021-06-29 06:19:01,5,71,23.4,95,17.6,1014.7,0.7,1.0,6,1429.2,0
2021-06-29 06:24:01,5,71,23.4,95,17.7,1014.6,0.7,1.0,7,1429.2,0
2021-06-29 06:29:01,5,71,23.4,95,17.8,1014.5,0.0,0.7,5,1429.2,0
2021-06-29 06:34:01,5,70,23.4,95,18.0,1014.6,0.0,0.7,6,1429.2,0
2021-06-29 06:39:01,5,70,23.4,95,17.7,1014.5,0.7,1.7,5,1429.2,0
2021-06-29 06:44:01,5,70,23.4,95,17.9,1014.4,0.0,0.7,5,1429.2,0
2021-06-29 06:49:01,5,70,23.4,95,17.8,1014.4,0.3,1.7,5,1429.2,0
2021-06-29 06:54:01,5,70,23.5,94,17.9,1014.4,0.3,1.0,5,1429.2,0
2021-06-29 06:59:01,5,70,23.6,94,18.2,1014.3,0.0,0.0,5,1429.2,0
2021-06-29 07:04:01,5,70,23.6,93,18.2,1014.3,0.3,1.0,6,1429.2,0
2021-06-29 07:09:01,5,70,23.6,93,18.4,1014.4,0.0,0.0,8,1429.2,0
2021-06-29 07:14:01,5,70,23.6,92,18.4,1014.5,0.0,0.7,5,1429.2,0
2021-06-29 07:19:01,5,70,23.6,92,18.7,1014.5,0.0,0.0,5,1429.2,0
2021-06-29 07:24:01,5,70,23.6,91,18.5,1014.6,1.0,1.7,5,1429.2,0
2021-06-29 07:29:01,5,70,23.6,91,18.5,1014.5,0.0,0.7,5,1429.2,0
2021-06-29 07:34:01,5,70,23.6,91,18.7,1014.5,0.0,0.7,4,1429.2,0
2021-06-29 07:39:01,5,69,23.6,90,18.9,1014.4,0.0,0.7,5,1429.2,0
2021-06-29 07:44:01,5,70,23.7,89,19.1,1014.1,0.3,0.7,4,1429.2,0
2021-06-29 07:49:01,5,70,23.7,89,19.4,1014.3,0.0,0.7,6,1429.2,0
2021-06-29 07:54:01,5,70,23.8,87,19.4,1014.2,0.7,1.0,9,1429.2,0
2021-06-29 07:59:01,5,69,23.8,87,19.3,1014.0,0.7,1.0,8,1429.2,0
2021-06-29 08:04:01,5,69,23.9,85,19.9,1014.0,1.0,2.0,7,1429.2,0
2021-06-29 08:09:01,5,68,24.0,84,20.0,1013.9,0.7,2.7,8,1429.2,0
2021-06-29 08:14:01,5,68,24.0,85,19.8,1013.9,0.7,1.0,5,1429.2,0
2021-06-29 08:19:01,5,67,24.1,85,19.7,1014.0,0.7,1.0,7,1429.2,0
2021-06-29 08:24:01,5,67,24.1,85,19.8,1013.9,1.0,2.0,4,1429.2,0
2021-06-29 08:29:01,5,67,24.1,84,20.1,1013.8,0.7,1.0,4,1429.2,0
2021-06-29 08:34:01,5,67,24.1,84,20.0,1013.7,0.7,1.7,4,1429.2,0
2021-06-29 08:39:01,5,67,24.1,84,20.3,1013.7,0.3,1.0,3,1429.2,0
2021-06-29 08:44:01,5,66,24.1,83,20.3,1013.6,0.7,1.7,3,1429.2,0
2021-06-29 08:49:01,5,66,24.1,83,20.5,1013.7,0.3,1.0,6,1429.2,0
2021-06-29 08:54:01,5,66,24.1,83,20.6,1013.7,0.0,0.7,8,1429.2,0
2021-06-29 08:59:01,5,66,24.1,83,20.6,1013.7,0.0,0.7,4,1429.2,0
2021-06-29 09:04:01,5,66,24.2,83,20.6,1013.8,0.7,1.0,7,1429.2,0
2021-06-29 09:09:01,5,66,24.3,83,20.4,1013.7,1.0,2.0,7,1429.2,0
2021-06-29 09:14:01,5,66,24.3,83,20.7,1013.8,0.3,0.7,8,1429.2,0
2021-06-29 09:19:01,5,66,24.3,83,20.7,1013.7,0.3,1.0,6,1429.2,0
2021-06-29 09:24:01,5,66,24.4,83,20.6,1013.7,0.7,1.0,7,1429.2,0
2021-06-29 09:29:01,5,66,24.4,83,20.8,1013.5,0.3,0.7,4,1429.2,0
2021-06-29 09:34:01,5,66,24.4,82,21.1,1013.5,1.0,1.7,7,1429.2,0
2021-06-29 09:39:01,5,66,24.6,81,21.5,1013.4,0.7,1.0,10,1429.2,0
2021-06-29 09:44:01,5,66,24.6,80,21.6,1013.3,0.7,1.7,4,1429.2,0
2021-06-29 09:49:01,5,66,24.7,81,21.5,1013.1,0.7,1.0,7,1429.2,0
2021-06-29 09:54:01,5,66,24.8,79,21.8,1012.9,0.7,2.0,8,1429.2,0
2021-06-29 09:59:01,5,66,24.9,79,22.1,1013.0,0.7,1.7,7,1429.2,0
2021-06-29 10:04:01,5,65,25.0,78,22.1,1013.0,0.3,1.0,6,1429.2,0
2021-06-29 10:09:01,5,65,25.0,78,22.4,1012.9,1.0,1.7,3,1429.2,0
2021-06-29 10:14:01,5,64,25.0,79,22.6,1013.0,0.3,0.7,4,1429.2,0
2021-06-29 10:19:01,5,64,25.1,79,21.9,1012.9,0.7,1.0,3,1429.2,0
2021-06-29 10:24:01,5,64,25.0,79,22.1,1013.0,0.0,0.0,4,1429.2,0
2021-06-29 10:29:01,5,63,25.0,78,22.0,1013.0,1.0,1.7,3,1429.2,0
2021-06-29 10:34:01,5,63,25.0,79,21.8,1013.0,0.0,0.7,3,1429.2,0
2021-06-29 10:39:01,5,63,25.0,78,22.2,1012.9,0.7,1.7,6,1429.2,0
2021-06-29 10:44:01,5,63,25.0,74,22.9,1013.0,0.7,1.0,6,1429.2,0
2021-06-29 10:49:01,5,63,25.1,72,23.9,1013.0,0.7,1.0,4,1429.2,0
2021-06-29 10:54:01,5,63,25.1,70,24.2,1012.8,0.0,0.7,2,1429.2,0
2021-06-29 10:59:01,5,63,25.1,73,22.8,1012.7,1.0,2.0,2,1429.2,0
2021-06-29 11:04:01,5,63,25.1,74,22.7,1012.8,0.3,1.0,3,1429.2,0
2021-06-29 11:09:01,5,62,25.1,75,22.7,1012.6,0.3,0.7,1,1429.2,0
2021-06-29 11:14:01,5,62,25.1,75,22.7,1012.7,0.7,1.0,3,1429.2,0
2021-06-29 11:19:01,5,62,25.1,73,22.8,1012.7,0.7,1.7,3,1429.2,0
2021-06-29 11:24:01,5,62,25.1,74,22.7,1012.6,0.0,0.7,5,1429.2,0
2021-06-29 11:29:01,5,62,25.1,75,22.5,1012.7,0.7,1.0,1,1429.2,0
2021-06-29 11:34:01,5,62,25.0,75,22.2,1012.7,0.3,1.0,4,1429.2,0
2021-06-29 11:39:01,5,61,25.0,77,22.3,1012.8,0.3,1.0,3,1429.2,0
2021-06-29 11:44:01,5,61,25.0,76,22.4,1012.8,0.3,0.7,4,1429.2,0
2021-06-29 11:49:01,5,63,24.9,76,22.5,1012.6,0.0,0.0,3,1429.2,0
2021-06-29 11:54:01,5,63,24.9,75,22.8,1012.6,0.0,0.0,3,1429.2,0
2021-06-29 11:59:01,5,63,24.9,76,22.4,1012.6,0.0,0.7,3,1429.2,0
2021-06-29 12:04:01,5,63,24.9,76,22.4,1012.6,0.0,0.7,2,1429.2,0
2021-06-29 12:09:01,5,63,24.8,76,22.2,1012.7,0.7,1.0,3,1429.2,0
2021-06-29 12:14:01,5,63,24.8,77,22.2,1012.7,0.7,1.7,1,1429.2,0
2021-06-29 12:19:01,5,63,24.8,78,22.0,1012.6,0.7,1.0,15,1429.2,0
2021-06-29 12:24:01,5,63,24.8,77,22.1,1012.6,0.7,1.7,0,1429.2,0
2021-06-29 12:29:01,5,63,24.8,76,22.2,1012.6,0.3,0.7,0,1429.2,0
2021-06-29 12:34:01,5,63,24.8,77,21.8,1012.6,0.7,1.7,2,1429.2,0
2021-06-29 12:39:01,5,63,24.8,78,21.9,1012.7,0.3,0.7,3,1429.2,0
2021-06-29 12:44:01,5,63,24.8,78,21.9,1012.7,0.7,1.0,1,1429.2,0
2021-06-29 12:49:01,5,63,24.8,76,22.5,1012.7,1.0,1.7,0,1429.2,0
2021-06-29 12:54:01,5,63,24.8,76,22.3,1012.8,0.7,1.0,1,1429.2,0
2021-06-29 12:59:01,5,63,24.8,75,22.3,1012.8,0.7,1.7,0,1429.2,0
2021-06-29 13:04:01,5,63,24.9,77,21.8,1012.7,0.7,1.7,15,1429.2,0
2021-06-29 13:09:01,5,63,24.9,76,22.2,1012.6,0.7,1.0,0,1429.2,0
2021-06-29 13:14:01,5,63,24.9,74,22.7,1012.6,0.3,1.0,2,1429.2,0
2021-06-29 13:19:01,5,63,24.9,75,22.4,1012.5,1.0,1.7,4,1429.2,0
2021-06-29 13:24:01,5,62,25.0,76,22.4,1012.5,0.7,1.7,2,1429.2,0
2021-06-29 13:29:01,5,62,25.0,75,22.7,1012.4,0.7,2.0,2,1429.2,0
2021-06-29 13:34:01,5,62,25.0,76,22.0,1012.5,0.3,1.7,6,1429.2,0
2021-06-29 13:39:01,5,62,25.0,77,21.5,1012.4,1.0,2.0,4,1429.2,0
2021-06-29 13:44:01,5,62,25.0,77,21.3,1012.5,1.4,2.7,15,1429.2,0
2021-06-29 13:49:01,5,63,25.0,77,21.3,1012.4,1.7,3.1,1,1429.2,0
2021-06-29 13:54:01,5,63,25.0,77,21.7,1012.3,0.7,1.0,2,1429.2,0
2021-06-29 13:59:01,5,63,25.0,78,21.4,1012.4,0.7,1.0,5,1429.2,0
2021-06-29 14:04:01,5,62,25.1,78,20.8,1012.4,1.0,2.0,0,1429.2,0
2021-06-29 14:09:01,5,62,25.0,80,20.6,1012.5,0.7,1.7,6,1429.2,0
2021-06-29 14:14:01,5,61,25.0,80,20.3,1012.6,0.3,1.0,1,1429.2,0
2021-06-29 14:19:01,5,61,25.0,80,20.3,1012.7,0.3,1.0,5,1429.2,0
2021-06-29 14:24:01,5,61,24.9,80,20.2,1012.5,0.7,1.0,2,1429.2,0
2021-06-29 14:29:01,5,61,24.8,80,20.2,1012.7,1.7,3.1,3,1429.2,0
2021-06-29 14:34:01,5,61,24.7,81,20.0,1012.7,0.7,1.0,14,1429.2,0
2021-06-29 14:39:01,5,61,24.7,80,20.3,1012.7,1.0,1.7,4,1429.2,0
2021-06-29 14:44:01,5,61,24.6,80,20.3,1012.8,1.0,1.7,3,1429.2,0
2021-06-29 14:49:01,5,61,24.6,80,20.2,1012.9,0.7,1.0,1,1429.2,0
2021-06-29 14:54:01,5,61,24.6,81,20.0,1012.9,0.7,1.7,14,1429.2,0
2021-06-29 14:59:01,5,62,24.5,82,19.6,1012.7,1.0,1.7,0,1429.2,0
2021-06-29 15:04:01,5,62,24.5,83,19.2,1012.9,1.0,2.0,3,1429.2,0
2021-06-29 15:09:01,5,61,24.5,84,18.9,1013.0,1.0,1.7,2,1429.2,0
2021-06-29 15:14:01,5,61,24.4,84,18.8,1013.0,1.0,2.0,4,1429.2,0
2021-06-29 15:19:01,5,62,24.4,84,18.7,1013.1,0.7,1.0,0,1429.2,0
2021-06-29 15:24:01,5,62,24.4,84,18.6,1013.0,0.7,1.7,2,1429.2,0
2021-06-29 15:29:01,5,62,24.4,83,18.8,1013.2,0.3,1.0,1,1429.2,0
2021-06-29 15:34:01,5,62,24.4,83,19.1,1013.0,0.3,1.0,4,1429.2,0
2021-06-29 15:39:01,5,62,24.4,83,19.2,1013.1,0.3,1.0,2,1429.2,0
2021-06-29 15:44:01,5,62,24.4,83,18.9,1013.1,0.7,1.0,2,1429.2,0
2021-06-29 15:49:01,5,62,24.5,82,19.2,1013.1,0.7,1.7,0,1429.2,0
2021-06-29 15:54:01,5,62,24.4,82,19.3,1013.2,0.3,0.7,2,1429.2,0
2021-06-29 15:59:01,5,62,24.5,82,19.3,1013.2,0.3,0.7,2,1429.2,0
2021-06-29 16:04:01,5,62,24.5,83,19.2,1013.2,0.0,0.0,0,1429.2,0
2021-06-29 16:09:01,5,62,24.4,83,18.9,1013.2,0.7,1.0,1,1429.2,0
2021-06-29 16:14:01,5,62,24.5,83,18.8,1013.2,0.7,1.0,15,1429.2,0
2021-06-29 16:19:01,5,62,24.4,83,18.5,1013.1,0.3,1.0,15,1429.2,0
2021-06-29 16:24:01,5,63,24.4,84,18.5,1013.1,0.3,1.0,1,1429.2,0
2021-06-29 16:29:01,5,63,24.4,84,18.5,1013.2,0.0,0.0,0,1429.2,0
2021-06-29 16:34:01,5,63,24.4,84,18.3,1013.2,0.7,1.7,1,1429.2,0
2021-06-29 16:39:01,5,63,24.4,84,18.2,1013.2,0.7,1.0,5,1429.2,0
2021-06-29 16:44:01,5,63,24.4,85,18.1,1013.1,0.7,3.1,0,1429.2,0
2021-06-29 16:49:01,5,63,24.4,85,18.0,1013.2,0.3,0.7,15,1429.2,0
2021-06-29 16:54:01,5,63,24.4,84,18.2,1013.2,0.3,1.7,1,1429.2,0
2021-06-29 16:59:01,5,63,24.4,85,18.1,1013.0,0.7,1.0,15,1429.2,0
2021-06-29 17:04:01,5,63,24.4,85,18.2,1013.1,0.3,1.7,3,1429.2,0
2021-06-29 17:09:01,5,63,24.4,84,18.1,1013.0,0.3,1.0,15,1429.2,0
2021-06-29 17:14:01,5,63,24.4,85,17.8,1013.0,1.0,1.7,15,1429.2,0
2021-06-29 17:19:01,5,63,24.3,85,17.5,1013.1,1.4,2.0,14,1429.2,0
2021-06-29 17:24:01,5,62,24.3,85,17.5,1013.1,0.3,1.7,2,1429.2,0
2021-06-29 17:29:01,5,62,24.3,85,17.3,1013.4,1.7,3.1,15,1429.2,0
2021-06-29 17:34:01,5,62,24.3,85,17.1,1013.4,1.0,1.7,4,1429.2,0
2021-06-29 17:39:01,5,62,24.3,85,17.2,1013.4,0.7,1.7,2,1429.2,0
2021-06-29 17:44:01,5,62,24.2,85,17.3,1013.4,0.7,1.0,0,1429.2,0
2021-06-29 17:49:01,5,63,24.2,84,17.3,1013.5,1.4,2.0,0,1429.2,0
2021-06-29 17:54:01,5,64,24.2,84,17.4,1013.6,0.3,1.0,15,1429.2,0
2021-06-29 17:59:01,5,63,24.1,84,17.3,1013.6,0.3,1.0,0,1429.2,0
2021-06-29 18:04:01,5,63,24.1,84,17.3,1013.7,0.3,1.0,5,1429.2,0
2021-06-29 18:09:01,5,63,24.1,84,17.3,1013.7,1.0,1.7,15,1429.2,0
2021-06-29 18:14:01,5,63,24.1,84,17.3,1013.6,0.7,1.0,1,1429.2,0
2021-06-29 18:19:01,5,63,24.1,84,17.3,1013.6,0.0,0.0,3,1429.2,0
2021-06-29 18:24:01,5,63,24.1,85,17.2,1013.6,0.0,0.7,2,1429.2,0
2021-06-29 18:29:01,5,63,24.1,85,17.1,1013.6,0.7,1.7,2,1429.2,0
2021-06-29 18:34:01,5,63,24.1,85,17.0,1013.9,0.7,1.7,4,1429.2,0
2021-06-29 18:39:01,5,63,24.1,86,16.8,1013.8,1.0,2.0,15,1429.2,0
2021-06-29 18:44:01,5,63,24.1,85,16.7,1013.8,0.7,1.0,2,1429.2,0
2021-06-29 18:49:01,5,63,24.1,85,16.7,1013.9,0.3,1.0,14,1429.2,0
2021-06-29 18:54:01,5,63,24.1,85,16.7,1013.8,1.0,1.7,1,1429.2,0
2021-06-29 18:59:01,5,63,24.1,85,16.7,1013.9,0.7,1.0,1,1429.2,0
2021-06-29 19:04:01,5,64,24.0,85,16.8,1013.9,0.0,0.7,3,1429.2,0
2021-06-29 19:09:01,5,64,24.0,85,16.8,1013.9,0.3,1.0,1,1429.2,0
2021-06-29 19:14:01,5,64,24.0,84,16.7,1013.9,0.7,1.7,15,1429.2,0
2021-06-29 19:19:01,5,64,24.0,84,16.7,1013.9,0.0,1.0,0,1429.2,0
2021-06-29 19:24:02,5,64,24.0,84,16.7,1013.9,1.0,1.7,3,1429.2,0
2021-06-29 19:29:02,5,64,24.0,84,16.6,1014.0,0.7,1.0,3,1429.2,0
2021-06-29 19:34:02,5,64,24.0,84,16.6,1013.8,0.7,1.7,3,1429.2,0
2021-06-29 19:39:02,5,63,24.0,85,16.5,1014.1,0.7,1.7,3,1429.2,0
2021-06-29 19:44:02,5,64,23.9,85,16.4,1013.9,0.7,1.7,13,1429.2,0
2021-06-29 19:49:02,5,64,23.9,85,16.4,1014.0,0.3,1.0,3,1429.2,0
2021-06-29 19:54:02,5,63,23.8,85,16.3,1014.1,0.7,1.7,15,1429.2,0
2021-06-29 19:59:02,5,63,23.8,85,16.0,1014.2,1.0,2.7,15,1429.2,0
2021-06-29 20:04:02,5,63,23.8,85,16.1,1014.3,0.7,1.7,0,1429.2,0
2021-06-29 20:09:02,5,63,23.8,85,16.1,1014.4,0.7,1.0,3,1429.2,0
2021-06-29 20:14:02,5,63,23.8,85,16.0,1014.5,1.0,2.0,0,1429.2,0
2021-06-29 20:19:02,5,63,23.7,86,16.0,1014.6,0.3,1.0,4,1429.2,0
2021-06-29 20:24:02,5,63,23.7,86,15.9,1014.7,1.0,1.7,15,1429.2,0
2021-06-29 20:29:02,5,63,23.7,85,15.9,1014.8,0.7,1.7,14,1429.2,0
2021-06-29 20:34:02,5,62,23.7,85,15.9,1014.7,0.0,0.7,2,1429.2,0
2021-06-29 20:39:02,5,62,23.7,85,15.9,1014.7,1.0,2.0,0,1429.2,0
2021-06-29 20:44:02,5,62,23.6,85,15.8,1014.8,0.3,1.0,15,1429.2,0
2021-06-29 20:49:02,5,62,23.6,85,15.8,1014.9,0.3,1.0,3,1429.2,0
2021-06-29 20:54:02,5,62,23.6,86,15.7,1014.9,0.7,1.7,10,1429.2,0
2021-06-29 20:59:02,5,62,23.6,87,15.4,1015.0,1.0,2.7,15,1429.2,0
2021-06-29 21:04:02,5,62,23.6,88,15.3,1015.0,1.0,1.7,0,1429.2,0
2021-06-29 21:09:02,5,62,23.6,88,15.2,1014.9,0.3,1.0,4,1429.2,0
2021-06-29 21:14:02,5,62,23.6,88,15.2,1014.9,0.7,2.0,0,1429.2,0
2021-06-29 21:19:02,5,62,23.5,88,15.3,1014.9,0.0,0.0,3,1429.2,0
2021-06-29 21:24:02,5,62,23.4,87,15.3,1015.0,0.7,1.0,0,1429.2,0
2021-06-29 21:29:02,5,62,23.4,87,15.3,1015.0,0.7,1.7,15,1429.2,0
2021-06-29 21:34:02,5,61,23.4,88,15.3,1015.0,0.7,1.0,15,1429.2,0
2021-06-29 21:39:02,5,61,23.4,88,15.3,1015.0,0.7,1.0,0,1429.2,0
2021-06-29 21:44:02,5,62,23.4,88,15.2,1015.1,1.4,2.0,3,1429.2,0
2021-06-29 21:49:02,5,62,23.4,88,15.2,1015.3,1.4,3.7,0,1429.2,0
2021-06-29 21:54:02,5,62,23.4,88,15.1,1015.1,1.0,1.7,2,1429.2,0
2021-06-29 21:59:02,5,62,23.4,89,15.0,1015.0,1.0,1.7,3,1429.2,0
2021-06-29 22:04:02,5,62,23.3,89,14.9,1015.0,1.0,2.0,15,1429.2,0
2021-06-29 22:09:02,5,62,23.3,90,14.9,1015.1,0.7,2.0,15,1429.2,0
2021-06-29 22:14:02,5,62,23.3,90,14.8,1015.1,1.0,3.1,0,1429.2,0
2021-06-29 22:19:02,5,62,23.2,89,14.8,1015.2,0.3,1.7,15,1429.2,0
2021-06-29 22:24:02,5,62,23.2,90,14.7,1015.2,0.3,0.7,3,1429.2,0
2021-06-29 22:29:02,5,62,23.2,90,14.5,1015.3,0.7,2.0,15,1429.2,0
2021-06-29 22:34:02,5,62,23.1,90,14.4,1015.2,1.0,1.7,1,1429.2,0
2021-06-29 22:39:02,5,62,23.1,89,14.6,1015.3,1.0,2.7,15,1429.2,0
2021-06-29 22:44:02,5,62,23.1,88,14.6,1015.3,1.0,2.0,3,1429.2,0
2021-06-29 22:49:02,5,62,23.1,88,14.7,1015.1,0.3,0.7,2,1429.2,0
2021-06-29 22:54:02,5,62,23.1,87,14.8,1015.0,0.3,1.0,0,1429.2,0
2021-06-29 22:59:02,5,62,23.1,86,14.8,1014.9,0.7,1.0,0,1429.2,0
2021-06-29 23:04:02,5,62,23.0,86,14.9,1014.8,0.7,1.7,15,1429.2,0
2021-06-29 23:09:02,5,62,23.0,86,14.9,1014.7,0.3,0.7,1,1429.2,0
2021-06-29 23:14:02,5,62,23.0,86,14.9,1014.9,1.0,2.0,15,1429.2,0
2021-06-29 23:19:02,5,62,23.0,87,14.8,1015.0,1.4,2.7,15,1429.2,0
2021-06-29 23:24:02,5,60,22.9,87,14.7,1015.1,0.7,1.7,0,1429.2,0
2021-06-29 23:29:02,5,60,22.9,88,14.7,1015.3,0.7,1.7,15,1429.2,0
2021-06-29 23:34:02,5,60,22.9,88,14.7,1015.2,0.7,1.0,0,1429.2,0
2021-06-29 23:39:02,5,60,22.8,88,14.7,1015.4,0.0,0.7,15,1429.2,0
2021-06-29 23:44:02,5,60,22.8,89,14.6,1015.5,0.3,0.7,0,1429.2,0
2021-06-29 23:49:02,5,60,22.7,89,14.6,1015.3,0.7,1.7,0,1429.2,0
2021-06-29 23:54:02,5,60,22.7,90,14.5,1015.3,0.3,1.0,0,1429.2,0
2021-06-29 23:59:02,5,60,22.7,90,14.3,1015.4,0.3,1.0,3,1429.5,0
