2020-06-29 00:04:01,5,48,23.3,69,15.2,1014.5,1.4,3.1,7,345.3,0
2020-06-29 00:09:01,5,48,23.3,65,15.3,1014.5,1.4,3.7,10,345.3,0
2020-06-29 00:14:01,5,48,23.2,65,15.2,1014.6,0.7,1.7,7,345.3,0
2020-06-29 00:19:01,5,48,23.1,64,15.3,1014.5,1.7,3.1,11,345.3,0
2020-06-29 00:24:01,5,48,23.1,64,15.2,1014.5,0.7,2.0,9,345.3,0
2020-06-29 00:29:01,5,48,23.1,65,15.1,1014.5,0.7,1.7,9,345.3,0
2020-06-29 00:34:01,5,48,23.1,65,15.0,1014.5,1.7,2.7,7,345.3,0
2020-06-29 00:39:01,5,49,23.1,66,15.0,1014.6,2.0,3.1,9,345.3,0
2020-06-29 00:44:01,5,49,23.1,66,14.9,1014.5,1.0,2.0,6,345.3,0
2020-06-29 00:49:01,5,49,23.1,65,15.0,1014.5,1.7,4.8,9,345.3,0
2020-06-29 00:54:01,5,49,23.0,65,14.9,1014.4,1.4,2.7,9,345.3,0
2020-06-29 00:59:01,5,49,23.0,65,14.9,1014.6,1.7,2.0,11,345.3,0
2020-06-29 01:04:01,5,49,23.0,65,14.8,1014.6,0.7,1.0,6,345.3,0
2020-06-29 01:09:01,5,49,23.0,66,14.8,1014.7,0.7,1.7,9,345.3,0
2020-06-29 01:14:01,5,49,23.0,66,14.8,1014.5,1.4,2.7,8,345.3,0
2020-06-29 01:19:01,5,49,23.0,66,14.8,1014.5,1.0,2.0,8,345.3,0
2020-06-29 01:24:01,5,49,22.9,67,14.7,1014.6,1.4,2.7,8,345.3,0
2020-06-29 01:29:01,5,49,22.9,67,14.7,1014.6,1.4,2.7,6,345.3,0
2020-06-29 01:34:01,5,49,22.9,68,14.6,1014.6,0.7,1.7,6,345.3,0
2020-06-29 01:39:01,5,49,22.9,68,14.6,1014.5,1.0,2.7,8,345.3,0
2020-06-29 01:44:01,5,49,22.9,69,14.5,1014.5,0.7,1.7,7,345.3,0
2020-06-29 01:49:01,5,49,22.8,71,14.4,1014.4,0.3,0.7,7,345.3,0
2020-06-29 01:54:01,5,49,22.8,71,14.3,1014.4,1.4,2.7,8,345.3,0
2020-06-29 01:59:01,5,49,22.8,72,14.4,1014.6,1.7,3.1,8,345.3,0
2020-06-29 02:04:01,5,49,22.7,72,14.3,1014.4,0.3,1.0,7,345.3,0
2020-06-29 02:09:01,5,49,22.7,73,14.3,1014.4,0.7,1.7,10,345.3,0
2020-06-29 02:14:01,5,49,22.7,73,14.3,1014.4,1.7,3.1,9,345.3,0
2020-06-29 02:19:01,5,49,22.7,74,14.3,1014.4,1.7,3.1,7,345.3,0
2020-06-29 02:24:01,5,49,22.7,74,14.2,1014.4,1.7,3.1,9,345.3,0
2020-06-29 02:29:01,5,49,22.7,75,14.2,1014.4,0.3,1.0,6,345.3,0
2020-06-29 02:34:01,5,49,22.7,75,14.2,1014.3,0.3,1.0,10,345.3,0
2020-06-29 02:39:01,5,49,22.7,76,14.1,1014.2,0.3,0.7,9,345.3,0
2020-06-29 02:44:01,5,49,22.6,76,14.1,1014.3,0.3,1.7,11,345.3,0
2020-06-29 02:49:01,5,49,22.6,76,14.1,1014.5,0.7,1.7,11,345.3,0
2020-06-29 02:54:01,5,49,22.6,76,14.1,1014.4,1.0,2.0,0,345.3,0
2020-06-29 02:59:01,5,49,22.6,76,14.2,1014.3,0.7,1.7,10,345.3,0
2020-06-29 03:04:01,5,49,22.6,76,14.3,1014.4,0.3,1.0,10,345.3,0
2020-06-29 03:09:01,5,49,22.6,77,14.3,1014.4,0.7,1.0,7,345.3,0
2020-06-29 03:14:01,5,50,22.6,77,14.3,1014.4,0.7,1.7,14,345.3,0
2020-06-29 03:19:01,5,50,22.6,77,14.3,1014.4,0.7,1.7,10,345.3,0
2020-06-29 03:24:01,5,50,22.6,77,14.3,1014.5,1.0,2.7,8,345.3,0
2020-06-29 03:29:01,5,50,22.6,77,14.3,1014.5,0.7,1.7,13,345.3,0
2020-06-29 03:34:01,5,50,22.6,77,14.2,1014.6,1.0,2.0,6,345.3,0
2020-06-29 03:39:01,5,50,22.6,77,14.3,1014.4,0.0,0.7,10,345.3,0
2020-06-29 03:44:01,5,50,22.5,78,14.2,1014.5,0.3,1.7,11,345.3,0
2020-06-29 03:49:01,5,50,22.5,78,14.1,1014.5,1.0,1.7,9,345.3,0
2020-06-29 03:54:01,5,50,22.5,78,14.0,1014.6,0.7,2.7,13,345.3,0
2020-06-29 03:59:01,5,50,22.5,78,14.0,1014.6,1.4,3.1,8,345.3,0
2020-06-29 04:04:01,5,50,22.5,79,14.0,1014.4,1.4,2.0,10,345.3,0
2020-06-29 04:09:01,5,50,22.5,79,13.9,1014.5,1.4,2.0,8,345.3,0
2020-06-29 04:14:01,5,50,22.5,79,13.9,1014.4,0.7,1.7,9,345.3,0
2020-06-29 04:19:01,5,50,22.5,79,14.0,1014.4,0.7,1.0,11,345.3,0
2020-06-29 04:24:01,5,50,22.5,79,14.0,1014.4,1.4,2.7,6,345.3,0
2020-06-29 04:29:01,5,50,22.5,79,14.1,1014.3,1.0,2.0,10,345.3,0
2020-06-29 04:34:01,5,50,22.5,78,14.2,1014.4,1.0,2.0,12,345.3,0
2020-06-29 04:39:01,5,50,22.5,78,14.3,1014.5,1.4,2.7,9,345.3,0
2020-06-29 04:44:01,5,50,22.5,78,14.5,1014.4,0.7,1.7,6,345.3,0
2020-06-29 04:49:01,5,50,22.6,77,14.5,1014.3,1.4,2.7,5,345.3,0
2020-06-29 04:54:01,5,50,22.6,77,14.5,1014.4,0.7,1.0,5,345.3,0
2020-06-29 04:59:01,5,50,22.6,78,14.4,1014.3,0.7,1.0,11,345.3,0
2020-06-29 05:04:01,5,50,22.6,77,14.7,1014.4,1.0,2.0,9,345.3,0
2020-06-29 05:09:01,5,50,22.6,77,14.6,1014.4,1.7,3.1,9,345.3,0
2020-06-29 05:14:01,5,50,22.6,78,14.5,1014.4,1.0,2.0,8,345.3,0
2020-06-29 05:19:01,5,50,22.6,78,14.5,1014.4,1.0,2.0,11,345.3,0
2020-06-29 05:24:01,5,50,22.6,76,15.0,1014.2,0.7,1.7,6,345.3,0
2020-06-29 05:29:01,5,50,22.7,75,15.1,1014.1,1.7,3.1,9,345.3,0
2020-06-29 05:34:01,5,50,22.7,75,15.2,1014.2,1.0,2.0,8,345.3,0
2020-06-29 05:39:01,5,50,22.8,76,15.0,1014.1,0.3,2.0,10,345.3,0
2020-06-29 05:44:01,5,50,22.9,76,14.9,1014.2,1.0,2.0,8,345.3,0
2020-06-29 05:49:01,5,50,22.9,75,15.1,1014.1,1.0,1.7,9,345.3,0
2020-06-29 05:54:01,5,52,23.0,75,15.5,1014.0,0.7,2.0,8,345.3,0
2020-06-29 05:59:01,5,52,23.0,75,15.3,1014.0,1.4,3.7,1,345.3,0
2020-06-29 06:04:01,5,52,23.1,75,15.3,1013.8,0.7,1.7,11,345.3,0
2020-06-29 06:09:01,5,52,23.3,74,15.6,1013.7,1.7,3.7,8,345.3,0
2020-06-29 06:14:01,5,52,23.4,74,15.7,1013.7,1.0,1.7,10,345.3,0
2020-06-29 06:19:01,5,52,23.4,72,16.0,1013.6,1.4,2.0,12,345.3,0
2020-06-29 06:24:01,5,52,23.6,71,16.1,1013.4,1.7,2.7,7,345.3,0
2020-06-29 06:29:01,5,51,23.8,71,16.3,1013.3,1.0,3.1,8,345.3,0
2020-06-29 06:34:01,5,51,23.9,71,16.2,1013.0,1.0,2.0,7,345.3,0
2020-06-29 06:39:01,5,48,24.0,71,16.2,1012.9,1.4,2.0,6,345.3,0
2020-06-29 06:44:01,5,48,24.1,70,16.3,1012.8,1.7,2.7,8,345.3,0
2020-06-29 06:49:01,5,48,24.2,69,16.7,1012.6,1.4,2.7,10,345.3,0
2020-06-29 06:54:01,5,47,24.4,70,16.6,1012.6,1.4,2.7,10,345.3,0
2020-06-29 06:59:01,5,46,24.6,70,16.5,1012.5,1.0,1.7,9,345.3,0
2020-06-29 07:04:01,5,43,25.0,69,16.8,1012.5,1.0,3.1,7,345.3,0
2020-06-29 07:09:01,5,42,25.1,67,17.4,1012.3,1.4,3.1,9,345.3,0
2020-06-29 07:14:01,5,42,25.2,68,17.2,1012.2,1.4,3.7,6,345.3,0
2020-06-29 07:19:01,5,42,25.1,70,16.8,1012.4,1.0,1.7,9,345.3,0
2020-06-29 07:24:01,5,42,25.1,68,17.4,1012.4,0.7,1.0,7,345.3,0
2020-06-29 07:29:01,5,41,25.1,69,16.7,1012.4,1.4,1.7,8,345.3,0
2020-06-29 07:34:01,5,42,24.7,66,17.6,1012.6,1.4,2.7,7,345.3,0
2020-06-29 07:39:01,5,43,24.7,66,17.3,1012.6,1.0,2.0,9,345.3,0
2020-06-29 07:44:01,5,42,24.5,68,16.8,1012.8,0.7,1.7,9,345.3,0
2020-06-29 07:49:01,5,42,24.4,65,17.2,1013.0,2.7,6.1,9,345.3,0
2020-06-29 07:54:01,5,43,24.3,65,17.3,1012.9,1.4,2.7,7,345.3,0
2020-06-29 07:59:01,5,43,24.3,63,17.2,1013.1,2.0,4.1,4,345.3,0
2020-06-29 08:04:01,5,43,24.2,64,17.4,1013.3,1.7,2.7,5,345.3,0
2020-06-29 08:09:01,5,43,24.1,63,17.3,1013.3,1.4,2.7,4,345.3,0
2020-06-29 08:14:01,5,43,24.1,65,16.9,1013.2,1.4,2.7,5,345.3,0
2020-06-29 08:19:01,5,43,24.1,66,17.0,1013.4,0.3,0.7,8,345.3,0
2020-06-29 08:24:01,5,43,24.0,64,17.5,1013.4,1.7,3.1,10,345.3,0
2020-06-29 08:29:01,5,44,24.0,63,17.3,1013.2,1.7,3.1,3,345.3,0
2020-06-29 08:34:01,5,44,24.0,63,16.9,1013.3,0.7,1.7,7,345.3,0
2020-06-29 08:39:01,5,44,24.0,65,16.7,1013.5,1.0,2.0,9,345.3,0
2020-06-29 08:44:01,5,45,23.9,66,16.5,1013.7,2.0,4.8,13,345.3,0
2020-06-29 08:49:01,5,45,23.8,66,16.5,1013.6,1.0,1.7,7,345.3,0
2020-06-29 08:54:01,5,45,23.8,65,16.6,1013.7,1.0,2.0,5,345.3,0
2020-06-29 08:59:01,5,45,23.8,63,17.1,1013.6,1.7,3.1,7,345.3,0
2020-06-29 09:04:01,5,44,24.0,61,17.8,1013.6,0.7,1.7,7,345.3,0
2020-06-29 09:09:01,5,44,24.0,59,17.7,1013.5,1.0,2.0,9,345.3,0
2020-06-29 09:14:01,5,44,24.0,59,17.4,1013.6,1.7,3.1,10,345.3,0
2020-06-29 09:19:01,5,44,24.0,61,17.0,1013.5,2.0,5.1,11,345.3,0
2020-06-29 09:24:01,5,44,24.0,59,16.8,1013.7,2.0,4.1,9,345.3,0
2020-06-29 09:29:01,5,44,24.0,60,17.0,1013.6,1.0,3.1,7,345.3,0
2020-06-29 09:34:01,5,44,24.0,59,17.0,1013.5,2.0,3.7,8,345.3,0
2020-06-29 09:39:01,5,44,24.0,61,17.0,1013.6,1.4,2.7,7,345.3,0
2020-06-29 09:44:01,5,43,24.0,60,17.4,1013.7,1.0,1.7,7,345.3,0
2020-06-29 09:49:01,5,43,24.0,60,17.1,1013.7,1.7,3.1,7,345.3,0
2020-06-29 09:54:01,5,43,24.0,61,16.9,1013.7,1.0,2.0,8,345.3,0
2020-06-29 09:59:01,5,44,23.9,63,16.8,1013.7,0.7,2.0,6,345.3,0
2020-06-29 10:04:01,5,44,23.9,63,16.8,1013.8,0.7,1.7,9,345.3,0
2020-06-29 10:09:01,5,44,23.8,63,16.8,1013.9,1.0,2.0,9,345.3,0
2020-06-29 10:14:01,5,44,23.8,67,16.5,1013.9,1.0,2.0,10,345.3,0
2020-06-29 10:19:01,5,44,23.8,72,16.0,1014.2,1.4,2.7,8,345.3,0
2020-06-29 10:24:01,5,44,23.8,75,15.6,1014.2,1.7,2.7,9,345.3,0
2020-06-29 10:29:01,5,44,23.7,75,15.8,1014.1,0.3,1.0,5,345.3,0
2020-06-29 10:34:01,5,45,23.8,73,16.3,1014.1,0.7,1.7,6,345.3,0
2020-06-29 10:39:01,5,45,23.8,70,16.4,1014.0,2.0,3.7,7,345.3,0
2020-06-29 10:44:01,5,45,23.8,67,17.2,1013.9,1.7,3.7,9,345.3,0
2020-06-29 10:49:01,5,45,23.9,65,18.1,1013.8,1.4,2.0,9,345.3,0
2020-06-29 10:54:01,5,44,24.0,63,18.6,1013.6,1.4,2.7,10,345.3,0
2020-06-29 10:59:01,5,44,24.1,61,19.0,1013.5,0.7,1.0,9,345.3,0
2020-06-29 11:04:01,5,43,24.1,55,18.1,1013.6,2.0,4.8,7,345.3,0
2020-06-29 11:09:01,5,42,24.1,55,17.5,1013.6,2.7,4.8,8,345.3,0
2020-06-29 11:14:01,5,41,24.1,56,17.3,1013.7,1.7,3.1,10,345.3,0
2020-06-29 11:19:01,5,40,24.0,58,17.4,1013.6,1.4,2.7,10,345.3,0
2020-06-29 11:24:01,5,40,24.0,60,17.3,1013.8,1.0,2.0,12,345.3,0
2020-06-29 11:29:01,5,42,23.9,60,17.2,1013.8,1.4,2.7,8,345.3,0
2020-06-29 11:34:01,5,42,23.8,60,17.4,1013.8,1.0,2.7,10,345.3,0
2020-06-29 11:39:01,5,42,23.8,59,17.5,1014.0,1.0,2.0,9,345.3,0
2020-06-29 11:44:01,5,42,23.8,59,17.4,1014.0,2.7,5.1,7,345.3,0
2020-06-29 11:49:01,5,42,23.8,59,17.5,1014.0,1.7,4.1,4,345.3,0
2020-06-29 11:54:01,5,42,23.8,58,17.5,1013.7,1.7,3.1,7,345.3,0
2020-06-29 11:59:01,5,43,23.8,59,17.4,1013.7,2.0,4.1,11,345.3,0
2020-06-29 12:04:01,5,43,23.9,59,17.5,1013.6,1.4,2.7,12,345.3,0
2020-06-29 12:09:01,5,43,23.9,58,17.8,1013.6,1.0,2.7,11,345.3,0
2020-06-29 12:14:01,5,42,24.0,56,18.6,1013.6,1.4,3.1,8,345.3,0
2020-06-29 12:19:01,5,42,24.0,55,18.9,1013.5,1.7,2.7,11,345.3,0
2020-06-29 12:24:01,5,42,24.1,55,18.9,1013.2,1.0,2.0,5,345.3,0
2020-06-29 12:29:00,5,42,24.1,55,18.6,1013.3,2.0,4.1,11,345.3,0
2020-06-29 12:34:00,5,42,24.1,55,18.8,1013.3,1.0,3.7,14,345.3,0
2020-06-29 12:39:00,5,42,24.2,53,19.1,1013.2,1.4,4.1,10,345.3,0
2020-06-29 12:44:00,5,41,24.3,53,18.8,1013.1,1.4,2.0,12,345.3,0
2020-06-29 12:49:00,5,41,24.3,53,19.0,1013.0,1.0,2.0,7,345.3,0
2020-06-29 12:54:00,5,41,24.4,53,19.2,1013.0,1.0,2.0,7,345.3,0
2020-06-29 12:59:00,5,41,24.4,52,19.1,1012.9,2.4,4.1,5,345.3,0
2020-06-29 13:04:00,5,41,24.4,51,19.3,1012.8,2.7,5.8,14,345.3,0
2020-06-29 13:09:00,5,41,24.4,52,19.2,1012.8,2.0,3.1,9,345.3,0
2020-06-29 13:14:00,5,41,24.5,52,19.4,1012.6,1.4,2.7,7,345.3,0
2020-06-29 13:19:00,5,41,24.5,52,19.6,1012.8,1.0,1.7,8,345.3,0
2020-06-29 13:24:00,5,41,24.6,53,18.7,1012.7,2.0,3.1,7,345.3,0
2020-06-29 13:29:00,5,41,24.6,53,18.4,1012.7,2.7,5.1,9,345.3,0
2020-06-29 13:34:00,5,41,24.5,53,18.5,1012.7,1.4,2.7,7,345.3,0
2020-06-29 13:39:00,5,41,24.5,53,18.6,1012.7,1.4,3.7,8,345.3,0
2020-06-29 13:44:00,5,41,24.5,51,18.5,1012.7,2.4,4.8,10,345.3,0
2020-06-29 13:49:00,5,41,24.5,52,18.5,1012.7,1.7,2.7,9,345.3,0
2020-06-29 13:54:00,5,41,24.5,53,18.6,1012.7,1.0,2.0,0,345.3,0
2020-06-29 13:59:00,5,41,24.5,53,18.6,1012.7,2.4,4.1,7,345.3,0
2020-06-29 14:04:00,5,41,24.5,53,18.6,1012.6,1.7,3.7,15,345.3,0
2020-06-29 14:09:00,5,41,24.4,53,18.7,1012.7,1.4,2.0,14,345.3,0
2020-06-29 14:14:00,5,41,24.4,55,18.6,1012.7,1.4,2.0,10,345.3,0
2020-06-29 14:19:00,5,41,24.4,54,18.3,1012.7,2.0,3.7,11,345.3,0
2020-06-29 14:24:00,5,41,24.4,54,18.2,1012.6,2.0,5.8,8,345.3,0
2020-06-29 14:29:00,5,41,24.4,54,18.3,1012.6,1.0,2.7,8,345.3,0
2020-06-29 14:34:00,5,41,24.4,53,18.6,1012.5,1.4,2.7,5,345.3,0
2020-06-29 14:39:00,5,41,24.4,53,18.5,1012.5,1.0,2.7,11,345.3,0
2020-06-29 14:44:00,5,41,24.5,53,18.5,1012.4,3.1,5.1,7,345.3,0
2020-06-29 14:49:00,5,41,24.5,53,18.7,1012.4,0.7,1.0,8,345.3,0
2020-06-29 14:54:00,5,41,24.5,53,18.7,1012.2,1.4,2.7,5,345.3,0
2020-06-29 14:59:00,5,41,24.5,52,18.8,1012.2,2.0,3.7,12,345.3,0
2020-06-29 15:04:00,5,41,24.5,54,19.0,1012.3,0.7,1.0,6,345.3,0
2020-06-29 15:09:00,5,41,24.6,54,19.5,1012.3,1.4,3.7,7,345.3,0
2020-06-29 15:14:00,5,41,24.6,54,19.7,1012.2,0.7,2.0,8,345.3,0
2020-06-29 15:19:00,5,41,24.6,55,19.6,1012.2,1.7,3.1,8,345.3,0
2020-06-29 15:24:00,5,41,24.6,54,19.8,1012.1,2.7,4.1,6,345.3,0
2020-06-29 15:29:00,5,41,24.6,55,19.6,1012.1,1.4,2.0,7,345.3,0
2020-06-29 15:34:00,5,41,24.7,55,19.8,1012.0,1.0,2.0,7,345.3,0
2020-06-29 15:39:00,5,41,24.7,56,19.2,1012.1,1.4,3.1,5,345.3,0
2020-06-29 15:44:00,5,41,24.7,55,18.9,1012.0,2.0,4.1,8,345.3,0
2020-06-29 15:49:00,5,41,24.7,54,19.6,1012.2,2.4,6.1,10,345.3,0
2020-06-29 15:54:00,5,41,24.7,53,19.5,1011.9,1.7,3.7,7,345.3,0
2020-06-29 15:59:00,5,41,24.7,53,19.3,1012.0,1.4,3.1,6,345.3,0
2020-06-29 16:04:00,5,41,24.7,55,18.9,1011.9,1.0,2.7,10,345.3,0
2020-06-29 16:09:00,5,41,24.7,54,19.2,1011.9,3.4,5.8,8,345.3,0
2020-06-29 16:14:00,5,41,24.7,54,19.1,1011.9,2.4,4.1,7,345.3,0
2020-06-29 16:19:00,5,41,24.7,55,19.2,1011.9,1.0,1.7,10,345.3,0
2020-06-29 16:24:00,5,41,24.7,55,18.8,1011.7,2.0,4.1,7,345.3,0
2020-06-29 16:29:00,5,41,24.7,56,18.7,1011.9,1.7,2.7,7,345.3,0
2020-06-29 16:34:00,5,41,24.7,54,18.8,1011.7,2.4,3.7,7,345.3,0
2020-06-29 16:39:00,5,41,24.7,54,18.7,1011.9,1.0,1.7,6,345.3,0
2020-06-29 16:44:00,5,40,24.7,54,18.6,1011.9,1.7,3.1,2,345.3,0
2020-06-29 16:49:00,5,40,24.7,54,18.4,1011.9,1.4,3.1,9,345.3,0
2020-06-29 16:54:00,5,40,24.7,53,18.5,1012.0,2.0,3.7,6,345.3,0
2020-06-29 16:59:00,5,41,24.7,51,18.3,1012.0,1.7,3.7,10,345.3,0
2020-06-29 17:04:00,5,42,24.7,51,18.2,1011.9,1.4,3.1,8,345.3,0
2020-06-29 17:09:00,5,43,24.7,51,18.2,1012.1,2.0,5.1,8,345.3,0
2020-06-29 17:14:00,5,42,24.6,51,18.2,1012.0,2.4,3.7,9,345.3,0
2020-06-29 17:19:00,5,41,24.6,52,18.2,1012.0,1.4,3.7,7,345.3,0
2020-06-29 17:24:00,5,41,24.6,51,18.3,1012.0,2.7,5.8,8,345.3,0
2020-06-29 17:29:00,5,41,24.6,52,18.4,1012.0,1.0,4.1,7,345.3,0
2020-06-29 17:34:00,5,41,24.6,51,18.1,1012.0,1.4,3.1,6,345.3,0
2020-06-29 17:39:00,5,40,24.5,52,18.1,1012.1,0.7,1.7,7,345.3,0
2020-06-29 17:44:00,5,40,24.4,55,17.7,1012.2,1.4,4.1,7,345.3,0
2020-06-29 17:49:00,5,41,24.4,56,17.7,1012.3,1.0,2.7,9,345.3,0
2020-06-29 17:54:00,5,41,24.4,57,17.6,1012.3,1.4,2.7,7,345.3,0
2020-06-29 17:59:00,5,41,24.4,57,17.6,1012.3,0.7,2.0,8,345.3,0
2020-06-29 18:04:00,5,41,24.3,56,17.7,1012.2,1.4,3.1,6,345.3,0
2020-06-29 18:09:00,5,41,24.3,55,17.6,1012.1,2.0,3.1,8,345.3,0
2020-06-29 18:14:00,5,41,24.3,55,17.6,1012.1,1.4,2.7,11,345.3,0
2020-06-29 18:19:00,5,41,24.2,55,17.5,1012.1,1.7,4.1,8,345.3,0
2020-06-29 18:24:00,5,41,24.1,55,17.5,1012.2,2.0,4.1,8,345.3,0
2020-06-29 18:29:00,5,41,24.1,54,17.5,1012.2,1.7,2.7,8,345.3,0
2020-06-29 18:34:00,5,41,24.1,54,17.4,1012.1,2.4,5.8,7,345.3,0
2020-06-29 18:39:00,5,40,24.1,55,17.4,1012.2,2.7,5.8,6,345.3,0
2020-06-29 18:44:00,5,40,24.0,56,17.4,1012.3,1.4,2.0,9,345.3,0
2020-06-29 18:49:00,5,39,24.0,56,17.4,1012.3,2.7,5.1,7,345.3,0
2020-06-29 18:54:00,5,39,24.0,57,17.3,1012.3,1.7,2.7,4,345.3,0
2020-06-29 18:59:00,5,39,24.0,57,17.3,1012.5,1.4,2.7,2,345.3,0
2020-06-29 19:04:00,5,40,23.9,55,17.3,1012.5,1.4,2.7,11,345.3,0
2020-06-29 19:09:00,5,40,23.9,54,17.2,1012.6,1.7,3.1,11,345.3,0
2020-06-29 19:14:00,5,40,23.8,54,17.2,1012.6,1.4,3.1,12,345.3,0
2020-06-29 19:19:00,5,40,23.8,54,17.1,1012.7,1.0,2.0,7,345.3,0
2020-06-29 19:24:00,5,40,23.8,54,17.1,1012.7,1.7,4.8,9,345.3,0
2020-06-29 19:29:00,5,39,23.8,55,17.0,1012.6,1.7,2.7,10,345.3,0
2020-06-29 19:34:00,5,40,23.8,54,17.0,1012.6,1.0,1.7,7,345.3,0
2020-06-29 19:39:00,5,42,23.7,55,16.9,1012.6,1.7,3.7,9,345.3,0
2020-06-29 19:44:00,5,43,23.7,54,16.8,1012.8,1.4,2.0,7,345.3,0
2020-06-29 19:49:00,5,43,23.6,55,16.8,1012.7,1.0,2.0,8,345.3,0
2020-06-29 19:54:00,5,43,23.6,55,16.8,1012.7,1.0,2.0,1,345.3,0
2020-06-29 19:59:00,5,43,23.6,56,16.7,1012.8,2.0,3.7,11,345.3,0
2020-06-29 20:04:00,5,43,23.5,56,16.7,1012.9,2.0,4.1,5,345.3,0
2020-06-29 20:09:00,5,43,23.4,57,16.6,1012.9,0.3,1.0,11,345.3,0
2020-06-29 20:14:00,5,42,23.4,57,16.5,1013.0,1.4,3.1,9,345.3,0
2020-06-29 20:19:00,5,42,23.4,58,16.4,1013.0,1.0,2.0,13,345.3,0
2020-06-29 20:24:00,5,42,23.4,58,16.3,1012.9,1.4,2.0,8,345.3,0
2020-06-29 20:29:00,5,42,23.3,58,16.3,1013.1,2.0,4.1,7,345.3,0
2020-06-29 20:34:00,5,42,23.3,58,16.3,1013.1,0.7,1.7,8,345.3,0
2020-06-29 20:39:00,5,42,23.2,58,16.3,1013.1,2.0,3.7,11,345.3,0
2020-06-29 20:44:00,5,42,23.2,57,16.3,1013.2,1.7,3.7,8,345.3,0
2020-06-29 20:49:00,5,42,23.1,57,16.3,1013.2,2.4,3.7,5,345.3,0
2020-06-29 20:54:00,5,42,23.1,57,16.3,1013.1,1.7,4.1,9,345.3,0
2020-06-29 20:59:00,5,42,23.1,57,16.2,1013.2,2.4,3.7,11,345.3,0
2020-06-29 21:04:00,5,42,23.1,57,16.3,1013.2,1.7,4.1,10,345.3,0
2020-06-29 21:09:00,5,42,23.0,57,16.2,1013.3,1.4,2.7,7,345.3,0
2020-06-29 21:14:00,5,42,23.0,58,16.2,1013.4,1.7,3.7,6,345.3,0
2020-06-29 21:19:00,5,43,23.0,59,16.1,1013.3,1.0,1.7,6,345.3,0
2020-06-29 21:24:00,5,43,23.0,59,16.0,1013.3,1.4,3.7,5,345.3,0
2020-06-29 21:29:00,5,43,23.0,60,15.9,1013.3,1.7,4.1,10,345.3,0
2020-06-29 21:34:00,5,44,22.9,61,15.9,1013.4,1.0,2.7,9,345.3,0
2020-06-29 21:39:00,5,44,22.9,61,15.8,1013.2,2.4,5.1,7,345.3,0
2020-06-29 21:44:00,5,44,22.9,62,15.8,1013.3,1.4,3.7,9,345.3,0
2020-06-29 21:49:00,5,44,22.9,62,15.7,1013.3,2.4,4.8,8,345.3,0
2020-06-29 21:54:00,5,44,22.9,63,15.6,1013.3,1.4,2.7,11,345.3,0
2020-06-29 21:59:00,5,44,22.8,63,15.6,1013.2,1.4,2.0,7,345.3,0
2020-06-29 22:04:00,5,44,22.7,64,15.5,1013.3,2.7,4.1,9,345.3,0
2020-06-29 22:09:00,5,44,22.7,64,15.5,1013.2,1.0,1.7,9,345.3,0
2020-06-29 22:14:00,5,44,22.7,64,15.4,1013.3,1.0,3.1,4,345.3,0
2020-06-29 22:19:00,5,44,22.7,65,15.4,1013.3,0.7,1.7,11,345.3,0
2020-06-29 22:24:00,5,44,22.7,65,15.3,1013.3,1.0,1.0,8,345.3,0
2020-06-29 22:29:00,5,44,22.7,66,15.3,1013.3,0.7,1.0,12,345.3,0
2020-06-29 22:34:00,5,45,22.7,67,15.3,1013.3,1.4,2.0,9,345.3,0
2020-06-29 22:39:00,5,45,22.7,67,15.3,1013.2,1.0,2.0,8,345.3,0
2020-06-29 22:44:00,5,45,22.6,67,15.2,1013.1,1.0,3.1,7,345.3,0
2020-06-29 22:49:00,5,45,22.6,67,15.2,1013.2,1.4,2.7,5,345.3,0
2020-06-29 22:54:00,5,45,22.6,68,15.2,1013.1,1.7,3.7,6,345.3,0
2020-06-29 22:59:00,5,45,22.6,68,15.3,1013.2,1.0,1.7,10,345.3,0
2020-06-29 23:04:00,5,45,22.6,68,15.3,1013.1,1.0,2.7,10,345.3,0
2020-06-29 23:09:00,5,46,22.6,68,15.3,1013.2,1.0,2.0,6,345.3,0
2020-06-29 23:14:00,5,46,22.6,69,15.2,1013.1,1.0,2.0,4,345.3,0
2020-06-29 23:19:00,5,46,22.5,69,15.2,1013.1,0.7,1.7,9,345.3,0
2020-06-29 23:24:00,5,46,22.5,69,15.3,1013.2,1.7,2.7,11,345.3,0
2020-06-29 23:29:00,5,46,22.5,69,15.2,1013.1,1.0,2.0,7,345.3,0
2020-06-29 23:34:00,5,46,22.5,69,15.3,1013.0,1.4,3.1,9,345.3,0
2020-06-29 23:39:00,5,46,22.5,69,15.3,1013.0,1.4,2.0,12,345.3,0
2020-06-29 23:44:00,5,46,22.4,69,15.3,1013.0,1.0,2.0,8,345.3,0
2020-06-29 23:49:00,5,46,22.4,69,15.3,1013.1,1.7,4.1,11,345.3,0
2020-06-29 23:54:00,5,46,22.3,70,15.2,1013.1,1.4,2.7,5,345.3,0
2020-06-29 23:59:00,5,46,22.3,70,15.2,1013.0,1.0,2.0,11,345.3,0
