2020-06-30 00:04:00,5,47,22.3,70,15.2,1013.0,1.0,1.7,9,345.3,0
2020-06-30 00:09:00,5,47,22.3,70,15.1,1013.0,1.4,2.0,5,345.3,0
2020-06-30 00:14:00,5,47,22.3,70,15.1,1013.0,2.4,4.1,7,345.3,0
2020-06-30 00:19:00,5,47,22.3,71,15.0,1013.0,2.0,3.7,7,345.3,0
2020-06-30 00:24:00,5,47,22.2,71,14.9,1012.8,1.7,2.7,5,345.3,0
2020-06-30 00:29:00,5,47,22.2,72,14.9,1012.8,1.4,3.1,7,345.3,0
2020-06-30 00:34:00,5,47,22.2,72,14.8,1012.9,1.4,3.1,8,345.3,0
2020-06-30 00:39:00,5,47,22.2,73,14.8,1012.8,1.4,2.7,9,345.3,0
2020-06-30 00:44:00,5,48,22.2,73,14.8,1012.7,2.4,3.1,7,345.3,0
2020-06-30 00:49:00,5,48,22.2,74,14.8,1012.7,1.0,2.0,4,345.3,0
2020-06-30 00:54:00,5,48,22.2,74,14.8,1012.8,1.0,2.0,10,345.3,0
2020-06-30 00:59:00,5,48,22.2,74,14.8,1012.9,1.7,2.7,9,345.3,0
2020-06-30 01:04:00,5,48,22.1,74,14.8,1012.7,1.0,2.0,9,345.3,0
2020-06-30 01:09:00,5,48,22.1,75,14.8,1012.8,1.4,2.0,9,345.3,0
2020-06-30 01:14:00,5,48,22.1,75,14.8,1012.7,2.0,4.8,8,345.3,0
2020-06-30 01:19:00,5,48,22.1,76,14.8,1012.8,1.7,3.1,11,345.3,0
2020-06-30 01:24:00,5,48,22.1,76,14.8,1012.7,1.0,2.0,11,345.3,0
2020-06-30 01:29:00,5,48,22.1,76,14.8,1012.7,1.7,2.7,7,345.3,0
2020-06-30 01:34:00,5,48,22.0,76,14.8,1012.8,1.0,1.7,7,345.3,0
2020-06-30 01:39:00,5,48,22.0,76,14.8,1012.7,1.7,3.7,7,345.3,0
2020-06-30 01:44:00,5,48,22.0,77,14.8,1012.8,1.4,2.0,9,345.3,0
2020-06-30 01:49:00,5,48,22.0,77,14.8,1012.7,0.7,2.0,7,345.3,0
2020-06-30 01:54:00,5,48,22.0,77,14.8,1012.6,1.4,2.7,8,345.3,0
2020-06-30 01:59:00,5,50,21.9,77,14.8,1012.7,1.4,2.7,6,345.3,0
2020-06-30 02:04:00,5,50,21.9,77,14.8,1012.6,2.0,4.1,6,345.3,0
2020-06-30 02:09:00,5,50,21.9,78,14.8,1012.8,1.0,2.0,5,345.3,0
2020-06-30 02:14:00,5,50,21.9,78,14.8,1012.7,0.7,1.7,5,345.3,0
2020-06-30 02:19:00,5,50,21.9,78,14.6,1012.7,1.0,1.7,9,345.3,0
2020-06-30 02:24:00,5,50,21.9,78,14.5,1012.7,1.4,2.0,10,345.3,0
2020-06-30 02:29:00,5,50,21.9,79,14.5,1012.6,0.3,1.0,10,345.3,0
2020-06-30 02:34:00,5,50,21.9,79,14.4,1012.6,1.4,2.0,8,345.3,0
2020-06-30 02:39:00,5,50,21.9,79,14.4,1012.6,1.0,2.0,7,345.3,0
2020-06-30 02:44:00,5,50,21.9,79,14.4,1012.6,0.3,1.0,7,345.3,0
2020-06-30 02:49:00,5,50,21.9,80,14.3,1012.6,0.7,1.7,10,345.3,0
2020-06-30 02:54:00,5,50,21.8,80,14.3,1012.6,1.4,2.7,7,345.3,0
2020-06-30 02:59:00,5,50,21.8,80,14.3,1012.6,1.4,2.7,6,345.3,0
2020-06-30 03:04:00,5,50,21.8,80,14.3,1012.7,1.4,2.7,6,345.3,0
2020-06-30 03:09:00,5,50,21.8,80,14.3,1012.7,1.0,1.7,7,345.3,0
2020-06-30 03:14:00,5,50,21.8,81,14.2,1012.7,0.7,1.0,11,345.3,0
2020-06-30 03:19:00,5,51,21.8,81,14.2,1012.7,2.0,4.8,10,345.3,0
2020-06-30 03:24:00,5,51,21.8,81,14.2,1012.8,1.7,3.1,11,345.3,0
2020-06-30 03:29:00,5,51,21.8,81,14.2,1012.8,1.4,2.0,9,345.3,0
2020-06-30 03:34:00,5,51,21.8,81,14.2,1012.9,1.0,2.0,6,345.3,0
2020-06-30 03:39:00,5,51,21.8,82,14.2,1012.9,0.7,1.0,7,345.3,0
2020-06-30 03:44:00,5,51,21.8,84,14.1,1013.0,1.4,2.7,5,345.3,0
2020-06-30 03:49:00,5,51,21.8,86,13.9,1012.8,0.7,1.7,11,345.3,0
2020-06-30 03:54:00,5,51,21.8,87,13.7,1012.9,0.7,1.7,7,345.3,0
2020-06-30 03:59:00,5,51,21.7,89,13.6,1013.0,0.3,0.7,6,345.3,0
2020-06-30 04:04:00,5,51,21.7,89,13.5,1013.1,1.0,1.7,7,345.3,0
2020-06-30 04:09:00,5,51,21.7,89,13.5,1013.0,0.3,1.0,6,345.3,0
2020-06-30 04:14:00,5,51,21.7,90,13.5,1012.9,0.3,0.7,6,345.6,0
2020-06-30 04:19:00,5,52,21.7,90,13.5,1012.9,0.3,1.0,8,345.6,0
2020-06-30 04:24:00,5,52,21.7,89,13.6,1012.9,0.7,1.0,8,345.6,0
2020-06-30 04:29:00,5,52,21.7,88,13.6,1012.9,0.7,1.7,8,345.6,0
2020-06-30 04:34:00,5,52,21.7,88,13.7,1013.1,0.3,1.0,7,345.6,0
2020-06-30 04:39:00,5,52,21.7,87,13.8,1013.2,0.7,2.0,8,345.6,0
2020-06-30 04:44:00,5,52,21.7,86,14.0,1013.0,0.7,1.0,5,345.6,0
2020-06-30 04:49:00,5,52,21.7,86,14.0,1012.9,1.0,2.0,8,345.6,0
2020-06-30 04:54:00,5,52,21.7,86,14.0,1013.2,0.7,1.7,7,345.6,0
2020-06-30 04:59:00,5,52,21.7,86,14.1,1013.0,1.4,2.7,8,345.6,0
2020-06-30 05:04:00,5,52,21.7,85,14.2,1013.1,1.0,2.0,12,345.6,0
2020-06-30 05:09:00,5,52,21.7,84,14.4,1012.9,1.4,2.0,12,345.6,0
2020-06-30 05:14:00,5,52,21.7,82,14.9,1012.8,1.4,2.7,6,345.6,0
2020-06-30 05:19:00,5,52,21.8,83,14.7,1012.7,1.4,1.7,8,345.6,0
2020-06-30 05:24:00,5,52,21.8,83,14.5,1012.8,1.4,2.7,2,345.6,0
2020-06-30 05:29:00,5,52,21.8,84,14.5,1012.6,0.7,1.0,8,345.6,0
2020-06-30 05:34:00,5,52,21.8,83,14.5,1012.6,1.4,2.7,11,345.6,0
2020-06-30 05:39:00,5,52,21.9,83,14.6,1012.9,1.4,2.7,8,345.6,0
2020-06-30 05:44:00,5,53,21.9,83,14.5,1012.7,2.0,3.7,7,345.6,0
2020-06-30 05:49:00,5,53,21.9,83,14.6,1012.5,0.7,1.7,9,345.6,0
2020-06-30 05:54:00,5,53,21.9,83,14.5,1012.6,1.7,3.1,10,345.6,0
2020-06-30 05:59:00,5,53,21.9,83,14.5,1012.6,1.0,2.0,13,345.6,0
2020-06-30 06:04:00,5,52,22.0,83,14.4,1012.6,0.7,1.7,12,345.6,0
2020-06-30 06:09:00,5,52,22.0,83,14.4,1012.6,1.4,2.0,12,345.6,0
2020-06-30 06:14:00,5,52,22.0,83,14.4,1012.7,1.4,3.1,10,345.6,0
2020-06-30 06:19:00,5,53,22.1,82,14.7,1012.7,1.0,2.0,9,345.6,0
2020-06-30 06:24:00,5,53,22.2,81,15.2,1012.6,0.7,1.7,4,345.6,0
2020-06-30 06:29:00,5,53,22.2,80,15.3,1012.5,1.0,3.7,8,345.6,0
2020-06-30 06:34:00,5,53,22.3,81,15.2,1012.4,1.4,2.0,12,345.6,0
2020-06-30 06:39:00,5,53,22.3,82,15.1,1012.4,1.0,1.7,8,345.6,0
2020-06-30 06:44:00,5,52,22.3,82,14.9,1012.4,1.4,3.1,12,345.6,0
2020-06-30 06:49:00,5,52,22.3,83,14.8,1012.3,0.7,1.7,9,345.6,0
2020-06-30 06:54:00,5,52,22.3,83,14.7,1012.3,1.0,2.0,10,345.6,0
2020-06-30 06:59:01,5,52,22.3,84,14.6,1012.4,1.0,2.7,10,345.6,0
2020-06-30 07:04:01,5,52,22.3,83,14.8,1012.4,1.4,2.0,10,345.6,0
2020-06-30 07:09:01,5,52,22.3,82,15.2,1012.5,1.0,2.0,8,345.6,0
2020-06-30 07:14:01,5,52,22.3,81,15.3,1012.5,0.7,1.0,10,345.6,0
2020-06-30 07:19:01,5,52,22.3,81,15.6,1012.4,1.0,2.0,12,345.6,0
2020-06-30 07:24:01,5,52,22.5,80,15.7,1012.3,1.4,2.7,8,345.6,0
2020-06-30 07:29:01,5,52,22.6,80,15.8,1012.2,1.0,1.7,7,345.6,0
2020-06-30 07:34:01,5,52,22.7,77,16.5,1012.0,1.0,2.7,11,345.6,0
2020-06-30 07:39:01,5,53,23.0,77,16.7,1011.9,1.4,4.1,11,345.6,0
2020-06-30 07:44:01,5,53,23.3,77,16.8,1011.5,1.4,2.7,7,345.6,0
2020-06-30 07:49:01,5,52,23.4,77,16.6,1011.6,1.7,3.1,3,345.6,0
2020-06-30 07:54:01,5,52,23.4,78,16.4,1011.4,1.7,2.7,9,345.6,0
2020-06-30 07:59:01,5,52,23.4,77,16.6,1011.6,1.7,2.7,8,345.6,0
2020-06-30 08:04:01,5,52,23.4,77,16.9,1011.5,1.7,4.1,14,345.6,0
2020-06-30 08:09:01,5,52,23.4,77,17.1,1011.6,1.4,2.7,8,345.6,0
2020-06-30 08:14:01,5,52,23.4,78,16.8,1011.5,0.7,2.0,9,345.6,0
2020-06-30 08:19:01,5,52,23.4,81,16.4,1011.7,0.7,1.0,8,345.6,0
2020-06-30 08:24:01,5,52,23.3,84,15.6,1011.7,1.4,2.7,6,345.6,0
2020-06-30 08:29:01,5,52,23.3,86,15.5,1011.6,0.7,1.7,5,345.6,0
2020-06-30 08:34:01,5,52,23.2,84,15.6,1011.7,1.0,2.0,4,345.6,0
2020-06-30 08:39:01,5,52,23.2,83,15.7,1011.8,0.7,1.0,6,345.6,0
2020-06-30 08:44:01,5,52,23.1,83,15.8,1011.7,0.7,1.0,9,345.6,0
2020-06-30 08:49:01,5,52,23.1,82,15.8,1011.7,1.0,2.0,9,345.6,0
2020-06-30 08:54:01,5,52,23.1,82,16.0,1011.6,0.7,1.7,6,345.6,0
2020-06-30 08:59:01,5,52,23.1,80,16.2,1011.6,1.0,1.7,6,345.6,0
2020-06-30 09:04:01,5,53,23.1,79,16.4,1011.7,1.4,2.7,7,345.6,0
2020-06-30 09:09:01,5,53,23.1,78,16.5,1011.5,1.4,2.7,9,345.6,0
2020-06-30 09:14:01,5,53,23.1,77,16.7,1011.6,1.0,2.7,6,345.6,0
2020-06-30 09:19:01,5,53,23.1,76,16.7,1011.7,1.4,2.0,9,345.6,0
2020-06-30 09:24:01,5,53,23.1,77,16.5,1011.9,2.4,5.1,10,345.6,0
2020-06-30 09:29:01,5,53,23.1,81,16.2,1012.1,2.0,5.8,6,345.6,0
2020-06-30 09:34:01,5,53,23.1,87,15.4,1012.3,1.4,2.7,8,345.6,0
2020-06-30 09:39:01,5,53,23.1,90,14.9,1012.3,1.7,3.1,9,346.2,0
2020-06-30 09:44:01,5,53,23.1,92,14.8,1012.3,1.7,3.1,7,346.5,0
2020-06-30 09:49:01,5,53,23.1,93,14.8,1012.3,1.0,1.7,9,346.5,0
2020-06-30 09:54:01,5,53,23.1,93,14.8,1012.2,0.7,1.7,7,346.5,0
2020-06-30 09:59:01,5,53,23.1,93,15.1,1012.0,0.3,1.0,5,346.5,0
2020-06-30 10:04:01,5,54,23.1,92,15.3,1012.2,0.3,1.0,6,346.5,0
2020-06-30 10:09:01,5,54,23.1,92,15.4,1012.3,1.4,3.1,8,346.5,0
2020-06-30 10:14:01,5,54,23.1,91,15.5,1012.2,1.4,3.7,8,346.5,0
2020-06-30 10:19:01,5,54,23.1,90,15.7,1012.1,1.4,2.0,7,346.5,0
2020-06-30 10:24:01,5,54,23.1,89,16.0,1012.2,1.0,2.0,7,346.5,0
2020-06-30 10:29:01,5,54,23.1,87,16.2,1012.1,1.7,3.1,6,346.5,0
2020-06-30 10:34:01,5,54,23.1,86,16.4,1012.1,1.4,2.7,11,346.5,0
2020-06-30 10:39:01,5,54,23.2,86,16.6,1012.0,1.0,2.0,6,346.5,0
2020-06-30 10:44:01,5,54,23.3,85,16.7,1012.0,0.7,1.7,7,346.5,0
2020-06-30 10:49:01,5,54,23.3,84,16.8,1012.0,1.4,2.7,10,346.5,0
2020-06-30 10:54:01,5,54,23.3,84,17.0,1011.9,0.7,1.7,11,346.8,0
2020-06-30 10:59:01,5,54,23.4,84,17.3,1011.9,1.4,2.0,7,346.8,0
2020-06-30 11:04:01,5,55,23.4,84,17.7,1011.8,0.3,1.0,7,346.8,0
2020-06-30 11:09:01,5,55,23.4,83,17.8,1011.7,0.7,1.7,7,346.8,0
2020-06-30 11:14:01,5,55,23.4,81,17.8,1011.7,1.0,1.7,6,346.8,0
2020-06-30 11:19:01,5,55,23.4,81,17.5,1011.8,1.4,2.0,9,346.8,0
2020-06-30 11:24:01,5,55,23.4,79,17.8,1011.5,1.4,2.0,7,346.8,0
2020-06-30 11:29:01,5,55,23.4,77,17.9,1011.6,0.7,1.0,7,346.8,0
2020-06-30 11:34:01,5,55,23.4,77,17.8,1011.5,1.4,2.7,8,346.8,0
2020-06-30 11:39:01,5,55,23.4,77,17.8,1011.6,1.0,1.7,9,346.8,0
2020-06-30 11:44:01,5,55,23.4,75,18.2,1011.5,1.4,2.7,5,346.8,0
2020-06-30 11:49:01,5,55,23.5,75,18.5,1011.5,0.7,1.0,8,346.8,0
2020-06-30 11:54:01,5,55,23.5,73,18.5,1011.6,1.4,2.7,11,346.8,0
2020-06-30 11:59:01,5,54,23.5,73,18.2,1011.6,1.7,4.1,8,346.8,0
2020-06-30 12:04:01,5,54,23.5,78,17.8,1011.6,0.3,0.7,9,346.8,0
2020-06-30 12:09:01,5,54,23.4,77,17.9,1011.5,0.7,1.0,6,346.8,0
2020-06-30 12:14:01,5,54,23.4,75,18.1,1011.7,1.0,1.7,9,346.8,0
2020-06-30 12:19:01,5,54,23.4,75,18.2,1011.6,0.7,1.7,8,346.8,0
2020-06-30 12:24:01,5,54,23.4,73,18.4,1011.6,0.7,2.0,7,346.8,0
2020-06-30 12:29:01,5,54,23.4,72,18.8,1011.5,0.3,0.7,7,346.8,0
2020-06-30 12:34:01,5,54,23.4,71,19.1,1011.6,0.3,0.7,6,346.8,0
2020-06-30 12:39:01,5,54,23.4,71,18.9,1011.5,0.7,2.0,6,346.8,0
2020-06-30 12:44:01,5,54,23.4,70,18.6,1011.5,1.4,2.7,5,346.8,0
2020-06-30 12:49:01,5,54,23.4,69,18.4,1011.5,1.7,3.1,6,346.8,0
2020-06-30 12:54:01,5,54,23.4,71,18.3,1011.5,1.4,2.0,9,346.8,0
2020-06-30 12:59:01,5,54,23.4,71,18.4,1011.4,1.0,1.7,6,346.8,0
2020-06-30 13:04:01,5,54,23.4,71,18.6,1011.4,0.7,1.0,8,346.8,0
2020-06-30 13:09:01,5,54,23.4,72,18.5,1011.4,0.7,1.0,9,346.8,0
2020-06-30 13:14:01,5,54,23.4,74,18.5,1011.5,1.7,3.1,9,346.8,0
2020-06-30 13:19:01,5,54,23.4,75,18.2,1011.5,1.4,2.7,6,346.8,0
2020-06-30 13:24:01,5,54,23.4,77,18.0,1011.6,0.7,1.0,8,346.8,0
2020-06-30 13:29:01,5,54,23.4,79,17.8,1011.7,1.0,2.0,6,346.8,0
2020-06-30 13:34:01,5,54,23.4,79,17.7,1011.6,1.0,2.0,6,346.8,0
2020-06-30 13:39:01,5,54,23.4,82,17.3,1011.6,1.4,2.0,9,346.8,0
2020-06-30 13:44:01,5,54,23.4,84,17.0,1011.7,1.0,2.0,8,347.1,0
2020-06-30 13:49:01,5,54,23.4,86,16.9,1011.7,1.4,2.7,10,347.1,0
2020-06-30 13:54:01,5,54,23.4,86,16.8,1011.7,1.0,2.0,8,347.1,0
2020-06-30 13:59:01,5,55,23.4,87,16.6,1011.9,1.0,2.7,6,347.1,0
2020-06-30 14:04:01,5,55,23.4,89,16.6,1011.9,0.7,1.0,12,347.1,0
2020-06-30 14:09:01,5,55,23.4,90,16.4,1011.7,1.0,2.0,11,347.4,0
2020-06-30 14:14:01,5,55,23.4,90,16.4,1011.7,1.0,2.0,12,347.7,0
2020-06-30 14:19:01,5,56,23.4,91,16.2,1011.6,1.4,2.7,5,348.0,0
2020-06-30 14:24:01,5,56,23.4,91,16.3,1011.4,1.0,1.7,12,348.0,0
2020-06-30 14:29:01,5,56,23.4,92,16.5,1011.3,0.7,1.0,10,348.3,0
2020-06-30 14:34:01,5,56,23.4,92,16.9,1011.1,0.7,1.7,9,348.3,0
2020-06-30 14:39:01,5,56,23.4,92,16.9,1011.1,0.7,1.0,6,348.3,0
2020-06-30 14:44:01,5,56,23.5,92,16.6,1011.1,1.4,2.0,6,348.3,0
2020-06-30 14:49:01,5,56,23.5,93,16.6,1011.2,0.0,0.7,7,348.3,0
2020-06-30 14:54:01,5,56,23.5,93,16.4,1011.2,0.7,2.0,12,348.3,0
2020-06-30 14:59:01,5,56,23.4,93,16.3,1011.3,0.7,1.7,9,348.3,0
2020-06-30 15:04:01,5,56,23.4,93,16.4,1011.1,0.3,1.0,6,348.3,0
2020-06-30 15:09:01,5,56,23.4,93,16.4,1011.1,0.3,1.0,7,348.3,0
2020-06-30 15:14:01,5,56,23.4,93,16.4,1011.2,1.0,2.0,13,348.3,0
2020-06-30 15:19:01,5,56,23.4,93,16.4,1011.0,0.3,1.0,13,348.3,0
2020-06-30 15:24:01,5,56,23.4,93,16.4,1011.1,1.0,2.7,8,348.3,0
2020-06-30 15:29:01,5,57,23.3,93,16.5,1011.1,0.7,2.0,7,348.6,0
2020-06-30 15:34:01,5,57,23.3,94,16.6,1011.0,0.0,0.7,8,348.6,0
2020-06-30 15:39:01,5,57,23.3,94,16.6,1010.8,0.7,1.0,9,348.6,0
2020-06-30 15:44:01,5,57,23.3,94,16.7,1010.8,0.3,1.0,11,348.6,0
2020-06-30 15:49:01,5,57,23.3,94,16.7,1010.7,1.0,2.7,8,348.6,0
2020-06-30 15:54:01,5,58,23.3,94,16.7,1010.6,0.7,1.7,10,348.6,0
2020-06-30 15:59:01,5,59,23.3,94,16.7,1010.6,0.3,1.0,8,348.6,0
2020-06-30 16:04:01,5,60,23.2,93,16.8,1010.8,1.0,1.7,7,348.6,0
2020-06-30 16:09:01,5,61,23.1,94,16.9,1010.6,0.3,1.0,8,348.6,0
2020-06-30 16:14:01,5,61,23.1,93,16.8,1010.7,1.0,2.7,8,348.6,0
2020-06-30 16:19:01,5,61,23.1,93,16.8,1010.6,1.0,2.0,7,348.6,0
2020-06-30 16:24:01,5,61,23.1,94,16.9,1010.5,0.3,1.0,11,348.6,0
2020-06-30 16:29:01,5,61,23.1,94,16.9,1010.5,0.3,1.0,12,348.6,0
2020-06-30 16:34:01,5,61,23.1,94,16.8,1010.5,0.7,1.7,8,348.6,0
2020-06-30 16:39:01,5,61,23.1,95,16.7,1010.4,1.4,2.7,7,348.6,0
2020-06-30 16:44:01,5,60,23.1,95,16.7,1010.4,0.7,1.7,13,348.6,0
2020-06-30 16:49:01,5,60,23.1,95,16.8,1010.3,0.3,1.0,0,348.6,0
2020-06-30 16:54:01,5,60,23.1,95,16.7,1010.3,1.0,2.0,6,348.6,0
2020-06-30 16:59:01,5,60,23.1,95,16.7,1010.5,0.7,1.7,10,348.9,0
2020-06-30 17:04:01,5,60,23.1,95,16.6,1010.4,0.7,1.0,10,349.2,0
2020-06-30 17:09:01,5,61,23.0,96,16.7,1010.3,0.3,0.7,12,349.2,0
2020-06-30 17:14:01,5,61,23.0,96,16.7,1010.4,1.0,2.0,9,349.5,0
2020-06-30 17:19:01,5,62,23.0,96,16.8,1010.2,0.3,1.0,9,349.8,0
2020-06-30 17:24:01,5,63,23.0,96,16.6,1010.1,1.4,3.1,9,349.8,0
2020-06-30 17:29:01,5,63,23.0,96,16.6,1010.1,1.7,3.1,6,350.1,0
2020-06-30 17:34:01,5,63,23.0,96,16.6,1010.1,1.0,1.7,7,350.1,0
2020-06-30 17:39:01,5,64,23.0,96,16.7,1010.3,0.7,1.0,8,350.1,0
2020-06-30 17:44:01,5,64,23.0,96,16.7,1010.3,0.7,2.0,7,350.4,0
2020-06-30 17:49:01,5,63,23.0,96,16.7,1010.1,0.7,1.0,10,350.7,0
2020-06-30 17:54:01,5,64,23.0,96,16.6,1010.1,1.0,2.0,6,351.6,0
2020-06-30 17:59:01,5,63,23.0,96,16.6,1010.2,1.4,3.1,11,351.9,0
2020-06-30 18:04:01,5,63,23.0,96,16.6,1010.2,1.0,2.7,8,352.5,0
2020-06-30 18:09:01,5,63,23.0,97,16.6,1010.1,0.7,2.0,6,354.3,0
2020-06-30 18:14:01,5,63,23.0,97,16.6,1010.1,0.3,1.0,6,354.6,0
2020-06-30 18:19:01,5,63,23.0,97,16.6,1010.2,0.7,1.7,6,354.6,0
2020-06-30 18:24:01,5,62,23.0,97,16.6,1010.2,1.0,2.0,6,354.6,0
2020-06-30 18:29:01,5,63,23.0,96,16.5,1010.3,1.7,3.1,8,354.6,0
2020-06-30 18:34:01,5,63,23.0,96,16.6,1010.2,0.7,1.7,6,354.6,0
2020-06-30 18:39:01,5,63,23.0,96,16.5,1010.2,1.4,2.0,7,354.9,0
2020-06-30 18:44:01,5,63,23.0,96,16.5,1010.2,1.0,2.0,4,354.9,0
2020-06-30 18:49:01,5,63,23.0,96,16.5,1010.3,1.4,3.7,7,354.9,0
2020-06-30 18:54:01,5,62,23.0,96,16.4,1010.2,1.0,2.7,13,354.9,0
2020-06-30 18:59:01,5,62,23.0,96,16.4,1010.3,2.4,3.7,8,354.9,0
2020-06-30 19:04:01,5,62,23.0,96,16.4,1010.2,0.3,1.0,11,354.9,0
2020-06-30 19:09:01,5,62,23.0,96,16.4,1010.1,1.0,1.7,8,354.9,0
2020-06-30 19:14:01,5,62,23.0,97,16.4,1010.1,0.3,0.7,7,355.2,0
2020-06-30 19:19:01,5,62,23.0,97,16.4,1010.2,0.7,1.7,6,355.2,0
2020-06-30 19:24:01,5,62,23.0,97,16.4,1010.1,0.7,1.0,9,355.5,0
2020-06-30 19:29:01,5,62,23.0,97,16.5,1010.1,0.3,0.7,10,355.5,0
2020-06-30 19:34:01,5,62,23.0,97,16.5,1010.1,0.7,1.7,10,355.5,0
2020-06-30 19:39:01,5,62,23.0,96,16.5,1010.0,1.7,3.7,4,355.5,0
2020-06-30 19:44:01,5,62,23.1,97,16.5,1009.9,1.0,2.0,10,355.5,0
2020-06-30 19:49:01,5,63,23.0,97,16.5,1010.1,0.7,1.7,7,355.5,0
2020-06-30 19:54:01,5,63,23.1,97,16.5,1010.2,0.7,1.7,7,355.5,0
2020-06-30 19:59:01,5,63,23.1,97,16.4,1010.0,1.0,2.0,9,355.5,0
2020-06-30 20:04:01,5,63,23.1,97,16.5,1010.1,1.0,1.7,9,356.1,0
2020-06-30 20:09:01,5,63,23.1,97,16.4,1010.1,0.7,2.0,6,356.4,0
2020-06-30 20:14:01,5,62,23.1,97,16.4,1010.0,0.3,1.7,8,356.7,0
2020-06-30 20:19:01,5,62,23.1,97,16.4,1010.1,1.4,2.7,9,356.7,0
2020-06-30 20:24:01,5,62,23.1,97,16.5,1010.0,0.3,1.0,9,356.7,0
2020-06-30 20:29:01,5,62,23.1,97,16.5,1010.2,1.0,2.0,8,356.7,0
2020-06-30 20:34:01,5,62,23.1,97,16.5,1010.1,0.7,1.7,11,356.7,0
2020-06-30 20:39:01,5,63,23.1,97,16.5,1010.0,0.3,0.7,6,357.0,0
2020-06-30 20:44:01,5,63,23.0,97,16.5,1010.0,0.3,0.7,9,357.0,0
2020-06-30 20:49:01,5,63,23.0,97,16.6,1010.0,0.7,1.7,6,357.0,0
2020-06-30 20:54:01,5,63,23.1,97,16.5,1009.9,0.7,1.0,8,357.0,0
2020-06-30 20:59:01,5,63,23.0,97,16.6,1009.9,0.7,1.7,5,357.0,0
2020-06-30 21:04:01,5,63,23.0,97,16.6,1010.1,0.7,1.0,7,357.0,0
2020-06-30 21:09:01,5,63,23.0,97,16.7,1010.0,1.0,2.7,10,357.0,0
2020-06-30 21:14:01,5,63,23.0,97,16.7,1010.0,0.3,1.0,8,357.0,0
2020-06-30 21:19:01,5,63,23.0,97,16.7,1010.0,0.7,1.0,11,357.3,0
2020-06-30 21:24:01,5,63,23.0,97,16.8,1010.0,0.7,1.7,6,357.6,0
2020-06-30 21:29:01,5,63,23.0,97,16.8,1010.0,0.3,1.0,6,357.6,0
2020-06-30 21:34:01,5,63,23.0,97,16.8,1009.9,0.7,1.7,8,357.9,0
2020-06-30 21:39:01,5,63,23.0,97,16.8,1009.9,0.7,1.7,8,358.2,0
2020-06-30 21:44:01,5,61,22.9,97,16.8,1010.0,0.7,1.0,8,358.2,0
2020-06-30 21:49:01,5,61,22.9,97,16.8,1009.9,2.0,3.7,3,358.2,0
2020-06-30 21:54:01,5,61,22.9,98,16.9,1010.0,0.7,1.0,7,358.2,0
2020-06-30 21:59:01,5,61,22.9,98,16.9,1009.9,1.4,3.1,8,358.2,0
2020-06-30 22:04:01,5,61,22.9,98,16.9,1010.0,1.0,2.7,6,358.5,0
2020-06-30 22:09:01,5,61,22.9,98,16.9,1010.0,0.7,1.7,6,358.5,0
2020-06-30 22:14:01,5,61,22.8,98,17.0,1009.9,1.0,2.7,8,358.5,0
2020-06-30 22:19:01,5,62,22.8,98,17.0,1009.9,0.3,1.0,7,358.5,0
2020-06-30 22:24:01,5,61,22.8,98,17.0,1010.1,1.4,2.0,9,358.5,0
2020-06-30 22:29:01,5,61,22.7,98,17.0,1010.1,0.3,0.7,10,358.8,0
2020-06-30 22:34:01,5,61,22.7,98,17.0,1010.1,1.4,2.7,5,358.8,0
2020-06-30 22:39:01,5,61,22.7,98,17.0,1010.2,0.3,1.0,9,359.1,0
2020-06-30 22:44:01,5,62,22.7,98,17.0,1010.1,1.0,3.1,9,359.1,0
2020-06-30 22:49:01,5,62,22.7,98,17.1,1010.1,0.7,1.0,6,359.1,0
2020-06-30 22:54:01,5,62,22.6,98,17.0,1010.1,0.3,1.7,9,359.4,0
2020-06-30 22:59:01,5,62,22.6,98,17.0,1010.2,0.3,1.0,7,359.4,0
2020-06-30 23:04:01,5,62,22.6,98,17.0,1010.2,1.0,2.0,10,359.7,0
2020-06-30 23:09:01,5,62,22.6,98,17.0,1010.1,0.7,1.7,6,359.7,0
2020-06-30 23:14:01,5,62,22.6,98,17.0,1010.2,1.4,2.7,11,359.7,0
2020-06-30 23:19:01,5,62,22.6,98,17.0,1010.2,1.4,3.7,10,359.7,0
2020-06-30 23:24:01,5,61,22.6,97,16.9,1010.1,1.0,2.0,2,359.7,0
2020-06-30 23:29:01,5,61,22.5,97,16.9,1010.1,1.0,2.0,5,359.7,0
2020-06-30 23:34:01,5,61,22.5,97,16.9,1010.2,1.0,1.7,8,359.7,0
2020-06-30 23:39:01,5,61,22.5,97,16.9,1010.1,0.3,1.7,12,359.7,0
2020-06-30 23:44:01,5,61,22.5,97,16.9,1010.1,1.7,2.0,6,359.7,0
2020-06-30 23:49:01,5,61,22.5,97,16.9,1010.0,0.7,1.0,5,359.7,0
2020-06-30 23:54:01,5,61,22.4,97,16.9,1010.0,0.7,2.0,7,359.7,0
2020-06-30 23:59:01,5,61,22.4,97,16.9,1009.9,0.7,1.0,6,359.7,0
