2024-12-25 00:00:11,60,63,60.1,98,47.1,30.360,2.46,3.36,254,0.0,0.0,0.0,0
2024-12-25 00:01:12,60,63,60.1,98,47.1,30.363,3.58,4.47,254,0.0,0.0,0.0,0
2024-12-25 00:02:13,60,63,60.1,98,47.1,30.363,2.24,4.47,251,0.0,0.0,0.0,0
2024-12-25 00:03:14,60,63,60.1,98,47.1,30.357,3.13,4.47,236,0.0,0.0,0.0,0
2024-12-25 00:04:15,60,63,60.1,98,47.1,30.363,2.46,3.36,218,0.0,0.0,0.0,0
2024-12-25 00:05:16,60,63,60.1,98,47.1,30.360,2.24,3.36,243,0.0,0.0,0.0,0
2024-12-25 00:06:17,60,63,60.1,98,47.1,30.366,2.91,3.36,240,0.0,0.0,0.0,0
2024-12-25 00:07:18,60,63,60.1,98,47.1,30.363,1.79,3.36,240,0.0,0.0,0.0,0
2024-12-25 00:08:19,60,63,60.1,98,47.1,30.366,2.46,4.47,241,0.0,0.0,0.0,0
2024-12-25 00:09:20,60,63,60.1,98,47.1,30.366,1.34,4.47,231,0.0,0.0,0.0,0
2024-12-25 00:10:21,60,63,60.1,98,47.1,30.360,3.36,4.47,241,0.0,0.0,0.0,0
2024-12-25 00:11:22,60,63,60.1,98,47.1,30.360,2.91,4.47,273,0.0,0.0,0.0,0
2024-12-25 00:12:23,60,63,60.1,98,47.1,30.363,3.80,4.47,232,0.0,0.0,0.0,0
2024-12-25 00:13:24,60,63,60.1,98,47.1,30.366,3.80,4.47,254,0.0,0.0,0.0,0
2024-12-25 00:14:25,60,63,60.1,98,47.1,30.360,2.91,4.47,256,0.0,0.0,0.0,0
2024-12-25 00:15:26,60,63,60.1,98,47.1,30.366,3.58,6.93,268,0.0,0.0,0.0,0
2024-12-25 00:16:27,60,63,60.1,98,47.1,30.363,2.68,4.47,208,0.0,0.0,0.0,0
2024-12-25 00:17:28,60,63,60.3,98,47.1,30.363,2.46,3.36,209,0.0,0.0,0.0,0
2024-12-25 00:18:29,60,63,60.3,98,47.1,30.366,2.24,4.47,261,0.0,0.0,0.0,0
2024-12-25 00:19:30,60,63,60.1,98,47.1,30.363,2.46,4.47,225,0.0,0.0,0.0,0
2024-12-25 00:20:31,60,63,60.3,98,47.1,30.366,3.58,5.82,258,0.0,0.0,0.0,0
2024-12-25 00:21:32,60,63,60.3,98,47.1,30.363,2.24,5.82,239,0.0,0.0,0.0,0
2024-12-25 00:22:33,60,63,60.1,98,47.1,30.363,2.91,4.47,210,0.0,0.0,0.0,0
2024-12-25 00:23:34,60,63,60.3,98,47.1,30.363,2.91,4.47,255,0.0,0.0,0.0,0
2024-12-25 00:24:35,60,63,60.3,98,47.1,30.363,4.70,5.82,263,0.0,0.0,0.0,0
2024-12-25 00:25:36,60,63,60.3,98,47.1,30.369,4.70,5.82,186,0.0,0.0,0.0,0
2024-12-25 00:26:37,60,63,60.3,98,47.1,30.366,2.46,5.82,245,0.0,0.0,0.0,0
2024-12-25 00:27:38,60,63,60.1,98,47.1,30.363,3.80,5.82,246,0.0,0.0,0.0,0
2024-12-25 00:28:39,60,63,60.3,98,47.1,30.366,4.47,5.82,217,0.0,0.0,0.0,0
2024-12-25 00:29:40,60,63,60.3,98,47.1,30.363,3.13,5.82,210,0.0,0.0,0.0,0
2024-12-25 00:30:41,60,63,60.3,98,47.1,30.366,2.91,3.36,220,0.0,0.0,0.0,0
2024-12-25 00:31:42,60,63,60.3,98,47.1,30.363,2.46,3.36,221,0.0,0.0,0.0,0
2024-12-25 00:32:43,60,63,60.1,98,47.1,30.372,2.24,4.47,236,0.0,0.0,0.0,0
2024-12-25 00:33:44,60,63,60.3,98,47.1,30.366,2.01,4.47,230,0.0,0.0,0.0,0
2024-12-25 00:34:45,60,63,60.3,98,47.1,30.366,2.24,3.36,246,0.0,0.0,0.0,0
2024-12-25 00:35:46,60,63,60.1,98,47.1,30.369,2.91,3.36,228,0.0,0.0,0.0,0
2024-12-25 00:36:47,60,63,60.3,98,47.1,30.360,1.79,4.47,265,0.0,0.0,0.0,0
2024-12-25 00:37:48,60,63,60.3,99,47.3,30.366,2.91,4.47,253,0.0,0.0,0.0,0
2024-12-25 00:38:49,60,63,60.3,98,47.3,30.366,3.36,4.47,241,0.0,0.0,0.0,0
2024-12-25 00:39:50,60,63,60.3,98,47.3,30.369,3.80,5.82,235,0.0,0.0,0.0,0
2024-12-25 00:40:51,60,63,60.3,98,47.3,30.363,2.46,4.47,253,0.0,0.0,0.0,0
2024-12-25 00:41:52,60,63,60.3,99,47.3,30.369,1.79,3.36,228,0.0,0.0,0.0,0
2024-12-25 00:42:53,60,63,60.3,98,47.3,30.372,3.36,4.47,244,0.0,0.0,0.0,0
2024-12-25 00:43:54,60,63,60.3,98,47.3,30.369,3.58,4.47,238,0.0,0.0,0.0,0
2024-12-25 00:44:55,60,63,60.3,98,47.3,30.372,3.36,4.47,251,0.0,0.0,0.0,0
2024-12-25 00:45:56,60,63,60.3,98,47.3,30.369,1.34,4.47,233,0.0,0.0,0.0,0
2024-12-25 00:46:57,60,63,60.3,98,47.3,30.372,4.03,4.47,265,0.0,0.0,0.0,0
2024-12-25 00:47:58,60,63,60.3,98,47.3,30.369,2.91,4.47,224,0.0,0.0,0.0,0
2024-12-25 00:48:59,60,63,60.3,98,47.3,30.369,1.79,3.36,224,0.0,0.0,0.0,0
2024-12-25 00:50:00,60,63,60.3,98,47.3,30.375,4.03,4.47,243,0.0,0.0,0.0,0
2024-12-25 00:51:01,60,63,60.3,99,47.3,30.372,0.89,4.47,221,0.0,0.0,0.0,0
2024-12-25 00:52:02,60,63,60.3,99,47.3,30.366,2.91,3.36,246,0.0,0.0,0.0,0
2024-12-25 00:53:03,60,63,60.3,98,47.3,30.375,2.24,3.36,246,0.0,0.0,0.0,0
2024-12-25 00:54:04,60,63,60.3,98,47.3,30.372,3.36,3.36,238,0.0,0.0,0.0,0
2024-12-25 00:55:05,60,63,60.3,98,47.3,30.375,2.46,3.36,228,0.0,0.0,0.0,0
2024-12-25 00:56:06,60,63,60.3,98,47.1,30.372,2.24,3.36,251,0.0,0.0,0.0,0
2024-12-25 00:57:07,60,63,60.3,98,47.1,30.375,2.68,3.36,258,0.0,0.0,0.0,0
2024-12-25 00:58:08,60,63,60.3,98,47.1,30.375,2.68,4.47,250,0.0,0.0,0.0,0
2024-12-25 00:59:09,60,63,60.3,98,47.1,30.369,2.46,4.47,224,0.0,0.0,0.0,0
2024-12-25 01:00:10,60,63,60.3,99,47.1,30.375,2.01,3.36,232,0.0,0.0,0.0,0
2024-12-25 01:01:11,60,63,60.3,98,47.1,30.375,0.89,4.47,246,0.0,0.0,0.0,0
2024-12-25 01:02:12,60,63,60.3,99,47.3,30.372,3.36,5.82,222,0.0,0.0,0.0,0
2024-12-25 01:03:13,60,63,60.3,99,47.3,30.372,2.46,5.82,209,0.0,0.0,0.0,0
2024-12-25 01:04:14,60,63,60.3,98,47.3,30.369,2.01,3.36,214,0.0,0.0,0.0,0
2024-12-25 01:05:15,60,63,60.3,98,47.3,30.372,2.24,2.24,218,0.0,0.0,0.0,0
2024-12-25 01:06:16,60,63,60.3,98,47.3,30.375,2.24,2.24,222,0.0,0.0,0.0,0
2024-12-25 01:07:17,60,63,60.3,98,47.3,30.372,1.12,2.24,221,0.0,0.0,0.0,0
2024-12-25 01:08:18,60,63,60.3,99,47.3,30.378,2.46,4.47,251,0.0,0.0,0.0,0
2024-12-25 01:09:19,60,63,60.3,98,47.3,30.375,2.46,4.47,248,0.0,0.0,0.0,0
2024-12-25 01:10:20,60,63,60.3,98,47.3,30.375,2.68,3.36,220,0.0,0.0,0.0,0
2024-12-25 01:11:21,60,63,60.3,99,47.3,30.372,2.91,3.36,218,0.0,0.0,0.0,0
2024-12-25 01:12:22,60,63,60.3,99,47.3,30.369,2.46,3.36,211,0.0,0.0,0.0,0
2024-12-25 01:13:23,60,63,60.3,99,47.3,30.372,2.24,3.36,212,0.0,0.0,0.0,0
2024-12-25 01:14:24,60,63,60.3,99,47.3,30.375,1.79,3.36,211,0.0,0.0,0.0,0
2024-12-25 01:15:25,60,63,60.3,99,47.3,30.378,2.68,3.36,219,0.0,0.0,0.0,0
2024-12-25 01:16:26,60,63,60.3,99,47.3,30.375,4.03,4.47,204,0.0,0.0,0.0,0
2024-12-25 01:17:27,60,63,60.3,99,47.3,30.375,3.36,4.47,219,0.0,0.0,0.0,0
2024-12-25 01:18:28,60,63,60.3,99,47.3,30.375,3.36,4.47,203,0.0,0.0,0.0,0
2024-12-25 01:19:29,60,63,60.3,99,47.3,30.378,3.80,4.47,196,0.0,0.0,0.0,0
2024-12-25 01:20:30,60,63,60.3,99,47.3,30.375,4.70,5.82,167,0.0,0.0,0.0,0
2024-12-25 01:21:31,60,63,60.3,99,47.3,30.375,3.36,5.82,192,0.0,0.0,0.0,0
2024-12-25 01:22:32,60,63,60.3,99,47.5,30.380,3.13,4.47,192,0.0,0.0,0.0,0
2024-12-25 01:23:33,60,63,60.1,99,47.5,30.378,4.03,4.47,229,0.0,0.0,0.0,0
2024-12-25 01:24:34,60,63,60.1,99,47.5,30.380,2.68,4.47,213,0.0,0.0,0.0,0
2024-12-25 01:25:35,60,63,60.1,99,47.3,30.375,2.24,4.47,190,0.0,0.0,0.0,0
2024-12-25 01:26:36,60,63,60.3,99,47.3,30.380,2.91,4.47,219,0.0,0.0,0.0,0
2024-12-25 01:27:37,60,63,60.1,99,47.3,30.380,2.91,4.47,212,0.0,0.0,0.0,0
2024-12-25 01:28:38,60,63,60.3,99,47.3,30.372,3.36,4.47,199,0.0,0.0,0.0,0
2024-12-25 01:29:39,60,63,60.1,99,47.5,30.380,2.68,4.47,213,0.0,0.0,0.0,0
2024-12-25 01:30:40,60,63,60.3,99,47.5,30.378,4.03,4.47,185,0.0,0.0,0.0,0
2024-12-25 01:31:41,60,63,60.1,99,47.5,30.378,3.36,4.47,206,0.0,0.0,0.0,0
2024-12-25 01:32:42,60,63,60.3,99,47.5,30.378,3.80,4.47,199,0.0,0.0,0.0,0
2024-12-25 01:33:43,60,63,60.1,99,47.3,30.380,3.36,4.47,169,0.0,0.0,0.0,0
2024-12-25 01:34:44,60,63,60.1,99,47.5,30.378,4.03,4.47,194,0.0,0.0,0.0,0
2024-12-25 01:35:45,60,63,60.3,99,47.5,30.378,3.36,4.47,150,0.0,0.0,0.0,0
2024-12-25 01:36:46,60,63,60.3,99,47.5,30.378,3.58,4.47,204,0.0,0.0,0.0,0
2024-12-25 01:37:47,60,63,60.1,99,47.3,30.378,3.80,4.47,164,0.0,0.0,0.0,0
2024-12-25 01:38:48,60,63,60.1,99,47.3,30.378,2.91,4.47,202,0.0,0.0,0.0,0
2024-12-25 01:39:49,60,63,60.1,99,47.3,30.378,2.46,3.36,199,0.0,0.0,0.0,0
2024-12-25 01:40:50,60,63,60.1,99,47.3,30.378,2.91,3.36,198,0.0,0.0,0.0,0
2024-12-25 01:41:51,60,63,60.1,99,47.3,30.383,3.13,3.36,198,0.0,0.0,0.0,0
2024-12-25 01:42:52,60,63,60.1,99,47.3,30.380,3.13,3.36,183,0.0,0.0,0.0,0
2024-12-25 01:43:53,60,63,60.1,99,47.3,30.380,3.36,4.47,192,0.0,0.0,0.0,0
2024-12-25 01:44:54,60,63,60.1,99,47.3,30.380,3.36,3.36,173,0.0,0.0,0.0,0
2024-12-25 01:45:55,60,63,60.1,99,47.3,30.378,2.46,4.47,169,0.0,0.0,0.0,0
2024-12-25 01:46:56,60,63,60.1,99,47.3,30.386,3.36,3.36,187,0.0,0.0,0.0,0
2024-12-25 01:47:57,60,63,60.1,99,47.3,30.383,3.36,4.47,175,0.0,0.0,0.0,0
2024-12-25 01:48:58,60,63,59.9,99,47.3,30.380,3.36,4.47,160,0.0,0.0,0.0,0
2024-12-25 01:49:59,60,63,59.9,99,47.3,30.383,4.47,4.47,171,0.0,0.0,0.0,0
2024-12-25 01:51:00,60,63,59.9,99,47.3,30.383,3.80,4.47,164,0.0,0.0,0.0,0
2024-12-25 01:52:01,60,63,59.9,99,47.5,30.383,3.58,4.47,208,0.0,0.0,0.0,0
2024-12-25 01:53:02,60,63,59.9,99,47.5,30.383,4.03,4.47,189,0.0,0.0,0.0,0
2024-12-25 01:54:03,60,63,59.9,99,47.5,30.386,2.24,4.47,205,0.0,0.0,0.0,0
2024-12-25 01:55:04,60,63,59.7,99,47.5,30.383,2.68,4.47,213,0.0,0.0,0.0,0
2024-12-25 01:56:05,60,63,59.7,99,47.5,30.386,1.79,4.47,208,0.0,0.0,0.0,0
2024-12-25 01:57:06,60,63,59.7,99,47.5,30.386,1.12,3.36,208,0.0,0.0,0.0,0
2024-12-25 01:58:07,60,63,59.7,99,47.5,30.386,2.46,3.36,208,0.0,0.0,0.0,0
2024-12-25 01:59:08,60,63,59.7,99,47.5,30.380,3.36,4.47,207,0.0,0.0,0.0,0
2024-12-25 02:00:09,60,63,59.7,99,47.5,30.383,3.36,4.47,163,0.0,0.0,0.0,0
2024-12-25 02:01:10,60,63,59.7,99,47.5,30.383,3.36,4.47,208,0.0,0.0,0.0,0
2024-12-25 02:02:11,60,63,59.5,99,47.5,30.386,2.68,3.36,208,0.0,0.0,0.0,0
2024-12-25 02:03:12,60,63,59.5,99,47.5,30.380,3.13,3.36,211,0.0,0.0,0.0,0
2024-12-25 02:04:13,60,64,59.5,99,47.5,30.383,3.36,3.36,203,0.0,0.0,0.0,0
2024-12-25 02:05:14,60,64,59.5,99,47.5,30.386,3.36,4.47,207,0.0,0.0,0.0,0
2024-12-25 02:06:15,60,64,59.7,99,47.5,30.386,3.36,4.47,201,0.0,0.0,0.0,0
2024-12-25 02:07:16,60,64,59.5,99,47.5,30.383,2.24,4.47,207,0.0,0.0,0.0,0
2024-12-25 02:08:17,60,64,59.7,99,47.5,30.386,3.58,4.47,203,0.0,0.0,0.0,0
2024-12-25 02:09:18,60,64,59.7,99,47.5,30.383,3.36,4.47,207,0.0,0.0,0.0,0
2024-12-25 02:10:19,60,64,59.7,99,47.5,30.383,3.36,4.47,212,0.0,0.0,0.0,0
2024-12-25 02:11:20,60,64,59.7,99,47.3,30.383,3.36,4.47,187,0.0,0.0,0.0,0
2024-12-25 02:12:21,60,64,59.7,99,47.3,30.383,3.80,4.47,208,0.0,0.0,0.0,0
2024-12-25 02:13:22,60,64,59.9,99,47.3,30.383,3.36,4.47,192,0.0,0.0,0.0,0
2024-12-25 02:14:23,60,64,59.9,99,47.3,30.380,3.36,4.47,185,0.0,0.0,0.0,0
2024-12-25 02:15:24,60,64,59.9,99,47.3,30.383,3.80,4.47,158,0.0,0.0,0.0,0
2024-12-25 02:16:25,60,64,59.9,99,47.3,30.383,2.91,4.47,143,0.0,0.0,0.0,0
2024-12-25 02:17:26,60,64,59.9,99,47.3,30.386,2.01,4.47,194,0.0,0.0,0.0,0
2024-12-25 02:18:27,60,64,59.9,99,47.3,30.386,3.58,4.47,194,0.0,0.0,0.0,0
2024-12-25 02:19:28,60,64,59.9,99,47.3,30.386,3.36,4.47,198,0.0,0.0,0.0,0
2024-12-25 02:20:29,60,64,59.9,99,47.3,30.383,4.47,5.82,190,0.0,0.0,0.0,0
2024-12-25 02:21:30,60,64,59.9,99,47.3,30.386,3.36,5.82,175,0.0,0.0,0.0,0
2024-12-25 02:22:31,60,64,59.9,99,47.3,30.380,2.68,4.47,197,0.0,0.0,0.0,0
2024-12-25 02:23:32,60,64,59.9,99,47.3,30.386,3.80,4.47,175,0.0,0.0,0.0,0
2024-12-25 02:24:33,60,63,59.9,99,47.3,30.383,3.80,4.47,180,0.0,0.0,0.0,0
2024-12-25 02:25:34,60,64,60.1,99,47.3,30.378,3.58,4.47,195,0.0,0.0,0.0,0
2024-12-25 02:26:35,60,64,59.9,99,47.3,30.389,3.58,4.47,200,0.0,0.0,0.0,0
2024-12-25 02:27:36,60,63,59.9,99,47.3,30.383,3.13,4.47,192,0.0,0.0,0.0,0
2024-12-25 02:28:37,60,63,59.9,99,47.3,30.386,2.46,3.36,192,0.0,0.0,0.0,0
2024-12-25 02:29:38,60,63,59.9,99,47.3,30.386,2.46,3.36,220,0.0,0.0,0.0,0
2024-12-25 02:30:39,60,63,60.1,99,47.3,30.389,2.24,3.36,219,0.0,0.0,0.0,0
2024-12-25 02:31:40,60,63,60.1,99,47.3,30.386,2.24,3.36,219,0.0,0.0,0.0,0
2024-12-25 02:32:41,60,63,59.9,99,47.3,30.392,2.24,3.36,219,0.0,0.0,0.0,0
2024-12-25 02:33:42,60,63,60.1,99,47.3,30.389,4.03,4.47,211,0.0,0.0,0.0,0
2024-12-25 02:34:43,60,63,60.1,99,47.5,30.395,2.68,5.82,203,0.0,0.0,0.0,0
2024-12-25 02:35:44,60,63,60.1,99,47.5,30.386,3.36,5.82,202,0.0,0.0,0.0,0
2024-12-25 02:36:45,60,63,60.1,99,47.5,30.389,2.46,3.36,202,0.0,0.0,0.0,0
2024-12-25 02:37:46,60,63,60.1,99,47.5,30.386,2.24,3.36,202,0.0,0.0,0.0,0
2024-12-25 02:38:47,60,63,60.1,99,47.3,30.386,2.46,3.36,202,0.0,0.0,0.0,0
2024-12-25 02:39:48,60,63,60.1,99,47.3,30.389,2.91,3.36,202,0.0,0.0,0.0,0
2024-12-25 02:40:49,60,63,60.1,99,47.3,30.389,3.36,3.36,205,0.0,0.0,0.0,0
2024-12-25 02:41:50,60,63,60.1,99,47.3,30.392,2.24,4.47,212,0.0,0.0,0.0,0
2024-12-25 02:42:51,60,63,60.1,99,47.3,30.389,2.68,4.47,213,0.0,0.0,0.0,0
2024-12-25 02:43:52,60,63,60.1,99,47.3,30.392,2.91,3.36,213,0.0,0.0,0.0,0
2024-12-25 02:44:53,60,63,60.1,99,47.3,30.389,3.36,4.47,212,0.0,0.0,0.0,0
2024-12-25 02:45:54,60,63,60.1,99,47.3,30.392,3.36,4.47,212,0.0,0.0,0.0,0
2024-12-25 02:46:55,60,63,60.1,99,47.5,30.386,3.80,4.47,212,0.0,0.0,0.0,0
2024-12-25 02:47:56,60,63,60.1,99,47.5,30.389,3.80,4.47,190,0.0,0.0,0.0,0
2024-12-25 02:48:57,60,64,60.1,99,47.5,30.392,2.91,4.47,193,0.0,0.0,0.0,0
2024-12-25 02:49:58,60,63,60.1,99,47.5,30.392,2.91,4.47,206,0.0,0.0,0.0,0
2024-12-25 02:50:59,60,63,60.1,99,47.5,30.392,2.01,4.47,206,0.0,0.0,0.0,0
2024-12-25 02:52:00,60,63,60.1,99,47.5,30.395,2.24,3.36,206,0.0,0.0,0.0,0
2024-12-25 02:53:02,60,63,60.1,99,47.5,30.392,3.58,4.47,211,0.0,0.0,0.0,0
2024-12-25 02:54:03,60,63,60.1,99,47.5,30.389,4.47,4.47,204,0.0,0.0,0.0,0
2024-12-25 02:55:04,60,63,60.1,99,47.5,30.395,3.36,4.47,205,0.0,0.0,0.0,0
2024-12-25 02:56:05,60,63,60.1,99,47.5,30.392,2.91,4.47,188,0.0,0.0,0.0,0
2024-12-25 02:57:06,60,63,60.1,99,47.5,30.392,3.13,4.47,211,0.0,0.0,0.0,0
2024-12-25 02:58:07,60,64,60.1,99,47.5,30.392,3.36,4.47,209,0.0,0.0,0.0,0
2024-12-25 02:59:08,60,64,60.1,99,47.5,30.392,2.91,3.36,223,0.0,0.0,0.0,0
2024-12-25 03:00:09,60,63,60.1,99,47.5,30.395,2.24,3.36,184,0.0,0.0,0.0,0
2024-12-25 03:01:10,60,63,60.1,99,47.5,30.392,3.13,4.47,185,0.0,0.0,0.0,0
2024-12-25 03:02:11,60,63,60.1,99,47.5,30.389,2.68,4.47,185,0.0,0.0,0.0,0
2024-12-25 03:03:12,60,63,60.1,99,47.5,30.392,3.36,3.36,195,0.0,0.0,0.0,0
2024-12-25 03:04:13,60,63,60.1,99,47.5,30.386,2.91,4.47,194,0.0,0.0,0.0,0
2024-12-25 03:05:14,60,64,60.1,99,47.5,30.392,3.80,4.47,147,0.0,0.0,0.0,0
2024-12-25 03:06:15,60,63,60.1,99,47.5,30.392,3.13,4.47,194,0.0,0.0,0.0,0
2024-12-25 03:07:16,60,64,60.1,99,47.5,30.389,4.03,4.47,198,0.0,0.0,0.0,0
2024-12-25 03:08:17,60,64,60.1,99,47.7,30.392,3.36,4.47,197,0.0,0.0,0.0,0
2024-12-25 03:09:18,60,64,60.1,99,47.7,30.386,2.91,3.36,197,0.0,0.0,0.0,0
2024-12-25 03:10:19,60,63,60.1,99,47.7,30.389,3.36,4.47,190,0.0,0.0,0.0,0
2024-12-25 03:11:20,60,64,60.1,99,47.5,30.392,2.46,4.47,191,0.0,0.0,0.0,0
2024-12-25 03:12:21,60,63,60.1,99,47.5,30.389,2.91,3.36,194,0.0,0.0,0.0,0
2024-12-25 03:13:22,60,64,60.1,99,47.5,30.389,3.80,5.82,167,0.0,0.0,0.0,0
2024-12-25 03:14:23,60,64,60.1,99,47.5,30.386,3.80,5.82,149,0.0,0.0,0.0,0
2024-12-25 03:15:24,60,64,60.1,99,47.5,30.392,3.36,4.47,189,0.0,0.0,0.0,0
2024-12-25 03:16:25,60,64,60.1,99,47.5,30.392,3.36,4.47,197,0.0,0.0,0.0,0
2024-12-25 03:17:26,60,64,60.1,99,47.5,30.392,2.68,3.36,195,0.0,0.0,0.0,0
2024-12-25 03:18:27,60,64,60.1,99,47.5,30.392,2.68,3.36,223,0.0,0.0,0.0,0
2024-12-25 03:19:28,60,64,60.1,99,47.5,30.392,2.46,3.36,201,0.0,0.0,0.0,0
2024-12-25 03:20:29,60,64,60.1,99,47.5,30.392,2.01,3.36,195,0.0,0.0,0.0,0
2024-12-25 03:21:30,60,64,60.1,99,47.5,30.392,3.80,4.47,194,0.0,0.0,0.0,0
2024-12-25 03:22:31,60,64,60.1,99,47.5,30.392,4.03,4.47,204,0.0,0.0,0.0,0
2024-12-25 03:23:32,60,64,60.1,99,47.5,30.392,4.47,5.82,177,0.0,0.0,0.0,0
2024-12-25 03:24:33,60,64,60.1,99,47.5,30.392,3.58,5.82,217,0.0,0.0,0.0,0
2024-12-25 03:25:34,60,64,60.1,99,47.5,30.392,3.13,4.47,206,0.0,0.0,0.0,0
2024-12-25 03:26:35,60,64,60.1,99,47.5,30.389,2.68,5.82,214,0.0,0.0,0.0,0
2024-12-25 03:27:36,60,64,60.1,99,47.5,30.386,2.01,5.82,138,0.0,0.0,0.0,0
2024-12-25 03:28:37,60,64,60.1,99,47.5,30.392,4.47,5.82,224,0.0,0.0,0.0,0
2024-12-25 03:29:38,60,64,60.1,99,47.7,30.398,3.80,5.82,157,0.0,0.0,0.0,0
2024-12-25 03:30:39,60,64,60.1,99,47.7,30.392,4.70,5.82,179,0.0,0.0,0.0,0
2024-12-25 03:31:40,60,64,60.1,99,47.7,30.389,4.47,5.82,175,0.0,0.0,0.0,0
2024-12-25 03:32:41,60,64,60.1,99,47.7,30.392,3.58,5.82,190,0.0,0.0,0.0,0
2024-12-25 03:33:42,60,64,60.1,99,47.7,30.395,3.58,4.47,201,0.0,0.0,0.0,0
2024-12-25 03:34:43,60,64,60.1,99,47.7,30.392,2.68,4.47,201,0.0,0.0,0.0,0
2024-12-25 03:35:44,60,64,60.1,99,47.7,30.395,3.58,4.47,194,0.0,0.0,0.0,0
2024-12-25 03:36:45,60,64,60.1,99,47.7,30.392,3.36,4.47,148,0.0,0.0,0.0,0
2024-12-25 03:37:46,60,64,60.1,99,47.5,30.386,2.68,4.47,137,0.0,0.0,0.0,0
2024-12-25 03:38:47,60,64,60.1,99,47.5,30.386,2.46,4.47,197,0.0,0.0,0.0,0
2024-12-25 03:39:48,60,64,60.1,99,47.5,30.383,3.13,3.36,199,0.0,0.0,0.0,0
2024-12-25 03:40:49,60,64,60.1,99,47.5,30.383,3.58,4.47,202,0.0,0.0,0.0,0
2024-12-25 03:41:50,60,64,60.1,99,47.5,30.386,2.46,4.47,151,0.0,0.0,0.0,0
2024-12-25 03:42:51,60,64,60.1,99,47.5,30.389,3.36,3.36,198,0.0,0.0,0.0,0
2024-12-25 03:43:52,60,64,60.1,99,47.5,30.392,3.36,4.47,195,0.0,0.0,0.0,0
2024-12-25 03:44:53,60,64,60.1,99,47.5,30.389,3.36,4.47,185,0.0,0.0,0.0,0
2024-12-25 03:45:54,60,64,60.1,99,47.5,30.389,3.13,4.47,200,0.0,0.0,0.0,0
2024-12-25 03:46:55,60,64,60.1,99,47.5,30.395,3.58,4.47,199,0.0,0.0,0.0,0
2024-12-25 03:47:56,60,64,60.1,99,47.5,30.395,3.58,5.82,161,0.0,0.0,0.0,0
2024-12-25 03:48:57,60,64,60.1,99,47.5,30.389,2.46,4.47,204,0.0,0.0,0.0,0
2024-12-25 03:49:58,60,64,60.1,99,47.5,30.389,3.58,4.47,204,0.0,0.0,0.0,0
2024-12-25 03:50:59,60,64,60.1,99,47.5,30.395,2.46,4.47,194,0.0,0.0,0.0,0
2024-12-25 03:52:00,60,64,60.1,99,47.5,30.395,2.91,3.36,213,0.0,0.0,0.0,0
2024-12-25 03:53:02,60,64,60.1,99,47.5,30.395,2.46,4.47,193,0.0,0.0,0.0,0
2024-12-25 03:54:03,60,64,60.1,99,47.5,30.395,2.91,4.47,196,0.0,0.0,0.0,0
2024-12-25 03:55:04,60,64,60.1,99,47.5,30.392,3.58,4.47,145,0.0,0.0,0.0,0
2024-12-25 03:56:05,60,64,60.1,99,47.5,30.395,3.13,4.47,193,0.0,0.0,0.0,0
2024-12-25 03:57:06,60,64,60.1,99,47.5,30.395,2.46,4.47,206,0.0,0.0,0.0,0
2024-12-25 03:58:07,60,64,60.1,99,47.5,30.398,2.24,3.36,228,0.0,0.0,0.0,0
2024-12-25 03:59:08,60,64,60.1,99,47.5,30.392,3.36,3.36,188,0.0,0.0,0.0,0
2024-12-25 04:00:09,60,64,60.1,99,47.5,30.392,3.36,4.47,208,0.0,0.0,0.0,0
2024-12-25 04:01:10,60,64,60.1,99,47.5,30.392,2.46,4.47,218,0.0,0.0,0.0,0
2024-12-25 04:02:11,60,64,60.1,99,47.5,30.389,4.03,4.47,190,0.0,0.0,0.0,0
2024-12-25 04:03:12,60,64,60.1,99,47.5,30.386,3.36,4.47,207,0.0,0.0,0.0,0
2024-12-25 04:04:13,60,64,60.1,99,47.5,30.392,4.25,4.47,189,0.0,0.0,0.0,0
2024-12-25 04:05:14,60,64,60.1,99,47.7,30.392,2.46,4.47,228,0.0,0.0,0.0,0
2024-12-25 04:06:15,60,64,60.1,99,47.7,30.389,2.91,4.47,234,0.0,0.0,0.0,0
2024-12-25 04:07:16,60,64,60.1,99,47.7,30.392,3.36,5.82,202,0.0,0.0,0.0,0
2024-12-25 04:08:17,60,64,60.1,99,47.7,30.386,3.13,4.47,137,0.0,0.0,0.0,0
2024-12-25 04:09:18,60,64,60.1,99,47.7,30.392,4.47,5.82,198,0.0,0.0,0.0,0
2024-12-25 04:10:19,60,64,60.1,99,47.7,30.389,4.47,5.82,197,0.0,0.0,0.0,0
2024-12-25 04:11:20,60,64,60.1,99,47.7,30.389,2.91,4.47,192,0.0,0.0,0.0,0
2024-12-25 04:12:21,60,64,60.1,99,47.7,30.395,3.36,4.47,194,0.0,0.0,0.0,0
2024-12-25 04:13:22,60,64,60.1,99,47.7,30.389,3.13,4.47,183,0.0,0.0,0.0,0
2024-12-25 04:14:23,60,64,60.1,99,47.7,30.395,2.68,4.47,202,0.0,0.0,0.0,0
2024-12-25 04:15:24,60,64,60.1,99,47.7,30.392,2.46,4.47,201,0.0,0.0,0.0,0
2024-12-25 04:16:25,60,64,60.1,99,47.7,30.392,4.47,5.82,214,0.0,0.0,0.0,0
2024-12-25 04:17:26,60,64,60.1,99,47.7,30.395,2.24,5.82,227,0.0,0.0,0.0,0
2024-12-25 04:18:27,60,64,60.1,99,47.7,30.395,2.91,3.36,218,0.0,0.0,0.0,0
2024-12-25 04:19:28,60,64,60.1,99,47.7,30.395,3.36,4.47,200,0.0,0.0,0.0,0
2024-12-25 04:20:29,60,64,60.1,99,47.7,30.392,3.58,4.47,202,0.0,0.0,0.0,0
2024-12-25 04:21:30,60,64,60.1,99,47.7,30.392,3.13,4.47,153,0.0,0.0,0.0,0
2024-12-25 04:22:31,60,64,60.1,99,47.7,30.395,2.46,3.36,152,0.0,0.0,0.0,0
2024-12-25 04:23:32,60,64,60.1,99,47.7,30.392,2.24,4.47,214,0.0,0.0,0.0,0
2024-12-25 04:24:33,60,64,60.1,99,47.7,30.389,3.36,4.47,201,0.0,0.0,0.0,0
2024-12-25 04:25:34,60,64,60.1,99,47.7,30.392,2.91,4.47,189,0.0,0.0,0.0,0
2024-12-25 04:26:35,60,64,60.1,99,47.7,30.389,1.79,4.47,205,0.0,0.0,0.0,0
2024-12-25 04:27:36,60,64,60.1,99,47.7,30.389,2.68,4.47,228,0.0,0.0,0.0,0
2024-12-25 04:28:37,60,64,60.1,99,47.7,30.392,0.67,4.47,155,0.0,0.0,0.0,0
2024-12-25 04:29:38,60,64,60.1,99,47.7,30.389,0.89,3.36,226,0.0,0.0,0.0,0
2024-12-25 04:30:39,60,64,60.1,99,47.7,30.395,2.46,3.36,223,0.0,0.0,0.0,0
2024-12-25 04:31:40,60,64,60.1,99,47.7,30.392,2.91,4.47,223,0.0,0.0,0.0,0
2024-12-25 04:32:41,60,64,60.1,99,47.7,30.395,1.57,3.36,222,0.0,0.0,0.0,0
2024-12-25 04:33:42,60,64,60.1,99,47.7,30.401,2.24,3.36,222,0.0,0.0,0.0,0
2024-12-25 04:34:43,60,64,60.1,99,47.7,30.395,2.01,3.36,216,0.0,0.0,0.0,0
2024-12-25 04:35:44,60,64,60.1,99,47.7,30.395,2.24,3.36,216,0.0,0.0,0.0,0
2024-12-25 04:36:45,60,64,60.1,99,47.7,30.398,0.89,3.36,217,0.0,0.0,0.0,0
2024-12-25 04:37:46,60,64,60.1,99,47.7,30.401,1.12,3.36,217,0.0,0.0,0.0,0
2024-12-25 04:38:47,60,64,60.1,99,47.7,30.398,2.24,3.36,241,0.0,0.0,0.0,0
2024-12-25 04:39:48,60,64,60.1,99,47.8,30.395,1.12,3.36,248,0.0,0.0,0.0,0
2024-12-25 04:40:49,60,64,60.1,99,47.8,30.395,2.46,3.36,229,0.0,0.0,0.0,0
2024-12-25 04:41:50,60,64,60.1,99,47.8,30.404,1.57,3.36,229,0.0,0.0,0.0,0
2024-12-25 04:42:51,60,64,60.1,99,47.8,30.401,4.03,4.47,228,0.0,0.0,0.0,0
2024-12-25 04:43:52,60,64,60.1,99,47.8,30.395,4.25,5.82,224,0.0,0.0,0.0,0
2024-12-25 04:44:53,60,64,60.1,99,47.8,30.395,3.13,5.82,224,0.0,0.0,0.0,0
2024-12-25 04:45:54,60,64,60.1,99,47.8,30.398,3.13,5.82,263,0.0,0.0,0.0,0
2024-12-25 04:46:55,60,64,60.1,99,47.8,30.395,2.24,5.82,224,0.0,0.0,0.0,0
2024-12-25 04:47:56,60,64,60.1,99,47.8,30.401,1.57,4.47,118,0.0,0.0,0.0,0
2024-12-25 04:48:57,60,64,60.1,99,47.8,30.398,1.34,4.47,219,0.0,0.0,0.0,0
2024-12-25 04:49:58,60,64,60.1,99,47.8,30.398,1.57,4.47,249,0.0,0.0,0.0,0
2024-12-25 04:50:59,60,64,60.1,99,47.8,30.404,1.34,3.36,235,0.0,0.0,0.0,0
2024-12-25 04:52:00,60,64,60.1,99,47.8,30.404,2.91,3.36,242,0.0,0.0,0.0,0
2024-12-25 04:53:01,60,64,60.1,99,47.8,30.404,1.79,4.47,242,0.0,0.0,0.0,0
2024-12-25 04:54:02,60,64,60.1,99,47.8,30.401,1.34,3.36,255,0.0,0.0,0.0,0
2024-12-25 04:55:03,60,64,60.1,99,47.8,30.404,2.46,4.47,236,0.0,0.0,0.0,0
2024-12-25 04:56:04,60,64,60.1,99,47.8,30.401,2.68,4.47,230,0.0,0.0,0.0,0
2024-12-25 04:57:05,60,64,60.1,99,47.8,30.401,1.79,3.36,203,0.0,0.0,0.0,0
2024-12-25 04:58:06,60,64,60.1,99,47.8,30.404,1.34,3.36,232,0.0,0.0,0.0,0
2024-12-25 04:59:07,60,64,60.1,99,47.8,30.401,3.13,4.47,229,0.0,0.0,0.0,0
2024-12-25 05:00:08,60,64,60.1,99,47.8,30.404,2.01,4.47,202,0.0,0.0,0.0,0
2024-12-25 05:01:09,60,64,60.1,99,47.8,30.401,2.24,3.36,218,0.0,0.0,0.0,0
2024-12-25 05:02:10,60,64,60.1,99,47.8,30.398,2.91,3.36,160,0.0,0.0,0.0,0
2024-12-25 05:03:11,60,64,60.1,99,47.8,30.401,2.46,3.36,179,0.0,0.0,0.0,0
2024-12-25 05:04:12,60,64,60.1,99,47.8,30.404,4.47,4.47,193,0.0,0.0,0.0,0
2024-12-25 05:05:13,60,64,60.1,99,47.8,30.401,3.58,4.47,166,0.0,0.0,0.0,0
2024-12-25 05:06:14,60,64,60.1,99,47.8,30.401,2.68,4.47,234,0.0,0.0,0.0,0
2024-12-25 05:07:15,60,64,60.1,99,47.8,30.398,3.80,4.47,148,0.0,0.0,0.0,0
2024-12-25 05:08:16,60,64,60.1,99,47.8,30.401,2.46,4.47,201,0.0,0.0,0.0,0
2024-12-25 05:09:17,60,64,60.1,99,48.0,30.398,1.79,3.36,223,0.0,0.0,0.0,0
2024-12-25 05:10:18,60,64,60.1,99,48.0,30.404,2.24,3.36,224,0.0,0.0,0.0,0
2024-12-25 05:11:19,60,64,60.1,99,48.0,30.407,2.24,3.36,242,0.0,0.0,0.0,0
2024-12-25 05:12:20,60,64,60.1,99,48.0,30.407,2.24,2.24,229,0.0,0.0,0.0,0
2024-12-25 05:13:21,60,64,60.1,99,48.0,30.404,2.24,2.24,229,0.0,0.0,0.0,0
2024-12-25 05:14:22,60,64,60.1,99,47.8,30.404,2.46,3.36,228,0.0,0.0,0.0,0
2024-12-25 05:15:23,60,64,60.1,99,47.8,30.404,3.36,3.36,217,0.0,0.0,0.0,0
2024-12-25 05:16:24,60,64,60.1,99,47.8,30.404,2.46,4.47,216,0.0,0.0,0.0,0
2024-12-25 05:17:25,60,64,60.3,99,47.8,30.401,3.36,4.47,215,0.0,0.0,0.0,0
2024-12-25 05:18:26,60,64,60.3,99,47.8,30.410,2.01,4.47,216,0.0,0.0,0.0,0
2024-12-25 05:19:27,60,64,60.3,99,47.8,30.407,2.24,2.24,220,0.0,0.0,0.0,0
2024-12-25 05:20:28,60,64,60.3,99,47.8,30.410,2.46,3.36,219,0.0,0.0,0.0,0
2024-12-25 05:21:29,60,64,60.3,99,47.8,30.404,2.46,3.36,219,0.0,0.0,0.0,0
2024-12-25 05:22:30,60,64,60.4,99,48.0,30.407,1.34,3.36,218,0.0,0.0,0.0,0
2024-12-25 05:23:31,60,64,60.4,99,48.0,30.410,1.79,2.24,218,0.0,0.0,0.0,0
2024-12-25 05:24:32,60,64,60.4,99,48.0,30.410,3.36,4.47,263,0.0,0.0,0.0,0
2024-12-25 05:25:33,60,64,60.6,99,47.8,30.413,2.91,4.47,208,0.0,0.0,0.0,0
2024-12-25 05:26:34,60,64,60.6,99,48.0,30.407,2.24,3.36,209,0.0,0.0,0.0,0
2024-12-25 05:27:35,60,64,60.6,99,48.0,30.410,1.34,2.24,209,0.0,0.0,0.0,0
2024-12-25 05:28:36,60,64,60.6,99,48.0,30.413,0.89,3.36,210,0.0,0.0,0.0,0
2024-12-25 05:29:37,60,64,60.6,99,48.0,30.413,2.24,3.36,226,0.0,0.0,0.0,0
2024-12-25 05:30:38,60,64,60.6,99,48.0,30.416,3.13,4.47,242,0.0,0.0,0.0,0
2024-12-25 05:31:39,60,64,60.6,99,48.0,30.410,2.24,5.82,235,0.0,0.0,0.0,0
2024-12-25 05:32:40,60,64,60.6,99,48.0,30.413,2.91,3.36,235,0.0,0.0,0.0,0
2024-12-25 05:33:41,60,64,60.6,99,48.0,30.407,1.79,4.47,234,0.0,0.0,0.0,0
2024-12-25 05:34:42,60,64,60.6,99,48.0,30.407,2.68,4.47,217,0.0,0.0,0.0,0
2024-12-25 05:35:43,60,64,60.6,99,48.0,30.410,2.01,4.47,216,0.0,0.0,0.0,0
2024-12-25 05:36:44,60,64,60.6,99,48.0,30.413,2.24,3.36,215,0.0,0.0,0.0,0
2024-12-25 05:37:45,60,63,60.4,99,48.0,30.413,0.89,3.36,215,0.0,0.0,0.0,0
2024-12-25 05:38:46,60,63,60.4,99,48.0,30.416,3.36,3.36,215,0.0,0.0,0.0,0
2024-12-25 05:39:47,60,63,60.4,99,48.0,30.419,1.57,3.36,214,0.0,0.0,0.0,0
2024-12-25 05:40:48,60,63,60.4,99,48.0,30.419,1.34,3.36,216,0.0,0.0,0.0,0
2024-12-25 05:41:49,60,63,60.3,99,48.2,30.413,1.79,3.36,216,0.0,0.0,0.0,0
2024-12-25 05:42:50,60,63,60.3,99,48.2,30.413,2.46,3.36,216,0.0,0.0,0.0,0
2024-12-25 05:43:51,60,64,60.3,99,48.2,30.410,2.01,3.36,217,0.0,0.0,0.0,0
2024-12-25 05:44:52,60,64,60.3,99,48.0,30.413,1.34,2.24,223,0.0,0.0,0.0,0
2024-12-25 05:45:53,60,64,60.1,99,48.0,30.416,1.34,2.24,223,0.0,0.0,0.0,0
2024-12-25 05:46:54,60,64,60.1,99,48.0,30.413,1.79,2.24,227,0.0,0.0,0.0,0
2024-12-25 05:47:55,60,64,60.1,99,48.0,30.416,1.79,3.36,224,0.0,0.0,0.0,0
2024-12-25 05:48:56,60,64,60.1,99,48.0,30.416,2.68,3.36,248,0.0,0.0,0.0,0
2024-12-25 05:49:57,60,64,59.9,99,48.2,30.410,3.36,3.36,233,0.0,0.0,0.0,0
2024-12-25 05:50:58,60,64,59.9,99,48.2,30.419,2.91,3.36,222,0.0,0.0,0.0,0
2024-12-25 05:51:59,60,64,59.9,99,48.2,30.413,3.36,4.47,241,0.0,0.0,0.0,0
2024-12-25 05:53:00,60,64,59.9,99,48.2,30.416,1.34,4.47,241,0.0,0.0,0.0,0
2024-12-25 05:54:01,60,64,59.9,99,48.2,30.413,3.13,3.36,236,0.0,0.0,0.0,0
2024-12-25 05:55:02,60,64,59.7,99,48.2,30.416,1.57,3.36,236,0.0,0.0,0.0,0
2024-12-25 05:56:03,60,64,59.7,99,48.2,30.416,2.46,3.36,241,0.0,0.0,0.0,0
2024-12-25 05:57:04,60,64,59.7,99,48.2,30.416,2.68,5.82,221,0.0,0.0,0.0,0
2024-12-25 05:58:05,60,64,59.7,99,48.2,30.419,3.36,5.82,221,0.0,0.0,0.0,0
2024-12-25 05:59:06,60,64,59.5,99,48.2,30.416,1.57,4.47,223,0.0,0.0,0.0,0
2024-12-25 06:00:07,60,64,59.5,99,48.2,30.419,1.79,4.47,231,0.0,0.0,0.0,0
2024-12-25 06:01:08,60,64,59.5,99,48.2,30.413,2.46,4.47,220,0.0,0.0,0.0,0
2024-12-25 06:02:09,60,64,59.5,99,48.2,30.413,2.01,3.36,221,0.0,0.0,0.0,0
2024-12-25 06:03:10,60,64,59.5,99,48.2,30.416,2.24,3.36,237,0.0,0.0,0.0,0
2024-12-25 06:04:11,60,64,59.5,99,48.2,30.416,2.24,3.36,235,0.0,0.0,0.0,0
2024-12-25 06:05:12,60,65,59.5,99,48.2,30.422,1.34,3.36,237,0.0,0.0,0.0,0
2024-12-25 06:06:13,60,65,59.5,99,48.2,30.419,2.46,3.36,234,0.0,0.0,0.0,0
2024-12-25 06:07:14,60,65,59.5,99,48.2,30.419,1.57,3.36,234,0.0,0.0,0.0,0
2024-12-25 06:08:15,60,65,59.7,99,48.2,30.419,2.01,2.24,234,0.0,0.0,0.0,0
2024-12-25 06:09:16,60,65,59.9,99,48.2,30.419,2.46,3.36,233,0.0,0.0,0.0,0
2024-12-25 06:10:17,60,65,59.9,99,48.2,30.419,2.91,3.36,226,0.0,0.0,0.0,0
2024-12-25 06:11:18,60,65,59.9,99,48.2,30.425,1.57,3.36,226,0.0,0.0,0.0,0
2024-12-25 06:12:19,60,65,60.1,99,48.2,30.422,2.46,3.36,226,0.0,0.0,0.0,0
2024-12-25 06:13:20,60,65,60.1,99,48.2,30.422,2.46,3.36,226,0.0,0.0,0.0,0
2024-12-25 06:14:21,60,65,60.3,99,48.2,30.419,1.79,3.36,226,0.0,0.0,0.0,0
2024-12-25 06:15:22,60,65,60.3,99,48.2,30.422,2.01,3.36,226,0.0,0.0,0.0,0
2024-12-25 06:16:23,60,65,60.4,99,48.2,30.422,0.67,2.24,226,0.0,0.0,0.0,0
2024-12-25 06:17:24,60,65,60.4,99,48.2,30.422,2.24,2.24,226,0.0,0.0,0.0,0
2024-12-25 06:18:25,60,65,60.4,99,48.2,30.425,0.89,2.24,227,0.0,0.0,0.0,0
2024-12-25 06:19:26,60,65,60.6,99,48.2,30.422,0.67,2.24,228,0.0,0.0,0.0,0
2024-12-25 06:20:27,60,65,60.6,99,48.2,30.422,2.91,4.47,254,0.0,0.0,0.0,0
2024-12-25 06:21:28,60,64,60.6,99,48.2,30.425,3.36,4.47,244,0.0,0.0,0.0,0
2024-12-25 06:22:29,60,64,60.8,99,48.2,30.419,2.24,3.36,227,0.0,0.0,0.0,0
2024-12-25 06:23:30,60,64,60.8,99,48.2,30.422,2.01,3.36,225,0.0,0.0,0.0,0
2024-12-25 06:24:31,60,64,60.8,99,48.2,30.422,2.24,3.36,249,0.0,0.0,0.0,0
2024-12-25 06:25:32,60,64,60.8,99,48.4,30.422,2.24,3.36,250,0.0,0.0,0.0,0
2024-12-25 06:26:33,60,64,60.8,99,48.2,30.428,1.79,3.36,248,0.0,0.0,0.0,0
2024-12-25 06:27:34,60,64,60.8,99,48.2,30.422,1.12,2.24,248,0.0,0.0,0.0,0
2024-12-25 06:28:35,60,64,60.8,99,48.2,30.428,2.68,3.36,248,0.0,0.0,0.0,0
2024-12-25 06:29:36,60,64,60.8,99,48.2,30.428,2.91,3.36,237,0.0,0.0,0.0,0
2024-12-25 06:30:37,60,64,60.8,99,48.2,30.428,1.79,4.47,225,0.0,0.0,0.0,0
2024-12-25 06:31:38,60,64,60.8,99,48.2,30.428,2.68,3.36,226,0.0,0.0,0.0,0
2024-12-25 06:32:39,60,64,60.6,99,48.2,30.419,2.46,5.82,240,0.0,0.0,0.0,0
2024-12-25 06:33:40,60,64,60.6,99,48.2,30.431,2.91,5.82,228,0.0,0.0,0.0,0
2024-12-25 06:34:41,60,64,60.6,99,48.2,30.428,2.24,4.47,244,0.0,0.0,0.0,0
2024-12-25 06:35:42,60,64,60.6,99,48.2,30.428,4.47,5.82,240,0.0,0.0,0.0,0
2024-12-25 06:36:43,60,64,60.4,99,48.2,30.428,3.36,5.82,218,0.0,0.0,0.0,0
2024-12-25 06:37:44,60,64,60.4,99,48.2,30.425,3.13,4.47,215,0.0,0.0,0.0,0
2024-12-25 06:38:45,60,64,60.4,99,48.2,30.431,4.03,4.47,248,0.0,0.0,0.0,0
2024-12-25 06:39:46,60,64,60.4,99,48.4,30.437,2.91,4.47,240,0.0,0.0,0.0,0
2024-12-25 06:40:47,60,64,60.4,99,48.4,30.437,2.68,5.82,213,0.0,0.0,0.0,0
2024-12-25 06:41:48,60,64,60.3,99,48.4,30.428,2.24,4.47,233,0.0,0.0,0.0,0
2024-12-25 06:42:49,60,64,60.3,99,48.4,30.428,2.91,3.36,256,0.0,0.0,0.0,0
2024-12-25 06:43:50,60,64,60.1,99,48.4,30.431,2.46,4.47,219,0.0,0.0,0.0,0
2024-12-25 06:44:51,60,64,60.1,99,48.4,30.425,2.46,4.47,220,0.0,0.0,0.0,0
2024-12-25 06:45:52,60,64,60.1,99,48.4,30.434,1.57,3.36,229,0.0,0.0,0.0,0
2024-12-25 06:46:53,60,64,60.1,99,48.4,30.428,0.89,3.36,245,0.0,0.0,0.0,0
2024-12-25 06:47:54,60,64,60.1,99,48.4,30.434,2.01,3.36,241,0.0,0.0,0.0,0
2024-12-25 06:48:55,60,64,59.9,99,48.4,30.431,2.46,3.36,239,0.0,0.0,0.0,0
2024-12-25 06:49:56,60,64,59.9,99,48.4,30.431,2.91,4.47,230,0.0,0.0,0.0,0
2024-12-25 06:50:57,60,64,59.9,99,48.4,30.434,2.24,4.47,213,0.0,0.0,0.0,0
2024-12-25 06:51:58,60,64,59.9,99,48.4,30.434,3.13,3.36,237,0.0,0.0,0.0,0
2024-12-25 06:52:59,60,64,59.7,99,48.4,30.434,3.80,4.47,209,0.0,0.0,0.0,0
2024-12-25 06:54:00,60,64,59.7,99,48.4,30.431,3.36,4.47,234,0.0,0.0,0.0,0
2024-12-25 06:55:01,60,64,59.7,99,48.4,30.431,3.13,5.82,233,0.0,0.0,0.0,0
2024-12-25 06:56:02,60,64,59.7,99,48.4,30.434,3.58,5.82,242,0.0,0.0,0.0,0
2024-12-25 06:57:03,60,64,59.7,99,48.4,30.431,2.46,5.82,257,0.0,0.0,0.0,0
2024-12-25 06:58:04,60,64,59.5,99,48.4,30.431,2.01,3.36,234,0.0,0.0,0.0,0
2024-12-25 06:59:05,60,65,59.5,99,48.4,30.437,3.58,4.47,235,0.0,0.0,0.0,0
2024-12-25 07:00:06,60,65,59.5,99,48.4,30.431,2.24,4.47,257,0.0,0.0,0.0,0
2024-12-25 07:01:07,60,65,59.5,99,48.4,30.434,2.46,3.36,240,0.0,0.0,0.0,0
2024-12-25 07:02:08,60,65,59.7,99,48.4,30.437,2.68,3.36,255,0.0,0.0,0.0,0
2024-12-25 07:03:09,60,65,59.7,99,48.4,30.431,0.89,3.36,254,0.0,0.0,0.0,0
2024-12-25 07:04:10,60,65,59.7,99,48.4,30.437,0.67,2.24,254,0.0,0.0,0.0,0
2024-12-25 07:05:11,60,66,59.9,99,48.4,30.434,1.57,2.24,242,0.0,0.0,0.0,0
2024-12-25 07:06:12,60,66,59.9,99,48.4,30.434,1.79,3.36,249,0.0,0.0,0.0,0
2024-12-25 07:07:13,60,66,60.1,99,48.4,30.440,2.24,3.36,248,0.0,0.0,0.0,0
2024-12-25 07:08:14,60,66,60.1,99,48.4,30.437,1.79,2.24,248,0.0,0.0,0.01,0
2024-12-25 07:09:15,60,66,60.3,99,48.4,30.437,2.24,3.36,247,0.0,0.0,0.01,0
2024-12-25 07:10:16,60,66,60.3,99,48.4,30.434,2.46,3.36,244,0.0,0.0,0.01,0
2024-12-25 07:11:17,60,66,60.4,99,48.4,30.440,2.01,3.36,244,0.0,0.0,0.01,0
2024-12-25 07:12:18,60,65,60.4,99,48.4,30.434,1.12,2.24,244,0.0,0.0,0.01,0
2024-12-25 07:13:19,60,65,60.6,99,48.4,30.440,1.79,2.24,244,0.0,0.0,0.01,0
2024-12-25 07:14:20,60,65,60.6,99,48.4,30.437,2.46,3.36,242,0.0,0.0,0.01,0
2024-12-25 07:15:21,60,65,60.8,99,48.4,30.445,2.91,3.36,242,0.0,0.0,0.02,0
2024-12-25 07:16:22,60,65,60.8,99,48.4,30.437,1.34,3.36,241,0.0,0.0,0.02,0
2024-12-25 07:17:23,60,65,60.8,99,48.4,30.437,2.46,3.36,240,0.0,0.0,0.02,0
2024-12-25 07:18:24,60,65,61.0,99,48.4,30.440,0.22,3.36,242,0.0,0.0,0.03,0
2024-12-25 07:19:25,60,65,60.8,99,48.4,30.445,3.36,3.36,224,0.0,0.0,0.03,0
2024-12-25 07:20:26,60,65,60.8,99,48.4,30.440,2.24,3.36,224,0.0,0.0,0.04,0
2024-12-25 07:21:27,60,65,61.0,99,48.4,30.442,2.46,3.36,224,0.0,0.0,0.05,0
2024-12-25 07:22:28,60,65,61.0,99,48.4,30.440,2.24,3.36,224,0.0,0.0,0.05,0
2024-12-25 07:23:29,60,65,61.0,99,48.4,30.440,2.68,3.36,224,0.0,0.0,0.06,0
2024-12-25 07:24:30,60,65,61.0,99,48.4,30.448,2.46,3.36,223,0.0,0.0,0.06,0
2024-12-25 07:25:31,60,65,60.8,99,48.4,30.442,2.24,3.36,224,0.0,0.0,0.08,0
2024-12-25 07:26:32,60,64,61.0,99,48.4,30.442,2.01,3.36,227,0.0,0.0,0.09,0
2024-12-25 07:27:33,60,64,60.8,99,48.4,30.440,2.91,3.36,214,0.0,0.0,0.10,0
2024-12-25 07:28:34,60,64,60.8,99,48.4,30.442,2.68,3.36,214,0.0,0.0,0.12,0
2024-12-25 07:29:35,60,64,60.8,99,48.4,30.445,2.91,3.36,178,0.0,0.0,0.15,0
2024-12-25 07:30:36,60,64,60.8,99,48.4,30.445,2.46,3.36,221,0.0,0.0,0.18,0
2024-12-25 07:31:37,60,64,60.8,99,48.4,30.445,3.58,4.47,211,0.0,0.0,0.22,0
2024-12-25 07:32:38,60,64,60.8,99,48.4,30.445,2.91,4.47,206,0.0,0.0,0.23,0
2024-12-25 07:33:39,60,64,60.6,99,48.4,30.445,3.58,4.47,207,0.0,0.0,0.27,0
2024-12-25 07:34:40,60,64,60.6,99,48.4,30.451,1.34,4.47,206,0.0,0.0,0.35,0
2024-12-25 07:35:41,60,64,60.6,99,48.4,30.445,1.12,3.36,207,0.0,0.0,0.39,0
2024-12-25 07:36:42,60,64,60.6,99,48.4,30.451,2.91,3.36,223,0.0,0.0,0.43,0
2024-12-25 07:37:43,60,64,60.6,99,48.4,30.448,3.36,3.36,219,0.0,0.0,0.49,0
2024-12-25 07:38:44,60,64,60.4,99,48.4,30.442,3.36,4.47,217,0.0,0.0,0.51,0
2024-12-25 07:39:45,60,65,60.4,99,48.2,30.448,1.79,4.47,218,0.0,0.0,0.56,0
2024-12-25 07:40:46,60,65,60.4,99,48.2,30.451,2.24,3.36,220,0.0,0.0,0.65,0
2024-12-25 07:41:47,60,65,60.4,99,48.2,30.442,2.68,3.36,217,0.0,0.0,0.62,0
2024-12-25 07:42:48,60,65,60.4,99,48.2,30.442,2.68,4.47,221,0.0,0.0,0.78,0
2024-12-25 07:43:49,60,65,60.3,99,48.2,30.451,3.13,4.47,217,0.0,0.0,0.81,0
2024-12-25 07:44:50,60,65,60.3,99,48.4,30.448,2.68,3.36,217,0.0,0.0,0.88,0
2024-12-25 07:45:51,60,65,60.3,99,48.4,30.448,3.58,4.47,217,0.0,0.0,0.92,0
2024-12-25 07:46:52,60,65,60.1,99,48.4,30.451,2.24,4.47,217,0.0,0.0,0.94,0
2024-12-25 07:47:53,60,65,60.1,99,48.4,30.451,3.36,4.47,212,0.0,0.0,0.98,0
2024-12-25 07:48:54,60,65,60.1,99,48.4,30.451,3.13,4.47,212,0.0,0.0,1.25,0
2024-12-25 07:49:55,60,65,59.9,99,48.4,30.451,3.58,4.47,212,0.0,0.0,1.23,0
2024-12-25 07:50:56,60,65,59.9,99,48.4,30.451,4.03,4.47,211,0.0,0.0,1.40,0
2024-12-25 07:51:57,60,65,59.9,99,48.4,30.451,2.24,4.47,212,0.0,0.0,1.64,0
2024-12-25 07:52:58,60,65,59.9,99,48.4,30.454,3.36,4.47,211,0.0,0.0,1.70,0
2024-12-25 07:53:59,60,65,59.9,99,48.4,30.445,2.91,4.47,211,0.0,0.0,1.76,0
2024-12-25 07:55:00,60,65,59.7,99,48.4,30.454,4.25,4.47,211,0.0,0.0,1.85,0
2024-12-25 07:56:01,60,65,59.7,99,48.4,30.451,2.91,4.47,210,0.0,0.0,1.93,0
2024-12-25 07:57:02,60,65,59.7,99,48.4,30.457,2.91,4.47,209,0.0,0.0,1.87,0
2024-12-25 07:58:03,60,65,59.7,99,48.4,30.454,3.36,4.47,196,0.0,0.0,1.93,0
2024-12-25 07:59:04,60,65,59.5,99,48.4,30.451,3.58,5.82,190,0.0,0.0,2.08,0
2024-12-25 08:00:05,60,65,59.5,99,48.4,30.454,3.36,5.82,145,0.0,0.0,2.28,0
2024-12-25 08:01:06,60,65,59.5,99,48.4,30.448,3.58,4.47,153,0.0,0.0,2.49,0
2024-12-25 08:02:07,60,65,59.4,99,48.4,30.448,3.13,4.47,195,0.0,0.0,2.34,0
2024-12-25 08:03:08,60,65,59.4,99,48.4,30.451,3.13,4.47,200,0.0,0.0,2.43,0
2024-12-25 08:04:09,60,65,59.4,99,48.4,30.454,2.68,4.47,198,0.0,0.0,2.63,0
2024-12-25 08:05:10,60,65,59.4,99,48.4,30.454,3.58,4.47,198,0.0,0.0,2.64,0
2024-12-25 08:06:11,60,65,59.5,99,48.4,30.460,3.13,4.47,188,0.0,0.0,2.72,0
2024-12-25 08:07:12,60,66,59.5,99,48.4,30.460,4.03,4.47,186,0.0,0.0,2.74,0
2024-12-25 08:08:13,60,66,59.5,99,48.4,30.457,3.80,4.47,146,0.0,0.0,2.90,0
2024-12-25 08:09:14,60,66,59.5,99,48.4,30.454,2.91,4.47,150,0.0,0.0,2.79,0
2024-12-25 08:10:15,60,66,59.7,99,48.4,30.454,2.68,4.47,189,0.0,0.0,2.99,0
2024-12-25 08:11:16,60,66,59.9,99,48.4,30.460,2.24,3.36,188,0.0,0.0,3.05,0
2024-12-25 08:12:17,60,66,59.9,99,48.4,30.460,2.46,3.36,188,0.0,0.0,2.82,0
2024-12-25 08:13:18,60,66,60.1,99,48.4,30.457,2.24,3.36,174,0.0,0.0,2.94,0
2024-12-25 08:14:19,60,66,60.1,99,48.4,30.457,3.80,4.47,210,0.0,0.0,2.93,0
2024-12-25 08:15:20,60,66,60.3,99,48.4,30.460,3.36,4.47,208,0.0,0.0,2.96,0
2024-12-25 08:16:21,60,66,60.3,99,48.4,30.454,2.46,3.36,174,0.0,0.0,3.11,0
2024-12-25 08:17:22,60,66,60.4,99,48.4,30.460,2.68,3.36,194,0.0,0.0,3.82,0
2024-12-25 08:18:23,60,66,60.4,99,48.4,30.460,2.46,3.36,196,0.0,0.0,3.85,0
2024-12-25 08:19:24,60,66,60.4,99,48.4,30.460,2.68,3.36,226,0.0,0.0,3.56,0
2024-12-25 08:20:25,60,65,60.6,99,48.4,30.463,2.91,3.36,214,0.0,0.0,3.50,0
2024-12-25 08:21:26,60,65,60.6,99,48.4,30.463,2.46,3.36,214,0.0,0.0,3.98,0
2024-12-25 08:22:27,60,65,60.8,99,48.4,30.460,4.03,5.82,193,0.0,0.0,4.20,0
2024-12-25 08:23:28,60,65,60.8,99,48.4,30.457,2.24,5.82,212,0.0,0.0,4.47,0
2024-12-25 08:24:29,60,65,61.0,99,48.4,30.469,3.80,4.47,228,0.0,0.0,4.39,0
2024-12-25 08:25:30,60,65,61.0,99,48.4,30.460,3.36,4.47,205,0.0,0.0,4.61,0
2024-12-25 08:26:31,60,65,61.0,99,48.4,30.457,3.80,4.47,204,0.0,0.0,4.96,0
2024-12-25 08:27:32,60,65,61.0,99,48.4,30.463,3.80,4.47,196,0.0,0.0,5.25,0
2024-12-25 08:28:33,60,65,61.2,99,48.4,30.463,2.24,4.47,201,0.0,0.0,5.50,0
2024-12-25 08:29:34,60,65,61.2,99,48.4,30.463,4.70,5.82,212,0.0,0.0,5.97,0
2024-12-25 08:30:35,60,65,61.2,99,48.4,30.463,2.01,5.82,196,0.0,0.0,5.85,0
2024-12-25 08:31:36,60,65,61.3,99,48.6,30.466,4.92,6.93,216,0.0,0.0,6.43,0
2024-12-25 08:32:37,60,65,61.3,99,48.6,30.463,4.92,6.93,196,0.0,0.0,6.32,0
2024-12-25 08:33:38,60,65,61.3,99,48.6,30.463,5.59,5.82,213,0.0,0.0,5.93,0
2024-12-25 08:34:39,60,65,61.3,99,48.6,30.466,2.91,5.82,212,0.0,0.0,6.01,0
2024-12-25 08:35:40,60,65,61.3,99,48.6,30.463,3.58,5.82,211,0.0,0.0,5.52,0
2024-12-25 08:36:41,60,65,61.3,99,48.6,30.466,3.36,4.47,210,0.0,0.0,5.68,0
2024-12-25 08:37:42,60,65,61.3,99,48.6,30.469,3.13,4.47,199,0.0,0.0,6.40,0
2024-12-25 08:38:43,60,65,61.5,99,48.6,30.469,4.25,5.82,197,0.0,0.0,7.18,0
2024-12-25 08:39:44,60,65,61.5,99,48.6,30.466,4.47,5.82,212,0.0,0.0,7.35,0
2024-12-25 08:40:45,60,65,61.5,99,48.6,30.466,3.36,5.82,139,0.0,0.0,5.93,0
2024-12-25 08:41:46,60,65,61.5,99,48.6,30.466,4.03,4.47,205,0.0,0.0,6.14,0
2024-12-25 08:42:47,60,65,61.5,99,48.6,30.466,2.24,5.82,207,0.0,0.0,6.54,0
2024-12-25 08:43:48,60,65,61.5,99,48.6,30.469,4.92,5.82,194,0.0,0.0,6.76,0
2024-12-25 08:44:49,60,65,61.5,99,48.6,30.469,3.80,5.82,174,0.0,0.0,6.97,0
2024-12-25 08:45:50,60,65,61.5,99,48.6,30.475,4.03,6.93,195,0.0,0.0,6.87,0
2024-12-25 08:46:51,60,65,61.5,99,48.6,30.469,3.36,6.93,207,0.0,0.0,6.41,0
2024-12-25 08:47:52,60,65,61.5,99,48.6,30.469,2.24,4.47,169,0.0,0.0,5.68,0
2024-12-25 08:48:53,60,64,61.5,99,48.6,30.475,2.46,3.36,182,0.0,0.0,6.42,0
2024-12-25 08:49:54,60,64,61.7,99,48.6,30.475,2.91,5.82,214,0.0,0.0,6.83,0
2024-12-25 08:50:55,60,64,61.7,99,48.6,30.475,3.13,5.82,197,0.0,0.0,6.76,0
2024-12-25 08:51:56,60,64,61.7,99,48.6,30.475,4.47,5.82,194,0.0,0.0,7.34,0
2024-12-25 08:52:58,60,64,61.7,99,48.6,30.469,2.24,4.47,207,0.0,0.0,7.39,0
2024-12-25 08:53:59,60,64,61.7,99,48.6,30.472,1.79,3.36,207,0.0,0.0,7.93,0
2024-12-25 08:55:00,60,64,61.7,99,48.6,30.469,1.79,3.36,208,0.0,0.0,8.57,0
2024-12-25 08:56:01,60,64,61.7,99,48.6,30.469,2.01,3.36,204,0.0,0.0,8.48,0
2024-12-25 08:57:02,60,64,61.7,99,48.6,30.472,2.24,3.36,204,0.0,0.0,7.42,0
2024-12-25 08:58:03,60,64,61.7,99,48.6,30.469,2.68,3.36,204,0.0,0.0,7.47,0
2024-12-25 08:59:04,60,64,61.7,99,48.6,30.466,2.24,3.36,204,0.0,0.0,7.70,0
2024-12-25 09:00:05,60,64,61.7,99,48.6,30.475,2.91,3.36,204,0.0,0.0,9.66,0
2024-12-25 09:01:06,60,64,61.7,99,48.6,30.475,3.13,3.36,204,0.0,0.0,9.68,0
2024-12-25 09:02:07,60,64,61.7,99,48.6,30.469,2.46,3.36,204,0.0,0.0,9.37,0
2024-12-25 09:03:08,60,64,61.7,99,48.6,30.475,2.91,3.36,208,0.0,0.0,8.78,0
2024-12-25 09:04:09,60,64,61.7,99,48.6,30.472,4.03,4.47,194,0.0,0.0,9.43,0
2024-12-25 09:05:10,60,64,61.7,99,48.6,30.472,1.57,4.47,194,0.0,0.0,9.46,0
2024-12-25 09:06:11,60,64,61.7,99,48.6,30.472,3.13,4.47,194,0.0,0.0,10.68,0
2024-12-25 09:07:12,60,64,61.7,99,48.6,30.472,3.36,4.47,193,0.0,0.0,10.66,0
2024-12-25 09:08:13,60,64,61.7,99,48.6,30.472,4.03,5.82,192,0.0,0.0,12.30,0
2024-12-25 09:09:14,60,64,61.7,99,48.6,30.475,2.46,5.82,192,0.0,0.0,13.47,0
2024-12-25 09:10:15,60,64,61.7,99,48.6,30.472,3.36,4.47,212,0.0,0.0,11.89,0
2024-12-25 09:11:16,60,64,61.7,99,48.6,30.469,1.57,4.47,212,0.0,0.0,12.27,0
2024-12-25 09:12:17,60,64,61.7,99,48.6,30.478,4.47,5.82,203,0.0,0.0,11.87,0
2024-12-25 09:13:18,60,64,61.9,99,48.6,30.475,2.24,5.82,143,0.0,0.0,12.42,0
2024-12-25 09:14:19,60,64,61.7,99,48.6,30.475,2.01,3.36,143,0.0,0.0,11.68,0
2024-12-25 09:15:20,60,64,61.9,99,48.6,30.469,1.79,4.47,227,0.0,0.0,11.71,0
2024-12-25 09:16:21,60,64,61.9,99,48.7,30.478,2.01,3.36,223,0.0,0.0,12.02,0
2024-12-25 09:17:22,60,64,61.9,99,48.7,30.478,2.24,3.36,226,0.0,0.0,13.05,0
2024-12-25 09:18:23,60,64,61.9,99,48.7,30.475,2.91,4.47,213,0.0,0.0,13.02,0
2024-12-25 09:19:24,60,64,61.9,99,48.7,30.478,2.68,3.36,202,0.0,0.0,14.91,0
2024-12-25 09:20:25,60,64,61.9,99,48.7,30.472,2.46,3.36,144,0.0,0.0,14.51,0
2024-12-25 09:21:26,60,64,61.9,99,48.6,30.478,2.91,4.47,155,0.0,0.0,16.46,0
2024-12-25 09:22:27,60,64,61.9,99,48.6,30.475,2.24,4.47,231,0.0,0.0,18.42,0
2024-12-25 09:23:28,60,64,61.9,99,48.6,30.475,1.12,4.47,230,0.0,0.0,18.41,0
2024-12-25 09:24:29,60,64,61.9,99,48.6,30.472,2.24,2.24,230,0.0,0.0,17.79,0
2024-12-25 09:25:30,60,64,61.9,99,48.7,30.481,2.24,3.36,243,0.0,0.0,18.33,0
2024-12-25 10:19:23,60,63,61.7,99,48.6,30.484,2.24,3.36,243,0.0,0.0,0.0,0
2024-12-25 10:20:24,60,63,61.7,99,48.6,30.487,1.79,3.36,221,0.0,0.0,0.0,0
2024-12-25 10:21:25,60,63,61.7,99,48.6,30.481,2.68,3.36,220,0.0,0.0,0.0,0
2024-12-25 10:22:26,60,63,61.7,99,48.6,30.484,2.01,3.36,222,0.0,0.0,0.0,0
2024-12-25 10:24:28,60,63,61.5,99,48.6,30.484,2.24,4.47,231,0.0,0.0,0.0,0
2024-12-25 10:25:29,60,63,61.5,99,48.6,30.484,2.91,3.36,236,0.0,0.0,0.0,0
2024-12-25 10:26:30,60,63,61.5,99,48.6,30.481,2.46,4.47,236,0.0,0.0,0.0,0
2024-12-25 10:27:31,60,63,61.3,99,48.6,30.484,2.46,3.36,227,0.0,0.0,0.0,0
2024-12-25 10:28:32,60,64,61.3,99,48.6,30.487,2.68,3.36,216,0.0,0.0,0.0,0
2024-12-25 10:29:33,60,64,61.3,99,48.6,30.487,1.57,3.36,207,0.0,0.0,0.0,0
2024-12-25 10:30:34,60,64,61.3,99,48.6,30.484,2.46,3.36,207,0.0,0.0,0.0,0
2024-12-25 10:31:35,60,64,61.3,99,48.6,30.481,2.68,3.36,206,0.0,0.0,0.0,0
2024-12-25 10:32:36,60,64,61.3,99,48.6,30.487,2.24,3.36,206,0.0,0.0,0.0,0
2024-12-25 10:33:37,60,64,61.2,99,48.6,30.481,2.24,3.36,206,0.0,0.0,0.0,0
2024-12-25 10:34:38,60,64,61.3,99,48.6,30.484,1.79,3.36,206,0.0,0.0,0.0,0
2024-12-25 10:35:39,60,64,61.3,99,48.6,30.481,1.12,3.36,208,0.0,0.0,0.0,0
2024-12-25 10:36:40,60,64,61.3,99,48.6,30.484,2.01,3.36,242,0.0,0.0,0.0,0
2024-12-25 10:37:41,60,64,61.3,99,48.6,30.484,2.24,3.36,223,0.0,0.0,0.0,0
2024-12-25 10:38:42,60,64,61.3,99,48.6,30.490,2.01,5.82,217,0.0,0.0,0.0,0
2024-12-25 10:39:43,60,64,61.5,99,48.6,30.484,3.36,5.82,206,0.0,0.0,0.0,0
2024-12-25 10:40:44,60,64,61.5,99,48.6,30.484,2.91,4.47,207,0.0,0.0,0.0,0
2024-12-25 10:41:45,60,64,61.5,99,48.6,30.484,2.91,4.47,244,0.0,0.0,0.0,0
2024-12-25 10:42:46,60,64,61.5,99,48.6,30.484,4.92,5.82,198,0.0,0.0,0.0,0
2024-12-25 10:43:47,60,64,61.7,99,48.6,30.484,3.80,5.82,220,0.0,0.0,0.0,0
2024-12-25 10:44:48,60,64,61.7,99,48.6,30.484,3.36,4.47,200,0.0,0.0,0.0,0
2024-12-25 10:45:49,60,64,61.7,99,48.6,30.484,2.24,4.47,200,0.0,0.0,0.0,0
2024-12-25 10:46:50,60,64,61.7,99,48.6,30.481,2.91,3.36,202,0.0,0.0,0.0,0
2024-12-25 10:47:51,60,64,61.7,99,48.6,30.481,3.36,3.36,191,0.0,0.0,0.0,0
2024-12-25 10:48:52,60,64,61.9,99,48.6,30.487,3.13,3.36,180,0.0,0.0,0.0,0
2024-12-25 10:49:53,60,64,61.9,99,48.6,30.487,3.13,4.47,202,0.0,0.0,0.0,0
2024-12-25 10:50:54,60,64,61.9,99,48.6,30.481,4.03,5.82,198,0.0,0.0,0.0,0
2024-12-25 10:51:55,60,64,61.9,99,48.6,30.481,3.80,6.93,166,0.0,0.0,0.0,0
2024-12-25 10:52:56,60,64,61.9,99,48.6,30.484,2.24,4.47,226,0.0,0.0,0.0,0
2024-12-25 10:53:57,60,64,61.9,99,48.6,30.487,2.24,3.36,218,0.0,0.0,0.0,0
2024-12-25 10:54:58,60,64,61.9,99,48.6,30.490,2.46,5.82,249,0.0,0.0,0.0,0
2024-12-25 10:55:59,60,64,61.9,99,48.6,30.484,1.79,5.82,231,0.0,0.0,0.0,0
2024-12-25 10:57:00,60,64,61.9,99,48.6,30.487,3.80,4.47,200,0.0,0.0,0.0,0
2024-12-25 10:58:01,60,64,62.1,99,48.6,30.487,2.46,4.47,220,0.0,0.0,0.0,0
2024-12-25 10:59:02,60,64,61.9,99,48.6,30.484,2.46,3.36,220,0.0,0.0,0.0,0
2024-12-25 11:00:03,60,64,62.1,99,48.6,30.484,3.58,4.47,221,0.0,0.0,0.0,0
2024-12-25 11:01:04,60,64,61.9,99,48.6,30.484,1.34,4.47,220,0.0,0.0,0.0,0
2024-12-25 11:02:05,60,64,62.1,99,48.6,30.487,2.24,3.36,220,0.0,0.0,0.0,0
2024-12-25 11:03:06,60,64,62.1,99,48.6,30.484,1.34,3.36,219,0.0,0.0,0.0,0
2024-12-25 11:04:07,60,64,61.9,99,48.6,30.487,3.13,3.36,235,0.0,0.0,0.0,0
2024-12-25 11:05:08,60,64,61.9,99,48.7,30.487,3.13,3.36,155,0.0,0.0,0.0,0
2024-12-25 11:06:09,60,64,61.9,99,48.7,30.490,3.80,4.47,206,0.0,0.0,0.0,0
2024-12-25 11:07:10,60,63,61.9,99,48.7,30.487,2.24,4.47,201,0.0,0.0,0.0,0
2024-12-25 11:08:11,60,63,61.9,99,48.7,30.490,3.36,3.36,196,0.0,0.0,0.0,0
2024-12-25 11:09:12,60,63,61.9,99,48.7,30.487,3.36,3.36,175,0.0,0.0,0.0,0
2024-12-25 11:10:13,60,63,61.7,99,48.7,30.490,2.46,4.47,212,0.0,0.0,0.0,0
2024-12-25 11:11:14,60,63,61.7,99,48.7,30.484,2.91,4.47,212,0.0,0.0,0.0,0
2024-12-25 11:12:15,60,64,61.7,99,48.7,30.484,3.36,4.47,152,0.0,0.0,0.0,0
2024-12-25 11:13:16,60,63,61.7,99,48.7,30.490,2.91,6.93,154,0.0,0.0,0.0,0
2024-12-25 11:14:17,60,63,61.7,99,48.7,30.487,4.03,4.47,159,0.0,0.0,0.0,0
2024-12-25 11:15:18,60,63,61.5,99,48.7,30.487,4.92,5.82,178,0.0,0.0,0.0,0
2024-12-25 11:16:19,60,63,61.5,99,48.7,30.490,2.91,5.82,178,0.0,0.0,0.0,0
2024-12-25 11:17:20,60,64,61.5,99,48.7,30.487,4.03,4.47,207,0.0,0.0,0.0,0
2024-12-25 11:18:21,60,64,61.5,99,48.7,30.490,3.13,4.47,199,0.0,0.0,0.0,0
2024-12-25 11:19:22,60,64,61.3,99,48.7,30.490,2.46,4.47,165,0.0,0.0,0.0,0
2024-12-25 11:20:23,60,64,61.3,99,48.7,30.484,3.36,4.47,218,0.0,0.0,0.0,0
2024-12-25 11:21:24,60,64,61.3,99,48.7,30.490,2.68,4.47,185,0.0,0.0,0.0,0
2024-12-25 11:22:25,60,64,61.3,99,48.7,30.484,3.80,4.47,180,0.0,0.0,0.0,0
2024-12-25 11:23:26,60,64,61.3,99,48.7,30.487,2.46,4.47,199,0.0,0.0,0.0,0
2024-12-25 11:24:27,60,64,61.5,99,48.7,30.487,1.79,4.47,198,0.0,0.0,0.0,0
2024-12-25 11:25:28,60,64,61.5,99,48.7,30.487,2.91,3.36,221,0.0,0.0,0.0,0
2024-12-25 11:26:29,60,64,61.5,99,48.7,30.493,3.58,4.47,200,0.0,0.0,0.0,0
2024-12-25 11:27:30,60,64,61.5,99,48.7,30.487,2.68,4.47,196,0.0,0.0,0.0,0
2024-12-25 11:28:31,60,64,61.5,99,48.7,30.487,3.36,3.36,199,0.0,0.0,0.0,0
2024-12-25 11:29:32,60,64,61.7,99,48.7,30.484,2.91,3.36,153,0.0,0.0,0.0,0
2024-12-25 11:30:33,60,64,61.7,99,48.7,30.487,1.34,3.36,217,0.0,0.0,0.0,0
2024-12-25 11:31:34,60,64,61.7,99,48.9,30.481,2.91,3.36,203,0.0,0.0,0.0,0
2024-12-25 11:32:35,60,64,61.7,99,48.9,30.490,2.91,4.47,180,0.0,0.0,0.0,0
2024-12-25 11:33:36,60,64,61.9,99,48.9,30.484,3.36,4.47,201,0.0,0.0,0.0,0
2024-12-25 11:34:37,60,64,61.9,99,48.9,30.487,2.91,4.47,196,0.0,0.0,0.0,0
2024-12-25 11:35:38,60,64,61.9,99,48.9,30.487,2.91,4.47,160,0.0,0.0,0.0,0
2024-12-25 11:36:39,60,64,61.9,99,48.9,30.490,3.58,4.47,148,0.0,0.0,0.0,0
2024-12-25 11:37:40,60,64,61.9,99,48.9,30.493,2.46,5.82,159,0.0,0.0,0.0,0
2024-12-25 11:38:41,60,64,61.9,99,48.9,30.484,4.70,5.82,175,0.0,0.0,0.0,0
2024-12-25 11:39:42,60,64,62.1,99,48.7,30.490,4.03,5.82,194,0.0,0.0,0.0,0
2024-12-25 11:40:43,60,64,61.9,99,48.7,30.490,6.04,6.93,192,0.0,0.0,0.0,0
2024-12-25 11:41:44,60,64,62.1,99,48.7,30.490,4.25,6.93,220,0.0,0.0,0.0,0
2024-12-25 11:42:45,60,64,62.1,99,48.7,30.487,3.36,4.47,159,0.0,0.0,0.0,0
2024-12-25 11:43:46,60,64,62.1,99,48.7,30.493,4.92,5.82,162,0.0,0.0,0.0,0
2024-12-25 11:44:47,60,64,62.1,99,48.7,30.493,3.36,5.82,178,0.0,0.0,0.0,0
2024-12-25 11:45:48,60,64,62.1,99,48.7,30.496,3.80,5.82,148,0.0,0.0,0.0,0
2024-12-25 11:46:49,60,64,62.1,99,48.7,30.496,3.80,4.47,138,0.0,0.0,0.0,0
2024-12-25 11:47:50,60,64,62.1,99,48.7,30.490,4.03,6.93,208,0.0,0.0,0.0,0
2024-12-25 11:48:51,60,64,62.1,99,48.7,30.484,3.58,6.93,150,0.0,0.0,0.0,0
2024-12-25 11:49:52,60,64,62.1,99,48.7,30.490,3.80,5.82,135,0.0,0.0,0.0,0
2024-12-25 11:50:53,60,64,62.1,99,48.7,30.490,4.70,5.82,194,0.0,0.0,0.0,0
2024-12-25 11:51:54,60,64,62.1,99,48.7,30.490,3.36,5.82,230,0.0,0.0,0.0,0
2024-12-25 11:52:55,60,64,62.1,99,48.7,30.487,2.91,6.93,203,0.0,0.0,0.0,0
2024-12-25 11:53:56,60,64,62.1,99,48.7,30.490,3.80,6.93,214,0.0,0.0,0.0,0
2024-12-25 11:54:57,60,64,61.9,99,48.7,30.490,4.92,5.82,219,0.0,0.0,0.0,0
2024-12-25 11:55:58,60,63,61.9,99,48.7,30.487,4.70,5.82,190,0.0,0.0,0.0,0
2024-12-25 11:56:59,60,63,61.9,99,48.7,30.487,3.80,5.82,210,0.0,0.0,0.0,0
2024-12-25 11:58:00,60,63,61.9,99,48.7,30.493,3.36,5.82,207,0.0,0.0,0.0,0
2024-12-25 11:59:01,60,63,61.7,99,48.7,30.490,4.70,5.82,197,0.0,0.0,0.0,0
2024-12-25 12:00:02,60,63,61.7,99,48.7,30.487,2.91,5.82,158,0.0,0.0,0.0,0
2024-12-25 12:01:03,60,63,61.7,99,48.7,30.493,3.36,5.82,231,0.0,0.0,0.0,0
2024-12-25 12:02:04,60,63,61.7,99,48.7,30.493,4.03,6.93,209,0.0,0.0,0.0,0
2024-12-25 12:03:05,60,63,61.7,99,48.7,30.487,4.92,6.93,200,0.0,0.0,0.0,0
2024-12-25 12:04:06,60,63,61.5,99,48.7,30.490,4.47,6.93,194,0.0,0.0,0.0,0
2024-12-25 12:05:07,60,64,61.5,99,48.7,30.490,5.37,6.93,200,0.0,0.0,0.0,0
2024-12-25 12:06:08,60,64,61.5,99,48.7,30.484,3.80,6.93,178,0.0,0.0,0.0,0
2024-12-25 12:07:09,60,64,61.5,99,48.6,30.484,2.91,4.47,206,0.0,0.0,0.0,0
2024-12-25 12:08:10,60,64,61.5,99,48.6,30.487,2.46,3.36,191,0.0,0.0,0.0,0
2024-12-25 12:09:11,60,64,61.5,99,48.6,30.487,2.24,3.36,215,0.0,0.0,0.0,0
2024-12-25 12:10:12,60,64,61.5,99,48.6,30.490,3.36,4.47,147,0.0,0.0,0.0,0
2024-12-25 12:11:13,60,64,61.5,99,48.6,30.484,2.91,4.47,226,0.0,0.0,0.0,0
2024-12-25 12:12:14,60,64,61.5,99,48.6,30.490,2.68,4.47,212,0.0,0.0,0.0,0
2024-12-25 12:13:15,60,64,61.5,99,48.6,30.487,3.80,4.47,209,0.0,0.0,0.0,0
2024-12-25 12:14:16,60,64,61.5,99,48.6,30.487,2.46,4.47,225,0.0,0.0,0.0,0
2024-12-25 12:15:17,60,64,61.7,99,48.6,30.496,4.92,5.82,207,0.0,0.0,0.0,0
2024-12-25 12:16:18,60,64,61.7,99,48.6,30.487,3.13,6.93,203,0.0,0.0,0.0,0
2024-12-25 12:17:19,60,64,61.7,99,48.6,30.490,4.03,5.82,154,0.0,0.0,0.0,0
2024-12-25 12:18:20,60,64,61.7,99,48.6,30.487,4.47,5.82,141,0.0,0.0,0.0,0
2024-12-25 12:19:21,60,64,61.9,99,48.6,30.484,4.03,6.93,211,0.0,0.0,0.0,0
2024-12-25 12:20:22,60,64,61.9,99,48.6,30.487,6.04,8.05,111,0.0,0.0,0.0,0
2024-12-25 12:21:23,60,64,61.9,99,48.6,30.490,4.70,8.05,223,0.0,0.0,0.0,0
2024-12-25 12:22:24,60,64,61.9,99,48.6,30.490,5.82,6.93,150,0.0,0.0,0.0,0
2024-12-25 12:23:25,60,64,61.9,99,48.6,30.484,6.93,8.05,226,0.0,0.0,0.0,0
2024-12-25 12:24:26,60,64,61.9,99,48.6,30.484,5.14,9.17,197,0.0,0.0,0.0,0
2024-12-25 12:25:27,60,64,62.1,99,48.4,30.484,5.59,9.17,212,0.0,0.0,0.0,0
2024-12-25 12:26:28,60,64,62.1,99,48.4,30.487,5.37,9.17,211,0.0,0.0,0.0,0
2024-12-25 12:27:29,60,64,62.1,99,48.4,30.490,5.82,6.93,172,0.0,0.0,0.0,0
2024-12-25 12:28:30,60,64,62.1,99,48.4,30.487,6.04,8.05,189,0.0,0.0,0.0,0
2024-12-25 12:29:31,60,64,62.1,99,48.4,30.487,5.37,8.05,190,0.0,0.0,0.0,0
2024-12-25 12:30:32,60,64,62.1,99,48.4,30.484,5.82,6.93,136,0.0,0.0,0.0,0
2024-12-25 12:31:33,60,63,62.1,99,48.4,30.481,4.92,6.93,206,0.0,0.0,0.0,0
2024-12-25 12:32:34,60,63,62.1,99,48.4,30.484,6.04,8.05,177,0.0,0.0,0.0,0
2024-12-25 12:33:35,60,63,62.1,99,48.4,30.481,6.04,8.05,251,0.0,0.0,0.0,0
2024-12-25 12:34:36,60,63,62.1,99,48.4,30.487,5.37,8.05,203,0.0,0.0,0.0,0
2024-12-25 12:35:37,60,63,62.1,98,48.4,30.481,6.04,9.17,142,0.0,0.0,0.0,0
2024-12-25 12:36:38,60,63,62.1,98,48.4,30.481,5.14,9.17,156,0.0,0.0,0.0,0
2024-12-25 12:37:39,60,63,62.1,98,48.2,30.484,5.37,8.05,159,0.0,0.0,0.0,0
2024-12-25 12:38:40,60,63,62.1,98,48.4,30.487,5.14,8.05,175,0.0,0.0,0.0,0
2024-12-25 12:39:41,60,63,62.1,98,48.4,30.487,4.47,6.93,182,0.0,0.0,0.0,0
2024-12-25 12:40:42,60,63,62.1,98,48.2,30.484,8.05,9.17,170,0.0,0.0,0.0,0
2024-12-25 12:41:43,60,63,61.9,98,48.2,30.484,5.14,9.17,189,0.0,0.0,0.0,0
2024-12-25 12:42:44,60,63,61.9,98,48.2,30.484,3.80,9.17,225,0.0,0.0,0.0,0
2024-12-25 12:43:45,60,63,61.9,98,48.2,30.484,3.36,6.93,189,0.0,0.0,0.0,0
2024-12-25 12:44:46,60,63,61.9,98,48.2,30.484,4.92,6.93,233,0.0,0.0,0.0,0
2024-12-25 12:45:47,60,63,61.7,98,48.2,30.487,6.04,6.93,211,0.0,0.0,0.0,0
2024-12-25 12:46:48,60,63,61.7,98,48.2,30.487,6.93,9.17,179,0.0,0.0,0.0,0
2024-12-25 12:47:49,60,63,61.7,98,48.2,30.484,6.49,9.17,193,0.0,0.0,0.0,0
2024-12-25 12:48:50,60,63,61.5,98,48.2,30.484,6.93,11.41,168,0.0,0.0,0.0,0
2024-12-25 12:49:51,60,63,61.5,98,48.2,30.478,5.59,11.41,190,0.0,0.0,0.0,0
2024-12-25 12:50:52,60,63,61.5,98,48.4,30.481,6.49,8.05,247,0.0,0.0,0.0,0
2024-12-25 12:51:53,60,63,61.3,98,48.4,30.481,3.36,8.05,199,0.0,0.0,0.0,0
2024-12-25 12:52:54,60,63,61.5,98,48.4,30.481,6.26,8.05,266,0.0,0.0,0.0,0
2024-12-25 12:53:55,60,63,61.3,98,48.4,30.484,4.92,8.05,249,0.0,0.0,0.0,0
2024-12-25 12:54:56,60,63,61.3,98,48.4,30.487,3.58,6.93,208,0.0,0.0,0.0,0
2024-12-25 12:55:57,60,63,61.3,98,48.4,30.484,4.47,5.82,207,0.0,0.0,0.0,0
2024-12-25 12:56:58,60,63,61.3,98,48.4,30.478,4.47,6.93,235,0.0,0.0,0.0,0
2024-12-25 12:57:59,60,64,61.3,98,48.4,30.484,4.03,9.17,210,0.0,0.0,0.0,0
2024-12-25 12:59:00,60,64,61.5,98,48.4,30.481,3.36,9.17,239,0.0,0.0,0.0,0
2024-12-25 13:00:01,60,64,61.5,98,48.4,30.484,1.34,4.47,173,0.0,0.0,0.0,0
2024-12-25 13:01:02,60,64,61.5,98,48.6,30.481,5.14,6.93,253,0.0,0.0,0.0,0
2024-12-25 13:02:03,60,64,61.7,97,48.6,30.481,3.80,6.93,216,0.0,0.0,0.0,0
2024-12-25 13:03:04,60,64,61.9,97,48.6,30.481,5.82,8.05,171,0.0,0.0,0.0,0
2024-12-25 13:04:05,60,64,61.9,97,48.6,30.487,7.61,9.17,260,0.0,0.0,0.0,0
2024-12-25 13:05:06,60,64,62.1,97,48.6,30.484,8.50,10.29,246,0.0,0.0,0.0,0
2024-12-25 13:06:07,60,64,62.2,97,48.6,30.484,4.03,10.29,230,0.0,0.0,0.0,0
2024-12-25 13:07:08,60,64,62.2,97,48.6,30.487,3.80,6.93,176,0.0,0.0,0.0,0
2024-12-25 13:08:09,60,64,62.4,97,48.6,30.481,4.47,6.93,232,0.0,0.0,0.0,0
2024-12-25 13:09:10,60,64,62.4,97,48.6,30.484,2.91,6.93,199,0.0,0.0,0.0,0
2024-12-25 13:10:11,60,64,62.6,97,48.6,30.484,5.37,6.93,195,0.0,0.0,0.0,0
2024-12-25 13:11:12,60,64,62.6,97,48.6,30.481,6.93,9.17,236,0.0,0.0,0.0,0
2024-12-25 13:12:13,60,64,62.8,97,48.6,30.484,3.80,9.17,183,0.0,0.0,0.0,0
2024-12-25 13:13:14,60,64,63.0,97,48.6,30.481,4.92,8.05,170,0.0,0.0,0.0,0
2024-12-25 13:14:15,60,64,63.0,97,48.4,30.481,7.61,8.05,202,0.0,0.0,0.0,0
2024-12-25 13:15:16,60,64,63.0,97,48.4,30.478,5.14,9.17,180,0.0,0.0,0.0,0
2024-12-25 13:16:17,60,64,63.1,97,48.4,30.481,6.04,8.05,248,0.0,0.0,0.0,0
2024-12-25 13:17:18,60,63,63.1,97,48.4,30.484,4.70,8.05,146,0.0,0.0,0.0,0
2024-12-25 13:18:19,60,63,63.1,97,48.4,30.481,7.16,8.05,190,0.0,0.0,0.0,0
2024-12-25 13:19:20,60,63,63.1,97,48.4,30.481,3.36,8.05,221,0.0,0.0,0.0,0
2024-12-25 13:20:21,60,63,63.1,97,48.4,30.481,3.58,6.93,149,0.0,0.0,0.0,0
2024-12-25 13:21:22,60,63,63.1,97,48.4,30.481,6.26,8.05,178,0.0,0.0,0.0,0
2024-12-25 13:22:23,60,63,63.1,97,48.4,30.481,3.36,8.05,184,0.0,0.0,0.0,0
2024-12-25 13:23:24,60,63,63.3,97,48.4,30.484,6.49,6.93,190,0.0,0.0,0.0,0
2024-12-25 13:24:25,60,63,63.1,97,48.4,30.487,4.92,9.17,218,0.0,0.0,0.0,0
2024-12-25 13:25:26,60,63,63.1,97,48.4,30.487,5.82,9.17,225,0.0,0.0,0.0,0
2024-12-25 13:26:27,60,63,63.1,97,48.4,30.484,4.92,8.05,216,0.0,0.0,0.0,0
2024-12-25 13:27:28,60,63,63.1,97,48.4,30.490,5.59,8.05,195,0.0,0.0,0.0,0
2024-12-25 13:28:29,60,63,63.0,97,48.2,30.484,3.80,6.93,217,0.0,0.0,0.0,0
2024-12-25 13:29:30,60,63,63.0,97,48.4,30.481,4.92,6.93,169,0.0,0.0,0.0,0
2024-12-25 13:30:31,60,63,63.0,97,48.4,30.484,4.92,6.93,182,0.0,0.0,0.0,0
2024-12-25 13:31:32,60,63,62.8,97,48.4,30.481,4.03,6.93,210,0.0,0.0,0.0,0
2024-12-25 13:32:33,60,63,62.8,97,48.2,30.481,4.92,5.82,143,0.0,0.0,0.0,0
2024-12-25 13:33:34,60,63,62.8,97,48.2,30.484,3.58,5.82,256,0.0,0.0,0.0,0
2024-12-25 13:34:35,60,63,62.6,97,48.2,30.481,4.47,6.93,192,0.0,0.0,0.0,0
2024-12-25 13:35:36,60,64,62.6,97,48.2,30.484,4.47,6.93,243,0.0,0.0,0.0,0
2024-12-25 13:36:37,60,64,62.6,97,48.2,30.481,7.38,9.17,199,0.0,0.0,0.0,0
2024-12-25 13:37:38,60,64,62.6,97,48.2,30.481,4.47,9.17,198,0.0,0.0,0.0,0
2024-12-25 13:38:39,60,64,62.6,97,48.2,30.484,5.37,9.17,206,0.0,0.0,0.0,0
2024-12-25 13:39:40,60,64,62.6,97,48.2,30.487,4.92,6.93,223,0.0,0.0,0.0,0
2024-12-25 13:40:41,60,64,62.6,97,48.2,30.481,3.36,6.93,152,0.0,0.0,0.0,0
2024-12-25 13:41:42,60,64,62.6,97,48.2,30.481,3.80,6.93,175,0.0,0.0,0.0,0
2024-12-25 13:42:43,60,64,62.8,97,48.2,30.481,2.68,6.93,204,0.0,0.0,0.0,0
2024-12-25 13:43:44,60,64,62.8,97,48.2,30.484,4.03,6.93,202,0.0,0.0,0.0,0
2024-12-25 13:44:45,60,64,62.8,97,48.2,30.484,2.46,8.05,170,0.0,0.0,0.0,0
2024-12-25 13:45:46,60,64,63.0,97,48.4,30.484,4.47,8.05,252,0.0,0.0,0.0,0
2024-12-25 13:46:47,60,64,63.0,97,48.4,30.484,5.82,6.93,160,0.0,0.0,0.0,0
2024-12-25 13:47:48,60,64,63.1,97,48.4,30.481,3.36,6.93,202,0.0,0.0,0.0,0
2024-12-25 13:48:49,60,64,63.1,97,48.2,30.481,2.68,4.47,221,0.0,0.0,0.0,0
2024-12-25 13:49:50,60,64,63.3,97,48.2,30.487,2.91,4.47,239,0.0,0.0,0.0,0
2024-12-25 13:50:51,60,63,63.3,97,48.4,30.484,5.37,6.93,142,0.0,0.0,0.0,0
2024-12-25 13:51:52,60,63,63.5,97,48.2,30.481,2.68,6.93,193,0.0,0.0,0.0,0
2024-12-25 13:52:53,60,63,63.5,97,48.2,30.478,4.92,6.93,183,0.0,0.0,0.0,0
2024-12-25 13:53:54,60,63,63.5,97,48.2,30.484,3.58,6.93,153,0.0,0.0,0.0,0
2024-12-25 13:54:55,60,63,63.5,97,48.2,30.487,3.58,8.05,200,0.0,0.0,0.0,0
2024-12-25 13:55:56,60,63,63.7,97,48.2,30.484,3.80,8.05,186,0.0,0.0,0.0,0
2024-12-25 13:56:57,60,63,63.7,97,48.2,30.484,3.80,5.82,163,0.0,0.0,0.0,0
2024-12-25 13:57:58,60,63,63.7,97,48.2,30.478,4.70,6.93,185,0.0,0.0,0.0,0
2024-12-25 13:58:59,60,63,63.7,97,48.2,30.487,3.80,6.93,221,0.0,0.0,0.0,0
2024-12-25 14:00:00,60,63,63.7,97,48.2,30.484,5.59,5.82,218,0.0,0.0,0.0,0
2024-12-25 14:01:01,60,63,63.9,97,48.2,30.484,3.80,5.82,173,0.0,0.0,0.0,0
2024-12-25 14:02:02,60,63,63.9,97,48.2,30.484,3.13,5.82,171,0.0,0.0,0.0,0
2024-12-25 14:03:03,60,63,63.9,97,48.2,30.478,2.24,5.82,178,0.0,0.0,0.0,0
2024-12-25 14:04:04,60,63,63.9,97,48.2,30.484,4.03,6.93,144,0.0,0.0,0.0,0
2024-12-25 14:05:05,60,63,63.9,97,48.2,30.481,2.91,6.93,137,0.0,0.0,0.0,0
2024-12-25 14:06:06,60,62,63.9,97,48.2,30.481,4.47,6.93,216,0.0,0.0,0.0,0
2024-12-25 14:07:07,60,62,63.9,97,48.2,30.484,3.36,6.93,224,0.0,0.0,0.0,0
2024-12-25 14:08:08,60,62,63.9,97,48.2,30.484,5.14,6.93,201,0.0,0.0,0.0,0
2024-12-25 14:09:09,60,62,63.9,97,48.2,30.481,4.70,8.05,224,0.0,0.0,0.0,0
2024-12-25 14:10:10,60,62,63.9,97,48.2,30.487,2.68,8.05,227,0.0,0.0,0.0,0
2024-12-25 14:11:11,60,62,63.9,97,48.2,30.487,3.80,5.82,233,0.0,0.0,0.0,0
2024-12-25 14:12:12,60,62,63.9,97,48.2,30.487,3.58,6.93,226,0.0,0.0,0.0,0
2024-12-25 14:13:13,60,62,63.9,97,48.2,30.481,3.13,9.17,118,0.0,0.0,0.0,0
2024-12-25 14:14:14,60,62,63.9,97,48.2,30.481,3.58,6.93,226,0.0,0.0,0.0,0
2024-12-25 14:15:15,60,62,63.9,97,48.2,30.487,5.37,9.17,207,0.0,0.0,0.0,0
2024-12-25 14:16:16,60,62,63.7,97,48.2,30.481,4.03,6.93,190,0.0,0.0,0.0,0
2024-12-25 14:17:17,60,62,63.7,97,48.2,30.481,2.01,5.82,233,0.0,0.0,0.0,0
2024-12-25 14:18:18,60,62,63.7,97,48.2,30.484,2.91,5.82,156,0.0,0.0,0.0,0
2024-12-25 14:19:19,60,62,63.7,97,48.2,30.484,8.28,10.29,139,0.0,0.0,0.0,0
2024-12-25 14:20:20,60,62,63.5,97,48.2,30.484,3.80,10.29,135,0.0,0.0,0.0,0
2024-12-25 14:21:21,60,62,63.5,97,48.2,30.484,5.37,6.93,263,0.0,0.0,0.0,0
2024-12-25 14:22:22,60,62,63.5,97,48.2,30.487,8.95,10.29,245,0.0,0.0,0.0,0
2024-12-25 14:23:23,60,62,63.3,97,48.2,30.484,6.49,10.29,240,0.0,0.0,0.0,0
2024-12-25 14:24:24,60,63,63.3,96,48.2,30.487,4.70,8.05,232,0.0,0.0,0.0,0
2024-12-25 14:25:25,60,63,63.3,96,48.2,30.484,4.03,8.05,262,0.0,0.0,0.0,0
2024-12-25 14:26:26,60,63,63.3,96,48.2,30.481,4.92,8.05,220,0.0,0.0,0.0,0
2024-12-25 14:27:27,60,63,63.1,96,48.2,30.493,3.80,5.82,215,0.0,0.0,0.0,0
2024-12-25 14:28:28,60,63,63.1,96,48.4,30.484,3.80,4.47,110,0.0,0.0,0.0,0
2024-12-25 14:29:29,60,63,63.1,96,48.4,30.490,2.24,4.47,246,0.0,0.0,0.0,0
2024-12-25 14:30:30,60,63,63.1,96,48.4,30.487,3.58,5.82,185,0.0,0.0,0.0,0
2024-12-25 14:31:31,60,64,63.1,96,48.4,30.487,2.91,5.82,211,0.0,0.0,0.0,0
2024-12-25 14:32:32,60,65,63.1,96,48.4,30.493,2.91,5.82,218,0.0,0.0,0.0,0
2024-12-25 14:33:33,60,66,63.1,96,48.4,30.484,4.25,6.93,189,0.0,0.0,0.0,0
2024-12-25 14:34:34,60,66,63.1,96,48.4,30.490,3.80,6.93,210,0.0,0.0,0.0,0
2024-12-25 14:35:35,60,66,63.3,96,48.4,30.493,4.47,5.82,223,0.0,0.0,0.0,0
2024-12-25 14:36:36,60,66,63.3,96,48.2,30.490,4.03,8.05,203,0.0,0.0,0.0,0
2024-12-25 14:37:37,60,66,63.5,96,48.2,30.493,5.14,9.17,184,0.0,0.0,0.0,0
2024-12-25 14:38:38,60,65,63.5,96,48.2,30.487,5.82,9.17,173,0.0,0.0,0.0,0
2024-12-25 14:39:39,60,65,63.5,96,48.2,30.490,5.37,9.17,213,0.0,0.0,0.0,0
2024-12-25 14:40:40,60,65,63.5,96,48.4,30.496,3.80,8.05,119,0.0,0.0,0.0,0
2024-12-25 14:41:41,60,65,63.5,96,48.4,30.493,5.37,8.05,224,0.0,0.0,0.0,0
2024-12-25 14:42:42,60,65,63.7,96,48.4,30.490,7.61,8.05,190,0.0,0.0,0.0,0
2024-12-25 14:43:43,60,65,63.5,96,48.4,30.490,3.13,8.05,228,0.0,0.0,0.0,0
2024-12-25 14:44:44,60,65,63.5,96,48.4,30.487,5.82,8.05,185,0.0,0.0,0.0,0
2024-12-25 14:45:45,60,65,63.5,96,48.4,30.484,4.47,8.05,198,0.0,0.0,0.0,0
2024-12-25 14:46:46,60,65,63.5,96,48.4,30.484,6.04,8.05,180,0.0,0.0,0.0,0
2024-12-25 14:47:47,60,65,63.3,96,48.4,30.490,5.82,8.05,194,0.0,0.0,0.0,0
2024-12-25 14:48:48,60,65,63.3,96,48.4,30.490,4.92,10.29,241,0.0,0.0,0.0,0
2024-12-25 14:49:49,60,65,63.1,96,48.4,30.493,5.82,10.29,187,0.0,0.0,0.0,0
2024-12-25 14:50:50,60,65,63.1,96,48.2,30.493,6.49,8.05,188,0.0,0.0,0.0,0
2024-12-25 14:51:51,60,65,63.1,96,48.2,30.490,6.04,9.17,181,0.0,0.0,0.0,0
2024-12-25 14:52:52,60,65,63.0,96,48.2,30.496,6.26,6.93,173,0.0,0.0,0.0,0
2024-12-25 14:53:53,60,65,63.0,96,48.2,30.496,4.70,8.05,196,0.0,0.0,0.0,0
2024-12-25 14:54:54,60,64,63.0,96,48.2,30.493,4.92,8.05,156,0.0,0.0,0.0,0
2024-12-25 14:55:55,60,64,62.8,96,48.4,30.493,4.92,8.05,242,0.0,0.0,0.0,0
2024-12-25 14:56:56,60,64,62.8,96,48.4,30.493,4.25,6.93,194,0.0,0.0,0.0,0
2024-12-25 14:57:57,60,64,62.8,96,48.4,30.496,4.47,5.82,178,0.0,0.0,0.0,0
2024-12-25 14:58:58,60,64,62.6,96,48.4,30.496,5.82,10.29,179,0.0,0.0,0.0,0
2024-12-25 14:59:59,60,64,62.6,96,48.4,30.490,7.38,10.29,182,0.0,0.0,0.0,0
2024-12-25 15:01:00,60,64,62.6,96,48.4,30.496,4.47,8.05,193,0.0,0.0,0.0,0
2024-12-25 15:02:01,60,64,62.6,96,48.4,30.496,4.70,5.82,157,0.0,0.0,0.0,0
2024-12-25 15:03:02,60,64,62.4,96,48.4,30.499,5.59,6.93,209,0.0,0.0,0.0,0
2024-12-25 15:04:03,60,64,62.4,96,48.4,30.499,3.36,6.93,213,0.0,0.0,0.0,0
2024-12-25 15:05:04,60,64,62.2,96,48.4,30.496,2.24,6.93,223,0.0,0.0,0.0,0
2024-12-25 15:06:05,60,64,62.2,96,48.4,30.499,5.14,6.93,209,0.0,0.0,0.0,0
2024-12-25 15:07:06,60,64,62.2,96,48.4,30.496,4.47,6.93,198,0.0,0.0,0.0,0
2024-12-25 15:08:07,60,64,62.1,96,48.4,30.499,5.14,6.93,180,0.0,0.0,0.0,0
2024-12-25 15:09:08,60,64,62.1,96,48.4,30.499,2.68,5.82,226,0.0,0.0,0.0,0
2024-12-25 15:10:09,60,64,62.1,96,48.4,30.499,5.37,5.82,192,0.0,0.0,0.0,0
2024-12-25 15:11:10,60,64,61.9,96,48.4,30.499,4.92,8.05,167,0.0,0.0,0.0,0
2024-12-25 15:12:11,60,64,61.9,96,48.4,30.496,4.03,8.05,96,0.0,0.0,0.0,0
2024-12-25 15:13:12,60,64,61.9,96,48.4,30.493,4.03,8.05,263,0.0,0.0,0.0,0
2024-12-25 15:14:13,60,64,61.9,96,48.4,30.504,4.92,5.82,198,0.0,0.0,0.0,0
2024-12-25 15:15:14,60,65,61.7,96,48.4,30.502,3.80,5.82,264,0.0,0.0,0.0,0
2024-12-25 15:16:15,60,65,61.7,96,48.4,30.496,4.92,6.93,212,0.0,0.0,0.0,0
2024-12-25 15:17:16,60,65,61.7,96,48.4,30.496,5.37,8.05,235,0.0,0.0,0.0,0
2024-12-25 15:18:17,60,65,61.7,96,48.4,30.493,6.93,8.05,252,0.0,0.0,0.0,0
2024-12-25 15:19:18,60,65,61.5,96,48.4,30.499,4.70,9.17,223,0.0,0.0,0.0,0
2024-12-25 15:20:19,60,66,61.5,96,48.4,30.499,5.37,9.17,234,0.0,0.0,0.0,0
2024-12-25 15:21:20,60,66,61.5,96,48.4,30.493,4.47,6.93,239,0.0,0.0,0.0,0
2024-12-25 15:22:21,60,66,61.5,96,48.4,30.499,4.03,8.05,227,0.0,0.0,0.0,0
2024-12-25 15:23:22,60,66,61.5,96,48.4,30.496,3.80,8.05,241,0.0,0.0,0.0,0
2024-12-25 15:24:23,60,66,61.3,96,48.4,30.493,3.80,5.82,271,0.0,0.0,0.0,0
2024-12-25 15:25:24,60,66,61.3,96,48.4,30.493,1.79,4.47,245,0.0,0.0,0.0,0
2024-12-25 15:26:25,60,66,61.3,96,48.4,30.490,5.37,8.05,266,0.0,0.0,0.0,0
2024-12-25 15:27:26,60,66,61.3,96,48.4,30.493,6.04,8.05,178,0.0,0.0,0.0,0
2024-12-25 15:28:27,60,67,61.3,96,48.4,30.493,2.68,8.05,246,0.0,0.0,0.0,0
2024-12-25 15:29:28,60,67,61.2,97,48.4,30.499,2.24,3.36,146,0.0,0.0,0.0,0
2024-12-25 15:30:29,60,67,61.2,97,48.4,30.496,0.89,3.36,212,0.0,0.0,0.0,0
2024-12-25 15:31:30,60,67,61.2,97,48.4,30.493,3.58,4.47,145,0.0,0.0,0.0,0
2024-12-25 15:32:31,60,67,61.2,97,48.4,30.493,2.24,4.47,233,0.0,0.0,0.0,0
2024-12-25 15:33:32,60,67,61.2,97,48.4,30.496,3.80,4.47,257,0.0,0.0,0.0,0
2024-12-25 16:24:22,60,65,62.4,96,48.6,30.510,5.59,8.05,276,0.0,0.0,0.0,0
2024-12-25 16:25:23,60,65,62.4,96,48.6,30.510,4.92,8.05,246,0.0,0.0,0.0,0
2024-12-25 16:26:24,60,65,62.2,96,48.6,30.507,2.91,6.93,223,0.0,0.0,0.0,0
2024-12-25 16:27:25,60,65,62.2,96,48.6,30.502,2.68,5.82,212,0.0,0.0,0.0,0
2024-12-25 16:28:26,60,65,62.1,96,48.6,30.507,4.25,5.82,248,0.0,0.0,0.0,0
2024-12-25 16:31:29,60,65,62.1,96,48.6,30.504,4.03,6.93,249,0.0,0.0,0.0,0
2024-12-25 16:32:30,60,65,62.1,96,48.6,30.507,4.70,5.82,249,0.0,0.0,0.0,0
2024-12-25 16:33:31,60,65,61.9,96,48.6,30.507,5.37,8.05,250,0.0,0.0,0.0,0
2024-12-25 16:34:32,60,65,61.9,96,48.6,30.507,3.80,8.05,260,0.0,0.0,0.0,0
2024-12-25 16:35:33,60,65,61.9,96,48.6,30.507,3.80,6.93,218,0.0,0.0,0.0,0
2024-12-25 16:36:34,60,65,61.9,96,48.6,30.507,3.58,6.93,253,0.0,0.0,0.0,0
2024-12-25 16:37:35,60,65,61.7,96,48.6,30.507,4.70,9.17,207,0.0,0.0,0.0,0
2024-12-25 16:38:36,60,65,61.7,96,48.6,30.504,3.80,9.17,263,0.0,0.0,0.0,0
2024-12-25 16:39:37,60,65,61.7,96,48.6,30.507,2.91,5.82,197,0.0,0.0,0.0,0
2024-12-25 16:40:38,60,65,61.7,96,48.6,30.510,8.05,9.17,250,0.0,0.0,0.0,0
2024-12-25 16:41:39,60,65,61.5,96,48.6,30.516,5.37,9.17,220,0.0,0.0,0.0,0
2024-12-25 16:42:40,60,65,61.5,96,48.6,30.510,6.04,9.17,242,0.0,0.0,0.0,0
2024-12-25 16:43:41,60,65,61.5,96,48.6,30.507,6.04,9.17,248,0.0,0.0,0.0,0
2024-12-25 16:44:42,60,65,61.5,96,48.6,30.507,4.03,8.05,230,0.0,0.0,0.0,0
2024-12-25 16:45:43,60,65,61.3,96,48.6,30.516,5.37,8.05,204,0.0,0.0,0.0,0
2024-12-25 16:46:44,60,65,61.3,96,48.6,30.513,6.04,8.05,234,0.0,0.0,0.0,0
2024-12-25 16:47:45,60,65,61.3,96,48.6,30.510,7.61,11.41,203,0.0,0.0,0.0,0
2024-12-25 16:48:46,60,65,61.3,96,48.6,30.510,6.93,10.29,213,0.0,0.0,0.0,0
2024-12-25 16:49:47,60,65,61.2,96,48.7,30.513,4.03,9.17,222,0.0,0.0,0.0,0
2024-12-25 16:50:48,60,65,61.2,96,48.7,30.513,8.05,10.29,214,0.0,0.0,0.0,0
2024-12-25 16:51:49,60,65,61.2,96,48.7,30.516,5.37,10.29,218,0.0,0.0,0.0,0
2024-12-25 16:52:50,60,65,61.2,96,48.7,30.519,4.47,8.05,211,0.0,0.0,0.0,0
2024-12-25 16:53:51,60,65,61.0,96,48.7,30.510,5.37,6.93,208,0.0,0.0,0.0,0
2024-12-25 16:54:52,60,65,61.0,96,48.7,30.513,6.26,8.05,152,0.0,0.0,0.0,0
2024-12-25 16:55:53,60,65,61.0,96,48.7,30.513,4.92,8.05,172,0.0,0.0,0.0,0
2024-12-25 16:56:54,60,65,61.0,96,48.7,30.516,3.58,8.05,244,0.0,0.0,0.0,0
2024-12-25 16:57:55,60,65,60.8,96,48.7,30.510,2.91,6.93,227,0.0,0.0,0.0,0
2024-12-25 16:58:56,60,65,60.8,96,48.7,30.513,4.03,6.93,212,0.0,0.0,0.0,0
2024-12-25 16:59:57,60,65,60.8,96,48.7,30.516,4.92,9.17,164,0.0,0.0,0.0,0
2024-12-25 17:00:58,60,65,60.8,96,48.7,30.513,5.37,6.93,173,0.0,0.0,0.0,0
2024-12-25 17:01:59,60,65,60.6,95,48.7,30.510,4.92,5.82,163,0.0,0.0,0.0,0
2024-12-25 17:03:00,60,65,60.6,95,48.7,30.510,6.49,8.05,187,0.0,0.0,0.0,0
2024-12-25 17:04:01,60,65,60.6,95,48.6,30.513,4.47,8.05,212,0.0,0.0,0.0,0
2024-12-25 17:05:02,60,65,60.6,96,48.6,30.513,3.58,8.05,203,0.0,0.0,0.0,0
2024-12-25 17:06:03,60,65,60.6,96,48.6,30.507,3.80,5.82,163,0.0,0.0,0.0,0
2024-12-25 17:07:04,60,65,60.4,96,48.6,30.510,2.91,5.82,225,0.0,0.0,0.0,0
2024-12-25 17:08:05,60,65,60.4,96,48.6,30.504,3.80,4.47,213,0.0,0.0,0.0,0
2024-12-25 17:09:06,60,65,60.4,96,48.6,30.510,6.49,8.05,210,0.0,0.0,0.0,0
2024-12-25 17:10:07,60,65,60.4,96,48.6,30.510,5.82,8.05,209,0.0,0.0,0.0,0
2024-12-25 17:11:08,60,65,60.4,96,48.6,30.510,2.46,8.05,212,0.0,0.0,0.0,0
2024-12-25 17:12:09,60,65,60.3,96,48.6,30.507,4.47,6.93,162,0.0,0.0,0.0,0
2024-12-25 17:13:10,60,65,60.3,96,48.6,30.513,2.46,6.93,209,0.0,0.0,0.0,0
2024-12-25 17:14:11,60,65,60.3,96,48.6,30.507,3.58,4.47,217,0.0,0.0,0.0,0
2024-12-25 17:15:12,60,65,60.3,96,48.6,30.513,2.68,4.47,193,0.0,0.0,0.0,0
2024-12-25 17:16:13,60,66,60.3,96,48.6,30.513,3.80,4.47,152,0.0,0.0,0.0,0
2024-12-25 17:17:14,60,66,60.3,96,48.6,30.516,4.70,5.82,188,0.0,0.0,0.0,0
2024-12-25 17:18:15,60,66,60.4,96,48.6,30.510,4.47,5.82,191,0.0,0.0,0.0,0
2024-12-25 17:19:16,60,66,60.4,96,48.6,30.513,2.24,5.82,187,0.0,0.0,0.0,0
2024-12-25 17:20:17,60,66,60.4,96,48.6,30.510,2.24,5.82,169,0.0,0.0,0.0,0
2024-12-25 17:21:18,60,66,60.6,96,48.4,30.510,5.82,6.93,187,0.0,0.0,0.0,0
2024-12-25 17:22:19,60,66,60.8,96,48.4,30.507,4.47,6.93,229,0.0,0.0,0.0,0
2024-12-25 17:23:20,60,66,60.8,96,48.4,30.513,5.37,6.93,223,0.0,0.0,0.0,0
2024-12-25 17:24:21,60,66,61.0,96,48.4,30.507,4.25,6.93,186,0.0,0.0,0.0,0
2024-12-25 17:25:22,60,66,61.2,96,48.4,30.507,4.47,6.93,211,0.0,0.0,0.0,0
2024-12-25 17:26:23,60,66,61.3,96,48.4,30.507,3.80,6.93,194,0.0,0.0,0.0,0
2024-12-25 17:27:24,60,66,61.3,96,48.4,30.507,3.58,5.82,205,0.0,0.0,0.0,0
2024-12-25 17:28:25,60,65,61.5,96,48.4,30.507,2.46,5.82,199,0.0,0.0,0.0,0
2024-12-25 17:29:26,60,65,61.5,96,48.4,30.510,3.36,4.47,151,0.0,0.0,0.0,0
2024-12-25 17:30:27,60,65,61.7,96,48.4,30.513,2.46,4.47,233,0.0,0.0,0.0,0
2024-12-25 17:31:28,60,65,61.7,96,48.4,30.510,3.58,5.82,189,0.0,0.0,0.0,0
2024-12-25 17:32:29,60,65,61.7,96,48.4,30.507,3.36,5.82,212,0.0,0.0,0.0,0
2024-12-25 17:33:30,60,65,61.9,96,48.4,30.510,3.80,4.47,155,0.0,0.0,0.0,0
2024-12-25 17:34:31,60,64,61.9,96,48.4,30.507,4.47,5.82,220,0.0,0.0,0.0,0
2024-12-25 17:35:32,60,64,61.9,96,48.4,30.513,5.59,8.05,225,0.0,0.0,0.0,0
2024-12-25 17:36:33,60,64,61.9,96,48.4,30.504,5.37,9.17,153,0.0,0.0,0.0,0
2024-12-25 17:37:34,60,64,61.9,96,48.4,30.504,9.17,11.41,261,0.0,0.0,0.0,0
2024-12-25 17:38:35,60,64,61.9,96,48.4,30.507,6.04,11.41,172,0.0,0.0,0.0,0
2024-12-25 17:39:36,60,64,61.7,96,48.4,30.510,4.47,9.17,220,0.0,0.0,0.0,0
2024-12-25 17:40:37,60,64,61.7,96,48.6,30.513,3.80,9.17,249,0.0,0.0,0.0,0
2024-12-25 17:41:38,60,64,61.7,96,48.6,30.507,5.59,6.93,184,0.0,0.0,0.0,0
2024-12-25 17:42:39,60,64,61.7,96,48.6,30.513,3.80,8.05,204,0.0,0.0,0.0,0
2024-12-25 17:43:40,60,64,61.5,96,48.6,30.513,8.28,10.29,300,0.0,0.0,0.0,0
2024-12-25 17:44:41,60,64,61.5,96,48.6,30.510,4.25,10.29,250,0.0,0.0,0.0,0
2024-12-25 17:45:42,60,64,61.5,96,48.6,30.513,5.82,10.29,264,0.0,0.0,0.0,0
2024-12-25 17:46:43,60,64,61.5,96,48.6,30.513,8.50,9.17,162,0.0,0.0,0.0,0
2024-12-25 17:47:44,60,64,61.5,95,48.6,30.510,7.16,9.17,207,0.0,0.0,0.0,0
2024-12-25 17:48:45,60,64,61.3,95,48.6,30.510,6.49,9.17,211,0.0,0.0,0.0,0
2024-12-25 17:49:46,60,64,61.3,95,48.6,30.507,6.93,9.17,249,0.0,0.0,0.0,0
2024-12-25 17:50:47,60,64,61.3,95,48.6,30.507,4.70,9.17,158,0.0,0.0,0.0,0
2024-12-25 17:51:48,60,64,61.2,95,48.6,30.510,5.37,9.17,129,0.0,0.0,0.0,0
2024-12-25 17:52:49,60,64,61.2,95,48.6,30.510,6.04,9.17,217,0.0,0.0,0.0,0
2024-12-25 17:53:50,60,64,61.2,95,48.6,30.510,6.49,8.05,196,0.0,0.0,0.0,0
2024-12-25 17:54:51,60,64,61.0,96,48.6,30.510,6.26,8.05,205,0.0,0.0,0.0,0
2024-12-25 17:55:52,60,64,61.0,96,48.6,30.507,6.93,8.05,185,0.0,0.0,0.0,0
2024-12-25 17:56:53,60,64,61.0,96,48.6,30.507,3.80,8.05,209,0.0,0.0,0.0,0
2024-12-25 17:57:54,60,64,61.0,96,48.6,30.510,3.36,9.17,220,0.0,0.0,0.0,0
2024-12-25 17:58:55,60,64,61.0,96,48.6,30.507,4.70,9.17,193,0.0,0.0,0.0,0
2024-12-25 17:59:56,60,64,60.8,96,48.6,30.510,3.80,8.05,221,0.0,0.0,0.0,0
2024-12-25 18:00:57,60,64,60.8,96,48.6,30.507,3.13,8.05,189,0.0,0.0,0.0,0
2024-12-25 18:01:58,60,64,60.8,96,48.6,30.507,4.03,5.82,228,0.0,0.0,0.0,0
2024-12-25 18:02:59,60,64,60.8,96,48.6,30.507,5.59,6.93,255,0.0,0.0,0.0,0
2024-12-25 18:04:00,60,64,60.8,96,48.6,30.507,6.93,9.17,249,0.0,0.0,0.0,0
2024-12-25 18:05:01,60,64,60.8,96,48.6,30.507,4.92,10.29,237,0.0,0.0,0.0,0
2024-12-25 18:06:02,60,64,60.8,96,48.4,30.513,4.25,10.29,234,0.0,0.0,0.0,0
2024-12-25 18:07:03,60,64,60.8,96,48.4,30.510,4.03,8.05,205,0.0,0.0,0.0,0
2024-12-25 18:08:04,60,64,60.6,96,48.4,30.510,3.36,4.47,172,0.0,0.0,0.0,0
2024-12-25 18:09:05,60,64,60.6,96,48.4,30.510,6.93,8.05,223,0.0,0.0,0.0,0
2024-12-25 18:10:06,60,64,60.6,96,48.4,30.510,4.03,8.05,201,0.0,0.0,0.0,0
2024-12-25 18:11:07,60,64,60.6,96,48.4,30.510,5.82,8.05,165,0.0,0.0,0.0,0
2024-12-25 18:12:08,60,64,60.6,96,48.4,30.513,6.71,9.17,262,0.0,0.0,0.0,0
2024-12-25 18:13:09,60,64,60.6,96,48.4,30.513,4.92,9.17,225,0.0,0.0,0.0,0
2024-12-25 18:14:10,60,64,60.4,96,48.4,30.513,7.38,8.05,213,0.0,0.0,0.0,0
2024-12-25 18:15:11,60,64,60.4,96,48.4,30.516,4.03,8.05,195,0.0,0.0,0.0,0
2024-12-25 18:16:12,60,64,60.4,96,48.4,30.510,3.36,5.82,141,0.0,0.0,0.0,0
2024-12-25 18:17:13,60,64,60.4,96,48.4,30.516,4.92,5.82,214,0.0,0.0,0.0,0
2024-12-25 18:18:14,60,64,60.4,96,48.4,30.516,6.04,10.29,219,0.0,0.0,0.0,0
2024-12-25 18:19:15,60,64,60.3,96,48.4,30.516,5.37,9.17,247,0.0,0.0,0.0,0
2024-12-25 18:20:16,60,64,60.3,96,48.4,30.516,5.37,9.17,220,0.0,0.0,0.0,0
2024-12-25 18:21:17,60,64,60.3,96,48.4,30.516,5.37,8.05,233,0.0,0.0,0.0,0
2024-12-25 18:22:18,60,64,60.3,96,48.4,30.516,4.03,8.05,213,0.0,0.0,0.0,0
2024-12-25 18:23:19,60,65,60.3,96,48.4,30.519,2.24,8.05,236,0.0,0.0,0.0,0
2024-12-25 18:24:20,60,65,60.1,96,48.4,30.519,4.03,5.82,255,0.0,0.0,0.0,0
2024-12-25 18:25:21,60,65,60.3,96,48.4,30.522,8.50,11.41,244,0.0,0.0,0.0,0
2024-12-25 18:26:22,60,65,60.3,96,48.4,30.516,4.70,11.41,256,0.0,0.0,0.0,0
2024-12-25 18:27:23,60,65,60.1,96,48.4,30.516,6.71,10.29,269,0.0,0.0,0.0,0
2024-12-25 18:28:24,60,65,60.1,96,48.2,30.519,5.37,10.29,227,0.0,0.0,0.0,0
2024-12-25 18:29:25,60,65,60.1,96,48.2,30.519,6.93,8.05,228,0.0,0.0,0.0,0
2024-12-25 18:30:26,60,65,60.1,96,48.2,30.519,4.03,9.17,245,0.0,0.0,0.0,0
2024-12-25 18:31:27,60,65,60.1,96,48.2,30.516,6.26,9.17,225,0.0,0.0,0.0,0
2024-12-25 18:32:28,60,65,59.9,96,48.2,30.519,4.47,8.05,238,0.0,0.0,0.0,0
2024-12-25 18:33:29,60,65,59.9,96,48.2,30.522,3.80,8.05,209,0.0,0.0,0.0,0
2024-12-25 18:34:30,60,65,59.9,96,48.2,30.516,4.47,6.93,266,0.0,0.0,0.0,0
2024-12-25 18:35:31,60,65,59.9,96,48.2,30.519,4.47,8.05,239,0.0,0.0,0.0,0
2024-12-25 18:36:32,60,65,59.9,96,48.2,30.522,5.37,8.05,237,0.0,0.0,0.0,0
2024-12-25 18:37:33,60,65,59.9,96,48.2,30.519,5.37,9.17,243,0.0,0.0,0.0,0
2024-12-25 18:38:34,60,65,59.9,96,48.2,30.522,6.04,9.17,231,0.0,0.0,0.0,0
2024-12-25 18:39:35,60,66,59.9,96,48.2,30.519,4.92,8.05,230,0.0,0.0,0.0,0
2024-12-25 18:40:36,60,66,60.1,96,48.2,30.513,3.36,6.93,228,0.0,0.0,0.0,0
2024-12-25 18:41:37,60,66,60.1,96,48.2,30.516,4.70,5.82,263,0.0,0.0,0.0,0
2024-12-25 18:42:38,60,66,60.3,96,48.2,30.516,6.71,8.05,232,0.0,0.0,0.0,0
2024-12-25 18:43:39,60,66,60.3,96,48.0,30.519,4.25,8.05,248,0.0,0.0,0.0,0
2024-12-25 18:44:40,60,66,60.4,96,48.0,30.516,6.49,9.17,196,0.0,0.0,0.0,0
2024-12-25 18:45:41,60,66,60.4,96,48.0,30.522,4.25,9.17,216,0.0,0.0,0.0,0
2024-12-25 18:46:42,60,66,60.6,96,48.0,30.519,4.03,5.82,254,0.0,0.0,0.0,0
2024-12-25 18:47:43,60,66,60.6,96,48.0,30.516,3.80,5.82,262,0.0,0.0,0.0,0
2024-12-25 18:48:44,60,66,60.8,96,48.0,30.519,4.70,9.17,216,0.0,0.0,0.0,0
2024-12-25 18:49:45,60,66,60.8,96,48.0,30.522,4.25,9.17,238,0.0,0.0,0.0,0
2024-12-25 18:50:46,60,65,61.0,96,48.0,30.525,6.04,8.05,269,0.0,0.0,0.0,0
2024-12-25 18:51:47,60,65,61.2,96,48.0,30.516,4.70,10.29,212,0.0,0.0,0.0,0
2024-12-25 18:52:48,60,65,61.2,96,48.0,30.516,5.37,10.29,239,0.0,0.0,0.0,0
2024-12-25 18:53:49,60,65,61.2,96,48.0,30.519,4.47,10.29,225,0.0,0.0,0.0,0
2024-12-25 18:54:50,60,65,61.3,96,48.0,30.516,6.93,10.29,262,0.0,0.0,0.0,0
2024-12-25 18:55:51,60,65,61.3,96,48.0,30.522,6.49,10.29,272,0.0,0.0,0.0,0
2024-12-25 18:56:52,60,65,61.5,96,48.0,30.519,8.05,10.29,256,0.0,0.0,0.0,0
2024-12-25 18:57:53,60,65,61.5,96,48.0,30.513,5.37,10.29,267,0.0,0.0,0.0,0
2024-12-25 18:58:54,60,65,61.5,96,48.0,30.522,4.70,9.17,258,0.0,0.0,0.0,0
2024-12-25 18:59:55,60,64,61.7,96,48.0,30.525,6.04,6.93,299,0.0,0.0,0.0,0
2024-12-25 19:00:56,60,64,61.7,96,48.0,30.528,8.28,9.17,246,0.0,0.0,0.0,0
2024-12-25 19:01:57,60,64,61.7,96,48.0,30.522,5.37,9.17,251,0.0,0.0,0.0,0
2024-12-25 19:02:58,60,64,61.9,96,48.0,30.519,6.49,6.93,222,0.0,0.0,0.0,0
2024-12-25 19:03:59,60,64,61.9,96,47.8,30.525,4.25,8.05,207,0.0,0.0,0.0,0
2024-12-25 19:05:00,60,64,61.9,96,47.8,30.525,5.14,8.05,243,0.0,0.0,0.0,0
2024-12-25 19:06:01,60,64,61.9,96,48.0,30.525,5.37,8.05,281,0.0,0.0,0.0,0
2024-12-25 19:07:02,60,64,61.9,96,48.0,30.519,5.14,6.93,215,0.0,0.0,0.0,0
2024-12-25 19:08:03,60,64,62.1,96,47.8,30.525,3.36,5.82,252,0.0,0.0,0.0,0
2024-12-25 19:09:04,60,64,62.1,96,47.8,30.519,5.37,8.05,236,0.0,0.0,0.0,0
2024-12-25 19:10:05,60,64,62.1,96,47.8,30.525,4.92,8.05,254,0.0,0.0,0.0,0
2024-12-25 19:11:06,60,64,62.1,96,47.8,30.525,4.25,8.05,235,0.0,0.0,0.0,0
2024-12-25 19:12:07,60,64,62.1,96,47.8,30.525,8.50,10.29,267,0.0,0.0,0.0,0
2024-12-25 19:13:08,60,64,62.1,96,47.8,30.525,6.04,10.29,225,0.0,0.0,0.0,0
2024-12-25 19:14:09,60,63,62.2,96,47.8,30.519,5.37,10.29,260,0.0,0.0,0.0,0
2024-12-25 19:15:10,60,63,62.2,96,47.8,30.525,4.47,10.29,243,0.0,0.0,0.0,0
2024-12-25 19:16:11,60,63,62.2,96,47.8,30.528,7.16,9.17,241,0.0,0.0,0.0,0
2024-12-25 19:17:12,60,63,62.2,96,47.8,30.528,7.61,11.41,234,0.0,0.0,0.0,0
2024-12-25 19:18:13,60,63,62.2,96,47.8,30.525,7.38,11.41,245,0.0,0.0,0.0,0
2024-12-25 19:19:14,60,63,62.2,96,47.8,30.522,5.82,10.29,203,0.0,0.0,0.0,0
2024-12-25 19:20:15,60,63,62.4,96,47.8,30.528,8.50,10.29,246,0.0,0.0,0.0,0
2024-12-25 19:21:16,60,63,62.4,96,47.8,30.519,7.16,10.29,240,0.0,0.0,0.0,0
2024-12-25 19:22:17,60,63,62.4,96,47.8,30.522,6.49,10.29,237,0.0,0.0,0.0,0
2024-12-25 19:23:18,60,63,62.4,96,47.8,30.522,5.14,9.17,203,0.0,0.0,0.0,0
2024-12-25 19:24:19,60,63,62.4,96,47.8,30.522,6.04,6.93,261,0.0,0.0,0.0,0
2024-12-25 19:25:20,60,63,62.4,96,47.8,30.525,4.92,8.05,251,0.0,0.0,0.0,0
2024-12-25 19:26:21,60,63,62.4,96,47.8,30.522,3.80,8.05,277,0.0,0.0,0.0,0
2024-12-25 19:27:22,60,63,62.4,96,47.8,30.525,2.24,6.93,211,0.0,0.0,0.0,0
2024-12-25 19:28:23,60,63,62.4,96,47.8,30.522,0.89,3.36,176,0.0,0.0,0.0,0
2024-12-25 19:29:24,60,63,62.4,96,47.8,30.522,6.93,9.17,238,0.0,0.0,0.0,0
2024-12-25 19:30:25,60,63,62.4,96,47.8,30.519,6.26,9.17,239,0.0,0.0,0.0,0
2024-12-25 19:31:26,60,63,62.4,96,47.8,30.522,2.24,8.05,244,0.0,0.0,0.0,0
2024-12-25 19:32:27,60,63,62.6,96,47.8,30.522,4.92,6.93,231,0.0,0.0,0.0,0
2024-12-25 19:33:28,60,62,62.6,96,47.8,30.522,2.91,6.93,256,0.0,0.0,0.0,0
2024-12-25 19:34:29,60,62,62.6,96,47.8,30.525,4.47,8.05,266,0.0,0.0,0.0,0
2024-12-25 19:35:30,60,62,62.6,96,47.8,30.525,3.36,6.93,261,0.0,0.0,0.0,0
2024-12-25 19:36:31,60,62,62.6,96,47.8,30.525,4.47,6.93,220,0.0,0.0,0.0,0
2024-12-25 19:37:32,60,62,62.6,96,47.8,30.522,5.82,9.17,218,0.0,0.0,0.0,0
2024-12-25 19:38:33,60,62,62.6,96,47.8,30.522,6.71,9.17,216,0.0,0.0,0.0,0
2024-12-25 19:39:34,60,62,62.6,96,47.8,30.522,3.80,9.17,245,0.0,0.0,0.0,0
2024-12-25 19:40:35,60,62,62.6,96,47.8,30.525,4.92,8.05,245,0.0,0.0,0.0,0
2024-12-25 19:41:36,60,62,62.6,96,47.8,30.522,3.80,6.93,214,0.0,0.0,0.0,0
2024-12-25 19:42:37,60,62,62.6,96,47.8,30.525,4.25,8.05,204,0.0,0.0,0.0,0
2024-12-25 19:43:38,60,62,62.6,96,47.8,30.528,5.37,8.05,166,0.0,0.0,0.0,0
2024-12-25 19:44:39,60,62,62.8,96,47.8,30.525,3.80,9.17,157,0.0,0.0,0.0,0
2024-12-25 19:45:40,60,62,62.6,96,47.8,30.528,3.58,10.29,255,0.0,0.0,0.0,0
2024-12-25 19:46:41,60,62,62.6,96,47.8,30.525,4.03,10.29,228,0.0,0.0,0.0,0
2024-12-25 19:47:42,60,62,62.6,96,47.8,30.525,4.47,6.93,193,0.0,0.0,0.0,0
2024-12-25 19:48:43,60,62,62.6,96,47.8,30.525,6.04,6.93,188,0.0,0.0,0.0,0
2024-12-25 19:49:44,60,62,62.6,96,47.8,30.522,1.79,6.93,231,0.0,0.0,0.0,0
2024-12-25 19:50:45,60,62,62.6,96,47.8,30.522,1.34,3.36,151,0.0,0.0,0.0,0
2024-12-25 19:51:46,60,62,62.6,96,47.8,30.525,4.03,5.82,231,0.0,0.0,0.0,0
2024-12-25 19:52:47,60,62,62.6,96,47.8,30.525,4.92,9.17,262,0.0,0.0,0.0,0
2024-12-25 19:53:48,60,62,62.6,96,47.8,30.522,4.03,8.05,237,0.0,0.0,0.0,0
2024-12-25 19:54:49,60,62,62.6,96,47.8,30.522,4.47,5.82,189,0.0,0.0,0.0,0
2024-12-25 19:55:50,60,62,62.4,96,47.8,30.519,2.68,5.82,212,0.0,0.0,0.0,0
2024-12-25 19:56:51,60,62,62.4,96,47.8,30.522,3.58,4.47,200,0.0,0.0,0.0,0
2024-12-25 19:57:52,60,62,62.2,96,47.8,30.519,4.25,6.93,210,0.0,0.0,0.0,0
2024-12-25 19:58:53,60,62,62.2,96,47.8,30.525,6.71,8.05,263,0.0,0.0,0.0,0
2024-12-25 19:59:54,60,62,62.2,96,47.8,30.525,5.14,10.29,256,0.0,0.0,0.0,0
2024-12-25 20:00:55,60,62,62.2,96,47.8,30.525,5.82,10.29,159,0.0,0.0,0.0,0
2024-12-25 20:01:56,60,62,62.2,96,47.8,30.525,4.03,9.17,195,0.0,0.0,0.0,0
2024-12-25 20:02:57,60,62,62.1,96,47.8,30.522,5.59,8.05,223,0.0,0.0,0.0,0
2024-12-25 20:03:58,60,62,62.1,96,47.8,30.525,4.47,8.05,246,0.0,0.0,0.0,0
2024-12-25 20:04:59,60,62,62.1,96,47.8,30.522,6.04,8.05,204,0.0,0.0,0.0,0
2024-12-25 20:06:00,60,62,62.1,96,47.8,30.516,2.46,8.05,210,0.0,0.0,0.0,0
2024-12-25 20:07:01,60,62,61.9,96,47.8,30.519,4.70,6.93,200,0.0,0.0,0.0,0
2024-12-25 20:08:02,60,62,61.9,96,47.8,30.522,7.16,8.05,193,0.0,0.0,0.0,0
2024-12-25 20:09:03,60,62,61.9,96,47.8,30.522,5.14,8.05,174,0.0,0.0,0.0,0
2024-12-25 20:10:04,60,62,61.9,96,47.8,30.522,4.92,6.93,269,0.0,0.0,0.0,0
2024-12-25 20:11:05,60,62,62.1,96,47.8,30.522,4.92,6.93,176,0.0,0.0,0.0,0
2024-12-25 20:12:06,60,62,62.1,96,47.8,30.522,4.92,9.17,206,0.0,0.0,0.0,0
2024-12-25 20:13:07,60,62,62.1,96,47.8,30.522,5.37,9.17,219,0.0,0.0,0.0,0
2024-12-25 20:14:08,60,62,62.1,96,47.8,30.522,4.03,5.82,243,0.0,0.0,0.0,0
2024-12-25 20:15:09,60,63,62.1,96,47.8,30.525,4.47,5.82,204,0.0,0.0,0.0,0
2024-12-25 20:16:10,60,63,62.1,96,47.8,30.522,4.25,5.82,195,0.0,0.0,0.0,0
2024-12-25 20:17:11,60,63,62.2,96,47.8,30.519,4.70,5.82,218,0.0,0.0,0.0,0
2024-12-25 20:18:12,60,63,62.2,96,47.8,30.519,3.13,5.82,219,0.0,0.0,0.0,0
2024-12-25 20:19:13,60,62,62.2,96,47.8,30.525,4.70,5.82,180,0.0,0.0,0.0,0
2024-12-25 20:20:14,60,63,62.4,96,47.8,30.522,3.80,5.82,184,0.0,0.0,0.0,0
2024-12-25 20:21:15,60,63,62.4,96,47.8,30.522,4.25,5.82,255,0.0,0.0,0.0,0
2024-12-25 20:22:16,60,63,62.4,96,47.8,30.525,3.36,5.82,194,0.0,0.0,0.0,0
2024-12-25 20:23:17,60,63,62.4,96,47.8,30.522,4.03,4.47,205,0.0,0.0,0.0,0
2024-12-25 20:24:18,60,63,62.4,96,47.8,30.519,2.91,4.47,204,0.0,0.0,0.0,0
2024-12-25 20:25:19,60,63,62.4,96,47.8,30.519,2.01,4.47,219,0.0,0.0,0.0,0
2024-12-25 20:26:20,60,63,62.4,96,47.8,30.525,3.80,4.47,194,0.0,0.0,0.0,0
2024-12-25 20:27:21,60,63,62.4,96,47.8,30.519,3.13,5.82,207,0.0,0.0,0.0,0
2024-12-25 20:28:22,60,63,62.4,96,47.8,30.522,5.37,6.93,209,0.0,0.0,0.0,0
2024-12-25 20:29:23,60,63,62.4,96,47.8,30.522,4.03,8.05,205,0.0,0.0,0.0,0
2024-12-25 20:30:24,60,63,62.4,96,47.7,30.522,4.70,8.05,260,0.0,0.0,0.0,0
2024-12-25 20:31:25,60,63,62.4,96,47.7,30.525,3.36,5.82,242,0.0,0.0,0.0,0
2024-12-25 20:32:26,60,63,62.4,96,47.8,30.516,4.03,5.82,182,0.0,0.0,0.0,0
2024-12-25 20:33:27,60,63,62.2,96,47.8,30.525,3.36,5.82,225,0.0,0.0,0.0,0
2024-12-25 20:34:28,60,63,62.4,96,47.8,30.528,6.26,8.05,128,0.0,0.0,0.0,0
2024-12-25 20:35:29,60,63,62.2,96,47.8,30.522,6.04,8.05,205,0.0,0.0,0.0,0
2024-12-25 20:36:30,60,63,62.2,96,47.8,30.522,4.25,8.05,225,0.0,0.0,0.0,0
2024-12-25 20:37:31,60,63,62.2,96,47.8,30.525,4.47,5.82,175,0.0,0.0,0.0,0
2024-12-25 20:38:32,60,63,62.2,95,47.8,30.525,3.36,5.82,207,0.0,0.0,0.0,0
2024-12-25 20:39:33,60,63,62.1,95,47.8,30.522,3.58,5.82,197,0.0,0.0,0.0,0
2024-12-25 20:40:34,60,63,62.1,95,47.8,30.522,4.03,5.82,152,0.0,0.0,0.0,0
2024-12-25 20:41:35,60,63,62.1,95,47.8,30.522,3.36,5.82,220,0.0,0.0,0.0,0
2024-12-25 20:42:36,60,63,62.1,95,47.8,30.522,4.03,5.82,196,0.0,0.0,0.0,0
2024-12-25 20:43:37,60,63,61.9,95,47.8,30.528,3.80,4.47,154,0.0,0.0,0.0,0
2024-12-25 20:44:38,60,63,61.9,95,47.8,30.519,2.46,5.82,164,0.0,0.0,0.0,0
2024-12-25 20:45:39,60,63,61.9,95,47.8,30.525,2.46,5.82,165,0.0,0.0,0.0,0
2024-12-25 20:46:40,60,63,61.9,95,47.8,30.525,3.36,4.47,161,0.0,0.0,0.0,0
2024-12-25 20:47:41,60,63,61.7,95,47.8,30.531,2.24,4.47,210,0.0,0.0,0.0,0
2024-12-25 20:48:42,60,63,61.7,95,47.8,30.522,3.13,4.47,245,0.0,0.0,0.0,0
2024-12-25 20:49:43,60,64,61.7,96,47.8,30.522,3.36,4.47,178,0.0,0.0,0.0,0
2024-12-25 20:50:44,60,64,61.5,96,47.8,30.522,2.24,4.47,234,0.0,0.0,0.0,0
2024-12-25 20:52:46,60,64,61.5,95,47.8,30.525,3.13,6.93,206,0.0,0.0,0.0,0
2024-12-25 20:53:47,60,64,61.3,95,47.8,30.528,3.80,5.82,213,0.0,0.0,0.0,0
2024-12-25 20:54:48,60,64,61.3,95,47.8,30.528,3.13,5.82,200,0.0,0.0,0.0,0
2024-12-25 20:55:49,60,64,61.3,95,47.8,30.525,3.80,5.82,235,0.0,0.0,0.0,0
2024-12-25 20:56:50,60,64,61.3,95,47.8,30.528,4.70,6.93,147,0.0,0.0,0.0,0
2024-12-25 20:57:51,60,64,61.2,95,47.8,30.525,2.68,6.93,222,0.0,0.0,0.0,0
2024-12-25 20:58:52,60,64,61.2,95,47.8,30.525,3.58,5.82,259,0.0,0.0,0.0,0
2024-12-25 20:59:53,60,64,61.2,95,47.8,30.525,2.46,5.82,214,0.0,0.0,0.0,0
2024-12-25 21:00:54,60,64,61.2,95,47.8,30.525,3.13,3.36,225,0.0,0.0,0.0,0
2024-12-25 21:01:55,60,64,61.0,95,47.8,30.531,4.70,6.93,212,0.0,0.0,0.0,0
2024-12-25 21:02:56,60,64,61.0,95,47.8,30.528,5.14,6.93,220,0.0,0.0,0.0,0
2024-12-25 21:03:57,60,64,61.0,95,47.8,30.522,3.80,8.05,228,0.0,0.0,0.0,0
2024-12-25 21:04:58,60,64,61.0,95,47.8,30.531,3.80,8.05,197,0.0,0.0,0.0,0
2024-12-25 21:05:59,60,64,60.8,95,47.8,30.531,3.80,5.82,208,0.0,0.0,0.0,0
2024-12-25 21:07:00,60,64,60.8,95,47.8,30.525,4.70,5.82,205,0.0,0.0,0.0,0
2024-12-25 21:08:01,60,64,60.8,95,47.8,30.528,3.36,5.82,214,0.0,0.0,0.0,0
2024-12-25 21:09:02,60,64,60.8,95,47.8,30.531,3.58,5.82,220,0.0,0.0,0.0,0
2024-12-25 21:10:03,60,64,60.8,95,47.8,30.528,1.79,5.82,227,0.0,0.0,0.0,0
2024-12-25 21:11:04,60,64,60.8,95,47.8,30.531,4.25,5.82,174,0.0,0.0,0.0,0
2024-12-25 21:12:05,60,64,60.6,95,47.8,30.531,4.47,6.93,184,0.0,0.0,0.0,0
2024-12-25 21:13:06,60,64,60.6,95,47.8,30.528,3.80,5.82,207,0.0,0.0,0.0,0
2024-12-25 21:14:07,60,64,60.6,95,47.8,30.528,4.03,5.82,227,0.0,0.0,0.0,0
2024-12-25 21:15:08,60,64,60.6,95,47.8,30.534,3.13,6.93,243,0.0,0.0,0.0,0
2024-12-25 21:16:09,60,64,60.6,95,47.8,30.531,2.91,4.47,257,0.0,0.0,0.0,0
2024-12-25 21:17:10,60,64,60.6,95,47.8,30.531,3.13,4.47,219,0.0,0.0,0.0,0
2024-12-25 21:18:11,60,64,60.4,95,47.8,30.531,4.25,5.82,203,0.0,0.0,0.0,0
2024-12-25 21:19:12,60,64,60.4,95,47.8,30.528,2.68,5.82,237,0.0,0.0,0.0,0
2024-12-25 21:20:13,60,64,60.4,95,47.8,30.531,3.36,5.82,225,0.0,0.0,0.0,0
2024-12-25 21:21:14,60,64,60.4,95,47.8,30.531,3.13,4.47,226,0.0,0.0,0.0,0
2024-12-25 21:26:19,60,65,60.3,95,47.8,30.531,4.25,5.82,201,0.0,0.0,0.0,0
2024-12-25 21:27:20,60,65,60.3,95,47.8,30.528,2.01,4.47,211,0.0,0.0,0.0,0
2024-12-25 21:28:21,60,65,60.3,95,47.8,30.531,3.80,4.47,249,0.0,0.0,0.0,0
2024-12-25 21:29:22,60,65,60.3,95,47.8,30.531,5.37,5.82,217,0.0,0.0,0.0,0
2024-12-25 21:30:23,60,65,60.3,95,47.8,30.531,3.36,5.82,125,0.0,0.0,0.0,0
2024-12-25 21:31:24,60,65,60.1,95,47.8,30.528,3.80,5.82,153,0.0,0.0,0.0,0
2024-12-25 21:32:25,60,65,60.1,95,47.8,30.525,3.80,5.82,188,0.0,0.0,0.0,0
2024-12-25 21:33:26,60,65,60.1,95,47.7,30.531,3.80,4.47,213,0.0,0.0,0.0,0
2024-12-25 21:34:27,60,65,60.1,95,47.7,30.525,2.46,4.47,199,0.0,0.0,0.0,0
2024-12-25 21:35:28,60,65,60.1,95,47.7,30.528,4.03,5.82,211,0.0,0.0,0.0,0
2024-12-25 21:36:29,60,65,60.1,95,47.7,30.525,3.36,5.82,176,0.0,0.0,0.0,0
2024-12-25 21:38:31,60,65,60.1,95,47.7,30.531,3.80,6.93,201,0.0,0.0,0.0,0
2024-12-25 21:39:32,60,65,60.1,95,47.7,30.531,3.36,5.82,201,0.0,0.0,0.0,0
2024-12-25 21:40:33,60,65,59.9,95,47.7,30.528,3.36,5.82,223,0.0,0.0,0.0,0
2024-12-25 21:41:34,60,65,59.9,95,47.7,30.525,4.03,5.82,226,0.0,0.0,0.0,0
2024-12-25 21:42:35,60,65,59.9,95,47.7,30.528,3.13,6.93,229,0.0,0.0,0.0,0
2024-12-25 21:43:36,60,65,59.9,95,47.7,30.528,3.58,6.93,206,0.0,0.0,0.0,0
2024-12-25 21:44:37,60,65,59.9,95,47.7,30.528,2.91,5.82,187,0.0,0.0,0.0,0
2024-12-25 21:45:38,60,65,59.9,95,47.7,30.531,2.91,4.47,193,0.0,0.0,0.0,0
2024-12-25 21:46:39,60,65,59.9,95,47.7,30.525,2.68,3.36,228,0.0,0.0,0.0,0
2024-12-25 21:47:40,60,65,59.7,95,47.7,30.528,4.70,5.82,185,0.0,0.0,0.0,0
2024-12-25 21:48:41,60,65,59.9,95,47.7,30.528,2.91,5.82,201,0.0,0.0,0.0,0
2024-12-25 21:49:42,60,65,59.9,95,47.7,30.525,3.80,5.82,201,0.0,0.0,0.0,0
2024-12-25 21:50:43,60,65,59.7,95,47.7,30.528,3.36,5.82,216,0.0,0.0,0.0,0
