2020-03-27 00:04:02,5,51,19.2,58,4.9,1029.3,0.0,0.0,0,159.6,0
2020-03-27 00:09:02,5,51,19.2,58,4.8,1029.4,0.0,0.7,0,159.6,0
2020-03-27 00:14:02,5,51,19.2,58,4.7,1029.3,0.3,0.7,0,159.6,0
2020-03-27 00:19:02,5,51,19.2,59,4.6,1029.4,0.0,0.0,0,159.6,0
2020-03-27 00:24:02,5,51,19.1,59,4.5,1029.4,0.0,0.0,0,159.6,0
2020-03-27 00:29:02,5,51,19.1,59,4.6,1029.4,0.3,1.0,2,159.6,0
2020-03-27 00:34:02,5,51,19.1,58,4.7,1029.4,0.3,1.0,2,159.6,0
2020-03-27 00:39:02,5,51,19.0,58,4.6,1029.5,0.0,0.7,1,159.6,0
2020-03-27 00:44:02,5,51,19.0,59,4.4,1029.6,0.0,0.0,1,159.6,0
2020-03-27 00:49:02,5,52,18.9,60,4.3,1029.5,0.0,0.0,15,159.6,0
2020-03-27 00:54:02,5,52,18.8,60,4.3,1029.6,0.0,0.7,15,159.6,0
2020-03-27 00:59:02,5,52,18.8,60,4.2,1029.7,0.0,0.7,15,159.6,0
2020-03-27 01:04:02,5,52,18.8,60,4.2,1029.8,0.0,0.7,15,159.6,0
2020-03-27 01:09:02,5,52,18.6,61,4.0,1029.8,0.0,0.0,0,159.6,0
2020-03-27 01:14:02,5,52,18.6,61,3.9,1029.9,0.0,0.0,0,159.6,0
2020-03-27 01:19:02,5,52,18.5,62,3.9,1029.9,0.0,0.0,0,159.6,0
2020-03-27 01:24:02,5,52,18.5,62,3.8,1029.8,0.0,0.0,0,159.6,0
2020-03-27 01:29:02,5,52,18.5,61,4.0,1029.9,0.0,0.0,0,159.6,0
2020-03-27 01:34:02,5,52,18.4,62,3.8,1029.8,0.0,0.0,0,159.6,0
2020-03-27 01:39:02,5,52,18.4,61,3.9,1029.8,0.0,0.7,15,159.6,0
2020-03-27 01:44:02,5,52,18.4,61,3.9,1029.9,0.0,0.7,15,159.6,0
2020-03-27 01:49:02,5,52,18.3,62,4.0,1029.7,0.0,0.0,15,159.6,0
2020-03-27 01:54:02,5,52,18.4,62,3.9,1029.8,0.0,0.0,15,159.6,0
2020-03-27 01:59:02,5,52,18.3,62,3.9,1029.7,0.0,0.0,15,159.6,0
2020-03-27 02:04:02,5,52,18.3,61,3.8,1029.8,0.0,0.0,0,159.6,0
2020-03-27 02:09:02,5,52,18.3,62,3.8,1029.7,0.0,0.0,0,159.6,0
2020-03-27 02:14:02,5,52,18.2,61,3.9,1029.7,0.3,1.0,1,159.6,0
2020-03-27 02:19:02,5,52,18.2,61,3.9,1029.8,0.0,0.7,15,159.6,0
2020-03-27 02:24:02,5,52,18.2,62,3.7,1029.8,0.0,0.7,0,159.6,0
2020-03-27 02:29:02,5,52,18.1,62,3.8,1029.8,0.0,0.7,0,159.6,0
2020-03-27 02:34:02,5,52,18.1,62,3.7,1030.0,0.3,1.0,15,159.6,0
2020-03-27 02:39:02,5,52,18.1,63,3.6,1029.9,0.3,1.0,15,159.6,0
2020-03-27 02:44:02,5,52,18.0,63,3.6,1029.9,0.0,0.7,0,159.6,0
2020-03-27 02:49:02,5,52,18.0,63,3.6,1029.9,0.3,0.7,15,159.6,0
2020-03-27 02:54:02,5,52,18.0,64,3.5,1029.9,0.0,0.7,1,159.6,0
2020-03-27 02:59:02,5,52,18.0,65,3.3,1029.8,0.3,0.7,1,159.6,0
2020-03-27 03:04:02,5,50,17.9,66,3.1,1030.0,0.3,1.0,15,159.6,0
2020-03-27 03:09:02,5,50,17.9,66,3.0,1030.0,0.0,0.7,0,159.6,0
2020-03-27 03:14:02,5,50,17.9,67,2.9,1030.0,0.3,1.0,1,159.6,0
2020-03-27 03:19:02,5,50,17.9,67,2.8,1030.2,0.3,0.7,1,159.6,0
2020-03-27 03:24:02,5,50,17.9,67,2.8,1030.0,0.0,0.7,0,159.6,0
2020-03-27 03:29:02,5,50,17.7,67,2.7,1030.1,0.3,0.7,0,159.6,0
2020-03-27 03:34:02,5,50,17.7,67,2.7,1030.2,0.3,0.7,1,159.6,0
2020-03-27 03:39:02,5,50,17.7,67,2.7,1030.2,0.0,0.0,1,159.6,0
2020-03-27 03:44:02,5,50,17.7,67,2.6,1030.1,0.0,0.0,0,159.6,0
2020-03-27 03:49:02,5,50,17.7,67,2.5,1030.2,0.0,1.0,0,159.6,0
2020-03-27 03:54:02,5,50,17.6,67,2.5,1030.1,0.0,0.7,0,159.6,0
2020-03-27 03:59:02,5,51,16.8,68,2.5,1030.3,0.0,0.7,0,159.6,0
2020-03-27 04:04:02,5,50,17.6,67,2.6,1030.2,0.3,1.7,1,159.6,0
2020-03-27 04:09:02,5,51,16.8,67,2.6,1030.4,0.7,1.0,0,159.6,0
2020-03-27 04:14:02,5,51,16.8,68,2.5,1030.4,0.0,0.7,1,159.6,0
2020-03-27 04:19:02,5,51,16.7,68,2.6,1030.5,0.3,1.0,0,159.6,0
2020-03-27 04:24:02,5,51,16.7,68,2.6,1030.5,0.7,1.7,0,159.6,0
2020-03-27 04:29:02,5,50,17.5,68,2.5,1030.5,0.3,1.0,0,159.6,0
2020-03-27 04:34:02,5,50,17.5,68,2.5,1030.5,0.0,0.7,0,159.6,0
2020-03-27 04:39:02,5,51,16.6,69,2.4,1030.6,0.3,0.7,0,159.6,0
2020-03-27 04:44:02,5,51,16.6,69,2.4,1030.6,0.0,0.7,1,159.6,0
2020-03-27 04:49:02,5,50,16.6,70,2.3,1030.6,0.0,0.0,15,159.6,0
2020-03-27 04:54:02,5,50,16.6,70,2.3,1030.7,0.0,0.7,15,159.6,0
2020-03-27 04:59:02,5,50,16.6,70,2.2,1030.7,0.3,1.0,0,159.6,0
2020-03-27 05:04:02,5,50,16.6,70,2.2,1030.9,0.0,0.7,1,159.6,0
2020-03-27 05:09:02,5,50,16.6,70,2.3,1030.7,0.0,0.7,1,159.6,0
2020-03-27 05:14:02,5,51,16.7,70,2.3,1030.7,0.0,0.0,1,159.6,0
2020-03-27 05:19:02,5,51,16.9,69,2.5,1030.6,0.3,1.0,15,159.6,0
2020-03-27 05:24:02,5,50,17.3,69,2.4,1030.2,0.3,1.0,0,159.6,0
2020-03-27 05:29:02,5,52,18.5,69,2.4,1029.8,0.0,0.7,0,159.6,0
2020-03-27 05:34:02,5,51,19.1,69,2.4,1029.3,0.3,0.7,1,159.6,0
2020-03-27 05:39:02,5,49,19.5,70,2.4,1029.0,0.3,1.0,0,159.6,0
2020-03-27 05:44:02,5,47,20.0,69,2.4,1028.5,0.3,1.7,2,159.6,0
2020-03-27 05:49:02,5,46,20.2,70,2.4,1028.3,0.3,1.0,1,159.6,0
2020-03-27 05:54:02,5,45,20.4,70,2.3,1028.0,0.0,0.7,0,159.6,0
2020-03-27 05:59:02,5,45,20.6,70,2.4,1027.9,0.0,0.0,1,159.6,0
2020-03-27 06:04:02,5,45,20.7,70,2.6,1027.6,0.3,1.0,1,159.6,0
2020-03-27 06:09:02,5,44,20.9,69,2.7,1027.4,0.7,1.7,1,159.6,0
2020-03-27 06:14:02,5,43,21.0,69,2.7,1027.2,0.3,1.0,1,159.6,0
2020-03-27 06:19:02,5,43,21.1,69,2.8,1027.2,0.7,1.7,0,159.6,0
2020-03-27 06:24:02,5,43,21.3,68,3.1,1027.1,0.3,0.7,0,159.6,0
2020-03-27 06:29:02,5,43,21.5,67,3.2,1026.8,0.3,0.7,15,159.6,0
2020-03-27 06:34:02,5,42,21.7,66,3.5,1026.7,0.7,1.0,0,159.6,0
2020-03-27 06:39:02,5,42,21.8,65,3.6,1026.5,0.7,1.7,15,159.6,0
2020-03-27 06:44:02,5,41,21.9,64,3.9,1026.3,0.3,1.0,3,159.6,0
2020-03-27 06:49:02,5,40,22.1,63,4.0,1026.0,0.3,1.0,13,159.6,0
2020-03-27 06:54:02,5,40,22.3,62,4.4,1025.8,0.3,0.7,5,159.6,0
2020-03-27 06:59:02,5,40,22.6,62,4.4,1025.5,0.3,1.7,14,159.6,0
2020-03-27 07:04:02,5,40,23.0,62,4.3,1025.0,0.7,1.7,14,159.6,0
2020-03-27 07:09:02,5,39,23.3,61,4.8,1024.7,0.3,1.0,1,159.6,0
2020-03-27 07:14:02,5,39,23.6,62,4.7,1024.5,0.3,1.0,14,159.6,0
2020-03-27 07:19:02,5,38,23.8,60,5.1,1024.1,1.0,2.0,0,159.6,0
2020-03-27 07:24:02,5,37,24.1,60,5.6,1023.9,0.0,0.0,0,159.6,0
2020-03-27 07:29:02,5,37,24.4,60,5.4,1023.6,0.7,2.0,7,159.6,0
2020-03-27 07:34:02,5,36,24.5,59,5.9,1023.5,0.3,0.7,1,159.6,0
2020-03-27 07:39:02,5,36,24.7,58,6.0,1023.2,0.7,1.7,14,159.6,0
2020-03-27 07:44:02,5,36,24.9,59,6.0,1023.1,1.0,2.0,4,159.6,0
2020-03-27 07:49:02,5,35,25.0,59,5.9,1023.0,1.4,2.7,4,159.6,0
2020-03-27 07:54:02,5,35,24.9,58,6.3,1023.0,0.7,1.0,1,159.6,0
2020-03-27 07:59:02,5,35,24.7,58,6.3,1023.3,0.7,1.0,15,159.6,0
2020-03-27 08:04:02,5,36,24.4,58,6.6,1023.5,0.7,1.7,15,159.6,0
2020-03-27 08:09:02,5,36,24.1,56,7.0,1023.8,0.7,2.0,9,159.6,0
2020-03-27 08:14:02,5,37,23.9,55,7.3,1024.0,1.0,2.0,14,159.6,0
2020-03-27 08:19:02,5,38,23.7,54,7.5,1024.1,0.3,1.0,7,159.6,0
2020-03-27 08:24:02,5,39,23.6,53,7.6,1024.4,0.7,1.7,4,159.6,0
2020-03-27 08:29:02,5,39,23.4,53,7.6,1024.4,1.0,2.7,15,159.6,0
2020-03-27 08:34:02,5,40,23.3,52,8.2,1024.6,0.3,1.0,1,159.6,0
2020-03-27 08:39:02,5,41,23.1,50,8.1,1024.7,1.0,2.7,0,159.6,0
2020-03-27 08:44:02,5,41,23.1,50,8.4,1024.8,1.4,3.7,14,159.6,0
2020-03-27 08:49:02,5,41,23.0,51,8.4,1024.9,1.0,2.0,14,159.6,0
2020-03-27 08:54:02,5,41,22.8,49,9.0,1024.9,0.7,1.0,15,159.6,0
2020-03-27 08:59:02,5,41,22.7,49,9.5,1025.0,0.3,1.0,3,159.6,0
2020-03-27 09:04:02,5,42,22.6,49,9.2,1025.0,1.0,1.7,5,159.6,0
2020-03-27 09:09:02,5,42,22.5,48,9.4,1025.3,0.7,1.7,0,159.6,0
2020-03-27 09:14:02,5,42,22.4,48,9.9,1025.2,0.3,1.7,15,159.6,0
2020-03-27 09:19:02,5,42,22.3,48,9.8,1025.4,1.4,2.0,1,159.6,0
2020-03-27 09:24:02,5,42,22.2,46,10.7,1025.6,0.3,1.0,14,159.6,0
2020-03-27 09:29:02,5,42,22.2,46,10.6,1025.5,0.7,2.7,15,159.6,0
2020-03-27 09:34:02,5,43,22.2,46,10.4,1025.6,1.0,3.1,4,159.6,0
2020-03-27 09:39:02,5,43,22.2,46,10.6,1025.7,0.3,1.0,12,159.6,0
2020-03-27 09:44:02,5,44,22.2,46,11.1,1025.6,0.0,0.7,15,159.6,0
2020-03-27 09:49:02,5,44,22.2,45,10.8,1025.6,0.7,2.0,14,159.6,0
2020-03-27 09:54:02,5,44,22.2,44,11.2,1025.5,0.7,1.0,4,159.6,0
2020-03-27 09:59:02,5,44,22.1,45,11.3,1025.5,0.7,1.7,0,159.6,0
2020-03-27 10:04:02,5,45,22.2,44,10.8,1025.4,1.7,3.1,14,159.6,0
2020-03-27 10:09:02,5,45,22.1,44,11.0,1025.4,1.0,2.0,5,159.6,0
2020-03-27 10:14:02,5,45,22.1,45,11.1,1025.4,1.0,2.7,7,159.6,0
2020-03-27 10:19:02,5,45,22.1,44,11.6,1025.4,0.3,0.7,4,159.6,0
2020-03-27 10:24:02,5,45,22.1,43,12.5,1025.5,0.3,0.7,12,159.6,0
2020-03-27 10:29:02,5,45,22.1,44,12.0,1025.4,0.7,2.7,10,159.6,0
2020-03-27 10:34:02,5,45,22.1,43,12.3,1025.3,0.7,2.0,8,159.6,0
2020-03-27 10:39:02,5,44,22.1,43,12.4,1025.4,0.7,1.7,4,159.6,0
2020-03-27 10:44:02,5,44,22.1,44,11.8,1025.5,1.0,2.0,13,159.6,0
2020-03-27 10:49:02,5,44,22.0,43,12.8,1025.4,0.3,1.0,13,159.6,0
2020-03-27 10:54:02,5,45,21.9,43,12.5,1025.5,0.3,1.0,4,159.6,0
2020-03-27 10:59:02,5,45,21.9,43,12.3,1025.5,0.7,2.0,1,159.6,0
2020-03-27 11:04:02,5,45,21.9,44,12.4,1025.5,0.7,1.0,3,159.6,0
2020-03-27 11:09:02,5,45,21.9,42,12.5,1025.4,1.4,3.1,11,159.6,0
2020-03-27 11:14:02,5,45,21.9,42,12.9,1025.4,0.7,2.0,3,159.6,0
2020-03-27 11:19:02,5,45,21.9,43,12.5,1025.3,0.7,2.0,15,159.6,0
2020-03-27 11:24:02,5,45,21.9,43,12.7,1025.3,0.7,2.0,1,159.6,0
2020-03-27 11:29:02,5,45,21.9,44,13.7,1025.4,0.3,1.0,3,159.6,0
2020-03-27 11:34:02,5,45,21.9,41,14.1,1025.4,0.7,1.7,3,159.6,0
2020-03-27 11:39:02,5,46,21.9,42,13.3,1025.4,1.0,2.7,12,159.6,0
2020-03-27 11:44:02,5,46,21.9,44,12.8,1025.3,0.7,2.0,5,159.6,0
2020-03-27 11:49:02,5,46,21.8,43,12.9,1025.3,0.7,1.7,1,159.6,0
2020-03-27 11:54:02,5,46,21.8,44,12.6,1025.3,1.4,2.7,5,159.6,0
2020-03-27 11:59:02,5,46,21.8,43,13.1,1025.2,0.3,1.7,3,159.6,0
2020-03-27 12:04:02,5,46,21.8,42,14.1,1025.3,0.3,1.0,15,159.6,0
2020-03-27 12:09:02,5,46,21.8,43,13.1,1025.0,1.0,2.0,15,159.6,0
2020-03-27 12:14:02,5,46,21.8,42,13.8,1025.1,0.3,0.7,5,159.6,0
2020-03-27 12:19:02,5,46,21.8,43,13.0,1025.0,1.4,2.0,15,159.6,0
2020-03-27 12:24:02,5,46,21.8,43,13.3,1025.0,1.7,4.1,15,159.6,0
2020-03-27 12:29:02,5,46,21.8,42,13.8,1024.9,1.0,1.7,5,159.6,0
2020-03-27 12:34:02,5,46,21.8,42,14.0,1024.8,0.7,1.7,0,159.6,0
2020-03-27 12:39:02,5,47,21.8,41,14.2,1024.7,0.7,2.7,14,159.6,0
2020-03-27 12:44:02,5,48,21.8,40,14.5,1024.7,0.7,2.0,14,159.6,0
2020-03-27 12:49:02,5,48,21.9,40,14.6,1024.7,0.7,1.7,1,159.6,0
2020-03-27 12:54:02,5,48,21.9,42,14.2,1024.5,1.4,3.1,13,159.6,0
2020-03-27 12:59:02,5,47,22.1,40,14.8,1024.4,0.7,1.0,14,159.6,0
2020-03-27 13:04:02,5,47,22.3,41,14.7,1024.0,0.7,2.0,1,159.6,0
2020-03-27 13:09:02,5,47,22.5,40,14.6,1023.9,1.7,3.1,15,159.6,0
2020-03-27 13:14:02,5,47,22.6,39,15.4,1023.6,0.3,1.0,3,159.6,0
2020-03-27 13:19:02,5,47,22.7,41,14.7,1023.5,1.4,3.1,0,159.6,0
2020-03-27 13:24:02,5,47,22.7,41,14.6,1023.2,1.4,2.0,0,159.6,0
2020-03-27 13:29:02,5,47,22.8,38,16.1,1023.2,0.0,0.7,13,159.6,0
2020-03-27 13:34:02,5,47,22.9,39,15.6,1023.1,0.7,1.0,1,159.6,0
2020-03-27 13:39:02,5,45,23.0,38,15.2,1022.9,1.0,2.7,5,159.6,0
2020-03-27 13:44:02,5,44,23.0,36,16.0,1022.8,0.7,3.1,1,159.6,0
2020-03-27 13:49:02,5,44,23.0,36,16.3,1023.0,0.3,1.0,12,159.6,0
2020-03-27 13:54:02,5,44,23.0,36,16.3,1022.8,1.0,2.0,12,159.6,0
2020-03-27 13:59:02,5,43,23.0,36,15.8,1022.8,1.0,1.7,11,159.6,0
2020-03-27 14:04:02,5,43,23.0,37,15.9,1022.9,0.7,2.0,9,159.6,0
2020-03-27 14:09:02,5,43,23.0,36,16.3,1022.7,1.0,2.7,0,159.6,0
2020-03-27 14:14:02,5,44,23.0,37,15.8,1022.9,0.7,2.0,5,159.6,0
2020-03-27 14:19:02,5,44,23.0,37,15.7,1022.8,1.4,3.1,14,159.6,0
2020-03-27 14:24:02,5,45,22.9,37,15.5,1022.8,1.7,4.1,13,159.6,0
2020-03-27 14:29:02,5,45,22.9,37,15.8,1022.7,1.0,1.7,4,159.6,0
2020-03-27 14:34:02,5,45,22.9,37,16.2,1022.7,0.3,1.7,8,159.6,0
2020-03-27 14:39:02,5,45,22.9,36,16.4,1022.7,0.7,1.7,11,159.6,0
2020-03-27 14:44:02,5,46,22.9,36,16.1,1022.5,1.0,2.7,12,159.6,0
2020-03-27 14:49:02,5,45,23.0,38,15.5,1022.6,1.4,2.0,12,159.6,0
2020-03-27 14:54:02,5,46,23.0,38,15.4,1022.6,0.3,1.0,14,159.6,0
2020-03-27 14:59:02,5,46,23.0,38,15.1,1022.7,1.0,2.7,14,159.6,0
2020-03-27 15:04:02,5,45,23.0,39,15.0,1022.5,1.4,2.7,13,159.6,0
2020-03-27 15:09:02,5,45,23.0,39,15.2,1022.6,1.0,2.0,3,159.6,0
2020-03-27 15:14:02,5,45,23.0,38,15.0,1022.5,1.0,2.0,1,159.6,0
2020-03-27 15:19:02,5,45,23.0,38,15.2,1022.5,1.0,2.0,11,159.6,0
2020-03-27 15:24:02,5,45,23.0,38,15.1,1022.5,0.7,1.7,5,159.6,0
2020-03-27 15:29:02,5,45,23.0,38,15.1,1022.3,1.0,3.1,3,159.6,0
2020-03-27 15:34:02,5,45,23.0,39,15.2,1022.3,0.0,0.7,12,159.6,0
2020-03-27 15:39:02,5,45,23.0,38,15.1,1022.4,1.4,3.1,7,159.6,0
2020-03-27 15:44:02,5,45,23.0,39,15.2,1022.2,0.3,1.0,7,159.6,0
2020-03-27 15:49:02,5,45,23.0,39,15.3,1022.3,1.0,3.7,15,159.6,0
2020-03-27 15:54:02,5,45,23.0,39,15.2,1022.3,1.0,2.0,10,159.6,0
2020-03-27 15:59:02,5,45,23.0,39,15.1,1022.4,0.3,1.7,10,159.6,0
2020-03-27 16:04:02,5,44,23.0,39,15.1,1022.3,0.3,1.0,4,159.6,0
2020-03-27 16:09:02,5,45,22.9,39,15.0,1022.2,1.0,2.0,5,159.6,0
2020-03-27 16:14:02,5,46,22.9,40,15.0,1022.3,1.0,2.0,12,159.6,0
2020-03-27 16:19:02,5,46,22.9,40,15.0,1022.4,0.7,2.0,4,159.6,0
2020-03-27 16:24:02,5,46,22.9,40,15.0,1022.4,1.0,1.7,0,159.6,0
2020-03-27 16:29:02,5,46,22.9,40,14.9,1022.4,0.3,0.7,11,159.6,0
2020-03-27 16:34:02,5,46,22.8,40,14.9,1022.5,0.7,2.0,14,159.6,0
2020-03-27 16:39:02,5,46,22.7,40,14.9,1022.6,0.7,1.7,6,159.6,0
2020-03-27 16:44:02,5,46,22.6,41,14.8,1022.4,0.3,1.0,11,159.6,0
2020-03-27 16:49:02,5,45,22.6,42,14.8,1022.6,0.3,1.0,2,159.6,0
2020-03-27 16:54:02,5,44,22.6,42,14.7,1022.6,0.3,1.0,0,159.6,0
2020-03-27 16:59:02,5,43,22.5,45,14.5,1022.9,0.7,1.0,13,159.6,0
2020-03-27 17:04:02,5,43,22.3,53,13.4,1022.9,0.0,0.0,2,159.6,0
2020-03-27 17:09:02,5,42,22.3,55,12.9,1023.2,1.0,2.0,10,159.6,0
2020-03-27 17:14:02,5,42,22.2,57,12.6,1023.3,0.7,1.7,0,159.6,0
2020-03-27 17:19:02,5,43,22.1,58,12.4,1023.6,0.3,1.0,15,159.6,0
2020-03-27 17:24:02,5,45,22.0,59,12.2,1023.6,0.3,0.7,0,159.6,0
2020-03-27 17:29:02,5,46,21.9,60,11.9,1023.8,0.7,1.7,0,159.6,0
2020-03-27 17:34:02,5,49,21.9,61,11.7,1023.9,1.0,1.7,15,159.6,0
2020-03-27 17:39:02,5,50,21.8,62,11.5,1024.0,0.3,1.0,1,159.6,0
2020-03-27 17:44:02,5,49,21.8,63,11.4,1024.1,0.7,1.7,15,159.6,0
2020-03-27 17:49:02,5,49,21.8,64,11.2,1024.2,0.3,1.0,2,159.6,0
2020-03-27 17:54:02,5,49,21.7,64,11.0,1024.2,0.7,1.0,2,159.6,0
2020-03-27 17:59:02,5,49,21.7,65,10.9,1024.3,0.3,1.0,1,159.6,0
2020-03-27 18:04:02,5,49,21.6,66,10.7,1024.5,0.7,1.7,14,159.6,0
2020-03-27 18:09:02,5,49,21.6,66,10.6,1024.6,1.0,2.0,3,159.6,0
2020-03-27 18:14:02,5,50,21.5,67,10.4,1024.8,1.4,2.7,1,159.6,0
2020-03-27 18:19:02,5,50,21.5,68,10.3,1024.8,0.3,0.7,2,159.6,0
2020-03-27 18:24:02,5,50,21.3,68,10.1,1025.0,1.4,3.1,13,159.6,0
2020-03-27 18:29:02,5,50,21.3,69,10.0,1025.2,0.3,1.0,15,159.6,0
2020-03-27 18:34:02,5,50,21.3,70,9.9,1025.2,0.3,0.7,2,159.6,0
2020-03-27 18:39:02,5,50,21.2,70,9.8,1025.3,0.3,0.7,1,159.6,0
2020-03-27 18:44:02,5,50,21.2,71,9.7,1025.6,1.0,1.7,15,159.6,0
2020-03-27 18:49:02,5,50,21.1,71,9.7,1025.4,0.3,2.0,1,159.6,0
2020-03-27 18:54:02,5,50,21.1,71,9.6,1025.7,0.7,1.7,0,159.6,0
2020-03-27 18:59:02,5,50,21.0,71,9.6,1025.8,1.0,2.7,15,159.6,0
2020-03-27 19:04:02,5,50,21.0,71,9.6,1025.8,0.3,1.0,1,159.6,0
2020-03-27 19:09:02,5,52,20.9,72,9.5,1026.0,0.7,1.7,1,159.6,0
2020-03-27 19:14:02,5,52,20.9,72,9.5,1026.0,0.7,1.0,3,159.6,0
2020-03-27 19:19:02,5,52,20.9,72,9.5,1026.0,1.4,3.1,13,159.6,0
2020-03-27 19:24:02,5,53,20.9,72,9.4,1026.1,0.7,2.0,0,159.6,0
2020-03-27 19:29:02,5,53,20.9,72,9.3,1026.1,0.7,2.7,15,159.6,0
2020-03-27 19:34:02,5,53,20.9,73,9.3,1026.1,1.0,3.7,15,159.6,0
2020-03-27 19:39:02,5,53,20.9,73,9.2,1026.1,1.0,2.0,15,159.6,0
2020-03-27 19:44:02,5,52,21.0,73,9.1,1026.2,1.0,3.1,14,159.6,0
2020-03-27 19:49:02,5,52,21.0,73,9.1,1026.1,0.3,1.0,1,159.6,0
2020-03-27 19:54:02,5,52,21.0,74,8.9,1026.2,0.7,1.7,14,159.6,0
2020-03-27 19:59:02,5,52,21.0,74,8.9,1026.1,0.3,1.0,1,159.6,0
2020-03-27 20:04:02,5,51,21.0,74,8.9,1026.4,1.4,2.7,15,159.6,0
2020-03-27 20:09:02,5,51,21.0,74,8.8,1026.2,0.7,2.7,1,159.6,0
2020-03-27 20:14:02,5,51,21.0,75,8.7,1026.3,0.7,2.0,14,159.6,0
2020-03-27 20:19:02,5,52,20.9,75,8.6,1026.4,0.7,1.7,0,159.6,0
2020-03-27 20:24:02,5,52,20.9,75,8.5,1026.5,1.4,2.7,0,159.6,0
2020-03-27 20:29:02,5,52,20.9,76,8.4,1026.5,1.0,3.1,15,159.6,0
2020-03-27 20:34:02,5,52,20.9,76,8.4,1026.6,1.4,3.7,15,159.6,0
2020-03-27 20:39:02,5,52,20.8,76,8.3,1026.7,0.7,2.0,1,159.6,0
2020-03-27 20:44:02,5,52,20.8,76,8.2,1026.8,0.3,1.0,2,159.6,0
2020-03-27 20:49:02,5,52,20.7,76,8.3,1026.8,1.7,3.1,0,159.6,0
2020-03-27 20:54:02,5,52,20.7,76,8.2,1026.9,0.7,1.7,15,159.6,0
2020-03-27 20:59:02,5,52,20.7,76,8.1,1026.9,0.7,1.0,0,159.6,0
2020-03-27 21:04:02,5,52,20.7,76,8.1,1026.9,0.7,1.7,0,159.6,0
2020-03-27 21:09:02,5,52,20.6,76,8.0,1027.0,0.0,0.7,1,159.6,0
2020-03-27 21:14:02,5,52,20.6,76,8.1,1027.0,0.3,1.0,0,159.6,0
2020-03-27 21:19:02,5,52,20.6,76,8.0,1027.1,0.3,1.0,0,159.6,0
2020-03-27 21:24:02,5,52,20.5,76,8.0,1027.1,0.7,1.7,1,159.6,0
2020-03-27 21:29:02,5,52,20.5,75,8.1,1027.2,0.3,1.0,14,159.6,0
2020-03-27 21:34:02,5,52,20.5,74,8.0,1027.3,0.3,1.0,2,159.6,0
2020-03-27 21:39:02,5,52,20.5,75,8.0,1027.4,0.3,1.0,1,159.6,0
2020-03-27 21:44:02,5,52,20.4,75,7.9,1027.5,0.7,1.0,1,159.6,0
2020-03-27 21:49:02,5,52,20.4,75,7.9,1027.5,0.7,1.7,14,159.6,0
2020-03-27 21:54:02,5,52,20.4,76,7.7,1027.6,0.7,1.7,1,159.6,0
2020-03-27 21:59:02,5,52,20.3,76,7.7,1027.6,0.7,1.0,1,159.6,0
2020-03-27 22:04:02,5,52,20.3,77,7.5,1027.6,0.3,1.0,0,159.6,0
2020-03-27 22:09:02,5,52,20.3,77,7.4,1027.7,0.0,0.7,15,159.6,0
2020-03-27 22:14:02,5,52,20.3,77,7.3,1027.8,0.7,2.0,0,159.6,0
2020-03-27 22:19:02,5,53,20.3,78,7.2,1027.7,0.3,0.7,1,159.6,0
2020-03-27 22:24:02,5,53,20.2,77,7.3,1027.6,1.0,2.0,2,159.6,0
2020-03-27 22:29:02,5,53,20.2,77,7.2,1027.7,0.3,1.0,1,159.6,0
2020-03-27 22:34:02,5,53,20.1,77,7.2,1027.7,1.0,1.7,15,159.6,0
2020-03-27 22:39:02,5,53,20.1,77,7.1,1027.7,0.7,1.7,0,159.6,0
2020-03-27 22:44:02,5,53,20.1,77,7.1,1027.7,0.7,1.0,0,159.6,0
2020-03-27 22:49:02,5,53,20.1,77,7.0,1027.9,0.3,0.7,1,159.6,0
2020-03-27 22:54:02,5,53,20.0,76,7.1,1027.9,0.3,1.0,1,159.6,0
2020-03-27 22:59:02,5,53,20.0,76,7.0,1027.8,0.3,1.0,2,159.6,0
2020-03-27 23:04:02,5,53,20.0,76,7.0,1028.0,0.3,1.0,2,159.6,0
2020-03-27 23:09:02,5,53,20.0,76,7.0,1027.9,0.7,1.0,15,159.6,0
2020-03-27 23:14:02,5,53,20.0,76,6.9,1027.9,0.3,1.0,14,159.6,0
2020-03-27 23:19:02,5,54,19.9,76,6.9,1027.8,0.3,1.0,0,159.6,0
2020-03-27 23:24:02,5,54,19.8,77,6.8,1027.9,0.3,0.7,1,159.6,0
2020-03-27 23:29:02,5,54,19.8,77,6.8,1028.0,0.3,1.0,1,159.6,0
2020-03-27 23:34:02,5,54,19.8,77,6.7,1028.0,0.7,1.0,14,159.6,0
2020-03-27 23:39:02,5,54,19.8,77,6.6,1028.1,0.3,0.7,1,159.6,0
2020-03-27 23:44:02,5,54,19.8,78,6.6,1028.0,0.7,2.0,1,159.6,0
2020-03-27 23:49:02,5,54,19.8,78,6.5,1028.1,0.7,1.7,1,159.6,0
2020-03-27 23:54:02,5,54,19.7,78,6.6,1028.2,1.4,3.1,13,159.6,0
2020-03-27 23:59:02,5,54,19.7,78,6.5,1028.0,0.7,1.0,0,159.6,0
