2020-03-01 00:00:01,5,58,18.0,77,5.4,998.4,2.4,5.1,9,77.7,0
2020-03-01 00:05:01,5,58,17.9,77,5.4,998.6,1.4,2.0,7,77.7,0
2020-03-01 00:10:01,5,58,17.9,77,5.3,998.6,1.4,2.7,4,77.7,0
2020-03-01 00:15:01,5,58,17.9,77,5.4,998.5,1.7,3.1,11,77.7,0
2020-03-01 00:20:01,5,58,17.9,77,5.4,998.6,1.4,3.7,11,77.7,0
2020-03-01 00:25:01,5,58,17.8,77,5.5,998.5,2.0,5.1,10,77.7,0
2020-03-01 00:30:01,5,58,17.8,77,5.5,998.6,1.4,3.7,8,77.7,0
2020-03-01 00:35:01,5,58,17.8,77,5.5,998.7,1.7,3.1,9,77.7,0
2020-03-01 00:40:01,5,58,17.7,76,5.5,998.6,1.7,4.8,9,77.7,0
2020-03-01 00:45:01,5,57,18.5,76,5.5,998.6,2.4,4.1,11,77.7,0
2020-03-01 00:50:01,5,58,17.6,76,5.6,998.7,1.4,2.7,6,77.7,0
2020-03-01 00:55:01,5,58,17.6,76,5.6,998.7,1.4,2.7,11,77.7,0
2020-03-01 01:00:01,5,58,17.5,76,5.7,998.7,1.4,2.7,8,77.7,0
2020-03-01 01:05:01,5,58,17.5,76,5.7,998.9,1.4,2.7,8,77.7,0
2020-03-01 01:10:01,5,58,17.4,75,5.9,998.9,2.4,4.8,8,77.7,0
2020-03-01 01:15:01,5,58,17.4,75,5.9,999.1,2.0,4.1,11,77.7,0
2020-03-01 01:20:01,5,58,17.4,75,6.0,999.0,1.0,2.0,12,77.7,0
2020-03-01 01:25:01,5,57,17.3,75,6.0,999.0,1.7,3.1,8,77.7,0
2020-03-01 01:30:01,5,57,17.3,76,5.8,999.0,0.7,2.0,13,77.7,0
2020-03-01 01:35:01,5,57,17.3,75,5.8,998.9,1.7,5.1,10,77.7,0
2020-03-01 01:40:01,5,57,17.3,75,5.8,998.9,2.0,3.1,9,77.7,0
2020-03-01 01:45:01,5,57,17.3,76,5.7,999.0,1.0,2.0,7,77.7,0
2020-03-01 01:50:01,5,57,17.2,76,5.7,998.9,2.7,4.1,11,77.7,0
2020-03-01 01:55:01,5,57,17.2,76,5.7,999.0,1.7,2.7,14,77.7,0
2020-03-01 02:00:01,5,57,17.1,76,5.8,999.0,1.7,4.1,10,77.7,0
2020-03-01 02:05:01,5,57,17.1,75,5.8,998.8,1.0,2.0,14,77.7,0
2020-03-01 02:10:01,5,57,17.1,75,5.8,998.8,1.7,3.1,14,77.7,0
2020-03-01 02:15:01,5,57,17.0,75,5.9,998.9,2.0,4.1,6,77.7,0
2020-03-01 02:20:01,5,57,17.0,75,5.9,999.0,1.7,2.7,7,77.7,0
2020-03-01 02:25:01,5,57,17.0,75,5.9,998.9,1.7,3.1,9,77.7,0
2020-03-01 02:30:01,5,57,17.0,75,5.8,998.8,2.0,4.1,5,77.7,0
2020-03-01 02:35:01,5,57,17.0,75,5.7,998.9,1.0,2.7,13,77.7,0
2020-03-01 02:40:01,5,58,16.9,75,5.7,998.7,1.4,2.7,2,77.7,0
2020-03-01 02:45:01,5,58,16.9,75,5.8,998.8,1.7,2.7,12,77.7,0
2020-03-01 02:50:01,5,58,16.9,75,5.8,998.8,1.7,2.7,11,77.7,0
2020-03-01 02:55:01,5,58,16.9,75,5.8,998.8,2.0,4.1,11,77.7,0
2020-03-01 03:00:01,5,58,16.9,74,5.9,999.0,2.0,4.8,11,77.7,0
2020-03-01 03:05:01,5,58,16.8,74,5.8,998.9,2.7,5.8,9,77.7,0
2020-03-01 03:10:01,5,58,16.8,74,5.8,999.1,1.7,3.1,12,77.7,0
2020-03-01 03:15:01,5,58,16.8,74,5.8,999.0,2.0,5.8,10,77.7,0
2020-03-01 03:20:01,5,57,16.8,74,5.8,998.9,2.0,5.8,11,77.7,0
2020-03-01 03:25:01,5,57,16.8,74,5.8,998.9,1.4,3.1,8,77.7,0
2020-03-01 03:30:01,5,57,16.8,74,5.8,998.9,1.7,3.1,9,77.7,0
2020-03-01 03:35:01,5,57,16.8,75,5.8,998.9,1.0,2.0,12,77.7,0
2020-03-01 03:40:01,5,57,16.8,75,5.8,998.8,1.4,3.1,9,77.7,0
2020-03-01 03:45:01,5,57,16.8,75,5.9,998.8,2.0,4.8,7,77.7,0
2020-03-01 03:50:01,5,57,16.8,75,5.9,998.7,1.7,3.7,10,77.7,0
2020-03-01 03:55:01,5,57,16.8,76,5.9,998.9,1.7,3.7,8,77.7,0
2020-03-01 04:00:01,5,57,16.9,77,5.9,998.8,2.0,4.1,9,77.7,0
2020-03-01 04:05:01,5,57,16.9,77,5.9,998.7,1.7,3.7,10,77.7,0
2020-03-01 04:10:01,5,56,17.0,77,6.0,998.7,1.4,2.7,8,77.7,0
2020-03-01 04:15:01,5,55,17.0,77,6.0,998.7,1.0,1.7,10,77.7,0
2020-03-01 04:20:01,5,55,17.0,76,6.1,998.8,1.7,3.7,11,77.7,0
2020-03-01 04:25:01,5,55,17.1,76,6.1,998.7,2.0,4.8,6,77.7,0
2020-03-01 04:30:01,5,55,17.1,76,6.1,998.9,1.7,4.1,9,77.7,0
2020-03-01 04:35:01,5,55,17.1,76,6.1,998.8,3.1,5.1,5,77.7,0
2020-03-01 04:40:01,5,55,17.1,77,5.9,998.8,1.7,3.1,10,77.7,0
2020-03-01 04:45:01,5,55,17.1,77,5.9,998.5,2.7,4.8,10,77.7,0
2020-03-01 04:50:01,5,54,17.1,77,5.8,998.6,1.7,3.1,10,77.7,0
2020-03-01 04:55:01,5,54,17.1,77,5.8,998.7,2.0,3.7,7,77.7,0
2020-03-01 05:00:01,5,54,17.1,77,5.8,998.6,1.7,3.7,10,77.7,0
2020-03-01 05:05:01,5,54,17.1,76,5.8,998.7,1.4,4.1,5,77.7,0
2020-03-01 05:10:01,5,54,17.0,76,5.8,998.8,1.4,3.1,10,77.7,0
2020-03-01 05:15:01,5,54,17.0,76,5.6,998.7,1.0,1.7,9,77.7,0
2020-03-01 05:20:01,5,54,17.0,76,5.7,998.7,1.7,3.1,11,77.7,0
2020-03-01 05:25:01,5,54,17.0,77,5.5,998.8,1.4,2.7,0,77.7,0
2020-03-01 05:30:01,5,54,17.0,77,5.5,998.7,1.4,3.7,11,77.7,0
2020-03-01 05:35:01,5,54,17.0,78,5.6,998.8,2.7,4.1,7,77.7,0
2020-03-01 05:40:01,5,54,17.0,79,5.5,998.6,1.7,3.1,12,77.7,0
2020-03-01 05:45:01,5,54,17.0,79,5.4,998.7,1.4,3.7,9,77.7,0
2020-03-01 05:50:01,5,54,17.1,79,5.5,998.7,2.4,3.7,11,77.7,0
2020-03-01 05:55:01,5,54,17.1,79,5.5,998.5,1.0,2.0,9,77.7,0
2020-03-01 06:00:01,5,54,17.1,79,5.6,998.6,2.4,4.1,9,77.7,0
2020-03-01 06:05:01,5,54,17.1,80,5.6,998.6,1.7,4.8,9,77.7,0
2020-03-01 06:10:01,5,54,17.1,80,5.6,998.5,1.0,2.0,11,77.7,0
2020-03-01 06:15:01,5,54,17.1,79,5.7,998.7,1.7,4.1,8,77.7,0
2020-03-01 06:20:01,5,54,17.1,79,5.7,998.5,1.4,2.7,6,77.7,0
2020-03-01 06:25:01,5,54,17.1,80,5.7,998.6,1.7,3.7,11,77.7,0
2020-03-01 06:30:01,5,54,17.0,80,5.7,998.5,1.0,1.7,9,77.7,0
2020-03-01 06:35:01,5,54,17.0,80,5.7,998.7,1.4,2.7,11,77.7,0
2020-03-01 06:40:01,5,54,17.0,80,5.7,998.6,1.7,2.7,7,77.7,0
2020-03-01 06:45:01,5,54,17.0,80,5.7,998.8,1.7,3.7,9,77.7,0
2020-03-01 06:50:01,5,54,17.0,79,5.9,998.7,2.4,5.8,10,77.7,0
2020-03-01 06:55:01,5,54,17.0,79,5.8,998.7,1.7,3.7,12,77.7,0
2020-03-01 07:00:01,5,54,17.1,79,5.8,998.7,1.0,2.0,10,77.7,0
2020-03-01 07:05:01,5,54,17.3,79,5.8,998.6,1.7,3.7,12,77.7,0
2020-03-01 07:10:01,5,54,17.3,79,5.8,998.7,1.0,2.7,5,77.7,0
2020-03-01 07:15:01,5,54,17.4,78,5.9,998.6,2.0,3.7,9,77.7,0
2020-03-01 07:20:01,5,54,17.4,78,5.9,998.6,2.7,7.1,10,77.7,0
2020-03-01 07:25:01,5,53,17.6,78,5.9,998.5,1.7,4.1,9,77.7,0
2020-03-01 07:30:01,5,54,17.8,78,5.9,998.1,2.7,5.1,6,77.7,0
2020-03-01 07:35:01,5,54,17.9,78,5.9,998.2,2.0,4.1,7,77.7,0
2020-03-01 07:40:01,5,55,18.1,77,6.0,998.1,2.0,4.1,12,77.7,0
2020-03-01 07:45:01,5,54,19.3,78,6.0,997.8,2.0,4.1,9,77.7,0
2020-03-01 07:50:01,5,54,19.6,78,6.0,997.7,2.0,3.7,12,77.7,0
2020-03-01 07:55:01,5,54,19.8,78,6.1,997.4,1.4,3.1,12,77.7,0
2020-03-01 08:00:01,5,52,20.1,78,6.1,997.3,2.0,3.1,10,77.7,0
2020-03-01 08:05:01,5,52,20.3,78,6.1,997.1,1.0,2.0,1,77.7,0
2020-03-01 08:10:01,5,51,20.4,78,6.1,996.9,2.0,4.1,12,77.7,0
2020-03-01 08:15:01,5,51,20.6,78,6.2,996.7,2.4,5.1,7,77.7,0
2020-03-01 08:20:01,5,50,20.7,78,6.2,996.8,2.0,4.1,8,77.7,0
2020-03-01 08:25:01,5,50,20.7,78,6.3,996.7,1.7,4.1,9,77.7,0
2020-03-01 08:30:01,5,50,20.9,79,6.2,996.8,1.0,2.0,8,77.7,0
2020-03-01 08:35:01,5,49,20.9,79,6.2,996.7,1.7,3.7,8,77.7,0
2020-03-01 08:40:01,5,49,20.8,79,6.3,996.9,2.4,4.1,7,77.7,0
2020-03-01 08:45:01,5,48,20.9,79,6.4,996.9,1.7,3.1,11,77.7,0
2020-03-01 08:50:01,5,48,20.9,79,6.4,996.8,1.0,1.7,8,77.7,0
2020-03-01 08:55:01,5,48,20.8,78,6.4,996.9,1.7,2.7,11,77.7,0
2020-03-01 09:00:01,5,48,20.9,78,6.5,996.8,1.4,3.7,9,77.7,0
2020-03-01 09:05:01,5,48,20.8,79,6.5,996.9,1.7,3.7,10,77.7,0
2020-03-01 09:10:01,5,48,20.9,77,6.8,996.7,2.4,4.1,10,77.7,0
2020-03-01 09:15:01,5,48,21.1,78,6.9,996.7,1.4,2.0,13,77.7,0
2020-03-01 09:20:01,5,47,21.2,78,6.7,996.7,2.0,4.8,11,77.7,0
2020-03-01 09:25:01,5,46,21.3,78,6.8,996.6,1.7,3.1,8,77.7,0
2020-03-01 09:30:01,5,44,21.5,77,6.8,996.5,3.1,5.1,9,77.7,0
2020-03-01 09:35:01,5,44,21.7,76,7.3,996.1,1.4,3.1,5,77.7,0
2020-03-01 09:40:01,5,43,21.9,75,7.2,996.1,2.7,4.1,8,77.7,0
2020-03-01 09:45:01,5,41,22.1,76,6.9,995.8,2.0,4.1,7,77.7,0
2020-03-01 09:50:01,5,40,22.2,76,6.8,995.9,2.7,5.8,6,77.7,0
2020-03-01 09:55:01,5,39,22.3,75,6.9,995.8,2.4,3.7,8,77.7,0
2020-03-01 10:00:01,5,39,22.4,73,7.4,995.7,2.7,4.1,6,77.7,0
2020-03-01 10:05:01,5,38,22.6,72,8.0,995.4,2.4,4.8,10,77.7,0
2020-03-01 10:10:01,5,37,22.8,73,8.0,995.1,1.4,3.1,7,77.7,0
2020-03-01 10:15:01,5,36,23.0,72,8.1,995.1,2.0,5.8,5,77.7,0
2020-03-01 10:20:01,5,36,23.1,71,8.4,994.9,1.0,2.0,10,77.7,0
2020-03-01 10:25:01,5,35,23.2,71,8.4,994.8,1.7,6.8,9,77.7,0
2020-03-01 10:30:01,5,35,23.2,69,8.6,995.0,2.0,4.1,8,77.7,0
2020-03-01 10:35:01,5,35,23.2,67,9.0,995.0,2.7,4.8,11,77.7,0
2020-03-01 10:40:01,5,35,23.3,69,8.8,994.9,1.7,3.7,15,77.7,0
2020-03-01 10:45:01,5,35,23.2,69,8.1,995.1,3.4,5.1,9,77.7,0
2020-03-01 10:50:01,5,35,23.1,70,8.2,995.3,2.0,3.1,9,77.7,0
2020-03-01 10:55:01,5,35,23.0,70,8.1,995.4,2.4,3.7,7,77.7,0
2020-03-01 11:00:01,5,34,22.9,69,8.3,995.5,2.0,3.7,10,77.7,0
2020-03-01 11:05:01,5,35,22.7,70,8.0,995.5,2.4,4.8,5,77.7,0
2020-03-01 11:10:01,5,34,22.6,70,8.0,995.8,2.7,5.1,7,77.7,0
2020-03-01 11:15:01,5,35,22.5,70,8.1,995.9,2.0,3.1,8,77.7,0
2020-03-01 11:20:01,5,34,22.3,70,8.0,996.1,2.4,4.8,11,77.7,0
2020-03-01 11:25:01,5,35,22.2,73,7.7,996.3,2.7,5.1,9,77.7,0
2020-03-01 11:30:01,5,36,22.1,76,7.0,996.5,2.4,4.8,11,77.7,0
2020-03-01 11:35:01,5,38,22.1,81,6.4,996.7,2.7,4.8,14,77.7,0
2020-03-01 11:40:01,5,39,22.2,83,6.1,996.5,2.4,4.1,11,77.7,0
2020-03-01 11:45:01,5,40,22.3,83,6.7,996.2,1.0,2.0,8,77.7,0
2020-03-01 11:50:01,5,41,22.6,81,7.6,995.7,1.0,2.0,8,77.7,0
2020-03-01 11:55:01,5,42,23.0,79,7.9,995.4,1.7,3.7,7,77.7,0
2020-03-01 12:00:01,5,42,23.2,78,8.4,995.1,1.4,2.7,8,77.7,0
2020-03-01 12:05:01,5,42,23.5,73,8.8,994.7,1.7,2.7,9,77.7,0
2020-03-01 12:10:01,5,42,23.6,69,8.7,994.5,2.4,4.1,8,77.7,0
2020-03-01 12:15:01,5,42,23.7,70,8.8,994.3,1.4,2.7,10,77.7,0
2020-03-01 12:20:01,5,42,23.8,68,8.9,994.3,3.4,5.1,8,77.7,0
2020-03-01 12:25:01,5,43,23.8,68,9.3,994.2,1.4,3.1,13,77.7,0
2020-03-01 12:30:01,5,43,23.8,67,9.0,994.1,2.0,4.8,7,77.7,0
2020-03-01 12:35:01,5,43,23.8,67,9.4,994.0,1.7,3.1,11,77.7,0
2020-03-01 12:40:02,5,44,23.8,67,9.3,994.0,1.4,2.7,10,77.7,0
2020-03-01 12:45:02,5,44,23.8,66,9.4,994.1,2.0,4.8,7,77.7,0
2020-03-01 12:50:02,5,44,23.7,63,9.5,994.1,2.7,5.8,2,77.7,0
2020-03-01 12:55:02,5,44,23.7,63,10.0,994.2,1.4,3.7,9,77.7,0
2020-03-01 13:00:02,5,44,23.6,62,10.0,994.1,1.4,3.1,13,77.7,0
2020-03-01 13:05:02,5,44,23.5,60,10.3,994.2,2.7,4.8,8,77.7,0
2020-03-01 13:10:02,5,44,23.4,59,10.3,994.2,2.0,3.7,0,77.7,0
2020-03-01 13:15:02,5,44,23.4,60,10.2,994.4,1.7,3.7,5,77.7,0
2020-03-01 13:20:02,5,45,23.3,59,9.9,994.4,2.0,4.1,7,77.7,0
2020-03-01 13:25:02,5,45,23.2,61,10.3,994.5,1.0,2.0,11,77.7,0
2020-03-01 13:30:02,5,45,23.1,61,10.0,994.7,2.0,3.7,10,77.7,0
2020-03-01 13:35:02,5,45,23.0,60,9.7,994.8,2.4,3.7,9,77.7,0
2020-03-01 13:40:02,5,45,23.0,61,9.6,994.8,1.0,2.0,9,77.7,0
2020-03-01 13:45:02,5,46,22.9,62,9.2,994.9,1.7,3.7,5,77.7,0
2020-03-01 13:50:02,5,47,22.7,62,9.3,994.9,1.7,3.1,7,77.7,0
2020-03-01 13:55:02,5,47,22.6,64,9.2,995.1,1.0,1.7,5,77.7,0
2020-03-01 14:00:02,5,48,22.6,64,9.0,995.0,2.0,3.1,10,77.7,0
2020-03-01 14:05:02,5,48,22.4,64,9.0,995.3,1.0,2.0,15,77.7,0
2020-03-01 14:10:02,5,48,22.3,64,9.0,995.3,1.7,3.7,9,77.7,0
2020-03-01 14:15:02,5,48,22.2,64,9.0,995.5,1.0,2.0,6,77.7,0
2020-03-01 14:20:02,5,48,22.2,64,9.0,995.5,1.0,2.0,12,77.7,0
2020-03-01 14:25:02,5,48,22.1,62,9.0,995.5,1.7,2.7,7,77.7,0
2020-03-01 14:30:02,5,50,21.9,62,9.2,995.6,1.0,1.7,7,77.7,0
2020-03-01 14:35:02,5,50,21.9,60,9.3,995.6,1.4,2.7,12,77.7,0
2020-03-01 14:40:02,5,50,21.8,61,9.3,995.5,1.0,2.0,9,77.7,0
2020-03-01 14:45:02,5,50,21.8,61,9.2,995.7,1.4,3.7,8,77.7,0
2020-03-01 14:50:02,5,50,21.7,62,9.1,995.7,1.0,2.0,12,77.7,0
2020-03-01 14:55:02,5,50,21.7,63,9.1,995.7,0.7,1.0,9,77.7,0
2020-03-01 15:00:02,5,50,21.6,64,9.0,995.8,0.7,1.7,7,77.7,0
2020-03-01 15:05:02,5,50,21.6,64,9.0,995.6,0.3,0.7,12,77.7,0
2020-03-01 15:10:02,5,50,21.5,64,9.1,995.7,1.0,2.0,9,77.7,0
2020-03-01 15:15:02,5,50,21.5,65,8.7,995.8,2.0,4.8,8,77.7,0
2020-03-01 15:20:02,5,50,21.3,65,8.7,995.8,1.4,3.1,8,77.7,0
2020-03-01 15:25:02,5,50,21.3,67,8.6,995.6,1.4,3.7,9,77.7,0
2020-03-01 15:30:02,5,50,21.2,69,8.5,995.7,1.0,2.0,10,77.7,0
2020-03-01 15:35:02,5,50,21.2,70,8.4,995.6,0.7,1.7,8,77.7,0
2020-03-01 15:40:02,5,50,21.2,72,8.3,995.9,1.0,1.7,7,77.7,0
2020-03-01 15:45:02,5,51,21.1,74,7.9,995.7,1.4,2.0,7,77.7,0
2020-03-01 15:50:02,5,51,21.1,74,7.9,995.8,0.7,2.7,5,77.7,0
2020-03-01 15:55:02,5,51,21.1,75,7.7,995.7,0.7,2.0,9,77.7,0
2020-03-01 16:00:02,5,51,21.2,75,7.6,995.7,1.0,2.0,8,77.7,0
2020-03-01 16:05:02,5,51,21.2,75,7.5,995.5,0.3,1.0,6,77.7,0
2020-03-01 16:10:02,5,51,21.3,76,7.5,995.6,0.3,0.7,7,77.7,0
2020-03-01 16:15:02,5,51,21.3,76,7.4,995.5,0.3,0.7,8,77.7,0
2020-03-01 16:20:02,5,51,21.3,76,7.4,995.5,0.3,1.0,7,77.7,0
2020-03-01 16:25:02,5,51,21.4,76,7.2,995.6,0.7,1.7,9,77.7,0
2020-03-01 16:30:02,5,51,21.4,77,7.2,995.4,0.3,1.0,9,77.7,0
2020-03-01 16:35:02,5,53,21.4,77,7.1,995.4,0.7,1.0,8,77.7,0
2020-03-01 16:40:02,5,54,21.5,78,7.1,995.3,0.3,1.0,8,77.7,0
2020-03-01 16:45:02,5,54,21.5,78,7.1,995.4,0.3,1.0,8,77.7,0
2020-03-01 16:50:02,5,54,21.5,78,7.1,995.4,0.3,1.7,8,77.7,0
2020-03-01 16:55:02,5,54,21.5,78,7.0,995.4,0.3,0.7,7,77.7,0
2020-03-01 17:00:02,5,54,21.5,78,7.1,995.4,0.7,1.7,8,77.7,0
2020-03-01 17:05:02,5,55,21.4,78,7.0,995.4,0.0,0.7,8,77.7,0
2020-03-01 17:10:02,5,55,21.3,79,6.9,995.3,0.3,0.7,7,77.7,0
2020-03-01 17:15:02,5,54,21.3,79,6.9,995.5,0.7,1.7,7,77.7,0
2020-03-01 17:20:02,5,54,21.2,79,6.9,995.5,0.3,0.7,7,77.7,0
2020-03-01 17:25:02,5,54,21.2,79,6.8,995.6,0.0,0.0,7,77.7,0
2020-03-01 17:30:02,5,54,21.2,80,6.7,995.8,0.0,0.0,7,77.7,0
2020-03-01 17:35:02,5,54,21.1,80,6.6,996.0,0.0,0.0,7,77.7,0
2020-03-01 17:40:02,5,54,21.1,81,6.5,995.9,0.0,0.0,7,77.7,0
2020-03-01 17:45:02,5,54,21.0,80,6.6,996.0,0.3,1.0,8,77.7,0
2020-03-01 17:50:02,5,54,21.0,80,6.5,996.0,0.0,0.0,8,77.7,0
2020-03-01 17:55:02,5,56,20.9,80,6.6,996.1,0.3,1.0,8,77.7,0
2020-03-01 18:00:02,5,56,20.9,80,6.6,996.2,0.0,0.7,8,77.7,0
2020-03-01 18:05:02,5,56,20.8,80,6.6,996.2,0.3,1.0,8,77.7,0
2020-03-01 18:10:02,5,57,20.9,80,6.6,996.1,0.7,1.7,7,77.7,0
2020-03-01 18:15:02,5,56,21.1,80,6.6,996.1,0.0,0.0,7,77.7,0
2020-03-01 18:20:02,5,55,21.3,80,6.5,995.8,0.0,0.7,7,77.7,0
2020-03-01 18:25:02,5,55,21.6,79,6.5,995.5,0.3,1.0,8,77.7,0
2020-03-01 18:30:02,5,54,21.8,79,6.6,995.3,0.3,0.7,9,77.7,0
2020-03-01 18:35:02,5,54,21.9,79,6.5,995.3,0.7,2.0,8,77.7,0
2020-03-01 18:40:02,5,52,22.1,79,6.6,995.2,0.3,1.0,7,77.7,0
2020-03-01 18:45:02,5,52,22.2,80,6.4,994.9,0.0,0.7,7,77.7,0
2020-03-01 18:50:02,5,51,22.3,80,6.3,994.8,0.0,0.0,8,77.7,0
2020-03-01 18:55:02,5,51,22.3,81,6.3,994.7,0.0,0.0,8,77.7,0
2020-03-01 19:00:02,5,51,22.3,80,6.4,994.7,0.3,1.0,9,77.7,0
2020-03-01 19:05:02,5,51,22.3,80,6.3,994.7,0.0,0.7,7,77.7,0
2020-03-01 19:10:02,5,51,22.3,80,6.2,994.7,0.0,0.0,8,77.7,0
2020-03-01 19:15:02,5,51,22.2,81,6.0,994.8,0.0,0.7,8,77.7,0
2020-03-01 19:20:02,5,51,22.2,81,6.0,994.8,0.0,0.7,7,77.7,0
2020-03-01 19:25:02,5,51,22.1,80,6.2,994.8,0.7,2.0,7,77.7,0
2020-03-01 19:30:02,5,51,22.0,80,6.3,995.0,0.0,0.7,7,77.7,0
2020-03-01 19:35:02,5,52,21.9,80,6.2,995.1,0.0,0.7,7,77.7,0
2020-03-01 19:40:02,5,52,21.9,80,6.3,995.1,0.3,1.0,8,77.7,0
2020-03-01 19:45:02,5,52,21.8,79,6.3,995.3,0.0,1.0,9,77.7,0
2020-03-01 19:50:02,5,53,21.7,79,6.4,995.4,0.3,1.0,9,77.7,0
2020-03-01 19:55:02,5,53,21.6,78,6.5,995.3,0.7,1.0,9,77.7,0
2020-03-01 20:00:02,5,53,21.5,78,6.4,995.5,0.3,0.7,8,77.7,0
2020-03-01 20:05:02,5,53,21.5,78,6.2,995.8,0.3,0.7,8,77.7,0
2020-03-01 20:10:02,5,53,21.5,77,6.3,995.7,0.3,1.0,8,77.7,0
2020-03-01 20:15:02,5,54,21.5,77,6.4,995.9,0.7,1.0,9,77.7,0
2020-03-01 20:20:02,5,54,21.5,77,6.3,995.9,0.3,1.7,7,77.7,0
2020-03-01 20:25:02,5,54,21.5,77,6.2,995.8,0.3,0.7,9,77.7,0
2020-03-01 20:30:02,5,54,21.5,77,6.2,995.7,0.0,0.0,8,77.7,0
2020-03-01 20:35:02,5,53,21.5,77,6.1,995.8,0.3,1.0,7,77.7,0
2020-03-01 20:40:02,5,53,21.5,77,6.3,995.9,0.7,1.7,8,77.7,0
2020-03-01 20:45:02,5,53,21.5,77,6.2,995.9,1.0,3.7,8,77.7,0
2020-03-01 20:50:02,5,53,21.5,77,6.2,996.1,1.0,1.7,8,77.7,0
2020-03-01 20:55:02,5,53,21.5,77,6.1,996.1,0.3,0.7,8,77.7,0
2020-03-01 21:00:02,5,53,21.4,78,6.0,996.2,0.7,1.7,7,77.7,0
2020-03-01 21:05:02,5,53,21.3,77,6.0,996.1,0.3,1.0,9,77.7,0
2020-03-01 21:10:02,5,54,21.3,78,6.0,996.3,0.7,1.0,9,77.7,0
2020-03-01 21:15:02,5,54,21.2,77,6.1,996.4,0.7,1.7,8,77.7,0
2020-03-01 21:20:02,5,54,21.2,78,6.0,996.3,0.3,1.7,8,77.7,0
2020-03-01 21:25:02,5,54,21.1,79,5.7,996.5,0.0,0.7,8,77.7,0
2020-03-01 21:30:02,5,54,21.1,79,5.8,996.4,1.0,1.7,9,77.7,0
2020-03-01 21:35:02,5,54,21.1,79,5.7,996.5,0.3,1.0,9,77.7,0
2020-03-01 21:40:02,5,54,21.0,79,5.8,996.5,0.3,0.7,8,77.7,0
2020-03-01 21:45:02,5,54,21.0,80,5.7,996.6,1.0,1.7,7,77.7,0
2020-03-01 21:50:02,5,55,20.9,80,5.7,996.8,0.7,1.7,7,77.7,0
2020-03-01 21:55:02,5,56,20.9,80,5.7,996.8,0.3,1.0,9,77.7,0
2020-03-01 22:00:02,5,56,20.9,80,5.6,996.9,0.3,1.0,10,77.7,0
2020-03-01 22:05:02,5,56,20.7,81,5.5,996.8,0.7,1.0,9,77.7,0
2020-03-01 22:10:02,5,56,20.7,80,5.6,996.9,0.7,1.7,9,77.7,0
2020-03-01 22:15:02,5,56,20.6,81,5.5,997.0,0.3,1.7,9,77.7,0
2020-03-01 22:20:02,5,56,20.6,81,5.5,997.0,0.3,1.0,10,77.7,0
2020-03-01 22:25:02,5,56,20.6,81,5.5,997.1,0.3,1.0,9,77.7,0
2020-03-01 22:30:02,5,56,20.5,81,5.4,997.0,0.3,1.0,10,77.7,0
2020-03-01 22:35:02,5,56,20.5,81,5.5,997.0,0.3,0.7,10,77.7,0
2020-03-01 22:40:02,5,56,20.5,81,5.4,997.1,0.3,1.0,6,77.7,0
2020-03-01 22:45:02,5,56,20.4,82,5.3,997.2,1.0,3.1,8,77.7,0
2020-03-01 22:50:02,5,56,20.3,82,5.4,997.2,1.0,2.0,8,77.7,0
2020-03-01 22:55:02,5,56,20.3,82,5.4,997.3,1.0,2.0,9,77.7,0
2020-03-01 23:00:02,5,56,20.3,82,5.3,997.3,0.0,0.7,8,77.7,0
2020-03-01 23:05:02,5,56,20.2,82,5.3,997.4,0.7,1.7,8,77.7,0
2020-03-01 23:10:02,5,56,20.2,83,5.3,997.6,0.7,1.7,9,77.7,0
2020-03-01 23:15:02,5,56,20.1,82,5.4,997.5,1.4,2.7,6,77.7,0
2020-03-01 23:20:02,5,56,20.0,83,5.3,997.5,0.7,1.7,6,77.7,0
2020-03-01 23:25:02,5,56,20.0,83,5.3,997.5,0.7,1.7,9,77.7,0
2020-03-01 23:30:02,5,57,19.8,83,5.3,997.5,0.3,1.0,10,77.7,0
2020-03-01 23:35:02,5,57,19.8,82,5.4,997.5,1.0,2.0,8,77.7,0
2020-03-01 23:40:02,5,57,19.7,82,5.4,997.6,0.7,1.7,9,77.7,0
2020-03-01 23:45:02,5,57,19.7,82,5.4,997.7,1.0,1.7,8,77.7,0
2020-03-01 23:50:02,5,57,19.6,83,5.3,997.8,0.7,1.7,8,77.7,0
2020-03-01 23:55:02,5,57,19.6,83,5.3,998.0,1.0,1.7,9,77.7,0
