2020-04-24 00:00:00,5,50,21.8,76,11.5,1019.7,0.0,0.0,0,162.9,0
2020-04-24 00:05:00,5,50,21.8,76,11.5,1019.8,0.0,0.0,0,162.9,0
2020-04-24 00:10:00,5,50,21.8,77,11.4,1019.6,0.0,0.0,0,162.9,0
2020-04-24 00:15:00,5,50,21.7,77,11.3,1019.6,0.0,0.0,0,162.9,0
2020-04-24 00:20:00,5,50,21.7,77,11.3,1019.6,0.0,0.0,0,162.9,0
2020-04-24 00:25:00,5,50,21.7,78,11.3,1019.6,0.0,0.0,0,162.9,0
2020-04-24 00:30:00,5,50,21.7,79,11.3,1019.6,0.0,0.0,0,162.9,0
2020-04-24 00:35:00,5,50,21.7,79,11.1,1019.4,0.0,0.0,0,162.9,0
2020-04-24 00:40:00,5,50,21.7,80,10.9,1019.4,0.0,0.0,0,162.9,0
2020-04-24 00:45:00,5,50,21.6,80,10.9,1019.5,0.0,0.0,0,162.9,0
2020-04-24 00:50:00,5,50,21.6,81,10.9,1019.5,0.0,0.0,0,162.9,0
2020-04-24 00:55:00,5,50,21.6,81,10.9,1019.3,0.0,0.0,0,162.9,0
2020-04-24 01:00:00,5,50,21.5,82,10.9,1019.5,0.0,0.0,0,162.9,0
2020-04-24 01:05:00,5,50,21.5,82,10.8,1019.6,0.0,0.0,0,162.9,0
2020-04-24 01:10:00,5,50,21.5,81,10.9,1019.6,0.0,0.0,0,162.9,0
2020-04-24 01:15:00,5,50,21.5,82,10.8,1019.6,0.0,0.0,0,162.9,0
2020-04-24 01:20:00,5,50,21.5,82,10.8,1019.5,0.0,0.0,0,162.9,0
2020-04-24 01:25:00,5,50,21.4,82,10.9,1019.5,0.0,0.0,0,162.9,0
2020-04-24 01:30:00,5,50,21.4,82,10.8,1019.5,0.0,0.0,0,162.9,0
2020-04-24 01:35:00,5,50,21.4,83,10.8,1019.5,0.0,0.0,0,162.9,0
2020-04-24 01:40:00,5,50,21.3,82,10.9,1019.5,0.0,0.0,0,162.9,0
2020-04-24 01:45:00,5,50,21.3,82,10.8,1019.6,0.0,0.0,0,162.9,0
2020-04-24 01:50:00,5,50,21.3,81,10.8,1019.5,0.0,0.0,0,162.9,0
2020-04-24 01:55:00,5,50,21.3,80,11.0,1019.6,0.0,0.0,0,162.9,0
2020-04-24 02:00:00,5,50,21.3,80,11.1,1019.4,0.0,0.0,0,162.9,0
2020-04-24 02:05:00,5,50,21.3,80,11.0,1019.6,0.0,0.0,0,162.9,0
2020-04-24 02:10:00,5,50,21.3,80,10.9,1019.4,0.0,0.0,0,162.9,0
2020-04-24 02:15:00,5,50,21.2,81,10.8,1019.5,0.0,0.0,0,162.9,0
2020-04-24 02:20:00,5,50,21.2,82,10.7,1019.4,0.0,0.0,0,162.9,0
2020-04-24 02:25:00,5,50,21.2,83,10.5,1019.6,0.0,0.0,0,162.9,0
2020-04-24 02:30:00,5,50,21.2,84,10.4,1019.5,0.0,0.0,0,162.9,0
2020-04-24 02:35:00,5,50,21.2,84,10.2,1019.6,0.0,0.0,0,162.9,0
2020-04-24 02:40:00,5,50,21.2,84,10.2,1019.6,0.0,0.0,0,162.9,0
2020-04-24 02:45:00,5,50,21.2,84,10.1,1019.6,0.0,0.0,0,162.9,0
2020-04-24 02:50:00,5,50,21.1,85,10.1,1019.6,0.0,0.0,0,162.9,0
2020-04-24 02:55:00,5,50,21.1,85,10.0,1019.6,0.0,0.0,0,162.9,0
2020-04-24 03:00:00,5,50,21.1,85,9.9,1019.5,0.0,0.0,0,162.9,0
2020-04-24 03:05:00,5,50,21.1,86,9.9,1019.3,0.0,0.0,0,162.9,0
2020-04-24 03:10:00,5,50,21.1,86,9.8,1019.5,0.0,0.0,0,162.9,0
2020-04-24 03:15:00,5,50,21.1,86,10.0,1019.5,0.0,0.0,0,162.9,0
2020-04-24 03:20:00,5,50,21.0,86,9.9,1019.4,0.0,0.0,0,162.9,0
2020-04-24 03:25:00,5,50,21.0,86,10.0,1019.5,0.0,0.0,0,162.9,0
2020-04-24 03:30:00,5,50,21.0,86,10.0,1019.6,0.0,0.0,0,162.9,0
2020-04-24 03:35:00,5,50,21.0,85,10.0,1019.4,0.0,0.0,0,162.9,0
2020-04-24 03:40:00,5,51,20.9,85,10.1,1019.6,0.0,0.0,0,162.9,0
2020-04-24 03:45:00,5,51,20.9,85,10.1,1019.4,0.0,0.0,0,162.9,0
2020-04-24 03:50:00,5,51,20.9,84,10.3,1019.4,0.0,0.7,0,162.9,0
2020-04-24 03:55:00,5,51,20.9,84,10.4,1019.4,0.0,0.0,0,162.9,0
2020-04-24 04:00:00,5,51,20.9,83,10.3,1019.4,0.0,0.0,0,162.9,0
2020-04-24 04:05:00,5,51,20.9,83,10.3,1019.4,0.0,0.0,0,162.9,0
2020-04-24 04:10:00,5,51,20.8,83,10.3,1019.3,0.0,0.0,0,162.9,0
2020-04-24 04:15:00,5,51,20.8,82,10.3,1019.4,0.0,0.0,0,162.9,0
2020-04-24 04:20:00,5,51,20.7,82,10.3,1019.3,0.0,0.7,0,162.9,0
2020-04-24 04:25:00,5,51,20.7,82,10.4,1019.4,0.0,0.7,1,162.9,0
2020-04-24 04:30:00,5,51,20.7,82,10.3,1019.5,0.0,0.7,1,162.9,0
2020-04-24 04:35:00,5,51,20.7,82,10.3,1019.4,0.0,0.0,0,162.9,0
2020-04-24 04:40:00,5,51,20.7,82,10.3,1019.5,0.3,0.7,0,162.9,0
2020-04-24 04:45:00,5,51,20.7,82,10.3,1019.5,0.0,0.7,1,162.9,0
2020-04-24 04:50:00,5,51,20.7,82,10.3,1019.6,0.7,1.7,1,162.9,0
2020-04-24 04:55:00,5,51,20.7,82,10.3,1019.6,0.0,0.7,0,162.9,0
2020-04-24 05:00:00,5,51,20.7,82,10.3,1019.6,0.0,0.7,2,162.9,0
2020-04-24 05:05:00,5,51,20.7,82,10.3,1019.6,0.3,0.7,1,162.9,0
2020-04-24 05:10:00,5,51,20.7,82,10.3,1019.7,0.0,0.0,1,162.9,0
2020-04-24 05:15:00,5,51,20.7,82,10.5,1019.7,0.3,1.0,2,162.9,0
2020-04-24 05:20:00,5,51,20.7,81,10.6,1019.7,1.0,1.7,0,162.9,0
2020-04-24 05:25:00,5,51,20.7,81,10.7,1019.8,0.3,1.0,1,162.9,0
2020-04-24 05:30:00,5,51,20.7,80,10.8,1019.7,0.3,1.0,1,162.9,0
2020-04-24 05:35:00,5,51,20.9,80,10.8,1019.8,0.0,0.0,2,162.9,0
2020-04-24 05:40:00,5,51,20.9,80,10.9,1019.8,1.0,2.0,1,162.9,0
2020-04-24 05:45:00,5,50,21.0,79,11.1,1019.7,0.0,0.7,3,162.9,0
2020-04-24 05:50:00,5,50,21.0,80,10.9,1019.6,0.3,1.0,1,162.9,0
2020-04-24 05:55:00,5,50,21.1,79,10.9,1019.5,1.0,1.7,1,162.9,0
2020-04-24 06:00:00,5,50,21.1,79,11.1,1019.6,0.3,1.7,1,162.9,0
2020-04-24 06:05:00,5,50,21.2,78,11.2,1019.4,0.3,1.7,0,162.9,0
2020-04-24 06:10:00,5,50,21.3,76,11.8,1019.4,0.0,0.0,1,162.9,0
2020-04-24 06:15:00,5,50,21.5,75,11.8,1019.3,0.3,1.0,2,162.9,0
2020-04-24 06:20:00,5,50,21.7,75,11.9,1019.3,0.0,0.0,2,162.9,0
2020-04-24 06:25:00,5,50,21.8,75,11.9,1019.1,0.7,1.0,2,162.9,0
2020-04-24 06:30:00,5,49,22.1,74,12.3,1018.9,1.0,1.7,1,162.9,0
2020-04-24 06:35:00,5,49,22.3,73,12.5,1018.6,0.3,1.7,1,162.9,0
2020-04-24 06:40:00,5,48,22.6,73,12.5,1018.4,1.0,2.0,1,162.9,0
2020-04-24 06:45:00,5,48,22.8,72,12.7,1018.2,1.0,2.0,2,162.9,0
2020-04-24 06:50:00,5,47,23.0,72,12.8,1018.0,0.3,1.0,1,162.9,0
2020-04-24 06:55:00,5,46,23.2,71,13.0,1017.9,0.7,1.7,1,162.9,0
2020-04-24 07:00:00,5,46,23.4,70,13.2,1017.6,0.7,2.0,3,162.9,0
2020-04-24 07:05:00,5,46,23.6,68,13.4,1017.5,1.0,2.0,1,162.9,0
2020-04-24 07:10:00,5,46,23.8,67,13.6,1017.2,1.0,1.7,2,162.9,0
2020-04-24 07:15:00,5,44,24.1,64,14.3,1017.0,0.3,1.0,3,162.9,0
2020-04-24 07:20:00,5,44,24.2,62,14.6,1016.8,0.0,1.0,1,162.9,0
2020-04-24 07:25:00,5,44,24.4,61,14.9,1016.6,0.3,1.0,4,162.9,0
2020-04-24 07:30:00,5,44,24.6,60,14.7,1016.4,0.3,1.0,1,162.9,0
2020-04-24 07:35:00,5,43,24.8,59,14.7,1016.1,0.7,1.7,2,162.9,0
2020-04-24 07:40:00,5,42,25.0,58,15.3,1016.1,0.3,1.7,0,162.9,0
2020-04-24 07:45:00,5,42,25.1,56,15.4,1016.0,0.7,1.7,2,162.9,0
2020-04-24 07:50:00,5,41,25.1,57,15.4,1016.2,0.3,1.0,3,162.9,0
2020-04-24 07:55:00,5,41,25.0,56,15.6,1016.3,0.7,1.0,1,162.9,0
2020-04-24 08:00:00,5,42,24.7,55,15.5,1016.6,0.3,0.7,1,162.9,0
2020-04-24 08:05:00,5,43,24.5,54,15.2,1016.7,1.0,1.7,2,162.9,0
2020-04-24 08:10:00,5,43,24.4,53,15.3,1016.8,1.0,1.7,0,162.9,0
2020-04-24 08:15:00,5,43,24.3,53,15.6,1016.9,0.7,1.7,2,162.9,0
2020-04-24 08:20:00,5,43,24.1,52,15.9,1017.0,0.3,1.0,14,162.9,0
2020-04-24 08:25:00,5,44,24.1,51,16.1,1017.1,0.7,1.7,14,162.9,0
2020-04-24 08:30:00,5,44,24.0,48,16.1,1017.2,0.7,1.0,2,162.9,0
2020-04-24 08:35:00,5,45,23.9,48,17.0,1017.2,0.3,0.7,3,162.9,0
2020-04-24 08:40:00,5,45,23.9,48,17.3,1017.4,1.0,1.7,1,162.9,0
2020-04-24 08:45:00,5,45,23.8,48,17.0,1017.4,0.7,1.0,1,162.9,0
2020-04-24 08:50:00,5,45,23.8,49,17.4,1017.4,0.3,1.7,1,162.9,0
2020-04-24 08:55:00,5,45,23.7,47,16.9,1017.7,1.4,3.1,14,162.9,0
2020-04-24 09:00:00,5,45,23.6,49,16.8,1017.5,0.7,1.7,2,162.9,0
2020-04-24 09:05:00,5,45,23.6,48,17.2,1017.7,1.4,2.0,1,162.9,0
2020-04-24 09:10:00,5,45,23.6,46,17.4,1017.6,0.7,2.0,14,162.9,0
2020-04-24 09:15:00,5,45,23.6,45,17.7,1017.8,1.0,2.0,15,162.9,0
2020-04-24 09:20:00,5,44,23.5,45,17.7,1017.8,0.7,2.0,1,162.9,0
2020-04-24 09:25:00,5,42,23.4,41,17.6,1017.8,0.7,1.7,3,162.9,0
2020-04-24 09:30:00,5,41,23.4,41,17.7,1017.9,0.7,2.0,2,162.9,0
2020-04-24 09:35:00,5,39,23.4,42,18.0,1018.0,0.7,1.7,1,162.9,0
2020-04-24 09:40:00,5,39,23.4,42,18.0,1018.1,1.0,2.7,2,162.9,0
2020-04-24 09:45:00,5,38,23.4,42,17.7,1018.1,1.0,2.0,2,162.9,0
2020-04-24 09:50:00,5,37,23.3,41,18.1,1018.2,1.0,1.7,1,162.9,0
2020-04-24 09:55:00,5,37,23.3,41,19.1,1018.1,0.3,1.0,2,162.9,0
2020-04-24 10:00:00,5,37,23.3,43,18.4,1018.1,0.7,1.0,0,162.9,0
2020-04-24 10:05:00,5,37,23.3,43,18.5,1018.1,0.7,1.7,13,162.9,0
2020-04-24 10:10:00,5,36,23.3,42,18.2,1018.0,1.0,2.0,2,162.9,0
2020-04-24 10:15:00,5,36,23.3,42,19.0,1018.0,0.3,1.0,1,162.9,0
2020-04-24 10:20:00,5,36,23.3,43,18.9,1018.0,0.3,1.0,4,162.9,0
2020-04-24 10:25:00,5,36,23.3,42,18.8,1018.0,1.0,2.0,1,162.9,0
2020-04-24 10:30:00,5,36,23.3,41,19.1,1017.9,0.7,2.0,0,162.9,0
2020-04-24 10:35:00,5,36,23.3,41,18.6,1017.9,1.7,3.1,0,162.9,0
2020-04-24 10:40:00,5,35,23.3,41,18.6,1017.8,0.7,2.0,15,162.9,0
2020-04-24 10:45:00,5,35,23.3,40,18.8,1017.9,0.7,1.7,0,162.9,0
2020-04-24 10:50:00,5,35,23.3,40,19.5,1017.8,0.0,0.7,3,162.9,0
2020-04-24 10:55:00,5,35,23.3,41,18.8,1017.8,1.0,2.7,4,162.9,0
2020-04-24 11:00:00,5,34,23.3,40,18.9,1017.8,1.7,3.1,1,162.9,0
2020-04-24 11:05:00,5,34,23.3,39,19.4,1017.8,0.7,2.0,2,162.9,0
2020-04-24 11:10:00,5,34,23.3,38,19.7,1017.7,0.7,2.0,6,162.9,0
2020-04-24 11:15:00,5,34,23.2,40,19.6,1017.8,0.7,2.0,14,162.9,0
2020-04-24 11:20:00,5,34,23.3,40,19.7,1017.8,0.3,1.0,5,162.9,0
2020-04-24 11:25:00,5,34,23.3,39,19.2,1017.8,1.0,2.0,2,162.9,0
2020-04-24 11:30:00,5,35,23.2,38,19.2,1017.7,1.7,3.7,0,162.9,0
2020-04-24 11:35:00,5,35,23.2,38,19.0,1017.7,1.4,3.1,4,162.9,0
2020-04-24 11:40:00,5,35,23.2,37,19.9,1017.6,1.0,2.0,2,162.9,0
2020-04-24 11:45:00,5,35,23.2,36,19.5,1017.6,1.0,2.0,3,162.9,0
2020-04-24 11:50:00,5,34,23.3,36,19.8,1017.5,1.0,1.7,2,162.9,0
2020-04-24 11:55:00,5,34,23.2,36,20.2,1017.5,0.7,1.7,15,162.9,0
2020-04-24 12:00:00,5,34,23.3,36,19.3,1017.7,1.4,2.0,1,162.9,0
2020-04-24 12:05:00,5,34,23.2,36,19.6,1017.5,0.7,2.0,2,162.9,0
2020-04-24 12:10:00,5,33,23.3,35,19.1,1017.4,1.4,2.7,2,162.9,0
2020-04-24 12:15:00,5,33,23.3,37,19.4,1017.5,0.7,1.7,15,162.9,0
2020-04-24 12:20:00,5,33,23.3,37,19.5,1017.5,1.0,2.7,0,162.9,0
2020-04-24 12:25:00,5,33,23.3,37,19.3,1017.5,1.0,2.0,5,162.9,0
2020-04-24 12:30:00,5,33,23.3,37,19.5,1017.5,1.0,1.7,1,162.9,0
2020-04-24 12:35:00,5,33,23.2,36,19.4,1017.6,0.7,1.7,3,162.9,0
2020-04-24 12:40:00,5,33,23.1,38,19.3,1017.6,1.0,2.7,3,162.9,0
2020-04-24 12:45:00,5,33,23.1,38,19.6,1017.6,0.7,2.0,4,162.9,0
2020-04-24 12:50:00,5,32,23.1,37,19.5,1017.7,0.7,1.7,2,162.9,0
2020-04-24 12:55:00,5,32,23.1,36,19.8,1017.6,0.3,1.0,2,162.9,0
2020-04-24 13:00:00,5,32,23.1,36,19.9,1017.7,1.0,2.0,4,162.9,0
2020-04-24 13:05:00,5,32,23.1,37,19.2,1017.6,2.0,3.7,5,162.9,0
2020-04-24 13:10:00,5,32,23.1,36,19.6,1017.6,0.7,1.7,2,162.9,0
2020-04-24 13:15:00,5,32,23.1,37,20.1,1017.6,0.0,0.7,1,162.9,0
2020-04-24 13:20:00,5,32,23.1,36,19.6,1017.5,1.0,2.0,2,162.9,0
2020-04-24 13:25:00,5,32,23.1,35,19.4,1017.5,1.7,2.7,3,162.9,0
2020-04-24 13:30:00,5,32,23.1,36,19.7,1017.5,0.7,1.7,2,162.9,0
2020-04-24 13:35:00,5,32,23.1,35,20.1,1017.4,0.7,1.0,1,162.9,0
2020-04-24 13:40:00,5,32,23.1,34,20.5,1017.3,0.7,1.7,3,162.9,0
2020-04-24 13:45:00,5,32,23.1,36,19.5,1017.2,1.0,3.1,0,162.9,0
2020-04-24 13:50:00,5,32,23.1,36,19.3,1017.3,1.0,2.7,1,162.9,0
2020-04-24 13:55:00,5,32,23.1,37,18.5,1017.3,1.0,2.0,1,162.9,0
2020-04-24 14:00:00,5,32,23.1,36,18.7,1017.4,0.7,1.0,2,162.9,0
2020-04-24 14:05:00,5,31,23.1,36,18.8,1017.4,0.7,1.7,3,162.9,0
2020-04-24 14:10:00,5,30,23.1,36,18.9,1017.4,1.4,2.7,4,162.9,0
2020-04-24 14:15:00,5,30,23.1,33,20.3,1017.3,0.7,1.7,4,162.9,0
2020-04-24 14:20:00,5,30,23.1,33,19.7,1017.3,0.3,1.0,15,162.9,0
2020-04-24 14:25:00,5,29,23.1,35,18.9,1017.4,2.4,4.1,1,162.9,0
2020-04-24 14:30:00,5,29,23.1,37,18.8,1017.1,1.4,2.0,3,162.9,0
2020-04-24 14:35:00,5,29,23.1,36,19.3,1017.2,1.0,2.7,0,162.9,0
2020-04-24 14:40:00,5,29,23.1,36,19.5,1017.2,0.7,1.7,4,162.9,0
2020-04-24 14:45:00,5,29,23.1,36,19.6,1017.3,0.0,0.7,0,162.9,0
2020-04-24 14:50:00,5,29,23.1,36,19.6,1017.2,0.0,0.0,2,162.9,0
2020-04-24 14:55:00,5,29,23.1,36,18.9,1017.1,0.7,1.0,4,162.9,0
2020-04-24 15:00:00,5,29,23.1,36,18.3,1017.1,1.4,2.7,1,162.9,0
2020-04-24 15:05:00,5,29,23.1,37,18.6,1017.2,0.3,1.0,15,162.9,0
2020-04-24 15:10:00,5,29,23.1,37,18.5,1017.2,1.4,2.7,3,162.9,0
2020-04-24 15:15:00,5,29,23.1,37,18.6,1017.0,0.3,0.7,4,162.9,0
2020-04-24 15:20:00,5,29,23.2,37,18.2,1017.0,0.0,0.0,2,162.9,0
2020-04-24 15:25:00,5,29,23.2,37,18.1,1017.0,0.7,2.0,3,162.9,0
2020-04-24 15:30:00,5,29,23.2,37,17.8,1017.1,0.7,1.0,2,162.9,0
2020-04-24 15:35:00,5,28,23.1,37,17.4,1017.1,1.7,3.7,3,162.9,0
2020-04-24 15:40:00,5,28,23.1,38,17.3,1017.1,0.7,1.7,1,162.9,0
2020-04-24 15:45:00,5,28,23.1,38,17.3,1017.0,0.7,1.7,3,162.9,0
2020-04-24 15:50:00,5,28,23.1,38,17.4,1017.1,0.3,1.0,3,162.9,0
2020-04-24 15:55:00,5,28,23.1,40,17.1,1017.0,0.7,2.0,1,162.9,0
2020-04-24 16:00:00,5,28,23.1,39,17.3,1017.0,1.0,2.0,1,162.9,0
2020-04-24 16:05:00,5,28,23.1,39,17.0,1017.0,0.3,1.7,2,162.9,0
2020-04-24 16:10:00,5,28,23.1,39,16.9,1016.8,1.0,2.0,1,162.9,0
2020-04-24 16:15:00,5,29,23.1,38,17.0,1017.0,0.7,3.1,1,162.9,0
2020-04-24 16:20:00,5,31,23.1,40,16.6,1017.0,0.7,1.7,0,162.9,0
2020-04-24 16:25:00,5,32,23.3,40,16.4,1016.9,1.4,2.7,0,162.9,0
2020-04-24 16:30:00,5,32,23.3,41,16.3,1017.0,0.3,1.0,15,162.9,0
2020-04-24 16:35:00,5,34,23.4,40,16.3,1016.8,0.7,1.7,0,162.9,0
2020-04-24 16:40:00,5,35,23.6,41,16.3,1016.9,0.7,1.7,3,162.9,0
2020-04-24 16:45:00,5,35,23.6,41,16.2,1016.6,1.0,1.7,4,162.9,0
2020-04-24 16:50:00,5,36,23.7,41,16.1,1016.5,0.7,1.7,2,162.9,0
2020-04-24 16:55:00,5,36,23.8,44,15.7,1016.4,0.7,1.7,15,162.9,0
2020-04-24 17:00:00,5,36,23.8,44,15.6,1016.4,2.0,3.7,1,162.9,0
2020-04-24 17:05:00,5,36,23.9,45,15.6,1016.2,0.7,2.0,15,162.9,0
2020-04-24 17:10:00,5,37,23.9,44,15.4,1016.1,1.0,2.0,1,162.9,0
2020-04-24 17:15:00,5,37,23.9,45,15.3,1016.1,1.0,2.0,1,162.9,0
2020-04-24 17:20:00,5,37,23.8,45,15.3,1016.1,0.7,1.0,3,162.9,0
2020-04-24 17:25:00,5,39,23.8,43,15.1,1016.1,1.0,2.7,1,162.9,0
2020-04-24 17:30:00,5,39,23.8,46,15.1,1016.2,0.3,0.7,15,162.9,0
2020-04-24 17:35:00,5,40,23.8,47,14.9,1016.2,0.3,0.7,2,162.9,0
2020-04-24 17:40:00,5,40,23.7,47,14.8,1016.2,0.3,1.0,7,162.9,0
2020-04-24 17:45:00,5,41,23.7,48,14.7,1016.2,0.7,1.7,2,162.9,0
2020-04-24 17:50:00,5,41,23.7,47,14.6,1016.4,0.7,1.7,2,162.9,0
2020-04-24 17:55:00,5,41,23.6,47,14.3,1016.3,1.0,2.0,0,162.9,0
2020-04-24 18:00:00,5,41,23.6,47,14.1,1016.5,1.0,1.7,15,162.9,0
2020-04-24 18:05:00,5,41,23.6,48,14.0,1016.4,1.7,2.7,15,162.9,0
2020-04-24 18:10:00,5,42,23.5,49,13.8,1016.5,0.7,1.7,1,162.9,0
2020-04-24 18:15:00,5,42,23.4,49,13.8,1016.6,0.0,0.7,0,162.9,0
2020-04-24 18:20:00,5,42,23.4,50,13.5,1016.6,0.3,0.7,15,162.9,0
2020-04-24 18:25:00,5,42,23.3,52,13.4,1016.7,0.3,0.7,2,162.9,0
2020-04-24 18:30:00,5,43,23.3,53,13.2,1016.8,0.7,1.0,0,162.9,0
2020-04-24 18:35:00,5,43,23.2,54,13.1,1017.0,0.3,1.0,0,162.9,0
2020-04-24 18:40:00,5,43,23.1,58,12.9,1017.0,0.3,0.7,1,162.9,0
2020-04-24 18:45:00,5,43,23.1,59,12.7,1017.1,1.0,2.0,1,162.9,0
2020-04-24 18:50:00,5,43,23.1,60,12.3,1017.3,1.4,2.0,15,162.9,0
2020-04-24 18:55:00,5,43,23.0,62,12.0,1017.3,0.3,1.7,0,162.9,0
2020-04-24 19:00:00,5,44,22.9,66,11.6,1017.3,1.0,1.7,0,162.9,0
2020-04-24 19:05:00,5,44,22.9,68,11.1,1017.6,1.0,1.7,1,162.9,0
2020-04-24 19:10:00,5,45,22.8,69,10.9,1017.6,1.4,2.0,0,162.9,0
2020-04-24 19:15:00,5,45,22.7,71,10.8,1017.8,1.0,1.7,0,162.9,0
2020-04-24 19:20:00,5,45,22.7,72,10.7,1017.9,1.0,2.7,0,162.9,0
2020-04-24 19:25:00,5,45,22.7,74,10.6,1018.0,1.0,2.0,15,162.9,0
2020-04-24 19:30:00,5,46,22.6,75,10.4,1018.1,0.7,1.0,1,162.9,0
2020-04-24 19:35:00,5,46,22.6,76,10.1,1018.2,0.7,1.7,1,162.9,0
2020-04-24 19:40:00,5,47,22.5,77,10.0,1018.3,0.0,0.7,15,162.9,0
2020-04-24 19:45:00,5,48,22.4,78,9.9,1018.5,0.7,2.0,0,162.9,0
2020-04-24 19:50:00,5,48,22.4,80,9.7,1018.4,0.7,1.7,0,162.9,0
2020-04-24 19:55:00,5,48,22.3,80,9.7,1018.5,0.7,1.7,1,162.9,0
2020-04-24 20:00:00,5,48,22.3,81,9.6,1018.6,0.3,1.0,0,162.9,0
2020-04-24 20:05:00,5,48,22.3,82,9.4,1018.6,1.0,2.0,1,162.9,0
2020-04-24 20:10:00,5,48,22.3,82,9.3,1018.6,1.4,2.0,0,162.9,0
2020-04-24 20:15:00,5,48,22.2,83,9.1,1018.8,1.4,3.1,0,162.9,0
2020-04-24 20:20:00,5,48,22.2,84,9.1,1018.9,0.7,1.0,15,162.9,0
2020-04-24 20:25:00,5,48,22.2,84,9.0,1018.9,0.7,2.0,0,162.9,0
2020-04-24 20:30:00,5,49,22.2,84,9.0,1018.9,1.4,3.1,1,162.9,0
2020-04-24 20:35:00,5,49,22.1,84,8.9,1018.9,0.7,1.7,1,162.9,0
2020-04-24 20:40:00,5,49,22.1,84,8.9,1018.9,0.7,1.7,0,162.9,0
2020-04-24 20:45:00,5,49,22.1,84,8.8,1019.1,0.3,1.0,0,162.9,0
2020-04-24 20:50:00,5,49,22.0,85,8.8,1019.1,1.0,2.0,1,162.9,0
2020-04-24 20:55:00,5,50,21.9,85,8.7,1019.1,1.0,3.1,15,162.9,0
2020-04-24 21:00:00,5,50,21.9,85,8.7,1019.2,0.3,1.0,1,162.9,0
2020-04-24 21:05:00,5,50,21.9,85,8.6,1019.3,0.7,2.0,2,162.9,0
2020-04-24 21:10:00,5,50,21.8,85,8.6,1019.4,1.4,2.7,1,162.9,0
2020-04-24 21:15:00,5,50,21.8,86,8.5,1019.5,1.0,2.0,1,162.9,0
2020-04-24 21:20:00,5,50,21.8,86,8.5,1019.4,0.3,0.7,0,162.9,0
2020-04-24 21:25:00,5,50,21.7,85,8.5,1019.5,0.3,1.0,15,162.9,0
2020-04-24 21:30:00,5,50,21.7,85,8.4,1019.5,1.4,2.0,1,162.9,0
2020-04-24 21:35:00,5,50,21.7,85,8.5,1019.5,1.0,2.0,15,162.9,0
2020-04-24 21:40:00,5,50,21.7,85,8.5,1019.7,0.3,1.0,1,162.9,0
2020-04-24 21:45:00,5,50,21.7,85,8.5,1019.7,0.3,1.0,1,162.9,0
2020-04-24 21:50:00,5,50,21.7,84,8.5,1019.7,0.7,1.7,2,162.9,0
2020-04-24 21:55:00,5,50,21.6,85,8.4,1019.7,0.7,1.7,0,162.9,0
2020-04-24 22:00:00,5,50,21.6,85,8.3,1019.8,1.0,1.7,3,162.9,0
2020-04-24 22:05:00,5,50,21.6,85,8.1,1019.8,1.0,2.0,0,162.9,0
2020-04-24 22:10:00,5,50,21.6,85,8.0,1019.8,0.7,1.7,1,162.9,0
2020-04-24 22:15:00,5,50,21.6,86,7.9,1019.9,0.0,0.7,1,162.9,0
2020-04-24 22:20:00,5,50,21.6,86,7.8,1019.8,0.7,1.0,1,162.9,0
2020-04-24 22:25:00,5,50,21.5,86,7.8,1020.0,0.3,0.7,2,162.9,0
2020-04-24 22:30:00,5,50,21.5,86,7.7,1019.9,0.0,0.7,2,162.9,0
2020-04-24 22:35:00,5,50,21.5,86,7.6,1020.0,0.0,0.7,1,162.9,0
2020-04-24 22:40:00,5,50,21.5,86,7.7,1020.0,0.7,1.7,2,162.9,0
2020-04-24 22:45:00,5,50,21.4,85,7.8,1020.1,0.3,1.0,1,162.9,0
2020-04-24 22:50:00,5,50,21.4,85,7.8,1020.2,0.0,0.7,1,162.9,0
2020-04-24 22:55:00,5,50,21.3,85,7.8,1020.3,0.7,1.7,1,162.9,0
2020-04-24 23:00:00,5,50,21.3,84,7.9,1020.3,0.0,0.7,0,162.9,0
2020-04-24 23:05:00,5,50,21.3,84,7.9,1020.4,0.3,0.7,1,162.9,0
2020-04-24 23:10:00,5,50,21.3,83,8.0,1020.4,0,0.7,0,162.9,0
2020-04-24 23:15:00,5,50,21.3,82,8.1,1020.4,0,0.7,1,162.9,0
2020-04-24 23:20:00,5,50,21.3,82,8.2,1020.5,0.7,1.7,1,162.9,0
2020-04-24 23:25:00,5,50,21.2,81,8.3,1020.5,0.3,1.0,1,162.9,0
2020-04-24 23:30:00,5,50,21.2,81,8.4,1020.6,0.3,1.0,1,162.9,0
2020-04-24 23:35:00,5,50,21.2,80,8.5,1020.5,0.3,1.0,15,162.9,0
2020-04-24 23:40:00,5,50,21.2,80,8.6,1020.6,0,0.7,15,162.9,0
2020-04-24 23:45:00,5,50,21.2,80,8.6,1020.5,0.3,1.0,3,162.9,0
2020-04-24 23:50:00,5,50,21.1,80,8.7,1020.6,0.7,1.0,1,162.9,0
2020-04-24 23:55:00,5,49,21.1,79,8.7,1020.6,0,0.7,2,162.9,0
