2018-10-31 00:02:00,5,61,19.0,94,8.1,1011.4,2.0,3.7,8,319.2,0
2018-10-31 00:07:00,5,62,19.0,95,8.1,1011.5,2.4,3.4,10,319.2,0
2018-10-31 00:12:00,5,62,19.0,95,8.1,1011.7,3.1,4.1,6,319.2,0
2018-10-31 00:17:00,5,62,19.0,95,8.1,1011.6,1.0,2.7,10,319.2,0
2018-10-31 00:22:00,5,63,18.9,95,8.1,1011.8,1.0,1.7,8,319.5,0
2018-10-31 00:27:00,5,63,18.9,95,8.0,1011.9,1.7,2.7,8,319.5,0
2018-10-31 00:32:00,5,63,18.9,95,8.0,1012.1,1.7,3.1,4,319.5,0
2018-10-31 00:37:00,5,63,18.9,95,8.1,1012.2,1.7,3.7,8,319.5,0
2018-10-31 00:42:00,5,63,18.8,95,8.0,1012.5,1.7,2.7,12,319.5,0
2018-10-31 00:47:00,5,63,18.8,95,8.1,1012.6,1.4,3.1,8,319.5,0
2018-10-31 00:52:00,5,63,18.8,95,8.1,1012.7,1.4,2.4,6,319.5,0
2018-10-31 00:57:00,5,62,18.6,95,8.0,1012.9,0.7,1.7,12,319.5,0
2018-10-31 01:02:00,5,62,18.6,95,8.0,1013.0,1.0,1.7,10,319.5,0
2018-10-31 01:07:00,5,62,18.5,95,8.0,1013.3,1.0,1.7,10,319.5,0
2018-10-31 01:12:00,5,62,18.5,96,7.8,1013.5,2.0,4.1,10,319.5,0
2018-10-31 01:17:00,5,63,18.5,96,7.8,1013.6,2.0,3.4,6,319.5,0
2018-10-31 01:22:00,5,62,18.4,96,7.7,1013.7,1.7,2.0,8,319.5,0
2018-10-31 01:27:00,5,63,18.4,96,7.6,1013.8,1.0,2.4,14,319.5,0
2018-10-31 01:32:00,5,63,18.4,96,7.6,1014.0,1.4,2.7,6,319.5,0
2018-10-31 01:37:00,5,63,18.3,96,7.5,1014.0,1.4,2.4,8,319.5,0
2018-10-31 01:42:00,5,63,18.3,95,7.4,1014.2,2.4,3.4,8,319.5,0
2018-10-31 01:47:00,5,63,18.3,95,7.4,1014.3,2.0,3.7,6,319.5,0
2018-10-31 01:52:00,5,63,18.3,95,7.4,1014.4,1.7,3.1,8,319.5,0
2018-10-31 01:57:00,5,63,18.2,95,7.4,1014.3,0.7,1.4,10,319.5,0
2018-10-31 02:02:00,5,63,18.2,95,7.3,1014.5,1.0,2.7,14,319.5,0
2018-10-31 02:07:00,5,63,18.2,95,7.3,1014.6,1.7,3.7,8,319.5,0
2018-10-31 02:12:00,5,63,18.2,95,7.2,1014.7,1.4,2.7,10,319.5,0
2018-10-31 02:17:00,5,63,18.1,95,7.2,1014.8,1.0,1.7,2,319.5,0
2018-10-31 02:22:00,5,63,18.1,95,7.1,1014.7,0.7,1.0,6,319.5,0
2018-10-31 02:27:00,5,63,18.1,95,7.0,1014.8,0.7,1.0,8,319.5,0
2018-10-31 02:32:00,5,63,18.1,96,6.9,1014.6,0.7,1.4,10,319.5,0
2018-10-31 02:37:00,5,62,18.1,96,6.8,1014.8,0.7,1.4,8,319.5,0
2018-10-31 02:42:00,5,62,18.1,96,6.7,1014.8,0.7,1.0,8,319.5,0
2018-10-31 02:47:00,5,62,18.1,96,6.7,1015.0,0.3,1.0,8,319.5,0
2018-10-31 02:52:00,5,62,18.1,96,6.7,1015.0,1.4,3.4,12,319.5,0
2018-10-31 02:57:00,5,62,18.1,96,6.7,1015.0,0.7,1.4,10,319.5,0
2018-10-31 03:02:00,5,62,18.1,96,6.7,1015.0,0.7,1.4,12,319.5,0
2018-10-31 03:07:00,5,62,18.1,96,6.7,1015.1,0.7,1.4,12,319.5,0
2018-10-31 03:12:00,5,62,18.2,96,6.6,1015.2,0.7,1.4,10,319.5,0
2018-10-31 03:17:00,5,62,18.2,96,6.6,1015.4,0.3,0.7,0,319.5,0
2018-10-31 03:22:00,5,62,18.2,96,6.5,1015.2,1.0,1.7,8,319.5,0
2018-10-31 03:27:00,5,62,18.2,96,6.6,1015.4,0.0,0.3,6,319.5,0
2018-10-31 03:32:00,5,62,18.2,96,6.5,1015.3,0.7,1.7,13,319.5,0
2018-10-31 03:37:00,5,62,18.1,96,6.5,1015.5,0.7,1.4,9,319.5,0
2018-10-31 03:42:00,5,62,18.1,96,6.5,1015.5,0.3,1.0,10,319.5,0
2018-10-31 03:47:00,5,62,18.1,96,6.4,1016.0,0.7,1.0,12,319.5,0
2018-10-31 03:52:00,5,62,18.1,96,6.4,1016.1,0.7,1.7,6,319.5,0
2018-10-31 03:57:00,5,62,18.1,97,6.4,1016.3,0.0,0.0,10,319.5,0
2018-10-31 04:02:00,5,62,18.1,97,6.4,1016.5,0.0,0.0,0,319.5,0
2018-10-31 04:07:00,5,62,18.0,97,6.3,1016.6,0.7,1.7,8,319.5,0
2018-10-31 04:12:00,5,62,18.0,97,6.2,1016.7,0.3,0.7,4,319.5,0
2018-10-31 04:17:00,5,62,18.0,97,6.1,1016.6,1.0,1.7,13,319.5,0
2018-10-31 04:22:00,5,62,18.0,97,6.1,1016.7,0.3,1.0,8,319.5,0
2018-10-31 04:27:00,5,62,18.1,97,6.1,1016.8,0.3,1.0,4,319.5,0
2018-10-31 04:32:00,5,62,18.1,97,6.0,1016.8,0.0,0.0,4,319.5,0
2018-10-31 04:37:00,5,62,18.1,97,6.0,1016.9,0.3,1.0,8,319.5,0
2018-10-31 04:42:00,5,62,18.1,98,5.9,1016.9,0.0,0.7,12,319.5,0
2018-10-31 04:47:00,5,62,18.1,98,5.8,1016.9,0.0,0.0,12,319.5,0
2018-10-31 04:52:00,5,62,18.1,97,5.6,1017.1,0.0,0.0,12,319.5,0
2018-10-31 04:57:00,5,62,18.1,97,5.5,1017.2,0.0,0.0,12,319.5,0
2018-10-31 05:02:00,5,62,18.1,97,5.4,1017.4,0.0,0.0,12,319.5,0
2018-10-31 05:07:00,5,62,18.2,97,5.4,1017.3,0.0,0.0,12,319.5,0
2018-10-31 05:12:00,5,62,18.3,97,5.3,1017.2,0.3,1.0,0,319.5,0
2018-10-31 05:17:00,5,62,18.5,97,5.3,1017.1,0.0,0.3,10,319.5,0
2018-10-31 05:22:00,5,62,18.9,97,5.2,1016.9,0.0,0.0,12,319.5,0
2018-10-31 05:27:00,5,60,19.2,97,5.2,1016.8,0.0,0.0,12,319.5,0
2018-10-31 05:32:00,5,59,19.5,97,5.2,1016.5,0.0,0.0,10,319.5,0
2018-10-31 05:37:00,5,58,19.8,97,5.1,1016.4,0.0,0.0,2,319.5,0
2018-10-31 05:42:00,5,56,20.0,97,5.0,1016.3,0.0,0.3,8,319.5,0
2018-10-31 05:47:00,5,56,20.1,98,4.9,1016.0,0.0,0.0,0,319.5,0
2018-10-31 05:52:00,5,55,20.2,98,4.9,1016.0,0.0,0.3,10,319.5,0
2018-10-31 05:57:00,5,55,20.3,98,4.8,1016.0,0.0,0.7,0,319.5,0
2018-10-31 06:02:00,5,55,20.4,98,4.7,1016.0,0.0,0.3,10,319.5,0
2018-10-31 06:07:00,5,55,20.4,98,4.6,1016.0,0.0,0.0,10,319.5,0
2018-10-31 06:12:00,5,55,20.4,98,4.5,1016.1,0.0,0.0,4,319.5,0
2018-10-31 06:17:00,5,55,20.4,98,4.4,1016.2,0.0,0.0,0,319.5,0
2018-10-31 06:22:00,5,55,20.3,98,4.3,1016.2,0.0,0.0,14,319.5,0
2018-10-31 06:27:00,5,55,20.3,98,4.3,1016.3,0.0,0.0,8,319.5,0
2018-10-31 06:32:00,5,56,20.3,98,4.1,1016.5,0.0,0.0,12,319.5,0
2018-10-31 06:37:00,5,57,20.3,98,4.1,1016.6,0.0,0.0,12,319.5,0
2018-10-31 06:42:00,5,57,20.2,98,4.0,1016.7,0.0,0.0,10,319.5,0
2018-10-31 06:47:00,5,57,20.2,98,4.0,1016.8,0.0,0.0,12,319.5,0
2018-10-31 06:52:00,5,57,20.1,99,3.9,1016.8,0.0,0.0,12,319.5,0
2018-10-31 06:57:00,5,57,20.1,99,3.9,1017.0,0.0,0.0,0,319.5,0
2018-10-31 07:02:00,5,57,20.0,99,3.9,1017.1,0.0,0.0,12,319.5,0
2018-10-31 07:07:00,5,57,19.9,99,3.9,1017.5,0.0,0.0,12,319.5,0
2018-10-31 07:12:00,5,57,19.8,99,3.9,1017.6,0.0,0.0,12,319.5,0
2018-10-31 07:17:00,5,57,19.7,98,4.0,1017.7,0.0,0.0,2,319.5,0
2018-10-31 07:22:00,5,57,19.6,98,4.0,1017.9,0.0,0.0,6,319.5,0
2018-10-31 07:27:00,5,57,19.6,98,4.0,1017.9,0.0,0.0,2,319.5,0
2018-10-31 07:32:00,5,58,19.5,98,4.0,1018.0,0.0,0.0,12,319.5,0
2018-10-31 07:37:00,5,58,19.4,98,4.1,1018.1,0.0,0.0,12,319.5,0
2018-10-31 07:42:00,5,58,19.3,99,4.2,1018.3,0.0,0.0,0,319.5,0
2018-10-31 07:47:00,5,58,19.3,99,4.4,1018.4,0.0,0.3,12,319.5,0
2018-10-31 07:52:00,5,58,19.3,99,4.5,1018.7,0.0,1.0,10,319.5,0
2018-10-31 07:57:00,5,59,19.3,99,4.7,1018.6,0.0,0.0,12,319.5,0
2018-10-31 08:02:00,5,59,19.5,99,4.8,1018.6,0.3,1.0,14,319.5,0
2018-10-31 08:07:00,5,59,19.7,98,5.0,1018.6,0.3,1.0,12,319.5,0
2018-10-31 08:12:00,5,59,19.8,98,5.0,1018.5,0.3,0.7,14,319.5,0
2018-10-31 08:17:00,5,58,20.1,98,5.2,1018.2,0.0,0.3,0,319.5,0
2018-10-31 08:22:00,5,58,20.4,98,5.3,1018.0,0.0,0.0,14,319.5,0
2018-10-31 08:27:00,5,58,20.7,98,5.4,1017.8,0.0,0.0,4,319.5,0
2018-10-31 08:32:00,5,56,21.0,98,5.5,1017.6,0.0,0.0,1,319.5,0
2018-10-31 08:37:00,5,55,21.3,98,5.7,1017.4,0.0,0.3,12,319.5,0
2018-10-31 08:42:00,5,55,21.5,98,5.8,1017.3,0.0,0.3,2,319.5,0
2018-10-31 08:47:00,5,54,21.7,97,6.0,1016.9,1.0,1.7,14,319.5,0
2018-10-31 08:52:00,5,54,21.9,97,6.0,1016.8,0.3,0.7,10,319.5,0
2018-10-31 08:57:00,5,53,22.1,97,6.0,1016.6,0.0,0.3,12,319.8,0
2018-10-31 09:02:00,5,53,22.1,97,6.0,1016.6,0.7,1.0,10,319.8,0
2018-10-31 09:07:00,5,53,22.2,97,6.0,1016.6,0.7,1.0,10,319.8,0
2018-10-31 09:12:00,5,53,22.2,96,6.7,1016.6,0.3,0.7,14,319.8,0
2018-10-31 09:17:00,5,53,22.3,94,7.0,1016.6,0.0,0.0,8,319.8,0
2018-10-31 09:22:00,5,53,22.3,94,7.2,1016.5,0.3,1.0,0,319.8,0
2018-10-31 09:27:00,5,53,22.3,93,7.2,1016.5,0.3,1.0,0,319.8,0
2018-10-31 09:32:00,5,53,22.3,92,7.1,1016.5,0.0,0.7,6,319.8,0
2018-10-31 09:37:00,5,53,22.3,91,7.2,1016.6,0.0,0.0,0,319.8,0
2018-10-31 09:42:00,5,53,22.3,91,7.3,1016.6,0.3,1.0,0,319.8,0
2018-10-31 09:47:00,5,53,22.3,90,7.4,1016.8,0.7,1.0,10,319.8,0
2018-10-31 09:52:00,5,53,22.3,90,7.4,1016.8,0.7,1.4,0,319.8,0
2018-10-31 09:57:00,5,53,22.3,89,7.5,1016.8,0.7,1.4,12,319.8,0
2018-10-31 10:02:00,5,53,22.3,88,7.6,1016.9,0.3,0.7,14,319.8,0
2018-10-31 10:07:00,5,53,22.3,88,7.9,1017.0,0.3,0.7,14,319.8,0
2018-10-31 10:12:00,5,53,22.3,87,8.5,1016.9,0.7,1.0,8,319.8,0
2018-10-31 10:17:00,5,53,22.3,86,8.8,1017.1,0.3,1.0,14,319.8,0
2018-10-31 10:22:00,5,53,22.2,84,8.8,1017.0,0.0,0.3,14,319.8,0
2018-10-31 10:27:00,5,53,22.2,83,9.0,1017.0,0.0,0.0,0,319.8,0
2018-10-31 10:32:00,5,53,22.2,83,9.6,1017.0,0.0,0.0,8,319.8,0
2018-10-31 10:37:00,5,53,22.2,82,9.6,1017.0,0.0,0.3,10,319.8,0
2018-10-31 10:42:00,5,53,22.2,82,9.5,1017.1,0.0,1.0,12,319.8,0
2018-10-31 10:47:00,5,53,22.1,81,9.4,1016.9,0.0,0.7,10,319.8,0
2018-10-31 10:52:00,5,53,22.1,81,9.5,1017.0,0.0,0.0,0,319.8,0
2018-10-31 10:57:00,5,53,22.1,80,9.9,1017.0,0.7,1.4,12,319.8,0
2018-10-31 11:02:00,5,53,22.1,78,10.0,1017.0,0.7,1.0,6,319.8,0
2018-10-31 11:07:00,5,54,22.0,78,10.0,1017.0,0.7,1.0,6,319.8,0
2018-10-31 11:12:00,5,54,22.1,75,10.7,1017.0,0.0,0.0,0,319.8,0
2018-10-31 11:17:00,5,54,22.1,74,10.9,1017.0,0.7,1.0,10,319.8,0
2018-10-31 11:22:00,5,55,22.1,73,10.9,1017.0,0.7,1.0,6,319.8,0
2018-10-31 11:27:00,5,55,22.1,73,11.1,1016.9,0.0,0.3,8,319.8,0
2018-10-31 11:32:00,5,55,22.0,71,11.1,1016.9,0.3,1.4,2,319.8,0
2018-10-31 11:38:00,6,56,21.9,70,11.2,1016.8,0.3,0.7,12,319.8,0
2018-10-31 11:43:00,5,56,21.9,70,11.6,1017.0,0.3,1.0,4,319.8,0
2018-10-31 11:48:00,5,56,21.8,68,12.4,1016.9,0.3,1.0,4,319.8,0
2018-10-31 11:53:00,5,55,21.8,65,12.7,1017.1,0.0,0.7,14,319.8,0
2018-10-31 11:58:00,5,56,21.7,65,13.4,1017.1,1.0,2.0,4,319.8,0
2018-10-31 12:03:00,5,56,21.7,62,13.4,1017.0,0.3,0.7,0,319.8,0
2018-10-31 12:08:00,5,56,21.7,61,13.5,1017.1,0.3,0.7,14,319.8,0
2018-10-31 12:14:00,6,55,21.7,58,14.0,1017.1,0.3,1.0,0,319.8,0
2018-10-31 12:19:00,5,55,21.7,57,14.0,1017.1,0.3,0.7,2,319.8,0
2018-10-31 12:24:00,5,55,21.7,56,14.2,1017.1,0.3,1.0,10,319.8,0
2018-10-31 12:29:00,5,55,21.6,57,14.3,1017.1,0.0,0.3,12,319.8,0
2018-10-31 12:34:00,5,55,21.6,54,14.1,1016.9,1.0,2.0,14,319.8,0
2018-10-31 12:39:00,5,55,21.6,54,14.0,1017.0,0.3,0.7,4,319.8,0
2018-10-31 12:44:00,5,55,21.6,54,14.4,1016.9,0.3,1.0,4,319.8,0
2018-10-31 12:49:00,5,55,21.6,53,14.8,1017.0,0.7,1.0,14,319.8,0
2018-10-31 12:54:00,5,54,21.5,50,15.2,1017.0,0.7,1.0,7,319.8,0
2018-10-31 12:59:00,5,54,21.5,49,15.0,1017.2,0.7,1.0,4,319.8,0
2018-10-31 13:04:00,5,54,21.5,49,15.0,1017.1,0.7,1.7,10,319.8,0
2018-10-31 13:10:00,6,54,21.3,52,13.9,1017.2,0.3,0.7,13,319.8,0
2018-10-31 13:15:00,5,54,21.3,53,13.7,1017.2,0.7,2.0,6,319.8,0
2018-10-31 13:20:00,5,54,21.3,53,13.2,1017.1,0.3,1.0,2,319.8,0
2018-10-31 13:26:00,6,54,21.4,54,12.9,1016.9,0.3,1.0,4,319.8,0
2018-10-31 13:31:00,5,54,21.5,56,12.6,1016.8,0.7,1.0,15,319.8,0
2018-10-31 13:36:00,5,54,21.5,57,12.4,1016.8,0.7,1.0,0,319.8,0
2018-10-31 13:41:00,5,54,21.5,58,12.3,1016.8,0.0,0.7,12,319.8,0
2018-10-31 13:46:00,5,54,21.5,58,12.3,1016.7,0.7,1.0,6,319.8,0
2018-10-31 13:51:00,5,54,21.5,59,12.2,1016.7,0.3,2.0,12,319.8,0
2018-10-31 13:56:00,5,54,21.5,59,12.2,1016.7,0.7,1.4,0,319.8,0
2018-10-31 14:02:00,6,53,21.5,60,11.9,1016.7,0.7,1.0,10,319.8,0
2018-10-31 14:07:00,5,53,21.5,60,11.9,1016.7,0.3,1.4,0,319.8,0
2018-10-31 14:12:00,5,53,21.5,61,11.9,1016.8,1.0,1.7,6,319.8,0
2018-10-31 14:17:00,5,53,21.4,61,11.7,1016.6,0.7,1.7,2,319.8,0
2018-10-31 14:22:00,5,53,21.3,61,11.7,1016.7,0.3,0.7,4,319.8,0
2018-10-31 14:27:00,5,53,21.3,61,11.7,1016.6,0.3,1.4,12,319.8,0
2018-10-31 14:32:00,5,53,21.2,62,11.5,1016.6,0.3,0.7,13,319.8,0
2018-10-31 14:38:00,6,53,21.2,62,11.4,1016.6,0.7,1.7,2,319.8,0
2018-10-31 14:43:00,5,53,21.1,63,11.4,1016.7,0.7,1.4,2,319.8,0
2018-10-31 14:48:00,5,53,21.1,63,11.3,1016.7,0.0,1.7,10,319.8,0
2018-10-31 14:53:00,5,53,21.0,63,11.3,1016.8,1.0,1.7,2,319.8,0
2018-10-31 14:58:00,5,54,20.9,64,11.2,1016.9,0.3,1.0,0,319.8,0
2018-10-31 15:03:00,5,54,20.9,64,11.2,1017.1,0.3,1.0,4,319.8,0
2018-10-31 15:08:00,5,54,20.7,66,11.2,1017.2,1.0,1.7,6,319.8,0
2018-10-31 15:13:00,5,54,20.7,66,11.1,1017.2,0.3,1.0,14,319.8,0
2018-10-31 15:18:00,5,54,20.7,67,11.0,1017.3,0.0,0.0,2,319.8,0
2018-10-31 15:23:00,5,55,20.7,68,11.0,1017.3,0.0,0.0,6,319.8,0
2018-10-31 15:28:00,5,55,20.7,70,10.9,1017.2,0.7,1.4,4,319.8,0
2018-10-31 15:33:00,5,55,20.7,70,10.8,1017.3,0.0,0.3,12,319.8,0
2018-10-31 15:38:00,5,55,20.7,70,10.8,1017.1,0.0,0.0,14,319.8,0
2018-10-31 15:43:00,5,56,20.7,71,10.7,1017.2,0.0,0.7,14,319.8,0
2018-10-31 15:48:00,5,56,20.8,71,10.7,1017.2,0.3,1.7,6,319.8,0
2018-10-31 15:53:00,5,56,20.9,71,10.6,1017.1,0.3,1.7,0,319.8,0
2018-10-31 15:58:00,5,55,20.9,72,10.6,1017.0,0.3,0.7,6,319.8,0
2018-10-31 16:03:00,5,55,20.9,72,10.5,1017.0,0.3,0.7,14,319.8,0
2018-10-31 16:08:00,5,55,20.9,73,10.4,1017.1,0.0,0.3,14,319.8,0
2018-10-31 16:13:00,5,55,20.8,73,10.4,1017.0,0.7,2.0,4,319.8,0
2018-10-31 16:18:00,5,55,20.7,73,10.4,1017.0,0.3,0.7,4,319.8,0
2018-10-31 16:23:00,5,55,20.7,73,10.3,1017.1,0.3,0.7,4,319.8,0
2018-10-31 16:28:00,5,55,20.7,74,10.3,1017.0,0.3,1.7,14,319.8,0
2018-10-31 16:33:00,5,55,20.6,74,10.3,1017.1,0.7,1.4,6,319.8,0
2018-10-31 16:38:00,5,55,20.5,75,10.2,1017.0,0.3,1.0,4,319.8,0
2018-10-31 16:43:00,5,55,20.5,75,10.2,1017.1,0.0,1.0,2,319.8,0
2018-10-31 16:48:00,5,55,20.4,76,10.1,1017.2,0.7,1.0,2,319.8,0
2018-10-31 16:53:00,5,55,20.4,76,10.1,1017.2,0.3,1.0,2,319.8,0
2018-10-31 16:58:00,5,55,20.4,76,10.1,1017.1,0.3,0.3,0,319.8,0
2018-10-31 17:03:00,5,56,20.5,76,10.1,1017.0,0.3,1.4,2,319.8,0
2018-10-31 17:08:00,5,57,20.5,77,10.1,1017.1,1.0,2.0,6,319.8,0
2018-10-31 17:13:00,5,60,20.6,77,10.0,1017.0,0.0,0.3,0,319.8,0
2018-10-31 17:18:00,5,60,20.6,77,10.0,1016.8,0.0,0.0,14,319.8,0
2018-10-31 17:23:00,5,61,20.7,79,9.9,1017.0,0.3,1.4,8,319.8,0
2018-10-31 17:28:00,5,62,20.7,79,9.9,1016.9,0.7,1.0,0,319.8,0
2018-10-31 17:33:00,5,62,20.9,79,9.8,1016.8,0.3,1.0,0,319.8,0
2018-10-31 17:38:00,5,61,21.0,80,9.8,1016.7,0.3,1.7,12,319.8,0
2018-10-31 17:43:00,5,61,21.1,80,9.8,1016.7,0.3,0.7,0,319.8,0
2018-10-31 17:48:00,5,60,21.1,80,9.8,1016.5,0.7,1.7,0,319.8,0
2018-10-31 17:53:00,5,60,21.1,81,9.7,1016.6,0.0,0.7,4,319.8,0
2018-10-31 17:58:00,5,59,21.1,81,9.7,1016.7,0.7,1.4,0,319.8,0
2018-10-31 18:03:00,5,59,21.1,81,9.7,1016.7,0.3,1.4,12,319.8,0
2018-10-31 18:08:00,5,59,21.1,81,9.7,1016.7,0.3,0.7,9,319.8,0
2018-10-31 18:13:00,5,59,21.1,81,9.7,1016.8,0.0,0.7,14,319.8,0
2018-10-31 18:18:00,5,61,21.1,81,9.7,1016.8,0.0,0.7,0,319.8,0
2018-10-31 18:23:00,5,62,21.1,81,9.6,1016.7,0.3,1.0,4,319.8,0
2018-10-31 18:28:00,5,64,21.0,81,9.7,1016.8,0.3,0.7,0,319.8,0
2018-10-31 18:33:00,5,64,21.0,81,9.7,1016.7,0.0,0.3,14,319.8,0
2018-10-31 18:38:00,5,64,21.1,82,9.6,1016.6,0.0,0.3,2,319.8,0
2018-10-31 18:43:00,5,63,21.1,82,9.6,1016.7,0.0,0.7,0,319.8,0
2018-10-31 18:48:00,5,63,21.0,82,9.6,1016.7,0.0,0.0,0,319.8,0
2018-10-31 18:53:00,5,63,21.0,82,9.6,1016.7,0.0,0.0,2,319.8,0
2018-10-31 18:58:00,5,63,21.0,82,9.5,1016.7,0.0,0.3,2,319.8,0
2018-10-31 19:03:00,5,63,21.0,82,9.5,1016.6,0.0,0.0,0,319.8,0
2018-10-31 19:08:00,5,63,21.0,82,9.5,1016.7,0.0,0.0,0,319.8,0
2018-10-31 19:13:00,5,63,21.0,82,9.5,1016.8,0.0,0.0,14,319.8,0
2018-10-31 19:18:00,5,64,20.9,83,9.5,1016.8,0.0,0.0,2,319.8,0
2018-10-31 19:23:00,5,64,20.9,83,9.5,1016.8,0.0,0.0,8,319.8,0
2018-10-31 19:28:00,5,64,20.9,83,9.5,1016.9,0.0,0.0,14,319.8,0
2018-10-31 19:33:00,5,64,20.9,83,9.6,1016.9,0.3,1.0,0,319.8,0
2018-10-31 19:38:00,5,64,20.9,83,9.6,1016.8,0.0,0.0,14,319.8,0
2018-10-31 19:43:00,5,64,20.9,84,9.7,1016.7,0.0,0.0,12,319.8,0
2018-10-31 19:48:00,5,64,20.9,84,9.7,1016.9,0.0,0.0,2,319.8,0
2018-10-31 19:53:00,5,65,20.8,84,9.7,1017.0,0.0,0.0,4,319.8,0
2018-10-31 19:58:00,5,65,20.8,84,9.6,1016.8,0.0,0.7,0,319.8,0
2018-10-31 20:03:00,5,65,20.7,84,9.6,1016.8,0.0,0.0,0,319.8,0
2018-10-31 20:08:00,5,66,20.7,84,9.6,1016.6,0.0,0.0,2,319.8,0
2018-10-31 20:13:00,5,65,20.7,84,9.6,1016.8,0.0,0.0,2,319.8,0
2018-10-31 20:18:00,5,65,20.7,84,9.6,1017.1,0.0,0.3,10,319.8,0
2018-10-31 20:23:00,5,65,20.7,85,9.5,1017.1,0.0,0.0,4,319.8,0
2018-10-31 20:28:00,5,65,20.7,85,9.4,1016.9,0.0,0.0,0,319.8,0
2018-10-31 20:33:00,5,65,20.6,85,9.4,1017.1,0.0,0.0,4,319.8,0
2018-10-31 20:38:00,5,65,20.6,85,9.3,1017.2,0.0,0.3,0,319.8,0
2018-10-31 20:43:00,5,65,20.6,85,9.3,1017.2,0.3,1.0,12,319.8,0
2018-10-31 20:48:00,5,65,20.5,85,9.3,1017.3,0.3,1.0,0,319.8,0
2018-10-31 20:53:00,5,65,20.5,86,9.3,1017.3,0.0,0.0,1,319.8,0
2018-10-31 20:58:00,5,65,20.4,86,9.3,1017.4,0.0,0.7,2,319.8,0
2018-10-31 21:03:00,5,65,20.4,86,9.3,1017.4,0.0,0.0,4,319.8,0
2018-10-31 21:08:00,5,65,20.4,86,9.3,1017.2,0.3,0.7,0,319.8,0
2018-10-31 21:13:00,5,64,20.4,86,9.3,1017.2,0.0,0.3,0,319.8,0
2018-10-31 21:18:00,5,64,20.3,86,9.2,1017.1,0.0,0.0,2,319.8,0
2018-10-31 21:23:00,5,64,20.3,86,9.2,1017.2,0.0,0.0,2,319.8,0
2018-10-31 21:28:00,5,64,20.3,86,9.2,1017.0,0.0,0.0,2,319.8,0
2018-10-31 21:33:00,5,64,20.3,86,9.2,1017.0,0.0,0.0,10,319.8,0
2018-10-31 21:38:00,5,65,20.3,86,9.2,1017.0,0.0,0.0,10,319.8,0
2018-10-31 21:43:00,5,65,20.3,86,9.2,1017.0,0.0,0.0,6,319.8,0
2018-10-31 21:48:00,5,65,20.3,86,9.2,1017.0,0.0,0.3,2,319.8,0
2018-10-31 21:53:00,5,65,20.3,87,9.2,1017.0,0.0,0.3,2,319.8,0
2018-10-31 21:58:00,5,65,20.3,87,9.2,1017.0,0.3,0.7,2,319.8,0
2018-10-31 22:03:00,5,64,20.3,87,9.2,1017.0,0.0,0.3,2,319.8,0
2018-10-31 22:08:00,5,65,20.3,87,9.1,1016.8,0.3,0.7,14,319.8,0
2018-10-31 22:13:00,5,65,20.5,87,9.1,1016.5,0.0,0.3,2,319.8,0
2018-10-31 22:18:00,5,65,20.7,87,9.1,1016.1,0.0,0.3,2,319.8,0
2018-10-31 22:23:00,5,63,21.1,87,9.1,1015.8,0.0,0.7,4,319.8,0
2018-10-31 22:28:00,5,62,21.3,87,9.1,1015.4,0.0,0.7,14,319.8,0
2018-10-31 22:33:00,5,61,21.7,87,9.0,1015.3,1.0,1.7,14,319.8,0
2018-10-31 22:38:00,5,60,21.9,87,9.0,1014.8,0.3,0.7,2,319.8,0
2018-10-31 22:43:00,5,59,22.1,87,9.0,1014.7,0.0,0.3,6,319.8,0
2018-10-31 22:48:00,5,58,22.3,87,9.1,1014.5,0.3,1.4,0,319.8,0
2018-10-31 22:53:00,5,58,22.3,87,9.1,1014.3,0.7,1.4,0,319.8,0
2018-10-31 22:58:00,5,58,22.5,87,9.1,1014.3,0.0,0.0,0,319.8,0
2018-10-31 23:03:00,5,57,22.5,87,9.2,1014.1,0.0,0.0,0,319.8,0
2018-10-31 23:08:00,5,57,22.5,87,9.2,1014.2,0,0.3,2,319.8,0
2018-10-31 23:13:00,5,57,22.5,87,9.2,1014.2,0.3,1.0,0,319.8,0
2018-10-31 23:18:00,5,57,22.5,87,9.2,1014.2,0.3,0.7,0,319.8,0
2018-10-31 23:23:00,5,57,22.4,87,9.3,1014.2,0,0,2,319.8,0
2018-10-31 23:28:00,5,57,22.4,87,9.3,1014.2,0.7,1.4,0,319.8,0
2018-10-31 23:33:00,5,57,22.3,87,9.2,1014.4,0.3,1.0,0,319.8,0
2018-10-31 23:38:00,5,57,22.2,87,9.3,1014.5,0,0.7,6,319.8,0
2018-10-31 23:43:00,5,57,22.2,87,9.3,1014.6,0,0,0,319.8,0
2018-10-31 23:48:00,5,57,22.1,87,9.3,1014.5,0,0,2,319.8,0
2018-10-31 23:53:00,5,59,21.9,87,9.3,1014.7,0,0.3,2,319.8,0
2018-10-31 23:58:00,5,59,21.9,87,9.3,1014.7,0,0,10,319.8,0
