2025-09-15 00:00:47,1,64,22.9,95,18.1,1002.6,19,23,239,0.0,0,0.0,0
2025-09-15 00:01:48,1,64,22.9,95,18.1,1002.7,11,23,228,0.0,0,0.0,0
2025-09-15 00:02:49,1,64,22.9,95,18.1,1002.6,11,18,242,0.0,0,0.0,0
2025-09-15 00:03:50,1,64,22.9,95,18.2,1002.5,13,18,200,0.0,0,0.0,0
2025-09-15 00:04:51,1,64,22.9,95,18.2,1002.4,9,20,202,0.0,0,0.0,0
2025-09-15 00:05:52,1,64,22.9,95,18.2,1002.5,12,20,222,0.0,0,0.0,0
2025-09-15 00:06:53,1,64,22.9,95,18.2,1002.5,16,25,190,0.0,0,0.0,0
2025-09-15 00:07:54,1,64,22.9,95,18.2,1002.5,19,29,233,0.0,0,0.0,0
2025-09-15 00:08:55,1,64,22.9,95,18.2,1002.4,19,29,222,0.0,0,0.0,0
2025-09-15 00:09:56,1,64,22.9,95,18.2,1002.6,11,23,257,0.0,0,0.0,0
2025-09-15 00:10:57,1,64,22.9,95,18.2,1002.2,14,20,223,0.0,0,0.0,0
2025-09-15 00:11:58,1,64,22.9,95,18.2,1002.4,18,21,203,0.0,0,0.0,0
2025-09-15 00:12:59,1,64,22.9,95,18.2,1002.6,20,27,265,0.0,0,0.0,0
2025-09-15 00:14:00,1,64,22.9,95,18.2,1002.4,13,23,247,0.0,0,0.0,0
2025-09-15 00:15:01,1,64,22.9,95,18.2,1002.6,12,21,227,0.0,0,0.0,0
2025-09-15 00:16:02,1,64,22.9,95,18.2,1002.5,13,16,236,0.0,0,0.0,0
2025-09-15 00:17:03,1,64,22.9,95,18.2,1002.1,14,33,228,0.0,0,0.0,0
2025-09-15 00:18:04,1,64,22.9,95,18.1,1002.3,15,23,118,0.0,0,0.0,0
2025-09-15 00:19:05,1,64,22.9,95,18.1,1002.2,20,27,203,0.0,0,0.0,0
2025-09-15 00:20:06,1,64,22.9,95,18.1,1002.4,12,27,231,0.0,0,0.0,0
2025-09-15 00:21:07,1,64,22.8,95,18.1,1002.5,14,23,198,0.0,0,0.0,0
2025-09-15 00:22:08,1,64,22.9,95,18.1,1002.4,14,23,265,0.0,0,0.0,0
2025-09-15 00:23:09,1,64,22.9,95,18.1,1002.5,9,25,232,0.0,0,0.0,0
2025-09-15 00:24:10,1,64,22.9,95,18.1,1002.4,16,27,211,0.0,0,0.0,0
2025-09-15 00:25:11,1,64,22.8,95,18.1,1002.5,10,20,205,0.0,0,0.0,0
2025-09-15 00:26:12,1,64,22.8,95,18.1,1002.3,18,21,231,0.0,0,0.0,0
2025-09-15 00:27:13,1,64,22.8,95,18.1,1002.3,16,27,144,0.0,0,0.0,0
2025-09-15 00:28:14,1,64,22.9,95,18.1,1002.5,16,36,203,0.0,0,0.0,0
2025-09-15 00:29:15,1,64,22.9,95,18.1,1002.3,15,36,208,0.0,0,0.0,0
2025-09-15 00:30:16,1,64,22.8,95,18.1,1002.3,12,25,276,0.0,0,0.0,0
2025-09-15 00:31:17,1,64,22.9,95,18.1,1002.4,19,25,220,0.0,0,0.0,0
2025-09-15 00:32:18,1,64,22.8,95,18.1,1002.3,15,25,223,0.0,0,0.0,0
2025-09-15 00:33:19,1,64,22.8,95,18.1,1002.3,13,29,230,0.0,0,0.0,0
2025-09-15 00:34:20,1,64,22.9,95,18.1,1002.3,19,29,207,0.0,0,0.0,0
2025-09-15 00:35:21,1,64,22.8,95,18.1,1002.5,12,29,192,0.0,0,0.0,0
2025-09-15 00:36:22,1,64,22.8,95,18.1,1002.2,22,31,258,0.0,0,0.0,0
2025-09-15 00:37:23,1,64,22.9,95,18.1,1002.2,20,31,261,0.0,0,0.0,0
2025-09-15 00:38:24,1,64,22.8,95,18.1,1002.5,14,29,247,0.0,0,0.0,0
2025-09-15 00:39:25,1,64,22.9,95,18.1,1002.3,10,29,236,0.0,0,0.0,0
2025-09-15 00:40:26,1,64,22.8,95,18.1,1002.5,24,29,280,0.0,0,0.0,0
2025-09-15 00:41:27,1,64,22.8,95,18.1,1002.5,19,33,244,0.0,0,0.0,0
2025-09-15 00:42:28,1,64,22.8,95,18.1,1002.5,21,31,253,0.0,0,0.0,0
2025-09-15 00:43:29,1,64,22.8,95,18.1,1002.6,9,31,254,0.0,0,0.0,0
2025-09-15 00:44:30,1,64,22.8,95,18.1,1002.5,13,18,240,0.0,0,0.0,0
2025-09-15 00:45:31,1,64,22.8,95,18.1,1002.4,13,18,220,0.0,0,0.0,0
2025-09-15 00:46:32,1,64,22.8,95,18.1,1002.3,13,27,232,0.0,0,0.0,0
2025-09-15 00:47:33,1,64,22.8,95,18.1,1002.3,14,23,266,0.0,0,0.0,0
2025-09-15 00:48:34,1,64,22.8,95,18.1,1002.5,16,21,221,0.0,0,0.0,0
2025-09-15 00:49:35,1,64,22.8,95,18.1,1002.3,16,29,259,0.0,0,0.0,0
2025-09-15 00:50:36,1,64,22.8,95,18.1,1002.2,18,31,257,0.0,0,0.0,0
2025-09-15 00:51:37,1,64,22.8,95,18.1,1002.4,15,31,275,0.0,0,0.0,0
2025-09-15 00:52:38,1,64,22.8,95,18.1,1002.5,19,33,177,0.0,0,0.0,0
2025-09-15 00:53:39,1,64,22.8,95,18.1,1002.4,22,33,266,0.0,0,0.0,0
2025-09-15 00:54:40,1,64,22.8,95,18.2,1002.3,19,34,263,0.0,0,0.0,0
2025-09-15 00:55:41,1,64,22.8,95,18.2,1002.4,13,34,159,0.0,0,0.0,0
2025-09-15 00:56:42,1,64,22.8,94,18.2,1002.5,14,20,235,0.0,0,0.0,0
2025-09-15 00:57:43,1,64,22.8,94,18.2,1002.7,12,29,243,0.0,0,0.0,0
2025-09-15 00:58:44,1,64,22.8,94,18.2,1002.6,20,25,272,0.0,0,0.0,0
2025-09-15 00:59:45,1,64,22.8,94,18.2,1002.3,25,40,275,0.0,0,0.0,0
2025-09-15 01:00:46,1,64,22.8,94,18.2,1002.6,30,43,222,0.0,0,0.0,0
2025-09-15 01:01:47,1,64,22.8,93,18.2,1002.3,30,43,265,0.0,0,0.0,0
2025-09-15 01:02:48,1,64,22.8,93,18.2,1002.2,17,47,301,0.0,0,0.0,0
2025-09-15 01:03:49,1,64,22.8,92,18.3,1002.4,30,47,266,0.0,0,0.0,0
2025-09-15 01:04:50,1,64,22.8,92,18.3,1002.5,22,36,207,0.0,0,0.0,0
2025-09-15 01:05:51,1,64,22.8,91,18.3,1002.5,21,42,238,0.0,0,0.0,0
2025-09-15 01:06:52,1,64,22.8,90,18.3,1002.5,35,42,207,0.0,0,0.0,0
2025-09-15 01:07:53,1,64,22.8,88,18.4,1002.3,38,49,239,0.0,0,0.0,0
2025-09-15 01:08:54,1,64,22.8,86,18.4,1002.2,42,49,237,0.0,0,0.0,0
2025-09-15 01:09:55,1,64,22.8,85,18.4,1002.3,25,47,232,0.0,0,0.0,0
2025-09-15 01:10:56,1,64,22.8,84,18.5,1002.3,26,47,232,0.0,0,0.0,0
2025-09-15 01:11:57,1,64,22.8,84,18.5,1002.3,21,38,240,0.0,0,0.0,0
2025-09-15 01:12:58,1,64,22.8,82,18.5,1002.3,37,42,232,0.0,0,0.0,0
2025-09-15 01:13:59,1,64,22.8,81,18.4,1002.5,27,42,239,0.0,0,0.0,0
2025-09-15 01:15:00,1,64,22.8,80,18.4,1002.5,23,36,228,0.0,0,0.0,0
2025-09-15 01:16:01,1,64,22.8,79,18.4,1002.5,35,55,256,0.0,0,0.0,0
2025-09-15 01:17:02,1,64,22.8,79,18.4,1002.2,24,55,241,0.0,0,0.0,0
2025-09-15 01:18:03,1,64,22.8,79,18.3,1002.3,28,34,249,0.0,0,0.0,0
2025-09-15 01:19:04,1,64,22.8,79,18.3,1002.3,28,40,237,0.0,0,0.0,0
2025-09-15 01:20:05,1,64,22.8,79,18.3,1002.5,27,40,268,0.0,0,0.0,0
2025-09-15 01:21:06,1,64,22.8,80,18.2,1002.3,28,40,248,0.0,0,0.0,0
2025-09-15 01:22:07,1,64,22.8,81,18.2,1002.2,22,40,197,0.0,0,0.0,0
2025-09-15 01:23:08,1,64,22.8,81,18.1,1002.4,23,38,202,0.0,0,0.0,0
2025-09-15 01:24:09,1,64,22.8,82,18.1,1002.4,14,34,258,0.0,0,0.0,0
2025-09-15 01:25:10,1,64,22.8,82,18.1,1002.4,23,38,246,0.0,0,0.0,0
2025-09-15 01:26:11,1,64,22.8,82,18.0,1002.3,13,38,247,0.0,0,0.0,0
2025-09-15 01:27:12,1,64,22.8,83,18.0,1002.4,17,46,266,0.0,0,0.0,0
2025-09-15 01:28:13,1,64,22.8,83,18.0,1002.5,21,46,258,0.0,0,0.0,0
2025-09-15 01:29:14,1,64,22.8,83,18.0,1002.2,21,38,280,0.0,0,0.0,0
2025-09-15 01:30:15,1,64,22.8,83,18.0,1002.6,42,56,246,0.0,0,0.0,0
2025-09-15 01:31:16,1,64,22.8,83,18.0,1002.4,30,56,222,0.0,0,0.0,0
2025-09-15 01:32:17,1,64,22.8,83,18.1,1002.5,15,38,267,0.0,0,0.0,0
2025-09-15 01:33:18,1,64,22.8,83,18.1,1002.5,18,38,255,0.0,0,0.0,0
2025-09-15 01:34:19,1,64,22.8,84,18.1,1002.6,7,34,339,0.0,0,0.0,0
2025-09-15 01:35:20,1,64,22.8,84,18.1,1002.6,17,31,209,0.0,0,0.0,0
2025-09-15 01:36:21,1,64,22.8,84,18.1,1002.3,32,46,226,0.0,0,0.0,0
2025-09-15 01:37:22,1,64,22.8,84,18.1,1002.4,22,46,218,0.0,0,0.0,0
2025-09-15 01:38:23,1,64,22.8,84,18.1,1002.4,28,36,261,0.0,0,0.0,0
2025-09-15 01:39:24,1,64,22.8,83,18.2,1002.3,30,46,223,0.0,0,0.0,0
2025-09-15 01:40:25,1,64,22.8,83,18.2,1002.4,22,46,225,0.0,0,0.0,0
2025-09-15 01:41:26,1,64,22.8,83,18.2,1002.4,32,51,229,0.0,0,0.0,0
2025-09-15 01:42:27,1,64,22.8,83,18.2,1002.4,18,51,246,0.0,0,0.0,0
2025-09-15 01:43:28,1,64,22.8,83,18.2,1002.4,17,33,263,0.0,0,0.0,0
2025-09-15 01:44:29,1,64,22.8,83,18.2,1002.3,16,34,162,0.0,0,0.0,0
2025-09-15 01:45:30,1,64,22.8,83,18.1,1002.4,15,33,240,0.0,0,0.0,0
2025-09-15 01:46:31,1,64,22.8,83,18.1,1002.3,26,36,158,0.0,0,0.0,0
2025-09-15 01:47:32,1,64,22.8,83,18.1,1002.4,20,36,220,0.0,0,0.0,0
2025-09-15 01:48:33,1,64,22.8,83,18.0,1002.3,24,40,274,0.0,0,0.0,0
2025-09-15 01:49:34,1,64,22.8,83,18.0,1002.4,33,42,257,0.0,0,0.0,0
2025-09-15 01:50:35,1,64,22.8,83,18.0,1002.5,19,42,267,0.0,0,0.0,0
2025-09-15 01:51:36,1,64,22.8,83,18.0,1002.4,18,38,188,0.0,0,0.0,0
2025-09-15 01:52:37,1,64,22.8,83,18.0,1002.3,19,38,261,0.0,0,0.0,0
2025-09-15 01:53:38,1,64,22.8,83,18.0,1002.4,17,38,263,0.0,0,0.0,0
2025-09-15 01:54:39,1,64,22.8,83,18.0,1002.4,19,33,229,0.0,0,0.0,0
2025-09-15 01:55:40,1,64,22.8,83,18.0,1002.4,21,31,236,0.0,0,0.0,0
2025-09-15 01:56:41,1,64,22.8,83,17.9,1002.5,13,31,253,0.0,0,0.0,0
2025-09-15 01:57:42,1,64,22.8,83,17.9,1002.4,18,25,212,0.0,0,0.0,0
2025-09-15 01:58:43,1,64,22.8,83,17.9,1002.4,28,34,257,0.0,0,0.0,0
2025-09-15 01:59:44,1,64,22.8,83,17.8,1002.4,21,34,202,0.0,0,0.0,0
2025-09-15 02:00:45,1,64,22.8,83,17.8,1002.4,27,38,256,0.0,0,0.0,0
2025-09-15 02:01:46,1,64,22.8,83,17.8,1002.5,16,38,230,0.0,0,0.0,0
2025-09-15 02:02:47,1,64,22.8,83,17.9,1002.4,20,34,255,0.0,0,0.0,0
2025-09-15 02:03:48,1,64,22.8,83,17.8,1002.5,14,34,256,0.0,0,0.0,0
2025-09-15 02:04:49,1,64,22.8,83,17.8,1002.4,11,21,211,0.0,0,0.0,0
2025-09-15 02:05:50,1,64,22.8,83,17.8,1002.4,35,51,254,0.0,0,0.0,0
2025-09-15 02:06:51,1,63,22.8,82,17.8,1002.6,28,51,244,0.0,0,0.0,0
2025-09-15 02:07:52,1,64,22.8,82,17.8,1002.4,17,40,13,0.0,0,0.0,0
2025-09-15 02:08:53,1,64,22.8,82,17.8,1002.4,25,33,265,0.0,0,0.0,0
2025-09-15 02:09:54,1,64,22.8,82,17.8,1002.6,30,34,266,0.0,0,0.0,0
2025-09-15 02:10:55,1,64,22.8,82,17.8,1002.5,14,34,233,0.0,0,0.0,0
2025-09-15 02:11:56,1,64,22.8,82,17.8,1002.6,10,33,235,0.0,0,0.0,0
2025-09-15 02:12:57,1,64,22.8,82,17.8,1002.5,23,34,241,0.0,0,0.0,0
2025-09-15 02:13:58,1,64,22.7,82,17.7,1002.5,14,29,246,0.0,0,0.0,0
2025-09-15 02:14:59,1,63,22.8,82,17.7,1002.3,14,25,275,0.0,0,0.0,0
2025-09-15 02:16:00,1,63,22.8,82,17.7,1002.4,16,21,247,0.0,0,0.0,0
2025-09-15 02:17:01,1,63,22.8,82,17.7,1002.6,17,29,248,0.0,0,0.0,0
2025-09-15 02:18:02,1,63,22.8,82,17.7,1002.4,16,25,230,0.0,0,0.0,0
2025-09-15 02:19:03,1,63,22.8,83,17.6,1002.4,13,21,247,0.0,0,0.0,0
2025-09-15 02:20:04,1,63,22.8,83,17.6,1002.4,17,23,229,0.0,0,0.0,0
2025-09-15 02:21:05,1,63,22.8,83,17.6,1002.6,19,27,215,0.0,0,0.0,0
2025-09-15 02:22:06,1,63,22.8,83,17.6,1002.5,16,27,257,0.0,0,0.0,0
2025-09-15 02:23:07,1,63,22.8,83,17.6,1002.5,15,25,180,0.0,0,0.0,0
2025-09-15 02:24:08,1,63,22.8,83,17.5,1002.6,9,18,218,0.0,0,0.0,0
2025-09-15 02:25:09,1,63,22.8,83,17.5,1002.4,12,20,218,0.0,0,0.0,0
2025-09-15 02:26:10,1,63,22.8,83,17.5,1002.4,15,21,232,0.0,0,0.0,0
2025-09-15 02:27:11,1,63,22.8,83,17.5,1002.4,14,21,234,0.0,0,0.0,0
2025-09-15 02:28:12,1,63,22.8,83,17.4,1002.4,13,21,260,0.0,0,0.0,0
2025-09-15 02:29:13,1,63,22.8,83,17.4,1002.6,25,33,236,0.0,0,0.0,0
2025-09-15 02:30:14,1,63,22.8,83,17.4,1002.3,19,33,232,0.0,0,0.0,0
2025-09-15 02:31:15,1,63,22.8,82,17.4,1002.5,17,27,206,0.0,0,0.0,0
2025-09-15 02:32:16,1,63,22.7,82,17.5,1002.5,9,27,269,0.0,0,0.0,0
2025-09-15 02:33:17,1,63,22.8,82,17.5,1002.4,23,29,231,0.0,0,0.0,0
2025-09-15 02:34:18,1,63,22.8,82,17.5,1002.4,24,29,243,0.0,0,0.0,0
2025-09-15 02:35:19,1,63,22.8,82,17.5,1002.4,13,33,224,0.0,0,0.0,0
2025-09-15 02:36:20,1,63,22.8,82,17.5,1002.4,16,33,242,0.0,0,0.0,0
2025-09-15 02:37:21,1,63,22.8,82,17.5,1002.2,30,34,246,0.0,0,0.0,0
2025-09-15 02:38:22,1,63,22.7,82,17.4,1002.3,18,34,321,0.0,0,0.0,0
2025-09-15 02:39:23,1,63,22.8,82,17.4,1002.4,20,27,266,0.0,0,0.0,0
2025-09-15 02:40:24,1,63,22.8,81,17.4,1002.2,23,38,239,0.0,0,0.0,0
2025-09-15 02:41:25,1,63,22.8,81,17.4,1002.3,30,38,241,0.0,0,0.0,0
2025-09-15 02:42:26,1,63,22.7,81,17.4,1002.1,30,40,239,0.0,0,0.0,0
2025-09-15 02:43:27,1,63,22.8,80,17.4,1002.2,14,40,239,0.0,0,0.0,0
2025-09-15 02:44:28,1,63,22.7,80,17.5,1002.1,16,31,251,0.0,0,0.0,0
2025-09-15 02:45:29,1,63,22.8,80,17.5,1002.3,20,33,261,0.0,0,0.0,0
2025-09-15 02:46:30,1,63,22.7,80,17.5,1002.3,32,40,122,0.0,0,0.0,0
2025-09-15 02:47:31,1,63,22.7,80,17.5,1002.4,16,40,236,0.0,0,0.0,0
2025-09-15 02:48:32,1,63,22.8,80,17.5,1002.5,27,31,254,0.0,0,0.0,0
2025-09-15 02:49:33,1,63,22.8,80,17.5,1002.4,13,31,262,0.0,0,0.0,0
2025-09-15 02:50:34,1,63,22.8,80,17.5,1002.3,11,20,228,0.0,0,0.0,0
2025-09-15 02:51:35,1,63,22.8,80,17.4,1002.4,15,38,221,0.0,0,0.0,0
2025-09-15 02:52:36,1,63,22.8,80,17.4,1002.2,23,29,261,0.0,0,0.0,0
2025-09-15 02:53:37,1,63,22.7,80,17.4,1002.3,16,27,335,0.0,0,0.0,0
2025-09-15 02:54:38,1,63,22.7,80,17.4,1002.4,11,29,280,0.0,0,0.0,0
2025-09-15 02:55:39,1,63,22.7,80,17.4,1002.4,17,33,216,0.0,0,0.0,0
2025-09-15 02:56:40,1,63,22.8,79,17.4,1002.2,20,29,228,0.0,0,0.0,0
2025-09-15 02:57:41,1,63,22.8,79,17.3,1002.5,15,29,227,0.0,0,0.0,0
2025-09-15 02:58:42,1,63,22.7,79,17.3,1002.4,21,34,257,0.0,0,0.0,0
2025-09-15 02:59:43,1,63,22.7,79,17.3,1002.4,17,34,228,0.0,0,0.0,0
2025-09-15 03:00:44,1,63,22.7,79,17.3,1002.3,20,31,238,0.0,0,0.0,0
2025-09-15 03:01:45,1,63,22.7,79,17.3,1002.5,22,29,245,0.0,0,0.0,0
2025-09-15 03:02:46,1,63,22.8,79,17.3,1002.6,19,27,240,0.0,0,0.0,0
2025-09-15 03:03:47,1,63,22.7,79,17.3,1002.6,11,27,262,0.0,0,0.0,0
2025-09-15 03:04:48,1,63,22.7,79,17.3,1002.3,16,27,201,0.0,0,0.0,0
2025-09-15 03:05:49,1,63,22.7,79,17.3,1002.5,25,34,236,0.0,0,0.0,0
2025-09-15 03:06:50,1,63,22.7,79,17.2,1002.3,17,38,242,0.0,0,0.0,0
2025-09-15 03:07:51,1,63,22.7,80,17.2,1002.4,20,29,189,0.0,0,0.0,0
2025-09-15 03:08:52,1,63,22.7,79,17.2,1002.4,40,46,258,0.0,0,0.0,0
2025-09-15 03:09:53,1,63,22.7,79,17.2,1002.4,23,46,234,0.0,0,0.0,0
2025-09-15 03:10:54,1,63,22.7,79,17.2,1002.2,20,34,231,0.0,0,0.0,0
2025-09-15 03:11:55,1,63,22.8,79,17.2,1002.3,25,34,267,0.0,0,0.0,0
2025-09-15 03:12:56,1,63,22.7,79,17.2,1002.1,27,34,250,0.0,0,0.0,0
2025-09-15 03:13:57,1,63,22.7,79,17.2,1002.3,17,33,234,0.0,0,0.0,0
2025-09-15 03:14:58,1,63,22.7,80,17.1,1002.3,23,29,254,0.0,0,0.0,0
2025-09-15 03:15:59,1,63,22.7,80,17.1,1002.2,14,29,343,0.0,0,0.0,0
2025-09-15 03:17:00,1,63,22.7,80,17.1,1002.4,21,38,18,0.0,0,0.0,0
2025-09-15 03:18:01,1,63,22.7,80,17.0,1002.1,23,38,229,0.0,0,0.0,0
2025-09-15 03:19:02,1,63,22.7,80,17.0,1002.2,14,33,219,0.0,0,0.0,0
2025-09-15 03:20:03,1,63,22.7,80,17.0,1002.4,13,25,244,0.0,0,0.0,0
2025-09-15 03:21:04,1,63,22.7,80,17.0,1002.3,14,25,218,0.0,0,0.0,0
2025-09-15 03:22:05,1,63,22.7,80,16.9,1002.2,22,33,194,0.0,0,0.0,0
2025-09-15 03:23:06,1,63,22.7,80,16.9,1002.2,18,31,162,0.0,0,0.0,0
2025-09-15 03:24:07,1,63,22.7,80,16.9,1002.3,16,27,266,0.0,0,0.0,0
2025-09-15 03:25:08,1,63,22.7,80,16.9,1002.3,25,31,193,0.0,0,0.0,0
2025-09-15 03:26:09,1,63,22.7,80,16.9,1002.2,22,31,225,0.0,0,0.0,0
2025-09-15 03:27:10,1,63,22.7,80,16.9,1002.2,18,27,269,0.0,0,0.0,0
2025-09-15 03:28:11,1,63,22.7,80,16.9,1002.4,11,25,231,0.0,0,0.0,0
2025-09-15 03:29:12,1,63,22.7,79,16.9,1002.3,16,29,213,0.0,0,0.0,0
2025-09-15 03:30:13,1,63,22.7,79,16.9,1002.4,16,33,250,0.0,0,0.0,0
2025-09-15 03:31:14,1,63,22.7,79,16.9,1002.2,18,33,191,0.0,0,0.0,0
2025-09-15 03:32:15,1,63,22.7,79,16.9,1002.3,24,33,244,0.0,0,0.0,0
2025-09-15 03:33:16,1,63,22.7,79,16.9,1002.2,20,33,285,0.0,0,0.0,0
2025-09-15 03:34:17,1,63,22.7,79,16.9,1002.3,19,40,252,0.0,0,0.0,0
2025-09-15 03:35:18,1,63,22.7,79,16.9,1002.3,23,40,230,0.0,0,0.0,0
2025-09-15 03:36:19,1,63,22.7,79,16.9,1002.4,17,33,254,0.0,0,0.0,0
2025-09-15 03:37:20,1,63,22.7,79,16.9,1002.4,21,33,226,0.0,0,0.0,0
2025-09-15 03:38:21,1,63,22.7,79,16.9,1002.4,18,38,210,0.0,0,0.0,0
2025-09-15 03:39:22,1,63,22.7,78,16.9,1002.2,23,36,221,0.0,0,0.0,0
2025-09-15 03:40:23,1,63,22.7,78,16.9,1002.3,24,34,225,0.0,0,0.0,0
2025-09-15 03:41:24,1,63,22.7,78,16.9,1002.4,19,36,240,0.0,0,0.0,0
2025-09-15 03:42:25,1,63,22.7,78,16.9,1002.4,22,33,254,0.0,0,0.0,0
2025-09-15 03:43:26,1,63,22.7,78,16.9,1002.4,11,33,248,0.0,0,0.0,0
2025-09-15 03:44:27,1,63,22.7,78,16.9,1002.3,17,34,184,0.0,0,0.0,0
2025-09-15 03:45:28,1,63,22.7,78,16.9,1002.3,28,38,280,0.0,0,0.0,0
2025-09-15 03:46:29,1,63,22.7,78,16.9,1002.3,19,38,237,0.0,0,0.0,0
2025-09-15 03:47:30,1,63,22.7,78,16.9,1002.3,18,31,235,0.0,0,0.0,0
2025-09-15 03:48:31,1,63,22.7,78,16.9,1002.3,17,27,246,0.0,0,0.0,0
2025-09-15 03:49:32,1,63,22.7,78,16.9,1002.2,12,31,239,0.0,0,0.0,0
2025-09-15 03:50:33,1,63,22.7,78,16.9,1002.4,23,27,249,0.0,0,0.0,0
2025-09-15 03:51:34,1,63,22.7,78,16.9,1002.4,27,31,255,0.0,0,0.0,0
2025-09-15 03:52:35,1,63,22.7,77,16.9,1002.3,21,31,241,0.0,0,0.0,0
2025-09-15 03:53:36,1,63,22.7,77,16.9,1002.5,17,31,225,0.0,0,0.0,0
2025-09-15 03:54:37,1,62,22.7,77,16.9,1002.4,34,42,273,0.0,0,0.0,0
2025-09-15 03:55:38,1,62,22.7,77,16.9,1002.5,21,42,239,0.0,0,0.0,0
2025-09-15 03:56:39,1,62,22.7,77,16.9,1002.5,20,36,185,0.0,0,0.0,0
2025-09-15 03:57:40,1,62,22.7,77,17.0,1002.3,28,42,278,0.0,0,0.0,0
2025-09-15 03:58:41,1,62,22.7,77,17.0,1002.4,19,36,234,0.0,0,0.0,0
2025-09-15 03:59:42,1,62,22.7,77,17.0,1002.4,18,27,242,0.0,0,0.0,0
2025-09-15 04:00:43,1,62,22.7,77,17.0,1002.6,18,27,304,0.0,0,0.0,0
2025-09-15 04:01:44,1,62,22.7,77,17.0,1002.4,25,36,256,0.0,0,0.0,0
2025-09-15 04:02:45,1,62,22.7,77,16.9,1002.6,29,38,219,0.0,0,0.0,0
2025-09-15 04:03:46,1,62,22.7,77,16.9,1002.4,20,38,262,0.0,0,0.0,0
2025-09-15 04:04:47,1,62,22.7,77,16.9,1002.5,16,29,247,0.0,0,0.0,0
2025-09-15 04:05:48,1,62,22.7,77,16.9,1002.4,33,40,164,0.0,0,0.0,0
2025-09-15 04:06:49,1,62,22.7,77,16.9,1002.4,17,40,254,0.0,0,0.0,0
2025-09-15 04:07:50,1,62,22.7,77,16.9,1002.7,20,36,260,0.0,0,0.0,0
2025-09-15 04:08:51,1,62,22.7,77,16.9,1002.5,34,43,223,0.0,0,0.0,0
2025-09-15 04:09:52,1,62,22.7,77,16.9,1002.5,25,46,274,0.0,0,0.0,0
2025-09-15 04:10:53,1,62,22.7,78,16.9,1002.4,17,46,220,0.0,0,0.0,0
2025-09-15 04:11:54,1,62,22.7,78,16.9,1002.6,36,46,269,0.0,0,0.0,0
2025-09-15 04:12:55,1,62,22.7,78,16.8,1002.4,21,46,270,0.0,0,0.0,0
2025-09-15 04:13:56,1,62,22.7,78,16.8,1002.5,21,31,255,0.0,0,0.0,0
2025-09-15 04:14:57,1,62,22.7,78,16.8,1002.6,19,27,285,0.0,0,0.0,0
2025-09-15 04:15:58,1,62,22.7,78,16.8,1002.6,19,27,224,0.0,0,0.0,0
2025-09-15 04:16:59,1,62,22.7,78,16.7,1002.5,27,36,251,0.0,0,0.0,0
2025-09-15 04:18:00,1,62,22.7,78,16.7,1002.3,24,36,278,0.0,0,0.0,0
2025-09-15 04:19:01,1,62,22.7,78,16.7,1002.6,21,34,241,0.0,0,0.0,0
2025-09-15 04:20:02,1,62,22.7,78,16.7,1002.5,15,29,190,0.0,0,0.0,0
2025-09-15 04:21:03,1,62,22.7,78,16.7,1002.4,26,34,264,0.0,0,0.0,0
2025-09-15 04:22:04,1,62,22.7,78,16.6,1002.4,19,34,238,0.0,0,0.0,0
2025-09-15 04:23:05,1,62,22.7,78,16.6,1002.4,18,38,250,0.0,0,0.0,0
2025-09-15 04:24:06,1,62,22.7,78,16.6,1002.4,17,34,235,0.0,0,0.0,0
2025-09-15 04:25:07,1,62,22.7,78,16.6,1002.3,20,25,227,0.0,0,0.0,0
2025-09-15 04:26:08,1,62,22.7,78,16.6,1002.6,25,31,227,0.0,0,0.0,0
2025-09-15 04:27:09,1,62,22.7,78,16.6,1002.5,36,47,241,0.0,0,0.0,0
2025-09-15 04:28:10,1,62,22.7,78,16.6,1002.5,25,47,227,0.0,0,0.0,0
2025-09-15 04:29:11,1,62,22.7,78,16.6,1002.6,14,38,234,0.0,0,0.0,0
2025-09-15 04:30:12,1,62,22.7,78,16.6,1002.6,22,33,248,0.0,0,0.0,0
2025-09-15 04:31:13,1,62,22.7,78,16.6,1002.5,28,40,223,0.0,0,0.0,0
2025-09-15 04:32:14,1,62,22.7,78,16.6,1002.4,21,40,252,0.0,0,0.0,0
2025-09-15 04:33:15,1,62,22.7,78,16.6,1002.5,23,31,215,0.0,0,0.0,0
2025-09-15 04:34:16,1,62,22.7,78,16.6,1002.5,23,34,234,0.0,0,0.0,0
2025-09-15 04:35:17,1,62,22.7,78,16.6,1002.5,20,46,225,0.0,0,0.0,0
2025-09-15 04:36:18,1,62,22.7,78,16.6,1002.5,24,43,196,0.0,0,0.0,0
2025-09-15 04:37:19,1,62,22.7,78,16.6,1002.5,28,42,243,0.0,0,0.0,0
2025-09-15 04:38:20,1,62,22.7,78,16.6,1002.6,27,40,255,0.0,0,0.0,0
2025-09-15 04:39:21,1,62,22.7,77,16.6,1002.5,21,38,206,0.0,0,0.0,0
2025-09-15 04:40:22,1,62,22.7,78,16.6,1002.6,17,38,242,0.0,0,0.0,0
2025-09-15 04:41:23,1,62,22.7,78,16.6,1002.6,14,23,240,0.0,0,0.0,0
2025-09-15 04:42:24,1,62,22.7,78,16.6,1002.5,17,27,215,0.0,0,0.0,0
2025-09-15 04:43:25,1,62,22.7,78,16.6,1002.4,20,33,189,0.0,0,0.0,0
2025-09-15 04:44:26,1,62,22.7,78,16.5,1002.6,19,25,258,0.0,0,0.0,0
2025-09-15 04:45:27,1,62,22.7,78,16.5,1002.4,17,27,218,0.0,0,0.0,0
2025-09-15 04:46:28,1,62,22.7,78,16.5,1002.5,15,33,247,0.0,0,0.0,0
2025-09-15 04:47:29,1,62,22.7,78,16.5,1002.4,17,27,220,0.0,0,0.1,0
2025-09-15 04:48:30,1,62,22.7,78,16.5,1002.4,17,27,194,0.0,0,0.1,0
2025-09-15 04:49:31,1,62,22.7,79,16.5,1002.7,19,27,248,0.0,0,0.1,0
2025-09-15 04:50:32,1,62,22.7,79,16.5,1002.4,20,42,226,0.0,0,0.1,0
2025-09-15 04:51:33,1,62,22.7,78,16.5,1002.6,23,29,275,0.0,0,0.1,0
2025-09-15 04:52:35,1,62,22.7,78,16.5,1002.5,17,33,160,0.0,0,0.1,0
2025-09-15 04:53:36,1,62,22.7,78,16.5,1002.4,19,34,248,0.0,0,0.1,0
2025-09-15 04:54:37,1,62,22.7,78,16.5,1002.5,22,38,215,0.0,0,0.2,0
2025-09-15 04:55:38,1,62,22.7,78,16.5,1002.5,20,38,224,0.0,0,0.2,0
2025-09-15 04:56:39,1,62,22.7,78,16.5,1002.8,16,25,213,0.0,0,0.3,0
2025-09-15 04:57:40,1,62,22.7,78,16.4,1002.5,21,38,247,0.0,0,0.3,0
2025-09-15 04:58:41,1,62,22.7,78,16.4,1002.6,30,38,261,0.0,0,0.4,0
2025-09-15 04:59:42,1,62,22.7,78,16.4,1002.5,13,38,205,0.0,0,0.5,0
2025-09-15 05:00:43,1,62,22.7,78,16.4,1002.5,20,31,229,0.0,0,0.6,0
2025-09-15 05:01:44,1,62,22.7,78,16.4,1002.4,29,38,250,0.0,0,0.7,0
2025-09-15 05:02:45,1,62,22.7,78,16.4,1002.5,27,40,234,0.0,0,0.8,0
2025-09-15 05:03:46,1,62,22.7,78,16.4,1002.5,22,40,242,0.0,0,0.9,0
2025-09-15 05:04:47,1,62,22.7,78,16.5,1002.4,31,36,229,0.0,0,1.0,0
2025-09-15 05:05:48,1,62,22.7,78,16.5,1002.6,24,36,239,0.0,0,1.2,0
2025-09-15 05:06:49,1,62,22.7,78,16.5,1002.5,22,34,240,0.0,0,1.4,0
2025-09-15 05:07:50,1,62,22.7,78,16.5,1002.5,21,31,266,0.0,0,1.6,0
2025-09-15 05:08:51,1,62,22.7,78,16.4,1002.4,19,31,231,0.0,0,1.8,0
2025-09-15 05:09:52,1,62,22.7,78,16.4,1002.6,29,34,248,0.0,0,2.0,0
2025-09-15 05:10:53,1,62,22.7,78,16.4,1002.4,23,34,215,0.0,0,2.3,0
2025-09-15 05:11:54,1,62,22.7,78,16.4,1002.6,17,29,215,0.0,0,2.5,0
2025-09-15 05:12:55,1,62,22.7,78,16.4,1002.6,15,27,280,0.0,0,2.9,0
2025-09-15 05:13:56,1,62,22.7,79,16.3,1002.6,21,33,262,0.0,0,3.2,0
2025-09-15 05:14:57,1,62,22.7,79,16.3,1002.6,28,33,253,0.0,0,3.5,0
2025-09-15 05:15:58,1,62,22.7,79,16.3,1002.6,13,33,245,0.0,0,3.8,0
2025-09-15 05:16:59,1,62,22.7,79,16.3,1002.5,20,27,220,0.0,0,4.4,0
2025-09-15 05:18:00,1,62,22.7,79,16.3,1002.6,19,34,221,0.0,0,4.6,0
2025-09-15 05:19:01,1,62,22.7,79,16.3,1002.6,13,29,212,0.0,0,4.8,0
2025-09-15 05:20:02,1,62,22.7,79,16.3,1002.6,14,21,110,0.0,0,5.5,0
2025-09-15 05:21:03,1,62,22.7,79,16.3,1002.5,17,21,202,0.0,0,5.8,0
2025-09-15 05:22:04,1,62,22.7,79,16.3,1002.4,20,25,258,0.0,0,6.1,0
2025-09-15 05:23:05,1,62,22.7,79,16.3,1002.5,20,27,223,0.0,0,6.8,0
2025-09-15 05:24:06,1,62,22.7,79,16.3,1002.4,23,29,241,0.0,0,7.5,0
2025-09-15 05:25:07,1,62,22.7,79,16.3,1002.5,18,36,219,0.0,0,7.8,0
2025-09-15 05:26:08,1,62,22.7,78,16.3,1002.6,19,33,254,0.0,0,8.1,0
2025-09-15 05:27:09,1,62,22.7,79,16.4,1002.7,13,25,213,0.0,0,8.6,0
2025-09-15 05:28:10,1,62,22.7,79,16.4,1002.8,12,34,248,0.0,0,10.2,0
2025-09-15 05:29:11,1,62,22.7,79,16.3,1002.7,20,31,188,0.0,0,12.7,0
2025-09-15 05:30:12,1,62,22.7,79,16.3,1002.6,13,31,114,0.0,0,15.2,0
2025-09-15 05:31:13,1,62,22.7,79,16.3,1002.6,15,29,241,0.0,0,14.3,0
2025-09-15 05:32:14,1,62,22.7,79,16.3,1002.7,14,27,237,0.0,0,14.0,0
2025-09-15 05:33:15,1,62,22.7,79,16.3,1002.7,22,29,273,0.0,0,11.6,0
2025-09-15 05:34:16,1,62,22.7,79,16.4,1002.8,17,31,253,0.0,0,8.0,0
2025-09-15 05:35:17,1,62,22.7,79,16.4,1002.8,19,34,260,0.0,0,5.7,0
2025-09-15 05:36:18,1,62,22.7,79,16.4,1003.2,19,34,236,0.0,0,6.0,0
2025-09-15 05:37:19,1,62,22.7,79,16.4,1003.2,21,33,236,0.0,0,7.2,0
2025-09-15 05:38:20,1,62,22.7,80,16.4,1003.0,23,33,241,0.0,0,7.2,0
2025-09-15 05:39:21,1,62,22.7,81,16.2,1002.9,17,33,287,0.0,0,8.0,0
2025-09-15 05:40:22,1,62,22.7,82,16.1,1003.1,26,36,222,0.0,0,11.3,0
2025-09-15 05:41:23,1,62,22.7,83,15.9,1002.9,15,36,254,0.0,0,14.3,0
2025-09-15 05:42:24,1,62,22.7,83,15.8,1003.0,28,40,225,0.0,0,15.6,0
2025-09-15 05:43:25,1,62,22.7,84,15.7,1003.2,16,43,246,0.0,0,16.7,0
2025-09-15 05:44:26,1,62,22.7,84,15.7,1002.9,37,46,241,0.0,0,16.6,0
2025-09-15 05:45:27,1,62,22.7,83,15.6,1003.0,32,56,240,0.0,0,16.7,0
2025-09-15 05:46:28,1,62,22.7,83,15.6,1003.1,17,46,280,0.0,0,17.4,0
2025-09-15 05:47:29,1,62,22.7,83,15.7,1002.9,14,27,217,0.0,0,18.2,0
2025-09-15 05:48:30,1,62,22.7,83,15.7,1003.1,13,27,256,0.0,0,18.6,0
2025-09-15 05:49:31,1,62,22.7,83,15.6,1003.0,15,23,240,0.0,0,18.9,0
2025-09-15 05:50:32,1,62,22.7,83,15.6,1003.0,20,42,167,0.0,0,19.5,0
2025-09-15 05:51:33,1,62,22.7,83,15.6,1003.1,21,42,242,0.0,0,20.6,0
2025-09-15 05:52:34,1,62,22.7,83,15.6,1003.1,21,42,201,0.0,0,21.6,0
2025-09-15 05:53:35,1,62,22.7,83,15.6,1003.1,19,33,128,0.0,0,22.7,0
2025-09-15 05:54:36,1,62,22.7,82,15.6,1003.1,16,29,241,0.0,0,24.2,0
2025-09-15 05:55:37,1,62,22.7,82,15.7,1003.1,21,27,232,0.0,0,26.0,0
2025-09-15 05:56:38,1,62,22.7,82,15.7,1003.0,25,34,273,0.0,0,27.7,0
2025-09-15 05:57:39,1,62,22.7,82,15.7,1002.8,17,34,241,0.0,0,29.8,0
2025-09-15 05:58:40,1,62,22.7,82,15.8,1003.2,11,25,268,0.0,0,34.0,0
2025-09-15 05:59:41,1,62,22.7,81,15.8,1002.9,23,27,176,0.0,0,44.9,0
2025-09-15 06:00:42,1,62,22.7,81,15.8,1003.1,20,42,285,0.0,0,39.3,0
2025-09-15 06:01:43,1,62,22.7,81,15.8,1003.2,20,42,169,0.0,0,41.5,0
2025-09-15 06:02:44,1,62,22.7,81,15.8,1003.1,18,29,228,0.0,0,50.4,0
2025-09-15 06:03:45,1,62,22.7,81,15.9,1003.1,17,29,278,0.0,0,46.8,0
2025-09-15 06:04:46,1,61,22.7,81,15.9,1003.3,13,21,235,0.0,0,39.9,0
2025-09-15 06:05:47,1,61,22.7,81,15.9,1003.3,23,29,239,0.0,0,34.4,0
2025-09-15 06:06:48,1,61,22.7,81,15.9,1003.2,11,29,247,0.0,0,39.2,0
2025-09-15 06:07:49,1,61,22.7,81,15.9,1003.2,21,36,274,0.0,0,37.6,0
2025-09-15 06:08:50,1,61,22.7,80,15.9,1003.2,21,36,239,0.0,0,34.1,0
2025-09-15 06:09:51,1,61,22.7,80,15.9,1003.0,17,29,253,0.0,0,36.2,0
2025-09-15 06:10:52,1,61,22.7,80,15.9,1003.4,18,29,238,0.0,0,39.5,0
2025-09-15 06:11:53,1,61,22.7,80,15.9,1003.4,15,23,233,0.0,0,46.6,0
2025-09-15 06:12:54,1,61,22.7,80,15.9,1003.2,11,33,199,0.0,0,43.8,0
2025-09-15 06:13:55,1,61,22.7,79,16.0,1003.2,16,31,261,0.0,0,46.6,0
2025-09-15 06:14:56,1,61,22.7,79,16.0,1003.3,23,34,257,0.0,0,49.7,0
2025-09-15 06:15:57,1,61,22.7,79,16.1,1003.2,21,34,248,0.0,0,47.2,0
2025-09-15 06:16:58,1,61,22.7,79,16.1,1003.5,12,29,206,0.0,0,46.2,0
2025-09-15 06:17:59,1,61,22.7,79,16.1,1003.5,20,29,246,0.0,0,48.0,0
2025-09-15 06:19:00,1,61,22.7,79,16.1,1003.4,19,29,167,0.0,0,44.2,0
2025-09-15 06:20:01,1,61,22.7,79,16.2,1003.3,19,27,204,0.0,0,43.4,0
2025-09-15 06:21:02,1,61,22.7,79,16.2,1003.4,15,27,262,0.0,0,45.1,0
2025-09-15 06:22:03,1,61,22.7,78,16.2,1003.4,19,36,209,0.0,0,46.8,0
2025-09-15 06:23:04,1,61,22.7,78,16.2,1003.5,20,34,252,0.0,0,48.1,0
2025-09-15 06:24:05,1,61,22.7,78,16.2,1003.5,14,27,240,0.0,0,48.8,0
2025-09-15 06:25:06,1,61,22.7,78,16.2,1003.5,16,25,224,0.0,0,48.9,0
2025-09-15 06:26:07,1,61,22.7,78,16.2,1003.5,14,23,181,0.0,0,48.8,0
2025-09-15 06:27:08,1,61,22.7,79,16.2,1003.4,23,29,356,0.0,0,49.0,0
2025-09-15 06:28:09,1,61,22.7,78,16.2,1003.4,19,29,213,0.0,0,50.0,0
2025-09-15 06:29:10,1,61,22.7,78,16.2,1003.5,17,27,213,0.0,0,51.3,0
2025-09-15 06:30:11,1,61,22.7,78,16.2,1003.6,17,27,252,0.0,0,53.8,0
2025-09-15 06:31:12,1,61,22.7,78,16.2,1003.7,21,27,245,0.0,0,55.4,0
2025-09-15 06:32:13,1,61,22.7,78,16.3,1003.6,25,34,227,0.0,0,58.3,0
2025-09-15 06:33:14,1,61,22.7,78,16.3,1003.6,15,34,247,0.0,0,61.2,0
2025-09-15 06:34:15,1,61,22.7,78,16.3,1003.5,27,40,190,0.0,0,65.5,0
2025-09-15 06:35:16,1,61,22.7,78,16.3,1003.5,18,40,217,0.0,0,86.6,0
2025-09-15 06:36:17,1,61,22.7,78,16.3,1003.6,18,40,241,0.0,0,74.8,0
2025-09-15 06:37:18,1,61,22.7,78,16.3,1003.6,27,31,240,0.0,0,63.0,0
2025-09-15 06:38:19,1,61,22.7,77,16.4,1003.5,24,31,200,0.0,0,64.8,0
2025-09-15 06:39:20,1,61,22.7,77,16.4,1003.5,23,34,248,0.0,0,94.2,0
2025-09-15 06:40:21,1,61,22.7,77,16.4,1003.6,27,43,231,0.0,0,91.2,0
2025-09-15 06:41:22,1,61,22.7,77,16.4,1003.7,24,40,253,0.0,0,94.0,0
2025-09-15 06:42:23,1,61,22.7,77,16.4,1003.5,17,40,238,0.0,0,74.5,0
2025-09-15 06:43:24,1,61,22.7,77,16.5,1003.6,23,36,249,0.0,0,104.9,1
2025-09-15 06:44:25,1,61,22.7,77,16.5,1003.7,28,34,277,0.0,0,57.0,0
2025-09-15 06:45:26,1,61,22.7,77,16.5,1003.5,19,34,220,0.0,0,64.9,0
2025-09-15 06:46:27,1,61,22.7,77,16.5,1003.8,21,27,255,0.0,0,86.1,0
2025-09-15 06:47:28,1,61,22.7,77,16.5,1003.8,12,27,231,0.0,0,113.6,1
2025-09-15 06:48:29,1,61,22.7,77,16.5,1003.8,17,29,231,0.0,0,112.7,1
2025-09-15 06:49:33,1,61,22.7,77,16.6,1003.8,23,34,238,0.0,0,98.1,0
2025-09-15 06:50:31,1,61,22.7,77,16.6,1003.8,19,40,228,0.0,0,119.7,1
2025-09-15 06:51:32,1,61,22.7,77,16.6,1003.7,17,33,194,0.0,0,91.2,0
2025-09-15 06:52:33,1,61,22.7,77,16.6,1003.7,34,42,258,0.0,0,89.2,0
2025-09-15 06:53:34,1,61,22.7,77,16.6,1003.7,20,42,255,0.0,0,87.8,0
2025-09-15 06:54:35,1,61,22.8,78,16.6,1003.7,16,31,216,0.0,0,84.8,0
2025-09-15 06:55:36,1,61,22.7,78,16.5,1003.6,19,34,213,0.0,0,87.2,0
2025-09-15 06:56:37,1,61,22.7,78,16.5,1003.7,21,31,243,0.0,0,69.7,0
2025-09-15 06:57:38,1,61,22.8,78,16.5,1003.5,25,49,228,0.0,0,60.4,0
2025-09-15 06:58:39,1,61,22.7,78,16.5,1003.9,22,49,227,0.0,0,71.3,0
2025-09-15 06:59:40,1,61,22.7,78,16.5,1003.7,21,31,227,0.0,0,120.5,1
2025-09-15 07:00:41,1,61,22.8,78,16.5,1003.8,18,27,199,0.0,0,121.1,1
2025-09-15 07:01:42,1,61,22.8,78,16.5,1003.6,21,40,263,0.0,0,123.3,1
2025-09-15 07:02:43,1,61,22.8,78,16.5,1003.7,18,40,162,0.0,0,127.7,1
2025-09-15 07:03:44,1,61,22.8,78,16.5,1003.8,19,25,202,0.0,0,128.6,1
2025-09-15 07:04:45,1,61,22.8,78,16.5,1003.7,19,27,231,0.0,0,128.0,1
2025-09-15 07:05:46,1,61,22.8,78,16.5,1003.8,27,33,235,0.0,0,130.7,1
2025-09-15 07:06:47,1,61,22.8,78,16.5,1003.8,25,33,247,0.0,0,135.1,1
2025-09-15 07:07:48,1,61,22.8,78,16.5,1003.8,24,38,258,0.0,0,139.4,1
2025-09-15 07:08:49,1,61,22.8,78,16.5,1003.9,18,38,219,0.0,0,140.4,1
2025-09-15 07:09:50,1,61,22.8,78,16.5,1003.9,17,34,80,0.0,0,140.7,1
2025-09-15 07:10:51,1,61,22.8,78,16.6,1004.0,28,38,223,0.0,0,144.3,1
2025-09-15 07:11:52,1,61,22.8,78,16.6,1003.9,16,38,163,0.0,0,91.1,0
2025-09-15 07:12:53,1,61,22.8,78,16.6,1004.1,17,38,245,0.0,0,151.2,1
2025-09-15 07:13:54,1,61,22.8,77,16.6,1003.9,26,43,276,0.0,0,144.6,1
2025-09-15 07:14:55,1,61,22.8,78,16.7,1003.8,18,43,206,0.0,0,150.8,1
2025-09-15 07:15:56,1,61,22.8,77,16.7,1003.8,25,38,217,0.0,0,149.3,1
2025-09-15 07:16:57,1,61,22.8,77,16.7,1003.8,21,38,191,0.0,0,153.8,1
2025-09-15 07:17:58,1,61,22.8,77,16.7,1004.0,23,31,281,0.0,0,120.9,1
2025-09-15 07:18:59,1,61,22.9,77,16.7,1004.0,20,29,247,0.0,0,156.2,1
2025-09-15 07:20:00,1,61,22.8,77,16.7,1004.1,19,29,251,0.0,0,178.0,1
2025-09-15 07:21:01,1,61,22.9,77,16.7,1004.0,15,23,222,0.0,0,164.4,1
2025-09-15 07:22:02,1,61,22.9,77,16.8,1003.8,14,23,235,0.0,0,153.5,1
2025-09-15 07:23:03,1,61,22.9,77,16.8,1003.9,24,38,222,0.0,0,167.3,1
2025-09-15 07:24:04,1,61,22.9,77,16.9,1004.1,32,42,257,0.0,0,136.7,1
2025-09-15 07:25:05,1,61,22.9,76,16.9,1004.0,24,42,166,0.0,0,95.6,0
2025-09-15 07:26:06,1,61,22.8,77,16.8,1004.1,22,36,262,0.0,0,177.1,1
2025-09-15 07:27:07,1,61,22.9,77,16.9,1004.2,21,36,187,0.0,0,184.2,1
2025-09-15 07:28:08,1,61,22.9,76,16.9,1004.0,19,31,194,0.0,0,185.8,1
2025-09-15 07:29:09,1,61,22.9,76,16.9,1004.0,19,47,267,0.0,0,184.1,1
2025-09-15 07:30:10,1,61,22.8,76,16.9,1004.1,28,47,195,0.0,0,184.0,1
2025-09-15 07:31:11,1,61,22.8,76,16.9,1004.2,18,36,214,0.0,0,184.1,1
2025-09-15 07:32:12,1,61,22.9,76,16.9,1004.0,23,33,262,0.0,0,189.6,1
2025-09-15 07:33:13,1,61,22.9,76,16.9,1004.0,33,38,210,0.0,0,186.4,1
2025-09-15 07:34:14,1,61,22.9,76,16.9,1004.1,24,38,209,0.0,0,189.5,1
2025-09-15 07:35:15,1,61,22.9,76,16.9,1004.1,22,38,244,0.0,0,190.8,1
2025-09-15 07:36:16,1,61,22.9,76,17.0,1004.1,22,29,242,0.0,0,189.9,1
2025-09-15 07:37:17,1,61,22.9,76,17.0,1004.0,30,36,235,0.0,0,196.4,1
2025-09-15 07:38:18,1,61,22.9,75,17.0,1004.0,25,38,235,0.0,0,200.9,1
2025-09-15 07:39:19,1,61,22.9,75,17.0,1004.0,23,43,270,0.0,0,200.5,1
2025-09-15 07:40:20,1,61,22.9,75,17.0,1004.0,22,33,241,0.0,0,200.9,1
2025-09-15 07:41:21,1,61,22.9,75,17.1,1004.0,12,34,230,0.0,0,205.5,2
2025-09-15 07:42:22,1,61,22.9,75,17.1,1004.1,17,34,242,0.0,0,211.3,2
2025-09-15 07:43:23,1,61,22.9,75,17.1,1004.1,22,34,234,0.0,0,216.1,2
2025-09-15 07:44:24,1,61,22.9,75,17.2,1004.1,21,34,233,0.0,0,210.9,2
2025-09-15 07:45:25,1,61,22.9,75,17.2,1004.0,24,33,191,0.0,0,217.8,2
2025-09-15 07:46:26,1,61,22.9,75,17.2,1003.8,30,36,241,0.0,0,219.8,2
2025-09-15 07:47:27,1,61,22.9,74,17.2,1004.0,32,40,261,0.0,0,222.5,2
2025-09-15 07:48:28,1,61,22.9,75,17.2,1004.1,24,46,234,0.0,0,116.3,1
2025-09-15 07:49:29,1,61,22.9,75,17.2,1004.0,19,46,229,0.0,0,231.2,2
2025-09-15 07:50:30,1,61,22.9,75,17.2,1004.0,24,29,242,0.0,0,230.4,2
2025-09-15 07:51:31,1,61,22.9,74,17.2,1004.1,30,42,235,0.0,0,244.0,2
2025-09-15 07:52:32,1,61,22.9,74,17.2,1004.0,23,46,258,0.0,0,258.3,2
2025-09-15 07:53:33,1,61,22.9,74,17.2,1004.1,32,46,236,0.0,0,284.6,2
2025-09-15 07:54:34,1,61,22.9,75,17.2,1004.1,21,40,257,0.0,0,260.1,2
2025-09-15 07:55:35,1,61,22.9,75,17.2,1004.3,21,38,180,0.0,0,193.2,1
2025-09-15 07:56:36,1,61,22.9,75,17.3,1004.1,29,36,190,0.0,0,144.7,1
2025-09-15 07:57:37,1,61,22.9,74,17.3,1004.1,28,36,225,0.0,0,160.3,1
2025-09-15 07:58:38,1,61,22.9,75,17.2,1004.2,17,36,191,0.0,0,173.2,1
2025-09-15 07:59:39,1,61,22.9,76,17.2,1004.4,25,36,242,0.0,0,140.3,1
2025-09-15 08:00:40,1,61,22.9,76,17.1,1004.2,23,42,218,0.0,0,122.7,1
2025-09-15 08:01:41,1,61,22.9,76,17.0,1004.3,21,36,197,0.0,0,109.1,1
2025-09-15 08:02:42,1,61,22.9,76,16.9,1004.0,21,36,289,0.0,0,91.3,0
2025-09-15 08:03:43,1,61,22.9,77,16.8,1004.3,17,36,223,0.0,0,173.4,1
2025-09-15 08:04:44,1,61,22.9,77,16.8,1004.2,16,21,228,0.0,0,268.7,2
2025-09-15 08:05:45,1,61,22.9,76,16.8,1003.9,32,38,202,0.0,0,273.5,2
2025-09-15 08:06:46,1,61,22.9,76,16.8,1004.1,25,43,255,0.0,0,270.0,2
2025-09-15 08:07:47,1,61,22.9,75,16.9,1004.2,16,43,223,0.0,0,272.3,2
2025-09-15 08:08:48,1,61,22.9,75,16.9,1004.0,19,38,191,0.0,0,281.1,2
2025-09-15 08:09:49,1,61,22.9,75,17.0,1004.2,19,38,260,0.0,0,287.5,2
2025-09-15 08:10:50,1,61,22.9,74,17.1,1004.2,19,36,230,0.0,0,301.4,2
2025-09-15 08:11:51,1,61,22.9,74,17.2,1004.1,31,43,95,0.0,0,318.9,3
2025-09-15 08:12:52,1,61,22.9,73,17.3,1004.1,28,43,163,0.0,0,365.6,3
2025-09-15 08:13:53,1,61,22.9,72,17.3,1004.1,34,49,255,0.0,0,392.8,3
2025-09-15 08:14:54,1,61,23.0,73,17.3,1004.2,20,49,243,0.0,0,392.6,3
2025-09-15 08:15:55,1,61,23.0,73,17.3,1004.3,19,31,189,0.0,0,383.7,3
2025-09-15 08:16:56,1,61,23.0,72,17.4,1004.3,27,36,167,0.0,0,295.9,2
2025-09-15 08:17:57,1,61,23.0,72,17.5,1004.3,18,36,187,0.0,0,283.7,2
2025-09-15 08:18:58,1,61,23.0,72,17.5,1004.2,21,42,214,0.0,0,357.0,3
2025-09-15 08:19:59,1,61,23.0,71,17.6,1004.4,30,40,215,0.0,0,367.6,3
2025-09-15 08:21:00,1,61,23.0,71,17.6,1004.2,26,40,262,0.0,0,191.8,1
2025-09-15 08:22:01,1,61,23.0,71,17.6,1004.3,24,36,146,0.0,0,247.7,2
2025-09-15 08:23:02,1,61,23.0,72,17.6,1004.4,25,33,231,0.0,0,165.3,1
2025-09-15 08:24:03,1,61,23.0,72,17.5,1004.3,24,40,221,0.0,0,126.9,1
2025-09-15 08:25:04,1,61,23.0,73,17.5,1004.4,21,40,153,0.0,0,141.6,1
2025-09-15 08:26:05,1,61,23.0,73,17.4,1004.5,29,42,196,0.0,0,171.8,1
2025-09-15 08:27:06,1,61,23.0,72,17.4,1004.3,41,66,262,0.0,0,149.7,1
2025-09-15 08:28:07,1,61,23.0,72,17.3,1004.3,23,56,244,0.0,0,153.2,1
2025-09-15 08:29:08,1,61,23.0,72,17.2,1004.3,24,46,239,0.0,0,275.3,2
2025-09-15 08:30:09,1,61,23.0,73,17.2,1004.3,30,40,230,0.0,0,211.1,2
2025-09-15 08:31:10,1,61,23.0,73,17.3,1004.3,31,40,261,0.0,0,183.9,1
2025-09-15 08:32:11,1,61,23.0,73,17.3,1004.3,19,36,217,0.0,0,99.9,0
2025-09-15 08:33:12,1,61,23.0,73,17.3,1004.5,33,55,181,0.0,0,140.2,1
2025-09-15 08:34:13,1,61,23.0,74,17.3,1004.6,32,55,226,0.0,0,166.7,1
2025-09-15 08:35:14,1,61,23.0,74,17.2,1004.3,24,46,232,0.0,0,105.9,1
2025-09-15 08:36:15,1,61,23.0,73,17.1,1004.4,24,47,226,0.0,0,209.4,2
2025-09-15 08:37:16,1,61,23.0,74,17.0,1004.4,23,40,240,0.0,0,178.5,1
2025-09-15 08:38:17,1,61,23.0,74,17.0,1004.4,14,40,213,0.0,0,151.1,1
2025-09-15 08:39:18,1,61,23.0,74,17.0,1004.4,16,34,184,0.0,0,377.7,3
2025-09-15 08:40:19,1,61,23.0,74,17.0,1004.4,23,40,100,0.0,0,367.9,3
2025-09-15 08:41:20,1,61,23.0,74,17.0,1004.4,27,40,207,0.0,0,367.1,3
2025-09-15 08:42:21,1,61,23.0,75,17.1,1004.4,18,40,197,0.0,0,374.7,3
2025-09-15 08:43:22,1,61,23.0,74,17.1,1004.6,29,36,201,0.0,0,372.3,3
2025-09-15 08:44:23,1,61,23.0,74,17.2,1004.5,19,38,231,0.0,0,367.9,3
2025-09-15 08:45:24,1,61,23.0,74,17.2,1004.6,26,42,216,0.0,0,368.0,3
2025-09-15 08:46:25,1,61,23.0,73,17.2,1004.3,29,43,201,0.0,0,376.7,3
2025-09-15 08:47:26,1,61,23.0,74,17.2,1004.6,23,43,112,0.0,0,370.2,3
2025-09-15 08:48:27,1,61,23.1,74,17.1,1004.6,23,40,237,0.0,0,383.6,3
2025-09-15 08:49:28,1,61,23.1,75,17.1,1004.4,26,33,221,0.0,0,380.1,3
2025-09-15 08:50:29,1,61,23.1,75,17.1,1004.7,23,36,153,0.0,0,376.1,3
2025-09-15 08:51:30,1,61,23.1,75,17.1,1004.5,24,31,245,0.0,0,390.9,3
2025-09-15 08:52:31,1,61,23.1,75,17.1,1004.6,23,34,218,0.0,0,386.5,3
2025-09-15 08:53:32,1,61,23.1,74,17.1,1004.6,33,46,226,0.0,0,393.7,3
2025-09-15 08:54:33,1,61,23.1,75,17.1,1004.7,27,46,200,0.0,0,411.4,4
2025-09-15 08:55:34,1,61,23.1,74,17.2,1004.6,28,53,195,0.0,0,455.9,4
2025-09-15 08:56:35,1,61,23.1,74,17.2,1004.8,18,53,202,0.0,0,140.9,1
2025-09-15 08:57:36,1,61,23.1,74,17.2,1004.8,24,46,227,0.0,0,116.8,1
2025-09-15 08:58:37,1,61,23.1,74,17.2,1004.9,27,56,233,0.0,0,118.0,1
2025-09-15 08:59:38,1,61,23.1,75,17.2,1004.9,23,47,259,0.0,0,150.9,1
2025-09-15 09:00:39,1,61,23.1,75,17.1,1004.9,18,31,153,0.0,0,188.9,1
2025-09-15 09:01:40,1,61,23.1,76,17.1,1004.8,18,31,241,0.0,0,222.4,2
2025-09-15 09:02:41,1,61,23.1,76,17.1,1004.8,24,43,222,0.0,0,210.6,2
2025-09-15 09:03:42,1,61,23.1,76,17.0,1004.8,20,43,267,0.0,0,213.2,2
2025-09-15 09:04:43,1,61,23.1,76,17.0,1005.0,14,31,233,0.0,0,245.1,2
2025-09-15 09:05:44,1,61,23.1,76,17.0,1004.9,11,29,195,0.0,0,248.4,2
2025-09-15 09:06:45,1,61,23.1,76,17.0,1004.9,21,36,214,0.0,0,315.1,3
2025-09-15 09:07:46,1,61,23.1,75,17.0,1004.6,28,42,187,0.0,0,233.8,2
2025-09-15 09:08:47,1,61,23.1,75,17.0,1004.8,20,42,211,0.0,0,267.3,2
2025-09-15 09:09:48,1,61,23.1,74,17.0,1004.8,25,34,244,0.0,0,260.1,2
2025-09-15 09:10:49,1,61,23.1,73,17.1,1004.8,25,43,234,0.0,0,209.1,2
2025-09-15 09:11:50,1,61,23.1,74,17.1,1005.0,21,43,273,0.0,0,206.3,2
2025-09-15 09:12:51,1,61,23.1,72,17.2,1004.6,28,40,258,0.0,0,199.6,1
2025-09-15 09:13:52,1,61,23.1,72,17.3,1004.7,34,53,250,0.0,0,190.3,1
2025-09-15 09:14:53,1,61,23.1,72,17.3,1004.8,23,56,251,0.0,0,195.1,1
2025-09-15 09:15:54,1,61,23.1,72,17.3,1004.9,17,29,240,0.0,0,386.9,3
2025-09-15 09:16:55,1,61,23.1,72,17.4,1004.8,17,29,220,0.0,0,127.6,1
2025-09-15 09:17:56,1,61,23.1,72,17.5,1004.9,17,38,247,0.0,0,336.7,3
2025-09-15 09:19:58,1,61,23.1,71,17.6,1004.8,27,38,212,0.0,0,447.0,4
2025-09-15 09:20:59,1,61,23.1,70,17.6,1004.9,37,56,238,0.0,0,443.1,4
2025-09-15 09:22:00,1,61,23.1,70,17.6,1004.6,28,56,243,0.0,0,449.0,4
2025-09-15 09:23:01,1,61,23.1,69,17.6,1004.8,34,47,196,0.0,0,445.4,4
2025-09-15 09:24:02,1,61,23.1,70,17.6,1005.0,28,47,242,0.0,0,457.6,4
2025-09-15 09:25:03,1,61,23.1,69,17.6,1004.9,38,46,239,0.0,0,458.1,4
2025-09-15 09:26:04,1,61,23.1,70,17.7,1004.9,25,46,242,0.0,0,469.5,4
2025-09-15 09:27:05,1,61,23.1,68,17.8,1004.6,26,40,187,0.0,0,475.8,4
2025-09-15 09:28:06,1,61,23.2,68,17.9,1004.9,40,53,227,0.0,0,147.1,1
2025-09-15 09:29:07,1,61,23.2,68,17.9,1004.9,29,53,194,0.0,0,138.1,1
2025-09-15 09:30:08,1,61,23.2,69,17.9,1004.8,25,40,227,0.0,0,136.1,1
2025-09-15 09:31:09,1,61,23.2,69,17.8,1004.8,18,46,211,0.0,0,196.7,1
2025-09-15 09:32:10,1,61,23.2,70,17.8,1005.1,16,31,248,0.0,0,243.6,2
2025-09-15 09:33:11,1,62,23.2,70,17.8,1004.8,17,27,226,0.0,0,592.8,5
2025-09-15 09:34:12,1,62,23.2,69,17.8,1004.8,34,43,246,0.0,0,400.7,3
2025-09-15 09:35:13,1,62,23.2,69,17.9,1004.5,21,49,259,0.0,0,191.4,1
2025-09-15 09:36:14,1,62,23.2,69,17.9,1004.9,33,46,252,0.0,0,226.3,2
2025-09-15 09:37:15,1,62,23.2,69,17.8,1005.0,15,43,234,0.0,0,256.2,2
2025-09-15 09:38:16,1,62,23.2,69,17.8,1005.1,28,43,246,0.0,0,283.8,2
2025-09-15 09:39:17,1,62,23.2,70,17.9,1005.1,27,43,253,0.0,0,253.2,2
2025-09-15 09:40:18,1,62,23.2,70,17.9,1004.8,31,40,260,0.0,0,311.7,3
2025-09-15 09:41:19,1,62,23.2,70,17.9,1004.8,19,40,187,0.0,0,265.2,2
2025-09-15 09:42:20,1,62,23.2,70,17.9,1005.1,22,33,246,0.0,0,571.5,5
2025-09-15 09:43:21,1,62,23.2,69,17.9,1005.1,34,51,33,0.0,0,585.5,5
2025-09-15 09:44:22,1,62,23.2,69,17.9,1004.9,24,51,231,0.0,0,233.3,2
2025-09-15 09:45:23,1,62,23.2,69,17.9,1005.1,23,46,231,0.0,0,565.0,5
2025-09-15 09:46:24,1,62,23.3,69,17.9,1005.1,23,46,184,0.0,0,194.4,1
2025-09-15 09:47:25,1,62,23.3,69,18.0,1005.0,21,31,185,0.0,0,507.7,4
2025-09-15 09:48:26,1,62,23.3,69,18.0,1005.2,20,42,226,0.0,0,494.4,4
2025-09-15 09:49:27,1,62,23.3,68,18.1,1005.1,24,49,164,0.0,0,504.9,4
2025-09-15 09:50:28,1,62,23.3,68,18.1,1005.1,32,42,255,0.0,0,517.2,5
2025-09-15 09:51:29,1,62,23.3,68,18.1,1005.0,29,42,216,0.0,0,490.3,4
2025-09-15 09:52:30,1,62,23.3,69,18.0,1004.9,36,51,261,0.0,0,490.7,4
2025-09-15 09:53:31,1,62,23.4,69,17.9,1005.2,28,51,235,0.0,0,471.2,4
2025-09-15 09:54:32,1,62,23.3,69,17.9,1005.0,47,53,246,0.0,0,561.2,5
2025-09-15 09:55:33,1,62,23.4,69,17.9,1005.2,41,55,243,0.0,0,614.1,5
2025-09-15 09:56:34,1,62,23.4,70,17.8,1005.2,27,55,162,0.0,0,552.9,5
2025-09-15 09:57:35,1,62,23.4,70,17.8,1005.0,32,46,242,0.0,0,514.8,5
2025-09-15 09:58:36,1,62,23.4,70,17.9,1005.3,23,46,244,0.0,0,490.3,4
2025-09-15 09:59:37,1,62,23.4,70,17.9,1005.0,25,49,265,0.0,0,495.5,4
2025-09-15 10:00:38,1,62,23.4,70,17.9,1005.0,19,34,177,0.0,0,503.5,4
2025-09-15 10:01:39,1,62,23.4,69,18.0,1004.9,24,36,221,0.0,0,490.8,4
2025-09-15 10:02:40,1,62,23.5,69,18.0,1005.0,18,34,223,0.0,0,501.7,4
2025-09-15 10:03:41,1,62,23.5,69,18.1,1004.8,15,34,231,0.0,0,490.3,4
2025-09-15 10:04:42,1,62,23.5,68,18.1,1004.9,29,38,241,0.0,0,500.8,4
2025-09-15 10:05:43,1,61,23.5,68,18.1,1004.8,33,47,235,0.0,0,490.3,4
2025-09-15 10:06:44,1,62,23.5,69,18.1,1005.1,25,38,259,0.0,0,499.3,4
2025-09-15 10:07:45,1,61,23.5,70,18.1,1004.9,15,31,207,0.0,0,534.6,5
2025-09-15 10:08:46,1,61,23.5,69,18.1,1004.8,26,40,216,0.0,0,523.8,5
2025-09-15 10:09:47,1,61,23.5,69,18.2,1005.0,17,40,246,0.0,0,229.4,2
2025-09-15 10:10:48,1,61,23.5,69,18.3,1005.0,20,34,244,0.0,0,210.2,2
2025-09-15 10:11:49,1,61,23.5,68,18.3,1004.7,31,42,256,0.0,0,278.6,2
2025-09-15 10:12:50,1,61,23.5,69,18.3,1004.9,19,42,248,0.0,0,618.5,6
2025-09-15 10:13:51,1,61,23.5,69,18.2,1004.9,23,33,151,0.0,0,678.6,6
2025-09-15 10:14:52,1,61,23.5,69,18.2,1004.8,25,36,218,0.0,0,306.4,2
2025-09-15 10:15:53,1,61,23.5,68,18.2,1004.9,27,42,189,0.0,0,205.0,1
2025-09-15 10:16:54,1,61,23.5,68,18.2,1004.9,27,42,235,0.0,0,258.7,2
2025-09-15 10:17:55,1,62,23.5,69,18.1,1004.8,29,42,218,0.0,0,204.8,1
2025-09-15 10:18:56,1,62,23.5,68,18.1,1004.9,24,42,176,0.0,0,211.0,2
2025-09-15 10:19:57,1,62,23.5,68,18.1,1004.9,38,55,250,0.0,0,147.3,1
2025-09-15 10:20:58,1,62,23.4,69,18.0,1005.1,33,55,232,0.0,0,131.3,1
2025-09-15 10:21:59,1,62,23.4,70,18.0,1005.1,18,46,191,0.0,0,159.0,1
2025-09-15 10:23:00,1,62,23.4,70,17.9,1005.1,23,47,258,0.0,0,188.9,1
2025-09-15 10:24:01,1,62,23.4,71,17.8,1005.2,23,47,229,0.0,0,136.7,1
2025-09-15 10:25:02,1,62,23.4,72,17.7,1005.2,24,38,214,0.0,0,110.3,1
2025-09-15 10:26:03,1,62,23.4,73,17.6,1005.3,15,36,212,0.0,0,116.2,1
2025-09-15 10:27:04,1,62,23.4,74,17.5,1005.2,14,21,180,0.0,0,190.8,1
2025-09-15 10:28:05,1,62,23.3,75,17.4,1005.1,18,23,323,0.0,0,232.3,2
2025-09-15 10:29:06,1,62,23.3,74,17.4,1005.2,28,43,174,0.0,0,236.0,2
2025-09-15 10:30:07,1,62,23.3,74,17.3,1005.2,23,43,255,0.0,0,242.0,2
2025-09-15 10:31:08,1,62,23.3,73,17.3,1005.1,28,38,261,0.0,0,294.0,2
2025-09-15 10:32:09,1,62,23.3,73,17.2,1005.1,17,46,285,0.0,0,273.5,2
2025-09-15 10:33:10,1,62,23.3,73,17.2,1005.2,26,34,246,0.0,0,371.9,3
2025-09-15 10:34:11,1,62,23.3,71,17.3,1005.1,30,47,249,0.0,0,214.4,2
2025-09-15 10:35:12,1,62,23.3,72,17.3,1005.3,20,47,243,0.0,0,189.0,1
2025-09-15 10:36:13,1,62,23.3,71,17.3,1005.3,25,31,250,0.0,0,153.8,1
2025-09-15 10:37:14,1,62,23.3,71,17.4,1005.3,25,33,262,0.0,0,434.6,4
2025-09-15 10:38:15,1,62,23.2,70,17.5,1005.3,29,38,251,0.0,0,409.9,3
2025-09-15 10:39:16,1,62,23.2,69,17.5,1005.0,38,51,241,0.0,0,577.9,5
2025-09-15 10:40:17,1,62,23.3,69,17.6,1005.2,24,51,213,0.0,0,536.2,5
2025-09-15 10:41:18,1,62,23.3,68,17.6,1005.2,33,47,203,0.0,0,529.5,5
2025-09-15 10:42:19,1,62,23.3,68,17.7,1005.3,34,47,264,0.0,0,539.9,5
2025-09-15 10:43:20,1,62,23.3,68,17.8,1005.3,25,47,163,0.0,0,542.8,5
2025-09-15 10:44:21,1,62,23.3,68,17.9,1005.3,14,43,173,0.0,0,544.5,5
2025-09-15 10:45:22,1,62,23.3,67,17.9,1005.4,20,51,241,0.0,0,553.1,5
2025-09-15 10:46:23,1,62,23.3,67,18.1,1005.5,17,51,254,0.0,0,561.9,5
2025-09-15 10:47:24,1,62,23.3,67,18.2,1005.2,25,43,175,0.0,0,549.6,5
2025-09-15 10:48:25,1,62,23.4,66,18.3,1005.4,21,43,209,0.0,0,584.2,5
2025-09-15 10:49:26,1,62,23.3,66,18.4,1005.5,14,34,261,0.0,0,172.2,1
2025-09-15 10:50:27,1,62,23.4,66,18.4,1005.5,24,34,241,0.0,0,186.1,1
2025-09-15 10:51:28,1,62,23.4,66,18.4,1005.4,27,42,260,0.0,0,171.6,1
2025-09-15 10:52:29,1,62,23.3,66,18.4,1005.2,30,40,271,0.0,0,130.5,1
2025-09-15 10:53:30,1,62,23.3,67,18.3,1005.4,27,40,253,0.0,0,578.0,5
2025-09-15 10:54:31,1,62,23.4,67,18.1,1005.3,20,36,258,0.0,0,563.6,5
2025-09-15 10:55:32,1,62,23.4,67,18.0,1005.3,25,36,233,0.0,0,564.0,5
2025-09-15 10:56:33,1,62,23.4,67,18.0,1005.5,22,40,132,0.0,0,551.8,5
2025-09-15 10:57:34,1,62,23.4,67,18.0,1005.3,15,33,271,0.0,0,554.3,5
2025-09-15 10:58:38,1,62,23.4,66,18.1,1005.3,30,38,201,0.0,0,550.9,5
2025-09-15 10:59:36,1,62,23.4,66,18.1,1005.4,32,56,287,0.0,0,217.3,2
2025-09-15 11:00:37,1,62,23.4,66,18.1,1005.4,24,40,244,0.0,0,545.3,5
2025-09-15 11:01:38,1,62,23.4,66,18.1,1005.4,24,40,209,0.0,0,623.9,6
2025-09-15 11:02:39,1,62,23.4,66,18.1,1005.6,31,36,253,0.0,0,623.6,6
2025-09-15 11:03:40,1,62,23.4,66,18.2,1005.5,25,42,177,0.0,0,584.5,5
2025-09-15 11:04:41,1,62,23.4,66,18.3,1005.2,34,42,183,0.0,0,608.1,5
2025-09-15 11:05:42,1,62,23.4,66,18.3,1005.6,27,64,182,0.0,0,607.3,5
2025-09-15 11:06:43,1,62,23.4,66,18.3,1005.5,24,64,238,0.0,0,578.4,5
2025-09-15 11:07:44,1,62,23.4,66,18.3,1005.5,25,38,276,0.0,0,571.9,5
2025-09-15 11:08:45,1,61,23.5,66,18.4,1005.4,25,38,219,0.0,0,568.9,5
2025-09-15 11:09:46,1,61,23.5,66,18.4,1005.4,21,36,235,0.0,0,563.0,5
2025-09-15 11:10:47,1,61,23.5,66,18.4,1005.5,19,33,169,0.0,0,558.9,5
2025-09-15 11:11:48,1,61,23.5,66,18.5,1005.6,21,38,258,0.0,0,554.5,5
2025-09-15 11:12:49,1,61,23.5,66,18.6,1005.6,27,42,209,0.0,0,558.3,5
2025-09-15 11:13:50,1,61,23.5,65,18.6,1005.4,32,47,234,0.0,0,563.6,5
2025-09-15 11:14:51,1,61,23.5,65,18.6,1005.6,28,58,274,0.0,0,555.3,5
2025-09-15 11:15:52,1,61,23.5,65,18.6,1005.4,23,43,224,0.0,0,556.0,5
2025-09-15 11:16:53,1,61,23.5,65,18.6,1005.4,33,46,263,0.0,0,573.7,5
2025-09-15 11:17:54,1,61,23.5,64,18.6,1005.5,35,46,253,0.0,0,597.5,5
2025-09-15 11:18:55,1,61,23.5,64,18.7,1005.4,25,46,268,0.0,0,581.8,5
2025-09-15 11:19:56,1,61,23.5,65,18.8,1005.3,15,34,254,0.0,0,351.4,3
2025-09-15 11:20:57,1,61,23.5,65,18.8,1005.3,16,29,251,0.0,0,383.8,3
2025-09-15 11:21:58,1,61,23.5,64,18.9,1005.2,24,34,236,0.0,0,576.8,5
2025-09-15 11:22:59,1,61,23.5,62,19.0,1005.4,39,51,253,0.0,0,369.2,3
2025-09-15 11:24:00,1,61,23.5,63,19.0,1005.5,22,51,246,0.0,0,340.3,3
2025-09-15 11:25:01,1,61,23.5,63,19.0,1005.4,28,46,124,0.0,0,189.5,1
2025-09-15 11:26:02,1,61,23.5,62,19.0,1005.2,28,46,229,0.0,0,437.1,4
2025-09-15 11:27:03,1,61,23.5,62,19.0,1005.2,26,43,169,0.0,0,277.7,2
2025-09-15 11:28:04,1,61,23.5,63,19.0,1005.1,28,40,233,0.0,0,291.6,2
2025-09-15 11:29:05,1,61,23.5,63,19.0,1005.2,19,38,249,0.0,0,413.7,4
2025-09-15 11:30:06,1,61,23.5,62,19.1,1005.3,26,38,250,0.0,0,669.5,6
2025-09-15 11:31:07,1,61,23.5,62,19.3,1005.2,20,38,262,0.0,0,694.2,6
2025-09-15 11:32:08,1,61,23.5,59,19.4,1005.4,35,51,173,0.0,0,682.9,6
2025-09-15 11:33:09,1,61,23.5,59,19.5,1005.4,32,49,271,0.0,0,260.7,2
2025-09-15 11:34:10,1,61,23.5,59,19.6,1005.4,23,49,234,0.0,0,151.3,1
2025-09-15 11:35:11,1,61,23.5,59,19.7,1005.3,33,46,214,0.0,0,155.9,1
2025-09-15 11:36:12,1,61,23.5,59,19.7,1005.9,32,68,265,0.0,0,579.4,5
2025-09-15 11:37:13,1,61,23.5,59,19.5,1005.5,25,47,226,0.0,0,106.8,1
2025-09-15 11:38:14,1,61,23.5,59,19.5,1005.5,30,51,268,0.0,0,135.1,1
2025-09-15 11:39:15,1,60,23.5,60,19.4,1005.4,17,51,252,0.0,0,178.7,1
2025-09-15 11:40:16,1,60,23.5,60,19.4,1005.5,19,47,201,0.0,0,269.9,2
2025-09-15 11:41:17,1,60,23.4,60,19.3,1005.5,24,47,246,0.0,0,710.0,6
2025-09-15 11:42:18,1,60,23.4,61,19.3,1005.6,13,47,202,0.0,0,678.2,6
2025-09-15 11:43:19,1,60,23.4,61,19.3,1005.6,16,36,237,0.0,0,221.9,2
2025-09-15 11:44:20,1,59,23.4,62,19.4,1005.6,28,38,245,0.0,0,424.3,4
2025-09-15 11:45:21,1,59,23.4,63,19.4,1005.5,23,38,228,0.0,0,699.9,6
2025-09-15 11:46:22,1,59,23.3,64,19.4,1005.5,24,36,179,0.0,0,285.9,2
2025-09-15 11:47:23,1,58,23.3,64,19.4,1005.4,23,38,235,0.0,0,734.2,7
2025-09-15 11:48:24,1,58,23.4,64,19.4,1005.5,28,40,167,0.0,0,709.6,6
2025-09-15 11:49:25,1,58,23.3,64,19.4,1005.6,30,40,155,0.0,0,722.8,7
2025-09-15 11:50:26,1,58,23.3,64,19.4,1005.6,29,51,253,0.0,0,587.5,5
2025-09-15 11:51:27,1,59,23.3,63,19.4,1005.4,39,51,229,0.0,0,622.7,6
2025-09-15 11:52:28,1,59,23.3,63,19.4,1005.5,39,49,186,0.0,0,582.6,5
2025-09-15 11:53:29,1,59,23.3,63,19.3,1005.5,30,49,168,0.0,0,578.6,5
2025-09-15 11:54:30,1,59,23.3,64,19.3,1005.6,19,46,195,0.0,0,587.8,5
2025-09-15 11:55:31,1,59,23.4,64,19.3,1005.6,15,31,218,0.0,0,625.5,6
2025-09-15 11:56:32,1,59,23.4,64,19.3,1005.4,21,31,304,0.0,0,656.7,6
2025-09-15 11:57:33,1,59,23.4,63,19.4,1005.5,24,33,203,0.0,0,681.7,6
2025-09-15 11:58:34,1,59,23.4,64,19.5,1005.6,19,40,230,0.0,0,604.6,5
2025-09-15 11:59:35,1,60,23.4,62,19.5,1005.6,27,47,173,0.0,0,414.4,4
2025-09-15 12:00:36,1,60,23.4,63,19.5,1005.6,16,47,269,0.0,0,253.3,2
2025-09-15 12:01:37,1,60,23.4,62,19.5,1005.6,20,42,180,0.0,0,184.3,1
2025-09-15 12:02:38,1,60,23.4,62,19.6,1005.6,24,46,267,0.0,0,229.6,2
2025-09-15 12:03:39,1,60,23.4,63,19.5,1005.7,25,46,160,0.0,0,362.9,3
2025-09-15 12:04:40,1,60,23.4,63,19.3,1005.4,14,46,276,0.0,0,129.8,1
2025-09-15 12:05:41,1,60,23.4,63,19.2,1005.4,31,46,254,0.0,0,145.7,1
2025-09-15 12:06:42,1,60,23.4,64,19.1,1005.6,19,36,249,0.0,0,716.6,6
2025-09-15 12:07:43,1,60,23.4,64,19.1,1005.6,23,33,219,0.0,0,660.0,6
2025-09-15 12:08:46,1,60,23.4,64,19.1,1005.5,21,42,207,0.0,0,629.8,6
2025-09-15 12:09:45,1,60,23.4,63,19.2,1005.5,25,42,232,0.0,0,623.1,6
2025-09-15 12:10:46,1,60,23.4,62,19.3,1005.6,31,47,246,0.0,0,618.3,6
2025-09-15 12:11:47,1,60,23.4,63,19.4,1005.4,17,46,210,0.0,0,267.2,2
2025-09-15 12:12:48,1,60,23.4,62,19.5,1005.5,25,40,140,0.0,0,313.4,3
2025-09-15 12:13:49,1,60,23.4,61,19.5,1005.4,23,43,261,0.0,0,742.7,7
2025-09-15 12:14:50,1,60,23.4,60,19.6,1005.5,43,51,234,0.0,0,294.2,2
2025-09-15 12:15:51,1,60,23.4,60,19.6,1005.6,34,51,253,0.0,0,331.2,3
2025-09-15 12:16:52,1,60,23.4,60,19.6,1005.4,20,43,226,0.0,0,711.6,6
2025-09-15 12:17:53,1,60,23.4,60,19.6,1005.6,17,36,161,0.0,0,685.2,6
2025-09-15 12:18:54,1,60,23.4,60,19.7,1005.5,27,33,275,0.0,0,327.0,3
2025-09-15 12:19:55,1,60,23.4,59,19.9,1005.3,35,43,226,0.0,0,265.3,2
2025-09-15 12:20:56,1,60,23.4,58,20.0,1005.5,37,56,280,0.0,0,323.2,3
2025-09-15 12:21:57,1,60,23.4,58,19.9,1005.7,25,56,244,0.0,0,327.4,3
2025-09-15 12:22:58,1,60,23.4,59,19.8,1005.8,23,46,183,0.0,0,644.0,6
2025-09-15 12:23:59,1,60,23.4,58,19.8,1005.4,28,36,234,0.0,0,211.3,2
2025-09-15 12:25:00,1,60,23.4,59,19.8,1005.4,23,38,249,0.0,0,643.8,6
2025-09-15 12:26:01,1,60,23.4,59,19.9,1005.4,7,34,252,0.0,0,217.1,2
2025-09-15 12:27:02,1,60,23.4,58,19.9,1005.4,16,23,256,0.0,0,642.2,6
2025-09-15 12:28:03,1,60,23.4,57,20.1,1005.5,21,31,246,0.0,0,603.7,5
2025-09-15 12:29:04,1,60,23.4,57,20.3,1005.6,21,31,337,0.0,0,595.2,5
2025-09-15 12:30:05,1,60,23.4,57,20.4,1005.7,26,38,322,0.0,0,600.3,5
2025-09-15 12:31:06,1,60,23.4,57,20.4,1005.6,12,38,254,0.0,0,623.5,6
2025-09-15 12:32:07,1,60,23.4,57,20.4,1005.2,33,51,195,0.0,0,657.6,6
2025-09-15 12:33:08,1,60,23.4,58,20.4,1005.6,14,49,72,0.0,0,265.0,2
2025-09-15 12:34:09,1,60,23.4,57,20.2,1005.7,39,49,236,0.0,0,374.3,3
2025-09-15 12:35:10,1,60,23.5,58,20.2,1005.5,29,49,281,0.0,0,250.1,2
2025-09-15 12:36:11,1,60,23.5,59,20.0,1005.4,24,36,261,0.0,0,116.2,1
2025-09-15 12:37:12,1,60,23.4,59,19.8,1005.5,30,40,253,0.0,0,131.3,1
2025-09-15 12:38:13,1,60,23.4,59,19.7,1005.4,33,42,247,0.0,0,110.7,1
2025-09-15 12:39:14,1,60,23.4,60,19.7,1005.4,22,40,159,0.0,0,77.2,0
2025-09-15 12:40:15,1,60,23.4,60,19.6,1005.5,27,38,260,0.0,0,74.1,0
2025-09-15 12:41:16,1,60,23.4,61,19.4,1005.4,13,36,238,0.0,0,71.5,0
2025-09-15 12:42:17,1,60,23.4,61,19.4,1005.4,16,43,246,0.0,0,73.0,0
2025-09-15 12:43:18,1,60,23.4,61,19.3,1005.4,27,34,248,0.0,0,86.0,0
2025-09-15 12:44:19,1,60,23.4,61,19.3,1005.7,25,38,232,0.0,0,122.9,1
2025-09-15 12:46:21,1,60,23.4,61,19.2,1005.6,26,34,245,0.0,0,172.6,1
2025-09-15 12:47:22,1,60,23.4,61,19.2,1005.8,32,43,243,0.0,0,135.7,1
2025-09-15 12:48:23,1,60,23.4,62,19.1,1005.7,23,40,160,0.0,0,106.0,1
2025-09-15 12:49:24,1,60,23.4,62,19.1,1005.7,27,33,224,0.0,0,108.3,1
2025-09-15 12:50:25,1,60,23.4,62,19.1,1005.8,28,40,231,0.0,0,102.5,0
2025-09-15 12:51:26,1,60,23.3,63,19.1,1005.7,14,40,292,0.0,0,135.5,1
2025-09-15 12:52:28,1,60,23.3,63,19.1,1005.8,17,36,248,0.0,0,145.3,1
2025-09-15 12:53:29,1,60,23.3,63,19.1,1005.9,23,27,249,0.0,0,113.7,1
2025-09-15 12:54:30,1,60,23.3,63,19.1,1005.9,13,27,220,0.0,0,557.5,5
2025-09-15 12:55:31,1,60,23.3,61,19.1,1005.7,27,43,252,0.0,0,551.3,5
2025-09-15 12:56:32,1,60,23.3,61,19.1,1005.8,19,43,235,0.0,0,543.9,5
2025-09-15 12:57:33,1,60,23.3,60,19.3,1005.6,14,33,174,0.0,0,541.4,5
2025-09-15 12:58:34,1,60,23.3,58,19.4,1005.6,25,42,190,0.0,0,531.0,5
2025-09-15 12:59:35,1,60,23.3,56,19.6,1005.4,33,49,222,0.0,0,526.2,5
2025-09-15 13:00:36,1,60,23.3,55,19.6,1005.7,29,58,316,0.0,0,527.4,5
2025-09-15 13:02:38,1,60,23.3,54,19.7,1005.8,24,33,252,0.0,0,533.1,5
2025-09-15 13:03:39,1,60,23.4,53,19.9,1005.7,22,36,287,0.0,0,540.7,5
2025-09-15 13:04:40,1,60,23.4,53,20.0,1005.9,31,47,235,0.0,0,530.4,5
2025-09-15 13:05:41,1,60,23.3,53,20.0,1005.8,25,47,200,0.0,0,534.4,5
2025-09-15 13:06:42,1,60,23.4,54,19.9,1005.6,23,51,237,0.0,0,528.1,5
2025-09-15 13:07:43,1,60,23.4,54,19.9,1005.7,30,46,244,0.0,0,516.0,5
2025-09-15 13:08:44,1,60,23.3,55,19.8,1005.6,23,43,278,0.0,0,508.6,4
2025-09-15 13:09:45,1,60,23.4,55,19.8,1005.5,23,47,268,0.0,0,516.8,5
2025-09-15 13:10:46,1,60,23.4,55,19.8,1005.8,20,47,287,0.0,0,113.5,1
2025-09-15 13:11:47,1,60,23.4,54,19.8,1005.5,29,47,260,0.0,0,527.4,5
2025-09-15 13:12:48,1,60,23.4,54,20.0,1005.7,27,47,287,0.0,0,511.4,4
2025-09-15 13:13:49,1,60,23.4,54,20.1,1005.6,24,47,253,0.0,0,507.4,4
2025-09-15 13:14:50,1,60,23.4,53,20.1,1006.3,44,66,230,0.0,0,506.2,4
2025-09-15 13:15:51,1,60,23.4,53,20.2,1005.6,44,69,300,0.0,0,512.4,4
2025-09-15 13:16:52,1,60,23.4,53,20.2,1005.8,51,66,229,0.0,0,514.8,5
2025-09-15 13:17:53,1,60,23.4,54,20.1,1005.6,19,66,260,0.0,0,511.1,4
2025-09-15 13:18:54,1,60,23.4,54,20.0,1005.7,22,51,15,0.0,0,511.1,4
2025-09-15 13:19:55,1,60,23.4,54,20.1,1005.8,28,40,232,0.0,0,504.7,4
2025-09-15 13:20:56,1,60,23.4,54,20.1,1005.5,31,49,257,0.0,0,492.9,4
2025-09-15 13:21:57,1,60,23.4,54,20.1,1005.5,36,60,207,0.0,0,490.1,4
2025-09-15 13:22:58,1,60,23.4,55,20.0,1005.7,32,56,249,0.0,0,490.1,4
2025-09-15 13:23:59,1,60,23.4,55,19.9,1005.6,33,46,253,0.0,0,111.9,1
2025-09-15 13:25:00,1,60,23.4,56,19.9,1005.7,19,43,214,0.0,0,494.4,4
2025-09-15 13:26:01,1,60,23.4,56,19.9,1005.6,19,29,242,0.0,0,229.6,2
2025-09-15 13:27:02,1,60,23.4,55,20.0,1005.5,31,42,244,0.0,0,490.0,4
2025-09-15 13:28:03,1,60,23.4,56,20.0,1005.7,26,42,230,0.0,0,490.0,4
2025-09-15 13:29:04,1,60,23.4,56,20.1,1005.6,18,34,220,0.0,0,209.4,2
2025-09-15 13:30:05,1,60,23.4,55,20.1,1005.6,20,31,240,0.0,0,432.4,4
2025-09-15 13:31:06,1,60,23.4,54,20.2,1005.6,27,38,235,0.0,0,211.1,2
2025-09-15 13:32:07,1,60,23.4,55,20.2,1005.7,11,38,244,0.0,0,163.9,1
2025-09-15 13:33:08,1,60,23.4,55,20.3,1005.8,30,43,204,0.0,0,340.8,3
2025-09-15 13:34:09,1,60,23.4,56,20.3,1005.6,27,43,248,0.0,0,246.6,2
2025-09-15 13:35:10,1,60,23.4,57,20.2,1005.6,32,43,239,0.0,0,522.0,5
2025-09-15 13:36:11,1,60,23.4,57,19.9,1005.6,32,43,270,0.0,0,132.8,1
2025-09-15 13:37:12,1,60,23.4,57,19.9,1005.6,30,66,247,0.0,0,258.2,2
2025-09-15 13:38:13,1,59,23.4,58,19.7,1005.5,28,66,170,0.0,0,236.6,2
2025-09-15 13:39:14,1,59,23.4,58,19.6,1005.4,24,43,146,0.0,0,160.1,1
2025-09-15 13:40:15,1,59,23.4,58,19.6,1005.8,29,38,234,0.0,0,433.8,4
2025-09-15 13:41:16,1,59,23.4,58,19.5,1005.7,25,40,240,0.0,0,233.2,2
2025-09-15 13:42:17,1,59,23.4,57,19.5,1005.6,26,43,316,0.0,0,243.2,2
2025-09-15 13:43:18,1,59,23.4,58,19.6,1005.6,26,46,153,0.0,0,208.9,2
2025-09-15 13:44:19,1,59,23.4,57,19.7,1005.6,27,46,256,0.0,0,147.4,1
2025-09-15 13:45:20,1,59,23.4,58,19.7,1005.5,17,43,237,0.0,0,493.0,4
2025-09-15 13:46:21,1,59,23.4,57,19.7,1005.5,15,34,220,0.0,0,133.5,1
2025-09-15 13:47:22,1,59,23.4,57,19.8,1005.7,28,43,250,0.0,0,510.8,4
2025-09-15 13:48:23,1,59,23.3,56,19.8,1005.4,28,43,235,0.0,0,150.7,1
2025-09-15 13:49:24,1,59,23.4,56,19.8,1005.5,27,40,274,0.0,0,155.8,1
2025-09-15 13:50:25,1,59,23.4,57,19.8,1005.3,23,38,179,0.0,0,513.8,5
2025-09-15 13:51:26,1,59,23.4,56,19.8,1005.5,15,40,236,0.0,0,197.2,1
2025-09-15 13:52:27,1,59,23.3,57,19.8,1005.4,17,29,257,0.0,0,205.6,2
2025-09-15 13:53:28,1,59,23.4,57,19.9,1005.7,20,27,241,0.0,0,158.8,1
2025-09-15 13:54:29,1,59,23.4,58,20.0,1005.6,17,29,241,0.0,0,477.8,4
2025-09-15 13:55:30,1,59,23.4,58,20.0,1005.7,22,33,261,0.0,0,161.9,1
2025-09-15 13:56:31,1,59,23.3,59,20.0,1005.7,19,33,270,0.0,0,163.2,1
2025-09-15 13:57:32,1,59,23.3,59,20.0,1005.7,18,38,179,0.0,0,208.7,2
2025-09-15 13:58:33,1,59,23.3,59,19.9,1005.7,26,36,228,0.0,0,250.3,2
2025-09-15 13:59:34,1,59,23.3,59,19.8,1005.8,16,36,216,0.0,0,472.2,4
2025-09-15 14:00:35,1,59,23.3,59,19.8,1005.6,18,33,237,0.0,0,443.8,4
2025-09-15 14:01:36,1,59,23.3,57,19.8,1005.7,13,33,283,0.0,0,433.4,4
2025-09-15 14:03:38,1,59,23.3,54,20.1,1005.6,30,40,225,0.0,0,435.2,4
2025-09-15 14:04:39,1,59,23.3,54,20.3,1005.8,8,40,26,0.0,0,437.0,4
2025-09-15 14:05:40,1,59,23.3,53,20.4,1005.6,30,40,202,0.0,0,380.5,3
2025-09-15 14:06:41,1,59,23.3,53,20.4,1005.6,32,40,224,0.0,0,470.7,4
2025-09-15 14:07:42,1,59,23.3,53,20.5,1005.6,28,40,242,0.0,0,430.4,4
2025-09-15 14:08:43,1,59,23.3,53,20.5,1005.7,24,38,233,0.0,0,419.7,4
2025-09-15 14:09:44,1,59,23.3,53,20.5,1005.6,38,51,233,0.0,0,411.7,4
2025-09-15 14:10:45,1,59,23.3,53,20.4,1005.5,34,55,235,0.0,0,407.4,3
2025-09-15 14:11:46,1,59,23.3,52,20.4,1005.7,23,55,242,0.0,0,404.9,3
2025-09-15 14:12:47,1,59,23.3,53,20.3,1005.7,19,42,204,0.0,0,400.6,3
2025-09-15 14:13:48,1,59,23.3,52,20.3,1005.6,26,43,165,0.0,0,398.5,3
2025-09-15 14:14:49,1,59,23.3,53,20.4,1005.6,32,49,343,0.0,0,405.6,3
2025-09-15 14:15:50,1,59,23.3,53,20.4,1005.6,30,49,224,0.0,0,137.9,1
2025-09-15 14:16:51,1,59,23.3,53,20.3,1005.7,27,42,233,0.0,0,397.6,3
2025-09-15 14:17:52,1,59,23.3,54,20.2,1005.5,20,42,223,0.0,0,229.7,2
2025-09-15 14:18:53,1,59,23.3,54,20.1,1005.7,24,31,220,0.0,0,408.2,3
2025-09-15 14:19:54,1,59,23.4,54,20.1,1005.8,20,31,238,0.0,0,411.7,4
2025-09-15 14:20:55,1,59,23.4,54,20.2,1005.7,16,36,235,0.0,0,420.8,4
2025-09-15 14:21:56,1,59,23.3,54,20.2,1005.7,16,23,238,0.0,0,411.5,4
2025-09-15 14:22:57,1,59,23.3,54,20.4,1005.6,22,31,246,0.0,0,421.9,4
2025-09-15 14:23:58,1,59,23.3,53,20.5,1005.6,38,49,244,0.0,0,161.6,1
2025-09-15 14:24:59,1,59,23.3,52,20.5,1005.8,25,49,226,0.0,0,436.8,4
2025-09-15 14:26:00,1,59,23.3,52,20.4,1005.5,35,55,149,0.0,0,149.4,1
2025-09-15 14:27:01,1,59,23.3,52,20.3,1005.5,30,47,93,0.0,0,169.8,1
2025-09-15 14:28:02,1,59,23.3,53,20.2,1005.7,29,42,261,0.0,0,471.9,4
2025-09-15 14:29:03,1,59,23.3,53,20.2,1005.7,25,40,251,0.0,0,448.5,4
2025-09-15 14:30:04,1,59,23.3,53,20.1,1005.8,26,49,271,0.0,0,192.4,1
2025-09-15 14:31:05,1,59,23.3,53,20.2,1005.5,25,34,233,0.0,0,453.1,4
2025-09-15 14:32:06,1,59,23.3,53,20.2,1005.8,20,29,197,0.0,0,204.3,1
2025-09-15 14:33:07,1,59,23.3,53,20.3,1005.6,19,40,265,0.0,0,403.3,3
2025-09-15 14:34:08,1,59,23.3,53,20.3,1005.6,27,49,231,0.0,0,403.1,3
2025-09-15 14:35:09,1,59,23.3,52,20.3,1005.8,26,56,2,0.0,0,141.6,1
2025-09-15 14:36:10,1,59,23.3,52,20.3,1005.8,25,60,239,0.0,0,127.7,1
2025-09-15 14:37:11,1,59,23.3,53,20.2,1005.7,28,60,257,0.0,0,382.5,3
2025-09-15 14:38:12,1,59,23.3,53,20.1,1005.7,23,46,204,0.0,0,385.6,3
2025-09-15 14:39:13,1,59,23.3,54,20.1,1005.8,26,46,256,0.0,0,354.4,3
2025-09-15 14:40:14,1,59,23.3,54,20.1,1005.9,22,36,225,0.0,0,343.1,3
2025-09-15 14:41:15,1,59,23.3,54,20.2,1005.8,20,43,292,0.0,0,336.8,3
2025-09-15 14:42:16,1,59,23.3,54,20.2,1005.7,11,43,285,0.0,0,335.7,3
2025-09-15 14:43:17,1,59,23.3,53,20.2,1005.7,32,43,266,0.0,0,334.3,3
2025-09-15 14:44:18,1,59,23.3,52,20.4,1005.7,36,53,247,0.0,0,236.1,2
2025-09-15 14:45:19,1,59,23.3,52,20.4,1005.7,29,62,272,0.0,0,319.1,3
2025-09-15 14:46:20,1,59,23.3,52,20.2,1005.6,33,62,245,0.0,0,313.0,3
2025-09-15 14:47:21,1,59,23.3,53,20.1,1005.4,15,58,198,0.0,0,318.2,3
2025-09-15 14:48:22,1,59,23.3,53,20.0,1005.6,17,36,334,0.0,0,317.7,3
2025-09-15 14:49:23,1,59,23.3,53,20.0,1005.5,25,51,262,0.0,0,317.5,3
2025-09-15 14:50:24,1,59,23.3,53,20.1,1005.6,35,49,236,0.0,0,336.5,3
2025-09-15 14:51:25,1,59,23.2,53,20.1,1005.5,19,46,266,0.0,0,122.2,1
2025-09-15 14:52:27,1,59,23.3,53,20.1,1005.5,30,51,291,0.0,0,334.3,3
2025-09-15 14:53:31,1,60,23.3,53,20.0,1005.8,28,51,252,0.0,0,133.6,1
2025-09-15 14:54:29,1,60,23.3,53,20.0,1005.8,32,51,221,0.0,0,340.6,3
2025-09-15 14:55:30,1,60,23.2,53,19.8,1005.7,26,46,273,0.0,0,376.0,3
2025-09-15 14:56:31,1,56,23.2,53,19.8,1005.7,25,43,165,0.0,0,364.1,3
2025-09-15 14:57:32,1,54,23.2,53,19.8,1005.8,22,34,274,0.0,0,147.4,1
2025-09-15 14:58:33,1,52,23.1,53,19.8,1005.8,30,46,255,0.0,0,131.9,1
2025-09-15 14:59:34,1,50,23.0,54,19.8,1005.9,26,36,262,0.0,0,110.9,1
2025-09-15 15:00:35,1,49,22.9,54,19.7,1005.9,38,51,253,0.0,0,118.8,1
2025-09-15 15:01:36,1,49,22.8,54,19.6,1006.0,29,51,232,0.0,0,113.5,1
2025-09-15 15:02:37,1,49,22.7,55,19.5,1005.8,19,43,239,0.0,0,180.1,1
2025-09-15 15:03:38,1,49,22.6,55,19.5,1006.0,23,33,234,0.0,0,130.4,1
2025-09-15 15:04:39,1,49,22.5,56,19.5,1005.7,27,34,229,0.0,0,123.1,1
2025-09-15 15:05:40,1,49,22.4,56,19.5,1005.7,27,40,254,0.0,0,118.1,1
2025-09-15 15:06:41,1,49,22.3,55,19.4,1005.7,36,46,242,0.0,0,109.5,1
2025-09-15 15:07:42,1,49,22.2,56,19.4,1006.0,23,46,233,0.0,0,121.2,1
2025-09-15 15:08:43,1,50,22.2,56,19.4,1006.2,30,43,251,0.0,0,152.0,1
2025-09-15 15:09:44,1,48,22.1,56,19.4,1005.9,34,46,232,0.0,0,357.9,3
2025-09-15 15:10:45,1,50,22.0,57,19.4,1006.0,23,46,239,0.0,0,362.1,3
2025-09-15 15:11:46,1,51,22.0,57,19.4,1006.1,24,34,188,0.0,0,362.2,3
2025-09-15 15:12:47,1,52,22.0,58,19.4,1005.9,18,34,268,0.0,0,183.7,1
2025-09-15 15:13:48,1,53,22.0,58,19.5,1005.6,25,43,228,0.0,0,169.9,1
2025-09-15 15:14:49,1,53,22.1,59,19.5,1005.8,20,43,231,0.0,0,171.2,1
2025-09-15 15:15:50,1,54,22.1,60,19.4,1005.8,28,38,196,0.0,0,326.3,3
2025-09-15 15:16:51,1,54,22.2,61,19.4,1005.7,25,38,190,0.0,0,287.4,2
2025-09-15 15:17:52,1,54,22.2,61,19.3,1006.0,23,34,247,0.0,0,116.7,1
2025-09-15 15:18:53,1,55,22.3,61,19.3,1005.6,27,46,260,0.0,0,273.4,2
2025-09-15 15:19:54,1,55,22.3,61,19.2,1005.7,27,47,207,0.0,0,92.6,0
2025-09-15 15:20:55,1,55,22.4,61,19.1,1005.8,22,47,74,0.0,0,91.5,0
2025-09-15 15:21:56,1,55,22.4,62,19.0,1005.9,22,43,235,0.0,0,224.6,2
2025-09-15 15:22:57,1,55,22.4,62,18.9,1005.8,27,33,234,0.0,0,133.7,1
2025-09-15 15:23:58,1,55,22.5,62,18.9,1005.8,24,46,245,0.0,0,130.6,1
2025-09-15 15:24:59,1,55,22.5,62,18.8,1005.7,27,51,240,0.0,0,108.0,1
2025-09-15 15:27:01,1,55,22.6,62,18.7,1005.9,37,49,243,0.0,0,68.0,0
2025-09-15 15:28:02,1,56,22.6,62,18.6,1005.6,25,49,243,0.0,0,79.1,0
2025-09-15 15:29:03,1,56,22.6,63,18.6,1005.9,19,36,204,0.0,0,119.3,1
2025-09-15 15:30:04,1,56,22.6,63,18.5,1006.0,29,38,257,0.0,0,164.7,1
2025-09-15 15:31:05,1,56,22.7,64,18.5,1005.8,23,38,191,0.0,0,313.1,3
2025-09-15 15:32:06,1,56,22.7,64,18.5,1005.8,13,33,231,0.0,0,336.6,3
2025-09-15 15:33:07,1,56,22.7,64,18.6,1006.0,28,36,226,0.0,0,203.3,1
2025-09-15 15:34:08,1,56,22.7,64,18.6,1005.9,25,36,197,0.0,0,102.6,0
2025-09-15 15:35:09,1,56,22.7,64,18.6,1005.8,23,38,224,0.0,0,90.7,0
2025-09-15 15:36:10,1,56,22.7,65,18.6,1005.9,19,33,173,0.0,0,86.9,0
2025-09-15 15:37:11,1,56,22.8,65,18.4,1005.8,27,33,196,0.0,0,231.3,2
2025-09-15 15:38:14,1,56,22.8,65,18.4,1005.6,27,43,165,0.0,0,137.7,1
2025-09-15 15:39:13,1,56,22.8,65,18.4,1005.7,30,42,189,0.0,0,132.8,1
2025-09-15 15:40:14,1,56,22.8,65,18.4,1006.0,17,42,230,0.0,0,260.3,2
2025-09-15 15:41:15,1,56,22.8,65,18.4,1005.8,23,40,268,0.0,0,226.8,2
2025-09-15 15:42:16,1,57,22.8,65,18.4,1005.9,33,46,189,0.0,0,103.1,1
2025-09-15 15:43:17,1,57,22.8,65,18.4,1005.9,14,46,258,0.0,0,66.8,0
2025-09-15 15:44:18,1,57,22.8,65,18.4,1005.8,26,40,184,0.0,0,58.9,0
2025-09-15 15:45:19,1,57,22.8,65,18.4,1005.8,21,40,259,0.0,0,56.8,0
2025-09-15 15:46:20,1,57,22.9,66,18.3,1005.8,24,36,188,0.0,0,54.7,0
2025-09-15 15:47:21,1,57,22.9,66,18.3,1005.6,23,36,141,0.0,0,46.0,0
2025-09-15 15:48:22,1,57,22.9,66,18.2,1005.7,31,40,246,0.0,0,55.4,0
2025-09-15 15:49:23,1,57,22.9,66,18.2,1005.6,27,46,200,0.0,0,61.9,0
2025-09-15 15:50:24,1,57,22.9,66,18.2,1005.7,34,49,236,0.0,0,80.1,0
2025-09-15 15:51:25,1,57,22.9,66,18.1,1005.7,28,49,216,0.0,0,97.2,0
2025-09-15 15:52:26,1,57,22.9,66,18.1,1005.6,31,47,177,0.0,0,110.9,1
2025-09-15 15:53:27,1,57,22.9,66,18.1,1005.7,25,47,220,0.0,0,93.1,0
2025-09-15 15:54:28,1,57,22.9,66,18.1,1005.7,32,49,192,0.0,0,63.0,0
2025-09-15 15:55:29,1,57,22.9,66,18.1,1005.6,40,55,214,0.0,0,58.9,0
2025-09-15 15:56:30,1,57,22.9,66,18.1,1005.5,37,55,198,0.0,0,59.2,0
2025-09-15 15:57:31,1,57,22.9,66,18.0,1005.6,27,46,265,0.0,0,92.2,0
2025-09-15 15:58:32,1,57,22.9,66,18.0,1005.5,28,47,204,0.0,0,94.4,0
2025-09-15 15:59:33,1,57,22.9,66,18.0,1005.5,45,56,145,0.0,0,114.1,1
2025-09-15 16:00:34,1,57,22.9,66,18.0,1005.3,36,56,271,0.0,0,211.8,2
2025-09-15 16:01:35,1,57,22.9,66,18.0,1005.5,32,47,189,0.0,0,217.5,2
2025-09-15 16:02:36,1,57,22.9,65,18.1,1005.5,27,47,192,0.0,0,202.4,1
2025-09-15 16:03:37,1,58,22.9,65,18.1,1005.5,23,43,225,0.0,0,114.6,1
2025-09-15 16:04:38,1,58,22.9,65,18.2,1005.3,39,55,218,0.0,0,169.0,1
2025-09-15 16:05:39,1,58,23.0,65,18.3,1005.7,35,55,237,0.0,0,163.4,1
2025-09-15 16:06:40,1,58,22.9,65,18.3,1005.4,34,55,193,0.0,0,102.2,0
2025-09-15 16:07:41,1,58,23.0,65,18.3,1005.6,27,47,198,0.0,0,159.4,1
2025-09-15 16:09:43,1,58,23.0,64,18.3,1005.7,33,53,261,0.0,0,138.7,1
2025-09-15 16:10:44,1,58,23.0,64,18.3,1005.5,29,55,255,0.0,0,76.6,0
2025-09-15 16:11:45,1,58,23.0,65,18.3,1005.5,27,55,230,0.0,0,139.6,1
2025-09-15 16:12:46,1,58,23.0,65,18.3,1005.8,22,36,196,0.0,0,146.7,1
2025-09-15 16:13:47,1,58,23.0,65,18.2,1005.5,21,43,233,0.0,0,148.2,1
2025-09-15 16:14:48,1,58,23.0,65,18.2,1005.5,28,43,213,0.0,0,134.1,1
2025-09-15 16:15:49,1,58,23.0,65,18.2,1005.7,30,47,196,0.0,0,95.5,0
2025-09-15 16:16:50,1,58,23.0,66,18.2,1005.6,22,49,243,0.0,0,122.7,1
2025-09-15 16:17:51,1,58,23.0,66,18.2,1005.8,25,49,224,0.0,0,64.0,0
2025-09-15 16:18:52,1,58,23.0,66,18.1,1005.6,28,42,257,0.0,0,66.0,0
2025-09-15 16:19:53,1,58,23.0,65,18.1,1005.5,19,40,257,0.0,0,62.6,0
2025-09-15 16:20:54,1,58,23.0,66,18.1,1005.6,18,34,242,0.0,0,53.3,0
2025-09-15 16:21:55,1,58,23.0,66,18.1,1005.6,23,34,245,0.0,0,40.5,0
2025-09-15 16:22:56,1,58,23.0,67,18.1,1005.3,24,34,207,0.0,0,50.2,0
2025-09-15 16:23:57,1,58,23.0,66,18.1,1005.5,20,31,215,0.0,0,91.2,0
2025-09-15 16:24:58,1,58,23.0,66,18.0,1005.5,23,47,229,0.0,0,76.3,0
2025-09-15 16:25:59,1,58,23.0,66,18.0,1005.5,23,33,234,0.0,0,89.8,0
2025-09-15 16:28:01,1,58,23.0,67,18.0,1005.6,29,40,167,0.0,0,44.5,0
2025-09-15 16:29:02,1,58,23.0,67,18.0,1005.6,21,40,175,0.0,0,43.8,0
2025-09-15 16:30:03,1,58,23.0,67,17.9,1005.7,30,40,2,0.0,0,40.7,0
2025-09-15 16:31:04,1,58,23.0,67,17.9,1005.6,28,40,245,0.0,0,38.9,0
2025-09-15 16:32:05,1,58,23.0,67,17.9,1005.6,26,46,242,0.0,0,51.9,0
2025-09-15 16:33:06,1,58,23.0,68,17.8,1005.7,26,46,205,0.0,0,66.8,0
2025-09-15 16:34:07,1,58,23.0,68,17.8,1005.7,19,38,131,0.0,0,61.9,0
2025-09-15 16:35:08,1,58,23.0,68,17.8,1005.7,27,40,247,0.0,0,42.8,0
2025-09-15 16:36:09,1,58,23.0,67,17.8,1005.8,43,55,261,0.0,0,36.4,0
2025-09-15 16:37:10,1,58,23.0,68,17.7,1005.7,22,55,230,0.0,0,29.4,0
2025-09-15 16:38:11,1,58,23.0,68,17.7,1005.6,19,38,216,0.0,0,26.6,0
2025-09-15 16:39:12,1,58,23.0,67,17.7,1005.7,35,49,261,0.0,0,25.7,0
2025-09-15 16:40:13,1,58,23.0,67,17.7,1005.8,25,51,217,0.0,0,28.6,0
2025-09-15 16:41:14,1,58,23.0,66,17.7,1005.8,23,46,232,0.0,0,34.8,0
2025-09-15 16:42:15,1,58,23.0,66,17.7,1005.9,23,40,243,0.0,0,51.4,0
2025-09-15 16:43:16,1,58,23.0,66,17.8,1005.9,25,40,230,0.0,0,54.3,0
2025-09-15 16:44:17,1,58,23.0,65,17.8,1005.8,27,43,248,0.0,0,43.4,0
2025-09-15 16:45:18,1,58,23.0,65,17.8,1005.8,22,42,264,0.0,0,43.0,0
2025-09-15 16:46:19,1,58,23.0,65,17.8,1005.8,17,31,200,0.0,0,44.6,0
2025-09-15 16:47:20,1,58,23.0,64,17.8,1005.9,24,43,260,0.0,0,45.6,0
2025-09-15 16:48:21,1,58,23.0,64,17.8,1006.0,16,43,276,0.0,0,40.2,0
2025-09-15 16:49:22,1,58,23.0,64,17.8,1005.9,21,38,217,0.0,0,43.1,0
2025-09-15 16:50:23,1,58,23.0,63,17.8,1005.8,35,51,274,0.0,0,47.3,0
2025-09-15 16:51:24,1,58,23.0,63,17.8,1005.8,30,58,267,0.0,0,44.0,0
2025-09-15 16:52:25,1,58,23.0,62,17.8,1005.8,34,47,236,0.0,0,40.4,0
2025-09-15 16:53:26,1,58,23.0,62,17.9,1005.9,24,43,236,0.0,0,40.4,0
2025-09-15 16:54:27,1,58,23.0,62,17.9,1005.9,24,36,248,0.0,0,52.8,0
2025-09-15 16:55:28,1,58,23.0,62,17.9,1006.0,23,34,224,0.0,0,57.6,0
2025-09-15 16:56:29,1,58,23.0,62,17.9,1006.1,42,58,314,0.0,0,60.3,0
2025-09-15 16:57:30,1,58,23.0,62,17.9,1005.9,22,58,227,0.0,0,66.2,0
2025-09-15 16:58:31,1,58,23.0,62,17.9,1006.2,18,51,273,0.0,0,60.5,0
2025-09-15 16:59:32,1,58,23.0,62,17.9,1005.9,25,40,251,0.0,0,63.0,0
2025-09-15 17:00:33,1,58,23.0,62,17.9,1006.0,7,38,259,0.0,0,51.6,0
2025-09-15 17:01:34,1,58,23.0,62,17.9,1005.9,10,25,227,0.0,0,39.8,0
2025-09-15 17:02:35,1,58,23.0,63,17.9,1005.9,37,46,238,0.0,0,31.9,0
2025-09-15 17:03:36,1,58,23.0,63,17.9,1006.1,28,47,218,0.0,0,28.0,0
2025-09-15 17:04:37,1,58,23.0,64,17.8,1005.9,20,42,211,0.0,0,26.9,0
2025-09-15 17:05:38,1,58,23.0,64,17.7,1005.9,23,36,183,0.0,0,24.6,0
2025-09-15 17:06:39,1,58,23.0,65,17.7,1005.8,17,36,247,0.0,0,23.7,0
2025-09-15 17:07:40,1,58,23.0,65,17.6,1005.8,28,43,237,0.0,0,24.4,0
2025-09-15 17:08:41,1,58,23.0,65,17.6,1005.9,21,49,220,0.0,0,27.2,0
2025-09-15 17:09:42,1,58,23.0,65,17.5,1005.8,22,51,190,0.0,0,28.1,0
2025-09-15 17:10:43,1,58,23.0,65,17.5,1005.9,27,51,190,0.0,0,23.3,0
2025-09-15 17:11:44,1,58,23.0,65,17.5,1005.9,23,40,238,0.0,0,19.4,0
2025-09-15 17:12:45,1,58,23.0,65,17.5,1005.8,33,49,237,0.0,0,18.3,0
2025-09-15 17:13:46,1,58,23.0,65,17.5,1005.9,25,49,254,0.0,0,17.9,0
2025-09-15 17:14:47,1,58,23.0,65,17.5,1005.9,25,43,256,0.0,0,16.9,0
2025-09-15 17:15:48,1,58,23.0,65,17.4,1005.8,33,51,284,0.0,0,14.3,0
2025-09-15 17:16:49,1,58,23.0,66,17.4,1005.8,17,42,197,0.0,0,12.3,0
2025-09-15 17:17:50,1,58,23.0,66,17.4,1005.9,13,31,1,0.0,0,10.5,0
2025-09-15 17:18:51,1,58,23.0,65,17.4,1005.9,27,34,251,0.0,0,7.8,0
2025-09-15 17:19:52,1,58,23.0,65,17.4,1005.8,33,43,201,0.0,0,6.2,0
2025-09-15 17:20:53,1,58,23.0,65,17.4,1005.9,20,43,245,0.0,0,5.1,0
2025-09-15 17:21:54,1,58,23.0,66,17.4,1005.9,21,40,242,0.0,0,4.3,0
2025-09-15 17:22:55,1,58,23.0,66,17.4,1005.9,21,40,142,0.0,0,4.0,0
2025-09-15 17:23:56,1,58,23.0,66,17.4,1005.8,30,46,137,0.0,0,4.5,0
2025-09-15 17:24:57,1,58,23.0,68,17.3,1005.9,42,53,240,0.0,0,5.9,0
2025-09-15 17:25:58,1,58,23.0,69,17.3,1005.9,25,53,232,0.0,0,4.8,0
2025-09-15 17:26:59,1,58,23.0,70,17.0,1006.1,39,51,233,0.0,0,5.5,0
2025-09-15 17:28:00,1,58,23.0,72,16.8,1006.1,27,51,227,0.0,0,10.2,0
2025-09-15 17:29:01,1,58,23.0,73,16.6,1006.1,19,38,256,0.0,0,11.8,0
2025-09-15 17:30:02,1,58,23.0,74,16.3,1006.0,18,31,230,0.0,0,10.9,0
2025-09-15 17:31:03,1,58,23.0,74,16.2,1006.0,33,40,204,0.0,0,9.2,0
2025-09-15 17:32:04,1,58,23.0,74,16.2,1006.1,19,40,226,0.0,0,8.1,0
2025-09-15 17:33:08,1,58,23.0,73,16.2,1006.1,20,38,251,0.0,0,6.5,0
2025-09-15 17:34:06,1,58,22.9,73,16.2,1006.2,14,38,270,0.0,0,5.0,0
2025-09-15 17:35:07,1,58,23.0,73,16.3,1005.9,16,29,154,0.0,0,5.2,0
2025-09-15 17:36:08,1,58,23.0,73,16.3,1006.2,15,29,265,0.0,0,5.1,0
2025-09-15 17:37:09,1,58,22.9,72,16.3,1006.0,28,36,246,0.0,0,4.2,0
2025-09-15 17:38:10,1,58,23.0,71,16.4,1005.9,27,46,252,0.0,0,3.1,0
2025-09-15 17:39:11,1,58,23.0,70,16.5,1006.0,18,36,194,0.0,0,2.5,0
2025-09-15 17:40:12,1,58,23.0,71,16.6,1006.0,19,31,160,0.0,0,2.7,0
2025-09-15 17:41:13,1,58,22.9,71,16.7,1006.1,23,33,261,0.0,0,3.1,0
2025-09-15 17:42:14,1,58,23.0,71,16.7,1006.0,21,33,205,0.0,0,2.4,0
2025-09-15 17:43:15,1,58,23.0,70,16.7,1006.1,32,47,134,0.0,0,1.7,0
2025-09-15 17:44:16,1,58,22.9,71,16.7,1006.2,20,47,263,0.0,0,1.6,0
2025-09-15 17:45:17,1,58,22.9,71,16.6,1006.2,17,33,269,0.0,0,2.1,0
2025-09-15 17:46:18,1,58,23.0,71,16.5,1005.8,28,47,263,0.0,0,1.8,0
2025-09-15 17:47:19,1,58,23.0,72,16.5,1005.8,20,47,242,0.0,0,1.8,0
2025-09-15 17:48:20,1,58,23.0,71,16.5,1006.1,16,31,173,0.0,0,1.6,0
2025-09-15 17:49:21,1,58,23.0,71,16.5,1006.1,32,55,217,0.0,0,1.0,0
2025-09-15 17:50:22,1,58,22.9,71,16.5,1006.3,19,55,240,0.0,0,1.1,0
2025-09-15 17:51:23,1,58,23.0,72,16.6,1006.2,25,43,273,0.0,0,1.1,0
2025-09-15 17:52:24,1,58,23.0,73,16.6,1006.2,22,40,187,0.0,0,0.9,0
2025-09-15 17:53:25,1,58,23.0,74,16.4,1006.2,10,40,252,0.0,0,1.0,0
2025-09-15 17:54:26,1,58,23.0,73,16.3,1006.2,19,43,250,0.0,0,1.2,0
2025-09-15 17:55:27,1,58,23.0,74,16.2,1006.2,11,43,238,0.0,0,1.2,0
2025-09-15 17:56:28,1,58,22.9,74,16.2,1006.1,22,33,243,0.0,0,1.2,0
2025-09-15 17:57:29,1,58,23.0,73,16.1,1006.2,21,38,228,0.0,0,1.5,0
2025-09-15 17:58:30,1,58,23.0,73,16.2,1006.2,20,33,204,0.0,0,1.8,0
2025-09-15 17:59:31,1,58,23.0,73,16.2,1006.3,18,40,182,0.0,0,1.9,0
2025-09-15 18:00:32,1,58,23.0,73,16.2,1006.3,23,40,233,0.0,0,1.7,0
2025-09-15 18:01:33,1,58,23.0,73,16.3,1006.2,17,33,249,0.0,0,1.4,0
2025-09-15 18:02:34,1,58,23.0,73,16.3,1006.0,26,38,208,0.0,0,1.1,0
2025-09-15 18:03:35,1,58,23.0,73,16.2,1006.3,20,31,218,0.0,0,1.1,0
2025-09-15 18:04:36,1,58,23.0,72,16.2,1006.2,26,36,263,0.0,0,1.1,0
2025-09-15 18:05:37,1,58,23.0,72,16.2,1006.1,24,36,244,0.0,0,1.0,0
2025-09-15 18:06:38,1,58,23.0,72,16.3,1006.2,28,38,241,0.0,0,1.0,0
2025-09-15 18:07:39,1,58,23.0,71,16.3,1006.0,27,38,263,0.0,0,0.8,0
2025-09-15 18:08:40,1,58,23.0,71,16.4,1006.2,12,34,222,0.0,0,0.8,0
2025-09-15 18:09:41,1,58,23.0,71,16.4,1006.1,21,31,211,0.0,0,0.7,0
2025-09-15 18:10:42,1,58,23.0,70,16.4,1005.9,29,36,315,0.0,0,0.5,0
2025-09-15 18:11:43,1,58,23.0,71,16.4,1006.1,27,36,269,0.0,0,0.4,0
2025-09-15 18:12:44,1,58,23.0,71,16.5,1006.1,32,38,252,0.0,0,0.4,0
2025-09-15 18:13:45,1,58,23.0,70,16.5,1006.1,21,40,212,0.0,0,0.3,0
2025-09-15 18:14:49,1,58,23.0,70,16.5,1006.1,27,40,251,0.0,0,0.3,0
2025-09-15 18:15:47,1,58,23.0,70,16.6,1006.1,33,42,244,0.0,0,0.2,0
2025-09-15 18:16:48,1,58,23.0,70,16.6,1006.2,19,42,243,0.0,0,0.2,0
2025-09-15 18:17:49,1,58,23.0,70,16.6,1006.1,23,31,256,0.0,0,0.2,0
2025-09-15 18:18:50,1,58,23.0,70,16.6,1006.2,24,33,224,0.0,0,0.1,0
2025-09-15 18:19:51,1,58,23.0,69,16.6,1005.9,33,46,231,0.0,0,0.1,0
2025-09-15 18:20:52,1,58,23.0,69,16.6,1006.1,24,46,236,0.0,0,0.1,0
2025-09-15 18:21:53,1,58,23.0,69,16.6,1006.2,30,40,254,0.0,0,0.1,0
2025-09-15 18:22:54,1,58,23.0,68,16.6,1006.0,31,40,268,0.0,0,0.1,0
2025-09-15 18:23:55,1,58,23.0,68,16.7,1006.2,23,51,253,0.0,0,0.1,0
2025-09-15 18:24:56,1,58,23.0,68,16.7,1006.2,15,36,321,0.0,0,0.1,0
2025-09-15 18:25:57,1,58,23.0,69,16.7,1006.4,14,27,246,0.0,0,0.0,0
2025-09-15 18:26:58,1,58,23.0,69,16.7,1006.3,20,46,240,0.0,0,0.0,0
2025-09-15 18:27:59,1,58,23.0,69,16.7,1006.1,24,46,268,0.0,0,0.0,0
2025-09-15 18:29:00,1,58,23.0,69,16.6,1006.1,20,33,232,0.0,0,0.0,0
2025-09-15 18:30:01,1,58,23.0,69,16.6,1006.2,15,36,236,0.0,0,0.0,0
2025-09-15 18:31:02,1,58,23.0,69,16.5,1006.3,15,27,245,0.0,0,0.0,0
2025-09-15 18:32:03,1,58,23.0,70,16.5,1006.1,19,29,213,0.0,0,0.0,0
2025-09-15 18:33:04,1,58,23.0,70,16.5,1006.2,18,27,217,0.0,0,0.0,0
2025-09-15 18:34:05,1,58,23.0,70,16.5,1006.1,30,42,199,0.0,0,0.0,0
2025-09-15 18:35:06,1,58,23.0,70,16.5,1006.2,15,42,224,0.0,0,0.0,0
2025-09-15 18:36:07,1,58,23.0,70,16.5,1006.2,24,38,141,0.0,0,0.0,0
2025-09-15 18:37:08,1,58,23.0,70,16.5,1006.3,19,36,203,0.0,0,0.0,0
2025-09-15 18:38:09,1,58,23.0,70,16.5,1006.3,21,36,218,0.0,0,0.0,0
2025-09-15 18:39:10,1,58,23.0,70,16.4,1006.2,32,46,235,0.0,0,0.0,0
2025-09-15 18:40:11,1,58,23.0,71,16.4,1006.3,24,46,229,0.0,0,0.0,0
2025-09-15 18:41:12,1,59,23.0,71,16.4,1006.5,21,43,231,0.0,0,0.0,0
2025-09-15 18:42:13,1,59,23.0,71,16.4,1006.3,21,43,241,0.0,0,0.0,0
2025-09-15 18:43:14,1,59,23.0,71,16.4,1006.1,27,34,205,0.0,0,0.0,0
2025-09-15 18:44:15,1,59,23.0,71,16.5,1006.4,27,43,192,0.0,0,0.0,0
2025-09-15 18:45:16,1,59,23.0,71,16.5,1006.4,26,43,185,0.0,0,0.0,0
2025-09-15 18:46:17,1,59,23.0,71,16.5,1006.3,19,40,164,0.0,0,0.0,0
2025-09-15 18:47:18,1,59,23.0,71,16.5,1006.3,19,40,301,0.0,0,0.0,0
2025-09-15 18:48:19,1,59,23.0,72,16.4,1006.5,16,25,223,0.0,0,0.0,0
2025-09-15 18:49:20,1,59,23.0,72,16.4,1006.2,23,34,202,0.0,0,0.0,0
2025-09-15 18:50:21,1,59,23.0,72,16.4,1006.5,28,36,236,0.0,0,0.0,0
2025-09-15 18:51:22,1,59,23.0,71,16.4,1006.4,25,42,228,0.0,0,0.0,0
2025-09-15 18:52:24,1,59,23.0,72,16.3,1006.5,16,43,223,0.0,0,0.0,0
2025-09-15 18:53:25,1,59,23.0,72,16.3,1006.4,43,53,261,0.0,0,0.0,0
2025-09-15 18:54:26,1,59,23.0,72,16.4,1006.5,23,53,240,0.0,0,0.0,0
2025-09-15 18:55:27,1,59,23.0,72,16.4,1006.5,20,34,208,0.0,0,0.0,0
2025-09-15 18:56:28,1,59,23.0,72,16.4,1006.6,15,25,156,0.0,0,0.0,0
2025-09-15 18:57:29,1,59,23.0,72,16.3,1006.7,17,23,230,0.0,0,0.0,0
2025-09-15 18:58:30,1,59,23.0,73,16.3,1006.4,34,49,179,0.0,0,0.0,0
2025-09-15 18:59:31,1,59,23.0,72,16.2,1006.4,29,49,242,0.0,0,0.0,0
2025-09-15 19:00:32,1,59,23.0,72,16.2,1006.5,23,43,231,0.0,0,0.0,0
2025-09-15 19:01:33,1,59,23.0,72,16.2,1006.4,23,40,199,0.0,0,0.0,0
2025-09-15 19:02:34,1,59,23.0,72,16.2,1006.5,18,34,288,0.0,0,0.0,0
2025-09-15 19:03:35,1,59,23.0,72,16.2,1006.4,26,38,236,0.0,0,0.0,0
2025-09-15 19:04:36,1,59,23.0,72,16.2,1006.5,20,38,263,0.0,0,0.0,0
2025-09-15 19:05:37,1,59,23.0,72,16.2,1006.8,26,42,259,0.0,0,0.0,0
2025-09-15 19:06:38,1,59,23.0,72,16.2,1006.5,40,51,238,0.0,0,0.0,0
2025-09-15 19:07:39,1,59,23.0,72,16.2,1006.6,24,51,154,0.0,0,0.0,0
2025-09-15 19:08:40,1,59,23.0,73,16.2,1006.6,24,33,237,0.0,0,0.0,0
2025-09-15 19:09:41,1,59,23.0,73,16.2,1006.8,19,38,186,0.0,0,0.0,0
2025-09-15 19:10:42,1,59,23.0,73,16.2,1006.7,29,38,238,0.0,0,0.0,0
2025-09-15 19:11:43,1,59,23.0,73,16.2,1006.5,25,46,205,0.0,0,0.0,0
2025-09-15 19:12:44,1,59,23.0,73,16.2,1006.6,21,40,203,0.0,0,0.0,0
2025-09-15 19:13:45,1,59,23.0,73,16.2,1006.8,24,40,239,0.0,0,0.0,0
2025-09-15 19:14:46,1,59,23.0,73,16.2,1006.7,27,38,232,0.0,0,0.0,0
2025-09-15 19:15:47,1,59,23.0,73,16.1,1006.7,29,38,203,0.0,0,0.0,0
2025-09-15 19:16:48,1,59,23.0,73,16.1,1006.8,28,46,239,0.0,0,0.0,0
2025-09-15 19:17:49,1,59,23.0,73,16.1,1006.6,29,46,249,0.0,0,0.0,0
2025-09-15 19:18:50,1,59,23.0,73,16.1,1006.8,26,46,232,0.0,0,0.0,0
2025-09-15 19:19:51,1,59,23.0,74,16.1,1006.7,24,42,269,0.0,0,0.0,0
2025-09-15 19:20:52,1,59,23.0,74,16.0,1006.6,23,42,207,0.0,0,0.0,0
2025-09-15 19:21:53,1,59,23.0,74,16.0,1006.6,23,56,225,0.0,0,0.0,0
2025-09-15 19:22:54,1,59,23.0,74,16.0,1006.8,26,56,294,0.0,0,0.0,0
2025-09-15 19:23:55,1,59,23.0,74,15.9,1006.7,19,33,172,0.0,0,0.0,0
2025-09-15 19:24:56,1,59,23.0,75,15.9,1006.6,22,51,191,0.0,0,0.0,0
2025-09-15 19:25:57,1,59,23.0,75,15.8,1006.7,30,38,244,0.0,0,0.0,0
2025-09-15 19:26:58,1,59,23.0,75,15.8,1006.6,24,38,216,0.0,0,0.0,0
2025-09-15 19:27:59,1,59,23.0,75,15.8,1006.7,14,31,212,0.0,0,0.0,0
2025-09-15 19:29:00,1,59,23.0,76,15.7,1006.6,25,33,244,0.0,0,0.0,0
2025-09-15 19:30:01,1,59,23.0,76,15.7,1006.4,24,33,236,0.0,0,0.0,0
2025-09-15 19:31:02,1,59,23.0,76,15.7,1006.7,30,42,256,0.0,0,0.0,0
2025-09-15 19:32:03,1,59,23.0,76,15.7,1006.5,31,42,237,0.0,0,0.0,0
2025-09-15 19:33:04,1,59,23.0,76,15.7,1006.6,32,40,240,0.0,0,0.0,0
2025-09-15 19:34:05,1,59,23.0,76,15.7,1006.5,25,43,347,0.0,0,0.0,0
2025-09-15 19:35:06,1,59,23.0,76,15.7,1006.7,29,38,241,0.0,0,0.0,0
2025-09-15 19:36:07,1,59,23.0,76,15.7,1006.7,24,38,234,0.0,0,0.0,0
2025-09-15 19:37:08,1,59,23.0,76,15.7,1006.6,26,47,228,0.0,0,0.0,0
2025-09-15 19:38:09,1,59,23.0,76,15.7,1006.7,18,38,241,0.0,0,0.0,0
2025-09-15 19:39:10,1,59,23.0,76,15.7,1006.7,22,38,255,0.0,0,0.0,0
2025-09-15 19:40:11,1,59,23.0,75,15.7,1006.7,20,36,169,0.0,0,0.0,0
2025-09-15 19:41:12,1,59,23.0,75,15.7,1006.6,17,38,247,0.0,0,0.0,0
2025-09-15 19:42:13,1,59,23.0,75,15.7,1006.6,19,42,202,0.0,0,0.0,0
2025-09-15 19:43:14,1,59,23.0,75,15.7,1006.8,32,46,134,0.0,0,0.0,0
2025-09-15 19:44:15,1,59,23.0,75,15.7,1006.8,20,49,229,0.0,0,0.0,0
2025-09-15 19:45:16,1,59,23.0,75,15.7,1006.8,20,49,182,0.0,0,0.0,0
2025-09-15 19:46:17,1,59,23.1,75,15.8,1006.6,23,29,166,0.0,0,0.0,0
2025-09-15 19:47:18,1,59,23.1,75,15.8,1006.6,35,49,245,0.0,0,0.0,0
2025-09-15 19:48:19,1,59,23.1,75,15.8,1006.8,27,49,131,0.0,0,0.0,0
2025-09-15 19:49:20,1,59,23.0,74,15.9,1006.6,26,36,53,0.0,0,0.0,0
2025-09-15 19:50:21,1,59,23.1,74,15.9,1006.5,34,38,206,0.0,0,0.0,0
2025-09-15 19:51:22,1,59,23.0,74,15.9,1006.5,21,38,242,0.0,0,0.0,0
2025-09-15 19:52:24,1,59,23.1,74,15.9,1006.7,23,33,254,0.0,0,0.0,0
2025-09-15 19:53:25,1,58,23.0,74,15.9,1006.8,30,38,246,0.0,0,0.0,0
2025-09-15 19:54:26,1,58,23.1,73,15.9,1006.7,24,33,239,0.0,0,0.0,0
2025-09-15 19:55:27,1,58,23.0,73,15.9,1006.5,37,53,252,0.0,0,0.0,0
2025-09-15 19:56:28,1,58,23.0,73,16.0,1006.7,24,53,248,0.0,0,0.0,0
2025-09-15 19:57:29,1,58,23.1,73,16.0,1006.8,21,33,234,0.0,0,0.0,0
2025-09-15 19:58:30,1,58,23.1,73,16.0,1006.9,21,31,187,0.0,0,0.0,0
2025-09-15 19:59:31,1,58,23.0,73,16.0,1006.7,37,51,246,0.0,0,0.0,0
2025-09-15 20:00:32,1,58,23.1,73,16.0,1006.8,24,51,229,0.0,0,0.0,0
2025-09-15 20:01:33,1,58,23.1,73,16.0,1006.7,33,58,272,0.0,0,0.0,0
2025-09-15 20:02:34,1,58,23.0,73,16.0,1006.5,27,46,248,0.0,0,0.0,0
2025-09-15 20:03:35,1,58,23.0,73,16.0,1006.6,16,46,251,0.0,0,0.0,0
2025-09-15 20:04:36,1,58,23.0,74,16.0,1006.8,25,43,234,0.0,0,0.0,0
2025-09-15 20:05:37,1,58,23.0,74,15.9,1006.6,34,47,237,0.0,0,0.0,0
2025-09-15 20:06:38,1,58,23.1,74,15.9,1006.6,37,47,240,0.0,0,0.0,0
2025-09-15 20:07:39,1,58,23.0,74,15.9,1006.6,39,49,257,0.0,0,0.0,0
2025-09-15 20:08:40,1,58,23.1,74,15.9,1006.8,24,49,250,0.0,0,0.0,0
2025-09-15 20:09:41,1,58,23.1,74,15.9,1006.8,24,42,233,0.0,0,0.0,0
2025-09-15 20:10:42,1,58,23.0,74,15.9,1006.8,20,34,285,0.0,0,0.0,0
2025-09-15 20:11:43,1,58,23.0,74,15.9,1007.1,27,53,254,0.0,0,0.0,0
2025-09-15 20:12:44,1,58,23.0,74,15.9,1006.8,24,53,246,0.0,0,0.0,0
2025-09-15 20:13:45,1,58,23.1,74,15.9,1007.0,31,51,236,0.0,0,0.0,0
2025-09-15 20:14:46,1,58,23.1,74,15.9,1006.9,40,51,254,0.0,0,0.0,0
2025-09-15 20:15:50,1,58,23.1,75,15.9,1006.8,22,47,279,0.0,0,0.0,0
2025-09-15 20:16:48,1,58,23.1,75,15.9,1006.8,29,40,165,0.0,0,0.0,0
2025-09-15 20:18:50,1,58,23.0,75,15.8,1007.0,28,42,225,0.0,0,0.0,0
2025-09-15 20:19:51,1,58,23.1,75,15.8,1006.9,25,43,234,0.0,0,0.0,0
2025-09-15 20:20:52,1,58,23.0,75,15.8,1006.9,38,55,249,0.0,0,0.0,0
2025-09-15 20:21:53,1,58,23.1,75,15.8,1006.7,35,55,243,0.0,0,0.0,0
2025-09-15 20:22:54,1,58,23.0,75,15.8,1006.7,34,49,219,0.0,0,0.0,0
2025-09-15 20:23:55,1,58,23.0,75,15.8,1007.0,21,42,229,0.0,0,0.0,0
2025-09-15 20:24:56,1,58,23.0,75,15.8,1007.0,36,46,231,0.0,0,0.0,0
2025-09-15 20:25:57,1,58,23.1,75,15.8,1006.9,16,46,241,0.0,0,0.0,0
2025-09-15 20:26:58,1,58,23.1,75,15.8,1006.8,34,36,208,0.0,0,0.0,0
2025-09-15 20:27:59,1,58,23.1,75,15.8,1006.9,17,36,203,0.0,0,0.0,0
2025-09-15 20:29:00,1,58,23.1,75,15.8,1006.8,18,34,245,0.0,0,0.0,0
2025-09-15 20:30:01,1,58,23.0,75,15.8,1007.0,23,47,241,0.0,0,0.0,0
2025-09-15 20:31:02,1,58,23.1,75,15.8,1007.0,21,34,234,0.0,0,0.0,0
2025-09-15 20:32:03,1,58,23.1,75,15.8,1007.0,15,27,156,0.0,0,0.0,0
2025-09-15 20:33:04,1,58,23.0,75,15.8,1006.8,23,29,201,0.0,0,0.0,0
2025-09-15 20:34:05,1,58,23.1,75,15.7,1006.8,17,29,246,0.0,0,0.0,0
2025-09-15 20:35:06,1,58,23.0,75,15.7,1006.9,20,31,232,0.0,0,0.0,0
2025-09-15 20:36:07,1,58,23.1,75,15.8,1006.9,24,38,233,0.0,0,0.0,0
2025-09-15 20:37:08,1,58,23.1,75,15.8,1006.9,32,40,246,0.0,0,0.0,0
2025-09-15 20:38:09,1,58,23.1,75,15.8,1007.0,24,42,174,0.0,0,0.0,0
2025-09-15 20:39:10,1,58,23.0,75,15.9,1006.9,21,42,277,0.0,0,0.0,0
2025-09-15 20:40:11,1,58,23.1,75,15.9,1006.7,24,46,232,0.0,0,0.0,0
2025-09-15 20:41:12,1,58,23.1,75,15.9,1006.7,33,43,220,0.0,0,0.0,0
2025-09-15 20:42:13,1,58,23.1,75,15.9,1006.8,18,46,234,0.0,0,0.0,0
2025-09-15 20:43:14,1,58,23.0,75,15.9,1006.8,16,38,233,0.0,0,0.0,0
2025-09-15 20:44:15,1,58,23.1,75,15.9,1006.8,28,38,266,0.0,0,0.0,0
2025-09-15 20:45:16,1,58,23.1,75,15.9,1007.0,21,40,232,0.0,0,0.0,0
2025-09-15 20:46:17,1,58,23.1,75,15.9,1006.9,21,38,229,0.0,0,0.0,0
2025-09-15 20:47:18,1,58,23.1,75,15.9,1006.9,30,43,8,0.0,0,0.0,0
2025-09-15 20:48:19,1,58,23.1,75,15.9,1006.8,14,43,229,0.0,0,0.0,0
2025-09-15 20:49:20,1,58,23.1,75,15.9,1006.9,24,31,260,0.0,0,0.0,0
2025-09-15 20:50:21,1,58,23.1,75,15.9,1007.0,19,31,211,0.0,0,0.0,0
2025-09-15 20:51:22,1,58,23.1,75,15.9,1007.0,27,40,249,0.0,0,0.0,0
2025-09-15 20:52:23,1,58,23.1,75,15.9,1006.8,14,40,191,0.0,0,0.0,0
2025-09-15 20:53:24,1,58,23.1,75,15.9,1006.8,24,36,234,0.0,0,0.0,0
2025-09-15 20:54:25,1,58,23.1,75,15.9,1007.0,22,36,249,0.0,0,0.0,0
2025-09-15 20:55:26,1,58,23.0,75,15.9,1006.7,18,29,234,0.0,0,0.0,0
2025-09-15 20:56:27,1,58,23.1,75,15.9,1006.8,37,46,256,0.0,0,0.0,0
2025-09-15 20:57:28,1,58,23.0,75,15.9,1006.9,21,53,233,0.0,0,0.0,0
2025-09-15 20:58:29,1,58,23.0,75,15.9,1007.0,18,36,185,0.0,0,0.0,0
2025-09-15 20:59:30,1,58,23.1,75,15.9,1006.7,17,34,233,0.0,0,0.0,0
2025-09-15 21:00:31,1,58,23.0,75,15.9,1006.8,33,42,223,0.0,0,0.0,0
2025-09-15 21:01:32,1,58,23.0,75,15.9,1006.9,29,42,202,0.0,0,0.0,0
2025-09-15 21:02:33,1,58,23.0,75,15.9,1006.8,22,36,237,0.0,0,0.0,0
2025-09-15 21:03:34,1,58,23.0,75,15.8,1006.9,26,46,253,0.0,0,0.0,0
2025-09-15 21:04:35,1,58,23.1,76,15.8,1006.7,19,42,241,0.0,0,0.0,0
2025-09-15 21:05:36,1,58,23.0,76,15.8,1006.9,12,31,253,0.0,0,0.0,0
2025-09-15 21:06:37,1,58,23.1,76,15.8,1006.9,39,46,245,0.0,0,0.0,0
2025-09-15 21:07:38,1,58,23.0,76,15.8,1006.9,23,46,229,0.0,0,0.0,0
2025-09-15 21:08:39,1,58,23.0,76,15.8,1006.9,26,36,148,0.0,0,0.0,0
2025-09-15 21:09:40,1,58,23.0,76,15.8,1006.8,17,38,238,0.0,0,0.0,0
2025-09-15 21:10:41,1,58,23.0,76,15.8,1006.9,19,36,235,0.0,0,0.0,0
2025-09-15 21:11:42,1,58,23.1,76,15.8,1006.8,28,38,254,0.0,0,0.0,0
2025-09-15 21:12:43,1,58,23.0,76,15.8,1006.9,15,38,212,0.0,0,0.0,0
2025-09-15 21:13:44,1,58,23.0,76,15.8,1006.8,20,38,198,0.0,0,0.0,0
2025-09-15 21:14:45,1,58,23.1,76,15.8,1006.9,15,38,162,0.0,0,0.0,0
2025-09-15 21:15:46,1,58,23.0,76,15.8,1007.1,25,33,214,0.0,0,0.0,0
2025-09-15 21:16:47,1,58,23.0,76,15.8,1007.0,23,40,235,0.0,0,0.0,0
2025-09-15 21:17:48,1,58,23.1,76,15.8,1006.9,12,40,248,0.0,0,0.0,0
2025-09-15 21:18:49,1,58,23.0,76,15.7,1006.9,23,31,271,0.0,0,0.0,0
2025-09-15 21:19:50,1,58,23.1,76,15.7,1006.8,15,31,226,0.0,0,0.0,0
2025-09-15 21:21:52,1,58,23.0,77,15.7,1007.0,30,40,159,0.0,0,0.0,0
2025-09-15 21:22:53,1,58,23.0,76,15.7,1006.9,19,40,266,0.0,0,0.0,0
2025-09-15 21:23:54,1,58,23.0,76,15.7,1006.9,21,31,133,0.0,0,0.0,0
2025-09-15 21:24:55,1,58,23.1,76,15.8,1006.9,21,33,211,0.0,0,0.0,0
2025-09-15 21:25:56,1,58,23.1,76,15.8,1006.9,29,40,235,0.0,0,0.0,0
2025-09-15 21:26:57,1,58,23.1,77,15.8,1006.8,27,43,235,0.0,0,0.0,0
2025-09-15 21:27:58,1,58,23.0,77,15.8,1006.7,17,43,269,0.0,0,0.0,0
2025-09-15 21:28:59,1,58,23.0,77,15.8,1006.8,17,40,245,0.0,0,0.0,0
2025-09-15 21:30:00,1,58,23.0,77,15.8,1007.0,21,29,210,0.0,0,0.0,0
2025-09-15 21:31:01,1,58,23.0,77,15.7,1006.9,13,31,236,0.0,0,0.0,0
2025-09-15 21:32:02,1,58,23.0,77,15.7,1006.9,23,29,239,0.0,0,0.0,0
2025-09-15 21:33:03,1,58,23.0,77,15.7,1006.9,16,33,220,0.0,0,0.0,0
2025-09-15 21:34:04,1,58,23.0,77,15.7,1007.0,29,40,143,0.0,0,0.0,0
2025-09-15 21:35:05,1,58,23.0,77,15.7,1006.9,21,42,256,0.0,0,0.0,0
2025-09-15 21:36:06,1,58,23.0,77,15.7,1007.0,21,40,213,0.0,0,0.0,0
2025-09-15 21:37:07,1,58,23.0,77,15.7,1006.9,20,40,239,0.0,0,0.0,0
2025-09-15 21:38:08,1,58,23.0,77,15.7,1006.9,19,38,243,0.0,0,0.0,0
2025-09-15 21:39:09,1,58,23.0,78,15.7,1006.7,23,38,271,0.0,0,0.0,0
2025-09-15 21:40:10,1,58,23.0,78,15.7,1006.9,21,36,268,0.0,0,0.0,0
2025-09-15 21:41:11,1,58,23.0,78,15.7,1007.0,27,36,264,0.0,0,0.0,0
2025-09-15 21:42:12,1,58,23.0,78,15.7,1006.8,25,34,209,0.0,0,0.0,0
2025-09-15 21:43:13,1,58,23.0,78,15.7,1006.9,23,40,233,0.0,0,0.0,0
2025-09-15 21:44:14,1,58,23.0,78,15.7,1007.1,27,40,241,0.0,0,0.0,0
2025-09-15 21:45:15,1,58,23.0,78,15.7,1006.9,21,40,224,0.0,0,0.0,0
2025-09-15 21:46:16,1,58,23.0,78,15.7,1006.8,17,40,230,0.0,0,0.0,0
2025-09-15 21:47:17,1,58,23.0,78,15.7,1006.8,17,31,190,0.0,0,0.0,0
2025-09-15 21:48:18,1,58,23.0,78,15.7,1007.1,23,31,196,0.0,0,0.0,0
2025-09-15 21:49:19,1,58,23.0,78,15.7,1006.9,19,38,265,0.0,0,0.0,0
2025-09-15 21:50:20,1,58,23.0,78,15.7,1007.0,24,38,194,0.0,0,0.0,0
2025-09-15 21:51:21,1,58,23.1,78,15.7,1007.2,27,34,227,0.0,0,0.0,0
2025-09-15 21:52:22,1,58,23.0,79,15.7,1007.0,30,40,245,0.0,0,0.0,0
2025-09-15 21:53:23,1,58,23.0,79,15.7,1007.0,18,40,241,0.0,0,0.0,0
2025-09-15 21:54:24,1,58,23.0,79,15.6,1006.9,24,29,235,0.0,0,0.0,0
2025-09-15 21:55:25,1,58,23.0,80,15.6,1007.0,20,33,246,0.0,0,0.0,0
2025-09-15 21:56:26,1,58,23.0,80,15.5,1007.1,24,43,223,0.0,0,0.0,0
2025-09-15 21:57:27,1,58,23.0,80,15.5,1007.1,27,34,249,0.0,0,0.0,0
2025-09-15 21:58:28,1,58,23.0,80,15.5,1007.0,27,40,255,0.0,0,0.0,0
2025-09-15 21:59:29,1,58,23.0,80,15.5,1006.9,20,40,203,0.0,0,0.0,0
2025-09-15 22:00:30,1,58,23.0,80,15.5,1007.1,21,27,221,0.0,0,0.0,0
2025-09-15 22:01:31,1,58,23.0,80,15.5,1007.0,20,34,220,0.0,0,0.0,0
2025-09-15 22:02:32,1,58,23.0,79,15.6,1006.9,30,47,242,0.0,0,0.0,0
2025-09-15 22:03:33,1,58,23.0,80,15.6,1007.3,17,40,256,0.0,0,0.0,0
2025-09-15 22:04:34,1,58,23.0,80,15.6,1007.2,12,29,260,0.0,0,0.0,0
2025-09-15 22:05:35,1,58,23.0,80,15.6,1007.2,18,31,221,0.0,0,0.0,0
2025-09-15 22:06:36,1,58,23.0,79,15.6,1007.1,23,38,230,0.0,0,0.0,0
2025-09-15 22:07:37,1,58,23.0,79,15.6,1007.0,21,33,253,0.0,0,0.0,0
2025-09-15 22:08:38,1,58,23.0,79,15.6,1007.1,21,33,243,0.0,0,0.0,0
2025-09-15 22:09:39,1,58,23.0,79,15.6,1007.1,16,31,267,0.0,0,0.0,0
2025-09-15 22:10:40,1,58,23.0,79,15.6,1007.0,18,42,228,0.0,0,0.0,0
2025-09-15 22:11:41,1,58,23.0,79,15.6,1007.1,24,42,177,0.0,0,0.0,0
2025-09-15 22:12:42,1,58,23.0,79,15.6,1007.2,17,34,254,0.0,0,0.0,0
2025-09-15 22:13:43,1,58,23.0,79,15.6,1007.2,23,34,181,0.0,0,0.0,0
2025-09-15 22:14:44,1,58,23.0,79,15.6,1007.1,27,40,246,0.0,0,0.0,0
2025-09-15 22:15:45,1,58,23.0,79,15.7,1007.2,16,38,241,0.0,0,0.0,0
2025-09-15 22:16:46,1,58,23.0,79,15.7,1007.3,33,42,258,0.0,0,0.0,0
2025-09-15 22:17:47,1,58,23.0,79,15.7,1007.1,14,42,240,0.0,0,0.0,0
2025-09-15 22:18:48,1,58,23.0,78,15.7,1007.1,17,27,212,0.0,0,0.0,0
2025-09-15 22:19:49,1,58,23.0,78,15.7,1007.4,30,36,245,0.0,0,0.0,0
2025-09-15 22:20:50,1,58,23.0,79,15.7,1007.2,22,36,255,0.0,0,0.0,0
2025-09-15 22:21:51,1,58,23.0,79,15.7,1007.3,19,29,210,0.0,0,0.0,0
2025-09-15 22:22:52,1,58,23.0,79,15.7,1007.5,20,29,229,0.0,0,0.0,0
2025-09-15 22:23:53,1,58,23.0,79,15.7,1007.2,17,33,177,0.0,0,0.0,0
2025-09-15 22:24:54,1,58,23.0,79,15.7,1007.2,21,36,230,0.0,0,0.0,0
2025-09-15 22:25:55,1,58,23.0,79,15.7,1007.4,16,31,238,0.0,0,0.0,0
2025-09-15 22:26:56,1,58,23.0,78,15.7,1007.3,14,25,220,0.0,0,0.0,0
2025-09-15 22:27:57,1,58,23.0,78,15.7,1007.3,25,36,245,0.0,0,0.0,0
2025-09-15 22:28:58,1,58,23.0,78,15.8,1007.3,13,29,274,0.0,0,0.0,0
2025-09-15 22:29:59,1,58,23.0,78,15.8,1007.5,15,31,280,0.0,0,0.0,0
2025-09-15 22:31:00,1,58,23.0,78,15.8,1007.4,21,31,128,0.0,0,0.0,0
2025-09-15 22:32:01,1,58,23.0,78,15.8,1007.4,18,31,306,0.0,0,0.0,0
2025-09-15 22:33:02,1,58,23.0,78,15.8,1007.5,18,34,117,0.0,0,0.0,0
2025-09-15 22:34:03,1,58,23.0,78,15.8,1007.4,21,34,239,0.0,0,0.0,0
2025-09-15 22:35:04,1,58,23.0,78,15.8,1007.5,13,33,192,0.0,0,0.0,0
2025-09-15 22:36:05,1,58,23.0,78,15.8,1007.3,16,36,224,0.0,0,0.0,0
2025-09-15 22:37:06,1,58,23.0,78,15.8,1007.5,19,36,242,0.0,0,0.0,0
2025-09-15 22:38:07,1,58,23.0,78,15.9,1007.5,15,34,231,0.0,0,0.0,0
2025-09-15 22:39:08,1,58,23.0,78,15.9,1007.5,19,25,205,0.0,0,0.0,0
2025-09-15 22:40:09,1,58,23.0,77,15.9,1007.5,23,31,246,0.0,0,0.0,0
2025-09-15 22:41:10,1,58,23.0,77,15.9,1007.5,24,33,256,0.0,0,0.0,0
2025-09-15 22:42:11,1,58,23.0,77,15.9,1007.4,19,33,233,0.0,0,0.0,0
2025-09-15 22:43:12,1,58,23.0,77,15.9,1007.2,17,27,222,0.0,0,0.0,0
2025-09-15 22:44:13,1,58,23.0,77,15.9,1007.5,20,27,279,0.0,0,0.0,0
2025-09-15 22:45:14,1,58,23.0,77,15.9,1007.5,17,27,240,0.0,0,0.0,0
2025-09-15 22:46:15,1,58,23.0,77,15.9,1007.3,17,25,250,0.0,0,0.0,0
2025-09-15 22:47:16,1,58,23.0,77,15.9,1007.3,20,27,235,0.0,0,0.0,0
2025-09-15 22:48:17,1,58,23.0,77,16.0,1007.5,14,27,259,0.0,0,0.0,0
2025-09-15 22:49:18,1,58,23.0,77,16.0,1007.5,10,21,255,0.0,0,0.0,0
2025-09-15 22:50:19,1,58,23.0,77,16.0,1007.5,21,33,214,0.0,0,0.0,0
2025-09-15 22:51:20,1,58,23.0,77,16.0,1007.5,16,33,230,0.0,0,0.0,0
2025-09-15 22:52:21,1,58,23.0,77,16.0,1007.5,22,29,168,0.0,0,0.0,0
2025-09-15 22:53:23,1,58,23.0,76,16.0,1007.4,19,34,254,0.0,0,0.0,0
2025-09-15 22:54:24,1,58,23.0,76,16.0,1007.4,16,25,302,0.0,0,0.0,0
2025-09-15 22:55:25,1,58,22.9,75,16.0,1007.4,21,25,231,0.0,0,0.0,0
2025-09-15 22:56:26,1,58,23.0,75,16.1,1007.7,21,36,236,0.0,0,0.0,0
2025-09-15 22:57:27,1,58,22.9,74,16.2,1007.7,18,29,247,0.0,0,0.0,0
2025-09-15 22:58:28,1,58,23.0,74,16.3,1007.7,14,21,283,0.0,0,0.0,0
2025-09-15 22:59:29,1,58,22.9,74,16.3,1007.7,20,23,199,0.0,0,0.0,0
2025-09-15 23:00:30,1,58,22.9,75,16.3,1007.6,21,27,198,0.0,0,0.0,0
2025-09-15 23:01:31,1,58,22.9,75,16.3,1007.7,16,27,294,0.0,0,0.0,0
2025-09-15 23:02:32,1,58,23.0,75,16.3,1007.5,22,27,253,0.0,0,0.0,0
2025-09-15 23:03:33,1,58,22.9,75,16.2,1007.8,14,27,245,0.0,0,0.0,0
2025-09-15 23:04:34,1,58,22.9,74,16.2,1007.9,23,40,145,0.0,0,0.0,0
2025-09-15 23:05:35,1,58,22.9,73,16.2,1007.8,25,46,248,0.0,0,0.0,0
2025-09-15 23:06:36,1,58,22.9,73,16.3,1007.6,17,46,261,0.0,0,0.0,0
2025-09-15 23:07:37,1,58,22.9,73,16.4,1007.7,13,23,196,0.0,0,0.0,0
2025-09-15 23:08:38,1,58,22.9,73,16.5,1007.7,22,25,249,0.0,0,0.0,0
2025-09-15 23:09:39,1,58,22.9,73,16.5,1007.7,23,34,165,0.0,0,0.0,0
2025-09-15 23:10:40,1,58,22.9,73,16.5,1007.8,17,34,252,0.0,0,0.0,0
2025-09-15 23:11:41,1,58,22.9,72,16.5,1007.8,23,33,258,0.0,0,0.0,0
2025-09-15 23:12:42,1,58,22.9,72,16.5,1007.6,30,47,251,0.0,0,0.0,0
2025-09-15 23:13:43,1,58,22.9,71,16.5,1007.8,25,47,230,0.0,0,0.0,0
2025-09-15 23:14:44,1,58,22.9,71,16.6,1007.8,12,40,319,0.0,0,0.0,0
2025-09-15 23:15:45,1,58,22.9,71,16.7,1007.9,21,36,288,0.0,0,0.0,0
2025-09-15 23:16:46,1,58,22.9,71,16.7,1008.0,10,36,274,0.0,0,0.0,0
2025-09-15 23:17:47,1,58,22.9,71,16.7,1008.0,24,33,255,0.0,0,0.0,0
2025-09-15 23:18:48,1,58,22.9,71,16.7,1007.9,19,38,256,0.0,0,0.0,0
2025-09-15 23:19:49,1,58,22.9,71,16.7,1007.7,25,38,263,0.0,0,0.0,0
2025-09-15 23:20:50,1,58,22.9,70,16.7,1007.8,32,53,239,0.0,0,0.0,0
2025-09-15 23:21:51,1,58,22.9,70,16.7,1007.7,21,53,261,0.0,0,0.0,0
2025-09-15 23:22:52,1,58,22.9,70,16.7,1007.9,28,42,296,0.0,0,0.0,0
2025-09-15 23:23:53,1,58,22.9,70,16.8,1007.8,16,42,259,0.0,0,0.0,0
2025-09-15 23:24:54,1,58,22.9,70,16.8,1007.7,34,42,267,0.0,0,0.0,0
2025-09-15 23:25:55,1,58,22.9,70,16.8,1007.8,13,42,219,0.0,0,0.0,0
2025-09-15 23:26:56,1,58,22.9,70,16.8,1007.9,29,62,241,0.0,0,0.0,0
2025-09-15 23:27:57,1,58,22.9,70,16.8,1007.7,20,42,241,0.0,0,0.0,0
2025-09-15 23:28:58,1,58,22.9,70,16.8,1007.8,37,47,240,0.0,0,0.0,0
2025-09-15 23:29:59,1,58,22.9,69,16.8,1007.9,14,47,258,0.0,0,0.0,0
2025-09-15 23:31:00,1,57,22.9,69,16.8,1007.7,41,53,240,0.0,0,0.0,0
2025-09-15 23:32:01,1,57,22.9,69,16.8,1007.8,31,53,249,0.0,0,0.0,0
2025-09-15 23:33:02,1,57,22.9,69,16.8,1007.9,27,43,349,0.0,0,0.0,0
2025-09-15 23:34:03,1,57,22.9,69,16.8,1007.8,30,51,239,0.0,0,0.0,0
2025-09-15 23:35:04,1,57,22.9,69,16.8,1008.0,43,51,322,0.0,0,0.0,0
2025-09-15 23:36:05,1,57,22.9,69,16.8,1008.0,27,51,215,0.0,0,0.0,0
2025-09-15 23:37:06,1,57,22.9,69,16.8,1007.7,28,47,285,0.0,0,0.0,0
2025-09-15 23:38:07,1,57,22.9,69,16.8,1008.1,23,47,285,0.0,0,0.0,0
2025-09-15 23:39:08,1,57,22.9,69,16.8,1007.9,20,40,252,0.0,0,0.0,0
2025-09-15 23:40:09,1,57,22.9,69,16.8,1008.0,18,36,245,0.0,0,0.0,0
2025-09-15 23:41:10,1,57,22.9,70,16.8,1008.0,15,31,230,0.0,0,0.0,0
2025-09-15 23:42:11,1,57,22.9,70,16.8,1008.0,16,40,251,0.0,0,0.0,0
2025-09-15 23:43:12,1,57,22.9,70,16.7,1007.8,18,40,220,0.0,0,0.0,0
2025-09-15 23:44:13,1,57,22.9,70,16.7,1008.0,16,36,216,0.0,0,0.0,0
2025-09-15 23:45:14,1,57,22.9,70,16.7,1008.1,11,31,238,0.0,0,0.0,0
2025-09-15 23:46:15,1,57,22.9,70,16.7,1008.2,13,27,341,0.0,0,0.0,0
2025-09-15 23:47:16,1,57,22.9,70,16.7,1008.2,21,27,233,0.0,0,0.0,0
2025-09-15 23:48:17,1,57,22.9,70,16.7,1008.0,27,34,248,0.0,0,0.0,0
2025-09-15 23:49:18,1,57,22.9,70,16.7,1008.0,17,34,229,0.0,0,0.0,0
2025-09-15 23:50:19,1,57,22.9,70,16.7,1008.0,29,43,276,0.0,0,0.0,0
2025-09-15 23:51:20,1,57,22.9,70,16.7,1008.2,25,53,275,0.0,0,0.0,0
2025-09-15 23:52:22,1,57,22.9,70,16.7,1008.2,26,53,359,0.0,0,0.0,0
2025-09-15 23:53:23,1,57,22.9,70,16.7,1008.0,22,42,264,0.0,0,0.0,0
2025-09-15 23:54:24,1,57,22.9,70,16.7,1008.1,25,43,240,0.0,0,0.0,0
2025-09-15 23:55:25,1,57,22.9,70,16.7,1008.1,13,43,229,0.0,0,0.0,0
2025-09-15 23:56:26,1,57,22.8,70,16.7,1008.1,15,34,254,0.0,0,0.0,0
2025-09-15 23:57:27,1,57,22.9,70,16.7,1008.0,15,34,218,0.0,0,0.0,0
2025-09-15 23:58:28,1,57,22.9,70,16.6,1007.9,22,34,249,0.0,0,0.0,0
2025-09-15 23:59:29,1,57,22.9,71,16.6,1007.9,30,43,254,0.0,0,0.0,0
