2018-09-09 00:00:01,5,56,21.4,82,14.6,1023.8,0.0,0.0,8,251.1,0
2018-09-09 00:05:01,5,56,21.4,82,14.6,1023.7,0.0,0.0,8,251.1,0
2018-09-09 00:10:01,5,56,21.4,82,14.7,1023.7,0.3,1.0,10,251.1,0
2018-09-09 00:15:01,5,56,21.4,82,14.9,1023.7,0.0,0.3,12,251.1,0
2018-09-09 00:20:01,5,56,21.4,82,15.0,1023.6,0.7,1.0,6,251.1,0
2018-09-09 00:25:01,5,56,21.4,81,15.2,1023.5,0.0,0.7,0,251.1,0
2018-09-09 00:30:01,5,56,21.4,81,15.3,1023.5,0.3,1.0,10,251.1,0
2018-09-09 00:35:01,5,56,21.4,81,15.3,1023.5,0.0,0.7,14,251.1,0
2018-09-09 00:40:01,5,56,21.4,81,15.4,1023.5,1.0,1.7,8,251.1,0
2018-09-09 00:45:01,5,56,21.4,81,15.4,1023.4,0.3,1.0,14,251.1,0
2018-09-09 00:50:01,5,56,21.4,81,15.5,1023.3,0.0,0.0,12,251.1,0
2018-09-09 00:55:01,5,56,21.4,81,15.5,1023.4,0.0,0.7,0,251.1,0
2018-09-09 01:00:01,5,56,21.4,81,15.4,1023.7,0.7,1.4,12,251.1,0
2018-09-09 01:05:01,5,57,21.4,81,15.4,1023.8,0.7,1.0,8,251.1,0
2018-09-09 01:10:01,5,57,21.4,81,15.3,1023.7,0.3,0.7,10,251.1,0
2018-09-09 01:15:01,5,57,21.4,82,15.3,1024.0,0.3,1.4,8,251.1,0
2018-09-09 01:20:01,5,57,21.3,82,15.3,1023.9,0.3,0.7,8,251.1,0
2018-09-09 01:25:01,5,57,21.3,82,15.2,1023.8,0.7,1.0,8,251.1,0
2018-09-09 01:30:01,5,58,21.3,82,15.2,1023.9,0.3,1.0,10,251.1,0
2018-09-09 01:35:01,5,58,21.3,82,15.2,1023.9,0.0,0.3,12,251.1,0
2018-09-09 01:40:01,5,58,21.3,82,15.2,1023.8,0.0,0.3,8,251.1,0
2018-09-09 01:45:01,5,58,21.2,82,15.3,1023.9,0.0,0.3,8,251.1,0
2018-09-09 01:50:01,5,58,21.2,82,15.4,1023.8,0.7,1.7,8,251.1,0
2018-09-09 01:55:01,5,58,21.2,82,15.4,1023.8,0.7,1.7,10,251.1,0
2018-09-09 02:00:01,5,58,21.2,81,15.5,1023.8,0.3,0.7,12,251.1,0
2018-09-09 02:05:01,5,58,21.2,81,15.5,1023.8,0.3,0.7,12,251.1,0
2018-09-09 02:10:01,5,58,21.2,81,15.5,1023.7,0.7,1.4,10,251.1,0
2018-09-09 02:15:01,5,58,21.2,81,15.5,1023.9,0.7,1.0,8,251.1,0
2018-09-09 02:20:01,5,58,21.2,81,15.5,1023.8,0.3,0.7,10,251.1,0
2018-09-09 02:25:01,5,59,21.2,81,15.4,1023.8,0.3,0.7,8,251.1,0
2018-09-09 02:30:01,5,59,21.2,81,15.4,1023.8,0.7,1.0,6,251.1,0
2018-09-09 02:35:01,5,59,21.2,81,15.4,1023.7,0.0,0.7,8,251.1,0
2018-09-09 02:40:01,5,59,21.1,81,15.5,1023.9,0.7,1.0,10,251.1,0
2018-09-09 02:45:01,5,59,21.1,81,15.5,1024.0,0.7,1.0,8,251.1,0
2018-09-09 02:50:01,5,59,21.1,81,15.5,1024.0,0.7,1.4,8,251.1,0
2018-09-09 02:55:01,5,59,21.1,81,15.6,1024.0,0.0,0.3,14,251.1,0
2018-09-09 03:00:01,5,59,21.1,81,15.5,1024.0,0.3,0.7,10,251.1,0
2018-09-09 03:05:01,5,59,21.1,81,15.5,1024.0,0.7,2.0,10,251.1,0
2018-09-09 03:10:01,5,59,21.1,82,15.4,1024.1,0.3,1.0,8,251.1,0
2018-09-09 03:15:01,5,59,21.1,82,15.4,1024.2,0.0,0.3,10,251.1,0
2018-09-09 03:20:01,5,59,21.1,82,15.3,1024.2,0.0,0.0,12,251.1,0
2018-09-09 03:25:01,5,59,21.1,82,15.2,1024.2,0.3,0.7,8,251.1,0
2018-09-09 03:30:01,5,59,21.1,82,15.1,1024.3,0.0,0.0,10,251.1,0
2018-09-09 03:35:01,5,59,21.0,82,15.1,1024.4,0.0,0.0,10,251.1,0
2018-09-09 03:40:01,5,59,21.0,83,15.1,1024.4,0.3,1.0,8,251.1,0
2018-09-09 03:45:01,5,59,21.0,83,15.1,1024.3,0.3,1.0,10,251.1,0
2018-09-09 03:50:01,5,59,21.0,83,15.2,1024.2,0.3,0.7,10,251.1,0
2018-09-09 03:55:01,5,59,21.0,83,15.3,1024.3,0.3,1.0,10,251.1,0
2018-09-09 04:00:01,5,59,21.0,83,15.3,1024.4,0.3,1.0,8,251.1,0
2018-09-09 04:05:01,5,59,21.0,83,15.3,1024.3,0.3,1.0,8,251.1,0
2018-09-09 04:10:01,5,59,21.0,83,15.3,1024.5,0.3,0.7,10,251.1,0
2018-09-09 04:15:01,5,59,21.0,83,15.3,1024.4,0.0,0.0,8,251.1,0
2018-09-09 04:20:01,5,59,21.0,83,15.2,1024.4,0.0,0.0,8,251.1,0
2018-09-09 04:25:01,5,59,21.0,83,15.2,1024.3,0.0,0.0,12,251.1,0
2018-09-09 04:30:01,5,59,21.0,84,15.2,1024.4,0.0,0.7,0,251.1,0
2018-09-09 04:35:01,5,59,21.0,84,15.2,1024.3,0.0,0.0,10,251.1,0
2018-09-09 04:40:01,5,59,21.0,84,15.2,1024.2,0.0,0.3,0,251.1,0
2018-09-09 04:45:01,5,59,21.0,84,15.2,1024.4,0.7,1.4,8,251.1,0
2018-09-09 04:50:01,5,60,20.9,84,15.1,1024.7,0.3,1.0,8,251.1,0
2018-09-09 04:55:01,5,60,20.9,84,15.1,1024.5,0.0,0.0,8,251.1,0
2018-09-09 05:00:01,5,60,20.9,85,15.1,1024.6,0.0,0.0,10,251.1,0
2018-09-09 05:05:01,5,60,20.9,85,15.0,1024.6,0.3,0.7,10,251.1,0
2018-09-09 05:10:01,5,60,20.9,85,15.0,1024.4,0.0,0.0,10,251.1,0
2018-09-09 05:15:01,5,60,20.9,85,15.0,1024.5,0.0,0.0,10,251.1,0
2018-09-09 05:20:01,5,60,20.9,85,15.0,1024.6,0.7,1.4,10,251.1,0
2018-09-09 05:25:01,5,61,20.9,85,15.0,1024.6,0.0,0.0,6,251.1,0
2018-09-09 05:30:01,5,61,20.9,86,14.9,1024.6,0.0,0.0,14,251.1,0
2018-09-09 05:35:01,5,61,20.9,86,14.9,1024.6,0.0,0.3,12,251.1,0
2018-09-09 05:40:01,5,61,20.9,85,15.0,1024.8,0.3,0.7,6,251.1,0
2018-09-09 05:45:01,5,61,20.9,85,15.0,1024.8,0.0,0.7,14,251.1,0
2018-09-09 05:50:01,5,61,20.9,85,15.0,1024.8,1.0,1.7,8,251.1,0
2018-09-09 05:55:01,5,61,20.9,85,15.0,1024.8,1.7,2.7,2,251.1,0
2018-09-09 06:00:01,5,61,20.9,85,15.1,1024.8,0.3,0.7,8,251.1,0
2018-09-09 06:05:01,5,61,20.9,85,15.1,1024.7,0.3,0.7,8,251.1,0
2018-09-09 06:10:01,5,61,20.9,84,15.1,1024.8,1.0,1.4,10,251.1,0
2018-09-09 06:15:01,5,61,20.9,84,15.2,1024.9,0.7,1.0,8,251.1,0
2018-09-09 06:20:01,5,61,20.9,84,15.2,1024.8,0.7,1.4,10,251.1,0
2018-09-09 06:25:01,5,61,20.9,84,15.3,1024.8,0.7,1.0,10,251.1,0
2018-09-09 06:30:01,5,61,20.9,84,15.3,1024.7,0.0,0.7,12,251.1,0
2018-09-09 06:35:01,5,61,20.9,84,15.4,1024.7,0.3,1.4,0,251.1,0
2018-09-09 06:40:01,5,61,20.9,84,15.5,1024.9,0.3,0.7,7,251.1,0
2018-09-09 06:45:01,5,61,20.9,84,15.7,1024.6,1.0,1.4,8,251.1,0
2018-09-09 06:50:01,5,60,21.0,84,15.7,1024.7,0.0,0.3,14,251.1,0
2018-09-09 06:55:01,5,60,21.0,84,15.8,1024.7,0.7,1.4,12,251.1,0
2018-09-09 07:00:01,5,60,21.0,83,16.0,1024.4,0.3,0.7,4,251.1,0
2018-09-09 07:05:01,5,59,21.1,82,16.2,1024.5,0.3,1.0,8,251.1,0
2018-09-09 07:10:01,5,59,21.1,82,16.4,1024.4,0.7,1.7,15,251.1,0
2018-09-09 07:15:01,5,59,21.2,82,16.5,1024.5,0.3,1.4,10,251.1,0
2018-09-09 07:20:01,5,59,21.2,81,16.5,1024.7,0.7,1.7,8,251.1,0
2018-09-09 07:25:01,5,59,21.2,81,16.5,1024.6,0.3,1.0,8,251.1,0
2018-09-09 07:30:01,5,59,21.2,81,16.5,1024.6,0.3,1.0,4,251.1,0
2018-09-09 07:35:01,5,59,21.2,81,16.5,1024.6,0.7,1.4,10,251.1,0
2018-09-09 07:40:01,5,60,21.2,81,16.5,1024.6,0.3,0.7,6,251.1,0
2018-09-09 07:45:01,5,60,21.3,81,16.5,1024.4,0.7,1.4,12,251.1,0
2018-09-09 07:50:01,5,60,21.3,81,16.6,1024.5,0.7,2.0,10,251.1,0
2018-09-09 07:55:01,5,60,21.3,80,16.7,1024.5,0.7,1.4,8,251.1,0
2018-09-09 08:00:01,5,60,21.4,80,16.7,1024.5,0.3,0.7,0,251.1,0
2018-09-09 08:05:01,5,60,21.5,80,16.7,1024.5,0.3,0.7,0,251.1,0
2018-09-09 08:10:01,5,60,21.5,79,17.2,1024.4,0.7,1.4,4,251.1,0
2018-09-09 08:15:01,5,60,21.6,79,17.4,1024.3,0.7,1.4,4,251.1,0
2018-09-09 08:20:01,5,60,21.7,78,17.7,1024.2,1.0,1.7,10,251.1,0
2018-09-09 08:25:01,5,60,21.9,76,18.1,1024.0,0.7,1.0,10,251.1,0
2018-09-09 08:30:01,5,59,22.2,75,19.2,1023.8,0.3,1.0,12,251.1,0
2018-09-09 08:35:01,5,59,22.4,72,19.7,1023.5,1.0,1.7,10,251.1,0
2018-09-09 08:40:01,5,58,22.6,70,19.6,1023.4,1.0,1.4,8,251.1,0
2018-09-09 08:45:01,5,59,23.0,68,20.2,1023.0,0.3,1.0,6,251.1,0
2018-09-09 08:50:01,5,58,23.3,64,21.0,1022.8,1.0,3.1,8,251.1,0
2018-09-09 08:55:01,5,57,23.3,62,21.1,1022.9,0.3,1.0,12,251.1,0
2018-09-09 09:00:01,5,57,23.3,62,21.5,1022.8,1.4,3.1,4,251.1,0
2018-09-09 09:05:01,5,56,23.2,62,21.8,1022.8,1.4,2.0,10,251.1,0
2018-09-09 09:10:01,5,56,23.1,60,22.2,1022.7,1.4,2.0,8,251.1,0
2018-09-09 09:15:01,5,56,23.1,58,22.2,1022.9,1.0,1.7,8,251.1,0
2018-09-09 09:20:01,5,56,23.1,58,22.3,1022.8,1.0,1.7,6,251.1,0
2018-09-09 09:25:01,5,56,23.1,57,22.5,1023.1,1.4,2.0,8,251.1,0
2018-09-09 09:30:01,5,56,23.0,55,22.0,1023.1,0.7,1.4,14,251.1,0
2018-09-09 09:35:01,5,56,23.0,58,21.6,1023.0,1.0,2.0,14,251.1,0
2018-09-09 09:40:01,5,56,23.0,59,21.7,1023.0,0.7,1.4,10,251.1,0
2018-09-09 09:45:01,5,56,23.0,57,22.0,1023.0,1.0,2.4,8,251.1,0
2018-09-09 09:50:01,5,56,23.0,57,21.9,1023.0,1.4,2.4,6,251.1,0
2018-09-09 09:55:01,5,56,23.0,57,21.7,1023.0,1.4,2.7,6,251.1,0
2018-09-09 10:00:01,5,56,23.0,55,21.5,1023.1,0.3,1.0,8,251.1,0
2018-09-09 10:05:01,5,56,23.0,55,21.5,1022.9,0.3,1.0,8,251.1,0
2018-09-09 10:10:01,5,56,23.0,56,22.7,1023.0,0.3,0.7,10,251.1,0
2018-09-09 10:15:01,5,56,23.0,53,23.2,1022.9,1.0,1.7,10,251.1,0
2018-09-09 10:20:01,5,56,23.0,52,22.7,1023.1,1.7,2.4,14,251.1,0
2018-09-09 10:25:01,5,56,23.0,54,22.2,1023.0,0.3,1.0,4,251.1,0
2018-09-09 10:30:01,5,56,23.0,55,22.1,1022.9,1.0,1.7,12,251.1,0
2018-09-09 10:35:01,5,56,23.1,55,22.2,1022.8,0.3,0.7,6,251.1,0
2018-09-09 10:40:01,5,56,23.1,55,22.7,1022.8,1.4,2.4,10,251.1,0
2018-09-09 10:45:01,5,56,23.1,54,22.8,1022.9,1.4,1.7,10,251.1,0
2018-09-09 10:50:01,5,56,23.1,52,22.5,1022.7,1.0,2.4,8,251.1,0
2018-09-09 10:55:01,5,56,23.1,53,22.1,1022.8,1.4,2.4,10,251.1,0
2018-09-09 11:00:01,5,56,23.1,55,22.4,1022.9,0.7,1.0,12,251.1,0
2018-09-09 11:05:01,5,56,23.1,52,23.3,1022.9,1.4,2.0,8,251.1,0
2018-09-09 11:10:01,5,56,23.1,52,23.8,1022.6,1.0,2.0,4,251.1,0
2018-09-09 11:15:01,5,56,23.1,49,24.2,1022.7,0.7,1.7,10,251.1,0
2018-09-09 11:20:01,5,56,23.1,47,24.2,1022.7,1.0,2.7,10,251.1,0
2018-09-09 11:25:01,5,56,23.2,48,24.1,1022.8,0.7,1.4,8,251.1,0
2018-09-09 11:30:01,5,55,23.2,50,23.7,1022.6,0.7,1.4,0,251.1,0
2018-09-09 11:35:01,5,55,23.2,50,23.6,1022.5,0.7,1.4,6,251.1,0
2018-09-09 11:40:01,5,55,23.3,51,23.8,1022.5,1.4,2.4,10,251.1,0
2018-09-09 11:45:01,5,55,23.3,49,24.0,1022.5,1.0,2.0,10,251.1,0
2018-09-09 11:50:01,5,55,23.3,48,24.4,1022.5,2.0,2.7,14,251.1,0
2018-09-09 11:55:01,5,55,23.3,48,24.7,1022.4,2.4,3.7,14,251.1,0
2018-09-09 12:00:01,5,55,23.3,46,24.7,1022.4,1.4,2.4,12,251.1,0
2018-09-09 12:05:01,5,55,23.3,46,24.7,1022.4,1.4,2.4,12,251.1,0
2018-09-09 12:10:01,5,55,23.3,45,24.8,1022.4,1.4,2.4,0,251.1,0
2018-09-09 12:15:01,5,55,23.3,45,24.8,1022.5,1.0,2.0,6,251.1,0
2018-09-09 12:20:01,5,55,23.3,45,24.7,1022.5,1.4,2.7,8,251.1,0
2018-09-09 12:25:01,5,55,23.3,45,24.8,1022.6,1.0,2.4,6,251.1,0
2018-09-09 12:30:01,5,55,23.3,44,25.1,1022.5,1.4,3.1,10,251.1,0
2018-09-09 12:35:01,5,55,23.3,45,25.7,1022.5,1.4,2.7,10,251.1,0
2018-09-09 12:40:01,5,56,23.3,42,25.8,1022.5,2.0,3.7,14,251.1,0
2018-09-09 12:45:01,5,56,23.2,44,25.8,1022.4,1.0,1.7,13,251.1,0
2018-09-09 12:50:01,5,56,23.2,41,26.2,1022.4,1.0,2.4,14,251.1,0
2018-09-09 12:55:01,5,56,23.1,41,26.4,1022.4,2.4,3.4,8,251.1,0
2018-09-09 13:00:01,5,56,23.1,41,26.4,1022.5,0.7,1.7,12,251.1,0
2018-09-09 13:05:01,5,56,23.1,40,26.4,1022.3,1.4,2.4,2,251.1,0
2018-09-09 13:10:01,5,56,23.1,40,26.2,1022.5,1.7,2.7,10,251.1,0
2018-09-09 13:15:01,5,56,23.1,40,26.1,1022.4,2.0,3.1,8,251.1,0
2018-09-09 13:20:01,5,56,23.1,42,25.9,1022.4,1.4,2.7,4,251.1,0
2018-09-09 13:25:01,5,56,23.1,41,26.2,1022.4,1.7,3.1,2,251.1,0
2018-09-09 13:30:01,5,56,23.1,40,26.3,1022.5,1.0,1.7,8,251.1,0
2018-09-09 13:35:01,5,56,23.1,40,26.5,1022.4,1.0,2.4,14,251.1,0
2018-09-09 13:40:01,5,56,23.1,39,26.5,1022.3,1.7,3.1,14,251.1,0
2018-09-09 13:45:01,5,56,23.1,39,26.5,1022.3,1.4,2.4,8,251.1,0
2018-09-09 13:50:01,5,56,23.1,39,26.1,1022.3,2.4,5.8,8,251.1,0
2018-09-09 13:55:01,5,56,23.1,40,25.9,1022.3,1.4,2.7,11,251.1,0
2018-09-09 14:00:01,5,56,23.1,39,26.0,1022.2,1.4,2.4,10,251.1,0
2018-09-09 14:05:01,5,55,23.1,39,26.0,1022.3,1.4,2.4,10,251.1,0
2018-09-09 14:10:01,5,55,23.1,41,25.2,1022.2,2.0,3.7,8,251.1,0
2018-09-09 14:15:01,5,55,23.1,42,25.1,1022.2,1.7,3.4,14,251.1,0
2018-09-09 14:20:01,5,55,23.1,41,25.2,1022.1,2.0,3.4,8,251.1,0
2018-09-09 14:25:01,5,55,23.1,42,25.9,1022.1,1.7,3.4,8,251.1,0
2018-09-09 14:30:01,5,55,23.1,41,25.9,1022.0,1.4,2.4,14,251.1,0
2018-09-09 14:35:01,5,55,23.1,42,25.2,1021.9,2.0,3.1,14,251.1,0
2018-09-09 14:40:01,5,55,23.1,44,24.8,1022.0,1.4,2.4,12,251.1,0
2018-09-09 14:45:01,5,55,23.1,45,24.8,1022.0,0.7,1.4,8,251.1,0
2018-09-09 14:50:01,5,55,23.1,45,24.8,1022.0,1.4,2.0,10,251.1,0
2018-09-09 14:55:01,5,55,23.1,45,24.8,1022.0,1.4,2.0,8,251.1,0
2018-09-09 15:00:01,5,55,23.1,43,24.8,1022.0,1.4,2.7,4,251.1,0
2018-09-09 15:05:01,5,55,23.1,43,24.5,1022.1,2.0,3.4,10,251.1,0
2018-09-09 15:10:01,5,55,23.1,45,24.6,1022.0,1.0,1.4,8,251.1,0
2018-09-09 15:15:01,5,55,23.1,43,25.1,1022.0,1.4,2.4,8,251.1,0
2018-09-09 15:20:01,5,55,23.1,44,24.8,1021.9,2.0,2.7,8,251.1,0
2018-09-09 15:25:01,5,55,23.1,46,24.3,1021.8,2.4,3.1,8,251.1,0
2018-09-09 15:30:01,5,55,23.1,46,24.2,1021.9,1.4,1.7,8,251.1,0
2018-09-09 15:35:01,5,55,23.1,47,24.2,1021.9,1.4,2.0,6,251.1,0
2018-09-09 15:40:01,5,55,23.1,46,24.0,1021.8,0.7,1.7,2,251.1,0
2018-09-09 15:45:01,5,55,23.2,47,24.1,1021.9,1.0,1.7,8,251.1,0
2018-09-09 15:50:01,5,55,23.3,47,24.1,1021.9,0.3,1.0,12,251.1,0
2018-09-09 15:55:01,5,55,23.3,47,24.1,1021.6,0.7,1.4,8,251.1,0
2018-09-09 16:00:01,5,55,23.3,48,24.0,1021.6,1.0,1.7,8,251.1,0
2018-09-09 16:05:01,5,55,23.3,48,24.0,1021.5,1.0,1.7,8,251.1,0
2018-09-09 16:10:01,5,55,23.3,50,23.8,1021.5,0.7,1.4,8,251.1,0
2018-09-09 16:15:01,5,55,23.3,50,23.8,1021.4,0.3,0.7,0,251.1,0
2018-09-09 16:20:01,5,55,23.4,50,23.8,1021.4,0.3,0.7,14,251.1,0
2018-09-09 16:25:01,5,55,23.4,49,23.7,1021.3,1.4,2.4,8,251.1,0
2018-09-09 16:30:01,5,55,23.4,51,23.6,1021.4,0.3,0.7,6,251.1,0
2018-09-09 16:35:01,5,55,23.4,51,23.6,1021.3,0.3,1.0,2,251.1,0
2018-09-09 16:40:01,5,55,23.4,52,23.5,1021.2,0.3,0.7,14,251.1,0
2018-09-09 16:45:01,5,55,23.4,52,23.4,1021.3,0.3,0.7,2,251.1,0
2018-09-09 16:50:01,5,56,23.4,52,23.4,1021.3,0.3,0.7,10,251.1,0
2018-09-09 16:55:01,5,56,23.4,52,23.3,1021.3,0.3,1.0,14,251.1,0
2018-09-09 17:00:01,5,56,23.4,52,23.2,1021.3,0.0,0.3,6,251.1,0
2018-09-09 17:05:01,5,56,23.4,52,23.2,1021.2,0.3,0.7,12,251.1,0
2018-09-09 17:10:01,5,56,23.4,52,23.1,1021.3,0.3,0.7,8,251.1,0
2018-09-09 17:15:01,5,56,23.4,52,23.0,1021.3,0.3,0.7,12,251.1,0
2018-09-09 17:20:01,5,56,23.4,52,22.9,1021.3,0.3,0.7,2,251.1,0
2018-09-09 17:25:01,5,56,23.4,52,22.9,1021.3,0.3,0.7,12,251.1,0
2018-09-09 17:30:01,5,56,23.4,52,22.7,1021.2,0.0,0.3,10,251.1,0
2018-09-09 17:35:01,5,55,23.4,52,22.6,1021.2,0.3,0.7,12,251.1,0
2018-09-09 17:40:01,5,55,23.4,52,22.4,1021.2,0.3,0.7,8,251.1,0
2018-09-09 17:45:01,5,55,23.4,53,22.2,1021.1,0.3,0.7,2,251.1,0
2018-09-09 17:50:01,5,55,23.4,52,22.1,1021.2,0.3,0.7,10,251.1,0
2018-09-09 17:55:01,5,55,23.4,53,22.0,1021.3,0.0,0.0,0,251.1,0
2018-09-09 18:00:01,5,55,23.4,54,21.8,1021.2,0.0,0.0,2,251.1,0
2018-09-09 18:05:01,5,55,23.4,54,21.8,1021.2,0.0,0.0,2,251.1,0
2018-09-09 18:10:01,5,54,23.5,55,21.5,1021.2,0.3,0.7,10,251.1,0
2018-09-09 18:15:01,5,54,23.5,55,21.3,1021.3,0.3,1.0,2,251.1,0
2018-09-09 18:20:01,5,54,23.5,55,21.1,1021.2,0.0,0.3,0,251.1,0
2018-09-09 18:25:01,5,53,23.4,56,21.0,1021.3,0.0,0.7,14,251.1,0
2018-09-09 18:30:01,5,54,23.4,57,20.9,1021.4,0.0,0.3,10,251.1,0
2018-09-09 18:35:01,5,54,23.4,58,20.7,1021.4,0.0,0.0,8,251.1,0
2018-09-09 18:40:01,5,54,23.4,58,20.7,1021.4,0.3,0.7,10,251.1,0
2018-09-09 18:45:01,5,54,23.4,59,20.7,1021.5,0.7,1.0,10,251.1,0
2018-09-09 18:50:01,5,55,23.4,59,20.8,1021.7,0.0,0.0,10,251.1,0
2018-09-09 18:55:01,5,55,23.4,60,20.7,1021.7,0.3,0.7,10,251.1,0
2018-09-09 19:00:01,5,55,23.4,60,20.7,1021.8,0.0,0.3,4,251.1,0
2018-09-09 19:05:01,5,55,23.3,60,20.6,1021.9,0.0,0.3,6,251.1,0
2018-09-09 19:10:01,5,55,23.3,60,20.5,1021.9,0.0,0.0,10,251.1,0
2018-09-09 19:15:01,5,55,23.3,61,20.4,1021.9,0.3,0.7,8,251.1,0
2018-09-09 19:20:01,5,55,23.3,61,20.3,1022.0,0.0,0.7,8,251.1,0
2018-09-09 19:25:01,5,55,23.3,62,20.3,1022.1,0.0,0.0,8,251.1,0
2018-09-09 19:30:01,5,55,23.2,62,20.3,1022.2,0.0,0.0,8,251.1,0
2018-09-09 19:35:01,5,55,23.2,62,20.3,1022.2,0.0,0.0,0,251.1,0
2018-09-09 19:40:01,5,56,23.1,63,20.3,1022.3,0.0,0.0,8,251.1,0
2018-09-09 19:45:01,5,56,23.2,63,20.3,1022.2,0.0,0.3,8,251.1,0
2018-09-09 19:50:01,5,56,23.2,64,20.4,1022.2,1.0,1.7,10,251.1,0
2018-09-09 19:55:01,5,56,23.1,64,20.4,1022.2,1.4,2.4,10,251.1,0
2018-09-09 20:00:01,5,56,23.1,65,20.4,1022.4,0.7,1.4,8,251.1,0
2018-09-09 20:05:00,5,56,23.1,65,20.4,1022.3,0.7,1.4,8,251.1,0
2018-09-09 20:10:00,5,57,23.1,66,20.3,1022.3,1.0,1.4,6,251.1,0
2018-09-09 20:15:00,5,57,23.1,66,20.3,1022.3,0.7,1.0,8,251.1,0
2018-09-09 20:20:00,5,57,23.1,67,20.0,1022.4,1.7,2.7,8,251.1,0
2018-09-09 20:25:00,5,57,23.1,68,20.0,1022.3,0.3,1.0,6,251.1,0
2018-09-09 20:30:00,5,57,23.1,70,20.0,1022.3,0.3,0.7,10,251.1,0
2018-09-09 20:35:00,5,57,23.1,71,19.8,1022.4,0.7,1.0,6,251.1,0
2018-09-09 20:40:00,5,57,23.1,71,19.7,1022.4,1.0,1.7,10,251.1,0
2018-09-09 20:45:00,5,57,23.1,73,19.5,1022.3,0.3,1.0,9,251.1,0
2018-09-09 20:50:00,5,58,23.1,73,19.4,1022.5,0.0,0.3,8,251.1,0
2018-09-09 20:55:00,5,58,23.1,73,19.3,1022.4,1.0,1.7,6,251.1,0
2018-09-09 21:00:00,5,58,23.0,74,19.2,1022.5,0.7,1.0,8,251.1,0
2018-09-09 21:05:00,5,58,23.0,75,19.1,1022.5,0.3,0.7,10,251.1,0
2018-09-09 21:10:00,5,58,23.0,75,19.1,1022.5,0.3,1.0,8,251.1,0
2018-09-09 21:15:00,5,59,23.0,76,19.1,1022.5,0.3,0.7,8,251.1,0
2018-09-09 21:20:00,5,59,23.0,76,19.0,1022.5,0.3,1.0,6,251.1,0
2018-09-09 21:25:00,5,59,23.0,77,18.9,1022.5,0.3,1.0,8,251.1,0
2018-09-09 21:30:00,5,59,23.0,77,18.9,1022.5,1.0,2.4,6,251.1,0
2018-09-09 21:35:00,5,59,23.0,77,18.9,1022.4,0.7,1.0,8,251.1,0
2018-09-09 21:40:00,5,59,23.0,77,18.9,1022.5,0.7,1.4,15,251.1,0
2018-09-09 21:45:00,5,59,23.0,76,18.9,1022.6,0.7,1.0,8,251.1,0
2018-09-09 21:50:00,5,60,23.0,75,18.9,1022.7,1.0,1.4,8,251.1,0
2018-09-09 21:55:00,5,60,23.0,73,19.0,1022.8,0.3,1.0,10,251.1,0
2018-09-09 22:00:00,5,59,22.9,72,19.0,1022.9,1.0,1.7,8,251.1,0
2018-09-09 22:05:00,5,59,22.9,72,19.0,1022.7,1.0,1.7,8,251.1,0
2018-09-09 22:10:00,5,59,22.9,70,19.1,1022.8,0.3,1.0,4,251.1,0
2018-09-09 22:15:00,5,59,22.9,70,19.1,1022.7,0.7,1.4,12,251.1,0
2018-09-09 22:20:00,5,58,22.9,70,19.0,1022.7,1.7,2.4,12,251.1,0
2018-09-09 22:25:00,5,59,22.9,71,19.0,1022.7,0.7,1.0,8,251.1,0
2018-09-09 22:30:00,5,59,22.9,72,18.9,1022.7,1.0,1.7,8,251.1,0
2018-09-09 22:35:00,5,59,22.9,73,18.8,1022.7,0.7,1.0,10,251.1,0
2018-09-09 22:40:00,5,59,22.9,73,18.7,1022.7,1.0,2.0,8,251.1,0
2018-09-09 22:45:00,5,59,22.9,74,18.6,1022.9,1.0,2.0,11,251.1,0
2018-09-09 22:50:00,5,59,22.9,75,18.5,1022.8,1.4,3.1,6,251.1,0
2018-09-09 22:55:00,5,59,22.8,75,18.4,1022.9,0.7,1.4,8,251.1,0
2018-09-09 23:00:00,5,59,22.8,76,18.3,1023.0,1.0,1.4,4,251.1,0
2018-09-09 23:05:00,5,59,22.7,76,18.3,1023.0,0.7,1.7,8,251.1,0
2018-09-09 23:10:00,5,59,22.7,77,18.2,1023.0,1.0,1.7,8,251.1,0
2018-09-09 23:15:00,5,59,22.7,78,18.1,1022.9,0.3,1.4,6,251.1,0
2018-09-09 23:20:00,5,59,22.7,78,18.1,1023.0,1.0,1.7,8,251.1,0
2018-09-09 23:25:00,5,59,22.7,79,18.0,1022.9,1.7,2.4,10,251.1,0
2018-09-09 23:30:00,5,59,22.6,79,17.9,1023.0,1.4,1.7,0,251.1,0
2018-09-09 23:35:00,5,59,22.6,80,17.8,1023.1,0.7,1.4,8,251.1,0
2018-09-09 23:40:00,5,59,22.6,80,17.8,1023.1,0,0,4,251.1,0
2018-09-09 23:45:00,5,59,22.6,81,17.7,1023.1,0.7,1.4,10,251.1,0
2018-09-09 23:50:00,5,59,22.6,82,17.7,1023.2,0.7,1.4,6,251.1,0
2018-09-09 23:55:00,5,59,22.5,83,17.7,1023.1,0.7,1.4,6,251.1,0
