2018-09-23 00:00:00,5,60,20.2,99,10.9,1021.0,0.0,0.0,0,264.0,0
2018-09-23 00:05:00,5,60,20.2,99,10.9,1021.2,0.0,0.0,0,264.0,0
2018-09-23 00:10:00,5,60,20.1,99,10.9,1021.2,0.0,0.0,0,264.0,0
2018-09-23 00:15:00,5,60,20.2,99,10.9,1021.2,0.0,0.0,0,264.0,0
2018-09-23 00:20:00,5,60,20.1,99,10.9,1021.1,0.0,0.0,2,264.0,0
2018-09-23 00:25:00,5,60,20.1,99,10.9,1021.0,0.0,0.0,2,264.0,0
2018-09-23 00:30:00,5,60,20.1,99,10.9,1021.2,0.0,0.0,4,264.0,0
2018-09-23 00:35:00,5,60,20.1,99,10.9,1021.2,0.0,0.3,0,264.0,0
2018-09-23 00:40:00,5,60,20.1,99,10.9,1021.2,0.0,0.0,1,264.0,0
2018-09-23 00:45:00,5,60,20.1,99,10.9,1021.0,0.0,0.0,8,264.0,0
2018-09-23 00:50:00,5,60,20.1,99,10.9,1021.2,0.0,0.0,2,264.0,0
2018-09-23 00:55:00,5,60,20.1,98,11.0,1020.9,0.0,0.0,2,264.0,0
2018-09-23 01:00:00,5,60,20.0,99,10.9,1020.7,0.0,0.0,12,264.0,0
2018-09-23 01:05:00,5,60,20.0,99,10.9,1020.6,0.0,0.0,14,264.0,0
2018-09-23 01:10:00,5,60,20.0,98,11.0,1020.5,0.0,0.0,0,264.0,0
2018-09-23 01:15:00,5,60,20.0,98,11.0,1020.5,0.0,0.0,0,264.0,0
2018-09-23 01:20:00,5,60,20.0,98,11.0,1020.6,0.0,0.0,12,264.0,0
2018-09-23 01:25:00,5,60,20.0,98,11.0,1020.7,0.0,0.0,2,264.0,0
2018-09-23 01:30:00,5,60,20.0,98,11.0,1020.4,0.0,0.0,0,264.0,0
2018-09-23 01:35:00,5,60,20.0,98,11.0,1020.3,0.0,0.0,0,264.0,0
2018-09-23 01:40:00,5,60,20.0,98,11.0,1020.4,0.0,0.0,2,264.0,0
2018-09-23 01:45:00,5,60,20.0,98,11.0,1020.2,0.0,0.0,2,264.0,0
2018-09-23 01:50:00,5,60,20.0,98,11.0,1020.1,0.0,0.3,2,264.0,0
2018-09-23 01:55:00,5,60,20.0,98,11.0,1020.2,0.0,0.0,0,264.0,0
2018-09-23 02:00:00,5,60,20.0,98,11.0,1020.1,0.0,0.7,8,264.0,0
2018-09-23 02:05:00,5,60,20.0,98,11.0,1020.1,0.0,0.7,8,264.0,0
2018-09-23 02:10:00,5,61,19.9,98,11.0,1020.1,0.0,0.7,0,264.0,0
2018-09-23 02:15:00,5,61,19.9,98,11.0,1020.2,0.7,1.4,8,264.0,0
2018-09-23 02:20:00,5,61,19.9,98,11.0,1020.0,0.3,0.7,4,264.0,0
2018-09-23 02:25:00,5,61,19.8,98,11.0,1020.0,0.0,0.3,2,264.0,0
2018-09-23 02:30:00,5,61,19.8,98,11.0,1020.0,0.0,0.0,0,264.0,0
2018-09-23 02:35:00,5,61,19.8,98,11.0,1019.9,0.0,0.0,0,264.0,0
2018-09-23 02:40:00,5,61,19.8,98,11.0,1019.8,0.0,0.0,10,264.0,0
2018-09-23 02:45:00,5,61,19.8,98,11.0,1019.9,0.0,0.0,4,264.0,0
2018-09-23 02:50:00,5,61,19.8,98,11.0,1019.8,0.0,0.0,2,264.0,0
2018-09-23 02:55:00,5,61,19.8,98,11.0,1019.8,0.0,0.7,12,264.0,0
2018-09-23 03:00:00,5,61,19.8,98,11.0,1019.5,0.0,0.0,14,264.0,0
2018-09-23 03:05:00,5,61,19.8,98,11.0,1019.7,0.0,0.0,0,264.0,0
2018-09-23 03:10:00,5,61,19.8,98,11.0,1019.5,0.0,0.7,2,264.0,0
2018-09-23 03:15:00,5,61,19.7,98,11.0,1019.3,0.0,0.0,0,264.0,0
2018-09-23 03:20:00,5,61,19.8,98,11.0,1019.2,0.0,0.0,0,264.0,0
2018-09-23 03:25:00,5,61,19.7,98,11.0,1018.8,0.0,0.0,0,264.0,0
2018-09-23 03:30:00,5,61,19.7,98,11.0,1018.8,0.0,0.7,12,264.0,0
2018-09-23 03:35:00,5,61,19.7,98,11.0,1018.9,0.0,0.0,12,264.0,0
2018-09-23 03:40:00,5,61,19.7,98,11.0,1019.0,0.0,0.0,14,264.0,0
2018-09-23 03:45:00,5,61,19.7,98,11.0,1019.3,0.0,0.0,2,264.0,0
2018-09-23 03:50:00,5,61,19.7,98,11.0,1019.3,0.0,0.3,14,264.0,0
2018-09-23 03:55:00,5,61,19.7,98,11.0,1019.3,0.0,0.0,12,264.0,0
2018-09-23 04:00:00,5,61,19.7,98,11.0,1019.1,0.0,0.0,12,264.0,0
2018-09-23 04:05:00,5,61,19.7,98,11.1,1019.2,0.0,0.0,14,264.0,0
2018-09-23 04:10:00,5,61,19.7,98,11.0,1019.2,0.0,0.0,6,264.0,0
2018-09-23 04:15:00,5,61,19.7,98,11.0,1018.8,0.0,0.0,0,264.0,0
2018-09-23 04:20:00,5,61,19.6,98,11.1,1018.7,0.0,0.7,4,264.0,0
2018-09-23 04:25:00,5,61,19.6,98,11.1,1018.9,0.3,0.7,6,264.0,0
2018-09-23 04:30:00,5,61,19.7,98,11.1,1018.9,0.0,0.0,12,264.0,0
2018-09-23 04:35:00,5,61,19.6,98,11.1,1018.7,0.0,0.0,0,264.0,0
2018-09-23 04:40:00,5,61,19.7,98,11.1,1018.9,0.0,0.0,0,264.0,0
2018-09-23 04:45:00,5,61,19.6,98,11.1,1019.2,0.0,0.0,12,264.0,0
2018-09-23 04:50:00,5,61,19.6,98,11.1,1019.1,0.0,0.0,4,264.0,0
2018-09-23 04:55:00,5,61,19.6,98,11.1,1018.9,0.0,0.0,6,264.0,0
2018-09-23 05:00:00,5,61,19.6,98,11.2,1018.7,0.0,0.0,0,264.0,0
2018-09-23 05:05:00,5,61,19.6,98,11.2,1018.7,0.0,0.0,4,264.0,0
2018-09-23 05:10:00,5,61,19.6,98,11.1,1018.7,0.7,1.4,0,264.0,0
2018-09-23 05:15:00,5,61,19.6,98,11.1,1018.8,0.0,1.0,15,264.0,0
2018-09-23 05:20:00,5,61,19.6,98,11.1,1018.8,0.0,0.0,4,264.0,0
2018-09-23 05:25:00,5,61,19.6,98,11.1,1018.8,0.0,0.3,14,264.0,0
2018-09-23 05:30:00,5,61,19.6,98,11.1,1019.0,0.0,0.0,6,264.0,0
2018-09-23 05:35:00,5,61,19.6,98,11.1,1018.9,0.0,0.0,4,264.0,0
2018-09-23 05:40:00,5,61,19.6,98,11.1,1018.8,0.0,0.0,2,264.0,0
2018-09-23 05:45:00,5,61,19.6,98,11.1,1018.9,0.0,0.0,14,264.0,0
2018-09-23 05:50:00,5,61,19.6,98,11.1,1018.8,0.0,0.3,8,264.0,0
2018-09-23 05:55:00,5,61,19.6,98,11.1,1018.9,0.3,1.4,4,264.0,0
2018-09-23 06:00:00,5,61,19.6,98,11.0,1019.1,0.0,0.0,14,264.0,0
2018-09-23 06:05:00,5,61,19.6,98,11.0,1019.1,0.0,0.0,14,264.0,0
2018-09-23 06:10:00,5,61,19.6,98,11.1,1019.0,0.3,1.0,0,264.0,0
2018-09-23 06:15:00,5,61,19.6,98,11.0,1018.8,0.3,1.4,4,264.0,0
2018-09-23 06:20:00,5,61,19.6,98,11.0,1018.9,0.0,0.7,0,264.0,0
2018-09-23 06:25:00,5,62,19.6,98,11.0,1019.0,0.0,0.0,2,264.0,0
2018-09-23 06:30:00,5,62,19.6,98,11.0,1018.9,0.0,0.0,0,264.0,0
2018-09-23 06:35:00,5,62,19.6,98,11.0,1018.8,0.0,0.0,0,264.0,0
2018-09-23 06:40:00,5,62,19.6,99,10.9,1018.5,0.0,0.0,0,264.0,0
2018-09-23 06:45:00,5,62,19.6,99,10.9,1018.6,0.0,0.0,4,264.0,0
2018-09-23 06:50:00,5,62,19.6,98,11.0,1018.6,0.0,0.0,14,264.0,0
2018-09-23 06:55:00,5,62,19.6,98,11.1,1018.5,0.0,0.0,2,264.0,0
2018-09-23 07:00:00,5,63,19.6,98,11.1,1018.6,0.0,0.0,6,264.0,0
2018-09-23 07:05:00,5,63,19.6,98,11.2,1018.7,0.0,0.3,0,264.0,0
2018-09-23 07:10:00,5,63,19.6,98,11.2,1018.6,0.0,0.0,4,264.0,0
2018-09-23 07:15:00,5,63,19.6,98,11.2,1018.5,0.0,0.3,2,264.0,0
2018-09-23 07:20:00,5,63,19.6,98,11.3,1018.6,0.0,0.0,4,264.0,0
2018-09-23 07:25:00,5,63,19.7,98,11.4,1018.6,0.0,0.0,2,264.0,0
2018-09-23 07:30:00,5,63,19.7,98,11.3,1018.5,0.0,0.0,14,264.0,0
2018-09-23 07:35:00,5,62,19.7,98,11.3,1018.7,0.0,0.0,2,264.0,0
2018-09-23 07:40:00,5,62,19.7,98,11.4,1018.3,0.0,0.0,4,264.0,0
2018-09-23 07:45:00,5,62,19.7,98,11.5,1018.4,0.0,0.7,2,264.0,0
2018-09-23 07:50:00,5,62,19.7,98,11.5,1018.2,0.0,0.0,6,264.0,0
2018-09-23 07:55:00,5,62,19.7,98,11.5,1017.9,0.0,0.7,6,264.0,0
2018-09-23 08:00:00,5,63,19.7,98,11.6,1017.9,0.0,0.7,8,264.0,0
2018-09-23 08:05:00,5,63,19.8,98,11.6,1017.9,0.0,0.7,8,264.0,0
2018-09-23 08:10:00,5,63,19.8,98,11.7,1018.0,0.7,1.4,14,264.0,0
2018-09-23 08:15:00,5,63,19.8,98,11.7,1018.0,0.0,0.0,2,264.0,0
2018-09-23 08:20:00,5,63,19.8,98,11.7,1017.9,0.0,0.0,8,264.0,0
2018-09-23 08:25:00,5,63,19.8,98,11.6,1017.7,0.0,0.7,6,264.0,0
2018-09-23 08:30:00,5,62,19.8,98,11.6,1017.5,0.0,0.0,4,264.0,0
2018-09-23 08:35:00,5,62,19.8,98,11.6,1017.5,0.0,0.7,10,264.0,0
2018-09-23 08:40:00,5,62,19.7,98,11.6,1017.7,0.0,1.0,14,264.0,0
2018-09-23 08:45:00,5,62,19.7,98,11.5,1017.5,0.3,1.4,12,264.0,0
2018-09-23 08:50:00,5,62,19.7,98,11.5,1017.7,0.3,0.7,14,264.0,0
2018-09-23 08:55:00,5,61,19.7,98,11.5,1017.7,0.3,1.7,6,264.0,0
2018-09-23 09:00:00,5,61,19.7,98,11.5,1017.6,0.0,0.0,12,264.0,0
2018-09-23 09:05:00,5,61,19.7,98,11.6,1017.6,0.0,0.3,12,264.0,0
2018-09-23 09:10:00,5,61,19.7,98,11.6,1017.6,0.3,1.0,0,264.3,0
2018-09-23 09:15:00,5,61,19.7,98,11.6,1017.7,0.3,0.7,2,264.3,0
2018-09-23 09:20:00,5,61,19.7,98,11.7,1018.1,0.0,0.0,14,264.6,0
2018-09-23 09:25:00,5,62,19.7,98,11.6,1018.2,0.0,0.0,0,264.6,0
2018-09-23 09:30:00,5,62,19.7,98,11.6,1017.9,0.3,1.4,2,264.6,0
2018-09-23 09:35:00,5,62,19.7,98,11.5,1017.8,0.3,1.0,0,264.9,0
2018-09-23 09:40:00,5,62,19.7,98,11.5,1017.7,0.7,1.0,6,265.2,0
2018-09-23 09:45:00,5,62,19.7,98,11.5,1017.5,0.0,0.0,2,265.5,0
2018-09-23 09:50:00,5,62,19.7,98,11.5,1017.6,0.3,1.0,2,265.8,0
2018-09-23 09:55:00,5,62,19.7,98,11.4,1017.8,0.3,1.0,4,265.8,0
2018-09-23 10:00:00,5,62,19.6,98,11.4,1018.1,0.3,1.4,10,266.1,0
2018-09-23 10:05:00,5,62,19.6,98,11.4,1019.1,0.3,1.4,10,266.1,0
2018-09-23 10:10:00,5,62,19.6,98,11.3,1019.0,1.4,2.0,14,266.4,0
2018-09-23 10:15:00,5,62,19.6,98,11.3,1017.8,0.7,1.0,4,266.7,0
2018-09-23 10:20:00,5,62,19.6,98,11.3,1017.4,0.7,1.4,8,267.3,0
2018-09-23 10:25:00,5,62,19.7,98,11.3,1017.7,0.7,1.4,0,267.3,0
2018-09-23 10:30:00,5,63,19.8,98,11.3,1018.0,0.3,0.7,14,267.6,0
2018-09-23 10:35:00,5,63,20.1,98,11.2,1017.9,0.7,1.7,14,267.9,0
2018-09-23 10:40:00,5,64,20.4,98,11.1,1017.6,1.0,1.4,2,268.2,0
2018-09-23 10:45:00,5,64,20.7,98,11.1,1017.2,0.3,1.0,2,268.2,0
2018-09-23 10:50:00,5,63,21.1,98,11.1,1016.7,0.3,1.0,0,268.5,0
2018-09-23 10:55:00,5,61,21.3,98,11.0,1016.5,1.0,1.4,2,268.5,0
2018-09-23 11:00:00,5,60,21.5,98,11.0,1016.1,1.0,1.4,0,268.8,0
2018-09-23 11:05:00,5,59,21.7,98,11.0,1015.5,0.3,0.7,4,269.1,0
2018-09-23 11:10:00,5,59,21.8,99,10.9,1015.7,0.0,0.3,0,269.7,0
2018-09-23 11:15:00,5,59,21.8,99,10.9,1015.4,1.0,1.7,2,270.0,0
2018-09-23 11:20:00,5,59,21.9,99,10.9,1015.6,0.3,0.7,4,270.0,0
2018-09-23 11:25:00,5,59,21.9,98,11.0,1016.1,0.7,1.4,2,270.3,0
2018-09-23 11:30:00,5,58,22.0,99,10.9,1015.6,0.7,1.4,14,270.6,0
2018-09-23 11:35:00,5,58,22.1,99,10.9,1015.6,0.7,1.4,0,270.6,0
2018-09-23 11:40:00,5,59,22.0,98,11.0,1015.7,0.7,1.0,4,270.9,0
2018-09-23 11:45:00,5,59,22.0,98,11.0,1015.9,1.4,1.7,4,270.9,0
2018-09-23 11:50:00,5,60,22.0,98,11.0,1015.7,0.3,1.0,0,271.2,0
2018-09-23 11:55:00,5,60,22.0,98,11.0,1015.4,0.7,1.0,0,271.5,0
2018-09-23 12:00:00,5,61,22.0,98,11.0,1015.6,0.7,1.4,4,271.8,0
2018-09-23 12:05:00,5,61,22.0,99,10.9,1015.5,1.0,1.7,2,271.8,0
2018-09-23 12:10:00,5,61,22.0,99,10.9,1015.4,1.0,1.4,12,272.1,0
2018-09-23 12:15:00,5,62,22.0,99,10.9,1015.5,0.7,1.0,12,272.4,0
2018-09-23 12:20:00,5,63,21.9,99,10.9,1015.5,0.7,1.0,0,272.4,0
2018-09-23 12:25:00,5,63,21.9,99,10.9,1015.6,0.7,1.4,4,272.4,0
2018-09-23 12:30:00,5,64,21.9,99,10.9,1015.8,0.7,1.4,0,272.7,0
2018-09-23 12:35:00,5,64,21.9,99,10.9,1015.8,0.7,2.0,8,272.7,0
2018-09-23 12:40:00,5,64,21.9,99,10.9,1015.8,0.7,1.4,6,272.7,0
2018-09-23 12:45:00,5,64,21.9,98,11.0,1016.2,1.0,1.4,0,273.0,0
2018-09-23 12:50:00,5,63,21.9,98,11.0,1016.5,1.0,1.4,2,273.0,0
2018-09-23 12:55:00,5,62,21.8,98,11.0,1016.8,0.3,0.7,14,273.0,0
2018-09-23 13:00:00,5,61,21.8,98,11.0,1017.1,1.4,2.0,4,273.0,0
2018-09-23 13:05:00,5,61,21.7,98,11.0,1017.1,0.7,1.4,2,273.3,0
2018-09-23 13:10:00,5,61,21.7,98,11.0,1016.9,1.4,2.0,0,273.3,0
2018-09-23 13:15:00,5,61,21.7,98,11.1,1016.8,1.0,1.4,0,273.3,0
2018-09-23 13:20:00,5,61,21.6,98,11.1,1016.9,1.4,2.7,10,273.6,0
2018-09-23 13:25:00,5,61,21.6,99,10.9,1017.4,1.4,1.7,0,273.6,0
2018-09-23 13:30:00,5,61,21.6,99,10.6,1017.5,2.0,2.7,2,273.6,0
2018-09-23 13:35:00,5,60,21.5,99,10.5,1017.7,1.4,2.7,4,273.9,0
2018-09-23 13:40:00,5,60,21.5,99,10.4,1017.7,2.4,3.7,2,273.9,0
2018-09-23 13:45:00,5,60,21.5,99,10.5,1017.8,1.4,2.7,13,274.2,0
2018-09-23 13:50:00,5,60,21.5,99,10.7,1018.0,0.7,2.0,1,274.2,0
2018-09-23 13:55:00,5,60,21.5,99,10.7,1017.9,0.7,1.4,0,274.2,0
2018-09-23 14:00:00,5,60,21.5,99,10.6,1017.9,1.0,1.7,14,274.2,0
2018-09-23 14:05:00,5,60,21.6,99,10.6,1017.9,1.0,1.7,14,274.2,0
2018-09-23 14:10:00,5,60,21.6,98,11.0,1018.2,1.4,2.0,4,274.2,0
2018-09-23 14:15:00,5,60,21.6,98,11.3,1018.1,1.0,1.7,2,274.2,0
2018-09-23 14:20:00,5,60,21.6,98,11.7,1018.1,1.4,2.4,10,274.2,0
2018-09-23 14:25:00,5,60,21.7,96,11.9,1018.1,1.4,2.4,8,274.2,0
2018-09-23 14:30:00,5,60,21.7,94,11.8,1018.2,1.0,1.7,0,274.2,0
2018-09-23 14:35:00,5,60,21.8,92,11.8,1018.4,2.4,4.1,14,274.2,0
2018-09-23 14:40:00,5,60,21.8,90,11.5,1018.5,1.7,2.0,0,274.2,0
2018-09-23 14:45:00,5,59,21.8,88,11.3,1018.7,0.7,1.4,0,274.2,0
2018-09-23 14:50:00,5,59,21.8,88,11.2,1018.9,1.7,2.7,12,274.2,0
2018-09-23 14:55:00,5,59,21.7,87,11.2,1019.1,1.0,2.0,14,274.2,0
2018-09-23 15:00:00,5,59,21.7,87,11.1,1019.3,0.3,1.0,6,274.2,0
2018-09-23 15:05:00,5,59,21.7,87,11.1,1019.4,1.4,2.0,5,274.2,0
2018-09-23 15:10:00,5,59,21.7,87,11.1,1019.6,1.4,2.0,1,274.2,0
2018-09-23 15:15:00,5,58,21.6,87,11.0,1019.6,1.4,2.7,0,274.2,0
2018-09-23 15:20:00,5,58,21.5,88,10.9,1019.8,1.4,2.4,0,274.2,0
2018-09-23 15:25:00,5,58,21.5,87,10.9,1020.1,0.7,1.4,13,274.2,0
2018-09-23 15:30:00,5,58,21.4,87,10.8,1020.2,1.4,3.1,0,274.2,0
2018-09-23 15:35:00,5,58,21.3,86,10.8,1020.2,0.3,1.0,14,274.2,0
2018-09-23 15:40:00,5,59,21.3,85,10.9,1020.7,0.7,1.7,6,274.2,0
2018-09-23 15:45:00,5,59,21.3,85,10.9,1020.8,0.7,1.4,0,274.2,0
2018-09-23 15:50:00,5,59,21.3,86,10.9,1021.0,0.3,0.7,14,274.2,0
2018-09-23 15:55:00,5,59,21.2,86,10.9,1021.1,0.3,1.0,0,274.2,0
2018-09-23 16:00:00,5,59,21.3,86,10.8,1021.2,0.7,1.0,2,274.2,0
2018-09-23 16:05:00,5,60,21.3,86,10.8,1021.2,0.3,0.7,2,274.2,0
2018-09-23 16:10:00,5,60,21.5,87,10.7,1021.2,0.3,0.7,2,274.2,0
2018-09-23 16:15:00,5,60,21.5,87,10.7,1021.3,0.7,1.0,2,274.5,0
2018-09-23 16:20:00,5,60,21.6,88,10.6,1021.3,0.0,0.7,2,274.5,0
2018-09-23 16:25:00,5,61,21.6,89,10.6,1021.4,0.0,0.3,4,274.5,0
2018-09-23 16:30:00,5,61,21.7,89,10.6,1021.6,0.3,0.7,2,274.5,0
2018-09-23 16:35:00,5,61,21.7,90,10.5,1021.6,0.7,1.0,8,274.5,0
2018-09-23 16:40:00,5,61,21.7,90,10.5,1021.7,0.3,0.7,8,274.5,0
2018-09-23 16:45:00,5,61,21.7,91,10.5,1021.8,0.3,0.7,8,274.5,0
2018-09-23 16:50:00,5,62,21.7,91,10.5,1021.9,0.0,0.3,4,274.5,0
2018-09-23 16:55:00,5,63,21.7,91,10.6,1022.1,0.0,0.7,6,274.8,0
2018-09-23 17:00:00,5,63,21.7,92,10.6,1022.2,0.3,0.7,2,274.8,0
2018-09-23 17:05:00,5,62,21.7,92,10.6,1022.2,0.0,0.3,10,274.8,0
2018-09-23 17:10:00,5,62,21.7,92,10.6,1022.4,0.0,0.7,0,274.8,0
2018-09-23 17:15:00,5,62,21.7,93,10.6,1022.6,0.0,0.0,12,274.8,0
2018-09-23 17:20:00,5,62,21.6,93,10.6,1022.6,0.0,0.3,8,274.8,0
2018-09-23 17:25:00,5,62,21.6,93,10.6,1022.8,0.7,1.0,4,274.8,0
2018-09-23 17:30:00,5,62,21.6,93,10.6,1022.8,0.0,0.7,2,274.8,0
2018-09-23 17:35:00,5,62,21.5,94,10.6,1023.0,0.0,0.0,8,274.8,0
2018-09-23 17:40:00,5,62,21.5,94,10.6,1023.3,0.0,0.0,8,274.8,0
2018-09-23 17:45:00,5,62,21.5,94,10.6,1023.5,0.3,0.7,4,275.1,0
2018-09-23 17:50:00,5,62,21.4,94,10.6,1023.7,0.0,0.7,4,275.1,0
2018-09-23 17:55:00,5,63,21.3,95,10.6,1023.7,1.0,1.4,8,275.4,0
2018-09-23 18:00:00,5,63,21.3,95,10.6,1023.8,0.3,0.7,8,275.7,0
2018-09-23 18:05:00,5,63,21.3,95,10.6,1024.3,0.3,0.7,8,275.7,0
2018-09-23 18:10:00,5,63,21.3,95,10.5,1024.5,0.0,0.0,0,276.3,0
2018-09-23 18:15:00,5,63,21.3,95,10.5,1024.6,1.4,2.4,2,276.6,0
2018-09-23 18:20:00,5,63,21.2,96,10.4,1024.7,0.3,0.7,0,276.6,0
2018-09-23 18:25:00,5,63,21.2,96,10.3,1024.8,0.0,0.0,14,276.6,0
2018-09-23 18:30:00,5,63,21.2,96,10.3,1025.0,0.0,0.0,2,276.6,0
2018-09-23 18:35:00,5,64,21.2,96,10.2,1025.2,0.3,0.7,4,276.6,0
2018-09-23 18:40:00,5,64,21.2,96,10.1,1025.2,0.7,1.0,2,276.6,0
2018-09-23 18:45:00,5,64,21.3,96,10.0,1025.3,0.3,0.7,2,276.6,0
2018-09-23 18:50:00,5,64,21.3,97,9.9,1025.6,0.0,0.0,4,276.6,0
2018-09-23 18:55:00,5,64,21.3,97,9.9,1025.6,0.0,0.0,2,276.6,0
2018-09-23 19:00:00,5,64,21.3,97,9.9,1025.8,0.0,0.0,0,276.6,0
2018-09-23 19:05:00,5,64,21.3,97,9.9,1025.8,0.0,0.0,0,276.6,0
2018-09-23 19:10:00,5,64,21.3,97,9.9,1026.0,0.0,0.0,0,276.6,0
2018-09-23 19:15:00,5,64,21.3,97,9.9,1026.2,0.0,0.0,0,276.6,0
2018-09-23 19:20:00,5,64,21.3,97,9.9,1026.3,0.0,0.0,0,276.6,0
2018-09-23 19:25:00,5,64,21.3,97,9.8,1026.5,0.0,0.0,0,276.6,0
2018-09-23 19:30:00,5,64,21.3,98,9.9,1026.5,0.0,0.0,12,276.6,0
2018-09-23 19:35:00,5,63,21.3,98,9.9,1026.7,0.0,0.0,2,276.6,0
2018-09-23 19:40:00,5,63,21.3,97,10.0,1026.9,0.0,0.0,2,276.6,0
2018-09-23 19:45:00,5,62,21.3,97,10.0,1027.1,0.0,0.0,0,276.6,0
2018-09-23 19:50:00,5,61,21.3,97,10.0,1027.1,0.0,0.7,6,276.6,0
2018-09-23 19:55:00,5,61,21.2,97,10.0,1027.3,0.0,0.3,4,276.6,0
2018-09-23 20:00:00,5,61,21.2,98,9.9,1027.7,0.0,0.0,2,276.6,0
2018-09-23 20:05:00,5,61,21.1,98,9.8,1027.6,0.0,0.0,8,276.9,0
2018-09-23 20:10:00,5,61,21.1,98,9.6,1027.7,0.0,0.0,8,276.9,0
2018-09-23 20:15:00,5,61,21.1,98,9.5,1027.9,0.0,0.0,8,276.9,0
2018-09-23 20:20:00,5,60,21.0,98,9.3,1028.0,0.0,0.0,4,276.9,0
2018-09-23 20:25:00,5,60,21.0,98,9.3,1028.1,0.0,0.0,10,276.9,0
2018-09-23 20:30:00,5,60,21.0,98,9.2,1028.6,0.0,0.0,10,276.9,0
2018-09-23 20:35:00,5,61,20.9,98,9.2,1028.7,0.0,0.0,2,276.9,0
2018-09-23 20:40:00,5,61,20.9,98,9.3,1028.7,0.0,0.0,12,276.9,0
2018-09-23 20:45:00,5,61,20.8,98,9.2,1028.9,0.0,0.0,8,276.9,0
2018-09-23 20:50:00,5,61,20.7,98,9.1,1028.9,0.0,0.0,10,276.9,0
2018-09-23 20:55:00,5,61,20.7,98,9.1,1029.0,0.0,0.0,8,276.9,0
2018-09-23 21:00:00,5,61,20.7,98,9.1,1029.2,0.0,0.0,6,276.9,0
2018-09-23 21:05:00,5,61,20.6,98,9.1,1029.4,0.0,0.0,8,276.9,0
2018-09-23 21:10:00,5,61,20.6,98,9.1,1029.6,0.0,0.0,8,276.9,0
2018-09-23 21:15:00,5,61,20.6,98,9.1,1029.8,0.0,0.0,9,276.9,0
2018-09-23 21:20:00,5,61,20.6,98,9.2,1029.8,0.3,0.7,8,276.9,0
2018-09-23 21:25:00,5,61,20.5,98,9.3,1030.0,0.3,0.7,8,276.9,0
2018-09-23 21:30:00,5,61,20.5,99,9.3,1030.6,0.0,0.0,8,276.9,0
2018-09-23 21:35:00,5,61,20.5,99,9.5,1030.4,0.7,1.7,4,276.9,0
2018-09-23 21:40:00,5,61,20.5,99,9.7,1030.5,0.3,0.7,11,276.9,0
2018-09-23 21:45:00,5,61,20.5,99,9.7,1030.7,0.0,0.0,8,276.9,0
2018-09-23 21:50:00,5,59,20.5,99,9.5,1030.8,0.0,0.0,8,276.9,0
2018-09-23 21:55:00,5,59,20.4,99,9.5,1030.8,0.0,0.3,8,276.9,0
2018-09-23 22:00:00,5,59,20.4,99,9.3,1031.0,0.0,0.0,8,276.9,0
2018-09-23 22:05:00,5,58,20.4,99,9.3,1031.0,0.0,0.0,8,276.9,0
2018-09-23 22:10:00,5,58,20.4,99,9.1,1031.2,0.0,0.0,8,276.9,0
2018-09-23 22:15:00,5,58,20.4,99,9.0,1031.3,0.0,0.0,10,276.9,0
2018-09-23 22:20:00,5,57,20.4,99,8.9,1031.6,0.0,0.0,2,276.9,0
2018-09-23 22:25:00,5,57,20.4,99,9.0,1031.6,0.3,0.7,10,276.9,0
2018-09-23 22:30:00,5,57,20.4,99,9.2,1031.7,0.3,1.0,2,276.9,0
2018-09-23 22:35:00,5,57,20.4,99,9.3,1031.8,0.0,0.0,4,276.9,0
2018-09-23 22:40:00,5,57,20.4,99,9.3,1031.7,0.0,0.7,8,276.9,0
2018-09-23 22:45:00,5,57,20.3,99,9.2,1031.8,0.0,0.0,6,276.9,0
2018-09-23 22:50:00,5,57,20.3,99,9.0,1031.9,0.0,0.0,6,276.9,0
2018-09-23 22:55:00,5,57,20.3,99,8.9,1032.0,0.0,0.0,9,276.9,0
2018-09-23 23:00:00,5,57,20.2,99,8.7,1032.2,0.0,0.0,10,276.9,0
2018-09-23 23:05:00,5,57,20.2,99,8.7,1032.5,0,0,10,276.9,0
2018-09-23 23:10:00,5,57,20.1,99,8.7,1032.9,0.7,1.4,0,276.9,0
2018-09-23 23:15:00,5,57,20.1,99,8.9,1033.0,1.0,1.7,0,277.2,0
2018-09-23 23:20:00,5,57,20.0,98,9.0,1032.6,0,0.3,8,277.5,0
2018-09-23 23:25:00,5,57,20.0,98,9.1,1032.7,0.3,0.7,8,277.5,0
2018-09-23 23:30:00,5,58,19.9,98,9.0,1033.0,0,0.7,8,277.5,0
2018-09-23 23:35:00,5,58,19.8,99,8.9,1032.9,0,0,8,277.5,0
2018-09-23 23:40:00,5,58,19.8,99,8.8,1033.1,0,0,8,277.5,0
2018-09-23 23:45:00,5,58,19.8,98,8.6,1033.2,0,0,8,277.5,0
2018-09-23 23:50:00,5,58,19.8,98,8.4,1033.3,0,0,8,277.5,0
2018-09-23 23:55:00,5,58,19.7,98,8.3,1033.4,0,0,8,277.5,0
