2018-09-24 00:00:00,5,58,19.7,98,8.2,1033.7,0.3,0.7,8,277.5,0
2018-09-24 00:05:00,5,58,19.7,98,8.2,1033.7,0.3,0.7,8,277.5,0
2018-09-24 00:10:00,5,58,19.6,98,8.1,1034.1,0.0,0.0,10,277.5,0
2018-09-24 00:15:00,5,58,19.6,98,8.1,1034.3,0.0,0.0,0,277.5,0
2018-09-24 00:20:00,5,58,19.6,98,8.2,1034.3,0.0,0.0,2,277.5,0
2018-09-24 00:25:00,5,58,19.6,98,8.3,1034.5,0.0,0.0,8,277.5,0
2018-09-24 00:30:00,5,58,19.5,98,8.3,1034.6,0.0,0.0,8,277.5,0
2018-09-24 00:35:00,5,58,19.5,98,8.2,1034.6,0.0,0.0,8,277.5,0
2018-09-24 00:40:00,5,58,19.5,98,8.1,1034.8,0.0,0.0,8,277.5,0
2018-09-24 00:45:00,5,58,19.5,98,8.0,1035.0,0.0,0.0,8,277.5,0
2018-09-24 00:50:00,5,58,19.5,97,7.9,1035.1,0.0,0.0,8,277.5,0
2018-09-24 00:55:00,5,58,19.4,97,7.9,1035.5,0.0,0.0,2,277.5,0
2018-09-24 01:00:00,5,58,19.3,99,8.2,1035.3,0.0,0.3,2,277.8,0
2018-09-24 01:05:00,5,58,19.3,99,8.3,1035.4,0.0,0.0,8,277.8,0
2018-09-24 01:10:00,5,58,19.3,99,8.3,1035.4,0.0,0.0,8,277.8,0
2018-09-24 01:15:00,5,58,19.3,99,8.3,1035.4,0.3,1.0,6,277.8,0
2018-09-24 01:20:00,5,58,19.3,99,8.3,1035.6,0.0,0.0,6,277.8,0
2018-09-24 01:25:00,5,58,19.3,99,8.2,1035.5,0.0,0.0,8,277.8,0
2018-09-24 01:30:00,5,58,19.2,99,8.2,1035.6,0.0,0.0,8,277.8,0
2018-09-24 01:35:00,5,58,19.2,99,8.0,1035.7,0.0,0.0,8,277.8,0
2018-09-24 01:40:00,5,58,19.2,97,7.9,1035.8,0.0,0.0,0,277.8,0
2018-09-24 01:45:00,5,58,19.2,97,7.9,1035.8,0.0,0.0,0,277.8,0
2018-09-24 01:50:00,5,58,19.2,97,7.8,1035.8,0.0,0.0,8,277.8,0
2018-09-24 01:55:00,5,58,19.2,97,7.7,1035.9,0.0,0.0,8,277.8,0
2018-09-24 02:00:00,5,58,19.2,97,7.5,1036.0,0.0,0.0,8,277.8,0
2018-09-24 02:05:00,5,58,19.1,97,7.5,1036.1,0.0,0.0,8,277.8,0
2018-09-24 02:10:00,5,58,19.1,97,7.5,1036.2,0.0,0.0,10,277.8,0
2018-09-24 02:15:00,5,58,19.1,97,7.5,1036.2,0.0,0.0,10,277.8,0
2018-09-24 02:20:00,5,58,19.1,97,7.4,1036.1,0.0,0.0,8,277.8,0
2018-09-24 02:25:00,5,58,19.1,97,7.3,1036.2,0.0,0.0,8,277.8,0
2018-09-24 02:30:00,5,58,19.1,97,7.3,1036.2,0.0,0.0,8,277.8,0
2018-09-24 02:35:00,5,59,19.1,97,7.2,1036.3,0.0,0.0,8,277.8,0
2018-09-24 02:40:00,5,58,19.0,97,7.3,1036.6,0.0,0.0,0,277.8,0
2018-09-24 02:45:00,5,59,19.0,97,7.3,1036.7,0.0,0.0,14,277.8,0
2018-09-24 02:50:00,5,58,19.0,97,7.5,1036.9,0.0,0.0,1,277.8,0
2018-09-24 02:55:00,5,59,19.0,97,7.5,1036.9,0.0,0.0,0,277.8,0
2018-09-24 03:00:00,5,58,19.0,97,7.6,1037.1,0.0,0.0,4,277.8,0
2018-09-24 03:05:00,5,59,19.0,97,7.5,1037.2,0.0,0.0,4,277.8,0
2018-09-24 03:10:00,5,59,19.0,97,7.5,1037.3,0.0,0.0,10,277.8,0
2018-09-24 03:15:00,5,59,19.0,97,7.4,1037.3,0.0,0.0,10,277.8,0
2018-09-24 03:20:00,5,60,18.9,97,7.3,1037.3,0.0,0.0,8,277.8,0
2018-09-24 03:25:00,5,60,18.9,97,7.2,1037.3,0.0,0.0,8,277.8,0
2018-09-24 03:30:00,5,60,18.8,97,7.1,1037.2,0.0,0.0,8,277.8,0
2018-09-24 03:35:00,5,60,18.8,97,7.1,1037.3,0.0,0.0,8,277.8,0
2018-09-24 03:40:00,5,60,18.8,97,7.0,1037.5,0.0,0.0,0,277.8,0
2018-09-24 03:45:00,5,60,18.8,97,7.0,1037.6,0.0,0.0,0,277.8,0
2018-09-24 03:50:00,5,60,18.8,98,6.8,1037.5,0.0,0.0,0,277.8,0
2018-09-24 03:55:00,5,60,18.8,97,7.0,1037.7,0.0,0.0,8,277.8,0
2018-09-24 04:00:00,5,60,18.7,98,6.8,1037.9,0.0,0.0,8,277.8,0
2018-09-24 04:05:00,5,60,18.7,98,6.8,1038.1,0.0,0.0,8,277.8,0
2018-09-24 04:10:00,5,60,18.6,98,6.8,1038.1,0.0,0.0,8,277.8,0
2018-09-24 04:15:00,5,60,18.6,97,7.0,1038.2,0.0,0.0,4,277.8,0
2018-09-24 04:20:00,5,60,18.6,97,7.4,1038.2,2.0,4.4,10,277.8,0
2018-09-24 04:25:00,5,60,18.6,97,7.9,1038.0,0.0,0.0,0,278.1,0
2018-09-24 04:30:00,5,60,18.6,99,8.0,1038.1,0.0,0.0,0,278.1,0
2018-09-24 04:35:00,5,60,18.6,99,8.1,1038.2,0.0,0.0,0,278.1,0
2018-09-24 04:40:00,5,60,18.5,99,8.0,1038.4,0.0,0.0,8,278.1,0
2018-09-24 04:45:00,5,60,18.6,99,8.0,1038.5,0.0,0.0,10,278.1,0
2018-09-24 04:50:00,5,61,18.6,99,8.1,1038.7,0.0,0.0,8,278.1,0
2018-09-24 04:55:00,5,61,18.6,99,8.1,1038.6,0.0,0.0,2,278.1,0
2018-09-24 05:00:00,5,61,18.6,99,8.1,1038.7,0.0,0.0,2,278.1,0
2018-09-24 05:05:00,5,62,18.6,99,8.1,1038.9,0.0,0.0,6,278.1,0
2018-09-24 05:10:00,5,63,18.6,99,8.1,1038.7,0.0,0.0,10,278.1,0
2018-09-24 05:15:00,5,63,18.6,99,8.1,1038.7,0.0,0.0,8,278.1,0
2018-09-24 05:20:00,5,63,18.7,97,7.9,1038.6,0.0,0.0,8,278.1,0
2018-09-24 05:25:00,5,63,18.7,97,7.9,1038.7,0.0,0.0,8,278.1,0
2018-09-24 05:30:00,5,64,18.8,97,7.8,1038.6,0.0,0.0,8,278.1,0
2018-09-24 05:35:00,5,63,18.8,97,7.7,1038.6,0.0,0.0,8,278.1,0
2018-09-24 05:40:00,5,63,18.9,97,7.5,1038.5,0.0,0.0,8,278.1,0
2018-09-24 05:45:00,5,63,18.9,97,7.4,1038.4,0.0,0.0,8,278.1,0
2018-09-24 05:50:00,5,63,18.9,97,7.3,1038.4,0.0,0.0,8,278.1,0
2018-09-24 05:55:00,5,61,19.0,97,7.3,1038.6,0.0,0.0,8,278.1,0
2018-09-24 06:00:00,5,61,19.0,97,7.4,1038.7,0.0,0.0,8,278.1,0
2018-09-24 06:05:00,5,61,19.0,97,7.4,1038.8,0.0,0.0,8,278.1,0
2018-09-24 06:10:00,5,61,19.1,97,7.9,1039.1,0.0,0.7,4,278.1,0
2018-09-24 06:15:00,5,61,19.2,99,8.4,1039.0,0.7,1.4,12,278.4,0
2018-09-24 06:20:00,5,60,19.2,99,8.5,1038.9,0.0,0.3,8,278.4,0
2018-09-24 06:25:00,5,60,19.2,99,8.6,1039.2,0.0,0.0,2,278.4,0
2018-09-24 06:30:00,5,60,19.1,99,8.7,1039.4,0.0,0.7,0,278.4,0
2018-09-24 06:35:00,5,61,19.2,99,9.2,1039.5,0.0,0.0,0,278.4,0
2018-09-24 06:40:00,5,61,19.5,99,10.9,1039.1,0.7,1.0,8,278.4,0
2018-09-24 06:45:00,5,62,19.9,98,11.4,1038.7,0.0,0.7,6,278.4,0
2018-09-24 06:50:00,5,60,20.1,98,11.0,1038.5,0.3,0.7,8,278.4,0
2018-09-24 06:55:00,5,59,20.2,99,10.6,1038.6,0.0,0.0,8,278.4,0
2018-09-24 07:00:00,5,58,20.1,99,10.4,1038.8,0.0,0.0,4,278.4,0
2018-09-24 07:05:00,5,58,20.1,99,10.3,1038.9,0.0,0.0,8,278.4,0
2018-09-24 07:10:00,5,59,20.3,98,11.1,1038.6,0.0,0.7,10,278.4,0
2018-09-24 07:15:00,5,59,20.6,97,12.1,1038.3,0.3,0.7,9,278.4,0
2018-09-24 07:20:00,5,58,21.1,97,12.7,1038.1,0.0,0.3,6,278.4,0
2018-09-24 07:25:00,5,57,21.3,97,13.2,1037.9,0.3,1.0,6,278.4,0
2018-09-24 07:30:00,5,55,21.3,96,12.4,1037.9,0.7,1.0,8,278.4,0
2018-09-24 07:35:00,5,55,21.4,94,12.1,1038.0,0.0,0.7,4,278.4,0
2018-09-24 07:40:00,5,55,21.3,91,12.0,1038.0,1.4,1.7,13,278.4,0
2018-09-24 07:45:00,5,54,21.2,90,11.5,1038.4,0.0,0.3,4,278.4,0
2018-09-24 07:50:00,5,54,21.2,88,11.3,1038.4,0.3,1.0,8,278.4,0
2018-09-24 07:55:00,5,54,21.2,87,12.1,1038.3,0.0,0.3,2,278.4,0
2018-09-24 08:00:00,5,55,21.4,87,13.7,1038.2,0.0,0.7,4,278.4,0
2018-09-24 08:05:00,5,54,21.5,87,13.7,1038.1,0.0,0.7,4,278.4,0
2018-09-24 08:10:00,5,54,21.7,84,14.8,1038.1,0.0,0.7,4,278.4,0
2018-09-24 08:15:00,5,54,21.9,81,16.0,1037.9,0.3,1.0,0,278.4,0
2018-09-24 08:20:00,5,52,22.2,75,16.4,1037.5,0.3,0.7,6,278.4,0
2018-09-24 08:25:00,5,52,22.5,72,16.6,1037.5,0.7,1.0,8,278.4,0
2018-09-24 08:30:00,5,51,22.4,70,15.6,1037.6,0.3,1.0,2,278.4,0
2018-09-24 08:35:00,5,51,22.3,70,14.8,1037.7,0.7,1.0,6,278.4,0
2018-09-24 08:40:00,5,51,22.1,72,13.8,1038.0,0.0,0.0,0,278.4,0
2018-09-24 08:45:00,5,51,22.1,73,14.5,1038.1,0.0,0.0,6,278.4,0
2018-09-24 08:50:00,5,51,22.1,72,15.0,1038.2,0.0,0.0,2,278.4,0
2018-09-24 08:55:00,5,51,22.1,72,15.5,1038.2,0.0,0.0,6,278.4,0
2018-09-24 09:00:00,5,51,22.0,68,15.1,1038.5,0.7,1.0,2,278.4,0
2018-09-24 09:05:00,5,52,21.9,71,14.5,1038.6,0.3,1.4,6,278.4,0
2018-09-24 09:10:00,5,52,21.8,71,14.2,1038.7,0.3,0.7,14,278.4,0
2018-09-24 09:15:00,5,52,21.7,72,14.3,1038.8,0.7,1.4,4,278.4,0
2018-09-24 09:20:00,5,52,21.7,72,14.4,1039.0,2.7,4.1,14,278.4,0
2018-09-24 09:25:00,5,52,21.6,71,14.0,1039.0,0.3,0.7,14,278.4,0
2018-09-24 09:30:00,5,52,21.5,68,13.9,1039.1,1.4,2.0,2,278.4,0
2018-09-24 09:35:00,5,52,21.5,65,13.8,1039.3,0.7,1.0,0,278.4,0
2018-09-24 09:40:00,5,52,21.5,66,13.9,1039.3,0.7,2.0,14,278.4,0
2018-09-24 09:45:00,5,52,21.5,65,14.8,1039.1,0.3,0.7,14,278.4,0
2018-09-24 09:50:00,5,52,21.6,62,15.6,1039.1,1.0,2.0,2,278.4,0
2018-09-24 09:55:00,5,52,21.7,61,15.6,1039.1,1.7,3.1,1,278.4,0
2018-09-24 10:00:00,5,52,21.6,61,15.2,1039.2,0.7,1.4,4,278.4,0
2018-09-24 10:05:00,5,52,21.7,61,15.2,1039.3,0.7,1.4,4,278.4,0
2018-09-24 10:10:00,5,52,21.7,61,15.5,1039.1,2.0,3.4,2,278.4,0
2018-09-24 10:15:00,5,52,21.7,62,15.3,1039.3,1.0,1.7,2,278.4,0
2018-09-24 10:20:00,5,52,21.8,61,15.8,1039.2,1.0,1.7,2,278.4,0
2018-09-24 10:25:00,5,52,21.8,60,15.5,1039.4,1.0,1.7,4,278.4,0
2018-09-24 10:30:00,5,51,21.7,62,15.3,1039.3,0.3,0.7,2,278.4,0
2018-09-24 10:35:00,5,51,21.7,61,15.2,1039.3,1.7,3.4,3,278.4,0
2018-09-24 10:40:00,5,51,21.6,60,15.0,1039.4,1.4,3.1,2,278.4,0
2018-09-24 10:45:00,5,51,21.6,60,15.1,1039.6,0.7,1.0,2,278.4,0
2018-09-24 10:50:00,5,51,21.6,58,15.6,1039.6,0.7,1.4,12,278.4,0
2018-09-24 10:55:00,5,51,21.7,54,16.2,1039.6,2.7,4.1,2,278.4,0
2018-09-24 11:00:01,5,51,21.7,54,16.1,1039.7,1.4,2.7,2,278.4,0
2018-09-24 11:05:01,5,51,21.8,54,16.4,1039.6,2.4,3.4,4,278.4,0
2018-09-24 11:10:01,5,50,21.8,55,16.0,1039.6,1.7,2.7,0,278.4,0
2018-09-24 11:15:01,5,50,21.7,56,16.0,1039.9,0.7,1.7,4,278.4,0
2018-09-24 11:20:01,5,50,21.8,56,16.4,1039.9,1.0,1.4,6,278.4,0
2018-09-24 11:25:01,5,50,21.7,53,16.4,1039.9,1.7,2.0,2,278.4,0
2018-09-24 11:30:01,5,50,21.7,52,16.8,1039.7,2.0,3.4,2,278.4,0
2018-09-24 11:35:01,5,50,21.7,50,16.8,1039.8,2.4,3.1,2,278.4,0
2018-09-24 11:40:01,5,50,21.7,49,17.1,1039.8,2.0,3.1,4,278.4,0
2018-09-24 11:45:01,5,50,21.6,49,16.9,1039.9,1.4,2.0,0,278.4,0
2018-09-24 11:50:01,5,50,21.6,48,17.2,1040.0,1.4,2.4,0,278.4,0
2018-09-24 11:55:01,5,50,21.5,48,17.2,1040.0,1.4,2.4,4,278.4,0
2018-09-24 12:00:01,5,50,21.5,45,16.7,1040.0,2.0,3.4,2,278.4,0
2018-09-24 12:05:01,5,49,21.5,45,16.7,1039.9,2.0,3.4,2,278.4,0
2018-09-24 12:10:01,5,49,21.5,43,17.1,1040.1,2.4,4.1,4,278.4,0
2018-09-24 12:15:01,5,49,21.4,44,17.2,1040.0,1.7,3.1,2,278.4,0
2018-09-24 12:20:01,5,49,21.3,46,17.5,1040.1,1.4,2.7,14,278.4,0
2018-09-24 12:25:01,5,49,21.3,44,17.4,1040.1,1.7,2.7,6,278.4,0
2018-09-24 12:30:01,5,49,21.3,43,17.6,1040.1,1.4,2.4,2,278.4,0
2018-09-24 12:35:01,5,49,21.3,43,17.6,1040.1,1.4,3.4,0,278.4,0
2018-09-24 12:40:01,5,49,21.3,42,17.4,1040.1,2.0,3.1,6,278.4,0
2018-09-24 12:45:01,5,49,21.3,40,17.6,1040.1,0.7,1.7,0,278.4,0
2018-09-24 12:50:01,5,49,21.3,40,17.9,1040.1,1.7,5.4,6,278.4,0
2018-09-24 12:55:01,5,49,21.2,40,18.1,1040.3,0.7,1.4,14,278.4,0
2018-09-24 13:00:01,5,49,21.2,39,18.2,1040.4,0.7,1.7,10,278.4,0
2018-09-24 13:05:01,5,49,21.2,38,18.0,1040.4,1.7,3.4,14,278.4,0
2018-09-24 13:10:01,5,49,21.2,38,17.9,1040.4,1.4,2.0,8,278.4,0
2018-09-24 13:15:01,5,48,21.2,39,17.6,1040.4,1.4,2.7,2,278.4,0
2018-09-24 13:20:01,5,47,21.2,39,17.6,1040.5,0.7,1.4,4,278.4,0
2018-09-24 13:25:01,5,47,21.2,40,17.9,1040.4,0.7,1.0,2,278.4,0
2018-09-24 13:30:01,5,47,21.2,42,18.6,1040.6,1.7,2.7,2,278.4,0
2018-09-24 13:35:01,5,47,21.2,43,18.3,1040.6,0.7,1.0,2,278.4,0
2018-09-24 13:40:01,5,47,21.2,44,17.1,1040.6,2.0,3.1,2,278.4,0
2018-09-24 13:45:01,5,47,21.2,50,15.9,1040.5,1.0,1.7,0,278.4,0
2018-09-24 13:50:01,5,47,21.2,50,15.4,1040.6,1.0,1.7,6,278.4,0
2018-09-24 13:55:01,5,47,21.2,49,16.1,1040.6,1.0,2.7,4,278.4,0
2018-09-24 14:00:01,5,47,21.2,45,16.7,1040.7,1.0,1.7,0,278.4,0
2018-09-24 14:05:01,5,47,21.2,45,16.7,1040.6,1.0,1.7,0,278.4,0
2018-09-24 14:10:01,5,47,21.2,41,17.1,1040.6,0.7,2.0,0,278.4,0
2018-09-24 14:15:01,5,47,21.2,40,17.3,1040.6,1.7,2.4,0,278.4,0
2018-09-24 14:20:01,5,47,21.2,39,17.2,1040.7,1.7,2.7,0,278.4,0
2018-09-24 14:25:01,5,47,21.2,39,17.1,1040.8,1.0,2.0,4,278.4,0
2018-09-24 14:30:01,5,47,21.2,39,16.9,1040.8,1.7,2.7,2,278.4,0
2018-09-24 14:35:01,5,47,21.2,41,16.3,1040.8,2.4,3.4,0,278.4,0
2018-09-24 14:40:01,5,47,21.2,42,15.6,1040.7,2.0,3.7,4,278.4,0
2018-09-24 14:45:01,5,47,21.2,41,15.4,1040.7,1.4,3.1,4,278.4,0
2018-09-24 14:50:01,5,47,21.2,42,15.3,1040.6,0.7,1.4,4,278.4,0
2018-09-24 14:55:01,5,46,21.3,45,15.4,1040.6,1.4,2.7,0,278.4,0
2018-09-24 15:00:01,5,46,21.3,43,15.2,1040.7,0.3,1.4,6,278.4,0
2018-09-24 15:05:01,5,46,21.3,42,15.1,1040.5,1.4,2.0,0,278.4,0
2018-09-24 15:10:01,5,46,21.3,43,15.0,1040.5,0.7,1.4,4,278.4,0
2018-09-24 15:15:01,5,46,21.3,45,15.0,1040.5,1.0,1.7,1,278.4,0
2018-09-24 15:20:01,5,46,21.4,48,14.9,1040.6,0.3,0.7,6,278.4,0
2018-09-24 15:25:01,5,45,21.4,51,14.9,1040.6,2.0,2.4,0,278.4,0
2018-09-24 15:30:01,5,45,21.4,50,14.7,1040.5,2.0,2.7,2,278.4,0
2018-09-24 15:35:01,5,45,21.5,50,14.7,1040.5,1.0,1.4,4,278.4,0
2018-09-24 15:40:01,5,45,21.5,49,14.7,1040.6,0.7,1.0,2,278.4,0
2018-09-24 15:45:01,5,45,21.4,48,14.6,1040.5,2.0,4.8,0,278.4,0
2018-09-24 15:50:01,5,45,21.4,49,14.5,1040.6,1.4,2.4,4,278.4,0
2018-09-24 15:55:01,5,45,21.4,51,14.6,1040.7,0.7,1.4,0,278.4,0
2018-09-24 16:00:01,5,44,21.3,53,14.5,1040.7,0.7,1.7,0,278.4,0
2018-09-24 16:05:01,5,44,21.3,53,14.5,1040.6,0.7,1.7,0,278.4,0
2018-09-24 16:10:01,5,44,21.3,53,14.5,1040.8,0.7,1.7,0,278.4,0
2018-09-24 16:15:01,5,44,21.3,55,14.2,1040.7,1.4,2.4,2,278.4,0
2018-09-24 16:20:01,5,45,21.2,55,14.1,1040.8,1.4,2.4,0,278.4,0
2018-09-24 16:25:01,5,44,21.2,55,14.0,1040.9,0.7,1.4,2,278.4,0
2018-09-24 16:30:01,5,44,21.1,56,14.0,1040.9,2.0,3.4,10,278.4,0
2018-09-24 16:35:01,5,44,21.1,57,13.8,1041.1,1.0,1.7,4,278.4,0
2018-09-24 16:40:01,5,45,21.0,57,13.6,1041.0,0.3,1.0,2,278.4,0
2018-09-24 16:45:01,5,45,21.0,57,13.5,1041.2,1.4,2.4,4,278.4,0
2018-09-24 16:50:01,5,46,20.9,57,13.4,1041.3,1.0,1.4,6,278.4,0
2018-09-24 16:55:01,5,46,20.9,57,13.3,1041.4,1.4,2.7,4,278.4,0
2018-09-24 17:00:01,5,46,20.7,56,13.2,1041.4,0.3,1.0,0,278.4,0
2018-09-24 17:05:01,5,46,20.7,56,13.1,1041.5,0.7,1.4,14,278.4,0
2018-09-24 17:10:01,5,46,20.7,56,13.1,1041.6,0.0,0.3,2,278.4,0
2018-09-24 17:15:01,5,46,20.6,56,13.0,1041.6,1.4,1.7,4,278.4,0
2018-09-24 17:20:01,5,46,20.6,56,13.0,1041.7,0.7,1.4,0,278.4,0
2018-09-24 17:25:01,5,45,20.6,58,12.9,1041.8,1.4,2.0,4,278.4,0
2018-09-24 17:30:01,5,48,20.6,58,12.7,1041.8,0.7,1.4,6,278.4,0
2018-09-24 17:35:01,5,50,20.6,59,12.6,1041.8,0.3,0.7,0,278.4,0
2018-09-24 17:40:01,5,51,20.6,59,12.6,1041.9,0.3,0.7,0,278.4,0
2018-09-24 17:45:01,5,50,20.6,59,12.1,1041.8,0.0,0.7,8,278.4,0
2018-09-24 17:50:01,5,50,20.6,60,12.1,1041.9,0.0,0.0,8,278.4,0
2018-09-24 17:55:01,5,50,20.5,62,11.9,1041.9,0.0,0.0,0,278.4,0
2018-09-24 18:00:01,5,50,20.5,62,11.8,1042.0,0.0,0.0,2,278.4,0
2018-09-24 18:05:01,5,51,20.5,62,11.8,1042.1,0.0,0.0,2,278.4,0
2018-09-24 18:10:01,5,51,20.5,64,11.5,1042.1,0.0,0.0,2,278.4,0
2018-09-24 18:15:01,5,51,20.5,65,11.3,1042.2,0.0,0.0,2,278.4,0
2018-09-24 18:20:01,5,51,20.5,66,11.2,1042.3,0.0,0.0,2,278.4,0
2018-09-24 18:25:01,5,51,20.5,67,11.0,1042.2,0.0,0.0,0,278.4,0
2018-09-24 18:30:01,5,52,20.5,69,10.8,1042.3,0.0,0.0,0,278.4,0
2018-09-24 18:35:01,5,52,20.5,70,10.6,1042.2,0.0,0.0,2,278.4,0
2018-09-24 18:40:01,5,54,20.5,70,10.5,1042.3,0.0,0.0,8,278.4,0
2018-09-24 18:45:01,5,55,20.5,71,10.4,1042.3,0.0,0.0,8,278.4,0
2018-09-24 18:50:01,5,55,20.5,71,10.3,1042.2,0.0,0.0,8,278.4,0
2018-09-24 18:55:01,5,55,20.5,72,10.2,1042.3,0.0,0.0,8,278.4,0
2018-09-24 19:00:01,5,55,20.5,72,10.1,1042.3,0.0,0.0,8,278.4,0
2018-09-24 19:05:01,5,55,20.5,74,9.9,1042.3,0.0,0.0,8,278.4,0
2018-09-24 19:10:01,5,56,20.6,74,9.8,1042.5,0.0,0.0,8,278.4,0
2018-09-24 19:15:01,5,56,20.6,75,9.8,1042.6,0.0,0.0,8,278.4,0
2018-09-24 19:20:01,5,56,20.6,76,9.9,1042.7,0.0,0.0,12,278.4,0
2018-09-24 19:25:01,5,56,20.6,77,10.3,1042.6,0.3,1.0,12,278.4,0
2018-09-24 19:30:01,5,56,20.6,79,10.5,1042.6,0.3,0.7,0,278.4,0
2018-09-24 19:35:01,5,56,20.7,79,10.7,1042.6,0.0,0.0,2,278.4,0
2018-09-24 19:40:01,5,56,20.7,79,10.8,1042.5,0.0,0.0,8,278.4,0
2018-09-24 19:45:01,5,56,20.7,79,10.6,1042.6,0.0,0.0,8,278.4,0
2018-09-24 19:50:01,5,56,20.7,80,10.4,1042.6,0.0,0.0,8,278.4,0
2018-09-24 19:55:01,5,56,20.8,80,10.2,1042.6,0.0,0.0,8,278.4,0
2018-09-24 20:00:01,5,57,20.9,81,10.0,1042.6,0.0,0.3,8,278.4,0
2018-09-24 20:05:01,5,57,20.9,81,10.0,1042.7,0.0,0.3,8,278.4,0
2018-09-24 20:10:01,5,57,20.9,83,9.7,1042.7,0.0,0.0,8,278.4,0
2018-09-24 20:15:01,5,57,20.9,84,9.5,1042.7,0.0,0.3,8,278.4,0
2018-09-24 20:20:01,5,57,20.9,84,9.3,1042.8,0.0,0.0,8,278.4,0
2018-09-24 20:25:01,5,58,20.9,85,9.2,1042.8,0.0,0.0,8,278.4,0
2018-09-24 20:30:01,5,58,20.9,85,9.1,1042.7,0.0,0.0,8,278.4,0
2018-09-24 20:35:01,5,58,20.9,85,9.0,1042.8,0.0,0.0,8,278.4,0
2018-09-24 20:40:01,5,58,20.9,87,8.9,1042.7,0.0,0.0,8,278.4,0
2018-09-24 20:45:01,5,58,20.8,87,8.9,1042.9,0.0,0.0,8,278.4,0
2018-09-24 20:50:01,5,58,20.8,88,8.8,1042.9,0.0,0.0,8,278.4,0
2018-09-24 20:55:01,5,58,20.7,89,8.9,1043.0,0.0,0.0,8,278.4,0
2018-09-24 21:00:01,5,58,20.7,89,8.9,1043.0,0.0,0.0,8,278.4,0
2018-09-24 21:05:01,5,58,20.7,89,8.8,1043.2,0.0,0.0,8,278.4,0
2018-09-24 21:10:01,5,58,20.7,90,8.7,1043.2,0.0,0.0,8,278.4,0
2018-09-24 21:15:01,5,58,20.6,90,8.7,1043.4,0.0,0.0,8,278.4,0
2018-09-24 21:20:01,5,58,20.6,91,8.7,1043.4,0.0,0.0,8,278.4,0
2018-09-24 21:25:01,5,58,20.6,91,8.6,1043.4,0.0,0.0,8,278.4,0
2018-09-24 21:30:01,5,59,20.6,92,8.6,1043.5,0.0,0.0,2,278.4,0
2018-09-24 21:35:01,5,59,20.5,92,8.7,1043.6,0.0,0.0,2,278.4,0
2018-09-24 21:40:01,5,59,20.5,92,8.7,1043.6,0.0,0.0,0,278.4,0
2018-09-24 21:45:01,5,59,20.5,92,8.5,1043.9,0.0,0.0,10,278.4,0
2018-09-24 21:50:01,5,59,20.4,92,8.5,1043.8,0.0,0.0,10,278.4,0
2018-09-24 21:55:01,5,59,20.4,93,8.5,1043.9,0.0,0.0,10,278.4,0
2018-09-24 22:00:01,5,59,20.4,93,8.4,1043.9,0.0,0.0,10,278.4,0
2018-09-24 22:05:01,5,59,20.3,93,8.4,1044.1,0.0,0.0,10,278.4,0
2018-09-24 22:10:01,5,59,20.3,93,8.4,1044.1,0.0,0.0,8,278.4,0
2018-09-24 22:15:01,5,59,20.3,93,8.4,1044.1,0.0,0.0,8,278.4,0
2018-09-24 22:20:01,5,59,20.3,93,8.3,1044.1,0.0,0.0,8,278.4,0
2018-09-24 22:25:01,5,59,20.3,93,8.3,1044.2,0.0,0.0,8,278.4,0
2018-09-24 22:30:01,5,59,20.2,93,8.2,1044.2,0.0,0.0,8,278.4,0
2018-09-24 22:35:01,5,60,20.2,93,8.1,1044.1,0.0,0.0,8,278.4,0
2018-09-24 22:40:01,5,60,20.2,94,8.0,1044.2,0.0,0.0,8,278.4,0
2018-09-24 22:45:01,5,60,20.2,94,8.0,1044.3,0.0,0.0,8,278.4,0
2018-09-24 22:50:01,5,60,20.2,94,8.0,1044.3,0.0,0.0,8,278.4,0
2018-09-24 22:55:01,5,60,20.1,95,7.9,1044.1,0.0,0.0,8,278.4,0
2018-09-24 23:00:01,5,60,20.1,95,7.8,1044.2,0.0,0.0,8,278.4,0
2018-09-24 23:05:01,5,60,20.1,95,7.8,1044.3,0,0,8,278.4,0
2018-09-24 23:10:01,5,60,20.1,95,7.7,1044.2,0,0,8,278.4,0
2018-09-24 23:15:01,5,60,20.1,95,7.7,1044.2,0,0,8,278.4,0
2018-09-24 23:20:01,5,60,20.1,96,7.7,1044.3,0,0,8,278.4,0
2018-09-24 23:25:01,5,60,20.0,96,7.6,1044.2,0,0,8,278.4,0
2018-09-24 23:30:01,5,60,20.0,96,7.6,1044.3,0,0,8,278.4,0
2018-09-24 23:35:01,5,60,20.0,96,7.5,1044.3,0,0,8,278.4,0
2018-09-24 23:40:01,5,60,20.0,96,7.5,1044.4,0,0,8,278.4,0
2018-09-24 23:45:01,5,61,19.9,96,7.5,1044.4,0,0,8,278.4,0
2018-09-24 23:50:01,5,61,19.8,97,7.5,1044.4,0,0,10,278.4,0
2018-09-24 23:55:01,5,61,19.8,97,7.5,1044.3,0,0,0,278.4,0
