2021-07-04 00:04:01,5,72,22.9,97,17.8,1015.0,0.0,0.0,6,1443.0,0
2021-07-04 00:09:01,5,72,22.9,97,17.7,1014.9,0.0,0.0,5,1443.0,0
2021-07-04 00:14:01,5,72,22.9,97,17.6,1014.9,0.0,0.0,5,1443.0,0
2021-07-04 00:19:01,5,72,22.9,97,17.6,1014.9,0.0,0.0,5,1443.0,0
2021-07-04 00:24:01,5,72,22.9,97,17.6,1014.9,0.0,0.0,5,1443.0,0
2021-07-04 00:29:01,5,72,22.8,97,17.6,1014.9,0.0,0.0,4,1443.0,0
2021-07-04 00:34:01,5,72,22.8,97,17.6,1014.9,0.0,0.0,5,1443.0,0
2021-07-04 00:39:01,5,72,22.7,97,17.6,1014.9,0.0,0.0,5,1443.0,0
2021-07-04 00:44:01,5,72,22.7,97,17.5,1014.9,0.0,0.0,4,1443.0,0
2021-07-04 00:49:01,5,72,22.7,97,17.6,1014.8,0.0,0.0,4,1443.0,0
2021-07-04 00:54:01,5,72,22.7,97,17.5,1014.7,0.0,0.0,4,1443.0,0
2021-07-04 00:59:01,5,72,22.7,97,17.4,1014.7,0.0,0.0,6,1443.0,0
2021-07-04 01:04:01,5,72,22.7,97,17.3,1014.7,0.0,0.0,6,1443.0,0
2021-07-04 01:09:01,5,72,22.7,97,17.2,1014.7,0.0,0.0,6,1443.0,0
2021-07-04 01:14:01,5,72,22.7,97,17.1,1014.6,0.0,0.0,6,1443.0,0
2021-07-04 01:19:01,5,72,22.7,97,17.1,1014.6,0.0,0.0,5,1443.0,0
2021-07-04 01:24:01,5,72,22.7,97,17.0,1014.5,0.0,0.0,5,1443.0,0
2021-07-04 01:29:01,5,72,22.6,97,17.0,1014.5,0.0,0.0,5,1443.0,0
2021-07-04 01:34:01,5,72,22.6,97,17.0,1014.7,0.0,0.0,5,1443.0,0
2021-07-04 01:39:01,5,71,22.6,97,17.0,1014.5,0.0,0.0,5,1443.0,0
2021-07-04 01:44:01,5,71,22.6,97,16.9,1014.5,0.0,0.0,5,1443.0,0
2021-07-04 01:49:01,5,71,22.6,97,16.9,1014.7,0.0,0.0,5,1443.0,0
2021-07-04 01:54:01,5,71,22.6,97,16.9,1014.8,0.0,0.0,5,1443.0,0
2021-07-04 01:59:01,5,71,22.5,97,16.8,1014.6,0.0,0.0,5,1443.0,0
2021-07-04 02:04:01,5,71,22.5,97,16.9,1014.7,0.0,0.0,5,1443.0,0
2021-07-04 02:09:01,5,71,22.5,97,16.9,1014.6,0.0,0.0,5,1443.0,0
2021-07-04 02:14:01,5,71,22.5,97,16.8,1014.7,0.0,0.0,5,1443.0,0
2021-07-04 02:19:01,5,71,22.5,97,16.8,1014.8,0.0,0.0,5,1443.0,0
2021-07-04 02:24:01,5,71,22.5,97,16.7,1014.7,0.0,0.0,5,1443.0,0
2021-07-04 02:29:01,5,71,22.5,97,16.6,1014.7,0.0,0.0,5,1443.0,0
2021-07-04 02:34:01,5,71,22.4,97,16.5,1014.8,0.0,0.0,5,1443.0,0
2021-07-04 02:39:01,5,71,22.3,97,16.5,1014.8,0.0,0.0,5,1443.0,0
2021-07-04 02:44:01,5,71,22.3,97,16.5,1014.9,0.0,0.0,5,1443.0,0
2021-07-04 02:49:01,5,71,22.3,97,16.6,1014.9,0.0,0.0,5,1443.0,0
2021-07-04 02:54:01,5,71,22.3,97,16.7,1014.9,0.0,0.0,5,1443.0,0
2021-07-04 02:59:01,5,71,22.3,97,16.7,1015.1,0.0,0.0,5,1443.0,0
2021-07-04 03:04:01,5,71,22.3,97,16.8,1014.9,0.0,0.0,6,1443.0,0
2021-07-04 03:09:01,5,71,22.3,97,16.8,1014.9,0.0,0.0,4,1443.0,0
2021-07-04 03:14:01,5,71,22.3,97,16.8,1014.9,0.0,0.0,5,1443.0,0
2021-07-04 03:19:01,5,71,22.3,97,16.8,1014.9,0.0,0.0,6,1443.0,0
2021-07-04 03:24:01,5,71,22.3,97,16.8,1014.8,0.0,0.0,6,1443.0,0
2021-07-04 03:29:01,5,71,22.3,97,16.7,1014.8,0.0,0.0,6,1443.0,0
2021-07-04 03:34:01,5,71,22.3,97,16.6,1014.8,0.0,0.0,6,1443.0,0
2021-07-04 03:39:01,5,71,22.2,97,16.5,1014.8,0.0,0.0,6,1443.0,0
2021-07-04 03:44:01,5,71,22.2,97,16.5,1014.8,0.0,0.0,6,1443.0,0
2021-07-04 03:49:01,5,71,22.2,97,16.4,1014.9,0.0,0.0,6,1443.0,0
2021-07-04 03:54:01,5,71,22.2,97,16.4,1014.8,0.0,0.0,6,1443.0,0
2021-07-04 03:59:01,5,71,22.2,97,16.3,1014.8,0.0,0.0,6,1443.0,0
2021-07-04 04:04:01,5,71,22.2,97,16.3,1014.7,0.0,0.0,6,1443.0,0
2021-07-04 04:09:01,5,71,22.2,97,16.4,1014.8,0.0,0.0,6,1443.0,0
2021-07-04 04:14:01,5,71,22.2,97,16.3,1014.7,0.0,0.0,6,1443.0,0
2021-07-04 04:19:01,5,71,22.2,97,16.2,1014.9,0.0,0.0,6,1443.0,0
2021-07-04 04:24:01,5,71,22.2,97,16.2,1015.0,0.0,0.0,6,1443.0,0
2021-07-04 04:29:01,5,71,22.2,97,16.2,1014.9,0.0,0.0,6,1443.0,0
2021-07-04 04:34:01,5,71,22.2,97,16.2,1014.9,0.0,0.0,6,1443.0,0
2021-07-04 04:39:01,5,71,22.2,97,16.1,1014.9,0.0,0.0,6,1443.0,0
2021-07-04 04:44:01,5,70,22.2,97,16.1,1014.9,0.0,0.0,6,1443.0,0
2021-07-04 04:49:01,5,70,22.2,97,16.2,1014.9,0.0,0.0,6,1443.0,0
2021-07-04 04:54:01,5,70,22.2,97,16.3,1014.9,0.0,0.0,6,1443.0,0
2021-07-04 04:59:01,5,70,22.2,97,16.4,1015.0,0.0,0.0,6,1443.0,0
2021-07-04 05:04:01,5,70,22.2,98,16.5,1015.0,0.0,0.0,6,1443.0,0
2021-07-04 05:09:01,5,70,22.2,97,16.5,1014.9,0.0,0.0,6,1443.0,0
2021-07-04 05:14:01,5,70,22.3,97,16.6,1014.7,0.0,0.0,6,1443.0,0
2021-07-04 05:19:01,5,70,22.3,97,16.6,1014.9,0.0,0.0,6,1443.0,0
2021-07-04 05:24:01,5,70,22.3,97,16.6,1014.8,0.0,0.7,7,1443.0,0
2021-07-04 05:29:01,5,70,22.3,97,16.6,1014.7,0.0,0.0,7,1443.0,0
2021-07-04 05:34:01,5,70,22.3,97,16.7,1014.7,0.0,0.0,6,1443.0,0
2021-07-04 05:39:01,5,70,22.3,97,16.9,1014.6,0.0,0.7,7,1443.0,0
2021-07-04 05:44:01,5,70,22.5,97,16.8,1014.5,0.3,0.7,7,1443.0,0
2021-07-04 05:49:01,5,70,22.5,97,17.2,1014.3,0.0,0.7,6,1443.0,0
2021-07-04 05:54:01,5,70,22.6,97,17.5,1014.2,0.0,0.0,6,1443.0,0
2021-07-04 05:59:01,5,70,22.9,96,17.7,1014.0,0.0,0.0,6,1443.0,0
2021-07-04 06:04:01,5,71,23.0,96,17.7,1013.6,0.0,0.7,7,1443.0,0
2021-07-04 06:09:01,5,71,23.2,96,18.0,1013.6,0.0,0.7,7,1443.0,0
2021-07-04 06:14:01,5,71,23.4,95,18.3,1013.3,0.0,0.0,6,1443.0,0
2021-07-04 06:19:01,5,70,23.6,93,18.1,1013.1,0.3,1.0,7,1443.0,0
2021-07-04 06:24:01,5,70,23.7,92,18.6,1012.9,0.3,0.7,7,1443.0,0
2021-07-04 06:29:01,5,69,23.8,91,18.5,1012.8,0.7,1.0,8,1443.0,0
2021-07-04 06:34:01,5,68,24.0,89,18.9,1012.6,0.7,1.7,7,1443.0,0
2021-07-04 06:39:01,5,67,24.1,86,19.2,1012.4,0.7,1.0,7,1443.0,0
2021-07-04 06:44:01,5,67,24.4,85,19.5,1012.2,0.7,1.0,8,1443.0,0
2021-07-04 06:49:01,5,67,24.6,84,20.1,1011.9,0.3,1.0,6,1443.0,0
2021-07-04 06:54:01,5,66,24.7,85,20.1,1011.6,0.0,0.7,11,1443.0,0
2021-07-04 06:59:01,5,64,25.0,82,20.6,1011.4,0.0,0.0,9,1443.0,0
2021-07-04 07:04:01,5,64,25.1,82,20.4,1011.3,0.0,0.7,10,1443.0,0
2021-07-04 07:09:01,5,63,25.1,82,19.9,1011.2,0.7,1.0,6,1443.0,0
2021-07-04 07:14:01,5,63,25.2,80,20.4,1011.2,0.3,1.0,7,1443.0,0
2021-07-04 07:19:01,5,62,25.2,79,20.5,1011.2,0.3,1.0,7,1443.0,0
2021-07-04 07:24:01,5,62,25.2,79,20.9,1011.1,0.3,1.0,7,1443.0,0
2021-07-04 07:29:01,5,62,25.1,78,20.6,1011.2,0.3,0.7,7,1443.0,0
2021-07-04 07:34:01,5,62,25.1,77,21.1,1011.2,0.3,0.7,7,1443.0,0
2021-07-04 07:39:01,5,61,25.0,73,21.8,1011.4,0.3,0.7,6,1443.0,0
2021-07-04 07:44:01,5,61,25.0,75,20.6,1011.5,0.7,1.0,6,1443.0,0
2021-07-04 07:49:01,5,62,24.9,75,20.7,1011.6,0.3,0.7,6,1443.0,0
2021-07-04 07:54:01,5,61,24.8,73,21.2,1011.6,0.3,1.0,2,1443.0,0
2021-07-04 07:59:01,5,61,24.7,75,21.0,1011.8,0.0,0.7,5,1443.0,0
2021-07-04 08:04:01,5,61,24.7,78,20.2,1011.7,0.3,1.0,7,1443.0,0
2021-07-04 08:09:01,5,61,24.6,77,20.6,1011.7,0.0,0.7,6,1443.0,0
2021-07-04 08:14:01,5,61,24.6,73,21.2,1011.8,0.0,0.7,6,1443.0,0
2021-07-04 08:19:01,5,61,24.6,75,20.7,1011.7,0.3,1.0,6,1443.0,0
2021-07-04 08:24:01,5,61,24.5,73,21.2,1011.7,0.0,0.7,6,1443.0,0
2021-07-04 08:29:01,5,61,24.5,72,21.1,1011.7,1.0,1.7,4,1443.0,0
2021-07-04 08:34:01,5,61,24.4,68,21.4,1011.6,0.0,0.7,6,1443.0,0
2021-07-04 08:39:01,5,61,24.4,67,22.2,1011.8,0.7,1.7,6,1443.0,0
2021-07-04 08:44:01,5,61,24.4,69,22.2,1011.7,0.3,0.7,4,1443.0,0
2021-07-04 08:49:01,5,61,24.4,66,22.2,1011.9,0.7,1.7,7,1443.0,0
2021-07-04 08:54:01,5,61,24.5,65,21.9,1011.6,0.7,1.7,7,1443.0,0
2021-07-04 08:59:01,5,60,24.5,68,22.0,1011.8,0.7,1.0,8,1443.0,0
2021-07-04 09:04:01,5,60,24.5,67,22.4,1011.6,0.0,0.7,3,1443.0,0
2021-07-04 09:09:01,5,60,24.5,68,22.8,1011.7,0.3,0.7,7,1443.0,0
2021-07-04 09:14:01,5,60,24.5,67,22.6,1011.7,0.3,0.7,7,1443.0,0
2021-07-04 09:19:01,5,60,24.5,70,22.3,1011.5,0.3,0.7,7,1443.0,0
2021-07-04 09:24:01,5,60,24.5,69,22.7,1011.3,0.0,0.0,5,1443.0,0
2021-07-04 09:29:01,5,59,24.5,66,22.4,1011.5,0.0,1.0,5,1443.0,0
2021-07-04 09:34:01,5,58,24.5,68,22.0,1011.4,0.0,0.7,6,1443.0,0
2021-07-04 09:39:01,5,58,24.4,69,22.1,1011.3,0.3,0.7,7,1443.0,0
2021-07-04 09:44:01,5,59,24.4,68,21.9,1011.4,0.7,1.7,8,1443.0,0
2021-07-04 09:49:01,5,59,24.4,67,22.0,1011.3,0.7,1.7,6,1443.0,0
2021-07-04 09:54:01,5,59,24.4,68,22.3,1011.5,0.3,1.0,8,1443.0,0
2021-07-04 09:59:01,5,60,24.5,68,22.1,1011.4,0.7,0.7,7,1443.0,0
2021-07-04 10:04:01,5,59,24.5,68,22.0,1011.3,0.3,1.0,6,1443.0,0
2021-07-04 10:09:01,5,59,24.5,67,21.9,1011.2,1.0,1.7,6,1443.0,0
2021-07-04 10:14:01,5,59,24.4,67,22.0,1011.2,0.7,1.0,6,1443.0,0
2021-07-04 10:19:01,5,59,24.4,67,22.0,1011.3,0.3,1.0,6,1443.0,0
2021-07-04 10:24:01,5,59,24.4,67,22.1,1011.2,0.0,0.7,3,1443.0,0
2021-07-04 10:29:01,5,59,24.4,68,22.4,1011.3,0.3,1.7,6,1443.0,0
2021-07-04 10:34:01,5,59,24.4,69,21.7,1011.1,0.7,1.0,6,1443.0,0
2021-07-04 10:39:01,5,59,24.4,69,21.6,1011.1,0.3,1.0,5,1443.0,0
2021-07-04 10:44:01,5,59,24.4,70,21.5,1011.1,0.3,1.0,6,1443.0,0
2021-07-04 10:49:01,5,59,24.4,70,21.8,1011.1,0.3,1.0,6,1443.0,0
2021-07-04 10:54:01,5,59,24.4,68,22.2,1011.1,0.0,0.0,6,1443.0,0
2021-07-04 10:59:01,5,59,24.4,68,21.6,1011.1,0.7,0.7,6,1443.0,0
2021-07-04 11:04:01,5,58,24.4,67,22.3,1011.0,1.0,1.0,6,1443.0,0
2021-07-04 11:09:01,5,58,24.4,67,22.5,1010.9,0.3,1.0,3,1443.0,0
2021-07-04 11:14:01,5,58,24.4,67,22.3,1010.8,0.3,1.0,3,1443.0,0
2021-07-04 11:19:01,5,58,24.4,66,22.5,1010.6,0.0,0.7,3,1443.0,0
2021-07-04 11:24:01,5,57,24.4,68,22.7,1010.7,0.0,0.0,3,1443.0,0
2021-07-04 11:29:01,5,57,24.4,66,23.0,1010.6,0.0,0.7,2,1443.0,0
2021-07-04 11:34:01,5,57,24.4,67,22.5,1010.6,0.3,0.7,6,1443.0,0
2021-07-04 11:39:01,5,58,24.4,66,23.2,1010.6,0.0,0.7,4,1443.0,0
2021-07-04 11:44:01,5,58,24.4,66,22.9,1010.5,0.3,0.7,6,1443.0,0
2021-07-04 11:49:01,5,58,24.4,66,23.2,1010.3,0.0,1.0,4,1443.0,0
2021-07-04 11:54:01,5,59,24.5,66,23.2,1010.3,0.3,0.7,4,1443.0,0
2021-07-04 11:59:01,5,59,24.6,66,22.7,1010.1,0.3,1.0,6,1443.0,0
2021-07-04 12:04:01,5,58,24.6,65,22.5,1010.2,0.7,1.7,7,1443.0,0
2021-07-04 12:09:01,5,58,24.6,66,22.5,1010.1,0.3,0.7,3,1443.0,0
2021-07-04 12:14:01,5,58,24.6,67,22.4,1010.1,0.3,0.7,3,1443.0,0
2021-07-04 12:19:01,5,58,24.6,68,21.8,1010.0,1.0,1.7,6,1443.0,0
2021-07-04 12:24:01,5,58,24.6,69,22.1,1010.0,0.3,0.7,5,1443.0,0
2021-07-04 12:29:01,5,58,24.6,67,22.6,1009.8,0.3,1.0,5,1443.0,0
2021-07-04 12:34:01,5,58,24.7,67,22.6,1009.7,0.3,0.7,3,1443.0,0
2021-07-04 12:39:01,5,58,24.7,68,22.7,1009.6,1.0,1.7,7,1443.0,0
2021-07-04 12:44:01,5,58,24.7,70,22.2,1009.6,0.7,1.0,2,1443.0,0
2021-07-04 12:49:01,5,59,24.7,72,21.7,1009.7,1.4,3.1,7,1443.0,0
2021-07-04 12:54:01,5,59,24.7,73,21.4,1009.8,0.3,1.0,0,1443.0,0
2021-07-04 12:59:01,5,59,24.7,74,21.0,1009.8,0.7,1.0,6,1443.0,0
2021-07-04 13:04:01,5,59,24.7,75,20.8,1009.7,0.7,1.7,4,1443.0,0
2021-07-04 13:09:01,5,59,24.7,73,20.3,1009.8,1.0,2.7,7,1443.0,0
2021-07-04 13:14:01,5,58,24.7,73,20.0,1009.9,0.7,1.0,6,1443.0,0
2021-07-04 13:19:01,5,58,24.6,78,19.2,1010.3,1.4,2.0,7,1443.0,0
2021-07-04 13:24:01,5,58,24.6,83,18.6,1010.5,0.7,2.0,8,1443.6,0
2021-07-04 13:29:01,5,58,24.4,85,18.1,1010.4,0.7,1.7,7,1443.6,0
2021-07-04 13:34:01,5,60,24.4,88,17.7,1010.7,0.7,1.0,5,1444.2,0
2021-07-04 13:39:01,5,61,24.4,89,17.4,1010.9,0.7,1.0,7,1445.1,0
2021-07-04 13:44:01,5,61,24.3,91,17.3,1011.1,0.0,0.7,5,1445.4,0
2021-07-04 13:49:01,5,61,24.3,91,17.3,1010.9,0.3,1.0,6,1446.0,0
2021-07-04 13:54:01,5,62,24.3,92,17.4,1010.8,0.0,0.7,6,1446.9,0
2021-07-04 13:59:01,5,62,24.2,93,17.2,1010.8,0.0,0.7,4,1447.2,0
2021-07-04 14:04:01,5,62,24.2,92,17.3,1010.7,0.0,0.0,4,1447.2,0
2021-07-04 14:09:01,5,62,24.1,93,17.3,1010.5,0.0,0.0,4,1447.5,0
2021-07-04 14:14:01,5,63,24.1,93,17.4,1010.5,0.0,0.0,4,1447.8,0
2021-07-04 14:19:01,5,63,24.1,93,17.7,1010.5,0.0,0.0,4,1448.1,0
2021-07-04 14:24:01,5,64,24.1,92,17.2,1010.5,0.3,0.7,3,1448.1,0
2021-07-04 14:29:01,5,64,24.1,92,17.4,1010.4,0.3,0.7,1,1448.1,0
2021-07-04 14:34:01,5,64,24.1,92,17.4,1010.2,0.3,1.0,2,1448.1,0
2021-07-04 14:39:01,5,64,24.1,92,17.4,1010.1,0.0,0.7,13,1448.1,0
2021-07-04 14:44:01,5,64,24.2,92,17.4,1010.1,0.3,0.7,0,1448.1,0
2021-07-04 14:49:01,5,64,24.2,92,17.4,1010.0,0.0,0.7,14,1448.1,0
2021-07-04 14:54:01,5,64,24.3,91,17.5,1010.0,0.0,0.7,3,1448.1,0
2021-07-04 14:59:01,5,64,24.3,92,18.1,1010.0,0.0,0.0,3,1448.1,0
2021-07-04 15:04:01,5,64,24.4,91,17.9,1009.9,0.0,0.7,3,1448.1,0
2021-07-04 15:09:01,5,64,24.4,91,17.9,1009.8,0.0,0.0,3,1448.1,0
2021-07-04 15:14:01,5,64,24.4,91,18.0,1009.8,0.0,0.0,3,1448.1,0
2021-07-04 15:19:01,5,64,24.4,90,18.1,1010.0,0.3,1.0,3,1448.1,0
2021-07-04 15:24:01,5,64,24.4,89,18.1,1010.0,0.0,0.7,3,1448.1,0
2021-07-04 15:29:01,5,64,24.4,89,18.2,1010.1,0.0,0.7,3,1448.1,0
2021-07-04 15:34:01,5,64,24.5,90,18.2,1010.2,0.3,1.0,3,1448.1,0
2021-07-04 15:39:01,5,64,24.5,89,18.0,1010.3,0.7,1.0,6,1448.1,0
2021-07-04 15:44:01,5,64,24.6,90,18.0,1010.2,0.3,1.0,7,1448.1,0
2021-07-04 15:49:01,5,64,24.6,90,18.1,1010.2,0.0,0.7,7,1448.1,0
2021-07-04 15:54:01,5,64,24.6,90,17.9,1010.2,0.3,1.0,5,1448.1,0
2021-07-04 15:59:01,5,64,24.6,89,18.0,1010.2,1.0,2.0,8,1448.1,0
2021-07-04 16:04:01,5,65,24.6,88,18.1,1010.2,0.7,1.0,7,1448.1,0
2021-07-04 16:09:01,5,65,24.7,88,18.4,1010.0,0.0,0.0,5,1448.1,0
2021-07-04 16:14:01,5,65,24.7,88,18.6,1010.0,0.0,0.0,5,1448.1,0
2021-07-04 16:19:01,5,65,24.7,87,18.7,1009.9,0.0,0.7,6,1448.1,0
2021-07-04 16:24:01,5,65,24.7,86,18.5,1009.9,0.7,1.0,6,1448.1,0
2021-07-04 16:29:01,5,65,24.7,86,18.6,1009.9,0.3,1.0,5,1448.1,0
2021-07-04 16:34:01,5,65,24.8,85,18.6,1009.9,0.7,1.0,5,1448.1,0
2021-07-04 16:39:01,5,64,24.7,84,18.6,1009.9,0.3,0.7,5,1448.1,0
2021-07-04 16:44:01,5,64,24.7,84,18.7,1009.7,0.3,1.0,7,1448.1,0
2021-07-04 16:49:01,5,63,24.8,84,18.7,1009.7,0.3,1.0,5,1448.1,0
2021-07-04 16:54:01,5,63,24.8,83,18.8,1009.8,0.3,1.0,6,1448.1,0
2021-07-04 16:59:01,5,63,24.8,83,18.9,1009.9,0.3,1.0,6,1448.1,0
2021-07-04 17:04:01,5,63,24.8,83,18.9,1010.0,0.0,0.0,5,1448.1,0
2021-07-04 17:09:01,5,63,24.8,83,18.9,1009.8,0.3,0.7,6,1448.1,0
2021-07-04 17:14:01,5,63,24.7,83,19.0,1009.8,0.3,1.0,6,1448.1,0
2021-07-04 17:19:01,5,63,24.7,82,18.9,1009.9,0.3,1.0,6,1448.1,0
2021-07-04 17:24:01,5,63,24.7,82,19.1,1010.1,0.0,0.7,7,1448.1,0
2021-07-04 17:29:01,5,63,24.7,82,19.1,1010.0,0.3,1.0,5,1448.1,0
2021-07-04 17:34:01,5,62,24.7,81,19.1,1010.0,0.0,0.0,5,1448.1,0
2021-07-04 17:39:01,5,61,24.7,81,19.1,1010.1,0.0,0.7,7,1448.1,0
2021-07-04 17:44:01,5,61,24.7,79,18.9,1010.1,0.7,1.7,5,1448.1,0
2021-07-04 17:49:01,5,61,24.6,79,18.9,1010.2,0.0,0.7,5,1448.1,0
2021-07-04 17:54:01,5,61,24.6,80,19.0,1010.3,0.0,0.0,5,1448.1,0
2021-07-04 17:59:01,5,60,24.4,80,18.8,1010.3,0.0,0.7,7,1448.1,0
2021-07-04 18:04:01,5,60,24.4,81,18.7,1010.3,0.0,0.7,7,1448.1,0
2021-07-04 18:09:01,5,60,24.3,81,18.6,1010.6,0.0,0.7,7,1448.1,0
2021-07-04 18:14:01,5,60,24.3,82,18.5,1010.7,0.0,0.0,7,1448.1,0
2021-07-04 18:19:01,5,60,24.1,82,18.5,1010.9,0.0,0.0,6,1448.1,0
2021-07-04 18:24:01,5,60,24.1,83,18.6,1010.8,0.0,0.0,5,1448.1,0
2021-07-04 18:29:01,5,61,24.1,83,18.6,1010.7,0.0,0.0,5,1448.1,0
2021-07-04 18:34:01,5,61,24.1,82,18.6,1010.6,0.0,0.0,5,1448.1,0
2021-07-04 18:39:01,5,61,24.0,82,18.6,1010.8,0.0,0.7,7,1448.1,0
2021-07-04 18:44:01,5,61,24.0,82,18.5,1010.8,0.0,0.0,7,1448.1,0
2021-07-04 18:49:01,5,61,24.0,83,18.5,1010.8,0.0,0.7,7,1448.1,0
2021-07-04 18:54:01,5,61,24.0,83,18.4,1010.9,0.0,0.0,5,1448.1,0
2021-07-04 18:59:01,5,61,24.0,84,18.3,1010.9,0.0,0.0,5,1448.1,0
2021-07-04 19:04:01,5,61,24.0,84,18.2,1010.8,0.0,0.7,7,1448.1,0
2021-07-04 19:09:01,5,61,24.0,85,18.1,1010.8,0.0,0.0,7,1448.1,0
2021-07-04 19:14:01,5,61,24.0,85,18.0,1011.0,0.0,0.0,7,1448.1,0
2021-07-04 19:19:01,5,62,23.9,84,17.9,1010.8,0.0,0.0,7,1448.1,0
2021-07-04 19:24:01,5,62,23.8,85,17.9,1010.8,0.0,0.0,7,1448.1,0
2021-07-04 19:29:01,5,62,23.8,85,17.9,1010.7,0.0,0.0,7,1448.1,0
2021-07-04 19:34:01,5,62,23.8,86,17.7,1010.9,0.0,0.0,7,1448.1,0
2021-07-04 19:39:01,5,62,23.8,86,17.6,1011.0,0.0,0.0,7,1448.1,0
2021-07-04 19:44:01,5,62,23.7,87,17.4,1010.9,0.0,0.0,7,1448.1,0
2021-07-04 19:49:01,5,62,23.7,88,17.3,1010.9,0.0,0.0,7,1448.1,0
2021-07-04 19:54:01,5,62,23.7,88,17.1,1010.9,0.0,0.0,7,1448.1,0
2021-07-04 19:59:01,5,62,23.6,89,16.9,1011.1,0.0,0.0,7,1448.1,0
2021-07-04 20:04:01,5,62,23.6,90,16.8,1011.2,0.0,0.0,7,1448.1,0
2021-07-04 20:09:01,5,62,23.6,90,16.6,1011.2,0.0,0.0,7,1448.1,0
2021-07-04 20:14:01,5,63,23.5,90,16.5,1011.5,0.0,0.0,7,1448.1,0
2021-07-04 20:19:01,5,63,23.4,91,16.4,1011.5,0.0,0.0,7,1448.1,0
2021-07-04 20:24:01,5,63,23.4,91,16.4,1011.4,0.0,0.0,7,1448.1,0
2021-07-04 20:29:01,5,63,23.4,92,16.3,1011.4,0.0,0.0,7,1448.1,0
2021-07-04 20:34:01,5,63,23.3,92,16.2,1011.6,0.0,0.0,7,1448.1,0
2021-07-04 20:39:01,5,63,23.3,92,16.1,1011.7,0.0,0.0,7,1448.1,0
2021-07-04 20:44:01,5,63,23.2,92,16.0,1011.5,0.0,0.0,7,1448.1,0
2021-07-04 20:49:01,5,64,23.2,93,15.9,1011.6,0.0,0.0,7,1448.1,0
2021-07-04 20:54:01,5,64,23.1,93,15.9,1011.6,0.0,0.0,7,1448.1,0
2021-07-04 20:59:01,5,64,23.1,93,15.8,1011.7,0.0,0.0,7,1448.1,0
2021-07-04 21:04:01,5,64,23.1,93,15.6,1011.6,0.0,0.0,7,1448.1,0
2021-07-04 21:09:01,5,64,23.1,93,15.6,1011.5,0.0,0.0,7,1448.1,0
2021-07-04 21:14:01,5,64,23.1,93,15.5,1011.7,0.0,0.0,7,1448.1,0
2021-07-04 21:19:01,5,65,23.1,94,15.5,1011.6,0.0,0.0,7,1448.1,0
2021-07-04 21:24:01,5,65,23.1,94,15.4,1011.5,0.0,0.0,7,1448.1,0
2021-07-04 21:29:01,5,65,23.0,94,15.5,1011.6,0.0,0.0,7,1448.1,0
2021-07-04 21:34:01,5,65,23.0,94,15.4,1011.6,0.0,0.0,7,1448.1,0
2021-07-04 21:39:01,5,65,23.0,94,15.3,1011.7,0.0,0.0,7,1448.1,0
2021-07-04 21:44:01,5,65,23.0,94,15.3,1011.6,0.0,0.0,7,1448.1,0
2021-07-04 21:49:01,5,65,23.0,94,15.2,1011.7,0.0,0.0,7,1448.1,0
2021-07-04 21:54:01,5,65,23.0,94,15.3,1011.5,0.0,0.0,7,1448.1,0
2021-07-04 21:59:01,5,65,22.9,94,15.2,1011.6,0.0,0.0,7,1448.1,0
2021-07-04 22:04:01,5,65,22.9,95,15.2,1011.6,0.0,0.0,7,1448.1,0
2021-07-04 22:09:01,5,65,22.9,95,15.4,1011.6,0.0,0.0,7,1448.1,0
2021-07-04 22:14:01,5,65,22.9,95,15.6,1011.6,0.0,0.0,7,1448.1,0
2021-07-04 22:19:01,5,65,22.9,95,15.8,1011.6,0.0,0.0,7,1448.1,0
2021-07-04 22:24:01,5,65,22.8,95,15.8,1011.6,0.0,0.0,7,1448.1,0
2021-07-04 22:29:01,5,65,22.8,95,15.9,1011.5,0.0,0.0,7,1448.1,0
2021-07-04 22:34:01,5,65,22.8,95,16.0,1011.5,0.0,0.0,7,1448.1,0
2021-07-04 22:39:01,5,65,22.7,95,16.0,1011.6,0.0,0.0,7,1448.1,0
2021-07-04 22:44:01,5,65,22.8,95,16.0,1011.5,0.0,0.0,7,1448.1,0
2021-07-04 22:49:01,5,65,22.8,95,16.0,1011.6,0.0,0.0,7,1448.1,0
2021-07-04 22:54:01,5,65,22.8,95,16.1,1011.6,0.0,0.0,7,1448.1,0
2021-07-04 22:59:01,5,65,22.7,95,16.2,1011.7,0.0,0.0,7,1448.1,0
2021-07-04 23:04:01,5,65,22.7,95,16.3,1011.9,0.0,0.0,7,1448.7,0
2021-07-04 23:09:01,5,65,22.7,94,16.2,1011.9,1.0,1.7,9,1449.9,0
2021-07-04 23:14:01,5,65,22.7,95,16.1,1012.0,0,0.7,11,1450.5,0
2021-07-04 23:19:01,5,66,22.7,95,16.1,1012.2,0,0.7,10,1451.7,0
2021-07-04 23:24:01,5,66,22.7,95,16.1,1012.0,0,0,11,1453.8,0
2021-07-04 23:29:01,5,66,22.7,95,16.0,1012.1,0.3,1.0,10,1454.7,0
2021-07-04 23:34:01,5,66,22.7,95,16.0,1012.2,0,0,10,1455.0,0
2021-07-04 23:39:01,5,66,22.7,95,16.1,1012.0,0,0,12,1455.3,0
2021-07-04 23:44:01,5,66,22.6,95,16.1,1012.0,0,0,9,1455.6,0
2021-07-04 23:49:01,5,66,22.6,96,16.0,1012.0,0,0.7,10,1455.6,0
2021-07-04 23:54:01,5,66,22.6,96,16.0,1012.1,0.7,1.0,9,1455.9,0
2021-07-04 23:59:01,5,66,22.6,96,16.0,1012.2,0.7,1.0,8,1456.2,0
