2021-07-07 00:04:01,5,55,22.7,79,15.1,1014.4,0.0,0.0,10,1461.9,0
2021-07-07 00:09:01,5,55,22.7,81,14.8,1014.5,0.0,0.0,10,1461.9,0
2021-07-07 00:14:01,5,55,22.6,81,14.6,1014.4,0.0,0.0,10,1461.9,0
2021-07-07 00:19:01,5,56,22.6,82,14.4,1014.4,0.0,0.0,10,1461.9,0
2021-07-07 00:24:01,5,56,22.6,83,14.3,1014.4,0.0,0.0,10,1461.9,0
2021-07-07 00:29:01,5,56,22.6,83,14.3,1014.4,0.0,0.0,11,1461.9,0
2021-07-07 00:34:01,5,56,22.5,83,14.3,1014.4,0.0,0.0,11,1461.9,0
2021-07-07 00:39:01,5,56,22.5,83,14.2,1014.4,0.0,0.0,10,1461.9,0
2021-07-07 00:44:01,5,56,22.5,83,14.3,1014.5,0.0,0.0,10,1461.9,0
2021-07-07 00:49:01,5,56,22.4,83,14.2,1014.5,0.0,0.0,10,1461.9,0
2021-07-07 00:54:01,5,57,22.3,84,14.4,1014.4,0.0,0.0,10,1461.9,0
2021-07-07 00:59:01,5,57,22.3,84,14.4,1014.5,0.0,0.0,9,1461.9,0
2021-07-07 01:04:01,5,57,22.3,84,14.4,1014.4,0.0,0.0,10,1461.9,0
2021-07-07 01:09:01,5,57,22.3,84,14.5,1014.5,0.0,0.0,12,1461.9,0
2021-07-07 01:14:01,5,57,22.2,85,14.5,1014.5,0.0,0.0,7,1461.9,0
2021-07-07 01:19:01,5,57,22.2,85,14.6,1014.5,0.0,0.0,13,1461.9,0
2021-07-07 01:24:01,5,57,22.2,85,14.7,1014.6,0.0,0.0,0,1461.9,0
2021-07-07 01:29:01,5,57,22.2,85,14.8,1014.4,0.0,0.0,4,1461.9,0
2021-07-07 01:34:01,5,58,22.2,85,14.8,1014.5,0.0,0.0,11,1461.9,0
2021-07-07 01:39:01,5,58,22.1,85,15.0,1014.5,0.0,0.0,12,1461.9,0
2021-07-07 01:44:01,5,58,22.1,85,15.0,1014.6,0.0,0.0,11,1461.9,0
2021-07-07 01:49:01,5,58,22.1,84,15.1,1014.6,0.3,0.7,11,1461.9,0
2021-07-07 01:54:01,5,58,22.1,84,15.2,1014.7,0.0,0.7,10,1461.9,0
2021-07-07 01:59:01,5,58,22.1,84,15.2,1015.0,0.0,0.7,11,1461.9,0
2021-07-07 02:04:01,5,58,22.1,84,15.2,1014.9,0.0,0.0,3,1461.9,0
2021-07-07 02:09:01,5,58,22.1,84,15.2,1014.8,0.0,0.0,2,1461.9,0
2021-07-07 02:14:01,5,58,22.1,84,15.2,1014.9,0.3,0.7,11,1461.9,0
2021-07-07 02:19:01,5,58,22.0,84,15.2,1014.9,0.3,1.0,15,1461.9,0
2021-07-07 02:24:01,5,58,22.0,84,15.3,1014.8,0.0,0.0,10,1461.9,0
2021-07-07 02:29:01,5,58,22.0,84,15.3,1014.9,0.0,0.0,11,1461.9,0
2021-07-07 02:34:01,5,59,21.9,84,15.3,1014.8,0.3,0.7,10,1461.9,0
2021-07-07 02:39:01,5,59,21.9,84,15.3,1014.9,0.0,0.0,9,1461.9,0
2021-07-07 02:44:01,5,59,21.9,84,15.3,1015.0,0.0,0.0,12,1461.9,0
2021-07-07 02:49:01,5,59,21.9,85,15.2,1015.0,0.0,0.0,11,1461.9,0
2021-07-07 02:54:01,5,59,21.9,84,15.2,1015.0,0.0,0.0,9,1461.9,0
2021-07-07 02:59:01,5,59,21.9,84,15.3,1015.1,0.0,0.0,9,1461.9,0
2021-07-07 03:04:01,5,59,21.9,84,15.3,1015.0,0.7,1.7,10,1461.9,0
2021-07-07 03:09:01,5,59,21.9,86,15.4,1015.0,0.0,0.7,12,1461.9,0
2021-07-07 03:14:01,5,59,21.9,86,15.3,1015.1,0.0,0.0,6,1461.9,0
2021-07-07 03:19:01,5,59,21.9,87,15.1,1015.1,0.0,0.0,10,1461.9,0
2021-07-07 03:24:01,5,59,21.9,87,15.0,1015.2,0.0,0.0,10,1461.9,0
2021-07-07 03:29:01,5,59,21.9,88,14.9,1015.0,0.0,0.0,9,1461.9,0
2021-07-07 03:34:01,5,60,21.9,88,14.8,1015.2,0.0,0.0,9,1461.9,0
2021-07-07 03:39:01,5,60,21.9,89,14.7,1015.2,0.0,0.0,9,1461.9,0
2021-07-07 03:44:01,5,60,21.9,89,14.6,1015.2,0.0,0.0,7,1461.9,0
2021-07-07 03:49:01,5,60,21.9,89,14.6,1015.2,0.0,0.0,7,1461.9,0
2021-07-07 03:54:01,5,60,21.8,89,14.4,1015.3,0.0,0.0,7,1461.9,0
2021-07-07 03:59:01,5,60,21.8,89,14.4,1015.3,0.0,0.0,6,1461.9,0
2021-07-07 04:04:01,5,60,21.8,90,14.4,1015.4,0.0,0.0,6,1461.9,0
2021-07-07 04:09:01,5,60,21.8,90,14.3,1015.3,0.0,0.0,6,1461.9,0
2021-07-07 04:14:01,5,60,21.8,90,14.4,1015.4,0.0,0.0,6,1461.9,0
2021-07-07 04:19:01,5,60,21.8,90,14.4,1015.5,0.0,0.0,6,1461.9,0
2021-07-07 04:24:01,5,60,21.8,90,14.4,1015.5,0.0,0.0,6,1461.9,0
2021-07-07 04:29:01,5,60,21.8,90,14.4,1015.5,0.0,0.0,6,1461.9,0
2021-07-07 04:34:01,5,60,21.8,90,14.6,1015.6,0.0,0.0,7,1461.9,0
2021-07-07 04:39:01,5,60,21.8,90,14.8,1015.7,0.0,0.0,7,1461.9,0
2021-07-07 04:44:01,5,60,21.8,89,15.0,1015.8,0.0,0.0,8,1461.9,0
2021-07-07 04:49:01,5,60,21.8,88,15.1,1015.7,0.0,0.0,6,1461.9,0
2021-07-07 04:54:01,5,60,21.8,87,15.3,1015.7,0.0,0.0,1,1461.9,0
2021-07-07 04:59:01,5,60,21.9,87,15.5,1015.6,0.0,0.0,0,1461.9,0
2021-07-07 05:04:01,5,60,21.9,86,15.8,1015.6,0.0,0.0,15,1461.9,0
2021-07-07 05:09:01,5,60,21.9,85,15.9,1015.7,0.0,0.7,15,1461.9,0
2021-07-07 05:14:01,5,60,21.9,85,16.0,1015.6,0.0,0.0,0,1461.9,0
2021-07-07 05:19:01,5,59,22.0,85,16.0,1015.6,0.0,0.0,15,1461.9,0
2021-07-07 05:24:01,5,59,22.0,86,16.1,1015.7,0.0,0.0,2,1461.9,0
2021-07-07 05:29:01,5,59,22.1,86,16.1,1015.6,0.0,0.0,0,1461.9,0
2021-07-07 05:34:01,5,59,22.1,86,16.0,1015.7,0.0,0.0,0,1461.9,0
2021-07-07 05:39:01,5,59,22.1,86,16.0,1015.8,0.3,0.7,15,1461.9,0
2021-07-07 05:44:01,5,59,22.1,86,15.9,1015.8,0.0,0.0,0,1461.9,0
2021-07-07 05:49:01,5,59,22.1,86,15.9,1015.7,0.0,0.7,5,1461.9,0
2021-07-07 05:54:01,5,59,22.2,87,15.9,1015.9,0.0,0.0,13,1461.9,0
2021-07-07 05:59:01,5,59,22.2,87,15.9,1015.9,0.0,0.0,5,1461.9,0
2021-07-07 06:04:01,5,59,22.2,87,15.8,1016.1,0.0,0.0,8,1461.9,0
2021-07-07 06:09:01,5,59,22.2,87,16.1,1016.0,0.0,0.0,11,1461.9,0
2021-07-07 06:14:01,5,59,22.2,86,16.2,1016.0,0.0,0.0,2,1461.9,0
2021-07-07 06:19:01,5,59,22.3,86,16.1,1016.0,0.3,1.0,6,1461.9,0
2021-07-07 06:24:01,5,59,22.3,86,16.2,1016.1,0.0,0.0,7,1461.9,0
2021-07-07 06:29:01,5,59,22.4,84,16.9,1015.8,0.3,0.7,12,1461.9,0
2021-07-07 06:34:01,5,59,22.6,83,17.2,1015.8,0.0,0.7,10,1461.9,0
2021-07-07 06:39:01,5,59,22.8,83,17.4,1015.6,0.0,0.7,5,1461.9,0
2021-07-07 06:44:01,5,60,23.1,80,18.4,1015.4,0.3,1.0,10,1461.9,0
2021-07-07 06:49:01,5,60,23.4,81,18.1,1015.2,0.7,1.0,7,1461.9,0
2021-07-07 06:54:01,5,59,23.6,80,18.5,1014.9,0.3,1.0,10,1461.9,0
2021-07-07 06:59:01,5,58,23.9,80,18.5,1014.7,1.0,1.7,10,1461.9,0
2021-07-07 07:04:01,5,57,24.1,78,18.6,1014.6,1.0,2.0,11,1461.9,0
2021-07-07 07:09:01,5,56,24.4,78,18.6,1014.3,1.7,2.7,13,1461.9,0
2021-07-07 07:14:01,5,55,24.7,77,18.8,1014.2,1.0,2.7,9,1461.9,0
2021-07-07 07:19:01,5,54,25.0,77,18.8,1013.9,1.0,2.7,9,1461.9,0
2021-07-07 07:24:01,5,53,25.1,76,18.8,1013.6,1.4,2.0,8,1461.9,0
2021-07-07 07:29:01,5,53,25.2,76,19.4,1013.6,1.0,1.7,8,1461.9,0
2021-07-07 07:34:01,5,53,25.2,75,19.6,1013.5,1.0,2.0,9,1461.9,0
2021-07-07 07:39:01,5,52,25.3,74,20.0,1013.3,0.7,1.0,7,1461.9,0
2021-07-07 07:44:01,5,52,25.3,75,19.2,1013.2,1.4,3.1,6,1461.9,0
2021-07-07 07:49:01,5,52,25.2,76,18.8,1013.4,1.4,2.0,6,1461.9,0
2021-07-07 07:54:01,5,52,25.2,76,18.8,1013.5,1.0,3.7,6,1461.9,0
2021-07-07 07:59:01,5,52,25.2,75,19.3,1013.8,0.3,0.7,13,1461.9,0
2021-07-07 08:04:01,5,53,25.2,73,19.4,1013.7,1.0,2.0,11,1461.9,0
2021-07-07 08:09:01,5,53,25.2,72,19.9,1013.8,1.4,2.0,7,1461.9,0
2021-07-07 08:14:01,5,53,25.2,73,19.9,1013.8,0.3,0.7,12,1461.9,0
2021-07-07 08:19:01,5,53,25.1,74,19.3,1014.1,1.0,2.0,11,1461.9,0
2021-07-07 08:24:01,5,53,25.1,73,19.0,1014.2,1.4,2.7,5,1461.9,0
2021-07-07 08:29:01,5,53,25.0,73,19.4,1014.2,0.7,1.0,10,1461.9,0
2021-07-07 08:34:01,5,54,24.9,73,19.5,1014.4,1.0,2.7,10,1461.9,0
2021-07-07 08:39:01,5,54,24.9,75,19.3,1014.5,0.7,2.0,10,1461.9,0
2021-07-07 08:44:01,5,55,24.8,74,19.3,1014.6,1.0,1.7,6,1461.9,0
2021-07-07 08:49:01,5,55,24.7,73,19.6,1014.8,0.7,1.7,12,1461.9,0
2021-07-07 08:54:01,5,55,24.7,71,20.2,1014.8,1.0,2.0,12,1461.9,0
2021-07-07 08:59:01,5,54,24.7,70,19.7,1014.9,2.4,3.1,9,1461.9,0
2021-07-07 09:04:01,5,54,24.6,72,19.6,1015.0,1.0,1.7,11,1461.9,0
2021-07-07 09:09:01,5,54,24.6,72,19.7,1015.0,1.0,2.0,9,1461.9,0
2021-07-07 09:14:01,5,54,24.5,73,19.4,1015.2,0.7,1.7,5,1461.9,0
2021-07-07 09:19:01,5,53,24.4,75,18.9,1015.4,0.7,1.0,8,1461.9,0
2021-07-07 09:24:01,5,53,24.4,77,18.6,1015.6,0.0,0.7,13,1461.9,0
2021-07-07 09:29:01,5,54,24.3,79,18.3,1015.7,0.7,1.7,7,1461.9,0
2021-07-07 09:34:01,5,54,24.1,80,18.5,1015.9,0.7,1.0,5,1461.9,0
2021-07-07 09:39:01,5,55,24.2,79,18.7,1015.9,0.3,0.7,11,1461.9,0
2021-07-07 09:44:01,5,55,24.1,79,18.7,1016.0,0.7,1.0,6,1461.9,0
2021-07-07 09:49:01,5,55,24.1,79,18.5,1016.0,1.0,2.7,8,1461.9,0
2021-07-07 09:54:01,5,55,24.1,79,18.5,1016.1,0.7,1.7,6,1461.9,0
2021-07-07 09:59:01,5,55,24.1,76,19.3,1016.1,0.7,1.7,6,1461.9,0
2021-07-07 10:04:01,5,56,24.3,74,20.0,1015.9,0.3,1.0,8,1461.9,0
2021-07-07 10:09:01,5,55,24.4,74,19.9,1015.9,0.3,1.0,9,1461.9,0
2021-07-07 10:14:01,5,55,24.5,72,20.5,1015.8,0.3,1.0,13,1461.9,0
2021-07-07 10:19:01,5,54,24.4,71,19.8,1015.9,1.4,2.7,5,1461.9,0
2021-07-07 10:24:01,5,54,24.4,73,19.7,1015.9,0.7,1.7,11,1461.9,0
2021-07-07 10:29:01,5,53,24.4,72,19.7,1016.1,1.0,3.1,14,1461.9,0
2021-07-07 10:34:01,5,53,24.4,72,19.8,1016.2,1.4,2.0,12,1461.9,0
2021-07-07 10:39:01,5,53,24.3,71,19.8,1016.3,0.7,1.0,8,1461.9,0
2021-07-07 10:44:01,5,53,24.3,71,20.2,1016.3,0.7,1.7,3,1461.9,0
2021-07-07 10:49:01,5,53,24.3,70,20.7,1016.6,1.0,2.0,7,1461.9,0
2021-07-07 10:54:01,5,54,24.4,69,20.6,1016.4,1.7,4.8,10,1461.9,0
2021-07-07 10:59:01,5,53,24.4,68,21.0,1016.4,0.7,2.0,6,1461.9,0
2021-07-07 11:04:01,5,53,24.4,66,21.0,1016.4,1.0,2.0,6,1461.9,0
2021-07-07 11:09:01,5,53,24.5,68,20.6,1016.3,1.4,2.0,7,1461.9,0
2021-07-07 11:14:01,5,52,24.5,68,21.0,1016.3,0.7,1.0,12,1461.9,0
2021-07-07 11:19:01,5,52,24.5,67,21.0,1016.4,1.0,1.7,6,1461.9,0
2021-07-07 11:24:01,5,52,24.5,68,21.0,1016.3,0.7,1.7,10,1461.9,0
2021-07-07 11:29:01,5,52,24.5,66,21.2,1016.4,1.4,2.0,13,1461.9,0
2021-07-07 11:34:01,5,52,24.4,65,21.3,1016.5,1.0,2.0,12,1461.9,0
2021-07-07 11:39:01,5,52,24.4,64,21.8,1016.4,1.0,2.7,15,1461.9,0
2021-07-07 11:44:01,5,52,24.4,63,21.9,1016.5,1.0,2.0,8,1461.9,0
2021-07-07 11:49:01,5,52,24.4,63,21.3,1016.6,1.7,3.7,5,1461.9,0
2021-07-07 11:54:01,5,51,24.4,63,21.6,1016.7,1.0,1.7,7,1461.9,0
2021-07-07 11:59:01,5,51,24.4,63,21.9,1016.7,0.7,1.7,15,1461.9,0
2021-07-07 12:04:01,5,51,24.4,62,22.3,1016.8,0.7,1.7,5,1461.9,0
2021-07-07 12:09:01,5,51,24.4,63,21.7,1016.7,1.0,2.7,5,1461.9,0
2021-07-07 12:14:01,5,51,24.4,64,21.7,1016.7,0.7,1.0,5,1461.9,0
2021-07-07 12:19:01,5,51,24.4,61,22.0,1016.8,1.7,2.7,9,1461.9,0
2021-07-07 12:24:01,5,51,24.4,62,22.5,1016.7,0.7,1.7,8,1461.9,0
2021-07-07 12:29:01,5,51,24.5,62,21.8,1016.9,1.7,2.7,6,1461.9,0
2021-07-07 12:34:01,5,52,24.6,63,21.4,1016.8,1.4,2.0,7,1461.9,0
2021-07-07 12:39:01,5,52,24.6,62,22.5,1016.7,1.0,1.7,6,1461.9,0
2021-07-07 12:44:01,5,52,24.6,64,21.8,1016.6,0.7,2.7,6,1461.9,0
2021-07-07 12:49:01,5,52,24.6,62,22.8,1016.7,1.4,2.7,6,1461.9,0
2021-07-07 12:54:01,5,52,24.6,65,22.2,1016.7,0.0,0.7,6,1461.9,0
2021-07-07 12:59:01,5,52,24.6,64,21.6,1016.8,1.4,2.7,6,1461.9,0
2021-07-07 13:04:01,5,52,24.6,65,21.4,1016.9,0.7,1.0,8,1461.9,0
2021-07-07 13:09:01,5,52,24.6,65,21.5,1017.0,0.3,1.0,6,1461.9,0
2021-07-07 13:14:01,5,52,24.6,66,21.6,1017.0,0.0,0.7,9,1461.9,0
2021-07-07 13:19:01,5,52,24.5,65,21.5,1017.0,0.3,1.0,6,1461.9,0
2021-07-07 13:24:01,5,52,24.5,65,22.1,1017.0,0.0,0.7,5,1461.9,0
2021-07-07 13:29:01,5,52,24.5,64,21.5,1017.0,1.0,1.7,10,1461.9,0
2021-07-07 13:34:01,5,53,24.6,64,21.5,1017.0,0.7,1.0,6,1461.9,0
2021-07-07 13:39:01,5,53,24.6,64,21.5,1017.1,0.7,1.7,8,1461.9,0
2021-07-07 13:44:01,5,52,24.5,66,21.4,1017.2,0.3,1.0,7,1461.9,0
2021-07-07 13:49:01,5,52,24.5,64,21.3,1017.2,0.3,1.0,8,1461.9,0
2021-07-07 13:54:01,5,52,24.4,65,21.2,1017.3,0.7,1.0,9,1461.9,0
2021-07-07 13:59:01,5,52,24.4,64,21.2,1017.3,1.0,1.7,8,1461.9,0
2021-07-07 14:04:01,5,51,24.4,66,21.6,1017.3,0.0,0.7,8,1461.9,0
2021-07-07 14:09:01,5,52,24.4,65,21.5,1017.3,0.7,1.0,7,1461.9,0
2021-07-07 14:14:01,5,52,24.4,65,21.4,1017.4,0.7,1.0,7,1461.9,0
2021-07-07 14:19:01,5,52,24.4,65,21.6,1017.4,1.0,2.7,6,1461.9,0
2021-07-07 14:24:01,5,52,24.4,66,21.8,1017.4,0.3,0.7,9,1461.9,0
2021-07-07 14:29:01,5,52,24.4,64,21.8,1017.5,0.7,1.0,6,1461.9,0
2021-07-07 14:34:01,5,52,24.4,64,22.9,1017.4,0.0,0.7,8,1461.9,0
2021-07-07 14:39:01,5,52,24.4,61,23.7,1017.2,0.3,1.0,8,1461.9,0
2021-07-07 14:44:01,5,53,24.5,58,23.7,1017.1,0.3,1.0,7,1461.9,0
2021-07-07 14:49:01,5,53,24.6,58,23.9,1017.1,0.3,1.0,8,1461.9,0
2021-07-07 14:54:01,5,53,24.6,59,23.4,1017.0,0.0,0.7,9,1461.9,0
2021-07-07 14:59:01,5,53,24.7,59,23.3,1017.0,1.4,2.0,9,1461.9,0
2021-07-07 15:04:01,5,53,24.7,60,22.5,1017.0,0.7,2.0,12,1461.9,0
2021-07-07 15:09:01,5,53,24.8,61,22.6,1016.9,0.7,1.7,11,1461.9,0
2021-07-07 15:14:01,5,53,24.8,61,22.8,1016.9,0.3,1.0,7,1461.9,0
2021-07-07 15:19:01,5,53,24.8,61,22.5,1017.0,0.7,1.0,7,1461.9,0
2021-07-07 15:24:01,5,53,24.9,63,22.4,1017.0,0.0,0.0,4,1461.9,0
2021-07-07 15:29:01,5,53,24.9,63,22.4,1017.0,0.3,0.7,3,1461.9,0
2021-07-07 15:34:01,5,53,24.9,63,22.5,1017.1,0.3,1.0,10,1461.9,0
2021-07-07 15:39:01,5,53,24.9,62,22.5,1017.0,0.3,0.7,9,1461.9,0
2021-07-07 15:44:01,5,52,24.9,62,22.3,1016.9,0.3,1.0,6,1461.9,0
2021-07-07 15:49:01,5,52,24.9,64,22.6,1017.0,0.0,0.0,6,1461.9,0
2021-07-07 15:54:01,5,52,24.9,64,22.4,1016.9,0.7,1.0,8,1461.9,0
2021-07-07 15:59:01,5,53,24.9,62,22.6,1017.0,0.3,1.0,9,1461.9,0
2021-07-07 16:04:01,5,52,25.0,64,22.2,1017.0,0.7,1.0,7,1461.9,0
2021-07-07 16:09:01,5,52,25.0,63,22.2,1016.9,0.0,1.0,6,1461.9,0
2021-07-07 16:14:01,5,52,25.0,64,22.1,1016.9,0.7,2.0,11,1461.9,0
2021-07-07 16:19:01,5,52,25.0,65,22.1,1016.9,0.3,1.0,11,1461.9,0
2021-07-07 16:24:01,5,52,25.0,66,22.0,1016.9,0.0,0.7,9,1461.9,0
2021-07-07 16:29:01,5,53,25.0,65,22.0,1017.1,0.7,1.0,11,1461.9,0
2021-07-07 16:34:01,5,53,25.0,64,21.9,1017.2,1.0,1.7,9,1461.9,0
2021-07-07 16:39:01,5,53,25.0,62,22.1,1017.0,0.7,1.7,8,1461.9,0
2021-07-07 16:44:01,5,53,25.0,61,22.0,1017.1,1.4,2.7,7,1461.9,0
2021-07-07 16:49:01,5,53,25.0,62,21.8,1017.1,0.7,1.0,8,1461.9,0
2021-07-07 16:54:01,5,53,25.0,64,21.7,1017.1,0.7,1.7,11,1461.9,0
2021-07-07 16:59:01,5,52,25.0,63,21.7,1017.1,0.3,0.7,4,1461.9,0
2021-07-07 17:04:01,5,53,25.0,64,22.0,1017.1,0.3,0.7,3,1461.9,0
2021-07-07 17:09:01,5,52,25.0,63,21.9,1017.1,0.3,1.0,5,1461.9,0
2021-07-07 17:14:01,5,53,24.9,64,21.6,1017.3,0.0,0.7,6,1461.9,0
2021-07-07 17:19:01,5,54,24.9,64,21.6,1017.3,0.3,0.7,7,1461.9,0
2021-07-07 17:24:01,5,54,24.9,65,21.5,1017.4,0.3,0.7,8,1461.9,0
2021-07-07 17:29:01,5,54,24.9,66,21.4,1017.3,0.7,1.0,5,1461.9,0
2021-07-07 17:34:01,5,54,24.8,66,21.5,1017.4,0.0,0.0,5,1461.9,0
2021-07-07 17:39:01,5,54,24.8,65,21.4,1017.5,0.3,1.0,5,1461.9,0
2021-07-07 17:44:01,5,54,24.7,67,21.4,1017.7,0.0,0.0,5,1461.9,0
2021-07-07 17:49:01,5,54,24.7,66,21.4,1017.6,0.0,0.0,5,1461.9,0
2021-07-07 17:54:01,5,54,24.7,66,21.2,1017.7,0.3,1.0,7,1461.9,0
2021-07-07 17:59:01,5,54,24.7,66,21.1,1017.7,0.3,1.0,7,1461.9,0
2021-07-07 18:04:01,5,54,24.7,66,21.1,1017.7,0.0,0.0,7,1461.9,0
2021-07-07 18:09:01,5,54,24.7,67,21.1,1018.0,0.0,0.0,7,1461.9,0
2021-07-07 18:14:01,5,54,24.7,68,21.0,1017.8,0.0,0.0,7,1461.9,0
2021-07-07 18:19:01,5,54,24.7,68,20.9,1018.0,0.0,0.7,7,1461.9,0
2021-07-07 18:24:01,5,53,24.7,68,20.9,1018.1,0.0,0.0,7,1461.9,0
2021-07-07 18:29:01,5,53,24.7,69,20.8,1018.2,0.0,0.0,7,1461.9,0
2021-07-07 18:34:01,5,53,24.7,70,20.6,1018.2,0.0,0.0,7,1461.9,0
2021-07-07 18:39:01,5,53,24.7,71,20.6,1018.2,0.0,0.0,7,1461.9,0
2021-07-07 18:44:01,5,53,24.7,71,20.5,1018.2,0.0,0.0,7,1461.9,0
2021-07-07 18:49:01,5,53,24.6,72,20.4,1018.2,0.0,0.0,7,1461.9,0
2021-07-07 18:54:01,5,53,24.6,72,20.2,1018.4,0.0,0.0,7,1461.9,0
2021-07-07 18:59:01,5,53,24.6,73,20.1,1018.4,0.0,0.0,5,1461.9,0
2021-07-07 19:04:01,5,54,24.6,74,19.9,1018.6,0.0,0.0,5,1461.9,0
2021-07-07 19:09:01,5,54,24.6,75,19.8,1018.6,0.0,0.0,5,1461.9,0
2021-07-07 19:14:01,5,54,24.6,75,19.6,1018.7,0.0,0.0,5,1461.9,0
2021-07-07 19:19:01,5,54,24.6,75,19.5,1018.7,0.0,0.0,5,1461.9,0
2021-07-07 19:24:01,5,54,24.5,75,19.4,1018.7,0.0,0.0,5,1461.9,0
2021-07-07 19:29:01,5,54,24.5,76,19.2,1018.8,0.0,0.0,5,1461.9,0
2021-07-07 19:34:01,5,54,24.5,76,19.0,1018.9,0.0,0.0,5,1461.9,0
2021-07-07 19:39:01,5,54,24.5,77,18.9,1019.0,0.0,0.0,5,1461.9,0
2021-07-07 19:44:01,5,54,24.4,77,18.7,1018.9,0.0,0.7,5,1461.9,0
2021-07-07 19:49:01,5,54,24.4,77,18.6,1019.0,0.0,0.0,5,1461.9,0
2021-07-07 19:54:01,5,54,24.4,77,18.6,1019.2,0.0,0.0,5,1461.9,0
2021-07-07 19:59:01,5,54,24.4,77,18.5,1019.3,0.0,0.0,5,1461.9,0
2021-07-07 20:04:01,5,54,24.3,77,18.3,1019.4,0.0,0.0,5,1461.9,0
2021-07-07 20:09:01,5,54,24.3,78,18.2,1019.5,0.0,0.0,5,1461.9,0
2021-07-07 20:14:01,5,55,24.3,79,18.0,1019.6,0.0,0.0,5,1461.9,0
2021-07-07 20:19:01,5,55,24.1,80,17.7,1019.6,0.0,0.0,5,1461.9,0
2021-07-07 20:24:01,5,57,24.1,81,17.5,1019.9,0.0,0.0,5,1461.9,0
2021-07-07 20:29:02,5,58,24.1,81,17.4,1019.9,0.0,0.0,5,1461.9,0
2021-07-07 20:34:02,5,58,24.1,82,17.3,1019.9,0.0,0.0,5,1461.9,0
2021-07-07 20:39:02,5,59,24.1,82,17.2,1019.9,0.0,0.0,5,1461.9,0
2021-07-07 20:44:02,5,60,24.1,83,17.0,1020.0,0.0,0.0,5,1461.9,0
2021-07-07 20:49:02,5,60,24.0,83,16.9,1020.0,0.0,0.0,5,1461.9,0
2021-07-07 20:54:02,5,60,24.0,84,16.8,1020.1,0.0,0.0,5,1461.9,0
2021-07-07 20:59:02,5,60,24.0,84,16.6,1020.1,0.0,0.0,5,1461.9,0
2021-07-07 21:04:02,5,61,24.0,85,16.5,1020.2,0.0,0.0,5,1461.9,0
2021-07-07 21:09:02,5,61,24.0,85,16.4,1020.2,0.0,0.0,5,1461.9,0
2021-07-07 21:14:02,5,62,23.9,86,16.2,1020.1,0.0,0.0,5,1461.9,0
2021-07-07 21:19:02,5,62,23.9,86,16.2,1020.3,0.0,0.0,5,1461.9,0
2021-07-07 21:24:02,5,62,23.8,86,16.2,1020.4,0.0,0.0,5,1461.9,0
2021-07-07 21:29:02,5,62,23.8,86,16.1,1020.4,0.0,0.0,5,1461.9,0
2021-07-07 21:34:02,5,62,23.8,87,16.0,1020.3,0.0,0.0,5,1461.9,0
2021-07-07 21:39:02,5,62,23.8,87,16.0,1020.3,0.0,0.0,5,1461.9,0
2021-07-07 21:44:02,5,62,23.8,87,15.8,1020.4,0.0,0.0,5,1461.9,0
2021-07-07 21:49:02,5,62,23.8,87,15.8,1020.4,0.0,0.0,5,1461.9,0
2021-07-07 21:54:02,5,62,23.7,88,15.7,1020.6,0.0,0.0,5,1461.9,0
2021-07-07 21:59:02,5,62,23.7,88,15.6,1020.6,0.0,0.0,5,1461.9,0
2021-07-07 22:04:02,5,62,23.7,88,15.5,1020.7,0.0,0.0,5,1461.9,0
2021-07-07 22:09:02,5,62,23.7,89,15.4,1020.8,0.0,0.0,5,1461.9,0
2021-07-07 22:14:02,5,62,23.7,89,15.4,1020.7,0.0,0.0,5,1461.9,0
2021-07-07 22:19:02,5,62,23.6,89,15.3,1020.9,0.0,0.0,5,1461.9,0
2021-07-07 22:24:02,5,62,23.6,89,15.2,1021.0,0.0,0.0,5,1461.9,0
2021-07-07 22:29:02,5,62,23.6,90,15.2,1021.0,0.0,0.0,5,1461.9,0
2021-07-07 22:34:02,5,62,23.6,90,15.2,1021.1,0.0,0.0,5,1461.9,0
2021-07-07 22:39:02,5,62,23.6,90,15.1,1021.1,0.0,0.0,5,1461.9,0
2021-07-07 22:44:02,5,63,23.6,90,15.0,1021.3,0.0,0.0,5,1461.9,0
2021-07-07 22:49:02,5,63,23.5,90,14.9,1021.2,0.0,0.0,5,1461.9,0
2021-07-07 22:54:02,5,63,23.5,90,14.8,1021.3,0.0,0.0,5,1461.9,0
2021-07-07 22:59:02,5,63,23.4,91,14.9,1021.3,0.0,0.0,5,1461.9,0
2021-07-07 23:04:02,5,63,23.4,91,14.8,1021.5,0.0,0.0,5,1461.9,0
2021-07-07 23:09:02,5,63,23.4,91,14.7,1021.5,0,0,5,1461.9,0
2021-07-07 23:14:02,5,63,23.4,91,14.7,1021.4,0,0,5,1461.9,0
2021-07-07 23:19:02,5,63,23.4,91,14.7,1021.5,0,0,5,1461.9,0
2021-07-07 23:24:02,5,63,23.4,91,14.7,1021.6,0,0,5,1461.9,0
2021-07-07 23:29:02,5,63,23.4,91,14.6,1021.6,0,0,5,1461.9,0
2021-07-07 23:34:02,5,63,23.3,92,14.5,1021.7,0,0,5,1461.9,0
2021-07-07 23:39:02,5,63,23.3,92,14.5,1021.7,0,0,5,1461.9,0
2021-07-07 23:44:02,5,63,23.3,92,14.4,1021.6,0,0,5,1461.9,0
2021-07-07 23:49:02,5,63,23.2,92,14.3,1021.8,0,0,5,1461.9,0
2021-07-07 23:54:02,5,63,23.1,92,14.2,1021.7,0,0,5,1461.9,0
2021-07-07 23:59:02,5,63,23.1,92,14.2,1021.7,0,0,5,1461.9,0
