2019-10-16 00:02:00,5,73,20.6,97,12.6,1013.4,0.0,0.0,12,931.5,0
2019-10-16 00:07:00,5,73,20.6,97,12.6,1013.5,0.0,0.0,12,931.5,0
2019-10-16 00:12:00,5,73,20.5,97,12.5,1013.5,0.0,0.0,8,931.5,0
2019-10-16 00:17:00,5,73,20.5,97,12.5,1013.5,0.0,0.0,2,931.5,0
2019-10-16 00:22:00,5,73,20.5,97,12.5,1013.5,0.0,0.0,8,931.5,0
2019-10-16 00:27:00,5,73,20.5,97,12.5,1013.6,0.0,0.0,12,931.5,0
2019-10-16 00:32:00,5,73,20.5,97,12.5,1013.6,0.0,0.0,2,931.5,0
2019-10-16 00:37:00,5,73,20.5,97,12.5,1013.7,0.0,0.0,0,931.5,0
2019-10-16 00:42:00,5,73,20.5,97,12.5,1013.6,0.0,0.0,10,931.5,0
2019-10-16 00:47:00,5,73,20.4,97,12.5,1013.7,0.0,0.0,8,931.5,0
2019-10-16 00:52:00,5,73,20.4,97,12.5,1013.8,0.0,0.0,12,931.5,0
2019-10-16 00:57:00,5,73,20.4,97,12.5,1013.8,0.0,0.0,12,931.5,0
2019-10-16 01:02:00,5,73,20.4,97,12.4,1013.8,0.7,1.4,8,931.5,0
2019-10-16 01:07:00,5,73,20.4,97,12.5,1013.8,0.0,0.0,4,931.5,0
2019-10-16 01:12:00,5,73,20.4,97,12.4,1013.7,0.0,0.0,12,931.5,0
2019-10-16 01:17:00,5,73,20.4,97,12.4,1013.7,0.0,0.0,10,931.5,0
2019-10-16 01:22:00,5,73,20.4,97,12.4,1013.8,0.0,0.0,8,931.5,0
2019-10-16 01:27:00,5,73,20.4,97,12.3,1013.7,0.0,0.3,8,931.5,0
2019-10-16 01:32:00,5,73,20.3,97,12.3,1013.8,0.0,0.3,6,931.5,0
2019-10-16 01:37:00,5,73,20.3,97,12.3,1013.8,0.0,1.0,6,931.5,0
2019-10-16 01:42:00,5,73,20.3,97,12.3,1013.8,0.0,0.0,12,931.5,0
2019-10-16 01:47:00,5,73,20.3,97,12.2,1013.9,0.3,1.4,8,931.5,0
2019-10-16 01:52:00,5,73,20.3,97,12.1,1013.8,0.0,0.3,14,931.5,0
2019-10-16 01:57:00,5,73,20.2,97,12.1,1014.0,0.0,0.0,4,931.5,0
2019-10-16 02:02:00,5,72,20.2,97,12.0,1013.8,0.7,1.4,10,931.5,0
2019-10-16 02:07:00,5,72,20.2,97,12.0,1013.8,0.7,1.4,10,931.5,0
2019-10-16 02:12:00,5,72,20.2,98,11.9,1013.9,0.0,0.0,6,931.5,0
2019-10-16 02:17:00,5,72,20.2,98,11.8,1013.8,0.0,0.0,14,931.5,0
2019-10-16 02:22:00,5,72,20.1,98,11.6,1013.9,0.0,0.0,0,931.5,0
2019-10-16 02:27:00,5,72,20.1,98,11.5,1013.8,0.0,0.0,14,931.5,0
2019-10-16 02:33:00,6,72,20.1,98,11.4,1013.9,0.0,0.3,14,931.5,0
2019-10-16 02:38:00,5,72,20.1,98,11.3,1013.9,0.0,0.3,10,931.5,0
2019-10-16 02:43:00,5,72,20.1,98,11.3,1013.8,0.0,0.0,10,931.5,0
2019-10-16 02:48:00,5,72,20.0,98,11.2,1013.9,0.0,0.0,0,931.5,0
2019-10-16 02:53:00,5,72,20.0,98,11.1,1013.9,0.0,0.3,12,931.5,0
2019-10-16 02:58:00,5,72,20.0,98,11.1,1014.0,0.0,0.0,4,931.5,0
2019-10-16 03:03:00,5,72,20.0,98,11.0,1014.0,0.0,0.0,0,931.5,0
2019-10-16 03:08:00,5,72,20.0,98,11.0,1014.1,0.3,1.0,11,931.5,0
2019-10-16 03:13:00,5,72,20.0,98,11.0,1013.9,0.0,0.3,2,931.5,0
2019-10-16 03:18:00,5,73,19.9,99,10.9,1014.0,0.0,0.0,10,931.5,0
2019-10-16 03:23:00,5,73,19.8,99,10.9,1014.0,0.0,0.0,14,931.5,0
2019-10-16 03:29:00,6,73,19.8,99,10.9,1014.1,0.0,0.0,8,931.5,0
2019-10-16 03:34:00,5,73,19.8,99,10.8,1014.0,0.0,0.0,0,931.5,0
2019-10-16 03:39:00,5,73,19.8,99,10.8,1014.0,0.0,0.0,3,931.5,0
2019-10-16 03:44:00,5,73,19.8,99,10.8,1014.0,0.0,0.0,6,931.5,0
2019-10-16 03:49:00,5,73,19.8,99,10.7,1014.1,0.0,0.0,12,931.5,0
2019-10-16 03:54:00,5,73,19.7,99,10.6,1014.1,0.0,0.3,11,931.5,0
2019-10-16 03:59:00,5,73,19.7,99,10.6,1014.1,0.0,0.0,12,931.5,0
2019-10-16 04:05:00,6,73,19.7,99,10.6,1014.1,0.0,0.0,0,931.5,0
2019-10-16 04:10:00,5,73,19.7,99,10.6,1014.1,0.0,0.0,14,931.5,0
2019-10-16 04:15:00,5,73,19.7,99,10.5,1014.1,0.0,0.0,0,931.5,0
2019-10-16 04:21:00,6,73,19.6,99,10.5,1014.1,0.0,0.0,2,931.5,0
2019-10-16 04:26:00,5,73,19.6,99,10.3,1014.1,0.0,0.0,2,931.5,0
2019-10-16 04:31:00,5,73,19.6,99,10.3,1014.1,0.0,0.0,14,931.5,0
2019-10-16 04:37:00,6,73,19.6,99,10.3,1014.2,0.0,0.0,14,931.5,0
2019-10-16 04:42:00,5,73,19.6,99,10.3,1014.3,0.0,0.0,6,931.5,0
2019-10-16 04:47:00,5,73,19.6,99,10.3,1014.3,0.0,0.0,0,931.5,0
2019-10-16 04:53:00,6,73,19.5,99,10.3,1014.4,0.0,0.0,12,931.5,0
2019-10-16 04:58:00,5,74,19.6,99,10.3,1014.2,0.0,0.0,0,931.5,0
2019-10-16 05:03:00,5,74,19.6,99,10.3,1014.2,0.0,0.0,11,931.5,0
2019-10-16 05:09:00,6,74,19.9,99,10.3,1014.0,0.0,0.0,3,931.5,0
2019-10-16 05:14:00,5,73,20.1,99,10.3,1013.9,0.0,0.0,8,931.5,0
2019-10-16 05:19:00,5,73,20.3,99,10.3,1013.7,0.0,0.0,0,931.5,0
2019-10-16 05:25:00,6,73,20.5,99,10.3,1013.5,0.0,0.0,12,931.5,0
2019-10-16 05:30:00,5,73,20.6,99,10.3,1013.4,0.0,0.0,0,931.5,0
2019-10-16 05:35:00,5,73,20.7,99,10.3,1013.2,0.0,0.0,0,931.5,0
2019-10-16 05:41:00,6,72,20.9,99,10.3,1013.0,0.0,0.0,14,931.5,0
2019-10-16 05:46:00,5,72,20.9,99,10.3,1012.8,0.0,0.3,10,931.5,0
2019-10-16 05:51:00,5,71,21.0,99,10.3,1012.7,0.0,0.0,8,931.5,0
2019-10-16 05:57:00,6,71,21.1,99,10.5,1012.7,0.0,0.0,10,931.5,0
2019-10-16 06:02:00,5,71,21.1,99,10.5,1012.7,0.0,0.3,6,931.5,0
2019-10-16 06:07:00,5,71,21.2,99,10.5,1012.6,0.0,0.3,6,931.5,0
2019-10-16 06:12:00,5,70,21.2,99,10.5,1012.9,0.0,0.0,8,931.5,0
2019-10-16 06:17:00,5,70,21.2,99,10.5,1012.6,0.0,0.0,14,931.5,0
2019-10-16 06:22:00,5,70,21.1,99,10.5,1012.8,0.0,0.0,12,931.5,0
2019-10-16 06:27:00,5,70,21.1,99,10.5,1012.7,0.0,0.0,10,931.5,0
2019-10-16 06:33:00,6,70,21.1,99,10.5,1012.8,0.3,1.7,10,931.5,0
2019-10-16 06:38:00,5,70,21.1,99,10.6,1012.8,0.0,0.3,0,931.5,0
2019-10-16 06:43:00,5,71,21.1,99,10.6,1012.7,0.0,0.0,0,931.5,0
2019-10-16 06:49:00,6,71,21.2,99,10.7,1012.6,0.0,0.0,8,931.5,0
2019-10-16 06:54:00,5,71,21.4,99,10.8,1012.4,0.0,0.0,12,931.5,0
2019-10-16 06:59:00,5,71,21.7,99,10.8,1012.1,0.0,0.0,6,931.5,0
2019-10-16 07:05:00,6,69,22.1,99,10.9,1011.9,0.0,0.0,8,931.5,0
2019-10-16 07:10:00,5,69,22.3,99,10.9,1011.6,0.0,0.3,14,931.5,0
2019-10-16 07:15:00,5,69,22.6,98,11.1,1011.4,0.0,0.3,14,931.5,0
2019-10-16 07:20:00,5,68,22.8,98,11.3,1011.0,0.0,0.0,0,931.5,0
2019-10-16 07:25:00,5,68,23.0,97,12.0,1010.8,0.0,0.0,10,931.5,0
2019-10-16 07:30:00,5,67,23.4,97,12.6,1010.5,0.0,0.0,12,931.5,0
2019-10-16 07:35:00,5,66,23.7,99,13.1,1010.1,0.3,2.0,0,931.5,0
2019-10-16 07:40:00,5,64,24.0,99,13.6,1009.7,0.0,0.0,0,931.5,0
2019-10-16 07:45:00,5,64,24.2,99,13.9,1009.5,0.7,1.7,10,931.5,0
2019-10-16 07:50:00,5,63,24.5,95,14.3,1009.3,0.7,2.7,14,931.5,0
2019-10-16 07:55:00,5,62,24.7,92,14.4,1009.1,0.0,0.0,10,931.5,0
2019-10-16 08:00:00,5,61,25.0,91,14.8,1008.9,0.0,0.3,10,931.5,0
2019-10-16 08:05:00,5,61,25.2,91,14.8,1008.7,0.0,0.3,10,931.5,0
2019-10-16 08:10:00,5,60,25.3,86,15.2,1008.6,0.0,0.3,0,931.5,0
2019-10-16 08:15:00,5,60,25.4,84,15.4,1008.4,0.7,2.0,8,931.5,0
2019-10-16 08:21:00,6,60,25.4,83,15.7,1008.3,0.0,0.3,10,931.5,0
2019-10-16 08:26:00,5,60,25.4,81,15.6,1008.2,0.0,0.0,12,931.5,0
2019-10-16 08:31:00,5,60,25.4,82,15.6,1008.0,0.0,0.3,8,931.5,0
2019-10-16 08:37:00,6,60,25.4,81,15.4,1008.0,0.0,1.0,14,931.5,0
2019-10-16 08:42:00,5,59,25.4,81,15.2,1008.1,0.0,0.0,4,931.5,0
2019-10-16 08:47:00,5,54,25.4,82,15.2,1008.0,0.3,1.7,0,931.5,0
2019-10-16 08:53:00,6,54,25.4,82,15.4,1008.2,0.7,1.4,14,931.5,0
2019-10-16 08:58:00,5,54,25.1,83,14.8,1008.4,0.0,0.7,12,931.5,0
2019-10-16 09:03:00,5,55,25.0,84,14.7,1008.5,0.0,0.0,2,931.5,0
2019-10-16 09:09:00,6,56,24.8,83,15.2,1008.5,0.0,0.3,0,931.5,0
2019-10-16 09:14:00,5,56,24.8,83,15.2,1008.7,0.3,1.0,2,931.5,0
2019-10-16 09:19:00,5,56,24.7,83,14.9,1008.8,1.4,2.4,8,931.5,0
2019-10-16 09:25:00,6,56,24.4,84,14.7,1008.9,0.3,1.7,10,931.5,0
2019-10-16 09:30:00,5,56,24.1,85,14.6,1009.2,0.0,1.0,6,931.5,0
2019-10-16 09:35:00,5,56,24.0,85,14.6,1009.2,0.0,0.3,0,931.5,0
2019-10-16 09:41:00,6,57,23.8,86,14.4,1009.5,0.3,1.4,8,931.5,0
2019-10-16 09:46:00,5,58,23.7,86,14.3,1009.5,0.3,1.0,12,931.5,0
2019-10-16 09:51:00,5,58,23.6,87,14.3,1009.5,0.3,1.7,10,931.5,0
2019-10-16 09:57:00,6,58,23.4,87,14.4,1009.6,0.3,0.7,12,931.5,0
2019-10-16 10:02:00,5,58,23.3,87,14.5,1009.6,0.3,1.4,6,931.5,0
2019-10-16 10:07:00,5,58,23.2,87,14.5,1009.6,0.3,1.4,6,931.5,0
2019-10-16 10:12:00,5,58,23.1,87,14.8,1009.8,0.3,1.7,10,931.5,0
2019-10-16 10:17:00,5,58,23.0,87,14.8,1009.9,0.7,2.0,10,931.5,0
2019-10-16 10:22:00,5,58,23.0,86,14.7,1010.0,1.0,1.7,0,931.5,0
2019-10-16 10:27:00,5,58,22.9,87,14.7,1010.0,0.0,0.7,0,931.5,0
2019-10-16 10:32:00,5,58,22.9,87,14.8,1009.8,0.7,1.4,10,931.5,0
2019-10-16 10:37:00,5,58,22.9,86,15.0,1009.8,0.7,2.4,2,931.5,0
2019-10-16 10:42:00,5,58,22.9,86,15.0,1010.0,0.3,1.7,10,931.5,0
2019-10-16 10:47:00,5,58,22.9,86,15.0,1009.9,0.7,1.7,12,931.5,0
2019-10-16 10:52:00,5,58,22.9,87,14.9,1009.9,1.4,3.1,8,931.5,0
2019-10-16 10:57:00,5,58,22.9,88,14.7,1009.8,1.0,2.7,8,931.5,0
2019-10-16 11:02:00,5,58,22.9,89,14.5,1009.8,1.7,2.7,14,931.5,0
2019-10-16 11:07:00,5,58,22.9,91,14.3,1009.8,0.0,0.0,14,931.5,0
2019-10-16 11:12:00,5,59,22.9,91,14.3,1009.7,0.0,0.0,12,931.5,0
2019-10-16 11:17:00,5,59,22.9,92,14.3,1009.6,1.4,3.1,6,931.5,0
2019-10-16 11:22:00,5,59,22.9,92,14.3,1009.7,0.0,1.0,14,931.5,0
2019-10-16 11:27:00,5,59,22.8,93,14.3,1009.5,0.3,1.4,0,931.5,0
2019-10-16 11:32:00,5,60,22.8,93,14.3,1009.6,0.3,1.7,12,931.5,0
2019-10-16 11:37:00,5,60,22.8,94,14.1,1009.6,0.3,1.0,0,931.5,0
2019-10-16 11:42:00,5,60,22.7,94,14.0,1009.5,0.0,0.0,,931.5,2048
2019-10-16 11:47:00,5,60,22.7,95,14.0,1009.5,0.7,2.0,0,931.8,0
2019-10-16 11:52:00,5,61,22.7,95,14.0,1009.4,0.0,0.0,12,931.8,0
2019-10-16 11:57:00,5,61,22.7,96,14.0,1009.4,0.0,0.7,12,931.8,0
2019-10-16 12:02:00,5,61,22.6,96,14.0,1009.4,0.7,1.7,14,931.8,0
2019-10-16 12:07:00,5,61,22.6,96,14.0,1009.4,0.7,1.7,14,931.8,0
2019-10-16 12:12:00,5,61,22.6,97,14.0,1009.5,0.0,0.7,6,931.8,0
2019-10-16 12:17:00,5,62,22.5,98,13.6,1009.4,0.0,0.3,14,931.8,0
2019-10-16 12:22:00,5,62,22.5,99,13.6,1009.5,0.0,1.7,8,931.8,0
2019-10-16 12:27:00,5,62,22.5,99,13.6,1009.5,0.0,0.0,8,931.8,0
2019-10-16 12:32:00,5,62,22.4,99,13.9,1009.5,0.0,0.7,12,931.8,0
2019-10-16 12:37:00,5,62,22.3,99,13.9,1009.5,0.0,0.7,8,931.8,0
2019-10-16 12:42:00,5,63,22.3,99,13.9,1009.5,0.0,0.3,0,931.8,0
2019-10-16 12:47:00,5,63,22.3,99,13.9,1009.6,0.0,0.0,10,931.8,0
2019-10-16 12:52:00,5,63,22.3,99,13.9,1009.5,1.7,2.7,10,931.8,0
2019-10-16 12:57:00,5,63,22.3,99,13.9,1009.6,0.0,0.3,8,931.8,0
2019-10-16 13:02:00,5,64,22.3,99,14.0,1009.6,0.0,0.3,10,931.8,0
2019-10-16 13:07:00,5,64,22.3,99,13.9,1009.4,0.0,0.3,8,932.1,0
2019-10-16 13:12:00,5,64,22.4,99,14.0,1009.5,0.0,0.0,8,932.1,0
2019-10-16 13:17:00,5,64,22.5,99,14.0,1009.4,0.0,0.0,14,932.1,0
2019-10-16 13:22:00,5,64,22.5,99,14.0,1009.3,0.0,0.0,12,932.1,0
2019-10-16 13:27:00,5,64,22.6,99,14.1,1009.1,0.3,1.4,10,932.1,0
2019-10-16 13:32:00,5,64,22.6,99,14.2,1009.2,0.0,0.0,6,932.1,0
2019-10-16 13:37:00,5,64,22.6,99,14.3,1009.2,0.0,0.3,2,932.1,0
2019-10-16 13:42:00,5,64,22.6,99,14.3,1009.1,0.3,1.4,9,932.1,0
2019-10-16 13:47:00,5,64,22.6,99,14.3,1009.0,0.0,0.0,12,932.1,0
2019-10-16 13:52:00,5,64,22.6,99,14.3,1009.1,0.0,0.7,14,932.1,0
2019-10-16 13:57:00,5,65,22.6,99,14.4,1009.2,0.0,0.0,8,932.1,0
2019-10-16 14:02:00,5,65,22.6,99,14.4,1009.1,0.0,0.0,12,932.1,0
2019-10-16 14:07:00,5,65,22.6,99,14.4,1009.0,0.0,0.0,12,932.1,0
2019-10-16 14:12:00,5,65,22.6,99,14.4,1009.1,0.0,0.3,2,932.1,0
2019-10-16 14:17:00,5,65,22.6,99,14.4,1009.1,1.7,2.4,8,932.1,0
2019-10-16 14:22:00,5,65,22.5,99,14.5,1009.1,0.0,0.0,12,932.1,0
2019-10-16 14:27:00,5,65,22.5,99,14.5,1009.1,0.0,0.0,6,932.1,0
2019-10-16 14:32:00,5,65,22.5,99,14.5,1009.1,1.7,2.7,10,932.1,0
2019-10-16 14:37:00,5,65,22.3,99,14.6,1009.2,0.0,1.0,14,932.1,0
2019-10-16 14:42:00,5,65,22.3,99,14.6,1009.3,0.0,0.3,6,932.1,0
2019-10-16 14:47:00,5,65,22.3,99,14.6,1009.2,0.3,1.7,12,932.1,0
2019-10-16 14:52:00,5,65,22.2,99,14.6,1009.3,0.0,0.3,12,932.1,0
2019-10-16 14:57:00,5,66,22.2,99,14.6,1009.3,0.0,1.0,8,932.1,0
2019-10-16 15:02:00,5,66,22.2,99,14.6,1009.1,0.0,1.4,14,932.4,0
2019-10-16 15:07:00,5,66,22.2,99,14.6,1009.1,0.0,0.0,14,932.4,0
2019-10-16 15:12:00,5,66,22.2,99,14.6,1009.2,0.0,0.0,8,932.4,0
2019-10-16 15:17:00,5,66,22.2,99,14.6,1009.2,0.0,0.0,4,932.4,0
2019-10-16 15:22:00,5,66,22.2,99,14.6,1009.2,0.3,1.7,14,932.4,0
2019-10-16 15:27:00,5,66,22.2,99,14.6,1009.2,0.0,0.0,10,932.4,0
2019-10-16 15:32:00,5,66,22.2,99,14.6,1009.2,0.0,0.7,10,932.4,0
2019-10-16 15:37:00,5,66,22.1,99,14.6,1009.3,0.3,1.0,10,932.4,0
2019-10-16 15:42:00,5,67,22.1,99,14.5,1009.4,0.0,0.3,14,932.4,0
2019-10-16 15:47:00,5,68,22.1,99,14.5,1009.3,0.0,0.0,6,932.7,0
2019-10-16 15:52:00,5,69,22.1,99,14.5,1009.4,0.0,0.3,14,933.3,0
2019-10-16 15:57:00,5,69,22.1,99,14.5,1009.4,0.0,0.0,14,933.3,0
2019-10-16 16:02:00,5,70,22.1,99,14.5,1009.3,0.0,0.0,14,933.3,0
2019-10-16 16:07:00,5,70,22.1,99,14.5,1009.2,0.0,0.0,14,933.3,0
2019-10-16 16:12:00,5,70,22.1,99,14.4,1009.5,0.3,1.4,10,934.5,0
2019-10-16 16:17:00,5,70,22.1,99,14.4,1009.5,0.0,0.0,12,934.5,0
2019-10-16 16:22:00,5,70,22.1,99,14.3,1009.5,0.0,0.0,14,934.5,0
2019-10-16 16:27:00,5,70,22.0,99,14.4,1009.4,0.0,0.0,4,934.5,0
2019-10-16 16:32:00,5,70,22.0,99,14.4,1009.6,1.4,2.0,8,934.5,0
2019-10-16 16:37:00,5,71,21.9,99,14.4,1009.6,0.0,0.0,14,934.5,0
2019-10-16 16:42:00,5,71,21.9,99,14.4,1009.7,0.3,1.4,2,934.8,0
2019-10-16 16:47:00,5,71,21.9,99,14.4,1009.7,0.7,2.4,12,934.8,0
2019-10-16 16:52:00,5,72,21.9,99,14.4,1009.8,0.0,0.0,10,934.8,0
2019-10-16 16:57:00,5,73,21.9,99,14.3,1009.7,0.0,0.3,10,934.8,0
2019-10-16 17:02:00,5,73,21.9,99,14.4,1009.7,0.0,0.0,8,934.8,0
2019-10-16 17:07:00,5,73,21.9,99,14.3,1009.7,0.3,1.4,14,934.8,0
2019-10-16 17:12:00,5,73,21.9,99,14.3,1009.9,0.0,0.0,14,934.8,0
2019-10-16 17:17:00,5,73,21.8,99,14.3,1009.9,0.0,0.0,10,935.1,0
2019-10-16 17:22:00,5,73,21.8,99,14.3,1009.8,0.0,0.3,14,935.1,0
2019-10-16 17:27:00,5,73,21.8,99,14.3,1009.9,0.0,0.0,11,935.1,0
2019-10-16 17:32:00,5,72,21.8,99,14.3,1009.9,0.0,0.3,8,935.1,0
2019-10-16 17:37:00,5,72,21.8,99,14.3,1009.9,0.0,0.0,0,935.4,0
2019-10-16 17:42:00,5,72,21.7,99,14.4,1009.9,0.0,0.0,12,935.4,0
2019-10-16 17:47:00,5,73,21.8,99,14.4,1010.0,0.0,1.4,10,935.7,0
2019-10-16 17:52:00,5,73,21.7,99,14.4,1010.0,0.0,0.3,10,935.7,0
2019-10-16 17:57:00,5,73,21.7,99,14.4,1010.1,0.0,0.0,14,936.0,0
2019-10-16 18:02:00,5,73,21.7,99,14.3,1010.1,1.0,2.7,14,936.0,0
2019-10-16 18:07:00,5,73,21.7,99,14.3,1010.1,1.0,2.7,14,936.0,0
2019-10-16 18:12:00,5,73,21.7,99,14.4,1010.1,0.0,1.0,4,936.3,0
2019-10-16 18:17:00,5,73,21.7,99,14.4,1010.0,0.0,0.7,10,936.3,0
2019-10-16 18:22:00,5,73,21.7,99,14.4,1010.1,0.0,0.0,10,936.6,0
2019-10-16 18:27:00,5,73,21.7,99,14.4,1010.2,0.0,0.0,4,936.6,0
2019-10-16 18:32:00,5,73,21.6,99,14.4,1010.2,0.0,0.0,7,936.6,0
2019-10-16 18:37:00,5,72,21.6,99,14.4,1010.2,0.0,0.3,1,936.9,0
2019-10-16 18:42:00,5,72,21.6,99,14.4,1010.3,0.0,1.0,10,937.2,0
2019-10-16 18:47:00,5,72,21.5,99,14.4,1010.2,0.0,1.0,14,937.8,0
2019-10-16 18:52:00,5,72,21.5,99,14.3,1010.1,0.0,1.4,10,938.1,0
2019-10-16 18:57:00,5,72,21.5,99,14.4,1010.1,0.0,0.0,10,938.4,0
2019-10-16 19:02:00,5,72,21.5,99,14.4,1010.1,0.0,0.0,14,938.4,0
2019-10-16 19:07:00,5,72,21.5,99,14.3,1010.2,0.0,0.0,10,938.4,0
2019-10-16 19:12:00,5,72,21.4,99,14.3,1010.3,0.0,0.0,15,938.4,0
2019-10-16 19:17:00,5,72,21.3,99,14.4,1010.2,0.0,0.0,2,938.7,0
2019-10-16 19:22:00,5,72,21.3,99,14.4,1010.3,0.0,0.0,8,938.7,0
2019-10-16 19:27:00,5,72,21.3,99,14.3,1010.3,0.0,0.0,14,938.7,0
2019-10-16 19:32:00,5,72,21.3,99,14.3,1010.3,0.3,1.4,14,938.7,0
2019-10-16 19:37:00,5,72,21.3,99,14.3,1010.3,0.0,0.0,0,938.7,0
2019-10-16 19:42:00,5,72,21.3,99,14.3,1010.5,0.0,0.0,10,938.7,0
2019-10-16 19:47:00,5,72,21.2,99,14.3,1010.4,0.0,0.3,8,938.7,0
2019-10-16 19:52:00,5,72,21.2,99,14.3,1010.5,0.0,0.3,0,938.7,0
2019-10-16 19:57:00,5,72,21.2,99,14.3,1010.5,0.0,0.0,8,938.7,0
2019-10-16 20:02:00,5,72,21.2,99,14.3,1010.5,0.0,1.7,8,938.7,0
2019-10-16 20:07:00,5,72,21.2,99,14.3,1010.6,0.0,1.7,8,938.7,0
2019-10-16 20:12:00,5,72,21.1,99,14.3,1010.6,0.7,2.7,14,939.0,0
2019-10-16 20:17:00,5,72,21.1,99,14.3,1010.6,0.0,0.7,8,939.0,0
2019-10-16 20:22:00,5,72,21.1,99,14.3,1010.6,0.3,1.0,6,939.0,0
2019-10-16 20:27:00,5,72,21.1,99,14.3,1010.8,1.4,3.1,10,939.0,0
2019-10-16 20:32:00,5,72,21.1,99,14.3,1010.6,0.0,1.0,10,939.0,0
2019-10-16 20:37:00,5,72,21.1,99,14.3,1010.8,0.3,1.0,0,939.0,0
2019-10-16 20:42:00,5,72,21.1,99,14.3,1010.9,0.0,0.3,10,939.0,0
2019-10-16 20:47:00,5,72,21.0,99,14.3,1010.9,0.0,0.0,2,939.0,0
2019-10-16 20:52:00,5,72,21.0,99,14.3,1010.9,0.0,0.7,4,939.0,0
2019-10-16 20:57:00,5,72,21.0,99,14.3,1010.9,1.0,2.4,8,939.0,0
2019-10-16 21:02:00,5,72,21.0,99,14.3,1010.9,0.0,0.3,10,939.0,0
2019-10-16 21:07:00,5,72,21.0,99,14.3,1010.9,0.7,2.0,12,939.0,0
2019-10-16 21:12:00,5,72,21.0,99,14.3,1010.8,0.0,0.0,2,939.0,0
2019-10-16 21:17:00,5,72,21.0,99,14.3,1011.0,0.0,0.0,10,939.0,0
2019-10-16 21:22:00,5,72,21.0,99,14.3,1011.0,0.0,0.0,0,939.0,0
2019-10-16 21:27:00,5,73,20.9,99,14.3,1011.0,0.0,0.0,12,939.3,0
2019-10-16 21:32:00,5,73,20.9,99,14.3,1011.0,0.7,2.0,10,939.3,0
2019-10-16 21:37:00,5,73,20.9,99,14.3,1011.0,0.7,1.4,12,939.3,0
2019-10-16 21:42:00,5,73,20.9,99,14.2,1011.1,0.0,0.0,14,939.3,0
2019-10-16 21:47:00,5,73,20.9,99,14.3,1011.0,0.0,0.0,10,939.3,0
2019-10-16 21:52:00,5,73,20.9,99,14.2,1011.0,0.0,0.3,8,939.6,0
2019-10-16 21:57:00,5,73,20.9,99,14.2,1010.9,0.0,0.0,10,939.9,0
2019-10-16 22:02:00,5,73,20.9,99,14.2,1010.9,1.0,2.4,8,939.9,0
2019-10-16 22:07:00,5,73,20.9,99,14.2,1010.9,1.0,2.4,8,939.9,0
2019-10-16 22:12:00,5,73,20.9,99,14.1,1010.9,0.7,1.4,10,940.2,0
2019-10-16 22:17:00,5,73,20.9,99,14.1,1010.9,0.0,0.0,0,940.2,0
2019-10-16 22:22:00,5,73,20.9,99,14.1,1010.9,0.0,0.0,14,940.2,0
2019-10-16 22:27:00,5,73,20.9,99,14.1,1010.9,0.0,0.0,2,940.2,0
2019-10-16 22:32:00,5,73,20.9,99,14.0,1010.9,0.0,0.0,4,940.2,0
2019-10-16 22:37:00,5,73,20.9,99,14.0,1010.9,2.0,4.1,10,940.2,0
2019-10-16 22:42:00,5,73,20.9,99,14.1,1010.9,0.0,0.3,14,940.2,0
2019-10-16 22:47:00,5,73,20.9,99,14.0,1010.7,1.0,2.4,12,940.2,0
2019-10-16 22:52:00,5,73,20.9,99,14.0,1010.8,0.0,1.7,10,940.2,0
2019-10-16 22:57:00,5,73,20.9,99,14.0,1010.8,1.4,2.4,0,940.2,0
2019-10-16 23:02:00,5,73,20.8,99,14.0,1010.8,0.0,0.0,0,940.2,0
2019-10-16 23:07:00,5,73,20.7,99,14.0,1010.7,0,0.3,2,940.2,0
2019-10-16 23:12:00,5,73,20.7,99,14.0,1010.9,0.3,1.7,14,940.2,0
2019-10-16 23:17:00,5,73,20.7,99,14.0,1010.9,0,0,12,940.2,0
2019-10-16 23:22:00,5,73,20.7,99,14.0,1010.9,0,0,8,940.2,0
2019-10-16 23:27:00,5,73,20.7,99,14.0,1010.9,0,0.3,4,940.2,0
2019-10-16 23:32:00,5,73,20.7,99,14.0,1010.8,0,0,2,940.2,0
2019-10-16 23:37:00,5,73,20.7,99,14.0,1010.8,0,0,0,940.5,0
2019-10-16 23:42:00,5,73,20.6,99,14.0,1011.1,0.7,1.0,10,940.5,0
2019-10-16 23:47:00,5,73,20.6,99,14.0,1011.1,0,0,8,940.5,0
2019-10-16 23:52:00,5,73,20.6,99,13.9,1011.2,0,0,10,940.5,0
2019-10-16 23:57:00,5,73,20.6,99,14.0,1011.1,0,0,10,940.8,0
