2025-06-30 00:00:35,1,57,25.2,78,18.1,1022.4,5,5,49,0.0,0,0.0,0
2025-06-30 00:01:36,1,57,25.2,78,18.1,1022.5,5,9,43,0.0,0,0.0,0
2025-06-30 00:02:37,1,57,25.2,78,18.0,1022.5,2,7,53,0.0,0,0.0,0
2025-06-30 00:03:38,1,57,25.2,78,18.0,1022.5,1,7,43,0.0,0,0.0,0
2025-06-30 00:04:39,1,57,25.2,78,18.0,1022.3,0,3,45,0.0,0,0.0,0
2025-06-30 00:05:40,1,57,25.3,78,18.0,1022.5,4,5,29,0.0,0,0.0,0
2025-06-30 00:06:41,1,57,25.2,78,18.0,1022.4,0,5,28,0.0,0,0.0,0
2025-06-30 00:07:42,1,57,25.2,78,18.0,1022.5,5,7,45,0.0,0,0.0,0
2025-06-30 00:08:43,1,57,25.2,78,18.0,1022.5,2,7,31,0.0,0,0.0,0
2025-06-30 00:09:44,1,57,25.2,78,18.0,1022.4,4,5,34,0.0,0,0.0,0
2025-06-30 00:10:45,1,57,25.2,78,18.0,1022.5,2,5,16,0.0,0,0.0,0
2025-06-30 00:11:46,1,57,25.2,78,18.0,1022.6,4,5,23,0.0,0,0.0,0
2025-06-30 00:12:47,1,57,25.2,78,18.0,1022.4,0,5,39,0.0,0,0.0,0
2025-06-30 00:13:48,1,57,25.2,78,18.0,1022.5,1,5,28,0.0,0,0.0,0
2025-06-30 00:14:49,1,57,25.2,78,17.9,1022.5,4,5,38,0.0,0,0.0,0
2025-06-30 00:15:50,1,57,25.2,79,17.9,1022.6,7,9,22,0.0,0,0.0,0
2025-06-30 00:16:51,1,57,25.2,79,17.9,1022.5,1,9,37,0.0,0,0.0,0
2025-06-30 00:17:52,1,57,25.2,78,17.9,1022.5,2,7,61,0.0,0,0.0,0
2025-06-30 00:18:53,1,57,25.2,79,17.9,1022.6,4,9,46,0.0,0,0.0,0
2025-06-30 00:19:54,1,57,25.2,79,17.9,1022.6,3,9,33,0.0,0,0.0,0
2025-06-30 00:20:55,1,57,25.2,79,17.9,1022.5,1,9,27,0.0,0,0.0,0
2025-06-30 00:21:56,1,57,25.2,78,17.9,1022.5,3,5,49,0.0,0,0.0,0
2025-06-30 00:22:57,1,57,25.2,79,17.9,1022.5,2,5,49,0.0,0,0.0,0
2025-06-30 00:23:58,1,57,25.2,79,17.8,1022.5,3,5,25,0.0,0,0.0,0
2025-06-30 00:24:59,1,56,25.2,79,17.8,1022.4,2,5,26,0.0,0,0.0,0
2025-06-30 00:26:00,1,56,25.2,79,17.8,1022.4,7,9,16,0.0,0,0.0,0
2025-06-30 00:27:01,1,57,25.2,79,17.8,1022.3,2,9,34,0.0,0,0.0,0
2025-06-30 00:28:02,1,56,25.2,79,17.8,1022.5,0,7,43,0.0,0,0.0,0
2025-06-30 00:29:03,1,56,25.2,79,17.8,1022.5,4,5,26,0.0,0,0.0,0
2025-06-30 00:30:04,1,56,25.2,79,17.8,1022.5,0,5,37,0.0,0,0.0,0
2025-06-30 00:31:05,1,56,25.2,79,17.7,1022.5,1,3,64,0.0,0,0.0,0
2025-06-30 00:32:06,1,56,25.2,79,17.7,1022.4,0,1,32,0.0,0,0.0,0
2025-06-30 00:33:07,1,56,25.2,79,17.7,1022.3,3,3,45,0.0,0,0.0,0
2025-06-30 00:34:08,1,56,25.2,79,17.7,1022.4,0,3,43,0.0,0,0.0,0
2025-06-30 00:35:09,1,56,25.3,79,17.7,1022.5,5,7,47,0.0,0,0.0,0
2025-06-30 00:36:10,1,56,25.2,79,17.7,1022.5,5,7,56,0.0,0,0.0,0
2025-06-30 00:37:11,1,56,25.2,79,17.7,1022.2,2,7,33,0.0,0,0.0,0
2025-06-30 00:38:12,1,56,25.2,79,17.7,1022.3,2,9,40,0.0,0,0.0,0
2025-06-30 00:39:13,1,56,25.2,80,17.7,1022.3,1,5,15,0.0,0,0.0,0
2025-06-30 00:40:14,1,56,25.2,80,17.7,1022.3,2,3,37,0.0,0,0.0,0
2025-06-30 00:41:15,1,56,25.2,80,17.7,1022.4,3,5,33,0.0,0,0.0,0
2025-06-30 00:42:16,1,56,25.2,80,17.7,1022.4,5,7,40,0.0,0,0.0,0
2025-06-30 00:43:17,1,56,25.2,80,17.6,1022.4,3,7,55,0.0,0,0.0,0
2025-06-30 00:44:18,1,56,25.2,80,17.6,1022.3,5,7,43,0.0,0,0.0,0
2025-06-30 00:45:19,1,56,25.2,80,17.6,1022.2,3,7,40,0.0,0,0.0,0
2025-06-30 00:46:20,1,56,25.2,80,17.6,1022.4,3,7,44,0.0,0,0.0,0
2025-06-30 00:47:21,1,56,25.2,80,17.6,1022.2,1,5,51,0.0,0,0.0,0
2025-06-30 00:48:22,1,56,25.2,80,17.6,1022.3,2,5,33,0.0,0,0.0,0
2025-06-30 00:49:23,1,56,25.2,80,17.6,1022.2,0,5,33,0.0,0,0.0,0
2025-06-30 00:50:24,1,56,25.2,80,17.6,1022.0,1,3,33,0.0,0,0.0,0
2025-06-30 00:51:25,1,56,25.2,80,17.6,1022.2,1,3,38,0.0,0,0.0,0
2025-06-30 00:52:26,1,56,25.2,80,17.6,1022.2,3,3,40,0.0,0,0.0,0
2025-06-30 00:53:27,1,56,25.2,80,17.6,1022.4,2,3,35,0.0,0,0.0,0
2025-06-30 00:54:28,1,56,25.2,80,17.6,1022.2,1,5,25,0.0,0,0.0,0
2025-06-30 00:55:29,1,56,25.2,80,17.5,1022.4,3,5,48,0.0,0,0.0,0
2025-06-30 00:56:30,1,56,25.2,80,17.5,1022.3,2,5,44,0.0,0,0.0,0
2025-06-30 00:57:31,1,56,25.2,81,17.5,1022.2,2,5,39,0.0,0,0.0,0
2025-06-30 00:58:32,1,56,25.2,81,17.5,1022.2,2,5,30,0.0,0,0.0,0
2025-06-30 00:59:33,1,56,25.2,81,17.5,1022.0,3,5,30,0.0,0,0.0,0
2025-06-30 01:00:34,1,56,25.2,81,17.5,1022.2,1,3,31,0.0,0,0.0,0
2025-06-30 01:01:35,1,56,25.2,81,17.5,1022.2,3,5,55,0.0,0,0.0,0
2025-06-30 01:02:36,1,56,25.2,81,17.5,1022.1,4,7,46,0.0,0,0.0,0
2025-06-30 01:03:37,1,56,25.2,81,17.5,1022.1,2,5,43,0.0,0,0.0,0
2025-06-30 01:04:38,1,56,25.2,81,17.5,1022.2,3,7,37,0.0,0,0.0,0
2025-06-30 01:05:39,1,56,25.2,81,17.5,1022.2,2,5,43,0.0,0,0.0,0
2025-06-30 01:06:40,1,56,25.2,81,17.6,1022.2,1,5,43,0.0,0,0.0,0
2025-06-30 01:07:41,1,56,25.2,81,17.6,1022.2,2,3,3,0.0,0,0.0,0
2025-06-30 01:08:42,1,56,25.2,81,17.6,1022.1,3,9,61,0.0,0,0.0,0
2025-06-30 01:09:43,1,56,25.2,81,17.6,1022.0,3,7,41,0.0,0,0.0,0
2025-06-30 01:10:44,1,56,25.2,81,17.6,1022.2,1,5,37,0.0,0,0.0,0
2025-06-30 01:11:45,1,56,25.2,81,17.6,1022.1,6,9,22,0.0,0,0.0,0
2025-06-30 01:12:46,1,56,25.2,81,17.6,1022.1,3,9,45,0.0,0,0.0,0
2025-06-30 01:13:47,1,56,25.2,81,17.6,1022.2,2,7,59,0.0,0,0.0,0
2025-06-30 01:14:48,1,56,25.2,81,17.6,1022.0,3,9,28,0.0,0,0.0,0
2025-06-30 01:15:49,1,56,25.2,81,17.6,1022.0,5,7,23,0.0,0,0.0,0
2025-06-30 01:16:50,1,56,25.2,81,17.6,1022.2,3,9,47,0.0,0,0.0,0
2025-06-30 01:17:51,1,56,25.2,81,17.6,1022.2,3,11,35,0.0,0,0.0,0
2025-06-30 01:18:52,1,56,25.2,81,17.6,1022.1,3,11,46,0.0,0,0.0,0
2025-06-30 01:19:53,1,56,25.2,81,17.6,1022.1,2,7,73,0.0,0,0.0,0
2025-06-30 01:20:54,1,56,25.2,81,17.6,1022.2,2,5,41,0.0,0,0.0,0
2025-06-30 01:21:55,1,56,25.2,81,17.6,1022.1,4,5,36,0.0,0,0.0,0
2025-06-30 01:22:56,1,56,25.2,81,17.6,1021.9,5,9,56,0.0,0,0.0,0
2025-06-30 01:23:57,1,56,25.2,81,17.6,1022.0,4,9,44,0.0,0,0.0,0
2025-06-30 01:24:58,1,56,25.2,81,17.6,1022.1,3,11,45,0.0,0,0.0,0
2025-06-30 01:25:59,1,56,25.2,81,17.6,1022.1,10,14,76,0.0,0,0.0,0
2025-06-30 01:27:00,1,56,25.2,81,17.6,1022.1,2,14,48,0.0,0,0.0,0
2025-06-30 01:28:01,1,56,25.2,81,17.6,1021.9,1,7,71,0.0,0,0.0,0
2025-06-30 01:29:02,1,56,25.2,81,17.6,1021.8,2,5,41,0.0,0,0.0,0
2025-06-30 01:30:03,1,56,25.2,81,17.5,1022.1,3,5,51,0.0,0,0.0,0
2025-06-30 01:31:04,1,56,25.2,81,17.5,1022.1,3,5,54,0.0,0,0.0,0
2025-06-30 01:32:05,1,56,25.2,81,17.5,1022.0,1,5,63,0.0,0,0.0,0
2025-06-30 01:33:06,1,56,25.2,81,17.5,1022.0,2,7,41,0.0,0,0.0,0
2025-06-30 01:34:07,1,56,25.2,81,17.5,1022.0,1,7,47,0.0,0,0.0,0
2025-06-30 01:35:08,1,56,25.2,81,17.5,1022.0,5,7,51,0.0,0,0.0,0
2025-06-30 01:36:09,1,56,25.2,81,17.5,1022.0,6,7,21,0.0,0,0.0,0
2025-06-30 01:37:10,1,56,25.2,81,17.5,1022.0,2,7,7,0.0,0,0.0,0
2025-06-30 01:38:11,1,56,25.2,81,17.4,1022.0,4,5,65,0.0,0,0.0,0
2025-06-30 01:39:12,1,56,25.2,81,17.4,1022.1,4,5,40,0.0,0,0.0,0
2025-06-30 01:40:13,1,56,25.2,81,17.5,1022.0,5,7,58,0.0,0,0.0,0
2025-06-30 01:41:14,1,56,25.2,81,17.5,1021.9,5,9,18,0.0,0,0.0,0
2025-06-30 01:42:15,1,56,25.2,82,17.5,1021.9,4,9,34,0.0,0,0.0,0
2025-06-30 01:43:16,1,56,25.2,81,17.5,1022.0,9,11,45,0.0,0,0.0,0
2025-06-30 01:44:17,1,56,25.2,81,17.5,1022.0,3,11,34,0.0,0,0.0,0
2025-06-30 01:45:18,1,56,25.2,82,17.5,1021.8,1,7,45,0.0,0,0.0,0
2025-06-30 01:46:19,1,56,25.2,82,17.5,1021.9,1,3,54,0.0,0,0.0,0
2025-06-30 01:47:20,1,56,25.2,82,17.5,1021.9,2,3,76,0.0,0,0.0,0
2025-06-30 01:48:21,1,56,25.2,82,17.4,1022.1,2,7,45,0.0,0,0.0,0
2025-06-30 01:49:22,1,56,25.2,82,17.4,1021.9,6,7,51,0.0,0,0.0,0
2025-06-30 01:50:23,1,56,25.2,82,17.4,1022.0,3,9,64,0.0,0,0.0,0
2025-06-30 01:51:24,1,56,25.2,82,17.5,1022.0,1,5,17,0.0,0,0.0,0
2025-06-30 01:52:25,1,56,25.2,82,17.5,1021.9,3,5,27,0.0,0,0.0,0
2025-06-30 01:53:26,1,56,25.2,82,17.5,1021.9,2,3,54,0.0,0,0.0,0
2025-06-30 01:54:27,1,56,25.2,82,17.4,1021.8,6,7,22,0.0,0,0.0,0
2025-06-30 01:55:28,1,56,25.2,82,17.4,1021.9,3,7,25,0.0,0,0.0,0
2025-06-30 01:56:29,1,56,25.2,82,17.5,1021.7,2,7,41,0.0,0,0.0,0
2025-06-30 01:57:30,1,56,25.2,82,17.5,1021.8,0,5,46,0.0,0,0.0,0
2025-06-30 01:58:31,1,56,25.2,82,17.5,1021.7,5,7,35,0.0,0,0.0,0
2025-06-30 01:59:32,1,56,25.2,82,17.5,1021.9,2,7,49,0.0,0,0.0,0
2025-06-30 02:00:33,1,56,25.2,82,17.4,1021.9,3,5,33,0.0,0,0.0,0
2025-06-30 02:01:34,1,56,25.2,82,17.4,1021.9,3,5,103,0.0,0,0.0,0
2025-06-30 02:02:35,1,56,25.2,82,17.4,1021.7,2,5,47,0.0,0,0.0,0
2025-06-30 02:03:36,1,56,25.2,82,17.4,1021.9,2,3,50,0.0,0,0.0,0
2025-06-30 02:04:37,1,56,25.2,82,17.4,1021.8,1,3,51,0.0,0,0.0,0
2025-06-30 02:05:38,1,56,25.2,82,17.4,1021.8,1,3,55,0.0,0,0.0,0
2025-06-30 02:06:39,1,56,25.2,82,17.4,1021.9,6,7,54,0.0,0,0.0,0
2025-06-30 02:07:40,1,56,25.2,82,17.4,1021.7,4,7,57,0.0,0,0.0,0
2025-06-30 02:08:41,1,56,25.2,82,17.4,1021.7,3,7,49,0.0,0,0.0,0
2025-06-30 02:09:42,1,56,25.2,82,17.4,1021.8,3,7,38,0.0,0,0.0,0
2025-06-30 02:10:43,1,56,25.2,82,17.4,1021.7,1,7,58,0.0,0,0.0,0
2025-06-30 02:11:44,1,56,25.2,82,17.3,1021.9,3,5,28,0.0,0,0.0,0
2025-06-30 02:12:45,1,56,25.2,82,17.4,1021.6,5,11,40,0.0,0,0.0,0
2025-06-30 02:13:46,1,56,25.2,82,17.3,1021.8,3,11,53,0.0,0,0.0,0
2025-06-30 02:14:47,1,56,25.2,82,17.3,1021.7,6,11,71,0.0,0,0.0,0
2025-06-30 02:15:48,1,56,25.2,82,17.3,1021.6,2,11,43,0.0,0,0.0,0
2025-06-30 02:16:49,1,56,25.2,82,17.3,1021.8,4,7,46,0.0,0,0.0,0
2025-06-30 02:17:50,1,56,25.2,82,17.4,1021.8,4,9,37,0.0,0,0.0,0
2025-06-30 02:18:51,1,56,25.2,82,17.4,1021.8,2,9,36,0.0,0,0.0,0
2025-06-30 02:19:52,1,56,25.2,82,17.4,1021.6,1,9,15,0.0,0,0.0,0
2025-06-30 02:20:53,1,56,25.2,82,17.4,1021.8,2,9,27,0.0,0,0.0,0
2025-06-30 02:21:54,1,56,25.2,82,17.3,1021.6,2,5,30,0.0,0,0.0,0
2025-06-30 02:22:55,1,56,25.2,82,17.3,1021.8,0,3,31,0.0,0,0.0,0
2025-06-30 02:23:56,1,56,25.2,82,17.3,1021.7,2,5,41,0.0,0,0.0,0
2025-06-30 02:24:57,1,56,25.2,82,17.3,1021.7,1,5,39,0.0,0,0.0,0
2025-06-30 02:25:58,1,56,25.2,82,17.3,1021.8,3,5,38,0.0,0,0.0,0
2025-06-30 02:26:59,1,56,25.2,82,17.3,1021.8,3,5,49,0.0,0,0.0,0
2025-06-30 02:28:00,1,56,25.2,83,17.3,1021.6,3,5,41,0.0,0,0.0,0
2025-06-30 02:29:01,1,56,25.2,83,17.3,1021.5,3,5,27,0.0,0,0.0,0
2025-06-30 02:30:02,1,56,25.2,83,17.3,1021.8,2,5,28,0.0,0,0.0,0
2025-06-30 02:31:03,1,56,25.2,83,17.3,1021.6,2,5,43,0.0,0,0.0,0
2025-06-30 02:32:04,1,56,25.2,83,17.3,1021.5,3,5,36,0.0,0,0.0,0
2025-06-30 02:33:05,1,56,25.2,83,17.3,1021.5,5,9,46,0.0,0,0.0,0
2025-06-30 02:34:06,1,56,25.2,83,17.3,1021.6,2,9,35,0.0,0,0.0,0
2025-06-30 02:35:07,1,56,25.2,83,17.3,1021.7,0,3,64,0.0,0,0.0,0
2025-06-30 02:36:08,1,56,25.2,83,17.3,1021.5,0,3,64,0.0,0,0.0,0
2025-06-30 02:37:09,1,56,25.2,83,17.3,1021.4,3,5,53,0.0,0,0.0,0
2025-06-30 02:38:10,1,56,25.2,83,17.2,1021.6,1,5,26,0.0,0,0.0,0
2025-06-30 02:39:11,1,56,25.2,83,17.2,1021.5,4,5,31,0.0,0,0.0,0
2025-06-30 02:40:12,1,56,25.2,83,17.2,1021.4,5,7,53,0.0,0,0.0,0
2025-06-30 02:41:13,1,56,25.2,83,17.2,1021.4,2,7,45,0.0,0,0.0,0
2025-06-30 02:42:14,1,56,25.2,83,17.2,1021.5,3,7,72,0.0,0,0.0,0
2025-06-30 02:43:15,1,56,25.2,83,17.2,1021.6,0,7,62,0.0,0,0.0,0
2025-06-30 02:44:16,1,56,25.2,83,17.2,1021.5,1,3,49,0.0,0,0.0,0
2025-06-30 02:45:17,1,56,25.2,83,17.1,1021.3,4,9,31,0.0,0,0.1,0
2025-06-30 02:46:18,1,56,25.1,83,17.1,1021.4,1,9,28,0.0,0,0.1,0
2025-06-30 02:47:19,1,56,25.2,83,17.1,1021.4,3,5,53,0.0,0,0.1,0
2025-06-30 02:48:20,1,56,25.2,83,17.1,1021.4,1,5,50,0.0,0,0.1,0
2025-06-30 02:49:21,1,56,25.2,83,17.1,1021.5,4,7,68,0.0,0,0.1,0
2025-06-30 02:50:22,1,56,25.2,83,17.1,1021.5,3,7,41,0.0,0,0.1,0
2025-06-30 02:51:23,1,56,25.1,83,17.1,1021.6,3,5,44,0.0,0,0.1,0
2025-06-30 02:52:24,1,56,25.1,83,17.1,1021.5,4,5,41,0.0,0,0.1,0
2025-06-30 02:53:25,1,56,25.1,83,17.1,1021.5,1,5,41,0.0,0,0.1,0
2025-06-30 02:54:26,1,56,25.2,83,17.1,1021.6,4,5,43,0.0,0,0.1,0
2025-06-30 02:55:27,1,56,25.2,83,17.0,1021.6,2,5,44,0.0,0,0.2,0
2025-06-30 02:56:28,1,56,25.1,83,17.0,1021.6,2,5,20,0.0,0,0.2,0
2025-06-30 02:57:29,1,56,25.2,83,17.0,1021.4,3,5,44,0.0,0,0.2,0
2025-06-30 02:58:30,1,56,25.2,83,17.0,1021.4,2,5,49,0.0,0,0.2,0
2025-06-30 02:59:31,1,56,25.2,83,16.9,1021.5,2,5,27,0.0,0,0.3,0
2025-06-30 03:00:32,1,56,25.1,83,16.9,1021.4,3,5,23,0.0,0,0.3,0
2025-06-30 03:01:33,1,56,25.1,83,16.9,1021.4,1,5,31,0.0,0,0.4,0
2025-06-30 03:02:34,1,56,25.1,83,16.9,1021.5,2,7,44,0.0,0,0.4,0
2025-06-30 03:03:35,1,56,25.1,83,16.9,1021.4,0,7,31,0.0,0,0.5,0
2025-06-30 03:04:36,1,56,25.1,84,16.8,1021.4,1,5,35,0.0,0,0.5,0
2025-06-30 03:05:37,1,56,25.1,84,16.8,1021.4,2,5,35,0.0,0,0.6,0
2025-06-30 03:06:38,1,56,25.1,84,16.8,1021.3,0,3,57,0.0,0,0.6,0
2025-06-30 03:07:39,1,56,25.1,84,16.8,1021.4,3,5,35,0.0,0,0.7,0
2025-06-30 03:08:40,1,56,25.1,84,16.8,1021.3,5,5,42,0.0,0,0.8,0
2025-06-30 03:09:41,1,56,25.1,84,16.8,1021.5,3,5,24,0.0,0,0.9,0
2025-06-30 03:10:42,1,56,25.1,84,16.7,1021.4,3,5,57,0.0,0,1.0,0
2025-06-30 03:11:43,1,56,25.1,84,16.7,1021.4,2,5,23,0.0,0,1.1,0
2025-06-30 03:12:44,1,56,25.1,84,16.7,1021.2,3,5,30,0.0,0,1.2,0
2025-06-30 03:13:45,1,56,25.1,84,16.7,1021.4,3,5,48,0.0,0,1.4,0
2025-06-30 03:14:46,1,56,25.1,84,16.7,1021.5,3,5,51,0.0,0,1.5,0
2025-06-30 03:15:47,1,56,25.1,84,16.7,1021.2,3,5,26,0.0,0,1.7,0
2025-06-30 03:16:48,1,56,25.1,84,16.7,1021.4,3,5,26,0.0,0,1.8,0
2025-06-30 03:17:49,1,56,25.1,84,16.7,1021.2,3,5,31,0.0,0,2.0,0
2025-06-30 03:18:50,1,56,25.1,84,16.7,1021.3,5,7,51,0.0,0,2.2,0
2025-06-30 03:19:51,1,56,25.1,84,16.6,1021.4,3,7,36,0.0,0,2.4,0
2025-06-30 03:20:52,1,56,25.1,84,16.6,1021.5,2,5,45,0.0,0,2.6,0
2025-06-30 03:21:53,1,56,25.1,84,16.6,1021.3,1,5,41,0.0,0,2.8,0
2025-06-30 03:22:54,1,56,25.1,84,16.6,1021.2,3,5,46,0.0,0,3.0,0
2025-06-30 03:23:55,1,56,25.1,85,16.6,1021.4,1,5,41,0.0,0,3.3,0
2025-06-30 03:24:56,1,56,25.1,85,16.6,1021.2,3,5,46,0.0,0,3.6,0
2025-06-30 03:25:57,1,56,25.1,85,16.6,1021.2,1,5,41,0.0,0,3.9,0
2025-06-30 03:26:58,1,56,25.1,85,16.6,1021.3,2,3,24,0.0,0,4.2,0
2025-06-30 03:27:59,1,56,25.1,85,16.6,1021.2,2,3,39,0.0,0,4.5,0
2025-06-30 03:29:00,1,56,25.1,85,16.6,1021.2,3,5,27,0.0,0,4.8,0
2025-06-30 03:30:01,1,56,25.1,85,16.6,1021.4,3,5,39,0.0,0,5.2,0
2025-06-30 03:31:02,1,56,25.1,85,16.6,1021.2,2,5,31,0.0,0,5.5,0
2025-06-30 03:32:03,1,56,25.1,85,16.6,1021.4,1,3,44,0.0,0,5.9,0
2025-06-30 03:33:04,1,56,25.1,85,16.6,1021.4,1,3,47,0.0,0,6.2,0
2025-06-30 03:34:05,1,56,25.1,85,16.5,1021.2,1,3,30,0.0,0,6.7,0
2025-06-30 03:35:06,1,56,25.1,85,16.5,1021.4,2,5,49,0.0,0,7.1,0
2025-06-30 03:36:07,1,56,25.1,85,16.6,1021.3,3,7,23,0.0,0,7.5,0
2025-06-30 03:37:08,1,56,25.1,85,16.6,1021.3,1,7,57,0.0,0,8.0,0
2025-06-30 03:38:09,1,56,25.1,85,16.6,1021.3,3,5,19,0.0,0,8.3,0
2025-06-30 03:39:10,1,56,25.1,85,16.6,1021.3,0,5,30,0.0,0,8.8,0
2025-06-30 03:40:11,1,56,25.1,85,16.6,1021.3,1,3,41,0.0,0,9.2,0
2025-06-30 03:41:12,1,56,25.1,85,16.6,1021.2,3,5,39,0.0,0,9.8,0
2025-06-30 03:42:13,1,56,25.1,85,16.5,1021.3,3,5,22,0.0,0,10.3,0
2025-06-30 03:43:14,1,56,25.1,85,16.5,1021.3,4,5,25,0.0,0,10.6,0
2025-06-30 03:44:15,1,56,25.1,85,16.5,1021.3,2,7,47,0.0,0,11.2,0
2025-06-30 03:45:16,1,56,25.1,85,16.5,1021.2,4,7,42,0.0,0,11.7,0
2025-06-30 03:46:17,1,56,25.1,85,16.5,1021.2,0,7,42,0.0,0,12.3,0
2025-06-30 03:47:18,1,56,25.1,85,16.5,1021.3,3,5,36,0.0,0,12.8,0
2025-06-30 03:48:19,1,56,25.1,85,16.5,1021.5,2,7,40,0.0,0,13.4,0
2025-06-30 03:49:20,1,56,25.1,85,16.5,1021.3,7,9,38,0.0,0,13.8,0
2025-06-30 03:50:21,1,56,25.1,85,16.5,1021.3,3,9,51,0.0,0,14.3,0
2025-06-30 03:51:22,1,56,25.1,85,16.5,1021.2,4,9,50,0.0,0,14.9,0
2025-06-30 03:52:23,1,56,25.1,85,16.6,1021.2,4,9,45,0.0,0,15.4,0
2025-06-30 03:53:24,1,56,25.1,85,16.5,1021.2,4,7,25,0.0,0,16.1,0
2025-06-30 03:54:25,1,56,25.1,85,16.5,1021.2,1,7,44,0.0,0,16.6,0
2025-06-30 03:55:26,1,56,25.1,85,16.5,1021.4,3,9,30,0.0,0,17.2,0
2025-06-30 03:56:27,1,56,25.1,85,16.5,1021.4,1,9,40,0.0,0,17.8,0
2025-06-30 03:57:28,1,56,25.1,85,16.5,1021.4,3,5,41,0.0,0,18.5,0
2025-06-30 03:58:29,1,56,25.1,85,16.5,1021.3,5,7,21,0.0,0,19.1,0
2025-06-30 03:59:30,1,56,25.1,85,16.5,1021.4,3,7,65,0.0,0,19.6,0
2025-06-30 04:00:31,1,56,25.1,85,16.5,1021.3,4,7,29,0.0,0,20.1,0
2025-06-30 04:01:32,1,56,25.1,85,16.5,1021.3,4,7,28,0.0,0,20.7,0
2025-06-30 04:02:33,1,56,25.1,85,16.6,1021.4,5,7,51,0.0,0,21.3,0
2025-06-30 04:03:34,1,56,25.1,85,16.6,1021.3,4,7,31,0.0,0,22.0,0
2025-06-30 04:04:35,1,56,25.1,84,16.6,1021.3,5,7,37,0.0,0,22.6,0
2025-06-30 04:05:36,1,56,25.1,84,16.6,1021.5,3,7,49,0.0,0,23.3,0
2025-06-30 04:06:37,1,56,25.1,84,16.6,1021.2,4,7,47,0.0,0,24.1,0
2025-06-30 04:07:38,1,56,25.1,84,16.6,1021.4,5,7,45,0.0,0,24.7,0
2025-06-30 04:08:39,1,56,25.1,84,16.6,1021.2,2,7,22,0.0,0,25.3,0
2025-06-30 04:09:40,1,56,25.1,84,16.6,1021.3,2,5,39,0.0,0,25.9,0
2025-06-30 04:10:41,1,56,25.1,84,16.6,1021.4,2,5,28,0.0,0,26.4,0
2025-06-30 04:11:42,1,56,25.1,84,16.6,1021.3,2,7,39,0.0,0,27.0,0
2025-06-30 04:12:43,1,56,25.1,84,16.6,1021.4,2,5,37,0.0,0,27.6,0
2025-06-30 04:13:44,1,56,25.1,84,16.6,1021.2,4,7,23,0.0,0,28.4,0
2025-06-30 04:14:45,1,56,25.1,84,16.6,1021.3,3,9,35,0.0,0,29.2,0
2025-06-30 04:15:46,1,56,25.1,84,16.6,1021.3,2,5,32,0.0,0,30.0,0
2025-06-30 04:16:47,1,56,25.1,84,16.6,1021.3,4,7,36,0.0,0,30.5,0
2025-06-30 04:17:48,1,56,25.1,84,16.6,1021.3,1,7,23,0.0,0,31.1,0
2025-06-30 04:18:49,1,56,25.1,84,16.6,1021.3,4,7,50,0.0,0,31.7,0
2025-06-30 04:19:50,1,56,25.1,84,16.7,1021.4,4,7,21,0.0,0,32.3,0
2025-06-30 04:20:51,1,56,25.1,84,16.7,1021.4,3,7,37,0.0,0,32.9,0
2025-06-30 04:21:52,1,56,25.1,84,16.7,1021.6,3,7,34,0.0,0,33.4,0
2025-06-30 04:22:53,1,56,25.1,84,16.7,1021.4,2,5,39,0.0,0,34.2,0
2025-06-30 04:23:54,1,56,25.1,84,16.7,1021.4,0,5,39,0.0,0,34.5,0
2025-06-30 04:24:55,1,56,25.1,84,16.7,1021.3,3,5,35,0.0,0,34.7,0
2025-06-30 04:25:56,1,56,25.1,84,16.8,1021.4,2,7,41,0.0,0,35.1,0
2025-06-30 04:26:57,1,56,25.1,83,16.8,1021.5,5,7,38,0.0,0,36.2,0
2025-06-30 04:27:58,1,56,25.1,84,16.7,1021.3,5,7,26,0.0,0,37.6,0
2025-06-30 04:28:59,1,56,25.1,84,16.7,1021.3,3,7,37,0.0,0,37.3,0
2025-06-30 04:30:00,1,56,25.1,84,16.7,1021.3,1,7,37,0.0,0,37.3,0
2025-06-30 04:31:01,1,56,25.0,84,16.7,1021.5,0,5,36,0.0,0,39.2,0
2025-06-30 04:32:02,1,55,25.1,84,16.7,1021.4,0,1,37,0.0,0,40.8,0
2025-06-30 04:33:03,1,55,25.1,84,16.7,1021.4,0,0,36,0.0,0,41.6,0
2025-06-30 04:34:04,1,55,25.1,84,16.8,1021.4,3,5,55,0.0,0,42.7,0
2025-06-30 04:35:05,1,55,25.1,83,16.9,1021.4,2,5,48,0.0,0,43.8,0
2025-06-30 04:36:06,1,55,25.1,83,16.9,1021.4,3,9,46,0.0,0,44.8,0
2025-06-30 04:37:07,1,55,25.1,83,17.0,1021.4,3,9,35,0.0,0,45.9,0
2025-06-30 04:38:08,1,55,25.1,83,17.0,1021.3,3,7,52,0.0,0,46.7,0
2025-06-30 04:39:09,1,55,25.1,83,17.0,1021.2,4,7,45,0.0,0,47.9,0
2025-06-30 04:40:10,1,55,25.1,83,17.0,1021.3,3,5,55,0.0,0,49.1,0
2025-06-30 04:41:11,1,55,25.1,83,17.0,1021.3,3,7,11,0.0,0,50.0,0
2025-06-30 04:42:12,1,55,25.1,82,17.1,1021.4,2,5,14,0.0,0,51.3,0
2025-06-30 04:43:13,1,55,25.1,82,17.1,1021.3,3,5,48,0.0,0,52.2,0
2025-06-30 04:44:14,1,55,25.1,82,17.1,1021.2,3,5,42,0.0,0,53.2,0
2025-06-30 04:45:15,1,55,25.1,82,17.2,1021.3,2,5,56,0.0,0,54.4,0
2025-06-30 04:46:16,1,55,25.1,82,17.2,1021.4,2,7,41,0.0,0,55.6,0
2025-06-30 04:47:17,1,55,25.1,82,17.2,1021.3,2,5,30,0.0,0,56.9,0
2025-06-30 04:48:18,1,55,25.1,82,17.3,1021.3,5,7,19,0.0,0,57.8,0
2025-06-30 04:49:19,1,55,25.1,82,17.3,1021.4,3,7,48,0.0,0,59.2,0
2025-06-30 04:50:20,1,55,25.1,82,17.3,1021.2,2,7,46,0.0,0,60.8,0
2025-06-30 04:51:21,1,55,25.1,81,17.3,1021.4,7,9,41,0.0,0,62.5,0
2025-06-30 04:52:22,1,55,25.1,81,17.3,1021.3,6,9,45,0.0,0,64.1,0
2025-06-30 04:53:23,1,55,25.1,82,17.3,1021.4,3,9,47,0.0,0,65.5,0
2025-06-30 04:54:24,1,55,25.1,82,17.3,1021.5,4,9,41,0.0,0,66.5,0
2025-06-30 04:55:25,1,55,25.1,82,17.3,1021.3,0,5,64,0.0,0,68.1,0
2025-06-30 04:56:26,1,55,25.1,81,17.3,1021.3,2,7,40,0.0,0,69.7,0
2025-06-30 04:57:27,1,55,25.1,81,17.4,1021.4,3,7,31,0.0,0,71.7,0
2025-06-30 04:58:28,1,55,25.1,81,17.4,1021.2,1,7,40,0.0,0,73.6,0
2025-06-30 04:59:29,1,55,25.1,81,17.4,1021.3,2,3,34,0.0,0,75.0,0
2025-06-30 05:00:30,1,55,25.1,80,17.5,1021.4,3,7,41,0.0,0,76.9,0
2025-06-30 05:01:31,1,55,25.0,81,17.5,1021.4,3,7,17,0.0,0,78.6,0
2025-06-30 05:02:32,1,55,25.1,80,17.6,1021.3,1,7,43,0.0,0,80.0,0
2025-06-30 05:03:33,1,55,25.1,80,17.6,1021.3,6,7,49,0.0,0,81.4,0
2025-06-30 05:04:34,1,55,25.1,80,17.6,1021.2,5,7,37,0.0,0,82.9,0
2025-06-30 05:05:35,1,55,25.1,80,17.6,1021.3,3,7,26,0.0,0,84.4,0
2025-06-30 05:06:36,1,55,25.1,80,17.6,1021.4,4,9,24,0.0,0,86.2,0
2025-06-30 05:07:37,1,55,25.1,80,17.6,1021.2,5,9,56,0.0,0,88.0,0
2025-06-30 05:08:38,1,55,25.1,80,17.6,1021.3,4,7,51,0.0,0,90.5,0
2025-06-30 05:09:39,1,55,25.1,80,17.7,1021.2,3,7,30,0.0,0,92.3,0
2025-06-30 05:10:40,1,55,25.1,80,17.7,1021.4,4,5,30,0.0,0,93.9,0
2025-06-30 05:11:41,1,55,25.1,80,17.7,1021.2,4,7,25,0.0,0,96.0,0
2025-06-30 05:12:42,1,55,25.1,80,17.8,1021.3,3,7,86,0.0,0,97.7,0
2025-06-30 05:13:43,1,55,25.1,80,17.8,1021.3,0,7,47,0.0,0,99.4,0
2025-06-30 05:14:44,1,55,25.1,79,17.9,1021.3,5,7,51,0.0,0,100.8,0
2025-06-30 05:15:45,1,55,25.1,79,18.0,1021.3,1,7,39,0.0,0,102.1,0
2025-06-30 05:16:46,1,55,25.1,79,18.0,1021.2,2,5,46,0.0,0,104.4,1
2025-06-30 05:17:47,1,55,25.1,79,18.1,1021.3,1,3,49,0.0,0,105.8,1
2025-06-30 05:18:48,1,55,25.1,78,18.1,1021.3,2,5,16,0.0,0,108.9,1
2025-06-30 05:19:49,1,55,25.1,78,18.2,1021.4,3,5,27,0.0,0,111.3,1
2025-06-30 05:20:50,1,55,25.1,78,18.2,1021.1,4,5,36,0.0,0,113.5,1
2025-06-30 05:21:51,1,55,25.1,78,18.2,1021.2,3,7,310,0.0,0,115.2,1
2025-06-30 05:22:52,1,55,25.1,78,18.3,1021.2,3,5,3,0.0,0,117.4,1
2025-06-30 05:23:53,1,55,25.1,78,18.3,1021.3,2,5,41,0.0,0,119.0,1
2025-06-30 05:24:54,1,55,25.1,78,18.3,1021.2,6,7,39,0.0,0,120.8,1
2025-06-30 05:25:55,1,55,25.1,78,18.3,1021.1,1,7,71,0.0,0,122.8,1
2025-06-30 05:26:56,1,55,25.1,78,18.3,1020.8,1,5,70,0.0,0,123.5,1
2025-06-30 05:27:57,1,55,25.1,78,18.4,1021.1,0,3,53,0.0,0,126.2,1
2025-06-30 05:28:58,1,55,25.1,77,18.5,1021.0,2,5,42,0.0,0,128.8,1
2025-06-30 05:29:59,1,55,25.1,77,18.6,1021.1,2,5,45,0.0,0,131.6,1
2025-06-30 05:31:00,1,55,25.1,77,18.7,1021.1,4,5,57,0.0,0,134.0,1
2025-06-30 05:32:01,1,55,25.1,76,18.7,1021.2,3,9,34,0.0,0,135.8,1
2025-06-30 05:33:02,1,55,25.1,77,18.8,1021.2,4,9,32,0.0,0,137.9,1
2025-06-30 05:34:03,1,55,25.1,76,18.8,1021.0,3,7,29,0.0,0,140.1,1
2025-06-30 05:35:04,1,55,25.1,76,18.8,1021.0,1,5,41,0.0,0,141.8,1
2025-06-30 05:36:05,1,55,25.1,76,18.8,1021.1,2,5,22,0.0,0,143.7,1
2025-06-30 05:37:06,1,55,25.1,76,18.8,1021.0,2,5,45,0.0,0,145.2,1
2025-06-30 05:38:07,1,55,25.1,76,18.8,1021.1,2,5,54,0.0,0,146.8,1
2025-06-30 05:39:08,1,55,25.1,76,18.9,1021.1,1,5,50,0.0,0,149.7,1
2025-06-30 05:40:09,1,55,25.1,75,18.9,1021.1,4,5,54,0.0,0,152.5,1
2025-06-30 05:41:10,1,55,25.1,76,19.0,1021.1,2,5,40,0.0,0,155.2,1
2025-06-30 05:42:11,1,55,25.1,75,19.1,1021.2,0,5,69,0.0,0,158.0,1
2025-06-30 05:43:12,1,55,25.1,76,19.1,1021.1,0,3,64,0.0,0,159.9,1
2025-06-30 05:44:13,1,55,25.1,75,19.2,1021.0,3,5,71,0.0,0,162.0,1
2025-06-30 05:45:14,1,55,25.1,75,19.3,1021.0,1,5,41,0.0,0,163.7,1
2025-06-30 05:46:15,1,55,25.1,74,19.5,1020.8,3,5,43,0.0,0,166.0,1
2025-06-30 05:47:16,1,55,25.1,74,19.6,1021.2,2,5,71,0.0,0,168.4,1
2025-06-30 05:48:17,1,55,25.1,74,19.6,1021.1,0,3,51,0.0,0,169.8,1
2025-06-30 05:49:18,1,55,25.1,73,19.7,1021.0,5,7,34,0.0,0,172.0,1
2025-06-30 05:50:19,1,55,25.1,73,19.7,1021.0,5,9,60,0.0,0,174.4,1
2025-06-30 05:51:20,1,55,25.1,73,19.7,1021.0,4,11,39,0.0,0,175.9,1
2025-06-30 05:52:21,1,55,25.1,74,19.7,1021.1,5,11,52,0.0,0,180.3,1
2025-06-30 05:53:22,1,55,25.1,74,19.7,1021.1,3,9,96,0.0,0,183.7,1
2025-06-30 05:54:23,1,55,25.1,74,19.7,1021.0,3,9,67,0.0,0,185.1,1
2025-06-30 05:55:24,1,55,25.1,74,19.6,1021.0,1,9,74,0.0,0,188.4,1
2025-06-30 05:56:25,1,55,25.1,74,19.6,1021.1,5,7,49,0.0,0,190.7,1
2025-06-30 05:57:26,1,55,25.1,74,19.7,1021.0,2,7,73,0.0,0,192.9,1
2025-06-30 05:58:27,1,55,25.1,73,19.7,1020.9,0,5,60,0.0,0,194.7,1
2025-06-30 05:59:28,1,55,25.1,74,19.7,1021.0,1,5,63,0.0,0,196.8,1
2025-06-30 06:00:29,1,55,25.1,73,19.8,1020.7,4,9,44,0.0,0,200.3,1
2025-06-30 06:01:30,1,55,25.1,73,19.8,1020.9,4,9,45,0.0,0,203.6,1
2025-06-30 06:02:31,1,55,25.1,73,19.8,1021.0,3,9,66,0.0,0,207.2,2
2025-06-30 06:03:32,1,55,25.1,73,19.8,1020.9,3,9,34,0.0,0,210.4,2
2025-06-30 06:04:33,1,55,25.1,73,19.8,1020.9,2,7,63,0.0,0,210.6,2
2025-06-30 06:05:34,1,55,25.1,73,19.8,1021.1,2,7,74,0.0,0,213.5,2
2025-06-30 06:06:35,1,55,25.1,73,19.8,1020.8,5,11,85,0.0,0,216.0,2
2025-06-30 06:07:36,1,55,25.1,73,19.8,1020.9,4,11,59,0.0,0,218.1,2
2025-06-30 06:08:37,1,56,25.1,73,19.8,1020.9,1,7,35,0.0,0,221.0,2
2025-06-30 06:09:38,1,55,25.1,73,19.8,1020.9,3,5,25,0.0,0,224.2,2
2025-06-30 06:10:39,1,56,25.1,73,19.8,1020.8,1,5,72,0.0,0,226.2,2
2025-06-30 06:11:40,1,56,25.1,73,19.9,1020.9,0,3,34,0.0,0,229.2,2
2025-06-30 06:12:41,1,56,25.1,72,20.0,1021.0,5,7,31,0.0,0,232.3,2
2025-06-30 06:13:42,1,56,25.1,72,20.2,1021.0,5,7,56,0.0,0,235.7,2
2025-06-30 06:14:43,1,56,25.1,72,20.2,1020.7,5,7,49,0.0,0,238.0,2
2025-06-30 06:15:44,1,56,25.1,72,20.2,1020.7,0,7,68,0.0,0,239.9,2
2025-06-30 06:16:45,1,56,25.1,73,20.2,1021.1,0,3,71,0.0,0,242.7,2
2025-06-30 06:17:46,1,56,25.2,71,20.3,1020.8,6,7,24,0.0,0,245.4,2
2025-06-30 06:18:47,1,56,25.1,72,20.4,1020.8,3,7,26,0.0,0,246.2,2
2025-06-30 06:19:48,1,56,25.2,72,20.4,1020.7,3,7,35,0.0,0,250.2,2
2025-06-30 06:20:49,1,56,25.1,72,20.4,1020.8,2,9,46,0.0,0,252.9,2
2025-06-30 06:21:50,1,56,25.1,72,20.4,1020.8,0,9,66,0.0,0,256.1,2
2025-06-30 06:22:51,1,56,25.1,71,20.4,1020.8,5,7,56,0.0,0,259.5,2
2025-06-30 06:23:52,1,56,25.1,71,20.5,1020.9,1,7,68,0.0,0,262.6,2
2025-06-30 06:24:53,1,56,25.1,71,20.5,1020.9,5,7,48,0.0,0,266.0,2
2025-06-30 06:25:54,1,56,25.1,71,20.6,1021.0,4,7,77,0.0,0,267.7,2
2025-06-30 06:26:55,1,56,25.1,71,20.6,1020.8,6,7,108,0.0,0,270.8,2
2025-06-30 06:27:56,1,56,25.1,71,20.6,1020.8,2,7,35,0.0,0,273.5,2
2025-06-30 06:28:57,1,56,25.2,71,20.6,1020.9,4,7,95,0.0,0,276.1,2
2025-06-30 06:29:58,1,56,25.2,71,20.6,1020.9,4,7,41,0.0,0,278.9,2
2025-06-30 06:30:59,1,56,25.2,70,20.7,1020.9,3,7,44,0.0,0,282.2,2
2025-06-30 06:32:00,1,56,25.2,70,20.8,1020.7,4,7,53,0.0,0,284.1,2
2025-06-30 06:33:01,1,56,25.2,70,20.8,1020.8,3,7,34,0.0,0,287.1,2
2025-06-30 06:34:02,1,56,25.2,71,20.8,1020.9,4,5,64,0.0,0,291.5,2
2025-06-30 06:35:03,1,56,25.2,70,20.8,1020.9,0,5,59,0.0,0,294.5,2
2025-06-30 06:36:04,1,56,25.2,69,21.0,1020.7,5,9,35,0.0,0,294.4,2
2025-06-30 06:37:05,1,56,25.2,69,21.1,1020.7,3,9,64,0.0,0,294.4,2
2025-06-30 06:38:06,1,56,25.2,69,21.1,1020.8,8,9,55,0.0,0,299.3,2
2025-06-30 06:39:07,1,56,25.2,70,21.1,1021.0,1,9,54,0.0,0,303.2,2
2025-06-30 06:40:08,1,56,25.3,70,21.0,1020.8,1,9,36,0.0,0,306.6,2
2025-06-30 06:41:09,1,56,25.2,70,21.0,1020.8,3,9,51,0.0,0,310.4,3
2025-06-30 06:42:10,1,56,25.2,70,21.1,1020.8,3,9,26,0.0,0,314.0,3
2025-06-30 06:43:11,1,56,25.2,70,21.1,1020.9,4,9,65,0.0,0,316.2,3
2025-06-30 06:44:12,1,56,25.3,70,21.2,1020.9,1,9,69,0.0,0,319.3,3
2025-06-30 06:45:13,1,56,25.3,68,21.3,1020.8,5,7,52,0.0,0,322.8,3
2025-06-30 06:46:14,1,56,25.3,69,21.4,1020.8,3,7,47,0.0,0,326.2,3
2025-06-30 06:47:15,1,56,25.3,69,21.4,1020.9,6,11,355,0.0,0,329.8,3
2025-06-30 06:48:16,1,56,25.3,69,21.4,1020.7,4,12,24,0.0,0,335.0,3
2025-06-30 06:49:17,1,56,25.3,69,21.3,1020.7,6,9,30,0.0,0,263.3,2
2025-06-30 06:50:18,1,56,25.3,69,21.3,1020.8,6,11,31,0.0,0,254.5,2
2025-06-30 06:51:19,1,56,25.3,70,21.2,1020.7,5,11,54,0.0,0,342.9,3
2025-06-30 06:52:20,1,56,25.3,70,21.2,1020.9,5,9,59,0.0,0,343.9,3
2025-06-30 06:53:21,1,56,25.3,69,21.2,1021.0,6,11,62,0.0,0,345.8,3
2025-06-30 06:54:22,1,56,25.3,69,21.3,1020.7,5,12,28,0.0,0,348.4,3
2025-06-30 06:55:23,1,56,25.3,69,21.3,1020.8,4,9,19,0.0,0,351.4,3
2025-06-30 06:56:24,1,57,25.3,69,21.3,1020.7,3,9,29,0.0,0,353.9,3
2025-06-30 06:57:25,1,56,25.3,70,21.3,1020.9,0,9,28,0.0,0,356.8,3
2025-06-30 06:58:26,1,57,25.3,69,21.4,1020.8,7,9,38,0.0,0,359.5,3
2025-06-30 06:59:27,1,56,25.3,69,21.5,1020.8,2,9,34,0.0,0,360.9,3
2025-06-30 07:00:28,1,57,25.3,69,21.6,1020.7,8,9,31,0.0,0,364.3,3
2025-06-30 07:01:29,1,57,25.3,69,21.6,1020.8,2,9,36,0.0,0,368.0,3
2025-06-30 07:02:30,1,57,25.3,69,21.7,1020.8,6,9,25,0.0,0,368.0,3
2025-06-30 07:03:31,1,57,25.3,69,21.8,1020.7,1,9,37,0.0,0,368.0,3
2025-06-30 07:04:32,1,57,25.3,68,21.8,1020.7,5,9,53,0.0,0,373.2,3
2025-06-30 07:05:33,1,57,25.3,68,21.8,1020.8,6,9,36,0.0,0,376.9,3
2025-06-30 07:06:34,1,57,25.3,68,21.9,1020.8,7,11,40,0.0,0,380.9,3
2025-06-30 07:07:35,1,57,25.3,68,21.9,1020.7,4,9,96,0.0,0,383.8,3
2025-06-30 07:08:36,1,57,25.3,68,21.9,1020.8,3,7,55,0.0,0,386.5,3
2025-06-30 07:09:37,1,57,25.3,68,21.9,1020.7,4,5,54,0.0,0,388.7,3
2025-06-30 07:10:38,1,57,25.3,68,21.9,1020.6,4,7,31,0.0,0,389.5,3
2025-06-30 07:11:39,1,57,25.3,68,22.0,1020.7,2,7,45,0.0,0,393.7,3
2025-06-30 07:12:40,1,57,25.3,68,22.1,1020.6,6,9,43,0.0,0,396.9,3
2025-06-30 07:13:41,1,57,25.3,68,22.2,1020.7,3,12,51,0.0,0,401.0,3
2025-06-30 07:14:42,1,57,25.3,67,22.2,1020.7,4,11,40,0.0,0,402.1,3
2025-06-30 07:15:43,1,57,25.3,67,22.3,1020.7,6,11,36,0.0,0,406.0,3
2025-06-30 07:16:44,1,57,25.4,68,22.3,1020.7,8,11,30,0.0,0,409.0,3
2025-06-30 07:17:45,1,57,25.3,68,22.2,1020.6,6,11,23,0.0,0,411.4,4
2025-06-30 07:18:46,1,57,25.3,68,22.3,1020.6,2,9,30,0.0,0,415.0,4
2025-06-30 07:19:47,1,57,25.3,67,22.4,1020.6,9,11,81,0.0,0,416.4,4
2025-06-30 07:20:48,1,57,25.3,68,22.5,1020.7,1,11,59,0.0,0,419.6,4
2025-06-30 07:21:49,1,57,25.3,66,22.7,1020.7,6,9,38,0.0,0,421.1,4
2025-06-30 07:22:50,1,57,25.4,66,22.9,1020.7,4,9,24,0.0,0,423.4,4
2025-06-30 07:23:51,1,57,25.4,66,23.0,1020.7,5,11,38,0.0,0,426.2,4
2025-06-30 07:24:52,1,57,25.4,66,23.0,1020.6,3,11,25,0.0,0,429.1,4
2025-06-30 07:25:53,1,57,25.4,66,23.0,1020.8,3,9,56,0.0,0,431.6,4
2025-06-30 07:26:54,1,58,25.4,66,23.0,1020.7,3,12,69,0.0,0,434.6,4
2025-06-30 07:27:55,1,58,25.4,66,23.0,1020.5,2,12,36,0.0,0,436.6,4
2025-06-30 07:28:56,1,58,25.4,66,23.0,1020.7,2,5,28,0.0,0,436.6,4
2025-06-30 07:29:57,1,58,25.4,65,23.1,1020.7,2,7,21,0.0,0,402.1,3
2025-06-30 07:30:58,1,58,25.4,65,23.2,1020.6,1,7,46,0.0,0,436.0,4
2025-06-30 07:31:59,1,58,25.4,66,23.2,1020.7,5,7,66,0.0,0,444.8,4
2025-06-30 07:33:00,1,58,25.4,66,23.3,1020.7,3,7,60,0.0,0,447.1,4
2025-06-30 07:34:01,1,58,25.4,66,23.3,1020.6,4,5,45,0.0,0,450.5,4
2025-06-30 07:35:02,1,58,25.4,65,23.5,1020.7,7,9,64,0.0,0,453.4,4
2025-06-30 07:36:03,1,58,25.4,65,23.6,1020.6,2,9,55,0.0,0,457.1,4
2025-06-30 07:37:04,1,58,25.4,64,23.6,1020.6,6,11,58,0.0,0,459.1,4
2025-06-30 07:38:05,1,58,25.4,64,23.7,1020.6,6,12,44,0.0,0,462.1,4
2025-06-30 07:39:06,1,58,25.4,65,23.6,1020.6,1,11,46,0.0,0,465.0,4
2025-06-30 07:40:07,1,58,25.4,65,23.5,1020.5,1,11,42,0.0,0,469.0,4
2025-06-30 07:41:08,1,58,25.4,65,23.5,1020.8,3,7,67,0.0,0,470.2,4
2025-06-30 07:42:09,1,58,25.5,65,23.5,1020.7,4,7,49,0.0,0,474.5,4
2025-06-30 07:43:10,1,58,25.4,65,23.6,1020.7,4,7,42,0.0,0,476.9,4
2025-06-30 07:44:11,1,58,25.4,65,23.6,1020.7,3,7,37,0.0,0,480.0,4
2025-06-30 07:45:12,1,58,25.4,65,23.7,1020.6,1,9,29,0.0,0,479.8,4
2025-06-30 07:46:13,1,58,25.4,64,23.8,1020.6,0,9,48,0.0,0,485.8,4
2025-06-30 07:47:14,1,58,25.4,64,23.9,1020.8,4,7,17,0.0,0,480.9,4
2025-06-30 07:48:15,1,58,25.4,64,23.9,1020.8,5,9,65,0.0,0,432.5,4
2025-06-30 07:49:16,1,58,25.4,64,23.9,1020.7,1,9,29,0.0,0,487.6,4
2025-06-30 07:50:17,1,58,25.5,64,23.9,1020.7,4,9,34,0.0,0,490.8,4
2025-06-30 07:51:18,1,58,25.4,63,24.0,1020.7,5,9,57,0.0,0,490.7,4
2025-06-30 07:52:19,1,58,25.5,64,24.0,1020.7,0,11,80,0.0,0,490.6,4
2025-06-30 07:53:20,1,58,25.4,64,24.0,1020.9,3,7,38,0.0,0,490.9,4
2025-06-30 07:54:21,1,58,25.4,64,24.0,1020.8,7,9,38,0.0,0,497.7,4
2025-06-30 07:55:22,1,58,25.5,64,24.1,1020.7,7,11,59,0.0,0,502.2,4
2025-06-30 07:56:23,1,58,25.5,64,24.1,1020.7,7,12,41,0.0,0,506.3,4
2025-06-30 07:57:24,1,58,25.4,64,24.1,1020.5,3,12,20,0.0,0,509.1,4
2025-06-30 07:58:25,1,58,25.5,64,24.0,1020.7,8,12,38,0.0,0,511.1,4
2025-06-30 07:59:26,1,58,25.5,64,24.0,1020.5,2,12,25,0.0,0,513.4,5
2025-06-30 08:00:27,1,58,25.5,64,24.0,1020.8,3,9,5,0.0,0,515.5,5
2025-06-30 08:01:28,1,58,25.5,64,24.0,1020.6,3,11,47,0.0,0,518.4,5
2025-06-30 08:02:29,1,58,25.5,64,24.1,1020.6,4,11,28,0.0,0,520.3,5
2025-06-30 08:03:30,1,58,25.4,64,24.1,1020.8,1,9,44,0.0,0,522.6,5
2025-06-30 08:04:31,1,58,25.5,64,24.2,1020.6,2,9,34,0.0,0,525.0,5
2025-06-30 08:05:32,1,58,25.5,64,24.2,1020.6,0,5,35,0.0,0,527.5,5
2025-06-30 08:06:33,1,58,25.5,63,24.4,1020.6,4,9,69,0.0,0,529.7,5
2025-06-30 08:07:34,1,58,25.5,63,24.4,1020.7,6,11,58,0.0,0,533.5,5
2025-06-30 08:08:35,1,58,25.5,63,24.4,1020.6,5,11,20,0.0,0,535.2,5
2025-06-30 08:09:36,1,59,25.5,63,24.4,1020.8,4,11,38,0.0,0,536.2,5
2025-06-30 08:10:37,1,59,25.5,63,24.5,1020.4,4,9,56,0.0,0,539.2,5
2025-06-30 08:11:38,1,59,25.5,63,24.6,1020.5,2,9,46,0.0,0,542.1,5
2025-06-30 08:12:39,1,60,25.5,63,24.6,1020.6,3,7,66,0.0,0,544.6,5
2025-06-30 08:13:40,1,60,25.5,63,24.6,1020.5,4,7,30,0.0,0,548.1,5
2025-06-30 08:14:41,1,60,25.5,63,24.6,1020.6,3,9,36,0.0,0,549.3,5
2025-06-30 08:15:42,1,60,25.5,63,24.7,1020.4,1,7,54,0.0,0,551.2,5
2025-06-30 08:16:43,1,60,25.5,62,24.8,1020.6,2,7,41,0.0,0,553.2,5
2025-06-30 08:17:44,1,60,25.5,62,24.9,1020.5,4,12,66,0.0,0,556.7,5
2025-06-30 08:18:45,1,60,25.5,63,24.9,1020.6,2,9,49,0.0,0,558.7,5
2025-06-30 08:19:46,1,60,25.5,62,24.9,1020.4,2,9,40,0.0,0,561.0,5
2025-06-30 08:20:47,1,60,25.5,62,25.0,1020.6,1,7,40,0.0,0,564.0,5
2025-06-30 08:21:48,1,60,25.5,62,25.1,1020.5,2,11,37,0.0,0,565.1,5
2025-06-30 08:22:49,1,60,25.5,62,25.1,1020.5,2,11,76,0.0,0,567.4,5
2025-06-30 08:23:50,1,60,25.5,62,25.1,1020.5,0,11,33,0.0,0,568.2,5
2025-06-30 08:24:51,1,60,25.5,62,25.0,1020.4,2,12,83,0.0,0,570.2,5
2025-06-30 08:25:52,1,60,25.5,62,25.0,1020.4,3,12,70,0.0,0,573.2,5
2025-06-30 08:26:53,1,60,25.5,62,25.0,1020.4,3,9,34,0.0,0,574.9,5
2025-06-30 08:27:54,1,60,25.6,62,25.1,1020.5,8,11,37,0.0,0,577.7,5
2025-06-30 08:28:55,1,60,25.5,62,25.1,1020.4,5,11,48,0.0,0,580.8,5
2025-06-30 08:29:56,1,60,25.5,62,25.0,1020.5,7,9,54,0.0,0,582.3,5
2025-06-30 08:30:57,1,60,25.6,62,25.0,1020.4,2,9,12,0.0,0,584.1,5
2025-06-30 08:31:58,1,60,25.5,63,25.0,1020.3,2,11,26,0.0,0,587.0,5
2025-06-30 08:32:59,1,60,25.5,62,25.0,1020.3,4,11,34,0.0,0,588.9,5
2025-06-30 08:34:00,1,60,25.6,62,25.1,1020.4,3,9,67,0.0,0,588.9,5
2025-06-30 08:35:01,1,60,25.6,62,25.3,1020.3,4,7,68,0.0,0,589.5,5
2025-06-30 08:36:02,1,60,25.5,61,25.4,1020.4,7,9,48,0.0,0,591.0,5
2025-06-30 08:37:03,1,60,25.5,61,25.5,1020.4,6,9,37,0.0,0,593.8,5
2025-06-30 08:38:04,1,60,25.5,61,25.6,1020.4,2,9,15,0.0,0,597.3,5
2025-06-30 08:39:05,1,60,25.5,61,25.6,1020.4,7,9,53,0.0,0,600.0,5
2025-06-30 08:40:06,1,60,25.6,61,25.6,1020.4,3,9,351,0.0,0,601.6,5
2025-06-30 08:41:07,1,60,25.6,61,25.6,1020.2,5,7,46,0.0,0,605.0,5
2025-06-30 08:42:08,1,60,25.6,61,25.6,1020.3,2,7,38,0.0,0,606.0,5
2025-06-30 08:43:09,1,60,25.6,60,25.6,1020.2,7,9,39,0.0,0,608.2,5
2025-06-30 08:44:10,1,61,25.6,61,25.7,1020.3,2,9,27,0.0,0,611.0,5
2025-06-30 08:45:11,1,61,25.6,60,25.7,1020.2,2,7,33,0.0,0,613.3,5
2025-06-30 08:46:12,1,61,25.6,59,25.9,1020.2,7,11,63,0.0,0,615.0,5
2025-06-30 08:47:13,1,61,25.6,60,25.9,1020.3,5,11,53,0.0,0,616.6,6
2025-06-30 08:48:14,1,61,25.6,60,25.9,1020.1,2,9,18,0.0,0,617.7,6
2025-06-30 08:49:15,1,61,25.6,60,25.9,1020.1,5,7,48,0.0,0,621.2,6
2025-06-30 08:50:16,1,61,25.6,60,26.0,1020.2,0,7,47,0.0,0,623.4,6
2025-06-30 08:51:17,1,61,25.6,59,26.0,1020.3,3,5,339,0.0,0,625.5,6
2025-06-30 08:52:18,1,61,25.6,59,26.1,1020.2,5,7,27,0.0,0,630.2,6
2025-06-30 08:53:19,1,61,25.6,59,26.2,1020.3,5,7,60,0.0,0,631.0,6
2025-06-30 08:54:20,1,61,25.6,59,26.2,1020.2,4,9,34,0.0,0,630.8,6
2025-06-30 08:55:21,1,61,25.6,60,26.2,1020.0,0,9,54,0.0,0,632.3,6
2025-06-30 08:56:22,1,61,25.6,59,26.2,1020.1,1,3,39,0.0,0,631.4,6
2025-06-30 08:57:23,1,61,25.6,58,26.5,1020.1,3,7,47,0.0,0,637.4,6
2025-06-30 08:58:24,1,61,25.6,57,26.6,1020.1,8,11,54,0.0,0,638.8,6
2025-06-30 08:59:25,1,61,25.6,58,26.7,1020.4,2,11,57,0.0,0,640.3,6
2025-06-30 12:46:59,1,62,26.1,42,31.7,1018.2,7,11,26,0.0,0,792.4,7
2025-06-30 12:48:00,1,62,26.1,42,31.7,1018.2,7,11,26,0.0,0,792.4,7
2025-06-30 12:49:01,1,62,26.1,42,31.8,1018.1,2,11,53,0.0,0,788.1,7
2025-06-30 12:50:02,1,62,26.1,42,31.7,1018.2,4,7,22,0.0,0,788.0,7
2025-06-30 12:51:03,1,62,26.2,42,31.7,1018.1,5,7,19,0.0,0,784.9,7
2025-06-30 12:52:04,1,62,26.1,41,31.7,1018.4,3,7,41,0.0,0,776.8,7
2025-06-30 12:53:05,1,62,26.1,42,31.8,1018.4,2,7,87,0.0,0,776.5,7
2025-06-30 12:54:06,1,62,26.1,42,31.9,1018.2,3,5,140,0.0,0,783.5,7
2025-06-30 12:55:07,1,62,26.2,41,31.9,1018.1,3,5,80,0.0,0,784.4,7
2025-06-30 12:56:08,1,62,26.1,41,31.9,1018.1,0,5,80,0.0,0,787.5,7
2025-06-30 12:57:09,1,62,26.1,42,31.8,1018.2,2,5,70,0.0,0,786.9,7
2025-06-30 12:58:10,1,62,26.2,42,31.7,1018.1,6,9,40,0.0,0,789.2,7
2025-06-30 12:59:11,1,62,26.1,42,31.7,1018.1,1,9,47,0.0,0,784.3,7
2025-06-30 13:00:12,1,62,26.2,42,31.7,1018.1,2,5,60,0.0,0,782.1,7
2025-06-30 13:01:13,1,62,26.1,41,31.8,1018.0,7,11,5,0.0,0,776.8,7
2025-06-30 13:02:14,1,62,26.1,41,31.9,1018.1,3,11,76,0.0,0,774.8,7
2025-06-30 13:03:15,1,62,26.1,41,31.9,1018.1,1,5,38,0.0,0,774.9,7
2025-06-30 13:04:16,1,62,26.1,41,31.9,1018.1,9,12,39,0.0,0,776.8,7
2025-06-30 13:05:17,1,62,26.2,41,32.0,1018.1,4,11,53,0.0,0,775.9,7
2025-06-30 13:06:18,1,62,26.1,41,32.0,1018.1,6,11,37,0.0,0,771.4,7
2025-06-30 13:07:19,1,62,26.2,41,31.9,1018.1,7,12,20,0.0,0,769.8,7
2025-06-30 13:08:20,1,62,26.2,41,31.9,1018.2,5,12,54,0.0,0,761.0,7
2025-06-30 13:09:21,1,62,26.2,41,31.8,1018.0,4,7,40,0.0,0,757.7,7
2025-06-30 13:10:22,1,62,26.2,41,31.8,1018.2,7,11,29,0.0,0,760.9,7
2025-06-30 13:11:23,1,62,26.2,41,31.8,1018.0,2,11,48,0.0,0,763.9,7
2025-06-30 13:12:24,1,62,26.2,41,31.9,1018.0,0,7,35,0.0,0,765.2,7
2025-06-30 13:13:25,1,62,26.2,41,32.1,1018.2,3,7,36,0.0,0,763.0,7
2025-06-30 13:14:26,1,62,26.2,40,32.2,1018.1,2,9,91,0.0,0,764.6,7
2025-06-30 13:15:27,1,62,26.2,39,32.3,1018.2,6,11,32,0.0,0,765.1,7
2025-06-30 13:16:28,1,61,26.2,40,32.4,1018.2,1,14,68,0.0,0,759.2,7
2025-06-30 13:17:29,1,62,26.2,40,32.4,1018.1,5,14,61,0.0,0,758.8,7
2025-06-30 13:18:30,1,61,26.2,40,32.3,1018.0,9,12,78,0.0,0,761.9,7
2025-06-30 13:19:31,1,61,26.2,41,32.3,1018.0,5,12,53,0.0,0,758.1,7
2025-06-30 13:20:32,1,61,26.2,41,32.0,1017.9,1,11,90,0.0,0,753.7,7
2025-06-30 13:21:33,1,61,26.2,41,31.6,1018.0,0,5,72,0.0,0,754.6,7
2025-06-30 13:22:34,1,61,26.2,41,31.6,1017.9,4,7,26,0.0,0,749.4,7
2025-06-30 13:23:35,1,61,26.2,41,31.7,1017.9,6,7,34,0.0,0,748.0,7
2025-06-30 13:24:36,1,61,26.2,40,31.8,1017.9,3,7,48,0.0,0,746.1,7
2025-06-30 13:25:37,1,61,26.2,40,32.0,1017.9,5,9,20,0.0,0,748.7,7
2025-06-30 13:26:38,1,61,26.2,39,32.2,1017.7,7,9,50,0.0,0,745.2,7
2025-06-30 13:27:39,1,61,26.2,40,32.3,1017.8,2,9,34,0.0,0,742.6,7
2025-06-30 13:28:41,1,61,26.2,40,32.4,1018.1,0,5,20,0.0,0,737.6,7
2025-06-30 13:29:42,1,61,26.2,40,32.5,1018.1,2,7,21,0.0,0,736.6,7
2025-06-30 13:30:43,1,61,26.2,39,32.5,1018.0,3,7,30,0.0,0,736.2,7
2025-06-30 13:31:44,1,61,26.2,40,32.6,1017.8,6,14,45,0.0,0,736.2,7
2025-06-30 13:32:45,1,61,26.2,41,32.5,1017.9,1,12,56,0.0,0,736.1,7
2025-06-30 13:33:46,1,61,26.2,40,32.2,1017.7,6,7,34,0.0,0,736.2,7
2025-06-30 13:34:47,1,61,26.2,40,32.2,1017.8,5,7,37,0.0,0,736.2,7
2025-06-30 13:35:48,1,61,26.2,40,32.3,1017.7,1,7,28,0.0,0,733.7,7
2025-06-30 13:36:49,1,61,26.2,40,32.3,1017.8,4,9,31,0.0,0,735.0,7
2025-06-30 13:37:50,1,61,26.2,39,32.4,1017.8,2,9,37,0.0,0,731.2,7
2025-06-30 13:38:51,1,61,26.2,39,32.4,1017.7,6,9,16,0.0,0,728.1,7
2025-06-30 13:39:52,1,61,26.2,39,32.5,1017.7,6,11,59,0.0,0,733.3,7
2025-06-30 13:40:53,1,61,26.2,39,32.7,1017.9,4,11,57,0.0,0,731.3,7
2025-06-30 13:41:54,1,61,26.2,39,32.7,1017.5,4,7,21,0.0,0,732.6,7
2025-06-30 13:42:55,1,61,26.2,39,32.8,1017.7,5,12,52,0.0,0,731.7,7
2025-06-30 13:43:56,1,61,26.2,39,32.8,1017.7,7,12,47,0.0,0,721.9,7
2025-06-30 13:44:57,1,61,26.2,39,32.6,1017.7,9,12,40,0.0,0,719.6,7
2025-06-30 13:45:58,1,60,26.2,40,32.2,1017.6,3,12,62,0.0,0,719.8,7
2025-06-30 13:46:59,1,60,26.2,40,32.1,1017.6,0,9,74,0.0,0,714.9,6
2025-06-30 13:48:00,1,61,26.2,40,32.0,1017.6,2,5,27,0.0,0,714.0,6
2025-06-30 13:49:01,1,61,26.2,40,31.9,1017.7,3,11,34,0.0,0,715.6,6
2025-06-30 13:50:02,1,60,26.2,40,32.0,1017.7,4,9,14,0.0,0,713.5,6
2025-06-30 13:51:03,1,60,26.2,40,32.0,1017.7,1,9,52,0.0,0,711.7,6
2025-06-30 13:52:04,1,60,26.2,39,32.1,1017.5,2,9,16,0.0,0,712.4,6
2025-06-30 13:53:05,1,60,26.2,39,32.2,1017.5,2,9,24,0.0,0,711.7,6
2025-06-30 13:54:06,1,60,26.2,39,32.5,1017.4,7,12,88,0.0,0,710.2,6
2025-06-30 13:55:07,1,60,26.2,39,32.5,1017.5,6,12,31,0.0,0,707.7,6
2025-06-30 13:56:08,1,60,26.2,40,32.5,1017.6,5,12,32,0.0,0,707.4,6
2025-06-30 13:57:09,1,60,26.2,40,32.5,1017.5,5,7,32,0.0,0,707.4,6
2025-06-30 13:58:10,1,60,26.2,39,32.7,1017.3,8,11,70,0.0,0,701.6,6
2025-06-30 13:59:11,1,60,26.2,40,32.7,1017.5,1,11,41,0.0,0,702.4,6
2025-06-30 14:00:12,1,60,26.2,39,32.6,1017.3,4,7,49,0.0,0,700.3,6
2025-06-30 14:01:13,1,60,26.2,39,32.6,1017.3,4,7,60,0.0,0,700.5,6
2025-06-30 14:02:14,1,60,26.2,39,32.7,1017.5,3,9,70,0.0,0,701.4,6
2025-06-30 14:03:15,1,60,26.2,39,32.7,1017.3,2,9,43,0.0,0,700.8,6
2025-06-30 14:04:16,1,60,26.2,39,32.8,1017.4,2,7,45,0.0,0,700.6,6
2025-06-30 14:05:17,1,60,26.3,39,32.8,1017.4,3,7,6,0.0,0,699.2,6
2025-06-30 14:06:18,1,60,26.2,39,32.7,1017.4,2,9,83,0.0,0,697.9,6
2025-06-30 14:07:19,1,60,26.2,38,32.8,1017.3,5,9,46,0.0,0,698.1,6
2025-06-30 14:08:20,1,60,26.3,38,32.9,1017.3,5,9,43,0.0,0,691.9,6
2025-06-30 14:09:21,1,60,26.2,38,32.9,1017.3,1,9,38,0.0,0,689.0,6
2025-06-30 14:10:22,1,60,26.2,38,32.9,1017.4,0,5,44,0.0,0,690.3,6
2025-06-30 14:11:23,1,60,26.2,38,33.0,1017.2,1,11,59,0.0,0,686.5,6
2025-06-30 14:12:24,1,60,26.2,38,33.0,1017.4,5,11,52,0.0,0,684.4,6
2025-06-30 14:13:25,1,60,26.2,38,33.0,1017.4,2,9,65,0.0,0,682.8,6
2025-06-30 14:14:26,1,60,26.2,38,33.0,1017.2,5,7,80,0.0,0,679.3,6
2025-06-30 14:15:27,1,60,26.3,38,33.0,1017.3,4,9,33,0.0,0,674.7,6
2025-06-30 14:16:28,1,60,26.2,38,33.0,1017.4,1,9,7,0.0,0,671.9,6
2025-06-30 14:17:29,1,60,26.3,38,33.0,1017.4,8,12,34,0.0,0,670.1,6
2025-06-30 14:18:30,1,59,26.2,38,33.0,1017.4,1,12,74,0.0,0,670.4,6
2025-06-30 14:19:31,1,59,26.2,38,32.9,1017.4,2,5,36,0.0,0,669.6,6
2025-06-30 14:20:32,1,59,26.2,37,32.9,1017.0,6,9,54,0.0,0,670.1,6
2025-06-30 14:21:33,1,59,26.3,38,32.9,1017.1,1,9,62,0.0,0,669.9,6
2025-06-30 14:22:34,1,59,26.2,37,32.9,1017.2,6,11,21,0.0,0,667.1,6
2025-06-30 14:23:35,1,59,26.3,38,32.9,1017.3,4,12,64,0.0,0,663.4,6
2025-06-30 14:24:36,1,59,26.3,38,32.7,1017.1,6,7,73,0.0,0,661.6,6
2025-06-30 14:25:37,1,59,26.3,38,32.7,1017.0,5,9,53,0.0,0,660.6,6
2025-06-30 14:26:38,1,59,26.3,38,32.8,1017.0,1,7,55,0.0,0,658.5,6
2025-06-30 14:27:39,1,59,26.3,37,32.8,1016.9,2,5,38,0.0,0,659.5,6
2025-06-30 14:28:41,1,59,26.2,37,32.8,1017.0,4,7,62,0.0,0,656.0,6
2025-06-30 14:29:42,1,59,26.3,37,32.9,1017.1,5,7,50,0.0,0,657.8,6
2025-06-30 14:30:43,1,59,26.3,37,33.1,1017.2,4,11,13,0.0,0,655.1,6
2025-06-30 14:31:44,1,59,26.3,37,33.2,1017.0,7,11,61,0.0,0,651.9,6
2025-06-30 14:32:45,1,59,26.3,37,33.1,1017.0,2,11,70,0.0,0,644.8,6
2025-06-30 14:33:46,1,59,26.3,37,33.1,1017.1,1,5,48,0.0,0,638.6,6
2025-06-30 14:34:47,1,59,26.3,37,33.3,1017.1,3,9,47,0.0,0,641.0,6
2025-06-30 14:35:48,1,59,26.3,36,33.4,1017.1,6,12,48,0.0,0,636.8,6
2025-06-30 14:36:49,1,59,26.3,37,33.4,1017.0,3,11,34,0.0,0,636.8,6
2025-06-30 14:37:50,1,59,26.3,37,33.0,1017.0,1,9,48,0.0,0,635.2,6
2025-06-30 14:38:51,1,59,26.3,36,33.0,1017.0,3,5,33,0.0,0,630.9,6
2025-06-30 14:39:52,1,59,26.3,37,33.0,1017.1,2,7,22,0.0,0,629.9,6
2025-06-30 14:40:53,1,59,26.3,37,33.2,1017.1,7,9,41,0.0,0,625.8,6
2025-06-30 14:41:54,1,58,26.3,37,33.2,1017.0,4,9,38,0.0,0,624.7,6
2025-06-30 14:42:55,1,58,26.3,37,33.2,1017.0,5,11,49,0.0,0,625.3,6
2025-06-30 14:43:56,1,58,26.3,37,33.0,1016.9,6,11,28,0.0,0,626.2,6
2025-06-30 14:44:57,1,58,26.3,38,33.0,1016.7,6,12,56,0.0,0,623.4,6
2025-06-30 14:45:58,1,58,26.3,38,32.9,1017.0,4,12,84,0.0,0,619.2,6
2025-06-30 14:46:59,1,58,26.3,38,32.8,1016.9,0,7,68,0.0,0,618.2,6
2025-06-30 14:48:00,1,58,26.3,38,32.8,1016.9,0,5,37,0.0,0,615.9,6
2025-06-30 14:49:01,1,58,26.3,38,32.8,1016.9,4,12,73,0.0,0,611.9,5
2025-06-30 14:50:02,1,58,26.3,38,33.0,1016.9,3,14,29,0.0,0,611.0,5
2025-06-30 14:51:03,1,58,26.3,38,32.9,1017.0,8,14,82,0.0,0,608.4,5
2025-06-30 14:52:04,1,58,26.3,39,32.6,1016.8,6,14,73,0.0,0,602.4,5
2025-06-30 14:53:05,1,58,26.3,39,32.1,1016.8,0,14,30,0.0,0,600.7,5
2025-06-30 14:54:06,1,58,26.3,39,32.0,1016.9,0,1,58,0.0,0,596.8,5
2025-06-30 14:55:07,1,58,26.3,38,32.1,1017.0,7,11,33,0.0,0,592.3,5
2025-06-30 14:56:08,1,58,26.3,38,32.4,1016.9,7,11,47,0.0,0,590.1,5
2025-06-30 14:57:09,1,58,26.3,38,32.5,1016.8,4,9,61,0.0,0,588.9,5
2025-06-30 14:58:10,1,58,26.3,38,32.6,1016.9,6,9,33,0.0,0,591.8,5
2025-06-30 14:59:11,1,58,26.3,38,32.6,1016.8,0,9,28,0.0,0,589.8,5
2025-06-30 15:00:12,1,58,26.3,38,32.6,1017.1,0,3,27,0.0,0,588.6,5
2025-06-30 15:01:13,1,58,26.3,38,32.6,1016.7,0,3,38,0.0,0,585.8,5
2025-06-30 15:02:14,1,58,26.3,38,32.7,1016.7,1,3,65,0.0,0,583.1,5
2025-06-30 15:03:15,1,58,26.3,37,33.0,1016.6,6,7,42,0.0,0,584.5,5
2025-06-30 15:04:16,1,58,26.3,37,33.1,1016.7,0,7,38,0.0,0,582.5,5
2025-06-30 15:05:17,1,58,26.3,37,33.1,1016.7,5,9,40,0.0,0,578.3,5
2025-06-30 15:06:18,1,58,26.3,36,33.1,1016.8,3,9,48,0.0,0,576.0,5
2025-06-30 15:07:19,1,58,26.3,36,33.1,1016.8,1,5,63,0.0,0,572.0,5
2025-06-30 15:08:20,1,58,26.3,36,33.2,1016.7,1,5,95,0.0,0,567.8,5
2025-06-30 15:09:21,1,58,26.3,37,33.2,1016.9,1,5,54,0.0,0,566.5,5
2025-06-30 15:10:22,1,58,26.3,37,33.1,1016.8,1,5,87,0.0,0,562.2,5
2025-06-30 15:11:23,1,58,26.3,37,33.1,1016.7,0,3,93,0.0,0,557.1,5
2025-06-30 15:12:24,1,58,26.3,37,33.1,1016.6,2,5,30,0.0,0,556.2,5
2025-06-30 15:13:25,1,58,26.3,37,33.1,1016.7,5,9,51,0.0,0,552.5,5
2025-06-30 15:14:26,1,58,26.3,37,32.9,1016.7,3,9,28,0.0,0,551.8,5
2025-06-30 15:15:27,1,58,26.3,37,32.9,1016.8,3,9,37,0.0,0,549.7,5
2025-06-30 15:16:28,1,58,26.3,37,32.9,1016.7,2,9,72,0.0,0,548.0,5
2025-06-30 15:17:29,1,58,26.3,37,32.9,1016.5,6,11,43,0.0,0,545.6,5
2025-06-30 15:18:30,1,58,26.3,36,32.9,1016.6,7,11,38,0.0,0,542.3,5
2025-06-30 15:19:31,1,58,26.3,37,32.9,1016.7,1,9,43,0.0,0,536.9,5
2025-06-30 15:20:32,1,57,26.3,37,32.8,1016.6,5,9,44,0.0,0,532.5,5
2025-06-30 15:21:33,1,57,26.3,37,32.8,1016.7,2,9,38,0.0,0,528.3,5
2025-06-30 15:22:34,1,57,26.3,37,32.8,1016.6,1,7,44,0.0,0,526.0,5
2025-06-30 15:23:35,1,57,26.3,37,32.9,1016.4,1,7,22,0.0,0,521.4,5
2025-06-30 15:24:36,1,57,26.3,37,33.0,1016.5,0,3,76,0.0,0,519.2,5
2025-06-30 15:25:37,1,57,26.3,36,33.0,1016.5,1,3,42,0.0,0,517.7,5
2025-06-30 15:26:38,1,57,26.3,36,33.1,1016.4,0,3,71,0.0,0,516.0,5
2025-06-30 15:27:39,1,57,26.3,37,33.2,1016.6,0,7,107,0.0,0,514.4,5
2025-06-30 15:28:41,1,57,26.3,36,33.2,1016.4,0,0,109,0.0,0,511.8,4
2025-06-30 15:29:42,1,57,26.3,36,33.2,1016.5,2,3,59,0.0,0,510.5,4
2025-06-30 15:30:43,1,57,26.3,37,33.1,1016.4,0,3,57,0.0,0,511.7,4
2025-06-30 15:31:44,1,57,26.3,36,33.2,1016.5,2,3,34,0.0,0,507.8,4
2025-06-30 15:32:45,1,57,26.3,36,33.3,1016.5,3,5,61,0.0,0,505.3,4
2025-06-30 15:33:46,1,57,26.3,37,33.3,1016.6,4,5,68,0.0,0,504.1,4
2025-06-30 15:34:47,1,57,26.3,36,33.3,1016.5,3,5,86,0.0,0,502.8,4
2025-06-30 15:35:48,1,57,26.3,37,32.8,1016.4,2,5,31,0.0,0,495.1,4
2025-06-30 15:36:49,1,57,26.3,37,32.8,1016.5,3,5,52,0.0,0,493.4,4
2025-06-30 15:37:50,1,57,26.4,37,32.8,1016.6,3,7,55,0.0,0,490.4,4
2025-06-30 15:38:51,1,57,26.4,37,33.0,1016.3,5,7,46,0.0,0,490.4,4
2025-06-30 15:39:52,1,57,26.3,37,33.1,1016.4,3,9,57,0.0,0,490.3,4
2025-06-30 15:40:53,1,57,26.4,36,33.1,1016.5,2,5,51,0.0,0,490.2,4
2025-06-30 15:41:54,1,58,26.4,36,33.1,1016.4,2,3,51,0.0,0,490.2,4
2025-06-30 15:42:55,1,58,26.4,36,33.4,1016.3,2,11,74,0.0,0,484.2,4
2025-06-30 15:43:56,1,58,26.4,36,33.4,1016.4,5,11,54,0.0,0,482.3,4
2025-06-30 15:44:57,1,58,26.4,37,33.3,1016.2,5,11,15,0.0,0,480.4,4
2025-06-30 15:45:58,1,58,26.4,37,33.1,1016.2,2,7,68,0.0,0,475.9,4
2025-06-30 15:46:59,1,58,26.4,37,33.1,1016.4,2,7,68,0.0,0,475.9,4
2025-06-30 15:48:00,1,58,26.4,37,33.0,1016.3,3,7,27,0.0,0,471.5,4
2025-06-30 15:49:01,1,58,26.4,37,33.0,1016.1,3,9,36,0.0,0,465.2,4
2025-06-30 15:50:02,1,58,26.4,38,32.9,1016.3,3,7,36,0.0,0,461.9,4
2025-06-30 15:51:03,1,58,26.4,37,32.7,1016.2,1,5,35,0.0,0,455.4,4
2025-06-30 15:52:04,1,58,26.4,37,32.7,1016.3,3,7,24,0.0,0,452.4,4
2025-06-30 15:53:05,1,58,26.4,38,32.7,1016.3,1,7,42,0.0,0,451.4,4
2025-06-30 15:54:06,1,58,26.4,38,32.7,1016.3,4,9,52,0.0,0,447.8,4
2025-06-30 15:55:07,1,58,26.4,38,32.8,1016.2,3,7,58,0.0,0,445.6,4
2025-06-30 15:56:08,1,58,26.4,38,32.7,1016.3,4,7,69,0.0,0,443.9,4
2025-06-30 15:57:09,1,58,26.4,37,32.7,1016.2,2,5,21,0.0,0,441.2,4
2025-06-30 15:58:10,1,58,26.4,37,32.7,1016.3,5,7,35,0.0,0,440.0,4
2025-06-30 15:59:11,1,58,26.4,37,32.9,1016.2,5,7,72,0.0,0,436.8,4
2025-06-30 16:00:12,1,58,26.4,37,32.9,1016.1,3,7,69,0.0,0,436.1,4
2025-06-30 16:01:13,1,58,26.4,37,33.0,1016.1,5,9,55,0.0,0,432.9,4
2025-06-30 16:02:14,1,57,26.4,37,33.1,1016.2,5,9,76,0.0,0,430.4,4
2025-06-30 16:03:15,1,57,26.4,37,33.2,1016.2,2,7,64,0.0,0,426.4,4
2025-06-30 16:04:16,1,57,26.4,37,33.3,1016.1,4,5,76,0.0,0,425.7,4
2025-06-30 16:05:17,1,57,26.4,37,33.3,1016.1,2,5,17,0.0,0,422.2,4
2025-06-30 16:06:18,1,57,26.5,37,33.3,1016.2,2,5,17,0.0,0,422.2,4
2025-06-30 16:07:19,1,57,26.4,37,33.3,1016.1,2,5,46,0.0,0,419.9,4
2025-06-30 16:08:20,1,57,26.5,37,33.1,1016.3,5,7,40,0.0,0,418.3,4
2025-06-30 16:09:21,1,57,26.4,37,33.1,1016.0,5,7,40,0.0,0,418.3,4
2025-06-30 16:10:22,1,57,26.4,37,33.0,1016.1,0,0,41,0.0,0,414.9,4
2025-06-30 16:11:23,1,57,26.4,37,33.0,1016.0,0,3,37,0.0,0,410.3,3
2025-06-30 16:12:24,1,57,26.4,37,33.0,1016.0,0,3,37,0.0,0,410.3,3
2025-06-30 16:13:25,1,57,26.5,37,33.1,1016.0,3,3,67,0.0,0,404.7,3
2025-06-30 16:14:26,1,57,26.5,37,33.1,1016.1,3,3,67,0.0,0,404.7,3
2025-06-30 16:15:27,1,57,26.4,37,33.2,1015.9,2,3,39,0.0,0,399.9,3
2025-06-30 16:16:28,1,57,26.5,37,33.2,1015.9,1,3,62,0.0,0,399.3,3
2025-06-30 16:17:29,1,57,26.5,36,33.3,1016.1,6,9,64,0.0,0,393.1,3
2025-06-30 16:18:30,1,57,26.5,37,33.3,1016.1,5,9,35,0.0,0,389.8,3
2025-06-30 16:19:31,1,57,26.5,37,33.2,1016.0,1,7,36,0.0,0,386.9,3
2025-06-30 16:20:32,1,57,26.5,37,33.2,1015.8,1,7,36,0.0,0,386.9,3
2025-06-30 16:21:33,1,57,26.5,38,32.9,1015.8,0,0,34,0.0,0,382.8,3
2025-06-30 16:22:34,1,57,26.5,37,32.9,1016.0,5,5,50,0.0,0,379.8,3
2025-06-30 16:23:35,1,57,26.5,37,33.0,1015.9,0,3,17,0.0,0,375.2,3
2025-06-30 16:24:36,1,57,26.6,37,33.0,1015.8,0,1,17,0.0,0,374.0,3
2025-06-30 16:25:37,1,57,26.5,37,33.0,1015.9,0,0,17,0.0,0,374.0,3
2025-06-30 16:26:38,1,57,26.5,37,33.1,1015.9,5,12,77,0.0,0,367.6,3
2025-06-30 16:27:39,1,57,26.5,37,33.1,1016.0,3,9,78,0.0,0,367.6,3
2025-06-30 16:28:41,1,57,26.5,37,33.1,1015.7,5,7,47,0.0,0,367.4,3
2025-06-30 16:29:42,1,57,26.6,37,33.0,1015.9,5,9,40,0.0,0,365.1,3
2025-06-30 16:30:43,1,57,26.5,37,33.0,1016.0,2,9,66,0.0,0,362.7,3
2025-06-30 16:31:44,1,57,26.5,37,33.0,1015.9,2,3,51,0.0,0,359.9,3
2025-06-30 16:32:45,1,57,26.6,37,32.9,1015.8,1,3,68,0.0,0,356.7,3
2025-06-30 16:33:46,1,57,26.5,38,32.7,1015.9,1,3,28,0.0,0,351.0,3
2025-06-30 16:34:47,1,57,26.6,38,32.6,1015.8,4,7,55,0.0,0,349.1,3
2025-06-30 16:35:48,1,57,26.6,38,32.6,1015.9,1,7,8,0.0,0,345.2,3
2025-06-30 16:36:49,1,57,26.6,38,32.6,1015.8,1,3,8,0.0,0,345.2,3
2025-06-30 16:37:50,1,57,26.6,37,32.9,1015.9,2,3,22,0.0,0,342.7,3
2025-06-30 16:38:51,1,57,26.6,37,33.0,1015.9,1,3,43,0.0,0,340.2,3
2025-06-30 16:39:52,1,57,26.6,37,33.0,1015.9,2,3,232,0.0,0,340.3,3
2025-06-30 16:40:53,1,57,26.6,37,33.2,1015.9,7,11,65,0.0,0,337.1,3
2025-06-30 16:41:54,1,57,26.6,38,33.2,1015.8,3,11,84,0.0,0,335.4,3
2025-06-30 16:42:55,1,57,26.6,39,32.7,1015.9,2,5,29,0.0,0,332.1,3
2025-06-30 16:43:56,1,57,26.6,39,32.4,1015.7,1,5,46,0.0,0,331.0,3
2025-06-30 16:44:57,1,57,26.6,38,32.3,1015.8,5,7,55,0.0,0,327.2,3
2025-06-30 16:45:58,1,57,26.6,38,32.3,1015.7,5,7,83,0.0,0,324.9,3
2025-06-30 16:46:59,1,57,26.6,38,32.3,1015.9,3,7,89,0.0,0,322.7,3
2025-06-30 16:48:00,1,57,26.6,39,32.3,1015.7,1,5,74,0.0,0,318.9,3
2025-06-30 16:49:01,1,57,26.6,39,32.3,1015.7,0,5,60,0.0,0,316.5,3
2025-06-30 16:50:02,1,57,26.6,39,32.3,1015.7,2,5,184,0.0,0,315.1,3
2025-06-30 16:51:03,1,57,26.6,39,32.3,1015.7,0,5,84,0.0,0,311.0,3
2025-06-30 16:52:04,1,57,26.7,39,32.3,1015.7,4,7,77,0.0,0,309.0,3
2025-06-30 16:53:05,1,57,26.7,39,32.2,1015.7,6,11,89,0.0,0,307.2,2
2025-06-30 16:54:06,1,57,26.7,39,32.0,1015.7,1,9,28,0.0,0,304.4,2
2025-06-30 16:55:07,1,57,26.7,39,32.0,1015.7,1,9,102,0.0,0,301.0,2
2025-06-30 16:56:08,1,57,26.7,39,31.9,1015.6,2,5,57,0.0,0,297.9,2
2025-06-30 16:57:09,1,57,26.7,40,31.9,1015.7,0,3,54,0.0,0,294.1,2
2025-06-30 16:58:10,1,57,26.7,40,31.9,1015.6,0,1,56,0.0,0,293.3,2
2025-06-30 16:59:11,1,57,26.7,39,32.0,1015.5,3,5,31,0.0,0,289.2,2
2025-06-30 17:00:12,1,57,26.7,38,32.1,1015.7,3,5,5,0.0,0,286.7,2
2025-06-30 17:01:13,1,57,26.7,39,32.4,1015.6,2,5,36,0.0,0,284.3,2
2025-06-30 17:02:14,1,57,26.7,38,32.5,1015.6,5,7,37,0.0,0,281.5,2
2025-06-30 17:03:15,1,57,26.7,38,32.6,1015.6,3,7,41,0.0,0,278.8,2
2025-06-30 17:04:16,1,57,26.7,38,32.6,1015.6,6,9,73,0.0,0,275.9,2
2025-06-30 17:05:17,1,57,26.7,39,32.5,1015.6,0,9,81,0.0,0,271.8,2
2025-06-30 17:06:18,1,57,26.7,39,32.4,1015.5,3,7,19,0.0,0,268.4,2
2025-06-30 17:07:19,1,57,26.7,38,32.4,1015.6,6,9,56,0.0,0,267.4,2
2025-06-30 17:08:20,1,57,26.7,39,32.4,1015.6,1,9,278,0.0,0,264.8,2
2025-06-30 17:09:21,1,57,26.7,38,32.5,1015.5,5,7,51,0.0,0,262.3,2
2025-06-30 17:10:22,1,57,26.7,38,32.4,1015.6,10,14,37,0.0,0,260.2,2
2025-06-30 17:11:23,1,57,26.7,39,32.4,1015.5,6,14,72,0.0,0,258.6,2
2025-06-30 17:12:24,1,57,26.7,39,32.2,1015.5,3,11,34,0.0,0,254.4,2
2025-06-30 17:13:25,1,57,26.7,39,32.2,1015.5,3,7,34,0.0,0,254.4,2
2025-06-30 17:14:26,1,57,26.7,40,32.1,1015.6,3,5,58,0.0,0,249.8,2
2025-06-30 17:15:27,1,57,26.7,40,31.9,1015.4,6,9,59,0.0,0,247.0,2
2025-06-30 17:16:28,1,57,26.7,40,31.9,1015.6,3,9,54,0.0,0,245.1,2
2025-06-30 17:17:29,1,57,26.7,40,31.9,1015.6,9,12,22,0.0,0,241.1,2
2025-06-30 17:18:30,1,57,26.7,40,31.9,1015.6,7,12,54,0.0,0,238.3,2
2025-06-30 17:19:31,1,57,26.7,40,31.9,1015.4,6,11,40,0.0,0,236.3,2
2025-06-30 17:20:32,1,57,26.7,41,31.9,1015.4,3,9,62,0.0,0,235.7,2
2025-06-30 17:21:33,1,57,26.7,41,31.7,1015.3,2,9,31,0.0,0,231.1,2
2025-06-30 17:22:34,1,57,26.7,41,31.7,1015.3,4,5,34,0.0,0,228.7,2
2025-06-30 17:23:35,1,57,26.7,41,31.7,1015.4,3,7,27,0.0,0,226.2,2
2025-06-30 17:24:36,1,57,26.8,42,31.7,1015.3,6,9,68,0.0,0,224.0,2
2025-06-30 17:25:37,1,57,26.7,42,31.7,1015.4,2,9,81,0.0,0,222.0,2
2025-06-30 17:26:38,1,57,26.7,42,31.7,1015.3,5,9,68,0.0,0,219.3,2
2025-06-30 17:27:39,1,57,26.8,42,31.7,1015.4,5,11,39,0.0,0,216.2,2
2025-06-30 17:28:40,1,57,26.7,42,31.8,1015.6,3,11,55,0.0,0,213.5,2
2025-06-30 17:29:41,1,57,26.7,41,31.8,1015.4,8,12,15,0.0,0,211.5,2
2025-06-30 17:30:42,1,57,26.7,42,31.7,1015.4,5,12,54,0.0,0,210.1,2
2025-06-30 17:31:43,1,57,26.8,42,31.7,1015.3,2,9,73,0.0,0,207.3,2
2025-06-30 17:32:44,1,57,26.7,42,31.7,1015.3,2,9,50,0.0,0,204.6,1
2025-06-30 17:33:45,1,57,26.8,42,31.7,1015.3,7,14,24,0.0,0,202.8,1
2025-06-30 17:34:46,1,57,26.7,42,31.7,1015.3,7,12,30,0.0,0,200.2,1
2025-06-30 17:35:47,1,57,26.8,42,31.7,1015.4,6,12,71,0.0,0,198.0,1
2025-06-30 17:36:48,1,57,26.8,42,31.8,1015.3,4,7,40,0.0,0,195.2,1
2025-06-30 17:37:49,1,57,26.8,42,31.8,1015.3,6,14,69,0.0,0,192.9,1
2025-06-30 17:38:50,1,58,26.8,43,31.7,1015.2,2,11,26,0.0,0,190.1,1
2025-06-30 17:39:51,1,58,26.8,43,31.6,1015.2,5,12,29,0.0,0,187.7,1
2025-06-30 17:40:52,1,58,26.8,43,31.5,1015.4,1,12,51,0.0,0,184.9,1
2025-06-30 17:41:53,1,58,26.8,43,31.5,1015.2,6,12,28,0.0,0,183.9,1
2025-06-30 17:42:54,1,58,26.8,44,31.5,1015.2,5,12,67,0.0,0,181.7,1
2025-06-30 17:43:55,1,58,26.8,44,31.5,1015.1,5,11,27,0.0,0,179.2,1
2025-06-30 17:44:56,1,58,26.8,44,31.3,1015.2,2,9,73,0.0,0,176.9,1
2025-06-30 17:45:57,1,59,26.8,44,31.3,1015.1,5,9,50,0.0,0,174.6,1
2025-06-30 17:46:58,1,59,26.8,44,31.3,1015.1,6,9,52,0.0,0,173.3,1
2025-06-30 17:47:59,1,59,26.8,44,31.3,1015.1,5,9,81,0.0,0,171.4,1
2025-06-30 17:49:00,1,59,26.8,44,31.3,1015.3,6,12,29,0.0,0,169.0,1
2025-06-30 17:50:01,1,59,26.8,44,31.3,1015.2,6,12,45,0.0,0,166.4,1
2025-06-30 17:51:02,1,59,26.8,44,31.2,1015.2,7,12,26,0.0,0,163.5,1
2025-06-30 17:52:03,1,59,26.8,44,31.1,1015.0,1,9,67,0.0,0,162.0,1
2025-06-30 17:53:04,1,59,26.8,43,31.1,1015.1,7,11,51,0.0,0,159.9,1
2025-06-30 17:54:05,1,58,26.8,43,31.1,1015.2,7,9,26,0.0,0,157.7,1
2025-06-30 17:55:06,1,58,26.8,43,31.1,1015.2,11,12,27,0.0,0,157.2,1
2025-06-30 17:56:07,1,58,26.8,44,31.0,1015.3,3,11,30,0.0,0,153.5,1
2025-06-30 17:57:08,1,58,26.8,44,31.0,1015.2,7,12,66,0.0,0,151.0,1
2025-06-30 17:58:09,1,58,26.8,44,31.0,1015.0,7,11,35,0.0,0,148.8,1
2025-06-30 17:59:10,1,58,26.8,44,30.9,1015.1,10,14,41,0.0,0,146.8,1
2025-06-30 18:00:11,1,58,26.8,44,30.9,1015.0,9,14,45,0.0,0,144.2,1
2025-06-30 18:01:12,1,58,26.8,44,30.8,1015.1,8,12,52,0.0,0,141.8,1
2025-06-30 18:02:13,1,58,26.9,44,30.7,1015.2,8,12,41,0.0,0,139.0,1
2025-06-30 18:03:14,1,58,26.9,44,30.7,1015.0,8,14,34,0.0,0,137.4,1
2025-06-30 18:04:15,1,58,26.8,45,30.7,1015.1,4,12,64,0.0,0,134.8,1
2025-06-30 18:05:16,1,58,26.9,45,30.6,1015.1,5,16,36,0.0,0,133.3,1
2025-06-30 18:06:17,1,58,26.8,45,30.6,1015.0,5,9,66,0.0,0,129.7,1
2025-06-30 18:07:18,1,58,26.9,45,30.6,1015.2,7,9,58,0.0,0,127.1,1
2025-06-30 18:08:19,1,58,26.9,45,30.7,1015.1,7,9,47,0.0,0,125.2,1
2025-06-30 18:09:20,1,58,26.8,45,30.7,1015.1,6,9,71,0.0,0,122.7,1
2025-06-30 18:10:21,1,58,26.9,45,30.7,1015.2,6,12,38,0.0,0,120.3,1
2025-06-30 18:11:22,1,58,26.8,45,30.7,1015.1,11,16,35,0.0,0,115.8,1
2025-06-30 18:12:23,1,58,26.9,45,30.7,1015.0,9,16,36,0.0,0,115.7,1
2025-06-30 18:13:24,1,58,26.9,45,30.6,1015.1,7,11,29,0.0,0,114.2,1
2025-06-30 18:14:25,1,58,26.9,45,30.5,1015.1,7,11,15,0.0,0,113.3,1
2025-06-30 18:15:26,1,58,26.9,45,30.6,1015.0,1,11,73,0.0,0,110.6,1
2025-06-30 18:16:27,1,58,26.9,45,30.6,1015.2,6,12,22,0.0,0,108.3,1
2025-06-30 18:17:28,1,59,26.9,45,30.6,1015.2,6,14,66,0.0,0,105.8,1
2025-06-30 18:18:29,1,59,26.9,45,30.6,1015.0,8,12,71,0.0,0,103.7,1
2025-06-30 18:19:30,1,59,26.9,45,30.6,1015.3,5,12,29,0.0,0,102.3,0
2025-06-30 18:20:31,1,59,26.9,45,30.6,1015.1,8,11,61,0.0,0,99.4,0
2025-06-30 18:21:32,1,59,26.9,46,30.6,1015.1,6,11,42,0.0,0,97.0,0
2025-06-30 18:22:33,1,59,26.9,46,30.6,1015.1,4,11,35,0.0,0,95.3,0
2025-06-30 18:23:34,1,59,26.9,46,30.4,1015.1,7,12,55,0.0,0,92.5,0
2025-06-30 18:24:35,1,59,26.9,46,30.4,1015.0,3,12,31,0.0,0,91.4,0
2025-06-30 18:25:36,1,59,26.9,46,30.4,1015.3,7,11,38,0.0,0,90.5,0
2025-06-30 18:26:37,1,59,26.9,45,30.3,1015.0,4,11,54,0.0,0,88.1,0
2025-06-30 18:27:38,1,59,26.9,46,30.3,1015.1,3,7,62,0.0,0,85.6,0
2025-06-30 18:28:39,1,59,26.9,45,30.3,1015.1,5,12,50,0.0,0,83.7,0
2025-06-30 18:29:40,1,59,26.9,46,30.3,1015.1,7,12,49,0.0,0,81.9,0
2025-06-30 18:30:41,1,59,26.9,46,30.3,1015.2,3,12,56,0.0,0,81.0,0
2025-06-30 18:31:42,1,59,26.9,46,30.3,1015.2,2,7,52,0.0,0,78.7,0
2025-06-30 18:32:43,1,59,26.9,46,30.3,1015.1,5,7,29,0.0,0,76.7,0
2025-06-30 18:33:44,1,59,26.9,46,30.4,1015.2,4,7,14,0.0,0,74.8,0
2025-06-30 18:34:45,1,59,26.9,46,30.4,1015.3,3,11,70,0.0,0,73.0,0
2025-06-30 18:35:46,1,59,26.9,46,30.4,1015.3,3,11,62,0.0,0,71.5,0
2025-06-30 18:36:47,1,59,26.9,46,30.3,1015.0,5,9,52,0.0,0,69.8,0
2025-06-30 18:37:48,1,59,26.9,46,30.3,1015.2,5,9,45,0.0,0,68.0,0
2025-06-30 18:38:49,1,59,26.9,46,30.3,1015.2,3,11,36,0.0,0,66.5,0
2025-06-30 18:39:50,1,59,26.9,46,30.2,1015.1,2,9,54,0.0,0,64.8,0
2025-06-30 18:40:51,1,59,26.9,46,30.2,1015.1,2,5,50,0.0,0,63.8,0
2025-06-30 18:41:52,1,59,26.9,46,30.2,1015.2,3,3,36,0.0,0,62.5,0
2025-06-30 18:42:53,1,59,26.9,46,30.3,1015.2,6,9,61,0.0,0,61.0,0
2025-06-30 18:43:54,1,59,26.9,47,30.3,1015.1,1,9,41,0.0,0,59.7,0
2025-06-30 18:44:55,1,59,26.9,46,30.2,1015.1,5,12,63,0.0,0,58.3,0
2025-06-30 18:45:56,1,59,26.9,46,30.2,1015.1,5,12,74,0.0,0,56.7,0
2025-06-30 18:46:57,1,59,26.9,46,30.2,1015.3,5,12,48,0.0,0,55.4,0
2025-06-30 18:47:58,1,59,26.9,46,30.2,1015.0,7,11,50,0.0,0,53.6,0
2025-06-30 18:48:59,1,59,26.9,47,30.2,1015.2,6,11,38,0.0,0,51.7,0
2025-06-30 18:50:00,1,59,26.9,47,30.1,1015.2,6,11,39,0.0,0,50.3,0
2025-06-30 18:51:01,1,59,26.9,47,30.0,1015.1,3,9,353,0.0,0,48.1,0
2025-06-30 18:52:02,1,59,26.9,47,30.0,1015.1,6,11,76,0.0,0,47.0,0
2025-06-30 18:53:03,1,59,26.9,47,29.9,1015.2,2,11,70,0.0,0,45.6,0
2025-06-30 18:54:04,1,59,26.9,47,29.9,1015.1,1,7,58,0.0,0,44.4,0
2025-06-30 18:55:05,1,59,26.9,47,29.9,1015.1,5,9,28,0.0,0,43.5,0
2025-06-30 18:56:06,1,59,26.9,47,29.9,1015.2,5,9,53,0.0,0,42.5,0
2025-06-30 18:57:07,1,59,26.9,47,29.9,1015.2,5,11,42,0.0,0,41.9,0
2025-06-30 18:58:08,1,59,26.9,47,29.8,1015.0,3,7,48,0.0,0,41.0,0
2025-06-30 18:59:09,1,59,26.9,47,29.8,1015.0,1,9,48,0.0,0,40.2,0
2025-06-30 19:00:10,1,59,26.9,47,29.8,1015.1,3,9,35,0.0,0,39.4,0
2025-06-30 19:01:11,1,59,27.0,48,29.8,1015.2,4,9,29,0.0,0,38.8,0
2025-06-30 19:02:12,1,59,26.9,48,29.7,1015.1,6,11,38,0.0,0,38.2,0
2025-06-30 19:03:13,1,59,26.9,48,29.7,1015.3,3,11,44,0.0,0,37.6,0
2025-06-30 19:04:14,1,59,26.9,48,29.7,1015.0,5,9,28,0.0,0,36.8,0
2025-06-30 19:05:15,1,59,26.9,48,29.7,1015.3,3,9,38,0.0,0,36.0,0
2025-06-30 19:06:16,1,59,26.9,48,29.7,1015.1,8,11,65,0.0,0,35.5,0
2025-06-30 19:07:17,1,59,26.9,48,29.6,1015.1,6,11,104,0.0,0,34.6,0
2025-06-30 19:08:18,1,59,26.9,48,29.6,1015.2,8,12,42,0.0,0,34.4,0
2025-06-30 19:09:19,1,59,26.9,48,29.5,1015.1,6,9,48,0.0,0,33.4,0
2025-06-30 19:10:20,1,59,26.9,48,29.5,1015.1,5,9,75,0.0,0,32.6,0
2025-06-30 19:11:21,1,59,26.9,48,29.5,1015.2,8,11,29,0.0,0,32.0,0
2025-06-30 19:12:22,1,59,26.9,49,29.5,1015.1,6,11,48,0.0,0,31.2,0
2025-06-30 19:13:23,1,59,26.9,49,29.4,1014.9,5,9,45,0.0,0,30.7,0
2025-06-30 19:14:24,1,59,26.9,49,29.4,1015.1,5,12,51,0.0,0,30.0,0
2025-06-30 19:15:25,1,59,26.9,49,29.4,1015.0,3,12,34,0.0,0,29.3,0
2025-06-30 19:16:26,1,59,26.9,49,29.3,1015.3,3,9,28,0.0,0,28.6,0
2025-06-30 19:17:27,1,59,26.9,50,29.3,1015.2,2,12,45,0.0,0,28.0,0
2025-06-30 19:18:28,1,59,27.0,50,29.2,1015.2,4,7,67,0.0,0,27.3,0
2025-06-30 19:19:29,1,59,26.9,50,29.2,1015.1,5,9,44,0.0,0,26.8,0
2025-06-30 19:20:30,1,59,26.9,50,29.2,1015.0,3,9,51,0.0,0,26.1,0
2025-06-30 19:21:31,1,59,26.9,50,29.2,1015.2,3,9,50,0.0,0,25.5,0
2025-06-30 19:22:32,1,59,26.9,50,29.2,1015.2,3,9,81,0.0,0,24.8,0
2025-06-30 19:23:33,1,59,26.9,49,29.1,1015.2,6,9,60,0.0,0,24.3,0
2025-06-30 19:24:34,1,59,27.0,49,29.1,1015.2,3,9,31,0.0,0,23.6,0
2025-06-30 19:25:35,1,59,26.9,50,29.1,1015.2,2,5,60,0.0,0,23.0,0
2025-06-30 19:26:36,1,59,26.9,50,29.1,1015.3,3,5,57,0.0,0,22.5,0
2025-06-30 19:27:37,1,59,26.9,50,29.1,1015.0,2,5,40,0.0,0,21.6,0
2025-06-30 19:28:38,1,59,26.9,50,29.1,1015.1,2,7,25,0.0,0,21.0,0
2025-06-30 19:29:39,1,59,26.9,50,29.0,1015.2,2,3,29,0.0,0,20.5,0
2025-06-30 19:30:40,1,59,26.9,50,29.0,1015.2,2,3,46,0.0,0,19.9,0
2025-06-30 19:31:41,1,59,26.9,50,29.0,1015.0,2,12,60,0.0,0,19.2,0
2025-06-30 19:32:42,1,59,26.9,50,28.9,1015.2,3,9,30,0.0,0,18.6,0
2025-06-30 19:33:43,1,59,26.9,50,28.9,1015.1,3,5,38,0.0,0,18.0,0
2025-06-30 19:34:44,1,59,26.9,50,28.8,1015.2,4,7,65,0.0,0,17.4,0
2025-06-30 19:35:45,1,59,27.0,51,28.8,1015.1,2,7,38,0.0,0,16.9,0
2025-06-30 19:36:46,1,59,26.9,51,28.8,1015.2,2,9,47,0.0,0,16.3,0
2025-06-30 19:37:47,1,59,26.9,51,28.7,1015.2,9,12,61,0.0,0,15.7,0
2025-06-30 19:38:48,1,59,26.9,51,28.7,1015.2,3,12,39,0.0,0,15.0,0
2025-06-30 19:39:49,1,59,26.9,51,28.6,1015.1,6,9,44,0.0,0,14.5,0
2025-06-30 19:40:50,1,59,26.9,51,28.6,1015.2,4,9,27,0.0,0,14.0,0
2025-06-30 19:41:51,1,59,26.9,51,28.5,1015.2,8,11,55,0.0,0,13.4,0
2025-06-30 19:42:52,1,59,26.9,51,28.5,1015.0,5,12,57,0.0,0,12.9,0
2025-06-30 19:43:53,1,59,26.9,52,28.4,1015.1,2,12,68,0.0,0,12.3,0
2025-06-30 19:44:54,1,59,26.9,52,28.4,1015.1,6,9,65,0.0,0,11.8,0
2025-06-30 19:45:55,1,59,26.9,52,28.4,1015.3,3,9,44,0.0,0,11.4,0
2025-06-30 19:46:56,1,59,26.9,52,28.3,1015.2,3,7,61,0.0,0,10.8,0
2025-06-30 19:47:57,1,59,26.9,52,28.3,1015.3,5,12,74,0.0,0,10.3,0
2025-06-30 19:48:58,1,59,26.9,52,28.2,1015.2,2,12,29,0.0,0,9.8,0
2025-06-30 19:49:59,1,59,26.9,52,28.2,1015.3,5,7,31,0.0,0,9.3,0
2025-06-30 19:51:00,1,59,26.9,52,28.2,1015.2,4,9,45,0.0,0,8.8,0
2025-06-30 19:52:01,1,59,26.9,53,28.2,1015.2,4,9,41,0.0,0,8.5,0
2025-06-30 19:53:02,1,59,26.9,53,28.1,1015.1,5,9,72,0.0,0,8.0,0
2025-06-30 19:54:03,1,59,26.9,53,28.1,1015.3,6,9,28,0.0,0,7.5,0
2025-06-30 19:55:04,1,59,26.9,53,28.0,1015.3,5,11,60,0.0,0,7.1,0
2025-06-30 19:56:05,1,59,26.9,53,28.0,1015.2,6,12,26,0.0,0,6.7,0
2025-06-30 19:57:06,1,59,26.9,53,28.0,1015.2,7,12,47,0.0,0,6.4,0
2025-06-30 19:58:07,1,59,26.9,54,27.9,1015.3,3,11,34,0.0,0,6.0,0
2025-06-30 19:59:08,1,59,26.9,54,27.9,1015.1,1,7,38,0.0,0,5.6,0
2025-06-30 20:00:09,1,59,26.9,54,27.8,1015.0,5,7,22,0.0,0,5.3,0
2025-06-30 20:01:10,1,59,26.9,54,27.8,1015.2,5,11,39,0.0,0,4.9,0
2025-06-30 20:02:11,1,59,26.9,54,27.8,1015.2,3,7,31,0.0,0,4.7,0
2025-06-30 20:03:12,1,59,26.9,54,27.7,1015.2,2,7,58,0.0,0,4.3,0
2025-06-30 20:04:13,1,59,26.9,54,27.7,1015.1,7,9,28,0.0,0,4.0,0
2025-06-30 20:05:14,1,59,26.9,54,27.7,1015.1,2,9,43,0.0,0,3.7,0
2025-06-30 20:06:15,1,59,26.9,54,27.7,1015.3,3,11,37,0.0,0,3.4,0
2025-06-30 20:07:16,1,60,26.9,54,27.7,1015.3,2,7,47,0.0,0,3.2,0
2025-06-30 20:08:17,1,60,26.9,54,27.6,1015.2,1,5,43,0.0,0,3.0,0
2025-06-30 20:09:18,1,60,26.9,55,27.6,1015.2,2,5,45,0.0,0,2.7,0
2025-06-30 20:10:19,1,60,26.9,54,27.6,1015.3,4,11,27,0.0,0,2.5,0
2025-06-30 20:11:20,1,60,26.9,55,27.6,1015.3,2,7,28,0.0,0,2.3,0
2025-06-30 20:12:21,1,60,26.9,55,27.6,1015.3,3,7,37,0.0,0,2.0,0
2025-06-30 20:13:22,1,60,26.9,55,27.5,1015.2,2,7,44,0.0,0,1.9,0
2025-06-30 20:14:23,1,60,26.9,55,27.5,1015.1,7,11,41,0.0,0,1.7,0
2025-06-30 20:15:24,1,60,26.9,54,27.5,1015.2,5,11,25,0.0,0,1.5,0
2025-06-30 20:16:25,1,60,26.8,54,27.5,1015.2,4,9,50,0.0,0,1.4,0
2025-06-30 20:17:26,1,60,26.9,55,27.4,1015.2,6,9,41,0.0,0,1.2,0
2025-06-30 20:18:27,1,60,26.9,55,27.4,1015.3,5,11,62,0.0,0,1.1,0
2025-06-30 20:19:28,1,60,26.9,55,27.4,1015.2,7,11,70,0.0,0,1.0,0
2025-06-30 20:20:29,1,60,26.8,55,27.4,1015.1,6,9,40,0.0,0,0.9,0
2025-06-30 20:21:30,1,60,26.9,55,27.3,1015.4,8,11,54,0.0,0,0.8,0
2025-06-30 20:22:31,1,60,26.9,55,27.3,1015.1,3,11,35,0.0,0,0.7,0
2025-06-30 20:23:32,1,60,26.8,55,27.3,1015.4,1,7,55,0.0,0,0.6,0
2025-06-30 20:24:33,1,60,26.9,56,27.3,1015.5,6,11,55,0.0,0,0.6,0
2025-06-30 20:25:34,1,60,26.8,56,27.2,1015.3,5,11,51,0.0,0,0.5,0
2025-06-30 20:26:35,1,60,26.9,56,27.2,1015.5,5,9,42,0.0,0,0.4,0
2025-06-30 20:27:36,1,60,26.8,56,27.2,1015.4,3,9,35,0.0,0,0.4,0
2025-06-30 20:28:37,1,60,26.9,56,27.1,1015.4,3,9,42,0.0,0,0.3,0
2025-06-30 20:29:38,1,60,26.8,56,27.1,1015.4,4,7,23,0.0,0,0.3,0
2025-06-30 20:30:39,1,60,26.9,56,27.1,1015.4,3,9,18,0.0,0,0.3,0
2025-06-30 20:31:40,1,60,26.9,57,27.0,1015.2,3,9,68,0.0,0,0.2,0
2025-06-30 20:32:41,1,60,26.8,57,27.0,1015.3,5,9,47,0.0,0,0.2,0
2025-06-30 20:33:42,1,60,26.8,57,27.0,1015.2,5,9,39,0.0,0,0.2,0
2025-06-30 20:34:43,1,60,26.9,57,26.9,1015.3,7,9,53,0.0,0,0.2,0
2025-06-30 20:35:44,1,60,26.9,57,26.9,1015.2,6,9,37,0.0,0,0.1,0
2025-06-30 20:36:45,1,60,26.9,57,26.9,1015.3,3,11,22,0.0,0,0.1,0
2025-06-30 20:37:46,1,60,26.9,57,26.9,1015.5,3,9,65,0.0,0,0.1,0
2025-06-30 20:38:47,1,60,26.8,57,26.9,1015.4,6,9,41,0.0,0,0.1,0
2025-06-30 20:39:48,1,60,26.8,57,26.8,1015.3,2,11,33,0.0,0,0.1,0
2025-06-30 20:40:49,1,60,26.9,57,26.8,1015.3,8,11,54,0.0,0,0.1,0
2025-06-30 20:41:50,1,60,26.9,58,26.8,1015.4,4,11,37,0.0,0,0.1,0
2025-06-30 20:42:51,1,60,26.9,58,26.8,1015.5,3,9,26,0.0,0,0.1,0
2025-06-30 20:43:52,1,60,26.9,58,26.8,1015.3,6,9,44,0.0,0,0.1,0
2025-06-30 20:44:53,1,60,26.9,58,26.7,1015.3,2,9,18,0.0,0,0.0,0
2025-06-30 20:45:54,1,60,26.9,58,26.7,1015.3,4,9,28,0.0,0,0.0,0
2025-06-30 20:46:55,1,60,26.9,58,26.7,1015.4,3,7,35,0.0,0,0.0,0
2025-06-30 20:47:56,1,60,26.9,58,26.7,1015.4,3,9,31,0.0,0,0.0,0
2025-06-30 20:48:57,1,60,26.9,58,26.7,1015.5,1,9,17,0.0,0,0.0,0
2025-06-30 20:49:58,1,60,26.8,58,26.7,1015.3,2,7,35,0.0,0,0.0,0
2025-06-30 20:50:59,1,60,26.8,58,26.7,1015.3,1,7,349,0.0,0,0.0,0
2025-06-30 20:52:00,1,60,26.9,58,26.6,1015.4,4,7,63,0.0,0,0.0,0
2025-06-30 20:53:01,1,60,26.9,58,26.6,1015.4,2,7,44,0.0,0,0.0,0
2025-06-30 20:54:02,1,60,26.8,58,26.6,1015.5,5,9,51,0.0,0,0.0,0
2025-06-30 20:55:03,1,60,26.9,58,26.6,1015.4,5,12,25,0.0,0,0.0,0
2025-06-30 20:56:04,1,60,26.9,58,26.6,1015.5,5,12,55,0.0,0,0.0,0
2025-06-30 20:57:05,1,60,26.9,58,26.6,1015.5,2,9,71,0.0,0,0.0,0
2025-06-30 20:58:06,1,60,26.9,58,26.6,1015.3,3,9,42,0.0,0,0.0,0
2025-06-30 20:59:07,1,60,26.9,58,26.6,1015.4,2,5,43,0.0,0,0.0,0
2025-06-30 21:00:08,1,60,26.9,58,26.6,1015.4,3,5,52,0.0,0,0.0,0
2025-06-30 21:01:09,1,60,26.9,58,26.6,1015.4,3,7,32,0.0,0,0.0,0
2025-06-30 21:02:10,1,61,26.9,58,26.6,1015.5,2,7,39,0.0,0,0.0,0
2025-06-30 21:03:11,1,60,26.9,58,26.6,1015.4,2,7,347,0.0,0,0.0,0
2025-06-30 21:04:12,1,61,26.9,57,26.6,1015.3,2,9,50,0.0,0,0.0,0
2025-06-30 21:05:13,1,61,26.9,57,26.6,1015.2,0,9,52,0.0,0,0.0,0
2025-06-30 21:06:14,1,61,26.9,57,26.6,1015.4,3,5,32,0.0,0,0.0,0
2025-06-30 21:07:15,1,61,26.9,57,26.6,1015.4,3,5,43,0.0,0,0.0,0
2025-06-30 21:08:16,1,61,26.9,56,26.6,1015.3,5,7,42,0.0,0,0.0,0
2025-06-30 21:09:17,1,61,26.9,57,26.7,1015.4,4,7,45,0.0,0,0.0,0
2025-06-30 21:10:18,1,61,26.9,57,26.7,1015.2,2,7,37,0.0,0,0.0,0
2025-06-30 21:11:19,1,61,26.9,56,26.7,1015.5,2,7,77,0.0,0,0.0,0
2025-06-30 21:12:20,1,61,26.9,57,26.6,1015.4,0,7,15,0.0,0,0.0,0
2025-06-30 21:13:21,1,61,26.9,57,26.6,1015.5,0,1,15,0.0,0,0.0,0
2025-06-30 21:14:22,1,61,26.9,56,26.6,1015.4,1,1,39,0.0,0,0.0,0
2025-06-30 21:15:23,1,61,26.9,56,26.6,1015.3,5,7,43,0.0,0,0.0,0
2025-06-30 21:16:24,1,61,26.9,55,26.6,1015.4,3,7,217,0.0,0,0.0,0
2025-06-30 21:17:25,1,61,26.9,55,26.6,1015.4,5,11,41,0.0,0,0.0,0
2025-06-30 21:18:26,1,61,26.9,55,26.6,1015.4,3,11,333,0.0,0,0.0,0
2025-06-30 21:19:27,1,61,26.9,55,26.7,1015.3,2,11,49,0.0,0,0.0,0
2025-06-30 21:20:28,1,61,26.9,54,26.7,1015.4,5,11,41,0.0,0,0.0,0
2025-06-30 21:21:29,1,61,26.9,54,26.7,1015.5,2,11,49,0.0,0,0.0,0
2025-06-30 21:22:30,1,61,26.9,54,26.7,1015.4,0,5,52,0.0,0,0.0,0
2025-06-30 21:23:31,1,61,26.9,54,26.7,1015.4,1,9,18,0.0,0,0.0,0
2025-06-30 21:24:32,1,61,26.9,53,26.7,1015.2,4,9,31,0.0,0,0.0,0
2025-06-30 21:25:33,1,61,26.9,53,26.7,1015.3,1,9,53,0.0,0,0.0,0
2025-06-30 21:26:34,1,61,26.9,53,26.6,1015.5,1,9,25,0.0,0,0.0,0
2025-06-30 21:27:35,1,61,26.9,53,26.6,1015.4,1,9,12,0.0,0,0.0,0
2025-06-30 21:28:36,1,61,26.9,53,26.6,1015.4,4,11,54,0.0,0,0.0,0
2025-06-30 21:29:37,1,61,26.9,53,26.6,1015.4,5,9,14,0.0,0,0.0,0
2025-06-30 21:30:38,1,61,26.9,53,26.6,1015.3,2,7,27,0.0,0,0.0,0
2025-06-30 21:31:39,1,61,26.9,53,26.5,1015.4,2,5,45,0.0,0,0.0,0
2025-06-30 21:32:40,1,61,26.9,54,26.5,1015.2,4,7,39,0.0,0,0.0,0
2025-06-30 21:33:41,1,61,26.9,53,26.5,1015.4,7,11,41,0.0,0,0.0,0
2025-06-30 21:34:42,1,61,26.9,54,26.4,1015.4,2,11,58,0.0,0,0.0,0
2025-06-30 21:35:43,1,61,26.9,54,26.4,1015.3,1,5,28,0.0,0,0.0,0
2025-06-30 21:36:44,1,61,26.9,54,26.3,1015.4,0,5,22,0.0,0,0.0,0
2025-06-30 21:37:45,1,61,26.9,54,26.3,1015.4,6,9,70,0.0,0,0.0,0
2025-06-30 21:38:46,1,61,26.9,54,26.3,1015.3,0,9,26,0.0,0,0.0,0
2025-06-30 21:39:47,1,61,26.9,54,26.2,1015.3,0,5,51,0.0,0,0.0,0
2025-06-30 21:40:48,1,60,26.9,54,26.2,1015.3,2,3,45,0.0,0,0.0,0
2025-06-30 21:41:49,1,60,26.9,55,26.2,1015.2,0,3,78,0.0,0,0.0,0
2025-06-30 21:42:50,1,60,26.9,55,26.1,1015.2,0,3,78,0.0,0,0.0,0
2025-06-30 21:43:51,1,60,26.8,55,26.1,1015.1,3,5,37,0.0,0,0.0,0
2025-06-30 21:44:52,1,60,26.8,55,26.0,1015.3,3,11,109,0.0,0,0.0,0
2025-06-30 21:45:53,1,60,26.8,55,26.0,1015.3,4,11,96,0.0,0,0.0,0
2025-06-30 21:46:54,1,60,26.8,55,26.0,1015.2,1,7,109,0.0,0,0.0,0
2025-06-30 21:47:55,1,60,26.9,55,26.0,1015.3,4,5,106,0.0,0,0.0,0
2025-06-30 21:48:56,1,60,26.8,55,26.0,1015.3,0,5,56,0.0,0,0.0,0
2025-06-30 21:49:57,1,60,26.9,55,26.0,1015.3,0,7,34,0.0,0,0.0,0
2025-06-30 21:50:58,1,60,26.8,55,25.9,1015.2,0,7,357,0.0,0,0.0,0
2025-06-30 21:51:59,1,60,26.8,55,25.9,1015.2,3,5,42,0.0,0,0.0,0
2025-06-30 21:53:00,1,60,26.8,55,25.9,1015.2,0,5,35,0.0,0,0.0,0
2025-06-30 21:54:01,1,60,26.8,55,25.9,1015.2,1,3,11,0.0,0,0.0,0
2025-06-30 21:55:02,1,60,26.8,56,25.8,1015.3,1,3,6,0.0,0,0.0,0
2025-06-30 21:56:03,1,60,26.8,55,25.8,1015.3,3,9,33,0.0,0,0.0,0
2025-06-30 21:57:04,1,60,26.8,55,25.7,1015.3,1,9,83,0.0,0,0.0,0
2025-06-30 21:58:05,1,60,26.8,55,25.7,1015.1,1,5,21,0.0,0,0.0,0
2025-06-30 21:59:06,1,60,26.8,56,25.7,1015.1,1,5,74,0.0,0,0.0,0
2025-06-30 22:00:07,1,60,26.8,56,25.7,1015.3,0,0,49,0.0,0,0.0,0
2025-06-30 22:01:08,1,60,26.8,56,25.6,1015.1,5,14,57,0.0,0,0.0,0
2025-06-30 22:02:09,1,60,26.8,56,25.6,1015.2,8,14,53,0.0,0,0.0,0
2025-06-30 22:03:10,1,60,26.8,56,25.6,1015.3,0,11,32,0.0,0,0.0,0
2025-06-30 22:04:11,1,60,26.8,56,25.6,1015.3,0,3,341,0.0,0,0.0,0
2025-06-30 22:05:12,1,60,26.8,56,25.5,1015.2,2,5,19,0.0,0,0.0,0
2025-06-30 22:06:13,1,60,26.8,56,25.5,1015.2,0,5,66,0.0,0,0.0,0
2025-06-30 22:07:14,1,60,26.8,56,25.5,1015.2,0,5,65,0.0,0,0.0,0
2025-06-30 22:08:15,1,59,26.8,55,25.4,1015.2,3,7,97,0.0,0,0.0,0
2025-06-30 22:09:16,1,59,26.8,55,25.4,1015.2,1,5,71,0.0,0,0.0,0
2025-06-30 22:10:17,1,59,26.8,55,25.4,1015.3,1,5,70,0.0,0,0.0,0
2025-06-30 22:11:18,1,59,26.8,55,25.4,1015.1,4,5,47,0.0,0,0.0,0
2025-06-30 22:12:19,1,59,26.8,56,25.4,1015.3,0,5,14,0.0,0,0.0,0
2025-06-30 22:13:20,1,59,26.8,55,25.4,1015.2,3,3,72,0.0,0,0.0,0
2025-06-30 22:14:21,1,59,26.8,55,25.3,1015.4,0,3,124,0.0,0,0.0,0
2025-06-30 22:15:22,1,59,26.8,55,25.3,1015.3,2,7,68,0.0,0,0.0,0
2025-06-30 22:16:23,1,59,26.8,55,25.3,1015.3,3,7,36,0.0,0,0.0,0
2025-06-30 22:17:24,1,59,26.8,56,25.3,1015.3,0,5,34,0.0,0,0.0,0
2025-06-30 22:18:25,1,59,26.8,56,25.3,1015.3,0,1,42,0.0,0,0.0,0
2025-06-30 22:19:26,1,59,26.8,55,25.2,1015.2,0,3,37,0.0,0,0.0,0
2025-06-30 22:20:27,1,59,26.8,56,25.2,1015.2,3,9,69,0.0,0,0.0,0
2025-06-30 22:21:28,1,59,26.8,56,25.2,1015.2,2,9,21,0.0,0,0.0,0
2025-06-30 22:22:29,1,59,26.8,56,25.2,1015.2,1,5,355,0.0,0,0.0,0
2025-06-30 22:23:30,1,59,26.8,56,25.2,1015.2,3,7,65,0.0,0,0.0,0
2025-06-30 22:24:31,1,59,26.8,56,25.2,1015.4,2,9,9,0.0,0,0.0,0
2025-06-30 22:25:32,1,59,26.8,56,25.2,1015.1,2,9,45,0.0,0,0.0,0
2025-06-30 22:26:33,1,59,26.8,56,25.1,1015.2,0,3,336,0.0,0,0.0,0
2025-06-30 22:27:34,1,59,26.8,56,25.1,1015.2,0,3,19,0.0,0,0.0,0
2025-06-30 22:28:35,1,59,26.8,56,25.1,1015.2,6,9,56,0.0,0,0.0,0
2025-06-30 22:29:36,1,59,26.8,56,25.1,1015.1,1,11,71,0.0,0,0.0,0
2025-06-30 22:30:37,1,59,26.8,56,25.1,1015.1,0,3,46,0.0,0,0.0,0
2025-06-30 22:31:38,1,59,26.8,56,25.1,1015.1,2,9,86,0.0,0,0.0,0
2025-06-30 22:32:39,1,59,26.8,56,25.0,1015.3,0,5,19,0.0,0,0.0,0
2025-06-30 22:33:40,1,59,26.8,56,25.0,1015.1,0,7,23,0.0,0,0.0,0
2025-06-30 22:34:41,1,59,26.8,56,25.0,1015.2,1,1,352,0.0,0,0.0,0
2025-06-30 22:35:42,1,59,26.8,56,24.9,1015.4,0,3,25,0.0,0,0.0,0
2025-06-30 22:36:43,1,58,26.8,56,24.9,1015.2,0,3,2,0.0,0,0.0,0
2025-06-30 22:37:44,1,58,26.8,56,24.9,1015.4,3,5,346,0.0,0,0.0,0
2025-06-30 22:38:45,1,58,26.8,56,24.9,1015.3,5,7,37,0.0,0,0.0,0
2025-06-30 22:39:46,1,58,26.8,55,24.9,1015.1,0,7,65,0.0,0,0.0,0
2025-06-30 22:40:47,1,58,26.8,55,24.9,1015.2,3,5,133,0.0,0,0.0,0
2025-06-30 22:41:48,1,58,26.8,55,24.9,1015.2,0,5,23,0.0,0,0.0,0
2025-06-30 22:42:49,1,58,26.8,55,24.9,1015.2,1,5,44,0.0,0,0.0,0
2025-06-30 22:43:50,1,58,26.8,55,24.8,1015.2,2,5,44,0.0,0,0.0,0
2025-06-30 22:44:51,1,58,26.8,55,24.8,1015.2,5,7,20,0.0,0,0.0,0
2025-06-30 22:45:52,1,58,26.8,55,24.8,1015.0,0,7,61,0.0,0,0.0,0
2025-06-30 22:46:53,1,58,26.8,55,24.8,1015.1,0,1,358,0.0,0,0.0,0
2025-06-30 22:47:54,1,58,26.8,55,24.7,1015.2,1,5,48,0.0,0,0.0,0
2025-06-30 22:48:55,1,58,26.8,55,24.7,1015.1,0,3,41,0.0,0,0.0,0
2025-06-30 22:49:56,1,58,26.8,55,24.7,1015.1,2,7,47,0.0,0,0.0,0
2025-06-30 22:50:57,1,58,26.8,55,24.7,1015.2,3,7,7,0.0,0,0.0,0
2025-06-30 22:51:58,1,58,26.8,55,24.7,1015.1,1,11,70,0.0,0,0.0,0
2025-06-30 22:52:59,1,58,26.8,55,24.7,1015.1,1,5,25,0.0,0,0.0,0
2025-06-30 22:54:00,1,58,26.8,54,24.7,1015.2,3,9,56,0.0,0,0.0,0
2025-06-30 22:55:01,1,58,26.8,54,24.7,1015.2,0,9,57,0.0,0,0.0,0
2025-06-30 22:56:02,1,58,26.8,54,24.7,1015.1,1,7,60,0.0,0,0.0,0
2025-06-30 22:57:03,1,58,26.8,54,24.7,1015.1,2,3,48,0.0,0,0.0,0
2025-06-30 22:58:04,1,58,26.8,54,24.6,1015.1,2,5,109,0.0,0,0.0,0
2025-06-30 22:59:05,1,58,26.8,54,24.6,1015.1,2,5,83,0.0,0,0.0,0
2025-06-30 23:00:06,1,57,26.8,54,24.6,1015.1,1,5,22,0.0,0,0.0,0
2025-06-30 23:01:07,1,58,26.8,54,24.6,1015.2,1,3,355,0.0,0,0.0,0
2025-06-30 23:02:08,1,57,26.8,54,24.6,1015.1,0,3,34,0.0,0,0.0,0
2025-06-30 23:03:09,1,57,26.8,54,24.6,1015.2,2,3,84,0.0,0,0.0,0
2025-06-30 23:04:10,1,57,26.8,54,24.6,1015.2,3,5,36,0.0,0,0.0,0
2025-06-30 23:05:11,1,57,26.8,54,24.6,1015.2,0,5,35,0.0,0,0.0,0
2025-06-30 23:06:12,1,57,26.8,54,24.6,1015.4,2,5,39,0.0,0,0.0,0
2025-06-30 23:07:13,1,57,26.8,54,24.6,1015.2,0,5,37,0.0,0,0.0,0
2025-06-30 23:08:14,1,57,26.8,54,24.6,1015.1,0,3,21,0.0,0,0.0,0
2025-06-30 23:09:15,1,57,26.8,54,24.6,1015.2,5,5,34,0.0,0,0.0,0
2025-06-30 23:10:16,1,57,26.8,54,24.5,1015.0,0,7,39,0.0,0,0.0,0
2025-06-30 23:11:17,1,57,26.8,53,24.5,1015.2,7,9,29,0.0,0,0.0,0
2025-06-30 23:12:18,1,57,26.8,54,24.5,1015.0,0,9,97,0.0,0,0.0,0
2025-06-30 23:13:19,1,57,26.8,53,24.5,1015.1,4,9,1,0.0,0,0.0,0
2025-06-30 23:14:20,1,57,26.8,52,24.5,1015.0,1,9,65,0.0,0,0.0,0
2025-06-30 23:15:21,1,57,26.8,53,24.5,1014.9,1,7,351,0.0,0,0.0,0
2025-06-30 23:16:22,1,57,26.8,53,24.5,1015.0,1,3,37,0.0,0,0.0,0
2025-06-30 23:17:23,1,57,26.8,53,24.5,1015.1,2,5,28,0.0,0,0.0,0
2025-06-30 23:18:24,1,57,26.8,53,24.5,1015.1,1,5,3,0.0,0,0.0,0
2025-06-30 23:19:25,1,57,26.8,53,24.5,1015.2,0,5,42,0.0,0,0.0,0
2025-06-30 23:20:26,1,57,26.8,53,24.5,1015.1,0,3,73,0.0,0,0.0,0
2025-06-30 23:21:27,1,57,26.8,53,24.4,1015.1,1,3,272,0.0,0,0.0,0
2025-06-30 23:22:28,1,57,26.8,53,24.4,1014.9,0,3,46,0.0,0,0.0,0
2025-06-30 23:23:29,1,56,26.8,52,24.4,1015.1,1,5,51,0.0,0,0.0,0
2025-06-30 23:24:30,1,56,26.8,52,24.4,1015.2,2,5,71,0.0,0,0.0,0
2025-06-30 23:25:31,1,56,26.8,53,24.4,1015.0,2,5,67,0.0,0,0.0,0
2025-06-30 23:26:32,1,56,26.8,53,24.4,1015.0,5,7,236,0.0,0,0.0,0
2025-06-30 23:27:33,1,56,26.8,52,24.4,1014.9,1,7,313,0.0,0,0.0,0
2025-06-30 23:28:34,1,56,26.8,52,24.3,1014.9,0,3,349,0.0,0,0.0,0
2025-06-30 23:29:35,1,56,26.8,53,24.3,1015.1,0,3,27,0.0,0,0.0,0
2025-06-30 23:30:36,1,56,26.8,52,24.3,1015.0,0,3,19,0.0,0,0.0,0
2025-06-30 23:31:37,1,56,26.8,52,24.3,1015.1,0,3,24,0.0,0,0.0,0
2025-06-30 23:32:38,1,56,26.8,53,24.3,1015.0,0,3,29,0.0,0,0.0,0
2025-06-30 23:33:39,1,56,26.8,53,24.3,1015.2,0,0,29,0.0,0,0.0,0
2025-06-30 23:34:40,1,56,26.8,53,24.2,1015.0,0,1,26,0.0,0,0.0,0
2025-06-30 23:35:41,1,56,26.8,53,24.2,1015.2,1,9,2,0.0,0,0.0,0
2025-06-30 23:36:42,1,56,26.8,53,24.2,1015.1,0,5,95,0.0,0,0.0,0
2025-06-30 23:37:43,1,56,26.8,53,24.2,1015.1,4,5,49,0.0,0,0.0,0
2025-06-30 23:38:44,1,56,26.8,53,24.1,1014.9,3,5,12,0.0,0,0.0,0
2025-06-30 23:39:45,1,56,26.8,53,24.1,1015.1,0,5,13,0.0,0,0.0,0
2025-06-30 23:40:46,1,56,26.8,53,24.1,1014.9,1,1,13,0.0,0,0.0,0
2025-06-30 23:41:47,1,56,26.8,53,24.1,1015.0,0,3,7,0.0,0,0.0,0
2025-06-30 23:42:48,1,56,26.8,52,24.1,1015.0,1,5,19,0.0,0,0.0,0
2025-06-30 23:43:49,1,56,26.8,52,24.0,1015.0,1,3,11,0.0,0,0.0,0
2025-06-30 23:44:50,1,56,26.8,52,24.0,1015.0,2,3,48,0.0,0,0.0,0
2025-06-30 23:45:51,1,55,26.8,52,24.0,1014.9,0,3,53,0.0,0,0.0,0
2025-06-30 23:46:52,1,55,26.8,52,24.0,1015.1,0,1,15,0.0,0,0.0,0
2025-06-30 23:47:53,1,55,26.8,52,24.0,1015.2,2,3,5,0.0,0,0.0,0
2025-06-30 23:48:54,1,55,26.8,53,24.0,1015.0,2,3,70,0.0,0,0.0,0
2025-06-30 23:49:55,1,55,26.8,52,23.9,1015.1,0,3,39,0.0,0,0.0,0
2025-06-30 23:50:56,1,55,26.8,52,23.9,1015.0,0,3,39,0.0,0,0.0,0
2025-06-30 23:51:57,1,55,26.8,52,23.9,1015.1,1,1,354,0.0,0,0.0,0
2025-06-30 23:52:58,1,55,26.8,52,23.9,1015.0,0,1,354,0.0,0,0.0,0
2025-06-30 23:53:59,1,55,26.8,52,23.9,1015.1,5,9,37,0.0,0,0.0,0
2025-06-30 23:55:00,1,55,26.8,52,23.9,1015.0,0,9,31,0.0,0,0.0,0
2025-06-30 23:56:01,1,55,26.8,52,23.9,1014.9,0,3,31,0.0,0,0.0,0
2025-06-30 23:57:02,1,55,26.8,53,23.8,1014.8,0,1,30,0.0,0,0.0,0
2025-06-30 23:58:03,1,55,26.8,53,23.8,1015.0,0,1,325,0.0,0,0.0,0
2025-06-30 23:59:04,1,55,26.8,52,23.8,1015.0,3,5,55,0.0,0,0.0,0
