2025-06-15 06:40:18,1,55,23.6,77,17.0,1019.2,11,14,248,0.0,0,337.0,3
2025-06-15 06:41:19,1,55,23.5,77,17.1,1019.2,7,14,219,0.0,0,154.0,1
2025-06-15 06:42:20,1,55,23.5,77,17.2,1019.4,10,16,273,0.0,0,343.3,3
2025-06-15 06:43:21,1,55,23.5,77,17.1,1019.4,8,16,259,0.0,0,344.1,3
2025-06-15 06:44:22,1,54,23.4,77,17.1,1019.4,6,14,291,0.0,0,270.5,2
2025-06-15 06:45:23,1,55,23.4,77,17.1,1019.5,9,11,266,0.0,0,300.1,2
2025-06-15 06:46:24,1,55,23.3,77,17.1,1019.3,8,12,111,0.0,0,277.2,2
2025-06-15 06:47:25,1,55,23.2,77,17.1,1019.3,13,16,258,0.0,0,348.9,3
2025-06-15 06:48:26,1,55,23.2,77,17.1,1019.5,8,16,222,0.0,0,355.1,3
2025-06-15 06:49:27,1,55,23.2,78,17.1,1019.5,4,11,246,0.0,0,367.4,3
2025-06-15 06:50:28,1,55,23.1,78,17.0,1019.2,6,7,244,0.0,0,382.7,3
2025-06-15 06:51:29,1,56,23.1,78,17.0,1019.2,7,11,281,0.0,0,391.3,3
2025-06-15 06:52:30,1,56,23.1,79,17.1,1019.4,3,11,303,0.0,0,380.2,3
2025-06-15 06:53:31,1,57,23.1,77,17.3,1019.3,6,11,293,0.0,0,177.9,1
2025-06-15 06:54:32,1,56,23.2,75,17.6,1019.4,4,11,288,0.0,0,252.5,2
2025-06-15 06:55:33,1,57,23.2,76,17.8,1019.4,4,11,298,0.0,0,415.4,4
2025-06-15 06:56:34,1,56,23.2,76,17.8,1019.3,3,9,276,0.0,0,245.4,2
2025-06-15 06:57:35,1,56,23.3,74,18.0,1019.3,2,11,29,0.0,0,184.8,1
2025-06-15 06:58:36,1,56,23.3,74,18.1,1019.3,4,11,244,0.0,0,178.4,1
2025-06-15 06:59:37,1,56,23.3,74,18.2,1019.4,6,7,255,0.0,0,391.2,3
2025-06-15 07:00:38,1,56,23.4,73,18.3,1019.3,8,16,249,0.0,0,425.6,4
2025-06-15 07:01:39,1,56,23.4,74,18.3,1019.3,9,16,228,0.0,0,294.4,2
2025-06-15 07:02:40,1,56,23.4,74,18.1,1019.5,8,12,234,0.0,0,478.1,4
2025-06-15 07:03:41,1,55,23.3,75,18.0,1019.3,7,12,232,0.0,0,378.9,3
2025-06-15 07:04:42,1,56,23.3,75,17.8,1019.4,5,11,261,0.0,0,202.6,1
2025-06-15 07:05:43,1,56,23.3,76,17.8,1019.3,8,11,265,0.0,0,329.6,3
2025-06-15 07:06:44,1,57,23.2,76,17.7,1019.4,4,11,308,0.0,0,169.5,1
2025-06-15 07:07:45,1,57,23.2,75,17.8,1019.5,4,16,318,0.0,0,208.5,2
2025-06-15 07:08:46,1,56,23.2,74,18.0,1019.3,7,16,295,0.0,0,149.4,1
2025-06-15 07:09:47,1,56,23.1,74,18.1,1019.3,3,14,261,0.0,0,156.1,1
2025-06-15 07:10:48,1,56,23.2,73,18.1,1019.3,7,14,335,0.0,0,159.8,1
2025-06-15 07:11:49,1,56,23.2,73,18.2,1019.3,11,16,295,0.0,0,184.4,1
2025-06-15 07:12:50,1,56,23.2,73,18.2,1019.2,10,18,292,0.0,0,196.9,1
2025-06-15 07:13:51,1,56,23.1,73,18.1,1019.4,13,21,233,0.0,0,228.0,2
2025-06-15 07:14:52,1,56,23.1,74,18.0,1019.4,12,21,258,0.0,0,359.3,3
2025-06-15 07:15:53,1,56,23.1,74,17.9,1019.3,11,18,229,0.0,0,374.4,3
2025-06-15 07:16:54,1,56,23.1,74,17.8,1019.2,6,12,247,0.0,0,218.6,2
2025-06-15 07:17:55,1,56,23.1,74,17.8,1019.4,10,14,231,0.0,0,231.9,2
2025-06-15 07:18:56,1,56,23.1,74,17.8,1019.4,15,18,246,0.0,0,215.6,2
2025-06-15 07:19:57,1,56,23.0,74,17.8,1019.4,14,21,266,0.0,0,201.9,1
2025-06-15 07:20:58,1,56,23.0,75,17.8,1019.4,6,16,262,0.0,0,202.8,1
2025-06-15 07:21:59,1,56,23.0,75,17.8,1019.5,3,12,281,0.0,0,203.1,1
2025-06-15 07:23:00,1,56,23.0,75,17.8,1019.4,7,9,277,0.0,0,207.6,2
2025-06-15 07:24:01,1,56,23.0,74,18.0,1019.4,8,14,250,0.0,0,519.0,5
2025-06-15 07:25:02,1,56,23.1,73,18.1,1019.1,6,14,248,0.0,0,537.6,5
2025-06-15 07:26:03,1,56,23.1,73,18.2,1019.4,6,14,279,0.0,0,398.5,3
2025-06-15 07:27:04,1,56,23.2,72,18.3,1019.3,4,12,317,0.0,0,286.6,2
2025-06-15 07:28:05,1,56,23.2,71,18.5,1019.4,10,12,294,0.0,0,282.5,2
2025-06-15 07:29:06,1,56,23.3,71,18.6,1019.4,7,12,253,0.0,0,535.3,5
2025-06-15 07:30:07,1,56,23.3,71,18.7,1019.5,6,11,294,0.0,0,563.0,5
2025-06-15 07:31:08,1,56,23.4,71,18.8,1019.5,6,12,293,0.0,0,430.4,4
2025-06-15 07:32:09,1,56,23.4,71,18.8,1019.4,5,9,234,0.0,0,360.0,3
2025-06-15 07:33:10,1,56,23.5,70,19.1,1019.4,9,14,177,0.0,0,456.6,4
2025-06-15 07:34:11,1,56,23.5,69,19.2,1019.4,12,20,287,0.0,0,472.4,4
2025-06-15 07:35:12,1,56,23.6,69,19.3,1019.3,8,18,296,0.0,0,515.5,5
2025-06-15 07:36:13,1,56,23.6,69,19.3,1019.6,7,14,292,0.0,0,417.8,4
2025-06-15 07:37:14,1,56,23.7,69,19.4,1019.5,3,12,269,0.0,0,470.7,4
2025-06-15 07:38:15,1,56,23.7,68,19.5,1019.4,11,12,260,0.0,0,320.1,3
2025-06-15 07:39:16,1,56,23.8,68,19.6,1019.6,10,12,278,0.0,0,472.8,4
2025-06-15 07:40:17,1,56,23.8,69,19.7,1019.6,2,12,315,0.0,0,542.7,5
2025-06-15 07:41:18,1,56,23.9,68,19.7,1019.6,8,11,255,0.0,0,527.0,5
2025-06-15 07:42:19,1,56,23.9,69,19.6,1019.5,7,18,358,0.0,0,261.0,2
2025-06-15 07:43:20,1,56,23.9,70,19.5,1019.4,3,18,259,0.0,0,177.9,1
2025-06-15 07:44:21,1,56,24.0,68,19.4,1019.5,8,16,212,0.0,0,253.6,2
2025-06-15 07:45:22,1,56,24.0,70,19.4,1019.5,8,16,297,0.0,0,212.7,2
2025-06-15 07:46:23,1,56,24.0,70,19.2,1019.4,5,16,291,0.0,0,219.4,2
2025-06-15 07:47:24,1,56,24.1,69,19.2,1019.5,5,11,296,0.0,0,532.9,5
2025-06-15 07:48:25,1,56,24.1,70,19.3,1019.6,3,11,1,0.0,0,522.6,5
2025-06-15 07:49:26,1,56,24.1,69,19.3,1019.5,3,20,245,0.0,0,510.3,4
2025-06-15 07:50:27,1,56,24.2,69,19.4,1019.7,11,16,263,0.0,0,560.6,5
2025-06-15 07:51:28,1,56,24.2,70,19.4,1019.5,4,16,279,0.0,0,449.8,4
2025-06-15 07:52:29,1,56,24.2,68,19.5,1019.5,10,16,298,0.0,0,210.7,2
2025-06-15 07:53:30,1,56,24.2,69,19.5,1019.6,7,16,242,0.0,0,464.2,4
2025-06-15 07:54:31,1,56,24.3,69,19.4,1019.5,7,11,350,0.0,0,224.0,2
2025-06-15 07:55:32,1,56,24.3,69,19.4,1019.7,11,14,336,0.0,0,204.1,1
2025-06-15 07:56:33,1,56,24.3,68,19.4,1019.7,9,16,297,0.0,0,184.4,1
2025-06-15 07:57:34,1,56,24.3,69,19.4,1019.7,8,12,325,0.0,0,221.5,2
2025-06-15 07:58:35,1,56,24.3,69,19.4,1019.7,6,14,283,0.0,0,263.2,2
2025-06-15 07:59:36,1,56,24.3,70,19.3,1019.8,4,14,237,0.0,0,294.7,2
2025-06-15 08:00:37,1,55,24.3,69,19.2,1019.7,9,16,332,0.0,0,612.3,5
2025-06-15 08:01:38,1,56,24.4,68,19.2,1019.6,8,16,295,0.0,0,525.5,5
2025-06-15 08:02:39,1,56,24.4,68,19.2,1019.6,7,12,260,0.0,0,238.9,2
2025-06-15 08:03:40,1,55,24.4,67,19.3,1019.5,7,14,1,0.0,0,246.1,2
2025-06-15 08:04:41,1,55,24.4,67,19.3,1019.7,6,14,356,0.0,0,317.9,3
2025-06-15 08:05:42,1,55,24.4,67,19.4,1019.7,7,12,339,0.0,0,612.4,5
2025-06-15 08:06:43,1,55,24.5,67,19.4,1019.7,9,14,271,0.0,0,628.7,6
2025-06-15 08:07:44,1,55,24.5,67,19.5,1019.8,4,14,330,0.0,0,464.1,4
2025-06-15 08:08:45,1,55,24.5,67,19.6,1019.7,5,14,15,0.0,0,606.2,5
2025-06-15 08:09:46,1,55,24.5,66,19.8,1019.8,10,14,271,0.0,0,608.9,5
2025-06-15 08:10:47,1,55,24.5,66,19.9,1019.9,7,14,279,0.0,0,422.4,4
2025-06-15 08:11:48,1,55,24.5,67,20.0,1019.8,5,11,260,0.0,0,453.8,4
2025-06-15 08:12:49,1,55,24.5,66,20.1,1019.9,6,12,280,0.0,0,235.0,2
2025-06-15 08:13:50,1,55,24.5,66,20.2,1019.8,2,9,307,0.0,0,623.2,6
2025-06-15 08:14:51,1,55,24.5,66,20.2,1019.8,3,7,303,0.0,0,613.3,5
2025-06-15 08:15:52,1,55,24.5,65,20.4,1019.9,4,7,317,0.0,0,649.5,6
2025-06-15 08:16:53,1,55,24.6,64,20.6,1019.9,12,16,336,0.0,0,329.6,3
2025-06-15 08:17:54,1,55,24.6,64,20.7,1020.0,10,14,252,0.0,0,250.3,2
2025-06-15 08:18:55,1,55,24.6,65,20.7,1019.9,2,20,264,0.0,0,260.5,2
2025-06-15 08:19:56,1,55,24.6,65,20.4,1020.0,10,18,297,0.0,0,212.6,2
2025-06-15 08:20:57,1,55,24.6,66,20.3,1020.0,11,16,270,0.0,0,202.5,1
2025-06-15 08:21:58,1,55,24.6,67,20.2,1019.8,7,14,341,0.0,0,189.5,1
2025-06-15 08:22:59,1,55,24.6,67,20.0,1019.9,6,20,347,0.0,0,182.7,1
2025-06-15 08:24:00,1,55,24.6,67,19.8,1020.1,10,18,287,0.0,0,200.6,1
2025-06-15 08:25:01,1,55,24.6,68,19.6,1020.1,3,12,293,0.0,0,258.2,2
2025-06-15 08:26:02,1,55,24.7,68,19.6,1020.0,6,14,306,0.0,0,410.7,4
2025-06-15 08:27:03,1,55,24.7,68,19.5,1020.0,5,14,302,0.0,0,651.2,6
2025-06-15 08:28:04,1,55,24.7,68,19.5,1020.1,3,12,260,0.0,0,259.0,2
2025-06-15 08:29:05,1,55,24.7,68,19.5,1020.0,6,11,9,0.0,0,649.0,6
2025-06-15 08:30:06,1,55,24.7,67,19.7,1019.9,10,16,279,0.0,0,650.8,6
2025-06-15 08:31:07,1,55,24.7,66,19.8,1020.0,6,16,299,0.0,0,254.6,2
2025-06-15 08:32:08,1,55,24.7,66,19.9,1020.1,6,12,289,0.0,0,219.1,2
2025-06-15 08:33:09,1,55,24.7,65,20.0,1019.8,6,14,320,0.0,0,227.5,2
2025-06-15 08:34:10,1,55,24.7,66,20.0,1020.0,6,12,258,0.0,0,648.4,6
2025-06-15 08:35:11,1,55,24.7,66,20.0,1020.1,10,14,301,0.0,0,684.8,6
2025-06-15 08:36:12,1,55,24.7,65,20.0,1020.2,6,16,24,0.0,0,257.3,2
2025-06-15 08:37:13,1,55,24.7,65,20.0,1020.1,14,18,295,0.0,0,258.8,2
2025-06-15 08:38:14,1,55,24.7,66,19.9,1020.1,5,18,257,0.0,0,245.9,2
2025-06-15 08:39:15,1,55,24.7,66,19.9,1020.2,6,18,313,0.0,0,168.1,1
2025-06-15 08:40:16,1,55,24.7,66,19.8,1020.2,7,18,278,0.0,0,170.4,1
2025-06-15 08:41:17,1,55,24.8,67,19.7,1020.1,11,14,324,0.0,0,616.5,6
2025-06-15 08:42:18,1,55,24.7,68,19.6,1020.0,2,14,260,0.0,0,600.5,5
2025-06-15 08:43:19,1,55,24.8,67,19.6,1020.1,11,16,298,0.0,0,628.0,6
2025-06-15 08:44:20,1,55,24.8,66,19.7,1020.2,3,16,66,0.0,0,617.4,6
2025-06-15 08:45:21,1,55,24.8,65,19.9,1020.1,9,12,285,0.0,0,629.0,6
2025-06-15 08:46:22,1,55,24.8,64,20.1,1020.2,7,12,313,0.0,0,180.4,1
2025-06-15 08:47:23,1,55,24.8,63,20.2,1020.0,2,11,326,0.0,0,577.5,5
2025-06-15 08:48:24,1,55,24.8,64,20.2,1020.1,8,11,292,0.0,0,611.4,5
2025-06-15 08:49:25,1,55,24.8,64,20.2,1020.1,6,12,337,0.0,0,623.4,6
2025-06-15 08:50:26,1,55,24.8,64,20.2,1020.3,10,14,315,0.0,0,622.5,6
2025-06-15 08:51:27,1,55,24.8,64,20.3,1020.2,2,14,6,0.0,0,628.9,6
2025-06-15 08:52:28,1,55,24.8,63,20.4,1020.1,7,9,259,0.0,0,228.4,2
2025-06-15 08:53:29,1,55,24.8,63,20.6,1020.1,5,12,263,0.0,0,647.7,6
2025-06-15 08:54:30,1,55,24.8,63,20.6,1020.3,8,14,270,0.0,0,644.5,6
2025-06-15 08:55:31,1,55,24.8,64,20.5,1020.2,5,12,301,0.0,0,648.3,6
2025-06-15 08:56:32,1,55,24.8,62,20.5,1020.2,11,18,339,0.0,0,389.3,3
2025-06-15 08:57:33,1,55,24.8,62,20.5,1020.2,13,18,248,0.0,0,641.7,6
2025-06-15 08:58:34,1,55,24.8,62,20.5,1020.1,9,18,273,0.0,0,646.5,6
2025-06-15 08:59:35,1,55,24.9,63,20.4,1020.3,7,14,249,0.0,0,651.8,6
2025-06-15 09:00:36,1,55,24.8,63,20.2,1020.2,11,14,269,0.0,0,647.1,6
2025-06-15 09:01:37,1,55,24.9,63,20.2,1020.3,9,14,323,0.0,0,641.4,6
2025-06-15 09:02:38,1,55,24.9,62,20.4,1020.1,9,16,325,0.0,0,643.1,6
2025-06-15 09:03:39,1,55,24.9,61,20.5,1020.2,15,18,224,0.0,0,641.2,6
2025-06-15 09:04:40,1,55,24.9,62,20.5,1020.3,11,21,231,0.0,0,633.4,6
2025-06-15 09:05:41,1,55,24.9,62,20.4,1020.2,12,23,243,0.0,0,644.6,6
2025-06-15 09:06:42,1,55,24.9,64,20.0,1020.2,17,23,241,0.0,0,652.8,6
2025-06-15 09:07:43,1,55,24.9,65,19.6,1020.1,13,20,229,0.0,0,662.1,6
2025-06-15 09:08:44,1,55,24.9,65,19.5,1020.1,18,21,217,0.0,0,673.5,6
2025-06-15 09:09:45,1,55,24.9,65,19.4,1020.1,10,21,248,0.0,0,690.7,6
2025-06-15 09:10:46,1,55,24.9,64,19.5,1020.2,11,12,242,0.0,0,696.4,6
2025-06-15 09:11:47,1,55,24.9,63,19.5,1020.1,13,18,264,0.0,0,706.5,6
2025-06-15 09:12:48,1,55,24.9,64,19.7,1020.0,15,18,232,0.0,0,697.7,6
2025-06-15 09:13:49,1,55,24.9,64,19.9,1020.2,11,18,243,0.0,0,695.4,6
2025-06-15 09:14:50,1,55,24.9,63,20.1,1020.1,5,16,274,0.0,0,718.4,7
2025-06-15 09:15:51,1,55,24.9,63,20.4,1020.0,11,16,265,0.0,0,689.2,6
2025-06-15 09:16:52,1,55,24.9,62,20.4,1020.2,16,20,328,0.0,0,210.9,2
2025-06-15 09:17:53,1,55,24.9,62,20.5,1020.1,8,20,303,0.0,0,693.9,6
2025-06-15 09:18:54,1,55,24.9,61,20.6,1020.2,12,18,261,0.0,0,692.1,6
2025-06-15 09:19:55,1,55,24.9,61,20.7,1020.1,5,16,269,0.0,0,221.0,2
2025-06-15 09:20:56,1,55,24.9,61,20.7,1020.0,11,16,243,0.0,0,646.1,6
2025-06-15 09:21:57,1,55,24.9,61,20.7,1020.0,5,16,283,0.0,0,664.2,6
2025-06-15 09:22:58,1,55,24.9,60,20.7,1020.1,11,16,285,0.0,0,684.2,6
2025-06-15 09:23:59,1,55,24.9,61,20.7,1020.1,6,16,228,0.0,0,614.3,5
2025-06-15 09:25:00,1,54,24.9,61,20.6,1020.1,11,20,231,0.0,0,680.0,6
2025-06-15 09:26:01,1,55,24.9,62,20.6,1020.2,13,20,276,0.0,0,683.8,6
2025-06-15 09:27:02,1,54,24.9,63,20.3,1020.2,15,20,236,0.0,0,684.0,6
2025-06-15 09:28:03,1,54,24.9,63,20.1,1020.1,6,20,315,0.0,0,686.5,6
2025-06-15 09:29:04,1,54,24.9,62,20.1,1020.2,8,14,296,0.0,0,687.7,6
2025-06-15 09:30:05,1,54,24.9,61,20.3,1020.3,7,18,284,0.0,0,678.9,6
2025-06-15 09:31:06,1,54,24.9,60,20.7,1020.2,9,18,336,0.0,0,710.9,6
2025-06-15 09:32:07,1,54,24.9,59,21.0,1020.1,10,16,275,0.0,0,696.4,6
2025-06-15 09:33:08,1,54,24.9,58,21.3,1020.2,7,16,281,0.0,0,172.9,1
2025-06-15 09:34:09,1,54,24.9,59,21.3,1020.3,3,14,225,0.0,0,693.9,6
2025-06-15 09:35:10,1,54,24.9,60,21.3,1020.4,5,12,3,0.0,0,686.5,6
2025-06-15 09:36:11,1,54,24.9,58,21.4,1020.3,8,12,294,0.0,0,673.4,6
2025-06-15 09:37:12,1,54,24.9,58,21.6,1020.3,9,14,340,0.0,0,678.8,6
2025-06-15 09:38:13,1,54,24.9,57,21.9,1020.2,7,18,104,0.0,0,676.0,6
2025-06-15 09:39:14,1,54,24.9,57,21.9,1020.3,5,18,244,0.0,0,679.5,6
2025-06-15 09:40:15,1,54,24.9,56,21.8,1020.3,15,25,343,0.0,0,686.9,6
2025-06-15 09:41:16,1,54,24.9,57,21.7,1020.2,10,25,277,0.0,0,695.4,6
2025-06-15 09:42:17,1,54,24.9,57,21.5,1020.2,17,23,272,0.0,0,698.5,6
2025-06-15 09:43:18,1,54,24.9,59,21.3,1020.2,12,23,263,0.0,0,702.3,6
2025-06-15 09:44:19,1,54,24.9,59,21.1,1020.1,14,20,253,0.0,0,706.4,6
2025-06-15 09:45:20,1,54,24.9,59,20.9,1020.2,14,23,231,0.0,0,709.8,6
2025-06-15 09:46:21,1,54,24.9,60,20.8,1020.2,9,20,247,0.0,0,700.9,6
2025-06-15 09:47:22,1,54,24.9,60,20.7,1020.2,9,16,327,0.0,0,694.5,6
2025-06-15 09:48:23,1,54,24.9,59,20.7,1020.3,2,16,306,0.0,0,711.2,6
2025-06-15 09:49:24,1,54,24.9,58,21.0,1020.1,2,9,4,0.0,0,706.7,6
2025-06-15 09:50:25,1,54,24.9,57,21.3,1020.1,8,12,257,0.0,0,707.2,6
2025-06-15 09:51:26,1,54,24.9,54,21.6,1020.1,21,23,230,0.0,0,712.8,6
2025-06-15 09:52:27,1,54,24.9,57,21.6,1020.1,3,27,304,0.0,0,712.4,6
2025-06-15 09:53:28,1,54,24.9,57,21.5,1020.1,10,14,210,0.0,0,719.4,7
2025-06-15 09:54:29,1,53,24.9,57,21.3,1020.3,7,14,66,0.0,0,721.2,7
2025-06-15 09:55:30,1,53,24.9,56,21.3,1020.0,13,16,269,0.0,0,723.6,7
2025-06-15 09:56:31,1,53,24.9,55,21.5,1019.9,17,21,259,0.0,0,731.0,7
2025-06-15 09:57:32,1,53,24.9,57,21.5,1020.0,11,21,263,0.0,0,729.6,7
2025-06-15 09:58:33,1,53,24.9,56,21.3,1020.1,6,18,240,0.0,0,732.3,7
2025-06-15 09:59:34,1,53,24.9,56,21.2,1020.3,17,20,278,0.0,0,732.8,7
2025-06-15 10:00:35,1,53,24.9,55,21.2,1020.1,11,23,216,0.0,0,728.5,7
2025-06-15 10:01:36,1,53,24.9,55,21.5,1020.2,5,16,263,0.0,0,725.9,7
2025-06-15 10:02:37,1,53,24.9,53,21.6,1020.2,12,16,308,0.0,0,731.0,7
2025-06-15 10:03:38,1,53,25.0,54,21.7,1020.1,13,16,247,0.0,0,729.9,7
2025-06-15 10:04:39,1,53,25.0,55,21.7,1020.1,9,16,300,0.0,0,731.4,7
2025-06-15 10:05:40,1,53,25.0,55,21.7,1020.2,2,12,46,0.0,0,730.8,7
2025-06-15 10:06:41,1,53,25.0,53,21.7,1020.2,10,21,264,0.0,0,726.8,7
2025-06-15 10:07:42,1,53,25.0,53,22.0,1020.2,8,14,11,0.0,0,724.7,7
2025-06-15 10:08:43,1,53,25.0,53,22.2,1020.3,7,12,96,0.0,0,714.6,6
2025-06-15 10:09:44,1,53,25.0,53,22.4,1020.2,7,11,256,0.0,0,714.0,6
2025-06-15 10:10:45,1,53,25.0,53,22.4,1020.2,12,21,312,0.0,0,713.1,6
2025-06-15 10:11:46,1,53,25.0,53,22.4,1020.4,7,21,226,0.0,0,735.2,7
2025-06-15 10:12:47,1,53,25.0,52,22.3,1020.1,12,25,217,0.0,0,735.0,7
2025-06-15 10:13:48,1,53,25.0,53,22.2,1020.4,11,25,220,0.0,0,735.4,7
2025-06-15 10:14:49,1,53,25.0,53,22.1,1020.1,11,18,290,0.0,0,744.2,7
2025-06-15 10:15:50,1,53,25.0,52,22.1,1020.3,9,21,1,0.0,0,752.0,7
2025-06-15 10:16:51,1,53,25.0,53,22.2,1020.2,6,18,279,0.0,0,758.6,7
2025-06-15 10:17:52,1,53,25.0,54,22.2,1020.2,7,18,301,0.0,0,764.6,7
2025-06-15 10:18:53,1,53,25.0,53,22.2,1020.3,13,20,258,0.0,0,773.8,7
2025-06-15 10:19:54,1,53,25.0,52,22.4,1020.2,17,25,250,0.0,0,775.3,7
2025-06-15 10:20:55,1,53,25.0,52,22.4,1020.3,9,25,295,0.0,0,780.4,7
2025-06-15 10:21:57,1,52,25.0,52,22.4,1020.4,10,14,289,0.0,0,781.1,7
2025-06-15 10:22:58,1,53,25.0,53,22.2,1020.3,9,20,337,0.0,0,786.8,7
2025-06-15 10:23:59,1,52,25.0,53,21.9,1020.4,6,18,303,0.0,0,730.8,7
2025-06-15 10:25:00,1,52,25.0,53,21.9,1020.6,7,14,272,0.0,0,790.1,7
2025-06-15 10:26:01,1,52,25.0,52,21.9,1020.3,9,14,298,0.0,0,788.6,7
2025-06-15 10:27:02,1,52,25.0,53,22.1,1020.4,7,14,296,0.0,0,809.0,7
2025-06-15 10:28:03,1,52,25.0,52,22.1,1020.1,7,14,259,0.0,0,797.4,7
2025-06-15 10:29:04,1,52,25.0,52,22.3,1020.5,12,18,286,0.0,0,694.8,6
2025-06-15 10:30:05,1,52,25.0,52,22.3,1020.5,9,18,332,0.0,0,787.1,7
2025-06-15 10:31:06,1,52,25.0,53,22.3,1020.3,3,14,21,0.0,0,778.5,7
2025-06-15 10:32:07,1,52,25.0,52,22.3,1020.2,13,18,317,0.0,0,781.7,7
2025-06-15 10:33:08,1,52,25.0,52,22.5,1020.1,9,18,283,0.0,0,782.7,7
2025-06-15 10:34:09,1,52,25.0,52,22.5,1020.4,8,20,229,0.0,0,787.0,7
2025-06-15 10:35:10,1,52,25.0,52,22.5,1020.3,3,16,254,0.0,0,794.4,7
2025-06-15 10:36:11,1,52,25.0,52,22.5,1020.4,10,21,265,0.0,0,770.5,7
2025-06-15 10:37:12,1,52,25.0,52,22.5,1020.3,2,21,320,0.0,0,756.0,7
2025-06-15 10:38:13,1,52,25.0,51,22.5,1020.3,7,16,321,0.0,0,664.1,6
2025-06-15 10:39:14,1,52,25.0,49,22.8,1020.5,7,16,317,0.0,0,808.0,7
2025-06-15 10:40:15,1,52,25.0,49,22.9,1020.5,8,21,319,0.0,0,803.1,7
2025-06-15 10:41:16,1,52,25.0,49,22.9,1020.4,5,14,218,0.0,0,743.2,7
2025-06-15 10:42:17,1,52,25.0,48,22.9,1020.4,14,18,279,0.0,0,764.2,7
2025-06-15 10:43:18,1,52,25.0,49,22.8,1020.4,18,27,279,0.0,0,778.3,7
2025-06-15 10:44:19,1,52,25.0,51,22.6,1020.4,3,27,47,0.0,0,753.2,7
2025-06-15 10:45:20,1,52,25.0,49,22.5,1020.6,12,20,24,0.0,0,800.8,7
2025-06-15 10:46:21,1,52,25.0,48,22.6,1020.5,13,21,310,0.0,0,751.5,7
2025-06-15 10:47:22,1,52,25.0,48,22.7,1020.5,8,20,13,0.0,0,697.5,6
2025-06-15 10:48:23,1,52,25.0,48,22.8,1020.4,13,21,313,0.0,0,563.5,5
2025-06-15 10:49:24,1,52,25.0,47,22.9,1020.4,15,23,248,0.0,0,677.0,6
2025-06-15 10:50:25,1,52,25.0,47,22.9,1020.4,16,27,312,0.0,0,791.5,7
2025-06-15 10:51:26,1,52,25.0,49,22.6,1020.4,7,27,333,0.0,0,702.8,6
2025-06-15 10:52:27,1,52,25.0,49,22.3,1020.5,5,25,335,0.0,0,454.5,4
2025-06-15 10:53:28,1,52,25.0,50,22.3,1020.5,11,25,287,0.0,0,734.9,7
2025-06-15 10:54:29,1,51,25.0,48,22.3,1020.2,15,20,259,0.0,0,516.5,5
2025-06-15 10:55:30,1,51,25.0,49,22.4,1020.5,13,23,266,0.0,0,759.0,7
2025-06-15 10:56:31,1,51,25.0,49,22.3,1020.5,14,23,255,0.0,0,657.8,6
2025-06-15 10:57:32,1,51,25.0,51,22.0,1020.5,10,20,250,0.0,0,797.4,7
2025-06-15 10:58:33,1,51,25.0,51,21.9,1020.3,11,29,265,0.0,0,577.3,5
2025-06-15 10:59:34,1,51,25.0,51,21.8,1020.5,12,25,240,0.0,0,668.2,6
2025-06-15 11:00:35,1,51,25.0,51,21.9,1020.6,8,16,325,0.0,0,656.5,6
2025-06-15 11:01:36,1,51,25.0,52,22.0,1020.6,7,27,285,0.0,0,488.3,4
2025-06-15 11:02:37,1,51,25.1,52,22.1,1020.4,12,23,300,0.0,0,873.3,8
2025-06-15 11:03:38,1,51,25.0,53,22.1,1020.5,6,23,278,0.0,0,873.0,8
2025-06-15 11:04:39,1,51,25.0,53,22.0,1020.6,13,23,257,0.0,0,794.7,7
2025-06-15 11:05:40,1,51,25.0,52,22.1,1020.6,10,21,336,0.0,0,905.9,8
2025-06-15 11:06:41,1,51,25.0,51,22.2,1020.5,12,20,269,0.0,0,881.9,8
2025-06-15 11:07:42,1,51,25.1,52,22.4,1020.4,4,18,218,0.0,0,840.3,8
2025-06-15 11:08:43,1,51,25.0,52,22.5,1020.5,6,16,317,0.0,0,790.7,7
2025-06-15 11:09:44,1,51,25.1,51,22.7,1020.4,11,20,238,0.0,0,763.9,7
2025-06-15 11:10:45,1,51,25.1,51,22.8,1020.6,9,29,242,0.0,0,909.0,8
2025-06-15 11:11:46,1,51,25.1,53,22.8,1020.5,7,29,230,0.0,0,376.6,3
2025-06-15 11:12:47,1,51,25.0,53,22.3,1020.5,11,25,243,0.0,0,754.8,7
2025-06-15 11:13:48,1,51,25.1,53,22.3,1020.4,16,21,4,0.0,0,191.4,1
2025-06-15 11:14:49,1,51,25.0,53,22.3,1020.5,7,25,324,0.0,0,197.6,1
2025-06-15 11:15:50,1,51,25.1,53,22.5,1020.6,8,25,243,0.0,0,252.6,2
2025-06-15 11:16:51,1,51,25.0,53,22.5,1020.6,9,18,311,0.0,0,247.2,2
2025-06-15 11:17:52,1,51,25.0,53,22.4,1020.6,12,21,13,0.0,0,671.2,6
2025-06-15 11:18:53,1,51,25.0,53,22.3,1020.8,12,21,356,0.0,0,851.5,8
2025-06-15 11:19:54,1,51,25.1,53,22.2,1020.6,2,20,353,0.0,0,327.4,3
2025-06-15 11:20:55,1,51,25.1,52,22.2,1020.7,14,18,258,0.0,0,888.6,8
2025-06-15 11:21:57,1,51,25.1,53,22.4,1020.7,14,20,0,0.0,0,800.2,7
2025-06-15 11:22:58,1,51,25.1,54,22.5,1020.5,5,20,331,0.0,0,734.9,7
2025-06-15 11:23:59,1,51,25.0,54,22.5,1020.7,7,18,350,0.0,0,615.2,5
2025-06-15 11:25:00,1,51,25.0,54,22.5,1020.8,15,23,1,0.0,0,576.4,5
2025-06-15 11:26:01,1,51,25.0,54,22.5,1020.8,13,23,324,0.0,0,301.7,2
2025-06-15 11:27:02,1,51,25.0,55,22.3,1020.6,13,21,2,0.0,0,881.3,8
2025-06-15 11:28:03,1,51,25.0,55,22.0,1020.7,5,20,20,0.0,0,911.4,8
2025-06-15 11:29:04,1,51,25.0,55,21.9,1020.6,13,21,19,0.0,0,312.6,3
2025-06-15 11:30:05,1,51,25.0,54,21.9,1020.9,6,23,324,0.0,0,688.0,6
2025-06-15 11:31:06,1,51,25.1,54,21.9,1020.8,17,23,330,0.0,0,302.6,2
2025-06-15 11:32:07,1,51,25.0,54,21.9,1020.6,10,21,172,0.0,0,264.0,2
2025-06-15 11:33:08,1,51,25.0,55,21.7,1020.6,24,33,267,0.0,0,772.9,7
2025-06-15 11:34:09,1,51,25.1,56,21.5,1020.7,11,33,256,0.0,0,856.6,8
2025-06-15 11:35:10,1,51,25.0,55,21.4,1020.7,18,29,290,0.0,0,836.9,8
2025-06-15 11:36:11,1,51,25.1,53,21.4,1020.7,12,29,4,0.0,0,872.6,8
2025-06-15 11:37:12,1,51,25.1,51,21.6,1020.8,18,23,146,0.0,0,617.0,6
2025-06-15 11:38:13,1,51,25.0,50,21.7,1020.7,14,21,357,0.0,0,735.3,7
2025-06-15 11:39:14,1,51,25.0,50,21.7,1020.7,11,21,274,0.0,0,737.2,7
2025-06-15 11:40:15,1,51,25.0,50,21.8,1020.7,16,21,261,0.0,0,848.9,8
2025-06-15 11:41:16,1,51,25.1,51,21.9,1020.6,2,18,341,0.0,0,442.1,4
2025-06-15 11:42:17,1,51,25.1,51,21.9,1020.6,6,14,335,0.0,0,882.3,8
2025-06-15 11:43:18,1,51,25.1,51,22.0,1020.9,8,14,330,0.0,0,868.9,8
2025-06-15 11:44:19,1,51,25.1,51,22.1,1020.5,17,21,308,0.0,0,704.7,6
2025-06-15 11:45:20,1,51,25.0,52,22.2,1020.8,3,21,273,0.0,0,828.2,8
2025-06-15 11:46:21,1,51,25.0,52,22.2,1020.7,8,21,268,0.0,0,862.9,8
2025-06-15 11:47:22,1,51,25.0,52,22.2,1020.8,7,16,5,0.0,0,596.1,5
2025-06-15 11:48:23,1,51,25.0,52,22.2,1020.8,17,25,308,0.0,0,401.4,3
2025-06-15 11:49:24,1,51,25.0,52,22.4,1020.6,15,25,296,0.0,0,868.5,8
2025-06-15 11:50:25,1,51,25.1,52,22.4,1020.6,9,20,297,0.0,0,877.7,8
2025-06-15 11:51:26,1,51,25.0,53,22.4,1020.8,7,20,339,0.0,0,493.4,4
2025-06-15 11:52:27,1,51,25.1,52,22.5,1020.9,11,20,327,0.0,0,541.5,5
2025-06-15 11:53:28,1,51,25.1,52,22.6,1020.7,11,20,357,0.0,0,865.1,8
2025-06-15 11:54:29,1,51,25.1,52,22.7,1020.8,11,18,351,0.0,0,316.3,3
2025-06-15 11:55:30,1,51,25.1,51,22.8,1020.7,7,18,16,0.0,0,865.7,8
2025-06-15 11:56:31,1,51,25.1,52,22.8,1020.7,12,20,279,0.0,0,856.8,8
2025-06-15 11:57:32,1,51,25.0,52,22.8,1021.0,7,20,350,0.0,0,864.3,8
2025-06-15 11:58:33,1,51,25.1,53,22.7,1020.6,1,16,295,0.0,0,830.5,8
2025-06-15 11:59:34,1,51,25.0,52,22.7,1020.7,13,27,327,0.0,0,866.8,8
2025-06-15 12:00:35,1,51,25.0,51,22.9,1020.9,12,27,321,0.0,0,240.2,2
2025-06-15 12:01:36,1,51,25.0,52,22.9,1020.8,10,25,298,0.0,0,502.9,4
2025-06-15 12:02:37,1,51,25.1,52,22.8,1020.8,18,21,247,0.0,0,234.4,2
2025-06-15 12:03:38,1,51,25.0,54,22.6,1020.9,13,21,263,0.0,0,276.8,2
2025-06-15 12:04:39,1,51,25.1,54,22.2,1021.0,4,16,279,0.0,0,268.2,2
2025-06-15 12:05:40,1,51,25.1,54,22.0,1020.8,6,16,294,0.0,0,898.6,8
2025-06-15 12:06:41,1,51,25.1,54,22.0,1020.9,5,23,339,0.0,0,339.1,3
2025-06-15 12:07:42,1,51,25.1,53,22.1,1020.9,9,25,279,0.0,0,874.6,8
2025-06-15 12:08:43,1,51,25.0,52,22.3,1020.9,20,27,320,0.0,0,259.8,2
2025-06-15 12:09:44,1,51,25.1,53,22.3,1020.8,11,27,272,0.0,0,913.0,8
2025-06-15 12:10:45,1,51,25.1,54,22.2,1021.0,7,20,348,0.0,0,910.9,8
2025-06-15 12:11:46,1,51,25.1,54,22.1,1020.8,13,21,341,0.0,0,925.7,9
2025-06-15 12:12:47,1,51,25.1,54,22.1,1020.9,6,20,343,0.0,0,899.8,8
2025-06-15 12:13:48,1,51,25.0,53,22.3,1020.9,9,18,280,0.0,0,303.7,2
2025-06-15 12:14:49,1,51,25.1,53,22.5,1020.8,1,18,35,0.0,0,295.5,2
2025-06-15 12:15:50,1,51,25.1,52,22.6,1020.9,9,18,15,0.0,0,256.7,2
2025-06-15 12:16:51,1,51,25.1,52,22.7,1021.0,7,16,281,0.0,0,242.7,2
2025-06-15 12:17:52,1,51,25.1,51,22.7,1021.1,17,23,255,0.0,0,675.1,6
2025-06-15 12:18:53,1,51,25.1,52,22.6,1020.9,5,23,270,0.0,0,874.3,8
2025-06-15 12:19:54,1,51,25.1,52,22.3,1020.8,11,16,327,0.0,0,873.6,8
2025-06-15 12:20:55,1,51,25.1,53,22.2,1020.8,15,21,287,0.0,0,355.9,3
2025-06-15 12:21:56,1,51,25.0,53,22.3,1020.9,12,21,304,0.0,0,914.1,8
2025-06-15 12:22:57,1,51,25.1,53,22.3,1020.8,11,20,230,0.0,0,414.4,4
2025-06-15 12:23:58,1,51,25.0,53,22.3,1020.9,14,23,227,0.0,0,909.6,8
2025-06-15 12:24:59,1,51,25.0,53,22.4,1021.0,8,23,325,0.0,0,265.8,2
2025-06-15 12:26:00,1,51,25.1,52,22.5,1020.9,15,27,272,0.0,0,258.3,2
2025-06-15 12:27:01,1,51,25.1,52,22.6,1020.9,14,27,319,0.0,0,448.8,4
2025-06-15 12:28:02,1,52,25.1,53,22.5,1020.7,5,20,320,0.0,0,332.8,3
2025-06-15 12:29:03,1,52,25.1,53,22.4,1021.0,15,23,35,0.0,0,896.4,8
2025-06-15 12:30:04,1,52,25.1,53,22.4,1021.0,6,23,350,0.0,0,236.0,2
2025-06-15 12:31:05,1,52,25.1,53,22.4,1020.8,3,14,297,0.0,0,217.1,2
2025-06-15 12:32:06,1,52,25.1,52,22.4,1020.9,8,16,277,0.0,0,245.9,2
2025-06-15 12:33:07,1,52,25.1,53,22.4,1020.9,5,16,321,0.0,0,261.9,2
2025-06-15 12:34:08,1,52,25.1,54,22.3,1020.8,9,18,311,0.0,0,894.7,8
2025-06-15 12:35:09,1,52,25.1,54,22.1,1021.0,6,18,10,0.0,0,237.3,2
2025-06-15 12:36:10,1,52,25.1,54,22.0,1021.0,5,14,346,0.0,0,205.6,2
2025-06-15 12:37:11,1,52,25.1,54,22.0,1020.9,9,20,303,0.0,0,176.0,1
2025-06-15 12:38:12,1,52,25.1,55,21.9,1020.9,3,20,276,0.0,0,177.0,1
2025-06-15 12:39:13,1,52,25.1,55,21.9,1020.8,6,14,336,0.0,0,174.4,1
2025-06-15 12:40:14,1,52,25.1,55,21.9,1020.8,7,20,311,0.0,0,202.1,1
2025-06-15 12:41:15,1,52,25.1,55,21.8,1020.8,11,16,320,0.0,0,849.6,8
2025-06-15 12:42:16,1,52,25.1,55,21.8,1020.8,7,21,353,0.0,0,872.5,8
2025-06-15 12:43:17,1,52,25.1,55,21.8,1020.9,10,21,339,0.0,0,860.2,8
2025-06-15 12:44:18,1,52,25.1,55,21.8,1020.9,4,21,232,0.0,0,880.3,8
2025-06-15 12:45:19,1,52,25.1,54,21.8,1020.7,8,14,61,0.0,0,799.4,7
2025-06-15 12:46:20,1,52,25.1,54,21.9,1020.8,12,25,242,0.0,0,270.9,2
2025-06-15 12:47:21,1,52,25.1,54,21.8,1020.8,13,25,260,0.0,0,410.1,3
2025-06-15 12:48:22,1,52,25.1,54,21.7,1020.8,17,25,232,0.0,0,647.2,6
2025-06-15 12:49:23,1,52,25.1,54,21.6,1020.9,24,33,312,0.0,0,684.7,6
2025-06-15 12:50:24,1,52,25.1,54,21.5,1021.0,10,29,239,0.0,0,661.2,6
2025-06-15 12:51:25,1,52,25.1,53,21.3,1020.9,6,27,357,0.0,0,777.9,7
2025-06-15 12:52:26,1,52,25.1,53,21.3,1020.9,7,20,284,0.0,0,652.5,6
2025-06-15 12:53:27,1,52,25.1,52,21.3,1021.0,8,20,52,0.0,0,794.5,7
2025-06-15 12:54:28,1,52,25.1,53,21.6,1020.8,10,14,324,0.0,0,799.0,7
2025-06-15 12:55:29,1,52,25.1,52,21.7,1020.8,11,23,10,0.0,0,823.3,8
2025-06-15 12:56:30,1,52,25.1,52,21.9,1020.9,12,20,26,0.0,0,800.5,7
2025-06-15 12:57:31,1,52,25.1,51,22.0,1021.0,11,23,353,0.0,0,729.7,7
2025-06-15 12:58:32,1,52,25.1,51,22.1,1021.1,18,23,296,0.0,0,701.5,6
2025-06-15 12:59:33,1,52,25.1,50,22.2,1021.0,10,31,279,0.0,0,758.9,7
2025-06-15 13:00:34,1,52,25.1,51,22.2,1020.9,13,23,259,0.0,0,760.9,7
2025-06-15 13:01:35,1,52,25.1,51,22.2,1020.9,9,21,297,0.0,0,813.8,7
2025-06-15 13:02:36,1,52,25.1,49,22.2,1021.1,25,29,250,0.0,0,814.3,7
2025-06-15 13:03:37,1,52,25.1,51,22.2,1020.9,15,29,232,0.0,0,807.5,7
2025-06-15 13:04:38,1,52,25.1,52,21.8,1021.0,16,31,236,0.0,0,799.1,7
2025-06-15 13:05:39,1,52,25.1,53,21.2,1021.0,17,25,262,0.0,0,806.1,7
2025-06-15 13:06:40,1,52,25.1,54,21.0,1021.1,16,25,241,0.0,0,817.9,7
2025-06-15 13:07:41,1,52,25.2,54,21.0,1021.0,11,34,270,0.0,0,798.4,7
2025-06-15 13:08:42,1,52,25.1,54,21.2,1021.0,12,34,337,0.0,0,773.8,7
2025-06-15 13:09:43,1,52,25.2,54,21.3,1021.0,8,20,233,0.0,0,772.5,7
2025-06-15 13:10:44,1,51,25.2,53,21.5,1020.7,16,20,334,0.0,0,778.2,7
2025-06-15 13:11:45,1,51,25.1,53,21.7,1020.9,5,20,345,0.0,0,782.2,7
2025-06-15 13:12:46,1,51,25.2,53,21.7,1021.1,16,21,292,0.0,0,333.6,3
2025-06-15 13:13:47,1,51,25.2,53,22.0,1021.1,9,21,340,0.0,0,776.3,7
2025-06-15 13:14:48,1,51,25.2,52,22.1,1021.0,17,23,226,0.0,0,777.5,7
2025-06-15 13:15:49,1,51,25.2,51,22.1,1020.7,12,23,256,0.0,0,764.9,7
2025-06-15 13:16:50,1,51,25.2,51,22.0,1020.8,24,29,228,0.0,0,751.1,7
2025-06-15 13:17:51,1,51,25.2,53,21.8,1021.0,11,31,224,0.0,0,749.9,7
2025-06-15 13:18:52,1,51,25.2,53,21.3,1021.0,15,23,298,0.0,0,704.5,6
2025-06-15 13:19:53,1,51,25.2,53,21.2,1021.0,15,23,267,0.0,0,717.7,6
2025-06-15 13:20:54,1,51,25.2,53,21.3,1020.9,8,21,301,0.0,0,543.0,5
2025-06-15 13:21:55,1,51,25.2,53,21.5,1020.9,11,16,241,0.0,0,717.8,6
2025-06-15 13:22:56,1,51,25.2,52,21.7,1021.0,7,21,252,0.0,0,741.9,7
2025-06-15 13:23:57,1,51,25.2,51,22.0,1020.9,6,12,238,0.0,0,700.8,6
2025-06-15 13:24:58,1,51,25.2,50,22.2,1021.1,5,25,329,0.0,0,706.4,6
2025-06-15 13:25:59,1,51,25.2,49,22.3,1021.1,10,20,343,0.0,0,710.7,6
2025-06-15 13:27:00,1,51,25.2,48,22.4,1021.0,22,31,240,0.0,0,736.1,7
2025-06-15 13:28:01,1,51,25.2,49,22.5,1021.1,15,31,248,0.0,0,703.0,6
2025-06-15 13:29:02,1,51,25.2,49,22.1,1021.2,10,29,301,0.0,0,685.9,6
2025-06-15 13:30:03,1,51,25.2,49,21.6,1021.1,19,29,282,0.0,0,726.3,7
2025-06-15 13:31:04,1,51,25.2,49,21.5,1021.2,11,29,308,0.0,0,690.5,6
2025-06-15 13:32:05,1,51,25.2,48,21.5,1021.0,22,29,248,0.0,0,719.5,7
2025-06-15 13:33:06,1,51,25.2,48,21.5,1021.0,20,31,240,0.0,0,702.5,6
2025-06-15 13:34:07,1,51,25.2,49,21.5,1021.0,21,31,229,0.0,0,714.8,6
2025-06-15 13:35:08,1,51,25.2,51,21.3,1021.0,10,25,249,0.0,0,711.5,6
2025-06-15 13:36:09,1,51,25.2,51,20.9,1021.1,17,23,231,0.0,0,699.3,6
2025-06-15 13:37:10,1,51,25.2,51,20.8,1021.1,14,23,276,0.0,0,729.0,7
2025-06-15 13:38:11,1,51,25.2,51,20.9,1021.1,17,29,248,0.0,0,697.1,6
2025-06-15 13:39:12,1,51,25.2,51,20.9,1021.0,13,31,226,0.0,0,714.6,6
2025-06-15 13:40:13,1,51,25.2,50,20.9,1020.9,2,23,294,0.0,0,704.9,6
2025-06-15 13:41:14,1,51,25.2,48,21.2,1021.1,8,23,6,0.0,0,715.0,6
2025-06-15 13:43:16,1,51,25.2,47,21.8,1021.2,15,23,235,0.0,0,702.9,6
2025-06-15 13:46:19,1,50,25.2,47,21.3,1021.1,19,25,266,0.0,0,619.4,6
2025-06-15 13:47:20,1,50,25.2,47,21.3,1020.9,23,33,234,0.0,0,671.7,6
2025-06-15 13:48:21,1,50,25.2,46,21.2,1021.0,10,33,276,0.0,0,679.9,6
2025-06-15 13:49:22,1,50,25.2,47,21.3,1021.0,10,18,334,0.0,0,677.2,6
2025-06-15 13:50:23,1,50,25.2,44,21.4,1021.1,20,29,284,0.0,0,675.1,6
2025-06-15 13:51:24,1,50,25.2,43,21.8,1021.2,8,29,297,0.0,0,671.6,6
2025-06-15 13:52:25,1,50,25.2,43,21.9,1021.2,7,25,19,0.0,0,668.7,6
2025-06-15 13:53:26,1,50,25.2,43,22.0,1021.2,17,25,253,0.0,0,667.3,6
2025-06-15 13:54:27,1,50,25.2,44,22.1,1021.3,16,25,232,0.0,0,662.5,6
2025-06-15 13:55:28,1,50,25.2,45,22.1,1021.1,7,25,282,0.0,0,658.7,6
2025-06-15 13:56:29,1,50,25.2,45,22.0,1021.3,16,27,310,0.0,0,654.9,6
2025-06-15 13:57:30,1,50,25.2,45,22.0,1021.2,14,25,266,0.0,0,653.3,6
2025-06-15 13:58:31,1,51,25.2,45,22.0,1021.2,16,27,242,0.0,0,652.0,6
2025-06-15 13:59:32,1,51,25.2,46,21.9,1021.2,20,27,266,0.0,0,650.4,6
2025-06-15 14:00:33,1,51,25.2,46,21.8,1021.1,10,29,258,0.0,0,643.7,6
2025-06-15 14:01:34,1,51,25.2,47,21.6,1021.1,9,16,249,0.0,0,641.6,6
2025-06-15 14:02:35,1,51,25.2,46,21.6,1021.1,6,14,39,0.0,0,638.9,6
2025-06-15 14:03:36,1,51,25.2,46,21.7,1021.2,10,14,211,0.0,0,636.5,6
2025-06-15 14:04:37,1,51,25.2,45,22.2,1020.9,9,18,270,0.0,0,633.8,6
2025-06-15 14:05:38,1,51,25.2,46,22.5,1021.0,21,25,205,0.0,0,632.5,6
2025-06-15 14:06:39,1,50,25.1,46,22.5,1021.1,11,29,214,0.0,0,629.2,6
2025-06-15 14:07:40,1,50,25.2,44,22.3,1021.0,18,29,243,0.0,0,628.2,6
2025-06-15 14:08:41,1,50,25.1,46,22.1,1021.1,11,23,353,0.0,0,628.2,6
2025-06-15 14:09:42,1,50,25.2,47,21.6,1021.2,16,23,333,0.0,0,626.3,6
2025-06-15 14:10:43,1,50,25.1,47,21.6,1021.3,18,23,340,0.0,0,626.3,6
2025-06-15 14:11:44,1,50,25.1,46,21.7,1021.0,12,23,332,0.0,0,624.7,6
2025-06-15 14:12:45,1,50,25.1,46,21.8,1021.2,4,21,186,0.0,0,619.9,6
2025-06-15 14:13:46,1,50,25.1,45,22.0,1021.0,21,31,297,0.0,0,621.0,6
2025-06-15 14:14:47,1,50,25.1,45,22.2,1021.3,4,31,274,0.0,0,542.2,5
2025-06-15 14:15:48,1,50,25.1,45,22.2,1021.2,14,20,233,0.0,0,592.1,5
2025-06-15 14:16:49,1,50,25.1,43,22.3,1021.2,11,21,288,0.0,0,600.8,5
2025-06-15 14:17:50,1,49,25.1,44,22.4,1021.1,8,21,242,0.0,0,611.1,5
2025-06-15 14:18:51,1,49,25.1,44,22.5,1021.3,13,25,316,0.0,0,618.0,6
2025-06-15 14:19:52,1,49,25.1,44,22.5,1021.0,22,25,222,0.0,0,618.5,6
2025-06-15 14:20:53,1,49,25.1,46,22.4,1021.0,15,25,259,0.0,0,617.0,6
2025-06-15 14:21:55,1,49,25.1,46,21.8,1021.0,5,23,276,0.0,0,612.3,5
2025-06-15 14:22:56,1,49,25.1,44,21.7,1021.1,23,29,254,0.0,0,609.3,5
2025-06-15 14:23:57,1,49,25.1,45,21.7,1021.1,14,29,232,0.0,0,606.6,5
2025-06-15 14:24:58,1,49,25.1,49,21.5,1020.9,28,31,243,0.0,0,604.8,5
2025-06-15 14:25:59,1,49,25.1,50,21.3,1021.1,11,31,247,0.0,0,603.8,5
2025-06-15 14:27:00,1,49,25.1,52,20.9,1021.0,8,23,271,0.0,0,602.4,5
2025-06-15 14:28:01,1,49,25.1,51,20.9,1021.1,10,14,290,0.0,0,598.5,5
2025-06-15 14:29:02,1,49,25.1,50,21.1,1021.0,11,18,269,0.0,0,598.7,5
2025-06-15 14:30:03,1,49,25.1,50,21.4,1021.0,5,18,287,0.0,0,595.9,5
2025-06-15 14:31:04,1,49,25.1,50,21.5,1021.3,3,23,330,0.0,0,596.1,5
2025-06-15 14:32:05,1,49,25.1,49,21.7,1021.0,10,18,184,0.0,0,596.2,5
2025-06-15 14:33:06,1,49,25.1,47,21.9,1021.0,16,21,257,0.0,0,595.4,5
2025-06-15 14:34:07,1,49,25.0,48,21.9,1021.1,9,27,168,0.0,0,595.6,5
2025-06-15 14:35:08,1,49,25.0,50,21.8,1020.9,17,27,158,0.0,0,599.8,5
2025-06-15 14:36:09,1,49,25.0,50,21.4,1021.0,23,31,234,0.0,0,598.6,5
2025-06-15 14:37:10,1,49,25.0,51,21.1,1021.1,4,29,349,0.0,0,597.4,5
2025-06-15 14:38:11,1,49,25.0,51,21.0,1021.1,3,12,9,0.0,0,595.9,5
2025-06-15 14:39:12,1,49,25.0,50,21.2,1021.0,7,18,332,0.0,0,592.7,5
2025-06-15 14:40:13,1,49,25.1,50,21.7,1021.2,1,14,223,0.0,0,590.7,5
2025-06-15 14:41:14,1,49,25.0,47,22.1,1021.1,11,21,267,0.0,0,594.3,5
2025-06-15 14:42:15,1,49,25.0,47,22.2,1021.1,16,21,228,0.0,0,598.4,5
2025-06-15 14:43:16,1,49,25.0,50,22.2,1020.9,19,27,221,0.0,0,614.9,5
2025-06-15 14:44:17,1,49,25.0,52,21.6,1020.9,8,25,210,0.0,0,630.8,6
2025-06-15 14:45:18,1,49,25.0,53,21.1,1020.9,7,16,333,0.0,0,291.7,2
2025-06-15 14:46:19,1,49,25.0,53,21.1,1021.1,1,12,34,0.0,0,291.4,2
2025-06-15 14:47:20,1,49,25.0,54,21.4,1020.9,8,12,326,0.0,0,265.0,2
2025-06-15 14:48:21,1,49,25.0,54,21.8,1021.0,6,14,312,0.0,0,632.8,6
2025-06-15 14:49:22,1,49,25.0,54,22.1,1021.0,4,11,265,0.0,0,427.0,4
2025-06-15 14:50:23,1,49,25.0,54,22.1,1021.0,12,14,246,0.0,0,312.6,3
2025-06-15 14:51:24,1,49,25.0,54,22.0,1021.0,7,18,353,0.0,0,210.2,2
2025-06-15 14:52:25,1,49,25.0,55,22.0,1021.0,5,18,224,0.0,0,196.1,1
2025-06-15 14:53:26,1,49,25.0,54,22.0,1021.1,11,16,292,0.0,0,588.0,5
2025-06-15 14:54:27,1,49,25.0,54,22.0,1020.9,6,16,315,0.0,0,598.1,5
2025-06-15 14:55:28,1,49,25.0,55,21.9,1021.1,2,12,306,0.0,0,586.7,5
2025-06-15 14:56:29,1,49,25.0,53,21.9,1021.1,10,18,242,0.0,0,566.0,5
2025-06-15 14:57:30,1,49,25.0,53,21.9,1021.1,8,18,299,0.0,0,559.2,5
2025-06-15 14:58:31,1,49,25.0,53,22.0,1021.0,7,16,234,0.0,0,555.4,5
2025-06-15 14:59:32,1,49,25.0,53,22.0,1021.1,9,16,315,0.0,0,549.5,5
2025-06-15 15:00:33,1,49,25.0,53,22.0,1021.4,10,18,251,0.0,0,542.7,5
2025-06-15 15:01:34,1,49,25.0,53,22.0,1021.2,4,20,310,0.0,0,533.9,5
2025-06-15 15:02:35,1,49,25.0,52,22.0,1021.0,3,20,216,0.0,0,528.0,5
2025-06-15 15:03:36,1,49,25.0,52,22.0,1021.1,5,11,274,0.0,0,522.6,5
2025-06-15 15:04:37,1,49,25.0,51,22.2,1021.2,3,11,340,0.0,0,515.4,5
2025-06-15 15:05:38,1,49,25.0,50,22.5,1021.2,8,12,266,0.0,0,508.5,4
2025-06-15 15:06:39,1,49,25.0,50,22.7,1021.2,1,16,41,0.0,0,505.5,4
2025-06-15 15:07:40,1,49,25.0,49,22.7,1021.2,13,16,281,0.0,0,505.9,4
2025-06-15 15:08:41,1,46,25.0,50,22.8,1021.1,11,18,309,0.0,0,506.4,4
2025-06-15 15:09:42,1,45,24.8,51,22.7,1021.2,6,21,337,0.0,0,502.9,4
2025-06-15 15:10:43,1,45,24.7,51,22.5,1021.2,11,21,3,0.0,0,500.0,4
2025-06-15 15:11:44,1,46,24.5,51,22.4,1021.0,7,16,311,0.0,0,496.5,4
2025-06-15 15:12:45,1,46,24.3,50,22.3,1021.1,5,14,286,0.0,0,495.4,4
2025-06-15 15:13:46,1,46,24.2,51,22.2,1021.1,13,20,289,0.0,0,489.0,4
2025-06-15 15:14:47,1,47,24.1,51,22.1,1020.8,6,20,314,0.0,0,489.0,4
2025-06-15 15:15:48,1,46,24.0,51,22.1,1021.1,2,14,310,0.0,0,489.1,4
2025-06-15 15:16:49,1,46,24.0,49,22.1,1021.1,14,20,332,0.0,0,489.1,4
2025-06-15 15:17:50,1,46,23.9,48,22.2,1021.0,11,20,292,0.0,0,489.1,4
2025-06-15 15:18:51,1,45,23.8,49,22.2,1021.1,9,16,335,0.0,0,489.1,4
2025-06-15 15:19:52,1,45,23.7,49,22.1,1021.0,13,20,347,0.0,0,485.8,4
2025-06-15 15:20:53,1,46,23.6,50,22.0,1021.0,10,20,296,0.0,0,481.4,4
2025-06-15 15:21:54,1,46,23.5,51,21.9,1021.0,6,14,308,0.0,0,475.6,4
2025-06-15 15:22:55,1,47,23.5,51,21.9,1021.0,9,20,295,0.0,0,474.5,4
2025-06-15 15:23:56,1,47,23.4,52,21.9,1020.9,10,20,332,0.0,0,468.9,4
2025-06-15 15:24:57,1,47,23.4,51,21.9,1021.0,11,18,312,0.0,0,469.5,4
2025-06-15 15:25:58,1,47,23.3,51,21.9,1020.8,7,14,289,0.0,0,465.5,4
2025-06-15 15:26:59,1,48,23.3,51,21.9,1020.8,7,12,306,0.0,0,461.7,4
2025-06-15 15:28:00,1,48,23.3,49,21.9,1021.0,12,21,290,0.0,0,457.2,4
2025-06-15 15:29:01,1,47,23.2,49,22.0,1020.9,10,18,330,0.0,0,455.9,4
2025-06-15 15:30:02,1,47,23.2,50,22.1,1021.0,11,16,318,0.0,0,449.1,4
2025-06-15 15:31:03,1,47,23.2,50,22.1,1020.9,9,16,305,0.0,0,443.8,4
2025-06-15 15:32:04,1,47,23.1,49,22.1,1020.9,9,18,298,0.0,0,441.7,4
2025-06-15 15:33:05,1,47,23.1,50,22.0,1021.1,2,12,6,0.0,0,441.4,4
2025-06-15 15:34:06,1,47,23.1,49,22.0,1021.1,10,16,347,0.0,0,436.5,4
2025-06-15 15:35:07,1,47,23.1,50,22.2,1020.9,5,20,3,0.0,0,434.8,4
2025-06-15 15:36:08,1,47,23.1,49,22.3,1021.2,7,20,286,0.0,0,434.6,4
2025-06-15 15:37:09,1,48,23.0,49,22.3,1021.0,8,11,308,0.0,0,429.1,4
2025-06-15 15:38:10,1,48,23.0,50,22.4,1021.0,3,11,342,0.0,0,424.1,4
2025-06-15 15:39:11,1,48,23.0,49,22.4,1021.1,5,11,301,0.0,0,428.1,4
2025-06-15 15:40:12,1,48,23.0,50,22.4,1021.0,6,11,303,0.0,0,426.7,4
2025-06-15 15:41:13,1,48,23.0,50,22.4,1021.0,9,14,301,0.0,0,425.8,4
2025-06-15 15:42:14,1,48,23.1,50,22.5,1020.8,6,16,14,0.0,0,420.8,4
2025-06-15 15:43:15,1,48,23.1,50,22.5,1021.0,3,14,350,0.0,0,420.8,4
2025-06-15 15:44:16,1,48,23.1,50,22.5,1021.0,7,14,327,0.0,0,424.8,4
2025-06-15 15:45:17,1,49,23.1,50,22.6,1021.1,5,16,282,0.0,0,420.9,4
2025-06-15 15:46:18,1,49,23.1,50,22.6,1020.8,18,21,262,0.0,0,417.2,4
2025-06-15 15:47:19,1,49,23.1,51,22.5,1020.9,13,23,308,0.0,0,412.6,4
2025-06-15 15:48:20,1,49,23.2,53,22.0,1021.0,8,23,309,0.0,0,412.5,4
2025-06-15 15:49:21,1,49,23.2,53,21.6,1021.1,13,21,271,0.0,0,411.9,4
2025-06-15 15:50:22,1,49,23.1,53,21.6,1021.1,6,21,277,0.0,0,410.1,3
2025-06-15 15:51:23,1,49,23.1,52,21.7,1021.2,8,14,294,0.0,0,407.4,3
2025-06-15 15:52:24,1,48,23.1,51,21.8,1021.2,12,16,311,0.0,0,406.0,3
2025-06-15 15:53:25,1,48,23.1,51,21.9,1021.2,5,20,331,0.0,0,410.9,4
2025-06-15 15:54:26,1,49,23.1,51,21.9,1021.0,10,18,242,0.0,0,409.1,3
2025-06-15 15:55:27,1,49,23.1,52,21.9,1021.1,5,16,216,0.0,0,405.1,3
2025-06-15 15:56:28,1,49,23.1,52,21.8,1021.0,2,18,315,0.0,0,399.2,3
2025-06-15 15:57:29,1,49,23.2,51,21.8,1021.1,10,16,294,0.0,0,396.6,3
2025-06-15 15:58:30,1,48,23.2,51,21.8,1021.0,6,18,261,0.0,0,399.7,3
2025-06-15 15:59:31,1,48,23.2,51,21.9,1021.0,8,14,341,0.0,0,395.1,3
2025-06-15 16:00:32,1,48,23.2,51,21.9,1021.2,7,14,312,0.0,0,398.1,3
2025-06-15 16:01:33,1,48,23.2,51,22.0,1021.1,4,14,277,0.0,0,397.8,3
2025-06-15 16:02:34,1,48,23.2,51,22.1,1021.1,5,14,260,0.0,0,393.6,3
2025-06-15 16:03:35,1,48,23.2,51,22.1,1021.0,0,11,295,0.0,0,388.4,3
2025-06-15 16:04:36,1,49,23.1,51,22.3,1021.0,8,11,349,0.0,0,384.8,3
2025-06-15 16:05:37,1,49,23.1,51,22.4,1020.9,6,12,290,0.0,0,383.4,3
2025-06-15 16:06:38,1,49,23.1,51,22.5,1020.9,3,11,325,0.0,0,379.8,3
2025-06-15 16:07:39,1,49,23.1,50,22.5,1021.3,3,12,358,0.0,0,381.9,3
2025-06-15 16:08:40,1,49,23.1,51,22.5,1021.1,5,14,289,0.0,0,379.1,3
2025-06-15 16:09:41,1,49,23.1,51,22.4,1021.1,9,18,295,0.0,0,376.1,3
2025-06-15 16:10:42,1,49,23.1,51,22.3,1021.0,6,18,279,0.0,0,371.5,3
2025-06-15 16:11:43,1,49,23.1,52,22.1,1021.1,10,12,246,0.0,0,370.1,3
2025-06-15 16:12:44,1,49,23.2,52,21.9,1021.2,1,12,234,0.0,0,366.7,3
2025-06-15 16:13:45,1,49,23.2,52,21.9,1021.0,3,11,328,0.0,0,366.7,3
2025-06-15 16:14:46,1,49,23.1,52,21.9,1021.0,3,11,332,0.0,0,366.7,3
2025-06-15 16:15:47,1,49,23.1,52,22.0,1021.0,5,11,310,0.0,0,366.9,3
2025-06-15 16:16:48,1,49,23.1,52,22.0,1021.0,0,9,293,0.0,0,376.1,3
2025-06-15 16:17:49,1,49,23.2,51,22.1,1020.9,14,21,247,0.0,0,373.5,3
2025-06-15 16:18:50,1,49,23.2,52,22.1,1021.1,4,21,357,0.0,0,366.6,3
2025-06-15 16:19:51,1,49,23.2,53,21.9,1021.1,5,14,263,0.0,0,359.7,3
2025-06-15 16:20:52,1,49,23.2,53,21.8,1020.8,9,18,199,0.0,0,358.3,3
2025-06-15 16:21:53,1,49,23.2,52,21.8,1021.0,8,18,240,0.0,0,364.6,3
2025-06-15 16:22:54,1,49,23.2,53,21.9,1021.0,11,16,246,0.0,0,184.4,1
2025-06-15 16:23:55,1,50,23.3,53,21.9,1021.0,9,25,354,0.0,0,363.9,3
2025-06-15 16:24:56,1,50,23.3,54,21.7,1021.0,6,14,282,0.0,0,366.5,3
2025-06-15 16:25:57,1,50,23.3,54,21.5,1021.1,8,21,254,0.0,0,361.9,3
2025-06-15 16:26:58,1,50,23.3,55,21.4,1021.3,12,21,227,0.0,0,366.6,3
2025-06-15 16:27:59,1,50,23.3,55,21.3,1021.3,4,16,316,0.0,0,366.6,3
2025-06-15 16:29:00,1,50,23.4,54,21.3,1021.1,11,20,263,0.0,0,366.5,3
2025-06-15 16:30:01,1,50,23.4,55,21.2,1020.9,3,16,31,0.0,0,341.5,3
2025-06-15 16:31:02,1,49,23.4,54,21.2,1021.0,7,16,321,0.0,0,352.9,3
2025-06-15 16:32:03,1,49,23.4,54,21.2,1021.2,6,16,243,0.0,0,350.0,3
2025-06-15 16:33:04,1,49,23.4,54,21.3,1021.4,11,16,255,0.0,0,243.1,2
2025-06-15 16:34:05,1,49,23.4,54,21.3,1021.1,3,16,246,0.0,0,361.8,3
2025-06-15 16:35:06,1,49,23.4,54,21.3,1021.2,3,12,262,0.0,0,366.4,3
2025-06-15 16:36:07,1,50,23.4,53,21.3,1021.1,9,11,277,0.0,0,366.4,3
2025-06-15 16:37:08,1,50,23.5,53,21.5,1021.2,6,16,259,0.0,0,316.9,3
2025-06-15 16:38:09,1,49,23.5,53,21.6,1021.3,8,12,266,0.0,0,152.8,1
2025-06-15 16:39:10,1,49,23.5,53,21.6,1021.3,14,20,273,0.0,0,141.4,1
2025-06-15 16:40:11,1,49,23.5,54,21.4,1021.1,7,20,10,0.0,0,139.2,1
2025-06-15 16:41:12,1,49,23.5,54,21.3,1021.1,15,20,218,0.0,0,142.5,1
2025-06-15 16:42:13,1,49,23.5,55,21.0,1021.1,3,20,267,0.0,0,334.3,3
2025-06-15 16:43:14,1,49,23.5,54,21.0,1021.4,9,14,279,0.0,0,339.4,3
2025-06-15 16:44:15,1,49,23.5,54,21.1,1021.4,6,14,291,0.0,0,342.4,3
2025-06-15 16:45:16,1,49,23.5,54,21.3,1021.4,3,12,273,0.0,0,335.2,3
2025-06-15 16:46:17,1,49,23.5,53,21.4,1021.4,4,7,316,0.0,0,327.3,3
2025-06-15 16:47:18,1,49,23.4,52,21.7,1021.4,6,9,321,0.0,0,316.8,3
2025-06-15 16:48:19,1,49,23.4,52,21.9,1021.3,6,9,322,0.0,0,314.3,3
2025-06-15 16:49:20,1,49,23.4,51,22.0,1021.4,7,16,329,0.0,0,293.7,2
2025-06-15 16:50:21,1,49,23.3,52,22.0,1021.4,3,11,282,0.0,0,150.7,1
2025-06-15 16:51:22,1,49,23.3,52,21.9,1021.2,9,12,341,0.0,0,189.9,1
2025-06-15 16:52:23,1,49,23.3,53,21.8,1021.4,0,12,302,0.0,0,155.6,1
2025-06-15 16:53:24,1,49,23.3,52,21.6,1021.3,14,16,290,0.0,0,171.5,1
2025-06-15 16:54:25,1,50,23.3,53,21.6,1021.3,7,16,228,0.0,0,244.3,2
2025-06-15 16:55:26,1,50,23.4,54,21.5,1021.3,4,21,269,0.0,0,155.7,1
2025-06-15 16:56:27,1,49,23.4,54,21.2,1021.2,6,16,312,0.0,0,157.3,1
2025-06-15 16:57:28,1,49,23.4,54,21.2,1021.3,9,12,353,0.0,0,176.3,1
2025-06-15 16:58:29,1,49,23.4,54,21.2,1021.3,2,12,346,0.0,0,182.3,1
2025-06-15 16:59:30,1,49,23.3,55,21.2,1021.5,6,11,304,0.0,0,156.0,1
2025-06-15 17:00:31,1,50,23.3,55,21.2,1021.4,0,9,317,0.0,0,252.5,2
2025-06-15 17:01:32,1,50,23.3,54,21.3,1021.5,2,5,135,0.0,0,278.1,2
2025-06-15 17:02:33,1,50,23.3,54,21.5,1021.5,7,12,332,0.0,0,279.7,2
2025-06-15 17:03:34,1,50,23.3,54,21.6,1021.4,0,12,35,0.0,0,134.4,1
2025-06-15 17:04:35,1,50,23.3,54,21.7,1021.5,1,5,333,0.0,0,124.0,1
2025-06-15 17:05:36,1,50,23.4,54,21.8,1021.4,2,14,6,0.0,0,117.4,1
2025-06-15 17:06:37,1,50,23.3,54,21.8,1021.6,4,14,334,0.0,0,109.3,1
2025-06-15 17:07:38,1,50,23.3,54,21.7,1021.5,9,16,296,0.0,0,103.9,1
2025-06-15 17:08:39,1,50,23.3,55,21.6,1021.6,7,16,324,0.0,0,104.1,1
2025-06-15 17:09:40,1,50,23.2,55,21.3,1021.5,11,16,323,0.0,0,124.0,1
2025-06-15 17:10:41,1,50,23.2,56,21.1,1021.5,7,16,352,0.0,0,116.9,1
2025-06-15 17:11:42,1,50,23.1,57,20.8,1021.7,2,14,334,0.0,0,111.3,1
2025-06-15 17:12:43,1,50,23.0,57,20.7,1021.7,2,9,30,0.0,0,113.3,1
2025-06-15 17:13:44,1,51,23.1,57,20.7,1021.5,2,5,317,0.0,0,118.1,1
2025-06-15 17:14:45,1,51,23.0,57,20.8,1021.7,7,12,287,0.0,0,122.9,1
2025-06-15 17:15:46,1,51,23.0,56,20.9,1021.5,3,16,296,0.0,0,130.5,1
2025-06-15 17:16:47,1,51,23.1,57,20.9,1021.7,3,16,5,0.0,0,133.4,1
2025-06-15 17:17:48,1,51,23.1,57,20.8,1021.6,12,14,318,0.0,0,234.0,2
2025-06-15 17:18:49,1,51,23.1,57,20.8,1021.6,12,20,319,0.0,0,251.8,2
2025-06-15 17:19:50,1,50,23.0,57,20.7,1021.8,7,20,19,0.0,0,254.3,2
2025-06-15 17:20:51,1,51,23.0,56,20.8,1021.8,11,16,299,0.0,0,252.3,2
2025-06-15 17:21:53,1,51,22.9,56,20.8,1021.8,3,16,300,0.0,0,136.2,1
2025-06-15 17:22:54,1,51,22.9,55,21.0,1021.8,4,16,4,0.0,0,144.6,1
2025-06-15 17:23:55,1,51,22.9,55,21.1,1021.8,3,9,351,0.0,0,183.3,1
2025-06-15 17:24:56,1,51,22.9,55,21.2,1021.8,7,11,299,0.0,0,138.2,1
2025-06-15 17:25:57,1,51,22.9,55,21.2,1021.8,5,11,325,0.0,0,118.0,1
2025-06-15 17:26:58,1,51,22.9,55,21.2,1021.6,7,14,295,0.0,0,109.0,1
2025-06-15 17:27:59,1,50,22.9,55,21.2,1021.8,4,14,279,0.0,0,113.0,1
2025-06-15 17:29:00,1,51,22.9,55,21.2,1021.8,4,9,310,0.0,0,95.4,0
2025-06-15 17:30:01,1,50,23.0,55,21.2,1021.7,2,7,299,0.0,0,90.6,0
2025-06-15 17:31:02,1,51,23.0,55,21.2,1021.8,2,5,299,0.0,0,118.0,1
2025-06-15 17:32:03,1,51,23.0,55,21.2,1022.0,5,9,250,0.0,0,182.8,1
2025-06-15 17:33:04,1,51,23.1,55,21.3,1021.9,6,11,249,0.0,0,200.0,1
2025-06-15 17:34:05,1,50,23.1,55,21.3,1021.8,4,11,303,0.0,0,199.3,1
2025-06-15 17:35:06,1,50,23.1,55,21.3,1021.8,10,18,338,0.0,0,111.4,1
2025-06-15 17:36:07,1,50,23.1,56,21.3,1021.7,5,18,315,0.0,0,103.7,1
2025-06-15 17:37:08,1,50,23.0,57,21.1,1021.9,2,11,247,0.0,0,93.4,0
2025-06-15 17:38:09,1,51,23.0,57,20.9,1021.9,7,14,325,0.0,0,87.7,0
2025-06-15 17:39:10,1,51,23.0,57,20.8,1021.8,9,14,341,0.0,0,82.3,0
2025-06-15 17:40:11,1,51,23.1,58,20.7,1022.0,4,12,269,0.0,0,76.1,0
2025-06-15 17:41:12,1,51,23.1,58,20.6,1021.9,5,11,272,0.0,0,73.5,0
2025-06-15 17:42:13,1,51,23.1,58,20.5,1021.9,3,16,297,0.0,0,73.8,0
2025-06-15 17:43:14,1,51,23.1,59,20.4,1021.9,3,16,316,0.0,0,126.5,1
2025-06-15 17:44:18,1,51,23.1,58,20.4,1021.9,7,14,345,0.0,0,144.8,1
2025-06-15 17:45:16,1,51,23.1,58,20.5,1021.9,7,14,325,0.0,0,153.5,1
2025-06-15 17:46:17,1,51,23.1,58,20.5,1021.9,3,9,336,0.0,0,87.0,0
2025-06-15 17:47:18,1,51,23.0,58,20.5,1022.0,3,7,353,0.0,0,89.0,0
2025-06-15 17:48:19,1,51,23.1,58,20.6,1021.9,3,12,292,0.0,0,95.2,0
2025-06-15 17:49:20,1,51,23.0,58,20.6,1021.9,8,20,1,0.0,0,117.2,1
2025-06-15 17:50:21,1,51,23.0,59,20.6,1022.1,9,20,337,0.0,0,111.0,1
2025-06-15 17:51:22,1,51,23.0,59,20.5,1022.0,10,14,298,0.0,0,118.6,1
2025-06-15 17:52:23,1,51,22.9,59,20.5,1022.1,5,14,257,0.0,0,112.2,1
2025-06-15 17:53:24,1,52,23.0,59,20.3,1021.9,6,16,8,0.0,0,104.7,1
2025-06-15 17:54:25,1,51,23.0,59,20.3,1021.8,6,18,284,0.0,0,97.5,0
2025-06-15 17:55:26,1,51,23.0,60,20.2,1021.9,2,18,266,0.0,0,102.3,0
2025-06-15 17:56:27,1,52,23.0,60,20.2,1022.0,0,9,338,0.0,0,135.4,1
2025-06-15 17:57:28,1,51,23.0,59,20.3,1022.0,1,5,317,0.0,0,81.8,0
2025-06-15 17:58:29,1,51,23.0,58,20.4,1022.0,11,14,254,0.0,0,87.6,0
2025-06-15 17:59:30,1,51,23.0,59,20.5,1022.0,2,14,342,0.0,0,87.9,0
2025-06-15 18:00:31,1,51,23.0,58,20.5,1022.0,10,16,352,0.0,0,86.6,0
2025-06-15 18:01:32,1,51,22.9,59,20.5,1022.0,2,14,310,0.0,0,81.0,0
2025-06-15 18:02:33,1,51,22.9,59,20.4,1021.8,5,14,313,0.0,0,78.0,0
2025-06-15 18:03:34,1,52,22.9,59,20.4,1021.9,5,14,284,0.0,0,77.3,0
2025-06-15 18:04:35,1,52,22.9,59,20.3,1022.0,8,16,284,0.0,0,72.5,0
2025-06-15 18:05:36,1,52,22.8,59,20.3,1022.1,7,20,293,0.0,0,71.1,0
2025-06-15 18:06:37,1,52,22.8,60,20.2,1022.0,3,20,340,0.0,0,76.5,0
2025-06-15 18:07:38,1,52,22.8,60,20.1,1021.9,6,7,286,0.0,0,83.1,0
2025-06-15 18:08:39,1,52,22.7,60,20.1,1022.1,8,11,310,0.0,0,84.2,0
2025-06-15 18:09:40,1,52,22.7,60,20.1,1022.1,7,11,290,0.0,0,86.2,0
2025-06-15 18:10:41,1,52,22.7,60,20.0,1022.1,2,12,64,0.0,0,119.6,1
2025-06-15 18:11:42,1,53,22.7,60,20.0,1022.0,2,12,306,0.0,0,120.2,1
2025-06-15 18:12:43,1,53,22.7,60,20.1,1022.0,1,11,252,0.0,0,113.0,1
2025-06-15 18:13:44,1,53,22.7,60,20.1,1022.0,2,12,342,0.0,0,79.4,0
2025-06-15 18:14:45,1,53,22.7,60,20.2,1022.3,2,12,193,0.0,0,111.0,1
2025-06-15 18:15:46,1,53,22.7,60,20.3,1022.1,0,11,193,0.0,0,109.0,1
2025-06-15 18:16:47,1,53,22.7,59,20.4,1022.0,1,1,225,0.0,0,106.3,1
2025-06-15 18:17:48,1,53,22.7,59,20.5,1022.0,3,5,284,0.0,0,106.0,1
2025-06-15 18:18:49,1,53,22.8,58,20.7,1022.0,7,9,243,0.0,0,103.5,1
2025-06-15 18:19:50,1,53,22.8,59,20.8,1022.1,3,9,290,0.0,0,101.8,0
2025-06-15 18:20:51,1,53,22.8,59,20.8,1022.0,0,7,316,0.0,0,98.1,0
2025-06-15 18:21:53,1,53,22.9,59,20.8,1022.0,5,9,276,0.0,0,95.7,0
2025-06-15 18:22:54,1,53,22.9,58,20.8,1022.1,7,16,266,0.0,0,93.8,0
2025-06-15 18:23:55,1,53,22.9,59,20.8,1022.1,8,16,263,0.0,0,91.6,0
2025-06-15 18:24:56,1,53,22.9,60,20.6,1022.1,7,16,280,0.0,0,90.0,0
2025-06-15 18:25:57,1,53,22.9,61,20.3,1022.1,2,9,297,0.0,0,88.9,0
2025-06-15 18:26:58,1,53,22.9,60,20.3,1022.1,4,9,329,0.0,0,87.7,0
2025-06-15 18:27:59,1,53,23.0,60,20.3,1022.1,7,12,267,0.0,0,86.1,0
2025-06-15 18:29:00,1,52,23.0,60,20.3,1022.1,8,12,307,0.0,0,83.5,0
2025-06-15 18:30:01,1,52,23.0,60,20.3,1022.1,6,12,310,0.0,0,81.3,0
2025-06-15 18:31:02,1,52,23.0,60,20.3,1022.2,10,12,285,0.0,0,79.5,0
2025-06-15 18:32:03,1,52,23.0,61,20.3,1022.2,3,12,300,0.0,0,78.6,0
2025-06-15 18:33:04,1,52,23.0,61,20.1,1022.4,8,12,293,0.0,0,77.6,0
2025-06-15 18:34:05,1,52,23.0,61,20.1,1022.2,4,11,289,0.0,0,76.2,0
2025-06-15 18:35:06,1,52,23.1,61,20.1,1022.1,6,11,183,0.0,0,60.9,0
2025-06-15 18:36:07,1,52,23.1,60,20.2,1022.2,9,16,260,0.0,0,58.9,0
2025-06-15 18:37:08,1,52,23.1,61,20.2,1022.2,2,16,242,0.0,0,61.5,0
2025-06-15 18:38:09,1,52,23.1,61,20.2,1022.3,0,7,329,0.0,0,61.5,0
2025-06-15 18:39:10,1,52,23.1,61,20.2,1022.2,4,9,296,0.0,0,66.5,0
2025-06-15 18:40:11,1,52,23.1,61,20.2,1022.3,8,11,301,0.0,0,65.3,0
2025-06-15 18:41:12,1,52,23.1,61,20.2,1022.3,3,16,6,0.0,0,64.4,0
2025-06-15 18:42:13,1,52,23.1,61,20.2,1022.3,3,16,283,0.0,0,62.9,0
2025-06-15 18:43:14,1,52,23.0,61,20.1,1022.2,5,14,324,0.0,0,61.5,0
2025-06-15 18:44:15,1,52,23.0,61,20.1,1022.2,3,11,304,0.0,0,59.9,0
2025-06-15 18:45:16,1,52,23.1,61,20.1,1022.3,8,9,250,0.0,0,58.5,0
2025-06-15 18:46:17,1,52,23.1,61,20.1,1022.3,6,12,289,0.0,0,56.9,0
2025-06-15 18:47:18,1,52,23.1,61,20.2,1022.2,1,12,297,0.0,0,55.9,0
2025-06-15 18:48:19,1,52,23.1,61,20.2,1022.4,5,12,299,0.0,0,54.4,0
2025-06-15 18:49:20,1,52,23.1,61,20.1,1022.4,4,12,266,0.0,0,53.0,0
2025-06-15 18:50:21,1,52,23.1,61,20.1,1022.4,9,12,282,0.0,0,51.9,0
2025-06-15 18:51:22,1,52,23.1,61,20.1,1022.4,6,12,272,0.0,0,50.4,0
2025-06-15 18:52:23,1,52,23.1,61,20.0,1022.5,4,14,269,0.0,0,49.1,0
2025-06-15 18:53:24,1,52,23.1,61,20.0,1022.3,6,12,239,0.0,0,47.5,0
2025-06-15 18:54:25,1,52,23.1,62,19.9,1022.4,7,12,274,0.0,0,46.2,0
2025-06-15 18:55:26,1,52,23.1,62,19.8,1022.5,7,12,297,0.0,0,45.3,0
2025-06-15 18:56:27,1,52,23.1,62,19.8,1022.5,2,12,281,0.0,0,44.4,0
2025-06-15 18:57:28,1,52,23.1,62,19.8,1022.4,10,12,279,0.0,0,43.7,0
2025-06-15 18:58:29,1,52,23.1,62,19.8,1022.6,5,12,354,0.0,0,42.8,0
2025-06-15 18:59:30,1,52,23.1,62,19.8,1022.5,5,9,223,0.0,0,41.8,0
2025-06-15 19:00:31,1,52,23.1,62,19.8,1022.6,5,14,294,0.0,0,40.8,0
2025-06-15 19:01:32,1,52,23.1,63,19.8,1022.6,1,14,304,0.0,0,40.1,0
2025-06-15 19:02:33,1,52,23.1,62,19.7,1022.6,5,9,288,0.0,0,39.2,0
2025-06-15 19:03:34,1,52,23.1,62,19.7,1022.5,5,9,322,0.0,0,38.6,0
2025-06-15 19:04:35,1,52,23.1,63,19.7,1022.5,5,9,358,0.0,0,37.8,0
2025-06-15 19:05:36,1,52,23.1,62,19.7,1022.7,4,14,308,0.0,0,37.0,0
2025-06-15 19:06:37,1,52,23.1,63,19.7,1022.6,3,9,241,0.0,0,36.0,0
2025-06-15 19:07:38,1,52,23.1,62,19.7,1022.5,3,9,299,0.0,0,35.2,0
2025-06-15 19:08:39,1,52,23.1,63,19.7,1022.5,2,9,236,0.0,0,34.5,0
2025-06-15 19:09:40,1,52,23.2,63,19.7,1022.6,2,5,269,0.0,0,33.6,0
2025-06-15 19:10:41,1,52,23.2,62,19.7,1022.6,8,12,289,0.0,0,32.9,0
2025-06-15 19:11:42,1,52,23.2,63,19.7,1022.6,6,12,259,0.0,0,32.1,0
2025-06-15 19:12:43,1,52,23.2,62,19.7,1022.8,4,7,284,0.0,0,31.3,0
2025-06-15 19:13:44,1,52,23.2,62,19.8,1022.6,1,7,287,0.0,0,30.7,0
2025-06-15 19:14:45,1,52,23.2,62,19.8,1022.6,7,9,292,0.0,0,29.7,0
2025-06-15 19:15:46,1,52,23.3,62,19.8,1022.6,5,11,280,0.0,0,29.0,0
2025-06-15 19:16:47,1,52,23.3,63,19.7,1022.6,2,11,276,0.0,0,28.2,0
2025-06-15 19:17:48,1,52,23.3,63,19.6,1022.7,4,7,325,0.0,0,27.4,0
2025-06-15 19:18:49,1,52,23.4,63,19.6,1022.8,1,7,303,0.0,0,26.6,0
2025-06-15 19:19:50,1,53,23.4,63,19.6,1022.9,0,7,341,0.0,0,26.0,0
2025-06-15 19:20:51,1,53,23.4,63,19.5,1022.8,11,16,266,0.0,0,25.3,0
2025-06-15 19:21:53,1,52,23.4,64,19.5,1022.7,5,16,259,0.0,0,24.5,0
2025-06-15 19:22:54,1,52,23.5,64,19.2,1022.8,5,9,296,0.0,0,23.8,0
2025-06-15 19:23:55,1,53,23.5,65,19.1,1022.8,4,9,267,0.0,0,23.0,0
2025-06-15 19:24:56,1,53,23.5,65,19.0,1022.8,3,5,248,0.0,0,22.2,0
2025-06-15 19:25:57,1,53,23.5,65,19.0,1022.9,8,11,273,0.0,0,21.7,0
2025-06-15 19:26:58,1,53,23.6,65,19.0,1022.7,2,11,302,0.0,0,21.0,0
2025-06-15 19:27:59,1,53,23.6,65,19.0,1022.9,2,7,272,0.0,0,20.2,0
2025-06-15 19:29:00,1,53,23.6,65,19.0,1022.8,4,7,311,0.0,0,19.5,0
2025-06-15 19:30:01,1,53,23.7,64,19.0,1022.8,11,14,292,0.0,0,18.8,0
2025-06-15 19:31:02,1,53,23.7,65,19.0,1022.8,6,14,312,0.0,0,18.3,0
2025-06-15 19:32:03,1,53,23.7,65,19.0,1022.8,3,14,319,0.0,0,17.6,0
2025-06-15 19:33:04,1,53,23.7,65,18.9,1023.0,5,14,308,0.0,0,16.9,0
2025-06-15 19:34:05,1,53,23.7,65,18.9,1022.8,0,11,306,0.0,0,16.2,0
2025-06-15 19:35:06,1,53,23.8,65,18.9,1022.9,2,5,302,0.0,0,15.5,0
2025-06-15 19:36:07,1,53,23.8,65,18.9,1022.8,2,5,263,0.0,0,15.0,0
2025-06-15 19:37:08,1,52,23.8,65,18.9,1022.8,1,3,276,0.0,0,14.3,0
2025-06-15 19:38:09,1,52,23.8,65,18.9,1023.0,4,7,212,0.0,0,13.6,0
2025-06-15 19:39:10,1,52,23.8,65,18.9,1022.9,7,11,279,0.0,0,13.1,0
2025-06-15 19:40:11,1,52,23.9,65,18.9,1022.9,8,11,299,0.0,0,12.5,0
2025-06-15 19:41:12,1,52,23.9,66,18.8,1023.1,3,11,290,0.0,0,12.0,0
2025-06-15 19:42:13,1,52,23.9,66,18.8,1022.9,4,7,285,0.0,0,11.4,0
2025-06-15 19:43:14,1,52,23.9,66,18.7,1023.0,1,9,281,0.0,0,10.9,0
2025-06-15 19:44:15,1,52,23.9,66,18.7,1023.0,1,11,318,0.0,0,10.3,0
2025-06-15 19:45:16,1,52,23.9,66,18.6,1023.0,6,11,290,0.0,0,9.8,0
2025-06-15 19:46:17,1,52,23.9,66,18.6,1023.1,2,11,287,0.0,0,9.3,0
2025-06-15 19:47:18,1,52,24.0,66,18.5,1023.3,0,9,264,0.0,0,8.7,0
2025-06-15 19:48:19,1,52,24.0,66,18.5,1023.1,4,5,228,0.0,0,8.4,0
2025-06-15 19:49:20,1,52,24.0,66,18.5,1023.2,1,5,283,0.0,0,7.9,0
2025-06-15 19:50:21,1,52,24.0,66,18.5,1023.0,2,5,306,0.0,0,7.4,0
2025-06-15 19:51:22,1,52,24.0,67,18.5,1023.0,1,7,262,0.0,0,7.0,0
2025-06-15 19:52:23,1,52,24.0,66,18.5,1023.2,5,7,275,0.0,0,6.5,0
2025-06-15 19:53:24,1,52,24.0,66,18.5,1023.2,3,7,292,0.0,0,6.2,0
2025-06-15 19:54:25,1,52,24.0,66,18.5,1023.3,1,9,294,0.0,0,5.8,0
2025-06-15 19:55:26,1,52,24.0,67,18.5,1023.2,1,5,296,0.0,0,5.4,0
2025-06-15 19:56:27,1,52,24.1,67,18.5,1023.4,3,7,289,0.0,0,5.0,0
2025-06-15 19:57:28,1,52,24.0,67,18.5,1023.1,1,7,307,0.0,0,4.7,0
2025-06-15 19:58:29,1,52,24.1,67,18.4,1023.1,0,7,313,0.0,0,4.5,0
2025-06-15 19:59:30,1,52,24.1,67,18.4,1023.2,1,3,310,0.0,0,4.1,0
2025-06-15 20:00:31,1,52,24.1,67,18.4,1023.2,4,7,293,0.0,0,3.8,0
2025-06-15 20:01:32,1,52,24.1,67,18.3,1023.2,5,7,283,0.0,0,3.5,0
2025-06-15 20:02:33,1,53,24.1,68,18.3,1023.2,1,7,292,0.0,0,3.3,0
2025-06-15 20:03:34,1,53,24.1,68,18.3,1023.1,6,9,293,0.0,0,3.1,0
2025-06-15 20:04:35,1,53,24.1,68,18.3,1023.2,0,9,270,0.0,0,2.8,0
2025-06-15 20:05:36,1,53,24.1,68,18.3,1023.3,1,5,221,0.0,0,2.6,0
2025-06-15 20:06:37,1,53,24.1,68,18.2,1023.3,8,11,298,0.0,0,2.4,0
2025-06-15 20:07:38,1,53,24.1,68,18.2,1023.3,0,11,288,0.0,0,2.2,0
2025-06-15 20:08:39,1,53,24.1,68,18.2,1023.5,2,5,314,0.0,0,2.0,0
2025-06-15 20:09:40,1,53,24.1,68,18.2,1023.3,3,9,277,0.0,0,1.8,0
2025-06-15 20:10:41,1,53,24.2,69,18.2,1023.4,3,9,301,0.0,0,1.7,0
2025-06-15 20:11:42,1,53,24.2,69,18.2,1023.3,1,9,248,0.0,0,1.5,0
2025-06-15 20:12:43,1,53,24.2,69,18.1,1023.5,7,11,333,0.0,0,1.4,0
2025-06-15 20:13:44,1,53,24.2,69,18.1,1023.3,4,11,306,0.0,0,1.3,0
2025-06-15 20:14:45,1,53,24.2,69,18.1,1023.3,7,11,303,0.0,0,1.1,0
2025-06-15 20:15:46,1,53,24.2,69,18.1,1023.4,1,11,303,0.0,0,1.0,0
2025-06-15 20:16:47,1,53,24.2,69,18.1,1023.5,2,9,303,0.0,0,0.9,0
2025-06-15 20:17:48,1,53,24.2,69,18.0,1023.7,1,5,302,0.0,0,0.8,0
2025-06-15 20:18:49,1,53,24.2,69,18.0,1023.4,3,5,284,0.0,0,0.7,0
2025-06-15 20:19:50,1,53,24.2,69,18.0,1023.5,4,9,313,0.0,0,0.7,0
2025-06-15 20:20:51,1,53,24.2,69,18.0,1023.6,2,9,296,0.0,0,0.6,0
2025-06-15 20:21:52,1,53,24.2,69,18.0,1023.5,2,7,274,0.0,0,0.5,0
2025-06-15 20:22:53,1,53,24.2,69,17.9,1023.6,3,5,322,0.0,0,0.5,0
2025-06-15 20:23:54,1,53,24.2,69,17.9,1023.6,9,11,302,0.0,0,0.4,0
2025-06-15 20:24:55,1,53,24.2,70,17.9,1023.5,6,11,324,0.0,0,0.4,0
2025-06-15 20:25:56,1,53,24.2,70,17.9,1023.6,0,7,262,0.0,0,0.3,0
2025-06-15 20:26:57,1,53,24.3,70,17.9,1023.5,2,5,322,0.0,0,0.3,0
2025-06-15 20:27:58,1,53,24.3,70,17.9,1023.6,1,5,317,0.0,0,0.3,0
2025-06-15 20:28:59,1,53,24.3,70,17.9,1023.4,0,3,308,0.0,0,0.2,0
2025-06-15 20:30:00,1,53,24.3,70,17.9,1023.7,1,5,292,0.0,0,0.2,0
2025-06-15 20:31:01,1,53,24.3,70,17.9,1023.6,6,7,238,0.0,0,0.2,0
2025-06-15 20:32:02,1,53,24.3,70,17.9,1023.6,6,9,306,0.0,0,0.2,0
2025-06-15 20:33:03,1,53,24.3,70,17.9,1023.6,3,9,318,0.0,0,0.1,0
2025-06-15 20:34:04,1,53,24.3,70,17.8,1023.6,2,5,267,0.0,0,0.1,0
2025-06-15 20:35:05,1,53,24.3,70,17.8,1023.7,2,5,313,0.0,0,0.1,0
2025-06-15 20:36:06,1,53,24.3,71,17.8,1023.7,1,3,310,0.0,0,0.1,0
2025-06-15 20:37:07,1,53,24.3,71,17.8,1023.6,1,3,297,0.0,0,0.1,0
2025-06-15 20:38:08,1,53,24.3,71,17.8,1023.7,0,3,311,0.0,0,0.1,0
2025-06-15 20:39:09,1,53,24.3,71,17.8,1023.6,0,1,312,0.0,0,0.1,0
2025-06-15 20:40:10,1,53,24.3,71,17.8,1023.7,3,5,285,0.0,0,0.1,0
2025-06-15 20:41:11,1,53,24.3,71,17.8,1023.7,2,5,261,0.0,0,0.1,0
2025-06-15 20:42:12,1,53,24.3,71,17.8,1023.7,2,3,286,0.0,0,0.1,0
2025-06-15 20:43:13,1,53,24.3,71,17.7,1023.5,0,3,307,0.0,0,0.0,0
2025-06-15 20:44:14,1,53,24.3,71,17.7,1023.8,3,3,289,0.0,0,0.0,0
2025-06-15 20:45:15,1,53,24.3,71,17.7,1023.7,1,5,286,0.0,0,0.0,0
2025-06-15 20:46:16,1,53,24.3,72,17.7,1023.7,0,3,286,0.0,0,0.0,0
2025-06-15 20:47:17,1,53,24.3,72,17.7,1023.7,0,3,284,0.0,0,0.0,0
2025-06-15 20:48:18,1,53,24.3,72,17.6,1023.6,1,3,284,0.0,0,0.0,0
2025-06-15 20:49:19,1,53,24.3,72,17.6,1023.8,1,1,283,0.0,0,0.0,0
2025-06-15 20:50:20,1,54,24.3,72,17.6,1023.7,0,1,285,0.0,0,0.0,0
2025-06-15 20:51:21,1,54,24.3,72,17.6,1023.7,0,3,300,0.0,0,0.0,0
2025-06-15 20:52:22,1,54,24.3,72,17.6,1023.8,0,3,289,0.0,0,0.0,0
2025-06-15 20:53:23,1,54,24.3,72,17.6,1023.5,0,1,289,0.0,0,0.0,0
2025-06-15 20:54:24,1,54,24.4,72,17.6,1023.7,3,3,272,0.0,0,0.0,0
2025-06-15 20:55:25,1,54,24.3,72,17.6,1023.6,2,3,270,0.0,0,0.0,0
2025-06-15 20:56:26,1,54,24.4,72,17.6,1023.8,1,3,297,0.0,0,0.0,0
2025-06-15 20:57:27,1,54,24.4,73,17.5,1023.8,0,3,299,0.0,0,0.0,0
2025-06-15 20:58:28,1,54,24.4,73,17.5,1023.7,4,5,296,0.0,0,0.0,0
2025-06-15 20:59:29,1,54,24.4,73,17.5,1023.9,2,5,255,0.0,0,0.0,0
2025-06-15 21:00:30,1,54,24.4,73,17.5,1023.9,1,3,255,0.0,0,0.0,0
2025-06-15 21:01:31,1,54,24.4,73,17.5,1023.6,1,3,262,0.0,0,0.0,0
2025-06-15 21:02:32,1,54,24.4,73,17.4,1023.8,1,3,264,0.0,0,0.0,0
2025-06-15 21:03:33,1,54,24.4,73,17.4,1024.0,1,3,259,0.0,0,0.0,0
2025-06-15 21:04:34,1,54,24.4,73,17.4,1023.9,1,1,275,0.0,0,0.0,0
2025-06-15 21:05:35,1,54,24.4,74,17.4,1023.8,0,3,275,0.0,0,0.0,0
2025-06-15 21:06:36,1,54,24.4,74,17.4,1023.8,1,3,256,0.0,0,0.0,0
2025-06-15 21:07:37,1,54,24.4,74,17.4,1023.8,5,5,254,0.0,0,0.0,0
2025-06-15 21:08:38,1,54,24.4,74,17.4,1023.8,5,7,233,0.0,0,0.0,0
2025-06-15 21:09:39,1,54,24.4,74,17.4,1023.8,4,7,247,0.0,0,0.0,0
2025-06-15 21:10:40,1,54,24.4,74,17.4,1023.9,3,5,224,0.0,0,0.0,0
2025-06-15 21:11:41,1,54,24.4,74,17.4,1023.7,2,5,204,0.0,0,0.0,0
2025-06-15 21:12:42,1,54,24.4,74,17.4,1023.7,1,3,224,0.0,0,0.0,0
2025-06-15 21:13:43,1,54,24.4,74,17.3,1023.8,4,5,208,0.0,0,0.0,0
2025-06-15 21:14:44,1,54,24.4,74,17.3,1023.8,3,5,233,0.0,0,0.0,0
2025-06-15 21:15:45,1,54,24.4,74,17.3,1023.6,4,7,232,0.0,0,0.0,0
2025-06-15 21:16:46,1,54,24.4,74,17.3,1023.9,3,7,243,0.0,0,0.0,0
2025-06-15 21:17:47,1,54,24.4,74,17.3,1023.9,2,7,251,0.0,0,0.0,0
2025-06-15 21:18:48,1,54,24.4,74,17.3,1023.7,3,7,251,0.0,0,0.0,0
2025-06-15 21:19:49,1,54,24.4,75,17.3,1023.7,2,5,244,0.0,0,0.0,0
2025-06-15 21:20:50,1,54,24.4,75,17.3,1023.7,3,3,201,0.0,0,0.0,0
2025-06-15 21:21:51,1,54,24.4,75,17.3,1024.0,2,5,220,0.0,0,0.0,0
2025-06-15 21:22:52,1,54,24.5,75,17.4,1023.9,5,5,196,0.0,0,0.0,0
2025-06-15 21:23:53,1,54,24.4,75,17.4,1023.7,3,5,201,0.0,0,0.0,0
2025-06-15 21:24:54,1,54,24.5,75,17.3,1023.8,3,7,192,0.0,0,0.0,0
2025-06-15 21:25:55,1,54,24.4,75,17.3,1023.9,5,7,191,0.0,0,0.0,0
2025-06-15 21:26:56,1,54,24.5,75,17.3,1023.7,5,7,194,0.0,0,0.0,0
2025-06-15 21:27:57,1,54,24.5,75,17.3,1023.9,5,7,210,0.0,0,0.0,0
2025-06-15 21:28:58,1,54,24.5,75,17.3,1023.8,5,7,234,0.0,0,0.0,0
2025-06-15 21:29:59,1,54,24.5,75,17.3,1023.8,4,7,244,0.0,0,0.0,0
2025-06-15 21:31:00,1,54,24.5,75,17.3,1024.0,2,7,212,0.0,0,0.0,0
2025-06-15 21:32:01,1,54,24.5,75,17.2,1023.9,3,7,256,0.0,0,0.0,0
2025-06-15 21:33:02,1,54,24.5,75,17.2,1023.9,6,9,236,0.0,0,0.0,0
2025-06-15 21:34:03,1,54,24.5,75,17.2,1023.8,7,9,238,0.0,0,0.0,0
2025-06-15 21:35:04,1,54,24.5,75,17.2,1023.9,3,9,220,0.0,0,0.0,0
2025-06-15 21:36:05,1,54,24.5,76,17.2,1023.7,2,7,216,0.0,0,0.0,0
2025-06-15 21:37:06,1,54,24.5,76,17.2,1023.9,5,7,249,0.0,0,0.0,0
2025-06-15 21:38:07,1,54,24.5,76,17.2,1023.8,3,7,220,0.0,0,0.0,0
2025-06-15 21:39:08,1,54,24.5,76,17.2,1023.7,3,5,242,0.0,0,0.0,0
2025-06-15 21:40:09,1,54,24.5,76,17.2,1024.0,3,5,261,0.0,0,0.0,0
2025-06-15 21:41:10,1,54,24.5,76,17.1,1023.8,5,9,238,0.0,0,0.0,0
2025-06-15 21:42:11,1,54,24.5,76,17.1,1023.7,2,9,263,0.0,0,0.0,0
2025-06-15 21:43:12,1,54,24.5,76,17.1,1023.9,1,5,257,0.0,0,0.0,0
2025-06-15 21:44:13,1,54,24.5,76,17.1,1024.0,1,3,257,0.0,0,0.0,0
2025-06-15 21:45:14,1,54,24.5,76,17.2,1023.8,1,3,227,0.0,0,0.0,0
2025-06-15 21:46:15,1,54,24.5,76,17.2,1023.8,1,3,227,0.0,0,0.0,0
2025-06-15 21:47:16,1,54,24.5,76,17.2,1024.0,0,1,227,0.0,0,0.0,0
2025-06-15 21:48:17,1,54,24.5,76,17.1,1023.9,0,3,242,0.0,0,0.0,0
2025-06-15 21:49:18,1,54,24.5,76,17.1,1023.9,0,3,242,0.0,0,0.0,0
2025-06-15 21:50:19,1,54,24.5,76,17.1,1024.0,1,1,242,0.0,0,0.0,0
2025-06-15 21:51:20,1,54,24.5,76,17.1,1024.1,0,1,242,0.0,0,0.0,0
2025-06-15 21:52:21,1,54,24.5,76,17.2,1023.9,1,3,242,0.0,0,0.0,0
2025-06-15 21:53:22,1,54,24.5,76,17.2,1024.0,2,3,257,0.0,0,0.0,0
2025-06-15 21:54:23,1,54,24.5,76,17.2,1024.1,0,3,257,0.0,0,0.0,0
2025-06-15 21:55:24,1,54,24.5,76,17.2,1024.1,0,1,258,0.0,0,0.0,0
2025-06-15 21:56:25,1,54,24.5,76,17.1,1024.1,0,1,257,0.0,0,0.0,0
2025-06-15 21:57:26,1,54,24.5,76,17.1,1024.0,0,1,257,0.0,0,0.0,0
2025-06-15 21:58:27,1,54,24.5,77,17.1,1024.0,0,1,257,0.0,0,0.0,0
2025-06-15 21:59:28,1,54,24.5,77,17.1,1024.1,0,1,257,0.0,0,0.0,0
2025-06-15 22:00:29,1,54,24.5,77,17.1,1024.1,0,0,257,0.0,0,0.0,0
2025-06-15 22:01:30,1,54,24.5,77,17.1,1023.9,0,1,257,0.0,0,0.0,0
2025-06-15 22:02:31,1,54,24.5,77,17.1,1024.1,0,1,257,0.0,0,0.0,0
2025-06-15 22:03:32,1,54,24.5,77,17.1,1024.0,0,0,257,0.0,0,0.0,0
2025-06-15 22:04:33,1,54,24.5,77,17.0,1024.2,1,1,252,0.0,0,0.0,0
2025-06-15 22:05:34,1,54,24.5,77,17.0,1023.9,1,1,250,0.0,0,0.0,0
2025-06-15 22:06:35,1,54,24.5,78,17.0,1024.1,1,3,246,0.0,0,0.0,0
2025-06-15 22:07:36,1,54,24.6,78,17.0,1024.0,2,3,220,0.0,0,0.0,0
2025-06-15 22:08:37,1,54,24.5,78,17.0,1024.0,4,5,202,0.0,0,0.0,0
2025-06-15 22:09:38,1,54,24.5,78,17.0,1023.9,2,5,214,0.0,0,0.0,0
2025-06-15 22:10:39,1,54,24.5,78,17.0,1023.9,3,5,208,0.0,0,0.0,0
2025-06-15 22:11:40,1,54,24.6,78,17.0,1024.1,1,5,224,0.0,0,0.0,0
2025-06-15 22:12:41,1,54,24.5,78,17.0,1024.1,3,5,209,0.0,0,0.0,0
2025-06-15 22:13:42,1,54,24.5,78,17.0,1024.1,2,5,227,0.0,0,0.0,0
2025-06-15 22:14:43,1,54,24.5,78,17.0,1024.0,6,7,187,0.0,0,0.0,0
2025-06-15 22:15:44,1,54,24.5,78,17.0,1024.2,3,7,216,0.0,0,0.0,0
2025-06-15 22:16:45,1,54,24.5,78,17.0,1024.0,5,7,198,0.0,0,0.0,0
2025-06-15 22:17:46,1,54,24.6,78,17.0,1024.0,7,11,253,0.0,0,0.0,0
2025-06-15 22:18:47,1,54,24.6,78,17.0,1024.1,5,11,251,0.0,0,0.0,0
2025-06-15 22:19:48,1,54,24.5,78,17.0,1024.1,7,9,238,0.0,0,0.0,0
2025-06-15 22:20:49,1,54,24.6,78,16.9,1024.2,4,9,251,0.0,0,0.0,0
2025-06-15 22:21:51,1,54,24.6,78,16.9,1024.2,7,9,230,0.0,0,0.0,0
2025-06-15 22:22:52,1,54,24.6,78,16.9,1024.1,6,9,253,0.0,0,0.0,0
2025-06-15 22:23:53,1,54,24.6,78,16.9,1024.3,6,7,239,0.0,0,0.0,0
2025-06-15 22:24:54,1,54,24.6,78,16.9,1024.2,6,9,241,0.0,0,0.0,0
2025-06-15 22:25:55,1,54,24.5,78,16.9,1024.1,7,9,241,0.0,0,0.0,0
2025-06-15 22:26:56,1,54,24.6,78,16.9,1024.0,3,9,226,0.0,0,0.0,0
2025-06-15 22:27:57,1,54,24.6,78,16.9,1024.1,5,7,264,0.0,0,0.0,0
2025-06-15 22:28:58,1,54,24.6,78,16.9,1024.1,3,7,249,0.0,0,0.0,0
2025-06-15 22:29:59,1,54,24.6,79,16.9,1024.1,4,5,244,0.0,0,0.0,0
2025-06-15 22:31:00,1,54,24.6,78,16.9,1024.1,4,5,246,0.0,0,0.0,0
2025-06-15 22:32:01,1,54,24.6,78,16.9,1024.0,5,7,252,0.0,0,0.0,0
2025-06-15 22:33:02,1,54,24.6,78,16.9,1024.1,5,7,235,0.0,0,0.0,0
2025-06-15 22:34:03,1,54,24.6,78,17.0,1024.3,3,7,231,0.0,0,0.0,0
2025-06-15 22:35:04,1,54,24.6,78,17.0,1024.0,4,9,199,0.0,0,0.0,0
2025-06-15 22:36:05,1,54,24.6,78,17.0,1024.1,6,9,240,0.0,0,0.0,0
2025-06-15 22:37:06,1,54,24.6,78,17.0,1024.2,5,7,253,0.0,0,0.0,0
2025-06-15 22:38:07,1,54,24.6,78,17.0,1024.2,4,7,250,0.0,0,0.0,0
2025-06-15 22:39:08,1,54,24.6,77,17.1,1024.1,3,5,196,0.0,0,0.0,0
2025-06-15 22:40:09,1,54,24.6,77,17.1,1024.3,6,9,229,0.0,0,0.0,0
2025-06-15 22:41:10,1,54,24.6,77,17.1,1024.0,7,9,201,0.0,0,0.0,0
2025-06-15 22:42:11,1,54,24.6,77,17.1,1024.0,7,9,238,0.0,0,0.0,0
2025-06-15 22:43:12,1,54,24.6,77,17.1,1024.1,7,9,228,0.0,0,0.0,0
2025-06-15 22:44:13,1,54,24.6,77,17.1,1024.0,3,9,238,0.0,0,0.0,0
2025-06-15 22:45:14,1,54,24.6,76,17.1,1024.0,6,9,242,0.0,0,0.0,0
2025-06-15 22:46:15,1,54,24.6,76,17.1,1024.0,4,9,236,0.0,0,0.0,0
2025-06-15 22:47:16,1,54,24.6,76,17.1,1024.0,4,9,237,0.0,0,0.0,0
2025-06-15 22:48:17,1,54,24.6,76,17.1,1024.0,5,7,243,0.0,0,0.0,0
2025-06-15 22:49:18,1,54,24.6,76,17.1,1024.1,4,7,256,0.0,0,0.0,0
2025-06-15 22:50:19,1,54,24.6,76,17.1,1024.3,5,7,247,0.0,0,0.0,0
2025-06-15 22:51:20,1,54,24.6,76,17.1,1024.0,3,9,216,0.0,0,0.0,0
2025-06-15 22:52:21,1,54,24.6,76,17.1,1024.0,7,11,210,0.0,0,0.0,0
2025-06-15 22:53:22,1,54,24.6,77,17.0,1024.1,8,11,244,0.0,0,0.0,0
2025-06-15 22:54:23,1,54,24.6,77,17.0,1023.9,5,11,218,0.0,0,0.0,0
2025-06-15 22:55:24,1,54,24.6,77,17.0,1024.2,8,12,246,0.0,0,0.0,0
2025-06-15 22:56:25,1,54,24.6,77,17.0,1024.1,11,12,238,0.0,0,0.0,0
2025-06-15 22:57:26,1,54,24.6,77,17.0,1024.0,7,12,284,0.0,0,0.0,0
2025-06-15 22:58:27,1,54,24.6,77,17.0,1024.2,6,9,205,0.0,0,0.0,0
2025-06-15 22:59:28,1,54,24.6,77,17.0,1024.0,5,7,237,0.0,0,0.0,0
2025-06-15 23:00:29,1,54,24.6,77,16.9,1024.0,5,9,216,0.0,0,0.0,0
2025-06-15 23:01:30,1,54,24.6,77,17.0,1024.3,3,9,230,0.0,0,0.0,0
2025-06-15 23:02:31,1,54,24.6,77,17.0,1023.9,1,5,250,0.0,0,0.0,0
2025-06-15 23:03:32,1,54,24.6,77,17.0,1024.0,2,3,235,0.0,0,0.0,0
2025-06-15 23:04:33,1,54,24.6,77,16.9,1023.9,1,3,254,0.0,0,0.0,0
2025-06-15 23:05:34,1,54,24.6,78,16.9,1024.2,6,7,234,0.0,0,0.0,0
2025-06-15 23:06:35,1,55,24.6,78,16.9,1024.1,4,7,223,0.0,0,0.0,0
2025-06-15 23:07:36,1,55,24.6,78,16.9,1024.0,4,7,282,0.0,0,0.0,0
2025-06-15 23:08:37,1,54,24.6,78,16.9,1024.2,5,7,259,0.0,0,0.0,0
2025-06-15 23:09:38,1,55,24.6,78,16.9,1024.1,7,7,242,0.0,0,0.0,0
2025-06-15 23:10:39,1,55,24.6,78,16.9,1024.1,6,11,221,0.0,0,0.0,0
2025-06-15 23:11:40,1,54,24.6,78,16.9,1024.2,6,11,226,0.0,0,0.0,0
2025-06-15 23:12:41,1,54,24.6,78,16.9,1024.1,2,9,221,0.0,0,0.0,0
2025-06-15 23:13:42,1,55,24.6,78,16.9,1024.1,7,9,152,0.0,0,0.0,0
2025-06-15 23:14:43,1,55,24.6,79,16.9,1024.2,6,12,199,0.0,0,0.0,0
2025-06-15 23:15:44,1,55,24.7,79,16.8,1024.1,6,12,212,0.0,0,0.0,0
2025-06-15 23:16:45,1,54,24.6,79,16.8,1024.3,6,9,219,0.0,0,0.0,0
2025-06-15 23:17:46,1,54,24.6,79,16.8,1024.0,3,9,230,0.0,0,0.0,0
2025-06-15 23:18:47,1,55,24.6,79,16.8,1024.0,6,11,216,0.0,0,0.0,0
2025-06-15 23:19:48,1,55,24.6,79,16.9,1024.2,7,12,218,0.0,0,0.0,0
2025-06-15 23:20:49,1,55,24.6,79,16.9,1024.1,6,12,258,0.0,0,0.0,0
2025-06-15 23:21:50,1,55,24.6,79,16.9,1024.1,5,9,191,0.0,0,0.0,0
2025-06-15 23:22:51,1,55,24.6,79,16.9,1024.1,6,11,212,0.0,0,0.0,0
2025-06-15 23:23:52,1,55,24.6,79,16.9,1024.0,4,11,192,0.0,0,0.0,0
2025-06-15 23:24:53,1,55,24.7,79,16.9,1024.0,7,11,239,0.0,0,0.0,0
2025-06-15 23:25:54,1,55,24.6,79,16.9,1024.2,8,11,249,0.0,0,0.0,0
2025-06-15 23:26:55,1,55,24.7,79,16.9,1024.1,12,14,180,0.0,0,0.0,0
2025-06-15 23:27:56,1,55,24.7,79,16.8,1024.2,6,14,181,0.0,0,0.0,0
2025-06-15 23:28:57,1,55,24.6,78,16.8,1024.1,7,11,260,0.0,0,0.0,0
2025-06-15 23:29:58,1,55,24.7,78,16.9,1024.2,11,14,262,0.0,0,0.0,0
2025-06-15 23:30:59,1,55,24.6,78,16.9,1024.2,5,14,214,0.0,0,0.0,0
2025-06-15 23:32:00,1,55,24.6,78,16.9,1024.2,8,12,231,0.0,0,0.0,0
2025-06-15 23:33:01,1,55,24.7,78,16.9,1024.1,9,12,243,0.0,0,0.0,0
2025-06-15 23:34:02,1,55,24.7,79,16.9,1024.3,9,11,235,0.0,0,0.0,0
2025-06-15 23:35:03,1,55,24.7,79,16.9,1024.4,7,11,238,0.0,0,0.0,0
2025-06-15 23:36:04,1,55,24.6,79,16.9,1024.3,7,11,208,0.0,0,0.0,0
2025-06-15 23:37:05,1,55,24.7,79,16.8,1024.2,14,18,264,0.0,0,0.0,0
2025-06-15 23:38:06,1,55,24.7,79,16.8,1024.1,7,18,194,0.0,0,0.0,0
2025-06-15 23:39:07,1,55,24.7,79,16.8,1024.2,7,11,246,0.0,0,0.0,0
2025-06-15 23:40:08,1,55,24.7,79,16.8,1024.2,11,12,199,0.0,0,0.0,0
2025-06-15 23:41:09,1,55,24.7,79,16.8,1024.2,8,12,207,0.0,0,0.0,0
2025-06-15 23:42:10,1,55,24.7,79,16.8,1024.1,8,14,210,0.0,0,0.0,0
2025-06-15 23:43:11,1,55,24.7,79,16.8,1024.1,11,14,212,0.0,0,0.0,0
2025-06-15 23:44:12,1,55,24.6,79,16.8,1024.1,8,12,225,0.0,0,0.0,0
2025-06-15 23:45:13,1,55,24.7,79,16.8,1024.0,7,12,235,0.0,0,0.0,0
2025-06-15 23:46:14,1,55,24.7,79,16.8,1024.1,7,12,223,0.0,0,0.0,0
2025-06-15 23:47:15,1,55,24.7,79,16.8,1024.3,10,14,221,0.0,0,0.0,0
2025-06-15 23:48:16,1,55,24.7,79,16.8,1024.3,6,14,223,0.0,0,0.0,0
2025-06-15 23:49:17,1,55,24.7,79,16.8,1024.1,10,12,248,0.0,0,0.0,0
2025-06-15 23:50:18,1,55,24.7,79,16.8,1024.1,5,12,208,0.0,0,0.0,0
2025-06-15 23:51:19,1,55,24.6,79,16.8,1024.1,3,9,227,0.0,0,0.0,0
2025-06-15 23:52:20,1,55,24.7,79,16.8,1024.2,7,11,227,0.0,0,0.0,0
2025-06-15 23:53:21,1,55,24.7,80,16.8,1024.2,4,11,235,0.0,0,0.0,0
2025-06-15 23:54:22,1,55,24.7,80,16.8,1024.0,7,11,230,0.0,0,0.0,0
2025-06-15 23:55:23,1,55,24.7,80,16.8,1024.1,7,11,198,0.0,0,0.0,0
2025-06-15 23:56:24,1,55,24.7,80,16.8,1024.2,6,9,231,0.0,0,0.0,0
2025-06-15 23:57:25,1,55,24.7,80,16.8,1024.1,7,9,262,0.0,0,0.0,0
2025-06-15 23:58:26,1,55,24.7,79,16.8,1024.2,12,16,252,0.0,0,0.0,0
2025-06-15 23:59:27,1,55,24.7,79,16.8,1024.2,8,16,263,0.0,0,0.0,0
