2024-01-23 00:01:57,5,56,18.7,87,7.4,1023.2,1.4,2.7,6,4518.3,0
2024-01-23 00:06:57,5,56,18.6,87,7.4,1023.4,1.4,2.7,6,4518.3,0
2024-01-23 00:11:57,5,56,18.6,86,7.4,1023.6,1.4,2.7,5,4518.3,0
2024-01-23 00:16:57,5,56,18.6,86,7.5,1023.8,1.0,2.0,13,4518.3,0
2024-01-23 00:21:57,5,56,18.5,86,7.5,1023.9,1.0,2.7,7,4518.3,0
2024-01-23 00:26:57,5,56,18.5,86,7.4,1024.1,2.4,4.1,4,4518.3,0
2024-01-23 00:31:57,5,56,18.5,86,7.4,1024.1,1.7,3.7,6,4518.3,0
2024-01-23 00:36:57,5,57,18.4,86,7.3,1024.1,1.0,2.7,8,4518.3,0
2024-01-23 00:41:57,5,56,18.4,87,7.2,1024.2,1.0,2.7,9,4518.3,0
2024-01-23 00:46:57,5,56,18.3,86,7.2,1024.3,1.4,2.0,6,4518.3,0
2024-01-23 00:51:57,5,56,18.3,86,7.3,1024.8,1.7,3.1,10,4518.3,0
2024-01-23 00:56:57,5,56,18.1,86,7.2,1024.8,0.7,1.7,1,4518.3,0
2024-01-23 01:01:57,5,56,18.1,86,7.2,1024.8,1.4,3.7,5,4518.3,0
2024-01-23 01:06:57,5,56,18.0,85,7.2,1025.0,1.4,3.1,1,4518.3,0
2024-01-23 01:11:57,5,56,18.0,84,7.4,1025.2,0.3,1.7,7,4518.3,0
2024-01-23 01:16:57,5,57,17.9,86,7.2,1025.3,1.0,1.7,7,4518.3,0
2024-01-23 01:21:57,5,57,17.9,86,7.1,1025.6,1.0,4.1,6,4518.3,0
2024-01-23 01:26:57,5,57,17.9,85,7.2,1025.5,0.7,1.0,10,4518.3,0
2024-01-23 01:31:57,5,57,17.8,85,7.2,1025.7,0.7,2.0,1,4518.3,0
2024-01-23 01:36:57,5,57,17.8,85,7.1,1025.8,1.0,1.7,4,4518.3,0
2024-01-23 01:41:57,5,57,17.7,86,7.0,1025.9,1.7,3.1,8,4518.3,0
2024-01-23 01:46:57,5,57,17.7,87,6.8,1025.9,1.0,3.1,5,4518.3,0
2024-01-23 01:51:57,5,57,17.7,87,6.9,1026.1,1.0,2.0,5,4518.3,0
2024-01-23 01:56:57,5,57,17.6,87,6.9,1026.1,1.4,2.7,5,4518.3,0
2024-01-23 02:01:57,5,57,17.6,87,6.8,1026.3,1.4,2.7,5,4518.3,0
2024-01-23 02:06:57,5,57,17.5,87,6.8,1026.5,1.4,2.7,6,4518.3,0
2024-01-23 02:11:57,5,57,17.5,87,6.8,1026.4,1.7,2.7,15,4518.3,0
2024-01-23 02:16:57,5,57,17.5,87,6.8,1026.7,2.0,3.7,9,4518.3,0
2024-01-23 02:21:57,5,57,17.4,87,6.8,1026.9,1.7,2.7,10,4518.3,0
2024-01-23 02:26:57,5,57,17.4,87,6.7,1026.9,1.4,1.7,6,4518.3,0
2024-01-23 02:31:57,5,57,17.4,87,6.7,1027.1,1.4,3.1,8,4518.3,0
2024-01-23 02:36:57,5,57,17.3,87,6.7,1027.4,1.0,2.0,6,4518.3,0
2024-01-23 02:41:57,5,57,17.3,87,6.7,1027.4,1.0,1.7,7,4518.3,0
2024-01-23 02:46:57,5,57,17.3,87,6.7,1027.4,0.7,2.0,8,4518.3,0
2024-01-23 02:51:57,5,57,17.2,87,6.6,1027.5,1.4,2.0,15,4518.3,0
2024-01-23 02:56:57,5,57,17.1,86,6.6,1027.6,0.7,1.0,3,4518.3,0
2024-01-23 03:01:57,5,57,17.1,86,6.8,1027.8,1.0,1.7,13,4518.3,0
2024-01-23 03:06:57,5,57,17.1,85,6.8,1027.8,1.0,2.0,10,4518.3,0
2024-01-23 03:11:57,5,57,17.1,85,6.7,1028.1,0.3,1.0,9,4518.3,0
2024-01-23 03:16:57,5,57,17.0,84,6.8,1028.2,1.7,2.7,14,4518.3,0
2024-01-23 03:21:57,5,57,17.0,85,6.7,1028.2,0.7,2.0,6,4518.3,0
2024-01-23 03:26:57,5,57,17.0,85,6.6,1028.3,1.0,2.0,7,4518.3,0
2024-01-23 03:31:57,5,57,17.0,85,6.6,1028.4,1.4,2.0,5,4518.3,0
2024-01-23 03:36:57,5,58,16.9,85,6.6,1028.5,1.4,2.7,1,4518.3,0
2024-01-23 03:41:57,5,58,16.9,85,6.7,1028.6,1.4,2.0,6,4518.3,0
2024-01-23 03:46:57,5,58,16.9,85,6.7,1028.9,1.4,2.0,5,4518.3,0
2024-01-23 03:51:57,5,58,16.8,84,6.7,1029.0,1.4,2.7,9,4518.3,0
2024-01-23 03:56:57,5,58,16.8,85,6.6,1029.1,1.0,2.0,12,4518.3,0
2024-01-23 04:01:57,5,58,16.8,85,6.6,1029.2,1.0,2.0,6,4518.3,0
2024-01-23 04:06:57,5,58,16.8,85,6.5,1029.3,1.0,1.7,6,4518.3,0
2024-01-23 04:11:57,5,58,16.7,85,6.5,1029.5,1.0,2.0,7,4518.3,0
2024-01-23 04:16:57,5,58,16.7,85,6.4,1029.6,0.3,1.0,15,4518.3,0
2024-01-23 04:21:57,5,58,16.7,86,6.4,1029.8,1.7,2.7,6,4518.3,0
2024-01-23 04:26:57,5,58,16.7,85,6.4,1029.9,0.7,1.0,9,4518.3,0
2024-01-23 04:31:57,5,58,16.6,86,6.3,1030.0,1.4,2.7,6,4518.3,0
2024-01-23 04:36:57,5,58,16.6,86,6.2,1030.2,0.7,1.0,7,4518.3,0
2024-01-23 04:41:57,5,58,16.6,86,6.3,1030.2,0.7,1.7,4,4518.3,0
2024-01-23 04:46:57,5,58,16.6,86,6.3,1030.2,1.7,3.1,5,4518.3,0
2024-01-23 04:51:57,5,58,16.6,86,6.4,1030.3,1.0,2.0,5,4518.3,0
2024-01-23 04:56:57,5,58,16.5,86,6.5,1030.4,2.0,2.7,7,4518.3,0
2024-01-23 05:01:57,5,58,16.5,86,6.4,1030.5,1.4,3.1,2,4518.3,0
2024-01-23 05:06:57,5,58,16.5,86,6.4,1030.6,0.7,1.7,5,4518.3,0
2024-01-23 05:11:57,5,58,16.5,87,6.3,1030.6,0.7,1.7,4,4518.3,0
2024-01-23 05:16:57,5,58,16.4,87,6.1,1030.8,0.3,1.7,2,4518.3,0
2024-01-23 05:21:57,5,58,16.4,87,6.1,1030.9,1.0,1.7,11,4518.3,0
2024-01-23 05:26:57,5,58,16.4,87,6.2,1031.1,0.7,1.0,1,4518.3,0
2024-01-23 05:31:57,5,58,16.4,87,6.1,1031.3,0.7,1.0,5,4518.3,0
2024-01-23 05:36:57,5,58,16.4,87,6.1,1031.5,0.3,1.0,4,4518.3,0
2024-01-23 05:41:57,5,58,16.4,87,6.1,1031.6,0.3,1.0,9,4518.3,0
2024-01-23 05:46:57,5,58,16.3,87,6.2,1031.8,0.7,1.0,10,4518.3,0
2024-01-23 05:51:57,5,58,16.3,87,6.0,1032.0,0.3,1.7,5,4518.3,0
2024-01-23 05:56:57,5,57,16.3,87,6.0,1032.1,1.0,1.7,5,4518.3,0
2024-01-23 06:01:57,5,57,16.3,87,6.0,1032.1,0.3,1.0,7,4518.3,0
2024-01-23 06:06:57,5,57,16.3,88,5.9,1032.1,1.0,2.0,6,4518.3,0
2024-01-23 06:11:57,5,57,16.2,88,6.0,1032.3,1.0,1.7,8,4518.3,0
2024-01-23 06:16:57,5,57,16.2,88,5.9,1032.3,0.3,1.0,10,4518.3,0
2024-01-23 06:21:57,5,57,16.2,88,5.9,1032.3,1.0,2.0,4,4518.3,0
2024-01-23 06:26:57,5,57,16.2,88,5.8,1032.6,1.0,2.0,9,4518.3,0
2024-01-23 06:31:57,5,57,16.2,88,5.8,1032.7,0.7,1.0,5,4518.3,0
2024-01-23 06:36:57,5,57,16.1,89,5.7,1032.7,0.7,1.7,6,4518.3,0
2024-01-23 06:41:57,5,57,16.1,89,5.5,1032.6,0.0,0.7,7,4518.3,0
2024-01-23 06:46:57,5,57,16.1,89,5.5,1032.7,0.3,1.0,8,4518.3,0
2024-01-23 06:51:57,5,57,16.1,89,5.6,1032.8,1.4,3.1,9,4518.3,0
2024-01-23 06:56:57,5,57,16.1,89,5.5,1032.8,0.3,1.0,9,4518.3,0
2024-01-23 07:01:57,5,57,16.1,89,5.5,1032.9,0.7,1.0,6,4518.3,0
2024-01-23 07:06:57,5,57,16.0,90,5.3,1032.9,0.0,0.7,14,4518.3,0
2024-01-23 07:11:57,5,57,16.0,90,5.4,1033.0,0.7,1.7,9,4518.3,0
2024-01-23 07:16:57,5,57,16.0,90,5.5,1032.8,1.4,2.0,5,4518.3,0
2024-01-23 07:21:57,5,58,16.1,90,5.4,1032.9,0.7,1.7,7,4518.3,0
2024-01-23 07:26:57,5,58,16.2,89,5.6,1032.8,1.0,2.0,7,4518.3,0
2024-01-23 07:31:57,5,57,16.3,89,5.5,1032.8,0.7,1.0,11,4518.3,0
2024-01-23 07:36:57,5,58,16.4,89,5.6,1032.6,1.7,2.7,10,4518.3,0
2024-01-23 07:41:57,5,58,16.6,89,5.5,1032.6,0.7,1.0,9,4518.3,0
2024-01-23 07:46:57,5,58,16.7,89,5.3,1032.7,0.7,1.0,11,4518.3,0
2024-01-23 07:51:57,5,59,16.9,89,5.4,1032.6,1.4,3.7,8,4518.3,0
2024-01-23 07:56:57,5,58,17.2,89,5.3,1032.3,1.0,1.7,7,4518.3,0
2024-01-23 08:01:57,5,58,17.6,90,5.3,1032.3,1.0,1.7,6,4518.3,0
2024-01-23 08:06:57,5,58,17.9,90,5.3,1032.0,0.7,1.0,6,4518.3,0
2024-01-23 08:11:57,5,57,18.4,90,5.3,1031.6,1.0,2.0,11,4518.3,0
2024-01-23 08:16:57,5,56,18.9,90,5.3,1031.3,0.7,1.7,8,4518.3,0
2024-01-23 08:21:57,5,54,19.3,90,5.4,1031.0,1.7,3.7,9,4518.3,0
2024-01-23 08:26:57,5,54,19.7,90,5.4,1030.8,1.4,2.7,12,4518.3,0
2024-01-23 08:31:57,5,53,20.7,90,5.4,1030.5,0.7,1.7,6,4518.3,0
2024-01-23 08:36:57,5,51,21.0,90,5.6,1030.2,1.7,3.1,7,4518.3,0
2024-01-23 08:41:57,5,51,21.2,90,5.7,1030.1,1.4,2.0,5,4518.3,0
2024-01-23 08:46:57,5,51,21.3,90,5.7,1030.1,1.0,2.7,9,4518.3,0
2024-01-23 08:51:57,5,50,21.3,90,5.8,1029.9,2.0,4.1,6,4518.3,0
2024-01-23 08:56:57,5,50,21.3,90,5.8,1029.9,1.0,2.7,6,4518.3,0
2024-01-23 09:01:57,5,50,21.3,90,5.8,1029.7,0.7,1.7,6,4518.3,0
2024-01-23 09:06:57,5,50,21.3,90,5.9,1029.8,2.0,4.1,8,4518.3,0
2024-01-23 09:11:57,5,50,21.3,89,6.0,1029.7,1.7,2.7,9,4518.3,0
2024-01-23 09:16:57,5,50,21.3,89,6.0,1029.8,2.0,3.1,6,4518.3,0
2024-01-23 09:21:57,5,50,21.3,90,6.0,1029.8,1.4,3.1,12,4518.3,0
2024-01-23 09:26:57,5,50,21.2,90,6.0,1030.0,1.4,2.7,8,4518.3,0
2024-01-23 09:31:57,5,50,21.2,89,6.1,1030.2,0.7,1.7,6,4518.3,0
2024-01-23 09:36:57,5,50,21.1,89,6.2,1030.1,1.0,2.0,9,4518.3,0
2024-01-23 09:41:57,5,50,21.1,89,6.2,1030.2,1.0,2.0,7,4518.3,0
2024-01-23 09:46:57,5,50,21.0,89,6.3,1030.1,1.4,2.7,7,4518.3,0
2024-01-23 09:51:57,5,51,20.9,89,6.4,1030.0,1.4,2.0,8,4518.3,0
2024-01-23 09:56:57,5,51,20.9,89,6.5,1030.2,1.4,2.7,5,4518.3,0
2024-01-23 10:01:57,5,50,21.1,89,6.6,1030.3,1.4,3.1,10,4518.3,0
2024-01-23 10:06:57,5,50,21.2,89,6.6,1030.2,1.4,2.0,7,4518.3,0
2024-01-23 10:11:57,5,50,21.5,88,6.8,1029.9,0.7,1.0,7,4518.3,0
2024-01-23 10:16:57,5,50,21.7,88,6.9,1029.6,1.0,1.7,7,4518.3,0
2024-01-23 10:21:57,5,49,21.9,88,6.9,1029.5,1.4,2.0,8,4518.3,0
2024-01-23 10:26:57,5,48,22.2,87,7.1,1029.1,1.7,3.1,8,4518.3,0
2024-01-23 10:31:57,5,48,22.3,87,7.1,1028.7,1.0,2.0,6,4518.3,0
2024-01-23 10:36:57,5,48,22.5,87,7.1,1028.6,1.4,2.7,9,4518.3,0
2024-01-23 10:41:57,5,48,22.5,87,7.2,1028.4,1.4,1.7,7,4518.3,0
2024-01-23 10:46:57,5,48,22.6,86,7.2,1028.6,1.7,2.7,8,4518.3,0
2024-01-23 10:51:57,5,48,22.6,86,7.4,1028.6,1.4,2.0,6,4518.3,0
2024-01-23 10:56:57,5,47,22.6,86,7.3,1028.4,2.4,4.1,10,4518.3,0
2024-01-23 11:01:57,5,47,22.6,86,7.3,1028.4,0.7,2.7,8,4518.3,0
2024-01-23 11:06:57,5,47,22.5,86,7.4,1028.1,1.7,3.1,7,4518.3,0
2024-01-23 11:11:57,5,48,22.4,87,7.5,1028.1,0.7,1.7,6,4518.3,0
2024-01-23 11:16:57,5,48,22.4,86,7.5,1028.2,1.7,3.1,9,4518.3,0
2024-01-23 11:21:57,5,48,22.3,86,7.6,1028.0,1.4,2.0,7,4518.3,0
2024-01-23 11:26:57,5,48,22.3,86,7.8,1028.3,1.0,2.0,6,4518.3,0
2024-01-23 11:31:57,5,48,22.2,85,8.1,1028.1,1.7,3.1,9,4518.3,0
2024-01-23 11:36:57,5,48,22.2,84,8.3,1028.0,1.4,2.7,7,4518.3,0
2024-01-23 11:41:57,5,48,22.1,85,8.3,1028.1,1.0,1.7,8,4518.3,0
2024-01-23 11:46:57,5,48,22.0,85,8.2,1028.0,1.0,1.7,6,4518.3,0
2024-01-23 11:51:57,5,49,21.9,86,8.2,1028.1,0.7,1.0,7,4518.3,0
2024-01-23 11:56:57,5,49,21.8,86,8.2,1028.1,0.7,1.0,8,4518.3,0
2024-01-23 12:01:57,5,49,21.8,86,8.2,1028.0,1.0,3.7,1,4518.3,0
2024-01-23 12:06:57,5,49,21.7,86,8.3,1027.9,2.0,2.7,8,4518.3,0
2024-01-23 12:11:57,5,49,21.8,85,8.5,1027.8,1.4,2.7,6,4518.3,0
2024-01-23 12:16:57,5,49,21.9,85,8.7,1027.6,1.0,1.7,8,4518.3,0
2024-01-23 12:21:57,5,49,21.9,85,8.8,1027.5,1.0,2.7,7,4518.3,0
2024-01-23 12:26:57,5,48,22.1,85,8.8,1027.3,0.7,1.7,14,4518.3,0
2024-01-23 12:31:57,5,48,22.1,85,8.8,1027.2,1.4,2.0,9,4518.3,0
2024-01-23 12:36:57,5,48,22.2,85,8.8,1027.1,1.0,1.7,9,4518.3,0
2024-01-23 12:41:57,5,48,22.3,85,8.8,1026.9,1.0,1.7,5,4518.3,0
2024-01-23 12:46:57,5,46,22.3,85,8.7,1026.8,1.0,2.0,6,4518.3,0
2024-01-23 12:51:57,5,45,22.2,86,8.7,1026.8,1.4,2.0,6,4518.3,0
2024-01-23 12:56:57,5,47,22.2,86,8.6,1026.8,1.0,1.7,13,4518.3,0
2024-01-23 13:01:57,5,48,22.2,87,8.7,1026.7,0.7,1.7,6,4518.3,0
2024-01-23 13:06:57,5,48,22.2,87,8.7,1026.7,1.4,2.0,7,4518.3,0
2024-01-23 13:11:57,5,48,22.2,88,8.7,1026.7,0.7,1.0,12,4518.3,0
2024-01-23 13:16:57,5,48,22.1,88,8.7,1026.5,1.7,3.1,13,4518.3,0
2024-01-23 13:21:57,5,48,22.0,89,8.6,1026.5,1.4,2.0,6,4518.3,0
2024-01-23 13:26:57,5,49,21.9,89,8.6,1026.6,0.7,2.0,13,4518.3,0
2024-01-23 13:31:57,5,49,21.8,89,8.7,1026.6,1.0,1.7,9,4518.3,0
2024-01-23 13:36:57,5,49,21.7,90,8.7,1026.5,1.4,2.7,12,4518.3,0
2024-01-23 13:41:57,5,49,21.7,90,8.6,1026.6,1.0,2.0,9,4518.3,0
2024-01-23 13:46:57,5,49,21.6,90,8.6,1026.6,1.4,2.0,10,4518.3,0
2024-01-23 13:51:57,5,49,21.5,90,8.6,1026.6,0.7,1.7,7,4518.3,0
2024-01-23 13:56:57,5,50,21.3,91,8.6,1026.7,0.7,1.7,0,4518.3,0
2024-01-23 14:01:57,5,50,21.2,92,8.5,1026.7,0.7,1.7,3,4518.3,0
2024-01-23 14:06:57,5,50,21.2,92,8.4,1026.8,1.0,2.0,2,4518.3,0
2024-01-23 14:11:57,5,50,21.1,92,8.4,1026.7,1.0,1.7,9,4518.3,0
2024-01-23 14:16:57,5,50,21.0,92,8.4,1026.7,1.4,2.7,7,4518.3,0
2024-01-23 14:21:57,5,52,20.9,93,8.4,1026.5,1.0,2.0,15,4518.3,0
2024-01-23 14:26:57,5,52,20.9,93,8.3,1026.5,1.7,2.7,7,4518.3,0
2024-01-23 14:31:57,5,52,20.7,93,8.3,1026.5,1.0,1.7,10,4518.3,0
2024-01-23 14:36:57,5,52,20.7,94,8.2,1026.5,1.0,1.7,9,4518.3,0
2024-01-23 14:41:57,5,52,20.6,94,8.2,1026.5,1.4,1.7,12,4518.3,0
2024-01-23 14:46:57,5,53,20.5,94,8.2,1026.5,0.7,1.7,8,4518.3,0
2024-01-23 14:51:57,5,54,19.7,95,8.2,1026.4,1.0,1.7,0,4518.3,0
2024-01-23 14:56:57,5,54,19.6,95,8.1,1026.3,1.0,2.0,9,4518.6,0
2024-01-23 15:01:57,5,54,19.6,95,8.0,1026.3,1.0,1.7,2,4518.6,0
2024-01-23 15:06:57,5,54,19.5,96,7.9,1026.2,1.0,1.7,3,4518.9,0
2024-01-23 15:11:57,5,54,19.5,96,7.9,1026.1,1.0,2.0,12,4519.2,0
2024-01-23 15:16:57,5,55,19.3,96,7.8,1026.1,0.7,1.0,3,4519.2,0
2024-01-23 15:21:57,5,55,19.3,97,7.8,1025.9,1.0,2.7,3,4519.5,0
2024-01-23 15:26:57,5,55,19.2,97,7.8,1025.9,1.0,1.7,14,4519.5,0
2024-01-23 15:31:57,5,55,19.2,97,7.7,1025.9,1.0,1.7,14,4519.5,0
2024-01-23 15:36:57,5,55,19.2,97,7.7,1025.6,1.0,1.7,10,4519.5,0
2024-01-23 15:41:57,5,55,19.2,97,7.7,1025.5,1.4,2.0,9,4519.8,0
2024-01-23 15:46:57,5,56,19.1,97,7.7,1025.3,1.4,2.7,3,4519.8,0
2024-01-23 15:51:57,5,56,19.1,97,7.7,1024.9,1.0,2.7,6,4519.8,0
2024-01-23 15:56:57,5,56,19.2,97,7.7,1024.9,0.7,1.0,5,4519.8,0
2024-01-23 16:01:57,5,57,19.4,97,7.7,1024.9,0.7,1.0,9,4519.8,0
2024-01-23 16:06:57,5,56,19.7,97,7.7,1024.5,0.7,1.0,12,4519.8,0
2024-01-23 16:11:57,5,55,20.0,97,7.7,1023.9,1.0,1.7,12,4519.8,0
2024-01-23 16:16:57,5,53,21.1,97,7.7,1023.8,1.0,1.7,2,4519.8,0
2024-01-23 16:21:57,5,53,21.3,97,7.7,1023.6,1.0,1.7,12,4519.8,0
2024-01-23 16:26:57,5,52,21.5,97,7.8,1023.3,1.4,3.1,6,4519.8,0
2024-01-23 16:31:57,5,52,21.5,97,7.8,1023.1,1.7,3.7,9,4520.1,0
2024-01-23 16:36:57,5,52,21.6,97,7.8,1023.0,1.4,3.1,14,4520.1,0
2024-01-23 16:41:57,5,51,21.7,97,7.9,1022.8,1.0,2.0,11,4520.4,0
2024-01-23 16:46:57,5,50,21.6,97,7.9,1022.7,1.4,2.7,7,4520.4,0
2024-01-23 16:51:57,5,50,21.6,97,7.9,1022.4,1.0,2.7,6,4520.7,0
2024-01-23 16:56:57,5,50,21.5,98,7.9,1022.4,1.0,2.0,1,4521.0,0
2024-01-23 17:01:57,5,50,21.3,98,7.9,1022.4,1.0,1.7,11,4521.3,0
2024-01-23 17:06:57,5,50,21.2,98,7.9,1022.5,1.7,3.1,11,4521.6,0
2024-01-23 17:11:57,5,51,21.1,98,7.9,1022.4,1.7,5.1,7,4521.6,0
2024-01-23 17:16:57,5,52,21.0,98,8.0,1022.4,2.0,3.1,7,4521.9,0
2024-01-23 17:21:57,5,55,20.9,98,8.0,1022.4,1.0,3.1,9,4521.9,0
2024-01-23 17:26:57,5,57,20.9,98,8.1,1022.7,1.4,2.7,1,4522.2,0
2024-01-23 17:31:57,5,57,20.9,98,8.1,1022.7,1.7,3.1,8,4522.2,0
2024-01-23 17:36:57,5,58,20.9,98,8.2,1022.5,2.0,3.7,5,4522.2,0
2024-01-23 17:41:57,5,58,20.9,99,8.3,1022.4,1.7,6.1,4,4522.5,0
2024-01-23 17:46:57,5,57,20.9,99,8.4,1022.2,1.4,3.1,13,4522.5,0
2024-01-23 17:51:57,5,57,20.9,99,8.4,1022.1,1.7,2.0,11,4522.5,0
2024-01-23 17:56:57,5,57,20.9,99,8.5,1022.0,1.4,2.7,9,4522.5,0
2024-01-23 18:01:57,5,57,20.1,99,8.6,1021.7,2.4,4.8,6,4522.5,0
2024-01-23 18:06:57,5,57,20.0,99,8.7,1022.0,1.7,2.7,10,4522.5,0
2024-01-23 18:11:57,5,57,20.0,99,8.8,1021.9,1.7,3.1,8,4522.5,0
2024-01-23 18:16:57,5,58,20.0,99,8.9,1021.9,2.0,3.7,10,4522.5,0
2024-01-23 18:21:57,5,59,19.9,99,8.9,1022.0,2.0,3.1,5,4522.5,0
2024-01-23 18:26:57,5,59,19.9,99,9.0,1022.0,1.4,2.0,7,4522.5,0
2024-01-23 18:31:57,5,60,19.9,99,9.0,1022.1,1.4,2.7,4,4522.5,0
2024-01-23 18:36:57,5,60,19.9,99,9.1,1022.0,2.4,5.8,10,4522.5,0
2024-01-23 18:41:57,5,60,19.8,99,9.1,1021.8,1.4,2.0,12,4522.5,0
2024-01-23 18:46:57,5,60,19.8,99,9.2,1021.9,1.7,3.1,7,4522.5,0
2024-01-23 18:51:57,5,60,19.7,99,9.3,1021.9,1.7,3.1,9,4522.5,0
2024-01-23 18:56:57,5,60,19.7,99,9.3,1021.7,1.4,3.1,7,4522.8,0
2024-01-23 19:01:57,5,60,19.7,99,9.4,1021.3,2.0,3.7,9,4522.8,0
2024-01-23 19:06:57,5,60,19.7,99,9.5,1021.4,1.7,3.1,8,4523.1,0
2024-01-23 19:11:57,5,60,19.8,99,9.5,1021.4,1.7,4.1,1,4523.1,0
2024-01-23 19:16:57,5,60,19.8,99,9.6,1021.3,2.7,5.1,8,4523.4,0
2024-01-23 19:21:57,5,60,19.8,99,9.7,1021.4,2.0,4.1,3,4523.4,0
2024-01-23 19:26:57,5,60,19.8,99,9.8,1021.5,3.7,5.1,10,4523.4,0
2024-01-23 19:31:57,5,60,19.8,99,9.8,1021.2,1.7,3.7,12,4523.4,0
2024-01-23 19:36:57,5,59,19.7,99,9.9,1021.2,3.7,6.8,9,4523.4,0
2024-01-23 19:41:57,5,59,19.7,99,9.9,1021.0,1.4,3.1,3,4523.4,0
2024-01-23 19:46:57,5,59,19.7,99,9.9,1020.9,1.7,3.1,11,4523.4,0
2024-01-23 19:51:57,5,59,19.7,99,10.0,1021.2,1.7,3.1,9,4523.4,0
2024-01-23 19:56:57,5,59,19.7,99,10.1,1020.6,3.1,6.8,5,4523.4,0
2024-01-23 20:01:57,5,60,19.7,99,10.2,1020.7,2.0,3.1,7,4523.4,0
2024-01-23 20:06:57,5,60,19.7,99,10.2,1020.5,2.4,4.1,9,4523.4,0
2024-01-23 20:11:57,5,60,19.7,99,10.2,1020.4,2.0,3.7,9,4523.4,0
2024-01-23 20:16:57,5,60,19.6,99,10.3,1020.6,1.4,2.7,1,4523.4,0
2024-01-23 20:21:57,5,60,19.6,99,10.4,1020.5,1.7,3.7,0,4523.4,0
2024-01-23 20:26:57,5,60,19.6,99,10.4,1020.4,2.0,3.7,5,4523.4,0
2024-01-23 20:31:57,5,61,19.6,99,10.5,1020.8,3.4,5.1,10,4523.4,0
2024-01-23 20:36:57,5,61,19.6,99,10.5,1020.5,2.0,3.1,6,4523.4,0
2024-01-23 20:41:57,5,61,19.6,99,10.5,1020.5,2.4,4.1,8,4523.4,0
2024-01-23 20:46:57,5,61,19.6,99,10.6,1020.3,1.4,2.7,12,4523.4,0
2024-01-23 20:51:57,5,60,19.6,99,10.7,1020.3,2.0,4.1,0,4523.4,0
2024-01-23 20:56:57,5,60,19.7,99,10.9,1020.1,2.7,5.8,1,4523.4,0
2024-01-23 21:01:57,5,60,19.7,99,11.0,1020.2,3.7,6.1,7,4523.4,0
2024-01-23 21:06:57,5,60,19.7,98,11.2,1020.1,3.4,5.1,11,4523.4,0
2024-01-23 21:11:57,5,60,19.6,98,11.2,1020.0,2.4,4.1,9,4523.4,0
2024-01-23 21:16:57,5,60,19.6,97,11.3,1019.9,1.4,3.1,9,4523.4,0
2024-01-23 21:21:57,5,60,19.6,97,11.4,1019.8,2.4,3.7,5,4523.4,0
2024-01-23 21:26:57,5,59,19.6,96,11.6,1019.9,3.1,5.1,9,4523.4,0
2024-01-23 21:31:57,5,60,19.6,96,11.6,1020.1,2.0,3.1,5,4523.4,0
2024-01-23 21:36:57,5,60,19.7,96,11.7,1020.1,1.7,3.7,6,4523.4,0
2024-01-23 21:41:57,5,60,19.9,96,11.8,1019.7,1.0,2.0,12,4523.4,0
2024-01-23 21:46:57,5,59,20.2,95,11.9,1019.4,2.4,4.1,4,4523.4,0
2024-01-23 21:51:57,5,58,21.2,95,12.0,1019.1,1.7,3.7,7,4523.4,0
2024-01-23 21:56:57,5,57,21.5,95,12.0,1018.6,2.4,4.1,10,4523.4,0
2024-01-23 22:01:57,5,56,21.7,95,12.0,1018.3,2.0,3.1,7,4523.4,0
2024-01-23 22:06:57,5,55,21.8,95,12.0,1017.8,1.7,3.1,6,4523.4,0
2024-01-23 22:11:57,5,55,21.9,95,12.0,1017.8,2.0,3.7,13,4523.4,0
2024-01-23 22:16:57,5,53,22.1,95,12.0,1017.7,2.0,4.1,8,4523.4,0
2024-01-23 22:21:57,5,53,22.2,95,12.0,1017.5,1.0,2.7,2,4523.4,0
2024-01-23 22:26:57,5,52,22.2,95,12.0,1017.3,2.7,4.1,11,4523.4,0
2024-01-23 22:31:57,5,52,22.2,95,12.1,1017.3,2.4,4.1,0,4523.4,0
2024-01-23 22:36:57,5,52,22.2,94,12.2,1017.2,2.4,4.8,6,4523.4,0
2024-01-23 22:41:57,5,52,22.2,94,12.3,1017.2,1.4,4.1,15,4523.4,0
2024-01-23 22:46:57,5,52,22.2,93,12.4,1017.1,2.0,4.1,10,4523.4,0
2024-01-23 22:51:57,5,52,22.1,93,12.5,1017.0,2.7,4.1,9,4523.4,0
2024-01-23 22:56:57,5,52,22.1,93,12.6,1017.4,2.4,5.8,7,4523.4,0
2024-01-23 23:01:57,5,52,22.0,92,12.7,1016.9,3.4,5.8,10,4523.4,0
2024-01-23 23:06:57,5,53,21.9,92,12.7,1016.9,3.1,8.8,4,4523.4,0
2024-01-23 23:11:57,5,53,21.8,92,12.7,1017.0,3.1,5.8,7,4523.4,0
2024-01-23 23:16:57,5,53,21.8,92,12.7,1017.1,2.0,3.7,8,4523.4,0
2024-01-23 23:21:57,5,53,21.7,93,12.7,1016.9,2.0,3.7,1,4523.4,0
2024-01-23 23:26:57,5,53,21.6,93,12.7,1017.1,4.4,7.1,10,4523.4,0
2024-01-23 23:31:57,5,53,21.6,93,12.7,1017.3,3.1,5.8,8,4523.4,0
2024-01-23 23:36:57,5,54,21.5,93,12.7,1017.3,2.7,5.1,6,4523.4,0
2024-01-23 23:41:57,5,54,21.3,93,12.7,1017.3,3.4,9.2,8,4523.4,0
2024-01-23 23:46:57,5,54,21.3,94,12.7,1017.4,3.1,8.8,8,4523.4,0
2024-01-23 23:51:57,5,54,21.2,94,12.6,1017.2,3.7,6.8,13,4523.4,0
2024-01-23 23:56:57,5,54,21.2,94,12.5,1017.5,4.1,8.2,4,4523.4,0
