2024-01-31 00:03:03,5,61,18.4,98,5.8,1041.4,0.0,0.0,2,4529.7,0
2024-01-31 00:08:03,5,61,18.4,98,5.8,1041.4,0.0,0.0,2,4529.7,0
2024-01-31 00:13:03,5,61,18.4,98,5.8,1041.5,0.0,0.0,2,4529.7,0
2024-01-31 00:18:03,5,60,18.3,98,5.8,1041.6,0.0,0.0,2,4529.7,0
2024-01-31 00:23:03,5,60,18.3,98,5.8,1041.7,0.0,0.0,2,4529.7,0
2024-01-31 00:28:03,5,60,18.3,98,5.8,1041.7,0.0,0.0,2,4529.7,0
2024-01-31 00:33:03,5,60,18.3,98,5.8,1041.8,0.0,0.0,2,4529.7,0
2024-01-31 00:38:03,5,60,18.3,98,5.8,1041.8,0.0,0.0,2,4529.7,0
2024-01-31 00:43:03,5,60,18.3,98,5.8,1041.7,0.0,0.0,2,4529.7,0
2024-01-31 00:48:03,5,60,18.3,98,5.8,1041.9,0.0,0.0,2,4529.7,0
2024-01-31 00:53:03,5,60,18.3,98,5.9,1042.0,0.0,0.0,2,4529.7,0
2024-01-31 00:58:03,5,60,18.3,98,5.8,1041.9,0.0,0.0,3,4529.7,0
2024-01-31 01:03:03,5,60,18.2,98,5.8,1041.6,0.0,0.0,3,4529.7,0
2024-01-31 01:08:03,5,60,18.1,98,5.8,1041.8,0.0,0.0,3,4529.7,0
2024-01-31 01:13:03,5,60,18.2,98,5.8,1041.8,0.0,0.0,15,4529.7,0
2024-01-31 01:18:03,5,60,18.2,97,5.8,1041.8,0.0,0.0,15,4529.7,0
2024-01-31 01:23:03,5,60,18.3,97,5.8,1041.7,0.0,0.0,15,4529.7,0
2024-01-31 01:28:03,5,60,18.3,97,5.8,1041.7,0.0,0.0,15,4529.7,0
2024-01-31 01:33:03,5,60,18.3,97,5.8,1041.8,0.0,0.0,15,4529.7,0
2024-01-31 01:38:03,5,60,18.3,97,5.8,1041.8,0.0,0.0,15,4529.7,0
2024-01-31 01:43:03,5,60,18.4,97,5.8,1041.6,0.0,0.0,15,4529.7,0
2024-01-31 01:48:00,5,60,18.4,97,5.8,1041.7,0.0,0.0,15,4529.7,0
2024-01-31 01:53:00,5,60,18.4,97,5.8,1041.6,0.0,0.0,15,4529.7,0
2024-01-31 01:58:00,5,60,18.4,97,5.8,1041.4,0.0,0.0,15,4529.7,0
2024-01-31 02:03:00,5,60,18.4,97,5.8,1041.4,0.0,0.0,0,4529.7,0
2024-01-31 02:08:00,5,60,18.4,97,5.8,1041.5,0.0,0.0,1,4529.7,0
2024-01-31 02:13:00,5,60,18.4,97,5.8,1041.5,0.0,0.0,1,4529.7,0
2024-01-31 02:18:00,5,60,18.3,97,5.8,1041.5,0.0,0.0,1,4529.7,0
2024-01-31 02:23:00,5,60,18.3,97,5.7,1041.5,0.0,0.0,1,4529.7,0
2024-01-31 02:28:00,5,60,18.3,97,5.7,1041.5,0.0,0.0,1,4529.7,0
2024-01-31 02:33:00,5,60,18.3,97,5.7,1041.5,0.0,0.0,1,4529.7,0
2024-01-31 02:38:00,5,60,18.2,97,5.8,1041.5,0.0,0.0,2,4529.7,0
2024-01-31 02:43:00,5,60,18.1,97,5.8,1041.5,0.0,0.0,2,4529.7,0
2024-01-31 02:48:00,5,60,18.1,97,5.8,1041.4,0.0,0.0,2,4529.7,0
2024-01-31 02:53:00,5,60,18.1,97,5.8,1041.4,0.0,0.0,2,4529.7,0
2024-01-31 02:58:00,5,60,18.0,97,5.8,1041.4,0.0,0.0,2,4529.7,0
2024-01-31 03:03:00,5,60,18.0,97,5.8,1041.2,0.0,0.0,2,4529.7,0
2024-01-31 03:08:00,5,60,18.0,97,5.8,1041.3,0.0,0.0,2,4529.7,0
2024-01-31 03:13:00,5,60,17.9,97,5.8,1041.2,0.0,0.0,3,4529.7,0
2024-01-31 03:18:00,5,60,17.9,97,5.7,1041.2,0.0,0.0,3,4529.7,0
2024-01-31 03:23:00,5,60,17.9,97,5.8,1041.3,0.0,0.0,3,4529.7,0
2024-01-31 03:28:00,5,60,17.8,97,5.7,1041.4,0.0,0.0,3,4529.7,0
2024-01-31 03:33:00,5,60,17.8,97,5.7,1041.5,0.0,0.0,3,4529.7,0
2024-01-31 03:38:00,5,60,17.8,97,5.7,1041.6,0.0,0.0,3,4529.7,0
2024-01-31 03:43:00,5,60,17.8,97,5.7,1041.5,0.0,0.0,3,4529.7,0
2024-01-31 03:48:00,5,60,17.7,97,5.7,1041.5,0.0,0.0,3,4529.7,0
2024-01-31 03:53:00,5,60,17.7,97,5.7,1041.5,0.0,0.0,3,4529.7,0
2024-01-31 03:58:00,5,60,17.7,97,5.7,1041.5,0.0,0.0,3,4529.7,0
2024-01-31 04:03:00,5,60,17.7,97,5.7,1041.5,0.0,0.0,4,4529.7,0
2024-01-31 04:08:00,5,60,17.6,97,5.7,1041.5,0.0,0.0,4,4529.7,0
2024-01-31 04:13:00,5,60,17.6,97,5.7,1041.5,0.0,0.7,4,4529.7,0
2024-01-31 04:18:00,5,60,17.6,97,5.8,1041.7,0.0,0.0,4,4529.7,0
2024-01-31 04:23:00,5,60,17.5,97,5.7,1041.6,0.0,0.0,5,4529.7,0
2024-01-31 04:28:00,5,60,17.5,97,5.7,1041.8,0.0,0.0,7,4529.7,0
2024-01-31 04:33:00,5,60,17.5,97,5.8,1041.8,0.0,0.0,7,4529.7,0
2024-01-31 04:38:00,5,60,17.4,97,5.8,1041.7,0.0,0.0,7,4529.7,0
2024-01-31 04:43:00,5,60,17.4,97,5.7,1041.7,0.0,0.0,7,4529.7,0
2024-01-31 04:48:00,5,60,17.4,97,5.7,1041.7,0.0,0.0,7,4529.7,0
2024-01-31 04:53:00,5,60,17.4,97,5.7,1041.8,0.0,0.0,7,4529.7,0
2024-01-31 04:58:00,5,60,17.3,97,5.8,1041.7,0.0,0.0,6,4529.7,0
2024-01-31 05:03:00,5,60,17.3,97,5.8,1041.7,0.0,0.0,7,4529.7,0
2024-01-31 05:08:00,5,60,17.3,97,5.7,1041.6,0.0,0.0,8,4529.7,0
2024-01-31 05:13:00,5,60,17.3,97,5.7,1041.7,0.0,0.0,6,4529.7,0
2024-01-31 05:18:00,5,60,17.3,97,5.7,1041.7,0.0,0.0,7,4529.7,0
2024-01-31 05:23:00,5,60,17.2,96,5.7,1041.8,0.0,0.0,7,4529.7,0
2024-01-31 05:28:00,5,60,17.2,96,5.7,1041.8,0.0,0.0,7,4529.7,0
2024-01-31 05:33:00,5,60,17.1,96,5.7,1041.9,0.0,0.0,7,4529.7,0
2024-01-31 05:38:00,5,60,17.1,95,5.8,1042.0,0.0,0.0,7,4529.7,0
2024-01-31 05:43:00,5,61,17.1,95,5.8,1042.0,0.0,0.0,7,4529.7,0
2024-01-31 05:48:00,5,61,17.3,95,5.8,1041.7,0.0,0.0,7,4529.7,0
2024-01-31 05:53:00,5,61,17.5,95,5.8,1041.4,0.0,0.0,7,4529.7,0
2024-01-31 05:58:00,5,61,17.7,95,5.8,1041.0,0.0,0.0,6,4529.7,0
2024-01-31 06:03:00,5,61,17.9,95,5.8,1040.6,0.0,0.0,7,4529.7,0
2024-01-31 06:08:00,5,61,18.1,95,5.8,1040.3,0.0,0.0,7,4529.7,0
2024-01-31 06:13:00,5,60,18.4,95,5.8,1040.1,0.0,0.0,7,4529.7,0
2024-01-31 06:18:00,5,59,18.6,95,5.8,1039.7,0.0,0.0,7,4529.7,0
2024-01-31 06:23:00,5,58,18.7,94,5.8,1039.6,0.0,0.0,7,4529.7,0
2024-01-31 06:28:00,5,58,18.8,94,5.8,1039.8,0.0,0.0,7,4529.7,0
2024-01-31 06:33:00,5,58,18.9,94,5.8,1039.7,0.0,0.0,6,4529.7,0
2024-01-31 06:38:00,5,57,19.0,94,5.9,1039.9,0.0,0.0,7,4529.7,0
2024-01-31 06:43:00,5,56,19.0,94,5.9,1040.1,0.3,1.0,7,4529.7,0
2024-01-31 06:48:00,5,56,19.0,93,5.9,1040.1,0.0,0.0,6,4529.7,0
2024-01-31 06:53:00,5,56,19.0,93,6.0,1040.4,0.0,0.0,6,4529.7,0
2024-01-31 06:58:00,5,57,18.9,92,6.1,1040.5,0.0,0.0,6,4529.7,0
2024-01-31 07:03:00,5,57,18.9,92,6.1,1040.7,0.0,0.0,6,4529.7,0
2024-01-31 07:08:00,5,57,18.8,89,6.2,1040.7,0.0,0.7,6,4529.7,0
2024-01-31 07:13:00,5,58,18.8,89,6.3,1040.7,0.3,1.0,5,4529.7,0
2024-01-31 07:18:00,5,57,18.7,88,6.3,1041.0,0.0,0.0,6,4529.7,0
2024-01-31 07:23:00,5,57,18.7,88,6.4,1041.0,0.3,0.7,6,4529.7,0
2024-01-31 07:28:00,5,57,18.7,87,6.5,1040.9,0.3,1.0,6,4529.7,0
2024-01-31 07:33:00,5,57,18.6,88,6.4,1040.8,0.3,0.7,6,4529.7,0
2024-01-31 07:38:00,5,57,18.5,87,6.5,1040.9,0.3,0.7,6,4529.7,0
2024-01-31 07:43:00,5,57,18.5,87,6.5,1040.9,0.3,1.0,7,4529.7,0
2024-01-31 07:48:00,5,58,18.4,88,6.4,1041.1,0.0,0.7,6,4529.7,0
2024-01-31 07:53:00,5,58,18.3,88,6.4,1041.1,0.0,0.0,6,4529.7,0
2024-01-31 07:58:00,5,58,18.3,89,6.4,1041.1,0.0,0.0,5,4529.7,0
2024-01-31 08:03:00,5,58,18.3,89,6.3,1041.0,0.0,0.0,5,4529.7,0
2024-01-31 08:08:00,5,58,18.3,90,6.3,1041.1,0.0,0.0,6,4529.7,0
2024-01-31 08:13:00,5,59,18.4,90,6.3,1040.9,0.0,0.0,6,4529.7,0
2024-01-31 08:18:00,5,59,18.5,91,6.3,1040.6,0.0,0.0,6,4529.7,0
2024-01-31 08:23:00,5,59,18.7,92,6.3,1040.5,0.3,0.7,9,4529.7,0
2024-01-31 08:28:00,5,58,19.1,92,6.4,1040.0,0.0,0.0,6,4529.7,0
2024-01-31 08:33:00,5,58,19.4,93,6.3,1039.7,0.0,0.7,7,4529.7,0
2024-01-31 08:38:00,5,57,19.7,93,6.3,1039.3,0.3,0.7,11,4529.7,0
2024-01-31 08:43:00,5,56,19.9,93,6.3,1039.0,0.0,0.0,8,4529.7,0
2024-01-31 08:48:00,5,55,20.1,94,6.3,1038.6,0.0,0.7,11,4529.7,0
2024-01-31 08:53:00,5,55,21.1,94,6.4,1038.2,0.3,0.7,11,4529.7,0
2024-01-31 08:58:00,5,54,21.1,94,6.4,1038.1,0.0,0.7,12,4529.7,0
2024-01-31 09:03:00,5,54,21.2,94,6.4,1037.9,0.0,0.0,13,4529.7,0
2024-01-31 09:08:00,5,54,21.3,95,6.4,1037.9,0.0,0.7,12,4529.7,0
2024-01-31 09:13:00,5,53,21.3,95,6.5,1037.8,0.0,0.0,3,4529.7,0
2024-01-31 09:18:00,5,53,21.3,95,6.5,1037.8,0.3,0.7,11,4529.7,0
2024-01-31 09:23:00,5,53,21.3,95,6.5,1037.9,0.0,0.7,8,4529.7,0
2024-01-31 09:28:00,5,53,21.3,95,6.5,1037.9,0.0,0.7,8,4529.7,0
2024-01-31 09:33:00,5,53,21.3,95,6.6,1037.8,0.3,1.0,7,4529.7,0
2024-01-31 09:38:00,5,53,21.2,95,6.6,1037.8,0.3,0.7,7,4529.7,0
2024-01-31 09:43:00,5,53,21.2,95,6.6,1037.9,0.0,0.0,8,4529.7,0
2024-01-31 09:48:00,5,54,21.1,95,6.6,1037.9,0.0,0.7,6,4529.7,0
2024-01-31 09:53:00,5,54,21.1,95,6.7,1038.1,0.0,0.0,5,4529.7,0
2024-01-31 09:58:00,5,54,21.0,95,6.7,1038.3,0.3,1.7,7,4529.7,0
2024-01-31 10:03:00,5,54,20.2,95,6.7,1038.5,0.0,0.0,6,4529.7,0
2024-01-31 10:08:00,5,54,20.1,95,6.7,1038.3,0.0,0.7,12,4529.7,0
2024-01-31 10:13:00,5,54,20.1,95,6.7,1038.4,0.3,0.7,10,4529.7,0
2024-01-31 10:18:00,5,55,20.0,95,6.7,1038.6,0.0,0.7,10,4529.7,0
2024-01-31 10:23:00,5,56,19.9,95,6.8,1038.8,0.3,1.0,6,4529.7,0
2024-01-31 10:28:00,5,56,19.8,95,6.8,1038.9,0.7,1.0,7,4529.7,0
2024-01-31 10:33:00,5,56,19.7,94,6.8,1039.0,0.3,0.7,6,4529.7,0
2024-01-31 10:38:00,5,57,19.6,94,6.9,1038.9,0.0,0.7,9,4529.7,0
2024-01-31 10:43:00,5,57,19.6,93,6.8,1038.9,0.7,1.0,6,4529.7,0
2024-01-31 10:48:00,5,57,19.5,92,7.0,1039.1,0.0,0.7,7,4529.7,0
2024-01-31 10:53:00,5,57,19.3,92,7.0,1039.0,0.3,1.0,7,4529.7,0
2024-01-31 10:58:00,5,57,19.3,91,7.0,1038.9,1.0,2.7,5,4529.7,0
2024-01-31 11:03:00,5,57,19.2,90,7.1,1038.8,0.7,1.7,11,4529.7,0
2024-01-31 11:08:00,5,57,19.2,90,7.1,1038.8,0.3,0.7,10,4529.7,0
2024-01-31 11:13:00,5,56,19.1,90,7.1,1038.6,0.7,1.0,6,4529.7,0
2024-01-31 11:18:00,5,54,19.1,88,7.1,1038.5,0.3,0.7,11,4529.7,0
2024-01-31 11:23:00,5,54,18.9,88,7.2,1038.5,0.7,1.7,10,4529.7,0
2024-01-31 11:28:00,5,53,18.8,87,7.2,1038.3,1.0,1.7,7,4529.7,0
2024-01-31 11:33:00,5,53,18.7,86,7.2,1038.4,1.4,2.0,9,4529.7,0
2024-01-31 11:38:00,5,53,18.7,85,7.3,1038.3,0.3,1.0,10,4529.7,0
2024-01-31 11:43:00,5,53,18.7,85,7.3,1038.4,1.0,2.7,6,4529.7,0
2024-01-31 11:48:00,5,52,18.7,85,7.3,1038.3,0.7,1.7,6,4529.7,0
2024-01-31 11:53:00,5,52,18.6,85,7.3,1038.2,0.7,1.7,12,4529.7,0
2024-01-31 11:58:00,5,52,18.6,85,7.3,1038.2,0.0,1.0,5,4529.7,0
2024-01-31 12:03:00,5,52,18.6,84,7.3,1038.1,0.7,1.7,6,4529.7,0
2024-01-31 12:08:00,5,52,18.6,83,7.8,1038.0,0.3,1.0,10,4529.7,0
2024-01-31 12:13:00,5,52,18.6,82,8.1,1038.0,1.0,2.7,8,4529.7,0
2024-01-31 12:18:00,5,52,18.6,79,8.4,1037.7,1.4,2.7,9,4529.7,0
2024-01-31 12:23:00,5,51,18.7,79,8.3,1037.8,1.7,4.8,10,4529.7,0
2024-01-31 12:28:00,5,51,18.7,79,8.2,1037.8,1.0,2.7,11,4529.7,0
2024-01-31 12:33:00,5,50,18.7,78,8.3,1037.7,1.4,2.7,11,4529.7,0
2024-01-31 12:38:00,5,49,18.7,78,8.3,1037.8,1.0,1.7,10,4529.7,0
2024-01-31 12:43:00,5,49,18.7,78,8.1,1037.7,1.7,3.1,3,4529.7,0
2024-01-31 12:48:00,5,48,18.7,78,8.1,1037.7,1.7,2.7,14,4529.7,0
2024-01-31 12:53:00,5,49,18.7,77,8.1,1037.5,2.0,3.1,10,4529.7,0
2024-01-31 12:58:00,5,51,18.7,77,8.0,1037.6,1.7,3.1,7,4529.7,0
2024-01-31 13:03:00,5,52,18.7,77,8.0,1037.4,1.7,3.1,7,4529.7,0
2024-01-31 13:08:00,5,52,18.7,77,8.0,1037.3,2.0,3.7,8,4529.7,0
2024-01-31 13:13:00,5,53,18.7,77,8.1,1037.1,0.7,1.7,12,4529.7,0
2024-01-31 13:18:00,5,53,18.7,76,8.1,1037.0,1.4,2.0,6,4529.7,0
2024-01-31 13:23:00,5,53,18.8,76,8.2,1036.9,1.4,3.1,6,4529.7,0
2024-01-31 13:28:00,5,53,18.8,75,8.3,1036.7,1.4,2.0,8,4529.7,0
2024-01-31 13:33:00,5,52,19.0,75,8.3,1036.7,1.7,2.0,6,4529.7,0
2024-01-31 13:38:00,5,53,19.0,75,8.3,1036.5,1.4,2.7,8,4529.7,0
2024-01-31 13:43:00,5,53,19.1,76,8.4,1036.5,1.0,1.7,11,4529.7,0
2024-01-31 13:48:00,5,53,19.1,75,8.4,1036.3,1.7,3.1,13,4529.7,0
2024-01-31 13:53:00,5,53,19.1,73,8.5,1036.2,2.0,3.1,7,4529.7,0
2024-01-31 13:58:00,5,53,19.1,72,8.5,1035.9,2.4,3.7,7,4529.7,0
2024-01-31 14:03:00,5,53,19.1,72,8.3,1036.0,2.4,4.8,7,4529.7,0
2024-01-31 14:08:00,5,53,19.1,73,8.2,1035.8,1.7,2.7,13,4529.7,0
2024-01-31 14:13:00,5,53,19.2,74,8.2,1035.7,1.7,3.1,13,4529.7,0
2024-01-31 14:18:00,5,53,19.2,75,8.2,1035.4,0.7,1.0,11,4529.7,0
2024-01-31 14:23:00,5,53,19.2,75,8.1,1035.5,1.0,2.0,15,4529.7,0
2024-01-31 14:28:00,5,53,19.2,75,8.1,1035.5,2.0,3.7,5,4529.7,0
2024-01-31 14:33:00,5,53,19.2,75,8.1,1035.7,1.0,2.0,9,4529.7,0
2024-01-31 14:38:00,5,53,19.1,75,8.1,1035.7,0.3,1.0,9,4529.7,0
2024-01-31 14:43:00,5,53,19.1,76,8.0,1035.9,1.4,4.1,8,4529.7,0
2024-01-31 14:48:00,5,53,19.1,76,8.0,1035.9,1.4,2.0,6,4529.7,0
2024-01-31 14:53:00,5,54,19.1,76,7.9,1035.8,2.0,4.8,7,4529.7,0
2024-01-31 14:58:00,5,54,19.0,77,7.9,1035.8,1.7,3.7,10,4529.7,0
2024-01-31 15:03:00,5,54,19.0,77,7.8,1035.7,1.4,3.1,7,4529.7,0
2024-01-31 15:08:00,5,54,19.0,77,7.8,1035.6,1.4,2.7,9,4529.7,0
2024-01-31 15:13:00,5,54,19.1,77,7.7,1035.3,1.4,1.7,6,4529.7,0
2024-01-31 15:18:00,5,54,19.3,78,7.7,1035.0,0.7,1.0,10,4529.7,0
2024-01-31 15:23:00,5,55,19.6,78,7.7,1034.9,2.0,4.1,9,4529.7,0
2024-01-31 15:28:00,5,53,20.0,78,7.6,1034.7,1.7,3.1,7,4529.7,0
2024-01-31 15:33:00,5,53,20.2,79,7.6,1034.5,1.0,2.0,9,4529.7,0
2024-01-31 15:38:00,5,51,21.3,79,7.6,1034.2,1.4,2.7,11,4529.7,0
2024-01-31 15:43:00,5,51,21.5,79,7.5,1033.7,1.7,3.1,5,4529.7,0
2024-01-31 15:48:00,5,50,21.6,79,7.5,1033.5,1.7,3.1,7,4529.7,0
2024-01-31 15:53:00,5,50,21.7,79,7.5,1033.4,1.7,3.1,5,4529.7,0
2024-01-31 15:58:00,5,50,21.8,79,7.5,1033.0,1.0,1.7,8,4529.7,0
2024-01-31 16:03:00,5,50,21.8,79,7.5,1032.9,2.4,4.8,13,4529.7,0
2024-01-31 16:08:00,5,49,21.8,79,7.5,1032.8,1.0,1.7,5,4529.7,0
2024-01-31 16:13:00,5,49,21.8,79,7.4,1032.5,1.0,2.0,11,4529.7,0
2024-01-31 16:18:00,5,47,21.7,79,7.5,1032.5,1.0,2.7,5,4529.7,0
2024-01-31 16:23:00,5,47,21.7,79,7.4,1032.6,1.4,2.0,8,4529.7,0
2024-01-31 16:28:00,5,48,21.6,79,7.5,1032.5,1.0,2.0,6,4529.7,0
2024-01-31 16:33:00,5,49,21.6,79,7.5,1032.5,1.7,2.7,9,4529.7,0
2024-01-31 16:38:00,5,46,21.5,80,7.4,1032.2,0.7,1.7,13,4529.7,0
2024-01-31 16:43:00,5,47,21.3,79,7.4,1032.4,1.0,2.0,9,4529.7,0
2024-01-31 16:48:00,5,47,21.3,79,7.5,1032.5,1.7,3.1,5,4529.7,0
2024-01-31 16:53:00,5,48,21.2,79,7.5,1032.6,1.0,2.0,8,4529.7,0
2024-01-31 16:58:00,5,48,21.2,79,7.4,1032.5,1.0,2.7,12,4529.7,0
2024-01-31 17:03:00,5,47,21.2,79,7.5,1032.8,1.0,1.7,11,4529.7,0
2024-01-31 17:08:00,5,49,21.2,79,7.5,1032.9,1.0,1.7,7,4529.7,0
2024-01-31 17:13:00,5,50,21.3,79,7.4,1032.8,1.0,1.7,7,4529.7,0
2024-01-31 17:18:00,5,50,21.5,79,7.5,1032.8,1.4,3.1,5,4529.7,0
2024-01-31 17:23:00,5,50,21.5,79,7.5,1032.6,2.4,4.1,8,4529.7,0
2024-01-31 17:28:00,5,50,21.6,79,7.4,1032.5,1.4,2.0,10,4529.7,0
2024-01-31 17:33:00,5,50,21.6,79,7.4,1032.6,1.0,1.7,10,4529.7,0
2024-01-31 17:38:00,5,50,21.6,78,7.4,1032.4,2.4,4.1,6,4529.7,0
2024-01-31 17:43:00,5,50,21.6,78,7.4,1032.2,1.0,2.0,7,4529.7,0
2024-01-31 17:48:00,5,50,21.6,78,7.3,1032.2,2.4,4.8,5,4529.7,0
2024-01-31 17:53:00,5,50,21.6,79,7.2,1032.1,1.0,2.0,13,4529.7,0
2024-01-31 17:58:00,5,51,21.5,79,7.2,1032.0,1.4,2.7,8,4529.7,0
2024-01-31 18:03:00,5,51,21.5,80,7.2,1032.1,1.0,3.7,4,4529.7,0
2024-01-31 18:08:00,5,51,21.4,80,7.2,1032.1,2.0,3.7,6,4529.7,0
2024-01-31 18:13:00,5,51,21.3,80,7.2,1032.1,1.0,1.7,8,4529.7,0
2024-01-31 18:18:00,5,51,21.2,79,7.2,1032.2,1.4,2.7,2,4529.7,0
2024-01-31 18:23:00,5,51,21.2,79,7.2,1032.3,0.7,1.0,10,4529.7,0
2024-01-31 18:28:00,5,51,21.1,79,7.1,1032.1,1.4,4.1,6,4529.7,0
2024-01-31 18:33:00,5,52,20.2,79,7.1,1032.2,2.4,4.8,7,4529.7,0
2024-01-31 18:38:00,5,53,20.1,80,7.1,1032.1,1.0,2.0,5,4529.7,0
2024-01-31 18:43:00,5,54,20.1,80,7.1,1032.0,1.4,2.7,7,4529.7,0
2024-01-31 18:48:00,5,54,20.1,80,7.0,1031.8,1.7,3.1,10,4529.7,0
2024-01-31 18:53:00,5,55,20.0,80,7.0,1031.8,1.7,3.1,8,4529.7,0
2024-01-31 18:58:00,5,54,20.0,80,7.0,1032.0,0.7,1.7,6,4529.7,0
2024-01-31 19:03:00,5,54,20.0,81,7.0,1032.1,0.7,2.0,13,4529.7,0
2024-01-31 19:08:00,5,55,19.9,81,7.0,1031.9,1.0,2.0,15,4529.7,0
2024-01-31 19:13:00,5,55,19.9,81,7.0,1031.8,1.7,3.7,10,4529.7,0
2024-01-31 19:18:00,5,55,19.9,81,7.0,1031.6,1.0,2.0,10,4529.7,0
2024-01-31 19:23:00,5,56,19.9,81,6.9,1031.7,0.7,2.7,6,4529.7,0
2024-01-31 19:28:00,5,55,19.8,81,6.9,1031.6,1.4,3.1,10,4529.7,0
2024-01-31 19:33:00,5,55,19.7,80,6.8,1031.8,2.4,4.8,12,4529.7,0
2024-01-31 19:38:00,5,56,19.7,81,6.9,1031.8,1.7,3.1,7,4529.7,0
2024-01-31 19:43:00,5,55,19.7,81,6.8,1031.6,1.0,2.0,11,4529.7,0
2024-01-31 19:48:00,5,55,19.7,81,6.9,1031.8,1.7,3.7,9,4529.7,0
2024-01-31 19:53:00,5,56,19.7,81,6.9,1031.7,2.0,3.7,4,4529.7,0
2024-01-31 19:58:00,5,56,19.6,81,6.9,1031.5,1.7,3.7,7,4529.7,0
2024-01-31 20:03:00,5,56,19.6,81,7.0,1031.5,0.3,1.0,2,4529.7,0
2024-01-31 20:08:00,5,56,19.6,82,7.0,1031.4,0.7,1.0,10,4529.7,0
2024-01-31 20:13:00,5,56,19.5,82,7.0,1031.4,1.0,2.7,7,4529.7,0
2024-01-31 20:18:00,5,56,19.5,82,7.1,1031.4,1.7,2.7,12,4529.7,0
2024-01-31 20:23:00,5,56,19.5,82,7.1,1031.4,2.4,4.1,8,4529.7,0
2024-01-31 20:28:00,5,56,19.4,83,7.1,1031.3,1.7,3.7,3,4529.7,0
2024-01-31 20:33:00,5,56,19.3,83,7.1,1031.4,1.7,3.1,15,4529.7,0
2024-01-31 20:38:00,5,56,19.3,83,7.1,1031.3,1.4,2.0,7,4529.7,0
2024-01-31 20:43:00,5,56,19.3,83,7.1,1031.5,1.7,3.1,5,4529.7,0
2024-01-31 20:48:00,5,56,19.2,83,7.2,1031.3,2.4,5.8,6,4529.7,0
2024-01-31 20:53:00,5,56,19.2,84,7.2,1031.1,1.7,3.1,5,4529.7,0
2024-01-31 20:58:00,5,56,19.2,84,7.2,1031.3,1.4,2.7,11,4529.7,0
2024-01-31 21:03:00,5,56,19.1,84,7.3,1031.4,2.0,3.7,7,4529.7,0
2024-01-31 21:08:00,5,56,19.1,84,7.3,1031.4,1.4,2.7,7,4529.7,0
2024-01-31 21:13:00,5,56,19.0,84,7.3,1031.6,1.4,2.0,9,4529.7,0
2024-01-31 21:18:00,5,56,19.0,85,7.4,1031.5,1.7,2.7,9,4529.7,0
2024-01-31 21:23:00,5,57,18.9,85,7.5,1031.6,1.4,2.7,8,4529.7,0
2024-01-31 21:28:00,5,57,18.8,85,7.6,1031.6,1.0,1.7,8,4529.7,0
2024-01-31 21:33:00,5,57,18.8,86,7.6,1031.6,1.4,2.7,11,4529.7,0
2024-01-31 21:38:00,5,57,18.7,86,7.8,1031.6,1.4,2.0,4,4529.7,0
2024-01-31 21:43:00,5,57,18.7,86,7.8,1031.6,1.7,3.1,5,4529.7,0
2024-01-31 21:48:00,5,57,18.6,86,7.9,1031.6,1.4,2.7,6,4529.7,0
2024-01-31 21:53:00,5,57,18.6,87,7.9,1031.5,1.0,2.7,7,4529.7,0
2024-01-31 21:58:00,5,57,18.5,87,7.9,1031.5,2.4,4.1,8,4529.7,0
2024-01-31 22:03:00,5,57,18.5,87,7.9,1031.4,2.4,6.8,7,4529.7,0
2024-01-31 22:08:00,5,57,18.5,87,7.9,1031.3,1.7,2.7,14,4529.7,0
2024-01-31 22:13:00,5,57,18.4,88,7.9,1031.4,1.7,3.1,7,4529.7,0
2024-01-31 22:18:00,5,57,18.4,88,7.9,1031.4,1.0,2.0,7,4529.7,0
2024-01-31 22:23:00,5,57,18.3,89,7.9,1031.5,1.4,1.7,8,4529.7,0
2024-01-31 22:28:00,5,57,18.3,89,7.9,1031.5,2.0,4.1,6,4529.7,0
2024-01-31 22:33:00,5,58,18.3,90,8.0,1031.4,0.7,2.0,7,4529.7,0
2024-01-31 22:38:00,5,58,18.2,90,8.0,1031.4,2.0,4.1,8,4529.7,0
2024-01-31 22:43:00,5,58,18.2,91,8.0,1031.5,2.7,4.8,3,4529.7,0
2024-01-31 22:48:00,5,58,18.1,92,7.9,1031.5,1.7,4.1,8,4529.7,0
2024-01-31 22:53:00,5,58,18.1,93,7.8,1031.6,1.4,2.7,5,4529.7,0
2024-01-31 22:58:00,5,58,18.1,94,7.8,1031.5,1.0,1.7,6,4529.7,0
2024-01-31 23:03:00,5,58,18.1,95,7.8,1031.5,1.4,2.0,8,4530.0,0
2024-01-31 23:08:00,5,58,18.1,95,7.8,1031.5,1.4,2.7,6,4530.3,0
2024-01-31 23:13:00,5,58,18.0,95,7.8,1031.7,1.4,2.0,7,4530.3,0
2024-01-31 23:18:00,5,58,18.0,96,7.8,1031.6,1.0,2.7,8,4530.6,0
2024-01-31 23:23:00,5,58,18.0,96,7.8,1031.7,1.4,2.7,5,4530.9,0
2024-01-31 23:28:00,5,58,18.0,96,7.8,1031.7,0.7,1.0,4,4531.2,0
2024-01-31 23:33:00,5,58,18.0,96,7.8,1031.8,0.7,1.7,6,4531.5,0
2024-01-31 23:38:00,5,58,18.0,97,7.9,1031.8,1.4,2.0,10,4531.5,0
2024-01-31 23:43:00,5,58,18.0,97,7.9,1031.5,1.7,2.7,4,4531.5,0
2024-01-31 23:48:00,5,59,17.9,97,7.9,1031.8,1.4,2.0,10,4532.1,0
2024-01-31 23:53:00,5,59,17.9,97,7.9,1032.0,0.3,1.0,4,4532.7,0
2024-01-31 23:58:00,5,59,17.9,98,8.0,1032.1,0.7,1.0,7,4533.3,0
