2021-05-21 00:00:05,5,61,20.8,68,14.5,1010.8,1.0,1.7,11,1295.7,0
2021-05-21 00:05:05,5,61,20.8,68,14.5,1010.9,1.0,1.7,11,1295.7,0
2021-05-21 00:10:05,5,61,20.8,68,14.6,1010.8,1.0,2.0,7,1295.7,0
2021-05-21 00:15:05,5,60,20.7,69,14.6,1011.5,1.7,2.7,4,1295.7,0
2021-05-21 00:20:05,5,60,20.7,76,13.0,1011.4,1.0,2.0,8,1295.7,0
2021-05-21 00:25:05,5,60,20.7,77,12.7,1011.2,1.7,4.1,5,1295.7,0
2021-05-21 00:30:05,5,60,20.7,78,12.5,1011.4,1.4,2.0,5,1295.7,0
2021-05-21 00:35:05,5,60,20.7,78,12.4,1011.6,1.4,2.7,2,1295.7,0
2021-05-21 00:40:05,5,60,20.7,78,12.2,1011.6,2.0,3.1,8,1295.7,0
2021-05-21 00:45:05,5,60,20.6,77,11.9,1011.4,2.0,3.7,8,1295.7,0
2021-05-21 00:50:05,5,60,20.6,78,11.6,1011.5,1.0,2.0,9,1295.7,0
2021-05-21 00:55:05,5,60,20.6,79,11.4,1011.4,1.4,3.1,7,1295.7,0
2021-05-21 01:00:05,5,60,20.6,78,11.4,1011.3,1.7,2.0,6,1295.7,0
2021-05-21 01:05:05,5,60,20.5,77,11.5,1011.2,0.7,1.7,10,1295.7,0
2021-05-21 01:10:05,5,60,20.5,77,11.6,1011.3,0.3,0.7,10,1295.7,0
2021-05-21 01:15:05,5,60,20.5,76,11.6,1011.1,0.7,1.7,10,1295.7,0
2021-05-21 01:20:05,5,60,20.5,76,11.7,1011.0,0.3,0.7,6,1295.7,0
2021-05-21 01:25:05,5,60,20.5,75,11.8,1010.9,1.7,3.7,9,1295.7,0
2021-05-21 01:30:05,5,60,20.4,75,11.9,1010.9,0.7,1.7,9,1295.7,0
2021-05-21 01:35:05,5,60,20.4,75,11.8,1010.9,1.7,3.7,9,1295.7,0
2021-05-21 01:40:05,5,60,20.4,78,11.5,1010.8,1.4,2.7,10,1295.7,0
2021-05-21 01:45:05,5,60,20.4,79,11.4,1010.7,0.7,1.0,7,1295.7,0
2021-05-21 01:50:05,5,60,20.4,80,11.3,1010.7,0.3,1.7,12,1295.7,0
2021-05-21 01:55:05,5,60,20.3,81,11.2,1010.9,0.7,1.0,11,1295.7,0
2021-05-21 02:00:05,5,60,20.3,82,11.2,1010.6,1.0,2.0,8,1295.7,0
2021-05-21 02:05:05,5,60,20.3,83,11.2,1010.4,0.7,2.0,8,1295.7,0
2021-05-21 02:10:05,5,60,20.3,83,11.0,1010.5,1.0,2.0,8,1295.7,0
2021-05-21 02:15:05,5,60,20.3,83,11.0,1010.4,0.7,1.7,13,1295.7,0
2021-05-21 02:20:05,5,60,20.3,83,11.0,1010.4,1.0,2.0,7,1295.7,0
2021-05-21 02:25:05,5,61,20.2,82,11.2,1010.2,1.0,2.7,10,1295.7,0
2021-05-21 02:30:05,5,61,20.2,83,11.0,1010.4,0.7,1.0,12,1295.7,0
2021-05-21 02:35:05,5,61,20.2,83,10.9,1010.3,1.0,2.0,9,1295.7,0
2021-05-21 02:40:05,5,60,20.1,82,11.1,1010.3,1.4,3.1,6,1295.7,0
2021-05-21 02:45:05,5,61,20.1,82,11.1,1010.2,1.4,3.1,9,1295.7,0
2021-05-21 02:50:05,5,61,20.1,82,11.0,1010.2,0.7,1.7,8,1295.7,0
2021-05-21 02:55:05,5,61,20.1,82,11.1,1010.3,1.7,3.1,8,1295.7,0
2021-05-21 03:00:05,5,61,20.1,82,11.0,1010.1,0.7,1.7,6,1295.7,0
2021-05-21 03:05:05,5,61,20.0,81,11.1,1010.1,1.0,2.7,8,1295.7,0
2021-05-21 03:10:05,5,61,20.0,81,11.1,1010.2,1.7,2.7,11,1295.7,0
2021-05-21 03:15:05,5,61,20.0,81,11.1,1010.2,1.7,3.7,7,1295.7,0
2021-05-21 03:20:05,5,62,19.9,82,11.1,1010.2,1.0,1.7,11,1295.7,0
2021-05-21 03:25:05,5,62,19.9,81,11.1,1010.1,1.0,2.0,9,1295.7,0
2021-05-21 03:30:05,5,62,19.9,81,11.1,1010.0,0.7,1.0,7,1295.7,0
2021-05-21 03:35:05,5,62,19.8,81,11.1,1009.9,0.7,1.7,9,1295.7,0
2021-05-21 03:40:05,5,62,19.8,81,11.2,1009.9,1.4,3.1,11,1295.7,0
2021-05-21 03:45:05,5,62,19.8,80,11.1,1009.9,1.4,2.0,11,1295.7,0
2021-05-21 03:50:05,5,62,19.8,80,11.2,1009.8,1.4,2.0,10,1295.7,0
2021-05-21 03:55:05,5,62,19.8,80,11.3,1009.9,1.0,1.7,11,1295.7,0
2021-05-21 04:00:05,5,62,19.8,79,11.3,1009.9,2.0,4.8,7,1295.7,0
2021-05-21 04:05:05,5,62,19.7,78,11.5,1009.8,1.4,3.7,8,1295.7,0
2021-05-21 04:10:05,5,62,19.7,77,11.5,1009.6,1.4,2.7,9,1295.7,0
2021-05-21 04:15:05,5,62,19.7,77,11.5,1009.8,0.7,1.0,6,1295.7,0
2021-05-21 04:20:05,5,62,19.7,77,11.6,1009.7,1.4,2.7,10,1295.7,0
2021-05-21 04:25:05,5,62,19.7,77,11.6,1009.7,1.0,3.1,8,1295.7,0
2021-05-21 04:30:05,5,62,19.7,78,11.6,1009.6,0.7,1.0,10,1295.7,0
2021-05-21 04:35:05,5,62,19.7,77,11.6,1009.5,1.7,3.1,13,1295.7,0
2021-05-21 04:40:05,5,62,19.7,76,11.7,1009.5,1.0,2.0,5,1295.7,0
2021-05-21 04:45:05,5,61,19.8,74,11.8,1009.4,2.0,3.7,1,1295.7,0
2021-05-21 04:50:05,5,61,19.8,74,11.8,1009.3,1.0,1.7,4,1295.7,0
2021-05-21 04:55:05,5,61,19.8,73,12.0,1009.2,1.4,2.7,9,1295.7,0
2021-05-21 05:00:05,5,61,19.8,72,12.1,1009.3,2.7,4.1,2,1295.7,0
2021-05-21 05:05:05,5,60,20.0,72,12.0,1009.1,2.0,4.8,8,1295.7,0
2021-05-21 05:10:05,5,60,20.0,71,12.2,1009.1,2.0,3.1,14,1295.7,0
2021-05-21 05:15:05,5,60,20.1,71,12.3,1009.0,1.4,3.7,12,1295.7,0
2021-05-21 05:20:05,5,60,20.2,71,12.4,1008.8,1.0,3.1,14,1295.7,0
2021-05-21 05:25:05,5,60,20.3,70,12.6,1008.6,0.7,2.0,12,1295.7,0
2021-05-21 05:30:05,5,60,20.4,69,12.7,1008.2,1.7,3.1,6,1295.7,0
2021-05-21 05:35:05,5,59,20.5,70,12.3,1008.3,1.4,2.7,7,1295.7,0
2021-05-21 05:40:05,5,58,20.6,71,12.2,1008.2,1.4,3.1,8,1295.7,0
2021-05-21 05:45:05,5,59,20.7,69,12.4,1008.1,3.1,4.8,9,1295.7,0
2021-05-21 05:50:05,5,59,20.8,68,12.9,1007.7,1.0,2.0,13,1295.7,0
2021-05-21 05:55:05,5,58,21.1,68,12.9,1007.7,1.4,3.1,12,1295.7,0
2021-05-21 06:00:05,5,58,21.2,68,12.5,1007.3,2.4,3.1,7,1295.7,0
2021-05-21 06:05:05,5,57,21.2,68,12.5,1007.2,2.4,3.1,7,1295.7,0
2021-05-21 06:10:05,5,57,21.4,66,13.2,1007.1,1.7,5.1,7,1295.7,0
2021-05-21 06:15:05,5,57,21.6,65,13.3,1006.9,2.0,3.1,9,1295.7,0
2021-05-21 06:20:05,5,56,21.8,65,13.4,1006.7,2.4,3.1,8,1295.7,0
2021-05-21 06:25:05,5,55,22.1,65,13.5,1006.5,3.4,6.1,9,1295.7,0
2021-05-21 06:30:05,5,54,22.3,65,13.3,1006.1,2.0,3.7,10,1295.7,0
2021-05-21 06:35:05,5,54,22.5,65,13.5,1006.3,2.4,5.1,8,1295.7,0
2021-05-21 06:40:05,5,53,22.6,66,13.6,1006.1,0.7,1.0,12,1295.7,0
2021-05-21 06:45:05,5,53,22.7,68,13.1,1005.9,2.4,4.8,9,1295.7,0
2021-05-21 06:50:05,5,53,22.9,68,13.2,1005.7,2.4,3.7,1,1295.7,0
2021-05-21 06:55:05,5,52,22.9,68,13.6,1005.7,1.7,3.7,4,1295.7,0
2021-05-21 07:00:05,5,53,23.0,67,13.7,1005.5,1.7,3.7,6,1295.7,0
2021-05-21 07:05:05,5,53,23.1,67,13.6,1005.5,1.4,3.1,7,1295.7,0
2021-05-21 07:10:05,5,53,23.2,65,13.8,1005.3,2.0,3.1,9,1295.7,0
2021-05-21 07:15:05,5,53,23.4,64,14.3,1005.1,1.0,2.0,6,1295.7,0
2021-05-21 07:20:05,5,53,23.6,63,14.1,1004.9,2.7,3.7,13,1295.7,0
2021-05-21 07:25:05,5,53,23.7,63,14.0,1004.9,2.4,4.8,7,1295.7,0
2021-05-21 07:30:05,5,52,23.7,65,13.8,1005.0,2.0,3.7,12,1295.7,0
2021-05-21 07:35:05,5,52,23.6,66,13.3,1005.0,2.4,5.1,7,1295.7,0
2021-05-21 07:40:05,5,52,23.4,67,13.1,1005.1,2.0,4.8,8,1295.7,0
2021-05-21 07:45:05,5,53,23.3,67,13.4,1005.2,2.0,3.1,8,1295.7,0
2021-05-21 07:50:05,5,53,23.3,65,14.1,1005.1,2.0,3.7,13,1295.7,0
2021-05-21 07:55:05,5,53,23.4,66,13.7,1005.1,2.7,5.1,13,1295.7,0
2021-05-21 08:00:05,5,53,23.4,69,13.9,1005.0,1.7,3.7,8,1295.7,0
2021-05-21 08:05:05,5,53,23.4,71,13.2,1005.2,2.4,6.1,13,1295.7,0
2021-05-21 08:10:05,5,53,23.4,71,13.0,1005.0,3.1,6.1,7,1295.7,0
2021-05-21 08:15:05,5,53,23.4,72,13.1,1005.1,1.7,4.8,4,1295.7,0
2021-05-21 08:20:05,5,53,23.3,71,13.1,1005.2,1.4,3.1,8,1295.7,0
2021-05-21 08:25:05,5,53,23.2,69,13.5,1005.1,1.0,2.7,9,1295.7,0
2021-05-21 08:30:05,5,53,23.1,68,13.6,1005.2,1.4,4.1,8,1295.7,0
2021-05-21 08:35:05,5,53,23.1,67,13.3,1005.1,2.4,4.8,13,1295.7,0
2021-05-21 08:40:05,5,53,23.1,68,13.6,1005.2,2.0,3.7,8,1295.7,0
2021-05-21 08:45:05,5,53,23.1,69,13.6,1005.1,1.4,2.0,6,1295.7,0
2021-05-21 08:50:05,5,53,23.1,69,13.7,1005.4,0.7,1.7,13,1295.7,0
2021-05-21 08:55:05,5,53,23.1,67,14.3,1005.3,2.0,3.1,12,1295.7,0
2021-05-21 09:00:05,5,53,23.3,68,14.2,1005.3,1.4,2.7,13,1295.7,0
2021-05-21 09:05:05,5,53,23.4,70,13.6,1005.1,1.7,3.1,6,1295.7,0
2021-05-21 09:10:05,5,53,23.4,68,14.3,1005.1,1.7,3.7,15,1295.7,0
2021-05-21 09:15:05,5,52,23.5,68,13.9,1004.9,1.7,3.1,7,1295.7,0
2021-05-21 09:20:05,5,52,23.5,70,13.9,1004.8,1.7,2.7,0,1295.7,0
2021-05-21 09:25:05,5,51,23.5,69,13.7,1004.8,2.4,4.1,9,1295.7,0
2021-05-21 09:30:05,5,51,23.5,68,14.1,1004.8,1.7,2.0,15,1295.7,0
2021-05-21 09:35:05,5,51,23.6,67,14.5,1004.8,2.0,3.7,7,1295.7,0
2021-05-21 09:40:05,5,51,23.6,66,14.5,1004.5,2.0,4.1,7,1295.7,0
2021-05-21 09:45:05,5,52,23.6,63,14.7,1004.5,2.7,5.1,9,1295.7,0
2021-05-21 09:50:05,5,52,23.6,61,15.1,1004.5,3.1,6.8,7,1295.7,0
2021-05-21 09:55:05,5,52,23.7,62,14.3,1004.4,2.7,5.8,5,1295.7,0
2021-05-21 10:00:05,5,52,23.7,63,14.2,1004.5,1.7,3.1,9,1295.7,0
2021-05-21 10:05:05,5,52,23.6,70,13.3,1004.7,3.7,7.1,7,1295.7,0
2021-05-21 10:10:05,5,52,23.5,78,12.5,1004.7,2.4,5.1,9,1295.7,0
2021-05-21 10:15:05,5,52,23.5,77,13.4,1004.6,1.0,3.1,6,1295.7,0
2021-05-21 10:20:05,5,52,23.5,74,13.5,1004.8,1.7,3.7,8,1295.7,0
2021-05-21 10:25:05,5,52,23.5,72,14.1,1004.8,1.0,1.7,10,1295.7,0
2021-05-21 10:30:05,5,51,23.4,69,14.2,1005.1,3.1,6.1,9,1295.7,0
2021-05-21 10:35:05,5,51,23.5,65,14.1,1004.6,3.4,7.8,8,1296.0,0
2021-05-21 10:40:05,5,50,23.4,65,13.7,1004.9,2.4,5.1,6,1296.0,0
2021-05-21 10:45:05,5,50,23.4,68,14.0,1005.1,1.7,3.7,13,1296.0,0
2021-05-21 10:50:05,5,50,23.3,68,13.5,1005.2,4.4,7.8,7,1296.0,0
2021-05-21 10:55:05,5,49,23.3,68,13.8,1005.3,2.7,5.8,8,1296.0,0
2021-05-21 11:00:05,5,48,23.3,69,14.0,1005.2,2.7,5.1,5,1296.0,0
2021-05-21 11:05:05,5,48,23.3,66,14.4,1005.0,2.4,4.1,10,1296.0,0
2021-05-21 11:10:05,5,47,23.3,67,14.6,1004.9,2.7,5.1,12,1296.0,0
2021-05-21 11:15:05,5,48,23.3,67,14.7,1004.9,1.7,4.1,7,1296.0,0
2021-05-21 11:20:05,5,48,23.2,64,15.1,1004.7,3.1,4.1,12,1296.0,0
2021-05-21 11:25:05,5,49,23.2,65,14.8,1004.6,2.7,4.1,8,1296.0,0
2021-05-21 11:30:05,5,49,23.2,64,15.1,1004.4,2.4,3.7,6,1296.0,0
2021-05-21 11:35:05,5,50,23.1,63,15.2,1004.5,2.0,4.8,8,1296.0,0
2021-05-21 11:40:05,5,50,23.1,65,14.5,1004.5,3.7,6.8,7,1296.0,0
2021-05-21 11:45:05,5,50,23.1,71,13.4,1004.7,3.1,6.1,10,1296.0,0
2021-05-21 11:51:05,5,50,23.1,78,12.5,1005.2,2.0,4.8,9,1296.3,0
2021-05-21 11:55:05,5,50,23.0,84,11.5,1005.4,2.0,4.8,9,1297.2,0
2021-05-21 12:00:05,5,50,23.0,88,11.2,1005.3,2.0,4.1,6,1297.8,0
2021-05-21 12:05:05,5,50,22.9,88,11.2,1005.3,2.0,4.1,6,1297.8,0
2021-05-21 12:10:05,5,50,22.9,84,11.9,1005.4,2.4,5.8,10,1297.8,0
2021-05-21 12:15:05,5,50,22.9,82,11.9,1005.6,2.7,5.1,10,1297.8,0
2021-05-21 12:20:05,5,50,22.8,81,11.8,1005.3,2.0,4.1,6,1297.8,0
2021-05-21 12:25:05,5,50,22.8,80,12.3,1005.2,2.7,4.1,10,1297.8,0
2021-05-21 12:30:05,5,50,22.8,78,12.8,1005.2,2.7,5.8,0,1297.8,0
2021-05-21 12:35:05,5,50,22.8,77,13.0,1005.4,2.0,4.1,12,1297.8,0
2021-05-21 12:40:05,5,50,22.8,75,13.1,1005.3,2.7,6.1,10,1297.8,0
2021-05-21 12:45:05,5,50,22.8,74,13.4,1005.2,2.0,4.8,8,1297.8,0
2021-05-21 12:50:05,5,51,22.7,73,13.5,1005.2,2.4,4.1,7,1297.8,0
2021-05-21 12:55:05,5,51,22.7,71,13.9,1005.1,2.4,7.1,10,1297.8,0
2021-05-21 13:00:05,5,51,22.7,70,14.8,1005.0,1.7,3.7,7,1297.8,0
2021-05-21 13:05:05,5,50,22.7,65,14.7,1004.9,3.1,4.8,7,1297.8,0
2021-05-21 13:10:05,5,50,22.7,65,15.4,1004.9,2.4,5.1,14,1297.8,0
2021-05-21 13:15:05,5,50,22.6,62,15.4,1004.9,3.1,4.8,6,1297.8,0
2021-05-21 13:20:05,5,50,22.6,61,15.6,1004.9,3.4,5.1,10,1297.8,0
2021-05-21 13:25:05,5,51,22.6,61,16.2,1004.8,2.0,4.8,4,1297.8,0
2021-05-21 13:30:05,5,51,22.6,60,16.4,1004.9,1.7,4.1,12,1297.8,0
2021-05-21 13:35:05,5,51,22.6,57,16.0,1004.8,3.1,7.8,14,1297.8,0
2021-05-21 13:40:05,5,51,22.5,57,16.3,1004.6,2.4,4.8,11,1297.8,0
2021-05-21 13:45:05,5,51,22.5,53,16.5,1004.5,2.7,4.8,11,1297.8,0
2021-05-21 13:50:05,5,51,22.5,55,16.6,1004.4,2.0,3.7,5,1297.8,0
2021-05-21 13:55:05,5,51,22.5,52,17.0,1004.6,1.7,3.1,6,1297.8,0
2021-05-21 14:00:05,5,51,22.6,52,16.3,1004.8,3.4,6.8,8,1297.8,0
2021-05-21 14:05:05,5,51,22.6,56,15.6,1004.5,2.7,6.1,4,1297.8,0
2021-05-21 14:10:05,5,50,22.6,56,16.2,1004.5,1.0,2.0,2,1297.8,0
2021-05-21 14:15:05,5,50,22.6,51,16.1,1004.5,3.7,6.1,5,1297.8,0
2021-05-21 14:20:05,5,50,22.6,51,16.3,1004.5,2.4,5.8,2,1297.8,0
2021-05-21 14:25:05,5,50,22.6,50,16.0,1004.5,3.7,6.1,8,1297.8,0
2021-05-21 14:30:05,5,50,22.6,51,16.7,1004.4,1.7,2.7,7,1297.8,0
2021-05-21 14:35:05,5,51,22.6,50,17.1,1004.2,1.7,3.7,8,1297.8,0
2021-05-21 14:40:05,5,51,22.6,51,17.0,1004.1,2.0,3.7,7,1297.8,0
2021-05-21 14:45:05,5,51,22.6,51,16.7,1004.0,2.7,6.1,9,1297.8,0
2021-05-21 14:50:05,5,51,22.7,53,16.6,1003.9,1.0,1.7,9,1297.8,0
2021-05-21 14:55:05,5,51,22.7,50,16.6,1003.9,3.1,6.1,10,1297.8,0
2021-05-21 15:00:05,5,51,22.7,51,16.7,1003.8,3.1,6.8,14,1297.8,0
2021-05-21 15:05:05,5,51,22.7,51,16.7,1003.8,2.0,4.1,7,1297.8,0
2021-05-21 15:10:05,5,51,22.8,46,16.8,1003.5,3.7,5.8,6,1297.8,0
2021-05-21 15:15:05,5,51,22.9,48,17.2,1003.5,1.7,4.1,5,1297.8,0
2021-05-21 15:20:05,5,51,22.9,47,17.0,1003.6,3.1,5.8,7,1297.8,0
2021-05-21 15:25:05,5,51,22.9,44,16.7,1003.6,4.4,8.2,8,1297.8,0
2021-05-21 15:30:05,5,52,23.0,43,16.4,1003.9,4.4,8.8,13,1297.8,0
2021-05-21 15:35:05,5,52,23.0,43,16.4,1003.5,3.1,6.1,6,1297.8,0
2021-05-21 15:40:05,5,52,23.0,45,16.3,1003.2,1.7,3.7,7,1297.8,0
2021-05-21 15:45:05,5,52,23.1,45,16.5,1002.8,2.4,5.1,6,1297.8,0
2021-05-21 15:50:05,5,51,23.1,47,16.4,1003.1,1.4,3.1,13,1297.8,0
2021-05-21 15:55:05,5,51,23.1,49,16.0,1002.9,4.1,9.2,9,1297.8,0
2021-05-21 16:00:05,5,50,23.1,50,15.9,1003.2,4.8,8.8,9,1297.8,0
2021-05-21 16:05:05,5,50,23.0,51,16.2,1002.9,3.4,5.1,8,1297.8,0
2021-05-21 16:10:05,5,48,23.0,51,16.2,1003.0,2.0,3.7,6,1297.8,0
2021-05-21 16:15:05,5,47,23.1,51,16.1,1002.9,2.7,5.1,4,1297.8,0
2021-05-21 16:20:05,5,47,23.1,49,16.1,1002.8,3.4,5.1,9,1297.8,0
2021-05-21 16:25:05,5,47,23.1,49,16.0,1002.8,2.7,5.1,13,1297.8,0
2021-05-21 16:30:05,5,48,23.2,48,16.0,1002.8,3.1,5.8,3,1297.8,0
2021-05-21 16:35:05,5,48,23.3,48,15.7,1002.8,2.0,3.7,9,1297.8,0
2021-05-21 16:40:05,5,47,23.3,49,15.5,1002.6,2.7,5.8,10,1297.8,0
2021-05-21 16:45:05,5,47,23.3,47,15.3,1002.7,3.7,6.1,14,1297.8,0
2021-05-21 16:50:05,5,48,23.2,49,15.5,1002.9,1.7,4.1,10,1297.8,0
2021-05-21 16:55:05,5,48,23.3,47,15.4,1002.8,4.1,8.2,8,1297.8,0
2021-05-21 17:00:05,5,48,23.3,48,15.3,1002.6,2.7,5.1,0,1297.8,0
2021-05-21 17:05:05,5,48,23.3,48,15.3,1002.6,2.0,4.8,11,1297.8,0
2021-05-21 17:10:05,5,48,23.4,48,15.2,1002.4,2.4,5.1,7,1297.8,0
2021-05-21 17:15:05,5,49,23.4,48,15.1,1002.4,1.7,3.1,8,1297.8,0
2021-05-21 17:20:05,5,50,23.4,48,15.1,1002.2,1.7,4.8,10,1297.8,0
2021-05-21 17:25:05,5,50,23.4,48,15.1,1002.0,2.4,5.1,7,1297.8,0
2021-05-21 17:30:05,5,50,23.4,49,15.1,1002.3,1.4,3.7,10,1297.8,0
2021-05-21 17:35:05,5,50,23.3,49,15.2,1002.3,1.0,3.7,5,1297.8,0
2021-05-21 17:40:05,5,51,23.3,47,15.1,1002.2,3.1,5.8,11,1297.8,0
2021-05-21 17:45:05,5,51,23.3,48,15.0,1002.2,2.4,4.1,7,1297.8,0
2021-05-21 17:50:05,5,51,23.2,48,14.8,1002.3,2.4,5.8,8,1297.8,0
2021-05-21 17:55:05,5,52,23.1,49,14.7,1002.5,2.4,4.1,7,1297.8,0
2021-05-21 18:00:05,5,52,23.1,50,14.5,1002.4,2.4,4.1,8,1297.8,0
2021-05-21 18:05:05,5,52,23.0,50,14.5,1002.4,2.4,4.1,8,1297.8,0
2021-05-21 18:10:05,5,50,22.9,50,14.4,1002.3,3.1,5.8,4,1297.8,0
2021-05-21 18:15:05,5,51,22.8,50,14.3,1002.6,2.4,4.1,7,1297.8,0
2021-05-21 18:20:05,5,51,22.7,50,14.2,1002.8,2.4,5.1,8,1297.8,0
2021-05-21 18:25:05,5,51,22.6,50,14.2,1002.7,2.7,5.8,7,1297.8,0
2021-05-21 18:30:05,5,51,22.6,51,14.1,1002.9,2.7,6.1,8,1297.8,0
2021-05-21 18:35:05,5,51,22.5,52,14.0,1002.7,1.7,3.1,2,1297.8,0
2021-05-21 18:40:05,5,51,22.4,53,13.9,1002.9,1.7,2.0,10,1297.8,0
2021-05-21 18:45:05,5,52,22.3,53,13.8,1002.9,1.4,4.1,5,1297.8,0
2021-05-21 18:50:05,5,52,22.3,54,13.8,1003.0,2.4,4.1,9,1297.8,0
2021-05-21 18:55:05,5,52,22.2,53,13.7,1003.1,2.7,4.8,9,1297.8,0
2021-05-21 19:00:05,5,52,22.2,54,13.6,1003.2,2.4,4.1,7,1297.8,0
2021-05-21 19:05:05,5,52,22.1,55,13.6,1003.1,0.7,2.0,8,1297.8,0
2021-05-21 19:10:05,5,52,22.1,55,13.5,1003.3,1.0,3.1,11,1297.8,0
2021-05-21 19:15:05,5,51,22.1,55,13.4,1003.4,1.7,2.7,10,1297.8,0
2021-05-21 19:20:05,5,50,22.0,54,13.5,1003.5,3.1,6.1,12,1297.8,0
2021-05-21 19:25:05,5,50,21.9,55,13.4,1003.3,2.7,6.8,6,1297.8,0
2021-05-21 19:30:05,5,50,21.9,56,13.2,1003.4,2.0,4.1,8,1297.8,0
2021-05-21 19:35:05,5,50,21.9,58,13.1,1003.5,1.0,2.7,8,1297.8,0
2021-05-21 19:40:05,5,50,21.8,58,13.0,1003.6,1.7,3.7,1,1297.8,0
2021-05-21 19:45:05,5,50,21.8,59,12.9,1003.6,1.7,3.7,10,1297.8,0
2021-05-21 19:50:05,5,50,21.8,59,13.0,1003.4,1.0,2.0,10,1297.8,0
2021-05-21 19:55:05,5,51,21.9,59,13.0,1003.4,2.4,6.1,6,1297.8,0
2021-05-21 20:00:05,5,51,21.9,59,13.1,1003.4,3.1,5.8,6,1297.8,0
2021-05-21 20:05:05,5,51,21.9,59,13.0,1003.4,2.4,3.7,9,1297.8,0
2021-05-21 20:10:05,5,51,21.8,60,12.9,1003.3,1.7,3.1,12,1297.8,0
2021-05-21 20:15:05,5,52,21.8,61,12.9,1003.4,1.0,2.0,8,1297.8,0
2021-05-21 20:20:05,5,52,21.8,62,12.8,1003.4,2.0,3.7,10,1297.8,0
2021-05-21 20:25:05,5,52,21.8,63,12.6,1003.3,0.7,2.0,11,1297.8,0
2021-05-21 20:30:05,5,52,21.8,63,12.6,1003.4,1.4,3.7,12,1297.8,0
2021-05-21 20:35:05,5,52,21.8,64,12.5,1003.4,1.4,2.7,7,1297.8,0
2021-05-21 20:40:05,5,52,21.8,65,12.4,1003.4,1.4,3.1,6,1297.8,0
2021-05-21 20:45:05,5,53,21.7,65,12.3,1003.3,0.7,1.7,1,1297.8,0
2021-05-21 20:50:05,5,53,21.7,65,12.3,1003.3,1.0,2.0,8,1297.8,0
2021-05-21 20:55:05,5,53,21.6,65,12.3,1003.4,0.7,1.7,9,1297.8,0
2021-05-21 21:00:05,5,53,21.6,65,12.2,1003.5,1.7,5.8,8,1297.8,0
2021-05-21 21:05:06,5,54,21.6,65,12.2,1003.3,1.4,2.0,10,1297.8,0
2021-05-21 21:10:06,5,54,21.5,64,12.3,1003.4,1.7,3.1,11,1297.8,0
2021-05-21 21:15:06,5,54,21.5,64,12.3,1003.6,2.0,3.1,8,1297.8,0
2021-05-21 21:20:06,5,54,21.5,64,12.4,1003.3,2.4,5.1,5,1297.8,0
2021-05-21 21:25:06,5,54,21.5,64,12.4,1003.1,2.4,4.1,9,1297.8,0
2021-05-21 21:30:06,5,54,21.5,64,12.3,1003.4,2.0,4.1,10,1297.8,0
2021-05-21 21:35:06,5,55,21.4,65,12.2,1003.3,2.0,3.7,11,1297.8,0
2021-05-21 21:40:06,5,55,21.3,64,12.1,1003.2,1.7,3.7,12,1297.8,0
2021-05-21 21:45:06,5,55,21.3,65,12.0,1003.2,0.7,2.0,6,1297.8,0
2021-05-21 21:50:06,5,55,21.3,65,12.0,1003.2,1.0,1.7,9,1297.8,0
2021-05-21 21:55:06,5,55,21.3,65,11.9,1003.2,1.4,2.0,10,1297.8,0
2021-05-21 22:00:06,5,55,21.3,65,11.9,1003.2,2.7,4.8,8,1297.8,0
2021-05-21 22:05:06,5,55,21.2,66,11.9,1003.4,1.4,2.0,7,1297.8,0
2021-05-21 22:10:06,5,56,21.2,66,11.9,1003.2,1.7,3.1,0,1297.8,0
2021-05-21 22:15:06,5,56,21.2,66,11.9,1003.1,2.4,4.8,9,1297.8,0
2021-05-21 22:20:06,5,56,21.2,67,11.9,1003.3,1.4,3.1,10,1297.8,0
2021-05-21 22:25:06,5,55,21.2,66,11.9,1003.2,2.0,4.1,11,1297.8,0
2021-05-21 22:30:06,5,54,21.1,66,11.9,1003.3,2.0,3.7,6,1297.8,0
2021-05-21 22:35:06,5,54,21.1,66,11.9,1003.3,2.4,5.1,15,1297.8,0
2021-05-21 22:40:06,5,53,21.0,66,11.9,1003.3,2.0,3.7,7,1297.8,0
2021-05-21 22:45:06,5,53,21.0,67,11.9,1003.4,2.7,4.8,7,1297.8,0
2021-05-21 22:50:06,5,54,20.9,67,11.9,1003.5,1.7,3.1,9,1297.8,0
2021-05-21 22:55:06,5,54,20.9,67,12.0,1003.4,2.4,5.8,10,1297.8,0
2021-05-21 23:00:06,5,54,20.9,68,12.0,1003.6,1.4,2.7,14,1297.8,0
2021-05-21 23:05:06,5,54,20.8,68,12.0,1003.3,1.7,3.1,6,1297.8,0
2021-05-21 23:10:06,5,54,20.7,67,12.0,1003.4,2.4,5.1,7,1297.8,0
2021-05-21 23:15:06,5,54,20.7,67,12.0,1003.2,3.1,6.8,11,1297.8,0
2021-05-21 23:20:06,5,54,20.7,67,12.1,1003.4,2.0,3.7,12,1297.8,0
2021-05-21 23:25:06,5,54,20.7,67,12.1,1003.3,2.4,4.1,6,1297.8,0
2021-05-21 23:30:06,5,54,20.6,67,12.1,1003.2,1.4,3.1,12,1297.8,0
2021-05-21 23:35:06,5,54,20.6,67,12.1,1003.3,2.0,3.7,11,1297.8,0
2021-05-21 23:40:06,5,54,20.6,68,12.0,1003.3,1.7,3.1,10,1297.8,0
2021-05-21 23:45:06,5,54,20.6,67,12.1,1003.1,2.7,4.8,7,1297.8,0
2021-05-21 23:50:06,5,54,20.5,68,12.1,1003.2,1.7,3.1,10,1297.8,0
2021-05-21 23:55:06,5,54,20.5,68,12.0,1003.2,2.0,3.7,8,1297.8,0
