2021-05-02 00:04:00,5,56,18.1,86,5.9,1023.2,0.0,0.0,1,1200.3,0
2021-05-02 00:09:00,5,56,18.1,87,5.9,1023.2,0.0,0.0,1,1200.3,0
2021-05-02 00:14:00,5,56,18.0,87,5.9,1023.3,0.0,0.0,1,1200.3,0
2021-05-02 00:19:00,5,56,18.0,87,6.1,1023.4,0.7,1.0,0,1200.3,0
2021-05-02 00:24:00,5,56,18.0,86,6.2,1023.5,0.0,0.7,0,1200.3,0
2021-05-02 00:29:00,5,56,18.0,85,6.4,1023.5,0.3,0.7,0,1200.3,0
2021-05-02 00:34:00,5,56,17.9,85,6.4,1023.6,0.7,1.7,2,1200.3,0
2021-05-02 00:39:00,5,56,17.9,84,6.4,1023.6,0.7,1.7,0,1200.3,0
2021-05-02 00:44:00,5,56,17.9,84,6.4,1023.6,0.3,1.0,0,1200.3,0
2021-05-02 00:49:00,5,56,17.8,84,6.3,1023.6,0.0,0.0,1,1200.3,0
2021-05-02 00:54:00,5,56,17.8,85,6.1,1023.8,0.0,1.0,0,1200.3,0
2021-05-02 00:59:00,5,56,17.8,85,5.9,1023.8,0.0,0.0,0,1200.3,0
2021-05-02 01:04:00,5,56,17.8,85,5.8,1023.8,0.0,0.0,0,1200.3,0
2021-05-02 01:09:00,5,56,17.7,85,5.9,1023.9,0.0,0.7,1,1200.3,0
2021-05-02 01:14:00,5,56,17.7,85,5.7,1023.9,0.0,0.0,0,1200.3,0
2021-05-02 01:19:00,5,56,17.7,86,5.6,1023.9,0.0,0.0,0,1200.3,0
2021-05-02 01:24:00,5,56,17.7,86,5.5,1024.0,0.0,0.0,0,1200.3,0
2021-05-02 01:29:00,5,56,17.6,86,5.5,1024.1,0.3,1.0,2,1200.3,0
2021-05-02 01:34:00,5,56,17.6,86,5.4,1024.1,0.0,0.0,2,1200.3,0
2021-05-02 01:39:00,5,56,17.5,86,5.2,1024.1,0.0,0.0,2,1200.3,0
2021-05-02 01:44:00,5,56,17.5,86,5.1,1024.2,0.0,0.0,2,1200.3,0
2021-05-02 01:49:00,5,56,17.5,87,4.8,1024.1,0.0,0.0,2,1200.3,0
2021-05-02 01:54:00,5,56,17.5,87,4.6,1024.2,0.0,0.0,2,1200.3,0
2021-05-02 01:59:00,5,56,17.4,88,4.3,1024.3,0.0,0.0,2,1200.3,0
2021-05-02 02:04:00,5,56,17.4,88,4.2,1024.3,0.0,0.0,2,1200.3,0
2021-05-02 02:09:00,5,56,17.4,89,4.1,1024.4,0.0,0.0,2,1200.3,0
2021-05-02 02:14:00,5,56,17.4,89,4.0,1024.5,0.0,0.0,2,1200.3,0
2021-05-02 02:19:00,5,56,17.3,89,4.0,1024.5,0.0,0.0,2,1200.3,0
2021-05-02 02:24:00,5,56,17.3,90,4.0,1024.5,0.0,0.0,2,1200.3,0
2021-05-02 02:29:00,5,56,17.3,90,4.0,1024.6,0.0,0.0,2,1200.3,0
2021-05-02 02:34:00,5,56,17.3,90,4.0,1024.7,0.0,0.0,2,1200.3,0
2021-05-02 02:39:00,5,56,17.2,90,3.9,1024.7,0.0,0.0,2,1200.3,0
2021-05-02 02:44:00,5,56,17.1,90,3.7,1024.7,0.0,0.0,2,1200.3,0
2021-05-02 02:49:00,5,56,17.1,90,3.6,1024.7,0.0,0.0,2,1200.3,0
2021-05-02 02:54:00,5,56,17.1,91,3.7,1024.8,0.0,0.0,2,1200.3,0
2021-05-02 02:59:00,5,56,17.1,91,3.5,1024.9,0.0,0.0,2,1200.3,0
2021-05-02 03:04:00,5,56,17.0,91,3.3,1024.9,0.0,0.0,2,1200.3,0
2021-05-02 03:09:00,5,56,17.0,91,3.3,1025.0,0.0,0.0,2,1200.3,0
2021-05-02 03:14:00,5,56,17.0,91,3.4,1025.0,0.0,0.0,2,1200.3,0
2021-05-02 03:19:00,5,56,17.0,92,3.5,1025.0,0.0,0.0,2,1200.3,0
2021-05-02 03:24:00,5,56,17.0,92,3.7,1025.0,0.0,0.0,2,1200.3,0
2021-05-02 03:29:00,5,57,16.9,92,3.7,1025.1,0.0,0.0,2,1200.3,0
2021-05-02 03:34:00,5,57,16.9,92,3.6,1025.2,0.0,0.0,2,1200.3,0
2021-05-02 03:39:00,5,57,16.9,92,3.5,1025.2,0.0,0.0,2,1200.3,0
2021-05-02 03:44:00,5,57,16.9,92,3.4,1025.2,0.0,0.0,2,1200.3,0
2021-05-02 03:49:00,5,57,16.9,92,3.5,1025.3,0.0,0.0,2,1200.3,0
2021-05-02 03:54:00,5,57,16.8,92,3.6,1025.3,0.0,0.0,2,1200.3,0
2021-05-02 03:59:00,5,57,16.8,92,3.8,1025.5,0.0,0.0,2,1200.3,0
2021-05-02 04:04:00,5,57,16.8,92,4.0,1025.6,0.0,0.0,2,1200.3,0
2021-05-02 04:09:00,5,57,16.8,91,3.9,1025.5,0.0,0.0,2,1200.3,0
2021-05-02 04:14:00,5,57,16.8,91,4.0,1025.6,0.0,0.0,2,1200.3,0
2021-05-02 04:19:00,5,57,16.8,91,3.9,1025.7,0.0,0.0,2,1200.3,0
2021-05-02 04:24:00,5,57,16.8,90,3.9,1025.8,0.0,0.0,2,1200.3,0
2021-05-02 04:29:00,5,57,16.7,90,3.9,1025.8,0.0,0.0,2,1200.3,0
2021-05-02 04:34:00,5,57,16.7,90,3.9,1025.9,0.0,0.0,2,1200.3,0
2021-05-02 04:39:00,5,57,16.7,90,3.9,1025.9,0.0,0.0,2,1200.3,0
2021-05-02 04:44:00,5,57,16.7,90,3.9,1026.0,0.0,0.0,2,1200.3,0
2021-05-02 04:49:00,5,57,16.7,90,4.0,1026.0,0.0,0.0,2,1200.3,0
2021-05-02 04:54:00,5,57,16.7,89,4.3,1026.0,0.0,0.0,2,1200.3,0
2021-05-02 04:59:00,5,56,16.7,89,4.4,1026.0,0.0,0.0,2,1200.3,0
2021-05-02 05:04:00,5,56,16.7,88,4.6,1026.3,0.0,0.0,2,1200.3,0
2021-05-02 05:09:00,5,56,16.7,88,5.0,1026.2,0.0,0.0,2,1200.3,0
2021-05-02 05:14:00,5,56,16.7,85,6.0,1026.4,0.0,0.0,2,1200.3,0
2021-05-02 05:19:00,5,56,16.8,81,6.7,1026.4,0.0,0.0,2,1200.3,0
2021-05-02 05:24:00,5,56,16.8,79,7.2,1026.3,0.0,0.0,3,1200.3,0
2021-05-02 05:29:00,5,57,16.9,78,7.3,1026.2,0.0,0.7,4,1200.3,0
2021-05-02 05:34:00,5,55,17.1,78,6.8,1026.3,0.0,0.0,0,1200.3,0
2021-05-02 05:39:01,5,55,17.1,79,7.0,1026.2,0.3,1.0,2,1200.3,0
2021-05-02 05:44:01,5,55,17.3,76,7.5,1026.0,0.7,1.7,5,1200.3,0
2021-05-02 05:49:01,5,55,17.5,75,7.9,1025.8,0.7,1.0,3,1200.3,0
2021-05-02 05:54:01,5,55,17.9,73,8.1,1025.6,0.7,1.7,0,1200.3,0
2021-05-02 05:59:01,5,55,18.1,73,8.5,1025.5,0.3,0.7,3,1200.3,0
2021-05-02 06:04:01,5,54,19.3,72,8.6,1025.2,0.0,1.0,3,1200.3,0
2021-05-02 06:09:01,5,53,19.6,71,8.9,1025.1,0.3,1.0,2,1200.3,0
2021-05-02 06:14:01,5,53,19.8,70,9.2,1024.8,0.3,0.7,3,1200.3,0
2021-05-02 06:19:01,5,51,20.1,69,9.0,1024.5,0.7,1.7,1,1200.3,0
2021-05-02 06:24:01,5,51,20.3,70,8.7,1024.2,1.0,2.0,0,1200.3,0
2021-05-02 06:29:01,5,51,20.5,70,9.3,1024.2,0.3,0.7,4,1200.3,0
2021-05-02 06:34:01,5,50,20.7,68,9.6,1023.9,0.3,1.0,4,1200.3,0
2021-05-02 06:39:01,5,49,21.0,68,9.1,1023.7,0.3,1.0,1,1200.3,0
2021-05-02 06:44:01,5,49,21.2,69,9.4,1023.5,0.3,0.7,6,1200.3,0
2021-05-02 06:49:01,5,49,21.3,67,9.1,1023.5,0.3,1.0,3,1200.3,0
2021-05-02 06:55:01,6,49,21.3,67,9.1,1023.4,0.7,1.0,2,1200.3,0
2021-05-02 07:00:01,5,49,21.5,66,9.0,1023.3,1.4,2.7,1,1200.3,0
2021-05-02 07:05:01,5,49,21.7,65,9.6,1023.0,0.3,1.7,1,1200.3,0
2021-05-02 07:10:01,5,48,21.9,66,9.2,1022.9,0.7,1.0,1,1200.3,0
2021-05-02 07:15:01,5,48,21.9,67,8.8,1023.0,0.0,0.0,7,1200.3,0
2021-05-02 07:20:01,5,48,21.8,68,8.5,1023.1,1.4,2.0,1,1200.3,0
2021-05-02 07:25:01,5,48,21.7,69,8.5,1023.3,0.7,1.7,2,1200.3,0
2021-05-02 07:30:01,5,48,21.8,63,9.6,1023.2,0.3,0.7,0,1200.3,0
2021-05-02 07:35:01,5,47,22.1,61,10.0,1022.9,1.0,1.7,2,1200.3,0
2021-05-02 07:40:01,5,48,22.2,62,9.5,1023.0,0.3,1.0,4,1200.3,0
2021-05-02 07:45:01,5,48,22.2,60,9.9,1022.8,0.7,1.0,1,1200.3,0
2021-05-02 07:50:01,5,48,22.5,57,10.0,1022.7,0.0,0.7,4,1200.3,0
2021-05-02 07:55:01,5,48,22.8,57,10.4,1022.2,1.0,2.7,1,1200.3,0
2021-05-02 08:00:01,5,47,23.1,58,10.4,1021.9,0.7,1.0,0,1200.3,0
2021-05-02 08:05:01,5,46,23.3,61,9.6,1021.7,0.7,1.7,7,1200.3,0
2021-05-02 08:10:01,5,46,23.4,63,9.3,1021.8,0.3,1.7,8,1200.3,0
2021-05-02 08:15:01,5,46,23.3,63,9.2,1021.9,1.0,1.0,6,1200.3,0
2021-05-02 08:20:01,5,47,23.3,61,9.8,1021.7,0.7,1.7,7,1200.3,0
2021-05-02 08:25:01,5,47,23.4,60,9.3,1021.8,1.4,2.7,3,1200.3,0
2021-05-02 08:30:01,5,46,23.4,61,9.8,1021.8,0.3,1.0,1,1200.3,0
2021-05-02 08:35:01,5,46,23.4,59,9.5,1021.8,1.0,2.0,15,1200.3,0
2021-05-02 08:40:01,5,46,23.3,59,9.6,1022.0,0.7,1.0,1,1200.3,0
2021-05-02 08:45:01,5,46,23.2,60,9.8,1022.1,0.7,1.0,0,1200.3,0
2021-05-02 08:50:01,5,46,23.1,57,10.5,1022.0,0.3,1.0,1,1200.3,0
2021-05-02 08:55:01,5,46,23.3,55,10.9,1021.9,0.7,1.7,1,1200.3,0
2021-05-02 09:00:01,5,46,23.4,58,10.2,1021.9,0.7,1.0,2,1200.3,0
2021-05-02 09:05:01,5,46,23.4,56,10.3,1021.9,1.0,1.7,0,1200.3,0
2021-05-02 09:10:01,5,46,23.5,57,10.9,1021.8,1.0,1.7,2,1200.3,0
2021-05-02 09:15:01,5,46,23.6,53,11.8,1021.7,0.7,1.7,5,1200.3,0
2021-05-02 09:20:01,5,46,23.7,52,11.2,1021.6,0.7,1.7,15,1200.3,0
2021-05-02 09:25:01,5,46,23.7,54,10.9,1021.6,1.0,2.0,0,1200.3,0
2021-05-02 09:31:01,6,46,23.8,52,11.4,1021.4,0.7,1.7,8,1200.3,0
2021-05-02 09:36:01,5,44,24.0,51,12.1,1021.4,0.3,1.0,8,1200.3,0
2021-05-02 09:41:01,5,44,24.1,52,11.5,1021.3,1.0,2.0,1,1200.3,0
2021-05-02 09:46:01,5,44,24.0,57,10.8,1021.4,0.7,2.0,9,1200.3,0
2021-05-02 09:51:01,5,45,23.9,59,10.2,1021.8,1.0,1.7,15,1200.3,0
2021-05-02 09:56:01,5,45,23.9,56,11.3,1021.5,1.4,2.7,4,1200.3,0
2021-05-02 10:01:01,5,45,23.9,53,11.9,1021.4,0.7,2.0,1,1200.3,0
2021-05-02 10:06:01,5,45,23.9,55,11.3,1021.4,0.3,1.7,4,1200.3,0
2021-05-02 10:11:01,5,45,23.8,57,10.6,1021.7,1.0,2.7,6,1200.3,0
2021-05-02 10:16:01,5,45,23.7,57,10.8,1021.7,0.3,1.0,4,1200.3,0
2021-05-02 10:21:01,5,45,23.6,56,11.2,1021.9,1.0,2.0,6,1200.3,0
2021-05-02 10:26:01,5,45,23.6,57,10.5,1022.1,1.7,2.7,1,1200.3,0
2021-05-02 10:31:01,5,45,23.4,58,10.2,1022.1,1.0,3.1,2,1200.3,0
2021-05-02 10:36:01,5,45,23.4,61,10.0,1022.3,1.0,2.0,8,1200.3,0
2021-05-02 10:41:01,5,45,23.3,66,9.3,1022.5,1.0,2.0,4,1200.3,0
2021-05-02 10:46:01,5,45,23.1,67,8.8,1022.6,2.0,4.1,6,1200.3,0
2021-05-02 10:51:01,5,46,23.0,66,9.0,1022.7,1.4,2.0,5,1200.3,0
2021-05-02 10:56:01,5,46,23.0,66,9.3,1022.7,0.3,1.0,12,1200.3,0
2021-05-02 11:01:01,5,48,22.9,65,9.4,1023.0,1.0,1.7,6,1200.3,0
2021-05-02 11:06:01,5,47,22.9,64,10.1,1023.0,0.7,1.7,5,1200.3,0
2021-05-02 11:11:01,5,47,22.9,64,10.1,1022.9,0.7,2.0,8,1200.3,0
2021-05-02 11:16:01,5,47,22.9,65,10.4,1023.0,1.4,2.0,9,1200.3,0
2021-05-02 11:21:01,5,47,22.9,62,11.5,1022.7,0.7,1.0,3,1200.3,0
2021-05-02 11:26:01,5,47,22.9,59,12.0,1022.9,0.3,1.0,7,1200.3,0
2021-05-02 11:31:01,5,47,22.8,58,11.4,1022.9,1.0,2.0,9,1200.3,0
2021-05-02 11:36:01,5,46,22.8,55,12.1,1022.9,0.7,2.0,3,1200.3,0
2021-05-02 11:41:01,5,47,22.7,50,11.7,1023.0,1.0,1.7,3,1200.3,0
2021-05-02 11:46:01,5,47,22.7,52,11.1,1023.2,1.0,2.0,3,1200.3,0
2021-05-02 11:51:01,5,46,22.6,53,11.4,1023.1,1.0,2.0,4,1200.3,0
2021-05-02 11:56:01,5,47,22.6,50,11.4,1023.1,1.7,2.7,5,1200.3,0
2021-05-02 12:01:01,5,47,22.6,50,11.3,1023.2,0.7,1.0,3,1200.3,0
2021-05-02 12:06:01,5,47,22.6,50,12.3,1023.2,0.7,1.0,6,1200.3,0
2021-05-02 12:11:01,5,47,22.6,51,11.5,1023.2,1.7,3.1,5,1200.3,0
2021-05-02 12:16:01,5,48,22.5,50,11.8,1023.3,0.7,1.7,3,1200.3,0
2021-05-02 12:21:01,5,48,22.5,49,12.6,1023.4,0.7,1.0,1,1200.3,0
2021-05-02 12:26:01,5,48,22.5,50,12.7,1023.5,0.7,1.0,14,1200.3,0
2021-05-02 12:31:01,5,48,22.6,48,12.1,1023.4,0.7,1.7,3,1200.3,0
2021-05-02 12:36:01,5,48,22.6,51,12.7,1023.3,0.3,1.0,4,1200.3,0
2021-05-02 12:41:01,5,48,22.6,50,12.4,1023.4,0.3,1.7,0,1200.3,0
2021-05-02 12:46:01,5,48,22.5,57,10.9,1023.6,1.0,2.7,0,1200.3,0
2021-05-02 12:51:01,5,48,22.5,54,11.9,1023.5,1.0,1.7,14,1200.3,0
2021-05-02 12:56:01,5,48,22.5,50,12.4,1023.6,1.4,3.7,3,1200.3,0
2021-05-02 13:01:01,5,48,22.5,53,11.4,1023.7,1.0,1.7,15,1200.3,0
2021-05-02 13:06:01,5,48,22.4,55,10.9,1023.6,1.0,2.7,3,1200.3,0
2021-05-02 13:11:01,5,48,22.3,54,11.1,1023.7,1.4,2.0,15,1200.3,0
2021-05-02 13:16:01,5,48,22.3,54,11.5,1023.8,1.0,1.7,2,1200.3,0
2021-05-02 13:21:01,5,48,22.3,50,12.5,1023.8,0.7,1.0,4,1200.3,0
2021-05-02 13:26:01,5,48,22.5,50,11.7,1023.7,1.4,3.1,1,1200.3,0
2021-05-02 13:31:01,5,48,22.5,48,12.6,1023.5,0.7,1.7,6,1200.3,0
2021-05-02 13:36:01,5,48,22.6,46,13.1,1023.5,0.7,1.7,2,1200.3,0
2021-05-02 13:41:01,5,48,22.7,47,12.8,1023.4,1.4,2.7,2,1200.3,0
2021-05-02 13:46:01,5,48,22.7,49,12.4,1023.4,1.4,2.7,1,1200.3,0
2021-05-02 13:51:01,5,48,22.9,50,12.1,1023.2,2.0,3.1,2,1200.3,0
2021-05-02 13:56:01,5,47,23.0,50,12.8,1023.2,1.0,2.0,2,1200.3,0
2021-05-02 14:01:01,5,46,23.0,48,13.7,1023.1,1.0,2.0,3,1200.3,0
2021-05-02 14:06:01,5,46,23.1,46,13.4,1023.2,1.4,3.7,4,1200.3,0
2021-05-02 14:11:01,5,46,23.1,46,13.5,1023.0,0.7,1.7,1,1200.3,0
2021-05-02 14:16:01,5,46,23.1,46,13.1,1023.0,1.7,3.1,9,1200.3,0
2021-05-02 14:21:01,5,46,23.3,49,11.8,1023.0,2.0,3.7,4,1200.3,0
2021-05-02 14:26:01,5,45,23.3,49,12.3,1023.0,0.7,1.7,3,1200.3,0
2021-05-02 14:31:01,5,45,23.2,50,11.4,1022.9,1.7,4.8,0,1200.3,0
2021-05-02 14:36:01,5,43,23.1,47,12.8,1023.0,0.7,1.7,3,1200.3,0
2021-05-02 14:41:01,5,42,23.1,46,13.1,1023.0,0.3,1.0,3,1200.3,0
2021-05-02 14:46:01,5,41,23.1,46,12.2,1023.1,1.4,6.1,0,1200.3,0
2021-05-02 14:51:01,5,40,23.1,49,11.1,1023.1,2.4,3.1,2,1200.3,0
2021-05-02 14:56:01,5,38,23.1,48,11.6,1023.1,0.7,2.0,4,1200.3,0
2021-05-02 15:01:01,5,38,23.0,48,11.4,1023.4,0.3,1.0,6,1200.3,0
2021-05-02 15:06:01,5,39,23.0,45,12.0,1023.3,0.7,1.0,5,1200.3,0
2021-05-02 15:11:01,5,40,23.0,47,11.7,1023.3,0.3,1.0,6,1200.3,0
2021-05-02 15:16:01,5,40,23.0,50,11.6,1023.4,0.7,1.7,2,1200.3,0
2021-05-02 15:21:01,5,41,23.0,52,11.4,1023.5,0.7,2.7,9,1200.3,0
2021-05-02 15:26:01,5,41,22.9,51,10.9,1023.6,0.7,2.7,2,1200.3,0
2021-05-02 15:31:01,5,42,22.9,53,11.3,1023.5,0.7,1.0,6,1200.3,0
2021-05-02 15:36:01,5,42,22.9,53,11.3,1023.4,0.3,1.0,1,1200.3,0
2021-05-02 15:41:01,5,42,22.9,50,11.5,1023.3,0.7,1.0,1,1200.3,0
2021-05-02 15:46:01,5,42,22.9,56,10.6,1023.5,1.0,2.0,2,1200.3,0
2021-05-02 15:51:01,5,42,22.9,55,10.3,1023.6,1.0,1.7,0,1200.3,0
2021-05-02 15:56:01,5,42,22.9,55,10.6,1023.7,1.0,2.7,3,1200.3,0
2021-05-02 16:01:01,5,42,22.8,55,10.8,1023.6,0.3,1.0,5,1200.3,0
2021-05-02 16:06:01,5,42,22.9,53,10.7,1023.6,0.7,1.0,7,1200.3,0
2021-05-02 16:11:01,5,41,22.9,53,10.9,1023.4,0.7,1.7,0,1200.3,0
2021-05-02 16:16:01,5,42,23.0,53,11.0,1023.5,0.7,2.0,1,1200.3,0
2021-05-02 16:21:01,5,41,23.0,54,10.9,1023.3,1.0,2.7,6,1200.3,0
2021-05-02 16:26:01,5,40,23.0,56,10.4,1023.4,1.4,2.7,1,1200.3,0
2021-05-02 16:31:01,5,40,23.0,58,10.3,1023.4,1.7,3.7,0,1200.3,0
2021-05-02 16:36:01,5,39,23.1,56,10.3,1023.3,1.7,2.7,1,1200.3,0
2021-05-02 16:41:01,5,38,23.1,55,10.4,1023.3,1.0,3.1,1,1200.3,0
2021-05-02 16:46:01,5,38,23.1,55,10.0,1023.4,1.0,1.7,1,1200.3,0
2021-05-02 16:51:01,5,38,23.1,55,10.3,1023.3,0.7,1.0,2,1200.3,0
2021-05-02 16:56:01,5,38,23.1,56,10.2,1023.2,1.0,1.7,3,1200.3,0
2021-05-02 17:01:01,5,39,23.2,55,9.9,1023.2,1.0,2.7,3,1200.3,0
2021-05-02 17:06:01,5,41,23.2,56,10.1,1023.3,0.7,1.7,2,1200.3,0
2021-05-02 17:11:01,5,42,23.3,55,10.1,1023.3,0.3,1.7,4,1200.3,0
2021-05-02 17:16:01,5,42,23.2,56,10.0,1023.3,1.0,2.0,2,1200.3,0
2021-05-02 17:21:01,5,43,23.1,56,10.0,1023.2,0.3,1.0,4,1200.3,0
2021-05-02 17:26:01,5,43,23.1,57,9.9,1023.4,0.3,0.7,4,1200.3,0
2021-05-02 17:31:01,5,43,23.0,55,9.8,1023.4,0.7,1.7,7,1200.3,0
2021-05-02 17:36:01,5,43,23.0,57,9.7,1023.4,0.3,0.7,6,1200.3,0
2021-05-02 17:41:01,5,44,22.9,57,9.7,1023.5,0.7,1.7,3,1200.3,0
2021-05-02 17:46:01,5,45,22.7,58,9.4,1023.7,0.3,1.7,3,1200.3,0
2021-05-02 17:51:01,5,45,22.7,57,9.5,1023.7,0.3,2.0,0,1200.3,0
2021-05-02 17:56:01,5,45,22.6,58,9.5,1024.0,0.3,0.7,0,1200.3,0
2021-05-02 18:01:01,5,46,22.5,58,9.5,1023.9,0.0,0.7,2,1200.3,0
2021-05-02 18:07:01,6,47,22.3,58,9.3,1024.2,0.3,0.7,4,1200.3,0
2021-05-02 18:12:01,5,48,22.3,59,9.2,1024.1,0.3,1.7,5,1200.3,0
2021-05-02 18:17:01,5,48,22.2,58,9.1,1024.4,0.0,0.7,6,1200.3,0
2021-05-02 18:23:01,6,48,22.2,58,9.0,1024.5,0.7,1.7,2,1200.3,0
2021-05-02 18:28:01,5,48,22.1,59,8.8,1024.5,0.7,1.0,4,1200.3,0
2021-05-02 18:33:01,5,48,22.0,60,8.8,1024.7,0.3,0.7,2,1200.3,0
2021-05-02 18:39:01,6,49,21.9,59,8.7,1024.8,0.3,0.7,4,1200.3,0
2021-05-02 18:44:01,5,49,21.9,59,8.6,1024.9,0.0,0.0,3,1200.3,0
2021-05-02 18:49:01,5,50,21.8,61,8.6,1025.0,0.3,1.0,3,1200.3,0
2021-05-02 18:55:01,6,50,21.7,62,8.4,1025.2,0.0,0.7,1,1200.3,0
2021-05-02 19:00:01,5,50,21.7,62,8.3,1025.4,0.0,0.0,2,1200.3,0
2021-05-02 19:05:01,5,50,21.6,63,8.2,1025.5,0.0,0.7,3,1200.3,0
2021-05-02 19:11:01,6,50,21.5,64,8.1,1025.6,0.0,0.7,4,1200.3,0
2021-05-02 19:16:01,5,50,21.5,64,8.1,1025.6,0.0,0.7,1,1200.3,0
2021-05-02 19:21:01,5,49,21.5,65,7.9,1025.7,0.0,0.7,4,1200.3,0
2021-05-02 19:27:01,6,49,21.3,66,7.9,1025.7,0.3,1.0,3,1200.3,0
2021-05-02 19:32:01,5,49,21.3,66,7.9,1025.7,0.3,1.0,15,1200.3,0
2021-05-02 19:37:01,5,49,21.2,67,7.8,1025.9,0.0,0.7,4,1200.3,0
2021-05-02 19:43:01,6,49,21.1,68,7.6,1026.1,0.0,0.0,3,1200.3,0
2021-05-02 19:48:01,5,49,21.1,68,7.5,1026.2,0.0,0.7,1,1200.3,0
2021-05-02 19:53:01,5,49,21.0,69,7.4,1026.3,0.0,0.7,3,1200.3,0
2021-05-02 19:59:01,6,49,20.9,70,7.4,1026.4,0.0,0.0,3,1200.3,0
2021-05-02 20:04:01,5,50,20.9,70,7.3,1026.6,0.3,0.7,4,1200.3,0
2021-05-02 20:09:01,5,50,20.8,71,7.2,1026.7,0.0,0.0,4,1200.3,0
2021-05-02 20:15:01,6,50,20.7,72,7.1,1026.8,0.0,0.7,5,1200.3,0
2021-05-02 20:20:01,5,50,20.7,73,7.0,1026.8,0.0,0.7,3,1200.3,0
2021-05-02 20:25:01,5,51,20.9,74,7.0,1026.8,0.0,0.0,4,1200.3,0
2021-05-02 20:31:01,6,50,21.1,75,6.9,1026.6,0.0,0.0,6,1200.3,0
2021-05-02 20:36:01,5,50,21.3,75,6.9,1026.5,0.0,1.0,5,1200.3,0
2021-05-02 20:41:01,5,50,21.5,75,6.9,1026.3,0.0,0.7,6,1200.3,0
2021-05-02 20:47:01,6,50,21.6,75,6.8,1026.1,0.3,1.0,5,1200.3,0
2021-05-02 20:52:01,5,50,21.7,76,6.7,1025.9,0.0,0.0,5,1200.3,0
2021-05-02 20:57:01,5,50,21.8,76,6.7,1025.8,0.0,0.0,3,1200.3,0
2021-05-02 21:03:01,6,50,21.8,77,6.4,1025.8,0.0,0.0,5,1200.3,0
2021-05-02 21:08:01,5,50,21.8,78,6.4,1025.8,0.0,0.0,6,1200.3,0
2021-05-02 21:13:01,5,50,21.8,78,6.3,1025.8,0.0,0.0,5,1200.3,0
2021-05-02 21:19:01,6,50,21.8,79,6.3,1025.6,0.0,0.0,4,1200.3,0
2021-05-02 21:24:01,5,50,21.7,79,6.3,1025.7,0.0,0.0,6,1200.3,0
2021-05-02 21:29:01,5,50,21.7,79,6.3,1025.8,0.0,0.0,5,1200.3,0
2021-05-02 21:35:01,6,50,21.6,79,6.4,1026.0,0.3,0.7,7,1200.3,0
2021-05-02 21:40:01,5,50,21.6,79,6.3,1026.0,0.3,0.7,7,1200.3,0
2021-05-02 21:45:01,5,50,21.5,79,6.3,1026.1,0.0,0.0,6,1200.3,0
2021-05-02 21:51:01,6,50,21.5,80,6.2,1026.2,0.0,0.7,7,1200.3,0
2021-05-02 21:56:01,5,50,21.4,80,6.3,1026.2,0.0,0.7,7,1200.3,0
2021-05-02 22:01:01,5,50,21.3,80,6.1,1026.3,0.0,0.0,7,1200.3,0
2021-05-02 22:06:01,5,50,21.3,81,6.0,1026.4,0.0,0.0,7,1200.3,0
2021-05-02 22:11:01,5,50,21.2,81,5.9,1026.3,0.0,0.0,6,1200.3,0
2021-05-02 22:16:01,5,50,21.2,81,6.0,1026.5,0.0,0.0,7,1200.3,0
2021-05-02 22:21:01,5,50,21.2,81,5.8,1026.6,0.0,0.0,7,1200.3,0
2021-05-02 22:26:01,5,50,21.1,81,5.8,1026.6,0.0,0.0,7,1200.3,0
2021-05-02 22:31:01,5,50,21.0,81,5.7,1026.6,0.0,0.7,6,1200.3,0
2021-05-02 22:36:01,5,50,21.0,82,5.7,1026.7,0.0,0.0,6,1200.3,0
2021-05-02 22:41:01,5,51,20.9,82,5.6,1026.8,0.0,0.0,6,1200.3,0
2021-05-02 22:46:01,5,52,20.9,82,5.6,1026.8,0.0,0.0,6,1200.3,0
2021-05-02 22:51:01,5,52,20.8,83,5.4,1026.9,0.0,0.0,6,1200.3,0
2021-05-02 22:56:01,5,52,20.7,83,5.3,1026.8,0.0,0.0,6,1200.3,0
2021-05-02 23:01:01,5,52,20.6,83,5.2,1026.9,0.0,0.0,6,1200.3,0
2021-05-02 23:06:01,5,52,20.6,83,5.3,1027.0,0,0,7,1200.3,0
2021-05-02 23:11:01,5,52,20.5,83,5.3,1027.1,0,0,7,1200.3,0
2021-05-02 23:16:01,5,52,20.5,83,5.4,1027.0,0,0,6,1200.3,0
2021-05-02 23:21:01,5,52,20.4,83,5.4,1027.1,0,0,6,1200.3,0
2021-05-02 23:26:01,5,52,20.4,84,5.4,1027.2,0,0,6,1200.3,0
2021-05-02 23:31:01,5,53,20.4,84,5.5,1027.0,0,0,7,1200.3,0
2021-05-02 23:36:01,5,53,20.3,84,5.5,1027.1,0,0,6,1200.3,0
2021-05-02 23:41:01,5,53,20.3,84,5.5,1027.2,0,0,7,1200.3,0
2021-05-02 23:46:01,5,53,20.2,84,5.6,1027.3,0,0.7,7,1200.3,0
2021-05-02 23:51:01,5,53,20.2,83,5.6,1027.3,0,0.7,7,1200.3,0
2021-05-02 23:56:01,5,53,20.1,83,5.6,1027.2,0,0,7,1200.3,0
