2021-05-23 00:00:01,5,62,20.4,94,9.5,1014.6,0.0,0.0,6,1314.6,0
2021-05-23 00:05:01,5,62,20.4,94,9.5,1014.7,0.0,0.0,6,1314.6,0
2021-05-23 00:10:01,5,62,20.4,94,9.4,1014.5,0.0,0.0,6,1314.6,0
2021-05-23 00:15:01,5,62,20.3,94,9.4,1014.6,0.0,0.0,6,1314.6,0
2021-05-23 00:20:01,5,62,20.3,94,9.4,1014.7,0.0,0.0,6,1314.6,0
2021-05-23 00:25:01,5,62,20.3,94,9.4,1014.7,0.0,0.0,6,1314.6,0
2021-05-23 00:30:01,5,62,20.2,94,9.4,1014.7,0.0,0.0,6,1314.6,0
2021-05-23 00:35:01,5,62,20.2,94,9.4,1014.9,0.0,0.0,6,1314.6,0
2021-05-23 00:40:01,5,62,20.2,94,9.5,1014.9,0.0,0.0,6,1314.6,0
2021-05-23 00:45:01,5,62,20.1,94,9.4,1014.9,0.0,0.0,6,1314.6,0
2021-05-23 00:50:01,5,62,20.1,95,9.4,1014.9,0.0,0.0,6,1314.6,0
2021-05-23 00:55:01,5,62,20.1,94,9.4,1015.0,0.0,0.0,6,1314.6,0
2021-05-23 01:00:01,5,62,20.1,95,9.4,1015.0,0.0,0.0,6,1314.6,0
2021-05-23 01:05:01,5,62,20.0,94,9.3,1015.1,0.0,0.0,6,1314.6,0
2021-05-23 01:10:01,5,62,20.0,94,9.3,1015.2,0.0,0.0,6,1314.6,0
2021-05-23 01:15:01,5,62,20.0,95,9.3,1015.2,0.0,0.0,6,1314.6,0
2021-05-23 01:20:01,5,62,20.0,95,9.3,1015.1,0.0,0.0,6,1314.6,0
2021-05-23 01:25:01,5,62,20.0,95,9.3,1015.2,0.0,0.0,6,1314.6,0
2021-05-23 01:30:01,5,62,20.0,95,9.3,1015.2,0.0,0.0,6,1314.6,0
2021-05-23 01:35:01,5,62,20.0,95,9.4,1015.1,0.0,0.0,6,1314.6,0
2021-05-23 01:40:01,5,63,19.8,95,9.4,1015.3,0.0,0.0,6,1314.6,0
2021-05-23 01:45:01,5,63,19.8,95,9.5,1015.3,0.0,0.0,6,1314.6,0
2021-05-23 01:50:01,5,63,19.8,95,9.5,1015.3,0.0,0.0,6,1314.6,0
2021-05-23 01:55:01,5,63,19.8,95,9.5,1015.3,0.0,0.7,6,1314.6,0
2021-05-23 02:00:01,5,63,19.8,95,9.6,1015.2,0.0,0.0,6,1314.6,0
2021-05-23 02:05:01,5,63,19.8,95,9.6,1015.3,0.0,0.0,6,1314.6,0
2021-05-23 02:10:01,5,63,19.8,95,9.6,1015.2,0.0,0.7,7,1314.6,0
2021-05-23 02:15:01,5,63,19.7,95,9.7,1015.3,0.0,0.0,7,1314.6,0
2021-05-23 02:20:01,5,63,19.7,95,9.7,1015.3,0.0,0.0,6,1314.6,0
2021-05-23 02:25:01,5,63,19.7,95,9.7,1015.4,0.0,0.7,6,1314.6,0
2021-05-23 02:30:01,5,63,19.7,95,9.8,1015.4,0.3,0.7,7,1314.6,0
2021-05-23 02:35:01,5,63,19.7,95,9.8,1015.4,0.0,0.0,7,1314.6,0
2021-05-23 02:40:01,5,63,19.7,95,9.8,1015.4,0.0,0.0,7,1314.6,0
2021-05-23 02:45:01,5,63,19.7,95,9.8,1015.4,0.0,0.7,7,1314.6,0
2021-05-23 02:50:01,5,63,19.7,95,9.8,1015.4,0.0,0.0,7,1314.6,0
2021-05-23 02:55:01,5,63,19.6,95,9.8,1015.5,0.0,0.0,7,1314.6,0
2021-05-23 03:00:01,5,63,19.6,95,9.8,1015.5,0.3,0.7,9,1314.6,0
2021-05-23 03:05:01,5,63,19.6,95,9.8,1015.5,0.0,0.0,8,1314.6,0
2021-05-23 03:10:01,5,63,19.6,95,9.8,1015.5,0.0,0.7,10,1314.6,0
2021-05-23 03:15:01,5,63,19.6,95,9.8,1015.7,0.3,1.0,6,1314.6,0
2021-05-23 03:20:01,5,63,19.6,95,9.9,1015.8,0.3,0.7,6,1314.6,0
2021-05-23 03:25:01,5,63,19.5,94,9.9,1015.8,1.4,2.0,9,1314.6,0
2021-05-23 03:30:01,5,63,19.5,94,9.9,1015.8,0.3,0.7,5,1314.6,0
2021-05-23 03:35:01,5,62,19.5,94,9.9,1015.8,0.7,1.0,8,1314.6,0
2021-05-23 03:40:01,5,62,19.5,94,9.9,1015.7,0.0,0.7,6,1314.6,0
2021-05-23 03:45:01,5,62,19.5,94,9.9,1015.9,0.3,1.0,8,1314.6,0
2021-05-23 03:50:01,5,62,19.4,94,9.9,1016.0,0.3,1.0,6,1314.6,0
2021-05-23 03:55:01,5,62,19.4,93,10.0,1016.0,0.0,0.0,6,1314.6,0
2021-05-23 04:00:01,5,62,19.4,93,10.0,1016.0,0.3,0.7,8,1314.6,0
2021-05-23 04:05:01,5,62,19.3,93,10.0,1016.2,0.3,1.0,7,1314.6,0
2021-05-23 04:10:01,5,62,19.3,93,10.0,1016.1,1.0,2.0,8,1314.6,0
2021-05-23 04:15:01,5,62,19.3,92,10.0,1016.1,1.0,1.7,8,1314.6,0
2021-05-23 04:20:01,5,62,19.3,91,10.1,1016.1,0.7,1.0,9,1314.6,0
2021-05-23 04:25:01,5,62,19.3,91,10.1,1016.2,0.3,1.0,7,1314.6,0
2021-05-23 04:30:01,5,62,19.3,91,10.2,1016.1,0.0,0.7,10,1314.6,0
2021-05-23 04:35:01,5,62,19.3,91,10.2,1016.4,0.7,1.7,11,1314.6,0
2021-05-23 04:40:01,5,62,19.3,91,10.2,1016.3,0.7,1.0,8,1314.6,0
2021-05-23 04:45:01,5,62,19.3,91,10.2,1016.3,0.7,2.0,7,1314.6,0
2021-05-23 04:50:01,5,62,19.3,91,10.2,1016.4,0.3,0.7,4,1314.6,0
2021-05-23 04:55:01,5,62,19.3,91,10.2,1016.4,0.3,1.7,9,1314.6,0
2021-05-23 05:00:01,5,62,19.3,90,10.1,1016.4,1.0,2.0,5,1314.6,0
2021-05-23 05:05:01,5,62,19.3,90,10.1,1016.5,0.3,1.7,10,1314.6,0
2021-05-23 05:10:01,5,62,19.3,89,10.1,1016.6,1.0,1.7,9,1314.6,0
2021-05-23 05:15:01,5,62,19.3,89,10.1,1016.6,0.7,1.7,7,1314.6,0
2021-05-23 05:20:01,5,62,19.3,89,10.0,1016.7,1.0,1.7,9,1314.6,0
2021-05-23 05:25:01,5,62,19.3,88,10.0,1016.7,0.7,1.0,8,1314.6,0
2021-05-23 05:30:01,5,62,19.3,87,10.1,1016.7,1.4,2.0,8,1314.6,0
2021-05-23 05:35:01,5,62,19.3,87,10.2,1016.7,0.7,1.7,9,1314.6,0
2021-05-23 05:40:01,5,62,19.3,86,10.2,1016.8,0.7,1.7,7,1314.6,0
2021-05-23 05:45:01,5,62,19.3,86,10.1,1016.8,0.7,1.0,11,1314.6,0
2021-05-23 05:50:01,5,62,19.4,85,10.1,1016.9,1.4,3.1,9,1314.6,0
2021-05-23 05:55:01,5,62,19.5,84,10.3,1016.9,1.7,3.1,7,1314.6,0
2021-05-23 06:00:01,5,62,19.6,84,10.4,1016.9,1.4,2.0,8,1314.6,0
2021-05-23 06:05:01,5,61,19.6,84,10.4,1016.9,1.4,2.0,8,1314.6,0
2021-05-23 06:10:01,5,61,19.7,84,10.5,1017.0,0.3,1.0,8,1314.6,0
2021-05-23 06:15:01,5,61,19.7,84,10.5,1017.0,0.3,1.0,9,1314.6,0
2021-05-23 06:20:01,5,61,19.7,83,10.3,1017.0,1.0,3.1,8,1314.6,0
2021-05-23 06:25:01,5,61,19.7,84,10.1,1017.1,1.0,1.7,10,1314.6,0
2021-05-23 06:30:01,5,61,19.7,84,10.1,1017.2,1.7,3.1,10,1314.6,0
2021-05-23 06:35:01,5,61,19.7,83,10.3,1017.2,1.4,2.0,4,1314.6,0
2021-05-23 06:40:01,5,61,19.7,83,10.4,1017.2,1.7,3.1,10,1314.6,0
2021-05-23 06:45:01,5,61,19.8,82,10.6,1017.1,2.4,4.8,9,1314.6,0
2021-05-23 06:50:01,5,60,20.0,83,10.4,1017.1,1.0,2.0,10,1314.6,0
2021-05-23 06:55:01,5,59,20.0,84,10.6,1017.1,1.0,2.0,7,1314.6,0
2021-05-23 07:00:01,5,59,20.1,83,10.8,1017.1,0.7,1.7,10,1314.6,0
2021-05-23 07:05:01,5,60,20.2,81,10.6,1017.0,2.0,3.1,10,1314.6,0
2021-05-23 07:10:01,5,59,20.4,81,10.6,1017.0,1.0,2.0,7,1314.6,0
2021-05-23 07:15:01,5,59,20.6,81,11.0,1016.9,1.0,1.7,7,1314.6,0
2021-05-23 07:20:01,5,59,20.8,80,11.0,1016.7,1.0,2.0,4,1314.6,0
2021-05-23 07:25:01,5,57,21.0,79,11.2,1016.5,1.4,3.1,9,1314.6,0
2021-05-23 07:30:01,5,57,21.2,79,10.9,1016.4,2.0,3.1,7,1314.6,0
2021-05-23 07:35:01,5,56,21.3,79,11.0,1016.2,0.7,1.7,8,1314.6,0
2021-05-23 07:40:01,5,56,21.5,79,11.2,1016.1,1.0,2.7,10,1314.6,0
2021-05-23 07:45:01,5,55,21.7,78,11.3,1015.9,1.4,2.7,3,1314.6,0
2021-05-23 07:50:01,5,55,21.7,78,11.1,1015.9,1.4,2.0,10,1314.6,0
2021-05-23 07:55:01,5,55,21.8,78,11.1,1015.8,0.7,1.7,10,1314.6,0
2021-05-23 08:00:01,5,56,21.8,78,11.1,1015.9,2.0,4.1,14,1314.6,0
2021-05-23 08:05:01,5,56,21.9,78,11.2,1015.9,0.7,1.7,1,1314.6,0
2021-05-23 08:10:01,5,56,21.9,78,11.1,1015.9,0.7,2.0,13,1314.6,0
2021-05-23 08:15:01,5,56,21.9,78,11.3,1016.0,0.3,0.7,12,1314.6,0
2021-05-23 08:20:01,5,56,21.9,76,11.9,1016.1,1.0,2.0,9,1314.6,0
2021-05-23 08:25:01,5,56,22.1,73,12.4,1016.0,1.4,2.7,9,1314.6,0
2021-05-23 08:30:01,5,55,22.2,73,12.4,1016.0,1.4,2.7,6,1314.6,0
2021-05-23 08:35:01,5,55,22.3,72,11.9,1015.9,2.4,3.7,8,1314.6,0
2021-05-23 08:40:01,5,55,22.3,72,12.2,1016.0,1.0,1.7,6,1314.6,0
2021-05-23 08:45:01,5,55,22.5,71,12.8,1015.9,2.0,4.1,11,1314.6,0
2021-05-23 08:50:01,5,55,22.6,70,12.7,1015.9,2.0,3.1,5,1314.6,0
2021-05-23 08:55:01,5,55,22.6,70,12.8,1015.9,1.4,2.0,8,1314.6,0
2021-05-23 09:00:01,5,54,22.7,71,12.8,1016.0,1.7,3.1,7,1314.6,0
2021-05-23 09:05:01,5,54,22.7,71,12.9,1015.8,1.4,2.7,11,1314.6,0
2021-05-23 09:10:01,5,54,22.8,70,12.3,1015.9,1.7,4.1,6,1314.6,0
2021-05-23 09:15:01,5,54,22.7,69,12.0,1016.2,2.0,4.1,12,1314.6,0
2021-05-23 09:20:01,5,54,22.7,68,11.6,1016.1,2.4,3.7,5,1314.6,0
2021-05-23 09:25:01,5,54,22.6,69,11.7,1016.3,1.4,2.0,8,1314.6,0
2021-05-23 09:30:01,5,54,22.6,68,12.0,1016.4,1.0,1.7,7,1314.6,0
2021-05-23 09:35:01,5,54,22.5,67,12.7,1016.5,1.4,2.0,15,1314.6,0
2021-05-23 09:40:01,5,55,22.5,67,12.1,1016.6,2.4,5.1,6,1314.6,0
2021-05-23 09:45:01,5,55,22.5,67,12.3,1016.7,1.0,1.7,9,1314.6,0
2021-05-23 09:50:01,5,55,22.4,67,12.3,1016.6,1.0,1.7,11,1314.6,0
2021-05-23 09:55:01,5,55,22.4,67,12.2,1016.8,1.7,4.8,6,1314.6,0
2021-05-23 10:00:01,5,55,22.3,65,12.3,1016.8,1.7,3.1,6,1314.6,0
2021-05-23 10:05:01,5,55,22.3,61,12.4,1016.8,1.7,3.7,7,1314.6,0
2021-05-23 10:10:01,5,55,22.3,60,12.6,1017.0,1.7,2.7,5,1314.6,0
2021-05-23 10:15:01,5,55,22.3,61,12.5,1017.0,1.0,2.0,5,1314.6,0
2021-05-23 10:20:01,5,55,22.3,60,12.4,1017.1,1.4,2.7,7,1314.6,0
2021-05-23 10:25:01,5,55,22.3,59,12.5,1017.0,2.0,4.1,11,1314.6,0
2021-05-23 10:30:01,5,55,22.3,58,13.0,1017.2,1.4,2.0,6,1314.6,0
2021-05-23 10:35:01,5,55,22.3,58,12.9,1017.1,1.4,2.0,9,1314.6,0
2021-05-23 10:40:01,5,55,22.5,57,13.7,1017.0,1.0,2.0,10,1314.6,0
2021-05-23 10:45:01,5,55,22.6,54,13.9,1017.1,2.0,4.8,11,1314.6,0
2021-05-23 10:50:01,5,55,22.6,54,13.9,1017.0,2.0,3.7,3,1314.6,0
2021-05-23 10:55:01,5,54,22.6,55,14.3,1017.0,1.7,3.7,6,1314.6,0
2021-05-23 11:00:01,5,53,22.7,57,14.0,1016.9,1.4,2.7,12,1314.6,0
2021-05-23 11:05:01,5,52,22.7,58,13.8,1017.1,1.4,2.0,6,1314.6,0
2021-05-23 11:10:01,5,52,22.7,57,13.6,1017.1,1.4,2.7,9,1314.6,0
2021-05-23 11:15:01,5,51,22.7,57,13.7,1017.0,1.0,2.0,5,1314.6,0
2021-05-23 11:20:01,5,50,22.7,58,14.0,1016.9,1.0,1.7,11,1314.6,0
2021-05-23 11:25:01,5,50,22.7,58,13.4,1017.1,2.0,3.1,11,1314.6,0
2021-05-23 11:30:01,5,50,22.6,59,13.5,1017.1,1.0,1.7,8,1314.6,0
2021-05-23 11:35:01,5,50,22.6,60,13.6,1017.2,0.7,1.7,11,1314.6,0
2021-05-23 11:40:01,5,50,22.6,60,13.8,1017.3,0.7,1.0,4,1314.6,0
2021-05-23 11:45:01,5,50,22.6,57,13.8,1017.1,2.4,4.1,7,1314.6,0
2021-05-23 11:50:01,5,50,22.6,59,13.8,1017.1,1.0,2.0,11,1314.6,0
2021-05-23 11:55:01,5,50,22.7,57,14.0,1017.0,0.7,1.0,10,1314.6,0
2021-05-23 12:00:01,5,50,22.7,59,14.2,1017.1,1.0,2.0,8,1314.6,0
2021-05-23 12:05:01,5,50,22.7,59,14.2,1017.0,1.0,2.0,8,1314.6,0
2021-05-23 12:10:01,5,50,22.7,56,14.2,1017.0,1.4,3.1,6,1314.6,0
2021-05-23 12:15:01,5,50,22.7,58,14.3,1017.0,1.4,2.7,6,1314.6,0
2021-05-23 12:20:01,5,51,22.7,56,14.8,1016.9,0.7,1.7,4,1314.6,0
2021-05-23 12:25:01,5,51,22.7,57,15.0,1016.9,1.0,2.0,10,1314.6,0
2021-05-23 12:30:01,5,51,22.7,54,15.2,1016.8,0.3,1.0,2,1314.6,0
2021-05-23 12:35:01,5,51,22.7,54,15.4,1016.9,1.7,2.7,5,1314.6,0
2021-05-23 12:40:01,5,51,22.7,53,15.2,1016.7,1.0,2.0,4,1314.6,0
2021-05-23 12:45:01,5,51,22.7,51,14.8,1016.9,2.0,3.1,7,1314.6,0
2021-05-23 12:50:01,5,51,22.7,51,15.1,1016.9,2.4,3.7,9,1314.6,0
2021-05-23 12:55:01,5,51,22.8,53,14.8,1016.8,2.0,5.1,10,1314.6,0
2021-05-23 13:00:01,5,51,22.8,53,14.8,1016.8,1.7,3.7,7,1314.6,0
2021-05-23 13:05:01,5,51,22.8,54,14.7,1016.8,1.7,3.7,6,1314.6,0
2021-05-23 13:10:01,5,51,22.8,54,15.0,1016.7,1.4,2.7,8,1314.6,0
2021-05-23 13:15:01,5,51,22.8,52,15.4,1016.7,1.0,1.7,5,1314.6,0
2021-05-23 13:20:01,5,51,22.7,51,15.9,1016.8,2.0,4.8,9,1314.6,0
2021-05-23 13:25:01,5,51,22.7,51,16.0,1016.7,2.4,4.8,7,1314.6,0
2021-05-23 13:30:02,5,51,22.7,53,15.2,1016.9,2.7,4.1,3,1314.6,0
2021-05-23 13:35:02,5,51,22.7,51,15.3,1016.8,1.4,3.1,8,1314.6,0
2021-05-23 13:40:02,5,51,22.6,54,15.4,1016.9,1.0,1.7,12,1314.6,0
2021-05-23 13:45:02,5,51,22.6,51,15.3,1016.9,2.0,4.1,11,1314.6,0
2021-05-23 13:50:02,5,51,22.6,52,15.7,1016.8,1.0,2.0,7,1314.6,0
2021-05-23 13:55:02,5,51,22.6,52,15.7,1016.8,0.7,1.0,4,1314.6,0
2021-05-23 14:00:02,5,52,22.6,50,15.5,1017.0,1.4,2.0,8,1314.6,0
2021-05-23 14:05:02,5,52,22.6,51,15.5,1016.8,1.4,2.7,7,1314.6,0
2021-05-23 14:10:02,5,52,22.6,52,15.1,1016.8,1.4,2.0,6,1314.6,0
2021-05-23 14:15:02,5,52,22.6,51,15.4,1016.8,2.0,3.1,9,1314.6,0
2021-05-23 14:20:02,5,52,22.6,51,15.7,1016.8,1.7,3.1,8,1314.6,0
2021-05-23 14:25:02,5,52,22.6,52,16.0,1016.7,1.0,1.7,7,1314.6,0
2021-05-23 14:30:02,5,53,22.6,50,15.9,1016.7,2.4,4.1,2,1314.6,0
2021-05-23 14:35:02,5,53,22.7,53,15.8,1016.6,0.7,1.7,2,1314.6,0
2021-05-23 14:40:02,5,53,22.7,53,15.5,1016.6,0.7,1.0,7,1314.6,0
2021-05-23 14:45:02,5,53,22.7,55,15.3,1016.5,0.7,1.7,8,1314.6,0
2021-05-23 14:50:02,5,53,22.7,53,15.5,1016.5,1.7,2.7,10,1314.6,0
2021-05-23 14:55:02,5,53,22.7,53,15.5,1016.5,1.7,2.7,7,1314.6,0
2021-05-23 15:00:02,5,53,22.7,53,16.0,1016.4,1.0,2.0,7,1314.6,0
2021-05-23 15:05:02,5,53,22.7,52,16.0,1016.5,1.4,2.7,4,1314.6,0
2021-05-23 15:10:02,5,53,22.7,52,16.2,1016.4,1.4,2.0,8,1314.6,0
2021-05-23 15:15:02,5,53,22.7,52,16.0,1016.2,1.4,3.1,8,1314.6,0
2021-05-23 15:20:02,5,53,22.8,53,15.9,1016.1,1.4,3.1,13,1314.6,0
2021-05-23 15:25:02,5,53,22.8,54,16.2,1016.1,0.3,1.0,2,1314.6,0
2021-05-23 15:30:02,5,53,22.9,54,16.0,1015.9,0.3,1.0,11,1314.6,0
2021-05-23 15:35:02,5,53,22.9,54,15.8,1015.9,1.0,2.0,14,1314.6,0
2021-05-23 15:40:02,5,53,22.9,55,15.9,1015.8,0.3,0.7,12,1314.6,0
2021-05-23 15:45:02,5,53,22.9,57,16.0,1015.8,0.3,0.7,10,1314.6,0
2021-05-23 15:50:02,5,52,22.8,56,15.7,1015.8,0.7,1.7,8,1314.6,0
2021-05-23 15:55:02,5,51,22.7,54,15.4,1015.7,1.4,2.0,7,1314.6,0
2021-05-23 16:00:02,5,51,22.7,56,15.3,1015.8,0.7,1.7,11,1314.6,0
2021-05-23 16:05:02,5,51,22.7,56,15.4,1015.7,1.0,1.7,11,1314.6,0
2021-05-23 16:10:02,5,51,22.6,55,15.5,1015.7,0.7,1.7,7,1314.6,0
2021-05-23 16:15:02,5,51,22.6,54,15.6,1015.7,1.0,3.1,7,1314.6,0
2021-05-23 16:20:02,5,51,22.6,54,15.7,1015.6,0.3,1.0,7,1314.6,0
2021-05-23 16:25:02,5,52,22.6,54,15.8,1015.5,1.0,1.7,9,1314.6,0
2021-05-23 16:30:02,5,51,22.6,54,16.0,1015.5,0.7,1.0,12,1314.6,0
2021-05-23 16:35:02,5,51,22.6,56,15.9,1015.5,0.3,1.0,14,1314.6,0
2021-05-23 16:40:02,5,50,22.6,56,15.9,1015.6,0.0,1.0,14,1314.6,0
2021-05-23 16:45:02,5,50,22.5,55,15.8,1015.6,0.3,1.0,8,1314.6,0
2021-05-23 16:50:02,5,50,22.5,55,15.5,1015.5,0.7,2.0,8,1314.6,0
2021-05-23 16:55:02,5,49,22.5,56,15.4,1015.6,0.7,1.0,10,1314.6,0
2021-05-23 17:00:02,5,50,22.4,56,15.5,1015.6,0.3,0.7,6,1314.6,0
2021-05-23 17:05:02,5,50,22.4,57,15.4,1015.6,0.7,1.0,0,1314.6,0
2021-05-23 17:10:02,5,51,22.4,57,15.3,1015.6,0.3,0.7,15,1314.6,0
2021-05-23 17:15:02,5,52,22.3,58,15.2,1015.5,0.3,1.0,5,1314.6,0
2021-05-23 17:20:02,5,52,22.3,58,15.1,1015.7,0.3,1.0,12,1314.6,0
2021-05-23 17:25:02,5,52,22.3,59,15.0,1015.7,0.0,0.0,5,1314.6,0
2021-05-23 17:30:02,5,52,22.2,60,14.9,1015.6,0.7,2.0,12,1314.6,0
2021-05-23 17:35:02,5,52,22.2,60,14.8,1015.6,0.3,0.7,10,1314.6,0
2021-05-23 17:40:02,5,52,22.2,60,14.8,1015.6,0.3,0.7,9,1314.6,0
2021-05-23 17:45:02,5,53,22.1,62,14.5,1015.7,0.7,1.7,0,1314.6,0
2021-05-23 17:50:02,5,53,22.1,64,14.5,1015.7,0.3,1.0,9,1314.6,0
2021-05-23 17:55:02,5,53,22.0,65,14.5,1015.8,0.3,0.7,10,1314.6,0
2021-05-23 18:00:02,5,54,21.9,62,14.5,1015.8,0.7,1.7,7,1314.6,0
2021-05-23 18:05:02,5,55,21.9,62,14.5,1015.7,0.7,1.7,7,1314.6,0
2021-05-23 18:10:02,5,55,21.8,62,14.5,1015.9,0.3,0.7,4,1314.6,0
2021-05-23 18:15:02,5,55,21.8,61,14.5,1015.9,0.3,1.0,9,1314.6,0
2021-05-23 18:20:02,5,55,21.8,63,14.5,1015.9,0.7,1.0,9,1314.6,0
2021-05-23 18:25:02,5,56,21.7,65,14.3,1015.9,0.0,0.7,8,1314.6,0
2021-05-23 18:30:02,5,56,21.7,65,14.1,1015.7,0.7,1.0,7,1314.6,0
2021-05-23 18:35:02,5,56,21.7,65,14.0,1016.1,0.7,1.0,6,1314.6,0
2021-05-23 18:40:02,5,56,21.6,66,13.8,1016.0,0.3,1.0,6,1314.6,0
2021-05-23 18:45:01,5,56,21.6,68,13.6,1015.9,0.7,1.0,8,1314.6,0
2021-05-23 18:50:01,5,57,21.6,69,13.6,1016.0,0.0,0.0,7,1314.6,0
2021-05-23 18:55:01,5,57,21.5,70,13.4,1016.1,0.0,0.0,6,1314.6,0
2021-05-23 19:00:01,5,57,21.5,70,13.4,1016.3,0.0,0.0,8,1314.6,0
2021-05-23 19:05:01,5,57,21.5,70,13.3,1016.2,0.3,0.7,8,1314.6,0
2021-05-23 19:10:01,5,58,21.5,71,13.2,1016.3,0.3,0.7,11,1314.6,0
2021-05-23 19:15:01,5,59,21.4,72,13.2,1016.4,0.3,0.7,12,1314.6,0
2021-05-23 19:20:01,5,59,21.4,73,13.1,1016.3,0.3,0.7,11,1314.6,0
2021-05-23 19:25:01,5,59,21.4,73,13.0,1016.3,0.3,0.7,10,1314.6,0
2021-05-23 19:30:01,5,59,21.3,73,12.9,1016.2,0.0,0.0,11,1314.6,0
2021-05-23 19:35:01,5,59,21.3,74,12.9,1016.1,0.0,0.0,7,1314.6,0
2021-05-23 19:40:01,5,59,21.3,74,12.9,1016.2,0.0,0.0,7,1314.6,0
2021-05-23 19:45:01,5,59,21.3,74,12.8,1016.2,0.0,0.0,7,1314.6,0
2021-05-23 19:50:01,5,60,21.3,74,12.8,1016.1,0.0,0.0,10,1314.6,0
2021-05-23 19:55:01,5,60,21.3,74,12.9,1016.2,0.0,0.0,10,1314.6,0
2021-05-23 20:00:01,5,60,21.3,75,12.8,1016.3,0.0,0.0,11,1314.6,0
2021-05-23 20:05:01,5,60,21.3,76,12.7,1016.4,0.0,0.0,10,1314.6,0
2021-05-23 20:10:01,5,60,21.3,76,12.6,1016.4,0.0,0.7,8,1314.6,0
2021-05-23 20:15:01,5,60,21.2,75,12.6,1016.3,0.3,0.7,9,1314.6,0
2021-05-23 20:20:01,5,60,21.2,74,12.8,1016.3,0.3,1.0,13,1314.6,0
2021-05-23 20:25:01,5,60,21.2,73,13.0,1016.3,0.3,1.0,13,1314.6,0
2021-05-23 20:30:01,5,59,21.2,74,12.9,1016.1,0.3,1.0,6,1314.6,0
2021-05-23 20:35:01,5,59,21.2,74,13.0,1016.1,0.0,0.7,11,1314.6,0
2021-05-23 20:40:01,5,58,21.2,74,13.0,1016.2,0.0,0.7,7,1314.6,0
2021-05-23 20:45:01,5,57,21.1,74,12.9,1016.0,0.3,0.7,11,1314.6,0
2021-05-23 20:50:01,5,57,21.1,74,12.9,1015.9,0.3,1.7,8,1314.6,0
2021-05-23 20:55:01,5,57,21.1,75,12.8,1016.0,0.0,0.7,10,1314.6,0
2021-05-23 21:00:01,5,58,21.1,76,12.8,1015.9,0.0,0.0,4,1314.6,0
2021-05-23 21:05:01,5,58,21.1,75,12.7,1015.8,0.0,0.0,9,1314.6,0
2021-05-23 21:10:01,5,58,21.1,75,12.6,1015.7,0.0,0.0,10,1314.6,0
2021-05-23 21:15:01,5,58,21.0,75,12.6,1015.9,0.0,0.7,10,1314.6,0
2021-05-23 21:20:01,5,58,21.1,76,12.6,1015.8,0.0,0.0,10,1314.6,0
2021-05-23 21:25:01,5,59,21.0,76,12.6,1015.8,0.0,0.7,5,1314.6,0
2021-05-23 21:30:01,5,59,21.0,75,12.6,1015.7,0.0,0.0,2,1314.6,0
2021-05-23 21:35:01,5,59,21.0,75,12.7,1015.7,0.0,0.0,2,1314.6,0
2021-05-23 21:40:01,5,59,21.0,74,12.7,1015.5,0.0,0.0,11,1314.6,0
2021-05-23 21:45:01,5,59,21.0,73,12.8,1015.6,0.7,1.7,9,1314.6,0
2021-05-23 21:50:01,5,59,21.0,72,12.9,1015.5,0.0,0.7,2,1314.6,0
2021-05-23 21:55:01,5,60,20.9,74,13.0,1015.4,0.3,1.0,3,1314.6,0
2021-05-23 22:00:01,5,60,20.9,74,12.8,1015.4,0.3,0.7,14,1314.6,0
2021-05-23 22:05:01,5,60,20.9,75,12.8,1015.3,0.0,0.0,14,1314.6,0
2021-05-23 22:10:01,5,60,20.9,74,12.8,1015.3,0.3,0.7,11,1314.6,0
2021-05-23 22:15:01,5,60,20.9,74,12.8,1015.2,0.3,0.7,11,1314.6,0
2021-05-23 22:20:01,5,60,20.9,74,12.8,1015.1,0.0,0.7,12,1314.6,0
2021-05-23 22:25:01,5,60,20.9,74,12.8,1015.1,0.3,1.0,11,1314.6,0
2021-05-23 22:30:01,5,60,20.7,74,12.8,1015.0,0.0,0.7,11,1314.6,0
2021-05-23 22:35:01,5,60,20.7,74,12.8,1014.9,0.0,0.7,4,1314.6,0
2021-05-23 22:40:01,5,60,20.7,73,12.9,1015.0,0.3,1.7,9,1314.6,0
2021-05-23 22:45:01,5,60,20.6,73,12.9,1014.9,0.3,1.0,13,1314.6,0
2021-05-23 22:50:01,5,60,20.6,72,12.9,1014.9,0.3,1.0,3,1314.6,0
2021-05-23 22:55:01,5,60,20.6,72,13.0,1014.9,0.0,0.7,12,1314.6,0
2021-05-23 23:00:01,5,60,20.6,72,12.9,1014.9,0.3,1.0,0,1314.6,0
2021-05-23 23:05:01,5,60,20.5,72,13.0,1014.9,0.3,0.7,2,1314.6,0
2021-05-23 23:10:01,5,60,20.5,72,13.0,1014.7,0,0.7,10,1314.6,0
2021-05-23 23:15:01,5,60,20.5,72,12.9,1014.7,0,0,4,1314.6,0
2021-05-23 23:20:01,5,59,20.4,72,12.9,1014.7,0,0.7,2,1314.6,0
2021-05-23 23:25:01,5,59,20.4,73,12.8,1014.7,0,0,9,1314.6,0
2021-05-23 23:30:01,5,59,20.4,73,12.7,1014.6,0,0.7,13,1314.6,0
2021-05-23 23:35:01,5,59,20.4,72,12.8,1014.6,0.3,0.7,12,1314.6,0
2021-05-23 23:40:01,5,59,20.4,73,12.8,1014.4,0,0.7,0,1314.6,0
2021-05-23 23:45:01,5,59,20.3,72,12.8,1014.5,0.7,1.7,14,1314.6,0
2021-05-23 23:50:01,5,59,20.3,72,12.8,1014.4,0,0,15,1314.6,0
2021-05-23 23:55:01,5,59,20.3,72,12.7,1014.4,0.3,1.0,5,1314.6,0
