2021-05-30 00:00:00,5,60,20.7,91,10.1,1034.0,0.0,0.7,3,1345.5,0
2021-05-30 00:05:00,5,60,20.6,91,10.1,1034.2,0.0,0.7,3,1345.5,0
2021-05-30 00:10:00,5,60,20.6,92,10.0,1034.1,0.3,1.0,0,1345.5,0
2021-05-30 00:15:00,5,60,20.6,92,9.9,1034.0,0.3,1.0,15,1345.5,0
2021-05-30 00:20:00,5,60,20.5,92,9.8,1034.2,0.3,0.7,1,1345.5,0
2021-05-30 00:25:00,5,60,20.5,92,9.8,1034.2,0.0,0.7,15,1345.5,0
2021-05-30 00:30:00,5,60,20.5,92,9.7,1034.3,0.3,1.0,14,1345.5,0
2021-05-30 00:35:00,5,60,20.5,92,9.7,1034.3,0.0,0.0,14,1345.5,0
2021-05-30 00:40:00,5,60,20.5,92,9.6,1034.4,0.0,0.0,14,1345.5,0
2021-05-30 00:45:00,5,60,20.4,92,9.5,1034.3,0.3,0.7,0,1345.5,0
2021-05-30 00:50:00,5,60,20.4,92,9.5,1034.3,0.0,0.7,2,1345.5,0
2021-05-30 00:55:00,5,60,20.4,93,9.5,1034.4,0.0,0.0,2,1345.5,0
2021-05-30 01:00:00,5,60,20.4,93,9.7,1034.5,0.3,1.0,15,1345.5,0
2021-05-30 01:05:00,5,60,20.4,93,9.8,1034.5,0.7,1.7,14,1345.5,0
2021-05-30 01:10:00,5,60,20.4,92,9.9,1034.5,0.0,0.0,15,1345.5,0
2021-05-30 01:15:00,5,60,20.3,92,9.9,1034.5,0.3,1.0,15,1345.5,0
2021-05-30 01:20:00,5,60,20.3,92,10.0,1034.6,0.3,0.7,10,1345.5,0
2021-05-30 01:25:00,5,60,20.3,91,10.0,1034.5,0.0,0.7,11,1345.5,0
2021-05-30 01:30:00,5,60,20.3,91,10.0,1034.5,0.7,1.0,12,1345.5,0
2021-05-30 01:35:00,5,60,20.3,90,10.0,1034.5,1.0,2.0,5,1345.5,0
2021-05-30 01:40:00,5,60,20.3,90,10.0,1034.5,0.3,1.7,2,1345.5,0
2021-05-30 01:45:00,5,60,20.3,89,9.9,1034.5,0.0,0.7,1,1345.5,0
2021-05-30 01:50:00,5,60,20.3,89,9.8,1034.6,0.0,0.7,14,1345.5,0
2021-05-30 01:55:00,5,60,20.3,89,9.8,1034.6,0.0,0.7,4,1345.5,0
2021-05-30 02:00:00,5,60,20.3,88,9.6,1034.6,0.0,0.7,3,1345.5,0
2021-05-30 02:05:00,5,60,20.3,88,9.5,1034.6,0.3,0.7,6,1345.5,0
2021-05-30 02:10:00,5,60,20.3,88,9.3,1034.6,0.0,0.0,1,1345.5,0
2021-05-30 02:15:00,5,60,20.3,88,9.2,1034.6,0.3,0.7,1,1345.5,0
2021-05-30 02:20:00,5,60,20.2,88,9.2,1034.6,0.0,0.7,6,1345.5,0
2021-05-30 02:25:00,5,60,20.2,88,9.1,1034.5,1.0,2.0,4,1345.5,0
2021-05-30 02:30:00,5,60,20.2,88,9.0,1034.6,0.0,0.7,11,1345.5,0
2021-05-30 02:35:00,5,60,20.2,88,9.0,1034.6,0.3,1.0,13,1345.5,0
2021-05-30 02:40:00,5,60,20.1,88,8.9,1034.6,0.3,0.7,2,1345.5,0
2021-05-30 02:45:00,5,60,20.1,88,8.8,1034.6,0.0,0.0,0,1345.5,0
2021-05-30 02:50:00,5,60,20.1,89,8.7,1034.6,0.3,1.0,1,1345.5,0
2021-05-30 02:55:00,5,60,20.1,89,8.7,1034.7,0.0,1.0,1,1345.5,0
2021-05-30 03:00:00,5,60,20.0,89,8.7,1034.7,0.0,0.7,6,1345.5,0
2021-05-30 03:05:00,5,60,20.0,89,8.6,1034.6,0.3,1.7,2,1345.5,0
2021-05-30 03:10:00,5,60,20.0,88,8.6,1034.7,0.3,0.7,8,1345.5,0
2021-05-30 03:15:00,5,60,20.0,88,8.6,1034.7,0.0,0.7,15,1345.5,0
2021-05-30 03:20:00,5,60,20.0,89,8.6,1034.7,0.3,1.0,14,1345.5,0
2021-05-30 03:25:00,5,61,19.9,89,8.6,1034.8,0.7,1.0,14,1345.5,0
2021-05-30 03:30:00,5,61,19.9,89,8.6,1034.8,0.3,1.0,0,1345.5,0
2021-05-30 03:35:00,5,61,19.8,89,8.5,1034.8,0.0,0.7,0,1345.5,0
2021-05-30 03:40:00,5,61,19.8,89,8.4,1034.8,0.0,0.0,4,1345.5,0
2021-05-30 03:45:00,5,61,19.8,89,8.4,1034.9,0.0,0.0,3,1345.5,0
2021-05-30 03:50:00,5,61,19.8,89,8.3,1034.9,0.0,0.0,15,1345.5,0
2021-05-30 03:55:00,5,61,19.8,89,8.3,1035.0,0.0,0.7,15,1345.5,0
2021-05-30 04:00:00,5,61,19.8,89,8.3,1034.9,0.3,0.7,4,1345.5,0
2021-05-30 04:05:00,5,61,19.8,89,8.4,1035.1,0.3,0.7,0,1345.5,0
2021-05-30 04:10:00,5,61,19.7,89,8.5,1035.0,0.0,0.0,15,1345.5,0
2021-05-30 04:15:00,5,61,19.7,88,8.6,1035.1,0.3,1.0,0,1345.5,0
2021-05-30 04:20:00,5,61,19.7,88,8.7,1035.1,0.0,0.7,0,1345.5,0
2021-05-30 04:25:00,5,61,19.7,88,8.8,1035.0,0.0,0.0,15,1345.5,0
2021-05-30 04:30:00,5,61,19.8,87,8.9,1035.1,0.0,0.0,0,1345.5,0
2021-05-30 04:35:00,5,61,19.8,87,8.9,1034.9,0.0,0.7,2,1345.5,0
2021-05-30 04:40:00,5,60,19.8,87,9.1,1035.1,0.0,0.7,2,1345.5,0
2021-05-30 04:45:00,5,60,19.8,86,9.1,1034.9,0.7,1.7,14,1345.5,0
2021-05-30 04:50:00,5,60,19.9,86,9.4,1034.9,0.3,0.7,1,1345.5,0
2021-05-30 04:55:00,5,60,19.9,84,9.8,1034.8,0.3,1.0,1,1345.5,0
2021-05-30 05:00:00,5,58,20.0,83,10.0,1034.8,0.3,1.0,0,1345.5,0
2021-05-30 05:05:00,5,58,20.0,83,10.1,1034.9,0.3,1.0,15,1345.5,0
2021-05-30 05:10:00,5,59,20.1,83,10.3,1034.8,0.3,0.7,13,1345.5,0
2021-05-30 05:15:00,5,59,20.2,83,10.5,1034.8,0.0,0.7,4,1345.5,0
2021-05-30 05:20:00,5,59,20.3,82,10.4,1034.7,0.3,1.0,15,1345.5,0
2021-05-30 05:25:00,5,59,20.5,81,11.1,1034.3,0.0,1.0,11,1345.5,0
2021-05-30 05:30:00,5,58,20.6,81,10.8,1034.2,0.3,1.0,15,1345.5,0
2021-05-30 05:35:00,5,58,20.7,80,11.4,1034.1,0.0,0.7,5,1345.5,0
2021-05-30 05:40:00,5,57,21.0,80,11.4,1033.9,0.3,1.0,14,1345.5,0
2021-05-30 05:45:00,5,57,21.2,80,11.1,1033.6,0.3,2.0,14,1345.5,0
2021-05-30 05:50:00,5,56,21.3,81,11.1,1033.4,0.3,1.0,3,1345.5,0
2021-05-30 05:55:00,5,56,21.5,79,11.5,1033.3,0.3,1.0,2,1345.5,0
2021-05-30 06:00:00,5,56,21.7,78,11.7,1033.2,0.7,2.0,14,1345.5,0
2021-05-30 06:05:00,5,55,21.9,78,11.7,1032.9,0.7,2.0,14,1345.5,0
2021-05-30 06:10:00,5,54,22.1,79,11.9,1032.8,0.3,1.0,12,1345.5,0
2021-05-30 06:15:00,5,53,22.3,78,12.2,1032.5,0.3,1.0,1,1345.5,0
2021-05-30 06:20:00,5,53,22.4,77,12.2,1032.4,0.7,3.1,14,1345.5,0
2021-05-30 06:25:00,5,52,22.7,79,12.0,1032.1,0.3,1.0,4,1345.5,0
2021-05-30 06:30:00,5,52,22.9,78,12.5,1031.9,0.3,0.7,2,1345.5,0
2021-05-30 06:35:00,5,53,23.0,77,12.8,1031.7,0.3,1.0,11,1345.5,0
2021-05-30 06:40:00,5,53,23.2,76,12.9,1031.6,0.7,1.0,15,1345.5,0
2021-05-30 06:45:00,5,52,23.4,77,12.7,1031.3,0.3,1.7,1,1345.5,0
2021-05-30 06:50:00,5,52,23.6,77,12.7,1031.2,0.7,1.7,13,1345.5,0
2021-05-30 06:55:00,5,52,23.7,76,13.2,1031.0,0.3,1.0,3,1345.5,0
2021-05-30 07:00:00,5,52,23.8,78,12.9,1031.0,0.3,1.0,5,1345.5,0
2021-05-30 07:05:00,5,50,24.0,75,13.0,1030.7,0.7,1.7,14,1345.5,0
2021-05-30 07:10:00,5,50,24.1,76,13.4,1030.6,0.7,1.0,2,1345.5,0
2021-05-30 07:15:00,5,48,24.1,75,13.8,1030.7,0.3,1.0,3,1345.5,0
2021-05-30 07:20:00,5,48,23.9,74,14.2,1030.8,0.3,0.7,15,1345.5,0
2021-05-30 07:25:00,5,49,23.7,74,14.4,1031.1,0.0,0.7,13,1345.5,0
2021-05-30 07:30:00,5,49,23.6,74,13.8,1031.4,1.0,2.0,13,1345.5,0
2021-05-30 07:35:00,5,49,23.4,77,13.5,1031.5,0.7,1.7,15,1345.5,0
2021-05-30 07:40:00,5,49,23.3,74,14.6,1031.7,0.3,1.0,3,1345.5,0
2021-05-30 07:45:00,5,50,23.1,77,13.5,1031.8,1.0,2.0,14,1345.5,0
2021-05-30 07:50:00,5,50,23.0,76,13.8,1031.8,1.0,1.7,15,1345.5,0
2021-05-30 07:55:00,5,50,23.0,77,13.8,1031.9,0.3,1.0,0,1345.5,0
2021-05-30 08:00:00,5,50,23.0,73,15.1,1032.1,0.0,0.0,15,1345.5,0
2021-05-30 08:05:00,5,50,22.9,71,15.3,1032.0,0.3,0.7,15,1345.5,0
2021-05-30 08:10:00,5,50,22.9,74,14.7,1032.1,0.3,1.7,14,1345.5,0
2021-05-30 08:15:00,5,50,22.8,72,15.5,1032.1,0.3,1.0,10,1345.5,0
2021-05-30 08:20:00,5,50,22.8,71,15.8,1032.0,0.7,1.7,10,1345.5,0
2021-05-30 08:25:00,5,50,22.7,70,16.4,1032.1,0.3,0.7,7,1345.5,0
2021-05-30 08:30:00,5,50,22.7,69,16.6,1032.1,0.3,1.0,1,1345.5,0
2021-05-30 08:35:00,5,50,22.7,69,16.6,1032.2,0.7,1.0,11,1345.5,0
2021-05-30 08:40:00,5,50,22.7,71,16.5,1032.2,0.7,1.0,12,1345.5,0
2021-05-30 08:45:00,5,50,22.7,69,16.7,1032.1,0.7,1.0,15,1345.5,0
2021-05-30 08:50:00,5,51,22.7,69,16.6,1032.1,0.3,1.0,15,1345.5,0
2021-05-30 08:55:00,5,51,22.7,70,16.7,1032.2,0.7,1.0,10,1345.5,0
2021-05-30 09:00:00,5,51,22.7,68,16.7,1032.2,0.7,1.7,14,1345.5,0
2021-05-30 09:05:00,5,51,22.7,67,17.4,1032.2,0.3,1.0,12,1345.5,0
2021-05-30 09:10:00,5,51,22.7,67,17.6,1032.2,0.7,1.0,11,1345.5,0
2021-05-30 09:15:00,5,51,22.6,66,18.0,1032.2,0.3,1.7,12,1345.5,0
2021-05-30 09:20:00,5,51,22.6,67,17.8,1032.2,0.3,1.7,10,1345.5,0
2021-05-30 09:25:00,5,52,22.6,70,17.3,1032.1,0.3,0.7,2,1345.5,0
2021-05-30 09:30:00,5,52,22.7,68,17.4,1032.2,0.0,1.0,4,1345.5,0
2021-05-30 09:35:00,5,52,22.6,66,18.2,1032.2,0.3,0.7,14,1345.5,0
2021-05-30 09:40:00,5,52,22.6,66,18.4,1032.1,0.0,0.7,7,1345.5,0
2021-05-30 09:45:00,5,52,22.6,65,18.7,1032.1,0.3,1.0,14,1345.5,0
2021-05-30 09:50:00,5,52,22.6,65,18.6,1032.1,0.3,1.0,6,1345.5,0
2021-05-30 09:55:00,5,52,22.6,64,18.9,1032.1,0.3,0.7,7,1345.5,0
2021-05-30 10:00:00,5,52,22.6,63,18.8,1032.0,0.7,1.7,2,1345.5,0
2021-05-30 10:05:00,5,51,22.6,62,18.9,1032.2,0.3,1.0,14,1345.5,0
2021-05-30 10:10:00,5,51,22.6,62,19.0,1032.1,0.3,0.7,15,1345.5,0
2021-05-30 10:15:00,5,51,22.6,61,19.0,1032.1,0.7,1.7,0,1345.5,0
2021-05-30 10:20:00,5,50,22.5,61,18.7,1032.1,0.7,1.0,3,1345.5,0
2021-05-30 10:25:00,5,50,22.5,60,19.3,1032.0,0.7,1.7,4,1345.5,0
2021-05-30 10:30:00,5,50,22.5,61,19.3,1032.1,0.0,0.7,3,1345.5,0
2021-05-30 10:35:00,5,50,22.5,59,19.7,1031.9,0.3,1.0,3,1345.5,0
2021-05-30 10:40:00,5,50,22.5,57,19.7,1032.0,0.3,0.7,1,1345.5,0
2021-05-30 10:45:00,5,50,22.5,61,19.2,1031.9,0.3,0.7,4,1345.5,0
2021-05-30 10:50:00,5,50,22.6,58,19.5,1031.8,0.7,2.0,7,1345.5,0
2021-05-30 10:55:00,5,50,22.6,56,20.4,1031.8,0.7,1.0,15,1345.5,0
2021-05-30 11:00:00,5,50,22.6,55,20.3,1031.7,1.0,2.0,0,1345.5,0
2021-05-30 11:05:00,5,50,22.6,53,20.4,1031.7,0.3,1.7,13,1345.5,0
2021-05-30 11:10:00,5,50,22.6,53,20.1,1031.4,0.7,1.0,4,1345.5,0
2021-05-30 11:15:00,5,50,22.6,54,20.9,1031.4,0.7,1.7,7,1345.5,0
2021-05-30 11:20:00,5,49,22.6,52,20.5,1031.3,0.3,1.0,12,1345.5,0
2021-05-30 11:25:00,5,49,22.7,52,20.6,1031.4,1.0,2.0,6,1345.5,0
2021-05-30 11:30:00,5,50,22.7,52,20.8,1031.3,0.7,2.0,5,1345.5,0
2021-05-30 11:35:00,5,50,22.7,49,20.8,1031.1,1.0,1.7,13,1345.5,0
2021-05-30 11:40:00,5,50,22.7,49,20.8,1031.1,0.7,1.0,12,1345.5,0
2021-05-30 11:45:00,5,50,22.7,50,20.8,1031.0,0.3,1.7,0,1345.5,0
2021-05-30 11:50:00,5,50,22.7,48,20.9,1031.0,0.3,1.0,11,1345.5,0
2021-05-30 11:55:00,5,49,22.7,49,21.2,1031.0,0.3,1.0,4,1345.5,0
2021-05-30 12:00:00,5,49,22.7,49,21.2,1030.9,0.7,1.0,5,1345.5,0
2021-05-30 12:05:00,5,49,22.7,49,21.2,1030.9,0.7,1.0,5,1345.5,0
2021-05-30 12:10:00,5,49,22.7,48,21.3,1030.9,1.0,3.7,5,1345.5,0
2021-05-30 12:15:00,5,49,22.7,48,21.7,1030.9,0.3,1.7,12,1345.5,0
2021-05-30 12:20:00,5,49,22.7,47,22.0,1030.8,0.0,0.7,0,1345.5,0
2021-05-30 12:25:00,5,49,22.7,48,21.9,1030.8,0.3,1.0,14,1345.5,0
2021-05-30 12:30:00,5,49,22.7,47,21.9,1030.8,0.3,1.0,2,1345.5,0
2021-05-30 12:35:00,5,49,22.7,47,22.0,1030.5,0.3,1.0,2,1345.5,0
2021-05-30 12:40:00,5,49,22.7,47,22.4,1030.6,0.0,0.0,1,1345.5,0
2021-05-30 12:45:00,5,48,22.7,45,22.6,1030.7,0.3,1.0,1,1345.5,0
2021-05-30 12:50:00,5,48,22.7,46,22.6,1030.5,0.3,1.0,11,1345.5,0
2021-05-30 12:55:00,5,48,22.7,48,22.0,1030.5,0.0,0.0,11,1345.5,0
2021-05-30 13:00:00,5,48,22.7,47,21.9,1030.4,0.7,2.0,9,1345.5,0
2021-05-30 13:05:00,5,48,22.7,45,22.3,1030.6,0.3,1.0,5,1345.5,0
2021-05-30 13:10:00,5,48,22.7,46,21.6,1030.4,0.7,1.0,2,1345.5,0
2021-05-30 13:15:00,5,46,22.7,45,22.9,1030.3,0.3,0.7,0,1345.5,0
2021-05-30 13:20:00,5,44,22.7,44,22.6,1030.3,0.7,1.7,12,1345.5,0
2021-05-30 13:25:00,5,43,22.7,45,22.7,1030.3,0.7,1.0,4,1345.5,0
2021-05-30 13:30:00,5,42,22.7,42,23.4,1030.3,0.3,0.7,11,1345.5,0
2021-05-30 13:35:00,5,42,22.7,42,23.0,1030.2,0.7,1.0,12,1345.5,0
2021-05-30 13:40:00,5,42,22.7,44,22.5,1030.3,0.7,1.0,1,1345.5,0
2021-05-30 13:45:00,5,42,22.6,44,22.3,1030.1,0.3,1.7,1,1345.5,0
2021-05-30 13:50:00,5,41,22.6,43,22.2,1030.1,0.7,1.7,9,1345.5,0
2021-05-30 13:55:00,5,41,22.6,42,23.1,1030.0,0.3,1.0,0,1345.5,0
2021-05-30 14:00:00,5,41,22.6,43,23.0,1029.9,1.0,2.7,10,1345.5,0
2021-05-30 14:05:00,5,41,22.7,42,22.9,1029.9,1.0,2.0,2,1345.5,0
2021-05-30 14:10:00,5,40,22.7,43,22.7,1029.8,0.7,1.0,1,1345.5,0
2021-05-30 14:15:00,5,40,22.7,42,23.2,1029.8,0.3,1.7,3,1345.5,0
2021-05-30 14:20:00,5,40,22.7,41,23.4,1029.8,0.7,1.7,8,1345.5,0
2021-05-30 14:25:00,5,40,22.7,42,22.6,1029.6,1.4,3.1,6,1345.5,0
2021-05-30 14:30:01,5,40,22.7,41,23.2,1029.6,0.7,1.0,13,1345.5,0
2021-05-30 14:35:01,5,40,22.7,40,23.7,1029.7,0.7,1.7,1,1345.5,0
2021-05-30 14:40:01,5,41,22.7,41,22.7,1029.6,0.7,3.1,1,1345.5,0
2021-05-30 14:45:01,5,41,22.8,40,22.7,1029.5,1.0,2.0,14,1345.5,0
2021-05-30 14:50:01,5,41,22.9,41,22.8,1029.5,1.0,2.7,10,1345.5,0
2021-05-30 14:55:01,5,41,22.9,40,23.1,1029.4,0.7,1.7,10,1345.5,0
2021-05-30 15:00:01,5,41,22.9,41,22.7,1029.3,0.3,1.0,12,1345.5,0
2021-05-30 15:05:01,5,40,22.9,42,22.3,1029.2,1.4,2.7,3,1345.5,0
2021-05-30 15:10:01,5,39,23.0,40,22.9,1029.1,0.3,1.7,3,1345.5,0
2021-05-30 15:15:01,5,38,23.0,40,22.5,1029.1,0.7,2.0,15,1345.5,0
2021-05-30 15:20:01,5,37,23.0,39,22.8,1028.9,0.7,1.7,6,1345.5,0
2021-05-30 15:25:01,5,37,23.0,39,23.1,1028.9,1.0,2.7,14,1345.5,0
2021-05-30 15:30:01,5,37,23.0,38,22.7,1028.8,1.0,2.7,8,1345.5,0
2021-05-30 15:35:01,5,36,23.0,39,22.6,1028.9,0.7,1.0,12,1345.5,0
2021-05-30 15:40:01,5,36,23.0,39,22.1,1028.7,0.3,1.0,12,1345.5,0
2021-05-30 15:45:01,5,36,23.1,39,22.2,1028.6,0.7,1.0,11,1345.5,0
2021-05-30 15:50:01,5,35,23.1,40,22.2,1028.6,0.3,1.7,8,1345.5,0
2021-05-30 15:55:01,5,36,23.1,39,22.6,1028.5,0.7,1.7,0,1345.5,0
2021-05-30 16:00:01,5,36,23.1,38,22.7,1028.5,0.7,2.0,4,1345.5,0
2021-05-30 16:05:01,5,37,23.1,39,22.4,1028.5,1.7,4.8,11,1345.5,0
2021-05-30 16:10:01,5,37,23.1,40,22.2,1028.4,0.7,2.0,10,1345.5,0
2021-05-30 16:15:01,5,37,23.1,41,22.0,1028.4,0.7,4.1,14,1345.5,0
2021-05-30 16:20:01,5,37,23.1,40,22.1,1028.4,0.7,1.7,6,1345.5,0
2021-05-30 16:25:01,5,37,23.1,39,21.9,1028.4,0.7,1.7,3,1345.5,0
2021-05-30 16:30:01,5,37,23.1,39,21.8,1028.5,1.0,2.7,14,1345.5,0
2021-05-30 16:35:01,5,37,23.1,39,21.8,1028.4,0.7,2.0,3,1345.5,0
2021-05-30 16:40:01,5,36,23.0,39,21.7,1028.4,0.7,2.0,3,1345.5,0
2021-05-30 16:45:01,5,36,23.0,40,21.7,1028.4,0.7,2.0,12,1345.5,0
2021-05-30 16:50:01,5,35,23.0,40,21.6,1028.2,0.3,1.7,10,1345.5,0
2021-05-30 16:55:01,5,35,23.0,40,21.7,1028.3,0.0,0.7,10,1345.5,0
2021-05-30 17:00:01,5,36,23.0,41,21.6,1028.2,0.7,2.0,13,1345.5,0
2021-05-30 17:05:01,5,36,23.0,41,21.6,1028.2,0.7,1.7,3,1345.5,0
2021-05-30 17:10:01,5,36,23.0,53,21.4,1028.1,0.7,1.7,5,1345.5,0
2021-05-30 17:15:01,5,37,23.0,57,20.9,1028.1,0.3,1.0,1,1345.5,0
2021-05-30 17:20:01,5,37,23.0,58,20.9,1028.1,0.3,1.0,3,1345.5,0
2021-05-30 17:25:01,5,38,23.0,59,20.7,1028.0,0.3,1.0,15,1345.5,0
2021-05-30 17:30:01,5,39,23.0,59,20.6,1028.0,1.0,2.7,0,1345.5,0
2021-05-30 17:35:01,5,39,23.1,60,20.4,1028.0,0.0,0.7,4,1345.5,0
2021-05-30 17:40:01,5,40,23.0,61,20.4,1028.0,0.0,0.7,14,1345.5,0
2021-05-30 17:45:01,5,41,23.0,60,20.1,1028.0,1.0,2.7,15,1345.5,0
2021-05-30 17:50:01,5,41,23.0,61,20.1,1027.9,1.4,2.0,1,1345.5,0
2021-05-30 17:55:01,5,42,23.1,61,20.1,1028.0,0.7,1.0,14,1345.5,0
2021-05-30 18:00:01,5,42,23.1,61,20.0,1028.1,0.0,0.7,15,1345.5,0
2021-05-30 18:05:01,5,42,23.1,61,20.0,1028.0,0.0,0.7,15,1345.5,0
2021-05-30 18:10:01,5,43,23.0,62,19.7,1028.1,0.3,1.0,4,1345.5,0
2021-05-30 18:15:01,5,44,23.0,63,19.6,1028.1,1.0,1.7,15,1345.5,0
2021-05-30 18:20:01,5,44,23.0,64,19.6,1028.0,0.0,0.7,14,1345.5,0
2021-05-30 18:25:01,5,45,23.0,62,19.5,1028.1,0.3,1.0,3,1345.5,0
2021-05-30 18:30:01,5,45,23.0,63,19.4,1028.1,0.7,1.7,13,1345.5,0
2021-05-30 18:35:01,5,45,23.0,64,19.2,1028.0,0.7,2.0,0,1345.5,0
2021-05-30 18:40:01,5,46,23.0,64,19.2,1028.1,0.3,0.7,15,1345.5,0
2021-05-30 18:45:01,5,47,23.0,65,19.0,1028.1,0.3,0.7,0,1345.5,0
2021-05-30 18:50:01,5,48,23.0,66,18.9,1028.2,0.0,0.0,6,1345.5,0
2021-05-30 18:55:01,5,48,23.0,67,18.8,1028.2,0.0,0.0,14,1345.5,0
2021-05-30 19:00:01,5,49,22.9,68,18.6,1028.2,0.3,1.0,2,1345.5,0
2021-05-30 19:05:01,5,49,22.9,69,18.4,1028.3,0.3,1.0,0,1345.5,0
2021-05-30 19:10:01,5,49,22.9,70,18.4,1028.3,0.3,1.0,5,1345.5,0
2021-05-30 19:15:01,5,49,22.9,70,18.2,1028.2,0.3,1.0,0,1345.5,0
2021-05-30 19:20:01,5,49,22.9,71,18.0,1028.4,0.3,1.0,0,1345.5,0
2021-05-30 19:25:01,5,49,22.9,72,17.8,1028.4,0.3,1.7,13,1345.5,0
2021-05-30 19:30:01,5,49,22.8,73,17.7,1028.4,0.7,2.0,13,1345.5,0
2021-05-30 19:35:01,5,50,22.8,73,17.6,1028.4,0.7,1.0,2,1345.5,0
2021-05-30 19:40:01,5,50,22.7,74,17.5,1028.5,0.0,0.7,5,1345.5,0
2021-05-30 19:45:01,5,50,22.7,75,17.3,1028.4,0.3,0.7,2,1345.5,0
2021-05-30 19:50:01,5,50,22.7,76,17.1,1028.6,0.0,0.0,5,1345.5,0
2021-05-30 19:55:01,5,50,22.7,77,17.0,1028.5,0.3,1.0,4,1345.5,0
2021-05-30 20:00:01,5,50,22.7,77,16.9,1028.6,0.3,0.7,13,1345.5,0
2021-05-30 20:05:01,5,51,22.6,78,16.8,1028.7,0.7,1.7,14,1345.5,0
2021-05-30 20:10:01,5,51,22.6,78,16.7,1028.7,0.0,0.0,14,1345.5,0
2021-05-30 20:15:01,5,51,22.6,79,16.6,1028.7,0.0,0.7,2,1345.5,0
2021-05-30 20:20:01,5,51,22.6,79,16.5,1028.7,0.0,0.0,2,1345.5,0
2021-05-30 20:25:01,5,52,22.6,79,16.5,1028.8,0.0,0.0,15,1345.5,0
2021-05-30 20:30:01,5,52,22.6,80,16.4,1028.7,0.3,1.7,15,1345.5,0
2021-05-30 20:35:01,5,52,22.5,80,16.3,1028.8,0.0,0.7,1,1345.5,0
2021-05-30 20:40:01,5,52,22.5,81,16.2,1028.8,0.0,0.7,1,1345.5,0
2021-05-30 20:45:01,5,52,22.5,81,16.2,1028.9,0.7,1.0,1,1345.5,0
2021-05-30 20:50:01,5,52,22.5,81,16.2,1028.9,0.0,0.0,1,1345.5,0
2021-05-30 20:55:01,5,53,22.5,81,16.0,1028.8,0.0,0.7,1,1345.5,0
2021-05-30 21:00:01,5,53,22.4,82,16.0,1028.9,0.7,1.7,12,1345.5,0
2021-05-30 21:05:01,5,53,22.4,82,16.0,1028.9,0.0,0.7,3,1345.5,0
2021-05-30 21:10:01,5,53,22.4,82,15.9,1029.0,0.0,0.7,3,1345.5,0
2021-05-30 21:15:01,5,53,22.3,82,15.8,1028.9,0.3,1.0,4,1345.5,0
2021-05-30 21:20:01,5,53,22.3,82,15.8,1029.0,0.3,1.0,1,1345.5,0
2021-05-30 21:25:01,5,53,22.3,82,15.7,1028.9,0.3,1.0,3,1345.5,0
2021-05-30 21:30:01,5,53,22.3,83,15.6,1028.9,0.7,1.7,13,1345.5,0
2021-05-30 21:35:01,5,53,22.3,83,15.5,1028.9,0.7,2.0,12,1345.5,0
2021-05-30 21:40:01,5,53,22.3,83,15.4,1028.9,0.3,0.7,2,1345.5,0
2021-05-30 21:45:01,5,53,22.3,84,15.3,1028.9,0.7,1.7,15,1345.5,0
2021-05-30 21:50:01,5,53,22.2,84,15.2,1029.0,0.7,2.0,13,1345.5,0
2021-05-30 21:55:01,5,53,22.2,84,15.2,1029.0,0.3,1.0,3,1345.5,0
2021-05-30 22:00:01,5,54,22.2,84,15.0,1029.1,0.0,0.0,15,1345.5,0
2021-05-30 22:05:01,5,54,22.2,84,15.0,1029.0,0.0,1.0,3,1345.5,0
2021-05-30 22:10:01,5,54,22.2,84,14.8,1029.2,0.0,0.0,4,1345.5,0
2021-05-30 22:15:01,5,54,22.1,85,14.8,1029.1,0.3,1.0,15,1345.5,0
2021-05-30 22:20:01,5,54,22.1,84,14.8,1029.2,0.3,0.7,15,1345.5,0
2021-05-30 22:25:01,5,54,22.1,84,14.7,1029.1,0.0,0.0,0,1345.5,0
2021-05-30 22:30:01,5,54,22.1,84,14.7,1029.1,0.0,0.0,2,1345.5,0
2021-05-30 22:35:01,5,54,22.1,84,14.7,1029.2,0.3,1.0,1,1345.5,0
2021-05-30 22:40:01,5,55,22.0,84,14.5,1029.1,0.0,0.7,15,1345.5,0
2021-05-30 22:45:01,5,55,22.0,85,14.4,1029.1,0.3,1.0,14,1345.5,0
2021-05-30 22:50:01,5,55,22.0,85,14.4,1029.2,0.0,0.7,3,1345.5,0
2021-05-30 22:55:01,5,56,21.9,85,14.4,1029.2,0.0,0.0,0,1345.5,0
2021-05-30 23:00:01,5,56,21.9,85,14.3,1029.1,0.7,1.0,1,1345.5,0
2021-05-30 23:05:01,5,57,21.9,84,14.3,1029.3,0,0.7,15,1345.5,0
2021-05-30 23:10:01,5,57,21.9,84,14.2,1029.2,0,0,3,1345.5,0
2021-05-30 23:15:01,5,57,21.9,85,14.1,1029.2,0,0,15,1345.5,0
2021-05-30 23:20:01,5,58,21.9,85,13.9,1029.2,0,0,15,1345.5,0
2021-05-30 23:25:01,5,57,21.9,85,13.8,1029.4,0,0,1,1345.5,0
2021-05-30 23:30:01,5,57,21.9,85,13.8,1029.2,0,0.7,15,1345.5,0
2021-05-30 23:35:01,5,58,21.8,84,13.8,1029.2,0,0,1,1345.5,0
2021-05-30 23:40:01,5,58,21.8,84,13.8,1029.2,0.3,0.7,14,1345.5,0
2021-05-30 23:45:01,5,58,21.8,83,13.8,1029.3,0,0.7,15,1345.5,0
2021-05-30 23:50:01,5,58,21.8,83,13.7,1029.2,0.3,1.0,15,1345.5,0
2021-05-30 23:55:01,5,58,21.8,83,13.6,1029.2,0,0.7,1,1345.5,0
