2022-09-24 00:02:02,5,67,21.0,95,13.4,1017.5,0.0,0.7,4,2718.6,0
2022-09-24 00:07:02,5,67,21.0,95,13.3,1017.5,0.0,0.0,8,2718.6,0
2022-09-24 00:12:02,5,68,20.9,95,13.3,1017.4,0.0,1.0,5,2718.6,0
2022-09-24 00:17:02,5,68,20.9,95,13.2,1017.5,0.3,0.7,7,2718.6,0
2022-09-24 00:22:02,5,68,20.9,95,13.2,1017.4,0.3,0.7,9,2718.6,0
2022-09-24 00:27:02,5,68,20.9,95,13.1,1017.4,0.7,1.0,5,2718.6,0
2022-09-24 00:32:02,5,68,20.9,95,13.1,1017.3,0.7,2.0,7,2718.6,0
2022-09-24 00:37:02,5,68,20.9,95,13.1,1017.2,0.7,1.0,7,2718.6,0
2022-09-24 00:42:02,5,68,20.9,94,13.1,1017.2,0.0,0.0,8,2718.6,0
2022-09-24 00:47:02,5,68,20.9,94,13.1,1017.2,0.0,0.0,5,2718.6,0
2022-09-24 00:52:02,5,68,20.9,94,13.2,1017.2,0.3,0.7,10,2718.6,0
2022-09-24 00:57:02,5,68,20.9,94,13.2,1017.2,0.3,0.7,8,2718.6,0
2022-09-24 01:02:02,5,68,20.8,94,13.3,1017.2,0.0,0.0,9,2718.6,0
2022-09-24 01:07:02,5,68,20.8,94,13.3,1017.1,0.0,0.0,10,2718.6,0
2022-09-24 01:12:02,5,68,20.8,94,13.3,1017.1,0.0,0.0,8,2718.6,0
2022-09-24 01:17:02,5,68,20.7,94,13.2,1017.1,0.0,0.0,8,2718.6,0
2022-09-24 01:22:02,5,68,20.7,95,13.2,1017.1,0.0,0.0,10,2718.6,0
2022-09-24 01:27:02,5,68,20.7,95,13.2,1017.0,0.3,1.0,7,2718.6,0
2022-09-24 01:32:02,5,68,20.7,95,13.1,1017.0,0.3,1.0,7,2718.6,0
2022-09-24 01:37:02,5,68,20.7,95,13.2,1016.9,0.0,0.0,10,2718.6,0
2022-09-24 01:42:02,5,68,20.7,95,13.1,1016.9,0.0,0.0,6,2718.6,0
2022-09-24 01:47:02,5,68,20.7,95,13.1,1016.9,0.0,0.7,7,2718.6,0
2022-09-24 01:52:02,5,68,20.7,95,13.1,1016.8,0.0,0.7,9,2718.6,0
2022-09-24 01:57:02,5,68,20.7,95,13.2,1016.7,0.0,0.0,6,2718.6,0
2022-09-24 02:02:02,5,68,20.7,95,13.2,1016.7,0.0,0.0,11,2718.6,0
2022-09-24 02:07:02,5,68,20.7,95,13.1,1016.7,0.0,0.0,7,2718.6,0
2022-09-24 02:12:02,5,68,20.7,95,13.1,1016.8,0.0,0.0,12,2718.9,0
2022-09-24 02:17:02,5,68,20.6,95,13.2,1016.6,0.0,0.0,12,2718.9,0
2022-09-24 02:22:02,5,68,20.7,95,13.1,1016.6,0.0,0.0,7,2718.9,0
2022-09-24 02:27:02,5,68,20.7,95,13.2,1016.6,0.0,0.0,6,2718.9,0
2022-09-24 02:32:02,5,68,20.6,95,13.1,1016.5,0.0,0.0,11,2718.9,0
2022-09-24 02:37:02,5,68,20.6,95,13.2,1016.5,0.0,0.0,5,2718.9,0
2022-09-24 02:42:02,5,68,20.6,95,13.1,1016.3,0.0,0.0,10,2718.9,0
2022-09-24 02:47:02,5,68,20.6,95,13.2,1016.4,0.0,0.0,12,2718.9,0
2022-09-24 02:52:02,5,68,20.6,95,13.2,1016.4,0.0,0.0,12,2718.9,0
2022-09-24 02:57:02,5,68,20.6,95,13.2,1016.3,0.0,0.0,9,2718.9,0
2022-09-24 03:02:02,5,68,20.6,95,13.2,1016.4,0.0,0.0,11,2719.2,0
2022-09-24 03:07:02,5,68,20.6,96,13.2,1016.3,0.0,0.0,12,2719.2,0
2022-09-24 03:12:02,5,68,20.6,96,13.2,1016.4,0.0,0.0,11,2719.2,0
2022-09-24 03:17:02,5,68,20.6,96,13.1,1016.4,0.0,0.0,11,2719.2,0
2022-09-24 03:22:02,5,68,20.6,96,13.1,1016.3,0.0,0.0,7,2719.2,0
2022-09-24 03:27:02,5,68,20.6,96,13.1,1016.4,0.0,0.0,7,2719.2,0
2022-09-24 03:32:02,5,68,20.6,96,13.1,1016.2,0.0,0.0,9,2719.2,0
2022-09-24 03:37:02,5,68,20.6,96,13.2,1016.3,0.0,0.7,12,2719.2,0
2022-09-24 03:42:02,5,68,20.5,96,13.2,1016.3,0.0,0.0,6,2719.2,0
2022-09-24 03:47:02,5,68,20.5,96,13.1,1016.3,0.0,0.0,6,2719.2,0
2022-09-24 03:52:02,5,68,20.5,96,13.1,1016.4,0.3,1.0,6,2719.2,0
2022-09-24 03:57:02,5,68,20.5,96,13.1,1016.3,0.0,0.0,8,2719.2,0
2022-09-24 04:02:02,5,68,20.5,96,13.1,1016.2,0.0,0.0,7,2719.2,0
2022-09-24 04:07:02,5,68,20.5,96,13.2,1016.3,0.0,0.0,7,2719.2,0
2022-09-24 04:12:02,5,68,20.5,96,13.2,1016.5,0.0,0.0,6,2719.2,0
2022-09-24 04:17:02,5,68,20.5,96,13.2,1016.4,0.0,0.0,7,2719.2,0
2022-09-24 04:22:02,5,68,20.5,96,13.2,1016.2,0.0,0.0,6,2719.2,0
2022-09-24 04:27:02,5,68,20.5,96,13.1,1016.3,0.0,0.7,6,2719.2,0
2022-09-24 04:32:02,5,68,20.5,96,13.2,1016.2,0.0,0.7,8,2719.2,0
2022-09-24 04:37:02,5,68,20.5,96,13.2,1016.1,0.3,0.7,8,2719.2,0
2022-09-24 04:42:02,5,68,20.4,96,13.2,1016.1,0.0,0.0,10,2719.2,0
2022-09-24 04:47:02,5,68,20.4,96,13.2,1016.1,0.0,0.7,7,2719.2,0
2022-09-24 04:52:02,5,68,20.4,96,13.2,1016.2,0.0,0.7,6,2719.2,0
2022-09-24 04:57:02,5,68,20.4,96,13.2,1016.2,0.0,0.0,6,2719.2,0
2022-09-24 05:02:02,5,68,20.4,96,13.2,1016.3,0.3,1.0,6,2719.2,0
2022-09-24 05:07:02,5,68,20.4,96,13.2,1016.3,0.0,0.7,6,2719.2,0
2022-09-24 05:12:02,5,68,20.4,96,13.2,1016.4,0.0,0.7,8,2719.2,0
2022-09-24 05:17:02,5,68,20.4,96,13.2,1016.4,0.0,0.0,6,2719.2,0
2022-09-24 05:22:02,5,68,20.4,96,13.2,1016.3,0.3,0.7,8,2719.2,0
2022-09-24 05:27:02,5,68,20.4,96,13.2,1016.5,0.0,0.0,6,2719.2,0
2022-09-24 05:32:02,5,68,20.4,96,13.2,1016.5,0.0,0.7,6,2719.2,0
2022-09-24 05:37:02,5,68,20.4,96,13.2,1016.5,0.0,0.0,5,2719.2,0
2022-09-24 05:42:02,5,68,20.4,96,13.3,1016.4,0.0,0.7,6,2719.2,0
2022-09-24 05:47:02,5,68,20.4,96,13.3,1016.5,0.0,0.0,6,2719.2,0
2022-09-24 05:52:02,5,68,20.4,96,13.3,1016.6,0.0,0.7,6,2719.2,0
2022-09-24 05:57:02,5,68,20.4,96,13.3,1016.6,0.0,0.0,6,2719.2,0
2022-09-24 06:02:02,5,68,20.4,96,13.3,1016.6,0.0,0.0,5,2719.2,0
2022-09-24 06:07:02,5,68,20.4,96,13.3,1016.7,0.0,0.0,5,2719.2,0
2022-09-24 06:12:02,5,68,20.4,96,13.3,1016.7,0.0,0.0,6,2719.2,0
2022-09-24 06:17:02,5,68,20.4,96,13.3,1016.6,0.0,0.0,6,2719.2,0
2022-09-24 06:22:02,5,68,20.4,96,13.3,1016.7,0.0,0.0,6,2719.2,0
2022-09-24 06:27:02,5,68,20.4,97,13.4,1016.8,0.0,0.0,6,2719.2,0
2022-09-24 06:32:02,5,68,20.4,97,13.3,1016.8,0.0,0.0,6,2719.5,0
2022-09-24 06:37:02,5,68,20.4,97,13.4,1016.9,0.0,0.0,6,2719.5,0
2022-09-24 06:42:02,5,69,20.4,97,13.4,1016.8,0.0,0.0,6,2719.5,0
2022-09-24 06:47:02,5,69,20.4,97,13.4,1016.9,0.0,0.0,6,2719.8,0
2022-09-24 06:52:02,5,69,20.4,97,13.4,1016.9,0.0,0.0,6,2719.8,0
2022-09-24 06:57:02,5,69,20.4,97,13.4,1017.0,0.0,0.0,6,2719.8,0
2022-09-24 07:02:02,5,69,20.4,97,13.4,1016.9,0.0,0.0,6,2720.1,0
2022-09-24 07:07:02,5,69,20.4,97,13.4,1017.0,0.0,0.0,6,2720.1,0
2022-09-24 07:12:02,5,69,20.4,97,13.4,1016.9,0.7,1.0,6,2720.4,0
2022-09-24 07:17:02,5,70,20.4,97,13.5,1017.1,0.0,0.7,5,2720.4,0
2022-09-24 07:22:02,5,70,20.4,97,13.5,1017.0,0.0,0.7,6,2720.4,0
2022-09-24 07:27:02,5,70,20.4,97,13.6,1017.0,0.3,0.7,7,2720.4,0
2022-09-24 07:32:02,5,71,20.5,97,13.6,1016.9,0.7,1.0,6,2720.4,0
2022-09-24 07:37:02,5,71,20.5,97,13.8,1017.0,0.3,0.7,7,2720.7,0
2022-09-24 07:42:02,5,71,20.5,97,13.9,1016.9,0.0,0.0,7,2720.7,0
2022-09-24 07:47:02,5,71,20.5,97,13.8,1016.9,0.0,0.0,7,2720.7,0
2022-09-24 07:52:02,5,71,20.5,97,13.8,1017.0,0.0,0.0,1,2720.7,0
2022-09-24 07:57:02,5,71,20.5,97,13.8,1017.0,0.3,1.7,14,2720.7,0
2022-09-24 08:02:02,5,71,20.5,97,13.9,1017.0,0.0,0.7,15,2720.7,0
2022-09-24 08:07:02,5,71,20.5,97,13.9,1017.1,0.7,1.7,14,2720.7,0
2022-09-24 08:12:02,5,71,20.5,97,14.0,1017.1,0.3,1.0,0,2720.7,0
2022-09-24 08:17:02,5,71,20.5,97,14.1,1017.2,0.0,1.0,5,2720.7,0
2022-09-24 08:22:02,5,71,20.6,97,13.9,1017.2,0.7,2.0,1,2720.7,0
2022-09-24 08:27:02,5,71,20.6,97,13.9,1017.3,0.7,1.7,5,2720.7,0
2022-09-24 08:32:02,5,70,20.6,97,13.9,1017.3,0.3,1.0,0,2720.7,0
2022-09-24 08:37:02,5,70,20.6,97,13.9,1017.4,0.7,2.0,14,2720.7,0
2022-09-24 08:42:02,5,71,20.6,97,14.0,1017.4,0.0,0.7,14,2721.0,0
2022-09-24 08:47:02,5,71,20.6,97,14.1,1017.5,0.3,0.7,1,2721.0,0
2022-09-24 08:52:02,5,71,20.6,97,13.9,1017.5,0.7,1.7,14,2721.0,0
2022-09-24 08:57:02,5,71,20.6,97,13.9,1017.5,0.3,1.0,10,2721.3,0
2022-09-24 09:02:02,5,71,20.6,97,14.0,1017.5,0.3,1.0,13,2721.3,0
2022-09-24 09:07:02,5,71,20.7,97,14.1,1017.5,0.0,0.0,13,2721.3,0
2022-09-24 09:12:02,5,71,20.7,97,14.1,1017.6,0.3,1.0,0,2721.3,0
2022-09-24 09:17:02,5,71,20.7,97,13.9,1017.6,0.3,1.0,14,2721.3,0
2022-09-24 09:22:02,5,71,20.7,97,13.8,1017.6,0.3,1.0,1,2721.3,0
2022-09-24 09:27:02,5,70,20.7,97,13.6,1017.6,1.0,2.0,0,2721.3,0
2022-09-24 09:32:02,5,70,20.7,97,13.6,1017.6,0.3,1.7,15,2721.3,0
2022-09-24 09:37:02,5,70,20.7,97,13.6,1017.6,0.7,1.0,14,2721.6,0
2022-09-24 09:42:02,5,70,20.7,97,13.6,1017.6,0.7,1.7,2,2721.6,0
2022-09-24 09:47:02,5,70,20.7,97,13.7,1017.7,0.3,0.7,13,2721.6,0
2022-09-24 09:52:02,5,70,20.7,97,13.6,1017.7,0.0,0.7,15,2721.6,0
2022-09-24 09:57:02,5,70,20.7,97,13.6,1017.7,0.3,0.7,14,2721.6,0
2022-09-24 10:02:02,5,70,20.7,97,13.7,1017.7,0.3,1.0,0,2721.6,0
2022-09-24 10:07:02,5,70,20.7,97,13.5,1017.8,0.7,1.7,2,2721.9,0
2022-09-24 10:12:02,5,70,20.7,97,13.4,1017.8,0.7,1.7,13,2721.9,0
2022-09-24 10:17:02,5,70,20.7,97,13.5,1017.8,0.3,1.0,1,2721.9,0
2022-09-24 10:22:02,5,70,20.7,97,13.6,1017.9,0.3,1.0,1,2721.9,0
2022-09-24 10:27:02,5,70,20.7,97,13.5,1017.8,0.3,1.7,0,2721.9,0
2022-09-24 10:32:02,5,70,20.7,97,13.6,1017.9,0.7,1.0,14,2721.9,0
2022-09-24 10:37:02,5,70,20.6,97,13.5,1017.9,0.3,0.7,14,2721.9,0
2022-09-24 10:42:02,5,70,20.6,97,13.5,1017.9,0.3,1.0,15,2722.2,0
2022-09-24 10:47:02,5,70,20.6,97,13.5,1017.9,0.7,1.7,14,2722.2,0
2022-09-24 10:52:02,5,70,20.6,97,13.6,1018.0,0.3,0.7,14,2722.2,0
2022-09-24 10:57:02,5,70,20.6,97,13.6,1018.0,0.3,1.0,2,2722.2,0
2022-09-24 11:02:02,5,70,20.6,97,13.7,1018.0,0.7,2.0,0,2722.2,0
2022-09-24 11:07:02,5,70,20.6,97,13.7,1018.1,0.0,0.7,12,2722.2,0
2022-09-24 11:12:02,5,70,20.6,97,13.8,1018.3,0.3,0.7,1,2722.5,0
2022-09-24 11:17:02,5,70,20.6,96,13.8,1018.2,0.3,1.0,1,2722.5,0
2022-09-24 11:22:02,5,70,20.6,96,13.6,1018.3,1.4,3.1,2,2722.5,0
2022-09-24 11:27:02,5,70,20.6,96,13.5,1018.2,1.7,4.1,14,2722.5,0
2022-09-24 11:32:02,5,70,20.6,96,13.6,1018.2,1.0,2.0,14,2722.5,0
2022-09-24 11:37:02,5,70,20.6,96,13.6,1018.2,0.7,1.0,1,2722.8,0
2022-09-24 11:42:02,5,70,20.7,97,13.7,1018.2,1.0,2.7,9,2722.8,0
2022-09-24 11:47:02,5,70,20.7,97,13.7,1018.2,0.3,1.0,0,2723.1,0
2022-09-24 11:52:02,5,70,20.7,97,13.5,1018.3,0.7,2.0,15,2723.1,0
2022-09-24 11:57:02,5,70,20.7,97,13.5,1018.2,0.3,1.7,13,2723.4,0
2022-09-24 12:02:02,5,69,20.7,97,13.5,1018.3,0.7,2.0,9,2723.4,0
2022-09-24 12:07:02,5,70,20.7,97,13.5,1018.3,0.7,2.0,1,2723.7,0
2022-09-24 12:12:02,5,70,20.7,97,13.5,1018.3,0.7,1.7,15,2723.7,0
2022-09-24 12:17:02,5,70,20.8,97,13.8,1018.3,0.3,0.7,3,2724.0,0
2022-09-24 12:22:02,5,70,20.8,97,13.8,1018.2,0.3,0.7,14,2724.0,0
2022-09-24 12:27:02,5,70,20.9,97,14.0,1018.2,0.0,0.7,2,2724.0,0
2022-09-24 12:32:02,5,70,20.9,97,14.0,1018.2,0.3,0.7,0,2724.3,0
2022-09-24 12:37:02,5,70,20.9,97,14.1,1018.2,0.3,1.0,13,2724.3,0
2022-09-24 12:42:02,5,70,20.9,97,14.0,1018.2,0.3,0.7,14,2724.3,0
2022-09-24 12:47:02,5,70,20.9,97,13.9,1018.3,0.3,1.0,1,2724.3,0
2022-09-24 12:52:02,5,69,20.9,96,13.9,1018.2,1.0,2.0,0,2724.3,0
2022-09-24 12:57:02,5,69,20.9,96,13.8,1018.2,0.7,1.7,6,2724.6,0
2022-09-24 13:02:02,5,69,20.9,96,13.9,1018.3,0.7,1.0,13,2724.6,0
2022-09-24 13:07:02,5,68,21.0,96,14.1,1018.3,0.0,1.0,13,2724.6,0
2022-09-24 13:12:02,5,68,21.0,96,14.0,1018.3,0.3,1.0,15,2724.6,0
2022-09-24 13:17:02,5,68,21.0,96,14.1,1018.3,0.7,1.7,5,2724.6,0
2022-09-24 13:22:02,5,68,21.0,96,14.0,1018.2,0.0,1.0,15,2724.9,0
2022-09-24 13:27:02,5,68,21.0,96,14.0,1018.2,0.7,1.7,7,2724.9,0
2022-09-24 13:32:02,5,68,21.1,96,13.9,1018.3,0.7,1.7,2,2724.9,0
2022-09-24 13:37:02,5,68,21.1,96,13.9,1018.2,0.0,0.7,12,2724.9,0
2022-09-24 13:42:02,5,68,21.1,96,13.9,1018.2,0.3,1.0,4,2724.9,0
2022-09-24 13:47:02,5,68,21.1,96,13.7,1018.3,1.0,1.7,13,2725.2,0
2022-09-24 13:52:02,5,68,21.1,96,13.8,1018.3,0.3,1.0,14,2725.2,0
2022-09-24 13:57:02,5,69,21.2,96,14.0,1018.4,0.0,0.0,14,2725.2,0
2022-09-24 14:02:02,5,69,21.2,95,14.0,1018.3,0.7,1.0,15,2725.2,0
2022-09-24 14:07:02,5,69,21.2,95,14.2,1018.2,0.3,0.7,15,2725.2,0
2022-09-24 14:12:02,5,69,21.3,95,14.2,1018.2,0.3,1.7,14,2725.2,0
2022-09-24 14:17:02,5,69,21.3,95,14.3,1018.3,0.7,1.7,13,2725.2,0
2022-09-24 14:22:02,5,69,21.3,95,14.3,1018.2,0.3,1.7,14,2725.2,0
2022-09-24 14:27:02,5,69,21.3,95,14.5,1018.2,0.0,0.7,15,2725.2,0
2022-09-24 14:32:02,5,68,21.3,95,14.3,1018.0,0.0,0.7,14,2725.2,0
2022-09-24 14:37:02,5,67,21.3,95,14.1,1018.1,0.3,0.7,1,2725.2,0
2022-09-24 14:42:02,5,66,21.2,95,14.0,1018.2,0.3,1.0,4,2725.5,0
2022-09-24 14:47:02,5,66,21.1,95,14.1,1018.2,0.3,1.0,14,2725.5,0
2022-09-24 14:52:02,5,67,21.1,95,14.1,1018.5,0.0,0.7,15,2725.5,0
2022-09-24 14:57:02,5,67,21.1,94,14.1,1018.5,0.3,0.7,2,2725.5,0
2022-09-24 15:02:02,5,66,21.1,94,14.1,1018.5,0.3,0.7,14,2725.5,0
2022-09-24 15:07:02,5,66,21.2,94,14.0,1018.5,0.3,1.0,15,2725.5,0
2022-09-24 15:12:02,5,65,21.1,94,13.9,1018.3,0.7,1.0,15,2725.5,0
2022-09-24 15:17:02,5,64,21.1,94,13.9,1018.4,0.3,1.0,14,2725.5,0
2022-09-24 15:22:02,5,64,21.1,94,14.0,1018.5,0.0,0.7,1,2725.5,0
2022-09-24 15:27:02,5,65,21.1,94,14.1,1018.5,0.0,1.0,11,2725.5,0
2022-09-24 15:32:02,5,66,21.1,94,14.0,1018.6,0.0,0.7,14,2725.8,0
2022-09-24 15:37:02,5,66,21.1,94,14.1,1018.6,0.3,0.7,15,2725.8,0
2022-09-24 15:42:02,5,67,21.1,94,14.1,1018.6,0.0,0.7,14,2725.8,0
2022-09-24 15:47:02,5,68,21.1,94,13.9,1018.6,0.0,0.7,15,2725.8,0
2022-09-24 15:52:02,5,68,21.1,94,14.1,1018.7,0.0,0.0,14,2725.8,0
2022-09-24 15:57:02,5,68,21.0,94,14.1,1018.7,0.0,0.0,15,2725.8,0
2022-09-24 16:02:02,5,69,21.0,94,14.0,1018.6,0.0,0.0,13,2725.8,0
2022-09-24 16:07:02,5,68,21.0,94,14.1,1018.8,0.0,0.0,14,2725.8,0
2022-09-24 16:12:02,5,68,21.0,93,13.8,1018.8,0.0,0.0,0,2725.8,0
2022-09-24 16:17:02,5,68,20.9,93,13.8,1018.8,0.3,0.7,13,2725.8,0
2022-09-24 16:22:02,5,69,20.9,93,14.0,1019.1,0.0,0.7,12,2725.8,0
2022-09-24 16:27:02,5,69,21.0,92,13.9,1019.0,0.7,1.0,13,2725.8,0
2022-09-24 16:32:02,5,69,21.1,92,14.0,1019.0,0.0,0.7,3,2725.8,0
2022-09-24 16:37:02,5,70,21.1,91,13.9,1019.1,0.3,0.7,14,2725.8,0
2022-09-24 16:42:02,5,70,21.2,90,14.0,1019.0,0.7,2.0,12,2725.8,0
2022-09-24 16:47:02,5,69,21.2,90,14.1,1019.0,0.3,0.7,14,2725.8,0
2022-09-24 16:52:02,5,69,21.2,90,14.1,1019.0,0.3,1.0,4,2725.8,0
2022-09-24 16:57:02,5,70,21.3,90,14.1,1019.0,0.3,0.7,15,2725.8,0
2022-09-24 17:02:02,5,69,21.3,89,14.1,1019.1,0.3,1.0,3,2725.8,0
2022-09-24 17:07:02,5,69,21.3,89,14.1,1019.1,0.3,1.0,3,2725.8,0
2022-09-24 17:12:02,5,69,21.3,89,14.1,1019.1,0.0,0.7,14,2725.8,0
2022-09-24 17:17:02,5,69,21.3,88,14.2,1019.1,0.7,1.0,7,2725.8,0
2022-09-24 17:22:02,5,69,21.2,88,14.2,1019.3,0.0,0.7,0,2725.8,0
2022-09-24 17:27:02,5,69,21.2,88,14.1,1019.3,0.0,0.7,1,2725.8,0
2022-09-24 17:32:02,5,69,21.2,88,14.0,1019.3,0.0,0.7,15,2725.8,0
2022-09-24 17:37:02,5,69,21.2,88,13.9,1019.3,0.7,1.0,3,2725.8,0
2022-09-24 17:42:02,5,69,21.2,88,13.9,1019.3,0.0,0.0,15,2725.8,0
2022-09-24 17:47:02,5,69,21.2,88,13.9,1019.4,0.0,0.7,1,2725.8,0
2022-09-24 17:52:02,5,69,21.2,88,13.9,1019.5,0.0,0.0,1,2725.8,0
2022-09-24 17:57:02,5,69,21.2,88,13.8,1019.6,0.0,0.7,4,2725.8,0
2022-09-24 18:02:02,5,69,21.1,88,13.9,1019.7,0.3,0.7,3,2725.8,0
2022-09-24 18:07:02,5,69,21.1,88,13.8,1019.7,0.3,0.7,0,2725.8,0
2022-09-24 18:12:02,5,69,21.1,88,13.7,1019.8,0.3,0.7,15,2725.8,0
2022-09-24 18:17:02,5,69,21.1,88,13.7,1019.9,0.3,0.7,1,2725.8,0
2022-09-24 18:22:02,5,70,21.1,89,13.6,1019.9,0.0,0.0,4,2725.8,0
2022-09-24 18:27:02,5,70,21.1,89,13.6,1019.9,0.0,0.7,4,2725.8,0
2022-09-24 18:32:02,5,70,21.1,88,13.5,1020.2,0.3,1.0,15,2725.8,0
2022-09-24 18:37:02,5,70,21.1,88,13.5,1020.2,0.3,0.7,1,2725.8,0
2022-09-24 18:42:02,5,69,21.0,88,13.4,1020.3,0.7,1.0,1,2725.8,0
2022-09-24 18:47:02,5,69,21.0,87,13.5,1020.3,0.7,1.0,13,2725.8,0
2022-09-24 18:52:02,5,69,21.0,86,13.4,1020.3,0.0,0.7,1,2725.8,0
2022-09-24 18:57:02,5,69,21.0,86,13.4,1020.2,0.3,0.7,0,2725.8,0
2022-09-24 19:02:02,5,70,20.9,86,13.4,1020.3,0.3,0.7,3,2725.8,0
2022-09-24 19:07:02,5,70,20.9,86,13.3,1020.4,0.3,1.0,2,2725.8,0
2022-09-24 19:12:02,5,70,20.9,86,13.3,1020.4,0.3,1.0,3,2725.8,0
2022-09-24 19:17:02,5,70,20.9,86,13.3,1020.4,0.7,1.7,14,2725.8,0
2022-09-24 19:22:02,5,70,20.9,86,13.2,1020.6,0.3,1.7,14,2725.8,0
2022-09-24 19:27:02,5,70,20.9,86,13.2,1020.6,0.3,0.7,15,2725.8,0
2022-09-24 19:32:02,5,70,20.9,86,13.1,1020.5,0.3,0.7,14,2725.8,0
2022-09-24 19:37:02,5,70,20.9,87,13.1,1020.7,0.0,0.7,15,2725.8,0
2022-09-24 19:42:02,5,70,20.9,87,13.0,1020.7,0.3,0.7,15,2725.8,0
2022-09-24 19:47:02,5,71,20.9,87,12.9,1020.7,0.3,1.0,15,2725.8,0
2022-09-24 19:52:02,5,71,20.9,87,12.9,1020.7,0.7,1.0,15,2725.8,0
2022-09-24 19:57:02,5,71,20.9,88,12.8,1020.8,0.7,1.7,2,2725.8,0
2022-09-24 20:02:02,5,70,20.9,88,12.7,1020.9,0.0,0.7,1,2725.8,0
2022-09-24 20:07:02,5,70,20.9,88,12.6,1020.8,0.3,0.7,15,2725.8,0
2022-09-24 20:12:02,5,70,20.9,89,12.5,1021.0,0.0,0.7,15,2725.8,0
2022-09-24 20:17:02,5,70,20.8,89,12.4,1021.0,0.0,0.0,2,2725.8,0
2022-09-24 20:22:02,5,70,20.8,89,12.4,1021.0,0.0,0.0,0,2725.8,0
2022-09-24 20:27:02,5,70,20.7,89,12.3,1021.1,0.0,0.0,0,2725.8,0
2022-09-24 20:32:02,5,70,20.7,89,12.2,1021.2,0.0,0.7,15,2725.8,0
2022-09-24 20:37:02,5,70,20.7,90,12.2,1021.2,0.0,0.0,2,2725.8,0
2022-09-24 20:42:02,5,70,20.7,90,12.2,1021.3,0.3,0.7,3,2725.8,0
2022-09-24 20:47:02,5,70,20.6,90,12.0,1021.3,0.0,0.0,3,2725.8,0
2022-09-24 20:52:02,5,70,20.6,90,11.9,1021.3,0.0,0.0,3,2725.8,0
2022-09-24 20:57:02,5,70,20.6,90,11.9,1021.3,0.0,0.7,1,2725.8,0
2022-09-24 21:02:02,5,70,20.6,91,11.8,1021.5,0.3,0.7,15,2725.8,0
2022-09-24 21:07:02,5,70,20.6,91,11.8,1021.3,0.0,0.7,15,2725.8,0
2022-09-24 21:12:02,5,70,20.6,91,11.7,1021.5,0.3,0.7,15,2725.8,0
2022-09-24 21:17:02,5,70,20.6,91,11.8,1021.4,0.0,0.7,0,2725.8,0
2022-09-24 21:22:02,5,70,20.5,91,11.8,1021.4,0.3,1.0,15,2725.8,0
2022-09-24 21:27:02,5,70,20.5,91,11.7,1021.5,0.3,0.7,15,2725.8,0
2022-09-24 21:32:02,5,70,20.5,91,11.7,1021.6,0.3,0.7,15,2725.8,0
2022-09-24 21:37:02,5,70,20.5,91,11.7,1021.6,0.0,0.7,15,2725.8,0
2022-09-24 21:42:02,5,70,20.5,91,11.7,1021.7,0.0,0.0,1,2725.8,0
2022-09-24 21:47:02,5,70,20.5,91,11.6,1021.6,0.3,0.7,1,2725.8,0
2022-09-24 21:52:02,5,70,20.5,91,11.6,1021.6,0.3,1.7,15,2725.8,0
2022-09-24 21:57:02,5,70,20.5,91,11.5,1021.6,0.0,0.7,15,2725.8,0
2022-09-24 22:02:02,5,70,20.4,91,11.5,1021.7,0.0,0.0,15,2725.8,0
2022-09-24 22:07:02,5,70,20.4,91,11.4,1021.6,0.0,0.0,2,2725.8,0
2022-09-24 22:12:02,5,70,20.4,91,11.3,1021.7,0.0,0.7,2,2725.8,0
2022-09-24 22:17:02,5,70,20.4,92,11.3,1021.8,0.0,0.0,2,2725.8,0
2022-09-24 22:22:02,5,70,20.4,92,11.1,1021.9,0.0,0.0,2,2725.8,0
2022-09-24 22:27:02,5,70,20.4,92,11.1,1021.8,0.0,0.7,2,2725.8,0
2022-09-24 22:32:02,5,70,20.3,92,11.1,1021.7,0.0,0.0,2,2725.8,0
2022-09-24 22:37:02,5,70,20.3,92,11.0,1021.8,0.0,0.0,2,2725.8,0
2022-09-24 22:42:02,5,70,20.3,93,11.0,1021.8,0.0,0.0,2,2725.8,0
2022-09-24 22:47:02,5,70,20.3,93,10.9,1021.9,0.0,0.0,2,2725.8,0
2022-09-24 22:52:02,5,70,20.3,93,10.8,1021.8,0.0,0.0,2,2725.8,0
2022-09-24 22:57:02,5,70,20.3,93,10.8,1021.9,0.0,0.0,2,2725.8,0
2022-09-24 23:02:02,5,70,20.2,93,10.9,1021.8,0.3,1.0,14,2725.8,0
2022-09-24 23:07:02,5,70,20.2,93,10.8,1021.9,0,0,0,2725.8,0
2022-09-24 23:12:02,5,70,20.2,93,10.9,1022.0,0.3,1.0,1,2725.8,0
2022-09-24 23:17:02,5,70,20.2,93,10.9,1022.0,0,0,1,2725.8,0
2022-09-24 23:22:02,5,70,20.1,93,10.9,1022.1,0,0,13,2725.8,0
2022-09-24 23:27:02,5,70,20.1,93,10.9,1022.1,0,0.7,1,2725.8,0
2022-09-24 23:32:02,5,70,20.1,93,10.9,1021.9,0,0.7,1,2725.8,0
2022-09-24 23:37:02,5,70,20.1,93,10.9,1022.0,0,0.7,1,2725.8,0
2022-09-24 23:42:02,5,70,20.1,93,10.7,1022.1,0,0.7,1,2725.8,0
2022-09-24 23:47:02,5,70,20.1,93,10.8,1022.0,0,0.7,0,2725.8,0
2022-09-24 23:52:02,5,70,20.1,93,10.7,1022.0,0,0,0,2725.8,0
2022-09-24 23:57:02,5,70,20.1,93,10.6,1022.1,0,0,1,2725.8,0
