2022-09-28 00:20:20,30,71,19.0,98,8.1,1002.3,0.3,1.0,6,2784.9,0
2022-09-28 00:50:20,30,72,18.9,98,7.7,1002.4,0.3,1.0,5,2784.9,0
2022-09-28 01:20:20,30,72,18.7,98,7.8,1002.6,0.0,0.7,6,2784.9,0
2022-09-28 01:50:20,30,73,18.6,98,8.2,1002.8,0.3,0.7,4,2785.2,0
2022-09-28 02:20:20,30,72,18.5,98,8.3,1002.6,0.3,0.7,7,2787.0,0
2022-09-28 02:50:20,30,72,18.4,98,7.9,1002.7,0.0,0.0,4,2787.0,0
2022-09-28 03:20:20,30,72,18.4,98,8.2,1002.9,0.0,0.0,6,2787.0,0
2022-09-28 03:50:20,30,72,18.3,98,8.2,1003.0,0.0,0.0,6,2787.0,0
2022-09-28 04:20:20,30,72,18.3,98,8.2,1002.9,0.0,0.0,6,2787.0,0
2022-09-28 04:50:20,30,72,18.2,98,8.3,1003.3,0.0,0.0,5,2787.6,0
2022-09-28 05:20:20,30,73,18.3,98,8.5,1003.2,0.3,0.7,7,2787.9,0
2022-09-28 05:50:20,30,71,20.0,98,8.3,1001.8,0.7,1.0,6,2787.9,0
2022-09-28 06:20:20,30,66,21.1,98,8.5,1000.6,0.0,0.0,6,2787.9,0
2022-09-28 06:50:20,30,64,21.6,97,9.2,1000.0,0.3,0.7,7,2788.2,0
2022-09-28 07:20:20,30,63,23.0,96,9.9,998.9,1.4,2.0,5,2788.2,0
2022-09-28 07:50:20,30,62,23.8,94,11.3,998.3,1.0,1.7,6,2788.2,0
2022-09-28 08:20:20,30,62,23.6,91,11.3,998.9,0.7,1.7,6,2788.5,0
2022-09-28 08:50:20,30,61,24.1,86,13.0,998.6,0.3,0.7,6,2788.5,0
2022-09-28 09:20:20,30,61,24.3,83,13.4,998.7,1.0,2.0,9,2788.5,0
2022-09-28 09:50:20,30,60,24.4,85,13.2,998.8,1.7,2.7,5,2788.5,0
2022-09-28 10:20:20,30,61,24.0,81,13.8,999.3,1.7,2.7,7,2788.5,0
2022-09-28 10:50:20,30,61,24.0,78,15.4,999.3,0.3,1.0,6,2788.5,0
2022-09-28 11:20:20,30,62,23.6,76,14.6,999.7,1.4,1.7,6,2788.5,0
2022-09-28 11:50:20,30,63,23.3,77,15.1,999.9,0.3,1.0,2,2788.5,0
2022-09-28 12:20:20,30,63,23.0,83,13.2,1000.4,1.0,2.7,3,2788.5,0
2022-09-28 12:50:20,30,62,22.7,80,13.2,1000.7,1.0,2.0,6,2788.5,0
2022-09-28 13:20:20,30,63,22.6,83,12.7,1001.1,1.0,2.7,7,2788.5,0
2022-09-28 13:50:20,30,62,22.5,85,12.3,1001.4,0.3,1.0,7,2788.5,0
2022-09-28 14:20:20,30,62,22.4,83,12.6,1001.3,0.7,1.7,3,2788.5,0
2022-09-28 14:50:20,30,56,21.8,80,11.9,1001.6,0.7,1.7,7,2788.5,0
2022-09-28 15:20:20,30,55,21.1,82,11.6,1002.5,0.3,1.0,6,2788.5,0
2022-09-28 15:50:20,30,64,21.1,83,12.2,1002.8,0.3,1.0,7,2788.5,0
2022-09-28 16:20:20,30,61,21.2,83,11.9,1002.4,0.0,0.0,6,2788.5,0
2022-09-28 16:50:20,30,62,20.7,84,11.5,1003.1,0.3,1.0,6,2788.5,0
2022-09-28 17:20:20,30,64,20.9,87,10.7,1003.3,0.0,0.7,5,2788.5,0
2022-09-28 17:50:20,30,65,20.9,87,10.2,1003.3,0.0,0.0,5,2788.5,0
2022-09-28 18:20:20,30,65,20.7,91,9.0,1003.6,0.0,0.0,5,2788.5,0
2022-09-28 18:50:02,30,66,20.6,93,8.6,1004.0,0.0,0.0,5,2788.5,0
2022-09-28 19:20:02,30,66,20.4,94,8.6,1004.2,0.0,0.0,5,2788.5,0
2022-09-28 19:50:02,30,67,20.3,94,8.6,1004.4,0.0,0.0,5,2788.5,0
2022-09-28 20:20:02,30,67,20.2,94,8.4,1004.7,0.0,0.0,5,2788.5,0
2022-09-28 20:50:02,30,66,20.1,95,7.8,1004.7,0.0,0.0,5,2788.5,0
2022-09-28 21:20:02,30,68,20.0,96,7.5,1004.8,0.0,0.0,5,2788.5,0
2022-09-28 21:50:02,30,69,19.9,96,7.5,1004.9,0.0,0.0,5,2788.5,0
2022-09-28 22:20:02,30,69,19.8,96,7.1,1005.3,0.0,0.0,6,2788.5,0
2022-09-28 22:50:02,30,69,19.7,96,7.0,1005.6,0.0,0.0,6,2788.5,0
2022-09-28 23:20:02,30,69,19.5,97,6.9,1005.6,0,0,6,2788.5,0
2022-09-28 23:50:02,30,69,19.3,97,7.3,1005.6,0,0,9,2788.5,0
