2022-09-19 00:02:01,5,69,20.4,95,9.9,1024.1,0.0,0.0,2,2716.5,0
2022-09-19 00:07:01,5,68,20.4,95,9.9,1024.1,0.0,0.0,2,2716.5,0
2022-09-19 00:12:01,5,68,20.4,95,9.9,1024.1,0.0,0.7,3,2716.5,0
2022-09-19 00:17:01,5,68,20.4,95,10.0,1024.2,0.0,0.0,3,2716.5,0
2022-09-19 00:22:01,5,68,20.3,94,10.1,1024.1,0.0,0.0,3,2716.5,0
2022-09-19 00:27:01,5,68,20.3,94,10.2,1024.2,0.0,0.0,3,2716.5,0
2022-09-19 00:32:01,5,69,20.3,94,10.4,1024.1,0.0,0.7,3,2716.5,0
2022-09-19 00:37:01,5,69,20.3,93,10.5,1024.3,0.0,0.0,4,2716.5,0
2022-09-19 00:42:01,5,69,20.3,93,10.6,1024.3,0.0,0.0,9,2716.5,0
2022-09-19 00:47:01,5,69,20.3,92,10.8,1024.3,0.3,1.7,7,2716.5,0
2022-09-19 00:52:01,5,69,20.3,91,10.8,1024.2,0.0,0.0,5,2716.5,0
2022-09-19 00:57:01,5,69,20.3,91,10.7,1024.3,0.0,0.0,4,2716.5,0
2022-09-19 01:02:01,5,69,20.3,92,10.5,1024.3,0.0,0.0,4,2716.5,0
2022-09-19 01:07:01,5,68,20.3,92,10.3,1024.3,0.0,0.0,4,2716.5,0
2022-09-19 01:12:01,5,68,20.3,92,10.1,1024.4,0.0,0.0,4,2716.5,0
2022-09-19 01:17:01,5,68,20.3,93,10.1,1024.4,0.0,0.0,4,2716.5,0
2022-09-19 01:22:01,5,68,20.3,93,10.0,1024.5,0.0,0.0,4,2716.8,0
2022-09-19 01:27:01,5,68,20.3,93,10.0,1024.3,0.0,0.0,3,2716.8,0
2022-09-19 01:32:01,5,68,20.3,93,9.8,1024.4,0.0,0.0,3,2716.8,0
2022-09-19 01:37:01,5,68,20.2,93,9.9,1024.5,0.0,0.0,4,2716.8,0
2022-09-19 01:42:01,5,68,20.2,94,10.0,1024.5,0.0,0.7,3,2716.8,0
2022-09-19 01:47:01,5,68,20.2,94,10.2,1024.6,0.0,0.0,3,2716.8,0
2022-09-19 01:52:01,5,68,20.2,94,10.2,1024.5,0.0,0.0,3,2716.8,0
2022-09-19 01:57:01,5,68,20.2,94,10.3,1024.6,0.0,0.0,3,2716.8,0
2022-09-19 02:02:01,5,69,20.2,94,10.2,1024.7,0.0,0.0,3,2716.8,0
2022-09-19 02:07:01,5,69,20.1,94,10.2,1024.6,0.0,0.0,3,2716.8,0
2022-09-19 02:12:01,5,68,20.2,94,10.1,1024.7,0.0,0.0,3,2716.8,0
2022-09-19 02:17:01,5,69,20.1,94,10.1,1024.7,0.0,0.0,3,2716.8,0
2022-09-19 02:22:01,5,69,20.1,94,10.1,1024.9,0.0,0.0,3,2716.8,0
2022-09-19 02:27:01,5,68,20.1,94,10.0,1024.9,0.0,0.0,4,2716.8,0
2022-09-19 02:32:01,5,68,20.1,94,10.0,1024.8,0.0,0.0,3,2716.8,0
2022-09-19 02:37:01,5,69,20.1,94,9.9,1024.9,0.0,0.7,4,2716.8,0
2022-09-19 02:42:01,5,68,20.1,94,9.7,1024.9,0.0,0.7,3,2716.8,0
2022-09-19 02:47:01,5,68,20.1,94,9.5,1024.8,0.0,0.0,3,2716.8,0
2022-09-19 02:52:01,5,68,20.1,94,9.4,1024.8,0.0,0.0,3,2716.8,0
2022-09-19 02:57:01,5,68,20.0,94,9.4,1024.8,0.0,0.0,3,2716.8,0
2022-09-19 03:02:01,5,68,20.0,94,9.3,1024.9,0.0,0.0,3,2716.8,0
2022-09-19 03:07:01,5,68,20.0,94,9.2,1024.8,0.0,0.0,3,2716.8,0
2022-09-19 03:12:01,5,68,20.0,95,9.1,1024.9,0.0,0.0,3,2716.8,0
2022-09-19 03:17:01,5,68,20.0,95,9.2,1024.9,0.0,0.0,3,2716.8,0
2022-09-19 03:22:01,5,69,19.9,95,9.1,1024.9,0.0,0.0,3,2716.8,0
2022-09-19 03:27:01,5,69,19.9,95,9.1,1024.8,0.0,0.0,3,2716.8,0
2022-09-19 03:32:01,5,69,19.8,95,8.9,1024.9,0.0,0.0,3,2716.8,0
2022-09-19 03:37:01,5,69,19.8,95,8.8,1025.0,0.0,0.0,3,2716.8,0
2022-09-19 03:42:01,5,69,19.8,95,8.6,1025.0,0.0,0.0,3,2716.8,0
2022-09-19 03:47:01,5,69,19.8,95,8.6,1025.0,0.0,0.0,3,2716.8,0
2022-09-19 03:52:01,5,69,19.8,95,8.3,1025.0,0.0,0.0,3,2716.8,0
2022-09-19 03:57:01,5,69,19.8,95,8.5,1025.1,0.0,0.0,3,2716.8,0
2022-09-19 04:02:01,5,69,19.8,95,8.4,1025.2,0.0,0.0,3,2716.8,0
2022-09-19 04:07:01,5,69,19.8,95,8.3,1025.2,0.0,0.0,3,2716.8,0
2022-09-19 04:12:01,5,69,19.8,96,8.4,1025.2,0.0,0.0,3,2716.8,0
2022-09-19 04:17:01,5,69,19.8,96,8.5,1025.3,0.0,0.0,3,2716.8,0
2022-09-19 04:22:01,5,69,19.7,96,8.5,1025.3,0.0,0.0,3,2716.8,0
2022-09-19 04:27:01,5,69,19.8,96,8.3,1025.4,0.0,0.0,3,2716.8,0
2022-09-19 04:32:01,5,69,19.8,96,8.3,1025.5,0.0,0.0,3,2716.8,0
2022-09-19 04:37:01,5,69,19.8,96,8.1,1025.4,0.0,0.0,3,2716.8,0
2022-09-19 04:42:01,5,69,19.7,96,8.1,1025.7,0.0,0.0,3,2716.8,0
2022-09-19 04:47:01,5,69,19.7,96,8.3,1025.6,0.0,0.0,3,2716.8,0
2022-09-19 04:52:01,5,69,19.7,96,8.3,1025.7,0.0,0.0,3,2716.8,0
2022-09-19 04:57:01,5,69,19.7,96,8.4,1025.7,0.0,0.0,3,2716.8,0
2022-09-19 05:02:01,5,69,19.7,96,8.4,1025.6,0.0,0.0,3,2716.8,0
2022-09-19 05:07:01,5,69,19.7,96,8.5,1025.6,0.0,0.0,3,2716.8,0
2022-09-19 05:12:01,5,69,19.7,96,8.4,1025.7,0.0,0.0,3,2716.8,0
2022-09-19 05:17:01,5,70,19.7,96,8.4,1025.6,0.0,0.0,3,2716.8,0
2022-09-19 05:22:01,5,70,20.0,96,8.3,1025.5,0.0,0.0,3,2716.8,0
2022-09-19 05:27:01,5,70,20.2,96,8.2,1025.3,0.0,0.0,3,2716.8,0
2022-09-19 05:32:01,5,69,20.5,96,8.2,1025.1,0.0,0.0,3,2716.8,0
2022-09-19 05:37:01,5,68,20.7,96,8.1,1024.9,0.0,0.0,3,2716.8,0
2022-09-19 05:42:01,5,66,21.0,96,8.1,1024.6,0.0,0.0,3,2716.8,0
2022-09-19 05:47:01,5,65,21.2,97,8.2,1024.5,0.0,0.0,3,2716.8,0
2022-09-19 05:52:01,5,64,21.3,97,8.4,1024.3,0.0,0.0,3,2716.8,0
2022-09-19 05:57:01,5,64,21.5,97,8.5,1024.2,0.0,0.0,3,2716.8,0
2022-09-19 06:02:01,5,63,21.7,97,8.6,1024.1,0.0,0.0,3,2716.8,0
2022-09-19 06:07:01,5,63,21.7,97,8.9,1024.0,0.0,0.0,3,2716.8,0
2022-09-19 06:12:01,5,63,21.8,97,9.3,1024.0,0.0,0.0,3,2716.8,0
2022-09-19 06:17:01,5,63,21.9,97,10.0,1023.8,0.0,0.0,3,2716.8,0
2022-09-19 06:22:01,5,61,22.2,97,10.4,1023.7,0.0,0.0,3,2716.8,0
2022-09-19 06:27:01,5,61,22.3,97,10.3,1023.4,0.0,0.0,3,2716.8,0
2022-09-19 06:32:01,5,60,22.5,96,10.5,1023.5,0.0,0.7,3,2716.8,0
2022-09-19 06:37:01,5,60,22.6,96,10.8,1023.4,0.0,0.0,3,2716.8,0
2022-09-19 06:42:01,5,60,22.8,95,11.2,1023.2,0.0,0.7,3,2716.8,0
2022-09-19 06:47:01,5,62,23.0,92,11.8,1023.0,0.0,0.7,3,2716.8,0
2022-09-19 06:52:01,5,62,23.1,88,12.3,1023.0,0.0,0.0,3,2716.8,0
2022-09-19 06:57:01,5,62,23.2,85,12.8,1023.1,0.0,0.0,3,2716.8,0
2022-09-19 07:02:01,5,62,23.3,82,12.9,1023.0,0.0,0.0,3,2716.8,0
2022-09-19 07:07:01,5,61,23.3,82,13.1,1022.9,0.0,0.7,3,2716.8,0
2022-09-19 07:12:01,5,62,23.3,82,13.0,1023.0,0.0,0.0,2,2716.8,0
2022-09-19 07:17:01,5,62,23.2,82,13.0,1023.2,0.0,0.7,3,2716.8,0
2022-09-19 07:22:01,5,62,23.2,81,13.2,1023.1,0.3,1.7,3,2716.8,0
2022-09-19 07:27:01,5,62,23.3,80,13.3,1023.1,0.0,0.7,2,2716.8,0
2022-09-19 07:32:01,5,62,23.3,79,13.5,1023.0,0.0,0.0,2,2716.8,0
2022-09-19 07:37:01,5,62,23.4,78,14.3,1023.1,0.0,0.7,3,2716.8,0
2022-09-19 07:42:01,5,62,23.7,74,15.5,1022.9,0.0,0.7,3,2716.8,0
2022-09-19 07:47:01,5,62,23.8,73,15.5,1022.6,0.0,0.7,3,2716.8,0
2022-09-19 07:52:01,5,61,24.1,70,15.8,1022.4,0.3,0.7,2,2716.8,0
2022-09-19 07:57:01,5,61,24.3,71,16.5,1022.3,0.0,0.7,3,2716.8,0
2022-09-19 08:02:01,5,60,24.5,70,16.5,1022.3,0.0,0.0,2,2716.8,0
2022-09-19 08:07:01,5,60,24.7,68,16.3,1022.1,0.0,0.7,3,2716.8,0
2022-09-19 08:12:01,5,59,24.8,68,16.5,1022.0,0.0,0.0,1,2716.8,0
2022-09-19 08:17:01,5,58,25.0,66,16.7,1021.9,0.3,1.0,3,2716.8,0
2022-09-19 08:22:01,5,57,25.0,67,17.1,1021.9,0.0,0.7,2,2716.8,0
2022-09-19 08:27:01,5,57,25.1,65,16.8,1021.7,0.0,0.7,3,2716.8,0
2022-09-19 08:32:01,5,57,25.2,67,16.7,1021.7,0.7,1.7,1,2716.8,0
2022-09-19 08:37:01,5,56,25.1,68,16.3,1021.8,0.7,1.0,2,2716.8,0
2022-09-19 08:42:01,5,56,25.1,68,15.8,1022.1,1.0,1.7,0,2716.8,0
2022-09-19 08:47:01,5,56,25.0,69,15.7,1022.2,0.7,1.7,3,2716.8,0
2022-09-19 08:52:01,5,57,24.9,71,15.9,1022.4,0.0,0.0,2,2716.8,0
2022-09-19 08:57:01,5,57,24.7,71,15.6,1022.6,0.0,0.7,15,2716.8,0
2022-09-19 09:02:01,5,58,24.6,69,16.4,1022.7,0.7,1.7,15,2716.8,0
2022-09-19 09:07:01,5,58,24.7,66,16.8,1022.6,0.3,0.7,2,2716.8,0
2022-09-19 09:12:01,5,58,24.9,65,16.6,1022.3,0.7,1.7,12,2716.8,0
2022-09-19 09:17:01,5,58,24.9,67,16.7,1022.4,0.3,1.7,4,2716.8,0
2022-09-19 09:22:01,5,57,25.0,63,17.0,1022.3,0.7,2.0,6,2716.8,0
2022-09-19 09:27:01,5,58,24.9,63,16.8,1022.4,0.7,1.7,2,2716.8,0
2022-09-19 09:32:01,5,58,24.9,64,16.7,1022.5,0.7,1.7,1,2716.8,0
2022-09-19 09:37:01,5,58,24.7,63,16.6,1022.7,0.7,1.0,3,2716.8,0
2022-09-19 09:42:01,5,58,24.6,63,16.3,1022.8,0.3,1.0,15,2716.8,0
2022-09-19 09:47:01,5,58,24.4,64,16.2,1023.0,1.0,1.7,1,2716.8,0
2022-09-19 09:52:01,5,58,24.3,64,16.6,1023.1,1.4,3.1,15,2716.8,0
2022-09-19 09:57:01,5,59,24.3,64,17.0,1023.2,0.3,1.0,0,2716.8,0
2022-09-19 10:02:01,5,59,24.3,62,16.9,1023.1,1.7,3.1,2,2716.8,0
2022-09-19 10:07:01,5,59,24.3,63,17.2,1023.1,0.3,1.7,2,2716.8,0
2022-09-19 10:12:01,5,59,24.2,61,16.8,1023.2,0.7,1.0,0,2716.8,0
2022-09-19 10:17:01,5,59,24.1,63,16.8,1023.3,1.0,3.7,14,2716.8,0
2022-09-19 10:22:01,5,59,24.1,62,16.6,1023.3,1.0,1.7,7,2716.8,0
2022-09-19 10:27:01,5,59,24.1,62,17.0,1023.4,0.3,1.0,2,2716.8,0
2022-09-19 10:32:01,5,60,24.0,61,17.0,1023.4,0.7,1.7,0,2716.8,0
2022-09-19 10:37:01,5,60,24.0,61,17.1,1023.3,0.7,2.0,14,2716.8,0
2022-09-19 10:42:01,5,60,24.1,58,17.7,1023.5,1.4,3.7,2,2716.8,0
2022-09-19 10:47:01,5,60,24.1,59,17.9,1023.5,0.7,1.0,13,2716.8,0
2022-09-19 10:52:01,5,60,24.1,58,17.3,1023.5,1.4,3.1,2,2716.8,0
2022-09-19 10:57:01,5,60,24.1,59,17.5,1023.5,1.0,2.0,3,2716.8,0
2022-09-19 11:02:01,5,60,24.1,58,17.9,1023.4,1.0,2.0,10,2716.8,0
2022-09-19 11:07:01,5,60,24.1,55,18.7,1023.5,1.0,2.0,3,2716.8,0
2022-09-19 11:12:01,5,60,24.1,53,19.6,1023.4,0.7,1.7,4,2716.8,0
2022-09-19 11:17:01,5,60,24.1,53,19.0,1023.4,1.4,2.7,3,2716.8,0
2022-09-19 11:22:01,5,60,24.1,55,18.7,1023.4,0.7,2.0,0,2716.8,0
2022-09-19 11:27:01,5,60,24.1,57,17.5,1023.6,0.7,1.0,6,2716.8,0
2022-09-19 11:32:01,5,60,24.0,56,17.6,1023.5,0.7,1.7,14,2716.8,0
2022-09-19 11:37:01,5,61,23.9,56,18.0,1023.5,0.3,1.0,7,2716.8,0
2022-09-19 11:42:01,5,61,23.8,55,17.5,1023.7,0.3,1.0,7,2716.8,0
2022-09-19 11:47:01,5,61,23.8,55,17.3,1023.7,1.0,2.7,1,2716.8,0
2022-09-19 11:52:01,5,61,23.7,56,17.9,1023.7,0.3,0.7,3,2716.8,0
2022-09-19 11:57:01,5,61,23.7,53,18.5,1023.7,1.4,2.7,7,2716.8,0
2022-09-19 12:02:01,5,61,23.6,51,18.9,1023.8,1.0,2.0,1,2716.8,0
2022-09-19 12:07:01,5,62,23.6,49,19.1,1023.8,1.0,2.0,2,2716.8,0
2022-09-19 12:12:01,5,62,23.6,50,19.1,1023.8,0.3,1.0,8,2716.8,0
2022-09-19 12:17:01,5,62,23.6,49,18.7,1023.8,0.7,2.0,0,2716.8,0
2022-09-19 12:22:01,5,62,23.4,52,18.7,1023.9,0.3,1.0,4,2716.8,0
2022-09-19 12:27:01,5,62,23.4,50,18.6,1023.9,1.0,2.7,1,2716.8,0
2022-09-19 12:32:01,5,62,23.4,50,18.6,1023.9,1.0,2.7,4,2716.8,0
2022-09-19 12:37:01,5,62,23.4,49,18.6,1023.9,1.4,2.7,6,2716.8,0
2022-09-19 12:42:01,5,62,23.4,50,19.3,1023.9,0.3,1.7,12,2716.8,0
2022-09-19 12:47:01,5,62,23.4,57,17.9,1024.1,1.0,2.0,3,2716.8,0
2022-09-19 12:52:01,5,62,23.3,59,17.4,1024.0,0.7,2.0,5,2716.8,0
2022-09-19 12:57:01,5,62,23.3,57,17.7,1024.3,1.4,3.7,8,2716.8,0
2022-09-19 13:02:01,5,62,23.3,56,18.1,1024.2,0.7,1.0,2,2716.8,0
2022-09-19 13:07:01,5,62,23.3,63,17.6,1024.4,1.0,4.1,0,2716.8,0
2022-09-19 13:12:01,5,62,23.3,68,16.5,1024.4,0.3,1.0,6,2716.8,0
2022-09-19 13:17:01,5,62,23.3,69,16.3,1024.4,1.4,2.7,4,2716.8,0
2022-09-19 13:22:01,5,62,23.3,68,16.2,1024.3,1.0,2.0,3,2716.8,0
2022-09-19 13:27:01,5,62,23.3,67,16.3,1024.5,1.7,2.7,3,2716.8,0
2022-09-19 13:32:01,5,62,23.4,68,16.3,1024.6,1.4,3.1,0,2716.8,0
2022-09-19 13:37:01,5,62,23.4,69,16.2,1024.4,0.7,1.7,14,2716.8,0
2022-09-19 13:42:01,5,62,23.4,73,16.0,1024.5,0.3,1.0,9,2716.8,0
2022-09-19 13:47:01,5,62,23.4,74,15.8,1024.5,1.0,2.0,1,2716.8,0
2022-09-19 13:52:01,5,62,23.4,76,15.6,1024.3,1.0,1.7,2,2716.8,0
2022-09-19 13:57:01,5,62,23.4,75,15.6,1024.4,0.7,1.0,0,2716.8,0
2022-09-19 14:02:01,5,62,23.4,75,16.1,1024.4,0.7,1.0,14,2716.8,0
2022-09-19 14:07:01,5,62,23.4,71,16.2,1024.4,1.4,2.0,3,2716.8,0
2022-09-19 14:12:01,5,62,23.4,71,16.7,1024.3,0.3,1.0,14,2716.8,0
2022-09-19 14:17:01,5,62,23.5,70,16.9,1024.1,0.7,1.7,6,2716.8,0
2022-09-19 14:22:01,5,62,23.5,71,16.5,1024.4,0.7,1.7,15,2716.8,0
2022-09-19 14:27:01,5,62,23.5,76,15.1,1024.4,1.4,2.0,3,2716.8,0
2022-09-19 14:32:01,5,62,23.5,81,14.5,1024.4,0.3,0.7,1,2716.8,0
2022-09-19 14:37:01,5,62,23.5,81,14.3,1024.4,0.0,0.7,0,2716.8,0
2022-09-19 14:42:01,5,62,23.4,81,14.4,1024.3,0.0,0.0,15,2716.8,0
2022-09-19 14:47:01,5,62,23.4,78,14.9,1024.3,0.7,1.7,14,2716.8,0
2022-09-19 14:52:01,5,62,23.4,77,15.2,1024.4,0.3,1.0,3,2716.8,0
2022-09-19 14:57:01,5,62,23.4,77,15.5,1024.3,0.0,0.0,3,2716.8,0
2022-09-19 15:02:01,5,62,23.4,75,15.4,1024.5,1.0,1.7,1,2716.8,0
2022-09-19 15:07:01,5,61,23.3,73,15.3,1024.6,0.7,2.0,15,2716.8,0
2022-09-19 15:12:01,5,62,23.3,76,15.5,1024.5,0.3,1.0,4,2716.8,0
2022-09-19 15:17:01,5,62,23.3,77,15.5,1024.5,0.3,1.7,2,2716.8,0
2022-09-19 15:22:01,5,62,23.2,77,15.4,1024.6,0.3,1.0,4,2716.8,0
2022-09-19 15:27:01,5,62,23.2,77,15.3,1024.8,1.0,2.0,15,2716.8,0
2022-09-19 15:32:01,5,62,23.1,78,15.0,1024.6,0.3,1.0,4,2716.8,0
2022-09-19 15:37:01,5,62,23.1,79,14.9,1024.7,0.3,1.0,5,2716.8,0
2022-09-19 15:42:01,5,62,23.1,80,14.8,1024.8,0.7,1.7,6,2716.8,0
2022-09-19 15:47:01,5,62,23.1,81,14.6,1024.7,1.0,2.0,10,2716.8,0
2022-09-19 15:52:01,5,62,23.1,83,14.3,1024.9,0.3,1.0,3,2716.8,0
2022-09-19 15:57:01,5,62,23.0,83,14.3,1024.7,0.7,1.7,5,2716.8,0
2022-09-19 16:02:01,5,62,23.0,83,14.3,1024.7,0.0,0.7,6,2716.8,0
2022-09-19 16:07:01,5,61,23.0,83,14.3,1024.9,0.7,2.0,5,2716.8,0
2022-09-19 16:12:01,5,58,22.9,82,14.2,1025.1,0.3,1.0,1,2716.8,0
2022-09-19 16:17:01,5,58,22.8,84,14.0,1025.2,0.7,2.0,3,2716.8,0
2022-09-19 16:22:01,5,57,22.7,87,13.8,1025.3,0.7,1.0,6,2717.1,0
2022-09-19 16:27:01,5,58,22.6,88,13.8,1025.3,0.0,0.7,3,2717.1,0
2022-09-19 16:32:01,5,58,22.5,88,13.7,1025.4,0.0,0.7,3,2717.1,0
2022-09-19 16:37:01,5,58,22.5,88,13.7,1025.4,0.3,0.7,6,2717.1,0
2022-09-19 16:42:01,5,58,22.3,88,13.7,1025.5,0.0,0.0,4,2717.1,0
2022-09-19 16:47:01,5,58,22.3,88,13.6,1025.5,0.3,0.7,7,2717.1,0
2022-09-19 16:52:01,5,58,22.2,88,13.6,1025.7,0.0,0.7,5,2717.1,0
2022-09-19 16:57:01,5,58,22.2,88,13.7,1025.9,0.3,1.0,4,2717.1,0
2022-09-19 17:02:01,5,59,22.1,88,13.7,1025.8,0.7,1.0,3,2717.1,0
2022-09-19 17:07:01,5,59,22.0,88,13.8,1026.0,0.3,0.7,5,2717.1,0
2022-09-19 17:12:01,5,60,21.9,88,13.7,1026.0,0.3,1.0,5,2717.1,0
2022-09-19 17:17:01,5,60,21.9,88,13.7,1026.0,0.3,0.7,5,2717.1,0
2022-09-19 17:22:01,5,61,21.9,88,13.6,1026.1,0.0,0.0,6,2717.1,0
2022-09-19 17:27:01,5,62,21.9,88,13.6,1026.1,0.0,0.0,6,2717.1,0
2022-09-19 17:32:01,5,63,21.9,89,13.6,1026.2,0.0,0.0,4,2717.1,0
2022-09-19 17:37:01,5,63,21.9,89,13.6,1026.3,0.0,0.0,4,2717.1,0
2022-09-19 17:42:01,5,64,21.9,89,13.5,1026.3,0.0,0.7,2,2717.1,0
2022-09-19 17:47:01,5,64,21.9,88,13.3,1026.4,0.7,1.7,2,2717.1,0
2022-09-19 17:52:01,5,65,21.9,86,13.4,1026.5,0.3,1.0,14,2717.1,0
2022-09-19 17:57:01,5,65,21.9,85,13.5,1026.4,0.0,0.0,14,2717.1,0
2022-09-19 18:02:01,5,65,21.9,85,13.3,1026.4,0.0,0.0,0,2717.1,0
2022-09-19 18:07:01,5,65,21.9,85,13.3,1026.5,0.0,0.7,15,2717.1,0
2022-09-19 18:12:01,5,65,21.9,85,13.2,1026.5,0.0,0.7,15,2717.1,0
2022-09-19 18:17:01,5,65,21.9,85,13.2,1026.4,0.0,0.0,15,2717.1,0
2022-09-19 18:22:01,5,65,21.9,85,13.2,1026.6,0.0,0.0,15,2717.1,0
2022-09-19 18:27:01,5,65,21.9,86,13.1,1026.6,0.0,0.0,15,2717.1,0
2022-09-19 18:32:01,5,65,21.9,86,13.1,1026.5,0.0,0.0,15,2717.1,0
2022-09-19 18:37:01,5,65,21.9,86,13.0,1026.6,0.0,0.0,15,2717.1,0
2022-09-19 18:42:01,5,65,21.9,87,13.0,1026.6,0.0,0.0,15,2717.1,0
2022-09-19 18:47:01,5,65,21.9,87,12.9,1026.7,0.0,0.0,15,2717.1,0
2022-09-19 18:52:01,5,65,21.9,88,12.9,1026.8,0.0,0.0,15,2717.1,0
2022-09-19 18:57:01,5,65,21.9,88,12.9,1026.7,0.0,0.0,15,2717.1,0
2022-09-19 19:02:01,5,65,21.8,88,12.7,1026.7,0.0,0.7,4,2717.1,0
2022-09-19 19:07:01,5,65,21.8,86,12.9,1026.8,0.3,0.7,0,2717.1,0
2022-09-19 19:12:01,5,65,21.8,86,13.0,1026.8,0.0,0.0,0,2717.1,0
2022-09-19 19:17:01,5,65,21.8,86,12.9,1026.6,0.0,0.0,3,2717.1,0
2022-09-19 19:22:01,5,65,21.8,86,12.9,1026.7,0.0,0.0,3,2717.1,0
2022-09-19 19:27:01,5,65,21.8,86,12.8,1026.8,0.0,0.0,3,2717.1,0
2022-09-19 19:32:01,5,65,21.7,86,12.6,1026.7,0.0,0.0,3,2717.1,0
2022-09-19 19:37:01,5,65,21.7,86,12.5,1026.9,0.0,0.0,3,2717.1,0
2022-09-19 19:42:01,5,65,21.7,87,12.4,1026.8,0.0,0.0,3,2717.1,0
2022-09-19 19:47:01,5,65,21.7,87,12.4,1026.8,0.0,0.0,3,2717.1,0
2022-09-19 19:52:01,5,65,21.7,87,12.4,1026.9,0.0,0.0,4,2717.1,0
2022-09-19 19:57:01,5,65,21.7,88,12.5,1027.0,0.0,0.0,4,2717.1,0
2022-09-19 20:02:01,5,65,21.6,88,12.7,1027.1,0.3,0.7,7,2717.1,0
2022-09-19 20:07:01,5,65,21.6,88,12.8,1027.1,0.0,0.7,7,2717.1,0
2022-09-19 20:12:01,5,65,21.6,89,12.8,1027.2,0.0,0.0,5,2717.1,0
2022-09-19 20:17:01,5,65,21.6,89,12.8,1027.1,0.0,0.7,3,2717.1,0
2022-09-19 20:22:01,5,65,21.6,89,12.7,1027.3,0.0,0.7,2,2717.1,0
2022-09-19 20:27:01,5,65,21.5,89,12.6,1027.2,0.0,0.7,4,2717.1,0
2022-09-19 20:32:01,5,65,21.5,89,12.6,1027.2,0.0,0.7,3,2717.1,0
2022-09-19 20:37:01,5,65,21.5,89,12.4,1027.3,0.0,0.0,3,2717.1,0
2022-09-19 20:42:01,5,65,21.5,89,12.3,1027.2,0.0,0.0,5,2717.1,0
2022-09-19 20:47:01,5,65,21.5,90,12.1,1027.3,0.0,0.0,5,2717.1,0
2022-09-19 20:52:01,5,65,21.5,90,12.1,1027.3,0.0,0.0,5,2717.1,0
2022-09-19 20:57:01,5,65,21.5,90,12.0,1027.4,0.0,0.0,5,2717.1,0
2022-09-19 21:02:01,5,66,21.5,91,11.8,1027.4,0.0,0.0,4,2717.1,0
2022-09-19 21:07:01,5,65,21.4,91,11.7,1027.3,0.0,0.0,4,2717.1,0
2022-09-19 21:12:01,5,65,21.4,91,11.6,1027.5,0.0,0.0,4,2717.1,0
2022-09-19 21:17:01,5,66,21.4,92,11.4,1027.5,0.0,0.0,4,2717.1,0
2022-09-19 21:22:01,5,66,21.3,92,11.3,1027.5,0.0,0.0,4,2717.1,0
2022-09-19 21:27:01,5,66,21.3,92,11.2,1027.5,0.0,0.0,4,2717.1,0
2022-09-19 21:32:01,5,66,21.3,92,11.2,1027.6,0.0,0.0,4,2717.1,0
2022-09-19 21:37:01,5,66,21.2,92,11.1,1027.6,0.0,0.0,4,2717.1,0
2022-09-19 21:42:01,5,66,21.2,93,11.2,1027.6,0.0,0.0,4,2717.1,0
2022-09-19 21:47:01,5,66,21.2,93,11.2,1027.7,0.0,0.0,3,2717.1,0
2022-09-19 21:52:01,5,66,21.2,93,11.2,1027.7,0.0,0.0,4,2717.1,0
2022-09-19 21:57:01,5,66,21.2,93,11.2,1027.8,0.0,0.0,3,2717.1,0
2022-09-19 22:02:01,5,66,21.2,93,11.3,1028.0,0.0,0.0,3,2717.1,0
2022-09-19 22:07:01,5,66,21.2,94,11.4,1028.0,0.0,0.0,3,2717.1,0
2022-09-19 22:12:01,5,66,21.2,94,11.5,1027.9,0.0,0.0,4,2717.4,0
2022-09-19 22:17:01,5,66,21.1,94,11.5,1027.9,0.0,0.0,4,2717.4,0
2022-09-19 22:22:01,5,66,21.1,94,11.5,1027.9,0.0,0.0,4,2717.4,0
2022-09-19 22:27:01,5,66,21.1,94,11.4,1027.9,0.0,0.0,4,2717.4,0
2022-09-19 22:32:01,5,66,21.1,94,11.3,1027.9,0.0,0.0,5,2717.4,0
2022-09-19 22:37:01,5,66,21.1,94,11.2,1028.0,0.0,0.0,5,2717.4,0
2022-09-19 22:42:01,5,66,21.1,94,11.1,1028.0,0.0,0.0,5,2717.4,0
2022-09-19 22:47:01,5,66,21.1,95,10.9,1028.0,0.0,0.0,4,2717.4,0
2022-09-19 22:52:01,5,66,21.1,95,10.7,1028.1,0.0,0.0,4,2717.4,0
2022-09-19 22:57:01,5,66,21.1,95,10.7,1028.1,0.0,0.0,4,2717.4,0
2022-09-19 23:02:01,5,66,21.0,95,10.5,1028.1,0.0,0.0,4,2717.4,0
2022-09-19 23:07:01,5,66,21.0,95,10.4,1028.1,0,0,4,2717.4,0
2022-09-19 23:12:01,5,66,21.0,95,10.5,1028.1,0,0,4,2717.4,0
2022-09-19 23:17:01,5,66,21.0,95,10.3,1028.1,0,0,4,2717.4,0
2022-09-19 23:22:01,5,67,20.9,95,10.1,1028.1,0,0,4,2717.4,0
2022-09-19 23:27:01,5,67,20.9,95,10.0,1028.2,0,0,4,2717.4,0
2022-09-19 23:32:01,5,67,20.9,95,10.1,1028.2,0,0,4,2717.4,0
2022-09-19 23:37:01,5,67,20.9,95,10.0,1028.3,0,0,4,2717.4,0
2022-09-19 23:42:01,5,67,20.8,96,10.1,1028.1,0,0,4,2717.4,0
2022-09-19 23:47:01,5,67,20.7,96,10.1,1028.0,0,0,4,2717.4,0
2022-09-19 23:52:01,5,67,20.7,96,10.2,1028.1,0,0,4,2717.4,0
2022-09-19 23:57:01,5,68,20.7,96,10.4,1028.2,0,0,4,2717.4,0
