2023-09-12 00:01:01,5,68,24.6,97,18.2,1014.5,0.0,0.0,5,3840.6,0
2023-09-12 00:06:01,5,68,24.6,97,18.2,1014.4,0.0,0.0,5,3840.6,0
2023-09-12 00:11:01,5,68,24.6,97,18.1,1014.4,0.0,0.0,5,3840.6,0
2023-09-12 00:16:01,5,68,24.6,97,18.1,1014.4,0.0,0.0,5,3840.6,0
2023-09-12 00:21:01,5,68,24.6,97,18.0,1014.4,0.0,0.0,5,3840.6,0
2023-09-12 00:26:01,5,68,24.6,97,18.0,1014.3,0.0,0.0,5,3840.6,0
2023-09-12 00:31:01,5,68,24.6,97,18.0,1014.4,0.0,0.0,5,3840.6,0
2023-09-12 00:36:01,5,68,24.6,97,17.9,1014.3,0.0,0.0,5,3840.6,0
2023-09-12 00:41:01,5,68,24.6,97,17.8,1014.4,0.0,0.0,5,3840.6,0
2023-09-12 00:46:01,5,68,24.5,97,17.8,1014.3,0.0,0.0,5,3840.6,0
2023-09-12 00:51:01,5,68,24.6,97,17.7,1014.2,0.0,0.0,5,3840.6,0
2023-09-12 00:56:01,5,67,24.6,97,17.7,1014.3,0.0,0.0,5,3840.6,0
2023-09-12 01:01:01,5,67,24.6,97,17.7,1014.2,0.0,0.0,3,3840.6,0
2023-09-12 01:06:01,5,67,24.5,97,17.7,1014.3,0.0,0.0,3,3840.6,0
2023-09-12 01:11:01,5,67,24.5,97,17.7,1014.3,0.0,0.0,4,3840.6,0
2023-09-12 01:16:01,5,67,24.5,97,17.6,1014.3,0.0,0.0,4,3840.6,0
2023-09-12 01:21:01,5,67,24.5,98,17.6,1014.3,0.0,0.0,4,3840.6,0
2023-09-12 01:26:01,5,67,24.4,98,17.6,1014.3,0.0,0.0,4,3840.6,0
2023-09-12 01:31:01,5,67,24.4,98,17.6,1014.0,0.0,0.0,4,3840.6,0
2023-09-12 01:36:01,5,67,24.4,98,17.6,1014.2,0.0,0.0,4,3840.6,0
2023-09-12 01:41:01,5,68,24.4,98,17.5,1014.2,0.0,0.0,4,3840.6,0
2023-09-12 01:46:01,5,67,24.4,98,17.5,1014.3,0.0,0.0,4,3840.6,0
2023-09-12 01:51:01,5,67,24.4,98,17.4,1014.4,0.0,0.0,4,3840.6,0
2023-09-12 01:56:01,5,67,24.4,98,17.4,1014.3,0.0,0.0,4,3840.6,0
2023-09-12 02:01:01,5,67,24.4,98,17.4,1014.5,0.0,0.0,4,3840.6,0
2023-09-12 02:06:01,5,67,24.4,98,17.4,1014.4,0.0,0.0,4,3840.6,0
2023-09-12 02:11:01,5,67,24.4,98,17.5,1014.3,0.0,0.0,5,3840.6,0
2023-09-12 02:16:01,5,67,24.4,98,17.4,1014.3,0.0,0.0,5,3840.6,0
2023-09-12 02:21:01,5,67,24.4,98,17.4,1014.3,0.0,0.0,5,3840.6,0
2023-09-12 02:26:01,5,67,24.4,98,17.4,1014.4,0.0,0.0,6,3840.6,0
2023-09-12 02:31:01,5,67,24.3,98,17.3,1014.3,0.0,0.0,5,3840.6,0
2023-09-12 02:36:01,5,67,24.3,98,17.2,1014.3,0.0,0.0,5,3840.6,0
2023-09-12 02:41:01,5,67,24.3,98,17.2,1014.4,0.0,0.0,5,3840.6,0
2023-09-12 02:46:01,5,67,24.3,98,17.2,1014.3,0.0,0.0,5,3840.6,0
2023-09-12 02:51:01,5,67,24.3,98,17.3,1014.2,0.0,0.0,5,3840.6,0
2023-09-12 02:56:01,5,67,24.3,98,17.3,1014.4,0.0,0.0,5,3840.6,0
2023-09-12 03:01:01,5,67,24.3,98,17.3,1014.3,0.0,0.0,5,3840.6,0
2023-09-12 03:06:01,5,67,24.3,98,17.4,1014.4,0.0,0.0,5,3840.6,0
2023-09-12 03:11:01,5,67,24.3,98,17.4,1014.3,0.0,0.0,5,3840.6,0
2023-09-12 03:16:01,5,67,24.3,98,17.5,1014.2,0.0,0.0,5,3840.6,0
2023-09-12 03:21:01,5,67,24.3,98,17.5,1014.1,0.0,0.0,5,3840.6,0
2023-09-12 03:26:01,5,67,24.3,98,17.5,1014.2,0.0,0.0,5,3840.6,0
2023-09-12 03:31:01,5,67,24.3,98,17.5,1014.1,0.0,0.0,5,3840.6,0
2023-09-12 03:36:01,5,67,24.2,98,17.5,1014.2,0.0,0.0,5,3840.6,0
2023-09-12 03:41:01,5,67,24.1,98,17.4,1014.1,0.0,0.0,5,3840.6,0
2023-09-12 03:46:01,5,67,24.1,99,17.5,1014.2,0.0,0.0,5,3840.6,0
2023-09-12 03:51:01,5,67,24.1,99,17.5,1014.3,0.0,0.0,5,3840.6,0
2023-09-12 03:56:01,5,67,24.1,99,17.5,1014.3,0.0,0.0,5,3840.6,0
2023-09-12 04:01:01,5,67,24.1,99,17.5,1014.3,0.0,0.0,5,3840.6,0
2023-09-12 04:06:01,5,67,24.1,99,17.6,1014.4,0.0,0.0,5,3840.6,0
2023-09-12 04:11:01,5,67,24.1,99,17.6,1014.3,0.0,0.0,5,3840.6,0
2023-09-12 04:16:01,5,67,24.1,99,17.6,1014.4,0.0,0.0,5,3840.6,0
2023-09-12 04:21:01,5,67,24.1,99,17.6,1014.5,0.0,0.0,5,3840.6,0
2023-09-12 04:26:01,5,67,24.1,99,17.7,1014.4,0.0,0.0,5,3840.6,0
2023-09-12 04:31:01,5,67,24.1,99,17.7,1014.4,0.0,0.0,5,3840.6,0
2023-09-12 04:36:01,5,67,24.1,99,17.7,1014.5,0.0,0.0,5,3840.6,0
2023-09-12 04:41:01,5,67,24.1,99,17.7,1014.4,0.0,0.0,5,3840.6,0
2023-09-12 04:46:01,5,67,24.1,99,17.8,1014.3,0.0,0.0,5,3840.6,0
2023-09-12 04:51:01,5,67,24.1,99,17.8,1014.3,0.0,0.0,5,3840.6,0
2023-09-12 04:56:01,5,67,24.1,99,17.8,1014.3,0.0,0.0,5,3840.6,0
2023-09-12 05:01:01,5,67,24.1,99,17.9,1014.4,0.0,0.0,4,3840.6,0
2023-09-12 05:06:01,5,67,24.1,99,17.9,1014.5,0.0,0.0,4,3840.6,0
2023-09-12 05:11:01,5,67,24.1,99,17.9,1014.4,0.0,0.0,5,3840.6,0
2023-09-12 05:16:01,5,67,24.1,99,17.9,1014.4,0.0,0.0,5,3840.6,0
2023-09-12 05:21:01,5,67,24.1,99,17.9,1014.3,0.0,0.0,5,3840.6,0
2023-09-12 05:26:01,5,67,24.1,99,17.9,1014.3,0.0,0.0,5,3840.6,0
2023-09-12 05:31:01,5,67,24.1,99,17.9,1014.3,0.0,0.0,5,3840.6,0
2023-09-12 05:36:01,5,67,24.1,99,18.0,1014.3,0.0,0.0,5,3840.6,0
2023-09-12 05:41:01,5,67,24.1,99,18.0,1014.3,0.0,0.0,5,3840.6,0
2023-09-12 05:46:01,5,67,24.1,99,18.1,1014.5,0.0,0.0,5,3840.6,0
2023-09-12 05:51:01,5,67,24.1,99,18.0,1014.5,0.0,0.0,6,3840.6,0
2023-09-12 05:56:01,5,67,24.1,99,18.1,1014.6,0.0,0.0,6,3840.6,0
2023-09-12 06:01:01,5,68,24.1,99,18.1,1014.6,0.0,0.0,6,3840.6,0
2023-09-12 06:06:01,5,68,24.1,99,18.2,1014.6,0.0,0.0,6,3840.6,0
2023-09-12 06:11:01,5,68,24.1,99,18.2,1014.5,0.0,0.0,6,3840.6,0
2023-09-12 06:16:01,5,68,24.1,99,18.2,1014.6,0.0,0.0,6,3840.6,0
2023-09-12 06:21:01,5,68,24.1,99,18.2,1014.7,0.0,0.0,6,3840.6,0
2023-09-12 06:26:01,5,68,24.1,99,18.3,1014.7,0.0,0.0,6,3840.6,0
2023-09-12 06:31:01,5,68,24.1,99,18.3,1014.7,0.0,0.0,6,3840.6,0
2023-09-12 06:36:01,5,68,24.1,99,18.3,1014.7,0.0,0.0,6,3840.6,0
2023-09-12 06:41:01,5,68,24.1,99,18.3,1014.7,0.0,0.0,6,3840.6,0
2023-09-12 06:46:01,5,68,24.1,99,18.4,1014.7,0.0,0.0,6,3840.6,0
2023-09-12 06:51:01,5,67,24.1,99,18.6,1014.6,0.0,0.0,6,3840.6,0
2023-09-12 06:56:01,5,68,24.3,99,18.9,1014.6,0.0,0.0,6,3840.6,0
2023-09-12 07:01:01,5,69,24.4,98,19.1,1014.3,0.0,0.0,6,3840.6,0
2023-09-12 07:06:01,5,69,24.5,98,19.0,1014.4,0.0,0.0,6,3840.6,0
2023-09-12 07:11:01,5,69,24.6,98,19.3,1014.4,0.0,0.0,6,3840.6,0
2023-09-12 07:16:01,5,69,24.7,98,19.5,1014.4,0.0,0.0,6,3840.6,0
2023-09-12 07:21:01,5,69,24.7,97,19.7,1014.4,0.0,0.0,6,3840.6,0
2023-09-12 07:26:01,5,69,24.7,97,19.5,1014.2,0.0,0.0,5,3840.6,0
2023-09-12 07:31:01,5,69,24.7,96,19.3,1014.3,0.7,1.7,7,3840.6,0
2023-09-12 07:36:01,5,69,24.7,96,19.6,1014.5,0.0,0.0,5,3840.6,0
2023-09-12 07:41:01,5,69,24.7,95,19.7,1014.6,0.3,0.7,5,3840.6,0
2023-09-12 07:46:01,5,68,24.7,94,19.7,1014.7,0.7,1.0,6,3840.6,0
2023-09-12 07:51:01,5,68,24.7,94,19.8,1014.6,0.0,0.0,6,3840.6,0
2023-09-12 07:56:01,5,68,24.7,93,19.8,1014.6,0.3,1.0,6,3840.6,0
2023-09-12 08:01:01,5,68,24.7,93,20.0,1014.6,0.3,0.7,6,3840.6,0
2023-09-12 08:06:01,5,68,24.6,92,20.0,1014.8,0.3,1.0,6,3840.6,0
2023-09-12 08:11:01,5,68,24.6,92,20.1,1014.7,0.3,0.7,5,3840.6,0
2023-09-12 08:16:01,5,68,24.6,90,20.6,1014.6,0.7,1.0,5,3840.6,0
2023-09-12 08:21:01,5,68,24.6,90,20.5,1014.8,0.3,1.0,6,3840.6,0
2023-09-12 08:26:01,5,68,24.6,90,20.6,1014.7,0.3,1.0,5,3840.6,0
2023-09-12 08:31:01,5,68,24.6,89,20.8,1014.8,0.3,1.0,8,3840.6,0
2023-09-12 08:36:01,5,68,24.6,88,21.5,1014.8,0.3,0.7,7,3840.6,0
2023-09-12 08:41:01,5,68,24.6,87,21.2,1014.8,1.0,2.0,7,3840.6,0
2023-09-12 08:46:01,5,68,24.7,88,21.1,1014.8,0.0,0.7,6,3840.6,0
2023-09-12 08:51:01,5,68,24.7,87,21.6,1014.7,0.3,0.7,8,3840.6,0
2023-09-12 08:56:01,5,68,24.7,85,22.0,1014.7,0.7,1.0,7,3840.6,0
2023-09-12 09:01:01,5,68,24.7,85,22.0,1014.7,0.0,0.7,6,3840.6,0
2023-09-12 09:06:01,5,68,24.8,84,22.2,1014.6,0.3,1.0,7,3840.6,0
2023-09-12 09:11:01,5,68,24.8,84,22.7,1014.5,0.0,0.7,9,3840.6,0
2023-09-12 09:16:01,5,68,24.9,85,22.1,1014.6,1.0,1.7,6,3840.6,0
2023-09-12 09:21:01,5,68,24.9,85,22.4,1014.7,0.0,0.7,6,3840.6,0
2023-09-12 09:26:01,5,68,24.9,85,22.0,1014.6,0.7,1.7,7,3840.6,0
2023-09-12 09:31:01,5,68,24.9,84,22.4,1014.6,0.3,0.7,9,3840.6,0
2023-09-12 09:36:01,5,68,24.9,84,22.3,1014.7,0.0,0.7,10,3840.6,0
2023-09-12 09:41:01,5,66,25.0,84,22.1,1014.7,1.0,1.7,6,3840.6,0
2023-09-12 09:46:01,5,67,24.9,86,21.7,1014.6,0.7,1.7,7,3840.6,0
2023-09-12 09:51:01,5,67,24.9,86,21.6,1014.6,0.7,1.0,4,3840.6,0
2023-09-12 09:56:01,5,67,24.9,85,22.0,1014.6,0.3,0.7,7,3840.6,0
2023-09-12 10:01:01,5,67,24.9,84,22.1,1014.6,0.7,1.0,5,3840.6,0
2023-09-12 10:06:01,5,67,24.9,83,22.4,1014.6,0.7,1.7,6,3840.6,0
2023-09-12 10:11:01,5,66,25.0,82,22.7,1014.6,0.7,1.0,3,3840.6,0
2023-09-12 10:16:01,5,66,25.0,81,23.2,1014.6,0.3,1.0,6,3840.6,0
2023-09-12 10:21:01,5,66,25.0,82,22.7,1014.5,0.0,0.0,6,3840.6,0
2023-09-12 10:26:01,5,65,25.0,81,22.2,1014.6,1.0,1.7,7,3840.6,0
2023-09-12 10:31:01,5,65,25.0,80,23.9,1014.7,0.0,0.0,5,3840.6,0
2023-09-12 10:36:01,5,65,25.0,77,24.0,1014.4,0.0,0.7,5,3840.6,0
2023-09-12 10:41:01,5,65,25.0,76,23.9,1014.3,0.7,1.0,6,3840.6,0
2023-09-12 10:46:01,5,65,25.1,77,24.0,1014.4,0.3,0.7,5,3840.6,0
2023-09-12 10:51:01,5,65,25.1,78,24.1,1014.3,0.0,0.0,4,3840.6,0
2023-09-12 10:56:01,5,65,25.1,76,24.4,1014.2,0.0,0.0,5,3840.6,0
2023-09-12 11:01:01,5,65,25.1,75,24.9,1014.2,0.0,0.0,4,3840.6,0
2023-09-12 11:06:01,5,65,25.1,75,25.0,1014.0,0.0,0.7,5,3840.6,0
2023-09-12 11:11:01,5,65,25.1,75,24.5,1013.9,0.0,0.7,9,3840.6,0
2023-09-12 11:16:01,5,65,25.1,75,24.4,1014.0,0.0,0.0,6,3840.6,0
2023-09-12 11:21:01,5,64,25.1,80,23.1,1013.8,1.4,2.0,6,3840.6,0
2023-09-12 11:26:01,5,65,25.1,80,23.1,1013.8,0.3,0.7,5,3840.6,0
2023-09-12 11:31:01,5,65,25.1,79,23.9,1014.0,0.0,0.7,5,3840.6,0
2023-09-12 11:36:01,5,65,25.1,77,24.2,1014.0,0.7,1.7,5,3840.6,0
2023-09-12 11:41:01,5,65,25.1,79,23.5,1014.1,0.3,1.0,5,3840.6,0
2023-09-12 11:46:01,5,65,25.1,78,24.2,1014.2,0.3,1.0,5,3840.6,0
2023-09-12 11:51:01,5,65,25.1,76,24.7,1014.1,0.0,0.7,12,3840.6,0
2023-09-12 11:56:01,5,65,25.1,75,25.3,1013.9,0.0,0.0,12,3840.6,0
2023-09-12 12:01:01,5,65,25.1,77,23.8,1013.9,0.7,1.7,6,3840.6,0
2023-09-12 12:06:01,5,65,25.1,76,24.5,1013.8,0.3,0.7,5,3840.6,0
2023-09-12 12:11:01,5,64,25.1,75,24.6,1013.8,0.7,2.0,7,3840.6,0
2023-09-12 12:16:01,5,64,25.1,74,24.4,1013.6,1.0,1.7,1,3840.6,0
2023-09-12 12:21:01,5,64,25.1,74,25.0,1013.8,0.0,0.7,1,3840.6,0
2023-09-12 12:26:01,5,64,25.1,74,24.7,1013.7,0.0,0.7,1,3840.6,0
2023-09-12 12:31:01,5,64,25.1,75,25.0,1013.7,0.0,0.0,15,3840.6,0
2023-09-12 12:36:01,5,64,25.1,75,24.2,1013.8,0.7,1.0,5,3840.6,0
2023-09-12 12:41:01,5,64,25.1,77,23.8,1013.6,0.0,0.7,6,3840.6,0
2023-09-12 12:46:01,5,64,25.1,77,24.3,1013.6,0.0,0.7,5,3840.6,0
2023-09-12 12:51:01,5,64,25.1,77,24.1,1013.4,0.0,0.7,4,3840.6,0
2023-09-12 12:56:01,5,64,25.1,76,24.1,1013.5,0.3,0.7,3,3840.6,0
2023-09-12 13:01:01,5,63,25.1,74,24.7,1013.4,0.7,1.7,5,3840.6,0
2023-09-12 13:06:01,5,63,25.1,74,24.8,1013.2,0.0,0.0,3,3840.6,0
2023-09-12 13:11:01,5,63,25.1,73,25.3,1013.2,0.0,0.0,5,3840.6,0
2023-09-12 13:16:01,5,63,25.1,73,25.2,1013.0,0.3,1.0,4,3840.6,0
2023-09-12 13:21:01,5,63,25.1,76,24.5,1013.2,0.0,0.0,6,3840.6,0
2023-09-12 13:26:01,5,63,25.1,76,24.4,1013.1,0.0,0.0,3,3840.6,0
2023-09-12 13:31:01,5,63,25.9,76,24.5,1013.0,0.0,0.0,5,3840.6,0
2023-09-12 13:36:01,5,63,25.9,75,24.6,1012.9,0.0,0.7,5,3840.6,0
2023-09-12 13:41:01,5,63,25.9,74,24.8,1012.8,0.3,1.0,6,3840.6,0
2023-09-12 13:46:01,5,63,25.9,75,24.5,1012.8,0.0,0.7,3,3840.6,0
2023-09-12 13:51:01,5,63,25.9,75,24.5,1012.9,0.0,0.7,5,3840.6,0
2023-09-12 13:56:01,5,63,25.9,75,24.6,1012.8,0.3,0.7,5,3840.6,0
2023-09-12 14:01:01,5,63,25.9,76,24.3,1012.7,0.3,1.0,5,3840.6,0
2023-09-12 14:06:01,5,63,25.9,75,24.2,1012.7,0.0,0.0,5,3840.6,0
2023-09-12 14:11:01,5,63,25.9,75,25.0,1012.7,0.3,0.7,6,3840.6,0
2023-09-12 14:16:01,5,63,25.9,74,24.8,1012.8,0.3,1.0,5,3840.6,0
2023-09-12 14:21:01,5,63,25.9,74,24.5,1012.8,1.0,1.7,6,3840.6,0
2023-09-12 14:26:01,5,63,25.9,75,24.5,1012.8,0.3,0.7,6,3840.6,0
2023-09-12 14:31:01,5,63,25.9,76,24.0,1012.8,0.3,0.7,5,3840.6,0
2023-09-12 14:36:01,5,63,25.9,75,24.2,1012.8,0.3,1.0,5,3840.6,0
2023-09-12 14:41:01,5,62,25.9,74,24.4,1012.7,0.0,0.7,3,3840.6,0
2023-09-12 14:46:01,5,62,25.9,73,24.7,1012.6,0.7,1.0,5,3840.6,0
2023-09-12 14:51:01,5,62,25.9,73,24.4,1012.7,0.0,0.7,4,3840.6,0
2023-09-12 14:56:01,5,62,25.9,73,24.5,1012.6,0.3,1.7,4,3840.6,0
2023-09-12 15:01:01,5,62,25.9,72,24.7,1012.5,0.0,0.0,5,3840.6,0
2023-09-12 15:06:01,5,62,25.9,71,24.9,1012.4,0.3,1.0,6,3840.6,0
2023-09-12 15:11:01,5,62,25.9,70,24.7,1012.5,0.3,0.7,6,3840.6,0
2023-09-12 15:16:01,5,62,25.9,71,24.6,1012.4,0.3,1.0,5,3840.6,0
2023-09-12 15:21:01,5,62,25.9,70,24.6,1012.3,0.0,0.0,5,3840.6,0
2023-09-12 15:26:01,5,61,25.9,76,23.9,1012.5,0.3,1.0,1,3840.6,0
2023-09-12 15:31:01,5,61,25.9,77,23.1,1012.6,0.3,1.0,14,3840.6,0
2023-09-12 15:36:01,5,61,25.9,78,22.7,1012.5,0.7,1.7,13,3840.6,0
2023-09-12 15:41:01,5,61,25.9,79,22.6,1012.6,0.3,1.0,1,3840.6,0
2023-09-12 15:46:01,5,61,25.1,79,22.7,1012.7,0.3,0.7,14,3840.6,0
2023-09-12 15:51:01,5,61,25.1,79,22.4,1012.7,0.3,1.7,1,3840.6,0
2023-09-12 15:56:01,5,61,25.1,79,22.4,1012.7,0.3,1.0,14,3840.6,0
2023-09-12 16:01:01,5,61,25.1,80,22.3,1012.6,0.7,1.0,2,3840.6,0
2023-09-12 16:06:01,5,61,25.1,80,22.3,1012.7,0.3,1.0,14,3840.6,0
2023-09-12 16:11:01,5,61,25.1,80,22.1,1012.8,0.3,1.0,14,3840.6,0
2023-09-12 16:16:01,5,61,25.1,80,22.0,1012.9,0.7,1.0,1,3840.6,0
2023-09-12 16:21:01,5,61,25.1,80,22.1,1012.7,0.0,0.7,14,3840.6,0
2023-09-12 16:26:01,5,61,25.1,80,22.1,1012.8,0.3,1.0,14,3840.6,0
2023-09-12 16:31:01,5,61,25.1,81,22.0,1012.9,0.0,0.0,14,3840.6,0
2023-09-12 16:36:01,5,61,25.1,81,21.9,1013.1,0.0,0.0,14,3840.6,0
2023-09-12 16:41:01,5,61,25.1,81,21.9,1013.1,0.0,0.0,14,3840.6,0
2023-09-12 16:46:01,5,61,25.1,82,21.9,1013.1,0.0,0.7,14,3840.6,0
2023-09-12 16:51:01,5,61,25.1,82,22.0,1013.2,0.0,0.0,14,3840.6,0
2023-09-12 16:56:01,5,61,25.1,83,21.9,1013.1,0.0,0.0,0,3840.6,0
2023-09-12 17:01:01,5,62,25.1,83,21.6,1013.1,0.3,0.7,14,3840.6,0
2023-09-12 17:06:01,5,62,25.1,83,21.6,1013.5,0.0,0.0,14,3840.6,0
2023-09-12 17:11:01,5,62,25.1,84,21.6,1013.6,0.0,0.7,14,3840.6,0
2023-09-12 17:16:01,5,62,25.0,84,21.5,1013.7,0.3,0.7,14,3840.6,0
2023-09-12 17:21:01,5,62,25.0,84,21.4,1013.6,0.3,1.0,14,3840.6,0
2023-09-12 17:26:01,5,62,25.0,84,21.4,1013.6,0.0,0.7,15,3840.6,0
2023-09-12 17:31:01,5,63,24.9,84,21.3,1013.6,0.0,0.0,14,3840.6,0
2023-09-12 17:36:01,5,63,24.9,84,21.3,1013.8,0.0,0.0,14,3840.6,0
2023-09-12 17:41:01,5,63,24.9,84,21.3,1013.9,0.0,0.0,14,3840.6,0
2023-09-12 17:46:01,5,63,24.8,84,21.3,1013.9,0.0,0.0,14,3840.6,0
2023-09-12 17:51:01,5,64,24.7,85,21.2,1013.8,0.0,0.7,14,3840.6,0
2023-09-12 17:56:01,5,64,24.7,85,21.3,1014.1,0.0,0.0,14,3840.6,0
2023-09-12 18:01:01,5,64,24.7,85,21.3,1014.0,0.0,0.7,14,3840.6,0
2023-09-12 18:06:01,5,64,24.7,85,21.3,1014.0,0.0,0.0,14,3840.6,0
2023-09-12 18:11:01,5,64,24.6,85,21.2,1013.9,0.0,0.0,14,3840.6,0
2023-09-12 18:16:01,5,64,24.6,86,21.1,1014.1,0.0,0.0,14,3840.6,0
2023-09-12 18:21:01,5,64,24.6,86,21.1,1014.2,0.3,0.7,14,3840.6,0
2023-09-12 18:26:01,5,64,24.6,86,21.0,1014.1,0.0,0.0,14,3840.6,0
2023-09-12 18:31:01,5,65,24.6,87,21.0,1014.3,0.0,0.0,13,3840.6,0
2023-09-12 18:36:01,5,65,24.6,87,21.0,1014.4,0.0,0.0,13,3840.6,0
2023-09-12 18:41:01,5,65,24.6,87,21.0,1014.4,0.0,0.7,13,3840.6,0
2023-09-12 18:46:01,5,65,24.6,87,21.0,1014.5,0.0,0.0,13,3840.6,0
2023-09-12 18:51:01,5,65,24.6,87,21.0,1014.6,0.0,0.0,13,3840.6,0
2023-09-12 18:56:01,5,65,24.6,88,21.1,1014.5,0.0,0.0,13,3840.6,0
2023-09-12 19:01:01,5,65,24.6,88,21.0,1014.6,0.0,0.7,14,3840.6,0
2023-09-12 19:06:01,5,65,24.6,88,21.0,1014.6,0.0,0.0,14,3840.6,0
2023-09-12 19:11:01,5,66,24.6,88,21.0,1014.7,0.3,0.7,0,3840.6,0
2023-09-12 19:16:01,5,66,24.6,89,21.0,1014.8,0.0,0.7,15,3840.6,0
2023-09-12 19:21:01,5,66,24.6,88,20.9,1014.7,0.3,1.0,1,3840.6,0
2023-09-12 19:26:01,5,66,24.6,88,20.8,1014.6,0.3,1.0,14,3840.6,0
2023-09-12 19:31:01,5,66,24.6,88,20.8,1014.6,0.7,1.0,14,3840.6,0
2023-09-12 19:36:01,5,66,24.6,88,20.8,1014.6,0.0,0.0,14,3840.6,0
2023-09-12 19:41:01,5,66,24.5,88,20.8,1014.7,0.0,0.7,14,3840.6,0
2023-09-12 19:46:01,5,66,24.5,88,20.7,1014.5,0.0,0.0,14,3840.6,0
2023-09-12 19:51:01,5,66,24.5,88,20.7,1014.7,0.3,0.7,14,3840.6,0
2023-09-12 19:56:01,5,66,24.5,88,20.6,1014.5,0.0,0.0,14,3840.6,0
2023-09-12 20:01:01,5,66,24.5,88,20.5,1014.5,0.0,0.7,15,3840.6,0
2023-09-12 20:06:01,5,66,24.5,88,20.5,1014.7,0.0,0.7,15,3840.6,0
2023-09-12 20:11:01,5,66,24.5,88,20.5,1014.6,0.0,0.0,15,3840.6,0
2023-09-12 20:16:01,5,66,24.4,88,20.4,1014.6,0.0,0.0,0,3840.6,0
2023-09-12 20:21:01,5,66,24.4,87,20.4,1014.7,0.0,0.0,0,3840.6,0
2023-09-12 20:26:01,5,66,24.4,87,20.5,1014.6,0.0,0.0,0,3840.6,0
2023-09-12 20:31:01,5,66,24.4,88,20.4,1014.7,0.0,0.0,0,3840.6,0
2023-09-12 20:36:01,5,66,24.4,88,20.3,1014.6,0.0,0.0,0,3840.6,0
2023-09-12 20:41:01,5,66,24.4,88,20.2,1014.5,0.0,0.0,0,3840.6,0
2023-09-12 20:46:01,5,66,24.4,88,20.1,1014.5,0.0,0.0,0,3840.6,0
2023-09-12 20:51:01,5,66,24.4,89,20.0,1014.5,0.0,0.0,0,3840.6,0
2023-09-12 20:56:01,5,66,24.4,89,20.0,1014.7,0.0,0.0,0,3840.6,0
2023-09-12 21:01:01,5,66,24.3,89,20.0,1014.6,0.0,0.0,0,3840.6,0
2023-09-12 21:06:01,5,66,24.3,90,20.0,1014.6,0.0,0.0,0,3840.6,0
2023-09-12 21:11:01,5,66,24.3,90,20.0,1014.7,0.0,0.0,0,3840.6,0
2023-09-12 21:16:01,5,66,24.3,90,20.1,1014.7,0.0,0.0,0,3840.6,0
2023-09-12 21:21:01,5,66,24.3,90,20.0,1014.7,0.0,0.0,0,3840.6,0
2023-09-12 21:26:01,5,66,24.2,90,20.0,1014.7,0.0,0.0,0,3840.6,0
2023-09-12 21:31:01,5,66,24.2,90,20.1,1015.0,0.0,0.0,0,3840.6,0
2023-09-12 21:36:01,5,66,24.2,90,20.1,1015.0,0.0,0.0,0,3840.6,0
2023-09-12 21:41:01,5,66,24.2,90,20.2,1014.9,0.0,0.0,0,3840.6,0
2023-09-12 21:46:01,5,66,24.1,90,20.2,1015.0,0.0,0.0,0,3840.6,0
2023-09-12 21:51:01,5,66,24.1,90,20.2,1015.0,0.0,0.0,0,3840.6,0
2023-09-12 21:56:01,5,67,24.1,90,20.2,1015.0,0.0,0.0,0,3840.6,0
2023-09-12 22:01:01,5,67,24.1,90,20.2,1015.0,0.0,0.0,0,3840.6,0
2023-09-12 22:06:01,5,67,24.1,90,20.2,1015.0,0.0,0.0,0,3840.6,0
2023-09-12 22:11:01,5,67,24.1,90,20.1,1014.9,0.0,0.0,14,3840.6,0
2023-09-12 22:16:01,5,67,24.1,89,20.2,1014.9,0.0,0.0,14,3840.6,0
2023-09-12 22:21:01,5,67,24.1,89,20.2,1015.0,0.0,0.0,14,3840.6,0
2023-09-12 22:26:01,5,67,24.1,89,20.2,1015.0,0.0,0.0,14,3840.6,0
2023-09-12 22:31:01,5,67,24.1,89,20.3,1014.9,0.0,0.0,14,3840.6,0
2023-09-12 22:36:01,5,67,24.1,89,20.3,1015.0,0.0,0.0,1,3840.6,0
2023-09-12 22:41:01,5,67,24.1,89,20.3,1014.9,0.0,0.0,1,3840.6,0
2023-09-12 22:46:01,5,67,24.1,89,20.2,1014.9,0.0,0.0,1,3840.6,0
2023-09-12 22:51:01,5,67,24.0,89,20.2,1015.0,0.0,0.0,1,3840.6,0
2023-09-12 22:56:01,5,67,24.0,90,20.1,1014.9,0.0,0.0,1,3840.6,0
2023-09-12 23:01:01,5,67,24.1,90,20.1,1014.9,0.0,0.0,1,3840.6,0
2023-09-12 23:06:01,5,67,24.1,90,20.0,1015.0,0,0,1,3840.6,0
2023-09-12 23:11:01,5,67,24.1,90,20.0,1014.9,0,0,1,3840.6,0
2023-09-12 23:16:01,5,67,24.1,90,20.0,1014.9,0,0,1,3840.6,0
2023-09-12 23:21:01,5,67,24.1,90,19.9,1014.9,0,0,1,3840.6,0
2023-09-12 23:26:01,5,67,24.1,91,19.7,1014.9,0,0,1,3840.6,0
2023-09-12 23:31:01,5,67,24.1,91,19.6,1015.0,0,0,1,3840.6,0
2023-09-12 23:36:01,5,67,24.1,92,19.5,1015.0,0,0,1,3840.6,0
2023-09-12 23:41:01,5,67,24.1,92,19.5,1015.0,0,0,1,3840.6,0
2023-09-12 23:46:01,5,67,24.1,92,19.4,1015.0,0,0,1,3840.6,0
2023-09-12 23:51:01,5,67,24.1,93,19.4,1014.9,0,0,1,3840.6,0
2023-09-12 23:56:01,5,68,24.1,93,19.3,1014.9,0,0,1,3840.6,0
