2026-03-25 00:00:52,1,53,18.5,73,11.5,1000.3,25,56,239,0.0,0,0.0,0
2026-03-25 00:01:53,1,53,18.5,73,11.4,1000.4,23,47,256,0.0,0,0.0,0
2026-03-25 00:02:54,1,53,18.5,73,11.4,1000.3,24,36,203,0.0,0,0.0,0
2026-03-25 00:03:55,1,53,18.5,73,11.4,1000.0,22,34,223,0.0,0,0.0,0
2026-03-25 00:04:56,1,53,18.5,73,11.4,1000.2,30,43,212,0.0,0,0.0,0
2026-03-25 00:05:57,1,53,18.5,73,11.4,1000.1,26,47,240,0.0,0,0.0,0
2026-03-25 00:06:58,1,53,18.5,73,11.4,1000.1,32,46,257,0.0,0,0.0,0
2026-03-25 00:07:59,1,53,18.4,74,11.5,1000.0,24,36,208,0.0,0,0.0,0
2026-03-25 00:09:00,1,53,18.4,74,11.5,999.9,36,49,239,0.0,0,0.0,0
2026-03-25 00:10:01,1,53,18.5,74,11.5,1000.1,29,49,243,0.0,0,0.0,0
2026-03-25 00:11:02,1,53,18.5,74,11.5,1000.1,24,51,213,0.0,0,0.0,0
2026-03-25 00:12:03,1,53,18.4,74,11.5,999.9,21,43,245,0.0,0,0.0,0
2026-03-25 00:13:04,1,53,18.5,74,11.5,1000.0,23,43,253,0.0,0,0.0,0
2026-03-25 00:14:05,1,53,18.5,74,11.5,1000.0,25,38,237,0.0,0,0.0,0
2026-03-25 00:15:06,1,53,18.5,74,11.5,1000.0,32,43,240,0.0,0,0.0,0
2026-03-25 00:16:07,1,53,18.5,74,11.5,1000.0,21,49,266,0.0,0,0.0,0
2026-03-25 00:17:08,1,53,18.5,74,11.5,1000.1,16,49,160,0.0,0,0.0,0
2026-03-25 00:18:09,1,53,18.5,74,11.5,1000.0,26,34,174,0.0,0,0.0,0
2026-03-25 00:19:10,1,53,18.5,74,11.4,999.9,37,53,234,0.0,0,0.0,0
2026-03-25 00:20:11,1,53,18.5,75,11.4,999.9,27,53,234,0.0,0,0.0,0
2026-03-25 00:21:12,1,53,18.5,75,11.4,1000.0,28,40,235,0.0,0,0.0,0
2026-03-25 00:22:13,1,53,18.5,75,11.4,999.9,26,36,146,0.0,0,0.0,0
2026-03-25 00:23:14,1,53,18.4,75,11.4,999.9,24,36,109,0.0,0,0.0,0
2026-03-25 00:24:15,1,53,18.5,75,11.4,999.9,32,46,242,0.0,0,0.0,0
2026-03-25 00:25:16,1,53,18.4,75,11.4,999.8,29,36,245,0.0,0,0.0,0
2026-03-25 00:26:17,1,53,18.5,75,11.4,999.8,25,42,238,0.0,0,0.0,0
2026-03-25 00:27:18,1,53,18.4,75,11.4,999.9,27,36,225,0.0,0,0.0,0
2026-03-25 00:28:19,1,53,18.4,75,11.4,999.8,36,43,250,0.0,0,0.0,0
2026-03-25 00:29:20,1,53,18.4,75,11.3,999.7,33,43,167,0.0,0,0.0,0
2026-03-25 00:30:21,1,53,18.4,76,11.3,999.8,23,42,235,0.0,0,0.0,0
2026-03-25 00:31:22,1,53,18.4,76,11.3,999.8,21,33,264,0.0,0,0.0,0
2026-03-25 00:32:23,1,53,18.4,77,11.3,999.8,24,36,244,0.0,0,0.0,0
2026-03-25 00:33:24,1,53,18.4,78,11.3,999.7,26,40,205,0.0,0,0.0,0
2026-03-25 00:34:25,1,53,18.4,78,11.2,999.7,33,42,274,0.0,0,0.0,0
2026-03-25 00:35:26,1,53,18.4,78,11.1,999.6,46,60,252,0.0,0,0.0,0
2026-03-25 00:36:27,1,53,18.4,79,11.1,999.6,17,56,191,0.0,0,0.0,0
2026-03-25 00:37:28,1,53,18.4,80,11.0,999.6,12,29,239,0.0,0,0.0,0
2026-03-25 00:38:29,1,53,18.4,80,11.0,999.5,22,34,230,0.0,0,0.0,0
2026-03-25 00:39:30,1,53,18.4,81,10.9,999.5,27,36,249,0.0,0,0.0,0
2026-03-25 00:40:31,1,53,18.5,81,10.8,999.3,25,51,216,0.0,0,0.0,0
2026-03-25 00:41:32,1,53,18.4,82,10.7,999.5,26,47,260,0.0,0,0.0,0
2026-03-25 00:42:33,1,53,18.4,83,10.7,999.5,28,36,260,0.0,0,0.0,0
2026-03-25 00:43:34,1,53,18.4,83,10.6,999.3,25,38,252,0.0,0,0.0,0
2026-03-25 00:44:35,1,53,18.4,83,10.6,999.3,19,40,235,0.0,0,0.0,0
2026-03-25 00:45:36,1,53,18.4,83,10.5,999.2,41,51,212,0.0,0,0.0,0
2026-03-25 00:46:37,1,53,18.4,83,10.5,999.3,34,51,220,0.0,0,0.0,0
2026-03-25 00:47:38,1,53,18.4,84,10.5,999.2,24,43,242,0.0,0,0.0,0
2026-03-25 00:48:39,1,53,18.4,84,10.5,999.3,38,51,249,0.0,0,0.0,0
2026-03-25 00:49:40,1,53,18.4,84,10.5,999.1,22,51,124,0.0,0,0.0,0
2026-03-25 00:50:41,1,53,18.4,84,10.5,999.1,26,47,248,0.0,0,0.0,0
2026-03-25 00:51:42,1,53,18.5,84,10.4,999.4,35,46,247,0.0,0,0.0,0
2026-03-25 00:52:43,1,53,18.4,85,10.4,999.2,25,46,160,0.0,0,0.0,0
2026-03-25 00:53:44,1,53,18.4,85,10.4,998.8,33,53,116,0.0,0,0.0,0
2026-03-25 00:54:45,1,53,18.4,85,10.4,999.0,26,53,268,0.0,0,0.0,0
2026-03-25 00:55:46,1,53,18.4,85,10.3,999.1,40,49,229,0.0,0,0.0,0
2026-03-25 00:56:47,1,53,18.4,86,10.3,999.0,30,49,157,0.0,0,0.0,0
2026-03-25 00:57:48,1,53,18.4,86,10.3,998.9,35,47,201,0.0,0,0.0,0
2026-03-25 00:58:49,1,53,18.4,86,10.3,998.9,28,47,221,0.0,0,0.0,0
2026-03-25 00:59:50,1,53,18.4,86,10.3,998.9,29,38,236,0.0,0,0.0,0
2026-03-25 01:00:51,1,53,18.4,86,10.3,999.0,26,36,220,0.0,0,0.0,0
2026-03-25 01:01:52,1,53,18.4,86,10.3,998.7,35,43,182,0.0,0,0.0,0
2026-03-25 01:02:53,1,53,18.4,86,10.3,998.6,25,46,239,0.0,0,0.0,0
2026-03-25 01:03:54,1,53,18.4,86,10.3,998.8,22,36,168,0.0,0,0.0,0
2026-03-25 01:04:55,1,53,18.4,86,10.3,998.8,33,43,203,0.0,0,0.0,0
2026-03-25 01:05:56,1,53,18.4,86,10.3,998.8,19,43,165,0.0,0,0.0,0
2026-03-25 01:06:57,1,53,18.4,87,10.2,998.7,23,31,132,0.0,0,0.0,0
2026-03-25 01:07:58,1,53,18.4,87,10.2,998.7,29,42,213,0.0,0,0.0,0
2026-03-25 01:08:59,1,53,18.4,87,10.2,998.6,19,36,178,0.0,0,0.0,0
2026-03-25 01:10:00,1,53,18.4,88,10.2,998.5,29,38,241,0.0,0,0.0,0
2026-03-25 01:11:01,1,53,18.4,88,10.2,998.6,34,46,185,0.0,0,0.0,0
2026-03-25 01:12:02,1,53,18.4,88,10.1,998.4,24,49,216,0.0,0,0.0,0
2026-03-25 01:13:03,1,53,18.4,88,10.1,998.3,25,51,170,0.0,0,0.0,0
2026-03-25 01:14:04,1,53,18.4,88,10.1,998.5,29,49,230,0.0,0,0.0,0
2026-03-25 01:15:05,1,53,18.4,89,10.0,998.2,31,60,199,0.0,0,0.0,0
2026-03-25 01:16:06,1,53,18.4,89,10.0,998.2,25,60,228,0.0,0,0.0,0
2026-03-25 01:17:07,1,53,18.4,89,10.0,998.3,23,40,236,0.0,0,0.0,0
2026-03-25 01:18:08,1,53,18.4,89,10.0,998.1,31,40,224,0.0,0,0.0,0
2026-03-25 01:19:09,1,53,18.4,89,10.0,998.3,19,40,121,0.0,0,0.0,0
2026-03-25 01:20:10,1,53,18.4,89,10.0,998.3,31,49,263,0.0,0,0.0,0
2026-03-25 01:21:11,1,53,18.4,90,9.9,998.0,30,46,194,0.0,0,0.0,0
2026-03-25 01:22:12,1,53,18.4,90,9.9,998.3,26,42,174,0.0,0,0.0,0
2026-03-25 01:23:13,1,53,18.4,90,9.9,998.4,24,34,241,0.0,0,0.0,0
2026-03-25 01:24:14,1,53,18.4,90,9.9,998.2,19,33,236,0.0,0,0.0,0
2026-03-25 01:25:15,1,53,18.4,90,9.9,998.0,26,43,223,0.0,0,0.0,0
2026-03-25 01:26:16,1,53,18.4,91,9.9,998.1,27,49,216,0.0,0,0.0,0
2026-03-25 01:27:17,1,53,18.4,91,9.8,998.1,25,49,266,0.0,0,0.0,0
2026-03-25 01:28:18,1,53,18.4,91,9.8,997.9,23,53,232,0.0,0,0.0,0
2026-03-25 01:29:19,1,53,18.4,91,9.8,998.1,27,38,96,0.0,0,0.0,0
2026-03-25 01:30:20,1,53,18.4,91,9.8,998.1,29,55,179,0.0,0,0.0,0
2026-03-25 01:31:21,1,53,18.4,91,9.8,998.1,26,55,243,0.0,0,0.0,0
2026-03-25 01:32:22,1,53,18.4,92,9.8,998.2,33,51,168,0.0,0,0.0,0
2026-03-25 01:33:23,1,53,18.4,92,9.8,998.3,21,51,230,0.0,0,0.0,0
2026-03-25 01:34:24,1,53,18.4,92,9.7,998.0,27,38,231,0.0,0,0.0,0
2026-03-25 01:35:25,1,53,18.4,92,9.7,998.3,20,36,206,0.0,0,0.0,0
2026-03-25 01:36:26,1,53,18.4,92,9.7,998.6,24,36,261,0.0,0,0.0,0
2026-03-25 01:37:27,1,53,18.4,92,9.7,998.2,33,43,275,0.0,0,0.0,0
2026-03-25 01:38:28,1,53,18.4,92,9.7,998.6,50,58,12,0.0,0,0.0,0
2026-03-25 01:39:29,1,53,18.4,92,9.7,998.4,43,58,231,0.0,0,0.0,0
2026-03-25 01:40:30,1,53,18.4,92,9.7,998.4,16,53,253,0.0,0,0.0,0
2026-03-25 01:41:31,1,53,18.4,92,9.7,998.9,14,34,277,0.0,0,0.0,0
2026-03-25 01:42:32,1,53,18.4,92,9.7,998.8,32,36,239,0.0,0,0.0,0
2026-03-25 01:43:33,1,53,18.4,92,9.7,998.7,34,53,229,0.0,0,0.0,0
2026-03-25 01:44:34,1,53,18.4,91,9.7,998.4,37,53,249,0.0,0,0.0,0
2026-03-25 01:45:35,1,53,18.4,90,9.7,998.4,28,49,232,0.0,0,0.0,0
2026-03-25 01:46:36,1,53,18.4,89,9.7,998.5,29,51,237,0.0,0,0.0,0
2026-03-25 01:47:37,1,53,18.4,89,9.7,998.6,24,51,239,0.0,0,0.0,0
2026-03-25 01:48:38,1,53,18.4,88,9.7,998.6,37,49,225,0.0,0,0.0,0
2026-03-25 01:49:39,1,53,18.4,87,9.7,998.3,32,49,253,0.0,0,0.0,0
2026-03-25 01:50:40,1,53,18.4,86,9.7,998.3,27,42,244,0.0,0,0.0,0
2026-03-25 01:51:41,1,53,18.4,85,9.7,998.5,31,42,243,0.0,0,0.0,0
2026-03-25 01:52:42,1,53,18.4,85,9.7,998.5,23,49,210,0.0,0,0.0,0
2026-03-25 01:53:43,1,53,18.4,85,9.8,998.4,16,49,249,0.0,0,0.0,0
2026-03-25 01:54:44,1,53,18.4,85,9.8,998.7,21,27,246,0.0,0,0.0,0
2026-03-25 01:55:45,1,53,18.4,84,9.8,998.4,18,49,245,0.0,0,0.0,0
2026-03-25 01:56:46,1,53,18.4,83,9.7,998.4,28,42,251,0.0,0,0.0,0
2026-03-25 01:57:47,1,53,18.4,83,9.7,998.3,36,49,251,0.0,0,0.0,0
2026-03-25 01:58:48,1,53,18.4,82,9.7,998.3,28,53,269,0.0,0,0.0,0
2026-03-25 01:59:49,1,53,18.4,82,9.7,998.4,20,43,318,0.0,0,0.0,0
2026-03-25 02:00:50,1,53,18.4,82,9.7,998.4,29,34,261,0.0,0,0.0,0
2026-03-25 02:01:51,1,53,18.4,82,9.6,998.4,16,38,270,0.0,0,0.0,0
2026-03-25 02:02:52,1,53,18.4,82,9.6,998.4,36,46,257,0.0,0,0.0,0
2026-03-25 02:03:53,1,53,18.4,81,9.6,998.3,23,46,258,0.0,0,0.0,0
2026-03-25 02:04:54,1,53,18.4,81,9.6,998.4,27,38,269,0.0,0,0.0,0
2026-03-25 02:05:55,1,53,18.4,81,9.7,998.3,21,38,230,0.0,0,0.0,0
2026-03-25 02:06:56,1,53,18.4,81,9.7,998.7,13,36,246,0.0,0,0.0,0
2026-03-25 02:07:57,1,53,18.4,82,9.7,998.3,23,36,263,0.0,0,0.0,0
2026-03-25 02:08:58,1,53,18.4,82,9.7,998.6,18,36,262,0.0,0,0.0,0
2026-03-25 02:09:59,1,53,18.4,83,9.7,998.3,28,36,271,0.0,0,0.0,0
2026-03-25 02:11:00,1,53,18.4,83,9.6,998.4,24,36,243,0.0,0,0.0,0
2026-03-25 02:12:01,1,53,18.4,83,9.6,998.4,22,31,288,0.0,0,0.0,0
2026-03-25 02:13:02,1,53,18.4,83,9.6,998.4,18,33,236,0.0,0,0.0,0
2026-03-25 02:14:03,1,53,18.4,83,9.6,998.3,23,46,230,0.0,0,0.0,0
2026-03-25 02:15:04,1,53,18.4,83,9.7,998.4,25,46,266,0.0,0,0.0,0
2026-03-25 02:16:05,1,53,18.4,84,9.7,998.6,19,38,277,0.0,0,0.0,0
2026-03-25 02:17:06,1,53,18.4,84,9.7,998.3,16,38,228,0.0,0,0.0,0
2026-03-25 02:18:07,1,53,18.4,84,9.7,998.1,38,49,237,0.0,0,0.0,0
2026-03-25 02:19:08,1,53,18.4,84,9.7,998.1,18,49,250,0.0,0,0.0,0
2026-03-25 02:20:09,1,53,18.4,84,9.7,998.2,27,46,260,0.0,0,0.0,0
2026-03-25 02:21:10,1,53,18.4,84,9.8,998.3,21,46,257,0.0,0,0.0,0
2026-03-25 02:22:11,1,53,18.4,84,9.8,998.3,21,40,234,0.0,0,0.0,0
2026-03-25 02:23:12,1,53,18.4,84,9.8,998.1,18,40,240,0.0,0,0.0,0
2026-03-25 02:24:13,1,53,18.4,84,9.8,998.2,28,38,234,0.0,0,0.0,0
2026-03-25 02:25:14,1,53,18.4,83,9.9,998.3,28,46,256,0.0,0,0.0,0
2026-03-25 02:26:15,1,53,18.3,83,9.9,998.2,25,46,273,0.0,0,0.0,0
2026-03-25 02:27:16,1,53,18.4,83,10.0,998.1,19,34,272,0.0,0,0.0,0
2026-03-25 02:28:17,1,53,18.3,83,10.1,998.2,16,33,32,0.0,0,0.0,0
2026-03-25 02:29:18,1,53,18.4,83,10.1,998.2,21,31,355,0.0,0,0.0,0
2026-03-25 02:30:19,1,53,18.4,83,10.1,998.2,24,43,119,0.0,0,0.0,0
2026-03-25 02:31:20,1,53,18.4,83,10.1,998.2,36,58,267,0.0,0,0.0,0
2026-03-25 02:32:21,1,53,18.3,82,10.0,998.2,20,58,258,0.0,0,0.0,0
2026-03-25 02:33:22,1,53,18.4,82,10.0,998.3,14,33,256,0.0,0,0.0,0
2026-03-25 02:34:23,1,53,18.3,82,10.0,998.2,24,34,297,0.0,0,0.0,0
2026-03-25 02:35:24,1,53,18.3,81,10.0,998.1,16,34,262,0.0,0,0.0,0
2026-03-25 02:36:25,1,53,18.3,81,10.0,998.3,22,42,284,0.0,0,0.0,0
2026-03-25 02:37:26,1,53,18.3,80,10.0,998.3,19,40,326,0.0,0,0.0,0
2026-03-25 02:38:27,1,53,18.3,79,10.0,998.2,29,46,273,0.0,0,0.0,0
2026-03-25 02:39:28,1,53,18.3,77,10.0,998.4,36,51,265,0.0,0,0.0,0
2026-03-25 02:40:29,1,53,18.3,77,10.0,998.5,11,51,256,0.0,0,0.0,0
2026-03-25 02:41:30,1,53,18.3,76,10.0,998.4,20,43,293,0.0,0,0.0,0
2026-03-25 02:42:31,1,53,18.3,75,10.0,998.2,37,47,251,0.0,0,0.0,0
2026-03-25 02:43:32,1,53,18.4,75,10.0,998.3,10,47,318,0.0,0,0.0,0
2026-03-25 02:44:33,1,53,18.3,75,10.0,998.4,14,36,281,0.0,0,0.0,0
2026-03-25 02:45:34,1,53,18.3,74,10.0,998.7,18,42,251,0.0,0,0.0,0
2026-03-25 02:46:35,1,53,18.3,75,9.9,998.3,8,36,245,0.0,0,0.0,0
2026-03-25 02:47:36,1,53,18.3,74,9.9,998.0,8,42,275,0.0,0,0.0,0
2026-03-25 02:48:37,1,53,18.3,74,9.9,998.2,33,42,245,0.0,0,0.0,0
2026-03-25 02:49:38,1,53,18.3,73,9.8,998.1,28,40,243,0.0,0,0.0,0
2026-03-25 02:50:39,1,53,18.3,74,9.9,998.2,12,33,280,0.0,0,0.0,0
2026-03-25 02:51:40,1,53,18.3,74,9.9,998.3,21,31,264,0.0,0,0.0,0
2026-03-25 02:52:41,1,53,18.3,74,9.9,998.2,12,31,242,0.0,0,0.0,0
2026-03-25 02:53:42,1,53,18.3,75,9.8,998.1,16,25,288,0.0,0,0.0,0
2026-03-25 02:54:43,1,53,18.3,75,9.8,998.1,18,47,306,0.0,0,0.0,0
2026-03-25 02:55:44,1,53,18.3,74,9.8,998.1,24,47,242,0.0,0,0.0,0
2026-03-25 02:56:45,1,53,18.3,75,9.8,998.1,23,43,245,0.0,0,0.0,0
2026-03-25 02:57:46,1,53,18.3,75,9.8,998.2,23,36,255,0.0,0,0.0,0
2026-03-25 02:58:47,1,53,18.3,76,9.8,998.2,17,29,263,0.0,0,0.0,0
2026-03-25 02:59:48,1,53,18.3,76,9.7,998.3,21,46,259,0.0,0,0.0,0
2026-03-25 03:00:49,1,53,18.3,76,9.7,998.3,21,31,231,0.0,0,0.0,0
2026-03-25 03:01:50,1,53,18.3,75,9.7,998.2,21,31,285,0.0,0,0.0,0
2026-03-25 03:02:51,1,53,18.3,75,9.7,998.2,32,55,271,0.0,0,0.0,0
2026-03-25 03:03:52,1,53,18.3,75,9.7,998.1,17,55,281,0.0,0,0.0,0
2026-03-25 03:04:53,1,53,18.3,75,9.7,997.9,33,47,254,0.0,0,0.0,0
2026-03-25 03:05:54,1,53,18.3,74,9.7,998.3,19,47,263,0.0,0,0.0,0
2026-03-25 03:06:55,1,53,18.3,74,9.7,998.2,27,36,254,0.0,0,0.0,0
2026-03-25 03:07:56,1,53,18.3,74,9.7,997.8,26,43,350,0.0,0,0.0,0
2026-03-25 03:08:57,1,53,18.3,74,9.6,997.9,42,53,281,0.0,0,0.0,0
2026-03-25 03:09:58,1,53,18.3,73,9.6,998.1,27,53,261,0.0,0,0.0,0
2026-03-25 03:10:59,1,53,18.3,73,9.6,998.4,36,51,268,0.0,0,0.0,0
2026-03-25 03:12:00,1,53,18.3,74,9.5,998.2,15,46,336,0.0,0,0.0,0
2026-03-25 03:13:01,1,53,18.3,74,9.5,998.2,23,36,271,0.0,0,0.0,0
2026-03-25 03:14:02,1,53,18.3,74,9.5,998.2,19,36,247,0.0,0,0.0,0
2026-03-25 03:15:03,1,53,18.3,74,9.4,998.2,27,34,261,0.0,0,0.0,0
2026-03-25 03:16:04,1,53,18.3,74,9.4,998.1,19,36,222,0.0,0,0.0,0
2026-03-25 03:17:05,1,53,18.3,74,9.4,998.1,16,46,234,0.0,0,0.0,0
2026-03-25 03:18:06,1,53,18.3,74,9.4,998.2,19,46,249,0.0,0,0.0,0
2026-03-25 03:19:07,1,53,18.2,74,9.4,998.1,25,36,297,0.0,0,0.0,0
2026-03-25 03:20:08,1,53,18.2,74,9.4,998.0,21,40,247,0.0,0,0.0,0
2026-03-25 03:21:09,1,53,18.3,74,9.4,998.0,14,40,278,0.0,0,0.0,0
2026-03-25 03:22:10,1,53,18.3,75,9.4,998.4,20,34,253,0.0,0,0.0,0
2026-03-25 03:23:11,1,53,18.3,75,9.4,998.2,14,34,253,0.0,0,0.0,0
2026-03-25 03:24:12,1,53,18.3,74,9.3,997.9,25,42,273,0.0,0,0.0,0
2026-03-25 03:25:13,1,53,18.2,75,9.3,998.1,22,42,252,0.0,0,0.0,0
2026-03-25 03:26:14,1,53,18.2,74,9.3,998.2,32,36,292,0.0,0,0.0,0
2026-03-25 03:27:15,1,53,18.2,74,9.3,998.1,14,38,271,0.0,0,0.0,0
2026-03-25 03:28:16,1,53,18.2,74,9.3,998.0,35,49,256,0.0,0,0.0,0
2026-03-25 03:29:17,1,53,18.2,74,9.3,998.2,23,49,245,0.0,0,0.0,0
2026-03-25 03:30:18,1,53,18.2,74,9.3,998.4,25,38,269,0.0,0,0.0,0
2026-03-25 03:31:19,1,53,18.2,74,9.3,998.4,23,38,266,0.0,0,0.0,0
2026-03-25 03:32:21,1,53,18.2,74,9.3,998.3,38,51,287,0.0,0,0.0,0
2026-03-25 03:33:22,1,53,18.2,74,9.3,998.1,27,51,236,0.0,0,0.0,0
2026-03-25 03:34:23,1,53,18.2,74,9.3,998.2,21,46,223,0.0,0,0.0,0
2026-03-25 03:35:24,1,53,18.2,74,9.3,998.0,31,46,254,0.0,0,0.0,0
2026-03-25 03:36:25,1,53,18.2,74,9.3,998.0,17,49,283,0.0,0,0.0,0
2026-03-25 03:37:26,1,53,18.2,73,9.3,998.3,30,46,274,0.0,0,0.0,0
2026-03-25 03:38:27,1,53,18.2,73,9.3,998.3,22,46,234,0.0,0,0.0,0
2026-03-25 03:39:28,1,53,18.2,73,9.3,998.0,31,51,311,0.0,0,0.0,0
2026-03-25 03:40:29,1,53,18.3,72,9.3,998.2,38,51,291,0.0,0,0.0,0
2026-03-25 03:41:30,1,53,18.2,72,9.3,998.3,24,43,233,0.0,0,0.0,0
2026-03-25 03:42:31,1,53,18.2,72,9.3,998.2,27,43,297,0.0,0,0.0,0
2026-03-25 03:43:32,1,53,18.2,72,9.2,998.3,28,43,256,0.0,0,0.0,0
2026-03-25 03:44:33,1,53,18.2,72,9.2,998.5,46,58,261,0.0,0,0.0,0
2026-03-25 03:45:34,1,53,18.2,73,9.1,998.4,20,62,123,0.0,0,0.0,0
2026-03-25 03:46:35,1,53,18.2,73,9.1,998.2,17,60,243,0.0,0,0.0,0
2026-03-25 03:47:36,1,53,18.2,74,9.0,998.3,21,60,311,0.0,0,0.0,0
2026-03-25 03:48:37,1,53,18.2,74,8.9,998.2,24,36,260,0.0,0,0.0,0
2026-03-25 03:49:38,1,53,18.2,74,8.8,998.2,25,40,251,0.0,0,0.0,0
2026-03-25 03:50:39,1,53,18.2,74,8.8,998.1,14,40,346,0.0,0,0.0,0
2026-03-25 03:51:40,1,53,18.2,74,8.8,998.3,11,31,251,0.0,0,0.0,0
2026-03-25 03:52:41,1,53,18.2,74,8.8,998.4,16,33,279,0.0,0,0.0,0
2026-03-25 03:53:42,1,53,18.2,74,8.8,998.4,16,33,247,0.0,0,0.0,0
2026-03-25 03:54:43,1,53,18.2,73,8.7,998.3,20,33,292,0.0,0,0.0,0
2026-03-25 03:55:44,1,53,18.2,73,8.7,998.4,12,33,270,0.0,0,0.0,0
2026-03-25 03:56:45,1,53,18.2,73,8.7,998.3,14,27,262,0.0,0,0.0,0
2026-03-25 03:57:46,1,53,18.2,73,8.7,998.3,10,27,297,0.0,0,0.0,0
2026-03-25 03:58:47,1,53,18.2,72,8.7,998.4,31,34,280,0.0,0,0.0,0
2026-03-25 03:59:48,1,52,18.2,72,8.7,998.3,23,34,238,0.0,0,0.0,0
2026-03-25 04:00:49,1,52,18.2,72,8.7,998.3,13,29,271,0.0,0,0.0,0
2026-03-25 04:01:50,1,52,18.2,72,8.7,998.3,11,29,276,0.0,0,0.0,0
2026-03-25 04:02:51,1,52,18.2,72,8.7,998.5,21,36,270,0.0,0,0.0,0
2026-03-25 04:03:52,1,52,18.2,72,8.7,998.4,17,36,271,0.0,0,0.0,0
2026-03-25 04:04:53,1,52,18.2,72,8.7,998.4,19,29,264,0.0,0,0.0,0
2026-03-25 04:05:54,1,52,18.2,72,8.7,998.3,22,29,238,0.0,0,0.0,0
2026-03-25 04:06:55,1,52,18.2,72,8.7,998.3,17,34,268,0.0,0,0.0,0
2026-03-25 04:07:56,1,52,18.2,72,8.7,998.3,14,25,251,0.0,0,0.0,0
2026-03-25 04:08:57,1,52,18.2,72,8.7,998.3,15,25,269,0.0,0,0.0,0
2026-03-25 04:09:58,1,52,18.2,72,8.6,998.4,23,31,315,0.0,0,0.0,0
2026-03-25 04:10:59,1,52,18.2,71,8.6,998.3,22,38,308,0.0,0,0.0,0
2026-03-25 04:12:00,1,52,18.2,72,8.6,998.7,9,38,243,0.0,0,0.0,0
2026-03-25 04:13:01,1,52,18.2,72,8.6,998.3,25,33,251,0.0,0,0.0,0
2026-03-25 04:14:02,1,52,18.2,72,8.6,998.5,19,33,273,0.0,0,0.0,0
2026-03-25 04:15:03,1,52,18.2,72,8.6,998.5,13,23,313,0.0,0,0.0,0
2026-03-25 04:16:04,1,52,18.2,72,8.6,998.5,9,23,339,0.0,0,0.0,0
2026-03-25 04:17:05,1,52,18.2,72,8.6,998.3,12,23,197,0.0,0,0.0,0
2026-03-25 04:18:06,1,52,18.2,72,8.6,998.5,16,23,280,0.0,0,0.0,0
2026-03-25 04:19:07,1,52,18.2,71,8.6,998.3,21,43,283,0.0,0,0.0,0
2026-03-25 04:20:08,1,52,18.2,71,8.6,998.3,24,43,242,0.0,0,0.0,0
2026-03-25 04:21:09,1,52,18.2,71,8.6,998.5,13,36,274,0.0,0,0.0,0
2026-03-25 04:22:10,1,52,18.2,71,8.6,998.4,10,27,291,0.0,0,0.0,0
2026-03-25 04:23:11,1,52,18.1,71,8.6,998.3,21,31,261,0.0,0,0.0,0
2026-03-25 04:24:12,1,52,18.2,71,8.6,998.5,16,34,272,0.0,0,0.0,0
2026-03-25 04:25:13,1,52,18.2,71,8.6,998.3,28,38,274,0.0,0,0.0,0
2026-03-25 04:26:14,1,52,18.2,72,8.6,998.5,24,38,313,0.0,0,0.0,0
2026-03-25 04:27:15,1,52,18.2,72,8.6,998.3,25,31,263,0.0,0,0.0,0
2026-03-25 04:28:16,1,52,18.2,72,8.5,998.2,12,36,325,0.0,0,0.0,0
2026-03-25 04:29:17,1,52,18.2,72,8.4,998.4,17,33,266,0.0,0,0.0,0
2026-03-25 04:30:18,1,52,18.2,73,8.4,998.4,19,33,357,0.0,0,0.0,0
2026-03-25 04:31:19,1,52,18.2,73,8.3,998.4,12,31,283,0.0,0,0.0,0
2026-03-25 04:32:20,1,52,18.2,73,8.3,998.5,7,27,358,0.0,0,0.0,0
2026-03-25 04:33:21,1,52,18.2,73,8.3,998.4,8,14,258,0.0,0,0.0,0
2026-03-25 04:34:22,1,52,18.1,73,8.3,998.3,16,29,266,0.0,0,0.0,0
2026-03-25 04:35:23,1,52,18.2,73,8.2,998.4,14,31,284,0.0,0,0.0,0
2026-03-25 04:36:24,1,52,18.1,73,8.2,998.4,14,21,102,0.0,0,0.0,0
2026-03-25 04:37:25,1,52,18.1,73,8.2,998.4,11,27,282,0.0,0,0.0,0
2026-03-25 04:38:26,1,52,18.1,74,8.3,998.6,12,27,299,0.0,0,0.0,0
2026-03-25 04:39:27,1,52,18.1,75,8.3,998.8,14,25,268,0.0,0,0.0,0
2026-03-25 04:40:28,1,52,18.2,77,8.3,998.8,22,31,311,0.0,0,0.0,0
2026-03-25 04:41:29,1,52,18.1,78,8.2,998.6,20,34,284,0.0,0,0.0,0
2026-03-25 04:42:30,1,52,18.2,79,7.9,998.5,27,34,253,0.0,0,0.0,0
2026-03-25 04:43:31,1,52,18.1,80,7.7,998.7,32,38,7,0.0,0,0.0,0
2026-03-25 04:44:32,1,52,18.1,80,7.5,998.6,16,38,261,0.0,0,0.0,0
2026-03-25 04:45:33,1,52,18.2,81,7.5,998.5,11,23,249,0.0,0,0.0,0
2026-03-25 04:46:34,1,52,18.1,82,7.3,998.4,15,29,270,0.0,0,0.0,0
2026-03-25 04:47:35,1,52,18.1,83,7.3,998.3,14,29,266,0.0,0,0.0,0
2026-03-25 04:48:36,1,52,18.1,83,7.2,998.4,12,23,301,0.0,0,0.0,0
2026-03-25 04:49:37,1,52,18.1,83,7.2,998.5,12,21,305,0.0,0,0.0,0
2026-03-25 04:50:38,1,52,18.1,83,7.2,998.8,17,29,248,0.0,0,0.0,0
2026-03-25 04:51:39,1,52,18.1,82,7.2,998.5,21,29,289,0.0,0,0.0,0
2026-03-25 04:52:40,1,52,18.1,82,7.3,998.5,12,27,318,0.0,0,0.0,0
2026-03-25 04:53:41,1,52,18.1,81,7.4,998.5,14,29,336,0.0,0,0.0,0
2026-03-25 04:54:42,1,52,18.1,81,7.5,998.3,15,29,289,0.0,0,0.0,0
2026-03-25 04:55:43,1,52,18.1,80,7.6,998.5,19,38,31,0.0,0,0.0,0
2026-03-25 04:56:44,1,52,18.1,80,7.6,998.7,13,29,274,0.0,0,0.0,0
2026-03-25 04:57:45,1,52,18.1,79,7.7,998.5,16,29,271,0.0,0,0.0,0
2026-03-25 04:58:46,1,52,18.1,79,7.8,998.6,20,29,261,0.0,0,0.0,0
2026-03-25 04:59:47,1,52,18.1,78,7.8,998.4,25,34,268,0.0,0,0.0,0
2026-03-25 05:00:48,1,52,18.1,78,7.8,998.4,20,34,260,0.0,0,0.0,0
2026-03-25 05:01:49,1,52,18.1,78,7.9,998.4,16,27,280,0.0,0,0.0,0
2026-03-25 05:02:50,1,52,18.1,78,7.9,998.4,12,27,265,0.0,0,0.0,0
2026-03-25 05:03:51,1,52,18.1,77,7.9,998.5,18,23,329,0.0,0,0.0,0
2026-03-25 05:04:52,1,52,18.1,78,7.9,998.6,12,23,234,0.0,0,0.0,0
2026-03-25 05:05:53,1,52,18.1,77,7.9,998.5,11,25,338,0.0,0,0.0,0
2026-03-25 05:06:54,1,52,18.1,77,7.9,998.5,16,25,262,0.0,0,0.0,0
2026-03-25 05:07:55,1,52,18.1,77,7.9,998.8,6,33,340,0.0,0,0.0,0
2026-03-25 05:08:56,1,52,18.1,78,8.0,999.0,17,27,294,0.0,0,0.0,0
2026-03-25 05:09:57,1,52,18.1,77,7.9,998.6,33,46,238,0.0,0,0.0,0
2026-03-25 05:10:58,1,52,18.1,77,7.9,998.7,34,47,269,0.0,0,0.0,0
2026-03-25 05:11:59,1,52,18.1,78,7.8,998.7,19,47,252,0.0,0,0.0,0
2026-03-25 05:13:00,1,52,18.1,80,7.5,998.9,12,38,331,0.0,0,0.1,0
2026-03-25 05:14:01,1,52,18.1,81,7.4,998.8,11,36,268,0.0,0,0.1,0
2026-03-25 05:15:02,1,52,18.1,81,7.3,998.7,7,25,352,0.0,0,0.1,0
2026-03-25 05:16:03,1,52,18.1,81,7.3,998.6,21,27,270,0.0,0,0.2,0
2026-03-25 05:17:04,1,52,18.1,81,7.3,998.8,24,34,291,0.0,0,0.2,0
2026-03-25 05:18:05,1,52,18.1,81,7.3,998.8,11,34,243,0.0,0,0.2,0
2026-03-25 05:19:06,1,52,18.1,80,7.3,998.7,24,33,281,0.0,0,0.3,0
2026-03-25 05:20:07,1,52,18.1,79,7.4,998.9,16,31,260,0.0,0,0.3,0
2026-03-25 05:21:08,1,52,18.1,79,7.4,998.9,12,31,359,0.0,0,0.4,0
2026-03-25 05:22:09,1,52,18.1,78,7.5,998.7,9,29,341,0.0,0,0.4,0
2026-03-25 05:23:10,1,52,18.1,78,7.5,998.7,21,40,18,0.0,0,0.5,0
2026-03-25 05:24:11,1,52,18.1,77,7.6,998.6,17,40,266,0.0,0,0.6,0
2026-03-25 05:25:12,1,51,18.1,77,7.6,998.7,9,27,328,0.0,0,0.8,0
2026-03-25 05:26:13,1,51,18.1,77,7.6,998.6,10,18,255,0.0,0,0.9,0
2026-03-25 05:27:14,1,51,18.1,77,7.6,999.0,8,18,317,0.0,0,0.9,0
2026-03-25 05:28:15,1,51,18.1,77,7.6,998.8,11,18,264,0.0,0,1.0,0
2026-03-25 05:29:16,1,51,18.1,78,7.6,998.9,16,21,329,0.0,0,1.1,0
2026-03-25 05:30:17,1,51,18.1,77,7.6,998.9,3,21,271,0.0,0,1.2,0
2026-03-25 05:31:18,1,51,18.1,77,7.6,998.7,9,16,207,0.0,0,1.3,0
2026-03-25 05:32:19,1,51,18.1,77,7.5,998.7,17,25,302,0.0,0,1.5,0
2026-03-25 05:33:20,1,51,18.1,76,7.6,998.8,16,31,332,0.0,0,1.8,0
2026-03-25 05:34:21,1,51,18.1,75,7.6,998.7,9,33,286,0.0,0,1.9,0
2026-03-25 05:35:22,1,51,18.1,74,7.6,998.9,20,27,346,0.0,0,2.3,0
2026-03-25 05:36:23,1,51,18.1,74,7.7,998.6,5,25,272,0.0,0,2.6,0
2026-03-25 05:37:24,1,51,18.1,75,7.8,998.7,11,18,311,0.0,0,2.7,0
2026-03-25 05:38:25,1,51,18.1,74,7.8,998.7,21,27,281,0.0,0,2.6,0
2026-03-25 05:39:26,1,51,18.1,74,7.8,998.7,23,31,333,0.0,0,2.8,0
2026-03-25 05:40:27,1,51,18.1,74,7.8,998.7,9,31,293,0.0,0,3.0,0
2026-03-25 05:41:28,1,51,18.1,74,7.8,998.6,23,34,76,0.0,0,3.3,0
2026-03-25 05:42:29,1,51,18.1,74,7.8,998.8,12,34,215,0.0,0,3.4,0
2026-03-25 05:43:30,1,51,18.1,74,7.8,999.0,12,33,280,0.0,0,3.5,0
2026-03-25 05:44:31,1,51,18.1,74,7.9,999.1,29,36,255,0.0,0,4.0,0
2026-03-25 05:45:32,1,51,18.0,73,7.9,998.7,19,36,346,0.0,0,4.7,0
2026-03-25 05:46:33,1,51,18.0,74,7.9,998.8,10,31,6,0.0,0,5.0,0
2026-03-25 05:47:34,1,51,18.1,74,7.9,998.9,10,31,15,0.0,0,5.1,0
2026-03-25 05:48:35,1,51,18.0,74,7.9,998.9,7,31,294,0.0,0,5.6,0
2026-03-25 05:49:36,1,51,18.1,74,7.9,998.9,21,27,297,0.0,0,6.3,0
2026-03-25 05:50:37,1,51,18.0,74,7.9,999.0,10,27,303,0.0,0,7.2,0
2026-03-25 05:51:38,1,51,18.0,74,7.9,999.0,11,40,254,0.0,0,7.3,0
2026-03-25 05:52:39,1,51,18.1,74,7.9,998.9,8,27,308,0.0,0,5.9,0
2026-03-25 05:53:40,1,51,18.1,75,7.9,999.0,12,21,242,0.0,0,4.5,0
2026-03-25 05:54:41,1,51,18.0,74,7.9,998.9,11,21,347,0.0,0,4.1,0
2026-03-25 05:55:42,1,51,18.1,75,7.9,999.0,20,42,347,0.0,0,4.3,0
2026-03-25 05:56:43,1,51,18.0,77,7.9,999.4,15,42,159,0.0,0,5.2,0
2026-03-25 05:57:44,1,51,18.0,78,7.7,999.3,11,23,339,0.0,0,7.3,0
2026-03-25 05:58:45,1,51,18.0,78,7.6,999.0,10,20,2,0.0,0,9.1,0
2026-03-25 05:59:46,1,51,18.0,79,7.4,998.9,18,27,325,0.0,0,10.2,0
2026-03-25 06:00:47,1,51,18.1,80,7.3,999.0,12,27,291,0.0,0,11.0,0
2026-03-25 06:01:48,1,51,18.1,80,7.2,998.9,9,23,264,0.0,0,11.1,0
2026-03-25 06:02:49,1,51,18.1,80,7.2,998.9,12,25,273,0.0,0,11.9,0
2026-03-25 06:03:50,1,51,18.0,80,7.2,998.8,14,25,272,0.0,0,15.8,0
2026-03-25 06:04:51,1,51,18.0,80,7.2,999.1,6,33,249,0.0,0,21.7,0
2026-03-25 06:05:52,1,51,18.0,80,7.2,999.0,11,20,287,0.0,0,23.9,0
2026-03-25 06:06:53,1,51,18.0,80,7.2,999.0,17,25,231,0.0,0,23.6,0
2026-03-25 06:07:54,1,51,18.0,80,7.2,999.0,8,23,297,0.0,0,25.6,0
2026-03-25 06:08:55,1,51,18.0,80,7.3,998.9,8,20,262,0.0,0,26.9,0
2026-03-25 06:09:56,1,51,18.0,80,7.3,998.8,16,23,245,0.0,0,25.7,0
2026-03-25 06:10:57,1,51,18.0,80,7.3,999.0,14,23,251,0.0,0,25.1,0
2026-03-25 06:11:58,1,51,18.0,80,7.3,999.1,8,18,333,0.0,0,27.3,0
2026-03-25 06:12:59,1,51,18.0,80,7.3,998.8,14,21,252,0.0,0,30.1,0
2026-03-25 06:14:00,1,51,18.0,80,7.3,998.9,11,27,262,0.0,0,31.0,0
2026-03-25 06:15:01,1,51,18.0,80,7.3,999.2,12,21,276,0.0,0,33.0,0
2026-03-25 06:16:02,1,51,18.0,80,7.3,999.1,18,25,295,0.0,0,35.0,0
2026-03-25 06:17:03,1,51,18.0,80,7.3,999.1,11,25,260,0.0,0,35.9,0
2026-03-25 06:18:04,1,51,18.0,80,7.3,999.0,8,18,303,0.0,0,34.4,0
2026-03-25 06:19:05,1,51,18.0,80,7.3,999.0,11,16,244,0.0,0,31.9,0
2026-03-25 06:20:06,1,51,18.0,80,7.3,999.1,13,16,275,0.0,0,29.5,0
2026-03-25 06:21:07,1,51,18.0,80,7.3,999.0,12,18,241,0.0,0,30.4,0
2026-03-25 06:22:08,1,51,18.0,79,7.3,998.9,27,29,266,0.0,0,33.5,0
2026-03-25 06:23:09,1,51,18.0,79,7.4,999.1,10,29,312,0.0,0,36.5,0
2026-03-25 06:24:10,1,51,18.0,79,7.4,999.1,13,21,269,0.0,0,38.1,0
2026-03-25 06:25:11,1,51,18.0,79,7.5,999.0,7,20,291,0.0,0,41.5,0
2026-03-25 06:26:12,1,51,18.0,79,7.5,999.1,7,20,302,0.0,0,45.8,0
2026-03-25 06:27:13,1,51,18.0,79,7.5,999.0,6,18,277,0.0,0,47.0,0
2026-03-25 06:28:14,1,51,18.0,79,7.5,999.1,15,25,327,0.0,0,46.3,0
2026-03-25 06:29:15,1,51,18.0,78,7.5,999.0,25,36,263,0.0,0,46.1,0
2026-03-25 06:30:16,1,51,18.0,78,7.5,999.1,6,36,344,0.0,0,50.2,0
2026-03-25 06:31:17,1,51,18.0,78,7.6,999.1,16,23,256,0.0,0,55.5,0
2026-03-25 06:32:18,1,51,18.0,78,7.6,999.2,7,23,318,0.0,0,57.6,0
2026-03-25 06:33:19,1,51,18.0,79,7.6,999.0,15,20,303,0.0,0,60.1,0
2026-03-25 06:34:20,1,51,18.0,79,7.6,999.1,8,27,312,0.0,0,59.5,0
2026-03-25 06:35:21,1,51,18.0,78,7.7,999.2,17,29,100,0.0,0,58.5,0
2026-03-25 06:36:22,1,51,18.0,78,7.7,999.2,6,27,331,0.0,0,58.7,0
2026-03-25 06:37:23,1,51,18.0,78,7.7,999.2,10,18,267,0.0,0,59.1,0
2026-03-25 06:38:24,1,51,18.0,78,7.7,999.1,7,18,282,0.0,0,60.3,0
2026-03-25 06:39:25,1,51,18.0,78,7.7,999.1,23,29,250,0.0,0,64.2,0
2026-03-25 06:40:26,1,51,18.0,78,7.7,999.2,19,29,316,0.0,0,70.5,0
2026-03-25 06:41:27,1,51,18.0,78,7.7,999.2,7,23,271,0.0,0,78.3,0
2026-03-25 06:42:28,1,51,18.0,78,7.8,999.1,10,21,296,0.0,0,78.5,0
2026-03-25 06:43:29,1,51,18.0,78,7.8,999.1,16,40,249,0.0,0,88.2,0
2026-03-25 06:44:30,1,51,18.0,78,7.8,999.2,14,36,335,0.0,0,84.0,0
2026-03-25 06:45:31,1,51,18.0,78,7.8,999.2,11,29,276,0.0,0,63.2,0
2026-03-25 06:46:32,1,51,18.0,78,7.8,999.4,17,25,306,0.0,0,65.5,0
2026-03-25 06:47:33,1,51,18.0,78,7.9,999.1,19,36,266,0.0,0,75.5,0
2026-03-25 06:48:34,1,51,18.0,79,7.8,999.2,16,43,339,0.0,0,78.9,0
2026-03-25 06:49:35,1,51,18.0,80,7.8,999.3,8,38,280,0.0,0,80.6,0
2026-03-25 06:50:36,1,51,18.0,80,7.6,999.3,12,29,325,0.0,0,83.4,0
2026-03-25 06:51:37,1,51,18.0,81,7.5,999.1,16,25,230,0.0,0,85.9,0
2026-03-25 06:52:38,1,51,18.0,81,7.4,999.1,6,25,260,0.0,0,86.5,0
2026-03-25 06:53:39,1,51,18.0,81,7.4,999.2,14,31,296,0.0,0,86.0,0
2026-03-25 06:54:40,1,51,18.0,82,7.4,999.2,16,31,260,0.0,0,84.4,0
2026-03-25 06:55:41,1,51,18.0,82,7.3,999.3,3,25,12,0.0,0,82.1,0
2026-03-25 06:56:42,1,51,18.0,82,7.3,999.4,5,16,18,0.0,0,80.4,0
2026-03-25 06:57:43,1,51,18.0,82,7.4,999.1,10,16,284,0.0,0,80.4,0
2026-03-25 06:58:44,1,51,18.0,81,7.4,999.4,12,23,308,0.0,0,81.3,0
2026-03-25 06:59:45,1,51,18.0,81,7.4,999.2,9,23,286,0.0,0,80.5,0
2026-03-25 07:00:46,1,51,18.0,81,7.4,999.3,17,23,271,0.0,0,80.5,0
2026-03-25 07:01:47,1,51,18.0,81,7.4,999.4,13,23,277,0.0,0,81.0,0
2026-03-25 07:02:48,1,51,18.0,81,7.5,999.4,11,18,252,0.0,0,76.8,0
2026-03-25 07:03:49,1,51,18.0,81,7.5,999.3,12,21,264,0.0,0,83.3,0
2026-03-25 07:04:50,1,51,18.0,80,7.5,999.4,6,20,302,0.0,0,87.2,0
2026-03-25 07:05:51,1,51,18.0,81,7.5,999.3,18,20,282,0.0,0,82.2,0
2026-03-25 07:06:52,1,51,18.0,81,7.5,999.5,16,21,310,0.0,0,62.8,0
2026-03-25 07:07:53,1,51,18.0,81,7.5,999.4,5,23,304,0.0,0,36.5,0
2026-03-25 07:08:54,1,51,18.0,81,7.5,999.7,19,25,228,0.0,0,19.1,0
2026-03-25 07:09:55,1,51,18.0,80,7.5,999.7,9,25,336,0.0,0,14.3,0
2026-03-25 07:10:56,1,51,18.0,80,7.6,1000.0,12,20,42,0.0,0,12.3,0
2026-03-25 07:11:57,1,51,18.0,81,7.5,999.9,13,23,277,0.0,0,11.7,0
2026-03-25 07:12:58,1,51,18.0,80,7.5,1000.0,18,25,352,0.0,0,12.5,0
2026-03-25 07:13:59,1,51,18.0,81,7.3,1000.0,14,25,331,0.0,0,12.8,0
2026-03-25 07:15:00,1,51,18.0,82,7.0,1000.1,9,21,3,0.0,0,14.2,0
2026-03-25 07:16:01,1,51,18.0,83,6.7,1000.1,10,21,250,0.0,0,15.4,0
2026-03-25 07:17:02,1,51,18.0,83,6.4,1000.0,15,34,311,0.0,0,16.7,0
2026-03-25 07:18:03,1,51,18.0,85,6.1,999.9,7,25,298,0.0,0,18.1,0
2026-03-25 07:19:04,1,51,18.0,86,5.9,999.9,7,20,341,0.0,0,21.1,0
2026-03-25 07:20:05,1,51,18.0,87,5.8,1000.0,8,12,306,0.0,0,23.6,0
2026-03-25 07:21:06,1,51,18.0,87,5.8,1000.1,12,27,12,0.0,0,24.0,0
2026-03-25 07:22:07,1,51,18.0,88,5.7,1000.1,11,27,326,0.0,0,25.8,0
2026-03-25 07:23:08,1,51,18.0,88,5.7,1000.0,1,14,281,0.0,0,22.6,0
2026-03-25 07:24:09,1,51,18.0,89,5.7,1000.1,8,14,343,0.0,0,19.1,0
2026-03-25 07:25:10,1,51,18.0,89,5.7,1000.1,10,18,298,0.0,0,23.0,0
2026-03-25 07:26:11,1,51,18.0,89,5.7,1000.0,8,18,311,0.0,0,29.8,0
2026-03-25 07:27:12,1,51,18.0,89,5.7,1000.3,10,18,287,0.0,0,39.1,0
2026-03-25 07:28:13,1,51,18.0,90,5.7,1000.1,9,18,277,0.0,0,43.8,0
2026-03-25 07:29:14,1,51,18.0,90,5.7,1000.2,7,20,314,0.0,0,48.6,0
2026-03-25 07:30:15,1,51,18.0,90,5.7,1000.2,12,20,301,0.0,0,51.2,0
2026-03-25 07:31:16,1,51,18.0,90,5.7,1000.2,17,23,268,0.0,0,50.0,0
2026-03-25 07:32:18,1,51,18.0,90,5.7,1000.2,8,23,298,0.0,0,48.7,0
2026-03-25 07:33:19,1,51,18.0,90,5.7,1000.3,9,20,322,0.0,0,43.0,0
2026-03-25 07:34:20,1,51,18.0,90,5.7,1000.3,4,16,350,0.0,0,34.2,0
2026-03-25 07:35:21,1,51,18.0,90,5.7,1000.2,5,11,291,0.0,0,23.9,0
2026-03-25 07:36:22,1,51,18.0,90,5.7,1000.2,4,11,21,0.0,0,21.0,0
2026-03-25 07:37:23,1,51,18.0,90,5.8,1000.3,9,16,337,0.0,0,20.2,0
2026-03-25 07:38:24,1,51,18.0,90,5.8,1000.3,15,20,306,0.0,0,17.0,0
2026-03-25 07:39:25,1,51,18.0,90,5.8,1000.3,8,23,306,0.0,0,17.5,0
2026-03-25 07:40:26,1,51,18.0,90,5.8,1000.3,6,12,349,0.0,0,20.0,0
2026-03-25 07:41:27,1,51,18.0,90,5.8,1000.4,2,12,294,0.0,0,21.4,0
2026-03-25 07:42:28,1,51,18.0,90,5.8,1000.6,9,12,353,0.0,0,24.9,0
2026-03-25 07:43:29,1,51,18.0,90,5.8,1000.6,5,12,328,0.0,0,29.6,0
2026-03-25 07:44:30,1,51,18.0,90,5.8,1000.3,4,11,41,0.0,0,32.7,0
2026-03-25 07:45:31,1,51,18.0,90,5.7,1000.6,6,20,41,0.0,0,36.2,0
2026-03-25 07:46:32,1,51,18.0,89,5.7,1000.4,12,21,295,0.0,0,35.3,0
2026-03-25 07:47:33,1,51,18.0,89,5.7,1000.7,8,21,327,0.0,0,29.8,0
2026-03-25 07:48:34,1,51,18.0,89,5.6,1000.6,10,20,309,0.0,0,28.4,0
2026-03-25 07:49:35,1,51,18.0,89,5.5,1000.7,10,20,23,0.0,0,26.6,0
2026-03-25 07:50:36,1,51,18.0,89,5.5,1000.7,4,14,288,0.0,0,21.4,0
2026-03-25 07:51:37,1,51,18.0,89,5.5,1001.0,21,27,1,0.0,0,19.2,0
2026-03-25 07:52:38,1,51,18.0,88,5.5,1000.9,15,27,290,0.0,0,18.1,0
2026-03-25 07:53:39,1,51,18.0,88,5.3,1001.0,7,21,336,0.0,0,16.3,0
2026-03-25 07:54:40,1,51,18.0,88,5.2,1001.0,9,21,19,0.0,0,15.4,0
2026-03-25 07:55:41,1,51,18.0,88,5.2,1000.9,3,18,320,0.0,0,13.5,0
2026-03-25 07:56:42,1,51,18.0,89,5.1,1001.1,2,12,306,0.0,0,12.6,0
2026-03-25 07:57:43,1,51,18.0,89,5.1,1000.9,3,14,5,0.0,0,12.1,0
2026-03-25 07:58:44,1,51,18.0,89,5.0,1001.0,5,14,325,0.0,0,11.2,0
2026-03-25 07:59:45,1,51,18.0,89,5.0,1001.0,11,20,353,0.0,0,10.1,0
2026-03-25 08:00:46,1,51,18.0,89,5.0,1000.9,10,16,347,0.0,0,10.7,0
2026-03-25 08:01:47,1,51,18.0,89,4.9,1001.0,7,16,311,0.0,0,12.8,0
2026-03-25 08:02:48,1,51,18.0,89,4.8,1001.0,5,16,331,0.0,0,13.8,0
2026-03-25 08:03:49,1,51,18.0,89,4.8,1001.0,5,9,306,0.0,0,15.8,0
2026-03-25 08:04:50,1,51,18.0,90,4.8,1001.0,1,7,342,0.0,0,15.8,0
2026-03-25 08:05:51,1,51,18.0,90,4.8,1001.1,4,9,247,0.0,0,15.3,0
2026-03-25 08:06:52,1,51,18.0,90,4.8,1001.0,9,14,303,0.0,0,16.1,0
2026-03-25 08:07:53,1,51,18.0,90,4.8,1001.0,7,14,3,0.0,0,19.2,0
2026-03-25 08:08:54,1,51,18.0,90,4.7,1001.1,4,14,338,0.0,0,21.2,0
2026-03-25 08:09:55,1,51,18.0,90,4.7,1001.1,9,11,332,0.0,0,22.1,0
2026-03-25 08:10:56,1,51,17.9,90,4.7,1001.1,7,12,335,0.0,0,22.7,0
2026-03-25 08:11:57,1,51,17.9,90,4.7,1001.1,6,12,295,0.0,0,24.4,0
2026-03-25 08:12:58,1,51,18.0,90,4.7,1001.1,7,11,8,0.0,0,26.4,0
2026-03-25 08:13:59,1,51,17.9,90,4.7,1000.9,4,11,297,0.0,0,25.8,0
2026-03-25 08:15:00,1,51,17.9,90,4.7,1001.0,2,11,334,0.0,0,25.4,0
2026-03-25 08:16:01,1,51,18.0,90,4.7,1000.9,1,7,312,0.0,0,23.7,0
2026-03-25 08:17:02,1,51,17.9,90,4.7,1001.0,3,5,336,0.0,0,23.7,0
2026-03-25 08:18:03,1,51,17.9,90,4.7,1001.0,7,11,323,0.0,0,24.8,0
2026-03-25 08:19:04,1,51,18.0,90,4.7,1001.1,7,11,339,0.0,0,24.7,0
2026-03-25 08:20:05,1,51,17.9,90,4.7,1001.1,3,9,326,0.0,0,32.7,0
2026-03-25 08:21:06,1,51,17.9,90,4.7,1001.0,0,7,341,0.0,0,38.3,0
2026-03-25 08:22:07,1,51,18.0,91,4.7,1001.1,1,3,333,0.0,0,44.8,0
2026-03-25 08:23:08,1,51,17.9,91,4.8,1000.9,1,3,338,0.0,0,44.7,0
2026-03-25 08:24:09,1,51,17.9,91,4.8,1001.1,3,9,322,0.0,0,40.5,0
2026-03-25 08:25:10,1,51,17.9,90,4.8,1001.0,3,9,303,0.0,0,43.6,0
2026-03-25 08:26:11,1,51,17.9,91,4.8,1001.1,2,7,339,0.0,0,42.7,0
2026-03-25 08:27:12,1,51,17.9,91,4.8,1000.9,0,5,333,0.0,0,47.4,0
2026-03-25 08:28:13,1,51,17.9,91,4.8,1001.1,3,5,351,0.0,0,50.8,0
2026-03-25 08:29:14,1,51,18.0,91,4.9,1001.1,2,5,354,0.0,0,54.3,0
2026-03-25 08:30:15,1,51,17.9,91,4.9,1000.9,5,7,329,0.0,0,60.3,0
2026-03-25 08:31:16,1,51,18.0,91,4.9,1000.9,3,7,347,0.0,0,60.0,0
2026-03-25 08:32:17,1,51,17.9,91,4.9,1001.0,2,5,316,0.0,0,60.0,0
2026-03-25 08:33:18,1,51,18.0,91,4.9,1001.1,0,3,0,0.0,0,57.7,0
2026-03-25 08:34:19,1,51,18.0,91,4.9,1001.0,0,1,359,0.0,0,56.5,0
2026-03-25 08:35:20,1,51,17.9,91,4.9,1000.9,1,1,331,0.0,0,56.4,0
2026-03-25 08:36:21,1,51,17.9,91,4.9,1001.3,0,3,340,0.0,0,55.2,0
2026-03-25 08:37:22,1,51,18.0,91,5.0,1000.9,0,1,339,0.0,0,53.9,0
2026-03-25 08:38:23,1,51,17.9,91,5.0,1001.1,0,1,337,0.0,0,54.7,0
2026-03-25 08:39:24,1,51,17.9,91,5.0,1001.0,0,1,334,0.0,0,59.0,0
2026-03-25 08:40:25,1,51,17.9,91,5.0,1001.4,2,3,274,0.0,0,63.4,0
2026-03-25 08:41:26,1,51,17.9,91,5.0,1001.1,4,5,220,0.0,0,67.2,0
2026-03-25 08:42:27,1,51,18.0,91,5.1,1001.0,1,5,280,0.0,0,71.6,0
2026-03-25 08:43:28,1,51,18.0,91,5.1,1001.2,4,7,291,0.0,0,74.9,0
2026-03-25 08:44:29,1,51,17.9,91,5.0,1001.0,3,7,256,0.0,0,79.0,0
2026-03-25 08:45:30,1,51,17.9,91,5.0,1001.1,1,3,257,0.0,0,82.1,0
2026-03-25 08:46:31,1,51,17.9,91,5.0,1001.1,2,3,256,0.0,0,84.7,0
2026-03-25 08:47:32,1,51,18.0,91,5.0,1001.0,3,5,272,0.0,0,86.6,0
2026-03-25 08:48:33,1,51,17.9,91,5.0,1001.1,3,5,265,0.0,0,87.8,0
2026-03-25 08:49:34,1,51,18.0,91,5.1,1001.1,1,3,260,0.0,0,90.2,0
2026-03-25 08:50:35,1,51,18.0,90,5.1,1001.1,3,3,218,0.0,0,94.2,0
2026-03-25 08:51:36,1,51,18.0,90,5.1,1001.0,3,3,275,0.0,0,99.1,0
2026-03-25 08:52:37,1,51,18.0,91,5.0,1001.1,0,3,275,0.0,0,104.3,1
2026-03-25 08:53:38,1,51,18.0,91,5.0,1001.0,2,3,285,0.0,0,107.7,1
2026-03-25 08:54:39,1,51,17.9,91,5.1,1000.9,2,3,283,0.0,0,111.5,1
2026-03-25 08:55:40,1,51,18.0,91,5.2,1001.1,5,7,276,0.0,0,113.5,1
2026-03-25 08:56:41,1,51,18.0,90,5.2,1001.2,0,7,207,0.0,0,112.7,1
2026-03-25 08:57:42,1,52,18.0,90,5.2,1001.1,3,5,287,0.0,0,109.5,1
2026-03-25 08:58:43,1,52,18.0,90,5.2,1001.1,0,5,287,0.0,0,105.1,1
2026-03-25 08:59:44,1,51,18.0,90,5.2,1001.1,0,3,287,0.0,0,101.4,0
2026-03-25 09:00:45,1,51,18.0,90,5.3,1001.3,0,1,286,0.0,0,91.4,0
2026-03-25 09:01:46,1,52,18.0,90,5.3,1001.3,0,1,288,0.0,0,88.3,0
2026-03-25 09:02:47,1,51,18.0,91,5.4,1001.3,0,3,289,0.0,0,91.9,0
2026-03-25 09:03:48,1,52,18.0,91,5.4,1001.4,1,3,289,0.0,0,85.8,0
2026-03-25 09:04:49,1,52,18.0,90,5.4,1001.4,2,3,283,0.0,0,74.7,0
2026-03-25 09:05:50,1,52,18.0,90,5.5,1001.3,3,5,255,0.0,0,76.9,0
2026-03-25 09:06:51,1,52,18.1,90,5.5,1001.2,2,3,272,0.0,0,104.4,1
2026-03-25 09:07:52,1,53,18.1,90,5.5,1001.4,1,3,274,0.0,0,98.3,0
2026-03-25 09:08:53,1,53,18.2,90,5.5,1001.5,0,1,274,0.0,0,102.6,0
2026-03-25 09:09:54,1,53,18.3,90,5.5,1001.3,1,1,250,0.0,0,105.3,1
2026-03-25 09:10:55,1,53,18.4,90,5.5,1001.3,1,3,254,0.0,0,104.2,1
2026-03-25 09:11:56,1,52,18.5,90,5.5,1001.3,1,3,266,0.0,0,86.7,0
2026-03-25 09:12:57,1,52,18.7,90,5.6,1001.5,0,1,265,0.0,0,81.5,0
2026-03-25 09:13:58,1,52,18.8,90,5.6,1001.5,0,1,265,0.0,0,76.1,0
2026-03-25 09:14:59,1,52,18.9,90,5.6,1001.4,0,1,329,0.0,0,70.5,0
2026-03-25 09:16:00,1,52,19.0,90,5.6,1001.6,0,1,329,0.0,0,80.2,0
2026-03-25 09:17:01,1,51,19.1,90,5.7,1001.5,0,0,329,0.0,0,86.0,0
2026-03-25 09:18:02,1,51,19.2,90,5.7,1001.6,0,0,329,0.0,0,92.2,0
2026-03-25 09:19:03,1,51,19.2,91,5.7,1001.4,0,0,349,0.0,0,67.6,0
2026-03-25 09:20:04,1,51,19.3,91,5.8,1001.6,0,0,349,0.0,0,71.5,0
2026-03-25 09:21:05,1,51,19.4,91,5.8,1001.5,0,0,349,0.0,0,88.2,0
2026-03-25 09:22:06,1,50,19.4,91,5.8,1001.7,1,1,12,0.0,0,62.1,0
2026-03-25 09:23:07,1,50,19.5,90,5.8,1001.5,2,3,20,0.0,0,34.7,0
2026-03-25 09:24:08,1,50,19.5,90,5.8,1001.7,4,7,15,0.0,0,20.4,0
2026-03-25 09:25:09,1,50,19.6,90,5.8,1001.8,2,7,37,0.0,0,19.4,0
2026-03-25 09:26:10,1,50,19.6,91,5.8,1001.8,5,7,27,0.0,0,20.6,0
2026-03-25 09:27:11,1,50,19.7,90,5.7,1001.9,1,7,22,0.0,0,21.6,0
2026-03-25 09:28:12,1,50,19.7,90,5.7,1002.1,3,5,338,0.0,0,25.0,0
2026-03-25 09:29:13,1,50,19.8,90,5.7,1001.9,2,7,51,0.0,0,22.6,0
2026-03-25 09:30:14,1,50,19.8,90,5.7,1001.8,0,7,19,0.0,0,23.4,0
2026-03-25 09:31:15,1,49,19.8,91,5.6,1002.0,1,5,16,0.0,0,22.2,0
2026-03-25 09:32:16,1,49,19.8,90,5.6,1002.0,4,9,17,0.0,0,22.6,0
2026-03-25 09:33:17,1,49,19.9,90,5.6,1002.1,12,21,10,0.0,0,24.9,0
2026-03-25 09:34:18,1,49,19.9,90,5.6,1002.3,9,21,358,0.0,0,30.5,0
2026-03-25 09:35:19,1,49,19.8,90,5.5,1002.2,8,20,3,0.0,0,41.4,0
2026-03-25 09:36:20,1,49,19.8,89,5.5,1002.2,0,16,340,0.0,0,49.3,0
2026-03-25 09:37:21,1,49,19.8,89,5.5,1002.1,7,12,26,0.0,0,50.7,0
2026-03-25 09:38:22,1,49,19.8,89,5.5,1002.1,6,12,328,0.0,0,67.2,0
2026-03-25 09:39:23,1,49,19.8,89,5.5,1002.1,1,9,61,0.0,0,60.9,0
2026-03-25 09:40:24,1,49,19.8,89,5.5,1002.1,7,11,338,0.0,0,74.2,0
2026-03-25 09:41:25,1,49,19.7,88,5.5,1001.9,7,18,280,0.0,0,95.6,0
2026-03-25 09:42:26,1,49,19.7,88,5.5,1002.0,15,25,308,0.0,0,88.0,0
2026-03-25 09:43:27,1,49,19.7,88,5.5,1002.3,1,25,338,0.0,0,53.9,0
2026-03-25 09:44:28,1,49,19.6,88,5.5,1002.4,2,11,11,0.0,0,38.9,0
2026-03-25 09:45:29,1,49,19.6,87,5.6,1002.4,24,31,329,0.0,0,34.3,0
2026-03-25 09:46:30,1,49,19.6,85,5.6,1002.6,16,38,22,0.0,0,21.7,0
2026-03-25 09:47:31,1,49,19.5,85,5.4,1002.7,17,34,1,0.0,0,14.6,0
2026-03-25 09:48:32,1,49,19.5,85,5.3,1002.4,10,34,355,0.0,0,15.0,0
2026-03-25 09:49:33,1,49,19.5,85,5.0,1002.4,4,21,11,0.0,0,18.0,0
2026-03-25 09:50:34,1,49,19.4,86,4.8,1002.2,3,18,338,0.0,0,21.7,0
2026-03-25 09:51:35,1,49,19.4,87,4.6,1002.2,16,31,308,0.0,0,27.8,0
2026-03-25 09:52:36,1,49,19.4,88,4.6,1002.4,12,31,318,0.0,0,37.9,0
2026-03-25 09:53:37,1,49,19.3,88,4.7,1002.5,7,21,336,0.0,0,54.2,0
2026-03-25 09:54:38,1,49,19.3,88,4.7,1002.2,11,23,357,0.0,0,62.1,0
2026-03-25 09:55:39,1,49,19.2,88,4.8,1002.4,7,23,321,0.0,0,56.5,0
2026-03-25 09:56:40,1,49,19.2,88,4.9,1002.2,9,23,330,0.0,0,72.2,0
2026-03-25 09:57:41,1,49,19.2,88,5.0,1001.8,8,18,330,0.0,0,77.2,0
2026-03-25 09:58:42,1,49,19.1,88,5.0,1002.0,9,11,351,0.0,0,113.8,1
2026-03-25 09:59:43,1,49,19.1,89,5.0,1002.0,11,18,13,0.0,0,153.2,1
2026-03-25 10:00:44,1,49,19.0,88,5.1,1001.9,5,18,329,0.0,0,158.3,1
2026-03-25 10:01:45,1,49,19.0,89,5.2,1002.1,11,21,338,0.0,0,163.4,1
2026-03-25 10:02:46,1,49,19.0,89,5.4,1002.1,10,21,270,0.0,0,162.9,1
2026-03-25 10:03:47,1,49,18.9,88,5.6,1002.2,11,16,320,0.0,0,172.6,1
2026-03-25 10:04:48,1,49,18.9,88,5.6,1002.2,1,16,358,0.0,0,196.2,1
2026-03-25 10:05:49,1,49,18.9,88,5.7,1002.1,7,12,17,0.0,0,216.2,2
2026-03-25 10:06:50,1,49,18.9,88,5.9,1002.1,6,14,310,0.0,0,235.1,2
2026-03-25 10:07:51,1,49,18.8,88,6.0,1002.2,10,14,317,0.0,0,262.6,2
2026-03-25 10:08:52,1,49,18.8,88,6.0,1002.1,3,14,346,0.0,0,279.9,2
2026-03-25 10:09:53,1,49,18.8,88,6.1,1002.1,7,11,275,0.0,0,268.9,2
2026-03-25 10:10:54,1,49,18.7,89,6.3,1002.0,6,11,305,0.0,0,377.2,3
2026-03-25 10:11:55,1,49,18.7,88,6.4,1002.1,8,11,280,0.0,0,277.0,2
2026-03-25 10:12:56,1,49,18.7,88,6.5,1002.2,13,16,277,0.0,0,340.2,3
2026-03-25 10:13:57,1,49,18.7,88,6.6,1002.2,7,16,291,0.0,0,168.1,1
2026-03-25 10:14:58,1,49,18.7,87,6.8,1002.2,14,20,295,0.0,0,169.0,1
2026-03-25 10:15:59,1,49,18.7,87,6.8,1002.1,13,20,8,0.0,0,189.2,1
2026-03-25 10:17:00,1,49,18.7,86,6.9,1002.1,8,23,302,0.0,0,210.1,2
2026-03-25 10:18:01,1,49,18.7,86,6.9,1002.2,6,23,358,0.0,0,217.2,2
2026-03-25 10:19:02,1,49,18.6,86,6.9,1002.1,6,14,303,0.0,0,232.5,2
2026-03-25 10:20:03,1,49,18.6,86,7.0,1002.1,11,18,266,0.0,0,209.3,2
2026-03-25 10:21:04,1,49,18.6,86,7.0,1002.1,14,18,306,0.0,0,194.7,1
2026-03-25 10:22:05,1,49,18.6,84,7.1,1002.1,14,25,330,0.0,0,173.3,1
2026-03-25 10:23:06,1,49,18.6,84,7.1,1002.2,3,25,302,0.0,0,162.1,1
2026-03-25 10:24:07,1,49,18.6,84,7.1,1002.2,9,20,335,0.0,0,160.4,1
2026-03-25 10:25:08,1,49,18.6,84,7.1,1002.1,8,20,247,0.0,0,162.3,1
2026-03-25 10:26:09,1,49,18.6,83,7.1,1002.1,9,21,312,0.0,0,162.4,1
2026-03-25 10:27:10,1,49,18.6,83,7.0,1002.4,9,21,316,0.0,0,153.9,1
2026-03-25 10:28:11,1,49,18.6,83,7.0,1002.1,11,16,302,0.0,0,153.6,1
2026-03-25 10:29:12,1,49,18.6,83,7.0,1002.4,13,21,333,0.0,0,152.4,1
2026-03-25 10:30:13,1,49,18.5,83,7.0,1002.2,7,21,294,0.0,0,160.7,1
2026-03-25 10:31:14,1,49,18.5,83,6.9,1002.4,15,20,294,0.0,0,172.0,1
2026-03-25 10:32:15,1,49,18.5,82,6.9,1002.1,13,23,239,0.0,0,185.8,1
2026-03-25 10:33:16,1,49,18.5,83,6.9,1002.2,7,18,301,0.0,0,220.9,2
2026-03-25 10:34:17,1,49,18.5,83,6.9,1002.3,7,14,272,0.0,0,319.6,3
2026-03-25 10:35:18,1,49,18.5,84,6.9,1002.3,8,14,253,0.0,0,401.2,3
2026-03-25 10:36:19,1,49,18.5,84,7.0,1002.3,10,14,285,0.0,0,344.4,3
2026-03-25 10:37:20,1,49,18.5,84,7.1,1002.4,6,14,2,0.0,0,293.4,2
2026-03-25 10:38:21,1,50,18.5,84,7.1,1002.2,6,12,329,0.0,0,245.9,2
2026-03-25 10:39:22,1,50,18.5,85,7.2,1002.3,3,9,286,0.0,0,167.9,1
2026-03-25 10:40:23,1,50,18.5,84,7.3,1002.4,8,12,300,0.0,0,139.1,1
2026-03-25 10:41:24,1,50,18.5,84,7.4,1002.4,9,20,308,0.0,0,127.3,1
2026-03-25 10:42:25,1,50,18.5,84,7.4,1002.5,5,20,275,0.0,0,127.9,1
2026-03-25 10:43:26,1,50,18.5,84,7.5,1002.5,15,21,272,0.0,0,132.9,1
2026-03-25 10:44:27,1,50,18.4,83,7.5,1002.5,8,23,308,0.0,0,149.6,1
2026-03-25 10:45:28,1,50,18.4,83,7.5,1002.6,12,20,293,0.0,0,162.2,1
2026-03-25 10:46:29,1,50,18.4,83,7.4,1002.5,9,18,292,0.0,0,163.6,1
2026-03-25 10:47:30,1,50,18.4,83,7.3,1002.7,14,21,314,0.0,0,163.2,1
2026-03-25 10:48:31,1,50,18.4,83,7.2,1002.6,10,20,308,0.0,0,162.0,1
2026-03-25 10:49:32,1,50,18.4,84,7.1,1002.5,5,16,304,0.0,0,160.9,1
2026-03-25 10:50:33,1,50,18.4,84,7.1,1002.5,11,14,285,0.0,0,159.9,1
2026-03-25 10:51:34,1,50,18.5,84,7.1,1002.7,8,16,288,0.0,0,159.2,1
2026-03-25 10:52:35,1,50,18.5,84,7.1,1002.5,6,16,312,0.0,0,158.4,1
2026-03-25 10:53:36,1,50,18.6,84,7.1,1002.5,7,14,323,0.0,0,157.4,1
2026-03-25 10:54:37,1,50,18.7,85,7.1,1002.4,9,14,274,0.0,0,155.3,1
2026-03-25 10:55:38,1,50,18.8,85,7.1,1002.6,1,18,331,0.0,0,153.9,1
2026-03-25 10:56:39,1,50,18.9,85,7.1,1002.4,6,18,335,0.0,0,151.8,1
2026-03-25 10:57:40,1,50,18.9,85,7.1,1002.6,11,18,285,0.0,0,150.6,1
2026-03-25 10:58:41,1,50,19.0,85,7.1,1002.5,7,18,345,0.0,0,150.0,1
2026-03-25 10:59:42,1,49,19.1,85,7.1,1002.4,11,14,344,0.0,0,150.8,1
2026-03-25 11:00:43,1,49,19.2,85,7.1,1002.4,8,16,314,0.0,0,152.3,1
2026-03-25 11:01:44,1,49,19.2,85,7.2,1002.6,7,16,289,0.0,0,153.5,1
2026-03-25 11:02:45,1,49,19.3,84,7.2,1002.5,9,12,358,0.0,0,163.5,1
2026-03-25 11:03:46,1,49,19.3,84,7.2,1002.5,5,12,310,0.0,0,251.8,2
2026-03-25 11:04:47,1,49,19.4,85,7.2,1002.5,8,12,292,0.0,0,388.3,3
2026-03-25 11:05:48,1,49,19.4,85,7.3,1002.4,3,12,348,0.0,0,434.7,4
2026-03-25 11:06:49,1,49,19.4,84,7.4,1002.4,8,12,297,0.0,0,440.2,4
2026-03-25 11:07:50,1,49,19.4,83,7.5,1002.6,5,12,233,0.0,0,401.9,3
2026-03-25 11:08:51,1,49,19.5,82,7.7,1002.5,8,12,320,0.0,0,450.7,4
2026-03-25 11:09:52,1,48,19.5,82,7.8,1002.3,10,12,276,0.0,0,465.2,4
2026-03-25 11:10:53,1,48,19.5,82,7.9,1002.3,5,12,266,0.0,0,509.3,4
2026-03-25 11:11:54,1,48,19.5,82,8.1,1002.5,5,9,335,0.0,0,512.3,4
2026-03-25 11:12:55,1,48,19.5,79,8.4,1002.3,8,14,277,0.0,0,480.8,4
2026-03-25 11:13:56,1,48,19.5,78,8.6,1002.4,13,18,304,0.0,0,585.6,5
2026-03-25 11:14:57,1,48,19.5,75,8.8,1002.6,18,33,14,0.0,0,628.6,6
2026-03-25 11:15:58,1,49,19.5,74,8.9,1002.7,12,33,305,0.0,0,629.6,6
2026-03-25 11:16:59,1,49,19.5,71,9.2,1002.5,9,27,357,0.0,0,642.7,6
2026-03-25 11:18:00,1,49,19.5,72,9.2,1002.5,5,23,322,0.0,0,643.1,6
2026-03-25 11:19:01,1,49,19.5,72,9.4,1002.6,7,18,342,0.0,0,582.1,5
2026-03-25 11:20:02,1,49,19.5,71,9.6,1002.5,7,18,304,0.0,0,482.0,4
2026-03-25 11:21:03,1,49,19.5,72,9.8,1002.5,9,18,347,0.0,0,183.5,1
2026-03-25 11:22:04,1,49,19.5,72,9.9,1002.4,4,16,341,0.0,0,186.1,1
2026-03-25 11:23:05,1,49,19.5,72,10.0,1002.5,10,16,292,0.0,0,155.6,1
2026-03-25 11:24:06,1,50,19.5,69,10.0,1002.6,16,23,324,0.0,0,172.4,1
2026-03-25 11:25:07,1,50,19.5,68,10.0,1002.6,17,23,340,0.0,0,215.9,2
2026-03-25 11:26:08,1,50,19.4,69,9.8,1002.5,13,21,321,0.0,0,245.6,2
2026-03-25 11:27:09,1,50,19.4,69,9.6,1002.5,9,20,318,0.0,0,242.3,2
2026-03-25 11:28:10,1,50,19.4,70,9.5,1002.6,7,14,246,0.0,0,226.4,2
2026-03-25 11:29:11,1,50,19.4,71,9.4,1002.5,11,20,154,0.0,0,261.6,2
2026-03-25 11:30:12,1,50,19.3,70,9.4,1002.6,17,23,332,0.0,0,230.3,2
2026-03-25 11:31:13,1,50,19.3,71,9.4,1002.6,2,23,6,0.0,0,212.1,2
2026-03-25 11:32:14,1,50,19.3,70,9.4,1002.8,7,14,355,0.0,0,193.0,1
2026-03-25 11:33:15,1,50,19.3,69,9.4,1002.7,11,29,0,0.0,0,172.4,1
2026-03-25 11:34:16,1,50,19.3,68,9.4,1002.9,12,29,300,0.0,0,163.4,1
2026-03-25 11:35:17,1,50,19.2,68,9.4,1002.8,19,27,350,0.0,0,171.8,1
2026-03-25 11:36:18,1,50,19.2,69,9.3,1002.8,8,25,354,0.0,0,175.2,1
2026-03-25 11:37:19,1,51,19.2,70,9.2,1002.8,9,23,338,0.0,0,171.7,1
2026-03-25 11:38:20,1,51,19.2,71,9.1,1002.7,1,16,343,0.0,0,178.5,1
2026-03-25 11:39:21,1,51,19.1,71,9.1,1002.8,14,20,349,0.0,0,194.6,1
2026-03-25 11:40:22,1,51,19.1,70,9.2,1002.9,14,23,16,0.0,0,215.8,2
2026-03-25 11:41:23,1,51,19.1,71,9.2,1002.8,11,21,313,0.0,0,307.3,2
2026-03-25 11:42:24,1,51,19.1,70,9.2,1002.9,11,23,25,0.0,0,657.7,6
2026-03-25 11:43:25,1,51,19.0,68,9.2,1002.9,9,27,344,0.0,0,616.2,6
2026-03-25 11:44:26,1,51,19.0,68,9.2,1002.8,14,27,71,0.0,0,621.5,6
2026-03-25 11:45:27,1,51,19.0,66,9.3,1002.9,7,25,45,0.0,0,619.7,6
2026-03-25 11:46:28,1,51,19.0,66,9.4,1002.9,17,27,333,0.0,0,614.0,5
2026-03-25 11:47:29,1,51,19.0,67,9.5,1002.9,11,29,302,0.0,0,628.6,6
2026-03-25 11:48:30,1,51,19.0,67,9.5,1002.9,7,25,344,0.0,0,650.1,6
2026-03-25 11:49:31,1,51,19.0,66,9.6,1003.0,15,34,353,0.0,0,390.6,3
2026-03-25 11:50:32,1,51,19.0,67,9.7,1002.9,12,29,313,0.0,0,266.9,2
2026-03-25 11:51:33,1,51,18.9,66,9.7,1003.1,16,27,314,0.0,0,358.4,3
2026-03-25 11:52:34,1,51,18.9,65,9.8,1003.3,25,38,353,0.0,0,767.9,7
2026-03-25 11:53:35,1,51,18.9,66,9.8,1002.9,20,38,339,0.0,0,779.1,7
2026-03-25 11:54:36,1,51,18.9,65,9.7,1003.0,19,27,327,0.0,0,362.6,3
2026-03-25 11:55:37,1,51,18.9,65,9.7,1003.0,9,27,301,0.0,0,549.9,5
2026-03-25 11:56:38,1,50,18.9,65,9.8,1003.0,16,27,345,0.0,0,252.2,2
2026-03-25 11:57:39,1,50,18.9,64,9.9,1002.9,23,31,347,0.0,0,411.6,4
2026-03-25 11:58:40,1,50,18.9,63,9.9,1003.3,18,31,73,0.0,0,245.0,2
2026-03-25 11:59:41,1,50,18.9,64,9.9,1003.1,5,27,346,0.0,0,328.2,3
2026-03-25 12:00:42,1,50,18.9,64,9.7,1003.0,9,18,69,0.0,0,732.9,7
2026-03-25 12:01:43,1,50,18.8,65,9.7,1003.1,12,21,352,0.0,0,329.4,3
2026-03-25 12:02:44,1,50,18.8,64,9.8,1003.2,9,23,336,0.0,0,194.5,1
2026-03-25 12:03:45,1,50,18.8,64,9.8,1003.3,8,23,268,0.0,0,210.2,2
2026-03-25 12:04:46,1,50,18.8,65,9.9,1003.2,12,16,0,0.0,0,256.9,2
2026-03-25 12:05:47,1,50,18.8,64,10.0,1003.1,10,16,337,0.0,0,164.8,1
2026-03-25 12:06:48,1,50,18.8,64,10.0,1003.1,11,21,235,0.0,0,384.9,3
2026-03-25 12:07:49,1,50,18.7,63,10.0,1003.1,16,27,340,0.0,0,158.1,1
2026-03-25 12:08:50,1,50,18.7,62,9.9,1003.0,16,27,349,0.0,0,183.7,1
2026-03-25 12:09:51,1,50,18.7,63,9.8,1003.2,19,27,332,0.0,0,167.7,1
2026-03-25 12:10:52,1,50,18.7,62,9.6,1003.3,15,27,293,0.0,0,251.1,2
2026-03-25 12:11:53,1,50,18.7,62,9.5,1003.1,6,27,334,0.0,0,497.5,4
2026-03-25 12:12:54,1,50,18.7,62,9.4,1003.1,17,21,324,0.0,0,223.3,2
2026-03-25 12:13:55,1,50,18.7,64,9.4,1003.1,5,20,22,0.0,0,366.6,3
2026-03-25 12:14:56,1,50,18.6,64,9.4,1003.3,7,18,292,0.0,0,168.4,1
2026-03-25 12:15:57,1,50,18.6,63,9.5,1003.2,9,29,6,0.0,0,157.2,1
2026-03-25 12:16:58,1,49,18.6,63,9.5,1003.1,12,25,339,0.0,0,151.1,1
2026-03-25 12:17:59,1,49,18.6,64,9.4,1003.3,9,25,10,0.0,0,644.6,6
2026-03-25 12:19:00,1,49,18.6,65,9.4,1003.2,10,16,271,0.0,0,144.6,1
2026-03-25 12:20:01,1,49,18.6,64,9.5,1003.3,5,16,220,0.0,0,167.2,1
2026-03-25 12:21:02,1,49,18.6,63,9.6,1003.3,8,14,267,0.0,0,485.5,4
2026-03-25 12:22:03,1,49,18.6,63,9.7,1003.4,15,27,11,0.0,0,175.8,1
2026-03-25 12:23:04,1,49,18.6,63,9.7,1003.3,10,27,312,0.0,0,691.7,6
2026-03-25 12:24:05,1,49,18.6,62,9.7,1003.3,14,27,352,0.0,0,708.6,6
2026-03-25 12:25:06,1,49,18.6,63,9.7,1003.2,9,29,344,0.0,0,679.3,6
2026-03-25 12:26:07,1,49,18.6,63,9.7,1003.4,13,29,359,0.0,0,698.3,6
2026-03-25 12:27:08,1,49,18.6,61,9.8,1003.2,19,27,295,0.0,0,675.7,6
2026-03-25 12:28:09,1,49,18.6,61,9.8,1003.4,20,27,322,0.0,0,193.8,1
2026-03-25 12:29:10,1,49,18.6,63,9.8,1003.1,7,25,348,0.0,0,212.6,2
2026-03-25 12:30:11,1,49,18.5,63,9.8,1003.3,9,21,0,0.0,0,163.5,1
2026-03-25 12:31:12,1,49,18.5,62,9.9,1003.3,8,20,307,0.0,0,113.6,1
2026-03-25 12:32:13,1,49,18.5,62,10.0,1003.4,16,25,352,0.0,0,397.2,3
2026-03-25 12:33:14,1,49,18.5,63,9.9,1003.1,10,25,20,0.0,0,575.4,5
2026-03-25 12:34:15,1,49,18.5,63,9.9,1003.4,17,25,3,0.0,0,568.0,5
2026-03-25 12:35:16,1,49,18.5,62,9.9,1003.4,19,25,354,0.0,0,568.4,5
2026-03-25 12:36:17,1,49,18.5,62,9.9,1003.6,15,25,274,0.0,0,579.6,5
2026-03-25 12:37:18,1,49,18.5,62,9.9,1003.6,17,25,250,0.0,0,585.6,5
2026-03-25 12:38:19,1,49,18.6,62,10.0,1003.4,20,27,340,0.0,0,603.5,5
2026-03-25 12:39:20,1,49,18.6,63,10.0,1003.3,14,27,331,0.0,0,630.7,6
2026-03-25 12:40:21,1,49,18.6,61,10.2,1003.4,16,31,338,0.0,0,652.0,6
2026-03-25 12:41:22,1,49,18.7,61,10.3,1003.4,15,31,277,0.0,0,638.3,6
2026-03-25 12:42:23,1,49,18.8,62,10.3,1003.4,7,20,330,0.0,0,635.9,6
2026-03-25 12:43:24,1,49,18.9,61,10.5,1003.6,10,18,358,0.0,0,622.4,6
2026-03-25 12:44:25,1,48,19.0,61,10.6,1003.5,8,18,333,0.0,0,611.2,5
2026-03-25 12:45:26,1,48,19.1,61,10.7,1003.4,7,12,311,0.0,0,418.3,4
2026-03-25 12:46:27,1,48,19.2,58,10.9,1003.6,18,25,341,0.0,0,620.0,6
2026-03-25 12:47:28,1,48,19.3,57,11.0,1003.6,16,29,269,0.0,0,615.0,5
2026-03-25 12:48:29,1,48,19.4,59,11.0,1003.6,20,29,337,0.0,0,595.0,5
2026-03-25 12:49:30,1,47,19.4,59,10.9,1003.7,21,31,185,0.0,0,208.7,2
2026-03-25 12:50:31,1,47,19.5,60,10.8,1003.5,16,31,13,0.0,0,569.1,5
2026-03-25 12:51:32,1,47,19.5,61,10.7,1003.4,6,27,337,0.0,0,636.1,6
2026-03-25 12:52:33,1,47,19.6,61,10.7,1003.4,10,23,294,0.0,0,469.4,4
2026-03-25 12:53:34,1,47,19.6,61,10.8,1003.4,6,21,326,0.0,0,552.1,5
2026-03-25 12:54:35,1,47,19.7,62,10.8,1003.6,11,23,17,0.0,0,619.5,6
2026-03-25 12:55:36,1,46,19.7,60,10.9,1003.5,17,33,2,0.0,0,613.5,5
2026-03-25 12:56:37,1,46,19.6,61,10.9,1003.6,12,33,294,0.0,0,594.8,5
2026-03-25 12:57:38,1,46,19.7,60,10.8,1003.9,11,29,270,0.0,0,167.6,1
2026-03-25 12:58:39,1,46,19.7,60,10.8,1003.7,16,29,4,0.0,0,590.6,5
2026-03-25 12:59:40,1,46,19.7,61,10.7,1003.8,2,25,330,0.0,0,570.2,5
2026-03-25 13:00:41,1,46,19.7,62,10.6,1003.5,7,20,11,0.0,0,565.4,5
2026-03-25 13:01:42,1,46,19.7,63,10.6,1003.5,9,18,343,0.0,0,580.6,5
2026-03-25 13:02:43,1,46,19.7,63,10.7,1003.6,4,20,321,0.0,0,267.7,2
2026-03-25 13:03:44,1,46,19.6,62,10.7,1003.8,8,20,4,0.0,0,196.1,1
2026-03-25 13:04:45,1,46,19.6,59,10.9,1003.8,18,25,313,0.0,0,178.5,1
2026-03-25 13:05:46,1,46,19.6,59,10.9,1003.9,16,36,272,0.0,0,184.1,1
2026-03-25 13:06:47,1,46,19.6,56,10.7,1003.9,11,33,355,0.0,0,179.1,1
2026-03-25 13:07:48,1,46,19.6,57,10.5,1003.9,5,23,342,0.0,0,183.7,1
2026-03-25 13:08:49,1,46,19.6,56,10.3,1003.9,11,23,281,0.0,0,197.3,1
2026-03-25 13:09:50,1,46,19.5,56,10.2,1003.6,14,25,12,0.0,0,226.0,2
2026-03-25 13:10:51,1,46,19.5,56,10.2,1003.9,21,31,14,0.0,0,260.3,2
2026-03-25 13:11:52,1,46,19.4,58,10.1,1003.9,11,31,8,0.0,0,357.8,3
2026-03-25 13:12:53,1,46,19.4,59,10.0,1003.7,14,23,330,0.0,0,322.2,3
2026-03-25 13:13:54,1,46,19.4,59,10.0,1003.8,10,23,342,0.0,0,314.0,3
2026-03-25 13:14:55,1,46,19.4,59,10.0,1003.7,6,23,337,0.0,0,684.7,6
2026-03-25 13:15:56,1,46,19.3,59,10.0,1003.6,8,21,352,0.0,0,250.1,2
2026-03-25 13:16:57,1,46,19.3,60,10.0,1003.8,4,18,356,0.0,0,212.3,2
2026-03-25 13:17:58,1,46,19.3,62,10.1,1003.8,12,25,287,0.0,0,194.9,1
2026-03-25 13:18:59,1,46,19.3,63,10.1,1003.7,6,25,304,0.0,0,182.2,1
2026-03-25 13:20:00,1,46,19.2,64,10.1,1004.0,8,21,17,0.0,0,183.7,1
2026-03-25 13:21:01,1,46,19.2,64,10.0,1003.7,9,21,120,0.0,0,192.6,1
2026-03-25 13:22:02,1,46,19.2,65,9.9,1003.8,4,27,262,0.0,0,195.1,1
2026-03-25 13:23:03,1,46,19.2,66,9.9,1003.9,7,27,320,0.0,0,186.7,1
2026-03-25 13:24:04,1,46,19.1,66,9.7,1003.9,7,20,320,0.0,0,166.6,1
2026-03-25 13:25:05,1,46,19.1,66,9.7,1004.0,11,20,350,0.0,0,151.0,1
2026-03-25 13:26:06,1,46,19.1,66,9.6,1003.9,14,20,309,0.0,0,149.3,1
2026-03-25 13:27:07,1,46,19.0,66,9.6,1004.0,6,20,218,0.0,0,169.7,1
2026-03-25 13:28:08,1,46,19.0,67,9.5,1003.9,15,33,285,0.0,0,183.7,1
2026-03-25 13:29:09,1,46,19.0,68,9.4,1003.9,3,33,39,0.0,0,216.8,2
2026-03-25 13:30:10,1,46,19.0,69,9.4,1004.0,8,33,289,0.0,0,293.2,2
2026-03-25 13:31:11,1,46,19.0,70,9.3,1003.6,4,14,350,0.0,0,545.8,5
2026-03-25 13:32:13,1,46,19.0,70,9.3,1003.7,7,20,317,0.0,0,487.4,4
2026-03-25 13:33:14,1,46,18.9,70,9.3,1003.9,9,20,340,0.0,0,550.1,5
2026-03-25 13:34:15,1,46,18.9,69,9.5,1004.0,3,14,296,0.0,0,550.1,5
2026-03-25 13:35:16,1,46,18.9,69,9.6,1003.8,9,14,333,0.0,0,488.3,4
2026-03-25 13:36:17,1,46,18.9,68,9.8,1003.7,7,14,310,0.0,0,429.2,4
2026-03-25 13:37:18,1,46,18.9,66,10.1,1003.8,19,27,353,0.0,0,340.6,3
2026-03-25 13:38:19,1,46,18.9,65,10.3,1003.9,7,27,325,0.0,0,230.3,2
2026-03-25 13:39:20,1,47,18.8,65,10.3,1003.8,10,20,356,0.0,0,189.4,1
2026-03-25 13:40:21,1,47,18.8,65,10.1,1004.0,11,21,8,0.0,0,210.0,2
2026-03-25 13:41:22,1,47,18.8,66,10.0,1004.2,15,23,6,0.0,0,278.4,2
2026-03-25 13:42:23,1,47,18.8,66,9.8,1004.0,15,23,0,0.0,0,241.0,2
2026-03-25 13:43:24,1,47,18.8,66,9.8,1004.0,7,23,23,0.0,0,183.9,1
2026-03-25 13:44:25,1,47,18.7,64,9.8,1004.0,16,25,268,0.0,0,161.0,1
2026-03-25 13:45:26,1,47,18.8,63,9.8,1004.0,12,23,15,0.0,0,182.3,1
2026-03-25 13:46:27,1,47,18.7,63,9.7,1004.0,11,36,276,0.0,0,155.1,1
2026-03-25 13:47:28,1,47,18.7,64,9.6,1004.3,9,34,333,0.0,0,139.3,1
2026-03-25 13:48:29,1,47,18.7,64,9.6,1003.9,16,34,313,0.0,0,129.8,1
2026-03-25 13:49:30,1,47,18.7,63,9.6,1004.2,12,27,339,0.0,0,146.6,1
2026-03-25 13:50:31,1,47,18.7,63,9.6,1004.0,14,20,359,0.0,0,488.7,4
2026-03-25 13:51:32,1,47,18.7,63,9.7,1004.0,10,20,320,0.0,0,510.3,4
2026-03-25 13:52:33,1,47,18.6,63,9.7,1003.9,11,20,342,0.0,0,203.1,1
2026-03-25 13:53:34,1,47,18.6,64,9.8,1004.1,8,20,290,0.0,0,514.2,5
2026-03-25 13:54:35,1,47,18.6,62,10.0,1004.3,17,25,289,0.0,0,184.3,1
2026-03-25 13:55:36,1,47,18.6,63,10.1,1003.9,9,25,279,0.0,0,542.9,5
2026-03-25 13:56:37,1,47,18.6,62,10.2,1004.0,14,29,318,0.0,0,575.0,5
2026-03-25 13:57:38,1,47,18.6,63,10.3,1004.0,11,29,8,0.0,0,546.0,5
2026-03-25 13:58:39,1,47,18.6,62,10.3,1004.1,10,20,289,0.0,0,252.8,2
2026-03-25 13:59:40,1,47,18.6,62,10.5,1004.1,7,20,286,0.0,0,174.8,1
2026-03-25 14:00:41,1,47,18.6,61,10.6,1004.2,9,20,356,0.0,0,156.9,1
2026-03-25 14:01:42,1,47,18.5,58,10.6,1004.0,14,25,76,0.0,0,213.9,2
2026-03-25 14:02:43,1,47,18.5,60,10.5,1004.2,3,21,295,0.0,0,142.9,1
2026-03-25 14:03:44,1,47,18.5,60,10.5,1004.0,9,21,308,0.0,0,140.5,1
2026-03-25 14:04:45,1,47,18.5,59,10.5,1004.2,28,34,304,0.0,0,121.4,1
2026-03-25 14:05:46,1,47,18.5,60,10.4,1004.2,13,36,342,0.0,0,116.9,1
2026-03-25 14:06:47,1,47,18.5,60,10.2,1004.2,13,21,344,0.0,0,127.0,1
2026-03-25 14:07:48,1,47,18.5,61,10.0,1004.1,12,21,165,0.0,0,169.7,1
2026-03-25 14:08:49,1,47,18.5,60,9.9,1004.1,23,33,342,0.0,0,207.1,2
2026-03-25 14:09:50,1,47,18.6,61,9.9,1004.2,12,29,5,0.0,0,419.2,4
2026-03-25 14:10:51,1,47,18.6,62,9.8,1004.1,7,27,2,0.0,0,173.0,1
2026-03-25 14:11:52,1,47,18.7,63,9.8,1004.4,8,20,12,0.0,0,422.7,4
2026-03-25 14:12:53,1,47,18.8,62,9.8,1004.4,14,21,2,0.0,0,183.9,1
2026-03-25 14:13:54,1,47,18.8,61,9.9,1004.2,9,23,254,0.0,0,359.1,3
2026-03-25 14:14:55,1,46,18.9,61,9.9,1004.4,14,21,353,0.0,0,437.9,4
2026-03-25 14:15:56,1,46,19.0,60,10.0,1004.4,16,31,342,0.0,0,302.1,2
2026-03-25 14:16:57,1,46,19.1,61,10.0,1004.6,13,25,322,0.0,0,229.0,2
2026-03-25 14:17:58,1,46,19.2,61,9.9,1004.3,8,25,320,0.0,0,183.8,1
2026-03-25 14:18:59,1,46,19.2,61,9.9,1004.4,12,21,97,0.0,0,154.6,1
2026-03-25 14:20:00,1,46,19.3,60,9.9,1004.6,14,23,244,0.0,0,126.3,1
2026-03-25 14:21:01,1,45,19.3,60,9.9,1004.3,3,21,321,0.0,0,120.5,1
2026-03-25 14:22:02,1,45,19.3,61,9.8,1004.4,11,20,292,0.0,0,110.2,1
2026-03-25 14:23:03,1,45,19.3,61,9.7,1004.4,20,25,53,0.0,0,120.8,1
2026-03-25 14:24:04,1,45,19.4,62,9.6,1004.4,6,27,134,0.0,0,132.2,1
2026-03-25 14:25:05,1,45,19.4,63,9.5,1004.3,4,20,354,0.0,0,134.7,1
2026-03-25 14:26:06,1,45,19.4,62,9.5,1004.4,8,20,322,0.0,0,135.6,1
2026-03-25 14:27:07,1,45,19.4,62,9.5,1004.6,13,20,338,0.0,0,139.8,1
2026-03-25 14:28:08,1,45,19.4,62,9.5,1004.5,21,29,329,0.0,0,146.5,1
2026-03-25 14:29:09,1,44,19.4,62,9.5,1004.5,14,29,21,0.0,0,151.3,1
2026-03-25 14:30:10,1,45,19.4,62,9.4,1004.4,7,29,46,0.0,0,154.1,1
2026-03-25 14:31:11,1,44,19.4,62,9.4,1004.5,6,23,353,0.0,0,153.8,1
2026-03-25 14:32:13,1,44,19.4,62,9.3,1004.4,9,20,22,0.0,0,151.3,1
2026-03-25 14:33:14,1,44,19.3,62,9.3,1004.8,12,18,352,0.0,0,148.7,1
2026-03-25 14:34:15,1,44,19.3,62,9.3,1004.6,12,20,335,0.0,0,146.9,1
2026-03-25 14:35:16,1,44,19.3,62,9.3,1004.5,19,27,237,0.0,0,144.8,1
2026-03-25 14:36:17,1,44,19.3,63,9.3,1004.4,11,27,342,0.0,0,142.2,1
2026-03-25 14:37:18,1,44,19.3,63,9.3,1004.4,14,25,339,0.0,0,138.7,1
2026-03-25 14:38:19,1,44,19.2,64,9.3,1004.6,12,25,314,0.0,0,134.8,1
2026-03-25 14:39:20,1,44,19.2,64,9.3,1004.7,9,23,234,0.0,0,132.2,1
2026-03-25 14:40:21,1,44,19.2,64,9.2,1004.6,12,18,295,0.0,0,129.8,1
2026-03-25 14:41:22,1,44,19.2,65,9.2,1004.5,10,16,341,0.0,0,129.0,1
2026-03-25 14:42:23,1,44,19.1,65,9.2,1004.6,4,16,204,0.0,0,129.5,1
2026-03-25 14:43:24,1,44,19.1,65,9.2,1004.4,15,25,342,0.0,0,133.4,1
2026-03-25 14:44:25,1,44,19.1,65,9.2,1004.5,5,25,326,0.0,0,140.6,1
2026-03-25 14:45:26,1,44,19.1,65,9.2,1004.8,11,18,308,0.0,0,152.0,1
2026-03-25 14:46:27,1,44,19.0,65,9.2,1004.8,9,21,12,0.0,0,159.5,1
2026-03-25 14:47:28,1,44,19.0,64,9.1,1004.5,8,21,348,0.0,0,165.1,1
2026-03-25 14:48:29,1,44,19.0,66,9.1,1004.6,16,21,268,0.0,0,183.4,1
2026-03-25 14:49:30,1,45,19.0,66,9.1,1004.6,5,21,348,0.0,0,192.2,1
2026-03-25 14:50:31,1,45,18.9,66,9.1,1004.5,3,16,159,0.0,0,188.4,1
2026-03-25 14:51:32,1,45,18.9,64,9.2,1004.7,13,21,295,0.0,0,172.7,1
2026-03-25 14:52:33,1,45,18.9,64,9.3,1004.6,11,20,7,0.0,0,157.6,1
2026-03-25 14:53:34,1,45,18.9,64,9.3,1004.8,12,29,333,0.0,0,143.4,1
2026-03-25 14:54:35,1,45,18.8,65,9.2,1004.6,11,29,324,0.0,0,125.8,1
2026-03-25 14:55:36,1,45,18.8,65,9.2,1004.6,9,18,265,0.0,0,122.3,1
2026-03-25 14:56:37,1,45,18.8,65,9.2,1004.7,10,16,310,0.0,0,107.4,1
2026-03-25 14:57:38,1,45,18.8,65,9.2,1004.6,11,16,294,0.0,0,103.8,1
2026-03-25 14:58:39,1,45,18.7,64,9.2,1004.5,15,25,356,0.0,0,104.4,1
2026-03-25 14:59:40,1,45,18.7,63,9.2,1004.7,15,29,326,0.0,0,102.1,0
2026-03-25 15:00:41,1,45,18.7,63,9.1,1004.7,19,29,11,0.0,0,105.7,1
2026-03-25 15:01:42,1,45,18.7,63,9.1,1004.6,11,27,314,0.0,0,111.1,1
2026-03-25 15:02:43,1,45,18.7,63,9.1,1004.6,8,21,312,0.0,0,109.9,1
2026-03-25 15:03:44,1,45,18.6,63,9.1,1004.6,11,18,354,0.0,0,103.1,1
2026-03-25 15:04:45,1,45,18.6,63,9.1,1004.6,9,27,292,0.0,0,86.9,0
2026-03-25 15:05:46,1,45,18.6,64,9.0,1004.7,5,27,286,0.0,0,72.4,0
2026-03-25 15:06:47,1,45,18.6,64,9.0,1004.7,11,21,293,0.0,0,59.4,0
2026-03-25 15:07:48,1,45,18.6,65,9.0,1004.6,6,20,293,0.0,0,48.9,0
2026-03-25 15:08:49,1,45,18.6,65,9.0,1004.6,3,12,278,0.0,0,41.9,0
2026-03-25 15:09:50,1,45,18.5,65,9.0,1004.9,9,20,345,0.0,0,30.6,0
2026-03-25 15:10:51,1,45,18.5,65,9.0,1004.7,11,16,24,0.0,0,21.7,0
2026-03-25 15:11:52,1,45,18.5,65,9.0,1004.8,16,21,321,0.0,0,15.5,0
2026-03-25 15:12:53,1,45,18.5,67,8.9,1004.8,19,27,61,0.0,0,12.7,0
2026-03-25 15:13:54,1,45,18.5,70,8.9,1005.1,24,31,260,0.0,0,11.0,0
2026-03-25 15:14:55,1,45,18.5,71,8.8,1005.0,7,31,39,0.0,0,10.9,0
2026-03-25 15:15:56,1,45,18.5,74,8.4,1005.0,11,27,292,0.0,0,12.8,0
2026-03-25 15:16:57,1,45,18.5,76,8.0,1005.1,14,31,298,0.0,0,17.5,0
2026-03-25 15:17:58,1,45,18.5,77,7.6,1005.0,8,23,288,0.0,0,20.9,0
2026-03-25 15:18:59,1,45,18.5,78,7.4,1005.0,17,27,275,0.0,0,23.5,0
2026-03-25 15:20:00,1,45,18.5,78,7.3,1005.1,12,27,0,0.0,0,24.1,0
2026-03-25 15:21:01,1,45,18.4,78,7.2,1005.0,15,29,349,0.0,0,24.2,0
2026-03-25 15:22:02,1,45,18.4,79,7.2,1005.2,12,29,326,0.0,0,24.1,0
2026-03-25 15:23:03,1,45,18.4,79,7.2,1005.1,12,20,322,0.0,0,25.0,0
2026-03-25 15:24:04,1,45,18.4,79,7.2,1005.1,6,20,293,0.0,0,24.4,0
2026-03-25 15:25:05,1,45,18.5,80,7.2,1005.1,6,18,351,0.0,0,23.9,0
2026-03-25 15:26:06,1,45,18.5,80,7.2,1005.1,11,18,292,0.0,0,24.0,0
2026-03-25 15:27:07,1,46,18.5,80,7.2,1005.2,4,16,344,0.0,0,24.6,0
2026-03-25 15:28:08,1,46,18.6,79,7.2,1005.1,12,18,324,0.0,0,26.2,0
2026-03-25 15:29:09,1,46,18.7,79,7.2,1005.2,9,18,330,0.0,0,28.3,0
2026-03-25 15:30:10,1,46,18.8,78,7.2,1005.1,13,18,265,0.0,0,30.1,0
2026-03-25 15:31:11,1,45,18.9,78,7.2,1005.1,5,18,303,0.0,0,31.3,0
2026-03-25 15:32:13,1,45,19.0,78,7.2,1005.0,10,14,304,0.0,0,32.5,0
2026-03-25 15:33:14,1,45,19.1,77,7.2,1005.2,11,14,325,0.0,0,40.9,0
2026-03-25 15:34:15,1,45,19.2,77,7.2,1005.1,10,16,357,0.0,0,52.5,0
2026-03-25 15:35:16,1,45,19.2,76,7.2,1005.2,9,16,349,0.0,0,75.1,0
2026-03-25 15:36:17,1,45,19.3,76,7.2,1005.3,2,14,353,0.0,0,166.7,1
2026-03-25 15:37:18,1,45,19.4,76,7.2,1005.2,9,14,353,0.0,0,233.1,2
2026-03-25 15:38:19,1,45,19.4,76,7.3,1005.3,8,14,349,0.0,0,224.6,2
2026-03-25 15:39:20,1,44,19.4,75,7.4,1005.1,6,18,285,0.0,0,264.8,2
2026-03-25 15:40:21,1,44,19.5,75,7.5,1005.2,14,21,52,0.0,0,348.8,3
2026-03-25 15:41:22,1,44,19.5,75,7.7,1005.1,10,21,13,0.0,0,355.5,3
2026-03-25 15:42:23,1,44,19.5,75,7.9,1005.2,7,16,290,0.0,0,241.4,2
2026-03-25 15:43:24,1,44,19.5,75,8.0,1005.1,10,18,1,0.0,0,356.2,3
2026-03-25 15:44:25,1,44,19.5,75,8.2,1005.1,7,18,239,0.0,0,289.4,2
2026-03-25 15:45:26,1,44,19.5,74,8.3,1005.1,5,20,328,0.0,0,170.9,1
2026-03-25 15:46:27,1,44,19.5,75,8.4,1005.1,8,20,338,0.0,0,141.3,1
2026-03-25 15:47:28,1,44,19.5,75,8.5,1005.2,6,12,275,0.0,0,117.0,1
2026-03-25 15:48:29,1,44,19.5,74,8.5,1005.3,12,18,326,0.0,0,111.6,1
2026-03-25 15:49:30,1,44,19.5,75,8.5,1005.2,10,18,293,0.0,0,105.9,1
2026-03-25 15:50:31,1,44,19.4,74,8.5,1005.2,4,14,312,0.0,0,100.2,0
2026-03-25 15:51:32,1,44,19.4,75,8.5,1005.2,4,14,328,0.0,0,88.0,0
2026-03-25 15:52:33,1,44,19.4,74,8.4,1005.2,7,12,31,0.0,0,76.8,0
2026-03-25 15:53:34,1,44,19.4,74,8.4,1005.2,11,20,325,0.0,0,69.9,0
2026-03-25 15:54:35,1,44,19.3,74,8.4,1005.1,11,20,292,0.0,0,60.8,0
2026-03-25 15:55:36,1,44,19.3,74,8.3,1005.3,7,18,310,0.0,0,53.5,0
2026-03-25 15:56:37,1,44,19.3,74,8.3,1005.4,17,21,320,0.0,0,49.6,0
2026-03-25 15:57:38,1,44,19.3,73,8.3,1005.3,15,33,294,0.0,0,52.0,0
2026-03-25 15:58:39,1,44,19.2,73,8.3,1005.4,14,33,356,0.0,0,60.8,0
2026-03-25 15:59:40,1,44,19.2,72,8.2,1005.4,14,31,337,0.0,0,76.2,0
2026-03-25 16:00:41,1,44,19.2,72,8.2,1005.5,14,31,309,0.0,0,84.6,0
2026-03-25 16:01:42,1,44,19.1,73,8.1,1005.4,7,27,350,0.0,0,88.4,0
2026-03-25 16:02:43,1,44,19.1,72,8.1,1005.3,9,16,235,0.0,0,88.8,0
2026-03-25 16:03:44,1,44,19.1,71,8.1,1005.4,21,29,348,0.0,0,86.1,0
2026-03-25 16:04:45,1,44,19.1,71,8.1,1005.5,8,29,340,0.0,0,86.5,0
2026-03-25 16:05:46,1,45,19.0,71,8.0,1005.3,9,23,283,0.0,0,83.2,0
2026-03-25 16:06:47,1,45,19.0,70,8.0,1005.3,12,23,328,0.0,0,79.6,0
2026-03-25 16:07:48,1,45,18.9,70,8.0,1005.7,10,29,295,0.0,0,76.5,0
2026-03-25 16:08:49,1,45,18.9,69,8.0,1005.7,14,21,280,0.0,0,76.5,0
2026-03-25 16:09:50,1,45,18.9,69,8.0,1005.4,10,23,355,0.0,0,76.3,0
2026-03-25 16:10:51,1,45,18.9,69,7.9,1005.6,13,25,328,0.0,0,74.6,0
2026-03-25 16:11:52,1,45,18.8,68,7.9,1005.5,12,25,281,0.0,0,72.6,0
2026-03-25 16:12:53,1,45,18.8,69,7.9,1005.5,8,25,330,0.0,0,70.4,0
2026-03-25 16:13:54,1,45,18.8,69,7.9,1005.4,7,25,340,0.0,0,68.4,0
2026-03-25 16:14:55,1,45,18.8,69,7.9,1005.4,5,18,30,0.0,0,66.8,0
2026-03-25 16:15:56,1,45,18.8,68,7.9,1005.4,10,23,324,0.0,0,64.7,0
2026-03-25 16:16:57,1,45,18.7,68,7.9,1005.5,11,18,336,0.0,0,62.6,0
2026-03-25 16:17:58,1,45,18.7,67,7.9,1005.5,8,20,321,0.0,0,61.4,0
2026-03-25 16:18:59,1,45,18.7,67,7.9,1005.4,12,23,346,0.0,0,61.8,0
2026-03-25 16:20:00,1,45,18.7,67,7.9,1005.5,15,21,1,0.0,0,63.7,0
2026-03-25 16:21:01,1,45,18.7,67,7.9,1005.5,8,23,326,0.0,0,68.3,0
2026-03-25 16:22:02,1,45,18.6,68,7.9,1005.5,11,23,279,0.0,0,74.9,0
2026-03-25 16:23:03,1,45,18.6,68,7.9,1005.5,8,18,349,0.0,0,82.0,0
2026-03-25 16:24:04,1,45,18.6,68,7.9,1005.5,10,18,341,0.0,0,88.9,0
2026-03-25 16:25:05,1,45,18.6,67,7.9,1005.6,8,20,344,0.0,0,92.1,0
2026-03-25 16:26:06,1,45,18.6,67,7.9,1005.5,11,20,318,0.0,0,93.4,0
2026-03-25 16:27:07,1,45,18.6,67,7.9,1005.5,6,27,325,0.0,0,92.2,0
2026-03-25 16:28:08,1,45,18.5,67,7.9,1005.7,7,27,291,0.0,0,87.5,0
2026-03-25 16:29:09,1,45,18.5,67,7.9,1005.5,11,25,331,0.0,0,79.5,0
2026-03-25 16:30:10,1,45,18.5,67,8.0,1005.5,15,25,345,0.0,0,72.6,0
2026-03-25 16:31:11,1,45,18.5,66,8.0,1005.6,8,21,355,0.0,0,69.0,0
2026-03-25 16:32:12,1,45,18.5,67,8.0,1005.5,10,21,297,0.0,0,63.5,0
2026-03-25 16:33:13,1,45,18.5,67,7.9,1005.7,6,16,352,0.0,0,58.9,0
2026-03-25 16:34:14,1,45,18.5,68,7.9,1005.7,7,14,351,0.0,0,54.0,0
2026-03-25 16:35:15,1,45,18.5,66,7.9,1005.7,9,14,22,0.0,0,49.4,0
2026-03-25 16:36:16,1,45,18.5,66,7.9,1005.6,5,14,300,0.0,0,45.9,0
2026-03-25 16:37:17,1,45,18.5,67,7.9,1005.6,3,12,336,0.0,0,42.2,0
2026-03-25 16:38:18,1,45,18.4,66,7.9,1005.8,16,20,348,0.0,0,39.2,0
2026-03-25 16:39:19,1,45,18.4,66,7.9,1005.8,13,20,5,0.0,0,34.8,0
2026-03-25 16:40:20,1,45,18.4,66,7.9,1005.8,9,18,283,0.0,0,28.3,0
2026-03-25 16:41:21,1,45,18.4,66,7.9,1005.9,14,27,14,0.0,0,24.6,0
2026-03-25 16:42:22,1,45,18.4,65,7.9,1005.9,16,23,349,0.0,0,23.6,0
2026-03-25 16:43:23,1,45,18.4,66,7.8,1005.8,13,33,248,0.0,0,22.5,0
2026-03-25 16:44:24,1,45,18.4,67,7.8,1005.9,8,27,319,0.0,0,20.8,0
2026-03-25 16:45:25,1,45,18.4,66,7.8,1006.1,12,27,337,0.0,0,18.0,0
2026-03-25 16:46:26,1,45,18.4,66,7.8,1005.8,27,33,344,0.0,0,15.9,0
2026-03-25 16:47:27,1,45,18.5,67,7.8,1006.0,17,33,298,0.0,0,14.9,0
2026-03-25 16:48:28,1,45,18.5,68,7.7,1005.9,18,27,282,0.0,0,13.6,0
2026-03-25 16:49:29,1,45,18.6,68,7.7,1006.0,20,29,228,0.0,0,12.3,0
2026-03-25 16:50:30,1,45,18.7,69,7.7,1006.2,10,40,338,0.0,0,11.9,0
2026-03-25 16:51:31,1,45,18.8,69,7.6,1006.5,17,36,237,0.0,0,10.8,0
2026-03-25 16:52:32,1,45,18.9,70,7.5,1006.1,21,36,316,0.0,0,10.1,0
2026-03-25 16:53:33,1,45,19.0,70,7.4,1006.4,14,36,306,0.0,0,10.2,0
2026-03-25 16:54:34,1,45,19.0,70,7.3,1006.8,12,34,352,0.0,0,13.5,0
2026-03-25 16:55:35,1,44,19.1,71,7.1,1006.2,12,34,238,0.0,0,16.2,0
2026-03-25 16:56:36,1,44,19.2,72,7.0,1006.4,16,27,289,0.0,0,24.1,0
2026-03-25 16:57:37,1,44,19.2,72,6.9,1006.2,11,27,344,0.0,0,33.1,0
2026-03-25 16:58:38,1,44,19.3,73,6.8,1006.2,14,27,349,0.0,0,42.0,0
2026-03-25 16:59:39,1,44,19.3,73,6.7,1006.3,17,29,304,0.0,0,48.7,0
2026-03-25 17:00:40,1,44,19.4,73,6.6,1006.3,7,29,311,0.0,0,53.9,0
2026-03-25 17:01:41,1,44,19.4,73,6.6,1006.1,14,23,12,0.0,0,58.2,0
2026-03-25 17:02:42,1,43,19.4,73,6.6,1006.3,9,20,351,0.0,0,62.7,0
2026-03-25 17:03:43,1,43,19.4,74,6.6,1006.2,11,16,300,0.0,0,64.0,0
2026-03-25 17:04:44,1,43,19.4,73,6.6,1006.1,6,16,357,0.0,0,63.4,0
2026-03-25 17:05:45,1,43,19.4,73,6.6,1006.1,16,20,342,0.0,0,62.0,0
2026-03-25 17:06:46,1,43,19.4,73,6.6,1006.0,12,20,320,0.0,0,59.5,0
2026-03-25 17:07:47,1,43,19.4,73,6.6,1006.1,4,14,319,0.0,0,56.5,0
2026-03-25 17:08:48,1,43,19.4,73,6.6,1006.1,3,7,282,0.0,0,54.6,0
2026-03-25 17:09:49,1,43,19.4,73,6.6,1006.0,2,9,312,0.0,0,52.7,0
2026-03-25 17:10:50,1,43,19.4,74,6.6,1006.0,2,5,314,0.0,0,51.0,0
2026-03-25 17:11:51,1,43,19.3,74,6.7,1006.1,1,3,302,0.0,0,49.7,0
2026-03-25 17:12:52,1,43,19.3,74,6.7,1006.1,2,5,299,0.0,0,48.6,0
2026-03-25 17:13:53,1,44,19.3,74,6.7,1006.0,1,5,322,0.0,0,48.2,0
2026-03-25 17:14:54,1,44,19.2,73,6.8,1006.1,6,9,296,0.0,0,47.7,0
2026-03-25 17:15:55,1,44,19.2,73,6.8,1006.1,7,9,317,0.0,0,47.4,0
2026-03-25 17:16:56,1,44,19.2,73,6.8,1006.1,5,12,295,0.0,0,47.1,0
2026-03-25 17:17:57,1,44,19.2,72,6.8,1006.1,5,14,294,0.0,0,46.6,0
2026-03-25 17:18:58,1,44,19.1,73,6.8,1006.1,5,14,291,0.0,0,45.9,0
2026-03-25 17:19:59,1,44,19.1,72,6.8,1006.0,7,16,347,0.0,0,45.1,0
2026-03-25 17:21:00,1,44,19.1,72,6.8,1006.1,12,16,3,0.0,0,44.0,0
2026-03-25 17:22:01,1,44,19.1,72,6.9,1006.1,6,14,303,0.0,0,42.6,0
2026-03-25 17:23:02,1,44,19.0,72,6.8,1006.3,6,12,332,0.0,0,41.0,0
2026-03-25 17:24:03,1,44,19.0,72,6.9,1006.3,7,12,293,0.0,0,39.0,0
2026-03-25 17:25:04,1,44,19.0,72,6.9,1006.2,5,11,298,0.0,0,37.2,0
2026-03-25 17:26:05,1,44,19.0,71,6.9,1006.1,9,16,308,0.0,0,35.0,0
2026-03-25 17:27:06,1,44,18.9,71,6.9,1006.1,3,16,314,0.0,0,33.0,0
2026-03-25 17:28:07,1,44,18.9,71,6.9,1006.1,7,14,279,0.0,0,31.7,0
2026-03-25 17:29:08,1,44,18.9,70,6.9,1006.2,8,14,295,0.0,0,29.3,0
2026-03-25 17:30:09,1,44,18.9,71,7.0,1006.2,3,14,317,0.0,0,28.5,0
2026-03-25 17:31:10,1,44,18.9,71,7.0,1006.2,5,9,287,0.0,0,26.9,0
2026-03-25 17:32:11,1,44,18.8,71,7.0,1006.1,3,9,307,0.0,0,25.4,0
2026-03-25 17:33:12,1,44,18.8,70,7.1,1006.3,6,16,346,0.0,0,23.2,0
2026-03-25 17:34:13,1,44,18.8,70,7.1,1006.3,7,16,288,0.0,0,21.0,0
2026-03-25 17:35:14,1,44,18.7,71,7.1,1006.2,5,11,268,0.0,0,19.5,0
2026-03-25 17:36:15,1,45,18.7,70,7.2,1006.3,8,12,323,0.0,0,17.6,0
2026-03-25 17:37:16,1,45,18.7,70,7.1,1006.3,9,14,306,0.0,0,15.8,0
2026-03-25 17:38:17,1,45,18.7,70,7.1,1006.2,7,14,279,0.0,0,14.3,0
2026-03-25 17:39:18,1,45,18.7,70,7.1,1006.3,7,11,284,0.0,0,13.2,0
2026-03-25 17:40:19,1,45,18.6,70,7.1,1006.3,5,12,287,0.0,0,12.3,0
2026-03-25 17:41:20,1,45,18.6,70,7.1,1006.5,10,14,324,0.0,0,11.8,0
2026-03-25 17:42:21,1,45,18.6,71,7.0,1006.3,5,14,271,0.0,0,11.0,0
2026-03-25 17:43:22,1,45,18.6,71,7.0,1006.2,2,11,313,0.0,0,10.3,0
2026-03-25 17:44:23,1,45,18.6,70,7.0,1006.4,8,11,320,0.0,0,9.6,0
2026-03-25 17:45:24,1,45,18.6,70,7.0,1006.3,7,11,281,0.0,0,8.9,0
2026-03-25 17:46:25,1,45,18.5,70,7.0,1006.3,6,11,353,0.0,0,8.5,0
2026-03-25 17:47:26,1,45,18.5,70,7.0,1006.4,6,12,276,0.0,0,8.0,0
2026-03-25 17:48:27,1,45,18.5,70,7.0,1006.2,4,11,299,0.0,0,7.5,0
2026-03-25 17:49:28,1,45,18.5,71,6.9,1006.4,1,9,311,0.0,0,7.0,0
2026-03-25 17:50:29,1,45,18.5,70,6.9,1006.4,6,9,298,0.0,0,6.6,0
2026-03-25 17:51:30,1,45,18.5,70,6.9,1006.4,3,9,344,0.0,0,6.3,0
2026-03-25 17:52:31,1,45,18.5,69,6.9,1006.5,5,11,348,0.0,0,6.0,0
2026-03-25 17:53:32,1,45,18.5,68,6.9,1006.4,11,16,297,0.0,0,5.6,0
2026-03-25 17:54:33,1,45,18.5,67,6.9,1006.6,8,18,293,0.0,0,5.3,0
2026-03-25 17:55:34,1,45,18.4,67,6.9,1006.4,4,14,288,0.0,0,5.0,0
2026-03-25 17:56:35,1,45,18.5,67,7.0,1006.5,7,11,326,0.0,0,4.7,0
2026-03-25 17:57:36,1,45,18.4,66,7.0,1006.4,6,14,309,0.0,0,4.5,0
2026-03-25 17:58:37,1,45,18.4,66,7.1,1006.2,4,14,338,0.0,0,4.2,0
2026-03-25 17:59:38,1,45,18.4,65,7.1,1006.5,9,18,338,0.0,0,4.0,0
2026-03-25 18:00:39,1,45,18.4,65,7.1,1006.3,9,18,266,0.0,0,3.7,0
2026-03-25 18:01:40,1,45,18.4,65,7.1,1006.5,9,12,333,0.0,0,3.4,0
2026-03-25 18:02:41,1,45,18.4,64,7.1,1006.4,7,14,16,0.0,0,3.2,0
2026-03-25 18:03:42,1,45,18.4,65,7.1,1006.4,6,14,293,0.0,0,2.9,0
2026-03-25 18:04:43,1,45,18.4,65,7.1,1006.3,7,16,321,0.0,0,2.7,0
2026-03-25 18:05:44,1,45,18.5,65,7.1,1006.3,6,16,347,0.0,0,2.5,0
2026-03-25 18:06:45,1,45,18.5,65,7.1,1006.2,6,9,302,0.0,0,2.2,0
2026-03-25 18:07:46,1,45,18.7,65,7.1,1006.3,7,11,302,0.0,0,2.0,0
2026-03-25 18:08:47,1,45,18.7,65,7.1,1006.3,6,11,302,0.0,0,1.8,0
2026-03-25 18:09:48,1,45,18.8,65,7.1,1006.3,12,18,221,0.0,0,1.6,0
2026-03-25 18:10:49,1,45,18.8,65,7.1,1006.3,9,18,299,0.0,0,1.4,0
2026-03-25 18:11:50,1,45,19.0,65,7.1,1006.4,3,12,353,0.0,0,1.2,0
2026-03-25 18:12:51,1,44,19.1,65,7.1,1006.4,4,18,320,0.0,0,1.0,0
2026-03-25 18:13:52,1,44,19.2,66,7.1,1006.4,3,18,298,0.0,0,0.9,0
2026-03-25 18:14:53,1,44,19.3,65,7.1,1006.5,5,16,324,0.0,0,0.8,0
2026-03-25 18:15:54,1,44,19.3,66,7.1,1006.4,2,16,293,0.0,0,0.7,0
2026-03-25 18:16:55,1,44,19.4,66,7.1,1006.4,11,16,290,0.0,0,0.5,0
2026-03-25 18:17:56,1,44,19.4,66,7.0,1006.5,5,16,311,0.0,0,0.5,0
2026-03-25 18:18:57,1,44,19.4,66,7.0,1006.4,4,14,288,0.0,0,0.4,0
2026-03-25 18:19:58,1,44,19.4,66,7.0,1006.4,3,12,315,0.0,0,0.3,0
2026-03-25 18:20:59,1,44,19.4,66,7.0,1006.5,4,9,306,0.0,0,0.2,0
2026-03-25 18:22:00,1,44,19.4,67,7.0,1006.4,5,9,304,0.0,0,0.2,0
2026-03-25 18:23:01,1,44,19.4,66,6.9,1006.4,4,9,317,0.0,0,0.2,0
2026-03-25 18:24:02,1,44,19.4,67,6.9,1006.6,7,11,345,0.0,0,0.1,0
2026-03-25 18:25:03,1,44,19.4,67,6.9,1006.6,6,11,9,0.0,0,0.1,0
2026-03-25 18:26:04,1,44,19.4,66,6.9,1006.8,6,14,352,0.0,0,0.1,0
2026-03-25 18:27:05,1,44,19.3,66,6.9,1007.1,17,33,32,0.0,0,0.1,0
2026-03-25 18:28:06,1,43,19.3,66,6.9,1007.2,17,33,41,0.0,0,0.1,0
2026-03-25 18:29:07,1,44,19.3,67,7.0,1007.1,16,36,19,0.0,0,0.1,0
2026-03-25 18:30:08,1,43,19.3,68,7.0,1007.0,14,36,325,0.0,0,0.0,0
2026-03-25 18:31:09,1,43,19.3,68,6.9,1007.1,11,23,21,0.0,0,0.0,0
2026-03-25 18:32:10,1,43,19.2,69,6.8,1007.0,17,31,24,0.0,0,0.0,0
2026-03-25 18:33:11,1,43,19.2,69,6.7,1007.1,8,31,291,0.0,0,0.0,0
2026-03-25 18:34:12,1,43,19.2,69,6.6,1007.2,12,21,329,0.0,0,0.0,0
2026-03-25 18:35:13,1,43,19.1,70,6.6,1007.0,7,21,349,0.0,0,0.0,0
2026-03-25 18:36:14,1,43,19.1,70,6.5,1007.1,11,27,275,0.0,0,0.0,0
2026-03-25 18:37:15,1,43,19.1,70,6.4,1007.1,19,31,260,0.0,0,0.0,0
2026-03-25 18:38:16,1,43,19.1,70,6.3,1007.0,15,31,315,0.0,0,0.0,0
2026-03-25 18:39:17,1,43,19.0,70,6.3,1007.1,12,25,300,0.0,0,0.0,0
2026-03-25 18:40:18,1,43,19.0,70,6.2,1007.1,8,23,7,0.0,0,0.0,0
2026-03-25 18:41:19,1,43,19.0,71,6.2,1007.2,9,23,339,0.0,0,0.0,0
2026-03-25 18:42:20,1,43,18.9,70,6.1,1007.1,9,23,345,0.0,0,0.0,0
2026-03-25 18:43:21,1,43,18.9,70,6.1,1007.3,14,23,310,0.0,0,0.0,0
2026-03-25 18:44:22,1,43,18.9,70,6.1,1007.1,8,23,2,0.0,0,0.0,0
2026-03-25 18:45:23,1,43,18.8,70,6.0,1007.1,9,16,12,0.0,0,0.0,0
2026-03-25 18:46:24,1,43,18.8,70,6.0,1007.1,8,16,274,0.0,0,0.0,0
2026-03-25 18:47:25,1,43,18.8,70,6.0,1007.0,0,14,352,0.0,0,0.0,0
2026-03-25 18:48:26,1,43,18.8,71,6.0,1007.0,9,16,4,0.0,0,0.0,0
2026-03-25 18:49:27,1,43,18.7,70,6.0,1007.0,11,16,7,0.0,0,0.0,0
2026-03-25 18:50:28,1,43,18.7,71,5.9,1007.0,3,14,6,0.0,0,0.0,0
2026-03-25 18:51:29,1,43,18.7,71,5.9,1007.1,0,9,315,0.0,0,0.0,0
2026-03-25 18:52:30,1,43,18.7,71,5.9,1007.1,4,7,291,0.0,0,0.0,0
2026-03-25 18:53:31,1,43,18.6,71,5.9,1007.2,2,11,339,0.0,0,0.0,0
2026-03-25 18:54:32,1,43,18.6,71,5.8,1006.9,5,9,320,0.0,0,0.0,0
2026-03-25 18:55:33,1,43,18.6,71,5.8,1007.2,7,14,10,0.0,0,0.0,0
2026-03-25 18:56:34,1,43,18.6,72,5.8,1007.1,4,14,303,0.0,0,0.0,0
2026-03-25 18:57:35,1,43,18.6,72,5.8,1007.2,5,12,287,0.0,0,0.0,0
2026-03-25 18:58:36,1,43,18.6,72,5.7,1007.3,6,16,353,0.0,0,0.0,0
2026-03-25 18:59:37,1,43,18.5,71,5.7,1007.1,6,16,7,0.0,0,0.0,0
2026-03-25 19:00:38,1,43,18.5,72,5.7,1007.1,7,16,330,0.0,0,0.0,0
2026-03-25 19:01:39,1,44,18.5,71,5.7,1007.4,12,20,15,0.0,0,0.0,0
2026-03-25 19:02:40,1,44,18.5,71,5.7,1007.4,9,21,311,0.0,0,0.0,0
2026-03-25 19:03:41,1,44,18.5,71,5.7,1007.3,3,21,9,0.0,0,0.0,0
2026-03-25 19:04:42,1,44,18.5,71,5.7,1007.4,7,20,326,0.0,0,0.0,0
2026-03-25 19:05:43,1,44,18.5,71,5.7,1007.4,10,20,339,0.0,0,0.0,0
2026-03-25 19:06:44,1,44,18.5,71,5.6,1007.4,10,16,344,0.0,0,0.0,0
2026-03-25 19:07:45,1,44,18.4,71,5.6,1007.4,14,18,344,0.0,0,0.0,0
2026-03-25 19:08:46,1,44,18.4,71,5.6,1007.5,2,18,336,0.0,0,0.0,0
2026-03-25 19:09:47,1,44,18.4,71,5.6,1007.5,5,11,340,0.0,0,0.0,0
2026-03-25 19:10:48,1,44,18.4,71,5.6,1007.5,6,11,340,0.0,0,0.0,0
2026-03-25 19:11:49,1,44,18.4,71,5.6,1007.5,6,11,33,0.0,0,0.0,0
2026-03-25 19:12:50,1,44,18.4,71,5.6,1007.5,2,11,357,0.0,0,0.0,0
2026-03-25 19:13:51,1,44,18.4,71,5.6,1007.5,10,16,322,0.0,0,0.0,0
2026-03-25 19:14:52,1,44,18.4,71,5.6,1007.6,9,16,330,0.0,0,0.0,0
2026-03-25 19:15:53,1,44,18.4,71,5.5,1007.5,6,16,329,0.0,0,0.0,0
2026-03-25 19:16:54,1,44,18.4,71,5.5,1007.7,8,14,353,0.0,0,0.0,0
2026-03-25 19:17:55,1,44,18.5,71,5.5,1007.5,7,14,318,0.0,0,0.0,0
2026-03-25 19:18:56,1,44,18.5,71,5.5,1007.6,6,12,283,0.0,0,0.0,0
2026-03-25 19:19:57,1,44,18.6,71,5.5,1007.7,7,12,341,0.0,0,0.0,0
2026-03-25 19:20:58,1,44,18.7,71,5.5,1007.8,5,12,337,0.0,0,0.0,0
2026-03-25 19:21:59,1,44,18.8,71,5.5,1007.7,7,14,6,0.0,0,0.0,0
2026-03-25 19:23:00,1,44,18.9,71,5.5,1007.7,4,14,281,0.0,0,0.0,0
2026-03-25 19:24:01,1,43,19.0,71,5.5,1007.8,3,11,349,0.0,0,0.0,0
2026-03-25 19:25:02,1,43,19.1,71,5.5,1007.5,1,7,302,0.0,0,0.0,0
2026-03-25 19:26:03,1,43,19.2,71,5.5,1007.8,8,14,349,0.0,0,0.0,0
2026-03-25 19:27:04,1,43,19.2,71,5.4,1007.7,7,14,344,0.0,0,0.0,0
2026-03-25 19:28:05,1,43,19.3,71,5.4,1007.7,3,14,304,0.0,0,0.0,0
2026-03-25 19:29:06,1,43,19.3,71,5.4,1007.8,1,9,323,0.0,0,0.0,0
2026-03-25 19:30:07,1,43,19.4,71,5.4,1007.9,0,9,349,0.0,0,0.0,0
2026-03-25 19:31:08,1,43,19.4,71,5.4,1007.9,3,7,314,0.0,0,0.0,0
2026-03-25 19:32:09,1,43,19.4,72,5.4,1007.9,0,5,12,0.0,0,0.0,0
2026-03-25 19:33:10,1,43,19.4,71,5.3,1007.9,4,11,290,0.0,0,0.0,0
2026-03-25 19:34:11,1,43,19.4,72,5.3,1007.8,5,11,294,0.0,0,0.0,0
2026-03-25 19:35:12,1,43,19.4,72,5.3,1007.9,5,9,292,0.0,0,0.0,0
2026-03-25 19:36:13,1,43,19.4,72,5.3,1007.9,5,9,322,0.0,0,0.0,0
2026-03-25 19:37:14,1,43,19.4,71,5.3,1007.8,4,11,333,0.0,0,0.0,0
2026-03-25 19:38:15,1,43,19.4,71,5.3,1007.8,6,11,284,0.0,0,0.0,0
2026-03-25 19:39:16,1,43,19.4,71,5.3,1007.9,1,7,326,0.0,0,0.0,0
2026-03-25 19:40:17,1,43,19.4,71,5.3,1007.8,3,5,309,0.0,0,0.0,0
2026-03-25 19:41:18,1,43,19.4,71,5.3,1007.8,2,11,312,0.0,0,0.0,0
2026-03-25 19:42:19,1,43,19.3,72,5.3,1007.8,1,11,308,0.0,0,0.0,0
2026-03-25 19:43:20,1,43,19.3,72,5.3,1008.0,4,7,8,0.0,0,0.0,0
2026-03-25 19:44:21,1,43,19.3,71,5.2,1007.8,3,7,326,0.0,0,0.0,0
2026-03-25 19:45:22,1,43,19.3,71,5.2,1007.9,1,7,315,0.0,0,0.0,0
2026-03-25 19:46:23,1,43,19.3,72,5.2,1007.8,1,7,316,0.0,0,0.0,0
2026-03-25 19:47:24,1,43,19.2,72,5.2,1007.9,3,7,328,0.0,0,0.0,0
2026-03-25 19:48:25,1,43,19.2,72,5.2,1007.9,2,9,317,0.0,0,0.0,0
2026-03-25 19:49:26,1,43,19.2,72,5.2,1008.2,3,11,325,0.0,0,0.0,0
2026-03-25 19:50:27,1,43,19.2,72,5.2,1008.1,11,14,339,0.0,0,0.0,0
2026-03-25 19:51:28,1,43,19.1,72,5.3,1008.3,9,14,336,0.0,0,0.0,0
2026-03-25 19:52:29,1,43,19.1,72,5.3,1008.3,11,16,11,0.0,0,0.0,0
2026-03-25 19:53:30,1,43,19.1,73,5.3,1008.3,16,23,285,0.0,0,0.0,0
2026-03-25 19:54:31,1,43,19.1,74,5.3,1008.4,19,33,311,0.0,0,0.0,0
2026-03-25 19:55:32,1,44,19.0,75,5.2,1008.4,3,33,4,0.0,0,0.0,0
2026-03-25 19:56:33,1,44,19.0,76,5.1,1008.6,8,23,15,0.0,0,0.0,0
2026-03-25 19:57:34,1,44,19.0,77,5.0,1008.5,3,14,338,0.0,0,0.0,0
2026-03-25 19:58:35,1,44,19.0,78,4.9,1008.6,6,16,341,0.0,0,0.0,0
2026-03-25 19:59:36,1,44,18.9,78,4.8,1008.5,7,16,355,0.0,0,0.0,0
2026-03-25 20:00:37,1,44,18.9,79,4.8,1008.4,1,11,312,0.0,0,0.0,0
2026-03-25 20:01:38,1,45,18.9,79,4.8,1008.5,7,9,5,0.0,0,0.0,0
2026-03-25 20:02:39,1,45,18.9,79,4.8,1008.6,11,12,312,0.0,0,0.0,0
2026-03-25 20:03:40,1,45,18.8,79,4.7,1008.6,8,14,328,0.0,0,0.0,0
2026-03-25 20:04:41,1,45,18.8,80,4.7,1008.5,8,16,9,0.0,0,0.0,0
2026-03-25 20:05:42,1,45,18.8,79,4.7,1008.6,12,18,341,0.0,0,0.0,0
2026-03-25 20:06:43,1,45,18.8,79,4.7,1008.6,11,18,11,0.0,0,0.0,0
2026-03-25 20:07:44,1,46,18.8,79,4.7,1008.4,13,18,5,0.0,0,0.0,0
2026-03-25 20:08:45,1,46,18.7,79,4.7,1008.5,7,18,314,0.0,0,0.0,0
2026-03-25 20:09:46,1,46,18.7,79,4.7,1008.6,6,14,359,0.0,0,0.0,0
2026-03-25 20:10:47,1,46,18.7,79,4.7,1008.6,2,12,7,0.0,0,0.0,0
2026-03-25 20:11:48,1,46,18.7,79,4.8,1008.9,15,20,326,0.0,0,0.0,0
2026-03-25 20:12:49,1,46,18.7,79,4.7,1008.9,11,20,355,0.0,0,0.0,0
2026-03-25 20:13:50,1,47,18.6,79,4.7,1008.8,8,18,337,0.0,0,0.0,0
2026-03-25 20:14:51,1,47,18.6,79,4.6,1008.8,9,12,319,0.0,0,0.0,0
2026-03-25 20:15:52,1,47,18.6,80,4.6,1008.6,7,14,287,0.0,0,0.0,0
2026-03-25 20:16:53,1,47,18.6,80,4.6,1008.7,7,16,250,0.0,0,0.0,0
2026-03-25 20:17:54,1,47,18.6,80,4.5,1008.7,9,16,308,0.0,0,0.0,0
2026-03-25 20:18:55,1,47,18.5,80,4.5,1008.7,6,16,311,0.0,0,0.0,0
2026-03-25 20:19:56,1,47,18.5,80,4.5,1008.7,14,21,332,0.0,0,0.0,0
2026-03-25 20:20:57,1,47,18.5,80,4.5,1008.5,6,21,357,0.0,0,0.0,0
2026-03-25 20:21:58,1,47,18.5,80,4.4,1008.4,8,16,298,0.0,0,0.0,0
2026-03-25 20:22:59,1,48,18.5,81,4.4,1008.7,11,12,346,0.0,0,0.0,0
2026-03-25 20:24:00,1,47,18.5,81,4.4,1008.6,13,20,344,0.0,0,0.0,0
2026-03-25 20:25:01,1,47,18.5,81,4.4,1008.4,1,20,279,0.0,0,0.0,0
2026-03-25 20:26:02,1,48,18.5,81,4.4,1008.5,3,11,294,0.0,0,0.0,0
2026-03-25 20:27:03,1,48,18.5,81,4.5,1008.4,10,16,296,0.0,0,0.0,0
2026-03-25 20:28:04,1,48,18.5,81,4.5,1008.4,4,16,292,0.0,0,0.0,0
2026-03-25 20:29:05,1,48,18.5,81,4.5,1008.4,6,12,313,0.0,0,0.0,0
2026-03-25 20:30:06,1,48,18.4,80,4.5,1008.5,6,18,325,0.0,0,0.0,0
2026-03-25 20:31:07,1,48,18.4,80,4.5,1008.5,2,18,320,0.0,0,0.0,0
2026-03-25 20:32:08,1,48,18.4,80,4.4,1008.5,3,18,319,0.0,0,0.0,0
2026-03-25 20:33:09,1,48,18.4,80,4.4,1008.4,2,18,304,0.0,0,0.0,0
2026-03-25 20:34:10,1,49,18.5,80,4.4,1008.6,7,12,295,0.0,0,0.0,0
2026-03-25 20:35:11,1,49,18.5,80,4.4,1008.4,5,12,318,0.0,0,0.0,0
2026-03-25 20:36:12,1,49,18.6,80,4.4,1008.6,6,11,285,0.0,0,0.0,0
2026-03-25 20:37:13,1,49,18.7,80,4.4,1008.6,2,11,334,0.0,0,0.0,0
2026-03-25 20:38:14,1,49,18.8,80,4.4,1008.4,5,11,308,0.0,0,0.0,0
2026-03-25 20:39:15,1,49,18.9,80,4.4,1008.5,7,12,289,0.0,0,0.0,0
2026-03-25 20:40:16,1,49,19.0,80,4.4,1008.5,2,12,321,0.0,0,0.0,0
2026-03-25 20:41:17,1,49,19.1,80,4.4,1008.7,3,7,311,0.0,0,0.0,0
2026-03-25 20:42:18,1,48,19.2,80,4.4,1008.7,4,7,283,0.0,0,0.0,0
2026-03-25 20:43:19,1,48,19.2,81,4.4,1008.7,0,7,302,0.0,0,0.0,0
2026-03-25 20:44:20,1,48,19.3,81,4.5,1008.7,4,7,295,0.0,0,0.0,0
2026-03-25 20:45:21,1,48,19.4,81,4.5,1008.5,3,7,291,0.0,0,0.0,0
2026-03-25 20:46:22,1,48,19.4,81,4.4,1008.8,5,9,313,0.0,0,0.0,0
2026-03-25 20:47:23,1,48,19.4,81,4.4,1008.7,2,9,310,0.0,0,0.0,0
2026-03-25 20:48:24,1,48,19.5,81,4.4,1008.7,3,9,277,0.0,0,0.0,0
2026-03-25 20:49:25,1,48,19.5,80,4.5,1008.7,3,9,313,0.0,0,0.0,0
2026-03-25 20:50:26,1,47,19.5,80,4.5,1008.6,5,9,347,0.0,0,0.0,0
2026-03-25 20:51:27,1,47,19.5,80,4.5,1008.6,1,9,326,0.0,0,0.0,0
2026-03-25 20:52:28,1,47,19.5,80,4.5,1008.6,0,5,311,0.0,0,0.0,0
2026-03-25 20:53:29,1,47,19.5,80,4.5,1008.7,6,11,292,0.0,0,0.0,0
2026-03-25 20:54:30,1,47,19.5,80,4.5,1008.6,4,11,276,0.0,0,0.0,0
2026-03-25 20:55:31,1,47,19.5,80,4.5,1008.6,5,9,309,0.0,0,0.0,0
2026-03-25 20:56:32,1,47,19.5,80,4.5,1008.6,3,9,293,0.0,0,0.0,0
2026-03-25 20:57:33,1,47,19.5,80,4.5,1008.6,4,9,287,0.0,0,0.0,0
2026-03-25 20:58:34,1,47,19.4,80,4.6,1008.7,3,9,331,0.0,0,0.0,0
2026-03-25 20:59:35,1,47,19.4,80,4.6,1008.7,3,9,324,0.0,0,0.0,0
2026-03-25 21:00:36,1,47,19.4,80,4.6,1008.6,1,11,302,0.0,0,0.0,0
2026-03-25 21:01:37,1,47,19.4,80,4.6,1008.5,3,7,324,0.0,0,0.0,0
2026-03-25 21:02:38,1,47,19.4,80,4.6,1008.8,5,7,302,0.0,0,0.0,0
2026-03-25 21:03:39,1,47,19.3,80,4.6,1008.4,6,9,294,0.0,0,0.0,0
2026-03-25 21:04:40,1,47,19.3,80,4.6,1008.5,5,9,297,0.0,0,0.0,0
2026-03-25 21:05:41,1,47,19.3,80,4.6,1008.7,3,7,291,0.0,0,0.0,0
2026-03-25 21:06:42,1,47,19.2,80,4.6,1008.6,2,5,304,0.0,0,0.0,0
2026-03-25 21:07:43,1,47,19.2,80,4.6,1008.7,3,5,298,0.0,0,0.0,0
2026-03-25 21:08:44,1,47,19.2,80,4.6,1008.8,2,3,315,0.0,0,0.0,0
2026-03-25 21:09:45,1,47,19.2,80,4.5,1008.7,1,3,292,0.0,0,0.0,0
2026-03-25 21:10:46,1,47,19.1,81,4.5,1008.8,3,5,301,0.0,0,0.0,0
2026-03-25 21:11:47,1,47,19.1,81,4.5,1008.8,0,7,327,0.0,0,0.0,0
2026-03-25 21:12:48,1,47,19.1,81,4.5,1008.8,3,3,293,0.0,0,0.0,0
2026-03-25 21:13:49,1,47,19.0,81,4.5,1008.8,1,3,301,0.0,0,0.0,0
2026-03-25 21:14:50,1,47,19.0,81,4.5,1008.9,0,3,296,0.0,0,0.0,0
2026-03-25 21:15:51,1,47,19.0,81,4.4,1008.8,0,3,310,0.0,0,0.0,0
2026-03-25 21:16:52,1,47,19.0,81,4.4,1008.9,2,5,294,0.0,0,0.0,0
2026-03-25 21:17:53,1,47,18.9,81,4.4,1009.0,1,5,296,0.0,0,0.0,0
2026-03-25 21:18:54,1,47,18.9,81,4.4,1008.9,1,5,311,0.0,0,0.0,0
2026-03-25 21:19:55,1,47,18.9,81,4.4,1008.8,3,5,282,0.0,0,0.0,0
2026-03-25 21:20:56,1,47,18.8,81,4.4,1008.9,3,7,289,0.0,0,0.0,0
2026-03-25 21:21:58,1,47,18.8,81,4.4,1008.8,3,7,288,0.0,0,0.0,0
2026-03-25 21:22:58,1,48,18.8,81,4.4,1009.0,6,7,263,0.0,0,0.0,0
2026-03-25 21:23:59,1,48,18.8,81,4.4,1008.9,1,7,295,0.0,0,0.0,0
2026-03-25 21:25:00,1,48,18.7,81,4.4,1009.0,3,7,264,0.0,0,0.0,0
2026-03-25 21:26:01,1,48,18.7,81,4.4,1009.0,4,7,299,0.0,0,0.0,0
2026-03-25 21:27:02,1,48,18.7,81,4.4,1009.0,1,7,301,0.0,0,0.0,0
2026-03-25 21:28:03,1,48,18.7,82,4.4,1008.8,2,7,281,0.0,0,0.0,0
2026-03-25 21:29:04,1,48,18.6,82,4.4,1009.0,4,5,260,0.0,0,0.0,0
2026-03-25 21:30:05,1,48,18.6,82,4.4,1009.0,1,5,281,0.0,0,0.0,0
2026-03-25 21:31:06,1,48,18.6,82,4.4,1008.9,2,3,264,0.0,0,0.0,0
2026-03-25 21:32:07,1,48,18.6,82,4.3,1008.9,4,5,260,0.0,0,0.0,0
2026-03-25 21:33:08,1,48,18.6,82,4.3,1008.9,2,5,293,0.0,0,0.0,0
2026-03-25 21:34:09,1,48,18.6,82,4.3,1008.9,0,5,268,0.0,0,0.0,0
2026-03-25 21:35:10,1,48,18.6,82,4.3,1009.0,5,7,273,0.0,0,0.0,0
2026-03-25 21:36:11,1,48,18.6,82,4.2,1009.1,2,7,278,0.0,0,0.0,0
2026-03-25 21:37:12,1,48,18.5,82,4.2,1008.9,7,9,289,0.0,0,0.0,0
2026-03-25 21:38:13,1,48,18.6,82,4.2,1009.1,6,9,277,0.0,0,0.0,0
2026-03-25 21:39:14,1,48,18.5,82,4.2,1009.0,5,9,265,0.0,0,0.0,0
2026-03-25 21:40:15,1,48,18.5,82,4.2,1009.1,4,9,291,0.0,0,0.0,0
2026-03-25 21:41:16,1,48,18.5,82,4.2,1009.1,2,7,281,0.0,0,0.0,0
2026-03-25 21:42:17,1,48,18.5,82,4.2,1009.0,2,5,278,0.0,0,0.0,0
2026-03-25 21:43:18,1,48,18.5,82,4.2,1008.8,2,3,273,0.0,0,0.0,0
2026-03-25 21:44:19,1,48,18.5,83,4.2,1008.9,5,7,248,0.0,0,0.0,0
2026-03-25 21:45:20,1,48,18.5,83,4.2,1008.9,2,5,241,0.0,0,0.0,0
2026-03-25 21:46:21,1,48,18.4,83,4.2,1009.1,3,5,263,0.0,0,0.0,0
2026-03-25 21:47:22,1,48,18.5,83,4.2,1008.9,5,5,252,0.0,0,0.0,0
2026-03-25 21:48:23,1,48,18.5,83,4.2,1008.9,4,5,247,0.0,0,0.0,0
2026-03-25 21:49:24,1,48,18.5,83,4.2,1009.0,2,5,230,0.0,0,0.0,0
2026-03-25 21:50:25,1,49,18.5,83,4.2,1009.0,4,7,250,0.0,0,0.0,0
2026-03-25 21:51:26,1,49,18.5,83,4.2,1008.9,4,9,230,0.0,0,0.0,0
2026-03-25 21:52:27,1,49,18.6,83,4.2,1008.9,6,9,270,0.0,0,0.0,0
2026-03-25 21:53:28,1,49,18.7,83,4.2,1009.1,4,7,256,0.0,0,0.0,0
2026-03-25 21:54:29,1,49,18.8,83,4.2,1008.9,6,9,264,0.0,0,0.0,0
2026-03-25 21:55:30,1,49,18.9,83,4.2,1009.2,5,9,234,0.0,0,0.0,0
2026-03-25 21:56:31,1,49,18.9,83,4.2,1009.2,5,7,267,0.0,0,0.0,0
2026-03-25 21:57:32,1,48,19.0,83,4.2,1009.0,5,7,220,0.0,0,0.0,0
2026-03-25 21:58:33,1,48,19.1,83,4.2,1009.1,2,7,263,0.0,0,0.0,0
2026-03-25 21:59:34,1,48,19.2,83,4.2,1009.2,5,9,240,0.0,0,0.0,0
2026-03-25 22:00:35,1,48,19.3,83,4.2,1009.1,3,9,236,0.0,0,0.0,0
2026-03-25 22:01:36,1,48,19.3,83,4.2,1009.1,2,5,231,0.0,0,0.0,0
2026-03-25 22:02:37,1,48,19.4,83,4.2,1009.2,5,5,234,0.0,0,0.0,0
2026-03-25 22:03:38,1,48,19.4,84,4.2,1009.1,7,7,257,0.0,0,0.0,0
2026-03-25 22:04:39,1,47,19.4,84,4.2,1009.1,5,9,233,0.0,0,0.0,0
2026-03-25 22:05:40,1,47,19.4,84,4.1,1009.5,6,9,268,0.0,0,0.0,0
2026-03-25 22:06:41,1,47,19.4,84,4.1,1009.3,4,9,239,0.0,0,0.0,0
2026-03-25 22:07:42,1,47,19.4,84,4.1,1009.5,8,9,265,0.0,0,0.0,0
2026-03-25 22:08:43,1,47,19.4,84,4.1,1009.3,3,9,257,0.0,0,0.0,0
2026-03-25 22:09:44,1,47,19.4,84,4.1,1009.4,3,7,255,0.0,0,0.0,0
2026-03-25 22:10:45,1,47,19.4,84,4.0,1009.5,5,7,282,0.0,0,0.0,0
2026-03-25 22:11:46,1,47,19.4,84,4.0,1009.5,3,9,257,0.0,0,0.0,0
2026-03-25 22:12:47,1,47,19.4,84,4.0,1009.5,4,9,234,0.0,0,0.0,0
2026-03-25 22:13:48,1,47,19.3,84,4.0,1009.4,3,5,224,0.0,0,0.0,0
2026-03-25 22:14:49,1,47,19.3,84,4.0,1009.4,7,11,245,0.0,0,0.0,0
2026-03-25 22:15:50,1,47,19.3,84,4.0,1009.5,6,11,236,0.0,0,0.0,0
2026-03-25 22:16:51,1,47,19.3,84,4.0,1009.6,6,9,240,0.0,0,0.0,0
2026-03-25 22:17:52,1,47,19.3,84,4.0,1009.4,6,9,254,0.0,0,0.0,0
2026-03-25 22:18:53,1,47,19.2,84,4.0,1009.6,5,9,241,0.0,0,0.0,0
2026-03-25 22:19:54,1,47,19.2,84,4.0,1009.5,6,9,250,0.0,0,0.0,0
2026-03-25 22:20:55,1,47,19.2,84,3.9,1009.5,2,9,262,0.0,0,0.0,0
2026-03-25 22:21:56,1,47,19.1,84,3.9,1009.7,7,9,258,0.0,0,0.0,0
2026-03-25 22:22:57,1,47,19.1,85,3.9,1009.7,7,9,253,0.0,0,0.0,0
2026-03-25 22:23:58,1,47,19.1,85,3.9,1009.6,3,9,256,0.0,0,0.0,0
2026-03-25 22:24:59,1,47,19.1,85,3.9,1009.7,7,11,220,0.0,0,0.0,0
2026-03-25 22:26:00,1,47,19.0,85,3.9,1009.7,7,11,265,0.0,0,0.0,0
2026-03-25 22:27:01,1,47,19.0,85,3.9,1009.6,6,9,256,0.0,0,0.0,0
2026-03-25 22:28:02,1,47,19.0,85,3.9,1009.8,7,11,278,0.0,0,0.0,0
2026-03-25 22:29:03,1,47,18.9,85,3.9,1009.6,4,11,268,0.0,0,0.0,0
2026-03-25 22:30:04,1,47,18.9,85,3.9,1009.8,2,7,272,0.0,0,0.0,0
2026-03-25 22:31:05,1,47,18.9,85,3.9,1009.6,2,7,251,0.0,0,0.0,0
2026-03-25 22:32:06,1,47,18.9,85,3.9,1009.6,0,5,250,0.0,0,0.0,0
2026-03-25 22:33:07,1,47,18.8,85,3.9,1009.5,4,5,241,0.0,0,0.0,0
2026-03-25 22:34:08,1,47,18.8,85,3.9,1009.7,4,5,281,0.0,0,0.0,0
2026-03-25 22:35:09,1,47,18.8,85,3.9,1009.7,2,7,259,0.0,0,0.0,0
2026-03-25 22:36:10,1,47,18.8,85,4.0,1009.8,3,5,237,0.0,0,0.0,0
2026-03-25 22:37:11,1,47,18.7,85,4.0,1009.6,3,5,258,0.0,0,0.0,0
2026-03-25 22:38:12,1,48,18.7,86,4.0,1009.7,3,7,250,0.0,0,0.0,0
2026-03-25 22:39:13,1,48,18.7,85,4.1,1009.6,4,7,262,0.0,0,0.0,0
2026-03-25 22:40:14,1,48,18.7,85,4.1,1009.7,6,9,260,0.0,0,0.0,0
2026-03-25 22:41:15,1,48,18.7,85,4.1,1009.8,2,7,288,0.0,0,0.0,0
2026-03-25 22:42:16,1,48,18.6,85,4.1,1009.9,1,7,275,0.0,0,0.0,0
2026-03-25 22:43:17,1,48,18.6,85,4.1,1010.1,2,5,313,0.0,0,0.0,0
2026-03-25 22:44:18,1,48,18.6,85,4.1,1010.1,0,3,308,0.0,0,0.0,0
2026-03-25 22:45:19,1,48,18.6,85,4.1,1010.1,1,3,274,0.0,0,0.0,0
2026-03-25 22:46:20,1,48,18.6,85,4.1,1010.2,0,3,287,0.0,0,0.0,0
2026-03-25 22:47:21,1,48,18.6,85,4.1,1010.4,3,3,353,0.0,0,0.0,0
2026-03-25 22:48:22,1,48,18.6,85,4.1,1010.6,3,7,341,0.0,0,0.0,0
2026-03-25 22:49:23,1,48,18.5,85,4.1,1010.4,9,12,288,0.0,0,0.0,0
2026-03-25 22:50:24,1,48,18.5,85,4.1,1010.5,10,14,267,0.0,0,0.0,0
2026-03-25 22:51:25,1,48,18.5,85,4.2,1010.3,7,18,297,0.0,0,0.0,0
2026-03-25 22:52:26,1,48,18.5,85,4.2,1010.4,7,12,304,0.0,0,0.0,0
2026-03-25 22:53:27,1,48,18.5,86,4.2,1010.3,4,12,332,0.0,0,0.0,0
2026-03-25 22:54:28,1,48,18.5,85,4.3,1010.5,6,12,314,0.0,0,0.0,0
2026-03-25 22:55:29,1,48,18.5,86,4.3,1010.5,5,12,299,0.0,0,0.0,0
2026-03-25 22:56:30,1,48,18.5,86,4.3,1010.3,2,7,353,0.0,0,0.0,0
2026-03-25 22:57:31,1,48,18.5,86,4.2,1010.4,6,9,334,0.0,0,0.0,0
2026-03-25 22:58:32,1,48,18.5,86,4.2,1010.5,1,9,291,0.0,0,0.0,0
2026-03-25 22:59:33,1,48,18.4,86,4.2,1010.5,3,9,5,0.0,0,0.0,0
2026-03-25 23:00:34,1,48,18.4,86,4.2,1010.4,4,11,294,0.0,0,0.0,0
2026-03-25 23:01:35,1,48,18.4,86,4.2,1010.5,6,11,335,0.0,0,0.0,0
2026-03-25 23:02:36,1,48,18.4,86,4.2,1010.5,3,18,325,0.0,0,0.0,0
2026-03-25 23:03:37,1,48,18.4,86,4.2,1010.3,6,11,278,0.0,0,0.0,0
2026-03-25 23:04:38,1,48,18.4,86,4.2,1009.9,3,11,325,0.0,0,0.0,0
2026-03-25 23:05:39,1,48,18.4,86,4.2,1009.9,4,11,240,0.0,0,0.0,0
2026-03-25 23:06:40,1,48,18.4,86,4.2,1009.9,5,12,250,0.0,0,0.0,0
2026-03-25 23:07:41,1,48,18.5,85,4.2,1009.9,4,12,287,0.0,0,0.0,0
2026-03-25 23:08:42,1,48,18.5,85,4.2,1010.1,4,7,312,0.0,0,0.0,0
2026-03-25 23:09:43,1,48,18.5,85,4.2,1010.0,3,5,301,0.0,0,0.0,0
2026-03-25 23:10:44,1,48,18.6,86,4.1,1010.3,4,5,308,0.0,0,0.0,0
2026-03-25 23:11:45,1,48,18.6,86,4.1,1010.2,6,7,286,0.0,0,0.0,0
2026-03-25 23:12:46,1,48,18.7,85,4.1,1010.3,2,11,300,0.0,0,0.0,0
2026-03-25 23:13:47,1,48,18.8,85,4.1,1010.3,4,11,289,0.0,0,0.0,0
2026-03-25 23:14:48,1,48,18.8,86,4.1,1010.3,2,9,325,0.0,0,0.0,0
2026-03-25 23:15:49,1,48,18.9,85,4.1,1010.2,3,11,289,0.0,0,0.0,0
2026-03-25 23:16:50,1,48,18.9,85,4.1,1010.4,5,11,280,0.0,0,0.0,0
2026-03-25 23:17:51,1,48,18.9,85,4.2,1010.5,5,9,356,0.0,0,0.0,0
2026-03-25 23:18:52,1,48,19.0,85,4.1,1010.3,6,9,293,0.0,0,0.0,0
2026-03-25 23:19:53,1,48,19.0,85,4.2,1010.6,3,9,318,0.0,0,0.0,0
2026-03-25 23:20:54,1,48,19.0,85,4.2,1010.5,5,9,301,0.0,0,0.0,0
2026-03-25 23:21:55,1,48,19.0,85,4.2,1010.4,7,12,278,0.0,0,0.0,0
2026-03-25 23:22:56,1,47,19.0,85,4.2,1010.4,6,12,333,0.0,0,0.0,0
2026-03-25 23:23:57,1,47,19.0,85,4.2,1010.6,1,12,281,0.0,0,0.0,0
2026-03-25 23:24:58,1,47,19.0,85,4.2,1010.1,7,12,318,0.0,0,0.0,0
2026-03-25 23:25:59,1,47,19.0,85,4.2,1010.4,7,12,285,0.0,0,0.0,0
2026-03-25 23:27:00,1,47,19.0,85,4.2,1010.3,3,9,289,0.0,0,0.0,0
2026-03-25 23:28:01,1,47,19.0,85,4.2,1010.2,5,9,317,0.0,0,0.0,0
2026-03-25 23:29:02,1,47,19.0,85,4.2,1010.4,2,7,311,0.0,0,0.0,0
2026-03-25 23:30:03,1,47,19.0,85,4.2,1010.2,1,7,303,0.0,0,0.0,0
2026-03-25 23:31:04,1,47,18.9,85,4.2,1010.3,0,5,283,0.0,0,0.0,0
2026-03-25 23:32:06,1,47,18.9,85,4.3,1010.2,6,9,278,0.0,0,0.0,0
2026-03-25 23:33:07,1,47,18.9,85,4.3,1010.0,2,9,270,0.0,0,0.0,0
2026-03-25 23:34:08,1,47,18.9,85,4.3,1010.2,2,9,272,0.0,0,0.0,0
2026-03-25 23:35:09,1,47,18.9,85,4.3,1010.2,5,7,277,0.0,0,0.0,0
2026-03-25 23:36:10,1,47,18.9,85,4.3,1010.2,2,7,278,0.0,0,0.0,0
2026-03-25 23:37:11,1,47,18.9,85,4.3,1010.2,2,5,262,0.0,0,0.0,0
2026-03-25 23:38:12,1,47,18.8,85,4.3,1010.3,7,9,317,0.0,0,0.0,0
2026-03-25 23:39:13,1,47,18.8,85,4.3,1010.3,4,9,303,0.0,0,0.0,0
2026-03-25 23:40:14,1,47,18.8,85,4.3,1010.3,3,9,312,0.0,0,0.0,0
2026-03-25 23:41:15,1,47,18.8,85,4.3,1010.2,5,7,282,0.0,0,0.0,0
2026-03-25 23:42:16,1,47,18.7,85,4.3,1010.4,1,7,308,0.0,0,0.0,0
2026-03-25 23:43:17,1,47,18.7,85,4.3,1010.5,3,9,264,0.0,0,0.0,0
2026-03-25 23:44:18,1,47,18.7,85,4.3,1010.4,2,9,286,0.0,0,0.0,0
2026-03-25 23:45:19,1,47,18.7,85,4.3,1010.4,1,7,301,0.0,0,0.0,0
2026-03-25 23:46:20,1,47,18.7,85,4.3,1010.4,4,7,276,0.0,0,0.0,0
2026-03-25 23:47:21,1,47,18.6,85,4.3,1010.5,6,7,280,0.0,0,0.0,0
2026-03-25 23:48:22,1,47,18.6,85,4.3,1010.3,2,7,293,0.0,0,0.0,0
2026-03-25 23:49:23,1,47,18.6,85,4.3,1010.5,0,3,289,0.0,0,0.0,0
2026-03-25 23:50:24,1,47,18.6,86,4.3,1010.6,3,5,304,0.0,0,0.0,0
2026-03-25 23:51:25,1,48,18.5,86,4.3,1010.4,5,5,294,0.0,0,0.0,0
2026-03-25 23:52:26,1,48,18.5,86,4.3,1010.3,5,7,269,0.0,0,0.0,0
2026-03-25 23:53:27,1,48,18.5,86,4.3,1010.5,1,7,264,0.0,0,0.0,0
2026-03-25 23:54:28,1,48,18.5,86,4.3,1010.5,1,5,268,0.0,0,0.0,0
2026-03-25 23:55:29,1,48,18.5,86,4.3,1010.6,5,7,274,0.0,0,0.0,0
2026-03-25 23:56:30,1,48,18.4,86,4.3,1010.8,3,7,268,0.0,0,0.0,0
2026-03-25 23:57:31,1,48,18.5,86,4.3,1010.6,0,7,286,0.0,0,0.0,0
2026-03-25 23:58:32,1,48,18.4,86,4.3,1010.7,6,7,295,0.0,0,0.0,0
2026-03-25 23:59:33,1,48,18.4,86,4.2,1010.8,1,7,304,0.0,0,0.0,0
