2026-01-31 08:37:39,1,54,17.6,96,5.8,998.6,2,9,89,0.0,0,16.5,0
2026-01-31 08:38:40,1,54,17.6,96,5.8,998.7,2,5,115,0.0,0,15.8,0
2026-01-31 08:39:41,1,54,17.6,96,5.9,998.5,3,9,102,0.0,0,14.8,0
2026-01-31 08:40:42,1,54,17.6,96,5.8,998.5,3,9,125,0.0,0,14.1,0
2026-01-31 08:41:43,1,54,17.6,96,5.8,998.7,3,9,125,0.0,0,14.6,0
2026-01-31 08:42:44,1,54,17.6,96,5.8,998.6,3,9,97,0.0,0,15.1,0
2026-01-31 08:43:45,1,54,17.6,96,5.8,998.7,3,7,208,0.0,0,14.2,0
2026-01-31 08:44:46,1,54,17.6,96,5.8,998.7,2,7,130,0.0,0,14.5,0
2026-01-31 08:45:47,1,54,17.6,96,5.8,998.8,5,5,114,0.0,0,15.2,0
2026-01-31 08:46:48,1,54,17.6,96,5.8,998.7,0,5,112,0.0,0,16.6,0
2026-01-31 08:47:49,1,54,17.6,96,5.8,998.6,3,3,126,0.0,0,17.5,0
2026-01-31 08:48:50,1,54,17.6,96,5.9,998.8,4,11,134,0.0,0,18.2,0
2026-01-31 08:49:51,1,54,17.6,96,5.9,998.8,1,11,137,0.0,0,17.2,0
2026-01-31 08:50:52,1,54,17.6,96,5.9,998.6,2,7,126,0.0,0,16.9,0
2026-01-31 08:51:53,1,54,17.6,96,5.9,998.7,1,7,355,0.0,0,17.4,0
2026-01-31 08:52:54,1,54,17.6,96,5.9,998.8,4,7,109,0.0,0,18.8,0
2026-01-31 08:53:55,1,54,17.6,96,5.9,998.8,4,7,113,0.0,0,20.8,0
2026-01-31 08:54:56,1,54,17.6,96,5.9,998.9,2,7,107,0.0,0,22.0,0
2026-01-31 08:55:57,1,54,17.6,96,5.9,998.9,4,7,141,0.0,0,23.5,0
2026-01-31 08:56:58,1,54,17.6,96,5.9,998.8,3,7,117,0.0,0,23.7,0
2026-01-31 08:57:59,1,54,17.6,96,5.9,998.8,5,7,165,0.0,0,22.6,0
2026-01-31 08:59:00,1,54,17.6,96,5.9,999.0,2,7,139,0.0,0,21.9,0
2026-01-31 09:00:01,1,54,17.6,96,5.9,998.8,6,9,95,0.0,0,21.0,0
2026-01-31 09:01:02,1,54,17.6,96,5.9,999.0,5,9,139,0.0,0,20.6,0
2026-01-31 09:02:03,1,54,17.6,96,5.9,998.9,6,9,96,0.0,0,21.6,0
2026-01-31 09:03:04,1,54,17.6,96,5.9,999.0,5,9,95,0.0,0,21.6,0
2026-01-31 09:04:05,1,54,17.6,96,5.9,999.0,7,9,98,0.0,0,20.5,0
2026-01-31 09:05:06,1,54,17.6,96,6.0,999.0,6,11,159,0.0,0,20.5,0
2026-01-31 09:06:07,1,54,17.6,96,6.0,999.2,4,9,83,0.0,0,20.6,0
2026-01-31 09:07:08,1,54,17.6,96,6.0,999.2,3,7,86,0.0,0,21.4,0
2026-01-31 09:08:09,1,54,17.6,96,6.0,999.0,5,5,116,0.0,0,20.7,0
2026-01-31 09:09:10,1,54,17.6,96,6.0,998.9,7,9,119,0.0,0,20.6,0
2026-01-31 09:10:11,1,54,17.6,96,6.0,999.1,3,11,96,0.0,0,20.2,0
2026-01-31 09:11:12,1,54,17.6,96,6.0,999.2,3,7,92,0.0,0,18.6,0
2026-01-31 09:12:13,1,54,17.6,96,6.0,999.0,3,7,113,0.0,0,18.8,0
2026-01-31 09:13:14,1,54,17.6,95,6.0,999.0,3,7,97,0.0,0,18.7,0
2026-01-31 09:14:15,1,54,17.6,96,6.0,999.0,7,9,99,0.0,0,17.9,0
2026-01-31 09:15:16,1,54,17.5,96,6.0,999.1,2,9,96,0.0,0,16.7,0
2026-01-31 09:16:17,1,54,17.5,96,6.0,999.1,7,9,105,0.0,0,16.7,0
2026-01-31 09:17:18,1,54,17.6,95,6.0,999.2,8,12,118,0.0,0,17.9,0
2026-01-31 09:18:19,1,54,17.6,95,6.0,999.2,3,12,166,0.0,0,17.5,0
2026-01-31 09:19:20,1,54,17.5,95,6.0,999.1,3,5,103,0.0,0,16.9,0
2026-01-31 09:20:21,1,54,17.5,95,6.1,999.1,5,9,92,0.0,0,17.0,0
2026-01-31 09:21:22,1,54,17.5,95,6.1,999.2,4,7,81,0.0,0,18.7,0
2026-01-31 09:22:23,1,54,17.5,95,6.1,999.3,2,5,117,0.0,0,20.6,0
2026-01-31 09:23:24,1,54,17.5,95,6.1,999.2,4,9,96,0.0,0,24.1,0
2026-01-31 09:24:26,1,54,17.5,95,6.1,999.2,3,9,101,0.0,0,28.3,0
2026-01-31 09:25:27,1,54,17.5,95,6.1,999.1,5,7,200,0.0,0,31.3,0
2026-01-31 09:26:28,1,54,17.5,95,6.1,999.5,2,7,146,0.0,0,31.2,0
2026-01-31 09:27:29,1,54,17.5,95,6.1,999.3,2,7,145,0.0,0,34.9,0
2026-01-31 09:28:30,1,54,17.5,95,6.1,999.2,5,7,88,0.0,0,39.8,0
2026-01-31 09:29:31,1,54,17.5,95,6.1,999.1,9,12,97,0.0,0,41.7,0
2026-01-31 09:30:32,1,54,17.5,95,6.1,999.2,5,12,97,0.0,0,44.0,0
2026-01-31 09:31:33,1,54,17.5,95,6.1,999.1,3,7,89,0.0,0,46.0,0
2026-01-31 09:32:34,1,54,17.6,95,6.1,999.2,4,7,69,0.0,0,44.7,0
2026-01-31 09:33:35,1,54,17.5,95,6.1,999.2,2,7,166,0.0,0,42.7,0
2026-01-31 09:34:36,1,54,17.5,95,6.1,999.3,0,5,139,0.0,0,44.8,0
2026-01-31 09:35:37,1,54,17.5,95,6.1,999.3,0,3,171,0.0,0,48.3,0
2026-01-31 09:36:38,1,54,17.5,95,6.2,999.3,1,5,143,0.0,0,50.3,0
2026-01-31 09:37:39,1,54,17.5,95,6.2,999.3,4,7,85,0.0,0,51.3,0
2026-01-31 09:38:40,1,54,17.5,95,6.2,999.3,4,7,99,0.0,0,65.4,0
2026-01-31 09:39:41,1,54,17.5,95,6.2,999.3,1,7,110,0.0,0,76.9,0
2026-01-31 09:40:42,1,54,17.5,95,6.2,999.3,0,7,111,0.0,0,79.9,0
2026-01-31 09:41:43,1,54,17.5,95,6.2,999.3,5,5,101,0.0,0,80.6,0
2026-01-31 09:42:44,1,54,17.5,95,6.2,999.2,0,5,344,0.0,0,79.9,0
2026-01-31 09:43:45,1,54,17.5,95,6.2,999.4,2,5,104,0.0,0,83.8,0
2026-01-31 09:44:46,1,54,17.5,95,6.3,999.4,2,5,71,0.0,0,90.3,0
2026-01-31 09:45:47,1,54,17.5,95,6.3,999.4,3,5,112,0.0,0,92.7,0
2026-01-31 09:46:48,1,54,17.5,95,6.3,999.3,2,5,150,0.0,0,99.9,0
2026-01-31 09:47:49,1,54,17.5,95,6.3,999.4,0,5,211,0.0,0,96.7,0
2026-01-31 09:48:50,1,54,17.5,95,6.3,999.1,4,7,123,0.0,0,104.0,1
2026-01-31 09:49:51,1,54,17.5,95,6.4,999.4,5,7,85,0.0,0,104.2,1
2026-01-31 09:50:52,1,54,17.5,95,6.4,999.4,3,7,94,0.0,0,100.3,0
2026-01-31 09:51:53,1,54,17.5,95,6.3,999.4,2,5,81,0.0,0,101.4,0
2026-01-31 09:52:54,1,54,17.5,95,6.4,999.2,3,5,111,0.0,0,110.2,1
2026-01-31 09:53:55,1,54,17.5,95,6.4,999.4,2,5,143,0.0,0,112.8,1
2026-01-31 09:54:56,1,54,17.5,95,6.4,999.3,0,3,99,0.0,0,108.8,1
2026-01-31 09:55:57,1,54,17.5,95,6.5,999.4,3,5,101,0.0,0,99.8,0
2026-01-31 09:56:58,1,54,17.5,95,6.5,999.6,6,7,88,0.0,0,86.9,0
2026-01-31 09:57:59,1,54,17.5,95,6.5,999.3,3,7,96,0.0,0,77.8,0
2026-01-31 09:59:00,1,54,17.5,95,6.5,999.5,5,7,140,0.0,0,78.6,0
2026-01-31 10:00:01,1,54,17.5,95,6.5,999.3,6,9,138,0.0,0,80.2,0
2026-01-31 10:01:02,1,54,17.5,95,6.5,999.5,0,9,128,0.0,0,90.8,0
2026-01-31 10:02:03,1,54,17.5,95,6.5,999.5,4,7,136,0.0,0,95.2,0
2026-01-31 10:03:04,1,54,17.5,95,6.5,999.5,5,7,104,0.0,0,93.0,0
2026-01-31 10:04:05,1,54,17.5,95,6.5,999.7,3,7,98,0.0,0,89.6,0
2026-01-31 10:05:06,1,54,17.5,95,6.5,999.5,0,7,97,0.0,0,91.8,0
2026-01-31 10:06:07,1,54,17.5,95,6.5,999.4,3,7,109,0.0,0,97.1,0
2026-01-31 10:07:08,1,54,17.5,95,6.6,999.4,6,9,82,0.0,0,110.8,1
2026-01-31 10:08:09,1,54,17.5,95,6.6,999.5,3,9,85,0.0,0,138.6,1
2026-01-31 10:09:10,1,54,17.5,96,6.7,999.5,0,5,89,0.0,0,127.9,1
2026-01-31 10:10:11,1,54,17.5,96,6.8,999.5,0,5,90,0.0,0,118.9,1
2026-01-31 10:11:12,1,54,17.5,95,7.0,999.4,0,5,117,0.0,0,119.6,1
2026-01-31 10:12:13,1,54,17.5,95,7.1,999.3,3,5,109,0.0,0,129.7,1
2026-01-31 10:13:14,1,54,17.5,95,7.1,999.3,2,5,85,0.0,0,115.7,1
2026-01-31 10:14:15,1,54,17.6,95,7.2,999.4,0,3,90,0.0,0,122.3,1
2026-01-31 10:15:16,1,54,17.6,95,7.2,999.3,0,5,84,0.0,0,121.4,1
2026-01-31 10:16:17,1,54,17.6,95,7.3,999.4,3,5,80,0.0,0,130.2,1
2026-01-31 10:17:18,1,54,17.6,94,7.4,999.5,3,5,121,0.0,0,133.1,1
2026-01-31 10:18:19,1,54,17.6,94,7.5,999.5,4,5,120,0.0,0,136.6,1
2026-01-31 10:19:20,1,54,17.7,94,7.5,999.4,2,5,87,0.0,0,139.4,1
2026-01-31 10:20:21,1,55,17.6,93,7.5,999.5,2,7,106,0.0,0,144.3,1
2026-01-31 10:21:22,1,55,17.7,93,7.5,999.6,2,5,100,0.0,0,148.5,1
2026-01-31 10:22:23,1,55,17.7,94,7.5,999.5,2,3,77,0.0,0,156.2,1
2026-01-31 10:23:24,1,55,17.7,94,7.7,999.6,0,3,82,0.0,0,147.2,1
2026-01-31 10:24:25,1,55,17.7,94,7.8,999.5,0,5,83,0.0,0,151.2,1
2026-01-31 10:25:26,1,55,17.7,93,8.0,999.7,2,5,90,0.0,0,157.4,1
2026-01-31 10:26:27,1,55,17.7,93,8.0,999.5,2,5,84,0.0,0,154.8,1
2026-01-31 10:27:28,1,55,17.7,92,8.0,999.5,4,7,76,0.0,0,145.6,1
2026-01-31 10:28:29,1,55,17.7,92,7.9,999.6,3,7,102,0.0,0,141.9,1
2026-01-31 10:29:30,1,55,17.8,92,7.8,999.8,4,5,102,0.0,0,138.4,1
2026-01-31 10:30:31,1,55,17.7,92,7.7,999.6,3,5,105,0.0,0,136.9,1
2026-01-31 10:31:32,1,55,17.8,92,7.7,999.6,2,5,160,0.0,0,127.5,1
2026-01-31 10:32:33,1,55,17.7,92,7.6,999.7,7,11,120,0.0,0,108.5,1
2026-01-31 10:33:34,1,55,17.8,92,7.6,999.7,4,11,130,0.0,0,93.7,0
2026-01-31 10:34:35,1,55,17.8,92,7.5,999.6,2,5,86,0.0,0,92.5,0
2026-01-31 10:35:36,1,54,17.7,92,7.4,999.8,2,3,151,0.0,0,96.5,0
2026-01-31 10:36:37,1,55,17.7,92,7.4,999.8,0,3,100,0.0,0,88.3,0
2026-01-31 10:37:38,1,55,17.7,93,7.4,1000.0,3,7,103,0.0,0,93.4,0
2026-01-31 10:38:39,1,55,17.7,93,7.3,999.8,2,7,79,0.0,0,89.9,0
2026-01-31 10:39:40,1,55,17.7,93,7.3,999.6,5,7,110,0.0,0,73.4,0
2026-01-31 10:40:41,1,55,17.7,93,7.3,999.8,2,7,115,0.0,0,70.8,0
2026-01-31 10:41:42,1,55,17.7,93,7.3,999.9,1,7,80,0.0,0,76.4,0
2026-01-31 10:42:43,1,55,17.7,93,7.3,1000.0,1,3,258,0.0,0,81.8,0
2026-01-31 10:43:44,1,55,17.7,93,7.3,999.9,0,3,258,0.0,0,86.9,0
2026-01-31 10:44:45,1,55,17.6,93,7.4,999.8,0,1,69,0.0,0,89.8,0
2026-01-31 10:45:46,1,55,17.6,93,7.4,1000.0,2,5,92,0.0,0,89.4,0
2026-01-31 10:46:47,1,55,17.6,93,7.4,1000.1,1,5,76,0.0,0,87.9,0
2026-01-31 10:47:48,1,55,17.6,93,7.4,1000.0,2,5,120,0.0,0,85.5,0
2026-01-31 10:48:49,1,55,17.6,93,7.4,1000.2,4,5,93,0.0,0,90.4,0
2026-01-31 10:49:50,1,55,17.6,93,7.4,1000.1,2,5,220,0.0,0,98.2,0
2026-01-31 10:50:51,1,55,17.6,93,7.4,999.9,1,5,113,0.0,0,102.9,1
2026-01-31 10:51:52,1,55,17.6,93,7.4,1000.0,2,5,81,0.0,0,104.5,1
2026-01-31 10:52:53,1,55,17.6,93,7.4,1000.1,1,7,106,0.0,0,104.6,1
2026-01-31 10:53:54,1,55,17.6,93,7.4,1000.0,6,7,205,0.0,0,99.9,0
2026-01-31 10:54:55,1,55,17.6,93,7.4,1000.1,1,7,210,0.0,0,90.2,0
2026-01-31 10:55:56,1,55,17.6,93,7.4,1000.1,3,5,87,0.0,0,78.9,0
2026-01-31 10:56:57,1,55,17.6,93,7.4,1000.0,2,5,153,0.0,0,71.9,0
2026-01-31 10:57:58,1,55,17.5,93,7.4,1000.1,1,5,180,0.0,0,65.3,0
2026-01-31 10:58:59,1,55,17.5,93,7.4,1000.1,1,3,221,0.0,0,61.0,0
2026-01-31 11:00:00,1,55,17.5,93,7.4,1000.0,2,5,111,0.0,0,61.6,0
2026-01-31 11:01:01,1,55,17.5,93,7.4,1000.0,2,11,178,0.0,0,61.3,0
2026-01-31 11:02:02,1,55,17.5,93,7.4,1000.2,5,11,130,0.0,0,60.8,0
2026-01-31 11:03:03,1,55,17.5,93,7.3,1000.0,1,5,201,0.0,0,69.6,0
2026-01-31 11:04:04,1,55,17.5,93,7.3,1000.0,3,5,257,0.0,0,88.6,0
2026-01-31 11:05:05,1,55,17.5,93,7.3,1000.1,0,5,266,0.0,0,103.2,1
2026-01-31 11:06:06,1,55,17.5,93,7.3,999.9,3,5,139,0.0,0,125.0,1
2026-01-31 11:07:07,1,55,17.5,93,7.4,1000.0,2,7,205,0.0,0,127.5,1
2026-01-31 11:08:08,1,55,17.5,93,7.4,1000.1,1,5,85,0.0,0,119.4,1
2026-01-31 11:09:09,1,55,17.5,93,7.4,1000.3,3,7,100,0.0,0,122.7,1
2026-01-31 11:10:10,1,55,17.5,93,7.4,1000.2,5,7,99,0.0,0,113.9,1
2026-01-31 11:11:11,1,55,17.5,93,7.4,1000.0,0,5,116,0.0,0,109.3,1
2026-01-31 11:12:12,1,55,17.5,93,7.4,1000.2,2,7,70,0.0,0,99.2,0
2026-01-31 11:13:13,1,55,17.5,93,7.4,1000.2,3,7,119,0.0,0,95.0,0
2026-01-31 11:14:14,1,55,17.5,93,7.4,999.9,2,7,69,0.0,0,98.9,0
2026-01-31 11:15:15,1,55,17.5,93,7.5,1000.3,0,3,348,0.0,0,107.5,1
2026-01-31 11:16:16,1,55,17.5,93,7.5,1000.1,2,3,211,0.0,0,120.5,1
2026-01-31 11:17:17,1,55,17.5,93,7.5,1000.1,0,3,211,0.0,0,130.6,1
2026-01-31 11:18:18,1,55,17.5,93,7.5,1000.0,0,0,211,0.0,0,142.8,1
2026-01-31 11:19:19,1,55,17.5,93,7.6,1000.2,2,3,95,0.0,0,154.3,1
2026-01-31 11:20:20,1,55,17.5,93,7.6,1000.2,1,3,111,0.0,0,142.4,1
2026-01-31 11:21:21,1,55,17.5,93,7.7,1000.1,0,3,105,0.0,0,116.5,1
2026-01-31 11:22:22,1,55,17.5,93,7.8,1000.2,0,3,86,0.0,0,88.4,0
2026-01-31 11:23:23,1,55,17.5,93,8.0,1000.1,0,1,91,0.0,0,81.2,0
2026-01-31 11:24:25,1,55,17.5,93,8.1,1000.1,0,1,91,0.0,0,76.4,0
2026-01-31 11:25:26,1,55,17.5,93,8.1,1000.2,4,5,87,0.0,0,81.8,0
2026-01-31 11:26:27,1,55,17.5,91,8.2,1000.1,3,7,113,0.0,0,80.6,0
2026-01-31 11:27:28,1,55,17.5,91,8.2,1000.2,2,5,96,0.0,0,82.6,0
2026-01-31 11:28:29,1,55,17.5,92,8.2,1000.0,1,3,95,0.0,0,79.5,0
2026-01-31 11:29:30,1,55,17.6,92,8.2,1000.2,0,3,110,0.0,0,80.9,0
2026-01-31 11:30:31,1,55,17.6,91,8.2,1000.2,1,3,98,0.0,0,73.2,0
2026-01-31 11:31:32,1,55,17.6,92,8.3,1000.0,3,5,77,0.0,0,71.2,0
2026-01-31 11:32:33,1,55,17.6,91,8.4,1000.1,1,5,92,0.0,0,72.6,0
2026-01-31 11:33:34,1,55,17.6,91,8.4,1000.2,1,3,98,0.0,0,74.4,0
2026-01-31 11:34:35,1,55,17.7,91,8.5,1000.4,2,3,77,0.0,0,72.3,0
2026-01-31 11:35:36,1,55,17.7,92,8.5,1000.2,3,5,75,0.0,0,72.1,0
2026-01-31 11:36:37,1,55,17.7,91,8.7,1000.2,0,5,77,0.0,0,74.7,0
2026-01-31 11:37:38,1,55,17.7,90,8.9,1000.2,1,3,72,0.0,0,85.3,0
2026-01-31 11:38:39,1,55,17.7,90,8.9,1000.1,1,3,68,0.0,0,91.7,0
2026-01-31 11:39:40,1,55,17.7,90,9.0,1000.3,0,3,68,0.0,0,99.8,0
2026-01-31 11:40:41,1,55,17.7,90,9.0,1000.3,0,0,68,0.0,0,102.9,1
2026-01-31 11:41:42,1,55,17.7,90,9.1,1000.2,0,0,68,0.0,0,110.1,1
2026-01-31 11:42:43,1,55,17.7,89,9.1,1000.1,5,5,110,0.0,0,115.0,1
2026-01-31 11:43:44,1,55,17.8,88,9.2,1000.2,0,5,104,0.0,0,121.5,1
2026-01-31 11:44:45,1,55,17.7,89,9.0,1000.1,0,5,104,0.0,0,112.7,1
2026-01-31 11:45:46,1,55,17.7,89,9.0,1000.2,1,1,89,0.0,0,111.0,1
2026-01-31 11:46:47,1,55,17.7,89,9.0,1000.2,1,1,93,0.0,0,125.1,1
2026-01-31 11:47:48,1,55,17.7,89,9.0,1000.3,5,7,91,0.0,0,133.7,1
2026-01-31 11:48:49,1,55,17.7,88,8.9,1000.2,1,7,147,0.0,0,133.5,1
2026-01-31 11:49:50,1,55,17.7,89,8.8,1000.2,1,3,62,0.0,0,134.1,1
2026-01-31 11:50:51,1,55,17.7,89,8.8,1000.3,3,5,107,0.0,0,132.5,1
2026-01-31 11:51:52,1,55,17.7,89,8.8,1000.2,3,5,120,0.0,0,131.5,1
2026-01-31 11:52:53,1,55,17.7,89,8.8,1000.2,3,5,130,0.0,0,133.1,1
2026-01-31 11:53:54,1,55,17.8,89,8.8,1000.3,2,5,70,0.0,0,127.0,1
2026-01-31 11:54:55,1,55,17.8,89,8.8,1000.2,1,5,125,0.0,0,115.3,1
2026-01-31 11:55:56,1,55,17.8,89,8.8,1000.2,4,7,78,0.0,0,100.1,0
2026-01-31 11:56:57,1,55,17.8,89,8.8,1000.4,3,7,83,0.0,0,93.3,0
2026-01-31 11:57:58,1,55,17.8,90,8.8,1000.4,3,7,115,0.0,0,100.7,0
2026-01-31 11:58:59,1,55,17.8,89,8.8,1000.2,1,3,93,0.0,0,113.3,1
2026-01-31 12:00:00,1,55,17.8,89,8.9,1000.3,5,7,101,0.0,0,121.2,1
2026-01-31 12:01:01,1,55,17.8,89,8.8,1000.2,2,7,77,0.0,0,141.9,1
2026-01-31 12:02:02,1,55,17.8,89,8.8,1000.3,5,7,97,0.0,0,158.9,1
2026-01-31 12:03:03,1,55,17.8,89,8.8,1000.3,1,7,109,0.0,0,163.2,1
2026-01-31 12:04:04,1,55,17.8,90,8.8,1000.3,2,5,83,0.0,0,133.5,1
2026-01-31 12:05:05,1,55,17.8,90,8.8,1000.3,5,5,92,0.0,0,122.8,1
2026-01-31 12:06:06,1,55,17.8,89,8.9,1000.4,0,5,137,0.0,0,125.0,1
2026-01-31 12:07:07,1,55,17.7,89,8.9,1000.3,0,3,131,0.0,0,119.3,1
2026-01-31 12:08:08,1,55,17.8,90,8.9,1000.2,1,3,87,0.0,0,106.4,1
2026-01-31 12:09:09,1,55,17.7,89,8.9,1000.2,3,5,112,0.0,0,79.1,0
2026-01-31 12:10:10,1,55,17.7,89,8.9,1000.3,1,5,110,0.0,0,64.1,0
2026-01-31 12:11:11,1,55,17.7,89,8.9,1000.3,3,5,190,0.0,0,63.7,0
2026-01-31 12:12:12,1,55,17.7,89,8.9,1000.2,1,5,149,0.0,0,68.0,0
2026-01-31 12:13:13,1,55,17.7,89,8.8,1000.2,3,3,98,0.0,0,79.9,0
2026-01-31 12:14:14,1,55,17.7,89,8.8,1000.2,4,9,89,0.0,0,82.0,0
2026-01-31 12:15:15,1,55,17.7,89,8.8,1000.3,1,7,94,0.0,0,81.8,0
2026-01-31 12:16:16,1,55,17.7,90,8.7,1000.4,0,7,76,0.0,0,79.4,0
2026-01-31 12:17:17,1,55,17.7,89,8.7,1000.2,3,5,83,0.0,0,82.3,0
2026-01-31 12:18:18,1,55,17.7,90,8.7,1000.3,4,7,86,0.0,0,89.7,0
2026-01-31 12:19:19,1,55,17.7,90,8.7,1000.5,1,5,155,0.0,0,94.5,0
2026-01-31 12:20:20,1,55,17.6,89,8.7,1000.5,3,5,205,0.0,0,94.8,0
2026-01-31 12:21:21,1,55,17.7,89,8.7,1000.3,3,5,90,0.0,0,102.5,0
2026-01-31 12:22:22,1,55,17.6,90,8.7,1000.5,2,3,219,0.0,0,120.7,1
2026-01-31 12:23:23,1,55,17.6,90,8.7,1000.3,2,3,193,0.0,0,156.2,1
2026-01-31 12:24:25,1,55,17.6,89,8.7,1000.5,4,5,203,0.0,0,180.2,1
2026-01-31 12:25:26,1,55,17.6,90,8.7,1000.3,3,5,237,0.0,0,138.7,1
2026-01-31 12:26:27,1,55,17.7,90,8.8,1000.2,1,5,254,0.0,0,119.8,1
2026-01-31 12:27:28,1,55,17.6,90,8.9,1000.3,0,1,250,0.0,0,126.4,1
2026-01-31 12:28:29,1,55,17.7,90,9.0,1000.3,3,5,87,0.0,0,128.9,1
2026-01-31 12:29:30,1,55,17.7,89,9.1,1000.4,2,7,98,0.0,0,98.2,0
2026-01-31 12:30:31,1,55,17.7,89,9.2,1000.4,2,5,93,0.0,0,77.9,0
2026-01-31 12:31:32,1,55,17.7,88,9.2,1000.3,1,5,26,0.0,0,66.8,0
2026-01-31 12:32:33,1,55,17.7,88,9.2,1000.4,3,7,80,0.0,0,64.7,0
2026-01-31 12:33:34,1,55,17.7,88,9.2,1000.3,3,7,72,0.0,0,63.4,0
2026-01-31 12:34:35,1,55,17.7,89,9.2,1000.3,2,5,79,0.0,0,62.2,0
2026-01-31 12:35:36,1,55,17.7,89,9.2,1000.3,0,3,106,0.0,0,60.6,0
2026-01-31 12:36:37,1,55,17.7,89,9.2,1000.3,1,3,77,0.0,0,59.1,0
2026-01-31 12:37:38,1,55,17.7,89,9.2,1000.3,0,3,79,0.0,0,71.0,0
2026-01-31 12:38:39,1,55,17.7,89,9.2,1000.2,2,3,90,0.0,0,71.4,0
2026-01-31 12:39:40,1,55,17.7,88,9.2,1000.4,1,3,116,0.0,0,93.8,0
2026-01-31 12:40:41,1,55,17.7,88,9.2,1000.3,4,5,147,0.0,0,79.6,0
2026-01-31 12:41:42,1,55,17.7,88,9.1,1000.2,0,5,110,0.0,0,64.2,0
2026-01-31 12:42:43,1,55,17.7,89,9.1,1000.3,1,3,71,0.0,0,82.1,0
2026-01-31 12:43:44,1,55,17.7,88,9.2,1000.4,3,5,72,0.0,0,64.9,0
2026-01-31 12:44:45,1,55,17.7,88,9.3,1000.3,0,5,76,0.0,0,56.0,0
2026-01-31 12:45:46,1,55,17.7,88,9.3,1000.4,0,3,73,0.0,0,63.3,0
2026-01-31 12:46:47,1,55,17.7,88,9.4,1000.3,0,1,120,0.0,0,103.1,1
2026-01-31 12:47:48,1,55,17.8,88,9.4,1000.5,0,0,120,0.0,0,59.9,0
2026-01-31 12:48:49,1,55,17.8,88,9.5,1000.5,1,3,81,0.0,0,66.2,0
2026-01-31 12:49:50,1,55,17.8,87,9.6,1000.4,3,7,72,0.0,0,71.9,0
2026-01-31 12:50:51,1,55,17.8,86,9.7,1000.4,3,7,100,0.0,0,73.5,0
2026-01-31 12:51:52,1,55,17.8,87,9.7,1000.4,1,5,124,0.0,0,74.0,0
2026-01-31 12:52:53,1,55,17.8,88,9.7,1000.6,1,3,78,0.0,0,70.4,0
2026-01-31 12:53:54,1,55,17.9,87,9.7,1000.4,1,3,116,0.0,0,80.5,0
2026-01-31 12:54:55,1,55,17.9,87,9.7,1000.5,1,3,89,0.0,0,115.5,1
2026-01-31 12:55:56,1,55,17.9,86,9.8,1000.5,0,3,98,0.0,0,64.2,0
2026-01-31 12:56:57,1,55,17.9,87,9.8,1000.5,0,1,68,0.0,0,57.8,0
2026-01-31 12:57:58,1,54,17.9,87,9.8,1000.3,1,9,72,0.0,0,53.2,0
2026-01-31 12:58:59,1,54,17.9,87,9.9,1000.4,3,9,77,0.0,0,65.8,0
2026-01-31 13:00:00,1,54,18.0,87,9.9,1000.4,0,5,72,0.0,0,53.0,0
2026-01-31 13:01:01,1,54,18.0,87,10.0,1000.5,2,3,54,0.0,0,52.4,0
2026-01-31 13:02:02,1,54,18.0,87,10.1,1000.5,0,3,50,0.0,0,70.6,0
2026-01-31 13:03:03,1,54,18.0,86,10.1,1000.5,0,3,42,0.0,0,59.7,0
2026-01-31 13:04:04,1,54,18.0,87,10.1,1000.4,0,0,42,0.0,0,53.7,0
2026-01-31 13:05:05,1,54,18.1,86,10.2,1000.3,2,7,91,0.0,0,53.2,0
2026-01-31 13:06:06,1,54,18.0,83,10.3,1000.5,5,9,123,0.0,0,67.6,0
2026-01-31 13:07:07,1,54,18.1,84,10.3,1000.4,3,9,161,0.0,0,64.9,0
2026-01-31 13:08:08,1,54,18.1,85,10.1,1000.4,2,5,153,0.0,0,68.6,0
2026-01-31 13:09:09,1,55,18.1,85,10.0,1000.3,2,7,151,0.0,0,68.5,0
2026-01-31 13:10:10,1,55,18.1,85,10.0,1000.4,0,7,132,0.0,0,57.0,0
2026-01-31 13:11:11,1,55,18.1,87,10.1,1000.5,1,3,74,0.0,0,76.9,0
2026-01-31 13:12:12,1,55,18.1,85,10.3,1000.6,4,5,117,0.0,0,72.7,0
2026-01-31 13:13:13,1,55,18.1,84,10.5,1000.6,8,9,67,0.0,0,74.0,0
2026-01-31 13:14:14,1,54,18.1,83,10.5,1000.5,1,9,83,0.0,0,58.2,0
2026-01-31 13:15:15,1,54,18.1,85,10.5,1000.5,2,5,82,0.0,0,81.5,0
2026-01-31 13:16:16,1,55,18.1,85,10.5,1000.5,0,3,76,0.0,0,56.2,0
2026-01-31 13:17:17,1,55,18.2,84,10.5,1000.5,2,3,94,0.0,0,80.4,0
2026-01-31 13:18:18,1,54,18.2,84,10.6,1000.5,2,3,106,0.0,0,70.6,0
2026-01-31 13:19:19,1,54,18.2,83,10.7,1000.5,0,5,70,0.0,0,59.5,0
2026-01-31 13:20:20,1,54,18.2,84,10.8,1000.5,0,3,44,0.0,0,53.8,0
2026-01-31 13:21:21,1,54,18.2,83,10.9,1000.5,0,3,91,0.0,0,53.3,0
2026-01-31 13:22:22,1,54,18.2,83,10.9,1000.5,0,1,107,0.0,0,92.0,0
2026-01-31 13:23:23,1,54,18.2,82,10.9,1000.6,3,5,149,0.0,0,75.4,0
2026-01-31 13:24:24,1,54,18.2,81,10.8,1000.6,1,5,108,0.0,0,78.5,0
2026-01-31 13:25:25,1,54,18.2,82,10.8,1000.7,1,3,77,0.0,0,70.3,0
2026-01-31 13:26:26,1,54,18.2,82,10.8,1000.6,3,3,88,0.0,0,69.3,0
2026-01-31 13:27:27,1,54,18.2,82,10.9,1000.7,2,5,70,0.0,0,70.8,0
2026-01-31 13:28:28,1,54,18.2,81,10.9,1000.7,1,5,65,0.0,0,83.2,0
2026-01-31 13:29:29,1,54,18.2,81,11.1,1000.6,3,5,91,0.0,0,71.6,0
2026-01-31 13:30:30,1,54,18.2,80,11.1,1000.7,1,7,112,0.0,0,70.2,0
2026-01-31 13:31:31,1,54,18.2,79,11.3,1000.6,0,3,112,0.0,0,75.9,0
2026-01-31 13:32:32,1,54,18.2,80,11.3,1000.7,0,1,112,0.0,0,80.2,0
2026-01-31 13:33:33,1,54,18.2,78,11.3,1000.6,0,3,122,0.0,0,84.7,0
2026-01-31 13:34:34,1,54,18.2,78,11.3,1000.8,4,5,137,0.0,0,89.9,0
2026-01-31 13:35:35,1,54,18.1,79,11.1,1000.8,5,7,89,0.0,0,94.1,0
2026-01-31 13:36:36,1,54,18.1,81,10.8,1000.7,2,7,255,0.0,0,97.0,0
2026-01-31 13:37:37,1,54,18.1,82,10.6,1000.8,4,5,83,0.0,0,107.3,1
2026-01-31 13:38:38,1,54,18.1,82,10.6,1000.9,2,5,93,0.0,0,124.0,1
2026-01-31 13:39:39,1,54,18.1,82,10.6,1000.7,1,5,58,0.0,0,137.0,1
2026-01-31 13:40:40,1,55,18.1,83,10.5,1000.7,2,5,53,0.0,0,138.4,1
2026-01-31 13:41:41,1,55,18.1,84,10.5,1000.7,3,7,95,0.0,0,136.2,1
2026-01-31 13:42:42,1,55,18.1,84,10.6,1000.8,1,7,104,0.0,0,115.2,1
2026-01-31 13:43:43,1,55,18.1,82,10.7,1000.9,0,5,105,0.0,0,94.7,0
2026-01-31 13:44:44,1,55,18.1,82,10.7,1000.8,3,7,52,0.0,0,91.4,0
2026-01-31 13:45:45,1,55,18.1,81,10.7,1000.6,2,7,122,0.0,0,94.6,0
2026-01-31 13:46:46,1,55,18.1,82,10.7,1000.7,1,3,81,0.0,0,94.4,0
2026-01-31 13:47:47,1,55,18.1,82,10.7,1000.8,2,3,83,0.0,0,100.3,0
2026-01-31 13:48:48,1,55,18.1,81,10.7,1000.7,0,3,112,0.0,0,93.5,0
2026-01-31 13:49:49,1,55,18.1,81,10.7,1000.8,0,1,97,0.0,0,88.6,0
2026-01-31 13:50:50,1,55,18.1,81,10.7,1000.9,2,3,118,0.0,0,89.5,0
2026-01-31 13:51:51,1,55,18.1,81,10.7,1000.9,6,7,111,0.0,0,88.6,0
2026-01-31 13:52:52,1,55,18.0,80,10.7,1000.6,3,7,115,0.0,0,86.4,0
2026-01-31 13:53:53,1,55,18.0,82,10.7,1000.9,2,7,150,0.0,0,79.7,0
2026-01-31 13:54:54,1,55,18.0,82,10.6,1000.8,1,7,119,0.0,0,81.0,0
2026-01-31 13:55:55,1,55,18.0,82,10.5,1000.9,2,3,150,0.0,0,84.3,0
2026-01-31 13:56:56,1,55,18.0,82,10.4,1000.9,0,3,283,0.0,0,92.0,0
2026-01-31 13:57:57,1,55,18.0,82,10.4,1000.9,1,3,97,0.0,0,114.5,1
2026-01-31 13:58:58,1,55,18.0,83,10.4,1001.0,2,5,90,0.0,0,113.0,1
2026-01-31 13:59:59,1,55,18.0,81,10.6,1000.8,3,5,76,0.0,0,100.1,0
2026-01-31 14:01:00,1,55,18.0,82,10.7,1001.1,3,5,78,0.0,0,88.3,0
2026-01-31 14:02:01,1,55,18.0,81,10.7,1000.9,0,3,87,0.0,0,86.5,0
2026-01-31 14:03:02,1,55,18.0,81,10.7,1000.7,3,5,47,0.0,0,72.0,0
2026-01-31 14:04:03,1,55,18.0,81,10.7,1001.0,4,5,74,0.0,0,77.0,0
2026-01-31 14:05:04,1,55,18.0,81,10.7,1000.9,1,5,101,0.0,0,69.1,0
2026-01-31 14:06:05,1,55,18.0,80,10.5,1001.0,5,7,146,0.0,0,82.3,0
2026-01-31 14:07:06,1,55,18.0,81,10.5,1000.8,2,7,105,0.0,0,84.2,0
2026-01-31 14:08:07,1,55,18.0,83,10.4,1001.1,1,5,121,0.0,0,85.2,0
2026-01-31 14:09:08,1,55,17.9,82,10.4,1001.1,1,5,77,0.0,0,63.3,0
2026-01-31 14:10:09,1,55,17.9,81,10.5,1001.0,5,9,76,0.0,0,61.9,0
2026-01-31 14:11:10,1,55,17.9,81,10.5,1001.0,2,9,125,0.0,0,63.2,0
2026-01-31 14:12:11,1,55,17.9,82,10.5,1000.9,1,3,91,0.0,0,65.0,0
2026-01-31 14:13:12,1,55,17.9,83,10.5,1000.9,0,3,86,0.0,0,62.7,0
2026-01-31 14:14:13,1,55,17.9,82,10.5,1001.1,3,5,103,0.0,0,63.1,0
2026-01-31 14:15:14,1,55,17.9,81,10.5,1001.1,4,5,102,0.0,0,63.3,0
2026-01-31 14:16:15,1,55,17.9,82,10.4,1001.0,3,5,88,0.0,0,61.8,0
2026-01-31 14:17:16,1,55,17.9,82,10.3,1001.2,7,9,85,0.0,0,56.9,0
2026-01-31 14:18:17,1,55,17.9,82,10.3,1001.1,6,9,128,0.0,0,56.7,0
2026-01-31 14:19:18,1,55,17.9,82,10.2,1001.2,3,7,100,0.0,0,60.1,0
2026-01-31 14:20:19,1,55,17.8,82,10.2,1001.1,4,7,146,0.0,0,62.6,0
2026-01-31 14:21:20,1,55,17.8,83,10.1,1001.1,3,9,79,0.0,0,62.6,0
2026-01-31 14:22:21,1,55,17.8,83,10.0,1001.1,3,7,81,0.0,0,59.8,0
2026-01-31 14:23:22,1,55,17.8,83,10.0,1001.2,3,5,111,0.0,0,56.3,0
2026-01-31 14:24:24,1,55,17.8,84,10.0,1001.3,3,7,87,0.0,0,50.2,0
2026-01-31 14:25:25,1,55,17.8,84,10.0,1001.1,5,7,124,0.0,0,46.4,0
2026-01-31 14:26:26,1,55,17.8,84,10.0,1001.3,1,7,74,0.0,0,44.3,0
2026-01-31 14:27:27,1,55,17.7,84,10.0,1001.2,0,3,80,0.0,0,43.3,0
2026-01-31 14:28:28,1,55,17.7,84,10.1,1001.3,2,3,8,0.0,0,43.6,0
2026-01-31 14:29:29,1,55,17.7,83,10.1,1001.3,2,7,102,0.0,0,44.6,0
2026-01-31 14:30:30,1,55,17.7,84,10.0,1001.2,2,5,67,0.0,0,45.8,0
2026-01-31 14:31:31,1,55,17.7,84,10.0,1001.4,0,5,116,0.0,0,45.7,0
2026-01-31 14:32:32,1,55,17.7,84,9.9,1001.3,0,5,98,0.0,0,44.2,0
2026-01-31 14:33:33,1,55,17.7,84,9.9,1001.4,0,0,117,0.0,0,42.0,0
2026-01-31 14:34:34,1,55,17.7,84,9.9,1001.3,0,0,117,0.0,0,40.0,0
2026-01-31 14:35:35,1,55,17.7,84,9.9,1001.4,0,0,95,0.0,0,38.7,0
2026-01-31 14:36:36,1,55,17.7,84,9.9,1001.4,3,9,79,0.0,0,38.4,0
2026-01-31 14:37:37,1,55,17.7,84,9.9,1001.4,2,9,71,0.0,0,38.4,0
2026-01-31 14:38:38,1,55,17.7,84,10.0,1001.4,0,7,49,0.0,0,38.5,0
2026-01-31 14:39:39,1,55,17.7,84,10.0,1001.4,0,3,51,0.0,0,38.6,0
2026-01-31 14:40:40,1,55,17.6,84,10.0,1001.6,1,1,66,0.0,0,38.8,0
2026-01-31 14:41:41,1,55,17.7,84,10.0,1001.5,1,1,109,0.0,0,38.7,0
2026-01-31 14:42:42,1,55,17.6,84,10.0,1001.5,1,3,118,0.0,0,38.4,0
2026-01-31 14:43:43,1,55,17.6,84,10.0,1001.5,5,5,123,0.0,0,38.3,0
2026-01-31 14:44:44,1,55,17.6,84,10.0,1001.7,0,7,130,0.0,0,37.1,0
2026-01-31 14:45:45,1,55,17.6,84,9.9,1001.5,4,7,225,0.0,0,35.5,0
2026-01-31 14:46:46,1,55,17.6,84,9.9,1001.6,0,5,105,0.0,0,33.1,0
2026-01-31 14:47:47,1,55,17.6,84,9.8,1001.5,1,5,120,0.0,0,30.2,0
2026-01-31 14:48:48,1,55,17.6,84,9.8,1001.6,5,7,89,0.0,0,27.6,0
2026-01-31 14:49:49,1,55,17.6,84,9.8,1001.6,6,9,76,0.0,0,25.5,0
2026-01-31 14:50:50,1,55,17.6,84,9.8,1001.6,5,9,80,0.0,0,24.2,0
2026-01-31 14:51:51,1,55,17.6,84,9.8,1001.8,0,7,102,0.0,0,22.8,0
2026-01-31 14:52:52,1,55,17.6,84,9.8,1001.7,6,9,102,0.0,0,22.0,0
2026-01-31 14:53:53,1,55,17.6,84,9.7,1001.8,1,9,131,0.0,0,21.4,0
2026-01-31 14:54:54,1,55,17.6,84,9.7,1001.7,0,5,294,0.0,0,20.4,0
2026-01-31 14:55:55,1,55,17.6,84,9.7,1001.7,0,5,286,0.0,0,19.2,0
2026-01-31 14:56:56,1,55,17.6,85,9.7,1001.7,1,3,50,0.0,0,18.3,0
2026-01-31 14:57:57,1,55,17.6,85,9.7,1001.7,0,3,50,0.0,0,17.4,0
2026-01-31 14:58:58,1,55,17.6,85,9.7,1001.7,3,5,78,0.0,0,16.6,0
2026-01-31 14:59:59,1,55,17.5,85,9.7,1001.8,3,5,89,0.0,0,15.9,0
2026-01-31 15:01:00,1,55,17.6,85,9.7,1001.7,0,5,58,0.0,0,15.2,0
2026-01-31 15:02:01,1,55,17.5,85,9.7,1001.7,1,3,354,0.0,0,14.5,0
2026-01-31 15:03:02,1,55,17.5,85,9.7,1001.9,3,5,99,0.0,0,13.4,0
2026-01-31 15:04:03,1,55,17.5,85,9.7,1001.8,0,5,52,0.0,0,12.2,0
2026-01-31 15:05:04,1,55,17.5,85,9.7,1001.8,0,3,46,0.0,0,11.1,0
2026-01-31 15:06:05,1,55,17.5,85,9.7,1001.8,0,1,46,0.0,0,10.5,0
2026-01-31 15:07:06,1,55,17.5,85,9.7,1001.7,0,3,75,0.0,0,10.2,0
2026-01-31 15:08:07,1,55,17.5,85,9.6,1001.9,1,3,78,0.0,0,9.8,0
2026-01-31 15:09:08,1,55,17.5,85,9.6,1001.7,5,7,96,0.0,0,9.3,0
2026-01-31 15:10:09,1,55,17.5,85,9.6,1001.9,0,7,106,0.0,0,8.4,0
2026-01-31 15:11:10,1,55,17.5,85,9.6,1001.9,0,3,185,0.0,0,7.6,0
2026-01-31 15:12:11,1,55,17.5,85,9.6,1001.8,0,3,182,0.0,0,7.3,0
2026-01-31 15:13:12,1,55,17.5,85,9.6,1001.8,1,1,63,0.0,0,7.3,0
2026-01-31 15:14:13,1,55,17.5,85,9.6,1002.0,0,1,63,0.0,0,7.2,0
2026-01-31 15:15:14,1,55,17.5,85,9.6,1002.0,0,0,63,0.0,0,7.0,0
2026-01-31 15:16:15,1,55,17.5,85,9.6,1001.9,0,1,63,0.0,0,6.8,0
2026-01-31 15:17:16,1,55,17.5,86,9.6,1002.0,0,0,63,0.0,0,6.5,0
2026-01-31 15:18:17,1,55,17.4,86,9.6,1002.0,2,3,95,0.0,0,6.3,0
2026-01-31 15:19:18,1,55,17.4,86,9.6,1002.1,2,3,37,0.0,0,6.4,0
2026-01-31 15:20:19,1,55,17.4,86,9.6,1001.9,3,7,52,0.0,0,6.5,0
2026-01-31 15:21:20,1,55,17.4,86,9.5,1002.1,1,5,88,0.0,0,6.9,0
2026-01-31 15:22:21,1,55,17.4,86,9.5,1002.0,5,5,68,0.0,0,7.5,0
2026-01-31 15:23:22,1,55,17.4,86,9.5,1001.9,1,5,36,0.0,0,7.8,0
2026-01-31 15:24:23,1,55,17.4,86,9.5,1002.1,1,3,35,0.0,0,8.3,0
2026-01-31 15:25:24,1,55,17.4,86,9.5,1002.0,0,3,55,0.0,0,8.5,0
2026-01-31 15:26:25,1,55,17.4,86,9.5,1002.1,2,3,75,0.0,0,8.6,0
2026-01-31 15:27:26,1,55,17.4,86,9.5,1002.0,0,3,80,0.0,0,8.6,0
2026-01-31 15:28:27,1,55,17.4,86,9.5,1002.0,0,1,69,0.0,0,8.6,0
2026-01-31 15:29:28,1,55,17.4,86,9.5,1002.0,0,0,69,0.0,0,8.5,0
2026-01-31 15:30:29,1,55,17.4,87,9.5,1002.0,0,1,68,0.0,0,8.3,0
2026-01-31 15:31:30,1,55,17.4,87,9.5,1002.0,0,0,68,0.0,0,8.1,0
2026-01-31 15:32:31,1,55,17.4,87,9.5,1002.1,0,1,64,0.0,0,7.8,0
2026-01-31 15:33:32,1,55,17.4,87,9.5,1002.1,2,3,39,0.0,0,7.5,0
2026-01-31 15:34:33,1,55,17.4,87,9.5,1001.9,3,5,28,0.0,0,7.5,0
2026-01-31 15:35:34,1,55,17.4,87,9.4,1002.1,2,5,31,0.0,0,7.5,0
2026-01-31 15:36:35,1,55,17.4,87,9.4,1001.9,0,3,32,0.0,0,7.6,0
2026-01-31 15:37:36,1,55,17.4,87,9.4,1002.1,1,5,40,0.0,0,7.7,0
2026-01-31 15:38:37,1,55,17.4,87,9.4,1002.1,0,3,42,0.0,0,7.5,0
2026-01-31 15:39:38,1,55,17.4,87,9.4,1002.0,0,1,33,0.0,0,7.1,0
2026-01-31 15:40:39,1,55,17.4,87,9.4,1002.0,0,3,52,0.0,0,6.5,0
2026-01-31 15:41:40,1,55,17.4,87,9.4,1002.0,0,3,45,0.0,0,6.3,0
2026-01-31 15:42:41,1,55,17.4,87,9.4,1002.4,0,3,39,0.0,0,6.1,0
2026-01-31 15:43:42,1,55,17.4,87,9.4,1002.3,0,3,38,0.0,0,5.7,0
2026-01-31 15:44:43,1,55,17.4,87,9.4,1002.2,0,3,28,0.0,0,5.3,0
2026-01-31 15:45:44,1,55,17.4,88,9.3,1002.3,1,1,27,0.0,0,4.9,0
2026-01-31 15:46:45,1,55,17.4,88,9.3,1002.1,2,3,45,0.0,0,4.7,0
2026-01-31 15:47:46,1,55,17.4,88,9.3,1002.4,1,3,54,0.0,0,4.4,0
2026-01-31 15:48:47,1,55,17.4,88,9.3,1002.3,0,3,54,0.0,0,4.0,0
2026-01-31 15:49:48,1,55,17.4,88,9.3,1002.3,0,0,54,0.0,0,3.5,0
2026-01-31 15:50:49,1,55,17.4,88,9.3,1002.3,0,0,50,0.0,0,3.2,0
2026-01-31 15:51:50,1,55,17.4,88,9.3,1002.2,0,1,1,0.0,0,2.9,0
2026-01-31 15:52:51,1,55,17.3,88,9.3,1002.2,0,1,1,0.0,0,2.7,0
2026-01-31 15:53:52,1,55,17.4,88,9.3,1002.4,0,0,1,0.0,0,2.7,0
2026-01-31 15:54:53,1,55,17.3,88,9.3,1002.4,0,1,303,0.0,0,2.6,0
2026-01-31 15:55:54,1,55,17.4,88,9.3,1002.4,0,1,304,0.0,0,2.5,0
2026-01-31 15:56:55,1,55,17.3,88,9.3,1002.3,0,0,7,0.0,0,2.4,0
2026-01-31 15:57:56,1,55,17.3,88,9.3,1002.4,0,0,7,0.0,0,2.1,0
2026-01-31 15:58:57,1,55,17.4,88,9.3,1002.4,0,0,7,0.0,0,2.0,0
2026-01-31 15:59:58,1,55,17.4,88,9.3,1002.3,0,0,8,0.0,0,1.9,0
2026-01-31 16:00:59,1,55,17.3,88,9.3,1002.5,0,0,7,0.0,0,1.9,0
2026-01-31 16:02:00,1,55,17.3,88,9.3,1002.4,2,3,21,0.0,0,1.9,0
2026-01-31 16:03:01,1,56,17.3,88,9.3,1002.6,0,3,22,0.0,0,1.9,0
2026-01-31 16:04:02,1,55,17.4,88,9.3,1002.3,3,3,41,0.0,0,1.7,0
2026-01-31 16:05:03,1,55,17.3,88,9.3,1002.5,0,5,82,0.0,0,1.5,0
2026-01-31 16:06:04,1,55,17.3,88,9.2,1002.5,2,5,39,0.0,0,1.3,0
2026-01-31 16:07:05,1,55,17.3,88,9.2,1002.4,2,5,26,0.0,0,1.1,0
2026-01-31 16:08:06,1,55,17.3,89,9.2,1002.5,1,3,44,0.0,0,0.9,0
2026-01-31 16:09:07,1,56,17.3,89,9.2,1002.4,1,3,45,0.0,0,0.8,0
2026-01-31 16:10:08,1,56,17.3,89,9.2,1002.4,2,3,55,0.0,0,0.8,0
2026-01-31 16:11:09,1,55,17.3,89,9.2,1002.4,0,3,45,0.0,0,0.9,0
2026-01-31 16:12:10,1,56,17.3,89,9.2,1002.6,0,1,45,0.0,0,0.9,0
2026-01-31 16:13:11,1,55,17.3,89,9.1,1002.6,0,0,38,0.0,0,1.1,0
2026-01-31 16:14:12,1,56,17.3,89,9.1,1002.5,0,0,38,0.0,0,1.2,0
2026-01-31 16:15:13,1,56,17.3,90,9.1,1002.5,0,0,38,0.0,0,1.2,0
2026-01-31 16:16:14,1,56,17.3,90,9.1,1002.6,0,0,38,0.0,0,1.2,0
2026-01-31 16:17:15,1,55,17.3,90,9.1,1002.4,0,0,38,0.0,0,1.1,0
2026-01-31 16:18:16,1,56,17.3,90,9.1,1002.5,0,0,38,0.0,0,1.1,0
2026-01-31 16:19:17,1,56,17.3,90,9.1,1002.6,0,0,38,0.0,0,1.0,0
2026-01-31 16:20:18,1,56,17.3,90,9.1,1002.5,0,1,38,0.0,0,0.8,0
2026-01-31 16:21:19,1,56,17.3,90,9.1,1002.5,0,1,38,0.0,0,0.8,0
2026-01-31 16:22:20,1,56,17.3,90,9.1,1002.7,0,0,38,0.0,0,0.7,0
2026-01-31 16:23:21,1,56,17.3,90,9.0,1002.6,0,0,38,0.0,0,0.6,0
2026-01-31 16:24:23,1,56,17.3,90,9.0,1002.7,0,0,40,0.0,0,0.6,0
2026-01-31 16:25:24,1,56,17.3,90,9.0,1002.6,0,0,41,0.0,0,0.5,0
2026-01-31 16:26:25,1,56,17.3,90,9.0,1002.5,3,5,50,0.0,0,0.5,0
2026-01-31 16:27:26,1,56,17.3,90,8.9,1002.7,0,5,49,0.0,0,0.4,0
2026-01-31 16:28:27,1,56,17.3,90,8.9,1002.7,1,1,53,0.0,0,0.4,0
2026-01-31 16:29:28,1,56,17.3,90,8.9,1002.5,0,1,53,0.0,0,0.4,0
2026-01-31 16:30:29,1,56,17.3,90,8.9,1002.6,0,0,53,0.0,0,0.4,0
2026-01-31 16:31:30,1,56,17.3,91,8.9,1002.8,0,0,53,0.0,0,0.4,0
2026-01-31 16:32:31,1,56,17.3,91,8.9,1002.6,0,0,47,0.0,0,0.3,0
2026-01-31 16:33:32,1,56,17.3,91,8.9,1002.8,0,0,47,0.0,0,0.3,0
2026-01-31 16:34:33,1,56,17.3,91,8.9,1002.7,0,1,46,0.0,0,0.3,0
2026-01-31 16:35:34,1,56,17.3,91,8.9,1002.8,1,1,75,0.0,0,0.4,0
2026-01-31 16:36:35,1,56,17.3,91,8.9,1002.9,0,1,102,0.0,0,0.4,0
2026-01-31 16:37:36,1,56,17.3,90,8.9,1002.7,0,3,73,0.0,0,0.4,0
2026-01-31 16:38:37,1,56,17.3,90,8.9,1002.8,0,1,85,0.0,0,0.4,0
2026-01-31 16:39:38,1,56,17.3,90,8.9,1002.9,0,1,45,0.0,0,0.4,0
2026-01-31 16:40:39,1,56,17.3,90,8.9,1002.7,0,0,45,0.0,0,0.3,0
2026-01-31 16:41:40,1,56,17.3,90,8.9,1002.7,0,0,42,0.0,0,0.3,0
2026-01-31 16:42:41,1,56,17.3,90,8.9,1002.9,0,0,42,0.0,0,0.3,0
2026-01-31 16:43:42,1,56,17.4,90,8.9,1002.8,0,0,42,0.0,0,0.3,0
2026-01-31 16:44:43,1,56,17.3,90,8.8,1002.8,0,0,42,0.0,0,0.3,0
2026-01-31 16:45:44,1,56,17.3,90,8.8,1002.8,1,1,173,0.0,0,0.3,0
2026-01-31 16:46:45,1,56,17.4,90,8.8,1002.9,1,5,225,0.0,0,0.2,0
2026-01-31 16:47:46,1,56,17.3,90,8.8,1002.8,0,5,225,0.0,0,0.2,0
2026-01-31 16:48:47,1,56,17.3,90,8.8,1002.7,0,1,225,0.0,0,0.2,0
2026-01-31 16:49:48,1,56,17.4,90,8.8,1002.8,0,0,225,0.0,0,0.2,0
2026-01-31 16:50:49,1,56,17.4,90,8.8,1002.8,0,0,225,0.0,0,0.2,0
2026-01-31 16:51:50,1,56,17.4,90,8.8,1002.8,0,1,30,0.0,0,0.1,0
2026-01-31 16:52:51,1,56,17.4,90,8.8,1002.7,0,1,39,0.0,0,0.1,0
2026-01-31 16:53:52,1,57,17.4,90,8.8,1002.8,0,0,24,0.0,0,0.1,0
2026-01-31 16:54:53,1,57,17.4,90,8.8,1002.9,0,0,38,0.0,0,0.1,0
2026-01-31 16:55:54,1,57,17.4,90,8.8,1002.7,2,3,96,0.0,0,0.1,0
2026-01-31 16:56:55,1,57,17.4,90,8.7,1002.8,0,3,86,0.0,0,0.1,0
2026-01-31 16:57:56,1,57,17.4,90,8.7,1002.8,0,1,86,0.0,0,0.1,0
2026-01-31 16:58:57,1,57,17.4,90,8.7,1002.9,0,0,86,0.0,0,0.1,0
2026-01-31 16:59:58,1,57,17.4,90,8.7,1002.8,0,0,82,0.0,0,0.1,0
2026-01-31 17:00:59,1,57,17.4,90,8.7,1002.9,0,0,82,0.0,0,0.0,0
2026-01-31 17:02:00,1,57,17.4,90,8.7,1002.7,0,0,82,0.0,0,0.0,0
2026-01-31 17:03:01,1,57,17.4,90,8.7,1002.8,1,3,54,0.0,0,0.0,0
2026-01-31 17:04:02,1,57,17.4,90,8.6,1003.0,2,3,38,0.0,0,0.0,0
2026-01-31 17:05:03,1,57,17.4,90,8.6,1002.9,3,5,64,0.0,0,0.0,0
2026-01-31 17:06:04,1,57,17.4,90,8.6,1002.8,0,5,57,0.0,0,0.0,0
2026-01-31 17:07:05,1,57,17.4,90,8.6,1002.9,3,5,56,0.0,0,0.0,0
2026-01-31 17:08:06,1,57,17.4,90,8.6,1002.9,2,7,36,0.0,0,0.0,0
2026-01-31 17:09:07,1,57,17.4,90,8.6,1002.9,1,7,86,0.0,0,0.0,0
2026-01-31 17:10:08,1,57,17.4,90,8.6,1002.9,2,3,48,0.0,0,0.0,0
2026-01-31 17:11:09,1,57,17.4,90,8.6,1002.8,0,3,62,0.0,0,0.0,0
2026-01-31 17:12:10,1,57,17.4,90,8.6,1002.9,0,1,55,0.0,0,0.0,0
2026-01-31 17:13:11,1,57,17.4,90,8.6,1003.0,2,3,32,0.0,0,0.0,0
2026-01-31 17:14:12,1,57,17.4,90,8.5,1002.8,1,3,112,0.0,0,0.0,0
2026-01-31 17:15:13,1,57,17.4,90,8.5,1002.8,0,3,109,0.0,0,0.0,0
2026-01-31 17:16:14,1,57,17.4,91,8.4,1003.0,0,3,49,0.0,0,0.0,0
2026-01-31 17:17:15,1,58,17.4,91,8.4,1003.0,0,3,20,0.0,0,0.0,0
2026-01-31 17:18:16,1,57,17.3,91,8.4,1002.9,0,1,22,0.0,0,0.0,0
2026-01-31 17:19:17,1,58,17.4,91,8.4,1003.0,0,0,25,0.0,0,0.0,0
2026-01-31 17:20:18,1,58,17.4,91,8.4,1002.9,0,0,25,0.0,0,0.0,0
2026-01-31 17:21:19,1,58,17.4,91,8.3,1003.0,0,0,22,0.0,0,0.0,0
2026-01-31 17:22:20,1,57,17.4,91,8.3,1002.9,2,5,49,0.0,0,0.0,0
2026-01-31 17:23:21,1,58,17.4,91,8.3,1003.0,1,3,63,0.0,0,0.0,0
2026-01-31 17:24:23,1,57,17.3,91,8.3,1002.9,0,1,53,0.0,0,0.0,0
2026-01-31 17:25:24,1,57,17.4,91,8.3,1002.9,0,1,48,0.0,0,0.0,0
2026-01-31 17:26:25,1,57,17.4,91,8.3,1003.0,0,0,37,0.0,0,0.0,0
2026-01-31 17:27:26,1,57,17.3,91,8.2,1003.1,3,5,59,0.0,0,0.0,0
2026-01-31 17:28:27,1,57,17.4,91,8.2,1003.1,0,5,44,0.0,0,0.0,0
2026-01-31 17:29:28,1,57,17.4,91,8.2,1002.9,2,3,83,0.0,0,0.0,0
2026-01-31 17:30:29,1,57,17.3,91,8.2,1003.0,0,3,81,0.0,0,0.0,0
2026-01-31 17:31:30,1,57,17.4,91,8.2,1003.2,0,0,81,0.0,0,0.0,0
2026-01-31 17:32:31,1,57,17.4,91,8.2,1003.0,0,0,81,0.0,0,0.0,0
2026-01-31 17:33:32,1,57,17.4,91,8.1,1003.1,0,0,74,0.0,0,0.0,0
2026-01-31 17:34:33,1,57,17.4,91,8.1,1003.1,0,1,72,0.0,0,0.0,0
2026-01-31 17:35:34,1,57,17.3,91,8.1,1003.1,0,0,72,0.0,0,0.0,0
2026-01-31 17:36:35,1,57,17.3,91,8.1,1003.1,2,5,79,0.0,0,0.0,0
2026-01-31 17:37:36,1,57,17.3,92,8.1,1003.0,0,7,69,0.0,0,0.0,0
2026-01-31 17:38:37,1,57,17.3,92,8.1,1003.3,0,3,38,0.0,0,0.0,0
2026-01-31 17:39:38,1,57,17.4,91,8.1,1003.2,0,0,39,0.0,0,0.0,0
2026-01-31 17:40:39,1,57,17.3,91,8.1,1003.2,0,0,39,0.0,0,0.0,0
2026-01-31 17:41:40,1,57,17.3,92,8.0,1003.1,0,0,31,0.0,0,0.0,0
2026-01-31 17:42:41,1,57,17.4,92,8.0,1003.4,0,0,49,0.0,0,0.0,0
2026-01-31 17:43:42,1,57,17.3,92,8.0,1003.3,0,0,49,0.0,0,0.0,0
2026-01-31 17:44:43,1,57,17.3,92,8.0,1003.2,0,0,55,0.0,0,0.0,0
2026-01-31 17:45:44,1,57,17.4,92,8.0,1003.3,1,3,82,0.0,0,0.0,0
2026-01-31 17:46:45,1,57,17.3,92,8.0,1003.4,3,5,84,0.0,0,0.0,0
2026-01-31 17:47:46,1,57,17.3,92,8.0,1003.1,0,5,82,0.0,0,0.0,0
2026-01-31 17:48:47,1,57,17.3,92,8.0,1003.2,3,3,79,0.0,0,0.0,0
2026-01-31 17:49:48,1,57,17.3,92,8.0,1003.2,0,5,34,0.0,0,0.0,0
2026-01-31 17:50:49,1,57,17.3,92,8.0,1003.4,3,5,82,0.0,0,0.0,0
2026-01-31 17:51:50,1,57,17.3,92,8.0,1003.3,1,5,75,0.0,0,0.0,0
2026-01-31 17:52:51,1,57,17.3,92,8.0,1003.2,0,3,78,0.0,0,0.0,0
2026-01-31 17:53:52,1,57,17.3,92,8.0,1003.4,2,5,107,0.0,0,0.0,0
2026-01-31 17:54:53,1,57,17.3,92,8.0,1003.3,0,5,105,0.0,0,0.0,0
2026-01-31 17:55:54,1,57,17.4,92,7.9,1003.4,0,3,75,0.0,0,0.0,0
2026-01-31 17:56:55,1,57,17.4,92,7.9,1003.3,0,3,69,0.0,0,0.0,0
2026-01-31 17:57:56,1,57,17.4,92,7.9,1003.5,0,1,72,0.0,0,0.0,0
2026-01-31 17:58:57,1,57,17.3,92,7.9,1003.3,0,1,72,0.0,0,0.0,0
2026-01-31 17:59:58,1,57,17.4,92,7.9,1003.3,0,0,62,0.0,0,0.0,0
2026-01-31 18:00:59,1,57,17.4,92,7.8,1003.4,0,0,59,0.0,0,0.0,0
2026-01-31 18:02:00,1,57,17.4,92,7.8,1003.4,0,0,70,0.0,0,0.0,0
2026-01-31 18:03:01,1,57,17.4,92,7.8,1003.5,2,3,85,0.0,0,0.0,0
2026-01-31 18:04:02,1,57,17.4,92,7.8,1003.4,0,3,69,0.0,0,0.0,0
2026-01-31 18:05:03,1,57,17.4,92,7.7,1003.3,0,1,80,0.0,0,0.0,0
2026-01-31 18:06:04,1,57,17.4,92,7.7,1003.5,3,5,103,0.0,0,0.0,0
2026-01-31 18:07:05,1,57,17.4,92,7.7,1003.5,1,5,86,0.0,0,0.0,0
2026-01-31 18:08:06,1,57,17.4,92,7.7,1003.4,0,3,85,0.0,0,0.0,0
2026-01-31 18:09:07,1,57,17.4,92,7.7,1003.6,0,1,88,0.0,0,0.0,0
2026-01-31 18:10:08,1,57,17.4,92,7.7,1003.5,0,1,77,0.0,0,0.0,0
2026-01-31 18:11:09,1,57,17.4,92,7.7,1003.5,0,0,71,0.0,0,0.0,0
2026-01-31 18:12:10,1,57,17.4,92,7.7,1003.5,0,0,71,0.0,0,0.0,0
2026-01-31 18:13:11,1,57,17.4,92,7.6,1003.5,0,0,71,0.0,0,0.0,0
2026-01-31 18:14:12,1,57,17.4,92,7.6,1003.7,0,1,24,0.0,0,0.0,0
2026-01-31 18:15:13,1,57,17.4,92,7.5,1003.7,0,0,28,0.0,0,0.0,0
2026-01-31 18:16:14,1,57,17.4,92,7.5,1003.5,0,0,28,0.0,0,0.0,0
2026-01-31 18:17:15,1,57,17.4,93,7.5,1003.5,2,3,56,0.0,0,0.0,0
2026-01-31 18:18:16,1,57,17.4,93,7.5,1003.7,0,3,64,0.0,0,0.0,0
2026-01-31 18:19:17,1,57,17.4,93,7.5,1003.4,0,0,64,0.0,0,0.0,0
2026-01-31 18:20:18,1,57,17.4,93,7.5,1003.5,0,3,46,0.0,0,0.0,0
2026-01-31 18:21:19,1,57,17.4,93,7.4,1003.6,0,3,47,0.0,0,0.0,0
2026-01-31 18:22:20,1,57,17.4,93,7.4,1003.6,0,1,58,0.0,0,0.0,0
2026-01-31 18:23:21,1,57,17.4,93,7.4,1003.5,0,0,61,0.0,0,0.0,0
2026-01-31 18:24:22,1,57,17.3,93,7.4,1003.7,0,3,43,0.0,0,0.0,0
2026-01-31 18:25:23,1,57,17.4,93,7.4,1003.5,0,3,43,0.0,0,0.0,0
2026-01-31 18:26:24,1,57,17.4,93,7.3,1003.4,3,5,70,0.0,0,0.0,0
2026-01-31 18:27:25,1,57,17.3,93,7.3,1003.3,0,5,45,0.0,0,0.0,0
2026-01-31 18:28:26,1,57,17.3,93,7.4,1003.5,0,1,45,0.0,0,0.0,0
2026-01-31 18:29:27,1,57,17.4,93,7.4,1003.6,2,5,89,0.0,0,0.0,0
2026-01-31 18:30:28,1,57,17.3,93,7.3,1003.6,0,5,101,0.0,0,0.0,0
2026-01-31 18:31:29,1,57,17.3,93,7.3,1003.4,0,0,101,0.0,0,0.0,0
2026-01-31 18:32:30,1,57,17.3,93,7.3,1003.5,3,3,70,0.0,0,0.0,0
2026-01-31 18:33:31,1,57,17.3,93,7.3,1003.8,2,5,74,0.0,0,0.0,0
2026-01-31 18:34:32,1,57,17.3,93,7.3,1003.6,0,3,80,0.0,0,0.0,0
2026-01-31 18:35:33,1,57,17.3,93,7.3,1003.6,0,1,66,0.0,0,0.0,0
2026-01-31 18:36:34,1,57,17.4,93,7.3,1003.7,1,3,55,0.0,0,0.0,0
2026-01-31 18:37:35,1,57,17.3,93,7.2,1003.6,0,1,70,0.0,0,0.0,0
2026-01-31 18:38:36,1,57,17.3,93,7.2,1003.7,0,1,69,0.0,0,0.0,0
2026-01-31 18:39:37,1,57,17.3,94,7.2,1003.5,0,1,82,0.0,0,0.0,0
2026-01-31 18:40:38,1,57,17.3,93,7.2,1003.7,0,1,82,0.0,0,0.0,0
2026-01-31 18:41:39,1,57,17.3,94,7.2,1003.7,0,0,82,0.0,0,0.0,0
2026-01-31 18:42:40,1,57,17.3,94,7.1,1003.7,0,0,82,0.0,0,0.0,0
2026-01-31 18:43:41,1,57,17.3,94,7.1,1003.6,0,0,82,0.0,0,0.0,0
2026-01-31 18:44:42,1,57,17.3,94,7.1,1003.6,0,1,72,0.0,0,0.0,0
2026-01-31 18:45:43,1,57,17.3,94,7.1,1003.7,0,1,72,0.0,0,0.0,0
2026-01-31 18:46:44,1,57,17.3,94,7.1,1003.8,0,1,71,0.0,0,0.0,0
2026-01-31 18:47:45,1,57,17.3,94,7.1,1003.5,0,0,71,0.0,0,0.0,0
2026-01-31 18:48:46,1,57,17.4,94,7.0,1003.7,0,0,71,0.0,0,0.0,0
2026-01-31 18:49:47,1,57,17.3,94,7.0,1003.7,0,0,71,0.0,0,0.0,0
2026-01-31 18:50:48,1,57,17.3,94,7.0,1003.7,0,1,68,0.0,0,0.0,0
2026-01-31 18:51:49,1,57,17.3,94,7.0,1003.7,0,1,67,0.0,0,0.0,0
2026-01-31 18:52:50,1,57,17.3,94,7.0,1003.9,0,1,67,0.0,0,0.0,0
2026-01-31 18:53:51,1,57,17.3,94,7.0,1003.6,0,0,67,0.0,0,0.0,0
2026-01-31 18:54:52,1,57,17.3,94,7.0,1003.8,1,1,77,0.0,0,0.0,0
2026-01-31 18:55:53,1,57,17.3,94,7.0,1003.6,2,5,88,0.0,0,0.0,0
2026-01-31 18:56:54,1,57,17.4,94,7.0,1003.9,0,5,88,0.0,0,0.0,0
2026-01-31 18:57:55,1,57,17.4,94,7.0,1003.8,0,0,88,0.0,0,0.0,0
2026-01-31 18:58:56,1,57,17.3,94,7.0,1003.7,0,0,88,0.0,0,0.0,0
2026-01-31 18:59:57,1,57,17.3,94,6.9,1003.7,0,0,88,0.0,0,0.0,0
2026-01-31 19:00:58,1,57,17.3,94,6.9,1003.7,0,0,88,0.0,0,0.0,0
2026-01-31 19:01:59,1,57,17.3,94,6.9,1003.8,0,0,84,0.0,0,0.0,0
2026-01-31 19:03:00,1,57,17.3,94,6.9,1003.8,0,0,85,0.0,0,0.0,0
2026-01-31 19:04:01,1,57,17.3,94,6.9,1003.7,0,0,53,0.0,0,0.0,0
2026-01-31 19:05:02,1,57,17.3,94,6.8,1004.0,0,0,59,0.0,0,0.0,0
2026-01-31 19:06:03,1,57,17.3,95,6.8,1004.0,1,3,47,0.0,0,0.0,0
2026-01-31 19:07:04,1,57,17.3,95,6.8,1004.0,0,3,71,0.0,0,0.0,0
2026-01-31 19:08:05,1,57,17.3,94,6.8,1003.9,0,1,71,0.0,0,0.0,0
2026-01-31 19:09:06,1,57,17.3,94,6.8,1003.9,0,0,45,0.0,0,0.0,0
2026-01-31 19:10:07,1,57,17.3,94,6.8,1003.8,0,0,45,0.0,0,0.0,0
2026-01-31 19:11:08,1,57,17.4,95,6.7,1003.8,0,1,46,0.0,0,0.0,0
2026-01-31 19:12:09,1,57,17.3,95,6.7,1003.9,0,1,62,0.0,0,0.0,0
2026-01-31 19:13:10,1,57,17.4,95,6.8,1003.9,0,1,64,0.0,0,0.0,0
2026-01-31 19:14:11,1,57,17.3,95,6.8,1003.9,3,5,91,0.0,0,0.0,0
2026-01-31 19:15:12,1,57,17.4,95,6.8,1003.8,2,5,71,0.0,0,0.0,0
2026-01-31 19:16:13,1,57,17.3,95,6.9,1003.8,0,3,62,0.0,0,0.0,0
2026-01-31 19:17:14,1,57,17.3,95,6.9,1003.8,1,3,76,0.0,0,0.0,0
2026-01-31 19:18:15,1,57,17.4,95,6.9,1003.9,0,3,82,0.0,0,0.0,0
2026-01-31 19:19:16,1,57,17.4,95,6.9,1003.9,0,3,65,0.0,0,0.0,0
2026-01-31 19:20:17,1,57,17.4,95,6.9,1004.0,0,3,58,0.0,0,0.0,0
2026-01-31 19:21:18,1,57,17.4,95,6.9,1003.9,0,1,56,0.0,0,0.0,0
2026-01-31 19:22:19,1,57,17.4,95,6.9,1003.9,3,5,84,0.0,0,0.0,0
2026-01-31 19:23:20,1,57,17.4,95,6.9,1003.9,0,5,100,0.0,0,0.0,0
2026-01-31 19:24:21,1,57,17.4,95,6.9,1003.8,0,0,100,0.0,0,0.0,0
2026-01-31 19:25:22,1,57,17.4,95,6.9,1004.0,1,3,87,0.0,0,0.0,0
2026-01-31 19:26:23,1,57,17.4,95,6.9,1004.0,0,5,87,0.0,0,0.0,0
2026-01-31 19:27:24,1,57,17.4,95,6.9,1003.9,0,3,70,0.0,0,0.0,0
2026-01-31 19:28:25,1,57,17.4,95,6.9,1003.8,0,3,70,0.0,0,0.0,0
2026-01-31 19:29:26,1,57,17.4,94,6.8,1003.9,1,3,62,0.0,0,0.0,0
2026-01-31 19:30:27,1,57,17.4,95,6.8,1003.8,0,3,62,0.0,0,0.0,0
2026-01-31 19:31:28,1,57,17.4,95,6.8,1003.9,0,1,154,0.0,0,0.0,0
2026-01-31 19:32:29,1,57,17.4,95,6.8,1004.0,0,1,95,0.0,0,0.0,0
2026-01-31 19:33:30,1,57,17.4,95,6.8,1003.9,0,0,95,0.0,0,0.0,0
2026-01-31 19:34:31,1,57,17.4,95,6.8,1003.9,0,3,231,0.0,0,0.0,0
2026-01-31 19:35:32,1,57,17.4,95,6.8,1004.0,0,1,231,0.0,0,0.0,0
2026-01-31 19:36:33,1,57,17.4,95,6.8,1003.9,0,0,255,0.0,0,0.0,0
2026-01-31 19:37:34,1,57,17.4,95,6.7,1004.1,0,0,255,0.0,0,0.0,0
2026-01-31 19:38:35,1,57,17.4,95,6.7,1004.0,0,1,211,0.0,0,0.0,0
2026-01-31 19:39:36,1,57,17.4,95,6.7,1003.9,0,1,211,0.0,0,0.0,0
2026-01-31 19:40:37,1,57,17.4,95,6.7,1004.1,0,0,210,0.0,0,0.0,0
2026-01-31 19:41:38,1,57,17.4,95,6.7,1003.9,0,3,84,0.0,0,0.0,0
2026-01-31 19:42:39,1,57,17.4,95,6.7,1004.1,0,3,84,0.0,0,0.0,0
2026-01-31 19:43:40,1,57,17.4,95,6.7,1004.1,2,5,120,0.0,0,0.0,0
2026-01-31 19:44:41,1,57,17.4,95,6.8,1004.2,2,5,104,0.0,0,0.0,0
2026-01-31 19:45:42,1,57,17.4,95,6.8,1004.0,0,3,100,0.0,0,0.0,0
2026-01-31 19:46:43,1,57,17.4,95,6.9,1004.2,2,3,85,0.0,0,0.0,0
2026-01-31 19:47:44,1,57,17.4,95,6.9,1004.1,2,3,65,0.0,0,0.0,0
2026-01-31 19:48:45,1,57,17.4,95,6.8,1004.1,2,3,110,0.0,0,0.0,0
2026-01-31 19:49:46,1,57,17.4,95,6.9,1004.1,3,5,94,0.0,0,0.0,0
2026-01-31 19:50:47,1,57,17.4,95,6.9,1003.9,3,5,84,0.0,0,0.0,0
2026-01-31 19:51:48,1,57,17.4,95,6.9,1004.2,2,7,105,0.0,0,0.0,0
2026-01-31 19:52:49,1,57,17.4,95,7.0,1004.2,1,7,94,0.0,0,0.0,0
2026-01-31 19:53:50,1,57,17.4,95,7.0,1004.0,1,3,125,0.0,0,0.0,0
2026-01-31 19:54:51,1,57,17.4,95,7.0,1004.2,0,1,98,0.0,0,0.0,0
2026-01-31 19:55:52,1,57,17.4,95,7.0,1004.3,1,5,112,0.0,0,0.0,0
2026-01-31 19:56:53,1,57,17.4,95,6.9,1004.0,1,5,118,0.0,0,0.0,0
2026-01-31 19:57:54,1,57,17.4,95,6.9,1004.1,0,3,93,0.0,0,0.0,0
2026-01-31 19:58:55,1,57,17.4,95,6.9,1004.2,0,1,113,0.0,0,0.0,0
2026-01-31 19:59:56,1,57,17.4,95,6.9,1004.2,0,0,113,0.0,0,0.0,0
2026-01-31 20:00:57,1,57,17.4,95,6.9,1004.1,0,0,112,0.0,0,0.0,0
2026-01-31 20:01:58,1,57,17.4,95,6.9,1004.2,0,1,124,0.0,0,0.0,0
2026-01-31 20:02:59,1,57,17.4,95,6.9,1004.2,1,3,106,0.0,0,0.0,0
2026-01-31 20:04:00,1,57,17.4,95,6.9,1004.1,0,3,87,0.0,0,0.0,0
2026-01-31 20:05:01,1,57,17.4,95,6.9,1004.1,2,3,87,0.0,0,0.0,0
2026-01-31 20:06:02,1,57,17.4,95,6.8,1004.1,0,3,93,0.0,0,0.0,0
2026-01-31 20:07:03,1,57,17.4,95,6.8,1004.0,4,5,100,0.0,0,0.0,0
2026-01-31 20:08:04,1,57,17.4,95,6.8,1004.1,2,7,98,0.0,0,0.0,0
2026-01-31 20:09:05,1,57,17.4,95,6.8,1004.0,2,5,133,0.0,0,0.0,0
2026-01-31 20:10:06,1,57,17.4,95,6.8,1004.1,1,5,79,0.0,0,0.0,0
2026-01-31 20:11:07,1,57,17.4,95,6.8,1004.2,2,3,107,0.0,0,0.0,0
2026-01-31 20:12:08,1,57,17.4,95,6.8,1004.1,1,3,74,0.0,0,0.0,0
2026-01-31 20:13:09,1,57,17.4,95,6.8,1004.0,1,1,90,0.0,0,0.0,0
2026-01-31 20:14:10,1,57,17.4,95,6.7,1004.1,3,5,106,0.0,0,0.0,0
2026-01-31 20:15:11,1,57,17.4,95,6.7,1004.1,5,7,194,0.0,0,0.0,0
2026-01-31 20:16:12,1,57,17.4,95,6.7,1004.2,3,7,103,0.0,0,0.0,0
2026-01-31 20:17:13,1,57,17.4,95,6.7,1004.2,2,5,126,0.0,0,0.0,0
2026-01-31 20:18:14,1,57,17.4,95,6.8,1004.2,0,5,131,0.0,0,0.0,0
2026-01-31 20:19:15,1,57,17.4,95,6.8,1004.2,0,3,111,0.0,0,0.0,0
2026-01-31 20:20:16,1,57,17.4,95,6.7,1004.2,3,5,109,0.0,0,0.0,0
2026-01-31 20:21:17,1,57,17.4,95,6.7,1004.2,1,5,96,0.0,0,0.0,0
2026-01-31 20:22:18,1,57,17.4,95,6.8,1004.2,0,3,86,0.0,0,0.0,0
2026-01-31 20:23:19,1,57,17.4,95,6.8,1004.2,1,3,134,0.0,0,0.0,0
2026-01-31 20:24:20,1,57,17.4,95,6.8,1004.2,0,3,116,0.0,0,0.0,0
2026-01-31 20:25:21,1,57,17.4,95,6.7,1004.1,1,1,93,0.0,0,0.0,0
2026-01-31 20:26:22,1,57,17.4,95,6.7,1004.2,2,3,109,0.0,0,0.0,0
2026-01-31 20:27:23,1,57,17.4,95,6.7,1004.2,1,3,84,0.0,0,0.0,0
2026-01-31 20:28:24,1,57,17.4,95,6.7,1004.1,3,5,88,0.0,0,0.0,0
2026-01-31 20:29:25,1,57,17.4,95,6.7,1004.2,0,3,84,0.0,0,0.0,0
2026-01-31 20:30:26,1,57,17.4,95,6.7,1004.2,2,7,116,0.0,0,0.0,0
2026-01-31 20:31:27,1,57,17.4,95,6.7,1004.3,2,7,100,0.0,0,0.0,0
2026-01-31 20:32:28,1,57,17.4,95,6.7,1004.2,2,7,118,0.0,0,0.0,0
2026-01-31 20:33:29,1,57,17.4,95,6.7,1004.4,4,5,101,0.0,0,0.0,0
2026-01-31 20:34:30,1,57,17.4,95,6.7,1004.2,2,7,93,0.0,0,0.0,0
2026-01-31 20:35:31,1,57,17.4,95,6.7,1004.4,0,3,78,0.0,0,0.0,0
2026-01-31 20:36:32,1,57,17.4,95,6.7,1004.3,0,3,100,0.0,0,0.0,0
2026-01-31 20:37:33,1,57,17.4,95,6.6,1004.3,2,3,102,0.0,0,0.0,0
2026-01-31 20:38:34,1,57,17.4,95,6.6,1004.3,0,3,100,0.0,0,0.0,0
2026-01-31 20:39:35,1,57,17.4,95,6.6,1004.4,0,1,106,0.0,0,0.0,0
2026-01-31 20:40:36,1,57,17.4,95,6.6,1004.4,1,1,104,0.0,0,0.0,0
2026-01-31 20:41:37,1,57,17.4,95,6.6,1004.4,3,3,133,0.0,0,0.0,0
2026-01-31 20:42:38,1,57,17.4,95,6.6,1004.3,1,3,126,0.0,0,0.0,0
2026-01-31 20:43:39,1,57,17.4,95,6.6,1004.3,0,1,126,0.0,0,0.0,0
2026-01-31 20:44:40,1,57,17.4,95,6.6,1004.3,0,3,92,0.0,0,0.0,0
2026-01-31 20:45:41,1,57,17.4,95,6.6,1004.4,2,3,108,0.0,0,0.0,0
2026-01-31 20:46:42,1,57,17.4,95,6.6,1004.4,2,3,128,0.0,0,0.0,0
2026-01-31 20:47:43,1,57,17.4,95,6.6,1004.4,1,3,111,0.0,0,0.0,0
2026-01-31 20:48:44,1,57,17.4,95,6.5,1004.4,1,3,110,0.0,0,0.0,0
2026-01-31 20:49:45,1,57,17.4,95,6.5,1004.4,3,5,93,0.0,0,0.0,0
2026-01-31 20:50:46,1,57,17.4,95,6.5,1004.4,2,5,92,0.0,0,0.0,0
2026-01-31 20:51:47,1,57,17.4,95,6.5,1004.4,2,5,109,0.0,0,0.0,0
2026-01-31 20:52:48,1,57,17.4,95,6.5,1004.4,2,5,92,0.0,0,0.0,0
2026-01-31 20:53:49,1,57,17.4,95,6.5,1004.4,5,7,116,0.0,0,0.0,0
2026-01-31 20:54:50,1,57,17.4,95,6.5,1004.5,4,7,96,0.0,0,0.0,0
2026-01-31 20:55:51,1,57,17.4,95,6.5,1004.4,2,5,103,0.0,0,0.0,0
2026-01-31 20:56:52,1,57,17.4,95,6.6,1004.6,4,5,116,0.0,0,0.0,0
2026-01-31 20:57:53,1,57,17.4,95,6.5,1004.5,3,5,96,0.0,0,0.0,0
2026-01-31 20:58:54,1,57,17.4,95,6.5,1004.5,2,5,140,0.0,0,0.0,0
2026-01-31 20:59:55,1,57,17.4,95,6.5,1004.5,0,3,92,0.0,0,0.0,0
2026-01-31 21:00:56,1,57,17.4,95,6.5,1004.3,0,5,140,0.0,0,0.0,0
2026-01-31 21:01:57,1,57,17.4,95,6.5,1004.6,1,5,126,0.0,0,0.0,0
2026-01-31 21:02:58,1,57,17.4,95,6.5,1004.3,2,5,94,0.0,0,0.0,0
2026-01-31 21:03:59,1,57,17.4,95,6.5,1004.6,1,3,101,0.0,0,0.0,0
2026-01-31 21:05:00,1,57,17.4,95,6.5,1004.5,5,7,85,0.0,0,0.0,0
2026-01-31 21:06:01,1,57,17.4,95,6.5,1004.4,2,7,95,0.0,0,0.0,0
2026-01-31 21:07:02,1,57,17.4,95,6.5,1004.6,0,5,98,0.0,0,0.0,0
2026-01-31 21:08:03,1,57,17.4,95,6.5,1004.6,4,7,114,0.0,0,0.0,0
2026-01-31 21:09:04,1,57,17.4,95,6.5,1004.6,1,7,108,0.0,0,0.0,0
2026-01-31 21:10:05,1,57,17.4,95,6.5,1004.5,2,5,97,0.0,0,0.0,0
2026-01-31 21:11:06,1,57,17.4,95,6.5,1004.6,2,3,118,0.0,0,0.0,0
2026-01-31 21:12:07,1,57,17.4,95,6.5,1004.4,0,3,98,0.0,0,0.0,0
2026-01-31 21:13:08,1,57,17.4,95,6.5,1004.5,1,5,104,0.0,0,0.0,0
2026-01-31 21:14:09,1,57,17.4,95,6.4,1004.6,0,5,78,0.0,0,0.0,0
2026-01-31 21:15:10,1,57,17.4,95,6.4,1004.5,2,3,133,0.0,0,0.0,0
2026-01-31 21:16:11,1,57,17.4,95,6.4,1004.5,2,5,93,0.0,0,0.0,0
2026-01-31 21:17:12,1,57,17.4,95,6.4,1004.5,2,5,81,0.0,0,0.0,0
2026-01-31 21:18:13,1,57,17.4,95,6.4,1004.5,3,7,117,0.0,0,0.0,0
2026-01-31 21:19:14,1,57,17.4,95,6.4,1004.5,0,7,98,0.0,0,0.0,0
2026-01-31 21:20:15,1,57,17.4,95,6.4,1004.7,2,5,95,0.0,0,0.0,0
2026-01-31 21:21:16,1,57,17.4,96,6.3,1004.7,3,5,104,0.0,0,0.0,0
2026-01-31 21:22:17,1,57,17.5,95,6.3,1004.7,3,5,89,0.0,0,0.0,0
2026-01-31 21:23:18,1,57,17.4,95,6.3,1004.4,0,3,91,0.0,0,0.0,0
2026-01-31 21:24:19,1,57,17.4,95,6.3,1004.7,2,5,94,0.0,0,0.0,0
2026-01-31 21:25:20,1,57,17.4,96,6.3,1004.6,1,5,106,0.0,0,0.0,0
2026-01-31 21:26:21,1,57,17.4,95,6.3,1004.7,3,5,108,0.0,0,0.0,0
2026-01-31 21:27:22,1,57,17.4,96,6.3,1004.6,0,5,100,0.0,0,0.0,0
2026-01-31 21:28:23,1,58,17.4,96,6.3,1004.7,1,3,104,0.0,0,0.0,0
2026-01-31 21:29:24,1,58,17.4,96,6.3,1004.8,1,1,108,0.0,0,0.0,0
2026-01-31 21:30:25,1,58,17.4,96,6.2,1004.8,1,3,98,0.0,0,0.0,0
2026-01-31 21:31:26,1,58,17.4,96,6.2,1004.8,3,5,116,0.0,0,0.0,0
2026-01-31 21:32:27,1,58,17.4,96,6.2,1004.6,2,5,126,0.0,0,0.0,0
2026-01-31 21:33:28,1,58,17.4,96,6.2,1004.7,4,7,101,0.0,0,0.0,0
2026-01-31 21:34:29,1,58,17.5,96,6.2,1004.7,2,5,124,0.0,0,0.0,0
2026-01-31 21:35:30,1,58,17.5,95,6.2,1004.8,3,3,121,0.0,0,0.0,0
2026-01-31 21:36:31,1,58,17.4,96,6.2,1004.6,0,3,94,0.0,0,0.0,0
2026-01-31 21:37:32,1,58,17.5,96,6.2,1004.8,1,3,107,0.0,0,0.0,0
2026-01-31 21:38:33,1,58,17.5,96,6.2,1004.7,0,1,107,0.0,0,0.0,0
2026-01-31 21:39:34,1,58,17.4,96,6.1,1004.8,2,5,92,0.0,0,0.0,0
2026-01-31 21:40:35,1,58,17.5,96,6.1,1004.7,0,5,91,0.0,0,0.0,0
2026-01-31 21:41:36,1,58,17.4,96,6.1,1005.0,4,5,91,0.0,0,0.0,0
2026-01-31 21:42:37,1,58,17.4,96,6.1,1004.7,3,5,83,0.0,0,0.0,0
2026-01-31 21:43:38,1,58,17.4,96,6.1,1004.9,3,5,97,0.0,0,0.0,0
2026-01-31 21:44:39,1,58,17.5,96,6.1,1004.9,0,5,81,0.0,0,0.0,0
2026-01-31 21:45:40,1,58,17.4,96,6.1,1004.8,0,3,94,0.0,0,0.0,0
2026-01-31 21:46:41,1,58,17.4,96,6.1,1004.8,3,3,98,0.0,0,0.0,0
2026-01-31 21:47:42,1,58,17.4,96,6.0,1004.9,0,3,86,0.0,0,0.0,0
2026-01-31 21:48:43,1,58,17.4,96,6.0,1004.9,0,3,87,0.0,0,0.0,0
2026-01-31 21:49:44,1,58,17.4,96,6.0,1004.8,0,1,148,0.0,0,0.0,0
2026-01-31 21:50:45,1,58,17.4,96,6.0,1004.9,2,5,86,0.0,0,0.0,0
2026-01-31 21:51:46,1,58,17.4,96,6.0,1004.8,1,5,104,0.0,0,0.0,0
2026-01-31 21:52:47,1,58,17.4,96,6.0,1004.9,0,5,83,0.0,0,0.0,0
2026-01-31 21:53:48,1,58,17.4,96,6.0,1004.9,2,3,96,0.0,0,0.0,0
2026-01-31 21:54:49,1,58,17.4,96,6.0,1004.9,2,5,100,0.0,0,0.0,0
2026-01-31 21:55:50,1,58,17.4,96,6.0,1004.9,0,3,91,0.0,0,0.0,0
2026-01-31 21:56:51,1,58,17.4,96,6.0,1005.0,1,3,97,0.0,0,0.0,0
2026-01-31 21:57:52,1,58,17.4,96,6.0,1004.7,1,5,87,0.0,0,0.0,0
2026-01-31 21:58:53,1,58,17.4,96,5.9,1004.9,2,3,91,0.0,0,0.0,0
2026-01-31 21:59:54,1,58,17.4,96,5.9,1004.9,2,5,137,0.0,0,0.0,0
2026-01-31 22:00:55,1,58,17.4,96,5.9,1004.8,2,3,89,0.0,0,0.0,0
2026-01-31 22:01:56,1,58,17.4,96,6.0,1004.9,1,3,101,0.0,0,0.0,0
2026-01-31 22:02:57,1,58,17.4,96,6.0,1004.9,0,3,100,0.0,0,0.0,0
2026-01-31 22:03:58,1,58,17.4,96,5.9,1004.9,2,5,84,0.0,0,0.0,0
2026-01-31 22:04:59,1,58,17.4,96,5.9,1004.8,1,5,90,0.0,0,0.0,0
2026-01-31 22:06:00,1,58,17.4,96,5.9,1004.8,0,1,114,0.0,0,0.0,0
2026-01-31 22:07:01,1,58,17.4,96,5.9,1004.9,0,1,114,0.0,0,0.0,0
2026-01-31 22:08:02,1,58,17.4,96,5.8,1005.0,1,1,94,0.0,0,0.0,0
2026-01-31 22:09:03,1,58,17.4,96,5.8,1005.0,0,1,84,0.0,0,0.0,0
2026-01-31 22:10:04,1,58,17.4,96,5.7,1004.9,0,1,86,0.0,0,0.0,0
2026-01-31 22:11:05,1,58,17.4,96,5.7,1004.9,0,0,85,0.0,0,0.0,0
2026-01-31 22:12:06,1,58,17.4,96,5.7,1004.8,0,0,85,0.0,0,0.0,0
2026-01-31 22:13:07,1,58,17.4,96,5.7,1004.8,0,0,85,0.0,0,0.0,0
2026-01-31 22:14:08,1,58,17.4,96,5.7,1004.9,0,0,85,0.0,0,0.0,0
2026-01-31 22:15:09,1,58,17.4,96,5.6,1005.1,0,0,84,0.0,0,0.0,0
2026-01-31 22:16:10,1,58,17.4,96,5.6,1005.0,0,0,84,0.0,0,0.0,0
2026-01-31 22:17:11,1,58,17.4,96,5.6,1004.9,0,0,81,0.0,0,0.0,0
2026-01-31 22:18:12,1,58,17.4,96,5.5,1004.8,0,0,81,0.0,0,0.0,0
2026-01-31 22:19:13,1,58,17.4,96,5.5,1004.8,0,0,84,0.0,0,0.0,0
2026-01-31 22:20:14,1,58,17.4,96,5.5,1004.8,0,0,84,0.0,0,0.0,0
2026-01-31 22:21:15,1,58,17.4,96,5.5,1004.9,0,0,84,0.0,0,0.0,0
2026-01-31 22:22:16,1,58,17.4,96,5.5,1004.9,0,0,84,0.0,0,0.0,0
2026-01-31 22:23:17,1,58,17.4,96,5.5,1004.9,0,1,78,0.0,0,0.0,0
2026-01-31 22:24:18,1,58,17.4,96,5.5,1004.9,0,1,78,0.0,0,0.0,0
2026-01-31 22:25:19,1,58,17.4,96,5.5,1004.7,0,0,78,0.0,0,0.0,0
2026-01-31 22:26:20,1,58,17.4,96,5.5,1004.9,0,0,78,0.0,0,0.0,0
2026-01-31 22:27:21,1,58,17.4,96,5.4,1004.8,0,0,78,0.0,0,0.0,0
2026-01-31 22:28:22,1,58,17.4,96,5.4,1004.8,0,0,79,0.0,0,0.0,0
2026-01-31 22:29:23,1,58,17.4,97,5.5,1004.7,1,3,94,0.0,0,0.0,0
2026-01-31 22:30:24,1,58,17.4,97,5.5,1004.9,2,3,107,0.0,0,0.0,0
2026-01-31 22:31:25,1,58,17.4,97,5.6,1004.8,1,3,102,0.0,0,0.0,0
2026-01-31 22:32:26,1,58,17.4,97,5.6,1004.9,2,3,103,0.0,0,0.0,0
2026-01-31 22:33:27,1,58,17.4,97,5.7,1005.0,0,3,113,0.0,0,0.0,0
2026-01-31 22:34:28,1,58,17.4,96,5.7,1004.9,1,3,101,0.0,0,0.0,0
2026-01-31 22:35:29,1,58,17.4,97,5.7,1005.1,3,3,104,0.0,0,0.0,0
2026-01-31 22:36:30,1,58,17.4,96,5.7,1004.9,0,3,99,0.0,0,0.0,0
2026-01-31 22:37:31,1,58,17.4,96,5.6,1005.0,2,3,83,0.0,0,0.0,0
2026-01-31 22:38:32,1,58,17.4,96,5.6,1004.8,2,3,88,0.0,0,0.0,0
2026-01-31 22:39:33,1,58,17.4,96,5.6,1004.8,1,3,102,0.0,0,0.0,0
2026-01-31 22:40:34,1,58,17.4,96,5.6,1004.8,2,3,99,0.0,0,0.0,0
2026-01-31 22:41:35,1,58,17.4,96,5.6,1004.9,3,5,103,0.0,0,0.0,0
2026-01-31 22:42:36,1,58,17.4,97,5.6,1005.0,2,5,83,0.0,0,0.0,0
2026-01-31 22:43:37,1,57,17.4,97,5.6,1005.0,3,3,110,0.0,0,0.0,0
2026-01-31 22:44:38,1,58,17.4,97,5.6,1005.0,3,3,109,0.0,0,0.0,0
2026-01-31 22:45:39,1,57,17.4,97,5.6,1005.1,2,3,93,0.0,0,0.0,0
2026-01-31 22:46:40,1,57,17.4,96,5.6,1005.1,0,3,94,0.0,0,0.0,0
2026-01-31 22:47:41,1,57,17.4,96,5.6,1004.8,1,3,103,0.0,0,0.0,0
2026-01-31 22:48:42,1,57,17.4,97,5.5,1004.9,1,5,142,0.0,0,0.0,0
2026-01-31 22:49:43,1,57,17.4,97,5.5,1004.9,0,5,142,0.0,0,0.0,0
2026-01-31 22:50:44,1,57,17.4,96,5.5,1005.0,0,0,142,0.0,0,0.0,0
2026-01-31 22:51:45,1,57,17.4,96,5.5,1004.8,0,1,70,0.0,0,0.0,0
2026-01-31 22:52:46,1,57,17.4,96,5.4,1005.0,3,3,72,0.0,0,0.0,0
2026-01-31 22:53:47,1,57,17.4,96,5.3,1004.9,2,5,123,0.0,0,0.0,0
2026-01-31 22:54:48,1,57,17.4,97,5.3,1004.9,3,5,97,0.0,0,0.0,0
2026-01-31 22:55:49,1,57,17.4,97,5.3,1004.9,3,5,130,0.0,0,0.0,0
2026-01-31 22:56:50,1,57,17.4,97,5.3,1005.0,0,3,90,0.0,0,0.0,0
2026-01-31 22:57:51,1,57,17.4,97,5.3,1004.9,6,7,88,0.0,0,0.0,0
2026-01-31 22:58:52,1,57,17.4,97,5.3,1004.8,2,7,97,0.0,0,0.0,0
2026-01-31 22:59:53,1,57,17.4,97,5.3,1004.9,4,5,90,0.0,0,0.0,0
2026-01-31 23:00:54,1,57,17.4,97,5.4,1004.9,1,5,147,0.0,0,0.0,0
2026-01-31 23:01:55,1,57,17.4,97,5.3,1005.0,0,5,144,0.0,0,0.0,0
2026-01-31 23:02:56,1,57,17.4,97,5.3,1005.1,0,3,94,0.0,0,0.0,0
2026-01-31 23:03:57,1,57,17.4,97,5.3,1005.0,1,3,117,0.0,0,0.0,0
2026-01-31 23:04:58,1,57,17.4,97,5.3,1005.0,3,5,120,0.0,0,0.0,0
2026-01-31 23:05:59,1,57,17.4,97,5.3,1005.1,0,5,108,0.0,0,0.0,0
2026-01-31 23:07:00,1,57,17.4,97,5.3,1005.0,3,5,110,0.0,0,0.0,0
2026-01-31 23:08:01,1,57,17.4,97,5.3,1005.0,1,3,120,0.0,0,0.0,0
2026-01-31 23:09:02,1,57,17.4,97,5.3,1005.1,0,3,121,0.0,0,0.0,0
2026-01-31 23:10:03,1,57,17.4,97,5.3,1005.0,0,1,153,0.0,0,0.0,0
2026-01-31 23:11:04,1,57,17.4,97,5.2,1005.1,4,7,112,0.0,0,0.0,0
2026-01-31 23:12:05,1,57,17.4,97,5.2,1005.0,2,7,83,0.0,0,0.0,0
2026-01-31 23:13:06,1,57,17.4,97,5.2,1005.2,0,3,86,0.0,0,0.0,0
2026-01-31 23:14:07,1,57,17.4,97,5.2,1005.1,3,5,83,0.0,0,0.0,0
2026-01-31 23:15:08,1,57,17.4,97,5.2,1005.1,3,5,121,0.0,0,0.0,0
2026-01-31 23:16:09,1,57,17.4,97,5.2,1005.1,0,5,102,0.0,0,0.0,0
2026-01-31 23:17:10,1,57,17.4,97,5.2,1005.1,0,5,78,0.0,0,0.0,0
2026-01-31 23:18:11,1,57,17.4,97,5.2,1005.0,4,11,117,0.0,0,0.0,0
2026-01-31 23:19:12,1,57,17.4,97,5.2,1005.0,4,11,108,0.0,0,0.0,0
2026-01-31 23:20:13,1,57,17.4,97,5.1,1005.0,3,7,120,0.0,0,0.0,0
2026-01-31 23:21:14,1,57,17.4,97,5.1,1005.0,3,7,99,0.0,0,0.0,0
2026-01-31 23:22:15,1,57,17.3,97,5.1,1005.0,1,5,112,0.0,0,0.0,0
2026-01-31 23:23:16,1,57,17.4,97,5.1,1005.2,1,5,111,0.0,0,0.0,0
2026-01-31 23:24:17,1,57,17.4,97,5.1,1004.9,3,5,101,0.0,0,0.0,0
2026-01-31 23:25:18,1,57,17.3,97,5.1,1005.1,2,5,89,0.0,0,0.0,0
2026-01-31 23:26:19,1,57,17.3,97,5.1,1005.0,0,5,94,0.0,0,0.0,0
2026-01-31 23:27:20,1,57,17.4,97,5.0,1005.2,2,5,90,0.0,0,0.0,0
2026-01-31 23:28:21,1,57,17.3,97,5.0,1005.1,5,5,80,0.0,0,0.0,0
2026-01-31 23:29:22,1,57,17.3,97,5.0,1005.0,1,7,99,0.0,0,0.0,0
2026-01-31 23:30:23,1,57,17.3,97,5.0,1005.0,3,5,106,0.0,0,0.0,0
2026-01-31 23:31:24,1,57,17.3,97,5.0,1005.1,2,5,79,0.0,0,0.0,0
2026-01-31 23:32:25,1,57,17.3,97,5.0,1005.0,3,5,83,0.0,0,0.0,0
2026-01-31 23:33:26,1,57,17.3,97,5.0,1005.0,2,5,82,0.0,0,0.0,0
2026-01-31 23:34:27,1,57,17.3,97,5.0,1005.1,1,7,78,0.0,0,0.0,0
2026-01-31 23:35:28,1,57,17.3,97,4.9,1004.9,2,5,75,0.0,0,0.0,0
2026-01-31 23:36:29,1,57,17.3,97,4.9,1004.9,3,5,99,0.0,0,0.0,0
2026-01-31 23:37:30,1,57,17.2,97,4.9,1004.9,2,5,98,0.0,0,0.0,0
2026-01-31 23:38:31,1,57,17.3,97,4.9,1005.1,2,3,108,0.0,0,0.0,0
2026-01-31 23:39:32,1,57,17.2,97,4.9,1004.9,2,3,95,0.0,0,0.0,0
2026-01-31 23:40:33,1,57,17.2,97,4.9,1004.9,2,3,82,0.0,0,0.0,0
2026-01-31 23:41:34,1,57,17.2,97,4.9,1005.0,1,5,85,0.0,0,0.0,0
2026-01-31 23:42:35,1,57,17.2,97,4.9,1004.9,2,5,94,0.0,0,0.0,0
2026-01-31 23:43:36,1,57,17.2,97,4.9,1004.9,3,3,81,0.0,0,0.0,0
2026-01-31 23:44:37,1,57,17.2,97,4.9,1004.8,1,5,86,0.0,0,0.0,0
2026-01-31 23:45:38,1,57,17.2,97,4.9,1004.9,2,3,86,0.0,0,0.0,0
2026-01-31 23:46:39,1,57,17.2,97,4.9,1005.0,1,3,86,0.0,0,0.0,0
2026-01-31 23:47:40,1,57,17.1,97,4.9,1004.9,1,3,119,0.0,0,0.0,0
2026-01-31 23:48:41,1,57,17.1,97,4.9,1005.0,0,3,117,0.0,0,0.0,0
2026-01-31 23:49:42,1,57,17.1,97,4.9,1005.0,0,1,106,0.0,0,0.0,0
2026-01-31 23:50:43,1,57,17.1,97,4.9,1005.0,2,5,96,0.0,0,0.0,0
2026-01-31 23:51:44,1,57,17.1,97,4.9,1005.0,1,5,91,0.0,0,0.0,0
2026-01-31 23:52:45,1,57,17.1,97,4.9,1005.1,4,5,78,0.0,0,0.0,0
2026-01-31 23:53:46,1,57,17.1,97,4.8,1005.0,0,5,90,0.0,0,0.0,0
2026-01-31 23:54:47,1,57,17.1,97,4.8,1004.8,3,7,120,0.0,0,0.0,0
2026-01-31 23:55:48,1,57,17.1,97,4.8,1005.0,1,5,118,0.0,0,0.0,0
2026-01-31 23:56:49,1,57,17.0,97,4.8,1004.9,2,5,117,0.0,0,0.0,0
2026-01-31 23:57:50,1,57,17.1,97,4.8,1004.9,5,5,72,0.0,0,0.0,0
2026-01-31 23:58:51,1,57,17.0,97,4.8,1004.9,4,9,97,0.0,0,0.0,0
2026-01-31 23:59:52,1,57,17.0,97,4.8,1005.0,2,9,86,0.0,0,0.0,0
