2026-01-25 00:00:27,1,60,16.8,90,1.1,999.3,7,12,109,0.0,0,0.0,0
2026-01-25 00:01:29,1,61,16.8,90,1.1,999.2,5,12,52,0.0,0,0.0,0
2026-01-25 00:02:29,1,61,16.8,90,1.1,999.3,6,14,47,0.0,0,0.0,0
2026-01-25 00:03:30,1,60,16.7,90,1.1,999.3,2,14,34,0.0,0,0.0,0
2026-01-25 00:04:31,1,61,16.7,90,1.1,999.3,5,12,78,0.0,0,0.0,0
2026-01-25 00:05:32,1,61,16.7,90,1.1,999.4,3,12,15,0.0,0,0.0,0
2026-01-25 00:06:33,1,61,16.7,90,1.1,999.3,2,7,336,0.0,0,0.0,0
2026-01-25 00:07:34,1,61,16.7,90,1.1,999.4,2,7,29,0.0,0,0.0,0
2026-01-25 00:08:35,1,61,16.7,90,1.1,999.5,2,5,13,0.0,0,0.0,0
2026-01-25 00:09:36,1,61,16.7,90,1.1,999.5,2,11,85,0.0,0,0.0,0
2026-01-25 00:10:37,1,61,16.7,90,1.1,999.5,1,11,292,0.0,0,0.0,0
2026-01-25 00:11:38,1,61,16.6,90,1.1,999.4,3,9,83,0.0,0,0.0,0
2026-01-25 00:12:39,1,61,16.6,90,1.1,999.4,3,9,48,0.0,0,0.0,0
2026-01-25 00:13:40,1,61,16.6,90,1.1,999.5,2,7,68,0.0,0,0.0,0
2026-01-25 00:14:41,1,61,16.6,90,1.1,999.5,3,9,21,0.0,0,0.0,0
2026-01-25 00:15:42,1,61,16.6,90,1.1,999.4,2,7,36,0.0,0,0.0,0
2026-01-25 00:16:43,1,61,16.6,89,1.1,999.4,0,7,350,0.0,0,0.0,0
2026-01-25 00:17:44,1,61,16.6,89,1.1,999.5,1,3,322,0.0,0,0.0,0
2026-01-25 00:18:45,1,61,16.6,89,1.0,999.5,1,3,339,0.0,0,0.0,0
2026-01-25 00:19:46,1,61,16.6,89,1.0,999.4,0,1,4,0.0,0,0.0,0
2026-01-25 00:20:47,1,61,16.6,89,1.0,999.4,3,9,76,0.0,0,0.0,0
2026-01-25 00:21:48,1,61,16.6,90,1.0,999.6,0,9,86,0.0,0,0.0,0
2026-01-25 00:22:49,1,61,16.5,90,1.0,999.6,0,7,26,0.0,0,0.0,0
2026-01-25 00:23:50,1,61,16.5,89,1.0,999.6,0,7,359,0.0,0,0.0,0
2026-01-25 00:24:51,1,61,16.5,89,1.0,999.6,1,3,108,0.0,0,0.0,0
2026-01-25 00:25:52,1,61,16.5,89,1.0,999.6,2,5,33,0.0,0,0.0,0
2026-01-25 00:26:53,1,61,16.5,89,1.0,999.6,1,7,96,0.0,0,0.0,0
2026-01-25 00:27:54,1,61,16.5,89,1.0,999.7,2,7,45,0.0,0,0.0,0
2026-01-25 00:28:55,1,61,16.5,89,1.0,999.7,3,7,58,0.0,0,0.0,0
2026-01-25 00:29:56,1,61,16.5,89,0.9,999.6,3,5,74,0.0,0,0.0,0
2026-01-25 00:30:57,1,61,16.5,89,0.9,999.5,0,5,63,0.0,0,0.0,0
2026-01-25 00:31:58,1,61,16.5,89,0.9,999.6,1,1,327,0.0,0,0.0,0
2026-01-25 00:32:59,1,61,16.5,89,0.9,999.7,1,1,30,0.0,0,0.0,0
2026-01-25 00:34:00,1,61,16.5,89,0.9,999.7,1,9,31,0.0,0,0.0,0
2026-01-25 00:35:01,1,61,16.5,89,0.9,999.5,1,9,44,0.0,0,0.0,0
2026-01-25 00:36:02,1,61,16.5,89,0.8,999.5,2,5,67,0.0,0,0.0,0
2026-01-25 00:37:03,1,61,16.5,89,0.8,999.5,2,9,61,0.0,0,0.0,0
2026-01-25 00:38:04,1,61,16.5,89,0.8,999.4,2,9,42,0.0,0,0.0,0
2026-01-25 00:39:05,1,61,16.6,89,0.8,999.5,4,5,22,0.0,0,0.0,0
2026-01-25 00:40:06,1,62,16.6,89,0.8,999.3,4,7,55,0.0,0,0.0,0
2026-01-25 00:41:07,1,62,16.7,89,0.8,999.6,0,7,35,0.0,0,0.0,0
2026-01-25 00:42:08,1,62,16.8,89,0.8,999.5,0,5,67,0.0,0,0.0,0
2026-01-25 00:43:09,1,61,16.8,89,0.8,999.4,3,5,51,0.0,0,0.0,0
2026-01-25 00:44:10,1,61,16.9,89,0.8,999.3,3,5,327,0.0,0,0.0,0
2026-01-25 00:45:11,1,61,17.1,89,0.8,999.5,6,9,11,0.0,0,0.0,0
2026-01-25 00:46:12,1,61,17.1,89,0.8,999.5,2,9,29,0.0,0,0.0,0
2026-01-25 00:47:13,1,61,17.2,90,0.7,999.3,3,5,41,0.0,0,0.0,0
2026-01-25 00:48:14,1,61,17.2,90,0.7,999.3,5,7,68,0.0,0,0.0,0
2026-01-25 00:49:15,1,60,17.3,90,0.7,999.2,3,9,48,0.0,0,0.0,0
2026-01-25 00:50:16,1,60,17.3,89,0.7,999.2,2,7,17,0.0,0,0.0,0
2026-01-25 00:51:17,1,60,17.4,90,0.7,999.5,1,5,41,0.0,0,0.0,0
2026-01-25 00:52:18,1,60,17.4,89,0.7,999.5,0,3,280,0.0,0,0.0,0
2026-01-25 00:53:19,1,60,17.4,89,0.7,999.5,0,3,329,0.0,0,0.0,0
2026-01-25 00:54:20,1,60,17.4,89,0.6,999.5,2,3,310,0.0,0,0.0,0
2026-01-25 00:55:21,1,59,17.4,90,0.6,999.5,3,7,32,0.0,0,0.0,0
2026-01-25 00:56:22,1,59,17.4,90,0.6,999.5,0,7,50,0.0,0,0.0,0
2026-01-25 00:57:23,1,59,17.5,90,0.6,999.5,0,3,31,0.0,0,0.0,0
2026-01-25 00:58:24,1,59,17.4,90,0.6,999.4,1,3,78,0.0,0,0.0,0
2026-01-25 00:59:25,1,59,17.4,90,0.6,999.5,0,11,139,0.0,0,0.0,0
2026-01-25 01:00:26,1,59,17.4,90,0.6,999.4,2,11,327,0.0,0,0.0,0
2026-01-25 01:01:28,1,59,17.4,90,0.6,999.4,6,9,47,0.0,0,0.0,0
2026-01-25 01:02:28,1,59,17.4,90,0.6,999.4,3,9,32,0.0,0,0.0,0
2026-01-25 01:03:29,1,59,17.3,90,0.6,999.3,2,5,26,0.0,0,0.0,0
2026-01-25 01:04:30,1,59,17.4,90,0.6,999.5,0,5,62,0.0,0,0.0,0
2026-01-25 01:05:31,1,59,17.3,90,0.6,999.4,0,5,37,0.0,0,0.0,0
2026-01-25 01:06:32,1,59,17.3,90,0.6,999.6,2,5,66,0.0,0,0.0,0
2026-01-25 01:07:33,1,59,17.3,90,0.5,999.4,0,3,58,0.0,0,0.0,0
2026-01-25 01:08:34,1,59,17.3,90,0.5,999.4,1,3,11,0.0,0,0.0,0
2026-01-25 01:09:35,1,59,17.2,90,0.5,999.5,3,5,33,0.0,0,0.0,0
2026-01-25 01:10:37,1,59,17.2,90,0.5,999.4,3,5,26,0.0,0,0.0,0
2026-01-25 01:11:37,1,59,17.2,90,0.5,999.5,1,7,57,0.0,0,0.0,0
2026-01-25 01:12:38,1,59,17.1,90,0.5,999.4,2,9,30,0.0,0,0.0,0
2026-01-25 01:13:39,1,59,17.1,90,0.5,999.3,1,9,40,0.0,0,0.0,0
2026-01-25 01:14:40,1,59,17.1,90,0.5,999.5,4,7,24,0.0,0,0.0,0
2026-01-25 01:15:41,1,59,17.1,90,0.5,999.4,2,7,34,0.0,0,0.0,0
2026-01-25 01:16:42,1,59,17.1,90,0.5,999.4,1,5,58,0.0,0,0.0,0
2026-01-25 01:17:43,1,59,17.0,90,0.5,999.5,2,3,27,0.0,0,0.0,0
2026-01-25 01:18:44,1,59,17.0,90,0.5,999.4,4,5,59,0.0,0,0.0,0
2026-01-25 01:19:45,1,59,17.0,90,0.5,999.4,6,7,54,0.0,0,0.0,0
2026-01-25 01:20:46,1,59,16.9,90,0.5,999.3,4,7,38,0.0,0,0.0,0
2026-01-25 01:21:47,1,59,16.9,90,0.5,999.2,2,7,59,0.0,0,0.0,0
2026-01-25 01:22:48,1,59,16.9,90,0.5,999.3,3,5,41,0.0,0,0.0,0
2026-01-25 01:23:49,1,59,16.9,90,0.5,999.4,4,7,33,0.0,0,0.0,0
2026-01-25 01:24:50,1,59,16.9,90,0.5,999.4,1,7,33,0.0,0,0.0,0
2026-01-25 01:25:51,1,59,16.8,90,0.5,999.3,2,7,68,0.0,0,0.0,0
2026-01-25 01:26:52,1,59,16.8,90,0.5,999.2,6,7,48,0.0,0,0.0,0
2026-01-25 01:27:53,1,59,16.8,90,0.5,999.2,3,7,51,0.0,0,0.0,0
2026-01-25 01:28:54,1,59,16.8,90,0.5,999.3,3,7,29,0.0,0,0.0,0
2026-01-25 01:29:56,1,59,16.8,90,0.5,999.3,2,5,51,0.0,0,0.0,0
2026-01-25 01:30:56,1,59,16.7,90,0.5,999.3,1,9,44,0.0,0,0.0,0
2026-01-25 01:31:57,1,59,16.7,90,0.5,999.0,1,3,49,0.0,0,0.0,0
2026-01-25 01:32:58,1,60,16.7,90,0.5,999.2,0,14,36,0.0,0,0.0,0
2026-01-25 01:33:59,1,60,16.7,90,0.5,999.2,3,12,42,0.0,0,0.0,0
2026-01-25 01:35:00,1,60,16.7,90,0.5,999.1,4,7,35,0.0,0,0.0,0
2026-01-25 01:36:01,1,60,16.7,90,0.5,999.2,2,12,19,0.0,0,0.0,0
2026-01-25 01:37:02,1,60,16.6,90,0.5,999.3,3,12,76,0.0,0,0.0,0
2026-01-25 01:38:03,1,60,16.6,90,0.5,999.0,4,9,37,0.0,0,0.0,0
2026-01-25 01:39:04,1,60,16.6,90,0.5,999.3,5,7,24,0.0,0,0.0,0
2026-01-25 01:40:05,1,60,16.6,89,0.5,999.3,3,7,41,0.0,0,0.0,0
2026-01-25 01:41:06,1,60,16.6,89,0.5,999.2,0,5,21,0.0,0,0.0,0
2026-01-25 01:42:07,1,60,16.6,89,0.5,998.9,3,5,81,0.0,0,0.0,0
2026-01-25 01:43:08,1,60,16.6,89,0.5,999.0,4,7,32,0.0,0,0.0,0
2026-01-25 01:44:09,1,60,16.5,89,0.5,999.1,2,7,26,0.0,0,0.0,0
2026-01-25 01:45:10,1,60,16.5,89,0.5,999.1,2,7,69,0.0,0,0.0,0
2026-01-25 01:46:11,1,60,16.5,89,0.5,999.0,2,9,40,0.0,0,0.0,0
2026-01-25 01:47:12,1,60,16.5,89,0.4,999.1,7,12,90,0.0,0,0.0,0
2026-01-25 01:48:13,1,60,16.5,89,0.5,999.1,2,12,39,0.0,0,0.0,0
2026-01-25 01:49:14,1,60,16.5,89,0.5,999.1,0,5,51,0.0,0,0.0,0
2026-01-25 01:50:15,1,60,16.5,89,0.5,999.1,2,3,318,0.0,0,0.0,0
2026-01-25 01:51:16,1,60,16.4,89,0.5,999.1,2,3,80,0.0,0,0.0,0
2026-01-25 01:52:17,1,60,16.4,89,0.4,999.1,3,7,48,0.0,0,0.0,0
2026-01-25 01:53:18,1,60,16.4,89,0.4,999.1,1,5,48,0.0,0,0.0,0
2026-01-25 01:54:19,1,60,16.5,89,0.4,999.1,4,7,283,0.0,0,0.0,0
2026-01-25 01:55:20,1,60,16.4,89,0.4,999.0,1,7,336,0.0,0,0.0,0
2026-01-25 01:56:21,1,60,16.4,89,0.4,999.3,1,3,354,0.0,0,0.0,0
2026-01-25 01:57:22,1,60,16.5,89,0.4,999.1,3,5,345,0.0,0,0.0,0
2026-01-25 01:58:23,1,60,16.4,89,0.4,999.0,3,5,156,0.0,0,0.0,0
2026-01-25 01:59:24,1,60,16.4,89,0.4,999.1,1,5,63,0.0,0,0.0,0
2026-01-25 02:00:25,1,60,16.4,89,0.4,999.0,0,5,59,0.0,0,0.0,0
2026-01-25 02:01:27,1,60,16.4,89,0.4,999.1,0,1,238,0.0,0,0.0,0
2026-01-25 02:02:27,1,60,16.4,89,0.4,999.0,0,1,10,0.0,0,0.0,0
2026-01-25 02:03:28,1,60,16.4,89,0.4,999.0,0,1,14,0.0,0,0.0,0
2026-01-25 02:04:29,1,60,16.4,89,0.3,999.1,2,3,354,0.0,0,0.0,0
2026-01-25 02:05:30,1,60,16.4,89,0.3,998.9,0,3,352,0.0,0,0.0,0
2026-01-25 02:06:31,1,61,16.5,89,0.3,999.0,3,7,80,0.0,0,0.0,0
2026-01-25 02:07:32,1,61,16.5,89,0.3,999.1,1,7,53,0.0,0,0.0,0
2026-01-25 02:08:33,1,61,16.6,89,0.3,999.0,1,5,13,0.0,0,0.0,0
2026-01-25 02:09:34,1,61,16.7,89,0.3,999.0,2,5,73,0.0,0,0.0,0
2026-01-25 02:10:35,1,60,16.8,89,0.3,999.0,1,5,0,0.0,0,0.0,0
2026-01-25 02:11:36,1,60,16.9,89,0.3,999.2,1,5,24,0.0,0,0.0,0
2026-01-25 02:12:37,1,60,16.9,89,0.3,999.0,7,9,93,0.0,0,0.0,0
2026-01-25 02:13:38,1,60,17.0,89,0.3,999.0,5,12,106,0.0,0,0.0,0
2026-01-25 02:14:39,1,60,17.1,89,0.4,999.0,2,11,30,0.0,0,0.0,0
2026-01-25 02:15:40,1,59,17.2,89,0.4,999.0,0,5,43,0.0,0,0.0,0
2026-01-25 02:16:41,1,59,17.2,89,0.4,998.9,0,3,77,0.0,0,0.0,0
2026-01-25 02:17:42,1,59,17.2,89,0.4,999.0,0,3,77,0.0,0,0.0,0
2026-01-25 02:18:43,1,59,17.3,89,0.3,999.0,6,7,71,0.0,0,0.0,0
2026-01-25 02:19:44,1,59,17.3,89,0.3,999.0,3,9,97,0.0,0,0.0,0
2026-01-25 02:20:45,1,59,17.3,89,0.3,999.0,6,9,43,0.0,0,0.0,0
2026-01-25 02:21:46,1,59,17.3,89,0.3,999.0,1,7,36,0.0,0,0.0,0
2026-01-25 02:22:47,1,58,17.4,89,0.3,999.1,2,5,216,0.0,0,0.0,0
2026-01-25 02:23:48,1,58,17.4,89,0.3,999.1,1,5,161,0.0,0,0.0,0
2026-01-25 02:24:49,1,58,17.4,89,0.4,999.1,1,1,101,0.0,0,0.0,0
2026-01-25 02:25:50,1,58,17.4,89,0.4,999.0,2,5,137,0.0,0,0.0,0
2026-01-25 02:26:51,1,58,17.3,89,0.3,999.1,2,7,88,0.0,0,0.0,0
2026-01-25 02:27:52,1,58,17.3,89,0.3,999.1,0,7,215,0.0,0,0.0,0
2026-01-25 02:28:53,1,58,17.3,89,0.3,999.0,1,1,238,0.0,0,0.0,0
2026-01-25 02:29:54,1,58,17.3,89,0.3,998.9,1,3,164,0.0,0,0.0,0
2026-01-25 02:30:55,1,58,17.3,89,0.3,999.1,8,12,81,0.0,0,0.0,0
2026-01-25 02:31:56,1,58,17.3,89,0.3,999.0,1,12,87,0.0,0,0.0,0
2026-01-25 02:32:57,1,58,17.2,89,0.3,999.1,1,9,47,0.0,0,0.0,0
2026-01-25 02:33:58,1,58,17.2,89,0.3,999.1,1,5,82,0.0,0,0.0,0
2026-01-25 02:34:59,1,58,17.2,89,0.3,999.1,2,5,90,0.0,0,0.0,0
2026-01-25 02:36:00,1,58,17.2,89,0.3,999.1,2,7,28,0.0,0,0.0,0
2026-01-25 02:37:01,1,58,17.2,88,0.3,998.9,3,7,68,0.0,0,0.0,0
2026-01-25 02:38:02,1,58,17.1,89,0.3,999.0,4,5,27,0.0,0,0.0,0
2026-01-25 02:39:03,1,58,17.1,89,0.3,999.0,0,5,45,0.0,0,0.0,0
2026-01-25 02:40:05,1,58,17.1,89,0.2,998.9,2,5,37,0.0,0,0.0,0
2026-01-25 02:41:05,1,58,17.1,89,0.2,998.9,2,5,45,0.0,0,0.0,0
2026-01-25 02:42:06,1,58,17.0,89,0.2,998.9,5,7,68,0.0,0,0.0,0
2026-01-25 02:43:07,1,58,17.0,89,0.2,998.9,2,7,214,0.0,0,0.0,0
2026-01-25 02:44:08,1,58,17.0,89,0.2,998.9,3,7,69,0.0,0,0.0,0
2026-01-25 02:45:09,1,58,17.0,89,0.2,998.9,2,5,30,0.0,0,0.0,0
2026-01-25 02:46:10,1,58,16.9,89,0.2,998.8,3,7,68,0.0,0,0.0,0
2026-01-25 02:47:11,1,58,16.9,89,0.2,998.9,3,11,186,0.0,0,0.0,0
2026-01-25 02:48:12,1,58,16.9,89,0.2,998.9,5,9,11,0.0,0,0.0,0
2026-01-25 02:49:13,1,59,16.8,89,0.2,999.0,1,9,36,0.0,0,0.0,0
2026-01-25 02:50:14,1,59,16.8,89,0.2,999.0,2,7,65,0.0,0,0.0,0
2026-01-25 02:51:15,1,59,16.8,89,0.2,998.9,3,7,129,0.0,0,0.0,0
2026-01-25 02:52:16,1,59,16.8,89,0.2,998.9,4,9,65,0.0,0,0.0,0
2026-01-25 02:53:17,1,59,16.7,89,0.2,999.0,3,12,104,0.0,0,0.0,0
2026-01-25 02:54:18,1,59,16.7,89,0.2,998.9,5,12,47,0.0,0,0.0,0
2026-01-25 02:55:19,1,59,16.7,88,0.2,998.9,3,11,5,0.0,0,0.0,0
2026-01-25 02:56:20,1,59,16.7,89,0.2,998.8,4,9,58,0.0,0,0.0,0
2026-01-25 02:57:21,1,59,16.7,88,0.2,998.8,0,7,30,0.0,0,0.0,0
2026-01-25 02:58:22,1,59,16.7,89,0.2,998.9,6,11,83,0.0,0,0.0,0
2026-01-25 02:59:23,1,59,16.6,89,0.1,998.8,1,11,85,0.0,0,0.0,0
2026-01-25 03:00:24,1,59,16.6,89,0.2,998.9,9,11,110,0.0,0,0.0,0
2026-01-25 03:01:26,1,59,16.6,89,0.2,998.9,8,14,51,0.0,0,0.0,0
2026-01-25 03:02:26,1,59,16.6,89,0.2,998.7,2,14,44,0.0,0,0.0,0
2026-01-25 03:03:27,1,59,16.6,89,0.2,998.8,3,11,31,0.0,0,0.0,0
2026-01-25 03:04:28,1,59,16.6,88,0.2,998.8,0,7,43,0.0,0,0.0,0
2026-01-25 03:05:29,1,59,16.6,88,0.2,998.8,5,5,19,0.0,0,0.0,0
2026-01-25 03:06:30,1,59,16.5,88,0.2,998.8,1,5,277,0.0,0,0.0,0
2026-01-25 03:07:31,1,59,16.5,88,0.2,998.6,1,5,326,0.0,0,0.0,0
2026-01-25 03:08:32,1,59,16.5,88,0.1,998.8,1,3,76,0.0,0,0.0,0
2026-01-25 03:09:33,1,59,16.5,88,0.1,998.5,3,12,50,0.0,0,0.0,0
2026-01-25 03:10:34,1,59,16.5,88,0.1,998.6,2,11,12,0.0,0,0.0,0
2026-01-25 03:11:35,1,59,16.5,88,0.1,998.7,2,11,72,0.0,0,0.0,0
2026-01-25 03:12:36,1,59,16.5,88,0.1,998.5,1,9,57,0.0,0,0.0,0
2026-01-25 03:13:37,1,59,16.5,88,0.1,998.8,0,3,71,0.0,0,0.0,0
2026-01-25 03:14:38,1,59,16.5,88,0.1,998.6,1,3,35,0.0,0,0.0,0
2026-01-25 03:15:39,1,59,16.4,88,0.1,998.7,6,11,72,0.0,0,0.0,0
2026-01-25 03:16:40,1,59,16.4,88,0.1,998.8,1,12,65,0.0,0,0.0,0
2026-01-25 03:17:42,1,59,16.4,88,0.1,998.6,5,12,83,0.0,0,0.0,0
2026-01-25 03:18:42,1,59,16.4,88,0.0,998.6,1,7,69,0.0,0,0.0,0
2026-01-25 03:19:44,1,59,16.4,88,0.0,998.6,2,7,89,0.0,0,0.0,0
2026-01-25 03:20:44,1,59,16.4,89,0.0,998.6,4,9,94,0.0,0,0.0,0
2026-01-25 03:21:45,1,59,16.4,88,0.0,998.5,5,9,60,0.0,0,0.0,0
2026-01-25 03:22:46,1,59,16.4,88,0.0,998.7,0,9,80,0.0,0,0.0,0
2026-01-25 03:23:47,1,59,16.4,88,0.0,998.5,3,9,63,0.0,0,0.0,0
2026-01-25 03:24:48,1,59,16.4,88,0.0,998.6,6,11,78,0.0,0,0.0,0
2026-01-25 03:25:49,1,59,16.4,89,0.0,998.8,7,9,38,0.0,0,0.0,0
2026-01-25 03:26:51,1,59,16.4,88,0.0,998.6,1,9,52,0.0,0,0.0,0
2026-01-25 03:27:51,1,59,16.4,88,0.0,998.8,1,7,65,0.0,0,0.0,0
2026-01-25 03:28:53,1,59,16.3,88,0.0,998.6,2,7,73,0.0,0,0.0,0
2026-01-25 03:29:53,1,59,16.3,88,0.0,998.6,2,7,50,0.0,0,0.0,0
2026-01-25 03:30:54,1,59,16.3,88,0.0,998.4,0,7,47,0.0,0,0.0,0
2026-01-25 03:31:55,1,60,16.4,88,0.0,998.6,0,3,69,0.0,0,0.0,0
2026-01-25 03:32:56,1,60,16.4,88,0.0,998.6,5,9,98,0.0,0,0.0,0
2026-01-25 03:33:57,1,60,16.5,88,0.0,998.4,3,9,99,0.0,0,0.0,0
2026-01-25 03:34:58,1,60,16.5,88,0.0,998.5,7,9,78,0.0,0,0.0,0
2026-01-25 03:35:59,1,60,16.6,88,0.0,998.4,5,11,73,0.0,0,0.0,0
2026-01-25 03:37:00,1,60,16.7,88,0.0,998.4,6,11,73,0.0,0,0.0,0
2026-01-25 03:38:01,1,60,16.8,88,0.0,998.3,4,11,97,0.0,0,0.0,0
2026-01-25 03:39:02,1,60,16.9,88,0.1,998.4,0,5,119,0.0,0,0.0,0
2026-01-25 03:40:03,1,59,16.9,88,0.1,998.3,1,9,53,0.0,0,0.0,0
2026-01-25 03:41:04,1,59,17.0,88,0.1,998.3,0,3,217,0.0,0,0.0,0
2026-01-25 03:42:05,1,59,17.1,88,0.1,998.3,2,3,52,0.0,0,0.0,0
2026-01-25 03:43:06,1,59,17.2,88,0.0,998.4,5,7,111,0.0,0,0.0,0
2026-01-25 03:44:07,1,59,17.2,88,0.0,998.4,0,7,63,0.0,0,0.0,0
2026-01-25 03:45:08,1,58,17.2,88,0.0,998.4,0,9,281,0.0,0,0.0,0
2026-01-25 03:46:09,1,58,17.3,88,-0.1,998.3,3,14,96,0.0,0,0.0,0
2026-01-25 03:47:10,1,58,17.3,88,-0.1,998.4,2,7,40,0.0,0,0.0,0
2026-01-25 03:48:12,1,58,17.3,88,-0.1,998.3,2,3,40,0.0,0,0.0,0
2026-01-25 03:49:12,1,58,17.3,88,-0.1,998.2,2,3,40,0.0,0,0.0,0
2026-01-25 03:50:13,1,58,17.3,88,0.0,998.2,7,9,66,0.0,0,0.0,0
2026-01-25 03:51:14,1,58,17.3,88,0.0,998.2,7,9,66,0.0,0,0.0,0
2026-01-25 03:52:15,1,58,17.3,88,0.0,998.2,7,9,66,0.0,0,0.0,0
2026-01-25 03:53:16,1,58,17.3,88,0.0,998.2,7,9,66,0.0,0,0.0,0
2026-01-25 03:54:17,1,58,17.3,88,0.0,998.0,7,9,66,0.0,0,0.0,0
2026-01-25 03:55:18,1,58,17.3,88,0.0,998.0,7,9,66,0.0,0,0.0,0
2026-01-25 03:56:19,1,58,17.3,88,0.0,998.2,7,9,66,0.0,0,0.0,0
2026-01-25 03:57:20,1,58,17.3,88,0.0,998.0,7,9,66,0.0,0,0.0,0
2026-01-25 03:58:21,1,57,17.2,88,-0.1,997.9,5,5,47,0.0,0,0.0,0
2026-01-25 03:59:22,1,58,17.2,88,-0.1,998.0,5,5,47,0.0,0,0.0,0
2026-01-25 04:00:23,1,57,17.2,88,-0.1,998.0,5,5,47,0.0,0,0.0,0
2026-01-25 04:01:24,1,57,17.2,88,-0.1,997.9,5,5,47,0.0,0,0.0,0
2026-01-25 04:02:25,1,57,17.1,88,-0.1,997.8,5,5,47,0.0,0,0.0,0
2026-01-25 04:03:26,1,57,17.1,88,-0.1,997.8,5,5,47,0.0,0,0.0,0
2026-01-25 04:04:27,1,57,17.1,88,-0.2,997.8,3,5,87,0.0,0,0.0,0
2026-01-25 04:05:28,1,57,17.1,88,-0.2,998.0,3,5,87,0.0,0,0.0,0
2026-01-25 04:06:29,1,57,17.0,88,-0.2,997.8,10,16,35,0.0,0,0.0,0
2026-01-25 04:07:30,1,58,17.0,88,-0.2,997.8,7,16,88,0.0,0,0.0,0
2026-01-25 04:08:31,1,58,17.0,88,-0.2,997.7,0,9,59,0.0,0,0.0,0
2026-01-25 04:09:32,1,58,17.0,88,-0.2,997.7,1,7,350,0.0,0,0.0,0
2026-01-25 04:10:33,1,58,16.9,88,-0.2,997.8,0,7,344,0.0,0,0.0,0
2026-01-25 04:11:34,1,58,16.9,88,-0.2,997.7,5,7,35,0.0,0,0.0,0
2026-01-25 04:12:35,1,58,16.9,88,-0.2,997.9,3,7,21,0.0,0,0.0,0
2026-01-25 04:13:36,1,58,16.9,88,-0.2,997.9,3,5,55,0.0,0,0.0,0
2026-01-25 04:14:37,1,58,16.8,88,-0.2,997.8,3,7,46,0.0,0,0.0,0
2026-01-25 04:15:38,1,58,16.8,88,-0.2,997.8,3,5,46,0.0,0,0.0,0
2026-01-25 04:16:39,1,58,16.8,88,-0.2,997.6,3,5,46,0.0,0,0.0,0
2026-01-25 04:17:40,1,58,16.8,88,-0.2,997.9,3,5,46,0.0,0,0.0,0
2026-01-25 04:18:41,1,58,16.7,88,-0.2,997.8,3,5,46,0.0,0,0.0,0
2026-01-25 04:19:42,1,58,16.7,88,-0.2,997.7,0,1,34,0.0,0,0.0,0
2026-01-25 04:20:43,1,58,16.7,88,-0.2,997.9,0,1,34,0.0,0,0.0,0
2026-01-25 04:21:44,1,58,16.7,88,-0.2,997.9,0,1,34,0.0,0,0.0,0
2026-01-25 04:22:45,1,58,16.6,88,-0.2,997.9,0,1,34,0.0,0,0.0,0
2026-01-25 04:23:46,1,58,16.6,88,-0.2,998.0,9,11,42,0.0,0,0.0,0
2026-01-25 04:24:47,1,58,16.6,88,-0.2,997.8,9,11,42,0.0,0,0.0,0
2026-01-25 04:25:48,1,58,16.6,88,-0.2,997.7,9,11,42,0.0,0,0.0,0
2026-01-25 04:26:49,1,58,16.6,88,-0.2,997.9,9,11,42,0.0,0,0.0,0
2026-01-25 04:27:50,1,58,16.6,88,-0.2,997.8,0,5,45,0.0,0,0.0,0
2026-01-25 04:28:51,1,58,16.6,88,-0.2,997.9,0,1,45,0.0,0,0.0,0
2026-01-25 04:29:52,1,58,16.6,88,-0.2,997.9,3,3,97,0.0,0,0.0,0
2026-01-25 04:30:53,1,58,16.5,88,-0.2,997.7,3,3,97,0.0,0,0.0,0
2026-01-25 04:31:54,1,58,16.5,88,-0.2,997.8,3,7,27,0.0,0,0.0,0
2026-01-25 04:32:55,1,58,16.5,88,-0.2,997.9,2,3,103,0.0,0,0.0,0
2026-01-25 04:33:56,1,58,16.5,88,-0.2,997.9,2,3,103,0.0,0,0.0,0
2026-01-25 04:34:57,1,58,16.5,88,-0.2,997.7,2,3,103,0.0,0,0.0,0
2026-01-25 04:35:58,1,58,16.4,88,-0.2,997.9,2,3,103,0.0,0,0.0,0
2026-01-25 04:36:59,1,58,16.4,88,-0.2,997.7,2,3,103,0.0,0,0.0,0
2026-01-25 04:38:01,1,58,16.4,88,-0.2,997.6,2,3,103,0.0,0,0.0,0
2026-01-25 04:39:02,1,58,16.4,88,-0.2,997.8,2,3,103,0.0,0,0.0,0
2026-01-25 04:40:02,1,58,16.4,88,-0.2,997.6,2,3,103,0.0,0,0.0,0
2026-01-25 04:41:03,1,58,16.4,88,-0.2,997.7,2,3,103,0.0,0,0.0,0
2026-01-25 04:42:04,1,58,16.4,88,-0.2,997.6,2,3,103,0.0,0,0.0,0
2026-01-25 04:43:05,1,58,16.4,88,-0.2,997.5,2,3,103,0.0,0,0.0,0
2026-01-25 04:44:06,1,58,16.4,88,-0.2,997.6,2,3,103,0.0,0,0.0,0
2026-01-25 04:45:07,1,58,16.3,87,-0.2,997.9,6,7,110,0.0,0,0.0,0
2026-01-25 04:46:08,1,58,16.4,87,-0.2,997.7,6,7,110,0.0,0,0.0,0
2026-01-25 04:47:09,1,58,16.3,87,-0.2,997.6,6,7,110,0.0,0,0.0,0
2026-01-25 04:48:15,1,58,16.3,87,-0.2,997.7,6,7,110,0.0,0,0.0,0
2026-01-25 04:49:11,1,58,16.3,87,-0.2,997.7,6,7,110,0.0,0,0.0,0
2026-01-25 04:50:12,1,58,16.3,87,-0.2,997.8,6,7,110,0.0,0,0.0,0
2026-01-25 04:51:14,1,58,16.3,87,-0.2,997.8,6,7,110,0.0,0,0.0,0
2026-01-25 04:52:14,1,58,16.3,87,-0.2,997.8,1,1,56,0.0,0,0.0,0
2026-01-25 04:53:15,1,58,16.3,87,-0.2,997.9,2,9,54,0.0,0,0.0,0
2026-01-25 04:54:16,1,58,16.3,87,-0.2,997.7,5,9,47,0.0,0,0.0,0
2026-01-25 04:55:17,1,59,16.3,87,-0.2,997.9,5,7,47,0.0,0,0.0,0
2026-01-25 04:56:18,1,59,16.4,87,-0.2,997.8,3,5,105,0.0,0,0.0,0
2026-01-25 04:57:20,1,59,16.4,87,-0.2,997.8,3,5,105,0.0,0,0.0,0
2026-01-25 04:58:20,1,59,16.5,87,-0.2,997.9,1,3,264,0.0,0,0.0,0
2026-01-25 04:59:21,1,59,16.6,87,-0.2,997.9,1,3,264,0.0,0,0.0,0
2026-01-25 05:00:22,1,59,16.6,87,-0.2,997.9,1,3,264,0.0,0,0.0,0
2026-01-25 05:01:23,1,59,16.7,87,-0.2,997.9,0,0,29,0.0,0,0.0,0
2026-01-25 05:02:24,1,58,16.8,87,-0.2,997.7,0,0,29,0.0,0,0.0,0
2026-01-25 05:03:25,1,58,16.9,87,-0.2,997.8,0,0,29,0.0,0,0.0,0
2026-01-25 05:04:26,1,58,17.0,87,-0.2,997.8,0,0,29,0.0,0,0.0,0
2026-01-25 05:05:27,1,58,17.1,87,-0.2,997.9,0,0,29,0.0,0,0.0,0
2026-01-25 05:06:28,1,58,17.1,87,-0.2,997.8,0,0,29,0.0,0,0.0,0
2026-01-25 05:07:31,1,57,17.2,87,-0.2,998.0,0,0,29,0.0,0,0.0,0
2026-01-25 05:08:30,1,57,17.2,87,-0.2,998.0,0,0,29,0.0,0,0.0,0
2026-01-25 05:09:31,1,57,17.3,87,-0.2,997.8,0,0,29,0.0,0,0.0,0
2026-01-25 05:10:32,1,57,17.3,87,-0.2,997.9,0,0,29,0.0,0,0.0,0
2026-01-25 05:11:33,1,57,17.3,87,-0.2,997.9,0,0,29,0.0,0,0.0,0
2026-01-25 05:12:34,1,57,17.3,87,-0.2,997.6,0,0,29,0.0,0,0.0,0
2026-01-25 05:13:35,1,57,17.3,87,-0.2,997.8,0,0,29,0.0,0,0.0,0
2026-01-25 05:14:37,1,57,17.3,87,-0.2,997.8,0,0,29,0.0,0,0.0,0
2026-01-25 05:15:37,1,57,17.3,87,-0.2,997.7,0,0,29,0.0,0,0.0,0
2026-01-25 05:16:38,1,57,17.3,87,-0.2,997.9,0,0,29,0.0,0,0.0,0
2026-01-25 05:17:39,1,56,17.3,87,-0.2,997.8,0,0,29,0.0,0,0.0,0
2026-01-25 05:18:40,1,56,17.3,87,-0.2,997.8,0,0,29,0.0,0,0.0,0
2026-01-25 05:19:41,1,56,17.3,87,-0.2,997.8,0,0,29,0.0,0,0.0,0
2026-01-25 05:20:42,1,56,17.3,87,-0.2,997.8,0,0,29,0.0,0,0.0,0
2026-01-25 05:21:43,1,56,17.3,87,-0.2,997.8,0,0,29,0.0,0,0.0,0
2026-01-25 05:22:44,1,56,17.3,87,-0.2,997.8,0,0,29,0.0,0,0.0,0
2026-01-25 05:23:45,1,56,17.2,87,-0.2,997.7,0,0,29,0.0,0,0.0,0
2026-01-25 05:24:46,1,56,17.2,87,-0.2,997.8,0,0,29,0.0,0,0.0,0
2026-01-25 05:25:47,1,56,17.2,87,-0.2,997.7,0,0,29,0.0,0,0.0,0
2026-01-25 05:26:48,1,56,17.1,87,-0.2,997.8,0,0,29,0.0,0,0.0,0
2026-01-25 05:27:49,1,56,17.1,87,-0.2,997.6,0,0,29,0.0,0,0.0,0
2026-01-25 05:28:50,1,56,17.1,87,-0.2,997.8,0,0,29,0.0,0,0.0,0
2026-01-25 05:29:51,1,56,17.1,87,-0.2,997.8,0,0,29,0.0,0,0.0,0
2026-01-25 05:30:52,1,56,17.0,87,-0.2,997.6,0,0,29,0.0,0,0.0,0
2026-01-25 05:31:54,1,56,17.0,87,-0.2,997.9,0,0,29,0.0,0,0.0,0
2026-01-25 05:32:54,1,56,17.0,87,-0.2,997.9,0,0,29,0.0,0,0.0,0
2026-01-25 05:33:55,1,57,17.0,87,-0.2,997.7,0,0,29,0.0,0,0.0,0
2026-01-25 05:34:56,1,57,16.9,87,-0.2,997.8,0,0,29,0.0,0,0.0,0
2026-01-25 05:35:57,1,57,16.9,87,-0.2,997.8,0,0,29,0.0,0,0.0,0
2026-01-25 05:36:58,1,57,16.9,87,-0.2,997.8,0,0,29,0.0,0,0.0,0
2026-01-25 05:37:59,1,57,16.9,87,-0.2,997.9,0,0,29,0.0,0,0.0,0
2026-01-25 05:39:00,1,57,16.8,87,-0.2,997.8,0,0,29,0.0,0,0.0,0
2026-01-25 05:40:01,1,57,16.8,87,-0.2,997.9,0,0,29,0.0,0,0.0,0
2026-01-25 05:41:02,1,57,16.8,87,-0.2,997.9,0,0,29,0.0,0,0.0,0
2026-01-25 05:42:04,1,57,16.7,87,-0.2,997.8,0,0,29,0.0,0,0.0,0
2026-01-25 05:43:04,1,57,16.7,87,-0.2,997.7,0,0,29,0.0,0,0.0,0
2026-01-25 05:44:05,1,57,16.7,87,-0.2,997.8,0,0,29,0.0,0,0.0,0
2026-01-25 05:45:06,1,57,16.7,87,-0.2,997.6,0,0,29,0.0,0,0.0,0
2026-01-25 05:46:07,1,57,16.7,87,-0.2,997.8,0,0,29,0.0,0,0.0,0
2026-01-25 05:47:09,1,57,16.7,87,-0.2,997.7,0,0,29,0.0,0,0.0,0
2026-01-25 05:48:10,1,57,16.6,87,-0.2,997.6,0,0,29,0.0,0,0.0,0
2026-01-25 05:49:10,1,57,16.6,87,-0.2,997.8,0,0,29,0.0,0,0.0,0
2026-01-25 05:50:11,1,57,16.6,87,-0.5,997.9,1,11,33,0.0,0,0.0,0
2026-01-25 05:51:12,1,57,16.5,87,-0.5,997.7,2,5,46,0.0,0,0.0,0
2026-01-25 05:52:13,1,57,16.5,87,-0.5,997.7,4,7,67,0.0,0,0.0,0
2026-01-25 05:53:14,1,57,16.5,87,-0.5,997.7,2,7,78,0.0,0,0.0,0
2026-01-25 05:54:15,1,57,16.5,87,-0.5,997.6,1,3,48,0.0,0,0.0,0
2026-01-25 05:55:16,1,57,16.5,87,-0.5,997.6,2,7,27,0.0,0,0.0,0
2026-01-25 05:56:17,1,57,16.5,87,-0.5,997.3,0,7,344,0.0,0,0.0,0
2026-01-25 05:57:18,1,57,16.4,87,-0.5,997.5,5,9,71,0.0,0,0.0,0
2026-01-25 05:58:20,1,57,16.4,87,-0.5,997.4,0,9,68,0.0,0,0.0,0
2026-01-25 05:59:20,1,57,16.4,87,-0.5,997.5,3,5,43,0.0,0,0.0,0
2026-01-25 06:00:21,1,57,16.4,87,-0.5,997.4,3,9,58,0.0,0,0.0,0
2026-01-25 06:01:23,1,57,16.4,87,-0.5,997.4,2,9,39,0.0,0,0.0,0
2026-01-25 06:02:23,1,57,16.4,87,-0.5,997.4,3,9,64,0.0,0,0.0,0
2026-01-25 06:03:24,1,57,16.4,87,-0.5,997.4,3,9,55,0.0,0,0.0,0
2026-01-25 06:04:25,1,57,16.4,87,-0.5,997.4,1,7,7,0.0,0,0.0,0
2026-01-25 06:05:26,1,57,16.3,87,-0.5,997.4,1,3,0,0.0,0,0.0,0
2026-01-25 06:06:27,1,57,16.3,87,-0.5,997.4,2,3,333,0.0,0,0.0,0
2026-01-25 06:07:28,1,57,16.3,87,-0.5,997.4,2,3,3,0.0,0,0.0,0
2026-01-25 06:08:29,1,57,16.3,87,-0.5,997.6,0,3,5,0.0,0,0.0,0
2026-01-25 06:09:31,1,57,16.3,87,-0.5,997.4,2,3,14,0.0,0,0.0,0
2026-01-25 06:10:31,1,57,16.3,87,-0.5,997.4,3,3,27,0.0,0,0.0,0
2026-01-25 06:11:32,1,57,16.3,87,-0.5,997.3,1,3,313,0.0,0,0.0,0
2026-01-25 06:12:33,1,57,16.3,87,-0.5,997.6,4,7,86,0.0,0,0.0,0
2026-01-25 06:13:34,1,57,16.3,87,-0.5,997.4,0,5,21,0.0,0,0.0,0
2026-01-25 06:14:35,1,57,16.3,87,-0.5,997.5,2,7,0,0.0,0,0.0,0
2026-01-25 06:15:36,1,57,16.3,87,-0.5,997.4,3,5,33,0.0,0,0.0,0
2026-01-25 06:16:38,1,57,16.3,87,-0.5,997.4,2,5,28,0.0,0,0.0,0
2026-01-25 06:17:39,1,58,16.3,87,-0.5,997.3,3,7,73,0.0,0,0.0,0
2026-01-25 06:18:39,1,58,16.3,87,-0.5,997.3,5,7,35,0.0,0,0.0,0
2026-01-25 06:19:40,1,58,16.4,87,-0.6,997.4,6,9,38,0.0,0,0.0,0
2026-01-25 06:20:41,1,58,16.6,87,-0.6,997.3,6,9,22,0.0,0,0.0,0
2026-01-25 06:21:42,1,58,16.7,87,-0.5,997.3,5,9,45,0.0,0,0.0,0
2026-01-25 06:22:43,1,58,16.8,87,-0.5,997.4,3,5,4,0.0,0,0.0,0
2026-01-25 06:23:44,1,57,17.0,87,-0.5,997.4,4,7,32,0.0,0,0.0,0
2026-01-25 06:24:46,1,57,17.1,87,-0.5,997.2,4,7,28,0.0,0,0.0,0
2026-01-25 06:25:46,1,57,17.3,87,-0.5,997.3,2,5,56,0.0,0,0.0,0
2026-01-25 06:26:48,1,56,17.4,87,-0.5,997.3,4,7,18,0.0,0,0.0,0
2026-01-25 06:27:48,1,56,17.5,87,-0.5,997.3,6,9,62,0.0,0,0.0,0
2026-01-25 06:28:49,1,56,17.5,87,-0.5,997.3,6,9,73,0.0,0,0.0,0
2026-01-25 06:29:50,1,55,17.6,87,-0.5,997.3,9,14,52,0.0,0,0.0,0
2026-01-25 06:30:51,1,55,17.7,87,-0.5,997.3,3,14,58,0.0,0,0.0,0
2026-01-25 06:31:52,1,55,17.7,87,-0.5,997.4,0,5,36,0.0,0,0.0,0
2026-01-25 06:32:54,1,55,17.8,87,-0.5,997.3,2,5,71,0.0,0,0.0,0
2026-01-25 06:33:55,1,55,17.8,87,-0.5,997.3,1,5,14,0.0,0,0.0,0
2026-01-25 06:34:55,1,54,17.8,87,-0.5,997.4,1,7,57,0.0,0,0.0,0
2026-01-25 06:35:56,1,54,17.8,87,-0.5,997.5,2,7,4,0.0,0,0.0,0
2026-01-25 06:36:57,1,54,17.8,87,-0.5,997.4,2,5,357,0.0,0,0.0,0
2026-01-25 06:37:58,1,54,17.8,87,-0.5,997.6,3,9,43,0.0,0,0.0,0
2026-01-25 06:38:59,1,54,17.8,86,-0.5,997.4,1,9,51,0.0,0,0.0,0
2026-01-25 06:40:00,1,54,17.8,87,-0.5,997.5,3,5,59,0.0,0,0.0,0
2026-01-25 06:41:01,1,54,17.8,86,-0.5,997.4,2,5,35,0.0,0,0.0,0
2026-01-25 06:42:02,1,54,17.7,86,-0.5,997.4,4,11,39,0.0,0,0.0,0
2026-01-25 06:43:03,1,54,17.7,86,-0.5,997.5,4,11,17,0.0,0,0.0,0
2026-01-25 06:44:04,1,54,17.7,86,-0.5,997.4,1,7,351,0.0,0,0.0,0
2026-01-25 06:45:05,1,54,17.6,86,-0.5,997.5,2,7,26,0.0,0,0.0,0
2026-01-25 06:46:06,1,54,17.6,86,-0.5,997.2,5,9,62,0.0,0,0.0,0
2026-01-25 06:47:07,1,54,17.6,86,-0.4,997.4,6,11,19,0.0,0,0.0,0
2026-01-25 06:48:08,1,54,17.6,86,-0.4,997.2,2,11,344,0.0,0,0.0,0
2026-01-25 06:49:09,1,54,17.5,86,-0.4,997.5,6,12,79,0.0,0,0.0,0
2026-01-25 06:50:10,1,54,17.5,86,-0.4,997.3,2,12,32,0.0,0,0.0,0
2026-01-25 06:51:11,1,54,17.4,86,-0.4,997.3,2,5,32,0.0,0,0.0,0
2026-01-25 06:52:12,1,54,17.4,86,-0.4,997.3,2,5,32,0.0,0,0.0,0
2026-01-25 06:53:13,1,54,17.4,86,-0.4,997.3,2,5,32,0.0,0,0.0,0
2026-01-25 06:54:14,1,54,17.3,86,-0.4,997.4,2,5,32,0.0,0,0.0,0
2026-01-25 06:55:15,1,54,17.3,85,-0.3,997.2,5,5,346,0.0,0,0.0,0
2026-01-25 06:56:16,1,54,17.2,85,-0.3,997.2,5,5,346,0.0,0,0.0,0
2026-01-25 06:57:17,1,54,17.2,85,-0.3,997.4,5,5,346,0.0,0,0.0,0
2026-01-25 06:58:18,1,54,17.2,85,-0.3,997.4,5,5,346,0.0,0,0.0,0
2026-01-25 06:59:19,1,55,17.1,85,-0.3,997.4,5,5,346,0.0,0,0.0,0
2026-01-25 07:00:20,1,55,17.1,85,-0.3,997.4,5,5,346,0.0,0,0.0,0
2026-01-25 07:01:22,1,55,17.0,85,-0.3,997.4,5,5,346,0.0,0,0.0,0
2026-01-25 07:02:23,1,55,17.0,85,-0.3,997.6,5,5,346,0.0,0,0.0,0
2026-01-25 07:03:23,1,55,17.0,85,-0.3,997.5,5,5,346,0.0,0,0.0,0
2026-01-25 07:04:24,1,55,16.9,85,-0.3,997.4,5,5,346,0.0,0,0.0,0
2026-01-25 07:05:26,1,55,16.9,85,-0.3,997.6,5,5,346,0.0,0,0.0,0
2026-01-25 07:06:26,1,55,16.9,85,-0.3,997.5,5,5,346,0.0,0,0.0,0
2026-01-25 07:07:27,1,55,16.9,85,-0.3,997.5,5,5,346,0.0,0,0.0,0
2026-01-25 07:08:28,1,55,16.8,85,-0.3,997.6,5,5,346,0.0,0,0.0,0
2026-01-25 07:09:30,1,55,16.8,85,-0.3,997.8,5,5,346,0.0,0,0.0,0
2026-01-25 07:10:31,1,55,16.8,85,-0.3,997.5,5,5,346,0.0,0,0.0,0
2026-01-25 07:11:32,1,55,16.7,85,-0.3,997.5,5,5,346,0.0,0,0.0,0
2026-01-25 07:12:32,1,55,16.7,85,-0.3,997.4,5,5,346,0.0,0,0.0,0
2026-01-25 07:13:33,1,55,16.7,85,-0.3,997.5,5,5,346,0.0,0,0.0,0
2026-01-25 07:14:35,1,55,16.7,85,-0.3,997.6,5,5,346,0.0,0,0.0,0
2026-01-25 07:15:35,1,55,16.6,85,-0.3,997.6,5,5,346,0.0,0,0.0,0
2026-01-25 07:16:36,1,55,16.6,85,-0.3,997.4,5,5,346,0.0,0,0.0,0
2026-01-25 07:17:38,1,55,16.6,85,-0.3,997.5,5,5,346,0.0,0,0.0,0
2026-01-25 07:18:38,1,55,16.6,85,-0.3,997.5,5,5,346,0.0,0,0.0,0
2026-01-25 07:19:39,1,55,16.6,85,-0.3,997.4,5,5,346,0.0,0,0.0,0
2026-01-25 07:20:40,1,55,16.6,85,-0.3,997.3,5,5,346,0.0,0,0.0,0
2026-01-25 07:21:41,1,55,16.5,85,-0.3,997.4,5,5,346,0.0,0,0.0,0
2026-01-25 07:22:42,1,55,16.5,85,-0.3,997.4,5,5,346,0.0,0,0.0,0
2026-01-25 07:23:43,1,55,16.5,85,-0.3,997.3,5,5,346,0.0,0,0.0,0
2026-01-25 07:24:44,1,55,16.5,85,-0.3,997.4,5,5,346,0.0,0,0.0,0
2026-01-25 07:25:45,1,55,16.5,85,-0.3,997.4,5,5,346,0.0,0,0.0,0
2026-01-25 07:26:46,1,55,16.4,85,-0.3,997.4,5,5,346,0.0,0,0.0,0
2026-01-25 07:27:47,1,55,16.4,85,-0.3,997.2,5,5,346,0.0,0,0.0,0
2026-01-25 07:28:48,1,55,16.4,85,-0.3,997.4,5,5,346,0.0,0,0.0,0
2026-01-25 07:29:49,1,56,16.4,84,-0.3,997.2,10,14,51,0.0,0,1.8,0
2026-01-25 07:30:50,1,55,16.4,84,-0.3,997.3,5,14,47,0.0,0,1.9,0
2026-01-25 07:31:51,1,55,16.4,84,-0.3,997.3,5,7,47,0.0,0,1.9,0
2026-01-25 07:32:53,1,56,16.3,84,-0.3,997.3,2,3,302,0.0,0,2.2,0
2026-01-25 07:33:53,1,56,16.3,84,-0.3,997.2,2,3,302,0.0,0,2.2,0
2026-01-25 07:34:54,1,56,16.3,84,-0.2,997.4,2,5,15,0.0,0,2.7,0
2026-01-25 07:35:55,1,56,16.3,84,-0.2,997.4,5,11,62,0.0,0,2.9,0
2026-01-25 07:36:56,1,56,16.3,84,-0.2,997.4,3,12,60,0.0,0,3.1,0
2026-01-25 07:37:57,1,56,16.3,84,-0.2,997.3,4,11,60,0.0,0,3.3,0
2026-01-25 07:39:00,1,56,16.3,84,-0.2,997.3,5,11,36,0.0,0,3.5,0
2026-01-25 07:39:59,1,56,16.3,84,-0.2,997.4,2,9,5,0.0,0,3.7,0
2026-01-25 07:41:00,1,56,16.3,84,-0.2,997.4,4,11,65,0.0,0,4.1,0
2026-01-25 07:42:01,1,56,16.3,84,-0.2,997.4,4,14,52,0.0,0,4.5,0
2026-01-25 07:43:03,1,56,16.3,84,-0.2,997.1,1,7,42,0.0,0,4.8,0
2026-01-25 07:44:03,1,56,16.3,84,-0.2,997.4,5,9,69,0.0,0,5.2,0
2026-01-25 07:45:04,1,56,16.3,84,-0.2,997.3,3,9,31,0.0,0,5.3,0
2026-01-25 07:46:05,1,56,16.3,84,-0.2,997.4,3,5,31,0.0,0,5.3,0
2026-01-25 07:47:06,1,56,16.3,84,-0.2,997.3,3,5,31,0.0,0,5.3,0
2026-01-25 07:48:07,1,56,16.4,85,-0.2,997.2,6,14,43,0.0,0,7.1,0
2026-01-25 07:49:08,1,56,16.4,84,-0.2,997.5,3,14,94,0.0,0,7.3,0
2026-01-25 07:50:10,1,56,16.6,84,-0.2,997.2,3,3,94,0.0,0,7.3,0
2026-01-25 07:51:10,1,56,16.7,84,-0.2,997.3,3,3,94,0.0,0,7.3,0
2026-01-25 07:52:14,1,56,16.9,84,-0.2,997.4,0,5,359,0.0,0,9.2,0
2026-01-25 07:53:13,1,56,17.2,84,-0.2,997.2,3,7,22,0.0,0,9.8,0
2026-01-25 07:54:13,1,56,17.2,84,-0.2,997.2,4,11,30,0.0,0,10.3,0
2026-01-25 07:55:14,1,55,17.3,84,-0.2,997.2,4,11,30,0.0,0,10.3,0
2026-01-25 07:56:15,1,55,17.5,84,-0.2,997.3,7,11,10,0.0,0,11.7,0
2026-01-25 07:57:16,1,55,17.5,84,-0.2,997.3,5,11,26,0.0,0,12.5,0
2026-01-25 07:58:17,1,54,17.6,84,-0.2,997.3,4,11,37,0.0,0,13.4,0
2026-01-25 07:59:18,1,54,17.7,84,-0.2,997.2,5,11,46,0.0,0,13.9,0
2026-01-25 08:00:19,1,54,17.8,84,-0.2,997.4,4,9,54,0.0,0,15.2,0
2026-01-25 08:01:21,1,54,17.8,84,-0.2,997.2,6,9,28,0.0,0,15.4,0
2026-01-25 08:02:22,1,54,17.8,84,-0.2,997.2,6,9,28,0.0,0,15.4,0
2026-01-25 08:03:22,1,53,17.8,84,-0.2,997.2,6,9,28,0.0,0,15.4,0
2026-01-25 08:04:23,1,53,17.8,84,-0.2,997.4,6,9,28,0.0,0,15.4,0
2026-01-25 08:05:24,1,53,17.8,84,-0.2,997.2,4,11,46,0.0,0,19.4,0
2026-01-25 08:06:25,1,53,17.8,84,-0.2,997.1,1,11,54,0.0,0,20.0,0
2026-01-25 08:07:26,1,53,17.8,84,-0.2,997.2,1,5,54,0.0,0,20.0,0
2026-01-25 08:08:27,1,53,17.8,84,-0.2,997.3,6,16,77,0.0,0,21.4,0
2026-01-25 08:09:28,1,53,17.7,84,-0.2,997.3,9,16,7,0.0,0,22.1,0
2026-01-25 08:10:29,1,53,17.8,84,-0.2,997.3,1,12,69,0.0,0,22.6,0
2026-01-25 08:11:30,1,53,17.7,84,-0.2,997.3,3,7,97,0.0,0,23.4,0
2026-01-25 08:12:31,1,54,17.7,84,-0.2,997.3,2,7,67,0.0,0,23.9,0
2026-01-25 08:13:32,1,54,17.7,84,-0.2,997.3,1,9,32,0.0,0,24.4,0
2026-01-25 08:14:34,1,54,17.6,84,-0.2,997.3,3,9,345,0.0,0,24.8,0
2026-01-25 08:15:36,1,54,17.6,84,-0.2,997.4,6,7,344,0.0,0,25.3,0
2026-01-25 08:16:35,1,54,17.6,84,-0.2,997.1,2,7,21,0.0,0,25.4,0
2026-01-25 08:17:37,1,54,17.6,84,-0.1,997.2,2,3,30,0.0,0,26.2,0
2026-01-25 08:18:37,1,54,17.5,84,-0.1,997.2,6,7,68,0.0,0,26.7,0
2026-01-25 08:19:38,1,54,17.5,84,-0.2,997.4,2,7,82,0.0,0,27.2,0
2026-01-25 08:20:39,1,54,17.4,84,-0.2,997.1,8,12,92,0.0,0,27.8,0
2026-01-25 08:21:40,1,54,17.4,84,-0.2,997.2,9,12,37,0.0,0,28.1,0
2026-01-25 08:22:41,1,54,17.4,84,-0.2,997.0,5,11,45,0.0,0,28.7,0
2026-01-25 08:23:42,1,54,17.4,84,-0.2,997.2,5,11,29,0.0,0,29.1,0
2026-01-25 08:24:43,1,54,17.3,84,-0.2,997.2,5,11,29,0.0,0,29.1,0
2026-01-25 08:25:44,1,54,17.3,84,-0.2,997.2,6,9,77,0.0,0,29.9,0
2026-01-25 08:26:45,1,54,17.3,84,-0.2,997.0,6,9,77,0.0,0,29.9,0
2026-01-25 08:27:46,1,54,17.2,84,-0.2,997.1,10,16,60,0.0,0,31.0,0
2026-01-25 08:28:47,1,54,17.2,84,-0.2,997.2,6,16,86,0.0,0,31.7,0
2026-01-25 08:29:48,1,55,17.1,84,-0.2,997.1,4,9,16,0.0,0,32.0,0
2026-01-25 08:30:49,1,55,17.1,84,-0.2,997.1,1,9,77,0.0,0,33.2,0
2026-01-25 08:31:50,1,55,17.1,84,-0.2,997.3,1,5,57,0.0,0,33.6,0
2026-01-25 08:32:51,1,55,17.0,84,-0.2,997.2,3,9,66,0.0,0,34.4,0
2026-01-25 08:33:52,1,55,17.0,84,-0.2,997.3,1,3,4,0.0,0,35.7,0
2026-01-25 08:34:53,1,55,17.0,84,-0.2,997.3,2,5,61,0.0,0,36.8,0
2026-01-25 08:35:54,1,55,17.0,84,-0.2,997.5,3,5,8,0.0,0,38.2,0
2026-01-25 08:36:55,1,55,16.9,84,-0.1,997.4,5,7,63,0.0,0,39.7,0
2026-01-25 08:37:56,1,55,16.9,84,-0.2,997.2,6,12,39,0.0,0,40.3,0
2026-01-25 08:38:57,1,55,16.9,83,-0.2,997.3,3,14,14,0.0,0,41.6,0
2026-01-25 08:39:58,1,55,16.9,83,-0.2,997.1,1,14,75,0.0,0,42.1,0
2026-01-25 08:40:59,1,55,16.8,83,-0.2,997.0,4,9,3,0.0,0,43.2,0
2026-01-25 08:42:00,1,55,16.8,83,-0.2,997.2,4,9,43,0.0,0,43.8,0
2026-01-25 08:43:01,1,55,16.8,83,-0.2,997.1,1,9,47,0.0,0,44.4,0
2026-01-25 08:44:02,1,55,16.7,83,-0.2,997.2,4,9,53,0.0,0,44.3,0
2026-01-25 08:45:03,1,55,16.7,83,-0.2,997.1,6,11,107,0.0,0,44.5,0
2026-01-25 08:46:04,1,55,16.7,83,-0.2,997.2,3,11,7,0.0,0,44.4,0
2026-01-25 08:47:05,1,55,16.7,83,-0.2,997.1,2,7,37,0.0,0,44.1,0
2026-01-25 08:48:06,1,55,16.7,83,-0.2,997.3,2,5,37,0.0,0,44.1,0
2026-01-25 08:49:07,1,55,16.6,83,-0.2,997.3,2,5,37,0.0,0,44.1,0
2026-01-25 08:50:08,1,55,16.6,83,-0.2,997.2,4,16,70,0.0,0,43.8,0
2026-01-25 08:51:09,1,55,16.6,83,-0.2,997.2,2,7,18,0.0,0,43.8,0
2026-01-25 08:52:10,1,55,16.6,83,-0.2,997.1,3,5,64,0.0,0,43.7,0
2026-01-25 08:53:11,1,55,16.6,83,-0.2,997.1,3,7,39,0.0,0,43.6,0
2026-01-25 08:54:12,1,55,16.5,83,-0.2,997.0,6,7,50,0.0,0,43.6,0
2026-01-25 08:55:14,1,56,16.5,83,-0.2,997.2,6,7,50,0.0,0,43.6,0
2026-01-25 08:56:14,1,56,16.5,83,-0.2,997.1,8,16,67,0.0,0,45.5,0
2026-01-25 08:57:16,1,56,16.5,83,-0.2,997.2,6,16,54,0.0,0,46.5,0
2026-01-25 08:58:16,1,56,16.5,83,-0.2,997.2,6,12,54,0.0,0,46.5,0
2026-01-25 08:59:17,1,56,16.5,83,-0.2,997.2,6,7,54,0.0,0,46.5,0
2026-01-25 09:00:18,1,56,16.5,83,-0.2,997.1,3,5,41,0.0,0,53.6,0
2026-01-25 09:01:20,1,56,16.4,83,-0.2,997.2,3,5,41,0.0,0,53.6,0
2026-01-25 09:02:20,1,56,16.4,83,-0.2,997.2,3,5,41,0.0,0,53.6,0
2026-01-25 09:03:21,1,56,16.4,83,-0.2,997.1,3,5,41,0.0,0,53.6,0
2026-01-25 09:04:22,1,56,16.4,83,-0.2,997.1,2,3,97,0.0,0,62.0,0
2026-01-25 09:05:23,1,56,16.4,83,-0.2,997.3,2,3,15,0.0,0,63.0,0
2026-01-25 09:06:24,1,56,16.4,83,-0.2,997.4,2,3,15,0.0,0,63.0,0
2026-01-25 09:07:25,1,56,16.4,83,-0.2,997.3,2,3,15,0.0,0,63.0,0
2026-01-25 09:08:26,1,56,16.4,84,-0.1,997.4,4,7,33,0.0,0,76.2,0
2026-01-25 09:09:27,1,56,16.4,84,0.0,997.3,0,7,45,0.0,0,75.9,0
2026-01-25 09:10:28,1,56,16.4,84,0.0,997.3,0,1,45,0.0,0,75.9,0
2026-01-25 09:11:29,1,56,16.4,84,0.0,997.2,2,5,277,0.0,0,81.1,0
2026-01-25 09:12:30,1,56,16.4,83,0.0,997.3,5,7,45,0.0,0,80.4,0
2026-01-25 09:13:31,1,56,16.3,83,0.1,997.4,5,7,74,0.0,0,83.7,0
2026-01-25 09:14:32,1,56,16.3,83,0.1,997.2,7,9,89,0.0,0,84.9,0
2026-01-25 09:15:34,1,56,16.3,83,0.1,997.1,4,9,150,0.0,0,101.1,0
2026-01-25 09:16:35,1,56,16.3,83,0.1,997.3,4,7,65,0.0,0,108.3,1
2026-01-25 09:17:35,1,56,16.3,83,0.1,997.3,2,11,36,0.0,0,111.5,1
2026-01-25 09:18:36,1,56,16.3,83,0.2,997.4,3,11,67,0.0,0,114.0,1
2026-01-25 09:19:37,1,56,16.4,83,0.3,997.3,3,12,84,0.0,0,115.0,1
2026-01-25 09:20:38,1,56,16.3,83,0.3,997.3,2,12,73,0.0,0,113.9,1
2026-01-25 09:21:39,1,56,16.4,82,0.3,997.3,5,9,33,0.0,0,113.5,1
2026-01-25 09:22:40,1,56,16.4,83,0.4,997.2,0,9,34,0.0,0,113.7,1
2026-01-25 09:23:42,1,56,16.4,83,0.4,997.3,2,5,21,0.0,0,114.1,1
2026-01-25 09:24:42,1,56,16.4,82,0.6,997.4,3,5,33,0.0,0,113.3,1
2026-01-25 09:25:44,1,56,16.4,82,0.7,997.4,2,5,15,0.0,0,111.9,1
2026-01-25 09:26:44,1,56,16.4,82,0.7,997.2,3,5,73,0.0,0,107.9,1
2026-01-25 09:27:45,1,56,16.4,82,0.7,997.4,0,5,85,0.0,0,109.2,1
2026-01-25 09:28:46,1,56,16.4,82,0.8,997.2,2,3,354,0.0,0,102.3,0
2026-01-25 09:29:49,1,56,16.4,81,0.9,997.2,5,7,39,0.0,0,105.2,1
2026-01-25 09:30:54,1,56,16.4,81,0.9,997.3,5,7,41,0.0,0,113.8,1
2026-01-25 09:31:49,1,56,16.4,81,0.8,997.3,5,7,14,0.0,0,120.1,1
2026-01-25 09:32:50,1,56,16.4,82,0.7,997.2,2,7,295,0.0,0,123.8,1
2026-01-25 09:33:51,1,56,16.4,82,0.7,997.4,2,3,60,0.0,0,129.0,1
2026-01-25 09:34:52,1,56,16.4,82,0.8,997.5,4,7,282,0.0,0,135.4,1
2026-01-25 09:35:53,1,56,16.4,82,0.8,997.4,7,9,212,0.0,0,136.3,1
2026-01-25 09:36:55,1,56,16.5,82,0.8,997.4,7,9,212,0.0,0,136.3,1
2026-01-25 09:37:55,1,56,16.5,82,0.8,997.5,7,9,212,0.0,0,136.3,1
2026-01-25 09:38:56,1,56,16.5,82,0.9,997.5,2,3,6,0.0,0,136.8,1
2026-01-25 09:39:57,1,56,16.5,81,0.9,997.5,0,5,24,0.0,0,135.9,1
2026-01-25 09:40:58,1,56,16.5,81,0.9,997.4,4,7,35,0.0,0,133.4,1
2026-01-25 09:41:59,1,56,16.5,81,1.0,997.4,6,7,54,0.0,0,132.6,1
2026-01-25 09:43:00,1,56,16.5,81,1.0,997.5,8,12,0,0.0,0,128.4,1
2026-01-25 09:44:01,1,56,16.5,80,0.9,997.6,3,18,16,0.0,0,128.2,1
2026-01-25 09:45:03,1,56,16.5,81,0.9,997.5,3,9,27,0.0,0,125.0,1
2026-01-25 09:46:03,1,56,16.5,81,0.8,997.5,3,12,70,0.0,0,124.6,1
2026-01-25 09:47:04,1,56,16.5,81,0.8,997.5,5,16,58,0.0,0,121.9,1
2026-01-25 09:48:05,1,56,16.5,81,0.9,997.6,3,16,61,0.0,0,122.3,1
2026-01-25 09:49:06,1,55,16.5,81,0.9,997.6,0,14,113,0.0,0,121.1,1
2026-01-25 09:50:08,1,55,16.5,81,0.9,997.5,3,5,69,0.0,0,122.3,1
2026-01-25 09:51:08,1,55,16.6,81,0.9,997.3,4,7,59,0.0,0,129.7,1
2026-01-25 09:52:09,1,55,16.6,80,1.1,997.5,3,5,318,0.0,0,125.9,1
2026-01-25 09:53:10,1,55,16.6,81,1.1,997.4,7,12,158,0.0,0,129.2,1
2026-01-25 09:54:11,1,55,16.6,80,1.1,997.2,3,9,82,0.0,0,124.8,1
2026-01-25 09:55:12,1,55,16.6,80,1.1,997.3,7,9,37,0.0,0,130.3,1
2026-01-25 09:56:13,1,55,16.6,80,1.1,997.3,5,9,44,0.0,0,132.3,1
2026-01-25 09:57:14,1,55,16.6,80,1.1,997.2,6,11,25,0.0,0,133.5,1
2026-01-25 09:58:15,1,55,16.6,81,1.1,997.3,5,11,10,0.0,0,130.3,1
2026-01-25 09:59:16,1,55,16.6,81,1.1,997.1,6,9,50,0.0,0,123.1,1
2026-01-25 10:00:17,1,55,16.6,80,1.0,997.3,3,12,358,0.0,0,126.5,1
2026-01-25 10:01:19,1,55,16.6,81,1.0,997.2,6,12,51,0.0,0,121.9,1
2026-01-25 10:02:19,1,55,16.6,81,1.0,997.1,6,12,46,0.0,0,118.5,1
2026-01-25 10:03:20,1,55,16.6,81,1.0,997.1,11,14,53,0.0,0,118.2,1
2026-01-25 10:04:21,1,55,16.7,80,0.9,997.3,7,14,31,0.0,0,115.2,1
2026-01-25 10:05:22,1,55,16.7,81,0.9,997.2,4,12,39,0.0,0,117.6,1
2026-01-25 10:06:23,1,55,16.7,81,0.8,997.0,0,7,39,0.0,0,98.5,0
2026-01-25 10:07:24,1,55,16.7,81,0.9,997.2,3,5,71,0.0,0,106.6,1
2026-01-25 10:08:25,1,55,16.7,81,1.0,997.2,0,9,17,0.0,0,136.1,1
2026-01-25 10:09:26,1,55,16.7,82,1.0,997.3,1,5,353,0.0,0,111.0,1
2026-01-25 10:10:27,1,55,16.7,81,1.1,997.1,6,7,37,0.0,0,100.4,0
2026-01-25 10:11:28,1,55,16.7,81,1.3,997.3,4,7,9,0.0,0,100.8,0
2026-01-25 10:12:29,1,55,16.7,81,1.3,997.3,3,7,45,0.0,0,95.2,0
2026-01-25 10:13:30,1,55,16.7,80,1.2,997.2,6,11,34,0.0,0,94.4,0
2026-01-25 10:14:31,1,55,16.7,80,1.2,997.2,6,11,46,0.0,0,93.8,0
2026-01-25 10:15:32,1,55,16.7,80,1.1,997.2,8,16,50,0.0,0,94.4,0
2026-01-25 10:16:34,1,55,16.7,80,1.1,997.3,0,16,354,0.0,0,83.8,0
2026-01-25 10:17:34,1,55,16.7,80,1.0,997.3,5,7,21,0.0,0,93.7,0
2026-01-25 10:18:35,1,55,16.7,81,1.0,997.4,5,12,68,0.0,0,92.3,0
2026-01-25 10:19:36,1,55,16.7,81,1.1,997.1,6,11,36,0.0,0,93.8,0
2026-01-25 10:20:37,1,55,16.7,81,1.1,997.3,1,11,19,0.0,0,105.6,1
2026-01-25 10:21:38,1,55,16.7,81,1.1,997.2,6,7,4,0.0,0,94.6,0
2026-01-25 10:22:39,1,55,16.7,80,1.2,997.2,4,9,36,0.0,0,96.2,0
2026-01-25 10:23:40,1,55,16.8,81,1.2,997.1,1,9,70,0.0,0,98.2,0
2026-01-25 10:24:41,1,55,16.8,81,1.2,997.3,3,5,16,0.0,0,97.8,0
2026-01-25 10:25:42,1,55,16.8,80,1.3,997.2,6,9,30,0.0,0,98.4,0
2026-01-25 10:26:43,1,55,16.8,81,1.3,997.4,5,9,19,0.0,0,98.8,0
2026-01-25 10:27:44,1,55,16.8,80,1.3,997.2,3,7,26,0.0,0,98.9,0
2026-01-25 10:28:47,1,55,16.8,81,1.3,997.3,0,7,33,0.0,0,144.8,1
2026-01-25 10:29:48,1,55,16.8,81,1.3,997.1,1,5,19,0.0,0,99.7,0
2026-01-25 10:30:48,1,55,16.8,80,1.3,997.3,3,5,22,0.0,0,101.3,0
2026-01-25 10:31:49,1,55,16.8,80,1.3,997.3,3,5,36,0.0,0,100.9,0
2026-01-25 10:32:50,1,55,16.8,79,1.3,997.1,2,9,28,0.0,0,98.7,0
2026-01-25 10:33:51,1,55,16.8,80,1.3,997.4,2,9,23,0.0,0,104.2,1
2026-01-25 10:34:52,1,55,16.8,80,1.3,997.2,0,9,37,0.0,0,98.7,0
2026-01-25 10:35:53,1,55,16.8,80,1.2,997.3,3,7,24,0.0,0,104.1,1
2026-01-25 10:36:54,1,55,16.8,80,1.2,997.2,2,11,21,0.0,0,103.2,1
2026-01-25 10:37:55,1,54,16.8,80,1.3,997.3,6,11,359,0.0,0,98.8,0
2026-01-25 10:38:56,1,54,16.8,80,1.3,997.4,3,9,37,0.0,0,98.1,0
2026-01-25 10:39:57,1,54,16.8,80,1.3,997.2,1,7,9,0.0,0,96.8,0
2026-01-25 10:40:58,1,54,16.8,80,1.3,997.2,0,7,27,0.0,0,96.4,0
2026-01-25 10:41:59,1,54,16.8,80,1.3,997.3,1,3,36,0.0,0,90.8,0
2026-01-25 10:43:00,1,54,16.9,80,1.4,997.2,1,3,108,0.0,0,89.8,0
2026-01-25 10:44:01,1,54,16.9,79,1.5,997.2,9,14,58,0.0,0,92.6,0
2026-01-25 10:45:02,1,54,16.9,78,1.7,997.2,0,14,353,0.0,0,96.9,0
2026-01-25 10:46:03,1,54,16.9,78,1.7,997.3,1,5,45,0.0,0,88.1,0
2026-01-25 10:47:04,1,54,16.9,78,1.7,997.3,1,3,65,0.0,0,102.6,1
2026-01-25 10:48:05,1,54,16.9,79,1.7,997.2,0,3,72,0.0,0,109.1,1
2026-01-25 10:49:06,1,54,16.9,78,1.8,997.4,2,7,89,0.0,0,98.9,0
2026-01-25 10:50:07,1,54,16.9,78,1.9,997.4,2,7,43,0.0,0,102.1,0
2026-01-25 10:51:08,1,54,16.9,78,1.9,997.2,2,5,96,0.0,0,104.4,1
2026-01-25 10:52:09,1,54,16.9,78,1.9,997.2,2,7,85,0.0,0,110.5,1
2026-01-25 10:53:11,1,54,16.9,78,1.9,997.1,1,9,30,0.0,0,82.5,0
2026-01-25 10:54:11,1,54,16.9,78,1.9,997.0,4,9,55,0.0,0,100.4,0
2026-01-25 10:55:12,1,54,16.9,78,1.8,997.1,0,7,21,0.0,0,94.3,0
2026-01-25 10:56:13,1,54,16.9,78,1.7,996.9,5,9,28,0.0,0,105.8,1
2026-01-25 10:57:14,1,54,16.9,79,1.7,996.9,4,9,36,0.0,0,103.5,1
2026-01-25 10:58:15,1,54,16.9,79,1.7,997.1,3,11,43,0.0,0,113.8,1
2026-01-25 10:59:16,1,54,16.9,79,1.7,996.9,1,11,67,0.0,0,125.9,1
2026-01-25 11:00:17,1,54,16.9,79,1.7,996.9,0,7,39,0.0,0,78.5,0
2026-01-25 11:01:19,1,54,16.9,80,1.7,996.9,1,7,56,0.0,0,135.4,1
2026-01-25 11:02:19,1,55,16.9,79,1.7,996.9,3,7,61,0.0,0,113.2,1
2026-01-25 11:03:20,1,55,16.9,79,1.8,996.9,3,7,44,0.0,0,96.8,0
2026-01-25 11:04:21,1,55,16.9,79,1.9,997.0,2,7,37,0.0,0,123.8,1
2026-01-25 11:05:23,1,55,17.0,79,1.9,997.0,3,7,73,0.0,0,107.0,1
2026-01-25 11:06:23,1,55,16.9,79,1.9,997.0,4,9,33,0.0,0,122.9,1
2026-01-25 11:07:24,1,55,17.0,79,2.0,997.0,6,9,40,0.0,0,117.3,1
2026-01-25 11:08:25,1,55,17.0,79,2.0,997.1,3,9,60,0.0,0,118.9,1
2026-01-25 11:09:26,1,55,17.0,79,1.9,997.1,4,9,52,0.0,0,124.9,1
2026-01-25 11:10:27,1,55,17.0,79,1.9,997.2,2,9,48,0.0,0,85.4,0
2026-01-25 11:11:28,1,55,17.0,79,1.8,997.2,2,9,39,0.0,0,123.9,1
2026-01-25 11:12:29,1,55,17.0,80,1.8,997.0,3,7,99,0.0,0,128.7,1
2026-01-25 11:13:30,1,55,17.0,79,1.8,997.1,2,7,53,0.0,0,125.9,1
2026-01-25 11:14:31,1,55,17.0,79,1.8,997.1,1,7,36,0.0,0,122.6,1
2026-01-25 11:15:32,1,55,17.0,79,1.9,996.9,2,7,339,0.0,0,128.2,1
2026-01-25 11:16:33,1,55,17.0,79,1.8,997.0,3,12,3,0.0,0,119.3,1
2026-01-25 11:17:34,1,55,17.1,79,1.8,997.0,3,11,24,0.0,0,123.5,1
2026-01-25 11:18:36,1,55,17.0,79,1.8,997.0,7,9,48,0.0,0,122.2,1
2026-01-25 11:19:36,1,55,17.0,79,1.8,996.9,5,11,68,0.0,0,117.6,1
2026-01-25 11:20:38,1,55,17.0,79,1.7,997.1,5,11,43,0.0,0,100.8,0
2026-01-25 11:21:38,1,55,17.0,79,1.7,996.9,1,9,18,0.0,0,93.0,0
2026-01-25 11:22:39,1,55,17.0,79,1.7,996.9,2,12,68,0.0,0,86.5,0
2026-01-25 11:23:40,1,55,17.0,80,1.6,996.9,1,11,62,0.0,0,91.2,0
2026-01-25 11:24:41,1,55,17.0,80,1.6,997.0,1,3,229,0.0,0,89.0,0
2026-01-25 11:25:42,1,55,17.0,80,1.7,997.0,2,5,326,0.0,0,90.0,0
2026-01-25 11:26:43,1,55,17.0,79,1.9,996.9,1,5,353,0.0,0,88.4,0
2026-01-25 11:27:44,1,55,17.0,79,2.0,996.9,4,5,43,0.0,0,88.2,0
2026-01-25 11:28:45,1,55,17.0,79,2.0,996.9,3,5,46,0.0,0,87.8,0
2026-01-25 11:29:46,1,55,17.0,79,2.1,997.1,4,7,47,0.0,0,88.5,0
2026-01-25 11:30:47,1,54,17.0,79,2.1,997.0,3,7,74,0.0,0,89.4,0
2026-01-25 11:31:48,1,55,17.0,79,2.1,996.9,4,7,45,0.0,0,90.2,0
2026-01-25 11:32:49,1,54,17.0,79,2.1,996.9,0,7,54,0.0,0,89.5,0
2026-01-25 11:33:50,1,54,17.0,79,2.1,996.9,0,5,30,0.0,0,87.1,0
2026-01-25 11:34:51,1,54,17.0,79,2.1,997.1,1,3,27,0.0,0,88.1,0
2026-01-25 11:35:52,1,54,17.0,78,2.2,996.8,2,7,95,0.0,0,88.3,0
2026-01-25 11:36:53,1,54,17.0,78,2.2,997.1,2,7,16,0.0,0,88.2,0
2026-01-25 11:37:54,1,54,17.0,79,2.2,996.9,2,5,12,0.0,0,88.2,0
2026-01-25 11:38:55,1,54,17.0,79,2.2,996.9,0,5,19,0.0,0,90.4,0
2026-01-25 11:39:57,1,54,17.0,79,2.2,996.9,9,11,23,0.0,0,90.8,0
2026-01-25 11:40:57,1,54,17.0,78,2.2,997.0,3,11,348,0.0,0,91.4,0
2026-01-25 11:41:58,1,54,17.0,78,2.3,996.9,4,7,6,0.0,0,91.3,0
2026-01-25 11:42:59,1,54,17.0,79,2.3,996.9,2,7,45,0.0,0,91.8,0
2026-01-25 11:44:00,1,54,17.1,78,2.3,996.8,7,9,86,0.0,0,92.1,0
2026-01-25 11:45:04,1,54,17.1,78,2.4,996.8,3,9,72,0.0,0,92.5,0
2026-01-25 11:46:02,1,54,17.0,77,2.4,996.9,6,9,111,0.0,0,92.9,0
2026-01-25 11:47:03,1,54,17.0,77,2.4,996.8,0,9,56,0.0,0,92.8,0
2026-01-25 11:48:04,1,54,17.0,78,2.4,997.0,4,5,35,0.0,0,93.2,0
2026-01-25 11:49:05,1,54,17.1,78,2.4,996.9,2,9,46,0.0,0,93.1,0
2026-01-25 11:50:06,1,54,17.0,79,2.4,996.9,0,5,33,0.0,0,93.2,0
2026-01-25 11:51:07,1,54,17.0,78,2.4,996.9,7,9,40,0.0,0,94.0,0
2026-01-25 11:52:08,1,54,17.1,78,2.4,996.7,5,11,84,0.0,0,93.2,0
2026-01-25 11:53:09,1,54,17.1,78,2.4,997.0,7,11,43,0.0,0,92.5,0
2026-01-25 11:54:11,1,54,17.1,79,2.3,997.0,6,11,56,0.0,0,91.9,0
2026-01-25 11:55:13,1,54,17.1,79,2.3,996.8,5,11,31,0.0,0,91.3,0
2026-01-25 11:56:14,1,54,17.1,79,2.3,996.7,3,7,22,0.0,0,89.7,0
2026-01-25 11:57:13,1,54,17.1,78,2.4,996.8,1,5,34,0.0,0,91.5,0
2026-01-25 11:58:22,1,54,17.1,79,2.4,996.8,3,5,47,0.0,0,90.8,0
2026-01-25 11:59:15,1,54,17.1,78,2.4,996.7,1,9,357,0.0,0,93.6,0
2026-01-25 12:00:16,1,54,17.0,78,2.5,996.8,4,12,46,0.0,0,94.1,0
2026-01-25 12:01:18,1,54,17.0,79,2.5,996.8,6,9,69,0.0,0,99.7,0
2026-01-25 12:02:19,1,54,17.1,79,2.5,996.7,5,7,67,0.0,0,114.9,1
2026-01-25 12:03:19,1,54,17.0,79,2.5,996.7,2,7,91,0.0,0,124.7,1
2026-01-25 12:04:20,1,54,17.0,78,2.5,996.6,8,12,17,0.0,0,124.2,1
2026-01-25 12:05:21,1,54,17.1,78,2.6,996.7,7,12,61,0.0,0,124.0,1
2026-01-25 12:06:22,1,54,17.1,78,2.5,996.9,6,9,51,0.0,0,129.0,1
2026-01-25 12:07:23,1,54,17.1,77,2.5,996.7,1,9,98,0.0,0,125.9,1
2026-01-25 12:08:24,1,54,17.0,77,2.5,996.7,0,11,57,0.0,0,109.4,1
2026-01-25 12:09:25,1,54,17.1,78,2.5,996.7,4,11,104,0.0,0,120.0,1
2026-01-25 12:10:26,1,54,17.0,77,2.6,996.8,4,11,55,0.0,0,121.2,1
2026-01-25 12:11:27,1,54,17.1,78,2.6,996.6,7,11,34,0.0,0,130.6,1
2026-01-25 12:12:37,1,54,17.1,78,2.6,996.6,10,12,1,0.0,0,125.3,1
2026-01-25 12:13:39,1,55,17.1,78,2.5,996.8,3,14,53,0.0,0,128.0,1
2026-01-25 12:14:30,1,55,17.2,79,2.5,996.8,3,14,58,0.0,0,124.8,1
2026-01-25 12:15:31,1,55,17.3,79,2.5,996.7,3,7,51,0.0,0,124.5,1
2026-01-25 12:16:37,1,55,17.5,79,2.5,996.6,7,12,35,0.0,0,126.2,1
2026-01-25 12:17:34,1,54,17.6,78,2.6,996.8,3,12,37,0.0,0,129.7,1
2026-01-25 12:18:34,1,54,17.8,79,2.6,996.5,2,11,61,0.0,0,124.7,1
2026-01-25 12:19:35,1,54,17.9,79,2.6,996.6,11,14,99,0.0,0,124.2,1
2026-01-25 12:20:36,1,54,18.0,78,2.7,996.7,7,18,24,0.0,0,123.9,1
2026-01-25 12:21:37,1,54,18.1,78,2.7,996.7,5,11,74,0.0,0,123.0,1
2026-01-25 12:22:38,1,53,18.2,78,2.7,996.7,2,9,35,0.0,0,128.8,1
2026-01-25 12:23:39,1,53,18.3,78,2.7,996.7,6,9,56,0.0,0,113.9,1
2026-01-25 12:24:40,1,53,18.4,78,2.7,996.6,5,9,66,0.0,0,117.2,1
2026-01-25 12:25:41,1,52,18.4,78,2.7,996.7,6,9,48,0.0,0,127.0,1
2026-01-25 12:26:42,1,52,18.5,78,2.7,996.5,7,9,46,0.0,0,122.2,1
2026-01-25 12:27:43,1,52,18.5,78,2.7,996.6,5,12,38,0.0,0,121.7,1
2026-01-25 12:28:44,1,52,18.5,78,2.7,996.6,6,12,47,0.0,0,120.6,1
2026-01-25 12:29:46,1,52,18.5,78,2.7,996.7,6,12,46,0.0,0,120.1,1
2026-01-25 12:30:46,1,52,18.5,78,2.7,996.7,5,12,43,0.0,0,119.5,1
2026-01-25 12:31:47,1,52,18.5,78,2.6,996.4,3,11,71,0.0,0,110.5,1
2026-01-25 12:32:48,1,53,18.5,78,2.6,996.6,6,11,45,0.0,0,109.6,1
2026-01-25 12:33:50,1,53,18.5,78,2.7,996.5,5,9,48,0.0,0,106.5,1
2026-01-25 12:34:50,1,53,18.5,78,2.7,996.6,6,12,50,0.0,0,111.0,1
2026-01-25 12:35:51,1,53,18.5,78,2.7,996.6,8,12,49,0.0,0,108.3,1
2026-01-25 12:36:52,1,53,18.5,77,2.8,996.6,7,11,35,0.0,0,102.9,1
2026-01-25 12:37:53,1,53,18.5,77,2.8,996.5,6,11,41,0.0,0,105.1,1
2026-01-25 12:38:54,1,53,18.5,77,2.8,996.5,6,12,39,0.0,0,100.2,0
2026-01-25 12:39:55,1,53,18.5,77,2.7,996.4,5,9,53,0.0,0,93.9,0
2026-01-25 12:40:56,1,53,18.4,77,2.7,996.6,5,12,46,0.0,0,91.6,0
2026-01-25 12:41:57,1,53,18.4,77,2.7,996.6,6,12,36,0.0,0,89.1,0
2026-01-25 12:42:58,1,53,18.4,78,2.7,996.7,4,12,45,0.0,0,88.4,0
2026-01-25 12:43:59,1,53,18.4,78,2.8,996.3,3,11,59,0.0,0,89.8,0
2026-01-25 12:45:00,1,53,18.4,78,2.8,996.5,8,12,35,0.0,0,90.7,0
2026-01-25 12:46:01,1,53,18.3,77,2.8,996.5,5,12,60,0.0,0,91.2,0
2026-01-25 12:47:02,1,53,18.3,77,2.8,996.5,4,11,35,0.0,0,92.0,0
2026-01-25 12:48:03,1,53,18.3,77,2.8,996.6,4,7,44,0.0,0,91.8,0
2026-01-25 12:49:04,1,53,18.3,77,2.8,996.4,5,9,27,0.0,0,93.0,0
2026-01-25 12:50:05,1,53,18.2,77,2.8,996.4,3,9,40,0.0,0,94.6,0
2026-01-25 12:51:06,1,53,18.2,77,2.9,996.5,6,9,61,0.0,0,93.6,0
2026-01-25 12:52:07,1,53,18.2,77,2.9,996.5,6,9,62,0.0,0,88.8,0
2026-01-25 12:53:09,1,53,18.1,76,2.9,996.4,6,9,31,0.0,0,93.9,0
2026-01-25 12:54:09,1,53,18.1,77,2.9,996.5,3,9,47,0.0,0,96.9,0
2026-01-25 12:55:11,1,53,18.1,77,2.9,996.4,6,11,60,0.0,0,95.0,0
2026-01-25 12:56:11,1,53,18.0,76,3.0,996.5,5,11,46,0.0,0,90.0,0
2026-01-25 12:57:13,1,53,18.0,76,3.0,996.4,6,14,53,0.0,0,92.8,0
2026-01-25 12:58:13,1,53,18.0,76,3.0,996.3,6,14,35,0.0,0,95.5,0
2026-01-25 12:59:14,1,53,18.0,76,3.0,996.4,6,12,52,0.0,0,93.1,0
2026-01-25 13:00:15,1,53,17.9,76,2.9,996.3,2,11,55,0.0,0,97.3,0
2026-01-25 13:01:17,1,53,17.9,76,2.9,996.3,8,16,46,0.0,0,100.6,0
2026-01-25 13:02:17,1,53,17.8,76,3.0,996.3,6,16,45,0.0,0,102.7,1
2026-01-25 13:03:18,1,53,17.8,76,3.0,996.3,7,11,44,0.0,0,99.8,0
2026-01-25 13:04:19,1,53,17.8,76,3.0,996.5,6,12,57,0.0,0,101.4,0
2026-01-25 13:05:21,1,53,17.8,77,3.0,996.5,3,12,44,0.0,0,103.7,1
2026-01-25 13:06:21,1,53,17.8,76,3.0,996.5,3,11,49,0.0,0,102.4,0
2026-01-25 13:07:22,1,54,17.8,76,3.1,996.4,2,11,37,0.0,0,101.1,0
2026-01-25 13:08:23,1,54,17.7,77,3.1,996.5,6,9,39,0.0,0,98.6,0
2026-01-25 13:09:24,1,54,17.7,76,3.1,996.4,8,12,48,0.0,0,99.1,0
2026-01-25 13:10:25,1,54,17.7,76,3.1,996.4,4,12,43,0.0,0,102.9,1
2026-01-25 13:11:26,1,54,17.7,76,3.1,996.3,3,11,41,0.0,0,97.6,0
2026-01-25 13:12:27,1,54,17.7,76,3.1,996.4,5,9,28,0.0,0,98.9,0
2026-01-25 13:13:28,1,54,17.6,76,3.1,996.4,8,11,29,0.0,0,102.6,0
2026-01-25 13:14:29,1,54,17.6,76,3.1,996.3,4,11,51,0.0,0,103.6,1
2026-01-25 13:15:30,1,54,17.6,76,3.1,996.5,5,11,52,0.0,0,104.2,1
2026-01-25 13:16:31,1,54,17.6,76,3.1,996.3,8,11,39,0.0,0,98.5,0
2026-01-25 13:17:32,1,54,17.6,76,3.1,996.3,2,11,27,0.0,0,107.8,1
2026-01-25 13:18:33,1,54,17.5,76,3.1,996.3,2,11,46,0.0,0,85.3,0
2026-01-25 13:19:34,1,54,17.5,76,3.1,996.4,9,12,56,0.0,0,103.8,1
2026-01-25 13:20:35,1,54,17.5,76,3.1,996.3,4,12,44,0.0,0,103.8,1
2026-01-25 13:21:36,1,54,17.5,76,3.2,996.3,7,9,52,0.0,0,103.0,1
2026-01-25 13:22:37,1,54,17.5,75,3.2,996.3,1,9,36,0.0,0,105.5,1
2026-01-25 13:23:38,1,54,17.4,75,3.2,996.4,3,5,29,0.0,0,99.5,0
2026-01-25 13:24:42,1,54,17.4,75,3.2,996.4,2,9,86,0.0,0,107.4,1
2026-01-25 13:25:40,1,54,17.4,75,3.3,996.3,5,9,14,0.0,0,102.9,1
2026-01-25 13:26:41,1,54,17.4,75,3.3,996.4,2,9,24,0.0,0,105.5,1
2026-01-25 13:27:42,1,54,17.4,74,3.5,996.4,3,7,31,0.0,0,106.0,1
2026-01-25 13:28:43,1,54,17.4,74,3.5,996.5,0,7,67,0.0,0,125.5,1
2026-01-25 13:29:44,1,54,17.3,75,3.5,996.4,2,5,358,0.0,0,108.8,1
2026-01-25 13:30:45,1,54,17.3,75,3.5,996.4,0,5,16,0.0,0,99.6,0
2026-01-25 13:31:46,1,54,17.3,75,3.6,996.4,6,9,107,0.0,0,107.0,1
2026-01-25 13:32:47,1,54,17.3,74,3.6,996.4,5,9,41,0.0,0,109.5,1
2026-01-25 13:33:48,1,54,17.3,73,3.6,996.3,5,12,90,0.0,0,104.2,1
2026-01-25 13:34:49,1,54,17.3,73,3.6,996.5,5,14,87,0.0,0,106.2,1
2026-01-25 13:35:50,1,54,17.3,74,3.4,996.4,3,14,28,0.0,0,110.6,1
2026-01-25 13:36:51,1,54,17.2,75,3.3,996.3,2,5,11,0.0,0,109.8,1
2026-01-25 13:37:52,1,54,17.2,75,3.2,996.4,1,7,44,0.0,0,98.3,0
2026-01-25 13:38:53,1,55,17.2,75,3.3,996.5,1,5,20,0.0,0,114.3,1
2026-01-25 13:39:55,1,55,17.2,75,3.3,996.4,1,3,17,0.0,0,118.2,1
2026-01-25 13:40:55,1,55,17.2,74,3.4,996.3,2,3,42,0.0,0,84.8,0
2026-01-25 13:41:56,1,55,17.2,74,3.5,996.3,2,7,28,0.0,0,109.9,1
2026-01-25 13:42:59,1,55,17.2,74,3.5,996.4,0,9,40,0.0,0,113.7,1
2026-01-25 13:43:58,1,55,17.2,74,3.5,996.5,6,9,41,0.0,0,105.4,1
2026-01-25 13:44:59,1,55,17.1,74,3.4,996.3,3,7,21,0.0,0,106.0,1
2026-01-25 13:46:01,1,55,17.1,75,3.4,996.3,2,7,25,0.0,0,109.0,1
2026-01-25 13:47:06,1,55,17.1,74,3.4,996.5,7,11,41,0.0,0,112.4,1
2026-01-25 13:48:02,1,55,17.1,75,3.4,996.3,5,11,35,0.0,0,115.5,1
2026-01-25 13:49:03,1,55,17.1,75,3.3,996.4,8,14,61,0.0,0,116.8,1
2026-01-25 13:50:04,1,55,17.1,76,3.2,996.3,3,14,33,0.0,0,115.4,1
2026-01-25 13:51:05,1,55,17.1,76,3.2,996.3,5,12,40,0.0,0,110.5,1
2026-01-25 13:52:06,1,55,17.1,76,3.1,996.5,12,16,48,0.0,0,108.7,1
2026-01-25 13:53:07,1,55,17.0,77,3.1,996.3,9,16,43,0.0,0,106.6,1
2026-01-25 13:54:08,1,55,17.0,77,3.0,996.3,10,14,35,0.0,0,104.0,1
2026-01-25 13:55:09,1,55,17.0,77,3.0,996.4,5,14,57,0.0,0,104.2,1
2026-01-25 13:56:10,1,55,17.0,77,3.0,996.4,5,12,39,0.0,0,105.8,1
2026-01-25 13:57:11,1,55,17.0,77,3.0,996.2,6,12,43,0.0,0,107.7,1
2026-01-25 13:58:12,1,56,17.0,77,3.0,996.3,8,14,60,0.0,0,106.5,1
2026-01-25 13:59:13,1,56,17.0,76,2.9,996.3,6,14,48,0.0,0,104.7,1
2026-01-25 14:00:14,1,56,17.0,77,2.9,996.4,10,12,49,0.0,0,102.2,0
2026-01-25 14:01:16,1,56,17.0,77,2.9,996.4,7,11,34,0.0,0,99.9,0
2026-01-25 14:02:16,1,56,16.9,77,2.9,996.2,6,11,42,0.0,0,96.6,0
2026-01-25 14:03:17,1,56,16.9,77,2.9,996.2,7,14,33,0.0,0,93.8,0
2026-01-25 14:04:18,1,56,16.9,77,2.8,996.4,10,14,60,0.0,0,94.4,0
2026-01-25 14:05:19,1,56,16.9,77,2.8,996.4,3,16,47,0.0,0,96.6,0
2026-01-25 14:06:20,1,56,16.9,78,2.8,996.3,6,16,79,0.0,0,98.3,0
2026-01-25 14:07:21,1,56,16.9,77,2.8,996.2,4,11,19,0.0,0,99.6,0
2026-01-25 14:08:23,1,56,16.9,77,2.8,996.2,3,12,36,0.0,0,95.2,0
2026-01-25 14:09:23,1,56,16.9,77,2.9,996.3,8,11,34,0.0,0,94.2,0
2026-01-25 14:10:24,1,57,16.9,77,2.9,996.4,2,11,37,0.0,0,92.0,0
2026-01-25 14:11:25,1,57,16.8,77,2.9,996.3,2,7,98,0.0,0,89.6,0
2026-01-25 14:12:26,1,57,16.8,76,3.0,996.4,2,7,93,0.0,0,88.5,0
2026-01-25 14:13:27,1,57,16.8,76,3.0,996.3,2,7,331,0.0,0,88.1,0
2026-01-25 14:14:28,1,57,16.8,75,3.0,996.5,5,20,54,0.0,0,87.0,0
2026-01-25 14:15:29,1,57,16.8,75,3.0,996.5,1,20,26,0.0,0,88.3,0
2026-01-25 14:16:32,1,57,16.8,76,2.9,996.3,1,9,64,0.0,0,87.9,0
2026-01-25 14:17:31,1,57,16.8,75,2.9,996.3,9,12,46,0.0,0,86.9,0
2026-01-25 14:18:32,1,58,16.8,75,2.9,996.3,3,14,28,0.0,0,84.8,0
2026-01-25 14:19:33,1,58,16.9,75,2.9,996.3,5,14,64,0.0,0,82.8,0
2026-01-25 14:20:34,1,59,16.9,76,2.8,996.3,5,9,27,0.0,0,80.1,0
2026-01-25 14:21:35,1,59,17.0,75,2.8,996.3,5,9,130,0.0,0,78.6,0
2026-01-25 14:22:36,1,59,17.2,76,2.8,996.4,5,9,71,0.0,0,78.1,0
2026-01-25 14:23:37,1,58,17.3,75,2.8,996.4,4,14,134,0.0,0,77.3,0
2026-01-25 14:24:38,1,58,17.4,76,2.8,996.4,8,12,64,0.0,0,77.4,0
2026-01-25 14:25:39,1,58,17.6,75,2.8,996.3,9,16,21,0.0,0,76.5,0
2026-01-25 14:26:40,1,58,17.7,76,2.7,996.4,5,16,46,0.0,0,76.8,0
2026-01-25 14:27:41,1,57,17.8,76,2.6,996.1,3,12,33,0.0,0,76.7,0
2026-01-25 14:28:42,1,57,17.9,76,2.6,996.4,3,11,27,0.0,0,75.1,0
2026-01-25 14:29:43,1,57,18.0,76,2.6,996.3,4,7,33,0.0,0,73.8,0
2026-01-25 14:30:44,1,57,18.0,76,2.6,996.4,0,7,317,0.0,0,73.0,0
2026-01-25 14:31:46,1,57,18.1,76,2.6,996.6,1,9,60,0.0,0,72.8,0
2026-01-25 14:32:46,1,57,18.1,76,2.7,996.4,2,7,74,0.0,0,73.7,0
2026-01-25 14:33:47,1,56,18.2,76,2.7,996.4,6,11,64,0.0,0,73.3,0
2026-01-25 14:34:48,1,56,18.2,76,2.7,996.4,0,11,31,0.0,0,72.5,0
2026-01-25 14:35:49,1,56,18.2,76,2.7,996.4,4,9,10,0.0,0,71.2,0
2026-01-25 14:36:50,1,56,18.2,76,2.7,996.4,1,9,51,0.0,0,70.1,0
2026-01-25 14:37:51,1,56,18.2,76,2.7,996.4,2,5,29,0.0,0,69.2,0
2026-01-25 14:38:52,1,56,18.2,76,2.7,996.3,7,9,42,0.0,0,67.4,0
2026-01-25 14:39:53,1,56,18.2,76,2.7,996.5,3,9,40,0.0,0,66.1,0
2026-01-25 14:40:55,1,56,18.2,76,2.7,996.2,6,9,54,0.0,0,65.2,0
2026-01-25 14:41:55,1,56,18.2,76,2.7,996.3,6,9,62,0.0,0,65.1,0
2026-01-25 14:42:56,1,56,18.1,77,2.7,996.3,1,9,62,0.0,0,65.2,0
2026-01-25 14:43:57,1,56,18.1,77,2.6,996.4,3,9,52,0.0,0,64.1,0
2026-01-25 14:44:58,1,56,18.1,77,2.6,996.4,1,7,23,0.0,0,62.9,0
2026-01-25 14:45:59,1,56,18.1,77,2.7,996.2,6,9,36,0.0,0,61.4,0
2026-01-25 14:47:00,1,56,18.0,76,2.7,996.3,7,9,35,0.0,0,60.6,0
2026-01-25 14:48:01,1,56,18.0,76,2.7,996.2,6,11,30,0.0,0,59.8,0
2026-01-25 14:49:02,1,56,18.0,77,2.7,996.3,6,11,33,0.0,0,59.0,0
2026-01-25 14:50:04,1,56,17.9,77,2.7,996.2,1,12,56,0.0,0,58.4,0
2026-01-25 14:51:04,1,56,17.9,77,2.6,996.3,4,7,32,0.0,0,57.3,0
2026-01-25 14:52:05,1,56,17.9,77,2.6,996.2,3,7,20,0.0,0,56.7,0
2026-01-25 14:53:07,1,56,17.8,77,2.6,996.2,5,9,46,0.0,0,55.9,0
2026-01-25 14:54:07,1,56,17.8,77,2.6,996.1,7,9,92,0.0,0,55.0,0
2026-01-25 14:55:09,1,56,17.8,77,2.6,996.2,7,12,63,0.0,0,54.3,0
2026-01-25 14:56:09,1,56,17.7,77,2.6,996.1,5,12,59,0.0,0,53.5,0
2026-01-25 14:57:10,1,56,17.7,77,2.6,996.3,5,9,45,0.0,0,52.7,0
2026-01-25 14:58:11,1,56,17.7,77,2.6,996.1,1,11,37,0.0,0,52.0,0
2026-01-25 14:59:12,1,56,17.6,77,2.6,996.0,3,9,37,0.0,0,52.0,0
2026-01-25 15:00:14,1,57,17.6,77,2.6,996.1,2,7,40,0.0,0,52.1,0
2026-01-25 15:01:15,1,57,17.5,77,2.6,996.2,6,9,32,0.0,0,51.8,0
2026-01-25 15:02:15,1,57,17.5,77,2.6,996.2,9,12,72,0.0,0,51.4,0
2026-01-25 15:03:16,1,57,17.5,77,2.6,996.2,1,12,73,0.0,0,50.9,0
2026-01-25 15:04:17,1,57,17.4,77,2.6,996.1,1,5,57,0.0,0,49.9,0
2026-01-25 15:05:18,1,57,17.4,77,2.6,996.1,2,9,8,0.0,0,49.5,0
2026-01-25 15:06:19,1,57,17.3,77,2.7,996.2,8,11,51,0.0,0,49.3,0
2026-01-25 15:07:20,1,57,17.3,77,2.7,996.2,3,11,11,0.0,0,48.8,0
2026-01-25 15:08:21,1,57,17.3,77,2.6,996.1,5,11,39,0.0,0,48.4,0
2026-01-25 15:09:22,1,57,17.2,77,2.5,996.3,3,11,52,0.0,0,47.9,0
2026-01-25 15:10:25,1,57,17.2,78,2.5,996.3,2,7,62,0.0,0,47.6,0
2026-01-25 15:11:25,1,57,17.3,78,2.5,996.1,2,7,11,0.0,0,47.1,0
2026-01-25 15:12:25,1,57,17.4,78,2.6,996.3,6,11,37,0.0,0,46.6,0
2026-01-25 15:13:26,1,57,17.5,78,2.6,996.1,3,9,56,0.0,0,46.1,0
2026-01-25 15:14:27,1,57,17.5,78,2.6,996.1,3,7,25,0.0,0,45.5,0
2026-01-25 15:15:28,1,57,17.6,78,2.6,996.1,1,5,21,0.0,0,44.8,0
2026-01-25 15:16:30,1,57,17.8,78,2.6,996.3,0,7,39,0.0,0,44.4,0
2026-01-25 15:17:30,1,56,17.9,78,2.6,996.4,4,7,34,0.0,0,44.1,0
2026-01-25 15:18:31,1,56,18.0,77,2.6,996.3,6,9,33,0.0,0,43.8,0
2026-01-25 15:19:32,1,56,18.0,78,2.6,996.3,6,9,23,0.0,0,43.3,0
2026-01-25 15:20:33,1,56,18.1,78,2.5,996.3,8,11,36,0.0,0,42.7,0
2026-01-25 15:21:34,1,56,18.2,78,2.5,996.3,2,11,62,0.0,0,42.0,0
2026-01-25 15:22:35,1,55,18.3,78,2.4,996.2,3,9,40,0.0,0,41.5,0
2026-01-25 15:23:36,1,55,18.4,78,2.4,996.4,7,9,45,0.0,0,41.0,0
2026-01-25 15:24:37,1,55,18.4,78,2.4,996.3,6,12,55,0.0,0,40.3,0
2026-01-25 15:25:38,1,55,18.4,78,2.4,996.3,3,9,46,0.0,0,38.8,0
2026-01-25 15:26:39,1,55,18.4,78,2.3,996.3,9,12,55,0.0,0,37.1,0
2026-01-25 15:27:40,1,55,18.3,78,2.3,996.4,6,12,45,0.0,0,35.6,0
2026-01-25 15:28:41,1,55,18.3,78,2.3,996.4,6,11,63,0.0,0,34.5,0
2026-01-25 15:29:42,1,55,18.2,78,2.2,996.2,10,12,28,0.0,0,33.6,0
2026-01-25 15:30:43,1,55,18.1,79,2.2,996.4,3,14,32,0.0,0,32.5,0
2026-01-25 15:31:44,1,55,18.1,79,2.1,996.3,5,11,53,0.0,0,31.2,0
2026-01-25 15:32:45,1,55,18.0,79,2.1,996.4,5,12,15,0.0,0,30.1,0
2026-01-25 15:33:46,1,55,17.9,79,2.1,996.3,4,11,354,0.0,0,29.4,0
2026-01-25 15:34:47,1,55,17.9,79,2.1,996.3,8,11,27,0.0,0,29.1,0
2026-01-25 15:35:48,1,56,17.8,79,2.1,996.4,8,12,38,0.0,0,28.8,0
2026-01-25 15:36:49,1,56,17.7,79,2.1,996.4,5,12,55,0.0,0,28.2,0
2026-01-25 15:37:50,1,56,17.6,79,2.1,996.3,3,9,15,0.0,0,27.3,0
2026-01-25 15:38:51,1,56,17.6,79,2.1,996.3,2,9,70,0.0,0,26.3,0
2026-01-25 15:39:52,1,56,17.5,79,2.1,996.4,9,12,35,0.0,0,25.3,0
2026-01-25 15:40:53,1,56,17.5,79,2.1,996.3,6,12,50,0.0,0,24.7,0
2026-01-25 15:41:54,1,56,17.4,79,2.0,996.3,8,12,52,0.0,0,24.0,0
2026-01-25 15:42:55,1,56,17.4,79,2.0,996.3,8,11,78,0.0,0,23.3,0
2026-01-25 15:43:57,1,56,17.3,79,2.0,996.3,7,11,54,0.0,0,22.2,0
2026-01-25 15:44:57,1,56,17.3,79,2.0,996.1,4,11,48,0.0,0,20.8,0
2026-01-25 15:45:58,1,56,17.3,79,2.0,996.2,4,11,66,0.0,0,19.7,0
2026-01-25 15:46:59,1,57,17.2,80,1.9,996.3,6,11,62,0.0,0,18.6,0
2026-01-25 15:48:00,1,57,17.2,80,1.9,996.2,3,9,39,0.0,0,17.7,0
2026-01-25 15:49:01,1,57,17.1,80,1.9,996.2,4,14,35,0.0,0,16.9,0
2026-01-25 15:50:02,1,57,17.1,80,1.8,996.3,9,12,57,0.0,0,16.1,0
2026-01-25 15:51:03,1,57,17.1,80,1.8,996.1,7,12,18,0.0,0,15.4,0
2026-01-25 15:52:04,1,57,17.1,80,1.8,996.2,6,11,32,0.0,0,14.8,0
2026-01-25 15:53:05,1,57,17.0,80,1.7,996.2,8,12,38,0.0,0,14.0,0
2026-01-25 15:54:06,1,57,17.0,80,1.7,996.3,3,12,34,0.0,0,13.3,0
2026-01-25 15:55:07,1,57,17.0,80,1.6,996.2,2,5,53,0.0,0,12.6,0
2026-01-25 15:56:08,1,57,16.9,80,1.6,996.4,8,11,40,0.0,0,12.1,0
2026-01-25 15:57:09,1,57,16.9,80,1.6,996.1,6,12,58,0.0,0,11.8,0
2026-01-25 15:58:10,1,57,16.9,80,1.6,996.3,3,12,39,0.0,0,11.4,0
2026-01-25 15:59:11,1,57,16.9,80,1.6,996.3,5,12,28,0.0,0,11.1,0
2026-01-25 16:00:12,1,57,16.9,80,1.6,996.4,3,12,46,0.0,0,10.5,0
2026-01-25 16:01:14,1,57,16.8,80,1.6,996.4,2,11,50,0.0,0,9.8,0
2026-01-25 16:02:14,1,57,16.8,81,1.5,996.3,5,11,25,0.0,0,9.3,0
2026-01-25 16:03:15,1,57,16.8,81,1.5,996.3,3,9,56,0.0,0,8.7,0
2026-01-25 16:04:16,1,57,16.7,81,1.5,996.4,6,9,45,0.0,0,8.2,0
2026-01-25 16:05:17,1,57,16.7,81,1.5,996.4,2,11,30,0.0,0,7.7,0
2026-01-25 16:06:18,1,58,16.7,81,1.4,996.3,2,11,67,0.0,0,7.2,0
2026-01-25 16:07:19,1,58,16.7,81,1.4,996.4,6,12,44,0.0,0,6.8,0
2026-01-25 16:08:20,1,58,16.7,81,1.4,996.3,3,12,50,0.0,0,6.5,0
2026-01-25 16:09:21,1,58,16.6,81,1.4,996.3,3,7,36,0.0,0,6.0,0
2026-01-25 16:10:23,1,58,16.6,82,1.3,996.3,7,12,30,0.0,0,5.6,0
2026-01-25 16:11:23,1,58,16.6,82,1.3,996.2,3,12,36,0.0,0,5.2,0
2026-01-25 16:12:24,1,59,16.6,82,1.3,996.5,3,7,52,0.0,0,4.8,0
2026-01-25 16:13:25,1,61,16.7,82,1.3,996.5,5,9,23,0.0,0,4.4,0
2026-01-25 16:14:26,1,61,16.8,82,1.2,996.3,7,14,38,0.0,0,4.0,0
2026-01-25 16:15:27,1,61,16.9,82,1.2,996.2,0,14,50,0.0,0,3.6,0
2026-01-25 16:16:28,1,61,17.0,82,1.1,996.4,5,7,35,0.0,0,3.2,0
2026-01-25 16:17:29,1,61,17.2,82,1.1,996.3,3,12,58,0.0,0,2.9,0
2026-01-25 16:18:30,1,61,17.3,82,1.1,996.3,5,12,51,0.0,0,2.7,0
2026-01-25 16:19:31,1,61,17.4,82,1.0,996.4,3,11,54,0.0,0,2.5,0
2026-01-25 16:20:32,1,60,17.6,83,1.0,996.5,5,7,44,0.0,0,2.3,0
2026-01-25 16:21:34,1,60,17.7,82,1.0,996.3,3,14,31,0.0,0,2.0,0
2026-01-25 16:22:34,1,60,17.8,83,0.9,996.2,11,16,65,0.0,0,1.8,0
2026-01-25 16:23:35,1,59,17.8,83,0.9,996.3,8,16,33,0.0,0,1.7,0
2026-01-25 16:24:36,1,59,17.9,83,0.9,996.4,8,12,47,0.0,0,1.5,0
2026-01-25 16:25:37,1,59,18.0,83,0.8,996.2,6,11,63,0.0,0,1.4,0
2026-01-25 16:26:38,1,58,18.0,83,0.8,996.2,9,16,55,0.0,0,1.2,0
2026-01-25 16:27:39,1,58,18.0,83,0.8,996.2,9,14,47,0.0,0,1.1,0
2026-01-25 16:28:40,1,58,18.0,83,0.7,996.3,6,14,33,0.0,0,1.0,0
2026-01-25 16:29:41,1,58,18.0,83,0.7,996.4,5,11,23,0.0,0,0.9,0
2026-01-25 16:30:42,1,58,18.0,83,0.7,996.4,8,16,55,0.0,0,0.8,0
2026-01-25 16:31:43,1,58,18.1,83,0.7,996.4,9,12,58,0.0,0,0.7,0
2026-01-25 16:32:44,1,58,18.0,83,0.7,996.3,12,18,17,0.0,0,0.6,0
2026-01-25 16:33:45,1,58,18.0,83,0.6,996.2,8,18,80,0.0,0,0.5,0
2026-01-25 16:34:46,1,58,18.0,83,0.6,996.2,8,16,15,0.0,0,0.4,0
2026-01-25 16:35:47,1,58,18.0,83,0.6,996.4,9,18,78,0.0,0,0.4,0
2026-01-25 16:36:48,1,58,17.9,83,0.6,996.2,9,16,15,0.0,0,0.3,0
2026-01-25 16:37:49,1,58,17.9,83,0.6,996.3,6,16,61,0.0,0,0.3,0
2026-01-25 16:38:50,1,58,17.9,83,0.5,996.4,12,20,39,0.0,0,0.2,0
2026-01-25 16:39:51,1,58,17.9,83,0.5,996.3,8,20,35,0.0,0,0.2,0
2026-01-25 16:40:52,1,58,17.8,83,0.5,996.4,11,20,69,0.0,0,0.2,0
2026-01-25 16:41:53,1,58,17.8,83,0.5,996.3,9,16,27,0.0,0,0.1,0
2026-01-25 16:42:54,1,58,17.8,84,0.5,996.4,8,16,66,0.0,0,0.1,0
2026-01-25 16:43:55,1,58,17.7,84,0.5,996.4,7,12,33,0.0,0,0.1,0
2026-01-25 16:44:56,1,58,17.7,84,0.5,996.4,8,12,47,0.0,0,0.1,0
2026-01-25 16:45:57,1,58,17.7,84,0.5,996.3,14,18,17,0.0,0,0.1,0
2026-01-25 16:46:58,1,58,17.6,83,0.5,996.6,5,18,46,0.0,0,0.1,0
2026-01-25 16:47:59,1,58,17.6,84,0.5,996.4,10,16,37,0.0,0,0.1,0
2026-01-25 16:49:00,1,58,17.5,84,0.4,996.4,6,12,34,0.0,0,0.0,0
2026-01-25 16:50:01,1,58,17.5,84,0.4,996.6,8,14,46,0.0,0,0.0,0
2026-01-25 16:51:02,1,58,17.5,84,0.4,996.4,7,14,23,0.0,0,0.0,0
2026-01-25 16:52:03,1,58,17.4,84,0.4,996.5,8,18,78,0.0,0,0.0,0
2026-01-25 16:53:04,1,59,17.4,84,0.4,996.5,7,14,51,0.0,0,0.0,0
2026-01-25 16:54:05,1,59,17.4,84,0.4,996.4,3,14,7,0.0,0,0.0,0
2026-01-25 16:55:06,1,59,17.3,84,0.4,996.5,6,14,56,0.0,0,0.0,0
2026-01-25 16:56:07,1,59,17.3,84,0.3,996.7,5,12,88,0.0,0,0.0,0
2026-01-25 16:57:08,1,59,17.3,84,0.3,996.5,6,12,45,0.0,0,0.0,0
2026-01-25 16:58:09,1,59,17.2,84,0.3,996.5,8,12,26,0.0,0,0.0,0
2026-01-25 16:59:10,1,59,17.2,84,0.3,996.6,3,12,20,0.0,0,0.0,0
2026-01-25 17:00:11,1,59,17.2,84,0.3,996.7,4,11,58,0.0,0,0.0,0
2026-01-25 17:01:13,1,59,17.2,84,0.3,996.8,4,12,74,0.0,0,0.0,0
2026-01-25 17:02:13,1,59,17.1,84,0.3,996.8,11,12,33,0.0,0,0.0,0
2026-01-25 17:03:14,1,59,17.1,85,0.3,996.7,8,12,56,0.0,0,0.0,0
2026-01-25 17:04:15,1,59,17.0,85,0.2,996.8,7,12,80,0.0,0,0.0,0
2026-01-25 17:05:17,1,59,17.0,85,0.2,996.8,6,12,52,0.0,0,0.0,0
2026-01-25 17:06:17,1,59,17.0,85,0.2,996.7,2,12,29,0.0,0,0.0,0
2026-01-25 17:07:18,1,59,17.0,85,0.2,996.7,4,12,26,0.0,0,0.0,0
2026-01-25 17:08:19,1,59,16.9,85,0.2,996.5,7,11,36,0.0,0,0.0,0
2026-01-25 17:09:20,1,59,16.9,85,0.2,996.5,5,11,41,0.0,0,0.0,0
2026-01-25 17:10:22,1,59,16.9,85,0.2,996.6,6,11,44,0.0,0,0.0,0
2026-01-25 17:11:22,1,59,16.8,85,0.2,996.6,5,11,52,0.0,0,0.0,0
2026-01-25 17:12:23,1,59,16.8,85,0.2,996.5,6,12,48,0.0,0,0.0,0
2026-01-25 17:13:24,1,59,16.8,85,0.2,996.6,5,12,52,0.0,0,0.0,0
2026-01-25 17:14:25,1,59,16.8,85,0.2,996.4,6,12,51,0.0,0,0.0,0
2026-01-25 17:15:26,1,59,16.7,85,0.2,996.7,6,12,67,0.0,0,0.0,0
2026-01-25 17:16:27,1,59,16.8,85,0.2,996.5,7,12,35,0.0,0,0.0,0
2026-01-25 17:17:28,1,59,16.7,85,0.2,996.6,6,14,31,0.0,0,0.0,0
2026-01-25 17:18:29,1,59,16.7,85,0.2,996.6,2,14,62,0.0,0,0.0,0
2026-01-25 17:19:30,1,59,16.7,85,0.2,996.6,4,11,71,0.0,0,0.0,0
2026-01-25 17:20:31,1,59,16.7,85,0.2,996.7,3,9,65,0.0,0,0.0,0
2026-01-25 17:21:32,1,59,16.6,85,0.2,996.6,3,11,27,0.0,0,0.0,0
2026-01-25 17:22:33,1,59,16.6,85,0.2,996.4,2,12,49,0.0,0,0.0,0
2026-01-25 17:23:34,1,59,16.6,85,0.1,996.6,3,12,51,0.0,0,0.0,0
2026-01-25 17:24:35,1,59,16.6,85,0.1,996.7,5,12,82,0.0,0,0.0,0
2026-01-25 17:25:36,1,59,16.6,85,0.1,996.6,5,12,53,0.0,0,0.0,0
2026-01-25 17:26:38,1,59,16.5,85,0.1,996.5,4,11,42,0.0,0,0.0,0
2026-01-25 17:27:38,1,59,16.6,85,0.1,996.7,7,9,47,0.0,0,0.0,0
2026-01-25 17:28:39,1,59,16.5,85,0.1,996.8,3,11,43,0.0,0,0.0,0
2026-01-25 17:29:40,1,59,16.5,85,0.0,996.6,6,12,37,0.0,0,0.0,0
2026-01-25 17:30:41,1,59,16.5,85,0.0,996.7,3,12,47,0.0,0,0.0,0
2026-01-25 17:31:42,1,59,16.5,85,0.0,996.7,6,11,36,0.0,0,0.0,0
2026-01-25 17:32:43,1,59,16.5,86,0.0,996.6,6,11,42,0.0,0,0.0,0
2026-01-25 17:33:44,1,59,16.5,86,-0.1,996.4,2,9,43,0.0,0,0.0,0
2026-01-25 17:34:45,1,59,16.4,86,-0.1,996.6,5,11,27,0.0,0,0.0,0
2026-01-25 17:35:46,1,59,16.4,86,-0.1,996.6,9,14,62,0.0,0,0.0,0
2026-01-25 17:36:47,1,59,16.4,86,-0.1,996.5,2,14,58,0.0,0,0.0,0
2026-01-25 17:37:48,1,59,16.4,86,-0.1,996.7,7,12,83,0.0,0,0.0,0
2026-01-25 17:38:49,1,59,16.4,86,-0.1,996.6,5,12,62,0.0,0,0.0,0
2026-01-25 17:39:50,1,59,16.4,86,-0.1,996.7,8,11,45,0.0,0,0.0,0
2026-01-25 17:40:51,1,59,16.4,86,-0.1,996.6,6,12,47,0.0,0,0.0,0
2026-01-25 17:41:52,1,59,16.4,86,-0.1,996.6,4,12,53,0.0,0,0.0,0
2026-01-25 17:42:53,1,59,16.4,86,-0.1,996.6,6,7,51,0.0,0,0.0,0
2026-01-25 17:43:54,1,59,16.4,86,-0.1,996.7,4,12,63,0.0,0,0.0,0
2026-01-25 17:44:55,1,59,16.4,86,-0.2,996.6,5,9,34,0.0,0,0.0,0
2026-01-25 17:45:57,1,59,16.4,86,-0.2,996.6,3,12,61,0.0,0,0.0,0
2026-01-25 17:46:57,1,59,16.4,86,-0.2,996.6,3,12,46,0.0,0,0.0,0
2026-01-25 17:47:58,1,59,16.4,86,-0.2,996.7,3,11,34,0.0,0,0.0,0
2026-01-25 17:48:59,1,59,16.3,86,-0.2,996.6,2,9,31,0.0,0,0.0,0
2026-01-25 17:50:00,1,59,16.3,86,-0.2,996.7,7,11,56,0.0,0,0.0,0
2026-01-25 17:51:01,1,59,16.4,87,-0.2,996.7,6,11,39,0.0,0,0.0,0
2026-01-25 17:52:02,1,58,16.5,87,-0.2,996.7,6,11,50,0.0,0,0.0,0
2026-01-25 17:53:03,1,58,16.6,87,-0.3,996.8,7,11,39,0.0,0,0.0,0
2026-01-25 17:54:04,1,57,16.7,87,-0.3,996.8,12,14,49,0.0,0,0.0,0
2026-01-25 17:55:05,1,57,16.8,87,-0.3,996.8,7,14,68,0.0,0,0.0,0
2026-01-25 17:56:06,1,57,17.0,87,-0.3,996.8,6,12,55,0.0,0,0.0,0
2026-01-25 17:57:07,1,56,17.1,87,-0.3,996.8,6,11,39,0.0,0,0.0,0
2026-01-25 17:58:08,1,56,17.2,87,-0.3,996.7,7,11,49,0.0,0,0.0,0
2026-01-25 17:59:11,1,55,17.3,87,-0.3,996.7,6,11,31,0.0,0,0.0,0
2026-01-25 18:00:10,1,55,17.4,87,-0.3,996.8,4,9,70,0.0,0,0.0,0
2026-01-25 18:01:12,1,55,17.5,87,-0.3,996.7,6,12,50,0.0,0,0.0,0
2026-01-25 18:02:12,1,54,17.5,87,-0.3,996.7,7,12,75,0.0,0,0.0,0
2026-01-25 18:03:13,1,54,17.6,87,-0.3,996.7,6,11,64,0.0,0,0.0,0
2026-01-25 18:04:15,1,53,17.6,87,-0.3,996.7,6,11,61,0.0,0,0.0,0
2026-01-25 18:05:15,1,53,17.6,87,-0.3,996.7,3,11,51,0.0,0,0.0,0
2026-01-25 18:06:16,1,52,17.6,87,-0.3,996.8,6,11,50,0.0,0,0.0,0
2026-01-25 18:07:17,1,52,17.6,87,-0.3,996.8,2,11,33,0.0,0,0.0,0
2026-01-25 18:08:18,1,52,17.5,87,-0.3,996.6,3,9,57,0.0,0,0.0,0
2026-01-25 18:09:19,1,52,17.5,87,-0.3,996.9,3,12,77,0.0,0,0.0,0
2026-01-25 18:10:20,1,52,17.4,87,-0.3,996.8,3,14,54,0.0,0,0.0,0
2026-01-25 18:11:21,1,52,17.4,87,-0.3,996.7,7,12,34,0.0,0,0.0,0
2026-01-25 18:12:23,1,52,17.4,87,-0.3,996.7,9,12,38,0.0,0,0.0,0
2026-01-25 18:13:23,1,52,17.3,87,-0.3,996.9,5,12,38,0.0,0,0.0,0
2026-01-25 18:14:24,1,52,17.3,87,-0.3,996.7,6,12,78,0.0,0,0.0,0
2026-01-25 18:15:25,1,52,17.2,87,-0.3,996.8,8,12,25,0.0,0,0.0,0
2026-01-25 18:16:26,1,52,17.2,87,-0.3,996.9,6,12,41,0.0,0,0.0,0
2026-01-25 18:17:27,1,52,17.1,87,-0.3,996.8,5,11,74,0.0,0,0.0,0
2026-01-25 18:18:28,1,52,17.1,87,-0.3,996.8,6,9,25,0.0,0,0.0,0
2026-01-25 18:19:29,1,51,17.0,87,-0.3,996.9,5,14,60,0.0,0,0.0,0
2026-01-25 18:20:30,1,52,17.0,87,-0.3,996.7,6,14,65,0.0,0,0.0,0
2026-01-25 18:21:31,1,52,16.9,87,-0.4,996.9,10,12,41,0.0,0,0.0,0
2026-01-25 18:22:32,1,52,16.9,87,-0.4,996.7,5,12,59,0.0,0,0.0,0
2026-01-25 18:23:33,1,52,16.9,87,-0.4,996.8,7,14,42,0.0,0,0.0,0
2026-01-25 18:24:34,1,52,16.8,87,-0.4,996.9,5,11,55,0.0,0,0.0,0
2026-01-25 18:25:35,1,52,16.8,87,-0.4,997.0,6,14,30,0.0,0,0.0,0
2026-01-25 18:26:36,1,52,16.7,87,-0.4,996.9,4,14,59,0.0,0,0.0,0
2026-01-25 18:27:37,1,51,16.7,87,-0.4,996.8,6,11,44,0.0,0,0.0,0
2026-01-25 18:28:38,1,51,16.6,87,-0.4,996.8,2,12,43,0.0,0,0.0,0
2026-01-25 18:29:39,1,51,16.6,87,-0.4,996.8,7,12,48,0.0,0,0.0,0
2026-01-25 18:30:40,1,51,16.6,87,-0.4,996.9,5,12,24,0.0,0,0.0,0
2026-01-25 18:31:41,1,51,16.6,87,-0.4,996.8,8,12,57,0.0,0,0.0,0
2026-01-25 18:32:42,1,51,16.6,87,-0.4,996.8,8,12,37,0.0,0,0.0,0
2026-01-25 18:33:43,1,51,16.5,87,-0.4,997.0,10,14,49,0.0,0,0.0,0
2026-01-25 18:34:44,1,51,16.5,87,-0.4,996.7,4,14,38,0.0,0,0.0,0
2026-01-25 18:35:45,1,50,16.5,87,-0.5,996.8,8,12,34,0.0,0,0.0,0
2026-01-25 18:36:46,1,50,16.5,87,-0.5,996.9,2,12,43,0.0,0,0.0,0
2026-01-25 18:37:47,1,49,16.5,87,-0.5,997.0,3,12,48,0.0,0,0.0,0
2026-01-25 18:38:48,1,48,16.5,87,-0.4,996.7,4,12,42,0.0,0,0.0,0
2026-01-25 18:39:49,1,47,16.6,87,-0.4,996.9,4,7,43,0.0,0,0.0,0
2026-01-25 18:40:50,1,46,16.7,87,-0.5,996.9,10,11,50,0.0,0,0.0,0
2026-01-25 18:41:51,1,47,16.9,87,-0.5,996.7,5,11,33,0.0,0,0.0,0
2026-01-25 18:42:52,1,46,17.0,87,-0.5,996.9,7,9,50,0.0,0,0.0,0
2026-01-25 18:43:53,1,46,17.1,87,-0.5,996.8,5,9,47,0.0,0,0.0,0
2026-01-25 18:44:54,1,45,17.2,87,-0.5,996.8,7,11,68,0.0,0,0.0,0
2026-01-25 18:45:55,1,45,17.3,87,-0.5,996.9,7,11,21,0.0,0,0.0,0
2026-01-25 18:46:56,1,46,17.4,87,-0.5,996.9,6,11,62,0.0,0,0.0,0
2026-01-25 18:47:57,1,46,17.6,87,-0.5,996.9,5,11,64,0.0,0,0.0,0
2026-01-25 18:48:58,1,46,17.7,87,-0.5,996.8,4,11,73,0.0,0,0.0,0
2026-01-25 18:49:59,1,46,17.8,87,-0.5,997.0,6,11,43,0.0,0,0.0,0
2026-01-25 18:51:00,1,47,17.8,87,-0.5,996.9,3,9,47,0.0,0,0.0,0
2026-01-25 18:52:01,1,47,17.9,87,-0.6,997.0,3,9,44,0.0,0,0.0,0
2026-01-25 18:53:02,1,47,17.9,87,-0.6,997.0,3,5,49,0.0,0,0.0,0
2026-01-25 18:54:03,1,47,18.0,87,-0.6,997.0,5,9,61,0.0,0,0.0,0
2026-01-25 18:55:04,1,47,18.0,87,-0.6,996.9,3,9,48,0.0,0,0.0,0
2026-01-25 18:56:05,1,47,18.0,88,-0.6,996.8,3,7,28,0.0,0,0.0,0
2026-01-25 18:57:06,1,47,18.0,88,-0.6,996.8,2,5,39,0.0,0,0.0,0
2026-01-25 18:58:07,1,47,18.0,87,-0.7,996.9,5,9,42,0.0,0,0.0,0
2026-01-25 18:59:08,1,47,18.0,88,-0.7,996.9,3,7,44,0.0,0,0.0,0
2026-01-25 19:00:09,1,47,18.0,88,-0.7,997.1,4,7,38,0.0,0,0.0,0
2026-01-25 19:01:11,1,48,18.0,88,-0.7,997.0,3,7,50,0.0,0,0.0,0
2026-01-25 19:02:11,1,48,17.9,88,-0.7,997.1,4,7,38,0.0,0,0.0,0
2026-01-25 19:03:12,1,48,17.9,88,-0.7,997.0,2,7,23,0.0,0,0.0,0
2026-01-25 19:04:13,1,48,17.9,88,-0.8,997.0,5,7,39,0.0,0,0.0,0
2026-01-25 19:05:16,1,48,17.8,88,-0.8,997.0,3,7,41,0.0,0,0.0,0
2026-01-25 19:06:15,1,48,17.8,88,-0.8,997.0,2,5,36,0.0,0,0.0,0
2026-01-25 19:07:16,1,48,17.8,88,-0.8,997.0,6,12,70,0.0,0,0.0,0
2026-01-25 19:08:17,1,49,17.7,88,-0.8,996.9,3,9,31,0.0,0,0.0,0
2026-01-25 19:09:18,1,49,17.7,88,-0.8,996.9,2,5,43,0.0,0,0.0,0
2026-01-25 19:10:19,1,49,17.6,88,-0.8,997.0,0,7,49,0.0,0,0.0,0
2026-01-25 19:11:20,1,49,17.6,88,-0.8,997.0,4,7,33,0.0,0,0.0,0
2026-01-25 19:12:21,1,49,17.5,88,-0.9,996.8,2,7,44,0.0,0,0.0,0
2026-01-25 19:13:22,1,49,17.5,88,-0.9,997.0,3,5,32,0.0,0,0.0,0
2026-01-25 19:14:23,1,49,17.4,88,-0.9,997.1,3,7,35,0.0,0,0.0,0
2026-01-25 19:15:24,1,50,17.4,88,-0.9,997.0,6,9,41,0.0,0,0.0,0
2026-01-25 19:16:25,1,50,17.3,88,-0.9,997.0,4,9,44,0.0,0,0.0,0
2026-01-25 19:17:26,1,50,17.3,88,-0.9,997.0,2,7,60,0.0,0,0.0,0
2026-01-25 19:18:27,1,50,17.3,88,-0.9,996.8,2,7,38,0.0,0,0.0,0
2026-01-25 19:19:28,1,50,17.2,88,-0.9,997.0,2,7,35,0.0,0,0.0,0
2026-01-25 19:20:29,1,50,17.2,88,-0.9,997.0,5,7,34,0.0,0,0.0,0
2026-01-25 19:21:30,1,50,17.2,88,-0.9,996.9,1,7,55,0.0,0,0.0,0
2026-01-25 19:22:31,1,51,17.1,88,-0.9,997.0,2,3,22,0.0,0,0.0,0
2026-01-25 19:23:32,1,51,17.1,88,-0.9,996.8,3,5,40,0.0,0,0.0,0
2026-01-25 19:24:33,1,51,17.1,88,-0.9,996.9,2,5,26,0.0,0,0.0,0
2026-01-25 19:25:34,1,51,17.0,88,-0.9,996.9,3,5,47,0.0,0,0.0,0
2026-01-25 19:26:35,1,51,17.0,88,-1.0,997.1,1,5,28,0.0,0,0.0,0
2026-01-25 19:27:36,1,51,17.0,88,-1.0,996.9,4,5,38,0.0,0,0.0,0
2026-01-25 19:28:37,1,51,16.9,88,-1.0,996.8,3,5,22,0.0,0,0.0,0
2026-01-25 19:29:38,1,51,16.9,88,-1.0,996.9,2,5,47,0.0,0,0.0,0
2026-01-25 19:30:39,1,51,16.9,88,-1.0,996.9,3,5,46,0.0,0,0.0,0
2026-01-25 19:31:40,1,52,16.8,88,-1.0,996.9,3,5,31,0.0,0,0.0,0
2026-01-25 19:32:41,1,52,16.8,88,-1.0,996.9,1,3,39,0.0,0,0.0,0
2026-01-25 19:33:43,1,52,16.8,88,-1.0,996.8,3,5,28,0.0,0,0.0,0
2026-01-25 19:34:43,1,52,16.8,88,-1.0,997.0,3,5,18,0.0,0,0.0,0
2026-01-25 19:35:44,1,52,16.7,89,-1.1,996.8,2,5,51,0.0,0,0.0,0
2026-01-25 19:36:45,1,52,16.7,89,-1.1,997.0,2,5,39,0.0,0,0.0,0
2026-01-25 19:37:46,1,52,16.7,89,-1.1,996.9,3,7,50,0.0,0,0.0,0
2026-01-25 19:38:47,1,52,16.7,89,-1.1,996.9,2,5,39,0.0,0,0.0,0
2026-01-25 19:39:48,1,52,16.6,89,-1.1,997.0,3,5,30,0.0,0,0.0,0
2026-01-25 19:40:49,1,52,16.6,89,-1.1,996.9,2,5,45,0.0,0,0.0,0
2026-01-25 19:41:50,1,52,16.6,89,-1.1,996.9,3,5,34,0.0,0,0.0,0
2026-01-25 19:42:51,1,53,16.6,89,-1.1,996.9,3,5,27,0.0,0,0.0,0
2026-01-25 19:43:52,1,53,16.6,89,-1.1,996.8,1,5,32,0.0,0,0.0,0
2026-01-25 19:44:53,1,53,16.5,89,-1.1,997.0,1,5,46,0.0,0,0.0,0
2026-01-25 19:45:54,1,53,16.5,89,-1.2,997.0,1,5,32,0.0,0,0.0,0
2026-01-25 19:46:55,1,53,16.5,89,-1.2,997.0,0,3,34,0.0,0,0.0,0
2026-01-25 19:47:56,1,53,16.5,89,-1.2,996.9,1,3,34,0.0,0,0.0,0
2026-01-25 19:48:57,1,53,16.5,89,-1.2,996.8,1,3,45,0.0,0,0.0,0
2026-01-25 19:49:58,1,53,16.4,89,-1.2,997.1,1,3,29,0.0,0,0.0,0
2026-01-25 19:50:59,1,53,16.4,89,-1.2,997.0,2,3,28,0.0,0,0.0,0
2026-01-25 19:52:00,1,53,16.4,89,-1.2,996.9,2,3,34,0.0,0,0.0,0
2026-01-25 19:53:01,1,53,16.4,89,-1.2,996.9,2,3,28,0.0,0,0.0,0
2026-01-25 19:54:02,1,53,16.4,89,-1.2,996.8,0,3,33,0.0,0,0.0,0
2026-01-25 19:55:03,1,53,16.4,89,-1.2,996.8,4,7,70,0.0,0,0.0,0
2026-01-25 19:56:04,1,53,16.4,89,-1.2,996.9,3,7,53,0.0,0,0.0,0
2026-01-25 19:57:05,1,53,16.4,89,-1.2,996.8,2,5,31,0.0,0,0.0,0
2026-01-25 19:58:06,1,53,16.3,89,-1.2,996.8,3,5,56,0.0,0,0.0,0
2026-01-25 19:59:07,1,54,16.3,89,-1.2,997.0,3,5,32,0.0,0,0.0,0
2026-01-25 20:00:08,1,54,16.3,89,-1.2,996.9,2,7,32,0.0,0,0.0,0
2026-01-25 20:01:09,1,54,16.3,89,-1.2,996.8,1,3,21,0.0,0,0.0,0
2026-01-25 20:02:10,1,54,16.3,89,-1.2,996.9,3,5,37,0.0,0,0.0,0
2026-01-25 20:03:11,1,54,16.3,89,-1.2,996.8,1,5,29,0.0,0,0.0,0
2026-01-25 20:04:12,1,55,16.3,89,-1.2,996.8,2,5,36,0.0,0,0.0,0
2026-01-25 20:05:13,1,55,16.4,89,-1.3,997.1,2,5,32,0.0,0,0.0,0
2026-01-25 20:06:14,1,56,16.6,89,-1.3,996.9,5,5,48,0.0,0,0.0,0
2026-01-25 20:07:15,1,56,16.6,89,-1.3,996.9,3,5,35,0.0,0,0.0,0
2026-01-25 20:08:16,1,55,16.9,89,-1.3,997.0,1,5,29,0.0,0,0.0,0
2026-01-25 20:09:17,1,55,16.9,89,-1.3,997.0,2,7,14,0.0,0,0.0,0
2026-01-25 20:10:18,1,55,17.2,89,-1.3,996.9,3,7,35,0.0,0,0.0,0
2026-01-25 20:11:19,1,55,17.4,89,-1.3,997.0,3,7,40,0.0,0,0.0,0
2026-01-25 20:12:20,1,54,17.5,89,-1.3,997.1,3,7,26,0.0,0,0.0,0
2026-01-25 20:13:21,1,54,17.6,89,-1.3,996.8,4,7,45,0.0,0,0.0,0
2026-01-25 20:14:22,1,54,17.7,89,-1.4,996.9,5,7,44,0.0,0,0.0,0
2026-01-25 20:15:23,1,54,17.8,89,-1.4,997.0,5,7,48,0.0,0,0.0,0
2026-01-25 20:16:24,1,53,17.8,89,-1.4,997.1,3,7,26,0.0,0,0.0,0
2026-01-25 20:17:25,1,53,17.9,89,-1.4,997.0,4,5,35,0.0,0,0.0,0
2026-01-25 20:18:26,1,53,17.9,89,-1.4,997.0,3,7,48,0.0,0,0.0,0
2026-01-25 20:19:27,1,53,17.9,89,-1.4,997.1,2,5,40,0.0,0,0.0,0
2026-01-25 20:20:28,1,53,18.0,89,-1.4,997.1,2,5,37,0.0,0,0.0,0
2026-01-25 20:21:29,1,53,18.0,89,-1.4,997.0,2,5,27,0.0,0,0.0,0
2026-01-25 20:22:30,1,53,18.0,89,-1.5,996.9,2,5,28,0.0,0,0.0,0
2026-01-25 20:23:31,1,53,18.0,89,-1.5,997.0,2,5,30,0.0,0,0.0,0
2026-01-25 20:24:32,1,53,18.0,89,-1.5,997.2,4,7,34,0.0,0,0.0,0
2026-01-25 20:25:33,1,54,18.0,89,-1.5,997.0,1,7,29,0.0,0,0.0,0
2026-01-25 20:26:34,1,54,17.9,89,-1.5,997.0,3,5,36,0.0,0,0.0,0
2026-01-25 20:27:35,1,54,17.9,89,-1.5,997.0,1,5,40,0.0,0,0.0,0
2026-01-25 20:28:36,1,54,17.9,89,-1.5,997.1,6,9,48,0.0,0,0.0,0
2026-01-25 20:29:37,1,54,17.9,89,-1.5,996.9,3,7,72,0.0,0,0.0,0
2026-01-25 20:30:38,1,54,17.8,89,-1.5,997.2,3,7,46,0.0,0,0.0,0
2026-01-25 20:31:39,1,54,17.8,90,-1.5,997.0,4,5,32,0.0,0,0.0,0
2026-01-25 20:32:40,1,55,17.8,89,-1.5,997.1,2,5,39,0.0,0,0.0,0
2026-01-25 20:33:41,1,55,17.8,89,-1.5,997.1,3,3,36,0.0,0,0.0,0
2026-01-25 20:34:42,1,55,17.7,89,-1.5,997.1,3,5,39,0.0,0,0.0,0
2026-01-25 20:35:43,1,55,17.7,90,-1.6,997.1,2,5,40,0.0,0,0.0,0
2026-01-25 20:36:44,1,55,17.7,90,-1.6,997.1,2,5,44,0.0,0,0.0,0
2026-01-25 20:37:45,1,55,17.6,90,-1.6,997.2,2,3,54,0.0,0,0.0,0
2026-01-25 20:38:46,1,56,17.6,90,-1.6,997.2,2,5,39,0.0,0,0.0,0
2026-01-25 20:39:47,1,56,17.5,90,-1.6,997.3,2,5,33,0.0,0,0.0,0
2026-01-25 20:40:48,1,56,17.5,90,-1.6,997.2,4,7,34,0.0,0,0.0,0
2026-01-25 20:41:49,1,56,17.5,90,-1.6,997.0,1,7,35,0.0,0,0.0,0
2026-01-25 20:42:50,1,56,17.4,90,-1.6,997.2,2,5,41,0.0,0,0.0,0
2026-01-25 20:43:51,1,56,17.4,90,-1.6,997.2,5,7,41,0.0,0,0.0,0
2026-01-25 20:44:52,1,56,17.4,90,-1.6,997.1,2,7,46,0.0,0,0.0,0
2026-01-25 20:45:53,1,56,17.3,90,-1.6,997.3,2,5,32,0.0,0,0.0,0
2026-01-25 20:46:54,1,57,17.3,90,-1.6,997.0,4,5,46,0.0,0,0.0,0
2026-01-25 20:47:55,1,57,17.3,90,-1.6,997.2,2,5,34,0.0,0,0.0,0
2026-01-25 20:48:56,1,57,17.2,90,-1.6,997.1,3,5,28,0.0,0,0.0,0
2026-01-25 20:49:57,1,57,17.2,90,-1.6,997.2,1,5,47,0.0,0,0.0,0
2026-01-25 20:50:58,1,57,17.2,90,-1.6,997.1,5,5,27,0.0,0,0.0,0
2026-01-25 20:51:59,1,57,17.1,90,-1.6,997.2,3,5,43,0.0,0,0.0,0
2026-01-25 20:53:00,1,57,17.1,90,-1.6,996.9,2,5,39,0.0,0,0.0,0
2026-01-25 20:54:02,1,57,17.1,90,-1.6,997.3,3,5,37,0.0,0,0.0,0
2026-01-25 20:55:02,1,58,17.0,90,-1.7,997.3,3,5,24,0.0,0,0.0,0
2026-01-25 20:56:04,1,58,17.0,90,-1.7,997.3,3,5,32,0.0,0,0.0,0
2026-01-25 20:57:04,1,58,17.0,90,-1.7,997.3,3,5,40,0.0,0,0.0,0
2026-01-25 20:58:05,1,58,17.0,90,-1.7,997.5,4,7,25,0.0,0,0.0,0
2026-01-25 20:59:06,1,58,17.0,90,-1.7,997.5,2,7,31,0.0,0,0.0,0
2026-01-25 21:00:08,1,58,16.9,90,-1.7,997.4,5,7,38,0.0,0,0.0,0
2026-01-25 21:01:09,1,58,16.9,90,-1.7,997.2,3,7,37,0.0,0,0.0,0
2026-01-25 21:02:10,1,58,16.9,90,-1.7,997.5,3,5,38,0.0,0,0.0,0
2026-01-25 21:03:11,1,58,16.9,90,-1.6,997.4,1,3,32,0.0,0,0.0,0
2026-01-25 21:04:11,1,59,16.8,90,-1.6,997.4,0,5,23,0.0,0,0.0,0
2026-01-25 21:05:12,1,59,16.8,90,-1.6,997.4,1,7,33,0.0,0,0.0,0
2026-01-25 21:06:13,1,59,16.8,90,-1.6,997.4,2,7,30,0.0,0,0.0,0
2026-01-25 21:07:14,1,59,16.8,90,-1.7,997.3,1,7,47,0.0,0,0.0,0
2026-01-25 21:08:15,1,61,16.8,90,-1.7,997.4,3,5,23,0.0,0,0.0,0
2026-01-25 21:09:16,1,61,16.8,90,-1.7,997.4,3,5,35,0.0,0,0.0,0
2026-01-25 21:10:17,1,62,16.9,90,-1.7,997.3,2,7,36,0.0,0,0.0,0
2026-01-25 21:11:18,1,62,16.9,90,-1.7,997.3,0,7,38,0.0,0,0.0,0
2026-01-25 21:12:19,1,62,17.2,90,-1.7,997.4,1,1,37,0.0,0,0.0,0
2026-01-25 21:13:20,1,61,17.3,90,-1.7,997.3,2,3,38,0.0,0,0.0,0
2026-01-25 21:14:21,1,61,17.5,90,-1.7,997.4,0,3,34,0.0,0,0.0,0
2026-01-25 21:15:22,1,61,17.6,90,-1.7,997.4,1,3,31,0.0,0,0.0,0
2026-01-25 21:16:23,1,61,17.8,90,-1.7,997.4,1,3,31,0.0,0,0.0,0
2026-01-25 21:17:24,1,60,18.0,90,-1.7,997.3,2,3,43,0.0,0,0.0,0
2026-01-25 21:18:25,1,60,18.1,90,-1.7,997.4,2,5,37,0.0,0,0.0,0
2026-01-25 21:19:26,1,59,18.3,90,-1.8,997.6,2,5,34,0.0,0,0.0,0
2026-01-25 21:20:27,1,59,18.4,90,-1.8,997.4,3,5,31,0.0,0,0.0,0
2026-01-25 21:21:28,1,59,18.5,90,-1.8,997.5,3,7,44,0.0,0,0.0,0
2026-01-25 21:22:29,1,58,18.6,90,-1.8,997.5,2,7,25,0.0,0,0.0,0
2026-01-25 21:23:30,1,58,18.7,90,-1.8,997.5,1,5,35,0.0,0,0.0,0
2026-01-25 21:24:31,1,58,18.8,90,-1.8,997.5,3,9,40,0.0,0,0.0,0
2026-01-25 21:25:32,1,57,18.8,90,-1.8,997.5,2,9,33,0.0,0,0.0,0
2026-01-25 21:26:33,1,57,18.9,90,-1.8,997.5,2,3,40,0.0,0,0.0,0
2026-01-25 21:27:34,1,57,18.9,90,-1.8,997.4,2,3,38,0.0,0,0.0,0
2026-01-25 21:28:35,1,57,18.9,91,-1.8,997.5,2,5,29,0.0,0,0.0,0
2026-01-25 21:29:36,1,56,18.9,91,-1.9,997.5,6,9,23,0.0,0,0.0,0
2026-01-25 21:30:37,1,56,19.0,91,-1.8,997.4,5,9,36,0.0,0,0.0,0
2026-01-25 21:31:38,1,56,19.0,91,-1.8,997.6,3,9,54,0.0,0,0.0,0
2026-01-25 21:32:39,1,56,18.9,91,-1.8,997.5,3,11,35,0.0,0,0.0,0
2026-01-25 21:33:40,1,56,18.9,91,-1.8,997.4,5,7,25,0.0,0,0.0,0
2026-01-25 21:34:41,1,56,18.9,91,-1.8,997.6,4,7,51,0.0,0,0.0,0
2026-01-25 21:35:42,1,56,18.9,91,-1.8,997.5,1,9,49,0.0,0,0.0,0
2026-01-25 21:36:43,1,56,18.8,90,-1.8,997.6,2,7,52,0.0,0,0.0,0
2026-01-25 21:37:44,1,56,18.8,91,-1.8,997.6,2,7,32,0.0,0,0.0,0
2026-01-25 21:38:45,1,56,18.7,91,-1.8,997.6,3,5,29,0.0,0,0.0,0
2026-01-25 21:39:46,1,56,18.7,91,-1.8,997.5,4,9,39,0.0,0,0.0,0
2026-01-25 21:40:47,1,56,18.7,91,-1.8,997.5,3,9,33,0.0,0,0.0,0
2026-01-25 21:41:48,1,56,18.6,91,-1.8,997.6,5,7,43,0.0,0,0.0,0
2026-01-25 21:42:49,1,56,18.5,91,-1.8,997.5,5,9,47,0.0,0,0.0,0
2026-01-25 21:43:50,1,56,18.5,91,-1.8,997.6,3,9,38,0.0,0,0.0,0
2026-01-25 21:44:51,1,56,18.4,91,-1.8,997.6,5,7,50,0.0,0,0.0,0
2026-01-25 21:45:52,1,56,18.4,91,-1.8,997.5,2,7,39,0.0,0,0.0,0
2026-01-25 21:46:53,1,56,18.3,91,-1.8,997.6,2,5,22,0.0,0,0.0,0
2026-01-25 21:47:54,1,56,18.3,91,-1.8,997.6,1,5,39,0.0,0,0.0,0
2026-01-25 21:48:55,1,56,18.2,91,-1.8,997.6,1,5,36,0.0,0,0.0,0
2026-01-25 21:49:56,1,56,18.2,91,-1.8,997.6,7,7,24,0.0,0,0.0,0
2026-01-25 21:50:57,1,56,18.1,91,-1.8,997.6,2,7,44,0.0,0,0.0,0
2026-01-25 21:51:58,1,56,18.1,91,-1.8,997.5,2,7,62,0.0,0,0.0,0
2026-01-25 21:52:59,1,56,18.0,91,-1.8,997.4,6,9,24,0.0,0,0.0,0
2026-01-25 21:54:00,1,56,17.9,91,-1.8,997.6,3,9,42,0.0,0,0.0,0
2026-01-25 21:55:01,1,56,17.9,91,-1.8,997.6,5,7,27,0.0,0,0.0,0
2026-01-25 21:56:02,1,56,17.9,91,-1.8,997.5,2,7,24,0.0,0,0.0,0
2026-01-25 21:57:03,1,56,17.8,91,-1.8,997.5,6,7,37,0.0,0,0.0,0
2026-01-25 21:58:04,1,56,17.8,91,-1.8,997.4,3,7,37,0.0,0,0.0,0
2026-01-25 21:59:05,1,56,17.7,91,-1.8,997.4,2,5,29,0.0,0,0.0,0
2026-01-25 22:00:06,1,56,17.7,91,-1.8,997.5,2,5,29,0.0,0,0.0,0
2026-01-25 22:01:08,1,56,17.6,91,-1.8,997.5,1,5,16,0.0,0,0.0,0
2026-01-25 22:02:08,1,56,17.6,91,-1.8,997.5,4,5,32,0.0,0,0.0,0
2026-01-25 22:03:09,1,56,17.6,91,-1.8,997.4,3,5,43,0.0,0,0.0,0
2026-01-25 22:04:10,1,56,17.5,91,-1.8,997.4,8,11,39,0.0,0,0.0,0
2026-01-25 22:05:11,1,57,17.5,91,-1.8,997.4,0,11,38,0.0,0,0.0,0
2026-01-25 22:06:12,1,57,17.4,91,-1.8,997.5,0,3,40,0.0,0,0.0,0
2026-01-25 22:07:13,1,57,17.4,91,-1.8,997.6,3,9,34,0.0,0,0.0,0
2026-01-25 22:08:14,1,57,17.4,91,-1.8,997.4,0,5,47,0.0,0,0.0,0
2026-01-25 22:09:15,1,57,17.3,91,-1.8,997.5,1,5,43,0.0,0,0.0,0
2026-01-25 22:10:16,1,57,17.3,91,-1.8,997.5,2,5,41,0.0,0,0.0,0
2026-01-25 22:11:17,1,57,17.3,91,-1.8,997.5,4,5,43,0.0,0,0.0,0
2026-01-25 22:12:18,1,57,17.2,91,-1.8,997.7,3,5,30,0.0,0,0.0,0
2026-01-25 22:13:19,1,57,17.2,91,-1.8,997.8,2,7,35,0.0,0,0.0,0
2026-01-25 22:14:20,1,57,17.2,91,-1.9,997.6,1,5,34,0.0,0,0.0,0
2026-01-25 22:15:21,1,57,17.1,91,-1.9,997.7,6,9,23,0.0,0,0.0,0
2026-01-25 22:16:22,1,57,17.1,91,-1.9,997.7,2,9,39,0.0,0,0.0,0
2026-01-25 22:17:23,1,57,17.1,92,-1.9,997.6,5,7,40,0.0,0,0.0,0
2026-01-25 22:18:24,1,57,17.0,92,-1.9,997.7,1,7,27,0.0,0,0.0,0
2026-01-25 22:19:25,1,57,17.0,91,-1.9,997.6,2,5,13,0.0,0,0.0,0
2026-01-25 22:20:26,1,57,16.9,92,-1.9,997.7,3,5,32,0.0,0,0.0,0
2026-01-25 22:21:27,1,57,16.9,92,-1.9,997.7,5,7,33,0.0,0,0.0,0
2026-01-25 22:22:28,1,57,16.9,92,-1.9,997.6,3,7,14,0.0,0,0.0,0
2026-01-25 22:23:29,1,57,16.9,92,-1.9,997.6,0,7,48,0.0,0,0.0,0
2026-01-25 22:24:30,1,57,16.9,92,-1.9,997.6,4,5,23,0.0,0,0.0,0
2026-01-25 22:25:31,1,57,16.8,92,-1.9,997.7,2,7,42,0.0,0,0.0,0
2026-01-25 22:26:32,1,57,16.8,92,-1.9,997.6,3,7,26,0.0,0,0.0,0
2026-01-25 22:27:33,1,57,16.8,92,-1.8,997.7,3,7,34,0.0,0,0.0,0
2026-01-25 22:28:34,1,57,16.8,92,-1.8,997.7,3,5,42,0.0,0,0.0,0
2026-01-25 22:29:35,1,57,16.8,92,-1.9,997.6,4,5,38,0.0,0,0.0,0
2026-01-25 22:30:36,1,57,16.7,92,-1.9,997.8,4,5,30,0.0,0,0.0,0
2026-01-25 22:31:37,1,57,16.7,92,-1.9,997.8,4,7,37,0.0,0,0.0,0
2026-01-25 22:32:38,1,57,16.7,92,-1.9,997.8,3,7,33,0.0,0,0.0,0
2026-01-25 22:33:39,1,57,16.7,92,-1.9,997.8,4,7,43,0.0,0,0.0,0
2026-01-25 22:34:40,1,57,16.7,92,-1.9,997.6,6,9,32,0.0,0,0.0,0
2026-01-25 22:35:41,1,57,16.7,92,-1.9,997.8,6,9,23,0.0,0,0.0,0
2026-01-25 22:36:42,1,57,16.6,92,-1.9,997.6,4,9,48,0.0,0,0.0,0
2026-01-25 22:37:43,1,57,16.6,92,-1.9,997.8,1,5,31,0.0,0,0.0,0
2026-01-25 22:38:44,1,57,16.6,92,-1.9,997.8,3,5,35,0.0,0,0.0,0
2026-01-25 22:39:45,1,58,16.6,92,-1.9,997.8,3,5,36,0.0,0,0.0,0
2026-01-25 22:40:46,1,58,16.6,92,-1.9,997.8,4,5,27,0.0,0,0.0,0
2026-01-25 22:41:47,1,58,16.6,92,-1.9,997.8,3,7,38,0.0,0,0.0,0
2026-01-25 22:42:48,1,58,16.5,92,-2.0,997.9,3,7,19,0.0,0,0.0,0
2026-01-25 22:43:49,1,58,16.5,92,-2.0,997.8,1,5,47,0.0,0,0.0,0
2026-01-25 22:44:50,1,58,16.5,92,-2.0,997.8,3,5,42,0.0,0,0.0,0
2026-01-25 22:45:51,1,58,16.5,92,-2.0,997.9,3,7,47,0.0,0,0.0,0
2026-01-25 22:46:52,1,58,16.5,92,-2.0,998.0,4,7,22,0.0,0,0.0,0
2026-01-25 22:47:53,1,58,16.5,92,-2.0,998.0,0,5,28,0.0,0,0.0,0
2026-01-25 22:48:54,1,58,16.5,92,-2.0,997.9,3,5,43,0.0,0,0.0,0
2026-01-25 22:49:55,1,58,16.5,92,-2.0,997.9,2,5,43,0.0,0,0.0,0
2026-01-25 22:50:56,1,58,16.5,92,-2.0,998.0,3,7,15,0.0,0,0.0,0
2026-01-25 22:51:57,1,58,16.5,92,-2.0,997.9,3,7,44,0.0,0,0.0,0
2026-01-25 22:52:58,1,58,16.5,92,-2.0,998.0,3,5,28,0.0,0,0.0,0
2026-01-25 22:53:59,1,58,16.4,92,-2.0,998.0,0,5,30,0.0,0,0.0,0
2026-01-25 22:55:00,1,58,16.4,92,-2.0,998.0,1,3,35,0.0,0,0.0,0
2026-01-25 22:56:01,1,58,16.4,92,-2.0,998.0,2,5,22,0.0,0,0.0,0
2026-01-25 22:57:02,1,58,16.4,92,-2.0,998.0,2,3,28,0.0,0,0.0,0
2026-01-25 22:58:03,1,58,16.4,92,-2.0,997.9,1,5,34,0.0,0,0.0,0
2026-01-25 22:59:04,1,58,16.4,92,-2.0,998.0,1,7,359,0.0,0,0.0,0
2026-01-25 23:00:05,1,58,16.4,92,-2.0,997.9,0,7,6,0.0,0,0.0,0
2026-01-25 23:01:07,1,58,16.4,92,-2.0,997.9,4,5,35,0.0,0,0.0,0
2026-01-25 23:02:07,1,58,16.4,92,-2.0,997.8,3,7,17,0.0,0,0.0,0
2026-01-25 23:03:08,1,58,16.4,92,-2.1,998.0,5,9,12,0.0,0,0.0,0
2026-01-25 23:04:09,1,58,16.4,92,-2.1,997.7,7,9,22,0.0,0,0.0,0
2026-01-25 23:05:10,1,58,16.4,92,-2.1,997.9,5,7,48,0.0,0,0.0,0
2026-01-25 23:06:11,1,58,16.4,92,-2.1,997.9,1,7,20,0.0,0,0.0,0
2026-01-25 23:07:12,1,58,16.3,92,-2.1,997.9,5,7,5,0.0,0,0.0,0
2026-01-25 23:08:13,1,58,16.4,92,-2.1,997.8,8,11,56,0.0,0,0.0,0
2026-01-25 23:09:14,1,58,16.3,92,-2.1,997.8,2,11,28,0.0,0,0.0,0
2026-01-25 23:10:15,1,58,16.3,92,-2.1,997.9,7,9,31,0.0,0,0.0,0
2026-01-25 23:11:16,1,58,16.3,93,-2.1,997.9,2,9,38,0.0,0,0.0,0
2026-01-25 23:12:17,1,58,16.3,92,-2.2,997.9,5,9,23,0.0,0,0.0,0
2026-01-25 23:13:18,1,58,16.3,93,-2.2,997.9,2,7,15,0.0,0,0.0,0
2026-01-25 23:14:19,1,58,16.3,93,-2.2,997.8,3,9,25,0.0,0,0.0,0
2026-01-25 23:15:20,1,58,16.3,93,-2.1,997.9,5,9,46,0.0,0,0.0,0
2026-01-25 23:16:21,1,59,16.3,93,-2.1,997.9,2,9,30,0.0,0,0.0,0
2026-01-25 23:17:22,1,59,16.4,93,-2.1,997.7,1,5,9,0.0,0,0.0,0
2026-01-25 23:18:23,1,59,16.4,93,-2.1,997.9,5,7,32,0.0,0,0.0,0
2026-01-25 23:19:24,1,59,16.5,93,-2.1,997.7,5,9,36,0.0,0,0.0,0
2026-01-25 23:20:25,1,59,16.6,93,-2.1,997.7,3,9,28,0.0,0,0.0,0
2026-01-25 23:21:26,1,59,16.7,93,-2.1,998.0,7,9,33,0.0,0,0.0,0
2026-01-25 23:22:29,1,59,16.8,93,-2.1,997.8,5,9,44,0.0,0,0.0,0
2026-01-25 23:23:28,1,58,16.9,93,-2.2,997.7,1,7,45,0.0,0,0.0,0
2026-01-25 23:24:29,1,58,17.0,93,-2.2,997.9,1,5,27,0.0,0,0.0,0
2026-01-25 23:25:30,1,58,17.0,93,-2.2,997.8,6,7,26,0.0,0,0.0,0
2026-01-25 23:26:31,1,58,17.1,93,-2.2,997.7,2,7,38,0.0,0,0.0,0
2026-01-25 23:27:32,1,57,17.2,93,-2.2,997.9,5,7,37,0.0,0,0.0,0
2026-01-25 23:28:33,1,57,17.2,93,-2.2,997.9,3,5,23,0.0,0,0.0,0
2026-01-25 23:29:34,1,57,17.3,93,-2.2,997.9,2,5,33,0.0,0,0.0,0
2026-01-25 23:30:35,1,57,17.3,93,-2.2,997.9,2,5,36,0.0,0,0.0,0
2026-01-25 23:31:36,1,57,17.3,93,-2.2,998.0,3,5,30,0.0,0,0.0,0
2026-01-25 23:32:37,1,57,17.4,93,-2.2,998.1,3,7,33,0.0,0,0.0,0
2026-01-25 23:33:38,1,57,17.4,93,-2.2,998.0,6,9,7,0.0,0,0.0,0
2026-01-25 23:34:40,1,56,17.4,93,-2.2,998.0,4,9,38,0.0,0,0.0,0
2026-01-25 23:35:40,1,56,17.4,93,-2.2,997.9,3,7,12,0.0,0,0.0,0
2026-01-25 23:36:41,1,56,17.3,93,-2.2,998.0,6,9,32,0.0,0,0.0,0
2026-01-25 23:37:42,1,56,17.3,93,-2.2,998.0,6,9,21,0.0,0,0.0,0
2026-01-25 23:38:43,1,56,17.3,93,-2.2,998.0,6,9,29,0.0,0,0.0,0
2026-01-25 23:39:44,1,56,17.3,93,-2.2,998.0,4,7,23,0.0,0,0.0,0
2026-01-25 23:40:45,1,56,17.3,93,-2.2,998.0,4,9,42,0.0,0,0.0,0
2026-01-25 23:41:46,1,56,17.3,93,-2.2,997.9,5,7,26,0.0,0,0.0,0
2026-01-25 23:42:47,1,56,17.3,93,-2.2,998.1,7,9,14,0.0,0,0.0,0
2026-01-25 23:43:48,1,56,17.2,93,-2.2,998.1,5,9,23,0.0,0,0.0,0
2026-01-25 23:44:49,1,56,17.2,93,-2.2,998.1,5,9,33,0.0,0,0.0,0
2026-01-25 23:45:50,1,56,17.2,93,-2.2,998.0,6,9,40,0.0,0,0.0,0
2026-01-25 23:46:51,1,56,17.2,93,-2.2,998.2,2,9,52,0.0,0,0.0,0
2026-01-25 23:47:52,1,56,17.1,93,-2.2,997.9,1,7,41,0.0,0,0.0,0
2026-01-25 23:48:53,1,56,17.1,93,-2.2,998.0,7,11,35,0.0,0,0.0,0
2026-01-25 23:49:54,1,56,17.1,93,-2.2,997.9,5,11,23,0.0,0,0.0,0
2026-01-25 23:50:55,1,56,17.0,93,-2.3,998.0,2,9,31,0.0,0,0.0,0
2026-01-25 23:51:56,1,56,17.0,93,-2.2,997.9,0,5,43,0.0,0,0.0,0
2026-01-25 23:52:57,1,56,17.0,93,-2.2,997.9,1,3,23,0.0,0,0.0,0
2026-01-25 23:53:58,1,56,17.0,93,-2.2,998.0,3,3,53,0.0,0,0.0,0
2026-01-25 23:54:59,1,56,16.9,93,-2.2,998.1,0,3,31,0.0,0,0.0,0
2026-01-25 23:56:00,1,56,16.9,93,-2.2,998.2,3,5,20,0.0,0,0.0,0
2026-01-25 23:57:01,1,56,16.9,93,-2.2,997.9,2,5,19,0.0,0,0.0,0
2026-01-25 23:58:02,1,56,16.8,93,-2.2,998.1,3,7,33,0.0,0,0.0,0
2026-01-25 23:59:03,1,56,16.8,93,-2.2,998.0,0,5,17,0.0,0,0.0,0
