2022-03-01 00:01:00,5,54,17.7,85,1.7,1035.1,0.0,0.0,5,2275.2,0
2022-03-01 00:06:00,5,54,17.7,85,1.6,1035.2,0.0,0.0,5,2275.2,0
2022-03-01 00:11:00,5,55,17.6,85,1.4,1035.3,0.0,0.0,5,2275.2,0
2022-03-01 00:16:00,5,55,17.6,85,1.6,1035.3,0.0,0.0,5,2275.2,0
2022-03-01 00:21:00,5,54,17.6,85,1.9,1035.3,0.0,0.7,1,2275.2,0
2022-03-01 00:26:00,5,54,17.5,84,2.4,1035.5,0.0,0.0,0,2275.2,0
2022-03-01 00:31:00,5,55,17.5,82,2.8,1035.6,0.0,0.7,7,2275.2,0
2022-03-01 00:36:00,5,55,17.5,81,3.0,1035.6,0.0,0.0,6,2275.2,0
2022-03-01 00:41:00,5,55,17.5,81,2.9,1035.7,0.0,0.0,6,2275.2,0
2022-03-01 00:46:00,5,55,17.4,81,2.8,1035.8,0.0,0.0,6,2275.2,0
2022-03-01 00:51:00,5,55,17.4,82,2.6,1035.7,0.0,0.0,6,2275.2,0
2022-03-01 00:56:00,5,55,17.4,82,2.5,1035.9,0.0,0.0,6,2275.2,0
2022-03-01 01:01:00,5,55,17.4,82,2.5,1035.7,0.0,0.0,6,2275.2,0
2022-03-01 01:06:00,5,55,17.4,82,2.5,1035.8,0.0,0.0,6,2275.2,0
2022-03-01 01:11:00,5,55,17.4,83,2.4,1035.6,0.0,0.0,6,2275.2,0
2022-03-01 01:16:00,5,55,17.4,83,2.3,1035.7,0.0,0.0,6,2275.2,0
2022-03-01 01:21:00,5,55,17.4,83,2.4,1035.8,0.0,0.0,6,2275.2,0
2022-03-01 01:26:00,5,55,17.4,83,2.4,1035.8,0.0,0.0,6,2275.2,0
2022-03-01 01:31:00,5,55,17.3,82,2.6,1035.8,0.0,0.0,7,2275.2,0
2022-03-01 01:36:00,5,55,17.3,82,2.6,1035.8,0.0,0.0,7,2275.2,0
2022-03-01 01:41:00,5,55,17.3,82,2.6,1035.8,0.0,0.0,6,2275.2,0
2022-03-01 01:46:00,5,55,17.3,81,2.7,1035.9,0.3,0.7,8,2275.2,0
2022-03-01 01:51:00,5,55,17.3,80,2.8,1035.9,0.0,0.7,6,2275.2,0
2022-03-01 01:56:00,5,55,17.2,79,2.9,1035.8,0.3,0.7,7,2275.2,0
2022-03-01 02:01:00,5,55,17.1,79,3.0,1035.9,0.0,0.0,6,2275.2,0
2022-03-01 02:06:00,5,55,17.1,79,2.9,1035.8,0.0,0.0,5,2275.2,0
2022-03-01 02:11:00,5,55,17.1,79,2.9,1035.9,0.0,0.0,6,2275.2,0
2022-03-01 02:16:00,5,55,17.1,79,3.0,1035.6,0.0,0.7,8,2275.2,0
2022-03-01 02:21:00,5,55,17.0,78,3.1,1035.7,0.0,0.0,8,2275.2,0
2022-03-01 02:26:00,5,55,17.0,78,3.0,1035.7,0.0,0.0,7,2275.2,0
2022-03-01 02:31:00,5,55,17.0,78,3.1,1035.7,0.0,0.0,4,2275.2,0
2022-03-01 02:36:00,5,55,17.0,78,3.1,1035.7,0.0,0.0,5,2275.2,0
2022-03-01 02:41:00,5,55,17.0,77,3.1,1035.6,0.0,0.7,9,2275.2,0
2022-03-01 02:46:00,5,54,17.0,77,3.2,1035.7,0.0,0.0,7,2275.2,0
2022-03-01 02:51:00,5,56,16.9,77,3.2,1035.6,0.0,0.0,5,2275.2,0
2022-03-01 02:56:00,5,56,16.9,77,3.1,1035.6,0.0,0.0,4,2275.2,0
2022-03-01 03:01:00,5,55,16.9,77,3.1,1035.7,0.0,0.0,7,2275.2,0
2022-03-01 03:06:00,5,55,16.9,77,3.0,1035.5,0.0,0.0,6,2275.2,0
2022-03-01 03:11:00,5,55,16.9,77,3.0,1035.6,0.0,0.0,9,2275.2,0
2022-03-01 03:16:00,5,55,16.8,77,3.0,1035.6,0.0,0.7,8,2275.2,0
2022-03-01 03:21:00,5,55,16.8,77,3.0,1035.7,0.0,0.0,7,2275.2,0
2022-03-01 03:26:00,5,55,16.8,77,3.0,1035.9,0.0,0.0,7,2275.2,0
2022-03-01 03:31:00,5,56,16.8,78,3.0,1035.9,0.0,0.0,7,2275.2,0
2022-03-01 03:36:00,5,56,16.8,78,3.1,1035.9,0.0,0.0,6,2275.2,0
2022-03-01 03:41:00,5,56,16.8,78,3.1,1035.8,0.0,0.0,6,2275.2,0
2022-03-01 03:46:00,5,56,16.7,78,3.1,1035.9,0.0,0.0,4,2275.2,0
2022-03-01 03:51:00,5,56,16.7,77,3.3,1035.9,0.3,0.7,7,2275.2,0
2022-03-01 03:56:00,5,56,16.7,77,3.3,1035.9,0.0,0.0,8,2275.2,0
2022-03-01 04:01:00,5,56,16.7,77,3.4,1036.0,0.0,0.7,8,2275.2,0
2022-03-01 04:06:00,5,56,16.7,77,3.5,1035.9,0.0,0.0,9,2275.2,0
2022-03-01 04:11:00,5,56,16.7,77,3.5,1035.9,0.0,0.7,6,2275.2,0
2022-03-01 04:16:00,5,55,16.6,77,3.5,1035.7,0.0,0.7,9,2275.2,0
2022-03-01 04:21:00,5,55,16.6,76,3.5,1035.7,0.0,0.0,11,2275.2,0
2022-03-01 04:26:00,5,56,16.6,76,3.6,1035.8,0.0,0.0,11,2275.2,0
2022-03-01 04:31:00,5,56,16.6,76,3.6,1035.7,0.3,0.7,10,2275.2,0
2022-03-01 04:36:00,5,56,16.6,76,3.6,1035.9,0.0,0.0,9,2275.2,0
2022-03-01 04:41:00,5,56,16.5,76,3.5,1035.9,0.0,0.0,6,2275.2,0
2022-03-01 04:46:00,5,56,16.5,76,3.5,1035.8,0.0,0.0,3,2275.2,0
2022-03-01 04:51:00,5,56,16.5,76,3.5,1035.8,0.0,0.7,7,2275.2,0
2022-03-01 04:56:00,5,56,16.5,76,3.5,1035.8,0.0,0.7,6,2275.2,0
2022-03-01 05:01:00,5,56,16.5,76,3.6,1035.7,0.0,0.7,4,2275.2,0
2022-03-01 05:06:00,5,56,16.5,75,3.7,1035.7,0.3,0.7,10,2275.2,0
2022-03-01 05:11:00,5,56,16.4,75,3.7,1035.7,0.0,0.7,5,2275.2,0
2022-03-01 05:16:00,5,56,16.4,75,3.8,1035.8,0.0,0.0,4,2275.2,0
2022-03-01 05:21:00,5,56,16.4,75,3.8,1035.7,0.0,0.0,10,2275.2,0
2022-03-01 05:26:00,5,56,16.4,75,3.8,1035.7,0.0,0.0,10,2275.2,0
2022-03-01 05:31:00,5,56,16.4,75,3.8,1035.7,0.0,0.0,11,2275.2,0
2022-03-01 05:36:00,5,56,16.4,75,3.8,1035.7,0.0,0.0,11,2275.2,0
2022-03-01 05:41:00,5,56,16.4,76,3.7,1035.8,0.0,0.0,10,2275.2,0
2022-03-01 05:46:00,5,56,16.3,75,3.8,1035.9,0.0,0.7,11,2275.2,0
2022-03-01 05:51:00,5,56,16.3,75,3.7,1035.9,0.0,0.7,10,2275.2,0
2022-03-01 05:56:00,5,56,16.3,76,3.7,1035.9,0.3,0.7,9,2275.2,0
2022-03-01 06:01:00,5,56,16.3,76,3.7,1036.1,0.0,0.0,6,2275.2,0
2022-03-01 06:06:00,5,56,16.3,76,3.7,1036.2,0.3,0.7,5,2275.2,0
2022-03-01 06:11:00,5,56,16.2,76,3.7,1036.0,0.0,0.0,6,2275.2,0
2022-03-01 06:16:00,5,56,16.2,76,3.6,1036.0,0.0,0.7,10,2275.2,0
2022-03-01 06:21:00,5,56,16.2,76,3.7,1036.0,0.0,0.0,5,2275.2,0
2022-03-01 06:26:00,5,56,16.2,76,3.7,1036.0,0.0,0.7,10,2275.2,0
2022-03-01 06:31:00,5,56,16.2,75,3.7,1036.0,0.0,0.7,5,2275.2,0
2022-03-01 06:36:00,5,56,16.1,75,3.7,1036.1,0.0,0.7,11,2275.2,0
2022-03-01 06:41:00,5,56,16.1,75,3.7,1036.1,0.0,0.0,11,2275.2,0
2022-03-01 06:46:00,5,56,16.1,75,3.7,1036.2,0.0,0.0,11,2275.2,0
2022-03-01 06:51:00,5,56,16.1,75,3.7,1036.2,0.0,0.0,5,2275.2,0
2022-03-01 06:56:00,5,56,16.1,75,3.8,1036.5,0.0,0.7,7,2275.2,0
2022-03-01 07:01:00,5,56,16.1,75,3.8,1036.4,0.0,0.0,10,2275.2,0
2022-03-01 07:06:00,5,56,16.1,75,3.8,1036.7,0.0,0.7,10,2275.2,0
2022-03-01 07:11:00,5,56,16.1,74,3.9,1036.5,0.0,0.7,9,2275.2,0
2022-03-01 07:16:00,5,55,16.1,74,3.9,1036.5,0.0,0.0,8,2275.2,0
2022-03-01 07:21:00,5,55,16.1,74,3.9,1036.5,0.0,0.0,12,2275.2,0
2022-03-01 07:26:00,5,56,16.1,74,3.9,1036.7,0.7,1.0,11,2275.2,0
2022-03-01 07:31:00,5,58,16.3,74,3.9,1036.7,0.0,0.7,11,2275.2,0
2022-03-01 07:36:00,5,59,16.5,74,4.0,1036.4,0.0,0.0,10,2275.2,0
2022-03-01 07:41:00,5,59,16.7,74,4.0,1036.3,0.3,0.7,11,2275.2,0
2022-03-01 07:46:00,5,59,16.9,74,4.1,1035.9,0.0,0.7,11,2275.2,0
2022-03-01 07:51:00,5,58,17.3,74,4.1,1035.7,0.3,0.7,12,2275.2,0
2022-03-01 07:56:00,5,58,17.6,73,4.2,1035.4,0.0,0.7,11,2275.2,0
2022-03-01 08:01:00,5,58,17.9,73,4.3,1035.2,0.0,0.7,11,2275.2,0
2022-03-01 08:06:00,5,56,18.3,74,4.4,1034.7,0.0,0.0,7,2275.2,0
2022-03-01 08:11:00,5,56,18.6,73,4.5,1034.5,0.0,0.0,8,2275.2,0
2022-03-01 08:16:00,5,55,18.8,73,4.7,1034.2,0.0,0.0,11,2275.2,0
2022-03-01 08:21:00,5,54,19.1,71,4.8,1034.1,0.0,0.0,12,2275.2,0
2022-03-01 08:26:00,5,52,20.1,71,4.9,1033.9,0.0,0.7,11,2275.2,0
2022-03-01 08:31:00,5,52,20.2,71,4.8,1034.0,0.0,0.7,11,2275.2,0
2022-03-01 08:36:00,5,52,20.3,72,4.8,1033.8,0.0,0.0,11,2275.2,0
2022-03-01 08:41:00,5,52,20.4,72,4.8,1033.9,0.0,0.0,11,2275.2,0
2022-03-01 08:46:00,5,52,20.4,72,4.8,1033.6,0.0,0.0,9,2275.2,0
2022-03-01 08:51:00,5,52,20.5,72,4.9,1033.7,0.0,0.0,9,2275.2,0
2022-03-01 08:56:00,5,52,20.5,71,4.9,1033.8,0.0,0.0,11,2275.2,0
2022-03-01 09:01:00,5,52,20.5,71,5.1,1033.8,0.0,0.0,10,2275.2,0
2022-03-01 09:06:00,5,52,20.5,71,5.1,1033.6,0.0,0.0,9,2275.2,0
2022-03-01 09:11:00,5,47,20.4,71,5.2,1033.6,0.0,0.0,7,2275.2,0
2022-03-01 09:16:00,5,44,19.3,71,5.4,1033.9,0.0,0.7,11,2275.2,0
2022-03-01 09:21:00,5,44,19.1,70,5.4,1034.2,0.3,1.0,12,2275.2,0
2022-03-01 09:26:00,5,44,18.8,70,5.4,1034.2,0.0,0.0,9,2275.2,0
2022-03-01 09:31:00,5,45,18.6,70,5.4,1034.7,0.0,0.7,12,2275.2,0
2022-03-01 09:36:00,5,44,18.4,70,5.4,1035.1,0.3,1.0,11,2275.2,0
2022-03-01 09:41:00,5,49,18.4,70,5.3,1035.2,0.0,0.7,8,2275.2,0
2022-03-01 09:46:00,5,51,18.5,70,5.4,1035.2,0.3,0.7,10,2275.2,0
2022-03-01 09:51:00,5,52,18.5,70,5.4,1035.2,0.0,0.0,8,2275.2,0
2022-03-01 09:56:00,5,52,18.5,69,5.5,1035.3,0.3,0.7,10,2275.2,0
2022-03-01 10:01:00,5,53,18.6,69,5.6,1035.3,0.0,0.0,10,2275.2,0
2022-03-01 10:06:00,5,53,18.7,69,5.6,1035.1,0.0,0.0,8,2275.2,0
2022-03-01 10:11:00,5,52,19.0,69,5.6,1034.9,0.0,0.7,8,2275.2,0
2022-03-01 10:16:00,5,52,19.2,69,5.6,1034.8,0.0,0.0,8,2275.2,0
2022-03-01 10:21:00,5,52,19.3,70,5.6,1034.5,0.0,0.0,10,2275.2,0
2022-03-01 10:26:00,5,51,19.5,72,5.7,1034.4,0.0,0.0,10,2275.2,0
2022-03-01 10:31:00,5,51,20.4,72,5.6,1034.4,0.0,0.0,8,2275.2,0
2022-03-01 10:36:00,5,51,20.5,74,5.6,1034.2,0.0,0.0,10,2275.2,0
2022-03-01 10:41:00,5,51,20.6,76,5.6,1034.2,0.0,0.0,10,2275.2,0
2022-03-01 10:46:00,5,51,20.7,76,5.5,1034.0,0.0,0.0,10,2275.2,0
2022-03-01 10:51:00,5,51,20.7,77,5.5,1034.0,0.0,0.0,9,2275.2,0
2022-03-01 10:56:00,5,51,20.7,78,5.4,1034.0,0.0,0.0,9,2275.2,0
2022-03-01 11:01:00,5,51,20.9,78,5.3,1034.0,0.0,0.0,9,2275.2,0
2022-03-01 11:06:00,5,51,20.9,78,5.4,1034.0,0.0,0.7,10,2275.2,0
2022-03-01 11:11:00,5,50,21.0,79,5.5,1033.6,0.0,0.7,10,2275.5,0
2022-03-01 11:16:00,5,50,21.0,80,5.6,1033.6,0.0,0.0,10,2275.5,0
2022-03-01 11:21:00,5,49,21.1,80,5.6,1033.5,0.0,0.7,10,2275.8,0
2022-03-01 11:26:00,5,49,21.1,81,5.8,1033.5,0.0,0.0,10,2275.8,0
2022-03-01 11:31:00,5,50,21.1,82,5.9,1033.5,0.0,0.0,10,2275.8,0
2022-03-01 11:36:00,5,50,21.1,82,6.3,1033.4,0.0,0.0,10,2275.8,0
2022-03-01 11:41:00,5,50,21.1,82,6.3,1033.1,0.0,0.7,10,2275.8,0
2022-03-01 11:46:00,5,50,21.1,82,6.5,1033.0,0.0,0.7,13,2275.8,0
2022-03-01 11:51:00,5,50,21.1,80,6.4,1033.0,0.7,1.7,11,2275.8,0
2022-03-01 11:56:00,5,50,21.1,78,6.7,1033.0,0.0,0.0,12,2275.8,0
2022-03-01 12:01:00,5,50,21.1,78,6.6,1032.8,0.0,0.7,2,2275.8,0
2022-03-01 12:06:00,5,50,21.0,78,6.8,1033.0,0.0,0.7,14,2275.8,0
2022-03-01 12:11:00,5,50,21.0,77,7.0,1033.1,0.0,0.7,4,2275.8,0
2022-03-01 12:16:00,5,50,21.0,76,7.0,1033.1,0.0,0.0,11,2275.8,0
2022-03-01 12:21:00,5,50,21.0,76,7.0,1033.0,0.0,0.7,12,2275.8,0
2022-03-01 12:26:00,5,50,21.0,75,7.0,1033.1,0.3,0.7,10,2275.8,0
2022-03-01 12:31:00,5,50,21.0,77,7.2,1033.1,0.0,0.0,11,2275.8,0
2022-03-01 12:36:00,5,50,21.0,77,7.3,1032.9,0.0,0.0,11,2275.8,0
2022-03-01 12:41:00,5,50,21.0,75,7.2,1033.0,0.0,0.7,11,2275.8,0
2022-03-01 12:46:00,5,50,21.1,75,7.3,1032.8,0.0,0.0,8,2275.8,0
2022-03-01 12:51:00,5,50,21.1,75,7.3,1032.9,0.0,0.0,10,2275.8,0
2022-03-01 12:56:00,5,50,21.1,74,7.2,1032.9,0.3,0.7,10,2275.8,0
2022-03-01 13:01:00,5,50,21.1,75,7.3,1032.9,0.0,0.7,11,2275.8,0
2022-03-01 13:06:00,5,50,21.1,74,7.3,1033.0,0.3,0.7,11,2275.8,0
2022-03-01 13:11:00,5,50,21.0,74,7.5,1032.9,0.0,0.0,11,2275.8,0
2022-03-01 13:16:00,5,50,21.0,73,7.6,1032.8,0.0,0.7,9,2275.8,0
2022-03-01 13:21:00,5,50,21.0,73,7.7,1032.9,0.0,0.0,11,2275.8,0
2022-03-01 13:26:00,5,51,20.9,74,7.8,1032.9,0.0,0.0,5,2275.8,0
2022-03-01 13:31:00,5,51,20.9,74,7.9,1032.9,0.0,0.0,4,2275.8,0
2022-03-01 13:36:00,5,51,20.9,73,7.8,1032.9,0.0,0.7,8,2275.8,0
2022-03-01 13:41:00,5,51,20.9,73,7.8,1032.9,0.0,0.0,5,2275.8,0
2022-03-01 13:46:00,5,51,20.8,74,7.9,1032.8,0.0,0.0,5,2275.8,0
2022-03-01 13:51:00,5,51,20.7,73,7.8,1032.8,0.0,0.7,9,2275.8,0
2022-03-01 13:56:00,5,51,20.7,74,8.1,1033.0,0.0,0.0,2,2275.8,0
2022-03-01 14:01:00,5,51,20.7,72,8.2,1032.9,0.3,0.7,10,2275.8,0
2022-03-01 14:06:00,5,51,20.7,72,8.5,1032.9,0.0,0.0,9,2275.8,0
2022-03-01 14:11:00,5,51,20.7,71,8.4,1032.9,0.0,0.0,3,2275.8,0
2022-03-01 14:16:00,5,51,20.7,71,8.3,1032.9,0.0,0.7,12,2275.8,0
2022-03-01 14:21:00,5,50,20.7,71,8.2,1032.9,0.0,0.0,12,2275.8,0
2022-03-01 14:26:00,5,51,20.7,70,8.2,1032.9,0.0,0.0,2,2275.8,0
2022-03-01 14:31:00,5,51,20.6,71,8.3,1032.9,0.0,0.0,1,2275.8,0
2022-03-01 14:36:00,5,51,20.6,70,8.3,1032.9,0.0,0.7,2,2275.8,0
2022-03-01 14:41:00,5,51,20.6,71,8.4,1032.8,0.0,0.0,3,2275.8,0
2022-03-01 14:46:00,5,50,20.6,72,8.4,1032.7,0.0,0.7,3,2275.8,0
2022-03-01 14:51:00,5,50,20.6,70,8.2,1032.8,0.3,1.0,15,2275.8,0
2022-03-01 14:56:00,5,50,20.6,70,8.2,1032.8,0.3,0.7,3,2275.8,0
2022-03-01 15:01:00,5,50,20.6,70,8.3,1032.8,0.0,0.0,3,2275.8,0
2022-03-01 15:06:00,5,51,20.6,70,8.3,1032.8,0.0,0.7,12,2275.8,0
2022-03-01 15:11:00,5,51,20.7,70,8.4,1032.6,0.3,1.0,4,2275.8,0
2022-03-01 15:16:00,5,51,20.7,70,8.5,1032.4,0.3,1.0,14,2275.8,0
2022-03-01 15:21:00,5,51,20.7,70,8.7,1032.5,0.0,0.0,14,2275.8,0
2022-03-01 15:26:00,5,51,20.7,69,8.5,1032.4,0.3,1.0,3,2275.8,0
2022-03-01 15:31:00,5,50,20.8,70,8.4,1032.4,0.3,0.7,3,2275.8,0
2022-03-01 15:36:00,5,51,20.9,70,8.4,1032.4,0.0,0.0,14,2275.8,0
2022-03-01 15:41:00,5,50,20.8,70,8.4,1032.3,0.3,1.0,14,2275.8,0
2022-03-01 15:46:00,5,50,20.8,70,8.4,1032.3,0.3,0.7,15,2275.8,0
2022-03-01 15:51:00,5,50,20.8,70,8.2,1032.4,0.0,0.0,0,2275.8,0
2022-03-01 15:56:00,5,50,20.7,70,8.2,1032.4,0.0,0.7,12,2275.8,0
2022-03-01 16:01:00,5,50,20.7,70,8.2,1032.5,0.3,1.0,12,2275.8,0
2022-03-01 16:06:00,5,50,20.7,71,8.2,1032.5,0.0,0.0,14,2275.8,0
2022-03-01 16:11:00,5,51,19.9,70,8.1,1032.5,0.0,0.7,14,2275.8,0
2022-03-01 16:16:00,5,50,20.6,70,8.1,1032.5,0.0,0.0,14,2275.8,0
2022-03-01 16:21:00,5,51,19.9,71,8.1,1032.4,0.0,0.0,14,2275.8,0
2022-03-01 16:26:00,5,51,19.9,70,8.1,1032.4,0.3,1.0,13,2275.8,0
2022-03-01 16:31:00,5,51,19.9,70,8.0,1032.6,0.0,0.7,1,2275.8,0
2022-03-01 16:36:00,5,50,19.9,70,8.0,1032.5,0.0,0.0,0,2275.8,0
2022-03-01 16:41:00,5,48,19.7,70,8.1,1032.6,0.0,0.7,0,2275.8,0
2022-03-01 16:46:00,5,45,19.6,71,8.1,1032.6,0.0,0.0,14,2275.8,0
2022-03-01 16:51:00,5,44,19.4,71,8.0,1032.7,0.0,0.7,14,2275.8,0
2022-03-01 16:56:00,5,44,19.2,71,8.0,1032.8,0.0,0.0,14,2275.8,0
2022-03-01 17:01:00,5,44,19.1,71,8.1,1033.0,0.0,0.0,15,2275.8,0
2022-03-01 17:06:00,5,45,19.1,71,8.1,1033.1,0.0,0.0,14,2275.8,0
2022-03-01 17:11:00,5,45,19.1,71,8.0,1033.3,0.0,0.0,14,2275.8,0
2022-03-01 17:16:00,5,51,19.2,71,7.9,1033.3,0.0,0.0,14,2275.8,0
2022-03-01 17:21:00,5,52,19.3,71,7.8,1033.1,0.0,0.0,14,2275.8,0
2022-03-01 17:26:00,5,52,19.6,71,7.7,1032.9,0.0,0.0,15,2275.8,0
2022-03-01 17:31:00,5,52,19.7,72,7.7,1032.7,0.0,0.7,14,2275.8,0
2022-03-01 17:36:00,5,53,19.9,71,7.7,1032.6,0.0,0.0,14,2275.8,0
2022-03-01 17:41:00,5,52,20.7,71,7.7,1032.6,0.0,0.0,14,2275.8,0
2022-03-01 17:46:00,5,52,20.9,71,7.7,1032.5,0.0,0.0,0,2275.8,0
2022-03-01 17:51:00,5,52,20.9,72,7.7,1032.5,0.0,0.0,0,2275.8,0
2022-03-01 17:56:00,5,52,20.9,73,7.7,1032.4,0.0,0.0,0,2275.8,0
2022-03-01 18:01:00,5,52,20.9,74,7.7,1032.4,0.0,0.0,0,2275.8,0
2022-03-01 18:06:00,5,52,20.9,74,7.6,1032.4,0.0,0.0,0,2275.8,0
2022-03-01 18:11:00,5,52,20.9,74,7.6,1032.4,0.0,0.0,0,2275.8,0
2022-03-01 18:16:00,5,52,20.9,74,7.6,1032.5,0.0,0.0,15,2275.8,0
2022-03-01 18:21:00,5,53,20.9,75,7.5,1032.4,0.0,0.0,14,2275.8,0
2022-03-01 18:26:00,5,54,20.9,74,7.5,1032.5,0.0,0.0,14,2275.8,0
2022-03-01 18:31:00,5,55,20.9,75,7.5,1032.6,0.0,0.0,14,2275.8,0
2022-03-01 18:36:00,5,54,20.7,75,7.4,1032.6,0.0,0.7,13,2275.8,0
2022-03-01 18:41:00,5,54,20.7,75,7.4,1032.6,0.0,0.0,13,2275.8,0
2022-03-01 18:46:00,5,54,20.7,75,7.4,1032.7,0.0,0.0,13,2275.8,0
2022-03-01 18:51:00,5,55,19.9,75,7.3,1032.6,0.0,0.7,2,2275.8,0
2022-03-01 18:56:00,5,55,19.9,75,7.3,1032.8,0.0,0.0,3,2275.8,0
2022-03-01 19:01:00,5,55,19.8,75,7.3,1032.8,0.0,0.0,2,2275.8,0
2022-03-01 19:06:00,5,55,19.7,74,7.2,1032.8,0.0,0.0,2,2275.8,0
2022-03-01 19:11:00,5,55,19.7,74,7.2,1032.9,0.0,0.0,2,2275.8,0
2022-03-01 19:16:00,5,55,19.7,74,7.2,1032.9,0.0,0.0,15,2275.8,0
2022-03-01 19:21:00,5,55,19.7,74,7.1,1032.9,0.0,0.7,2,2275.8,0
2022-03-01 19:26:00,5,55,19.7,74,7.2,1033.0,0.0,0.0,1,2275.8,0
2022-03-01 19:31:00,5,55,19.6,74,7.2,1033.0,0.0,0.0,0,2275.8,0
2022-03-01 19:36:00,5,55,19.6,74,7.2,1033.2,0.0,0.0,15,2275.8,0
2022-03-01 19:41:00,5,55,19.6,74,7.2,1033.1,0.0,0.0,15,2275.8,0
2022-03-01 19:46:00,5,55,19.6,75,7.2,1033.2,0.0,0.0,15,2275.8,0
2022-03-01 19:51:00,5,55,19.5,75,7.2,1033.2,0.0,0.0,15,2275.8,0
2022-03-01 19:56:00,5,55,19.5,75,7.1,1033.3,0.0,0.7,15,2275.8,0
2022-03-01 20:01:00,5,55,19.4,75,7.1,1033.3,0.0,0.0,1,2275.8,0
2022-03-01 20:06:00,5,55,19.3,75,7.1,1033.3,0.0,0.0,15,2275.8,0
2022-03-01 20:11:00,5,55,19.3,75,7.1,1033.3,0.0,0.0,0,2275.8,0
2022-03-01 20:16:00,5,55,19.3,76,7.1,1033.4,0.0,0.0,0,2275.8,0
2022-03-01 20:21:00,5,55,19.3,76,7.1,1033.5,0.0,0.0,15,2275.8,0
2022-03-01 20:26:00,5,55,19.3,76,7.0,1033.4,0.0,0.0,15,2275.8,0
2022-03-01 20:31:00,5,55,19.2,76,7.0,1033.6,0.0,0.0,15,2275.8,0
2022-03-01 20:36:00,5,55,19.2,76,7.0,1033.5,0.0,0.7,15,2275.8,0
2022-03-01 20:41:00,5,55,19.2,75,7.0,1033.6,0.0,0.0,15,2275.8,0
2022-03-01 20:46:00,5,55,19.2,76,7.0,1033.6,0.0,0.0,0,2275.8,0
2022-03-01 20:51:00,5,55,19.2,76,7.0,1033.6,0.0,0.0,0,2275.8,0
2022-03-01 20:56:00,5,55,19.1,75,7.0,1033.6,0.0,0.0,0,2275.8,0
2022-03-01 21:01:00,5,55,19.1,75,7.0,1033.5,0.0,0.0,15,2275.8,0
2022-03-01 21:06:00,5,55,19.1,75,7.0,1033.7,0.0,0.0,15,2275.8,0
2022-03-01 21:11:00,5,55,19.1,76,7.0,1033.7,0.0,0.0,15,2275.8,0
2022-03-01 21:16:00,5,55,19.0,75,7.0,1033.6,0.0,0.0,15,2275.8,0
2022-03-01 21:21:00,5,55,19.0,75,7.1,1033.7,0.0,0.0,1,2275.8,0
2022-03-01 21:26:00,5,55,18.8,74,7.0,1033.8,0.3,1.0,3,2275.8,0
2022-03-01 21:31:00,5,55,18.8,74,7.0,1033.8,0.0,0.0,3,2275.8,0
2022-03-01 21:36:00,5,54,18.7,73,7.1,1033.9,0.0,0.7,15,2275.8,0
2022-03-01 21:41:00,5,55,18.7,74,7.1,1033.8,0.0,0.0,1,2275.8,0
2022-03-01 21:46:00,5,55,18.7,75,7.0,1033.7,0.0,0.0,14,2275.8,0
2022-03-01 21:51:00,5,55,18.6,75,6.9,1033.9,0.0,0.0,14,2275.8,0
2022-03-01 21:56:00,5,55,18.6,75,6.8,1033.9,0.0,0.0,0,2275.8,0
2022-03-01 22:01:00,5,55,18.6,76,6.8,1034.0,0.0,0.0,1,2275.8,0
2022-03-01 22:06:00,5,55,18.6,76,6.8,1034.0,0.0,0.0,1,2275.8,0
2022-03-01 22:11:00,5,55,18.6,76,6.8,1033.9,0.0,0.0,1,2275.8,0
2022-03-01 22:16:00,5,55,18.5,76,6.7,1033.9,0.0,0.0,1,2275.8,0
2022-03-01 22:21:00,5,55,18.5,76,6.7,1033.8,0.0,0.0,1,2275.8,0
2022-03-01 22:26:00,5,55,18.5,76,6.7,1033.9,0.0,0.0,1,2275.8,0
2022-03-01 22:31:00,5,55,18.5,76,6.7,1033.9,0.0,0.7,15,2275.8,0
2022-03-01 22:36:00,5,55,18.4,76,6.7,1033.8,0.0,0.0,0,2275.8,0
2022-03-01 22:41:00,5,55,18.4,75,6.6,1034.0,0.0,0.0,15,2275.8,0
2022-03-01 22:46:00,5,55,18.4,75,6.6,1033.8,0.0,0.0,0,2275.8,0
2022-03-01 22:51:00,5,55,18.4,75,6.6,1033.9,0.0,0.7,15,2275.8,0
2022-03-01 22:56:00,5,55,18.3,76,6.4,1033.8,0.0,0.0,15,2275.8,0
2022-03-01 23:01:00,5,55,18.3,76,6.3,1033.9,0.0,0.0,15,2275.8,0
2022-03-01 23:06:00,5,55,18.3,76,6.3,1033.8,0,0,15,2275.8,0
2022-03-01 23:11:00,5,56,18.3,76,6.3,1034.0,0,0,15,2275.8,0
2022-03-01 23:16:00,5,56,18.2,76,6.2,1033.9,0,0,15,2275.8,0
2022-03-01 23:21:00,5,56,18.2,77,6.2,1033.9,0,0,15,2275.8,0
2022-03-01 23:26:00,5,56,18.1,77,6.1,1033.9,0,0,15,2275.8,0
2022-03-01 23:31:00,5,56,18.1,77,6.1,1033.9,0,0,15,2275.8,0
2022-03-01 23:36:00,5,56,18.1,78,6.1,1033.9,0,0,15,2275.8,0
2022-03-01 23:41:00,5,56,18.1,78,6.0,1033.9,0,0,15,2275.8,0
2022-03-01 23:46:00,5,56,18.1,78,5.9,1034.0,0,0,15,2275.8,0
2022-03-01 23:51:00,5,56,18.1,79,5.8,1034.1,0,0,15,2275.8,0
2022-03-01 23:56:00,5,56,18.0,79,5.7,1034.0,0,0,15,2275.8,0
