2022-03-28 00:02:01,5,54,18.3,89,7.4,1034.7,0.0,0.0,13,2278.5,0
2022-03-28 00:07:01,5,54,18.3,89,7.4,1034.6,0.0,0.0,13,2278.5,0
2022-03-28 00:12:01,5,54,18.2,88,7.2,1034.8,0.0,0.0,13,2278.5,0
2022-03-28 00:17:01,5,54,18.1,89,7.2,1034.7,0.0,0.0,13,2278.5,0
2022-03-28 00:22:01,5,54,18.1,88,7.2,1034.7,0.0,0.0,13,2278.5,0
2022-03-28 00:27:01,5,54,18.0,88,7.2,1034.7,0.0,0.0,13,2278.5,0
2022-03-28 00:32:01,5,54,18.0,88,7.1,1034.7,0.0,0.0,13,2278.5,0
2022-03-28 00:37:01,5,54,18.0,88,7.1,1034.7,0.0,0.0,13,2278.5,0
2022-03-28 00:42:01,5,54,17.9,88,7.1,1034.6,0.0,0.0,13,2278.5,0
2022-03-28 00:47:01,5,54,17.9,88,7.1,1034.6,0.0,0.0,13,2278.5,0
2022-03-28 00:52:01,5,54,17.9,88,7.0,1034.5,0.0,0.0,13,2278.5,0
2022-03-28 00:57:01,5,54,17.8,88,7.1,1034.5,0.0,0.0,13,2278.5,0
2022-03-28 01:02:01,5,53,17.8,88,7.0,1034.5,0.0,0.7,13,2278.5,0
2022-03-28 01:07:01,5,53,17.8,88,7.1,1034.5,0.3,0.7,13,2278.5,0
2022-03-28 01:12:01,5,53,17.7,87,7.1,1034.5,0.0,0.7,13,2278.5,0
2022-03-28 01:17:01,5,53,17.7,87,7.1,1034.4,0.0,0.0,0,2278.5,0
2022-03-28 01:22:01,5,53,17.7,87,7.1,1034.4,0.0,0.7,14,2278.5,0
2022-03-28 01:27:01,5,53,17.7,87,7.0,1034.4,0.0,0.0,1,2278.5,0
2022-03-28 01:32:01,5,53,17.6,87,7.0,1034.5,0.0,0.0,15,2278.5,0
2022-03-28 01:37:01,5,53,17.5,87,7.0,1034.4,0.0,0.0,14,2278.5,0
2022-03-28 01:42:01,5,53,17.5,87,7.0,1034.4,0.3,1.0,14,2278.5,0
2022-03-28 01:47:01,5,53,17.5,87,6.8,1034.4,0.0,0.0,14,2278.5,0
2022-03-28 01:52:01,5,53,17.5,87,6.8,1034.4,0.0,0.0,14,2278.5,0
2022-03-28 01:57:01,5,53,17.4,87,6.7,1034.4,0.0,0.0,14,2278.5,0
2022-03-28 02:02:01,5,53,17.4,87,6.6,1034.4,0.0,0.0,14,2278.5,0
2022-03-28 02:07:01,5,53,17.4,88,6.5,1034.4,0.0,0.0,14,2278.5,0
2022-03-28 02:12:01,5,53,17.4,88,6.4,1034.4,0.0,0.0,14,2278.5,0
2022-03-28 02:17:01,5,53,17.3,88,6.4,1034.3,0.0,0.0,14,2278.5,0
2022-03-28 02:22:01,5,53,17.3,89,6.4,1034.2,0.0,0.0,14,2278.5,0
2022-03-28 02:27:01,5,53,17.3,89,6.3,1034.1,0.0,0.7,14,2278.5,0
2022-03-28 02:32:01,5,53,17.3,89,6.3,1034.3,0.0,0.0,14,2278.5,0
2022-03-28 02:37:01,5,53,17.2,89,6.2,1034.3,0.0,0.0,14,2278.5,0
2022-03-28 02:42:01,5,53,17.2,89,6.1,1034.2,0.0,0.0,14,2278.5,0
2022-03-28 02:47:01,5,53,17.1,89,6.0,1034.2,0.0,0.0,14,2278.5,0
2022-03-28 02:52:01,5,53,17.1,89,5.9,1034.3,0.0,0.0,14,2278.5,0
2022-03-28 02:57:01,5,53,17.1,90,5.9,1034.1,0.0,0.0,14,2278.5,0
2022-03-28 03:02:01,5,53,17.0,90,5.8,1034.0,0.0,0.0,14,2278.5,0
2022-03-28 03:07:01,5,53,17.0,90,5.9,1034.0,0.0,0.0,14,2278.5,0
2022-03-28 03:12:01,5,53,17.0,90,5.8,1034.0,0.0,0.0,14,2278.5,0
2022-03-28 03:17:01,5,53,17.0,90,5.8,1034.0,0.0,0.0,14,2278.5,0
2022-03-28 03:22:01,5,54,16.9,90,5.7,1034.0,0.0,0.0,14,2278.5,0
2022-03-28 03:27:01,5,54,16.9,90,5.7,1033.8,0.0,0.0,14,2278.5,0
2022-03-28 03:32:01,5,54,16.9,90,5.8,1034.0,0.0,0.0,14,2278.5,0
2022-03-28 03:37:01,5,54,16.9,90,5.8,1033.9,0.0,0.7,14,2278.5,0
2022-03-28 03:42:01,5,54,16.9,90,5.7,1033.9,0.0,0.0,14,2278.5,0
2022-03-28 03:47:01,5,54,16.8,90,5.7,1033.9,0.0,0.0,14,2278.5,0
2022-03-28 03:52:01,5,54,16.8,91,5.7,1033.9,0.0,0.7,14,2278.5,0
2022-03-28 03:57:01,5,54,16.8,90,5.6,1033.8,0.0,0.0,3,2278.5,0
2022-03-28 04:02:01,5,54,16.8,90,5.6,1033.7,0.0,0.0,0,2278.5,0
2022-03-28 04:07:01,5,54,16.7,91,5.5,1033.8,0.0,0.0,0,2278.5,0
2022-03-28 04:12:01,5,54,16.7,91,5.4,1033.8,0.0,0.0,0,2278.5,0
2022-03-28 04:17:01,5,54,16.7,91,5.4,1034.0,0.0,0.0,0,2278.5,0
2022-03-28 04:22:01,5,54,16.7,91,5.3,1033.8,0.0,0.0,0,2278.5,0
2022-03-28 04:27:01,5,54,16.7,91,5.2,1033.9,0.0,0.0,0,2278.5,0
2022-03-28 04:32:01,5,54,16.6,91,5.2,1033.7,0.0,0.0,0,2278.5,0
2022-03-28 04:37:01,5,54,16.6,91,5.2,1033.7,0.0,0.0,15,2278.5,0
2022-03-28 04:42:01,5,54,16.6,91,5.2,1033.8,0.0,0.0,1,2278.5,0
2022-03-28 04:47:01,5,54,16.6,92,5.3,1033.9,0.0,0.7,14,2278.5,0
2022-03-28 04:52:01,5,54,16.5,92,5.3,1034.0,0.0,0.0,0,2278.5,0
2022-03-28 04:57:01,5,54,16.5,92,5.2,1033.9,0.3,0.7,15,2278.5,0
2022-03-28 05:02:01,5,54,16.5,92,5.1,1034.0,0.0,0.0,15,2278.5,0
2022-03-28 05:07:01,5,54,16.5,92,5.2,1033.9,0.0,0.0,15,2278.5,0
2022-03-28 05:12:01,5,54,16.5,92,5.0,1034.0,0.0,0.0,14,2278.5,0
2022-03-28 05:17:01,5,54,16.5,92,5.1,1034.0,0.0,0.0,15,2278.5,0
2022-03-28 05:22:01,5,54,16.4,92,5.0,1033.9,0.0,0.0,15,2278.5,0
2022-03-28 05:27:01,5,54,16.4,92,5.0,1033.9,0.0,0.0,15,2278.5,0
2022-03-28 05:32:01,5,54,16.4,92,4.9,1033.9,0.0,0.0,0,2278.5,0
2022-03-28 05:37:01,5,54,16.4,92,5.0,1033.8,0.0,0.0,15,2278.5,0
2022-03-28 05:42:01,5,54,16.4,92,4.9,1033.8,0.0,0.0,14,2278.5,0
2022-03-28 05:47:01,5,54,16.4,93,5.0,1033.7,0.0,0.0,15,2278.5,0
2022-03-28 05:52:01,5,54,16.4,93,5.0,1033.7,0.0,0.7,14,2278.5,0
2022-03-28 05:57:01,5,54,16.4,93,5.1,1033.6,0.0,0.7,13,2278.5,0
2022-03-28 06:02:01,5,54,16.4,93,5.5,1033.7,0.0,0.0,15,2278.5,0
2022-03-28 06:07:01,5,54,16.5,92,5.6,1033.6,0.3,0.7,14,2278.5,0
2022-03-28 06:12:01,5,53,16.6,92,5.8,1033.5,0.0,0.0,15,2278.5,0
2022-03-28 06:17:01,5,53,16.7,92,5.9,1033.4,0.3,0.7,3,2278.5,0
2022-03-28 06:22:01,5,52,16.9,91,6.2,1033.1,0.0,0.0,3,2278.5,0
2022-03-28 06:27:01,5,51,17.1,91,6.2,1033.1,0.0,0.0,15,2278.5,0
2022-03-28 06:32:01,5,52,17.5,90,6.5,1032.9,0.0,0.0,15,2278.5,0
2022-03-28 06:37:01,5,52,17.8,89,6.8,1032.5,0.0,0.0,0,2278.5,0
2022-03-28 06:42:01,5,53,18.2,88,6.7,1032.1,0.0,0.0,0,2278.5,0
2022-03-28 06:47:01,5,53,18.7,87,7.0,1031.6,0.0,0.0,15,2278.5,0
2022-03-28 06:52:01,5,51,20.2,86,7.3,1031.0,0.0,0.0,15,2278.5,0
2022-03-28 06:57:01,5,50,20.7,85,8.0,1030.3,0.0,0.7,14,2278.5,0
2022-03-28 07:02:01,5,49,21.2,83,8.2,1029.9,0.0,0.0,15,2278.5,0
2022-03-28 07:07:01,5,48,21.6,82,8.5,1029.4,0.0,0.0,15,2278.5,0
2022-03-28 07:12:01,5,47,21.9,80,9.0,1028.8,0.0,0.7,15,2278.5,0
2022-03-28 07:17:01,5,45,22.3,80,8.9,1028.5,0.0,0.7,14,2278.5,0
2022-03-28 07:22:01,5,45,22.6,80,8.7,1028.1,0.0,1.0,2,2278.5,0
2022-03-28 07:27:01,5,44,22.8,80,9.0,1028.0,0.3,1.0,3,2278.5,0
2022-03-28 07:32:01,5,43,23.1,80,8.3,1027.6,0.3,0.7,15,2278.5,0
2022-03-28 07:37:01,5,43,23.3,81,8.3,1027.4,0.3,1.0,14,2278.5,0
2022-03-28 07:42:01,5,43,23.4,82,8.2,1027.3,0.0,0.0,14,2278.5,0
2022-03-28 07:47:01,5,43,23.6,81,9.0,1027.0,0.0,0.7,14,2278.5,0
2022-03-28 07:52:01,5,43,23.7,78,9.6,1026.9,0.0,0.0,15,2278.5,0
2022-03-28 07:57:01,5,43,23.8,77,10.1,1026.6,0.0,0.0,15,2278.5,0
2022-03-28 08:02:01,5,42,24.0,77,10.2,1026.5,0.0,0.7,15,2278.5,0
2022-03-28 08:07:01,5,42,24.0,76,10.6,1026.4,0.0,0.0,15,2278.5,0
2022-03-28 08:12:01,5,42,24.1,77,10.3,1026.1,0.0,0.7,15,2278.5,0
2022-03-28 08:17:01,5,42,24.3,74,10.9,1026.1,0.0,0.0,15,2278.5,0
2022-03-28 08:22:01,5,42,24.3,75,10.3,1026.1,0.0,0.7,15,2278.5,0
2022-03-28 08:27:01,5,42,24.3,76,10.3,1026.1,0.3,1.0,15,2278.5,0
2022-03-28 08:32:01,5,42,24.2,76,10.2,1026.1,0.7,1.0,14,2278.5,0
2022-03-28 08:37:01,5,43,24.2,77,10.2,1026.1,0.0,0.0,14,2278.5,0
2022-03-28 08:42:01,5,43,24.2,75,11.4,1026.2,0.0,0.0,14,2278.5,0
2022-03-28 08:47:01,5,43,24.1,72,12.2,1026.1,0.0,0.7,1,2278.5,0
2022-03-28 08:52:01,5,43,24.1,70,12.3,1026.1,0.3,0.7,14,2278.5,0
2022-03-28 08:57:01,5,43,24.1,72,11.2,1026.2,1.0,1.0,15,2278.5,0
2022-03-28 09:02:01,5,43,24.1,74,11.7,1026.2,0.0,0.0,14,2278.5,0
2022-03-28 09:07:01,5,43,24.1,74,11.7,1026.3,0.3,0.7,14,2278.5,0
2022-03-28 09:12:01,5,43,24.1,72,12.7,1026.4,0.0,0.0,14,2278.5,0
2022-03-28 09:17:01,5,43,24.0,72,12.5,1026.3,0.0,0.0,14,2278.5,0
2022-03-28 09:22:01,5,43,24.0,70,12.2,1026.3,0.7,1.0,13,2278.5,0
2022-03-28 09:27:01,5,43,24.0,69,12.8,1026.3,0.3,0.7,13,2278.5,0
2022-03-28 09:32:01,5,45,23.9,70,12.9,1026.3,0.3,0.7,15,2278.5,0
2022-03-28 09:37:01,5,45,23.8,69,13.4,1026.4,0.3,0.7,1,2278.5,0
2022-03-28 09:42:01,5,45,23.8,67,13.8,1026.5,0.0,0.0,2,2278.5,0
2022-03-28 09:47:01,5,45,23.7,67,14.5,1026.5,0.0,0.7,13,2278.5,0
2022-03-28 09:52:01,5,45,23.6,66,14.6,1026.5,0.0,0.0,13,2278.5,0
2022-03-28 09:57:01,5,45,23.6,66,14.7,1026.6,0.0,0.0,14,2278.5,0
2022-03-28 10:02:01,5,45,23.4,67,14.2,1026.4,0.3,1.0,1,2278.5,0
2022-03-28 10:07:01,5,45,23.4,66,14.3,1026.5,0.0,0.7,1,2278.5,0
2022-03-28 10:12:01,5,45,23.3,68,13.6,1026.6,0.7,1.7,15,2278.5,0
2022-03-28 10:17:01,5,45,23.2,68,13.9,1026.6,0.3,1.0,15,2278.5,0
2022-03-28 10:22:01,5,46,23.1,65,15.0,1026.7,0.0,0.7,15,2278.5,0
2022-03-28 10:27:01,5,46,23.1,68,13.9,1026.7,1.0,2.0,15,2278.5,0
2022-03-28 10:32:01,5,46,23.0,69,14.6,1026.7,0.0,0.7,14,2278.5,0
2022-03-28 10:37:01,5,46,23.0,66,15.3,1026.5,0.3,0.7,14,2278.5,0
2022-03-28 10:42:01,5,48,22.9,65,15.1,1026.8,0.7,1.0,15,2278.5,0
2022-03-28 10:47:01,5,48,22.8,67,15.2,1026.7,0.3,1.0,2,2278.5,0
2022-03-28 10:52:01,5,48,22.7,65,14.6,1026.6,1.0,1.7,14,2278.5,0
2022-03-28 10:57:01,5,48,22.7,65,15.3,1026.7,0.0,1.0,1,2278.5,0
2022-03-28 11:02:01,5,48,22.6,68,14.4,1026.6,1.0,2.0,14,2278.5,0
2022-03-28 11:07:01,5,48,22.6,65,14.5,1026.8,1.0,1.7,15,2278.5,0
2022-03-28 11:12:01,5,48,22.5,65,15.0,1026.8,0.7,1.7,0,2278.5,0
2022-03-28 11:17:01,5,48,22.5,66,14.4,1026.7,1.0,1.7,0,2278.5,0
2022-03-28 11:22:01,5,48,22.4,68,14.6,1026.8,0.7,1.7,14,2278.5,0
2022-03-28 11:27:01,5,48,22.4,65,14.7,1026.8,1.4,2.7,0,2278.5,0
2022-03-28 11:32:01,5,48,22.3,65,14.8,1026.9,0.7,1.0,1,2278.5,0
2022-03-28 11:37:01,5,48,22.3,63,15.5,1026.7,0.3,1.0,2,2278.5,0
2022-03-28 11:42:01,5,48,22.3,63,15.5,1026.7,0.7,2.0,0,2278.5,0
2022-03-28 11:47:01,5,48,22.3,63,15.6,1026.8,0.3,0.7,1,2278.5,0
2022-03-28 11:52:01,5,48,22.3,64,15.3,1026.7,0.3,1.7,2,2278.5,0
2022-03-28 11:57:01,5,48,22.2,64,15.8,1026.6,0.3,1.0,2,2278.5,0
2022-03-28 12:02:01,5,48,22.2,61,16.2,1026.5,0.3,1.0,3,2278.5,0
2022-03-28 12:07:01,5,48,22.2,62,15.8,1026.5,0.7,1.7,14,2278.5,0
2022-03-28 12:12:01,5,48,22.2,60,15.8,1026.5,0.7,1.7,0,2278.5,0
2022-03-28 12:17:01,5,48,22.2,60,16.4,1026.5,0.0,0.0,0,2278.5,0
2022-03-28 12:22:01,5,48,22.2,63,15.6,1026.4,1.0,1.7,14,2278.5,0
2022-03-28 12:27:01,5,48,22.2,61,16.9,1026.4,0.3,0.7,11,2278.5,0
2022-03-28 12:32:01,5,48,22.1,60,16.0,1026.3,0.3,0.7,0,2278.5,0
2022-03-28 12:37:01,5,48,22.1,60,16.3,1026.1,0.7,1.0,15,2278.5,0
2022-03-28 12:42:01,5,48,22.1,61,15.7,1026.3,1.7,2.7,0,2278.5,0
2022-03-28 12:47:01,5,48,22.1,60,16.6,1026.2,0.7,1.0,1,2278.5,0
2022-03-28 12:52:01,5,48,22.1,60,16.2,1026.2,1.0,2.0,15,2278.5,0
2022-03-28 12:57:01,5,48,22.0,58,17.2,1026.2,0.3,0.7,0,2278.5,0
2022-03-28 13:02:01,5,48,22.0,59,17.3,1026.1,0.0,0.0,15,2278.5,0
2022-03-28 13:07:01,5,48,22.0,58,17.3,1026.0,0.3,1.0,14,2278.5,0
2022-03-28 13:12:01,5,49,21.9,60,16.1,1025.9,0.7,1.7,0,2278.5,0
2022-03-28 13:17:01,5,49,21.9,58,17.3,1025.8,0.0,0.7,13,2278.5,0
2022-03-28 13:22:01,5,49,21.9,60,16.2,1025.7,1.0,2.0,14,2278.5,0
2022-03-28 13:27:01,5,49,21.9,60,16.6,1025.7,0.0,0.7,15,2278.5,0
2022-03-28 13:32:01,5,49,21.9,61,16.4,1025.6,0.7,1.0,1,2278.5,0
2022-03-28 13:37:01,5,49,21.9,61,16.2,1025.6,0.7,1.7,15,2278.5,0
2022-03-28 13:42:01,5,49,21.9,61,16.1,1025.5,1.0,1.7,15,2278.5,0
2022-03-28 13:47:01,5,49,21.9,60,16.7,1025.6,0.7,1.0,15,2278.5,0
2022-03-28 13:52:01,5,49,21.9,60,16.8,1025.4,0.3,1.0,0,2278.5,0
2022-03-28 13:57:01,5,49,21.9,61,16.2,1025.3,0.3,0.7,14,2278.5,0
2022-03-28 14:02:01,5,48,21.8,60,16.7,1025.1,0.3,1.0,14,2278.5,0
2022-03-28 14:07:01,5,49,21.8,59,17.1,1025.1,0.3,1.0,14,2278.5,0
2022-03-28 14:12:01,5,49,21.9,61,16.5,1025.1,0.0,0.7,0,2278.5,0
2022-03-28 14:17:01,5,49,21.9,62,16.3,1025.1,0.3,1.0,14,2278.5,0
2022-03-28 14:22:01,5,49,21.9,61,16.7,1025.1,0.0,0.0,1,2278.5,0
2022-03-28 14:27:01,5,49,21.9,62,16.1,1025.0,1.0,1.7,0,2278.5,0
2022-03-28 14:32:01,5,49,21.9,62,16.0,1024.9,0.7,1.0,14,2278.5,0
2022-03-28 14:37:01,5,49,21.9,62,16.1,1025.0,1.0,2.0,12,2278.5,0
2022-03-28 14:42:01,5,49,21.9,63,16.1,1024.9,0.3,0.7,0,2278.5,0
2022-03-28 14:47:01,5,49,21.9,63,15.8,1024.9,0.7,1.0,0,2278.5,0
2022-03-28 14:52:01,5,49,21.9,64,15.6,1024.8,0.3,1.0,15,2278.5,0
2022-03-28 14:57:01,5,49,21.9,64,15.5,1024.8,0.7,1.0,0,2278.5,0
2022-03-28 15:02:01,5,49,21.9,64,15.3,1024.6,0.0,0.7,15,2278.5,0
2022-03-28 15:07:01,5,49,21.9,64,15.3,1024.7,1.0,2.7,15,2278.5,0
2022-03-28 15:12:01,5,49,21.9,64,15.3,1024.6,0.3,1.0,15,2278.5,0
2022-03-28 15:17:01,5,49,21.9,64,15.2,1024.6,0.3,0.7,15,2278.5,0
2022-03-28 15:22:01,5,49,21.8,65,14.9,1024.6,0.3,1.0,15,2278.5,0
2022-03-28 15:27:01,5,49,21.8,66,15.1,1024.4,0.7,1.7,0,2278.5,0
2022-03-28 15:32:01,5,49,21.8,66,15.1,1024.3,0.0,0.0,0,2278.5,0
2022-03-28 15:37:01,5,49,21.8,66,15.1,1024.4,0.3,0.7,0,2278.5,0
2022-03-28 15:42:01,5,49,21.8,66,15.0,1024.5,0.3,0.7,15,2278.5,0
2022-03-28 15:47:01,5,49,21.8,66,15.1,1024.3,0.3,1.0,0,2278.5,0
2022-03-28 15:52:01,5,49,21.7,66,15.2,1024.4,0.0,0.0,0,2278.5,0
2022-03-28 15:57:01,5,49,21.7,66,15.1,1024.2,0.3,1.0,14,2278.5,0
2022-03-28 16:02:01,5,48,21.7,67,14.9,1024.2,0.3,1.0,15,2278.5,0
2022-03-28 16:07:01,5,45,21.7,67,14.9,1024.1,0.0,0.0,14,2278.5,0
2022-03-28 16:12:01,5,45,21.5,67,14.8,1024.2,0.3,1.0,15,2278.5,0
2022-03-28 16:17:01,5,45,21.4,67,14.8,1024.2,0.7,1.0,15,2278.5,0
2022-03-28 16:22:01,5,45,21.3,67,14.7,1024.3,0.7,1.7,15,2278.5,0
2022-03-28 16:27:01,5,46,21.2,67,14.7,1024.4,0.3,0.7,15,2278.5,0
2022-03-28 16:32:01,5,46,21.1,68,14.6,1024.3,0.0,0.7,15,2278.5,0
2022-03-28 16:37:01,5,47,21.0,68,14.6,1024.4,0.3,0.7,13,2278.5,0
2022-03-28 16:42:01,5,49,20.9,68,14.6,1024.6,0.3,0.7,0,2278.5,0
2022-03-28 16:47:01,5,49,20.9,68,14.5,1024.6,0.0,0.7,15,2278.5,0
2022-03-28 16:52:01,5,50,20.8,68,14.5,1024.5,0.0,0.7,15,2278.5,0
2022-03-28 16:57:01,5,50,20.7,69,14.4,1024.7,0.3,1.0,15,2278.5,0
2022-03-28 17:02:01,5,51,20.7,69,14.2,1024.6,0.3,1.0,15,2278.5,0
2022-03-28 17:07:01,5,52,20.7,69,14.2,1024.7,0.0,0.0,15,2278.5,0
2022-03-28 17:12:01,5,52,20.7,69,14.2,1024.5,0.3,0.7,15,2278.5,0
2022-03-28 17:17:01,5,52,20.7,69,14.0,1024.5,0.3,0.7,15,2278.5,0
2022-03-28 17:22:01,5,53,20.8,70,13.9,1024.6,0.0,0.7,13,2278.5,0
2022-03-28 17:27:01,5,52,20.8,70,13.8,1024.5,0.3,1.0,14,2278.5,0
2022-03-28 17:32:01,5,53,20.9,70,13.8,1024.4,0.0,0.0,14,2278.5,0
2022-03-28 17:37:01,5,52,20.9,70,13.6,1024.4,0.0,0.7,14,2278.5,0
2022-03-28 17:42:01,5,52,20.8,71,13.5,1024.4,0.0,0.0,14,2278.5,0
2022-03-28 17:47:01,5,52,20.8,71,13.4,1024.3,0.0,0.0,14,2278.5,0
2022-03-28 17:52:01,5,52,20.8,71,13.3,1024.3,0.0,0.0,15,2278.5,0
2022-03-28 17:57:01,5,52,20.7,71,13.2,1024.3,0.0,0.0,15,2278.5,0
2022-03-28 18:02:01,5,53,20.7,71,13.2,1024.4,0.0,0.0,15,2278.5,0
2022-03-28 18:07:01,5,53,20.7,72,13.1,1024.4,0.0,0.0,15,2278.5,0
2022-03-28 18:12:01,5,53,20.7,72,13.0,1024.3,0.0,0.0,15,2278.5,0
2022-03-28 18:17:01,5,53,20.7,73,12.9,1024.3,0.0,0.0,15,2278.5,0
2022-03-28 18:22:01,5,53,20.6,73,12.9,1024.5,0.0,0.0,15,2278.5,0
2022-03-28 18:27:01,5,53,20.6,73,12.9,1024.3,0.0,0.0,15,2278.5,0
2022-03-28 18:32:01,5,54,20.6,74,12.8,1024.4,0.0,0.7,15,2278.5,0
2022-03-28 18:37:01,5,54,20.6,74,12.7,1024.4,0.0,0.0,15,2278.5,0
2022-03-28 18:42:01,5,54,20.6,75,12.6,1024.3,0.0,0.0,15,2278.5,0
2022-03-28 18:47:01,5,54,20.6,75,12.6,1024.3,0.7,1.7,15,2278.5,0
2022-03-28 18:52:01,5,54,20.6,76,12.4,1024.4,0.3,1.0,0,2278.5,0
2022-03-28 18:57:01,5,54,20.6,76,12.1,1024.4,0.3,1.0,15,2278.5,0
2022-03-28 19:02:01,5,54,20.5,78,11.8,1024.4,0.3,0.7,0,2278.5,0
2022-03-28 19:07:01,5,54,20.5,79,11.5,1024.5,0.7,1.7,0,2278.5,0
2022-03-28 19:12:01,5,54,20.5,81,11.2,1024.4,0.0,0.7,15,2278.5,0
2022-03-28 19:17:01,5,54,20.5,81,11.0,1024.4,0.7,1.0,15,2278.5,0
2022-03-28 19:22:01,5,54,20.5,82,10.9,1024.5,0.3,1.0,0,2278.5,0
2022-03-28 19:27:01,5,54,20.5,82,10.7,1024.5,0.7,2.0,0,2278.5,0
2022-03-28 19:32:01,5,54,20.5,82,10.6,1024.6,0.3,1.0,0,2278.5,0
2022-03-28 19:37:01,5,54,20.4,82,10.5,1024.5,0.3,1.0,0,2278.5,0
2022-03-28 19:42:01,5,54,20.4,82,10.4,1024.5,0.3,0.7,0,2278.5,0
2022-03-28 19:47:01,5,54,20.4,83,10.3,1024.6,0.3,0.7,15,2278.5,0
2022-03-28 19:52:01,5,54,20.4,83,10.2,1024.5,0.3,0.7,15,2278.5,0
2022-03-28 19:57:01,5,54,20.3,83,10.1,1024.6,0.3,0.7,15,2278.5,0
2022-03-28 20:02:01,5,54,20.3,83,10.0,1024.4,0.7,1.0,15,2278.5,0
2022-03-28 20:07:01,5,54,20.3,83,9.9,1024.5,0.3,1.0,0,2278.5,0
2022-03-28 20:12:01,5,54,20.3,83,9.7,1024.5,0.7,2.0,15,2278.5,0
2022-03-28 20:17:01,5,54,20.2,84,9.7,1024.6,0.3,1.0,0,2278.5,0
2022-03-28 20:22:01,5,54,20.2,84,9.6,1024.7,0.3,1.0,0,2278.5,0
2022-03-28 20:27:01,5,54,20.2,84,9.5,1024.7,0.3,1.0,0,2278.5,0
2022-03-28 20:32:01,5,54,20.1,84,9.4,1024.6,0.7,1.0,0,2278.5,0
2022-03-28 20:37:01,5,54,20.1,85,9.3,1024.7,0.3,0.7,1,2278.5,0
2022-03-28 20:42:01,5,54,20.1,85,9.1,1024.8,1.0,1.7,15,2278.5,0
2022-03-28 20:47:01,5,54,20.1,85,9.1,1024.8,0.3,1.0,15,2278.5,0
2022-03-28 20:52:01,5,54,20.1,85,9.0,1024.6,0.3,1.0,0,2278.5,0
2022-03-28 20:57:01,5,54,20.1,85,8.9,1024.4,0.3,1.0,0,2278.5,0
2022-03-28 21:02:01,5,55,19.2,86,8.8,1024.5,0.3,1.0,14,2278.5,0
2022-03-28 21:07:01,5,54,20.0,86,8.8,1024.4,0.0,0.0,0,2278.5,0
2022-03-28 21:12:01,5,55,19.1,86,8.7,1024.5,0.3,0.7,15,2278.5,0
2022-03-28 21:17:01,5,55,19.1,86,8.6,1024.5,1.0,2.7,1,2278.5,0
2022-03-28 21:22:01,5,55,19.1,87,8.6,1024.4,0.3,1.0,12,2278.5,0
2022-03-28 21:27:01,5,55,19.1,87,8.5,1024.4,0.7,1.7,13,2278.5,0
2022-03-28 21:32:01,5,55,19.1,87,8.4,1024.5,0.7,1.0,15,2278.5,0
2022-03-28 21:37:01,5,55,19.1,88,8.3,1024.4,0.3,1.0,14,2278.5,0
2022-03-28 21:42:01,5,56,19.0,88,8.2,1024.5,0.7,1.7,12,2278.5,0
2022-03-28 21:47:01,5,56,19.0,88,8.2,1024.4,1.0,2.0,14,2278.5,0
2022-03-28 21:52:01,5,55,19.0,89,8.1,1024.4,0.0,0.7,15,2278.5,0
2022-03-28 21:57:01,5,57,18.9,89,8.1,1024.5,0.3,1.0,0,2278.5,0
2022-03-28 22:02:01,5,56,18.8,89,8.0,1024.4,0.3,1.0,0,2278.5,0
2022-03-28 22:07:01,5,56,18.8,89,8.0,1024.5,0.3,0.7,0,2278.5,0
2022-03-28 22:12:01,5,56,18.8,89,7.9,1024.5,0.0,0.7,15,2278.5,0
2022-03-28 22:17:01,5,56,18.8,90,7.9,1024.6,0.0,0.7,1,2278.5,0
2022-03-28 22:22:01,5,56,18.7,90,7.9,1024.6,0.0,0.0,0,2278.5,0
2022-03-28 22:27:01,5,57,18.7,90,7.9,1024.6,0.0,0.0,0,2278.5,0
2022-03-28 22:32:01,5,56,18.7,90,7.9,1024.6,0.0,0.7,15,2278.5,0
2022-03-28 22:37:01,5,56,18.6,90,7.9,1024.4,0.3,0.7,15,2278.5,0
2022-03-28 22:42:01,5,56,18.6,89,7.9,1024.5,0.0,0.7,2,2278.5,0
2022-03-28 22:47:01,5,56,18.6,90,7.9,1024.6,0.3,0.7,0,2278.5,0
2022-03-28 22:52:01,5,57,18.6,90,7.9,1024.4,0.0,0.7,0,2278.5,0
2022-03-28 22:57:01,5,56,18.5,90,7.9,1024.4,0.0,0.0,0,2278.5,0
2022-03-28 23:02:01,5,56,18.5,90,7.8,1024.4,0.0,0.0,0,2278.5,0
2022-03-28 23:07:01,5,56,18.5,90,7.8,1024.4,0,0,0,2278.5,0
2022-03-28 23:12:01,5,56,18.4,90,7.9,1024.4,0,0.7,0,2278.5,0
2022-03-28 23:17:01,5,56,18.4,90,7.8,1024.4,0,0,0,2278.5,0
2022-03-28 23:22:01,5,56,18.3,90,7.8,1024.4,0,0,0,2278.5,0
2022-03-28 23:27:01,5,56,18.3,90,7.7,1024.4,0,0.7,0,2278.5,0
2022-03-28 23:32:01,5,56,18.2,90,7.7,1024.4,0,0,0,2278.5,0
2022-03-28 23:37:01,5,56,18.1,90,7.7,1024.3,0,0.7,0,2278.5,0
2022-03-28 23:42:01,5,56,18.1,91,7.7,1024.5,0,0.7,0,2278.5,0
2022-03-28 23:47:01,5,55,18.1,91,7.7,1024.4,0,0.7,1,2278.5,0
2022-03-28 23:52:01,5,55,18.0,91,7.8,1024.4,0,0,15,2278.5,0
2022-03-28 23:57:01,5,56,18.0,91,7.7,1024.4,0,0,14,2278.5,0
