2022-03-20 00:04:23,5,45,17.4,68,5.6,1041.8,0.7,1.0,9,2277.0,0
2022-03-20 00:09:23,5,44,17.4,68,5.6,1041.9,1.0,2.7,4,2277.0,0
2022-03-20 00:14:23,5,44,17.3,68,5.7,1041.9,0.7,2.0,4,2277.0,0
2022-03-20 00:19:23,5,45,17.3,69,5.6,1042.0,0.3,1.0,13,2277.0,0
2022-03-20 00:24:23,5,46,17.2,69,5.4,1042.0,0.3,1.7,10,2277.0,0
2022-03-20 00:29:23,5,47,17.2,69,5.4,1041.9,0.0,0.7,13,2277.0,0
2022-03-20 00:34:23,5,46,17.2,70,5.4,1041.8,0.3,1.7,12,2277.0,0
2022-03-20 00:39:23,5,46,17.1,70,5.5,1041.8,0.7,1.7,4,2277.0,0
2022-03-20 00:44:23,5,46,17.1,70,5.4,1041.8,0.3,0.7,1,2277.0,0
2022-03-20 00:49:23,5,47,17.1,70,5.4,1041.7,0.3,0.7,2,2277.0,0
2022-03-20 00:54:23,5,47,17.1,70,5.4,1041.7,1.0,2.7,3,2277.0,0
2022-03-20 00:59:23,5,46,17.0,70,5.4,1041.6,0.3,1.0,5,2277.0,0
2022-03-20 01:04:23,5,46,17.0,70,5.4,1041.6,0.7,1.0,4,2277.0,0
2022-03-20 01:09:01,5,45,16.9,70,5.4,1041.5,0.3,1.0,11,2277.0,0
2022-03-20 01:14:01,5,46,16.9,71,5.3,1041.5,1.0,2.0,1,2277.0,0
2022-03-20 01:19:01,5,45,16.8,72,5.2,1041.4,1.0,2.0,12,2277.0,0
2022-03-20 01:24:01,5,46,16.7,72,5.1,1041.5,0.7,3.1,10,2277.0,0
2022-03-20 01:29:01,5,46,16.6,72,5.2,1041.5,0.7,1.0,14,2277.0,0
2022-03-20 01:34:01,5,45,16.6,72,5.1,1041.5,0.3,1.0,15,2277.0,0
2022-03-20 01:39:01,5,45,16.5,72,5.0,1041.4,0.7,1.0,10,2277.0,0
2022-03-20 01:44:01,5,45,16.4,73,4.9,1041.4,0.7,1.7,5,2277.0,0
2022-03-20 01:49:01,5,45,16.4,73,4.9,1041.6,0.7,1.7,13,2277.0,0
2022-03-20 01:54:01,5,44,16.3,73,4.8,1041.4,1.0,2.0,0,2277.0,0
2022-03-20 01:59:01,5,45,16.2,73,4.8,1041.3,0.7,1.7,0,2277.0,0
2022-03-20 02:04:01,5,45,16.2,73,4.8,1041.3,0.3,1.0,2,2277.0,0
2022-03-20 02:09:01,5,45,16.1,74,4.7,1041.2,1.0,2.0,8,2277.0,0
2022-03-20 02:14:01,5,45,16.1,74,4.8,1041.2,0.7,1.7,13,2277.0,0
2022-03-20 02:19:01,5,45,16.0,74,4.7,1041.3,0.3,1.0,3,2277.0,0
2022-03-20 02:24:01,5,45,16.0,74,4.7,1041.3,0.7,2.0,11,2277.0,0
2022-03-20 02:29:01,5,45,16.0,74,4.6,1041.2,1.4,2.7,11,2277.0,0
2022-03-20 02:34:01,5,46,15.9,75,4.6,1041.2,0.7,1.7,9,2277.0,0
2022-03-20 02:39:01,5,46,15.9,75,4.5,1041.3,0.3,1.0,6,2277.0,0
2022-03-20 02:44:01,5,45,15.8,75,4.5,1041.3,0.7,2.7,3,2277.0,0
2022-03-20 02:49:01,5,45,15.8,75,4.4,1041.2,0.7,1.0,12,2277.0,0
2022-03-20 02:54:01,5,45,15.7,75,4.3,1041.2,0.3,1.0,4,2277.0,0
2022-03-20 02:59:01,5,45,15.7,76,4.4,1041.3,1.0,1.7,15,2277.0,0
2022-03-20 03:04:01,5,46,15.7,76,4.3,1041.1,1.0,2.0,3,2277.0,0
2022-03-20 03:09:01,5,46,15.6,76,4.2,1041.2,0.7,1.7,4,2277.0,0
2022-03-20 03:14:01,5,45,15.6,77,4.2,1041.2,1.7,3.7,4,2277.0,0
2022-03-20 03:19:01,5,46,15.6,77,4.1,1041.2,0.7,2.7,2,2277.0,0
2022-03-20 03:24:01,5,46,15.6,77,4.1,1041.1,0.3,1.0,11,2277.0,0
2022-03-20 03:29:01,5,45,15.6,78,4.1,1041.2,0.7,2.0,15,2277.0,0
2022-03-20 03:34:01,5,45,15.6,78,4.1,1041.1,1.0,2.0,3,2277.0,0
2022-03-20 03:39:01,5,46,15.5,79,4.0,1040.9,0.7,1.0,5,2277.0,0
2022-03-20 03:44:01,5,46,15.5,79,3.9,1041.1,0.7,1.0,2,2277.0,0
2022-03-20 03:49:01,5,46,15.5,79,3.9,1040.9,0.3,1.0,3,2277.0,0
2022-03-20 03:54:01,5,46,15.3,79,3.8,1040.9,0.3,0.7,5,2277.0,0
2022-03-20 03:59:01,5,46,15.2,80,3.8,1040.8,1.4,2.7,13,2277.0,0
2022-03-20 04:04:01,5,46,15.2,80,3.7,1040.6,0.3,1.0,11,2277.0,0
2022-03-20 04:09:01,5,46,15.2,80,3.7,1040.8,0.3,1.0,11,2277.0,0
2022-03-20 04:14:01,5,46,15.2,81,3.6,1040.6,0.3,0.7,15,2277.0,0
2022-03-20 04:19:01,5,46,15.2,81,3.5,1040.6,0.3,1.7,12,2277.0,0
2022-03-20 04:24:01,5,46,15.2,81,3.5,1040.6,1.0,3.1,9,2277.0,0
2022-03-20 04:29:01,5,46,15.1,81,3.5,1040.3,0.3,1.0,7,2277.0,0
2022-03-20 04:34:01,5,46,15.1,81,3.4,1040.3,0.3,1.0,0,2277.0,0
2022-03-20 04:39:01,5,46,15.0,81,3.5,1040.2,0.3,1.0,9,2277.0,0
2022-03-20 04:44:01,5,47,15.0,81,3.5,1040.3,0.3,1.0,13,2277.0,0
2022-03-20 04:49:01,5,47,15.0,81,3.3,1040.2,0.3,0.7,6,2277.0,0
2022-03-20 04:54:01,5,47,15.0,81,3.3,1040.2,1.0,2.0,11,2277.0,0
2022-03-20 04:59:01,5,46,15.0,81,3.3,1040.1,0.3,1.0,11,2277.0,0
2022-03-20 05:04:01,5,46,15.0,81,3.2,1040.1,0.7,1.7,4,2277.0,0
2022-03-20 05:09:01,5,48,14.9,81,3.1,1039.9,0.0,0.7,10,2277.0,0
2022-03-20 05:14:01,5,47,14.9,81,3.2,1039.9,0.7,1.7,13,2277.0,0
2022-03-20 05:19:01,5,47,14.9,81,3.2,1039.9,0.3,1.0,9,2277.0,0
2022-03-20 05:24:01,5,48,14.9,81,3.2,1039.8,0.0,0.7,3,2277.0,0
2022-03-20 05:29:01,5,48,14.9,81,3.1,1039.8,0.3,1.0,0,2277.0,0
2022-03-20 05:34:01,5,48,14.9,81,3.1,1039.9,0.3,1.0,12,2277.0,0
2022-03-20 05:39:01,5,47,14.9,80,3.1,1039.9,0.7,1.0,10,2277.0,0
2022-03-20 05:44:01,5,48,14.9,80,3.1,1039.8,1.0,2.0,2,2277.0,0
2022-03-20 05:49:01,5,47,14.9,80,3.1,1039.7,0.7,1.7,4,2277.0,0
2022-03-20 05:54:01,5,47,14.9,80,3.1,1039.8,0.7,2.0,4,2277.0,0
2022-03-20 05:59:01,5,47,14.9,80,3.1,1039.7,0.7,1.7,7,2277.0,0
2022-03-20 06:04:01,5,47,14.4,80,3.1,1039.8,0.3,1.7,2,2277.0,0
2022-03-20 06:09:01,5,47,14.4,80,3.1,1039.8,0.3,0.7,5,2277.0,0
2022-03-20 06:14:01,5,48,14.4,80,3.1,1039.6,0.7,1.0,3,2277.0,0
2022-03-20 06:19:01,5,48,14.4,80,3.2,1039.6,0.3,1.0,10,2277.0,0
2022-03-20 06:24:01,5,47,14.9,79,3.3,1039.5,0.7,1.7,0,2277.0,0
2022-03-20 06:29:01,5,47,14.9,79,3.3,1039.4,0.3,1.0,1,2277.0,0
2022-03-20 06:34:01,5,47,14.9,78,3.5,1039.2,0.7,1.7,4,2277.0,0
2022-03-20 06:39:01,5,45,15.1,78,3.7,1039.0,0.3,0.7,5,2277.0,0
2022-03-20 06:44:01,5,45,15.3,77,3.8,1039.1,0.3,1.7,2,2277.0,0
2022-03-20 06:49:01,5,44,15.6,77,3.8,1038.8,0.7,1.7,14,2277.0,0
2022-03-20 06:54:01,5,43,15.7,76,4.0,1038.7,0.0,0.0,3,2277.0,0
2022-03-20 06:59:01,5,43,15.9,75,4.1,1038.4,1.0,3.7,12,2277.0,0
2022-03-20 07:04:01,5,42,16.1,75,4.3,1038.2,0.3,1.7,11,2277.0,0
2022-03-20 07:09:01,5,41,16.4,74,4.4,1037.8,0.3,1.7,12,2277.0,0
2022-03-20 07:14:01,5,41,16.6,74,4.6,1037.6,0.3,1.0,4,2277.0,0
2022-03-20 07:19:01,5,42,16.9,72,4.8,1037.3,0.3,1.0,3,2277.0,0
2022-03-20 07:24:01,5,40,17.3,71,4.9,1036.7,0.0,0.7,1,2277.0,0
2022-03-20 07:29:01,5,41,17.7,71,5.2,1036.3,0.0,0.7,0,2277.0,0
2022-03-20 07:34:01,5,40,18.1,69,5.1,1035.9,0.7,1.7,14,2277.0,0
2022-03-20 07:39:01,5,38,19.6,69,5.0,1035.4,0.7,2.0,15,2277.0,0
2022-03-20 07:44:01,5,37,20.0,68,5.2,1034.8,1.0,2.0,14,2277.0,0
2022-03-20 07:49:01,5,35,20.4,68,5.1,1034.4,0.0,0.7,3,2277.0,0
2022-03-20 07:54:01,5,35,20.6,68,5.2,1034.1,0.3,0.7,14,2277.0,0
2022-03-20 07:59:01,5,34,20.9,68,5.2,1033.7,0.3,1.0,11,2277.0,0
2022-03-20 08:04:01,5,33,21.0,67,5.4,1033.5,0.0,0.7,3,2277.0,0
2022-03-20 08:09:01,5,33,21.1,65,5.4,1033.4,0.3,1.7,1,2277.0,0
2022-03-20 08:14:01,5,33,21.2,65,5.5,1033.1,0.7,1.0,2,2277.0,0
2022-03-20 08:19:01,5,33,21.2,63,5.6,1033.1,0.7,1.7,13,2277.0,0
2022-03-20 08:24:01,5,33,21.2,63,5.7,1033.0,0.3,1.0,9,2277.0,0
2022-03-20 08:29:01,5,34,21.1,62,5.5,1033.2,0.7,2.0,13,2277.0,0
2022-03-20 08:34:01,5,35,21.1,62,5.6,1033.1,0.7,1.0,3,2277.0,0
2022-03-20 08:39:01,5,36,21.0,62,5.7,1033.1,0.3,1.0,11,2277.0,0
2022-03-20 08:44:01,5,36,21.0,61,6.1,1033.1,1.0,3.1,11,2277.0,0
2022-03-20 08:49:01,5,36,21.0,61,6.0,1033.1,1.0,3.7,4,2277.0,0
2022-03-20 08:54:01,5,36,20.9,61,5.9,1033.2,0.7,2.0,3,2277.0,0
2022-03-20 08:59:01,5,37,20.7,61,5.8,1033.3,1.0,3.1,3,2277.0,0
2022-03-20 09:04:01,5,37,20.6,61,5.8,1033.6,1.0,3.7,10,2277.0,0
2022-03-20 09:09:01,5,36,20.5,61,5.7,1033.7,1.7,2.7,3,2277.0,0
2022-03-20 09:14:01,5,37,20.3,60,5.7,1033.9,1.0,2.0,3,2277.0,0
2022-03-20 09:19:01,5,39,20.2,61,5.7,1034.2,0.0,0.7,15,2277.0,0
2022-03-20 09:24:01,5,39,19.2,62,5.6,1034.1,0.3,1.0,10,2277.0,0
2022-03-20 09:29:01,5,38,19.1,68,5.1,1034.5,0.7,1.7,13,2277.0,0
2022-03-20 09:34:01,5,37,18.8,72,4.9,1034.4,0.3,0.7,1,2277.0,0
2022-03-20 09:39:01,5,38,18.5,72,4.7,1034.8,1.4,2.0,14,2277.0,0
2022-03-20 09:44:01,5,39,18.1,75,4.6,1035.1,0.3,1.0,4,2277.0,0
2022-03-20 09:49:01,5,39,17.9,76,4.5,1035.5,0.7,1.0,14,2277.0,0
2022-03-20 09:54:01,5,41,17.7,78,4.2,1035.5,0.3,0.7,14,2277.0,0
2022-03-20 09:59:01,5,41,17.7,81,3.7,1035.6,0.3,1.0,11,2277.0,0
2022-03-20 10:04:01,5,42,17.7,82,3.6,1035.5,0.7,1.0,6,2277.0,0
2022-03-20 10:09:01,5,43,17.9,83,3.3,1035.2,0.7,2.0,11,2277.0,0
2022-03-20 10:14:01,5,43,18.0,85,3.1,1035.1,0.0,0.7,9,2277.0,0
2022-03-20 10:19:01,5,43,18.3,86,2.8,1034.6,1.0,1.7,10,2277.3,0
2022-03-20 10:24:01,5,43,18.5,87,3.0,1034.2,0.0,0.0,10,2277.3,0
2022-03-20 10:29:01,5,44,18.6,87,3.0,1033.9,0.0,0.7,15,2277.3,0
2022-03-20 10:34:01,5,46,18.8,87,3.1,1033.7,0.7,1.0,13,2277.3,0
2022-03-20 10:39:01,5,45,19.2,87,3.3,1033.3,0.0,0.0,0,2277.3,0
2022-03-20 10:44:01,5,45,20.2,87,3.6,1033.2,0.0,0.7,2,2277.3,0
2022-03-20 10:49:01,5,46,20.4,86,3.6,1032.8,0.7,1.0,13,2277.3,0
2022-03-20 10:54:01,5,45,20.5,85,4.3,1032.8,0.0,0.7,11,2277.3,0
2022-03-20 10:59:01,5,45,20.7,84,5.4,1032.6,0.0,0.7,11,2277.3,0
2022-03-20 11:04:01,5,46,20.9,80,5.5,1032.4,0.0,0.7,13,2277.3,0
2022-03-20 11:09:01,5,44,21.0,75,6.0,1032.4,0.3,0.7,0,2277.3,0
2022-03-20 11:14:01,5,44,21.2,75,7.2,1032.1,0.3,0.7,11,2277.3,0
2022-03-20 11:19:01,5,43,21.3,72,7.5,1031.9,0.3,0.7,3,2277.3,0
2022-03-20 11:24:01,5,42,21.3,70,6.6,1031.9,0.0,0.7,15,2277.3,0
2022-03-20 11:29:01,5,42,21.4,68,7.7,1031.7,0.0,0.7,11,2277.3,0
2022-03-20 11:34:01,5,41,21.5,68,8.5,1031.7,0.0,0.7,14,2277.3,0
2022-03-20 11:39:01,5,41,21.5,64,8.5,1031.5,0.3,1.0,3,2277.3,0
2022-03-20 11:44:01,5,38,21.5,59,8.1,1031.5,0.7,1.0,14,2277.3,0
2022-03-20 11:49:01,5,39,21.5,60,8.4,1031.7,0.7,2.7,1,2277.3,0
2022-03-20 11:54:01,5,38,21.4,56,8.0,1031.7,0.7,1.7,3,2277.3,0
2022-03-20 11:59:01,5,39,21.3,60,7.8,1031.8,0.7,1.0,12,2277.3,0
2022-03-20 12:04:01,5,40,21.3,64,8.2,1031.8,0.3,0.7,1,2277.3,0
2022-03-20 12:09:01,5,38,21.2,63,7.7,1031.8,0.7,1.0,3,2277.3,0
2022-03-20 12:14:01,5,39,21.1,63,7.5,1032.0,1.4,2.7,12,2277.3,0
2022-03-20 12:19:01,5,38,21.0,61,7.8,1031.9,1.0,2.0,15,2277.3,0
2022-03-20 12:24:01,5,37,20.9,63,8.1,1031.8,0.7,1.7,0,2277.3,0
2022-03-20 12:29:01,5,36,20.7,64,8.1,1031.9,0.7,1.0,3,2277.3,0
2022-03-20 12:34:01,5,40,20.6,65,8.3,1032.1,0.3,1.0,3,2277.3,0
2022-03-20 12:39:01,5,40,20.6,66,8.1,1032.1,0.7,1.7,0,2277.3,0
2022-03-20 12:44:01,5,40,20.6,67,7.9,1032.1,0.3,1.0,0,2277.3,0
2022-03-20 12:49:01,5,42,20.7,66,8.0,1032.0,0.7,1.7,6,2277.3,0
2022-03-20 12:54:01,5,41,20.7,67,7.7,1032.0,1.0,2.0,11,2277.3,0
2022-03-20 12:59:01,5,41,20.7,66,8.0,1032.0,0.7,2.0,12,2277.3,0
2022-03-20 13:04:01,5,41,20.7,65,8.1,1031.9,1.4,2.0,13,2277.3,0
2022-03-20 13:09:01,5,41,20.7,64,8.1,1031.8,0.7,1.0,11,2277.3,0
2022-03-20 13:14:01,5,41,20.6,64,8.2,1031.8,0.3,0.7,3,2277.3,0
2022-03-20 13:19:01,5,42,20.6,64,8.4,1031.8,0.7,1.7,4,2277.3,0
2022-03-20 13:24:01,5,42,20.7,64,8.7,1031.7,0.7,1.7,11,2277.3,0
2022-03-20 13:29:01,5,42,20.7,64,8.7,1031.8,0.0,0.7,10,2277.3,0
2022-03-20 13:34:01,5,43,20.7,63,8.6,1031.8,0.3,0.7,11,2277.3,0
2022-03-20 13:39:01,5,42,20.7,64,8.4,1031.9,0.0,0.7,0,2277.3,0
2022-03-20 13:44:01,5,43,20.7,63,8.4,1031.9,1.0,2.0,13,2277.3,0
2022-03-20 13:49:01,5,42,20.7,63,8.7,1031.9,0.3,1.0,15,2277.3,0
2022-03-20 13:54:01,5,42,20.7,61,8.7,1031.9,0.7,1.0,15,2277.3,0
2022-03-20 13:59:01,5,42,20.6,62,8.5,1031.9,0.7,1.7,3,2277.3,0
2022-03-20 14:04:01,5,42,20.6,62,8.5,1031.9,0.3,1.0,13,2277.3,0
2022-03-20 14:09:01,5,43,20.5,62,8.4,1032.0,0.7,1.7,12,2277.3,0
2022-03-20 14:14:01,5,43,20.5,62,8.3,1031.9,0.3,0.7,1,2277.3,0
2022-03-20 14:19:01,5,43,20.5,63,8.3,1031.9,0.3,1.0,10,2277.3,0
2022-03-20 14:24:01,5,43,19.6,63,8.3,1032.1,0.7,2.0,2,2277.3,0
2022-03-20 14:29:01,5,44,19.6,64,8.5,1032.2,0.0,0.7,13,2277.3,0
2022-03-20 14:34:01,5,43,19.6,62,9.1,1032.2,0.7,1.0,11,2277.3,0
2022-03-20 14:39:01,5,45,19.5,60,9.6,1032.2,0.7,1.7,12,2277.3,0
2022-03-20 14:44:01,5,43,19.6,59,9.7,1032.2,0.7,1.0,1,2277.3,0
2022-03-20 14:49:01,5,44,19.6,58,9.9,1032.1,0.7,1.7,4,2277.3,0
2022-03-20 14:54:01,5,44,20.5,57,9.8,1032.0,0.7,1.0,12,2277.3,0
2022-03-20 14:59:01,5,45,20.6,57,9.8,1031.9,1.0,1.7,8,2277.3,0
2022-03-20 15:04:01,5,45,20.7,57,9.7,1031.8,0.3,0.7,9,2277.3,0
2022-03-20 15:09:01,5,44,20.8,57,9.6,1031.7,0.3,1.0,14,2277.3,0
2022-03-20 15:14:01,5,43,20.9,57,9.5,1031.6,0.7,1.7,10,2277.3,0
2022-03-20 15:19:01,5,43,20.9,59,8.7,1031.6,0.7,1.7,14,2277.3,0
2022-03-20 15:24:01,5,43,20.9,61,8.5,1031.7,1.0,2.7,9,2277.3,0
2022-03-20 15:29:01,5,40,20.9,67,8.1,1031.8,0.7,2.0,7,2277.3,0
2022-03-20 15:34:01,5,39,20.7,66,7.8,1031.8,1.0,2.0,9,2277.3,0
2022-03-20 15:39:01,5,37,19.6,72,7.3,1032.6,1.7,3.7,9,2277.3,0
2022-03-20 15:44:01,5,39,19.3,83,5.5,1032.7,2.0,4.1,8,2278.2,0
2022-03-20 15:49:01,5,41,19.1,85,5.3,1033.0,0.7,1.7,7,2278.2,0
2022-03-20 15:54:01,5,43,18.8,86,5.5,1033.2,0.3,1.0,7,2278.2,0
2022-03-20 15:59:01,5,44,18.5,86,5.4,1033.3,0.3,1.0,8,2278.2,0
2022-03-20 16:04:01,5,45,18.4,87,5.6,1033.5,0.3,0.7,5,2278.2,0
2022-03-20 16:09:01,5,45,18.3,86,5.9,1033.6,0.3,1.0,7,2278.2,0
2022-03-20 16:14:01,5,45,18.1,86,5.7,1033.7,0.7,1.0,6,2278.2,0
2022-03-20 16:19:01,5,46,18.0,86,5.9,1033.8,0.3,0.7,7,2278.2,0
2022-03-20 16:24:01,5,47,18.0,86,6.0,1033.9,0.3,1.0,7,2278.2,0
2022-03-20 16:29:01,5,48,17.9,85,5.9,1034.0,0.3,1.0,10,2278.2,0
2022-03-20 16:34:01,5,48,17.9,85,6.1,1034.0,0.3,0.7,7,2278.2,0
2022-03-20 16:39:01,5,48,18.0,84,6.0,1034.1,0.3,1.0,7,2278.2,0
2022-03-20 16:44:01,5,47,18.0,84,6.0,1034.1,0.3,1.0,12,2278.2,0
2022-03-20 16:49:01,5,47,18.1,83,6.0,1034.0,0.7,1.0,7,2278.2,0
2022-03-20 16:54:01,5,47,18.1,83,6.0,1034.1,0.3,0.7,9,2278.2,0
2022-03-20 16:59:01,5,47,18.1,83,5.9,1034.1,0.3,1.0,8,2278.2,0
2022-03-20 17:04:01,5,47,18.1,83,6.0,1034.1,0.3,0.7,10,2278.2,0
2022-03-20 17:09:01,5,47,18.1,83,6.0,1034.3,0.0,0.7,9,2278.2,0
2022-03-20 17:14:01,5,46,18.0,84,6.0,1034.4,0.0,0.7,11,2278.2,0
2022-03-20 17:19:01,5,47,18.0,85,5.9,1034.5,0.0,0.7,11,2278.2,0
2022-03-20 17:24:01,5,51,18.0,84,5.8,1034.6,0.7,1.7,9,2278.2,0
2022-03-20 17:29:01,5,52,18.1,83,5.7,1034.5,0.0,0.0,9,2278.2,0
2022-03-20 17:34:01,5,52,18.4,83,5.7,1034.3,0.0,0.7,10,2278.2,0
2022-03-20 17:39:01,5,52,18.7,83,5.6,1034.1,0.0,0.0,8,2278.2,0
2022-03-20 17:44:01,5,52,18.9,83,5.5,1033.9,0.0,0.0,8,2278.2,0
2022-03-20 17:49:01,5,51,19.1,83,5.6,1033.8,0.0,0.7,8,2278.2,0
2022-03-20 17:54:01,5,51,19.2,83,5.4,1033.8,0.0,0.0,8,2278.2,0
2022-03-20 17:59:01,5,51,19.3,84,5.2,1033.9,0.0,0.0,8,2278.2,0
2022-03-20 18:04:01,5,51,19.3,84,5.1,1033.8,0.0,0.0,8,2278.2,0
2022-03-20 18:09:01,5,51,19.3,85,4.9,1034.0,0.0,0.0,8,2278.2,0
2022-03-20 18:14:01,5,51,19.3,85,4.8,1034.0,0.0,0.0,8,2278.2,0
2022-03-20 18:19:01,5,51,19.3,85,4.7,1034.1,0.0,0.0,8,2278.2,0
2022-03-20 18:24:01,5,51,19.3,85,4.6,1034.2,0.0,0.0,8,2278.2,0
2022-03-20 18:29:01,5,51,19.3,86,4.5,1034.2,0.0,0.0,8,2278.2,0
2022-03-20 18:34:01,5,51,19.3,86,4.3,1034.3,0.0,0.0,8,2278.2,0
2022-03-20 18:39:01,5,52,19.2,87,4.2,1034.4,0.0,0.0,8,2278.2,0
2022-03-20 18:44:01,5,52,19.2,87,4.2,1034.5,0.0,0.0,8,2278.2,0
2022-03-20 18:49:01,5,52,19.1,87,4.0,1034.6,0.0,0.0,8,2278.2,0
2022-03-20 18:54:01,5,52,19.1,88,3.9,1034.6,0.0,0.0,8,2278.2,0
2022-03-20 18:59:00,5,52,19.1,88,3.8,1034.8,0.0,0.0,8,2278.2,0
2022-03-20 19:04:00,5,52,19.0,88,3.7,1034.8,0.0,0.0,8,2278.2,0
2022-03-20 19:09:00,5,52,19.0,88,4.0,1034.8,0.0,0.0,8,2278.2,0
2022-03-20 19:14:00,5,53,18.9,88,4.1,1034.9,0.0,0.0,8,2278.2,0
2022-03-20 19:19:00,5,53,18.9,87,4.2,1034.9,0.0,0.7,8,2278.2,0
2022-03-20 19:24:00,5,53,18.8,86,4.4,1034.9,0.3,0.7,7,2278.2,0
2022-03-20 19:29:00,5,53,18.8,84,4.6,1034.9,0.0,0.7,11,2278.2,0
2022-03-20 19:34:00,5,54,18.8,84,4.5,1035.0,0.0,0.0,6,2278.2,0
2022-03-20 19:39:00,5,54,18.8,84,4.4,1035.2,0.0,0.0,6,2278.2,0
2022-03-20 19:44:00,5,54,18.8,84,4.2,1035.2,0.0,0.0,6,2278.2,0
2022-03-20 19:49:00,5,54,18.8,85,3.9,1035.2,0.0,0.0,6,2278.2,0
2022-03-20 19:54:00,5,54,18.8,85,3.6,1035.1,0.0,0.0,6,2278.2,0
2022-03-20 19:59:00,5,54,18.8,86,3.5,1035.2,0.0,0.0,5,2278.2,0
2022-03-20 20:04:00,5,54,18.8,86,3.5,1035.2,0.0,0.0,5,2278.2,0
2022-03-20 20:09:00,5,54,18.8,87,3.7,1035.1,0.0,0.0,5,2278.2,0
2022-03-20 20:14:00,5,54,18.7,87,3.7,1035.1,0.0,0.0,5,2278.2,0
2022-03-20 20:19:00,5,54,18.7,87,3.6,1035.3,0.0,0.0,4,2278.2,0
2022-03-20 20:24:00,5,54,18.7,87,3.5,1035.3,0.0,0.0,4,2278.2,0
2022-03-20 20:29:00,5,54,18.7,88,3.2,1035.3,0.0,0.0,5,2278.2,0
2022-03-20 20:34:00,5,54,18.6,88,3.2,1035.7,0.3,0.7,4,2278.2,0
2022-03-20 20:39:00,5,53,18.5,89,3.2,1035.6,0.0,0.0,5,2278.2,0
2022-03-20 20:44:00,5,54,18.5,88,3.3,1035.7,0.0,0.0,5,2278.2,0
2022-03-20 20:49:00,5,54,18.5,88,3.1,1035.8,0.0,0.0,5,2278.2,0
2022-03-20 20:54:00,5,54,18.5,88,2.9,1035.8,0.0,0.0,5,2278.2,0
2022-03-20 20:59:00,5,54,18.5,88,2.7,1035.8,0.0,0.0,5,2278.2,0
2022-03-20 21:04:00,5,54,18.5,88,2.6,1035.9,0.0,0.0,5,2278.2,0
2022-03-20 21:09:00,5,54,18.5,89,2.7,1035.8,0.0,0.0,5,2278.2,0
2022-03-20 21:14:00,5,54,18.5,89,2.7,1035.9,0.0,0.0,5,2278.2,0
2022-03-20 21:19:00,5,54,18.5,89,2.6,1035.9,0.0,0.0,5,2278.2,0
2022-03-20 21:24:00,5,54,18.5,89,2.5,1035.9,0.0,0.0,5,2278.2,0
2022-03-20 21:29:00,5,54,18.5,89,2.4,1036.0,0.0,0.0,5,2278.2,0
2022-03-20 21:34:00,5,54,18.5,89,2.4,1036.0,0.0,0.0,5,2278.2,0
2022-03-20 21:39:00,5,54,18.4,89,2.4,1036.1,0.0,0.0,5,2278.2,0
2022-03-20 21:44:00,5,54,18.4,89,2.5,1036.1,0.0,0.0,5,2278.2,0
2022-03-20 21:49:00,5,53,18.4,89,2.5,1036.2,0.0,0.0,6,2278.2,0
2022-03-20 21:54:00,5,53,18.3,89,2.5,1036.1,0.0,0.0,6,2278.2,0
2022-03-20 21:59:00,5,53,18.3,89,2.5,1036.2,0.0,0.0,5,2278.2,0
2022-03-20 22:04:00,5,53,18.3,89,2.4,1036.2,0.0,0.0,6,2278.2,0
2022-03-20 22:09:00,5,53,18.2,89,2.3,1036.2,0.0,0.0,6,2278.2,0
2022-03-20 22:14:00,5,53,18.2,89,2.2,1036.3,0.0,0.0,6,2278.2,0
2022-03-20 22:19:00,5,53,18.1,90,2.0,1036.3,0.0,0.0,5,2278.2,0
2022-03-20 22:24:00,5,53,18.1,90,1.9,1036.3,0.0,0.0,5,2278.2,0
2022-03-20 22:29:00,5,53,18.0,90,1.9,1036.4,0.0,0.0,6,2278.2,0
2022-03-20 22:34:00,5,53,18.0,90,1.9,1036.5,0.0,0.0,6,2278.2,0
2022-03-20 22:39:00,5,52,17.9,91,1.8,1036.5,0.0,0.0,6,2278.2,0
2022-03-20 22:44:00,5,51,17.8,91,1.8,1036.6,0.0,0.0,6,2278.2,0
2022-03-20 22:49:00,5,51,17.7,91,1.8,1036.7,0.0,0.0,6,2278.2,0
2022-03-20 22:54:00,5,51,17.7,91,1.7,1036.7,0.0,0.0,6,2278.2,0
2022-03-20 22:59:00,5,51,17.5,91,1.4,1036.9,0.0,0.0,6,2278.2,0
2022-03-20 23:04:00,5,51,17.4,91,1.5,1037.0,0.0,0.0,6,2278.2,0
2022-03-20 23:09:00,5,51,17.4,92,1.5,1037.0,0,0,6,2278.2,0
2022-03-20 23:14:00,5,51,17.3,92,1.5,1037.1,0,0,6,2278.2,0
2022-03-20 23:19:00,5,51,17.2,92,1.4,1037.3,0,0,6,2278.2,0
2022-03-20 23:24:00,5,52,17.1,92,1.3,1037.2,0,0,6,2278.2,0
2022-03-20 23:29:00,5,52,17.1,92,1.2,1037.4,0,0,6,2278.2,0
2022-03-20 23:34:00,5,52,17.0,92,1.2,1037.4,0,0,6,2278.2,0
2022-03-20 23:39:00,5,53,16.9,92,1.2,1037.5,0,0,6,2278.2,0
2022-03-20 23:44:00,5,53,16.9,92,1.2,1037.5,0,0,5,2278.2,0
2022-03-20 23:49:00,5,53,16.8,92,1.1,1037.6,0,0,5,2278.2,0
2022-03-20 23:54:00,5,53,16.8,92,1.1,1037.7,0,0,5,2278.2,0
2022-03-20 23:59:00,5,53,16.8,92,1.2,1037.9,0,0,5,2278.2,0
