2021-12-27 00:03:01,5,56,18.1,97,2.8,1008.5,0.0,0.0,3,2022.6,0
2021-12-27 00:08:01,5,56,18.0,97,2.8,1008.6,0.0,0.0,2,2022.6,0
2021-12-27 00:13:01,5,56,18.0,97,2.9,1008.6,0.0,0.0,3,2022.6,0
2021-12-27 00:18:01,5,57,17.9,97,2.9,1008.6,0.0,0.0,3,2022.6,0
2021-12-27 00:23:01,5,57,17.9,97,2.9,1008.5,0.0,0.0,15,2022.6,0
2021-12-27 00:28:01,5,57,17.9,97,2.9,1008.5,0.0,0.0,2,2022.6,0
2021-12-27 00:33:01,5,56,17.9,97,3.0,1008.4,0.0,0.0,2,2022.9,0
2021-12-27 00:38:01,5,56,17.8,97,3.0,1008.4,0.0,0.0,2,2023.2,0
2021-12-27 00:43:01,5,56,17.8,97,3.0,1008.3,0.0,0.0,2,2023.5,0
2021-12-27 00:48:01,5,56,17.7,97,3.1,1008.4,0.0,0.0,2,2023.5,0
2021-12-27 00:53:01,5,56,17.7,97,3.1,1008.3,0.0,0.0,2,2023.8,0
2021-12-27 00:58:01,5,56,17.7,97,3.2,1008.4,0.0,0.0,2,2023.8,0
2021-12-27 01:03:01,5,56,17.6,98,3.2,1008.4,0.0,0.0,2,2023.8,0
2021-12-27 01:08:01,5,56,17.6,98,3.2,1008.3,0.0,0.0,1,2023.8,0
2021-12-27 01:13:01,5,56,17.5,98,3.2,1008.4,0.0,0.0,15,2023.8,0
2021-12-27 01:18:01,5,56,17.5,98,3.2,1008.3,0.0,0.0,0,2023.8,0
2021-12-27 01:23:01,5,56,17.4,98,3.3,1008.3,0.0,0.0,0,2023.8,0
2021-12-27 01:28:01,5,56,17.4,98,3.3,1008.3,0.0,0.0,15,2023.8,0
2021-12-27 01:33:01,5,56,17.4,98,3.3,1008.4,0.0,0.0,15,2023.8,0
2021-12-27 01:38:01,5,56,17.4,98,3.3,1008.3,0.0,0.0,15,2023.8,0
2021-12-27 01:43:01,5,56,17.3,98,3.3,1008.4,0.0,0.0,15,2023.8,0
2021-12-27 01:48:01,5,56,17.3,98,3.4,1008.4,0.0,0.0,15,2023.8,0
2021-12-27 01:53:01,5,56,17.3,98,3.4,1008.4,0.0,0.0,15,2023.8,0
2021-12-27 01:58:01,5,56,17.2,98,3.4,1008.5,0.0,0.0,0,2023.8,0
2021-12-27 02:03:01,5,56,17.1,98,3.5,1008.4,0.0,0.0,0,2023.8,0
2021-12-27 02:08:01,5,56,17.1,98,3.5,1008.4,0.0,0.0,0,2023.8,0
2021-12-27 02:13:01,5,56,17.1,98,3.5,1008.5,0.0,0.0,0,2023.8,0
2021-12-27 02:18:01,5,56,17.1,98,3.5,1008.6,0.0,0.0,0,2023.8,0
2021-12-27 02:23:01,5,56,17.0,98,3.6,1008.6,0.0,0.0,0,2023.8,0
2021-12-27 02:28:01,5,56,17.0,98,3.6,1008.7,0.0,0.0,0,2023.8,0
2021-12-27 02:33:01,5,56,17.0,98,3.6,1008.7,0.0,0.0,0,2023.8,0
2021-12-27 02:38:01,5,56,17.0,98,3.6,1008.5,0.0,0.0,0,2023.8,0
2021-12-27 02:43:01,5,56,17.0,98,3.7,1008.5,0.0,0.0,0,2024.1,0
2021-12-27 02:48:01,5,56,17.0,98,3.7,1008.5,0.0,0.0,0,2024.1,0
2021-12-27 02:53:01,5,57,16.9,98,3.8,1008.4,0.0,0.0,0,2024.1,0
2021-12-27 02:58:01,5,57,16.9,98,3.9,1008.4,0.0,0.0,0,2024.4,0
2021-12-27 03:03:01,5,57,16.9,98,3.9,1008.3,0.0,0.0,0,2024.4,0
2021-12-27 03:08:01,5,57,16.9,98,4.0,1008.4,0.0,0.0,0,2024.4,0
2021-12-27 03:13:01,5,57,16.9,98,4.0,1008.4,0.0,0.0,0,2024.4,0
2021-12-27 03:18:01,5,57,16.8,98,4.1,1008.2,0.0,0.0,0,2024.4,0
2021-12-27 03:23:01,5,57,16.8,98,4.1,1008.4,0.0,0.0,0,2024.4,0
2021-12-27 03:28:01,5,57,16.8,98,4.1,1008.3,0.0,0.0,0,2024.4,0
2021-12-27 03:33:01,5,57,16.8,98,4.1,1008.4,0.0,0.0,0,2024.4,0
2021-12-27 03:38:01,5,57,16.8,98,4.2,1008.4,0.0,0.0,0,2024.4,0
2021-12-27 03:43:01,5,57,16.8,98,4.2,1008.3,0.0,0.0,0,2024.4,0
2021-12-27 03:48:01,5,57,16.7,98,4.2,1008.3,0.0,0.0,0,2024.4,0
2021-12-27 03:53:01,5,57,16.7,98,4.3,1008.4,0.0,0.0,0,2024.4,0
2021-12-27 03:58:01,5,57,16.7,98,4.3,1008.1,0.0,0.0,0,2024.4,0
2021-12-27 04:03:01,5,57,16.7,98,4.3,1008.1,0.0,0.0,0,2024.4,0
2021-12-27 04:08:01,5,57,16.7,98,4.3,1008.1,0.0,0.0,0,2024.4,0
2021-12-27 04:13:01,5,57,16.6,98,4.4,1008.0,0.0,0.0,0,2024.4,0
2021-12-27 04:18:01,5,57,16.6,98,4.6,1008.0,0.0,0.0,0,2024.4,0
2021-12-27 04:23:01,5,57,16.6,98,4.6,1008.0,0.0,0.0,0,2024.4,0
2021-12-27 04:28:01,5,57,16.6,98,4.5,1008.0,0.0,0.0,15,2024.4,0
2021-12-27 04:33:01,5,57,16.6,98,4.6,1008.0,0.0,0.0,15,2024.4,0
2021-12-27 04:38:01,5,57,16.5,98,4.6,1007.9,0.0,0.0,15,2024.4,0
2021-12-27 04:43:01,5,57,16.5,98,4.6,1008.0,0.0,0.0,15,2024.4,0
2021-12-27 04:48:01,5,57,16.5,98,4.7,1008.1,0.0,0.0,15,2024.4,0
2021-12-27 04:53:01,5,57,16.5,98,4.6,1008.0,0.0,0.0,15,2024.4,0
2021-12-27 04:58:01,5,57,16.5,98,4.6,1008.0,0.0,0.0,15,2024.4,0
2021-12-27 05:03:01,5,57,16.5,98,4.7,1008.0,0.0,0.0,15,2024.4,0
2021-12-27 05:08:01,5,57,16.4,98,4.7,1007.9,0.0,0.0,15,2024.4,0
2021-12-27 05:13:01,5,57,16.4,98,4.7,1007.9,0.0,0.0,15,2024.4,0
2021-12-27 05:18:01,5,57,16.4,98,4.7,1007.8,0.0,0.0,15,2024.4,0
2021-12-27 05:23:01,5,57,16.4,98,4.8,1007.9,0.0,0.0,15,2024.4,0
2021-12-27 05:28:01,5,57,16.4,98,4.8,1007.8,0.0,0.0,15,2024.4,0
2021-12-27 05:33:01,5,57,16.4,98,4.8,1007.8,0.0,0.0,14,2024.4,0
2021-12-27 05:38:01,5,57,16.3,98,4.8,1007.8,0.0,0.0,14,2024.4,0
2021-12-27 05:43:01,5,57,16.3,98,4.9,1007.8,0.0,0.0,14,2024.4,0
2021-12-27 05:48:01,5,57,16.3,99,4.9,1007.9,0.0,0.0,14,2024.4,0
2021-12-27 05:53:01,5,57,16.3,99,4.9,1007.9,0.0,0.0,14,2024.4,0
2021-12-27 05:58:01,5,57,16.3,99,5.0,1008.0,0.0,0.0,14,2024.4,0
2021-12-27 06:03:01,5,57,16.3,99,5.2,1007.8,0.0,0.0,14,2024.4,0
2021-12-27 06:08:01,5,57,16.2,99,5.3,1008.1,0.0,0.0,14,2024.4,0
2021-12-27 06:13:01,5,57,16.2,99,5.5,1008.0,0.0,0.0,14,2024.4,0
2021-12-27 06:18:01,5,58,16.2,99,5.5,1008.0,0.0,0.7,14,2024.4,0
2021-12-27 06:23:01,5,58,16.2,99,5.6,1008.0,0.0,0.0,14,2024.4,0
2021-12-27 06:28:01,5,58,16.2,99,5.6,1007.9,0.0,0.7,13,2024.4,0
2021-12-27 06:33:01,5,58,16.2,99,5.7,1007.9,0.3,0.7,13,2024.4,0
2021-12-27 06:38:01,5,58,16.1,99,5.8,1008.0,0.0,0.7,13,2024.4,0
2021-12-27 06:43:01,5,58,16.1,99,5.8,1007.9,0.0,0.0,13,2024.4,0
2021-12-27 06:48:01,5,58,16.1,99,5.8,1007.9,0.0,0.0,13,2024.4,0
2021-12-27 06:53:01,5,58,16.1,99,5.7,1008.0,0.0,0.0,13,2024.4,0
2021-12-27 06:58:01,5,58,16.1,99,5.7,1008.0,0.0,0.0,13,2024.4,0
2021-12-27 07:03:01,5,58,16.1,99,5.8,1008.0,0.0,0.0,13,2024.4,0
2021-12-27 07:08:01,5,58,16.1,99,5.9,1007.9,0.0,0.0,13,2024.4,0
2021-12-27 07:13:01,5,58,16.1,99,5.8,1007.9,0.0,0.0,13,2024.4,0
2021-12-27 07:18:01,5,58,16.1,99,5.8,1007.8,0.0,0.0,13,2024.4,0
2021-12-27 07:23:01,5,59,16.1,99,5.8,1007.9,0.0,0.0,13,2024.4,0
2021-12-27 07:28:01,5,59,16.3,99,5.9,1007.8,0.0,0.0,13,2024.4,0
2021-12-27 07:33:01,5,59,16.5,99,5.9,1007.5,0.0,0.0,13,2024.4,0
2021-12-27 07:38:01,5,59,16.9,99,5.9,1007.1,0.0,0.0,13,2024.4,0
2021-12-27 07:43:01,5,58,17.4,99,5.9,1006.7,0.0,0.0,13,2024.4,0
2021-12-27 07:48:01,5,57,17.8,99,6.0,1006.3,0.3,1.0,12,2024.4,0
2021-12-27 07:53:01,5,55,18.3,99,6.0,1005.7,0.0,0.0,12,2024.4,0
2021-12-27 07:58:01,5,55,18.8,99,6.0,1005.4,0.0,0.0,12,2024.4,0
2021-12-27 08:03:01,5,52,20.1,99,6.1,1004.8,0.0,0.0,12,2024.4,0
2021-12-27 08:08:01,5,52,20.4,99,6.1,1004.8,0.0,0.7,12,2024.4,0
2021-12-27 08:13:01,5,51,20.5,99,6.2,1004.3,0.3,0.7,12,2024.4,0
2021-12-27 08:18:01,5,51,20.7,99,6.1,1004.0,0.0,0.0,12,2024.4,0
2021-12-27 08:23:01,5,51,20.7,99,6.2,1003.9,0.0,0.0,12,2024.4,0
2021-12-27 08:28:01,5,51,20.9,99,6.2,1003.9,0.0,0.0,12,2024.4,0
2021-12-27 08:33:01,5,52,20.9,99,6.2,1003.8,0.0,0.0,12,2024.4,0
2021-12-27 08:38:01,5,52,20.9,99,6.2,1003.6,0.0,0.0,14,2024.4,0
2021-12-27 08:43:01,5,51,21.0,99,6.3,1003.4,0.0,0.0,14,2024.4,0
2021-12-27 08:48:01,5,50,21.0,99,6.3,1003.4,0.0,0.0,1,2024.4,0
2021-12-27 08:53:01,5,50,21.0,99,6.3,1003.4,0.0,0.7,14,2024.4,0
2021-12-27 08:58:01,5,51,20.9,99,6.3,1003.6,0.0,0.0,14,2024.4,0
2021-12-27 09:03:01,5,52,20.9,99,6.3,1003.6,0.0,0.0,14,2024.4,0
2021-12-27 09:08:01,5,52,20.9,99,6.4,1003.8,0.0,0.7,14,2024.4,0
2021-12-27 09:13:01,5,52,20.7,99,6.5,1003.9,0.0,0.7,12,2024.4,0
2021-12-27 09:18:01,5,52,20.7,99,6.5,1003.9,0.3,2.0,10,2024.4,0
2021-12-27 09:23:01,5,53,20.6,99,6.5,1003.9,0.7,1.7,7,2024.4,0
2021-12-27 09:28:01,5,53,20.6,99,6.5,1003.9,0.0,0.0,6,2024.4,0
2021-12-27 09:33:01,5,53,20.5,99,6.5,1004.0,0.0,0.0,10,2024.4,0
2021-12-27 09:38:01,5,53,20.5,99,6.6,1003.8,0.3,1.0,9,2024.4,0
2021-12-27 09:43:01,5,53,20.4,99,6.6,1004.0,0.3,0.7,13,2024.4,0
2021-12-27 09:48:01,5,53,20.4,99,6.6,1004.1,0.0,0.0,15,2024.4,0
2021-12-27 09:53:01,5,53,20.3,99,6.6,1004.1,0.0,0.0,3,2024.4,0
2021-12-27 09:58:01,5,53,20.2,99,6.7,1003.9,0.0,0.0,3,2024.4,0
2021-12-27 10:03:01,5,54,19.2,99,6.7,1004.1,0.3,1.0,12,2024.4,0
2021-12-27 10:08:01,5,54,19.1,99,6.8,1004.2,0.0,0.7,0,2024.4,0
2021-12-27 10:13:01,5,55,19.1,99,6.8,1004.2,0.7,1.0,12,2024.4,0
2021-12-27 10:18:01,5,55,19.0,99,6.8,1004.3,0.0,0.0,15,2024.4,0
2021-12-27 10:23:01,5,56,18.9,99,6.9,1004.4,0.0,0.7,13,2024.4,0
2021-12-27 10:28:01,5,56,18.8,99,6.9,1004.6,0.0,1.0,12,2024.4,0
2021-12-27 10:33:01,5,56,18.7,99,6.9,1004.6,0.0,0.0,15,2024.4,0
2021-12-27 10:38:01,5,56,18.6,99,7.0,1004.8,0.0,0.7,12,2024.4,0
2021-12-27 10:43:01,5,55,18.5,99,7.0,1004.7,0.0,0.0,12,2024.4,0
2021-12-27 10:48:01,5,55,18.4,99,7.0,1004.7,0.0,0.7,12,2024.4,0
2021-12-27 10:53:01,5,55,18.1,99,7.1,1004.8,0.0,0.0,12,2024.4,0
2021-12-27 10:58:01,5,55,17.9,99,7.2,1005.0,0.0,0.0,13,2024.4,0
2021-12-27 11:03:01,5,55,17.8,99,7.2,1005.0,0.0,0.0,13,2024.4,0
2021-12-27 11:08:01,5,56,17.7,99,7.3,1005.0,0.0,0.0,14,2024.4,0
2021-12-27 11:13:01,5,56,17.6,99,7.2,1005.2,0.0,0.7,1,2024.4,0
2021-12-27 11:18:01,5,58,17.5,99,7.3,1005.2,0.0,0.7,12,2024.4,0
2021-12-27 11:23:01,5,59,17.5,99,7.3,1005.2,0.0,0.0,14,2024.4,0
2021-12-27 11:28:01,5,59,17.5,99,7.2,1005.1,0.0,0.0,2,2024.4,0
2021-12-27 11:33:01,5,59,17.5,99,7.2,1005.1,0.3,0.7,13,2024.4,0
2021-12-27 11:38:01,5,59,17.5,99,7.2,1004.9,0.3,1.0,4,2024.4,0
2021-12-27 11:43:01,5,59,17.5,99,7.2,1004.7,0.0,0.0,1,2024.4,0
2021-12-27 11:48:01,5,59,17.6,99,7.2,1004.6,0.7,1.7,11,2024.4,0
2021-12-27 11:53:01,5,59,17.7,99,7.3,1004.5,0.3,1.0,1,2024.4,0
2021-12-27 11:58:01,5,60,18.0,99,7.2,1004.3,0.3,0.7,11,2024.4,0
2021-12-27 12:03:01,5,59,18.3,99,7.1,1004.2,0.3,1.0,11,2024.4,0
2021-12-27 12:08:01,5,59,18.6,99,7.1,1003.9,0.0,0.0,11,2024.4,0
2021-12-27 12:13:01,5,57,19.0,99,7.0,1003.5,0.0,0.7,2,2024.4,0
2021-12-27 12:18:01,5,56,19.3,99,7.0,1002.8,0.0,0.7,14,2024.4,0
2021-12-27 12:23:01,5,54,20.4,99,7.0,1002.6,0.7,1.7,12,2024.4,0
2021-12-27 12:28:01,5,54,20.5,99,6.9,1002.3,0.3,0.7,1,2024.4,0
2021-12-27 12:33:01,5,54,20.7,99,7.0,1002.2,0.0,1.0,13,2024.4,0
2021-12-27 12:38:01,5,53,20.8,99,7.0,1001.9,0.0,0.7,12,2024.4,0
2021-12-27 12:43:01,5,53,20.9,99,7.1,1002.0,0.0,0.0,12,2024.4,0
2021-12-27 12:48:01,5,52,21.0,99,7.0,1001.9,0.0,0.7,12,2024.4,0
2021-12-27 12:53:01,5,52,21.0,99,7.0,1001.8,0.0,0.7,10,2024.4,0
2021-12-27 12:58:01,5,52,21.0,99,7.1,1001.7,0.0,0.7,10,2024.4,0
2021-12-27 13:03:01,5,52,21.0,99,7.1,1001.8,0.0,0.7,10,2024.4,0
2021-12-27 13:08:01,5,52,21.0,99,7.1,1001.7,0.0,0.0,10,2024.4,0
2021-12-27 13:13:01,5,53,20.9,99,7.1,1001.8,0.0,0.7,9,2024.4,0
2021-12-27 13:18:01,5,53,20.9,99,7.2,1001.7,0.0,0.0,0,2024.4,0
2021-12-27 13:23:01,5,53,20.8,99,7.2,1001.7,0.0,0.0,0,2024.4,0
2021-12-27 13:28:01,5,54,20.7,99,7.3,1001.8,0.0,0.0,11,2024.4,0
2021-12-27 13:33:01,5,54,20.7,99,7.4,1001.8,0.0,0.0,11,2024.7,0
2021-12-27 13:38:01,5,53,20.7,99,7.5,1001.6,0.0,0.0,12,2024.7,0
2021-12-27 13:43:01,5,53,20.7,99,7.6,1001.6,0.0,0.0,11,2024.7,0
2021-12-27 13:48:01,5,54,20.7,99,7.6,1001.5,0.0,0.7,11,2024.7,0
2021-12-27 13:53:01,5,54,20.7,99,7.6,1001.6,0.3,1.7,14,2024.7,0
2021-12-27 13:58:01,5,54,20.6,99,7.6,1001.7,0.0,0.0,1,2024.7,0
2021-12-27 14:03:01,5,53,20.6,99,7.7,1001.7,0.0,0.7,9,2024.7,0
2021-12-27 14:08:01,5,54,20.6,99,7.8,1001.7,0.0,0.0,11,2024.7,0
2021-12-27 14:13:01,5,54,20.6,99,7.8,1001.8,0.0,0.7,11,2024.7,0
2021-12-27 14:18:01,5,54,20.6,99,7.8,1001.6,0.0,0.7,11,2024.7,0
2021-12-27 14:23:01,5,54,20.5,99,7.8,1001.7,0.0,0.0,11,2024.7,0
2021-12-27 14:28:01,5,54,20.5,99,7.8,1001.7,0.0,0.7,11,2024.7,0
2021-12-27 14:33:01,5,54,20.6,99,7.8,1001.7,0.0,0.0,11,2024.7,0
2021-12-27 14:38:01,5,54,20.5,98,7.7,1001.7,0.0,0.0,11,2024.7,0
2021-12-27 14:43:01,5,55,20.5,98,7.7,1001.6,0.0,0.7,2,2024.7,0
2021-12-27 14:48:01,5,55,20.5,98,7.8,1001.5,0.0,0.0,2,2024.7,0
2021-12-27 14:53:01,5,55,20.6,98,7.7,1001.4,0.0,0.0,2,2024.7,0
2021-12-27 14:58:01,5,55,20.6,98,7.7,1001.4,0.0,0.0,2,2024.7,0
2021-12-27 15:03:01,5,55,20.6,98,7.7,1001.5,0.0,0.0,2,2024.7,0
2021-12-27 15:08:01,5,54,20.6,98,7.7,1001.3,0.0,0.0,2,2024.7,0
2021-12-27 15:13:01,5,54,20.7,98,7.7,1001.4,0.0,0.0,3,2024.7,0
2021-12-27 15:18:01,5,54,20.7,98,7.7,1001.1,0.0,0.0,2,2024.7,0
2021-12-27 15:23:01,5,54,20.7,98,7.7,1001.1,0.0,0.0,1,2024.7,0
2021-12-27 15:28:01,5,54,20.7,98,7.7,1001.1,0.0,0.0,1,2024.7,0
2021-12-27 15:33:01,5,54,20.6,98,7.7,1001.2,0.0,0.0,2,2025.0,0
2021-12-27 15:38:01,5,55,20.6,98,7.6,1001.2,0.0,0.0,2,2025.0,0
2021-12-27 15:43:01,5,54,20.6,98,7.6,1001.2,0.0,0.7,1,2025.0,0
2021-12-27 15:48:01,5,55,20.5,98,7.6,1001.2,0.0,0.0,1,2025.0,0
2021-12-27 15:53:01,5,55,20.5,98,7.5,1001.2,0.0,0.0,11,2025.0,0
2021-12-27 15:58:01,5,55,20.5,98,7.5,1001.2,0.0,0.0,3,2025.0,0
2021-12-27 16:03:01,5,54,20.5,98,7.6,1001.2,0.0,0.0,2,2025.0,0
2021-12-27 16:08:01,5,54,20.6,98,7.5,1001.3,0.0,1.0,3,2025.0,0
2021-12-27 16:13:01,5,54,20.5,98,7.5,1001.2,0.0,0.0,1,2025.0,0
2021-12-27 16:18:01,5,54,20.5,98,7.5,1001.0,0.3,0.7,0,2025.0,0
2021-12-27 16:23:01,5,54,20.5,98,7.4,1001.1,0.0,0.0,2,2025.0,0
2021-12-27 16:28:01,5,54,20.5,98,7.4,1001.2,0.0,0.0,2,2025.0,0
2021-12-27 16:33:01,5,54,20.5,98,7.5,1001.1,0.0,0.7,1,2025.0,0
2021-12-27 16:38:01,5,54,20.4,98,7.5,1001.2,0.0,0.0,2,2025.0,0
2021-12-27 16:43:01,5,55,19.6,98,7.5,1001.2,0.0,0.0,11,2025.0,0
2021-12-27 16:48:01,5,55,19.6,98,7.4,1001.3,0.0,0.7,2,2025.0,0
2021-12-27 16:53:01,5,55,19.6,98,7.4,1001.3,0.0,0.0,12,2025.0,0
2021-12-27 16:58:01,5,56,19.6,98,7.5,1001.2,0.0,0.0,2,2025.0,0
2021-12-27 17:03:01,5,54,19.6,98,7.6,1001.0,0.0,0.0,2,2025.0,0
2021-12-27 17:08:01,5,53,19.5,98,7.7,1001.0,0.0,0.0,1,2025.0,0
2021-12-27 17:13:01,5,53,19.3,98,7.7,1001.0,0.0,0.0,2,2025.0,0
2021-12-27 17:18:01,5,54,19.1,98,7.8,1001.1,0.0,0.0,12,2025.0,0
2021-12-27 17:23:01,5,54,19.0,98,7.9,1001.2,0.0,0.0,11,2025.0,0
2021-12-27 17:28:01,5,55,18.8,98,8.0,1001.3,0.3,1.0,2,2025.0,0
2021-12-27 17:33:01,5,57,18.8,98,8.0,1001.4,1.0,2.0,1,2025.0,0
2021-12-27 17:38:01,5,57,18.8,98,8.0,1001.4,0.0,0.0,11,2025.3,0
2021-12-27 17:43:01,5,57,18.8,98,8.0,1001.4,0.3,1.0,2,2025.3,0
2021-12-27 17:48:01,5,60,18.8,98,8.0,1001.3,0.3,1.0,0,2025.3,0
2021-12-27 17:53:01,5,60,19.1,98,8.0,1001.3,0.3,1.0,4,2025.3,0
2021-12-27 17:58:01,5,60,19.3,98,8.1,1000.9,0.3,1.0,4,2025.3,0
2021-12-27 18:03:01,5,59,19.6,98,8.1,1000.8,0.3,1.7,6,2025.3,0
2021-12-27 18:08:01,5,58,20.6,98,8.2,1000.5,0.0,0.7,12,2025.3,0
2021-12-27 18:13:01,5,58,20.7,98,8.1,1000.4,0.3,1.0,8,2025.3,0
2021-12-27 18:18:01,5,57,21.0,98,8.2,1000.1,0.0,0.7,9,2025.3,0
2021-12-27 18:23:01,5,57,21.1,98,8.2,1000.0,0.0,0.7,0,2025.3,0
2021-12-27 18:28:01,5,56,21.2,98,8.2,999.8,0.0,0.7,12,2025.3,0
2021-12-27 18:33:01,5,56,21.2,98,8.2,999.8,0.0,0.7,12,2025.3,0
2021-12-27 18:38:01,5,56,21.2,98,8.2,999.7,0.0,0.7,11,2025.3,0
2021-12-27 18:43:01,5,56,21.3,98,8.2,999.7,0.0,0.0,2,2025.3,0
2021-12-27 18:48:01,5,56,21.3,98,8.3,999.6,0.3,0.7,4,2025.3,0
2021-12-27 18:53:01,5,56,21.3,98,8.2,999.6,0.0,1.0,12,2025.3,0
2021-12-27 18:58:01,5,56,21.2,98,8.2,999.6,0.0,0.0,2,2025.3,0
2021-12-27 19:03:01,5,56,21.2,98,8.3,999.6,0.0,0.0,3,2025.3,0
2021-12-27 19:08:01,5,56,21.2,98,8.2,999.6,0.0,0.7,12,2025.3,0
2021-12-27 19:13:01,5,56,21.2,98,8.3,999.8,0.0,0.7,8,2025.3,0
2021-12-27 19:18:01,5,56,21.1,98,8.3,999.8,0.0,0.7,12,2025.3,0
2021-12-27 19:23:01,5,56,21.1,98,8.3,999.9,0.0,0.7,9,2025.3,0
2021-12-27 19:28:01,5,57,21.0,98,8.3,999.8,0.0,0.0,12,2025.6,0
2021-12-27 19:33:01,5,58,20.9,98,8.4,999.8,0.3,0.7,11,2025.9,0
2021-12-27 19:38:01,5,58,20.9,98,8.4,1000.0,0.0,0.7,11,2026.2,0
2021-12-27 19:43:01,5,59,20.8,98,8.3,1000.0,0.0,0.7,8,2026.2,0
2021-12-27 19:48:01,5,59,20.7,98,8.4,1000.0,0.0,0.7,11,2026.5,0
2021-12-27 19:53:01,5,60,20.7,98,8.4,1000.1,0.0,0.7,6,2026.8,0
2021-12-27 19:58:01,5,60,20.7,98,8.4,1000.0,0.3,1.7,12,2026.8,0
2021-12-27 20:03:01,5,60,20.8,98,8.4,999.9,0.0,0.0,11,2026.8,0
2021-12-27 20:08:01,5,60,20.9,98,8.4,1000.0,0.0,0.7,13,2026.8,0
2021-12-27 20:13:01,5,59,21.0,98,8.4,999.8,0.0,0.7,14,2026.8,0
2021-12-27 20:18:01,5,58,21.1,98,8.4,999.6,0.0,0.7,13,2026.8,0
2021-12-27 20:23:01,5,58,21.2,98,8.4,999.6,0.0,0.0,0,2026.8,0
2021-12-27 20:28:01,5,58,21.2,98,8.4,999.5,0.3,1.0,10,2026.8,0
2021-12-27 20:33:01,5,57,21.2,98,8.5,999.4,0.3,0.7,9,2026.8,0
2021-12-27 20:38:01,5,57,21.2,98,8.5,999.4,0.0,0.7,13,2026.8,0
2021-12-27 20:43:01,5,57,21.3,98,8.5,999.4,0.3,0.7,12,2026.8,0
2021-12-27 20:48:01,5,57,21.3,98,8.5,999.4,0.0,1.0,8,2026.8,0
2021-12-27 20:53:01,5,57,21.3,98,8.5,999.2,0.3,0.7,9,2026.8,0
2021-12-27 20:58:01,5,57,21.3,98,8.5,999.3,0.3,0.7,9,2026.8,0
2021-12-27 21:03:01,5,56,21.2,98,8.5,999.3,0.3,0.7,10,2026.8,0
2021-12-27 21:08:01,5,57,21.2,98,8.6,999.2,0.0,0.0,9,2026.8,0
2021-12-27 21:13:01,5,57,21.2,98,8.5,999.2,0.0,0.0,9,2026.8,0
2021-12-27 21:18:01,5,57,21.2,98,8.6,999.1,0.3,0.7,9,2026.8,0
2021-12-27 21:23:01,5,56,21.2,98,8.5,999.1,0.3,0.7,7,2026.8,0
2021-12-27 21:28:01,5,56,21.2,98,8.5,999.1,0.7,1.0,6,2026.8,0
2021-12-27 21:33:01,5,56,21.2,98,8.6,999.2,0.3,0.7,10,2026.8,0
2021-12-27 21:38:01,5,56,21.1,98,8.5,999.3,0.0,0.7,7,2026.8,0
2021-12-27 21:43:01,5,56,21.1,98,8.5,999.3,0.3,0.7,7,2026.8,0
2021-12-27 21:48:01,5,56,21.1,98,8.5,999.2,0.0,0.7,6,2026.8,0
2021-12-27 21:53:01,5,56,21.0,98,8.5,999.3,0.0,0.7,9,2026.8,0
2021-12-27 21:58:01,5,57,20.9,98,8.5,999.3,0.3,1.7,10,2026.8,0
2021-12-27 22:03:01,5,58,20.9,98,8.5,999.4,0.3,0.7,7,2026.8,0
2021-12-27 22:08:01,5,58,20.9,98,8.4,999.4,0.0,0.7,13,2026.8,0
2021-12-27 22:13:01,5,58,20.8,98,8.4,999.2,0.0,0.7,4,2026.8,0
2021-12-27 22:18:01,5,58,20.7,98,8.3,999.2,0.0,0.0,11,2026.8,0
2021-12-27 22:23:01,5,58,20.7,98,8.3,999.4,0.0,0.0,11,2026.8,0
2021-12-27 22:28:01,5,58,20.7,98,8.2,999.4,0.3,1.0,10,2026.8,0
2021-12-27 22:33:01,5,58,20.6,98,8.2,999.4,0.0,0.7,6,2026.8,0
2021-12-27 22:38:01,5,58,20.6,98,8.1,999.5,0.0,0.7,8,2026.8,0
2021-12-27 22:43:01,5,58,20.6,98,8.0,999.4,0.0,0.0,8,2026.8,0
2021-12-27 22:48:01,5,58,20.5,98,7.9,999.4,0.0,0.0,9,2026.8,0
2021-12-27 22:53:01,5,58,20.5,98,7.9,999.5,0.0,0.7,10,2026.8,0
2021-12-27 22:58:01,5,58,20.5,98,7.9,999.4,0.0,0.7,11,2026.8,0
2021-12-27 23:03:01,5,58,20.5,98,7.7,999.2,0.0,0.0,11,2026.8,0
2021-12-27 23:08:01,5,59,19.6,98,7.8,999.3,0,0.7,10,2026.8,0
2021-12-27 23:13:01,5,59,19.6,98,7.7,999.3,0,0.7,10,2026.8,0
2021-12-27 23:18:01,5,59,19.6,98,7.7,999.2,0,0.7,9,2026.8,0
2021-12-27 23:23:01,5,59,19.5,98,7.6,999.2,0,0,9,2026.8,0
2021-12-27 23:28:01,5,59,19.4,98,7.5,999.2,0,0,9,2026.8,0
2021-12-27 23:33:01,5,58,19.3,99,7.4,999.2,0,0.7,9,2026.8,0
2021-12-27 23:38:01,5,58,19.2,99,7.5,999.1,0,0.7,9,2026.8,0
2021-12-27 23:43:01,5,59,19.2,99,7.5,999.1,0,0,9,2026.8,0
2021-12-27 23:48:01,5,59,19.1,99,7.6,999.2,0,0,9,2026.8,0
2021-12-27 23:53:01,5,59,19.1,99,7.5,999.3,0,0,9,2026.8,0
2021-12-27 23:58:01,5,59,19.0,99,7.5,999.4,0,0.7,8,2026.8,0
