2021-12-12 00:02:01,5,65,17.9,94,5.6,1026.7,0.3,1.0,7,2008.5,0
2021-12-12 00:07:01,5,64,17.9,94,5.6,1026.6,0.0,0.7,4,2008.5,0
2021-12-12 00:12:01,5,64,17.9,94,5.6,1026.7,0.7,1.0,6,2008.5,0
2021-12-12 00:17:01,5,64,17.9,94,5.6,1026.6,0.3,0.7,9,2008.5,0
2021-12-12 00:22:01,5,65,17.8,94,5.6,1026.6,0.7,1.0,9,2008.5,0
2021-12-12 00:27:01,5,64,17.8,94,5.6,1026.6,0.3,0.7,15,2008.5,0
2021-12-12 00:32:01,5,64,17.8,94,5.6,1026.5,0.7,1.0,10,2008.5,0
2021-12-12 00:37:01,5,64,17.7,94,5.6,1026.6,0.0,0.7,14,2008.5,0
2021-12-12 00:42:01,5,64,17.7,95,5.6,1026.5,0.7,1.7,11,2008.5,0
2021-12-12 00:47:01,5,63,17.7,95,5.6,1026.4,1.0,1.7,9,2008.5,0
2021-12-12 00:52:01,5,63,17.6,95,5.6,1026.5,1.0,2.0,0,2008.5,0
2021-12-12 00:57:01,5,63,17.5,95,5.6,1026.5,0.7,1.0,10,2008.8,0
2021-12-12 01:02:01,5,63,17.5,95,5.6,1026.4,0.3,1.0,5,2008.8,0
2021-12-12 01:07:01,5,63,17.4,95,5.6,1026.4,0.3,1.0,5,2008.8,0
2021-12-12 01:12:01,5,63,17.4,95,5.6,1026.6,0.7,1.7,9,2008.8,0
2021-12-12 01:17:01,5,63,17.4,95,5.6,1026.8,0.3,0.7,10,2008.8,0
2021-12-12 01:22:01,5,63,17.3,95,5.6,1026.5,0.7,1.7,5,2008.8,0
2021-12-12 01:27:01,5,63,17.3,95,5.6,1026.8,0.7,1.7,12,2008.8,0
2021-12-12 01:32:01,5,63,17.2,95,5.6,1026.7,1.0,2.0,5,2008.8,0
2021-12-12 01:37:01,5,63,17.1,95,5.6,1026.7,1.0,1.7,8,2008.8,0
2021-12-12 01:42:01,5,63,17.1,95,5.6,1026.7,0.7,1.7,7,2008.8,0
2021-12-12 01:47:01,5,63,17.1,95,5.6,1026.8,1.0,2.0,8,2008.8,0
2021-12-12 01:52:01,5,63,17.0,95,5.7,1026.8,0.7,1.7,7,2008.8,0
2021-12-12 01:57:01,5,62,17.0,96,5.7,1026.8,0.7,1.0,1,2008.8,0
2021-12-12 02:02:01,5,63,17.0,96,5.7,1026.7,0.7,1.7,10,2008.8,0
2021-12-12 02:07:01,5,63,17.0,96,5.7,1026.7,1.0,1.7,13,2008.8,0
2021-12-12 02:12:01,5,64,16.9,96,5.7,1026.7,1.0,1.7,11,2008.8,0
2021-12-12 02:17:01,5,64,16.9,96,5.7,1026.6,0.7,1.7,7,2009.1,0
2021-12-12 02:22:01,5,63,16.9,96,5.7,1026.6,1.0,1.7,8,2009.1,0
2021-12-12 02:27:01,5,64,16.9,96,5.7,1026.7,1.0,1.7,6,2009.1,0
2021-12-12 02:32:01,5,64,16.9,96,5.8,1026.8,1.4,3.1,1,2009.1,0
2021-12-12 02:37:01,5,64,16.9,97,5.8,1026.8,0.3,1.0,5,2009.1,0
2021-12-12 02:42:01,5,64,16.9,97,5.8,1026.9,1.0,2.0,10,2009.1,0
2021-12-12 02:47:01,5,64,16.9,97,5.8,1026.8,1.0,1.7,7,2009.1,0
2021-12-12 02:52:01,5,64,16.9,97,5.8,1026.8,0.3,1.0,9,2009.4,0
2021-12-12 02:57:01,5,64,16.9,97,5.9,1026.7,0.7,1.0,12,2009.4,0
2021-12-12 03:02:01,5,64,16.9,97,5.9,1026.5,0.7,1.7,8,2009.4,0
2021-12-12 03:07:01,5,64,16.9,97,6.0,1026.5,0.3,1.0,7,2009.4,0
2021-12-12 03:12:01,5,64,16.9,97,6.1,1026.5,1.0,2.0,13,2009.4,0
2021-12-12 03:17:01,5,63,16.9,97,6.2,1026.3,1.0,2.0,8,2009.4,0
2021-12-12 03:22:01,5,63,16.9,97,6.2,1026.4,1.4,2.0,10,2009.4,0
2021-12-12 03:27:01,5,63,16.9,97,6.3,1026.5,0.7,1.7,12,2009.4,0
2021-12-12 03:32:01,5,63,16.9,97,6.4,1026.5,1.4,2.0,9,2009.4,0
2021-12-12 03:37:01,5,63,16.9,97,6.4,1026.5,0.3,1.0,0,2009.4,0
2021-12-12 03:42:01,5,63,16.9,97,6.5,1026.5,1.0,2.0,5,2009.4,0
2021-12-12 03:47:01,5,63,16.9,97,6.4,1026.4,0.3,1.0,12,2009.4,0
2021-12-12 03:52:01,5,63,16.9,97,6.5,1026.3,1.0,2.0,12,2009.4,0
2021-12-12 03:57:01,5,63,16.9,97,6.5,1026.3,0.7,1.0,4,2009.4,0
2021-12-12 04:02:01,5,63,16.9,98,6.5,1026.3,1.0,2.7,7,2009.4,0
2021-12-12 04:07:01,5,62,17.0,98,6.6,1026.3,1.4,3.1,9,2009.4,0
2021-12-12 04:12:01,5,62,17.0,98,6.6,1026.2,0.7,3.7,9,2009.4,0
2021-12-12 04:17:01,5,62,17.0,98,6.6,1026.1,0.7,2.0,6,2009.4,0
2021-12-12 04:22:01,5,62,17.0,98,6.6,1026.1,1.0,2.0,10,2009.4,0
2021-12-12 04:27:01,5,61,17.0,98,6.7,1026.3,0.7,1.7,11,2009.7,0
2021-12-12 04:32:01,5,61,17.0,98,6.6,1026.4,1.0,1.7,7,2009.7,0
2021-12-12 04:37:01,5,62,17.0,98,6.7,1026.5,0.3,1.7,10,2009.7,0
2021-12-12 04:42:01,5,61,17.0,98,6.7,1026.5,0.3,1.0,9,2009.7,0
2021-12-12 04:47:01,5,61,17.0,98,6.8,1026.5,0.3,1.0,13,2009.7,0
2021-12-12 04:52:01,5,61,17.0,98,6.8,1026.5,0.7,1.7,13,2009.7,0
2021-12-12 04:57:01,5,61,17.0,98,6.9,1026.5,1.4,3.7,7,2009.7,0
2021-12-12 05:02:01,5,61,17.0,98,7.0,1026.6,0.7,1.0,4,2009.7,0
2021-12-12 05:07:01,5,62,16.9,98,7.0,1026.6,0.7,1.7,11,2009.7,0
2021-12-12 05:12:01,5,62,17.0,98,7.1,1026.7,0.7,1.7,8,2009.7,0
2021-12-12 05:17:01,5,62,17.0,98,7.1,1026.6,1.0,1.7,12,2009.7,0
2021-12-12 05:22:01,5,62,17.0,98,7.2,1026.5,0.7,1.7,7,2009.7,0
2021-12-12 05:27:01,5,61,17.0,98,7.2,1026.7,1.0,2.0,10,2009.7,0
2021-12-12 05:32:01,5,61,17.1,98,7.2,1026.5,0.7,2.0,4,2009.7,0
2021-12-12 05:37:01,5,61,17.1,98,7.3,1026.8,1.0,2.0,11,2009.7,0
2021-12-12 05:42:01,5,61,17.1,98,7.3,1026.6,1.4,4.1,7,2009.7,0
2021-12-12 05:47:01,5,61,17.1,98,7.3,1026.7,1.0,2.0,10,2009.7,0
2021-12-12 05:52:01,5,61,17.1,98,7.4,1026.7,1.0,2.0,10,2009.7,0
2021-12-12 05:57:01,5,61,17.1,98,7.3,1026.8,0.3,1.0,4,2009.7,0
2021-12-12 06:02:01,5,61,17.1,98,7.5,1026.9,1.4,3.1,10,2009.7,0
2021-12-12 06:07:01,5,61,17.1,98,7.5,1026.9,1.0,1.7,5,2009.7,0
2021-12-12 06:12:01,5,61,17.1,98,7.6,1026.9,1.4,2.7,8,2009.7,0
2021-12-12 06:17:01,5,61,17.1,98,7.5,1026.9,0.7,1.7,11,2009.7,0
2021-12-12 06:22:01,5,61,17.1,98,7.5,1026.9,0.7,1.0,5,2009.7,0
2021-12-12 06:27:01,5,61,17.2,98,7.6,1026.9,0.3,1.0,3,2009.7,0
2021-12-12 06:32:01,5,61,17.3,98,7.6,1027.0,1.0,1.0,7,2009.7,0
2021-12-12 06:37:01,5,61,17.3,98,7.6,1027.0,1.4,2.7,7,2009.7,0
2021-12-12 06:42:01,5,61,17.3,98,7.6,1026.9,0.7,1.7,9,2009.7,0
2021-12-12 06:47:01,5,61,17.3,98,7.6,1026.9,1.0,2.0,10,2009.7,0
2021-12-12 06:52:01,5,61,17.3,98,7.6,1026.9,0.3,0.7,10,2010.0,0
2021-12-12 06:57:01,5,61,17.3,98,7.6,1026.8,1.4,2.0,9,2010.0,0
2021-12-12 07:02:01,5,61,17.2,98,7.7,1027.0,0.3,0.7,9,2010.0,0
2021-12-12 07:07:01,5,61,17.2,98,7.8,1027.0,1.7,2.7,6,2010.0,0
2021-12-12 07:12:01,5,61,17.2,98,7.7,1027.0,1.4,2.7,8,2010.0,0
2021-12-12 07:17:01,5,61,17.1,98,7.8,1027.0,1.0,1.7,13,2010.0,0
2021-12-12 07:22:01,5,61,17.1,98,7.8,1027.0,0.7,2.7,7,2010.0,0
2021-12-12 07:27:01,5,61,17.1,98,7.8,1027.1,0.7,1.0,6,2010.0,0
2021-12-12 07:32:01,5,61,17.2,98,7.9,1027.2,0.7,2.0,5,2010.0,0
2021-12-12 07:37:01,5,62,17.3,98,7.9,1027.0,1.7,3.1,6,2010.0,0
2021-12-12 07:42:01,5,62,17.5,98,8.0,1027.0,1.7,3.7,7,2010.0,0
2021-12-12 07:47:01,5,62,17.8,98,8.0,1026.6,1.7,2.7,8,2010.0,0
2021-12-12 07:52:01,5,62,18.2,98,8.0,1026.4,1.4,1.7,8,2010.0,0
2021-12-12 07:57:01,5,60,18.6,98,8.1,1026.1,0.7,1.7,8,2010.0,0
2021-12-12 08:02:01,5,59,19.0,98,8.1,1025.8,0.7,1.7,10,2010.0,0
2021-12-12 08:07:01,5,58,19.3,98,8.1,1025.6,0.7,2.7,10,2010.0,0
2021-12-12 08:12:01,5,56,20.4,98,8.2,1025.4,1.4,2.0,10,2010.0,0
2021-12-12 08:17:01,5,56,20.5,98,8.2,1025.3,0.3,0.7,12,2010.0,0
2021-12-12 08:22:01,5,56,20.6,98,8.2,1025.2,1.0,1.7,11,2010.0,0
2021-12-12 08:27:01,5,56,20.7,98,8.3,1025.0,1.4,2.0,9,2010.0,0
2021-12-12 08:32:01,5,56,20.8,98,8.3,1025.0,0.7,2.0,6,2010.0,0
2021-12-12 08:37:01,5,55,20.8,98,8.3,1025.1,0.7,1.7,14,2010.0,0
2021-12-12 08:42:01,5,56,20.8,98,8.3,1025.0,0.7,2.0,12,2010.0,0
2021-12-12 08:47:01,5,56,20.8,98,8.3,1025.1,1.4,2.0,8,2010.0,0
2021-12-12 08:52:01,5,57,20.7,98,8.4,1025.1,1.4,2.7,7,2010.0,0
2021-12-12 08:57:01,5,57,20.7,98,8.4,1025.2,1.4,3.1,9,2010.0,0
2021-12-12 09:02:01,5,57,20.7,98,8.4,1025.4,1.0,2.0,11,2010.0,0
2021-12-12 09:07:01,5,58,20.6,98,8.4,1025.4,0.3,1.7,10,2010.0,0
2021-12-12 09:12:01,5,58,20.6,98,8.4,1025.5,1.4,3.1,12,2010.0,0
2021-12-12 09:17:01,5,58,20.5,98,8.4,1025.7,1.4,2.7,5,2010.0,0
2021-12-12 09:22:01,5,59,20.5,98,8.5,1025.8,0.3,1.0,9,2010.0,0
2021-12-12 09:27:01,5,59,20.5,98,8.5,1025.9,1.0,2.0,8,2010.0,0
2021-12-12 09:32:01,5,59,20.5,98,8.5,1025.9,0.3,1.0,7,2010.0,0
2021-12-12 09:37:01,5,60,19.6,98,8.6,1026.1,1.4,2.7,10,2010.0,0
2021-12-12 09:42:01,5,61,19.6,98,8.6,1026.2,0.0,0.7,11,2010.0,0
2021-12-12 09:47:01,5,61,19.6,98,8.6,1026.2,1.0,2.0,4,2010.0,0
2021-12-12 09:52:01,5,58,19.4,98,8.6,1026.3,1.0,2.7,6,2010.0,0
2021-12-12 09:57:01,5,58,19.2,98,8.6,1026.6,0.3,1.7,5,2010.0,0
2021-12-12 10:02:01,5,58,19.1,98,8.6,1026.6,1.0,1.7,8,2010.0,0
2021-12-12 10:07:01,5,59,18.8,98,8.7,1026.8,0.7,1.7,7,2010.0,0
2021-12-12 10:12:01,5,59,18.7,98,8.7,1027.0,0.0,0.7,12,2010.0,0
2021-12-12 10:17:01,5,62,18.6,98,8.7,1027.2,1.0,2.0,9,2010.0,0
2021-12-12 10:22:01,5,62,18.6,98,8.8,1027.2,0.7,1.7,10,2010.0,0
2021-12-12 10:27:01,5,63,18.7,98,8.7,1027.1,0.0,0.7,11,2010.0,0
2021-12-12 10:32:01,5,63,18.7,98,8.8,1027.1,0.0,0.7,11,2010.0,0
2021-12-12 10:37:01,5,63,18.7,98,8.9,1027.0,1.0,1.7,8,2010.0,0
2021-12-12 10:42:01,5,63,18.7,98,9.0,1027.2,0.7,1.0,6,2010.0,0
2021-12-12 10:47:01,5,64,18.7,98,9.0,1027.1,1.4,2.7,7,2010.0,0
2021-12-12 10:52:01,5,64,18.8,98,9.1,1027.0,1.0,1.7,10,2010.3,0
2021-12-12 10:57:01,5,64,18.8,98,9.2,1026.9,1.7,3.1,7,2010.3,0
2021-12-12 11:02:01,5,64,18.8,98,9.2,1027.1,0.3,0.7,7,2010.3,0
2021-12-12 11:07:01,5,63,18.8,98,9.2,1027.0,1.4,3.1,7,2010.3,0
2021-12-12 11:12:01,5,64,18.8,98,9.3,1027.0,1.0,1.7,9,2010.3,0
2021-12-12 11:17:01,5,64,18.8,98,9.3,1027.0,1.0,1.7,8,2010.3,0
2021-12-12 11:22:01,5,64,18.8,98,9.4,1026.9,1.4,2.7,9,2010.3,0
2021-12-12 11:27:01,5,64,18.8,98,9.4,1027.0,1.7,2.7,4,2010.3,0
2021-12-12 11:32:01,5,64,18.8,98,9.4,1027.0,0.7,1.7,3,2010.3,0
2021-12-12 11:37:01,5,64,18.8,98,9.5,1027.2,0.7,1.7,4,2010.3,0
2021-12-12 11:42:01,5,64,18.7,98,9.5,1027.2,1.0,1.7,8,2010.3,0
2021-12-12 11:47:01,5,64,18.7,98,9.5,1027.2,1.4,2.7,4,2010.3,0
2021-12-12 11:52:01,5,64,18.7,98,9.6,1027.3,1.0,1.7,8,2010.3,0
2021-12-12 11:57:01,5,64,18.7,98,9.6,1027.2,1.0,1.7,6,2010.3,0
2021-12-12 12:02:01,5,64,18.7,98,9.6,1027.3,1.0,2.0,10,2010.3,0
2021-12-12 12:07:01,5,64,18.7,98,9.6,1027.5,1.0,2.7,6,2010.3,0
2021-12-12 12:12:01,5,64,18.7,98,9.6,1027.4,1.0,2.0,0,2010.3,0
2021-12-12 12:17:01,5,64,18.7,98,9.6,1027.4,0.7,1.0,7,2010.3,0
2021-12-12 12:22:01,5,64,18.6,98,9.6,1027.6,1.4,2.7,10,2010.3,0
2021-12-12 12:27:01,5,63,18.6,98,9.7,1027.6,0.7,2.0,8,2010.3,0
2021-12-12 12:32:01,5,62,18.5,98,9.7,1027.6,0.3,1.7,4,2010.3,0
2021-12-12 12:37:01,5,63,18.4,98,9.7,1027.7,0.7,1.7,7,2010.3,0
2021-12-12 12:42:01,5,65,18.5,98,9.7,1027.6,0.3,1.0,11,2010.3,0
2021-12-12 12:47:01,5,66,18.7,98,9.8,1027.6,1.0,2.0,8,2010.3,0
2021-12-12 12:52:01,5,66,19.1,98,9.8,1027.1,1.4,2.0,7,2010.3,0
2021-12-12 12:57:01,5,65,19.5,98,9.8,1026.9,0.3,1.0,7,2010.3,0
2021-12-12 13:02:01,5,62,20.6,98,9.8,1026.5,1.0,1.7,8,2010.3,0
2021-12-12 13:07:01,5,59,20.7,98,9.9,1026.4,0.0,0.7,7,2010.3,0
2021-12-12 13:12:01,5,58,20.8,98,9.8,1026.2,1.0,1.7,7,2010.3,0
2021-12-12 13:17:01,5,59,21.0,98,9.9,1026.2,1.4,2.7,7,2010.3,0
2021-12-12 13:22:01,5,60,21.1,98,9.9,1026.0,1.0,2.0,9,2010.3,0
2021-12-12 13:27:01,5,59,21.3,98,10.0,1025.8,0.3,1.7,9,2010.6,0
2021-12-12 13:32:01,5,59,21.4,98,10.0,1025.6,0.7,1.7,7,2010.6,0
2021-12-12 13:37:01,5,59,21.5,98,10.0,1025.5,0.3,1.7,6,2010.6,0
2021-12-12 13:42:01,5,59,21.6,98,10.0,1025.4,0.7,1.7,7,2010.6,0
2021-12-12 13:47:01,5,58,21.6,98,10.0,1025.5,0.7,1.7,9,2010.6,0
2021-12-12 13:52:01,5,58,21.6,98,10.1,1025.5,0.3,1.0,6,2010.6,0
2021-12-12 13:57:01,5,58,21.6,98,10.1,1025.7,0.7,2.7,5,2010.6,0
2021-12-12 14:02:01,5,58,21.5,98,10.1,1025.7,0.7,1.0,7,2010.6,0
2021-12-12 14:07:01,5,58,21.5,98,10.2,1025.9,0.3,0.7,7,2010.6,0
2021-12-12 14:12:01,5,58,21.5,98,10.3,1025.9,0.3,1.0,9,2010.6,0
2021-12-12 14:17:01,5,58,21.4,98,10.3,1026.2,0.0,0.7,9,2010.9,0
2021-12-12 14:22:01,5,59,21.3,99,10.4,1026.3,0.7,2.7,6,2010.9,0
2021-12-12 14:27:01,5,59,21.3,99,10.4,1026.3,0.3,1.0,7,2010.9,0
2021-12-12 14:32:01,5,59,21.2,99,10.4,1026.3,0.3,1.7,8,2010.9,0
2021-12-12 14:37:01,5,60,21.1,99,10.5,1026.4,1.4,2.7,7,2011.2,0
2021-12-12 14:42:01,5,60,21.1,99,10.5,1026.6,0.7,1.0,4,2011.2,0
2021-12-12 14:47:01,5,60,21.1,99,10.5,1026.8,0.7,1.7,8,2011.2,0
2021-12-12 14:52:01,5,60,21.0,99,10.5,1026.9,0.3,1.7,10,2011.2,0
2021-12-12 14:57:01,5,60,21.0,99,10.4,1027.0,0.0,0.7,11,2011.2,0
2021-12-12 15:02:01,5,60,21.0,99,10.4,1027.0,0.7,1.0,11,2011.2,0
2021-12-12 15:07:01,5,62,20.9,99,10.4,1026.8,0.3,0.7,11,2011.2,0
2021-12-12 15:12:01,5,62,20.9,99,10.4,1026.8,0.3,0.7,6,2011.2,0
2021-12-12 15:17:01,5,62,20.9,99,10.5,1027.1,1.0,1.7,9,2011.2,0
2021-12-12 15:22:01,5,62,20.9,99,10.6,1027.1,0.7,1.7,5,2011.2,0
2021-12-12 15:27:01,5,62,20.9,99,10.5,1027.0,0.3,0.7,5,2011.2,0
2021-12-12 15:32:01,5,62,21.0,99,10.6,1026.9,0.0,0.7,5,2011.2,0
2021-12-12 15:37:01,5,62,21.0,99,10.6,1026.9,0.0,0.7,7,2011.2,0
2021-12-12 15:42:01,5,63,21.0,99,10.6,1027.1,0.0,0.0,6,2011.2,0
2021-12-12 15:47:01,5,62,21.0,99,10.7,1027.2,1.0,2.0,3,2011.2,0
2021-12-12 15:52:01,5,63,21.0,99,10.7,1027.1,0.3,1.7,13,2011.2,0
2021-12-12 15:57:01,5,64,21.0,99,10.7,1027.2,1.0,2.7,10,2011.2,0
2021-12-12 16:02:01,5,64,21.0,98,10.7,1027.2,0.3,0.7,7,2011.2,0
2021-12-12 16:07:01,5,65,20.9,98,10.7,1027.4,0.0,1.0,6,2011.2,0
2021-12-12 16:12:01,5,65,20.9,98,10.7,1027.3,0.7,1.0,7,2011.2,0
2021-12-12 16:17:01,5,65,20.9,98,10.7,1027.5,0.3,1.7,5,2011.2,0
2021-12-12 16:22:01,5,65,20.8,98,10.7,1027.6,0.7,1.7,7,2011.2,0
2021-12-12 16:27:01,5,63,20.7,98,10.7,1027.6,0.3,1.0,7,2011.2,0
2021-12-12 16:32:01,5,62,20.5,98,10.7,1027.8,0.3,1.7,3,2011.2,0
2021-12-12 16:37:01,5,62,20.4,98,10.7,1028.1,0.3,1.0,7,2011.2,0
2021-12-12 16:42:01,5,62,19.5,98,10.7,1028.3,0.7,1.7,9,2011.2,0
2021-12-12 16:47:01,5,63,19.3,98,10.7,1028.5,0.7,1.7,8,2011.2,0
2021-12-12 16:52:01,5,64,19.2,98,10.7,1028.5,0.7,1.7,11,2011.2,0
2021-12-12 16:57:01,5,65,19.1,98,10.7,1028.4,0.0,0.7,11,2011.2,0
2021-12-12 17:02:01,5,64,19.1,98,10.6,1028.6,0.3,1.7,5,2011.2,0
2021-12-12 17:07:01,5,63,19.0,98,10.6,1028.8,0.3,1.7,5,2011.2,0
2021-12-12 17:12:01,5,64,18.8,97,10.6,1029.0,0.7,2.0,6,2011.2,0
2021-12-12 17:17:01,5,67,19.0,97,10.6,1029.0,0.3,1.0,8,2011.2,0
2021-12-12 17:22:01,5,69,19.2,97,10.6,1028.8,1.4,3.1,6,2011.2,0
2021-12-12 17:27:01,5,69,19.4,97,10.6,1028.7,0.0,0.7,6,2011.2,0
2021-12-12 17:32:01,5,70,19.7,97,10.6,1028.5,0.7,1.7,6,2011.2,0
2021-12-12 17:37:01,5,67,20.7,97,10.6,1028.4,1.0,1.7,7,2011.2,0
2021-12-12 17:42:01,5,67,20.9,97,10.6,1028.2,0.3,1.0,6,2011.2,0
2021-12-12 17:47:01,5,65,21.1,97,10.7,1027.9,0.7,1.7,7,2011.2,0
2021-12-12 17:52:01,5,61,21.1,97,10.7,1027.8,0.0,0.7,6,2011.2,0
2021-12-12 17:57:01,5,60,21.2,97,10.7,1027.9,0.0,0.7,7,2011.2,0
2021-12-12 18:02:01,5,59,21.2,97,10.8,1027.8,0.3,1.0,6,2011.2,0
2021-12-12 18:07:01,5,58,21.2,97,10.8,1027.8,0.3,0.7,6,2011.2,0
2021-12-12 18:12:01,5,57,21.2,97,10.9,1028.0,0.3,1.0,6,2011.2,0
2021-12-12 18:17:01,5,57,21.2,97,10.9,1027.9,0.3,1.0,7,2011.2,0
2021-12-12 18:22:01,5,56,21.2,97,10.9,1028.1,0.7,1.7,9,2011.2,0
2021-12-12 18:27:01,5,56,21.1,97,10.9,1028.1,1.4,3.1,7,2011.2,0
2021-12-12 18:32:01,5,56,21.1,97,10.9,1028.1,1.0,2.0,6,2011.2,0
2021-12-12 18:37:01,5,56,21.0,97,10.9,1028.1,0.3,1.0,5,2011.2,0
2021-12-12 18:42:01,5,58,21.0,97,10.9,1028.3,0.3,0.7,6,2011.2,0
2021-12-12 18:47:01,5,59,21.0,96,10.9,1028.4,0.7,1.7,7,2011.2,0
2021-12-12 18:52:01,5,59,21.0,96,10.8,1028.3,1.4,3.1,6,2011.2,0
2021-12-12 18:57:01,5,60,21.0,96,10.8,1028.3,1.0,2.0,7,2011.2,0
2021-12-12 19:02:01,5,60,21.0,96,10.9,1028.5,0.3,0.7,6,2011.2,0
2021-12-12 19:07:01,5,60,21.0,96,10.9,1028.6,0.7,1.0,6,2011.2,0
2021-12-12 19:12:01,5,60,21.0,96,10.9,1028.6,1.0,2.0,8,2011.2,0
2021-12-12 19:17:01,5,61,21.0,96,11.0,1028.6,0.7,1.0,8,2011.2,0
2021-12-12 19:22:01,5,61,21.0,96,11.0,1028.7,0.7,1.7,8,2011.2,0
2021-12-12 19:27:01,5,62,20.9,96,10.9,1028.7,0.7,1.7,6,2011.2,0
2021-12-12 19:32:01,5,62,20.9,96,10.9,1028.8,0.3,0.7,7,2011.2,0
2021-12-12 19:37:01,5,62,20.9,96,10.8,1028.7,0.3,0.7,6,2011.2,0
2021-12-12 19:42:01,5,62,20.9,96,10.7,1028.7,0.0,0.7,10,2011.2,0
2021-12-12 19:47:01,5,62,20.8,96,10.7,1028.9,0.3,0.7,12,2011.2,0
2021-12-12 19:52:01,5,62,20.7,97,10.7,1028.7,0.0,0.7,7,2011.2,0
2021-12-12 19:57:01,5,62,20.7,97,10.7,1028.7,0.0,0.0,10,2011.2,0
2021-12-12 20:02:01,5,62,20.7,97,10.6,1028.8,0.0,0.7,11,2011.2,0
2021-12-12 20:07:01,5,62,20.7,97,10.6,1029.0,0.7,1.0,12,2011.2,0
2021-12-12 20:12:01,5,62,20.7,97,10.6,1029.0,0.3,1.0,5,2011.2,0
2021-12-12 20:17:01,5,62,20.7,97,10.6,1029.0,0.0,0.7,5,2011.2,0
2021-12-12 20:22:01,5,63,20.7,97,10.7,1029.2,0.7,1.0,8,2011.5,0
2021-12-12 20:27:01,5,64,20.7,97,10.6,1029.1,0.3,1.0,7,2011.5,0
2021-12-12 20:32:01,5,64,20.7,97,10.6,1029.3,0.7,1.0,10,2011.5,0
2021-12-12 20:37:01,5,65,20.8,97,10.6,1029.1,0.7,1.7,8,2011.5,0
2021-12-12 20:42:01,5,65,20.9,97,10.6,1029.0,1.0,2.7,6,2011.5,0
2021-12-12 20:47:01,5,63,21.0,97,10.6,1029.0,1.0,2.7,6,2011.5,0
2021-12-12 20:52:01,5,63,21.1,97,10.6,1028.9,1.4,2.7,8,2011.5,0
2021-12-12 20:57:01,5,63,21.2,97,10.6,1028.8,0.3,1.0,10,2011.5,0
2021-12-12 21:02:01,5,63,21.2,97,10.6,1028.7,1.0,2.0,9,2011.5,0
2021-12-12 21:07:01,5,63,21.2,97,10.5,1028.8,0.7,1.7,9,2011.5,0
2021-12-12 21:12:01,5,63,21.3,97,10.6,1028.7,0.7,2.0,5,2011.8,0
2021-12-12 21:17:01,5,63,21.3,97,10.5,1028.6,1.0,3.1,11,2011.8,0
2021-12-12 21:22:01,5,64,21.3,97,10.5,1028.8,0.7,1.0,4,2011.8,0
2021-12-12 21:27:01,5,64,21.3,97,10.5,1028.7,1.0,1.7,6,2011.8,0
2021-12-12 21:32:01,5,64,21.3,97,10.5,1028.8,1.4,2.0,8,2011.8,0
2021-12-12 21:37:01,5,64,21.2,97,10.5,1028.7,0.3,1.0,7,2011.8,0
2021-12-12 21:42:01,5,61,21.2,97,10.5,1028.8,0.0,0.7,7,2011.8,0
2021-12-12 21:47:01,5,61,21.1,97,10.5,1028.9,0.3,1.0,7,2011.8,0
2021-12-12 21:52:01,5,62,20.9,97,10.5,1029.1,1.4,3.1,7,2011.8,0
2021-12-12 21:57:01,5,62,20.9,97,10.4,1029.4,0.3,1.7,7,2012.1,0
2021-12-12 22:02:01,5,63,20.9,98,10.4,1029.3,0.7,1.0,6,2012.1,0
2021-12-12 22:07:01,5,64,20.8,98,10.4,1029.4,0.7,2.0,9,2012.1,0
2021-12-12 22:12:01,5,64,20.8,98,10.4,1029.3,1.0,2.0,10,2012.1,0
2021-12-12 22:17:01,5,64,20.8,98,10.4,1029.5,0.7,1.0,8,2012.1,0
2021-12-12 22:22:01,5,64,20.9,98,10.3,1029.5,0.3,1.0,9,2012.1,0
2021-12-12 22:27:01,5,64,20.9,98,10.3,1029.6,1.4,2.0,7,2012.1,0
2021-12-12 22:32:01,5,64,20.8,97,10.3,1029.6,1.0,1.7,7,2012.1,0
2021-12-12 22:37:01,5,64,20.7,97,10.3,1029.8,0.3,1.0,3,2012.1,0
2021-12-12 22:42:01,5,64,20.7,97,10.3,1029.7,1.0,2.0,9,2012.1,0
2021-12-12 22:47:01,5,64,20.8,97,10.3,1029.9,1.0,1.7,7,2012.1,0
2021-12-12 22:52:01,5,64,20.7,97,10.3,1029.9,1.4,2.0,5,2012.1,0
2021-12-12 22:57:01,5,64,20.7,97,10.2,1029.8,0.7,2.0,6,2012.1,0
2021-12-12 23:02:01,5,64,20.7,97,10.2,1029.9,0.3,1.0,9,2012.1,0
2021-12-12 23:07:01,5,64,20.7,97,10.2,1030.0,1.0,2.0,6,2012.1,0
2021-12-12 23:12:01,5,64,20.6,97,10.2,1030.0,0.3,1.7,8,2012.1,0
2021-12-12 23:17:01,5,64,20.6,97,10.1,1029.9,0.7,1.0,7,2012.1,0
2021-12-12 23:22:01,5,64,20.6,97,10.1,1030.1,0.7,1.7,7,2012.1,0
2021-12-12 23:27:01,5,64,20.5,97,10.0,1030.1,0.7,1.7,8,2012.1,0
2021-12-12 23:32:01,5,64,20.5,97,10.1,1030.1,1.0,2.0,6,2012.1,0
2021-12-12 23:37:01,5,65,19.7,96,10.0,1030.2,0.3,0.7,8,2012.1,0
2021-12-12 23:42:01,5,65,19.6,96,9.9,1030.2,0,0.7,6,2012.1,0
2021-12-12 23:47:01,5,65,19.6,96,9.9,1030.2,0.3,1.0,8,2012.1,0
2021-12-12 23:52:01,5,65,19.6,96,9.9,1030.1,0.3,0.7,7,2012.1,0
2021-12-12 23:57:01,5,65,19.6,96,9.9,1030.3,0.3,0.7,6,2012.1,0
