2019-01-05 00:03:01,5,60,20.9,83,6.5,1040.1,1.0,1.7,14,414.3,0
2019-01-05 00:08:01,5,60,20.7,83,6.6,1040.2,0.3,1.0,4,414.3,0
2019-01-05 00:13:01,5,60,20.8,82,6.6,1040.2,0.3,0.7,5,414.3,0
2019-01-05 00:18:01,5,60,20.8,82,6.6,1040.2,1.0,1.7,4,414.3,0
2019-01-05 00:23:01,5,60,20.8,82,6.6,1040.2,0.3,1.0,2,414.3,0
2019-01-05 00:28:01,5,60,20.7,81,6.6,1040.1,0.7,1.4,2,414.3,0
2019-01-05 00:33:01,5,60,20.7,81,6.6,1040.1,0.7,1.4,2,414.3,0
2019-01-05 00:38:01,5,60,20.7,81,6.6,1040.0,0.3,0.7,12,414.3,0
2019-01-05 00:43:01,5,60,20.7,81,6.6,1040.0,0.0,0.3,2,414.3,0
2019-01-05 00:48:01,5,60,20.7,81,6.7,1040.0,0.3,0.7,2,414.3,0
2019-01-05 00:53:01,5,60,20.7,81,6.7,1040.0,0.7,2.0,10,414.3,0
2019-01-05 00:58:01,5,60,20.6,82,6.7,1040.0,0.3,0.7,0,414.3,0
2019-01-05 01:03:01,5,60,20.6,82,6.7,1040.0,0.7,1.4,2,414.3,0
2019-01-05 01:08:01,5,60,20.6,82,6.7,1040.1,0.7,1.4,2,414.3,0
2019-01-05 01:13:01,5,60,20.6,82,6.7,1040.2,0.3,1.4,2,414.3,0
2019-01-05 01:18:01,5,60,20.7,82,6.7,1040.1,0.0,0.7,8,414.3,0
2019-01-05 01:23:01,5,59,20.9,82,6.7,1039.8,0.0,0.7,2,414.3,0
2019-01-05 01:28:01,5,58,21.1,82,6.7,1039.9,0.0,0.7,6,414.3,0
2019-01-05 01:33:01,5,57,21.2,83,6.7,1039.7,1.0,1.7,10,414.3,0
2019-01-05 01:38:01,5,57,21.3,83,6.7,1039.5,1.0,1.4,4,414.3,0
2019-01-05 01:43:01,5,56,21.3,83,6.6,1039.3,0.3,1.0,2,414.3,0
2019-01-05 01:48:01,5,56,21.3,83,6.6,1039.4,0.7,1.0,8,414.3,0
2019-01-05 01:53:01,5,56,21.5,84,6.6,1039.3,0.3,1.0,4,414.3,0
2019-01-05 01:58:01,5,55,21.5,84,6.6,1039.3,1.0,1.4,2,414.3,0
2019-01-05 02:03:01,5,55,21.4,84,6.6,1039.4,0.7,1.4,2,414.3,0
2019-01-05 02:08:01,5,55,21.4,85,6.6,1039.4,0.3,1.0,2,414.3,0
2019-01-05 02:13:01,5,55,21.3,85,6.6,1039.4,0.7,1.4,8,414.3,0
2019-01-05 02:18:01,5,55,21.3,86,6.7,1039.3,0.3,0.7,0,414.3,0
2019-01-05 02:23:01,5,55,21.2,86,6.7,1039.4,1.4,2.4,2,414.3,0
2019-01-05 02:28:01,5,55,21.2,87,6.8,1039.2,0.3,1.0,2,414.3,0
2019-01-05 02:33:01,5,55,21.2,87,6.9,1039.3,0.7,1.4,0,414.3,0
2019-01-05 02:38:01,5,55,21.2,87,7.0,1039.2,0.7,1.4,9,414.3,0
2019-01-05 02:43:01,5,55,21.2,87,7.0,1039.1,0.3,0.7,0,414.3,0
2019-01-05 02:48:01,5,55,21.2,87,7.1,1039.1,0.3,0.7,2,414.3,0
2019-01-05 02:53:01,5,55,21.2,88,7.1,1039.0,1.0,1.4,0,414.3,0
2019-01-05 02:58:01,5,55,21.2,88,7.1,1039.0,1.0,2.4,2,414.3,0
2019-01-05 03:03:01,5,55,21.2,88,7.1,1039.0,1.7,2.7,0,414.3,0
2019-01-05 03:08:01,5,55,21.2,88,7.2,1038.9,1.4,2.4,0,414.3,0
2019-01-05 03:13:01,5,55,21.2,88,7.2,1039.0,1.0,2.0,2,414.3,0
2019-01-05 03:18:01,5,55,21.1,89,7.2,1039.0,1.4,2.0,14,414.3,0
2019-01-05 03:23:01,5,55,21.1,89,7.3,1039.0,0.3,1.0,2,414.3,0
2019-01-05 03:28:01,5,55,21.1,89,7.3,1039.1,1.4,2.4,4,414.3,0
2019-01-05 03:33:01,5,56,21.1,89,7.3,1038.9,0.0,0.3,2,414.3,0
2019-01-05 03:38:01,5,55,21.2,89,7.3,1038.8,0.0,0.0,2,414.3,0
2019-01-05 03:43:01,5,55,21.2,89,7.3,1038.8,1.0,2.0,2,414.3,0
2019-01-05 03:48:01,5,55,21.3,89,7.3,1038.8,2.0,2.7,0,414.3,0
2019-01-05 03:53:01,5,55,21.3,89,7.3,1038.7,0.7,1.7,0,414.3,0
2019-01-05 03:58:01,5,55,21.4,89,7.2,1038.5,1.7,2.4,2,414.3,0
2019-01-05 04:03:01,5,54,21.5,89,7.2,1038.4,0.7,1.0,2,414.3,0
2019-01-05 04:08:01,5,54,21.5,89,7.2,1038.5,0.7,1.0,2,414.3,0
2019-01-05 04:13:01,5,54,21.5,89,7.2,1038.5,1.4,1.7,2,414.3,0
2019-01-05 04:18:01,5,54,21.4,89,7.3,1038.5,1.0,1.7,14,414.3,0
2019-01-05 04:23:01,5,54,21.3,89,7.4,1038.5,0.7,1.4,2,414.3,0
2019-01-05 04:28:01,5,54,21.3,89,7.4,1038.5,1.7,2.0,0,414.3,0
2019-01-05 04:33:01,5,54,21.2,89,7.4,1038.6,1.7,3.1,2,414.3,0
2019-01-05 04:38:01,5,54,21.2,88,7.3,1038.7,1.4,2.4,2,414.6,0
2019-01-05 04:43:01,5,54,21.2,88,7.2,1038.7,1.7,2.7,2,414.6,0
2019-01-05 04:48:01,5,55,21.1,88,7.2,1038.7,1.0,1.4,0,414.6,0
2019-01-05 04:53:01,5,55,21.2,88,7.1,1038.7,1.4,1.4,14,414.6,0
2019-01-05 04:58:01,5,55,21.2,88,7.1,1038.5,1.0,2.0,4,414.6,0
2019-01-05 05:03:01,5,55,21.3,88,7.1,1038.5,0.7,1.0,4,414.6,0
2019-01-05 05:08:01,5,54,21.3,88,7.1,1038.4,0.7,1.4,2,414.6,0
2019-01-05 05:13:01,5,54,21.3,88,7.2,1038.2,1.0,1.4,4,414.6,0
2019-01-05 05:18:01,5,54,21.4,88,7.2,1038.2,0.7,1.7,0,414.6,0
2019-01-05 05:23:01,5,54,21.4,88,7.3,1038.2,1.0,1.7,13,414.6,0
2019-01-05 05:28:01,5,54,21.4,88,7.3,1038.1,1.7,3.1,2,414.6,0
2019-01-05 05:33:01,5,54,21.4,87,7.4,1038.1,1.4,2.0,2,414.6,0
2019-01-05 05:38:01,5,54,21.3,87,7.4,1038.0,1.0,2.4,2,414.6,0
2019-01-05 05:43:01,5,54,21.3,86,7.4,1038.1,1.4,2.7,2,414.6,0
2019-01-05 05:48:01,5,53,21.3,86,7.4,1038.2,2.0,2.4,2,414.6,0
2019-01-05 05:53:01,5,53,21.2,85,7.5,1038.2,1.7,3.4,4,414.6,0
2019-01-05 05:58:01,5,54,21.2,84,7.5,1038.4,1.0,2.7,0,414.6,0
2019-01-05 06:03:01,5,54,21.1,83,7.5,1038.4,1.0,1.7,14,414.6,0
2019-01-05 06:08:01,5,54,21.1,82,7.5,1038.5,1.0,1.7,2,414.6,0
2019-01-05 06:13:01,5,54,21.1,81,7.5,1038.5,2.0,3.4,2,414.6,0
2019-01-05 06:18:01,5,54,21.2,80,7.6,1038.3,0.7,1.0,4,414.6,0
2019-01-05 06:23:01,5,54,21.2,80,7.5,1038.2,1.0,2.0,4,414.6,0
2019-01-05 06:28:01,5,54,21.3,80,7.5,1038.2,0.7,1.4,4,414.6,0
2019-01-05 06:33:01,5,54,21.3,79,7.6,1038.2,0.7,1.0,6,414.6,0
2019-01-05 06:38:01,5,54,21.3,79,7.6,1038.1,1.4,2.4,0,414.6,0
2019-01-05 06:43:01,5,53,21.4,79,7.6,1038.1,1.0,1.7,0,414.6,0
2019-01-05 06:48:01,5,53,21.4,79,7.6,1038.1,1.0,1.7,4,414.6,0
2019-01-05 06:53:01,5,53,21.4,79,7.6,1038.0,1.0,1.7,2,414.6,0
2019-01-05 06:58:01,5,53,21.3,79,7.6,1038.0,1.4,2.4,14,414.6,0
2019-01-05 07:03:01,5,53,21.3,78,7.6,1038.2,1.7,3.1,2,414.6,0
2019-01-05 07:08:01,5,53,21.3,76,7.7,1038.2,1.7,2.7,2,414.6,0
2019-01-05 07:13:01,5,53,21.2,75,7.7,1038.5,2.0,3.7,2,414.6,0
2019-01-05 07:18:01,5,53,21.2,73,7.8,1038.4,1.4,2.0,1,414.6,0
2019-01-05 07:23:01,5,53,21.1,72,7.8,1038.5,1.0,1.7,6,414.6,0
2019-01-05 07:28:01,5,53,21.0,72,7.8,1038.6,1.7,3.1,2,414.6,0
2019-01-05 07:33:01,5,54,20.9,72,7.8,1038.8,1.7,2.4,2,414.6,0
2019-01-05 07:38:01,5,54,20.9,72,7.8,1038.9,0.7,1.7,4,414.6,0
2019-01-05 07:43:01,5,55,20.8,72,7.8,1038.9,2.0,3.4,2,414.6,0
2019-01-05 07:48:01,5,55,20.7,73,7.8,1039.0,1.7,2.4,2,414.6,0
2019-01-05 07:53:01,5,55,20.7,73,7.8,1039.2,1.0,1.4,6,414.6,0
2019-01-05 07:58:01,5,55,20.6,73,7.8,1039.2,2.0,3.4,0,414.6,0
2019-01-05 08:03:01,5,55,20.6,72,7.8,1039.2,1.0,1.7,0,414.6,0
2019-01-05 08:08:01,5,56,20.6,72,7.8,1039.2,1.7,2.4,0,414.6,0
2019-01-05 08:13:01,5,57,20.6,72,7.8,1039.2,0.3,1.4,0,414.6,0
2019-01-05 08:18:01,5,58,20.7,72,7.8,1039.0,1.4,2.0,4,414.6,0
2019-01-05 08:23:01,5,57,21.0,72,7.8,1039.0,1.7,3.1,6,414.6,0
2019-01-05 08:28:01,5,57,21.2,72,7.8,1038.7,1.0,2.0,2,414.6,0
2019-01-05 08:33:01,5,57,21.3,72,7.8,1038.5,0.7,1.0,2,414.6,0
2019-01-05 08:38:01,5,57,21.6,72,7.8,1038.3,1.4,2.0,2,414.6,0
2019-01-05 08:43:01,5,56,21.7,72,7.8,1038.1,1.7,2.4,0,414.6,0
2019-01-05 08:48:01,5,56,21.8,72,7.8,1038.1,1.7,3.1,6,414.6,0
2019-01-05 08:53:01,5,56,21.9,72,7.8,1038.0,1.7,2.7,2,414.6,0
2019-01-05 08:58:01,5,55,21.9,72,7.8,1037.9,1.4,2.4,2,414.6,0
2019-01-05 09:03:01,5,54,22.0,72,7.8,1037.9,1.4,3.7,11,414.6,0
2019-01-05 09:08:01,5,54,22.0,72,7.8,1037.9,1.4,2.0,0,414.6,0
2019-01-05 09:13:01,5,54,22.0,73,7.8,1038.0,1.0,2.0,2,414.6,0
2019-01-05 09:18:01,5,55,22.0,73,7.7,1038.0,0.7,1.4,2,414.6,0
2019-01-05 09:23:01,5,55,22.0,73,7.7,1038.0,1.0,2.0,2,414.6,0
2019-01-05 09:28:01,5,56,21.9,74,7.7,1038.0,1.0,1.4,0,414.6,0
2019-01-05 09:33:01,5,56,21.9,74,7.7,1038.2,0.7,1.4,4,414.6,0
2019-01-05 09:38:01,5,56,21.8,74,7.7,1038.3,0.7,1.0,14,414.6,0
2019-01-05 09:43:01,5,56,21.8,75,7.7,1038.5,0.7,2.0,6,414.6,0
2019-01-05 09:48:01,5,56,21.7,75,7.7,1038.5,1.4,2.4,2,414.6,0
2019-01-05 09:53:01,5,57,21.7,75,7.7,1038.6,0.7,1.4,2,414.6,0
2019-01-05 09:58:01,5,57,21.6,75,7.7,1038.6,1.7,2.0,0,414.6,0
2019-01-05 10:03:01,5,57,21.5,75,7.7,1038.7,1.0,1.7,2,414.6,0
2019-01-05 10:08:01,5,57,21.5,75,7.7,1038.6,0.7,1.4,4,414.6,0
2019-01-05 10:13:01,5,57,21.5,76,7.7,1038.6,0.3,1.0,2,414.6,0
2019-01-05 10:18:01,5,58,21.3,76,7.7,1038.7,1.4,2.4,2,414.6,0
2019-01-05 10:23:01,5,58,21.3,76,7.7,1038.7,1.0,1.7,0,414.6,0
2019-01-05 10:28:01,5,58,21.3,75,7.7,1038.8,0.7,1.4,4,414.6,0
2019-01-05 10:33:01,5,59,21.2,75,7.7,1038.7,1.7,2.0,14,414.6,0
2019-01-05 10:38:01,5,59,21.2,75,7.7,1038.8,1.0,1.4,0,414.6,0
2019-01-05 10:43:01,5,59,21.2,75,7.7,1038.8,1.4,2.0,13,414.6,0
2019-01-05 10:48:01,5,59,21.2,74,7.8,1038.9,1.4,2.4,1,414.6,0
2019-01-05 10:53:01,5,59,21.1,74,7.8,1038.9,1.4,2.4,12,414.6,0
2019-01-05 10:58:01,5,59,21.1,74,7.8,1038.8,1.7,3.1,2,414.6,0
2019-01-05 11:03:01,5,59,21.0,74,7.8,1038.8,1.0,2.0,9,414.6,0
2019-01-05 11:08:01,5,59,20.9,74,7.8,1039.0,1.0,2.4,2,414.6,0
2019-01-05 11:13:01,5,59,20.9,74,7.8,1038.9,1.4,2.7,2,414.6,0
2019-01-05 11:18:01,5,60,20.9,74,7.9,1039.0,1.0,1.7,2,414.6,0
2019-01-05 11:23:01,5,59,20.8,74,7.9,1039.0,0.7,1.4,2,414.6,0
2019-01-05 11:28:01,5,58,20.7,74,7.9,1039.0,1.0,1.7,2,414.6,0
2019-01-05 11:33:01,5,58,20.7,74,7.8,1038.9,0.3,0.7,0,414.6,0
2019-01-05 11:38:01,5,58,20.6,75,7.8,1039.1,1.0,1.7,0,414.6,0
2019-01-05 11:43:01,5,59,20.6,75,7.8,1039.0,0.7,1.4,0,414.6,0
2019-01-05 11:48:01,5,59,20.6,76,7.8,1039.1,1.4,4.1,2,414.6,0
2019-01-05 11:53:01,5,59,20.6,77,7.7,1039.0,0.7,1.0,4,414.6,0
2019-01-05 11:58:01,5,59,20.5,78,7.7,1039.0,1.4,2.0,2,414.6,0
2019-01-05 12:03:01,5,60,20.5,78,7.6,1039.0,1.0,3.1,12,414.6,0
2019-01-05 12:08:01,5,60,20.5,78,7.6,1039.0,0.7,1.7,1,414.6,0
2019-01-05 12:13:01,5,60,20.6,78,7.7,1038.8,1.7,3.1,0,414.6,0
2019-01-05 12:18:01,5,60,20.6,78,7.7,1038.8,1.0,1.7,0,414.6,0
2019-01-05 12:23:01,5,60,20.7,78,7.7,1038.7,1.0,2.0,2,414.6,0
2019-01-05 12:28:01,5,60,20.7,78,7.7,1038.6,1.7,2.4,1,414.6,0
2019-01-05 12:33:01,5,59,20.8,77,7.7,1038.7,1.4,2.0,2,414.6,0
2019-01-05 12:38:01,5,59,20.8,77,7.7,1038.6,0.7,1.4,0,414.6,0
2019-01-05 12:43:01,5,60,20.9,77,7.6,1038.5,1.0,2.0,2,414.6,0
2019-01-05 12:48:01,5,59,20.9,78,7.6,1038.6,2.0,2.4,0,414.6,0
2019-01-05 12:53:01,5,59,20.9,78,7.6,1038.5,1.4,2.4,2,414.6,0
2019-01-05 12:58:01,5,59,20.8,79,7.5,1038.4,2.0,2.7,2,414.6,0
2019-01-05 13:03:01,5,59,20.8,79,7.5,1038.5,1.0,2.4,14,414.6,0
2019-01-05 13:08:01,5,59,20.7,79,7.5,1038.5,1.4,2.0,0,414.6,0
2019-01-05 13:13:01,5,59,20.7,79,7.5,1038.5,1.4,2.4,2,414.6,0
2019-01-05 13:18:01,5,58,20.7,80,7.5,1038.5,1.4,2.4,2,414.6,0
2019-01-05 13:23:01,5,58,20.6,80,7.5,1038.5,0.7,1.4,2,414.6,0
2019-01-05 13:28:01,5,58,20.6,80,7.5,1038.6,0.7,1.4,2,414.6,0
2019-01-05 13:33:01,5,58,20.6,80,7.5,1038.8,1.0,2.0,2,414.6,0
2019-01-05 13:38:01,5,58,20.5,80,7.5,1038.8,1.0,1.7,4,414.6,0
2019-01-05 13:43:01,5,58,20.5,80,7.5,1039.1,0.7,1.7,2,414.6,0
2019-01-05 13:48:01,5,58,20.5,80,7.5,1039.0,1.4,2.0,2,414.6,0
2019-01-05 13:53:01,5,58,20.5,80,7.5,1039.1,1.4,3.4,6,414.6,0
2019-01-05 13:58:01,5,55,20.5,79,7.5,1039.0,1.4,2.4,0,414.6,0
2019-01-05 14:03:01,5,54,20.5,79,7.6,1039.1,0.7,1.4,0,414.6,0
2019-01-05 14:08:01,5,54,20.5,79,7.6,1039.1,0.3,0.7,0,414.6,0
2019-01-05 14:13:01,5,54,20.6,79,7.6,1039.1,1.4,2.7,2,414.6,0
2019-01-05 14:18:01,5,53,20.6,78,7.6,1038.9,1.4,2.7,4,414.6,0
2019-01-05 14:23:01,5,53,20.6,77,7.6,1038.8,1.0,1.4,2,414.6,0
2019-01-05 14:28:01,5,52,20.7,76,7.6,1038.9,2.4,4.8,0,414.6,0
2019-01-05 14:33:01,5,52,20.7,74,7.6,1038.9,1.7,2.7,14,414.6,0
2019-01-05 14:38:01,5,51,20.7,73,7.7,1038.9,0.7,1.0,2,414.6,0
2019-01-05 14:43:01,5,51,20.7,73,7.7,1038.9,0.7,1.4,2,414.6,0
2019-01-05 14:48:01,5,52,20.7,72,7.7,1038.9,0.3,1.0,12,414.6,0
2019-01-05 14:53:01,5,52,20.6,72,7.7,1038.9,1.0,1.7,4,414.6,0
2019-01-05 14:58:01,5,52,20.6,72,7.7,1038.9,1.0,1.4,0,414.6,0
2019-01-05 15:03:00,5,53,20.6,72,7.7,1039.0,0.7,1.4,4,414.6,0
2019-01-05 15:08:00,5,53,20.6,72,7.7,1039.1,1.7,2.7,4,414.6,0
2019-01-05 15:13:00,5,53,20.5,72,7.6,1039.0,0.7,1.0,0,414.6,0
2019-01-05 15:18:00,5,53,20.5,73,7.6,1039.1,1.4,2.0,6,414.6,0
2019-01-05 15:23:00,5,54,20.5,73,7.6,1039.3,1.0,1.7,2,414.6,0
2019-01-05 15:28:00,5,54,20.5,73,7.6,1039.2,1.0,1.4,0,414.6,0
2019-01-05 15:33:00,5,54,20.5,73,7.6,1039.3,1.0,1.7,4,414.6,0
2019-01-05 15:38:00,5,54,20.5,73,7.6,1039.3,1.4,2.4,0,414.6,0
2019-01-05 15:43:00,5,55,20.4,73,7.6,1039.4,0.7,1.4,2,414.6,0
2019-01-05 15:48:00,5,55,20.4,73,7.6,1039.4,0.3,1.0,12,414.6,0
2019-01-05 15:53:00,5,55,20.4,73,7.5,1039.4,1.7,2.7,2,414.6,0
2019-01-05 15:58:00,5,55,20.4,73,7.5,1039.4,0.7,1.4,14,414.6,0
2019-01-05 16:03:00,5,55,20.4,73,7.5,1039.3,1.0,1.7,2,414.6,0
2019-01-05 16:08:00,5,55,20.4,73,7.5,1039.4,0.7,1.0,2,414.6,0
2019-01-05 16:13:00,5,56,20.4,73,7.5,1039.4,0.3,1.0,0,414.6,0
2019-01-05 16:18:00,5,56,20.4,73,7.5,1039.3,1.0,1.4,0,414.6,0
2019-01-05 16:23:00,5,56,20.4,73,7.4,1039.4,1.0,2.4,2,414.6,0
2019-01-05 16:28:00,5,56,20.5,74,7.4,1039.2,0.7,1.0,2,414.6,0
2019-01-05 16:33:00,5,56,20.6,74,7.4,1039.3,1.4,2.4,4,414.6,0
2019-01-05 16:38:00,5,56,20.7,74,7.4,1039.1,1.0,1.4,2,414.6,0
2019-01-05 16:43:00,5,56,20.9,74,7.4,1039.0,0.7,1.0,1,414.6,0
2019-01-05 16:48:00,5,55,21.0,75,7.4,1038.9,1.0,1.4,2,414.6,0
2019-01-05 16:53:00,5,54,21.1,75,7.3,1038.8,1.4,1.7,14,414.6,0
2019-01-05 16:58:00,5,54,21.1,76,7.2,1038.9,1.0,2.0,2,414.6,0
2019-01-05 17:03:00,5,53,21.1,77,7.2,1038.9,1.0,1.4,14,414.6,0
2019-01-05 17:08:00,5,53,21.1,78,7.0,1038.8,0.7,1.4,0,414.6,0
2019-01-05 17:13:00,5,53,21.1,78,7.0,1038.8,0.7,1.4,2,414.6,0
2019-01-05 17:18:00,5,55,21.0,79,6.9,1038.9,0.3,1.0,0,414.6,0
2019-01-05 17:23:00,5,54,21.0,80,6.9,1039.0,1.4,2.0,14,414.6,0
2019-01-05 17:28:00,5,57,21.0,79,7.0,1039.1,0.0,0.0,4,414.6,0
2019-01-05 17:33:00,5,57,21.0,79,7.0,1039.1,2.0,3.1,0,414.6,0
2019-01-05 17:38:00,5,57,21.0,79,7.1,1039.1,0.7,1.0,2,414.6,0
2019-01-05 17:43:00,5,56,21.0,79,7.0,1039.2,1.0,2.0,6,414.6,0
2019-01-05 17:48:00,5,58,20.9,79,7.0,1039.2,1.0,2.0,0,414.6,0
2019-01-05 17:53:00,5,59,20.9,79,7.0,1039.2,0.7,1.4,4,414.6,0
2019-01-05 17:58:00,5,59,21.0,80,6.9,1039.2,0.7,1.4,2,414.6,0
2019-01-05 18:03:00,5,59,21.0,80,6.9,1039.2,0.3,0.7,2,414.6,0
2019-01-05 18:08:00,5,60,21.0,81,6.8,1039.3,1.0,2.0,4,414.6,0
2019-01-05 18:13:00,5,60,21.0,81,6.8,1039.2,1.4,2.0,2,414.6,0
2019-01-05 18:18:00,5,62,20.9,81,6.8,1039.2,1.7,3.1,4,414.6,0
2019-01-05 18:23:00,5,62,20.9,81,6.7,1039.2,1.7,2.0,2,414.6,0
2019-01-05 18:28:00,5,62,20.9,81,6.7,1039.3,0.7,1.7,2,414.6,0
2019-01-05 18:33:00,5,62,20.9,82,6.7,1039.2,1.0,1.7,4,414.6,0
2019-01-05 18:38:00,5,62,20.9,82,6.7,1039.4,0.0,1.0,0,414.6,0
2019-01-05 18:43:00,5,62,20.9,81,6.7,1039.3,1.0,1.7,2,414.6,0
2019-01-05 18:48:00,5,62,20.9,81,6.7,1039.3,0.7,1.4,2,414.6,0
2019-01-05 18:53:00,5,62,20.9,81,6.7,1039.2,0.0,0.0,0,414.6,0
2019-01-05 18:58:00,5,62,20.9,81,6.6,1039.3,0.3,0.7,6,414.6,0
2019-01-05 19:03:00,5,62,20.9,81,6.6,1039.3,0.0,0.3,2,414.6,0
2019-01-05 19:08:00,5,62,20.9,81,6.6,1039.2,0.0,0.0,0,414.6,0
2019-01-05 19:13:00,5,61,20.9,81,6.6,1039.2,0.7,1.4,0,414.6,0
2019-01-05 19:18:00,5,61,20.9,81,6.6,1039.2,0.0,0.7,6,414.6,0
2019-01-05 19:23:00,5,61,20.9,81,6.7,1038.9,0.3,1.0,8,414.6,0
2019-01-05 19:28:00,5,61,20.9,81,6.7,1039.0,0.7,1.7,4,414.6,0
2019-01-05 19:33:00,5,61,20.9,81,6.7,1038.9,0.3,1.0,4,414.6,0
2019-01-05 19:38:00,5,61,20.8,81,6.7,1038.9,0.7,1.7,4,414.6,0
2019-01-05 19:43:00,5,61,20.7,81,6.7,1039.0,1.0,1.7,0,414.6,0
2019-01-05 19:48:00,5,61,20.7,80,6.8,1039.2,1.0,1.7,4,414.6,0
2019-01-05 19:53:00,5,61,20.7,80,6.8,1039.1,1.0,2.0,4,414.6,0
2019-01-05 19:58:00,5,61,20.9,80,6.8,1039.0,0.0,0.0,2,414.6,0
2019-01-05 20:03:00,5,61,20.9,80,6.8,1038.9,0.7,1.0,14,414.6,0
2019-01-05 20:08:00,5,60,21.0,80,6.8,1038.9,0.3,0.7,2,414.6,0
2019-01-05 20:13:00,5,60,21.0,79,6.8,1038.8,0.7,1.7,0,414.6,0
2019-01-05 20:18:00,5,60,21.0,79,6.8,1038.9,0.7,1.4,2,414.6,0
2019-01-05 20:23:00,5,60,21.0,79,6.8,1038.8,1.0,1.7,4,414.6,0
2019-01-05 20:28:00,5,60,21.0,78,6.8,1038.8,0.7,1.4,,414.6,2048
2019-01-05 20:33:00,5,60,21.0,78,6.9,1038.8,0.3,0.7,4,414.6,0
2019-01-05 20:38:00,5,60,21.1,77,6.9,1038.8,0.7,1.7,4,414.6,0
2019-01-05 20:43:00,5,60,21.0,77,6.9,1038.9,1.0,1.7,14,414.6,0
2019-01-05 20:48:00,5,60,21.0,77,6.9,1038.9,1.0,2.0,0,414.6,0
2019-01-05 20:53:00,5,60,21.0,77,6.8,1039.0,0.3,1.0,6,414.6,0
2019-01-05 20:58:00,5,60,21.0,77,6.8,1039.1,0.0,0.7,6,414.6,0
2019-01-05 21:03:00,5,60,21.0,77,6.8,1039.0,0.3,1.0,14,414.6,0
2019-01-05 21:08:00,5,60,21.0,77,6.8,1039.0,0.7,2.0,6,414.6,0
2019-01-05 21:13:00,5,61,20.9,77,6.8,1039.0,0.0,0.3,2,414.6,0
2019-01-05 21:18:00,5,61,20.9,77,6.8,1039.2,0.7,1.4,4,414.6,0
2019-01-05 21:23:00,5,61,20.9,78,6.7,1039.1,0.3,1.0,2,414.6,0
2019-01-05 21:28:00,5,61,20.9,78,6.7,1039.1,0.0,0.7,2,414.6,0
2019-01-05 21:33:00,5,61,20.9,79,6.7,1039.3,1.0,1.4,2,414.6,0
2019-01-05 21:38:00,5,61,20.8,79,6.6,1039.4,0.3,1.0,0,414.6,0
2019-01-05 21:43:00,5,61,20.8,79,6.6,1039.3,1.4,2.0,0,414.6,0
2019-01-05 21:48:00,5,61,20.7,79,6.6,1039.5,0.3,1.0,2,414.6,0
2019-01-05 21:53:00,5,61,20.7,80,6.6,1039.2,0.7,1.7,0,414.6,0
2019-01-05 21:58:00,5,61,20.7,80,6.6,1039.3,0.0,0.7,6,414.6,0
2019-01-05 22:03:00,5,61,20.7,80,6.5,1039.4,0.0,0.3,8,414.6,0
2019-01-05 22:08:00,5,61,20.7,80,6.5,1039.4,0.0,0.3,12,414.6,0
2019-01-05 22:13:00,5,61,20.6,80,6.5,1039.4,0.3,1.0,2,414.6,0
2019-01-05 22:18:00,5,61,20.6,80,6.5,1039.4,0.0,0.7,2,414.6,0
2019-01-05 22:23:00,5,61,20.6,80,6.4,1039.6,0.0,0.0,2,414.6,0
2019-01-05 22:28:00,5,61,20.6,81,6.4,1039.5,0.3,0.7,4,414.6,0
2019-01-05 22:33:00,5,61,20.6,81,6.4,1039.5,0.3,0.7,4,414.6,0
2019-01-05 22:38:00,5,61,20.7,81,6.4,1039.3,0.3,0.7,14,414.6,0
2019-01-05 22:43:00,5,61,20.9,81,6.3,1039.4,0.0,0.3,2,414.6,0
2019-01-05 22:48:00,5,61,20.9,81,6.3,1039.2,0.0,0.3,0,414.6,0
2019-01-05 22:53:00,5,60,21.0,82,6.3,1039.0,0.3,1.4,10,414.6,0
2019-01-05 22:58:00,5,60,21.0,82,6.2,1039.1,0.3,1.4,0,414.6,0
2019-01-05 23:03:00,5,60,21.1,82,6.2,1039.0,1.0,2.4,8,414.6,0
2019-01-05 23:08:00,5,60,21.1,82,6.1,1039.0,0.7,1.7,6,414.6,0
2019-01-05 23:13:00,5,60,21.1,82,6.1,1039.0,0.7,1.0,2,414.6,0
2019-01-05 23:18:00,5,60,21.1,83,6.1,1038.8,0.7,1.7,5,414.6,0
2019-01-05 23:23:00,5,59,21.1,83,6.0,1038.7,0.7,1.4,0,414.6,0
2019-01-05 23:28:00,5,59,21.1,83,6.0,1038.8,0.7,1.0,6,414.6,0
2019-01-05 23:33:00,5,59,21.1,83,6.0,1038.7,0,0.7,4,414.6,0
2019-01-05 23:38:00,5,59,21.1,84,5.9,1038.7,0.3,1.0,10,414.6,0
2019-01-05 23:43:00,5,59,21.1,84,5.8,1038.8,0.3,0.7,4,414.6,0
2019-01-05 23:48:00,5,59,21.1,84,5.8,1038.7,0.7,1.7,0,414.6,0
2019-01-05 23:53:00,5,59,21.0,84,5.7,1038.8,0.7,1.7,6,414.6,0
2019-01-05 23:58:00,5,59,21.0,84,5.7,1038.9,0,0,8,414.6,0
