2019-01-31 00:03:00,5,55,18.0,86,-0.7,1003.2,0.0,0.0,8,464.7,0
2019-01-31 00:08:00,5,55,18.0,86,-0.5,1003.4,0.0,0.7,10,464.7,0
2019-01-31 00:13:00,5,54,17.9,86,-0.4,1003.4,0.0,0.0,4,464.7,0
2019-01-31 00:18:00,5,53,17.8,86,-0.3,1003.5,0.3,1.0,6,464.7,0
2019-01-31 00:23:00,5,53,17.7,86,-0.1,1003.5,0.0,0.7,8,464.7,0
2019-01-31 00:28:00,5,53,17.6,86,-0.1,1003.7,0.0,0.0,14,464.7,0
2019-01-31 00:33:00,5,52,17.6,85,0.0,1003.6,0.3,1.0,10,464.7,0
2019-01-31 00:38:00,5,53,17.5,85,0.0,1003.7,0.7,1.0,8,464.7,0
2019-01-31 00:43:00,5,53,17.5,86,0.0,1003.8,0.3,1.0,14,464.7,0
2019-01-31 00:48:00,5,53,17.5,86,0.1,1003.8,0.3,1.0,14,464.7,0
2019-01-31 00:53:00,5,53,17.5,86,0.1,1003.8,0.0,0.0,10,464.7,0
2019-01-31 00:58:00,5,53,17.5,86,0.1,1003.7,1.0,1.7,8,464.7,0
2019-01-31 01:03:00,5,52,17.5,86,0.2,1003.7,0.3,1.0,2,464.7,0
2019-01-31 01:08:00,5,53,16.7,86,0.2,1003.8,0.7,1.4,6,464.7,0
2019-01-31 01:13:00,5,53,16.7,86,0.2,1003.7,0.7,1.4,10,464.7,0
2019-01-31 01:18:00,5,52,16.7,86,0.2,1003.7,1.0,1.4,10,464.7,0
2019-01-31 01:23:00,5,52,16.6,86,0.2,1003.9,0.3,1.4,10,464.7,0
2019-01-31 01:28:00,5,52,16.6,86,0.2,1003.9,0.3,0.7,0,464.7,0
2019-01-31 01:33:00,5,52,16.6,86,0.2,1004.1,0.3,1.0,12,464.7,0
2019-01-31 01:38:00,5,52,16.6,86,0.2,1004.0,1.0,1.7,10,464.7,0
2019-01-31 01:43:00,5,52,16.6,86,0.1,1004.0,0.0,0.3,12,464.7,0
2019-01-31 01:48:00,5,52,16.6,86,0.1,1004.1,0.7,1.0,8,464.7,0
2019-01-31 01:53:00,5,52,16.6,86,0.0,1004.0,0.7,1.4,4,464.7,0
2019-01-31 01:58:00,5,52,16.7,86,0.0,1004.2,0.3,1.0,14,464.7,0
2019-01-31 02:03:00,5,52,16.7,87,-0.1,1004.1,0.7,1.4,4,464.7,0
2019-01-31 02:08:00,5,52,16.7,87,-0.1,1004.0,1.4,1.7,12,464.7,0
2019-01-31 02:13:00,5,51,16.6,86,0.0,1004.1,0.3,1.0,8,464.7,0
2019-01-31 02:18:00,5,51,16.6,87,-0.1,1004.0,0.3,0.7,6,464.7,0
2019-01-31 02:23:00,5,51,16.6,86,0.0,1004.1,1.0,1.4,8,464.7,0
2019-01-31 02:28:00,5,51,16.6,87,-0.1,1004.1,0.3,1.0,14,464.7,0
2019-01-31 02:33:00,5,51,16.5,87,-0.1,1004.1,0.0,0.0,10,464.7,0
2019-01-31 02:38:00,5,51,16.5,87,-0.1,1004.1,0.0,0.0,8,464.7,0
2019-01-31 02:43:00,5,51,16.5,87,-0.2,1004.2,0.0,0.3,8,464.7,0
2019-01-31 02:48:00,5,51,16.6,87,-0.3,1004.1,0.0,0.0,12,464.7,0
2019-01-31 02:53:00,5,51,16.7,87,-0.4,1003.8,0.0,0.0,8,464.7,0
2019-01-31 02:58:00,5,51,16.8,87,-0.6,1003.8,0.0,0.0,2,464.7,0
2019-01-31 03:03:00,5,50,16.8,87,-0.7,1003.8,0.0,0.0,2,464.7,0
2019-01-31 03:08:00,5,50,16.8,87,-1.1,1003.6,0.0,0.0,8,464.7,0
2019-01-31 03:13:00,5,50,16.8,87,-1.2,1003.6,0.0,0.0,8,464.7,0
2019-01-31 03:18:00,5,50,16.8,87,-1.3,1003.7,0.0,0.0,8,464.7,0
2019-01-31 03:23:00,5,50,16.8,87,-1.4,1003.6,0.0,0.0,8,464.7,0
2019-01-31 03:28:00,5,50,16.8,87,-1.3,1003.6,0.0,0.0,10,464.7,0
2019-01-31 03:33:00,5,50,16.7,87,-1.3,1003.6,0.0,0.0,8,464.7,0
2019-01-31 03:38:00,5,50,16.7,87,-1.3,1003.8,0.0,0.0,8,464.7,0
2019-01-31 03:43:00,5,50,16.7,87,-1.3,1003.8,0.0,0.0,8,464.7,0
2019-01-31 03:48:00,5,50,16.6,87,-1.2,1003.9,0.3,0.7,10,464.7,0
2019-01-31 03:53:00,5,50,16.6,88,-1.1,1003.8,0.7,1.0,8,464.7,0
2019-01-31 03:58:00,5,50,16.5,88,-1.1,1004.1,0.0,0.0,8,464.7,0
2019-01-31 04:03:00,5,50,16.5,87,-1.1,1004.1,0.7,1.0,8,464.7,0
2019-01-31 04:08:00,5,50,16.4,87,-1.1,1004.2,1.0,1.7,4,464.7,0
2019-01-31 04:13:00,5,50,16.4,88,-1.1,1004.3,0.3,0.7,14,464.7,0
2019-01-31 04:18:00,5,50,16.3,88,-1.1,1004.4,0.7,1.0,10,464.7,0
2019-01-31 04:23:00,5,50,16.3,87,-0.9,1004.4,0.0,0.3,12,464.7,0
2019-01-31 04:28:00,5,50,16.5,87,-0.9,1004.3,0.0,0.3,12,464.7,0
2019-01-31 04:33:00,5,50,16.7,87,-0.9,1004.1,0.3,1.0,12,464.7,0
2019-01-31 04:38:00,5,49,17.0,87,-0.9,1003.9,0.3,1.4,4,464.7,0
2019-01-31 04:43:00,5,49,17.4,87,-0.9,1003.5,0.7,1.4,14,464.7,0
2019-01-31 04:48:00,5,50,18.7,87,-0.9,1003.2,0.3,0.7,14,464.7,0
2019-01-31 04:53:00,5,48,19.1,87,-0.9,1002.8,0.3,1.0,8,464.7,0
2019-01-31 04:58:00,5,47,19.5,87,-0.9,1002.4,0.0,0.7,8,464.7,0
2019-01-31 05:03:00,5,46,19.7,87,-0.9,1002.0,0.7,1.7,4,464.7,0
2019-01-31 05:08:00,5,45,19.9,87,-0.9,1001.8,0.0,0.0,10,464.7,0
2019-01-31 05:13:00,5,43,20.0,87,-0.9,1001.8,0.0,0.0,0,464.7,0
2019-01-31 05:18:00,5,43,20.1,88,-1.1,1001.6,0.3,0.7,10,464.7,0
2019-01-31 05:23:00,5,42,20.1,88,-1.1,1001.7,0.0,0.3,8,464.7,0
2019-01-31 05:28:00,5,42,20.1,88,-1.1,1001.7,0.7,1.0,8,464.7,0
2019-01-31 05:33:00,5,42,20.1,87,-0.9,1001.7,0.3,1.0,14,464.7,0
2019-01-31 05:38:00,5,42,20.0,87,-0.9,1001.8,0.0,0.7,10,464.7,0
2019-01-31 05:43:00,5,43,19.9,87,-0.9,1001.9,0.7,1.0,10,464.7,0
2019-01-31 05:48:00,5,44,19.8,87,-0.8,1002.0,0.7,1.0,8,464.7,0
2019-01-31 05:53:00,5,44,19.7,87,-0.6,1002.2,0.0,0.0,8,464.7,0
2019-01-31 05:58:00,5,44,19.6,88,-0.5,1002.3,0.3,0.7,14,464.7,0
2019-01-31 06:03:00,5,45,19.5,88,-0.4,1002.4,0.3,0.7,12,464.7,0
2019-01-31 06:08:00,5,46,19.6,88,-0.2,1002.4,0.7,1.4,6,464.7,0
2019-01-31 06:13:00,5,47,19.7,88,-0.2,1002.2,0.0,0.3,10,464.7,0
2019-01-31 06:18:00,5,47,20.0,88,-0.1,1002.0,0.3,1.0,12,464.7,0
2019-01-31 06:23:00,5,47,20.3,87,0.0,1001.8,0.7,1.0,8,464.7,0
2019-01-31 06:28:00,5,46,20.6,87,0.1,1001.4,0.7,1.7,4,464.7,0
2019-01-31 06:33:00,5,45,20.9,87,0.2,1001.2,1.0,1.4,4,464.7,0
2019-01-31 06:38:00,5,44,21.1,87,0.2,1000.9,0.7,1.4,8,464.7,0
2019-01-31 06:43:00,5,44,21.2,87,0.2,1000.7,0.3,0.7,8,464.7,0
2019-01-31 06:48:00,5,43,21.3,87,0.2,1000.6,0.3,1.0,14,464.7,0
2019-01-31 06:53:00,5,43,21.5,87,0.2,1000.6,0.7,1.0,8,464.7,0
2019-01-31 06:58:00,5,43,21.5,87,0.1,1000.6,0.3,1.0,10,464.7,0
2019-01-31 07:03:00,5,42,21.5,87,0.1,1000.5,0.3,0.7,8,464.7,0
2019-01-31 07:08:00,5,42,21.5,87,0.0,1000.7,0.0,0.3,6,464.7,0
2019-01-31 07:13:00,5,42,21.5,87,0.0,1000.7,0.0,0.3,12,464.7,0
2019-01-31 07:18:00,5,42,21.4,88,-0.1,1000.8,0.3,1.0,10,464.7,0
2019-01-31 07:23:00,5,42,21.3,88,-0.1,1001.0,0.3,1.0,4,464.7,0
2019-01-31 07:28:00,5,42,21.2,88,-0.1,1001.2,0.7,1.0,10,464.7,0
2019-01-31 07:33:00,5,43,21.1,88,-0.1,1001.4,1.0,2.0,14,464.7,0
2019-01-31 07:38:00,5,45,20.9,88,-0.2,1001.4,0.3,0.7,0,464.7,0
2019-01-31 07:43:00,5,46,20.7,88,-0.3,1001.8,1.0,2.0,10,464.7,0
2019-01-31 07:48:00,5,46,20.6,88,-0.3,1002.0,0.7,1.0,2,464.7,0
2019-01-31 07:53:00,5,47,20.5,88,-0.4,1002.0,0.3,1.0,10,464.7,0
2019-01-31 07:58:00,5,47,20.4,88,-0.5,1002.2,0.3,1.0,10,464.7,0
2019-01-31 08:03:00,5,47,20.3,88,-0.5,1002.2,0.0,0.7,8,464.7,0
2019-01-31 08:08:00,5,48,20.1,88,-0.6,1002.4,0.3,0.7,10,464.7,0
2019-01-31 08:13:00,5,48,20.0,88,-0.6,1002.5,0.0,0.7,8,464.7,0
2019-01-31 08:18:00,5,49,19.8,88,-0.6,1002.8,0.3,1.4,10,464.7,0
2019-01-31 08:23:00,5,49,19.7,88,-0.7,1002.8,0.0,0.3,12,464.7,0
2019-01-31 08:28:00,5,49,19.6,88,-0.7,1003.0,0.3,1.0,8,464.7,0
2019-01-31 08:33:00,5,49,19.5,88,-0.7,1003.2,0.0,0.7,6,464.7,0
2019-01-31 08:38:00,5,51,19.3,88,-0.7,1003.3,0.0,0.7,6,464.7,0
2019-01-31 08:43:00,5,51,19.2,89,-0.7,1003.5,0.3,0.7,14,464.7,0
2019-01-31 08:48:00,5,52,19.2,89,-0.6,1003.5,1.0,1.7,10,464.7,0
2019-01-31 08:53:00,5,52,19.3,89,-0.6,1003.3,0.7,1.4,14,464.7,0
2019-01-31 08:58:00,5,52,19.6,89,-0.6,1003.3,0.3,1.0,12,464.7,0
2019-01-31 09:03:00,5,52,19.8,89,-0.6,1002.8,0.7,1.4,14,464.7,0
2019-01-31 09:08:00,5,50,20.2,89,-0.6,1002.4,1.4,2.0,10,464.7,0
2019-01-31 09:13:00,5,50,20.5,89,-0.6,1002.1,0.7,1.4,8,464.7,0
2019-01-31 09:18:00,5,49,20.9,89,-0.6,1001.8,0.7,1.7,6,464.7,0
2019-01-31 09:23:00,5,47,21.1,89,-0.5,1001.6,0.3,1.0,12,464.7,0
2019-01-31 09:28:00,5,46,21.3,89,-0.5,1001.1,0.7,1.7,6,464.7,0
2019-01-31 09:33:00,5,45,21.4,89,-0.5,1001.0,0.3,1.0,14,464.7,0
2019-01-31 09:38:00,5,44,21.5,89,-0.5,1000.9,0.3,1.4,12,464.7,0
2019-01-31 09:43:00,5,44,21.5,89,-0.5,1000.8,0.3,1.0,12,464.7,0
2019-01-31 09:48:00,5,43,21.6,89,-0.4,1000.8,0.3,1.4,8,464.7,0
2019-01-31 09:53:00,5,43,21.6,89,-0.3,1000.8,0.3,0.7,14,464.7,0
2019-01-31 09:58:00,5,43,21.5,89,-0.2,1000.9,0.3,1.0,14,464.7,0
2019-01-31 10:03:00,5,44,21.4,89,-0.2,1000.9,0.0,1.0,14,464.7,0
2019-01-31 10:08:00,5,45,21.3,89,-0.2,1001.0,0.0,0.7,3,464.7,0
2019-01-31 10:13:00,5,47,21.3,89,-0.2,1001.1,0.7,1.4,0,464.7,0
2019-01-31 10:18:00,5,47,21.2,89,-0.2,1001.1,0.3,0.7,14,464.7,0
2019-01-31 10:23:00,5,47,21.1,89,-0.2,1001.2,0.3,0.7,12,464.7,0
2019-01-31 10:28:00,5,47,21.1,89,-0.2,1001.3,0.7,1.0,8,464.7,0
2019-01-31 10:33:00,5,48,20.9,89,-0.1,1001.4,0.3,1.4,0,464.7,0
2019-01-31 10:38:00,5,49,20.9,89,-0.2,1001.5,0.7,1.0,14,464.7,0
2019-01-31 10:43:00,5,50,20.7,89,-0.2,1001.6,0.0,0.7,14,464.7,0
2019-01-31 10:48:00,5,50,20.7,89,-0.2,1001.6,0.3,0.7,14,464.7,0
2019-01-31 10:53:00,5,50,20.7,89,-0.1,1001.6,0.3,1.4,4,464.7,0
2019-01-31 10:58:00,5,50,20.7,88,0.0,1001.6,0.7,1.0,10,464.7,0
2019-01-31 11:03:00,5,50,20.7,88,0.0,1001.6,1.0,2.0,10,464.7,0
2019-01-31 11:08:00,5,50,20.8,89,-0.1,1001.6,0.0,0.7,6,464.7,0
2019-01-31 11:13:00,5,50,20.9,89,-0.1,1001.4,0.7,1.0,8,464.7,0
2019-01-31 11:18:00,5,50,20.9,89,-0.1,1001.3,0.3,1.0,6,464.7,0
2019-01-31 11:23:00,5,49,21.1,88,0.0,1001.3,0.7,1.0,10,464.7,0
2019-01-31 11:28:00,5,49,21.1,88,0.0,1001.1,0.3,1.4,6,465.0,0
2019-01-31 11:33:01,5,49,21.1,88,0.0,1001.1,0.3,1.0,14,465.0,0
2019-01-31 11:38:01,5,48,21.1,88,0.0,1001.2,0.7,1.4,14,465.0,0
2019-01-31 11:43:01,5,48,21.1,88,0.0,1001.1,0.7,1.4,8,465.0,0
2019-01-31 11:48:01,5,48,21.0,88,0.1,1001.2,0.3,0.7,10,465.0,0
2019-01-31 11:53:01,5,49,21.0,89,0.1,1001.2,0.3,1.0,10,465.0,0
2019-01-31 11:58:01,5,49,20.9,89,0.1,1001.4,0.7,1.4,14,465.0,0
2019-01-31 12:03:01,5,49,20.7,88,0.1,1001.4,0.3,0.7,12,465.0,0
2019-01-31 12:08:01,5,49,20.7,88,0.0,1001.5,0.3,1.4,8,465.0,0
2019-01-31 12:13:01,5,48,20.7,88,0.1,1001.5,0.7,1.4,8,465.0,0
2019-01-31 12:18:01,5,48,20.6,88,0.1,1001.5,0.7,1.4,14,465.0,0
2019-01-31 12:23:01,5,48,20.6,88,0.1,1001.5,0.3,1.0,10,465.0,0
2019-01-31 12:28:01,5,47,20.6,88,0.1,1001.4,0.3,1.0,12,465.0,0
2019-01-31 12:33:01,5,47,20.7,88,0.1,1001.4,0.3,1.0,8,465.0,0
2019-01-31 12:38:01,5,46,20.8,88,0.1,1001.3,0.3,1.0,8,465.0,0
2019-01-31 12:43:00,5,45,20.9,88,0.1,1001.2,0.3,1.0,6,465.0,0
2019-01-31 12:48:00,5,44,20.9,88,0.1,1001.2,0.0,0.7,6,465.0,0
2019-01-31 12:53:00,5,43,21.0,88,0.1,1001.2,0.3,0.7,0,465.0,0
2019-01-31 12:58:00,5,43,20.9,88,0.2,1001.4,0.7,1.7,10,465.3,0
2019-01-31 13:03:00,5,43,20.9,88,0.1,1001.4,0.3,1.4,10,465.3,0
2019-01-31 13:08:00,5,44,20.8,88,0.1,1001.3,0.7,1.0,10,465.3,0
2019-01-31 13:13:00,5,44,20.7,88,0.0,1001.3,0.0,0.7,2,465.3,0
2019-01-31 13:18:00,5,44,20.7,88,0.0,1001.4,0.0,0.3,15,465.3,0
2019-01-31 13:23:00,5,44,20.7,88,0.0,1001.4,0.0,0.0,2,465.3,0
2019-01-31 13:28:00,5,45,20.7,88,0.0,1001.5,0.0,0.0,14,465.3,0
2019-01-31 13:33:00,5,45,20.7,88,0.0,1001.4,0.3,1.0,12,465.3,0
2019-01-31 13:38:00,5,45,20.7,88,0.0,1001.4,0.3,1.4,14,465.3,0
2019-01-31 13:43:00,5,45,20.7,88,0.0,1001.3,0.0,0.0,4,465.3,0
2019-01-31 13:48:00,5,45,20.7,88,0.0,1001.3,0.0,0.3,14,465.3,0
2019-01-31 13:53:00,5,45,20.7,88,0.0,1001.2,0.3,0.7,12,465.3,0
2019-01-31 13:58:00,5,45,20.7,88,0.0,1001.3,0.3,0.7,10,465.3,0
2019-01-31 14:03:00,5,45,20.7,89,-0.1,1001.3,0.3,1.4,8,465.3,0
2019-01-31 14:08:00,5,45,20.7,88,-0.1,1001.3,0.0,0.0,12,465.3,0
2019-01-31 14:13:00,5,45,20.7,88,-0.2,1001.3,0.3,1.0,10,465.3,0
2019-01-31 14:18:00,5,45,20.7,88,-0.3,1001.1,0.3,0.7,2,465.3,0
2019-01-31 14:23:00,5,45,20.6,88,-0.3,1001.3,0.3,1.0,2,465.3,0
2019-01-31 14:28:00,5,45,20.6,88,-0.3,1001.1,0.0,0.7,2,465.3,0
2019-01-31 14:33:00,5,45,20.6,88,-0.3,1001.0,0.3,1.0,12,465.3,0
2019-01-31 14:38:00,5,45,20.6,88,-0.4,1001.1,0.0,0.7,0,465.3,0
2019-01-31 14:43:00,5,45,20.6,88,-0.4,1000.9,0.3,1.4,14,465.3,0
2019-01-31 14:48:00,5,45,20.6,88,-0.4,1000.8,0.0,0.3,14,465.3,0
2019-01-31 14:53:00,5,45,20.7,88,-0.4,1000.8,0.3,1.0,4,465.3,0
2019-01-31 14:58:00,5,45,20.7,88,-0.4,1000.8,0.3,1.0,4,465.3,0
2019-01-31 15:03:00,5,45,20.7,88,-0.4,1001.0,0.7,1.4,2,465.3,0
2019-01-31 15:08:00,5,45,20.7,88,-0.5,1000.9,1.0,1.7,12,465.3,0
2019-01-31 15:13:00,5,45,20.7,88,-0.5,1000.8,0.0,0.0,4,465.3,0
2019-01-31 15:18:00,5,45,20.7,88,-0.5,1000.9,0.3,0.3,8,465.3,0
2019-01-31 15:23:00,5,45,20.6,88,-0.5,1000.7,0.7,1.0,14,465.3,0
2019-01-31 15:28:00,5,45,20.6,88,-0.6,1000.7,0.3,1.0,4,465.3,0
2019-01-31 15:33:00,5,45,20.6,87,-0.7,1000.7,0.7,1.4,10,465.3,0
2019-01-31 15:38:00,5,45,20.6,87,-0.7,1000.7,0.3,0.7,6,465.3,0
2019-01-31 15:43:00,5,45,20.5,87,-0.7,1000.9,0.3,1.0,4,465.3,0
2019-01-31 15:48:00,5,44,20.5,87,-0.9,1000.7,0.7,1.0,2,465.3,0
2019-01-31 15:53:00,5,44,20.6,87,-0.9,1000.7,0.0,0.0,14,465.3,0
2019-01-31 15:58:00,5,44,20.5,87,-0.9,1000.6,0.0,0.0,0,465.3,0
2019-01-31 16:03:00,5,44,20.5,87,-0.9,1000.5,0.3,1.4,4,465.3,0
2019-01-31 16:08:00,5,46,20.5,88,-1.1,1000.4,0.3,1.4,2,465.3,0
2019-01-31 16:13:00,5,46,20.5,88,-1.1,1000.2,0.3,1.0,8,465.3,0
2019-01-31 16:18:00,5,46,20.5,87,-0.9,1000.2,1.0,1.7,0,465.3,0
2019-01-31 16:23:00,5,47,20.4,87,-0.9,1000.2,0.7,1.7,2,465.3,0
2019-01-31 16:28:00,5,47,20.4,87,-0.9,1000.2,0.3,0.7,4,465.3,0
2019-01-31 16:33:00,5,47,20.3,88,-1.1,1000.2,0.0,0.0,0,465.3,0
2019-01-31 16:38:00,5,47,20.3,88,-1.1,1000.1,0.3,1.7,4,465.3,0
2019-01-31 16:43:00,5,46,20.2,88,-1.1,1000.2,0.7,2.0,0,465.3,0
2019-01-31 16:48:00,5,45,20.1,88,-1.1,1000.4,1.0,2.0,0,465.3,0
2019-01-31 16:53:00,5,45,20.0,88,-1.1,1000.5,0.7,1.7,2,465.3,0
2019-01-31 16:58:00,5,47,19.8,88,-1.2,1000.6,0.3,1.4,2,465.3,0
2019-01-31 17:03:00,5,48,19.8,88,-1.1,1000.5,0.7,1.4,14,465.3,0
2019-01-31 17:08:00,5,48,19.8,88,-1.2,1000.4,1.0,2.0,14,465.3,0
2019-01-31 17:13:00,5,47,19.8,88,-1.2,1000.4,1.0,1.7,2,465.3,0
2019-01-31 17:18:00,5,47,19.7,88,-1.2,1000.5,0.7,1.7,0,465.3,0
2019-01-31 17:23:00,5,47,19.7,88,-1.2,1000.5,0.0,0.0,14,465.3,0
2019-01-31 17:28:00,5,49,19.7,88,-1.2,1000.6,0.7,1.4,12,465.3,0
2019-01-31 17:33:00,5,51,19.7,88,-1.2,1000.6,0.7,1.4,0,465.3,0
2019-01-31 17:38:00,5,51,19.8,88,-1.2,1000.4,0.3,0.7,14,465.3,0
2019-01-31 17:43:00,5,50,20.0,88,-1.2,1000.5,0.0,1.0,12,465.3,0
2019-01-31 17:48:00,5,51,20.1,88,-1.2,1000.2,0.7,1.7,12,465.3,0
2019-01-31 17:53:00,5,50,20.3,88,-1.2,1000.0,1.0,1.7,2,465.3,0
2019-01-31 17:58:00,5,50,20.4,88,-1.3,999.8,0.7,1.7,14,465.3,0
2019-01-31 18:03:00,5,50,20.6,88,-1.3,999.7,1.4,2.7,8,465.3,0
2019-01-31 18:08:00,5,48,20.7,88,-1.3,999.5,0.3,1.0,6,465.3,0
2019-01-31 18:13:00,5,48,20.9,88,-1.3,999.3,0.0,0.7,8,465.3,0
2019-01-31 18:18:00,5,47,20.9,88,-1.2,999.2,0.3,0.7,13,465.3,0
2019-01-31 18:23:00,5,46,21.1,88,-1.2,999.1,0.7,1.7,6,465.3,0
2019-01-31 18:28:00,5,46,21.1,88,-1.1,999.0,0.0,0.3,10,465.3,0
2019-01-31 18:33:00,5,46,21.1,88,-1.1,998.9,1.4,2.7,12,465.3,0
2019-01-31 18:38:00,5,47,21.1,87,-0.9,998.9,0.7,1.7,14,465.3,0
2019-01-31 18:43:00,5,49,21.2,87,-0.9,998.8,0.7,1.4,0,465.3,0
2019-01-31 18:48:00,5,49,21.1,87,-1.0,999.0,0.0,0.3,6,465.3,0
2019-01-31 18:53:00,5,49,21.1,87,-1.0,999.0,1.4,3.1,2,465.3,0
2019-01-31 18:58:00,5,49,21.1,88,-1.1,998.9,1.0,1.7,4,465.3,0
2019-01-31 19:03:00,5,49,21.0,88,-1.1,998.7,1.0,2.4,6,465.3,0
2019-01-31 19:08:00,5,50,20.9,88,-1.1,998.8,1.0,2.0,0,465.3,0
2019-01-31 19:13:00,5,50,20.8,88,-1.1,998.7,0.7,1.7,6,465.3,0
2019-01-31 19:18:00,5,50,20.7,88,-1.1,998.7,1.0,2.4,14,465.3,0
2019-01-31 19:23:00,5,50,20.6,88,-1.1,998.7,1.0,1.7,4,465.3,0
2019-01-31 19:28:00,5,49,20.6,88,-1.1,998.7,1.0,2.4,0,465.3,0
2019-01-31 19:33:00,5,49,20.5,87,-1.1,998.7,1.4,2.4,6,465.3,0
2019-01-31 19:38:00,5,49,20.5,87,-1.1,998.6,1.0,1.4,4,465.3,0
2019-01-31 19:43:00,5,49,20.4,87,-1.1,998.7,1.0,1.4,10,465.3,0
2019-01-31 19:48:00,5,48,20.4,87,-1.1,998.5,0.7,1.7,10,465.3,0
2019-01-31 19:53:00,5,48,20.4,87,-1.1,998.5,1.0,2.0,6,465.3,0
2019-01-31 19:58:00,5,48,20.4,87,-1.1,998.4,1.4,2.0,2,465.3,0
2019-01-31 20:03:00,5,48,20.4,86,-0.9,998.3,0.7,1.7,9,465.3,0
2019-01-31 20:08:00,5,47,20.4,86,-0.9,998.2,1.0,1.7,10,465.3,0
2019-01-31 20:13:00,5,47,20.5,86,-0.7,998.4,0.3,1.0,8,465.3,0
2019-01-31 20:18:00,5,47,20.5,86,-0.7,998.4,1.0,1.7,6,465.3,0
2019-01-31 20:23:00,5,47,20.5,86,-0.7,998.4,0.3,1.0,4,465.3,0
2019-01-31 20:28:00,5,46,20.5,86,-0.6,998.1,0.7,1.4,0,465.3,0
2019-01-31 20:33:00,5,46,20.5,85,-0.6,998.0,1.0,2.0,14,465.3,0
2019-01-31 20:38:00,5,46,20.4,85,-0.6,998.0,0.7,1.4,2,465.3,0
2019-01-31 20:43:00,5,46,20.4,85,-0.6,998.0,1.0,1.7,14,465.3,0
2019-01-31 20:48:00,5,46,20.3,85,-0.5,997.9,0.3,1.0,14,465.3,0
2019-01-31 20:53:00,5,47,20.2,85,-0.5,997.9,0.7,1.4,6,465.3,0
2019-01-31 20:58:00,5,47,20.1,85,-0.5,997.9,1.0,2.4,6,465.3,0
2019-01-31 21:03:00,5,47,20.1,84,-0.6,998.0,0.7,1.7,12,465.3,0
2019-01-31 21:08:00,5,48,20.0,84,-0.6,997.9,1.4,2.0,10,465.3,0
2019-01-31 21:13:00,5,49,19.9,84,-0.6,997.9,0.7,1.4,14,465.3,0
2019-01-31 21:18:00,5,49,19.8,84,-0.6,997.8,1.0,1.7,14,465.3,0
2019-01-31 21:23:00,5,49,19.8,84,-0.6,997.7,1.4,2.0,13,465.3,0
2019-01-31 21:28:00,5,49,19.7,84,-0.6,997.6,1.7,2.7,8,465.3,0
2019-01-31 21:33:00,5,49,19.6,84,-0.6,997.6,1.0,2.0,2,465.3,0
2019-01-31 21:38:00,5,49,19.5,84,-0.6,997.7,1.0,1.7,10,465.3,0
2019-01-31 21:43:00,5,49,19.4,84,-0.6,997.7,1.0,2.0,8,465.3,0
2019-01-31 21:48:00,5,48,19.2,84,-0.5,997.7,0.7,1.4,10,465.3,0
2019-01-31 21:53:00,5,48,19.2,84,-0.5,997.6,1.0,2.0,2,465.3,0
2019-01-31 21:58:00,5,48,19.1,84,-0.5,997.5,1.0,2.7,14,465.3,0
2019-01-31 22:03:00,5,48,19.1,84,-0.5,997.3,1.4,3.4,4,465.3,0
2019-01-31 22:08:00,5,48,19.0,84,-0.4,997.6,0.7,1.7,10,465.3,0
2019-01-31 22:13:00,5,49,18.9,84,-0.4,997.6,1.4,2.4,12,465.3,0
2019-01-31 22:18:00,5,49,18.8,84,-0.4,997.8,0.7,1.0,0,465.3,0
2019-01-31 22:23:00,5,49,18.7,84,-0.4,997.7,0.7,2.0,10,465.3,0
2019-01-31 22:28:00,5,49,18.6,84,-0.4,997.8,1.7,3.4,4,465.3,0
2019-01-31 22:33:00,5,49,18.5,84,-0.4,997.8,1.0,2.0,14,465.3,0
2019-01-31 22:38:00,5,49,18.5,84,-0.3,997.9,0.7,2.0,6,465.3,0
2019-01-31 22:43:00,5,49,18.4,84,-0.3,997.8,1.0,2.4,6,465.3,0
2019-01-31 22:48:00,5,49,18.3,84,-0.3,997.9,1.4,2.7,4,465.3,0
2019-01-31 22:53:00,5,49,18.3,84,-0.3,998.0,1.4,2.4,4,465.3,0
2019-01-31 22:58:00,5,49,18.2,84,-0.2,997.9,1.0,2.0,8,465.3,0
2019-01-31 23:03:00,5,49,18.1,84,-0.2,997.9,1.0,2.0,4,465.3,0
2019-01-31 23:08:00,5,49,18.1,84,-0.2,997.8,1.4,2.0,0,465.3,0
2019-01-31 23:13:00,5,49,18.0,84,-0.2,997.6,1.4,2.4,12,465.3,0
2019-01-31 23:18:00,5,49,18.0,84,-0.2,997.8,1.0,2.0,14,465.3,0
2019-01-31 23:23:00,5,48,17.9,84,-0.2,997.7,1.7,2.7,14,465.3,0
2019-01-31 23:28:00,5,48,17.9,84,-0.2,997.8,1.7,3.1,2,465.3,0
2019-01-31 23:33:00,5,48,17.7,84,-0.2,997.7,1.4,2.0,0,465.3,0
2019-01-31 23:38:00,5,48,17.7,84,-0.2,997.7,1.4,2.4,4,465.3,0
2019-01-31 23:43:00,5,48,17.7,83,-0.1,997.7,1.0,2.0,4,465.3,0
2019-01-31 23:48:00,5,48,17.6,82,0,997.6,1.4,2.4,6,465.3,0
2019-01-31 23:53:00,5,48,17.6,82,0,997.6,0.7,2.0,1,465.3,0
2019-01-31 23:58:00,5,48,17.5,82,0.1,997.4,1.4,2.7,4,465.3,0
