2019-01-23 00:03:00,5,53,18.0,87,-0.1,1006.6,0.3,0.7,14,441.6,0
2019-01-23 00:08:00,5,51,17.9,86,-0.2,1006.7,1.0,1.4,6,441.6,0
2019-01-23 00:13:00,5,51,17.8,86,-0.2,1006.7,0.3,1.0,0,441.6,0
2019-01-23 00:18:00,5,52,17.7,86,-0.2,1006.7,0.0,0.3,2,441.6,0
2019-01-23 00:23:00,5,52,17.7,86,-0.2,1006.7,1.0,1.7,2,441.6,0
2019-01-23 00:28:00,5,52,17.7,86,-0.2,1006.8,0.3,1.0,0,441.6,0
2019-01-23 00:33:00,5,52,17.6,86,-0.2,1006.8,0.3,0.7,4,441.6,0
2019-01-23 00:38:00,5,52,17.6,86,-0.3,1006.7,0.7,1.0,2,441.6,0
2019-01-23 00:43:00,5,51,17.6,86,-0.2,1006.8,0.3,0.7,0,441.6,0
2019-01-23 00:48:00,5,51,17.6,86,-0.2,1006.7,0.7,1.7,10,441.6,0
2019-01-23 00:53:00,5,51,17.6,86,-0.2,1006.5,0.0,0.3,11,441.6,0
2019-01-23 00:58:00,5,51,17.5,86,-0.2,1006.6,0.0,0.7,10,441.6,0
2019-01-23 01:03:00,5,51,17.5,86,-0.2,1006.5,0.0,0.3,14,441.6,0
2019-01-23 01:08:00,5,51,17.5,86,-0.2,1006.4,0.0,0.3,0,441.6,0
2019-01-23 01:13:00,5,51,17.5,86,-0.2,1006.3,0.0,0.0,0,441.6,0
2019-01-23 01:18:00,5,51,17.5,86,-0.1,1006.4,0.7,1.0,13,441.6,0
2019-01-23 01:23:00,5,51,17.5,86,-0.1,1006.4,0.7,1.4,10,441.6,0
2019-01-23 01:28:00,5,51,17.5,85,0.0,1006.4,0.3,1.0,10,441.6,0
2019-01-23 01:33:00,5,51,17.5,85,0.0,1006.3,1.0,2.0,12,441.6,0
2019-01-23 01:38:00,5,51,17.5,85,0.0,1006.4,0.3,1.4,14,441.6,0
2019-01-23 01:43:00,5,51,17.5,85,0.1,1006.3,0.0,0.3,0,441.6,0
2019-01-23 01:48:00,5,51,17.5,84,0.0,1006.3,0.3,1.0,10,441.6,0
2019-01-23 01:53:00,5,51,17.5,84,0.1,1006.2,0.7,1.4,2,441.6,0
2019-01-23 01:58:00,5,51,16.7,84,0.0,1006.2,0.7,1.0,14,441.6,0
2019-01-23 02:03:00,5,50,17.5,84,0.0,1006.1,0.0,0.0,14,441.6,0
2019-01-23 02:08:00,5,51,16.8,84,0.0,1006.0,0.0,0.0,12,441.6,0
2019-01-23 02:13:00,5,51,16.7,84,0.0,1006.1,0.3,0.7,8,441.6,0
2019-01-23 02:18:00,5,51,16.7,84,0.1,1006.0,0.0,0.0,4,441.6,0
2019-01-23 02:23:00,5,50,17.5,84,0.1,1006.1,0.0,0.0,6,441.6,0
2019-01-23 02:28:00,5,51,16.7,84,0.1,1006.1,0.7,1.4,0,441.6,0
2019-01-23 02:33:00,5,51,16.7,84,0.1,1006.1,0.0,0.3,0,441.6,0
2019-01-23 02:38:00,5,51,16.7,84,0.1,1005.9,0.0,0.3,8,441.6,0
2019-01-23 02:43:00,5,51,16.7,84,0.1,1006.0,0.3,1.0,6,441.6,0
2019-01-23 02:48:00,5,51,16.7,84,0.0,1005.9,1.0,1.7,10,441.6,0
2019-01-23 02:53:00,5,51,16.8,83,0.0,1005.8,0.3,2.4,2,441.6,0
2019-01-23 02:58:00,5,50,16.8,84,-0.1,1005.6,0.7,1.4,10,441.6,0
2019-01-23 03:03:00,5,50,16.8,84,-0.1,1005.6,0.0,0.7,2,441.6,0
2019-01-23 03:08:00,5,50,16.9,84,-0.1,1005.5,0.0,0.7,2,441.6,0
2019-01-23 03:13:00,5,50,16.9,84,-0.1,1005.5,0.0,0.0,4,441.6,0
2019-01-23 03:18:00,5,50,16.9,84,-0.1,1005.4,0.0,0.0,4,441.6,0
2019-01-23 03:23:00,5,50,16.9,84,-0.1,1005.3,0.0,0.0,2,441.6,0
2019-01-23 03:28:00,5,50,16.8,84,-0.1,1005.3,0.0,0.0,0,441.6,0
2019-01-23 03:33:00,5,50,16.8,84,-0.1,1005.3,0.0,0.0,2,441.6,0
2019-01-23 03:38:00,5,50,16.8,83,0.0,1005.5,0.3,1.0,8,441.6,0
2019-01-23 03:43:00,5,50,16.8,83,0.0,1005.5,0.0,0.0,12,441.6,0
2019-01-23 03:48:00,5,50,16.8,83,0.0,1005.5,0.0,0.7,14,441.6,0
2019-01-23 03:53:00,5,50,16.7,83,0.0,1005.6,0.0,0.0,2,441.6,0
2019-01-23 03:58:00,5,50,16.7,84,-0.1,1005.6,0.3,0.7,2,441.6,0
2019-01-23 04:03:00,5,50,16.7,84,-0.1,1005.6,0.7,1.4,4,441.6,0
2019-01-23 04:08:00,5,50,16.7,84,-0.2,1005.7,0.0,0.7,2,441.6,0
2019-01-23 04:13:00,5,50,16.7,84,-0.2,1005.7,0.0,0.7,,441.6,2048
2019-01-23 04:18:00,5,50,16.7,84,-0.2,1005.5,0.0,0.7,4,441.6,0
2019-01-23 04:23:00,5,50,16.8,83,-0.3,1005.5,0.0,0.7,14,441.6,0
2019-01-23 04:28:00,5,49,16.8,83,-0.3,1005.5,0.3,1.0,0,441.6,0
2019-01-23 04:33:00,5,49,16.9,83,-0.3,1005.5,0.7,1.7,14,441.6,0
2019-01-23 04:38:00,5,49,16.9,83,-0.4,1005.5,0.7,1.4,14,441.6,0
2019-01-23 04:43:00,5,49,16.9,83,-0.4,1005.4,0.0,0.3,6,441.6,0
2019-01-23 04:48:00,5,48,17.0,83,-0.5,1005.4,0.7,1.4,14,441.6,0
2019-01-23 04:53:00,5,48,17.2,83,-0.5,1005.1,0.3,1.0,4,441.6,0
2019-01-23 04:58:00,5,48,18.3,83,-0.6,1005.0,0.7,1.4,0,441.6,0
2019-01-23 05:03:00,5,48,18.5,83,-0.6,1004.8,1.0,2.0,0,441.6,0
2019-01-23 05:08:00,5,47,18.8,83,-0.7,1004.6,0.7,1.0,14,441.6,0
2019-01-23 05:13:00,5,46,19.0,83,-0.8,1004.4,0.7,1.0,10,441.6,0
2019-01-23 05:18:00,5,45,19.1,82,-1.0,1004.3,0.3,1.4,15,441.6,0
2019-01-23 05:23:00,5,45,19.2,83,-1.1,1004.2,0.3,0.7,12,441.6,0
2019-01-23 05:28:00,5,44,19.2,83,-1.1,1004.2,0.0,0.0,4,441.6,0
2019-01-23 05:33:00,5,44,19.2,83,-1.2,1004.2,0.3,1.0,6,441.6,0
2019-01-23 05:38:00,5,44,19.2,83,-1.3,1004.3,0.3,0.7,2,441.6,0
2019-01-23 05:43:00,5,44,19.2,83,-1.3,1004.2,0.7,2.0,6,441.6,0
2019-01-23 05:48:00,5,44,19.1,83,-1.4,1004.4,1.0,1.7,10,441.6,0
2019-01-23 05:53:00,5,44,19.1,83,-1.4,1004.4,0.7,1.4,6,441.6,0
2019-01-23 05:58:00,5,44,19.0,83,-1.5,1004.5,1.0,1.7,13,441.6,0
2019-01-23 06:03:00,5,44,19.0,83,-1.5,1004.6,0.0,0.0,8,441.6,0
2019-01-23 06:08:00,5,45,18.8,83,-1.6,1004.7,0.7,1.4,10,441.6,0
2019-01-23 06:13:00,5,45,18.7,83,-1.7,1004.9,0.7,1.4,2,441.6,0
2019-01-23 06:18:00,5,45,18.5,83,-1.7,1005.2,0.3,1.0,12,441.6,0
2019-01-23 06:23:00,5,45,18.5,83,-1.8,1005.1,0.7,1.0,0,441.6,0
2019-01-23 06:28:00,5,45,18.5,82,-1.9,1005.3,0.7,1.4,4,441.6,0
2019-01-23 06:33:00,5,46,18.6,82,-2.0,1005.3,0.7,1.0,0,441.6,0
2019-01-23 06:38:00,5,46,18.9,78,-2.1,1005.0,0.7,1.0,0,441.6,0
2019-01-23 06:43:00,5,45,19.1,78,-2.1,1004.8,0.7,1.7,6,441.6,0
2019-01-23 06:48:00,5,45,19.2,78,-2.2,1004.8,0.7,1.7,2,441.6,0
2019-01-23 06:53:00,5,45,19.4,78,-2.2,1004.7,0.7,1.7,2,441.6,0
2019-01-23 06:58:00,5,46,19.7,78,-2.2,1004.4,1.0,1.7,1,441.6,0
2019-01-23 07:03:00,5,45,20.1,78,-2.3,1004.0,0.7,1.4,0,441.6,0
2019-01-23 07:08:00,5,44,20.4,78,-2.3,1003.7,0.0,1.0,2,441.6,0
2019-01-23 07:13:00,5,43,20.7,79,-2.4,1003.3,1.0,1.4,15,441.6,0
2019-01-23 07:18:00,5,42,21.1,79,-2.4,1003.0,0.7,1.4,12,441.6,0
2019-01-23 07:23:00,5,41,21.4,79,-2.5,1002.7,0.0,0.3,12,441.6,0
2019-01-23 07:28:00,5,40,21.6,79,-2.5,1002.7,0.3,1.4,11,441.6,0
2019-01-23 07:33:00,5,40,21.7,79,-2.5,1002.7,0.7,1.0,6,441.6,0
2019-01-23 07:38:00,5,40,21.8,79,-2.5,1002.5,0.3,1.0,6,441.6,0
2019-01-23 07:43:00,5,40,21.8,79,-2.5,1002.7,0.3,0.7,2,441.6,0
2019-01-23 07:48:00,5,40,21.8,79,-2.6,1002.7,0.3,0.7,14,441.6,0
2019-01-23 07:53:00,5,40,21.7,79,-2.6,1002.6,0.7,1.4,0,441.6,0
2019-01-23 07:58:00,5,40,21.7,79,-2.7,1002.7,0.0,0.0,4,441.6,0
2019-01-23 08:03:00,5,40,21.6,79,-2.7,1003.0,0.0,0.0,0,441.6,0
2019-01-23 08:08:00,5,40,21.5,79,-2.6,1003.0,0.0,0.7,14,441.6,0
2019-01-23 08:13:00,5,40,21.3,79,-2.6,1003.3,0.3,0.7,6,441.6,0
2019-01-23 08:18:00,5,41,21.2,79,-2.6,1003.5,0.7,1.0,0,441.6,0
2019-01-23 08:23:00,5,41,21.1,79,-2.6,1003.6,0.3,0.7,8,441.6,0
2019-01-23 08:28:00,5,41,21.1,79,-2.5,1003.7,0.0,0.3,10,441.6,0
2019-01-23 08:33:00,5,43,20.9,79,-2.5,1003.9,0.0,0.0,14,441.6,0
2019-01-23 08:38:00,5,43,20.8,79,-2.4,1004.0,0.3,0.7,4,441.6,0
2019-01-23 08:43:00,5,43,20.7,79,-2.3,1004.3,0.0,0.0,12,441.6,0
2019-01-23 08:48:00,5,43,20.6,79,-2.2,1004.3,0.3,1.0,0,441.6,0
2019-01-23 08:53:00,5,43,20.6,79,-2.1,1004.5,1.0,1.4,1,441.6,0
2019-01-23 08:58:00,5,43,20.5,83,-2.0,1004.6,1.0,1.4,6,441.6,0
2019-01-23 09:03:00,5,43,20.4,83,-2.0,1004.9,0.7,1.0,14,441.6,0
2019-01-23 09:08:00,5,43,20.3,83,-1.8,1005.1,0.3,1.0,4,441.6,0
2019-01-23 09:13:00,5,44,20.2,82,-1.7,1005.2,0.0,0.7,6,441.6,0
2019-01-23 09:18:00,5,45,20.1,82,-1.6,1005.4,0.7,1.4,6,441.6,0
2019-01-23 09:23:00,5,46,20.1,82,-1.5,1005.6,0.7,1.7,4,441.6,0
2019-01-23 09:28:00,5,48,20.0,82,-1.4,1005.7,0.3,1.7,6,441.6,0
2019-01-23 09:33:00,5,49,20.1,82,-1.4,1005.7,0.0,0.7,8,441.6,0
2019-01-23 09:38:00,5,49,20.2,82,-1.3,1005.6,1.0,1.4,2,441.6,0
2019-01-23 09:43:00,5,48,20.3,82,-1.2,1005.6,0.7,1.7,14,441.6,0
2019-01-23 09:48:00,5,47,20.4,81,-1.1,1005.6,0.3,1.0,4,441.6,0
2019-01-23 09:53:00,5,47,20.5,81,-1.1,1005.4,0.0,0.3,6,441.6,0
2019-01-23 09:58:00,5,47,20.6,79,-0.9,1005.3,0.3,1.0,6,441.6,0
2019-01-23 10:03:00,5,47,20.7,79,-0.8,1005.3,0.0,0.3,2,441.6,0
2019-01-23 10:08:00,5,47,20.9,78,-0.6,1005.2,0.0,0.3,6,441.6,0
2019-01-23 10:13:00,5,46,21.0,78,-0.6,1005.2,0.3,0.7,4,441.6,0
2019-01-23 10:18:00,5,46,21.1,77,-0.5,1005.1,1.0,1.7,2,441.6,0
2019-01-23 10:23:00,5,45,21.2,77,-0.3,1005.0,0.3,1.4,4,441.6,0
2019-01-23 10:28:00,5,45,21.2,76,-0.4,1004.9,0.3,1.4,0,441.6,0
2019-01-23 10:33:00,5,45,21.3,75,-0.6,1004.8,0.0,0.3,2,441.6,0
2019-01-23 10:38:00,5,44,21.5,75,-0.7,1004.8,0.3,1.0,0,441.6,0
2019-01-23 10:43:00,5,44,21.5,75,-0.6,1004.7,0.0,0.3,8,441.6,0
2019-01-23 10:48:00,5,44,21.5,75,-0.5,1004.7,0.7,1.4,14,441.6,0
2019-01-23 10:53:00,5,44,21.5,75,-0.5,1004.7,0.7,1.4,8,441.6,0
2019-01-23 10:58:00,5,43,21.5,75,-0.4,1004.7,0.3,1.4,6,441.6,0
2019-01-23 11:03:00,5,43,21.5,75,-0.4,1005.0,0.7,1.0,14,441.6,0
2019-01-23 11:08:00,5,42,21.5,75,-0.2,1004.9,0.0,0.0,2,441.6,0
2019-01-23 11:13:00,5,42,21.5,75,-0.1,1004.9,0.3,0.7,4,441.6,0
2019-01-23 11:18:00,5,42,21.6,74,0.0,1004.8,0.3,1.0,2,441.6,0
2019-01-23 11:23:00,5,41,21.7,74,0.2,1004.8,0.0,0.3,0,441.6,0
2019-01-23 11:28:00,5,40,21.7,74,0.5,1004.8,0.3,1.0,14,441.6,0
2019-01-23 11:33:00,5,40,21.7,73,0.9,1004.8,0.7,2.0,2,441.6,0
2019-01-23 11:38:00,5,39,21.8,71,1.0,1004.8,0.3,0.7,10,441.6,0
2019-01-23 11:43:00,5,39,21.8,71,1.2,1004.9,0.3,1.7,6,441.6,0
2019-01-23 11:48:00,5,39,21.8,70,1.3,1004.9,0.7,1.7,14,441.6,0
2019-01-23 11:53:00,5,39,21.7,70,1.2,1005.0,0.7,1.4,6,441.6,0
2019-01-23 11:58:00,5,39,21.7,70,1.2,1005.1,0.7,1.7,0,441.6,0
2019-01-23 12:03:00,5,39,21.7,69,1.2,1005.2,0.7,1.0,14,441.6,0
2019-01-23 12:08:00,5,39,21.7,69,1.1,1005.2,0.0,0.7,14,441.6,0
2019-01-23 12:13:00,5,39,21.7,69,1.2,1005.4,0.3,1.0,0,441.6,0
2019-01-23 12:18:00,5,39,21.6,69,1.3,1005.3,0.7,1.4,8,441.6,0
2019-01-23 12:23:00,5,39,21.6,69,1.4,1005.3,0.7,1.0,10,441.6,0
2019-01-23 12:28:00,5,39,21.5,69,1.3,1005.4,1.0,1.7,14,441.6,0
2019-01-23 12:33:00,5,39,21.5,68,1.0,1005.5,0.3,1.0,8,441.6,0
2019-01-23 12:38:00,5,39,21.3,69,0.9,1005.6,0.7,1.4,6,441.6,0
2019-01-23 12:43:00,5,39,21.3,69,1.0,1005.7,1.0,2.0,2,441.6,0
2019-01-23 12:48:00,5,40,21.3,69,1.1,1005.8,1.0,1.7,4,441.6,0
2019-01-23 12:53:00,5,40,21.3,69,1.1,1005.8,1.0,1.7,4,441.6,0
2019-01-23 12:58:00,5,40,21.3,69,1.0,1005.8,1.0,2.4,4,441.6,0
2019-01-23 13:03:00,5,40,21.3,70,0.9,1005.8,0.3,1.4,4,441.6,0
2019-01-23 13:08:00,5,40,21.3,69,1.0,1005.9,1.0,2.0,4,441.6,0
2019-01-23 13:13:00,5,40,21.4,69,0.9,1005.8,0.3,1.4,14,441.6,0
2019-01-23 13:18:00,5,40,21.5,69,1.0,1005.7,0.7,2.4,2,441.6,0
2019-01-23 13:23:00,5,40,21.5,69,0.9,1005.8,0.3,0.7,4,441.6,0
2019-01-23 13:28:00,5,40,21.5,69,1.0,1005.9,1.0,1.7,6,441.6,0
2019-01-23 13:33:00,5,40,21.5,70,0.9,1005.9,1.0,1.4,0,441.6,0
2019-01-23 13:38:00,5,40,21.5,70,0.9,1006.0,0.3,1.0,14,441.6,0
2019-01-23 13:43:00,5,40,21.3,70,0.9,1006.2,1.0,1.7,15,441.6,0
2019-01-23 13:48:00,5,40,21.2,70,0.7,1006.4,1.0,1.7,0,441.6,0
2019-01-23 13:53:00,5,40,21.2,70,0.6,1006.5,0.0,0.3,0,441.6,0
2019-01-23 13:58:00,5,40,21.1,70,0.7,1006.5,0.0,0.3,12,441.6,0
2019-01-23 14:03:00,5,40,21.0,70,0.6,1006.9,1.0,1.7,0,441.6,0
2019-01-23 14:08:00,5,40,21.0,70,0.5,1006.9,0.7,1.4,8,441.6,0
2019-01-23 14:13:00,5,40,21.0,70,0.5,1006.9,1.0,2.0,5,441.6,0
2019-01-23 14:18:00,5,40,21.1,70,0.5,1006.9,0.7,1.0,6,441.6,0
2019-01-23 14:23:00,5,40,21.1,70,0.4,1006.9,0.7,1.7,8,441.6,0
2019-01-23 14:28:00,5,40,21.1,70,0.3,1007.1,0.3,1.4,4,441.6,0
2019-01-23 14:33:00,5,40,21.1,70,0.3,1007.0,0.7,1.4,2,441.6,0
2019-01-23 14:38:00,5,40,21.0,70,0.3,1007.2,0.3,0.7,1,441.6,0
2019-01-23 14:43:00,5,40,21.0,71,0.3,1007.2,1.0,2.0,6,441.6,0
2019-01-23 14:48:00,5,41,20.9,71,0.2,1007.2,0.3,1.0,6,441.6,0
2019-01-23 14:53:00,5,41,20.9,71,0.1,1007.5,0.7,1.4,4,441.6,0
2019-01-23 14:58:00,5,41,20.7,71,0.1,1007.5,0.7,2.0,8,441.6,0
2019-01-23 15:03:00,5,41,20.7,71,0.1,1007.7,0.7,1.4,2,441.6,0
2019-01-23 15:08:00,5,41,20.7,72,0.0,1007.8,0.7,1.4,4,441.6,0
2019-01-23 15:13:00,5,41,20.7,72,0.0,1007.8,0.3,1.0,4,441.6,0
2019-01-23 15:18:00,5,41,20.7,72,0.0,1007.8,0.7,1.4,0,441.6,0
2019-01-23 15:23:00,5,41,20.7,72,0.0,1007.9,0.7,1.4,0,441.6,0
2019-01-23 15:28:00,5,41,20.7,73,0.0,1008.0,0.7,1.7,14,441.6,0
2019-01-23 15:33:00,5,41,20.7,74,-0.1,1008.1,1.7,2.4,0,441.6,0
2019-01-23 15:38:00,5,41,20.7,74,-0.1,1008.4,0.3,1.0,0,441.6,0
2019-01-23 15:43:00,5,41,20.6,74,-0.1,1008.5,0.3,1.0,6,441.6,0
2019-01-23 15:48:00,5,41,20.6,74,-0.1,1008.5,0.7,1.4,2,441.6,0
2019-01-23 15:53:00,5,42,20.5,74,-0.2,1008.7,0.3,1.0,0,441.6,0
2019-01-23 15:58:00,5,42,20.4,74,-0.2,1008.8,1.0,1.7,4,441.6,0
2019-01-23 16:03:00,5,43,20.4,75,-0.2,1008.9,0.0,0.3,4,441.6,0
2019-01-23 16:08:00,5,43,20.4,75,-0.2,1009.0,0.3,1.4,4,441.6,0
2019-01-23 16:13:00,5,43,20.5,75,-0.2,1009.0,1.0,1.4,2,441.6,0
2019-01-23 16:18:00,5,43,20.6,75,-0.2,1008.9,0.7,1.7,14,441.6,0
2019-01-23 16:23:00,5,43,20.6,75,-0.3,1008.9,0.3,0.7,2,441.6,0
2019-01-23 16:28:00,5,42,20.6,76,-0.3,1009.0,0.3,1.0,6,441.6,0
2019-01-23 16:33:00,5,42,20.6,76,-0.3,1009.0,0.0,0.3,2,441.6,0
2019-01-23 16:38:00,5,42,20.6,76,-0.4,1009.2,0.7,1.0,0,441.6,0
2019-01-23 16:43:00,5,42,20.6,76,-0.4,1009.3,0.3,0.7,4,441.6,0
2019-01-23 16:48:00,5,42,20.5,76,-0.3,1009.5,1.4,2.4,0,441.6,0
2019-01-23 16:53:00,5,42,20.4,76,-0.4,1009.5,0.3,1.4,0,441.6,0
2019-01-23 16:58:00,5,42,20.3,76,-0.4,1009.7,0.7,1.4,2,441.6,0
2019-01-23 17:03:00,5,42,20.3,76,-0.4,1009.8,0.3,1.4,2,441.6,0
2019-01-23 17:08:00,5,42,20.2,77,-0.4,1009.9,0.0,0.7,0,441.6,0
2019-01-23 17:13:00,5,42,20.1,77,-0.4,1010.0,0.3,0.7,2,441.6,0
2019-01-23 17:18:00,5,43,20.1,77,-0.4,1010.1,0.7,1.0,12,441.6,0
2019-01-23 17:23:00,5,44,20.1,77,-0.4,1010.2,0.3,0.7,2,441.6,0
2019-01-23 17:28:00,5,44,20.0,77,-0.4,1010.3,0.7,1.7,0,441.6,0
2019-01-23 17:33:00,5,43,20.0,77,-0.3,1010.5,0.7,1.4,12,441.6,0
2019-01-23 17:38:00,5,42,19.8,77,-0.3,1010.6,0.7,1.4,4,441.6,0
2019-01-23 17:43:00,5,42,19.8,77,-0.3,1010.6,0.0,0.0,14,441.6,0
2019-01-23 17:48:00,5,42,19.8,77,-0.3,1010.7,0.3,0.7,12,441.6,0
2019-01-23 17:53:00,5,41,20.0,78,-0.3,1010.6,0.0,0.3,0,441.6,0
2019-01-23 17:58:00,5,41,20.1,78,-0.2,1010.6,0.0,0.7,0,441.6,0
2019-01-23 18:03:00,5,41,20.2,78,-0.2,1010.4,0.7,1.0,2,441.6,0
2019-01-23 18:08:00,5,41,20.3,78,-0.2,1010.4,0.7,1.4,0,441.6,0
2019-01-23 18:13:00,5,41,20.4,78,-0.2,1010.4,0.7,1.0,2,441.6,0
2019-01-23 18:18:00,5,42,20.4,78,-0.2,1010.4,0.7,1.4,0,441.6,0
2019-01-23 18:23:00,5,44,20.5,78,-0.2,1010.4,0.0,0.3,0,441.6,0
2019-01-23 18:28:00,5,45,20.6,78,-0.2,1010.3,1.0,2.4,2,441.6,0
2019-01-23 18:33:00,5,46,20.8,78,-0.2,1010.2,1.0,1.4,14,441.6,0
2019-01-23 18:38:00,5,45,21.0,78,-0.1,1010.1,1.0,1.7,15,441.6,0
2019-01-23 18:43:00,5,46,21.1,78,-0.1,1010.1,0.7,1.4,0,441.6,0
2019-01-23 18:48:00,5,46,21.2,78,-0.1,1009.9,1.0,1.7,2,441.6,0
2019-01-23 18:53:00,5,46,21.3,78,-0.1,1009.9,0.7,1.4,14,441.6,0
2019-01-23 18:58:00,5,46,21.3,78,-0.1,1009.9,1.0,1.7,2,441.6,0
2019-01-23 19:03:00,5,46,21.4,78,-0.1,1009.9,0.7,1.0,0,441.6,0
2019-01-23 19:08:00,5,46,21.3,77,0.0,1009.9,0.3,1.0,2,441.6,0
2019-01-23 19:13:00,5,46,21.3,77,0.0,1009.9,1.0,1.7,2,441.6,0
2019-01-23 19:18:00,5,47,21.2,77,0.0,1010.1,0.0,0.0,2,441.6,0
2019-01-23 19:23:00,5,47,21.2,77,0.0,1010.2,0.0,0.0,14,441.6,0
2019-01-23 19:28:00,5,47,21.2,77,0.0,1010.4,0.0,0.0,4,441.6,0
2019-01-23 19:33:00,5,47,21.2,77,0.0,1010.3,1.0,3.1,14,441.6,0
2019-01-23 19:38:00,5,46,21.2,77,0.0,1010.2,0.3,1.0,2,441.6,0
2019-01-23 19:43:00,5,47,21.2,76,0.0,1010.3,0.0,0.3,0,441.6,0
2019-01-23 19:48:00,5,48,21.2,76,0.0,1010.4,0.3,1.0,14,441.6,0
2019-01-23 19:53:00,5,49,21.2,76,0.0,1010.3,0.7,2.0,2,441.6,0
2019-01-23 19:58:00,5,49,21.2,76,0.0,1010.4,1.0,1.4,4,441.6,0
2019-01-23 20:03:00,5,49,21.2,76,0.0,1010.5,0.0,0.7,0,441.6,0
2019-01-23 20:08:00,5,49,21.3,76,0.0,1010.3,0.7,1.0,6,441.6,0
2019-01-23 20:13:00,5,49,21.3,76,0.0,1010.3,0.0,0.7,4,441.6,0
2019-01-23 20:18:00,5,49,21.4,76,0.0,1010.3,0.3,0.7,2,441.6,0
2019-01-23 20:23:00,5,48,21.5,76,0.0,1010.2,0.0,0.7,2,441.6,0
2019-01-23 20:28:00,5,48,21.5,76,0.0,1010.3,0.0,0.0,12,441.6,0
2019-01-23 20:33:00,5,48,21.5,76,0.0,1010.3,1.7,2.7,14,441.6,0
2019-01-23 20:38:00,5,48,21.5,76,0.0,1010.3,0.7,1.4,15,441.6,0
2019-01-23 20:43:00,5,48,21.5,76,0.0,1010.5,0.3,1.0,6,441.6,0
2019-01-23 20:48:00,5,49,21.5,76,0.0,1010.5,0.3,0.7,2,441.6,0
2019-01-23 20:53:00,5,49,21.5,76,0.0,1010.6,1.0,1.4,2,441.6,0
2019-01-23 20:58:00,5,49,21.4,76,0.0,1010.7,0.7,1.4,0,441.6,0
2019-01-23 21:03:00,5,49,21.3,76,0.0,1010.8,0.3,1.0,2,441.6,0
2019-01-23 21:08:00,5,49,21.3,76,0.0,1011.1,0.3,1.0,2,441.6,0
2019-01-23 21:13:00,5,49,21.2,76,0.0,1011.1,0.0,0.3,6,441.6,0
2019-01-23 21:18:00,5,48,21.1,76,0.0,1011.2,1.0,2.7,4,441.6,0
2019-01-23 21:23:00,5,47,21.0,77,-0.1,1011.4,0.7,1.7,9,441.6,0
2019-01-23 21:28:00,5,48,20.9,77,-0.1,1011.7,0.3,0.7,10,441.6,0
2019-01-23 21:33:00,5,49,20.7,77,-0.1,1011.9,1.0,1.7,2,441.6,0
2019-01-23 21:38:00,5,49,20.6,77,-0.1,1012.0,0.0,0.0,0,441.6,0
2019-01-23 21:43:00,5,49,20.5,77,-0.1,1012.0,0.0,0.3,6,441.6,0
2019-01-23 21:48:00,5,50,20.5,77,-0.2,1012.2,0.3,1.0,0,441.6,0
2019-01-23 21:53:00,5,50,20.4,77,-0.2,1012.4,1.4,1.7,0,441.6,0
2019-01-23 21:58:00,5,50,20.3,77,-0.2,1012.6,0.7,1.7,2,441.6,0
2019-01-23 22:03:00,5,50,20.2,77,-0.2,1012.7,0.7,1.4,6,441.6,0
2019-01-23 22:08:00,5,50,20.1,77,-0.2,1012.8,0.0,0.7,2,441.6,0
2019-01-23 22:13:00,5,50,20.1,77,-0.2,1013.0,0.3,1.7,4,441.6,0
2019-01-23 22:18:00,5,50,20.0,77,-0.2,1013.0,1.0,1.7,0,441.6,0
2019-01-23 22:23:00,5,51,19.8,77,-0.2,1013.1,1.0,1.7,0,441.6,0
2019-01-23 22:28:00,5,51,19.8,77,-0.2,1013.3,1.4,2.0,0,441.6,0
2019-01-23 22:33:00,5,51,19.7,78,-0.2,1013.5,0.7,1.7,12,441.6,0
2019-01-23 22:38:00,5,51,19.7,78,-0.3,1013.4,1.4,2.4,0,441.6,0
2019-01-23 22:43:00,5,51,19.6,78,-0.3,1013.7,0.3,1.0,2,441.6,0
2019-01-23 22:48:00,5,51,19.5,78,-0.3,1013.8,0.7,1.7,2,441.6,0
2019-01-23 22:53:00,5,51,19.4,78,-0.3,1013.8,0.7,1.0,2,441.6,0
2019-01-23 22:58:00,5,51,19.3,78,-0.4,1014.1,1.7,2.4,0,441.6,0
2019-01-23 23:03:00,5,51,19.3,78,-0.4,1014.2,1.4,2.0,0,441.6,0
2019-01-23 23:08:00,5,51,19.2,78,-0.5,1014.1,1.0,1.4,2,441.6,0
2019-01-23 23:13:00,5,51,19.2,79,-0.5,1014.3,0.3,1.0,0,441.6,0
2019-01-23 23:18:00,5,51,19.1,79,-0.5,1014.5,0,0,0,441.6,0
2019-01-23 23:23:00,5,51,19.1,79,-0.6,1014.6,1.0,2.0,0,441.6,0
2019-01-23 23:28:00,5,51,19.0,79,-0.5,1014.7,0.3,0.7,2,441.6,0
2019-01-23 23:33:00,5,52,18.9,79,-0.6,1014.9,0.3,0.7,14,441.6,0
2019-01-23 23:38:00,5,52,18.8,79,-0.6,1015.1,0.3,0.7,4,441.6,0
2019-01-23 23:43:00,5,52,18.7,79,-0.6,1015.2,1.4,2.4,0,441.6,0
2019-01-23 23:48:00,5,52,18.6,79,-0.6,1015.3,0.3,1.0,0,441.6,0
2019-01-23 23:53:00,5,52,18.5,79,-0.5,1015.4,0,0,2,441.6,0
2019-01-23 23:58:00,5,52,18.4,79,-0.5,1015.5,0.7,1.0,1,441.6,0
