2018-08-15 00:03:00,5,60,23.7,83,18.7,1020.6,1.0,1.4,10,198.9,0
2018-08-15 00:08:00,5,60,23.7,83,18.7,1020.4,0.3,1.0,6,198.9,0
2018-08-15 00:13:00,5,61,23.7,83,18.7,1020.5,0.7,1.4,8,198.9,0
2018-08-15 00:18:00,5,61,23.7,83,18.7,1020.5,0.7,1.0,12,198.9,0
2018-08-15 00:23:00,5,61,23.7,83,18.7,1020.4,0.7,1.4,10,198.9,0
2018-08-15 00:28:00,5,61,23.7,83,18.7,1020.4,0.3,1.0,6,198.9,0
2018-08-15 00:33:00,5,61,23.6,83,18.7,1020.5,0.7,1.4,8,198.9,0
2018-08-15 00:38:00,5,61,23.6,83,18.7,1020.5,1.0,1.7,10,198.9,0
2018-08-15 00:43:00,5,61,23.5,83,18.7,1020.5,1.7,2.7,8,198.9,0
2018-08-15 00:48:00,5,61,23.5,83,18.7,1020.4,1.0,1.7,10,198.9,0
2018-08-15 00:53:00,5,61,23.5,83,18.7,1020.3,0.3,1.4,8,198.9,0
2018-08-15 00:58:00,5,61,23.5,83,18.7,1020.3,1.0,2.0,8,198.9,0
2018-08-15 01:03:00,5,61,23.5,83,18.7,1020.3,1.4,2.0,10,198.9,0
2018-08-15 01:08:00,5,61,23.5,83,18.7,1020.3,1.0,1.7,8,198.9,0
2018-08-15 01:13:00,5,61,23.5,83,18.6,1020.2,1.0,1.4,10,198.9,0
2018-08-15 01:18:00,5,61,23.5,83,18.6,1020.3,1.0,1.7,8,198.9,0
2018-08-15 01:23:00,5,61,23.5,83,18.6,1020.3,1.0,2.0,6,198.9,0
2018-08-15 01:28:00,5,61,23.5,83,18.6,1020.4,0.7,1.0,6,198.9,0
2018-08-15 01:33:00,5,61,23.5,83,18.6,1020.2,1.0,1.4,10,198.9,0
2018-08-15 01:38:00,5,61,23.4,83,18.5,1020.2,1.4,2.0,8,198.9,0
2018-08-15 01:43:00,5,61,23.4,83,18.5,1020.3,1.4,1.7,10,198.9,0
2018-08-15 01:48:00,5,61,23.3,83,18.5,1020.4,0.3,0.7,8,198.9,0
2018-08-15 01:53:00,5,61,23.4,83,18.5,1020.4,1.4,2.7,8,198.9,0
2018-08-15 01:58:00,5,61,23.3,83,18.5,1020.4,1.0,1.7,8,198.9,0
2018-08-15 02:03:00,5,61,23.4,84,18.5,1020.4,0.7,1.0,8,198.9,0
2018-08-15 02:08:00,5,61,23.3,84,18.5,1020.4,1.0,1.4,8,198.9,0
2018-08-15 02:13:00,5,61,23.3,84,18.5,1020.5,0.7,1.7,10,198.9,0
2018-08-15 02:18:00,5,61,23.3,84,18.5,1020.5,1.0,2.4,10,198.9,0
2018-08-15 02:23:00,5,61,23.3,84,18.5,1020.4,1.0,1.7,10,198.9,0
2018-08-15 02:28:00,5,61,23.3,84,18.5,1020.5,1.0,2.0,9,198.9,0
2018-08-15 02:33:00,5,61,23.2,84,18.5,1020.3,0.7,1.0,4,198.9,0
2018-08-15 02:38:00,5,61,23.2,84,18.5,1020.3,0.7,2.0,10,198.9,0
2018-08-15 02:43:00,5,62,23.2,84,18.5,1020.3,1.0,2.4,2,198.9,0
2018-08-15 02:48:00,5,62,23.2,84,18.4,1020.3,1.7,2.7,8,198.9,0
2018-08-15 02:53:00,5,62,23.2,84,18.4,1020.3,1.0,1.4,10,198.9,0
2018-08-15 02:58:00,5,62,23.2,85,18.4,1020.4,1.4,2.7,8,198.9,0
2018-08-15 03:03:00,5,62,23.2,85,18.4,1020.3,0.7,1.0,8,198.9,0
2018-08-15 03:08:00,5,62,23.1,85,18.4,1020.4,1.0,1.4,11,198.9,0
2018-08-15 03:13:00,5,62,23.1,85,18.4,1020.2,0.7,1.4,6,198.9,0
2018-08-15 03:18:00,5,62,23.1,85,18.4,1020.1,0.7,1.7,6,198.9,0
2018-08-15 03:23:00,5,62,23.1,85,18.4,1020.3,0.7,1.7,10,198.9,0
2018-08-15 03:28:00,5,62,23.1,86,18.3,1020.2,0.7,2.0,9,198.9,0
2018-08-15 03:33:00,5,62,23.1,86,18.3,1020.3,1.7,2.4,10,198.9,0
2018-08-15 03:38:00,5,62,23.1,86,18.3,1020.2,1.0,1.4,6,198.9,0
2018-08-15 03:43:00,5,62,23.1,86,18.3,1020.2,1.4,2.0,8,198.9,0
2018-08-15 03:48:00,5,62,23.1,87,18.3,1020.3,0.3,1.0,12,198.9,0
2018-08-15 03:53:00,5,62,23.1,87,18.3,1020.2,2.0,2.7,8,198.9,0
2018-08-15 03:58:00,5,62,23.1,87,18.3,1020.4,0.7,1.7,8,198.9,0
2018-08-15 04:03:00,5,62,23.1,87,18.3,1020.4,1.0,1.7,9,198.9,0
2018-08-15 04:08:00,5,62,23.1,87,18.4,1020.3,1.0,1.7,10,198.9,0
2018-08-15 04:13:00,5,62,23.1,87,18.4,1020.2,0.3,1.0,10,198.9,0
2018-08-15 04:18:00,5,62,23.1,87,18.4,1020.2,0.3,0.7,10,198.9,0
2018-08-15 04:23:00,5,62,23.1,87,18.4,1020.1,0.7,1.0,6,198.9,0
2018-08-15 04:28:00,5,62,23.1,87,18.4,1020.3,1.4,1.7,10,198.9,0
2018-08-15 04:33:00,5,62,23.1,87,18.4,1020.3,1.0,1.7,10,198.9,0
2018-08-15 04:38:00,5,62,23.1,88,18.4,1020.4,0.7,1.4,8,198.9,0
2018-08-15 04:43:00,5,62,23.1,88,18.5,1020.5,1.0,1.7,12,198.9,0
2018-08-15 04:48:00,5,62,23.1,88,18.5,1020.3,0.3,1.0,10,198.9,0
2018-08-15 04:53:00,5,62,23.1,88,18.5,1020.4,0.3,0.7,10,198.9,0
2018-08-15 04:58:00,5,62,23.1,88,18.5,1020.5,0.7,1.4,10,198.9,0
2018-08-15 05:03:00,5,62,23.1,88,18.6,1020.6,1.0,1.7,6,198.9,0
2018-08-15 05:08:00,5,62,23.1,89,18.6,1020.6,0.7,1.0,8,198.9,0
2018-08-15 05:13:00,5,62,23.1,89,18.6,1020.7,1.0,2.0,10,198.9,0
2018-08-15 05:18:00,5,62,23.1,89,18.6,1020.7,0.7,1.4,10,198.9,0
2018-08-15 05:23:00,5,62,23.1,89,18.7,1020.7,0.7,1.0,10,198.9,0
2018-08-15 05:28:00,5,62,23.1,89,18.7,1020.7,0.3,2.0,8,198.9,0
2018-08-15 05:33:00,5,63,23.1,89,18.7,1020.8,1.0,1.7,8,198.9,0
2018-08-15 05:38:00,5,63,23.1,89,18.7,1020.7,1.0,1.7,10,198.9,0
2018-08-15 05:43:00,5,63,23.1,89,18.8,1020.6,0.3,1.7,10,198.9,0
2018-08-15 05:48:00,5,63,23.2,89,18.8,1020.9,0.7,1.0,6,198.9,0
2018-08-15 05:53:00,5,63,23.3,89,18.9,1020.9,0.7,1.7,8,198.9,0
2018-08-15 05:58:00,5,63,23.3,89,19.0,1020.9,0.3,1.0,8,198.9,0
2018-08-15 06:03:00,5,63,23.3,89,19.0,1020.9,0.3,1.0,10,198.9,0
2018-08-15 06:08:00,5,63,23.4,89,19.1,1020.8,1.0,1.7,6,198.9,0
2018-08-15 06:13:00,5,63,23.4,89,19.2,1020.8,0.7,1.0,10,198.9,0
2018-08-15 06:18:00,5,63,23.4,88,19.3,1020.8,0.7,1.0,14,198.9,0
2018-08-15 06:23:00,5,63,23.5,88,19.4,1020.7,0.3,0.7,8,198.9,0
2018-08-15 06:28:00,5,63,23.5,88,19.5,1020.7,0.0,0.0,8,198.9,0
2018-08-15 06:33:00,5,63,23.6,88,19.6,1020.6,0.7,1.0,10,198.9,0
2018-08-15 06:38:00,5,63,23.6,88,19.7,1020.6,0.7,1.0,9,198.9,0
2018-08-15 06:43:00,5,63,23.8,88,19.7,1020.5,0.7,1.4,8,198.9,0
2018-08-15 06:48:00,5,63,23.8,88,19.7,1020.6,1.0,1.4,10,198.9,0
2018-08-15 06:53:00,5,63,23.8,88,19.8,1020.5,0.7,1.4,8,198.9,0
2018-08-15 06:58:00,5,63,23.8,88,19.9,1020.5,1.7,3.1,10,198.9,0
2018-08-15 07:03:00,5,63,23.8,88,19.9,1020.6,1.0,2.0,8,198.9,0
2018-08-15 07:08:00,5,63,23.8,87,20.0,1020.7,1.0,1.4,10,198.9,0
2018-08-15 07:13:00,5,63,23.9,86,20.0,1020.7,1.0,1.7,8,198.9,0
2018-08-15 07:18:00,5,63,23.9,86,20.1,1020.7,1.0,2.0,14,198.9,0
2018-08-15 07:23:00,5,63,23.9,86,20.1,1020.7,1.0,1.7,14,198.9,0
2018-08-15 07:28:00,5,63,23.9,85,20.1,1020.8,0.3,0.7,10,198.9,0
2018-08-15 07:33:00,5,64,23.9,85,20.1,1020.8,1.7,3.1,10,198.9,0
2018-08-15 07:38:00,5,64,23.9,84,20.1,1020.7,0.3,1.0,8,198.9,0
2018-08-15 07:43:00,5,64,23.9,84,20.1,1020.9,1.4,2.4,8,198.9,0
2018-08-15 07:48:00,5,64,23.9,84,20.4,1021.0,1.4,2.7,8,198.9,0
2018-08-15 07:53:00,5,64,23.9,84,20.4,1021.0,1.7,2.4,10,198.9,0
2018-08-15 07:58:00,5,64,23.9,83,20.7,1020.8,1.4,1.7,0,198.9,0
2018-08-15 08:03:00,5,63,24.0,83,20.7,1020.9,1.7,3.1,8,198.9,0
2018-08-15 08:08:00,5,63,24.0,82,20.8,1020.8,0.7,1.4,8,198.9,0
2018-08-15 08:13:00,5,63,24.0,82,20.9,1020.8,1.7,2.4,10,198.9,0
2018-08-15 08:18:00,5,63,24.1,81,20.9,1020.8,0.7,1.7,6,198.9,0
2018-08-15 08:23:00,5,64,24.1,80,21.1,1020.8,2.0,4.4,8,198.9,0
2018-08-15 08:28:00,5,64,24.1,79,21.1,1020.8,1.0,2.0,10,198.9,0
2018-08-15 08:33:00,5,64,24.2,79,21.3,1020.8,1.7,3.1,8,198.9,0
2018-08-15 08:38:00,5,64,24.2,79,21.4,1021.0,1.7,2.7,8,198.9,0
2018-08-15 08:43:00,5,64,24.2,77,21.5,1020.9,1.7,3.4,8,198.9,0
2018-08-15 08:48:00,5,64,24.4,76,22.4,1020.6,1.4,2.0,8,198.9,0
2018-08-15 08:53:00,5,64,24.6,75,23.0,1020.4,1.0,2.0,2,198.9,0
2018-08-15 08:58:00,5,64,24.9,73,23.2,1020.4,2.0,3.1,10,198.9,0
2018-08-15 09:03:00,5,62,25.0,73,23.4,1020.2,1.4,2.0,10,198.9,0
2018-08-15 09:08:00,5,62,25.1,72,23.6,1020.3,2.0,3.1,8,198.9,0
2018-08-15 09:13:00,5,62,25.1,71,23.6,1020.2,1.4,2.4,8,198.9,0
2018-08-15 09:18:00,5,61,25.1,71,23.6,1020.1,0.7,1.7,10,198.9,0
2018-08-15 09:23:00,5,61,25.0,70,23.7,1020.3,0.7,2.0,8,198.9,0
2018-08-15 09:28:00,5,61,25.0,69,23.3,1020.1,1.0,2.0,6,198.9,0
2018-08-15 09:33:00,5,61,25.0,71,23.0,1020.2,1.4,3.4,8,198.9,0
2018-08-15 09:38:00,5,61,25.0,71,22.9,1020.2,1.7,2.4,8,198.9,0
2018-08-15 09:43:00,5,62,24.9,70,22.9,1020.1,2.0,3.1,7,198.9,0
2018-08-15 09:48:00,5,62,24.9,71,22.7,1020.2,2.0,3.1,8,198.9,0
2018-08-15 09:53:00,5,62,24.8,72,22.7,1020.2,0.7,1.4,12,198.9,0
2018-08-15 09:58:00,5,62,24.8,70,23.2,1020.2,1.4,2.0,10,198.9,0
2018-08-15 10:03:00,5,62,24.8,70,23.4,1020.1,0.7,1.4,14,198.9,0
2018-08-15 10:08:00,5,62,24.9,70,23.4,1020.1,0.7,1.4,14,198.9,0
2018-08-15 10:13:00,5,62,24.8,67,23.5,1020.2,1.0,2.0,8,198.9,0
2018-08-15 10:18:00,5,62,24.8,69,22.9,1020.2,1.0,2.4,10,198.9,0
2018-08-15 10:23:00,5,62,24.8,70,23.1,1020.3,1.7,2.4,8,198.9,0
2018-08-15 10:28:00,5,62,24.8,68,22.9,1020.4,1.4,2.4,10,198.9,0
2018-08-15 10:33:00,5,62,24.8,69,22.4,1020.4,1.4,1.7,8,198.9,0
2018-08-15 10:38:00,5,62,24.7,70,22.1,1020.4,2.0,3.4,8,198.9,0
2018-08-15 10:43:00,5,61,24.7,72,21.6,1020.4,2.0,4.1,10,198.9,0
2018-08-15 10:48:00,5,61,24.6,72,21.5,1020.6,2.7,3.7,8,198.9,0
2018-08-15 10:53:00,5,61,24.5,71,21.5,1020.6,1.7,3.1,6,198.9,0
2018-08-15 10:58:00,5,61,24.5,70,22.0,1020.7,1.0,1.7,4,198.9,0
2018-08-15 11:03:00,5,61,24.5,69,22.2,1020.7,2.0,3.4,8,198.9,0
2018-08-15 11:08:00,5,61,24.5,68,22.2,1020.6,2.4,3.4,12,198.9,0
2018-08-15 11:13:00,5,61,24.4,68,22.3,1020.8,2.4,3.7,14,198.9,0
2018-08-15 11:18:00,5,61,24.4,67,22.5,1020.8,2.7,5.4,6,198.9,0
2018-08-15 11:23:00,5,61,24.4,66,22.9,1020.7,2.0,3.7,8,198.9,0
2018-08-15 11:28:00,5,61,24.4,65,22.8,1020.8,1.7,3.1,8,198.9,0
2018-08-15 11:33:00,5,61,24.5,66,22.7,1020.8,2.0,2.7,6,198.9,0
2018-08-15 11:38:00,5,60,24.5,66,22.8,1020.6,2.0,3.7,8,198.9,0
2018-08-15 11:43:00,5,60,24.5,65,23.0,1020.7,1.0,2.4,8,198.9,0
2018-08-15 11:48:00,5,60,24.5,64,23.6,1020.8,1.0,2.0,12,198.9,0
2018-08-15 11:53:00,5,60,24.5,61,24.0,1020.8,0.3,1.0,13,198.9,0
2018-08-15 11:58:00,5,60,24.5,62,23.8,1020.8,1.4,2.7,2,198.9,0
2018-08-15 12:03:00,5,60,24.5,62,23.5,1020.8,1.4,2.4,6,198.9,0
2018-08-15 12:08:00,5,59,24.5,64,23.2,1020.7,0.7,1.7,6,198.9,0
2018-08-15 12:13:00,5,59,24.5,64,23.3,1020.7,1.4,2.7,8,198.9,0
2018-08-15 12:18:00,5,59,24.5,63,23.0,1020.8,1.7,2.4,10,198.9,0
2018-08-15 12:23:00,5,59,24.5,63,23.3,1020.6,2.0,4.4,13,198.9,0
2018-08-15 12:28:00,5,59,24.6,62,23.6,1020.7,1.0,1.7,8,198.9,0
2018-08-15 12:33:00,5,59,24.7,60,23.8,1020.6,2.0,3.7,8,198.9,0
2018-08-15 12:38:00,5,59,24.8,59,23.6,1020.6,2.0,4.1,6,198.9,0
2018-08-15 12:43:00,5,59,24.8,58,24.1,1020.5,3.1,4.4,6,198.9,0
2018-08-15 12:48:00,5,59,24.8,56,24.0,1020.6,2.7,3.7,7,198.9,0
2018-08-15 12:53:00,5,58,25.0,58,23.8,1020.4,1.7,2.7,12,198.9,0
2018-08-15 12:58:00,5,58,25.0,59,23.4,1020.4,1.7,2.7,10,198.9,0
2018-08-15 13:03:00,5,58,25.0,60,23.2,1020.4,2.4,3.7,8,198.9,0
2018-08-15 13:08:00,5,57,25.0,59,22.9,1020.4,1.7,3.4,8,198.9,0
2018-08-15 13:13:00,5,57,25.0,60,23.1,1020.4,2.0,3.1,4,198.9,0
2018-08-15 13:18:00,5,56,25.0,58,23.2,1020.3,2.0,4.8,6,198.9,0
2018-08-15 13:23:00,5,55,25.1,59,23.3,1020.4,2.4,3.4,8,198.9,0
2018-08-15 13:28:00,5,55,25.1,59,23.6,1020.3,1.7,2.7,6,198.9,0
2018-08-15 13:33:00,5,55,25.1,60,23.0,1020.4,1.7,2.7,8,198.9,0
2018-08-15 13:38:00,5,55,25.1,62,23.1,1020.2,2.0,3.4,10,198.9,0
2018-08-15 13:43:00,5,55,25.2,60,22.9,1020.3,1.4,2.0,8,198.9,0
2018-08-15 13:48:00,5,55,25.2,61,22.7,1020.3,1.4,2.4,10,198.9,0
2018-08-15 13:53:00,5,55,25.2,62,22.4,1020.4,1.4,2.0,8,198.9,0
2018-08-15 13:58:00,5,54,25.1,63,22.2,1020.4,2.0,2.7,10,198.9,0
2018-08-15 14:03:00,5,54,25.1,62,22.1,1020.4,2.4,3.7,10,198.9,0
2018-08-15 14:08:00,5,54,25.0,65,21.9,1020.4,2.0,3.7,6,198.9,0
2018-08-15 14:13:00,5,54,25.0,65,21.5,1020.4,2.4,5.1,8,198.9,0
2018-08-15 14:18:00,5,54,25.0,66,21.4,1020.5,2.4,3.4,8,198.9,0
2018-08-15 14:23:00,5,54,25.0,67,21.3,1020.4,1.7,3.7,8,198.9,0
2018-08-15 14:28:00,5,55,24.8,67,21.4,1020.4,1.0,2.0,6,198.9,0
2018-08-15 14:33:00,5,55,24.8,67,21.4,1020.4,0.7,1.4,6,198.9,0
2018-08-15 14:38:00,5,55,24.8,67,21.4,1020.4,1.0,2.0,14,198.9,0
2018-08-15 14:43:00,5,56,24.8,68,21.4,1020.5,1.4,3.1,10,198.9,0
2018-08-15 14:48:00,5,56,24.8,68,21.4,1020.4,1.4,2.4,10,198.9,0
2018-08-15 14:53:00,5,56,24.8,68,21.3,1020.5,1.4,2.4,10,198.9,0
2018-08-15 14:58:00,5,56,24.8,69,21.3,1020.5,1.4,3.1,10,198.9,0
2018-08-15 15:03:00,5,56,24.8,69,21.3,1020.4,1.7,2.7,8,198.9,0
2018-08-15 15:08:00,5,56,24.7,69,21.4,1020.4,0.7,1.0,10,198.9,0
2018-08-15 15:13:00,5,57,24.7,69,21.4,1020.4,0.7,1.4,10,198.9,0
2018-08-15 15:18:00,5,57,24.7,69,21.5,1020.5,0.7,1.0,8,198.9,0
2018-08-15 15:23:00,5,57,24.7,69,21.5,1020.6,0.7,1.7,10,198.9,0
2018-08-15 15:28:00,5,57,24.7,69,21.5,1020.5,1.0,1.7,8,198.9,0
2018-08-15 15:33:00,5,57,24.7,69,21.9,1020.4,1.4,2.7,10,198.9,0
2018-08-15 15:38:00,5,57,24.7,68,22.0,1020.4,0.7,1.7,10,198.9,0
2018-08-15 15:43:00,5,58,24.7,68,22.3,1020.4,0.7,1.4,6,198.9,0
2018-08-15 15:48:00,5,58,24.8,67,22.6,1020.3,1.7,2.4,8,198.9,0
2018-08-15 15:53:00,5,58,24.7,66,22.6,1020.3,1.4,2.0,13,198.9,0
2018-08-15 15:58:00,5,58,24.7,67,22.7,1020.2,1.0,1.7,8,198.9,0
2018-08-15 16:03:00,5,58,24.8,67,22.7,1020.2,0.7,1.0,14,198.9,0
2018-08-15 16:08:00,5,58,24.8,67,22.6,1020.2,1.4,2.7,10,198.9,0
2018-08-15 16:13:00,5,59,24.8,67,22.5,1020.2,1.7,2.7,4,198.9,0
2018-08-15 16:18:00,5,58,24.8,68,22.3,1020.2,1.0,1.7,8,198.9,0
2018-08-15 16:23:00,5,58,24.8,68,22.2,1020.1,1.0,2.0,8,198.9,0
2018-08-15 16:28:00,5,59,24.8,68,22.2,1020.0,0.3,0.7,4,198.9,0
2018-08-15 16:33:00,5,59,24.7,68,22.2,1020.1,0.3,0.7,6,198.9,0
2018-08-15 16:38:00,5,58,24.7,68,22.3,1020.0,1.0,2.0,8,198.9,0
2018-08-15 16:43:00,5,58,24.7,68,22.2,1020.0,1.0,1.7,8,198.9,0
2018-08-15 16:48:00,5,58,24.7,68,22.1,1020.0,1.0,1.7,8,198.9,0
2018-08-15 16:53:00,5,58,24.7,68,22.1,1020.0,1.0,2.4,2,198.9,0
2018-08-15 16:58:00,5,58,24.7,68,22.1,1020.0,2.0,3.1,9,198.9,0
2018-08-15 17:03:00,5,58,24.7,68,22.0,1019.9,1.7,2.7,9,198.9,0
2018-08-15 17:08:00,5,58,24.7,68,22.0,1019.9,1.4,2.0,6,198.9,0
2018-08-15 17:13:00,5,58,24.5,68,22.1,1019.7,1.0,2.4,8,198.9,0
2018-08-15 17:18:00,5,58,24.7,67,22.2,1019.8,1.4,2.4,8,198.9,0
2018-08-15 17:23:00,5,58,24.5,66,22.2,1019.8,0.7,1.0,8,198.9,0
2018-08-15 17:28:00,5,58,24.5,66,22.1,1019.7,2.0,2.7,8,198.9,0
2018-08-15 17:33:00,5,58,24.6,65,22.1,1019.8,1.4,2.4,10,198.9,0
2018-08-15 17:38:00,5,57,24.5,65,22.0,1019.6,1.0,1.7,8,198.9,0
2018-08-15 17:43:00,5,57,24.5,66,21.9,1019.7,1.0,1.7,14,198.9,0
2018-08-15 17:48:00,5,57,24.5,66,21.6,1019.7,1.4,2.0,8,198.9,0
2018-08-15 17:53:00,5,57,24.6,66,21.6,1019.7,1.4,1.7,6,198.9,0
2018-08-15 17:58:00,5,57,24.6,66,21.5,1019.7,1.4,1.7,8,198.9,0
2018-08-15 18:03:00,5,57,24.6,66,21.5,1019.6,1.0,2.0,8,198.9,0
2018-08-15 18:08:00,5,57,24.6,66,21.5,1019.6,1.0,1.7,0,198.9,0
2018-08-15 18:13:00,5,58,24.6,66,21.5,1019.6,0.7,1.4,8,198.9,0
2018-08-15 18:18:00,5,58,24.5,66,21.4,1019.8,0.0,0.7,4,198.9,0
2018-08-15 18:23:00,5,58,24.5,66,21.4,1019.7,0.3,1.0,8,198.9,0
2018-08-15 18:28:00,5,58,24.5,67,21.4,1019.6,0.7,1.0,12,198.9,0
2018-08-15 18:33:00,5,58,24.5,67,21.3,1019.5,0.3,1.0,0,198.9,0
2018-08-15 18:38:00,5,58,24.5,66,21.3,1019.5,0.3,1.0,11,198.9,0
2018-08-15 18:43:00,5,58,24.5,66,21.2,1019.6,0.3,1.0,14,198.9,0
2018-08-15 18:48:00,5,58,24.5,66,21.2,1019.7,0.3,1.0,8,198.9,0
2018-08-15 18:53:00,5,58,24.5,66,21.2,1019.8,0.3,0.7,8,198.9,0
2018-08-15 18:58:00,5,58,24.5,66,21.1,1019.7,0.0,0.3,2,198.9,0
2018-08-15 19:03:00,5,58,24.4,67,21.0,1019.8,0.3,1.0,0,198.9,0
2018-08-15 19:08:00,5,58,24.4,67,21.0,1019.9,0.3,0.7,0,198.9,0
2018-08-15 19:13:00,5,58,24.3,67,21.0,1019.9,0.7,1.4,6,198.9,0
2018-08-15 19:18:00,5,58,24.3,68,20.9,1020.0,1.0,2.0,6,198.9,0
2018-08-15 19:23:00,5,58,24.2,69,20.9,1020.0,0.3,1.0,6,198.9,0
2018-08-15 19:28:00,5,58,24.2,69,20.8,1020.0,0.0,0.3,12,198.9,0
2018-08-15 19:33:00,5,58,24.2,69,20.8,1020.1,0.3,0.7,10,198.9,0
2018-08-15 19:38:00,5,58,24.2,70,20.7,1020.0,0.3,1.0,2,198.9,0
2018-08-15 19:43:00,5,58,24.2,70,20.7,1020.1,0.3,0.7,14,198.9,0
2018-08-15 19:48:00,5,58,24.2,70,20.6,1020.0,0.0,0.0,14,198.9,0
2018-08-15 19:53:00,5,58,24.1,70,20.5,1020.0,0.0,0.3,0,198.9,0
2018-08-15 19:58:00,5,57,24.1,70,20.4,1020.1,0.0,0.7,8,198.9,0
2018-08-15 20:03:00,5,57,24.1,70,20.4,1020.2,0.3,0.3,10,198.9,0
2018-08-15 20:08:00,5,57,24.0,71,20.1,1020.2,0.0,0.7,12,198.9,0
2018-08-15 20:13:00,5,58,23.9,71,20.1,1020.3,0.3,0.7,12,198.9,0
2018-08-15 20:18:00,5,58,23.9,71,20.1,1020.4,0.3,1.0,14,198.9,0
2018-08-15 20:23:00,5,58,23.9,72,20.1,1020.2,0.3,0.7,14,198.9,0
2018-08-15 20:28:00,5,58,23.8,72,20.1,1020.2,0.0,0.7,0,198.9,0
2018-08-15 20:33:00,5,59,23.8,72,20.1,1020.4,0.0,0.0,12,198.9,0
2018-08-15 20:38:00,5,59,23.8,72,20.1,1020.3,0.3,1.0,14,198.9,0
2018-08-15 20:43:00,5,59,23.8,73,20.1,1020.3,0.3,1.0,2,198.9,0
2018-08-15 20:48:00,5,59,23.8,73,20.1,1020.3,0.7,1.4,12,198.9,0
2018-08-15 20:53:00,5,59,23.8,73,20.0,1020.3,1.4,1.7,6,198.9,0
2018-08-15 20:58:00,5,59,23.8,74,19.9,1020.2,0.7,1.0,14,198.9,0
2018-08-15 21:03:00,5,59,23.8,74,19.9,1020.3,0.3,0.7,10,198.9,0
2018-08-15 21:08:00,5,59,23.8,74,19.8,1020.2,0.3,1.0,7,198.9,0
2018-08-15 21:13:00,5,59,23.6,75,19.7,1020.3,1.0,1.7,10,198.9,0
2018-08-15 21:18:00,5,59,23.7,75,19.7,1020.2,0.7,1.0,8,198.9,0
2018-08-15 21:23:00,5,60,23.7,75,19.7,1020.3,0.3,1.0,8,198.9,0
2018-08-15 21:28:00,5,61,23.6,75,19.6,1020.3,0.7,1.0,13,198.9,0
2018-08-15 21:33:00,5,62,23.7,75,19.5,1020.2,0.7,1.0,6,198.9,0
2018-08-15 21:38:00,5,62,23.6,75,19.4,1020.2,0.3,0.7,8,198.9,0
2018-08-15 21:43:00,5,62,23.8,75,19.3,1020.3,0.7,1.4,14,198.9,0
2018-08-15 21:48:00,5,62,23.8,76,19.2,1020.2,0.3,0.7,2,198.9,0
2018-08-15 21:53:00,5,62,23.8,76,19.0,1020.1,0.0,0.0,14,198.9,0
2018-08-15 21:58:00,5,62,23.8,77,18.9,1020.1,0.0,0.3,10,198.9,0
2018-08-15 22:03:00,5,62,23.8,78,18.9,1020.0,0.0,0.3,0,198.9,0
2018-08-15 22:08:00,5,62,23.8,78,18.8,1020.1,0.0,0.3,14,198.9,0
2018-08-15 22:13:00,5,62,23.7,78,18.7,1020.1,0.0,0.3,10,198.9,0
2018-08-15 22:18:00,5,62,23.7,79,18.6,1020.1,0.3,1.0,6,198.9,0
2018-08-15 22:23:00,5,62,23.7,79,18.4,1020.0,0.3,1.0,10,198.9,0
2018-08-15 22:28:00,5,62,23.8,80,18.4,1020.0,0.3,1.0,4,198.9,0
2018-08-15 22:33:00,5,62,23.8,80,18.3,1020.0,0.7,1.0,10,198.9,0
2018-08-15 22:38:00,5,62,23.8,80,18.2,1020.0,0.0,0.0,10,198.9,0
2018-08-15 22:43:00,5,62,23.7,81,18.1,1020.0,1.0,2.7,10,198.9,0
2018-08-15 22:48:00,5,62,23.6,82,18.2,1019.9,0.3,1.0,10,198.9,0
2018-08-15 22:53:00,5,62,23.6,82,18.1,1019.9,0.0,0.3,8,198.9,0
2018-08-15 22:58:00,5,62,23.6,82,18.0,1020.0,0.3,0.7,10,198.9,0
2018-08-15 23:03:00,5,62,23.6,82,18.0,1019.9,0.7,1.7,10,198.9,0
2018-08-15 23:08:00,5,62,23.7,81,17.9,1019.8,0.3,1.0,8,198.9,0
2018-08-15 23:13:00,5,62,23.6,81,17.8,1019.9,0,0.3,10,198.9,0
2018-08-15 23:18:00,5,62,23.6,81,17.8,1019.9,0.7,1.4,6,198.9,0
2018-08-15 23:23:00,5,62,23.6,82,17.8,1019.9,0.3,0.7,10,198.9,0
2018-08-15 23:28:00,5,62,23.6,82,17.7,1019.9,0.3,0.7,8,198.9,0
2018-08-15 23:33:00,5,62,23.5,82,17.7,1019.9,0.3,1.0,10,198.9,0
2018-08-15 23:38:00,5,62,23.5,83,17.7,1019.9,1.0,1.7,8,198.9,0
2018-08-15 23:43:00,5,62,23.5,83,17.7,1019.9,0.3,1.0,10,198.9,0
2018-08-15 23:48:00,5,62,23.4,82,17.8,1019.8,1.4,2.4,10,198.9,0
2018-08-15 23:53:00,5,62,23.4,81,17.8,1019.9,0.7,1.0,11,198.9,0
2018-08-15 23:58:00,5,62,23.4,81,17.8,1019.8,1.0,2.0,14,198.9,0
