2023-10-06 00:29:01,30,62,20.5,91,14.1,1030.0,1.0,2.0,7,3885.6,0
2023-10-06 00:59:01,30,62,20.4,90,14.2,1029.8,0.7,1.0,6,3885.6,0
2023-10-06 01:29:01,30,62,20.3,89,14.2,1029.8,0.7,1.7,7,3885.6,0
2023-10-06 01:59:01,30,62,20.3,91,13.8,1029.7,0.3,1.0,9,3885.6,0
2023-10-06 02:29:01,30,62,20.2,92,13.5,1029.8,0.7,1.0,8,3885.6,0
2023-10-06 02:59:01,30,62,20.1,93,13.3,1029.5,0.3,1.7,7,3885.6,0
2023-10-06 03:29:01,30,62,20.0,92,13.3,1029.4,0.0,0.0,8,3885.6,0
2023-10-06 03:59:01,30,62,20.0,93,12.9,1029.4,0.3,0.7,7,3885.6,0
2023-10-06 04:29:01,30,63,19.9,93,13.0,1029.4,0.7,1.0,8,3885.6,0
2023-10-06 04:59:01,30,63,19.8,92,13.3,1029.2,0.7,1.7,8,3885.6,0
2023-10-06 05:29:01,30,63,19.8,91,13.5,1029.1,0.7,1.7,5,3885.6,0
2023-10-06 05:59:01,30,63,19.8,90,13.6,1029.4,1.0,1.7,9,3885.6,0
2023-10-06 06:29:01,30,65,19.8,88,13.8,1029.2,0.3,1.0,10,3885.6,0
2023-10-06 06:59:01,30,62,20.2,89,13.8,1028.9,0.3,1.0,8,3885.6,0
2023-10-06 07:29:01,30,60,21.5,86,14.9,1027.9,0.3,1.0,9,3885.6,0
2023-10-06 07:59:01,30,57,22.4,84,15.4,1027.1,1.4,2.7,7,3885.6,0
2023-10-06 08:29:01,30,56,22.2,86,15.4,1027.5,0.3,1.7,7,3885.6,0
2023-10-06 08:59:01,30,55,22.5,84,16.2,1027.3,1.4,2.7,9,3885.6,0
2023-10-06 09:29:01,30,55,22.5,84,16.7,1027.1,2.0,3.1,7,3885.6,0
2023-10-06 09:59:01,30,55,22.6,85,17.2,1027.2,0.7,1.0,11,3885.6,0
2023-10-06 10:29:01,30,55,22.7,84,17.4,1026.9,1.4,2.0,6,3885.6,0
2023-10-06 10:59:01,30,56,22.6,85,17.3,1027.0,1.0,3.1,7,3885.6,0
2023-10-06 11:29:01,30,56,22.5,85,17.3,1027.0,0.7,2.0,7,3885.6,0
2023-10-06 11:59:01,30,58,22.3,82,18.2,1027.0,1.4,4.1,5,3885.6,0
2023-10-06 12:29:01,30,58,22.4,81,18.7,1026.8,1.4,3.1,7,3885.6,0
2023-10-06 12:59:01,30,58,22.3,79,18.9,1026.8,1.7,3.1,6,3885.6,0
2023-10-06 13:29:01,30,59,22.2,76,20.1,1026.4,0.7,1.7,7,3885.6,0
2023-10-06 13:59:01,30,59,22.2,75,20.0,1026.3,0.7,1.7,4,3885.6,0
2023-10-06 14:29:01,30,59,22.2,77,19.7,1026.1,1.0,2.0,4,3885.6,0
2023-10-06 14:59:01,30,59,22.4,78,19.7,1026.0,1.0,1.7,15,3885.6,0
2023-10-06 15:29:01,30,60,22.5,80,19.3,1025.7,0.7,1.7,5,3885.6,0
2023-10-06 15:59:01,30,60,22.5,80,19.3,1025.8,1.0,1.7,7,3885.6,0
2023-10-06 16:29:01,30,61,22.3,81,19.3,1025.7,1.0,2.0,7,3885.6,0
2023-10-06 16:59:01,30,62,22.2,83,18.8,1025.8,0.7,1.0,5,3885.6,0
2023-10-06 17:29:01,30,62,22.0,86,17.9,1026.2,0.7,1.7,5,3885.6,0
2023-10-06 17:59:01,30,63,21.8,88,17.2,1026.5,0.3,1.0,8,3885.6,0
2023-10-06 18:29:01,30,65,21.7,88,16.9,1026.4,0.0,0.7,7,3885.6,0
2023-10-06 18:59:01,30,66,21.7,88,16.8,1026.3,0.3,1.0,4,3885.6,0
2023-10-06 19:29:01,30,66,21.6,90,16.3,1026.5,0.0,0.7,5,3885.6,0
2023-10-06 19:59:01,30,65,21.5,87,16.1,1026.5,0.3,1.0,9,3885.6,0
2023-10-06 20:29:01,30,66,21.5,86,16.1,1026.6,1.0,1.7,6,3885.6,0
2023-10-06 20:59:01,30,65,21.3,87,15.8,1026.9,1.0,2.0,8,3885.6,0
2023-10-06 21:29:01,30,64,21.3,88,15.7,1026.8,1.4,3.1,6,3885.6,0
2023-10-06 21:59:01,30,65,21.2,90,15.4,1026.8,0.3,1.0,6,3885.6,0
2023-10-06 22:29:01,30,65,21.2,91,15.2,1026.8,0.7,2.0,8,3885.6,0
2023-10-06 22:59:01,30,65,21.2,92,15.1,1026.8,1.0,1.7,7,3885.6,0
2023-10-06 23:29:01,30,66,21.2,92,15.1,1026.3,1.0,1.7,5,3885.6,0
2023-10-06 23:59:01,30,65,21.0,93,15.2,1026.1,1.0,1.7,6,3885.6,0
