2025-04-10 00:00:53,1,45,16.7,73,7.9,1028.6,2,7,65,0.0,0,0.0,0
2025-04-10 00:01:54,1,45,16.7,73,7.9,1028.5,4,7,1,0.0,0,0.0,0
2025-04-10 00:02:55,1,45,16.7,73,7.9,1028.6,4,9,23,0.0,0,0.0,0
2025-04-10 00:03:56,1,45,16.7,73,7.9,1028.4,3,9,348,0.0,0,0.0,0
2025-04-10 00:04:57,1,45,16.7,73,7.9,1028.4,5,9,17,0.0,0,0.0,0
2025-04-10 00:05:58,1,45,16.7,74,7.9,1028.4,0,9,341,0.0,0,0.0,0
2025-04-10 00:06:59,1,45,16.7,74,7.8,1028.5,1,5,26,0.0,0,0.0,0
2025-04-10 00:08:00,1,45,16.7,74,7.9,1028.4,2,5,23,0.0,0,0.0,0
2025-04-10 00:09:01,1,45,16.7,73,7.9,1028.5,3,9,264,0.0,0,0.0,0
2025-04-10 00:10:02,1,45,16.7,74,7.9,1028.5,6,11,19,0.0,0,0.0,0
2025-04-10 00:11:03,1,45,16.7,73,7.9,1028.3,0,11,46,0.0,0,0.0,0
2025-04-10 00:12:04,1,45,16.7,74,7.9,1028.4,0,1,53,0.0,0,0.0,0
2025-04-10 00:13:05,1,45,16.7,74,7.9,1028.3,7,12,21,0.0,0,0.0,0
2025-04-10 00:14:06,1,45,16.7,73,7.9,1028.3,6,14,358,0.0,0,0.0,0
2025-04-10 00:15:07,1,45,16.7,73,7.9,1028.3,2,11,23,0.0,0,0.0,0
2025-04-10 00:16:08,1,45,16.7,73,7.9,1028.5,10,14,42,0.0,0,0.0,0
2025-04-10 00:17:09,1,45,16.7,73,7.9,1028.4,3,14,32,0.0,0,0.0,0
2025-04-10 00:18:10,1,45,16.7,73,7.9,1028.4,4,12,5,0.0,0,0.0,0
2025-04-10 00:19:11,1,45,16.7,73,7.9,1028.2,0,11,23,0.0,0,0.0,0
2025-04-10 00:20:12,1,45,16.7,73,7.9,1028.3,0,5,335,0.0,0,0.0,0
2025-04-10 00:21:13,1,45,16.6,73,7.9,1028.4,2,7,47,0.0,0,0.0,0
2025-04-10 00:22:14,1,45,16.6,73,7.9,1028.5,2,7,24,0.0,0,0.0,0
2025-04-10 00:23:15,1,45,16.7,73,7.9,1028.4,0,3,4,0.0,0,0.0,0
2025-04-10 00:24:16,1,45,16.6,73,7.9,1028.3,6,7,35,0.0,0,0.0,0
2025-04-10 00:25:17,1,45,16.6,73,7.9,1028.3,5,7,29,0.0,0,0.0,0
2025-04-10 00:26:18,1,45,16.6,73,7.9,1028.5,2,7,12,0.0,0,0.0,0
2025-04-10 00:27:19,1,45,16.6,73,7.9,1028.5,8,9,43,0.0,0,0.0,0
2025-04-10 00:28:20,1,45,16.6,73,7.9,1028.4,5,9,8,0.0,0,0.0,0
2025-04-10 00:29:21,1,45,16.6,73,7.9,1028.3,2,12,336,0.0,0,0.0,0
2025-04-10 00:30:22,1,45,16.6,73,7.9,1028.3,3,12,341,0.0,0,0.0,0
2025-04-10 00:31:23,1,45,16.6,73,7.9,1028.4,7,11,357,0.0,0,0.0,0
2025-04-10 00:32:24,1,45,16.6,73,7.9,1028.6,7,11,8,0.0,0,0.0,0
2025-04-10 00:33:25,1,45,16.6,73,7.9,1028.3,6,9,343,0.0,0,0.0,0
2025-04-10 00:34:26,1,45,16.6,73,8.0,1028.4,4,11,349,0.0,0,0.0,0
2025-04-10 00:35:27,1,45,16.6,74,8.0,1028.4,3,11,16,0.0,0,0.0,0
2025-04-10 00:36:28,1,45,16.6,74,8.0,1028.3,3,7,334,0.0,0,0.0,0
2025-04-10 00:37:29,1,45,16.6,74,8.0,1028.4,2,7,353,0.0,0,0.0,0
2025-04-10 00:38:30,1,45,16.6,74,8.0,1028.3,1,7,1,0.0,0,0.0,0
2025-04-10 00:39:31,1,45,16.6,74,8.0,1028.4,0,7,63,0.0,0,0.0,0
2025-04-10 00:40:32,1,45,16.6,74,8.0,1028.5,5,7,38,0.0,0,0.0,0
2025-04-10 00:41:33,1,45,16.6,74,8.0,1028.5,7,12,325,0.0,0,0.0,0
2025-04-10 00:42:34,1,45,16.6,74,8.1,1028.4,0,12,20,0.0,0,0.0,0
2025-04-10 00:43:35,1,45,16.6,74,8.1,1028.3,7,12,53,0.0,0,0.0,0
2025-04-10 00:44:36,1,45,16.6,74,8.1,1028.4,2,12,5,0.0,0,0.0,0
2025-04-10 00:45:37,1,45,16.6,74,8.1,1028.4,1,11,318,0.0,0,0.0,0
2025-04-10 00:46:38,1,45,16.6,74,8.1,1028.4,2,5,4,0.0,0,0.0,0
2025-04-10 00:47:39,1,45,16.6,74,8.1,1028.3,8,14,15,0.0,0,0.0,0
2025-04-10 00:48:40,1,45,16.6,74,8.1,1028.3,0,14,352,0.0,0,0.0,0
2025-04-10 00:49:41,1,45,16.6,74,8.1,1028.2,5,9,48,0.0,0,0.0,0
2025-04-10 00:50:42,1,45,16.6,74,8.1,1028.3,5,12,340,0.0,0,0.0,0
2025-04-10 00:51:43,1,45,16.6,74,8.1,1028.4,3,14,337,0.0,0,0.0,0
2025-04-10 00:52:44,1,45,16.6,74,8.1,1028.4,2,9,333,0.0,0,0.0,0
2025-04-10 00:53:45,1,45,16.6,74,8.1,1028.2,6,9,11,0.0,0,0.0,0
2025-04-10 00:54:46,1,45,16.6,74,8.1,1028.3,2,11,47,0.0,0,0.0,0
2025-04-10 00:55:47,1,45,16.6,74,8.1,1028.3,2,12,12,0.0,0,0.0,0
2025-04-10 00:56:48,1,45,16.6,74,8.1,1028.3,6,11,317,0.0,0,0.0,0
2025-04-10 00:57:49,1,45,16.6,74,8.1,1028.3,7,11,6,0.0,0,0.0,0
2025-04-10 00:58:50,1,45,16.6,74,8.1,1028.3,9,12,16,0.0,0,0.0,0
2025-04-10 00:59:51,1,45,16.6,74,8.1,1028.1,10,12,24,0.0,0,0.0,0
2025-04-10 01:00:52,1,45,16.6,74,8.1,1028.1,3,12,13,0.0,0,0.0,0
2025-04-10 01:01:53,1,45,16.6,74,8.1,1028.2,1,12,24,0.0,0,0.0,0
2025-04-10 01:02:54,1,45,16.6,74,8.1,1028.2,9,12,47,0.0,0,0.0,0
2025-04-10 01:03:55,1,45,16.6,74,8.1,1028.4,7,12,28,0.0,0,0.0,0
2025-04-10 01:04:56,1,45,16.6,74,8.1,1028.2,8,11,73,0.0,0,0.0,0
2025-04-10 01:05:57,1,45,16.6,74,8.1,1028.2,5,11,7,0.0,0,0.0,0
2025-04-10 01:06:58,1,45,16.6,74,8.1,1028.3,3,11,352,0.0,0,0.0,0
2025-04-10 01:07:59,1,45,16.6,74,8.1,1028.3,2,12,329,0.0,0,0.0,0
2025-04-10 01:09:00,1,46,16.6,74,8.1,1028.2,5,11,356,0.0,0,0.0,0
2025-04-10 01:10:01,1,46,16.6,74,8.1,1028.2,4,11,337,0.0,0,0.0,0
2025-04-10 01:11:02,1,46,16.6,74,8.1,1028.3,4,11,31,0.0,0,0.0,0
2025-04-10 01:12:03,1,46,16.6,74,8.1,1028.3,3,7,21,0.0,0,0.0,0
2025-04-10 01:13:04,1,46,16.6,74,8.1,1028.3,5,9,290,0.0,0,0.0,0
2025-04-10 01:14:05,1,46,16.6,74,8.1,1028.2,3,9,341,0.0,0,0.0,0
2025-04-10 01:15:06,1,46,16.6,74,8.1,1028.2,6,9,348,0.0,0,0.0,0
2025-04-10 01:16:07,1,46,16.6,74,8.2,1028.3,5,9,4,0.0,0,0.0,0
2025-04-10 01:17:08,1,46,16.6,74,8.2,1028.1,4,12,13,0.0,0,0.0,0
2025-04-10 01:18:09,1,46,16.6,74,8.2,1028.2,7,14,0,0.0,0,0.0,0
2025-04-10 01:19:10,1,46,16.6,74,8.2,1028.1,8,11,36,0.0,0,0.0,0
2025-04-10 01:20:11,1,46,16.6,74,8.1,1028.1,7,12,332,0.0,0,0.0,0
2025-04-10 01:21:12,1,46,16.6,74,8.1,1028.0,0,12,348,0.0,0,0.0,0
2025-04-10 01:22:13,1,46,16.6,74,8.1,1028.0,2,3,40,0.0,0,0.0,0
2025-04-10 01:23:14,1,46,16.6,74,8.2,1028.1,6,9,355,0.0,0,0.0,0
2025-04-10 01:24:15,1,46,16.5,74,8.2,1028.0,5,11,37,0.0,0,0.0,0
2025-04-10 01:25:16,1,46,16.6,74,8.2,1028.0,2,11,11,0.0,0,0.0,0
2025-04-10 01:26:17,1,46,16.6,74,8.2,1027.9,3,7,5,0.0,0,0.0,0
2025-04-10 01:27:18,1,46,16.6,74,8.2,1027.9,6,7,23,0.0,0,0.0,0
2025-04-10 01:28:19,1,46,16.6,74,8.2,1028.0,7,11,38,0.0,0,0.0,0
2025-04-10 01:29:20,1,46,16.6,74,8.2,1027.7,3,11,355,0.0,0,0.0,0
2025-04-10 01:30:21,1,46,16.6,74,8.2,1027.7,3,9,26,0.0,0,0.0,0
2025-04-10 01:31:22,1,46,16.5,75,8.2,1028.0,4,11,15,0.0,0,0.0,0
2025-04-10 01:32:23,1,46,16.6,75,8.2,1027.9,4,9,18,0.0,0,0.0,0
2025-04-10 01:33:24,1,46,16.6,75,8.2,1028.0,4,7,58,0.0,0,0.0,0
2025-04-10 01:34:25,1,46,16.6,75,8.2,1027.8,0,7,18,0.0,0,0.0,0
2025-04-10 01:35:26,1,46,16.5,75,8.2,1027.8,5,9,3,0.0,0,0.0,0
2025-04-10 01:36:27,1,46,16.6,75,8.2,1028.0,6,9,37,0.0,0,0.0,0
2025-04-10 01:37:28,1,46,16.6,75,8.2,1027.9,2,7,310,0.0,0,0.0,0
2025-04-10 01:38:29,1,46,16.5,75,8.2,1027.9,5,7,316,0.0,0,0.0,0
2025-04-10 01:39:30,1,46,16.5,75,8.2,1027.8,4,11,9,0.0,0,0.0,0
2025-04-10 01:40:31,1,46,16.5,75,8.2,1027.9,7,14,34,0.0,0,0.0,0
2025-04-10 01:41:32,1,46,16.5,75,8.2,1027.9,2,11,26,0.0,0,0.0,0
2025-04-10 01:42:33,1,46,16.5,75,8.2,1027.9,3,9,20,0.0,0,0.0,0
2025-04-10 01:43:34,1,46,16.5,75,8.2,1027.8,0,9,9,0.0,0,0.0,0
2025-04-10 01:44:35,1,46,16.5,75,8.2,1027.8,7,9,36,0.0,0,0.0,0
2025-04-10 01:45:36,1,46,16.5,75,8.2,1027.8,4,9,8,0.0,0,0.0,0
2025-04-10 01:46:37,1,46,16.5,75,8.2,1027.8,1,5,346,0.0,0,0.0,0
2025-04-10 01:47:38,1,46,16.5,75,8.3,1027.8,2,3,293,0.0,0,0.0,0
2025-04-10 01:48:39,1,46,16.5,75,8.3,1027.7,5,5,9,0.0,0,0.0,0
2025-04-10 01:49:40,1,46,16.5,75,8.3,1027.8,1,5,344,0.0,0,0.0,0
2025-04-10 01:50:41,1,46,16.5,75,8.3,1027.9,2,9,14,0.0,0,0.0,0
2025-04-10 01:51:42,1,46,16.5,75,8.3,1027.6,6,11,309,0.0,0,0.0,0
2025-04-10 01:52:43,1,46,16.5,75,8.3,1027.7,2,7,359,0.0,0,0.0,0
2025-04-10 01:53:44,1,46,16.5,75,8.3,1027.9,1,5,332,0.0,0,0.0,0
2025-04-10 01:54:45,1,46,16.5,75,8.3,1027.7,1,5,22,0.0,0,0.0,0
2025-04-10 01:55:46,1,46,16.5,75,8.3,1027.7,5,7,23,0.0,0,0.0,0
2025-04-10 01:56:47,1,46,16.5,75,8.3,1027.8,6,14,22,0.0,0,0.0,0
2025-04-10 01:57:48,1,46,16.5,75,8.3,1027.9,2,14,17,0.0,0,0.0,0
2025-04-10 01:58:49,1,46,16.5,75,8.3,1027.7,4,12,5,0.0,0,0.0,0
2025-04-10 01:59:50,1,46,16.5,75,8.3,1027.6,3,9,0,0.0,0,0.0,0
2025-04-10 02:00:51,1,46,16.5,75,8.3,1027.6,4,9,359,0.0,0,0.0,0
2025-04-10 02:01:52,1,46,16.5,75,8.3,1027.7,5,12,23,0.0,0,0.0,0
2025-04-10 02:02:53,1,46,16.5,75,8.3,1027.8,10,14,357,0.0,0,0.0,0
2025-04-10 02:03:54,1,46,16.5,75,8.3,1027.7,7,14,3,0.0,0,0.0,0
2025-04-10 02:04:55,1,46,16.5,75,8.3,1027.7,5,14,348,0.0,0,0.0,0
2025-04-10 02:05:56,1,46,16.5,75,8.3,1027.6,0,7,319,0.0,0,0.0,0
2025-04-10 02:06:57,1,46,16.5,75,8.3,1027.7,1,5,310,0.0,0,0.0,0
2025-04-10 02:07:58,1,46,16.5,75,8.4,1027.7,1,1,299,0.0,0,0.0,0
2025-04-10 02:08:59,1,46,16.5,75,8.4,1027.6,6,9,339,0.0,0,0.0,0
2025-04-10 02:10:00,1,46,16.5,75,8.4,1027.5,8,12,303,0.0,0,0.0,0
2025-04-10 02:11:01,1,46,16.5,75,8.4,1027.4,1,12,348,0.0,0,0.0,0
2025-04-10 02:12:02,1,46,16.5,75,8.4,1027.7,6,12,300,0.0,0,0.0,0
2025-04-10 02:13:03,1,46,16.5,75,8.4,1027.6,5,14,11,0.0,0,0.0,0
2025-04-10 02:14:04,1,46,16.5,75,8.4,1027.4,0,11,348,0.0,0,0.0,0
2025-04-10 02:15:05,1,46,16.5,75,8.4,1027.6,1,3,42,0.0,0,0.0,0
2025-04-10 02:16:06,1,46,16.5,75,8.5,1027.6,3,9,339,0.0,0,0.0,0
2025-04-10 02:17:07,1,46,16.5,75,8.5,1027.6,2,9,13,0.0,0,0.0,0
2025-04-10 02:18:08,1,46,16.5,75,8.5,1027.7,2,9,335,0.0,0,0.0,0
2025-04-10 02:19:09,1,46,16.5,75,8.4,1027.6,7,11,350,0.0,0,0.0,0
2025-04-10 02:20:10,1,46,16.5,75,8.4,1027.7,6,11,9,0.0,0,0.0,0
2025-04-10 02:21:11,1,46,16.5,75,8.4,1027.6,11,18,16,0.0,0,0.0,0
2025-04-10 02:22:12,1,46,16.5,75,8.5,1027.6,6,18,358,0.0,0,0.0,0
2025-04-10 02:23:13,1,46,16.5,75,8.5,1027.6,1,12,347,0.0,0,0.0,0
2025-04-10 02:24:14,1,46,16.5,75,8.5,1027.6,3,7,353,0.0,0,0.0,0
2025-04-10 02:25:15,1,46,16.5,75,8.4,1027.5,2,7,339,0.0,0,0.0,0
2025-04-10 02:26:16,1,47,16.5,75,8.5,1027.7,5,9,17,0.0,0,0.0,0
2025-04-10 02:27:17,1,47,16.5,75,8.4,1027.7,8,11,16,0.0,0,0.0,0
2025-04-10 02:28:18,1,47,16.5,75,8.4,1027.6,1,11,358,0.0,0,0.0,0
2025-04-10 02:29:19,1,47,16.5,75,8.4,1027.6,2,7,347,0.0,0,0.0,0
2025-04-10 02:30:20,1,47,16.5,75,8.4,1027.7,7,14,328,0.0,0,0.0,0
2025-04-10 02:31:21,1,47,16.5,76,8.4,1027.7,6,14,315,0.0,0,0.0,0
2025-04-10 02:32:22,1,47,16.5,76,8.4,1027.7,3,9,321,0.0,0,0.0,0
2025-04-10 02:33:23,1,47,16.5,76,8.4,1027.8,0,9,6,0.0,0,0.0,0
2025-04-10 02:34:24,1,47,16.5,76,8.4,1027.6,0,3,355,0.0,0,0.0,0
2025-04-10 02:35:25,1,47,16.5,75,8.5,1027.9,4,11,352,0.0,0,0.0,0
2025-04-10 02:36:26,1,47,16.5,75,8.5,1027.8,2,11,34,0.0,0,0.0,0
2025-04-10 02:37:27,1,47,16.5,75,8.5,1027.8,8,11,352,0.0,0,0.0,0
2025-04-10 02:38:28,1,47,16.5,75,8.5,1027.7,2,11,349,0.0,0,0.0,0
2025-04-10 02:39:29,1,47,16.5,75,8.4,1027.7,6,14,10,0.0,0,0.0,0
2025-04-10 02:40:30,1,47,16.5,75,8.4,1027.8,4,14,334,0.0,0,0.0,0
2025-04-10 02:41:31,1,47,16.5,75,8.4,1027.7,2,9,16,0.0,0,0.0,0
2025-04-10 02:42:32,1,47,16.5,75,8.4,1027.8,1,7,351,0.0,0,0.0,0
2025-04-10 02:43:33,1,47,16.5,75,8.5,1027.6,5,11,277,0.0,0,0.0,0
2025-04-10 02:44:34,1,47,16.5,75,8.5,1027.8,0,11,20,0.0,0,0.0,0
2025-04-10 02:45:35,1,47,16.5,75,8.5,1027.7,8,12,336,0.0,0,0.0,0
2025-04-10 02:46:36,1,47,16.5,75,8.5,1027.8,1,12,342,0.0,0,0.0,0
2025-04-10 02:47:37,1,47,16.5,75,8.5,1027.8,2,5,36,0.0,0,0.0,0
2025-04-10 02:48:38,1,47,16.5,75,8.5,1027.6,2,7,12,0.0,0,0.0,0
2025-04-10 02:49:39,1,47,16.5,75,8.5,1027.7,5,7,358,0.0,0,0.0,0
2025-04-10 02:50:40,1,47,16.5,75,8.5,1027.8,1,12,52,0.0,0,0.0,0
2025-04-10 02:51:41,1,47,16.5,75,8.5,1027.9,1,5,24,0.0,0,0.0,0
2025-04-10 02:52:42,1,47,16.5,75,8.5,1027.8,2,5,312,0.0,0,0.0,0
2025-04-10 02:53:43,1,47,16.5,75,8.5,1027.9,0,5,341,0.0,0,0.0,0
2025-04-10 02:54:44,1,47,16.5,75,8.5,1027.8,2,7,6,0.0,0,0.0,0
2025-04-10 02:55:45,1,47,16.5,75,8.5,1027.9,1,11,342,0.0,0,0.0,0
2025-04-10 02:56:46,1,47,16.5,75,8.5,1027.9,1,5,43,0.0,0,0.0,0
2025-04-10 02:57:47,1,47,16.5,75,8.5,1028.0,1,7,359,0.0,0,0.0,0
2025-04-10 02:58:48,1,47,16.5,75,8.5,1027.9,0,7,285,0.0,0,0.0,0
2025-04-10 02:59:49,1,47,16.5,75,8.5,1027.8,0,3,21,0.0,0,0.0,0
2025-04-10 03:00:50,1,47,16.5,75,8.5,1027.7,0,3,19,0.0,0,0.0,0
2025-04-10 03:01:51,1,47,16.5,75,8.5,1027.9,7,9,27,0.0,0,0.0,0
2025-04-10 03:02:52,1,47,16.5,75,8.5,1027.7,1,14,29,0.0,0,0.0,0
2025-04-10 03:03:53,1,47,16.5,75,8.5,1027.7,5,9,320,0.0,0,0.0,0
2025-04-10 03:04:54,1,47,16.4,76,8.5,1027.7,0,9,337,0.0,0,0.0,0
2025-04-10 03:05:55,1,47,16.5,76,8.5,1027.7,5,9,349,0.0,0,0.0,0
2025-04-10 03:06:56,1,47,16.4,76,8.5,1027.6,3,12,346,0.0,0,0.0,0
2025-04-10 03:07:57,1,47,16.4,76,8.5,1027.6,4,12,3,0.0,0,0.0,0
2025-04-10 03:08:58,1,47,16.5,76,8.5,1027.8,2,9,291,0.0,0,0.0,0
2025-04-10 03:09:59,1,47,16.5,76,8.5,1027.8,7,11,4,0.0,0,0.0,0
2025-04-10 03:11:00,1,47,16.5,76,8.5,1027.7,7,11,346,0.0,0,0.0,0
2025-04-10 03:12:01,1,47,16.5,76,8.5,1027.8,9,14,28,0.0,0,0.0,0
2025-04-10 03:13:02,1,47,16.4,76,8.5,1027.6,3,14,15,0.0,0,0.0,0
2025-04-10 03:14:03,1,47,16.5,76,8.5,1027.9,5,7,9,0.0,0,0.0,0
2025-04-10 03:15:04,1,47,16.5,76,8.5,1027.7,2,9,333,0.0,0,0.0,0
2025-04-10 03:16:05,1,47,16.5,76,8.5,1027.7,3,7,333,0.0,0,0.0,0
2025-04-10 03:17:06,1,47,16.4,76,8.5,1027.9,3,7,275,0.0,0,0.0,0
2025-04-10 03:18:07,1,47,16.4,75,8.5,1027.7,3,7,356,0.0,0,0.0,0
2025-04-10 03:19:08,1,47,16.4,75,8.5,1027.8,5,12,331,0.0,0,0.0,0
2025-04-10 03:20:09,1,47,16.5,75,8.5,1027.7,2,12,310,0.0,0,0.0,0
2025-04-10 03:21:10,1,47,16.5,75,8.5,1027.6,11,14,12,0.0,0,0.0,0
2025-04-10 03:22:11,1,47,16.4,75,8.4,1027.7,1,14,330,0.0,0,0.0,0
2025-04-10 03:23:12,1,47,16.4,75,8.4,1027.7,2,7,25,0.0,0,0.0,0
2025-04-10 03:24:13,1,47,16.4,75,8.4,1027.7,6,12,350,0.0,0,0.0,0
2025-04-10 03:25:14,1,47,16.5,75,8.4,1027.8,4,12,349,0.0,0,0.0,0
2025-04-10 03:26:15,1,47,16.4,75,8.4,1027.7,7,14,64,0.0,0,0.0,0
2025-04-10 03:27:16,1,47,16.4,75,8.4,1027.9,3,9,359,0.0,0,0.0,0
2025-04-10 03:28:17,1,47,16.5,75,8.4,1027.8,8,12,29,0.0,0,0.0,0
2025-04-10 03:29:18,1,47,16.4,75,8.4,1027.9,5,12,346,0.0,0,0.0,0
2025-04-10 03:30:19,1,47,16.4,75,8.3,1027.9,7,11,357,0.0,0,0.0,0
2025-04-10 03:31:20,1,47,16.4,75,8.3,1027.8,4,12,333,0.0,0,0.0,0
2025-04-10 03:32:21,1,47,16.4,75,8.3,1027.7,4,12,8,0.0,0,0.0,0
2025-04-10 03:33:22,1,47,16.4,75,8.3,1027.8,3,9,338,0.0,0,0.0,0
2025-04-10 03:34:23,1,47,16.4,75,8.3,1027.5,0,9,31,0.0,0,0.0,0
2025-04-10 03:35:24,1,47,16.4,75,8.4,1027.6,0,9,352,0.0,0,0.0,0
2025-04-10 03:36:25,1,47,16.4,75,8.4,1027.7,6,11,0,0.0,0,0.0,0
2025-04-10 03:37:26,1,47,16.4,75,8.4,1027.6,2,11,352,0.0,0,0.0,0
2025-04-10 03:38:27,1,47,16.4,76,8.4,1027.8,2,9,334,0.0,0,0.0,0
2025-04-10 03:39:28,1,47,16.4,76,8.4,1027.6,1,9,12,0.0,0,0.0,0
2025-04-10 03:40:29,1,47,16.4,76,8.4,1027.6,5,11,20,0.0,0,0.0,0
2025-04-10 03:41:30,1,47,16.4,76,8.4,1027.9,5,12,2,0.0,0,0.0,0
2025-04-10 03:42:31,1,47,16.4,76,8.4,1027.7,8,16,339,0.0,0,0.0,0
2025-04-10 03:43:32,1,47,16.4,76,8.4,1027.7,6,12,284,0.0,0,0.0,0
2025-04-10 03:44:33,1,47,16.4,76,8.4,1027.8,8,18,11,0.0,0,0.0,0
2025-04-10 03:45:34,1,47,16.4,76,8.4,1027.8,3,12,8,0.0,0,0.0,0
2025-04-10 03:46:35,1,47,16.4,76,8.4,1027.6,2,9,37,0.0,0,0.0,0
2025-04-10 03:47:36,1,47,16.4,76,8.4,1027.7,3,9,25,0.0,0,0.0,0
2025-04-10 03:48:37,1,47,16.4,76,8.4,1027.8,3,16,99,0.0,0,0.0,0
2025-04-10 03:49:38,1,47,16.4,76,8.4,1027.6,9,16,1,0.0,0,0.0,0
2025-04-10 03:50:39,1,47,16.4,76,8.3,1027.7,8,14,311,0.0,0,0.0,0
2025-04-10 03:51:40,1,47,16.4,75,8.3,1027.7,10,16,283,0.0,0,0.0,0
2025-04-10 03:52:41,1,47,16.4,75,8.3,1027.7,7,16,7,0.0,0,0.0,0
2025-04-10 03:53:42,1,47,16.4,75,8.3,1027.7,4,12,22,0.0,0,0.0,0
2025-04-10 03:54:43,1,47,16.4,76,8.3,1027.7,1,9,29,0.0,0,0.0,0
2025-04-10 03:55:44,1,47,16.4,76,8.3,1027.6,1,3,352,0.0,0,0.0,0
2025-04-10 03:56:45,1,47,16.4,76,8.3,1027.7,2,9,95,0.0,0,0.0,0
2025-04-10 03:57:46,1,47,16.4,76,8.3,1027.5,3,9,27,0.0,0,0.0,0
2025-04-10 03:58:47,1,47,16.4,76,8.3,1027.6,5,9,260,0.0,0,0.0,0
2025-04-10 03:59:48,1,47,16.4,76,8.3,1027.5,3,12,16,0.0,0,0.0,0
2025-04-10 04:00:49,1,47,16.4,76,8.3,1027.6,6,11,321,0.0,0,0.0,0
2025-04-10 04:01:50,1,47,16.4,76,8.3,1027.7,2,11,8,0.0,0,0.0,0
2025-04-10 04:02:51,1,47,16.4,76,8.3,1027.7,6,12,5,0.0,0,0.0,0
2025-04-10 04:03:52,1,47,16.4,76,8.3,1027.6,2,11,52,0.0,0,0.0,0
2025-04-10 04:04:53,1,47,16.4,76,8.3,1027.7,2,9,332,0.0,0,0.0,0
2025-04-10 04:05:54,1,47,16.4,76,8.3,1027.5,6,7,13,0.0,0,0.0,0
2025-04-10 04:06:55,1,47,16.4,76,8.3,1027.5,1,9,6,0.0,0,0.0,0
2025-04-10 04:07:56,1,47,16.4,76,8.3,1027.7,4,9,27,0.0,0,0.0,0
2025-04-10 04:08:57,1,47,16.4,76,8.3,1027.6,7,16,41,0.0,0,0.0,0
2025-04-10 04:09:58,1,47,16.4,76,8.3,1027.6,1,16,20,0.0,0,0.0,0
2025-04-10 04:10:59,1,47,16.4,76,8.3,1027.5,3,11,25,0.0,0,0.0,0
2025-04-10 04:12:00,1,47,16.4,76,8.3,1027.6,4,7,16,0.0,0,0.0,0
2025-04-10 04:13:01,1,47,16.4,76,8.3,1027.7,0,7,8,0.0,0,0.0,0
2025-04-10 04:14:02,1,47,16.4,76,8.3,1027.5,1,7,3,0.0,0,0.0,0
2025-04-10 04:15:03,1,47,16.4,76,8.3,1027.7,0,7,352,0.0,0,0.0,0
2025-04-10 04:16:04,1,47,16.4,76,8.3,1027.5,3,7,22,0.0,0,0.0,0
2025-04-10 04:17:05,1,47,16.4,76,8.3,1027.6,1,7,299,0.0,0,0.0,0
2025-04-10 04:18:06,1,47,16.4,76,8.4,1027.8,1,5,341,0.0,0,0.0,0
2025-04-10 04:19:07,1,47,16.4,76,8.4,1027.8,4,7,332,0.0,0,0.0,0
2025-04-10 04:20:08,1,47,16.4,76,8.4,1027.7,3,7,25,0.0,0,0.0,0
2025-04-10 04:21:09,1,47,16.4,76,8.4,1027.6,5,12,22,0.0,0,0.0,0
2025-04-10 04:22:10,1,47,16.4,76,8.4,1027.6,6,11,33,0.0,0,0.0,0
2025-04-10 04:23:11,1,47,16.4,76,8.4,1027.5,4,9,9,0.0,0,0.0,0
2025-04-10 04:24:12,1,47,16.4,76,8.4,1027.6,3,9,37,0.0,0,0.0,0
2025-04-10 04:25:13,1,47,16.4,76,8.4,1027.5,6,14,61,0.0,0,0.0,0
2025-04-10 04:26:14,1,47,16.4,76,8.4,1027.7,4,12,14,0.0,0,0.0,0
2025-04-10 04:27:15,1,47,16.4,76,8.4,1027.6,7,12,9,0.0,0,0.0,0
2025-04-10 04:28:16,1,47,16.4,76,8.4,1027.7,3,11,20,0.0,0,0.0,0
2025-04-10 04:29:17,1,47,16.4,76,8.3,1027.7,3,5,358,0.0,0,0.0,0
2025-04-10 04:30:18,1,47,16.4,76,8.3,1027.6,4,7,31,0.0,0,0.0,0
2025-04-10 04:31:19,1,47,16.4,76,8.3,1027.6,0,7,324,0.0,0,0.0,0
2025-04-10 04:32:20,1,47,16.4,76,8.4,1027.6,1,3,329,0.0,0,0.1,0
2025-04-10 04:33:21,1,47,16.4,76,8.4,1027.7,2,5,292,0.0,0,0.1,0
2025-04-10 04:34:22,1,47,16.4,76,8.4,1027.7,3,5,346,0.0,0,0.1,0
2025-04-10 04:35:23,1,47,16.4,76,8.4,1027.7,2,5,10,0.0,0,0.1,0
2025-04-10 04:36:24,1,47,16.4,76,8.4,1027.7,1,3,357,0.0,0,0.1,0
2025-04-10 04:37:25,1,47,16.4,76,8.4,1027.7,4,7,3,0.0,0,0.1,0
2025-04-10 04:38:26,1,47,16.4,76,8.4,1027.7,3,7,2,0.0,0,0.1,0
2025-04-10 04:39:27,1,47,16.4,76,8.4,1027.6,0,5,341,0.0,0,0.2,0
2025-04-10 04:40:28,1,47,16.4,76,8.4,1027.5,5,7,358,0.0,0,0.2,0
2025-04-10 04:41:29,1,47,16.4,76,8.4,1027.6,5,11,330,0.0,0,0.2,0
2025-04-10 04:42:30,1,47,16.4,76,8.4,1027.8,3,11,32,0.0,0,0.3,0
2025-04-10 04:43:31,1,47,16.4,76,8.4,1027.7,6,12,348,0.0,0,0.3,0
2025-04-10 04:44:32,1,47,16.4,76,8.4,1027.5,9,12,350,0.0,0,0.3,0
2025-04-10 04:45:33,1,47,16.4,76,8.4,1027.6,3,12,293,0.0,0,0.4,0
2025-04-10 04:46:34,1,47,16.4,76,8.4,1027.6,5,9,343,0.0,0,0.5,0
2025-04-10 04:47:35,1,47,16.4,76,8.4,1027.5,0,7,341,0.0,0,0.5,0
2025-04-10 04:48:36,1,47,16.4,76,8.4,1027.7,5,11,358,0.0,0,0.6,0
2025-04-10 04:49:37,1,47,16.4,76,8.5,1027.7,2,7,5,0.0,0,0.7,0
2025-04-10 04:50:38,1,47,16.4,76,8.5,1027.6,3,9,323,0.0,0,0.8,0
2025-04-10 04:51:39,1,47,16.4,76,8.5,1027.8,1,7,330,0.0,0,0.8,0
2025-04-10 04:52:40,1,47,16.4,76,8.5,1027.7,3,7,1,0.0,0,0.9,0
2025-04-10 04:53:41,1,47,16.4,76,8.4,1027.7,0,9,345,0.0,0,1.0,0
2025-04-10 04:54:42,1,47,16.4,77,8.4,1027.7,0,3,334,0.0,0,1.1,0
2025-04-10 04:55:43,1,47,16.4,77,8.4,1027.8,4,5,314,0.0,0,1.2,0
2025-04-10 04:56:44,1,47,16.4,77,8.5,1027.7,2,9,359,0.0,0,1.4,0
2025-04-10 04:57:45,1,47,16.4,77,8.5,1027.7,1,9,326,0.0,0,1.5,0
2025-04-10 04:58:46,1,47,16.4,77,8.5,1027.7,2,5,314,0.0,0,1.5,0
2025-04-10 04:59:47,1,47,16.4,77,8.5,1027.8,0,5,12,0.0,0,1.6,0
2025-04-10 05:00:48,1,47,16.4,76,8.5,1027.7,5,9,9,0.0,0,1.7,0
2025-04-10 05:01:49,1,47,16.4,76,8.5,1027.7,2,9,20,0.0,0,1.9,0
2025-04-10 05:02:50,1,47,16.4,76,8.5,1027.8,2,7,325,0.0,0,2.3,0
2025-04-10 05:03:51,1,47,16.4,76,8.5,1027.8,0,5,3,0.0,0,2.6,0
2025-04-10 05:04:52,1,47,16.4,76,8.5,1027.8,0,3,359,0.0,0,3.0,0
2025-04-10 05:05:53,1,47,16.4,76,8.5,1027.9,2,5,338,0.0,0,3.2,0
2025-04-10 05:06:54,1,47,16.4,76,8.5,1027.9,7,11,9,0.0,0,3.3,0
2025-04-10 05:07:55,1,47,16.4,76,8.4,1027.8,4,14,317,0.0,0,3.3,0
2025-04-10 05:08:56,1,48,16.4,76,8.4,1027.9,0,14,3,0.0,0,3.4,0
2025-04-10 05:09:57,1,48,16.4,76,8.4,1027.9,0,5,9,0.0,0,3.5,0
2025-04-10 05:10:58,1,47,16.4,76,8.4,1027.8,1,5,332,0.0,0,3.7,0
2025-04-10 05:11:59,1,47,16.4,76,8.4,1027.8,5,9,320,0.0,0,3.9,0
2025-04-10 05:13:00,1,47,16.3,76,8.4,1027.9,5,11,313,0.0,0,4.2,0
2025-04-10 05:14:01,1,47,16.4,76,8.5,1027.9,2,11,5,0.0,0,4.7,0
2025-04-10 05:15:02,1,47,16.3,76,8.5,1027.9,1,11,151,0.0,0,5.2,0
2025-04-10 05:16:03,1,47,16.3,76,8.5,1027.9,0,3,357,0.0,0,5.5,0
2025-04-10 05:17:04,1,47,16.4,76,8.5,1027.9,1,5,12,0.0,0,5.8,0
2025-04-10 05:18:05,1,47,16.3,76,8.5,1027.9,0,5,336,0.0,0,5.9,0
2025-04-10 05:19:06,1,47,16.4,76,8.5,1028.1,10,12,30,0.0,0,6.3,0
2025-04-10 05:20:07,1,47,16.4,76,8.5,1027.8,3,12,17,0.0,0,6.7,0
2025-04-10 05:21:08,1,47,16.4,76,8.5,1027.9,2,5,18,0.0,0,7.0,0
2025-04-10 05:22:09,1,47,16.3,75,8.4,1028.3,10,14,17,0.0,0,7.4,0
2025-04-10 05:23:10,1,47,16.3,75,8.4,1028.1,4,14,286,0.0,0,7.8,0
2025-04-10 05:24:11,1,47,16.3,75,8.4,1028.0,9,12,350,0.0,0,8.8,0
2025-04-10 05:25:12,1,47,16.3,75,8.4,1028.1,5,12,347,0.0,0,10.3,0
2025-04-10 05:26:13,1,47,16.3,75,8.4,1028.1,6,11,12,0.0,0,11.6,0
2025-04-10 05:27:14,1,47,16.3,75,8.3,1028.0,8,14,335,0.0,0,13.5,0
2025-04-10 05:28:15,1,47,16.3,74,8.3,1028.2,2,14,15,0.0,0,14.7,0
2025-04-10 05:29:16,1,47,16.3,74,8.3,1028.1,4,12,28,0.0,0,15.0,0
2025-04-10 05:30:17,1,47,16.3,74,8.3,1028.1,3,9,40,0.0,0,15.0,0
2025-04-10 05:31:18,1,47,16.3,74,8.3,1028.2,9,20,28,0.0,0,15.2,0
2025-04-10 05:32:19,1,47,16.3,74,8.2,1028.0,6,20,356,0.0,0,16.2,0
2025-04-10 05:33:20,1,47,16.3,74,8.2,1028.1,8,12,54,0.0,0,16.9,0
2025-04-10 05:34:21,1,47,16.3,74,8.2,1028.0,6,14,8,0.0,0,17.5,0
2025-04-10 05:35:22,1,47,16.3,74,8.2,1028.2,1,14,61,0.0,0,18.0,0
2025-04-10 05:36:23,1,47,16.3,74,8.2,1028.0,7,12,31,0.0,0,18.5,0
2025-04-10 05:37:24,1,47,16.3,74,8.2,1028.0,1,12,353,0.0,0,18.8,0
2025-04-10 05:38:25,1,47,16.3,74,8.2,1028.2,2,5,27,0.0,0,18.8,0
2025-04-10 05:39:26,1,47,16.3,74,8.2,1028.0,5,11,9,0.0,0,19.0,0
2025-04-10 05:40:27,1,47,16.3,74,8.2,1028.1,3,11,341,0.0,0,19.2,0
2025-04-10 05:41:28,1,47,16.3,74,8.2,1028.2,1,7,37,0.0,0,19.3,0
2025-04-10 05:42:29,1,47,16.3,74,8.2,1028.1,7,11,6,0.0,0,18.9,0
2025-04-10 05:43:30,1,47,16.3,74,8.2,1028.2,6,12,300,0.0,0,19.4,0
2025-04-10 05:44:31,1,47,16.3,74,8.2,1028.1,3,12,11,0.0,0,20.4,0
2025-04-10 05:45:32,1,47,16.3,74,8.2,1028.2,2,12,266,0.0,0,22.6,0
2025-04-10 05:46:33,1,47,16.3,74,8.2,1028.2,2,9,14,0.0,0,24.5,0
2025-04-10 05:47:34,1,47,16.3,74,8.2,1028.1,3,7,52,0.0,0,25.3,0
2025-04-10 05:48:35,1,47,16.3,73,8.2,1028.2,4,9,21,0.0,0,25.7,0
2025-04-10 05:49:36,1,47,16.3,73,8.2,1028.1,3,9,26,0.0,0,24.8,0
2025-04-10 05:50:37,1,47,16.3,73,8.2,1028.1,5,9,304,0.0,0,25.0,0
2025-04-10 05:51:38,1,47,16.3,73,8.1,1028.2,11,16,29,0.0,0,26.1,0
2025-04-10 05:52:39,1,47,16.3,73,8.1,1028.1,2,16,46,0.0,0,26.2,0
2025-04-10 05:53:40,1,47,16.3,73,8.1,1028.2,6,11,326,0.0,0,27.4,0
2025-04-10 05:54:41,1,47,16.3,73,8.1,1028.1,3,12,13,0.0,0,29.5,0
2025-04-10 05:55:42,1,47,16.2,73,8.1,1028.1,1,11,8,0.0,0,31.1,0
2025-04-10 05:56:43,1,47,16.3,74,8.1,1028.1,3,5,46,0.0,0,32.1,0
2025-04-10 05:57:44,1,47,16.3,74,8.1,1028.2,5,7,348,0.0,0,33.1,0
2025-04-10 05:58:45,1,47,16.3,74,8.1,1028.3,1,7,59,0.0,0,34.4,0
2025-04-10 05:59:46,1,47,16.3,73,8.2,1028.4,7,18,51,0.0,0,34.1,0
2025-04-10 06:00:47,1,47,16.3,73,8.2,1028.3,13,18,351,0.0,0,33.8,0
2025-04-10 06:01:48,1,47,16.3,73,8.1,1028.3,4,20,20,0.0,0,34.0,0
2025-04-10 06:02:49,1,47,16.3,73,8.1,1028.5,9,14,52,0.0,0,33.7,0
2025-04-10 06:03:50,1,47,16.3,73,8.1,1028.5,2,12,18,0.0,0,33.8,0
2025-04-10 06:04:51,1,47,16.3,73,8.0,1028.3,9,14,49,0.0,0,36.0,0
2025-04-10 06:05:52,1,47,16.3,74,8.0,1028.3,5,14,1,0.0,0,37.5,0
2025-04-10 06:06:53,1,47,16.2,74,8.0,1028.1,3,9,11,0.0,0,38.4,0
2025-04-10 06:07:54,1,47,16.2,74,8.0,1028.1,0,9,60,0.0,0,38.7,0
2025-04-10 06:08:55,1,47,16.3,74,8.1,1028.2,3,14,34,0.0,0,40.2,0
2025-04-10 06:09:56,1,47,16.3,74,8.1,1028.2,6,14,274,0.0,0,42.1,0
2025-04-10 06:10:57,1,47,16.3,74,8.1,1028.5,6,9,32,0.0,0,43.2,0
2025-04-10 06:11:58,1,47,16.3,74,8.1,1028.5,6,20,342,0.0,0,43.8,0
2025-04-10 06:12:59,1,47,16.2,74,8.1,1028.5,3,20,30,0.0,0,43.0,0
2025-04-10 06:14:00,1,47,16.2,74,8.1,1028.2,1,9,3,0.0,0,41.0,0
2025-04-10 06:15:01,1,47,16.3,73,8.1,1028.3,7,11,32,0.0,0,40.7,0
2025-04-10 06:16:02,1,47,16.2,73,8.1,1028.5,2,11,13,0.0,0,41.8,0
2025-04-10 06:17:03,1,47,16.2,73,8.1,1028.3,3,3,33,0.0,0,43.9,0
2025-04-10 06:18:04,1,47,16.2,73,8.2,1028.3,6,12,8,0.0,0,44.9,0
2025-04-10 06:19:05,1,47,16.3,73,8.2,1028.3,2,14,332,0.0,0,45.9,0
2025-04-10 06:20:06,1,47,16.2,73,8.2,1028.4,12,16,41,0.0,0,46.1,0
2025-04-10 06:21:07,1,47,16.2,73,8.2,1028.3,6,16,15,0.0,0,47.0,0
2025-04-10 06:22:08,1,47,16.3,74,8.2,1028.4,6,12,358,0.0,0,43.5,0
2025-04-10 06:23:09,1,47,16.2,74,8.1,1028.4,11,16,43,0.0,0,41.0,0
2025-04-10 06:24:10,1,47,16.2,74,8.1,1028.5,5,18,15,0.0,0,39.2,0
2025-04-10 06:25:11,1,47,16.2,74,8.1,1028.5,3,12,336,0.0,0,39.2,0
2025-04-10 06:26:12,1,47,16.2,74,8.1,1028.4,6,11,5,0.0,0,40.0,0
2025-04-10 06:27:13,1,47,16.2,74,8.1,1028.3,0,11,0,0.0,0,41.1,0
2025-04-10 06:28:14,1,47,16.2,74,8.1,1028.4,2,5,44,0.0,0,42.7,0
2025-04-10 06:29:15,1,47,16.2,74,8.1,1028.4,6,9,45,0.0,0,45.1,0
2025-04-10 06:30:16,1,47,16.2,74,8.1,1028.4,5,12,292,0.0,0,47.7,0
2025-04-10 06:31:17,1,47,16.2,74,8.1,1028.2,6,12,6,0.0,0,49.8,0
2025-04-10 06:32:18,1,47,16.2,74,8.1,1028.3,4,12,8,0.0,0,53.3,0
2025-04-10 06:33:19,1,47,16.2,74,8.1,1028.1,0,12,339,0.0,0,54.1,0
2025-04-10 06:34:20,1,47,16.2,74,8.2,1028.3,10,14,356,0.0,0,54.6,0
2025-04-10 06:35:21,1,47,16.2,74,8.2,1028.1,6,14,8,0.0,0,54.9,0
2025-04-10 06:36:22,1,47,16.2,74,8.2,1028.3,3,12,358,0.0,0,55.7,0
2025-04-10 06:37:23,1,47,16.2,74,8.2,1028.1,0,7,8,0.0,0,56.6,0
2025-04-10 06:38:24,1,47,16.2,74,8.2,1028.3,8,11,21,0.0,0,57.0,0
2025-04-10 06:39:25,1,47,16.2,74,8.2,1028.4,3,14,8,0.0,0,59.3,0
2025-04-10 06:40:26,1,47,16.2,74,8.2,1028.3,3,14,9,0.0,0,61.8,0
2025-04-10 06:41:27,1,47,16.2,74,8.2,1028.3,5,9,31,0.0,0,63.9,0
2025-04-10 06:42:28,1,47,16.2,74,8.2,1028.2,3,11,270,0.0,0,64.7,0
2025-04-10 06:43:29,1,47,16.2,74,8.3,1028.4,7,12,331,0.0,0,61.7,0
2025-04-10 06:44:30,1,47,16.2,74,8.3,1028.3,1,12,294,0.0,0,61.4,0
2025-04-10 06:45:31,1,47,16.2,74,8.3,1028.5,5,12,358,0.0,0,63.2,0
2025-04-10 06:46:32,1,47,16.2,74,8.3,1028.3,1,12,329,0.0,0,62.1,0
2025-04-10 06:47:33,1,47,16.2,74,8.3,1028.3,5,11,347,0.0,0,61.4,0
2025-04-10 06:48:34,1,47,16.2,74,8.3,1028.5,12,16,296,0.0,0,66.4,0
2025-04-10 06:49:35,1,47,16.2,74,8.3,1028.3,3,16,323,0.0,0,69.2,0
2025-04-10 06:50:36,1,47,16.3,74,8.3,1028.3,4,12,323,0.0,0,65.0,0
2025-04-10 06:51:37,1,47,16.3,74,8.3,1028.3,7,12,308,0.0,0,64.1,0
2025-04-10 06:52:38,1,47,16.3,74,8.3,1028.5,4,12,331,0.0,0,67.9,0
2025-04-10 06:53:39,1,47,16.3,74,8.3,1028.4,6,12,40,0.0,0,73.4,0
2025-04-10 06:54:40,1,47,16.3,74,8.4,1028.4,7,9,25,0.0,0,82.7,0
2025-04-10 06:55:41,1,47,16.3,74,8.4,1028.5,2,9,315,0.0,0,83.4,0
2025-04-10 06:56:42,1,47,16.3,74,8.4,1028.4,1,7,354,0.0,0,83.8,0
2025-04-10 06:57:43,1,47,16.4,74,8.4,1028.5,2,9,18,0.0,0,84.7,0
2025-04-10 06:58:44,1,47,16.3,74,8.4,1028.4,3,9,3,0.0,0,84.4,0
2025-04-10 06:59:45,1,47,16.4,73,8.5,1028.4,7,11,7,0.0,0,83.4,0
2025-04-10 07:00:46,1,47,16.4,73,8.5,1028.2,2,9,26,0.0,0,86.1,0
2025-04-10 07:01:47,1,47,16.4,73,8.5,1028.4,3,5,44,0.0,0,87.3,0
2025-04-10 07:02:48,1,47,16.4,73,8.5,1028.5,1,5,39,0.0,0,88.2,0
2025-04-10 07:03:49,1,47,16.4,73,8.5,1028.4,6,9,51,0.0,0,89.8,0
2025-04-10 07:04:50,1,47,16.4,73,8.5,1028.4,8,16,34,0.0,0,92.3,0
2025-04-10 07:05:51,1,47,16.4,73,8.6,1028.6,1,16,350,0.0,0,91.6,0
2025-04-10 07:06:52,1,47,16.4,73,8.6,1028.5,2,9,29,0.0,0,87.8,0
2025-04-10 07:07:53,1,47,16.4,73,8.6,1028.5,2,3,28,0.0,0,83.8,0
2025-04-10 07:08:54,1,47,16.4,73,8.6,1028.4,1,5,46,0.0,0,81.2,0
2025-04-10 07:09:55,1,47,16.4,73,8.6,1028.5,7,11,40,0.0,0,81.0,0
2025-04-10 07:10:56,1,47,16.5,73,8.7,1028.4,2,11,55,0.0,0,88.2,0
2025-04-10 07:11:57,1,47,16.5,73,8.7,1028.4,5,12,15,0.0,0,94.0,0
2025-04-10 07:12:58,1,47,16.5,72,8.7,1028.6,3,14,27,0.0,0,99.7,0
2025-04-10 07:13:59,1,47,16.5,72,8.7,1028.6,1,7,355,0.0,0,97.6,0
2025-04-10 07:15:00,1,47,16.5,72,8.7,1028.6,7,11,4,0.0,0,90.6,0
2025-04-10 07:16:01,1,47,16.5,72,8.7,1028.6,10,16,15,0.0,0,87.3,0
2025-04-10 07:17:02,1,47,16.5,72,8.7,1028.6,3,16,0,0.0,0,87.4,0
2025-04-10 07:18:03,1,47,16.5,72,8.7,1028.6,11,16,1,0.0,0,89.2,0
2025-04-10 07:19:04,1,47,16.5,72,8.7,1028.6,6,16,335,0.0,0,93.4,0
2025-04-10 07:20:05,1,47,16.5,72,8.7,1028.5,9,12,18,0.0,0,86.7,0
2025-04-10 07:21:06,1,47,16.6,72,8.6,1028.5,11,14,15,0.0,0,83.3,0
2025-04-10 07:22:07,1,47,16.6,72,8.6,1028.6,3,14,21,0.0,0,85.4,0
2025-04-10 07:23:09,1,47,16.6,72,8.6,1028.7,7,16,8,0.0,0,87.1,0
2025-04-10 07:24:10,1,47,16.5,72,8.6,1028.7,10,14,353,0.0,0,86.0,0
2025-04-10 07:25:11,1,48,16.5,72,8.6,1028.6,7,14,354,0.0,0,84.5,0
2025-04-10 07:26:12,1,48,16.5,73,8.6,1028.7,1,12,25,0.0,0,81.7,0
2025-04-10 07:27:13,1,48,16.5,73,8.6,1028.7,1,9,275,0.0,0,77.1,0
2025-04-10 07:28:14,1,48,16.5,73,8.7,1028.7,1,9,318,0.0,0,77.7,0
2025-04-10 07:29:15,1,48,16.5,72,8.8,1028.9,7,12,349,0.0,0,80.7,0
2025-04-10 07:30:16,1,48,16.5,72,8.8,1028.7,2,14,341,0.0,0,84.6,0
2025-04-10 07:31:17,1,48,16.5,72,8.8,1028.7,8,12,4,0.0,0,88.3,0
2025-04-10 07:32:18,1,48,16.5,72,8.8,1028.7,9,12,340,0.0,0,99.8,0
2025-04-10 07:33:19,1,48,16.5,72,8.8,1028.5,6,12,10,0.0,0,106.5,1
2025-04-10 07:34:20,1,48,16.5,72,8.8,1028.8,9,12,356,0.0,0,107.1,1
2025-04-10 07:35:21,1,48,16.5,72,8.7,1028.8,3,12,359,0.0,0,111.8,1
2025-04-10 07:36:22,1,48,16.5,73,8.7,1028.8,3,9,1,0.0,0,113.5,1
2025-04-10 07:37:23,1,48,16.5,73,8.7,1028.7,3,5,17,0.0,0,111.3,1
2025-04-10 07:38:24,1,48,16.5,73,8.7,1028.8,2,11,62,0.0,0,113.0,1
2025-04-10 07:39:25,1,48,16.4,73,8.8,1028.7,3,11,345,0.0,0,110.7,1
2025-04-10 07:40:26,1,48,16.4,72,8.8,1028.9,8,12,338,0.0,0,102.5,0
2025-04-10 07:41:27,1,47,16.5,72,8.9,1028.9,8,14,17,0.0,0,97.2,0
2025-04-10 07:42:28,1,47,16.4,72,8.9,1028.7,5,14,16,0.0,0,97.3,0
2025-04-10 07:43:29,1,47,16.4,72,8.9,1028.7,3,9,353,0.0,0,101.5,0
2025-04-10 07:44:30,1,48,16.4,72,8.9,1028.7,6,9,2,0.0,0,101.7,0
2025-04-10 07:45:31,1,47,16.4,73,8.9,1028.9,6,9,22,0.0,0,105.0,1
2025-04-10 07:46:32,1,48,16.4,73,8.9,1028.7,2,11,10,0.0,0,119.5,1
2025-04-10 07:47:33,1,48,16.4,72,8.9,1028.7,5,11,357,0.0,0,136.1,1
2025-04-10 07:48:34,1,48,16.4,73,8.9,1028.7,2,11,317,0.0,0,144.5,1
2025-04-10 07:49:35,1,48,16.4,72,8.9,1028.8,6,9,306,0.0,0,142.5,1
2025-04-10 07:50:36,1,48,16.4,72,9.0,1028.7,4,11,348,0.0,0,138.3,1
2025-04-10 07:51:37,1,48,16.4,72,9.0,1028.7,4,11,355,0.0,0,133.6,1
2025-04-10 07:52:38,1,48,16.4,73,9.0,1028.6,3,7,8,0.0,0,125.5,1
2025-04-10 07:53:39,1,48,16.5,73,9.0,1028.8,6,11,309,0.0,0,126.1,1
2025-04-10 07:54:40,1,48,16.5,73,9.1,1028.8,1,11,320,0.0,0,129.3,1
2025-04-10 07:55:41,1,48,16.5,73,9.1,1028.8,0,7,322,0.0,0,132.7,1
2025-04-10 07:56:42,1,48,16.5,73,9.1,1028.9,6,7,357,0.0,0,131.1,1
2025-04-10 07:57:43,1,48,16.5,72,9.2,1028.7,0,7,350,0.0,0,129.1,1
2025-04-10 07:58:44,1,48,16.5,73,9.3,1028.6,0,7,358,0.0,0,138.2,1
2025-04-10 07:59:45,1,48,16.5,72,9.3,1028.7,4,7,2,0.0,0,144.6,1
2025-04-10 08:00:46,1,48,16.5,72,9.4,1028.5,7,11,16,0.0,0,137.6,1
2025-04-10 08:01:47,1,48,16.5,72,9.4,1028.9,5,11,8,0.0,0,137.1,1
2025-04-10 08:02:48,1,48,16.5,72,9.3,1028.7,3,7,19,0.0,0,124.2,1
2025-04-10 08:03:49,1,48,16.5,72,9.3,1028.9,4,7,358,0.0,0,119.9,1
2025-04-10 08:04:50,1,48,16.5,72,9.3,1028.7,6,7,318,0.0,0,114.6,1
2025-04-10 08:05:51,1,48,16.5,72,9.3,1028.7,6,9,304,0.0,0,108.9,1
2025-04-10 08:06:52,1,48,16.5,72,9.4,1028.7,6,12,347,0.0,0,103.1,1
2025-04-10 08:07:53,1,48,16.5,72,9.4,1028.7,6,12,4,0.0,0,104.6,1
2025-04-10 08:08:54,1,48,16.5,72,9.3,1028.9,3,11,41,0.0,0,103.9,1
2025-04-10 08:09:55,1,48,16.5,72,9.3,1028.8,6,12,354,0.0,0,101.6,0
2025-04-10 08:10:56,1,48,16.5,72,9.3,1028.9,8,12,304,0.0,0,100.2,0
2025-04-10 08:11:57,1,48,16.5,72,9.3,1028.9,8,16,345,0.0,0,100.6,0
2025-04-10 08:12:58,1,48,16.6,72,9.3,1029.1,2,14,349,0.0,0,103.1,1
2025-04-10 08:13:59,1,49,16.5,72,9.2,1029.1,5,12,6,0.0,0,106.9,1
2025-04-10 08:15:00,1,49,16.6,72,9.1,1028.9,6,12,21,0.0,0,107.8,1
2025-04-10 08:16:01,1,49,16.6,73,9.1,1028.8,7,11,350,0.0,0,108.6,1
2025-04-10 08:17:02,1,49,16.6,73,9.1,1028.7,2,11,0,0.0,0,106.4,1
2025-04-10 08:18:03,1,49,16.6,73,9.2,1029.0,2,11,268,0.0,0,109.8,1
2025-04-10 08:19:04,1,49,16.6,72,9.2,1028.9,3,7,317,0.0,0,113.9,1
2025-04-10 08:20:05,1,49,16.6,72,9.3,1028.7,5,7,344,0.0,0,111.3,1
2025-04-10 08:21:06,1,49,16.6,72,9.3,1028.9,8,12,346,0.0,0,108.9,1
2025-04-10 08:22:07,1,49,16.6,72,9.3,1028.9,6,12,12,0.0,0,103.8,1
2025-04-10 08:23:09,1,49,16.6,72,9.3,1028.9,0,12,13,0.0,0,101.9,0
2025-04-10 08:24:10,1,49,16.6,73,9.3,1029.1,4,7,35,0.0,0,100.9,0
2025-04-10 08:25:11,1,49,16.6,72,9.3,1028.8,1,7,137,0.0,0,105.0,1
2025-04-10 08:26:12,1,49,16.6,72,9.3,1029.0,5,12,73,0.0,0,113.1,1
2025-04-10 08:27:13,1,49,16.6,72,9.3,1029.0,7,12,33,0.0,0,135.0,1
2025-04-10 08:28:14,1,49,16.6,72,9.3,1029.0,6,11,49,0.0,0,145.6,1
2025-04-10 08:29:15,1,49,16.6,72,9.3,1028.8,0,9,93,0.0,0,143.4,1
2025-04-10 08:30:16,1,49,16.6,72,9.3,1029.1,2,11,54,0.0,0,139.5,1
2025-04-10 08:31:17,1,49,16.6,72,9.3,1028.9,0,11,36,0.0,0,133.6,1
2025-04-10 08:32:18,1,49,16.6,72,9.4,1028.8,6,14,346,0.0,0,129.9,1
2025-04-10 08:33:19,1,49,16.7,72,9.4,1029.1,8,14,0,0.0,0,131.2,1
2025-04-10 08:34:20,1,49,16.6,72,9.4,1029.0,6,12,358,0.0,0,140.5,1
2025-04-10 08:35:21,1,49,16.6,72,9.4,1029.0,6,12,286,0.0,0,154.8,1
2025-04-10 08:36:22,1,49,16.7,72,9.4,1028.8,2,11,22,0.0,0,162.3,1
2025-04-10 08:37:23,1,49,16.7,72,9.3,1029.0,6,11,20,0.0,0,154.4,1
2025-04-10 08:38:24,1,49,16.6,72,9.3,1029.1,6,11,60,0.0,0,161.8,1
2025-04-10 08:39:25,1,49,16.7,72,9.4,1029.0,8,12,17,0.0,0,162.6,1
2025-04-10 08:40:26,1,49,16.7,72,9.4,1028.7,3,12,41,0.0,0,151.6,1
2025-04-10 08:41:27,1,49,16.7,72,9.5,1028.9,5,9,329,0.0,0,151.5,1
2025-04-10 08:42:28,1,49,16.7,71,9.5,1028.9,6,11,5,0.0,0,154.0,1
2025-04-10 08:43:29,1,49,16.7,72,9.5,1029.1,3,14,37,0.0,0,162.9,1
2025-04-10 08:44:30,1,49,16.7,72,9.5,1028.7,5,14,21,0.0,0,165.3,1
2025-04-10 08:45:35,1,49,16.7,72,9.5,1029.0,2,9,19,0.0,0,163.7,1
2025-04-10 08:46:32,1,49,16.7,72,9.5,1029.0,5,16,338,0.0,0,177.6,1
2025-04-10 08:47:33,1,49,16.7,72,9.5,1028.8,11,16,5,0.0,0,183.7,1
2025-04-10 08:48:34,1,50,16.7,72,9.5,1028.9,5,16,17,0.0,0,184.1,1
2025-04-10 08:49:35,1,50,16.7,73,9.4,1028.9,1,14,358,0.0,0,185.8,1
2025-04-10 08:50:36,1,50,16.7,73,9.4,1029.0,7,9,42,0.0,0,180.4,1
2025-04-10 08:51:37,1,50,16.7,72,9.5,1029.0,6,11,47,0.0,0,155.6,1
2025-04-10 08:52:38,1,50,16.7,72,9.5,1028.9,10,14,9,0.0,0,147.0,1
2025-04-10 08:53:39,1,50,16.7,72,9.5,1028.9,9,14,33,0.0,0,154.5,1
2025-04-10 08:54:40,1,50,16.7,73,9.5,1028.9,2,12,50,0.0,0,159.0,1
2025-04-10 08:55:41,1,50,16.7,73,9.5,1028.9,6,9,8,0.0,0,154.6,1
2025-04-10 08:56:42,1,50,16.7,73,9.5,1028.9,5,7,292,0.0,0,146.6,1
2025-04-10 08:57:43,1,50,16.7,73,9.5,1028.8,6,11,31,0.0,0,150.5,1
2025-04-10 08:58:44,1,50,16.7,72,9.6,1029.0,7,12,41,0.0,0,156.8,1
2025-04-10 08:59:45,1,50,16.8,72,9.6,1029.0,4,14,49,0.0,0,149.3,1
2025-04-10 09:00:46,1,50,16.7,72,9.6,1029.0,7,14,7,0.0,0,144.7,1
2025-04-10 09:01:47,1,50,16.7,72,9.6,1028.8,1,11,27,0.0,0,147.6,1
2025-04-10 09:02:48,1,50,16.7,72,9.5,1028.9,7,11,12,0.0,0,153.1,1
2025-04-10 09:03:49,1,50,16.7,72,9.6,1028.8,5,14,16,0.0,0,163.2,1
2025-04-10 09:04:50,1,50,16.8,72,9.6,1029.0,1,11,351,0.0,0,180.0,1
2025-04-10 09:05:51,1,50,16.8,72,9.6,1028.9,1,11,80,0.0,0,193.8,1
2025-04-10 09:06:52,1,50,16.8,72,9.6,1029.0,3,7,266,0.0,0,203.7,1
2025-04-10 09:07:53,1,50,16.8,72,9.6,1028.8,6,12,15,0.0,0,199.3,1
2025-04-10 09:08:54,1,50,16.8,72,9.7,1029.0,2,11,25,0.0,0,179.2,1
2025-04-10 09:09:55,1,50,16.8,72,9.7,1029.0,2,11,324,0.0,0,161.3,1
2025-04-10 09:10:56,1,50,16.8,72,9.8,1029.0,1,7,294,0.0,0,144.5,1
2025-04-10 09:11:57,1,50,16.8,72,9.8,1029.0,9,16,359,0.0,0,146.4,1
2025-04-10 09:12:58,1,51,16.8,71,9.9,1028.9,11,16,315,0.0,0,158.6,1
2025-04-10 09:13:59,1,51,16.8,71,9.9,1028.9,7,14,343,0.0,0,162.3,1
2025-04-10 09:15:00,1,51,16.8,71,9.8,1028.9,6,12,309,0.0,0,167.4,1
2025-04-10 09:16:01,1,51,16.8,71,9.8,1029.0,12,16,6,0.0,0,195.8,1
2025-04-10 09:17:02,1,51,16.9,71,9.8,1029.1,7,16,296,0.0,0,207.1,2
2025-04-10 09:18:03,1,51,16.9,71,9.7,1029.1,11,14,351,0.0,0,195.9,1
2025-04-10 09:19:04,1,51,16.9,72,9.7,1029.2,6,14,289,0.0,0,185.5,1
2025-04-10 09:20:05,1,50,16.9,72,9.7,1028.9,6,11,303,0.0,0,189.3,1
2025-04-10 09:21:06,1,51,16.9,72,9.7,1028.9,9,14,15,0.0,0,201.7,1
2025-04-10 09:22:07,1,51,16.9,72,9.8,1028.9,5,14,327,0.0,0,190.3,1
2025-04-10 09:23:08,1,51,16.9,71,9.9,1029.0,9,14,7,0.0,0,180.9,1
2025-04-10 09:24:09,1,51,16.9,71,9.9,1029.0,8,14,287,0.0,0,192.3,1
2025-04-10 09:25:10,1,51,16.9,71,9.9,1028.8,9,12,302,0.0,0,223.2,2
2025-04-10 09:26:11,1,51,16.9,71,9.9,1028.9,9,16,319,0.0,0,258.8,2
2025-04-10 09:27:12,1,51,16.9,71,9.9,1028.9,5,14,2,0.0,0,233.3,2
2025-04-10 09:28:13,1,51,16.9,71,9.9,1028.8,5,11,25,0.0,0,218.8,2
2025-04-10 09:29:14,1,51,16.9,71,9.9,1028.9,3,11,32,0.0,0,203.3,1
2025-04-10 09:30:15,1,51,16.9,71,10.0,1028.9,9,11,268,0.0,0,209.9,2
2025-04-10 09:31:16,1,51,16.9,70,10.0,1028.9,11,16,6,0.0,0,226.9,2
2025-04-10 09:32:17,1,51,16.9,70,10.0,1028.7,12,16,47,0.0,0,241.2,2
2025-04-10 09:33:18,1,51,16.9,70,10.0,1028.8,3,16,302,0.0,0,238.5,2
2025-04-10 09:34:19,1,51,16.9,70,10.0,1028.9,3,12,39,0.0,0,210.1,2
2025-04-10 09:35:20,1,51,16.9,70,10.0,1028.8,6,12,44,0.0,0,210.1,2
2025-04-10 09:36:21,1,51,16.9,71,10.0,1028.8,0,12,338,0.0,0,223.4,2
2025-04-10 09:37:22,1,51,17.0,70,10.0,1028.9,6,9,24,0.0,0,220.9,2
2025-04-10 09:38:23,1,51,17.0,70,10.1,1028.9,10,12,11,0.0,0,229.0,2
2025-04-10 09:39:24,1,51,17.0,69,10.1,1028.9,4,12,15,0.0,0,289.5,2
2025-04-10 09:40:25,1,51,17.0,70,10.2,1028.9,7,12,42,0.0,0,657.5,6
2025-04-10 09:41:26,1,51,17.0,70,10.2,1028.8,2,12,297,0.0,0,324.0,3
2025-04-10 09:42:27,1,51,17.0,69,10.2,1028.9,5,11,25,0.0,0,253.2,2
2025-04-10 09:43:28,1,51,17.0,69,10.3,1028.6,9,16,16,0.0,0,248.2,2
2025-04-10 09:44:29,1,51,17.0,69,10.4,1028.8,6,16,37,0.0,0,257.3,2
2025-04-10 09:45:30,1,51,17.0,69,10.4,1028.6,6,12,52,0.0,0,260.5,2
2025-04-10 09:46:31,1,51,17.0,69,10.4,1028.7,9,16,27,0.0,0,243.2,2
2025-04-10 09:47:32,1,51,17.0,69,10.4,1028.6,7,16,12,0.0,0,226.5,2
2025-04-10 09:48:33,1,51,17.0,68,10.4,1028.7,3,9,355,0.0,0,217.6,2
2025-04-10 09:49:34,1,51,17.0,68,10.4,1028.5,8,11,348,0.0,0,218.2,2
2025-04-10 09:50:35,1,51,17.0,67,10.5,1028.7,14,18,43,0.0,0,244.9,2
2025-04-10 09:51:36,1,51,17.0,68,10.5,1028.6,4,18,304,0.0,0,278.2,2
2025-04-10 09:52:37,1,51,17.0,68,10.5,1028.5,3,11,318,0.0,0,310.1,3
2025-04-10 09:53:38,1,51,17.0,68,10.5,1028.7,6,12,4,0.0,0,349.5,3
2025-04-10 09:54:39,1,51,17.0,68,10.5,1028.7,5,12,17,0.0,0,455.8,4
2025-04-10 09:55:40,1,51,17.0,68,10.6,1028.5,6,11,38,0.0,0,378.9,3
2025-04-10 09:56:41,1,51,17.0,68,10.6,1028.5,3,9,28,0.0,0,270.1,2
2025-04-10 09:57:42,1,51,17.0,68,10.6,1028.5,9,12,50,0.0,0,263.5,2
2025-04-10 09:58:43,1,51,17.0,68,10.7,1028.6,3,12,29,0.0,0,258.2,2
2025-04-10 09:59:44,1,51,17.0,68,10.7,1028.5,6,9,54,0.0,0,261.5,2
2025-04-10 10:00:45,1,51,17.0,68,10.8,1028.5,3,9,48,0.0,0,315.9,3
2025-04-10 10:01:46,1,51,17.0,67,10.9,1028.5,3,11,32,0.0,0,427.4,4
2025-04-10 10:02:47,1,51,17.0,67,11.0,1028.7,0,11,227,0.0,0,434.7,4
2025-04-10 10:03:48,1,51,17.0,66,11.1,1028.6,3,9,3,0.0,0,340.2,3
2025-04-10 10:04:49,1,51,17.0,65,11.3,1028.5,5,9,32,0.0,0,279.0,2
2025-04-10 10:05:50,1,51,17.0,65,11.4,1028.5,10,12,18,0.0,0,288.9,2
2025-04-10 10:06:51,1,51,17.0,66,11.4,1028.6,6,12,25,0.0,0,746.5,7
2025-04-10 10:07:52,1,51,17.0,67,11.2,1028.5,1,11,355,0.0,0,311.2,3
2025-04-10 10:08:53,1,51,17.0,67,11.2,1028.4,2,9,271,0.0,0,313.1,3
2025-04-10 10:09:54,1,51,17.0,66,11.2,1028.4,10,14,29,0.0,0,308.9,3
2025-04-10 10:10:55,1,51,17.0,66,11.4,1028.5,6,14,4,0.0,0,326.2,3
2025-04-10 10:11:56,1,51,17.0,66,11.4,1028.5,5,12,30,0.0,0,332.0,3
2025-04-10 10:12:57,1,51,17.0,66,11.4,1028.4,7,11,30,0.0,0,316.1,3
2025-04-10 10:13:58,1,51,17.0,66,11.3,1028.4,8,11,18,0.0,0,271.0,2
2025-04-10 10:14:59,1,51,17.0,66,11.3,1028.5,5,11,359,0.0,0,253.6,2
2025-04-10 10:16:00,1,51,17.0,67,11.2,1028.5,11,14,332,0.0,0,272.1,2
2025-04-10 10:17:01,1,51,17.0,67,11.2,1028.6,6,14,329,0.0,0,606.8,5
2025-04-10 10:18:02,1,51,17.1,66,11.2,1028.3,8,11,28,0.0,0,472.9,4
2025-04-10 10:19:03,1,51,17.0,66,11.3,1028.4,2,11,354,0.0,0,616.0,6
2025-04-10 10:20:04,1,51,17.0,66,11.4,1028.6,6,9,320,0.0,0,765.2,7
2025-04-10 10:21:05,1,51,17.0,65,11.5,1028.3,10,12,347,0.0,0,370.7,3
2025-04-10 10:22:06,1,51,17.1,65,11.6,1028.3,9,16,349,0.0,0,321.2,3
2025-04-10 10:23:07,1,51,17.0,65,11.6,1028.3,3,14,335,0.0,0,340.6,3
2025-04-10 10:24:08,1,51,17.0,65,11.6,1028.4,2,14,4,0.0,0,721.3,7
2025-04-10 10:25:09,1,51,17.1,65,11.7,1028.4,6,14,1,0.0,0,274.1,2
2025-04-10 10:26:10,1,51,17.1,64,11.8,1028.3,5,14,354,0.0,0,281.1,2
2025-04-10 10:27:11,1,51,17.1,64,11.9,1028.6,11,16,251,0.0,0,297.7,2
2025-04-10 10:28:12,1,51,17.1,64,11.9,1028.5,6,18,345,0.0,0,262.0,2
2025-04-10 10:29:13,1,51,17.1,64,11.8,1028.4,4,11,42,0.0,0,246.9,2
2025-04-10 10:30:14,1,51,17.1,64,11.7,1028.5,0,7,351,0.0,0,235.5,2
2025-04-10 10:31:15,1,51,17.1,64,11.7,1028.4,1,11,19,0.0,0,215.6,2
2025-04-10 10:32:16,1,51,17.1,64,11.8,1028.4,1,11,22,0.0,0,226.6,2
2025-04-10 10:33:17,1,51,17.1,64,11.9,1028.5,11,16,318,0.0,0,699.3,6
2025-04-10 10:34:18,1,51,17.1,63,11.9,1028.3,5,16,8,0.0,0,698.9,6
2025-04-10 10:35:19,1,51,17.1,63,12.0,1028.5,9,12,11,0.0,0,715.7,6
2025-04-10 10:36:20,1,51,17.1,63,12.1,1028.4,7,14,17,0.0,0,730.1,7
2025-04-10 10:37:21,1,51,17.1,63,12.1,1028.4,6,18,33,0.0,0,702.0,6
2025-04-10 10:38:22,1,51,17.1,63,12.1,1028.4,6,18,329,0.0,0,354.6,3
2025-04-10 10:39:23,1,51,17.1,62,12.1,1028.5,14,18,331,0.0,0,676.9,6
2025-04-10 10:40:24,1,51,17.2,62,12.1,1028.4,8,18,54,0.0,0,707.5,6
2025-04-10 10:41:25,1,51,17.2,63,12.2,1028.3,3,12,0,0.0,0,733.6,7
2025-04-10 10:42:26,1,51,17.2,62,12.2,1028.5,5,9,50,0.0,0,358.2,3
2025-04-10 10:43:27,1,51,17.2,61,12.4,1028.5,9,12,57,0.0,0,677.5,6
2025-04-10 10:44:28,1,51,17.2,61,12.6,1028.4,1,12,351,0.0,0,425.9,4
2025-04-10 10:45:29,1,51,17.2,60,12.7,1028.4,5,12,4,0.0,0,445.1,4
2025-04-10 10:46:30,1,51,17.2,60,12.7,1028.5,6,16,16,0.0,0,288.0,2
2025-04-10 10:47:31,1,51,17.3,61,12.6,1028.3,8,12,16,0.0,0,727.4,7
2025-04-10 10:48:32,1,51,17.3,62,12.4,1028.4,1,12,296,0.0,0,733.5,7
2025-04-10 10:49:33,1,52,17.3,61,12.4,1028.4,3,7,15,0.0,0,616.2,6
2025-04-10 10:50:34,1,52,17.3,61,12.5,1028.4,4,7,19,0.0,0,353.1,3
2025-04-10 10:51:35,1,52,17.3,60,12.7,1028.4,6,9,14,0.0,0,547.2,5
2025-04-10 10:52:36,1,52,17.4,60,12.8,1028.3,5,11,35,0.0,0,343.4,3
2025-04-10 10:53:37,1,52,17.4,60,12.8,1028.5,4,11,50,0.0,0,426.4,4
2025-04-10 10:54:38,1,52,17.4,60,12.8,1028.3,7,11,32,0.0,0,295.5,2
2025-04-10 10:55:39,1,52,17.4,60,12.7,1028.4,9,12,297,0.0,0,775.6,7
2025-04-10 10:56:40,1,52,17.4,61,12.7,1028.3,7,12,340,0.0,0,779.6,7
2025-04-10 10:57:41,1,52,17.4,60,12.7,1028.3,4,11,359,0.0,0,358.7,3
2025-04-10 10:58:42,1,52,17.5,60,12.9,1028.4,9,14,3,0.0,0,550.2,5
2025-04-10 10:59:43,1,52,17.5,60,12.9,1028.5,5,14,9,0.0,0,733.6,7
2025-04-10 11:00:44,1,53,17.5,61,12.7,1028.5,7,11,49,0.0,0,714.7,6
2025-04-10 11:01:45,1,53,17.5,62,12.4,1028.4,0,11,313,0.0,0,699.8,6
2025-04-10 11:02:46,1,53,17.5,61,12.4,1028.5,9,12,326,0.0,0,695.0,6
2025-04-10 11:03:47,1,53,17.5,61,12.5,1028.3,4,12,346,0.0,0,684.9,6
2025-04-10 11:04:48,1,53,17.5,60,12.6,1028.4,10,12,13,0.0,0,662.0,6
2025-04-10 11:05:49,1,53,17.6,60,12.8,1028.3,7,14,336,0.0,0,673.8,6
2025-04-10 11:06:50,1,53,17.6,59,13.1,1028.4,0,14,322,0.0,0,662.3,6
2025-04-10 11:07:51,1,53,17.6,58,13.3,1028.4,5,11,27,0.0,0,321.6,3
2025-04-10 11:08:52,1,53,17.6,58,13.6,1028.4,2,11,19,0.0,0,662.3,6
2025-04-10 11:09:53,1,53,17.6,58,13.7,1028.3,6,11,11,0.0,0,655.3,6
2025-04-10 11:10:54,1,53,17.6,58,13.7,1028.4,5,11,17,0.0,0,672.7,6
2025-04-10 11:11:55,1,53,17.6,58,13.7,1028.2,5,11,22,0.0,0,683.3,6
2025-04-10 11:12:56,1,53,17.6,58,13.7,1028.4,4,11,46,0.0,0,697.8,6
2025-04-10 11:13:57,1,53,17.6,57,13.7,1028.4,8,14,40,0.0,0,710.8,6
2025-04-10 11:14:58,1,53,17.7,58,13.8,1028.2,7,14,75,0.0,0,234.1,2
2025-04-10 11:15:59,1,53,17.7,58,13.7,1028.3,5,9,7,0.0,0,696.5,6
2025-04-10 11:17:00,1,53,17.7,58,13.6,1028.5,7,11,20,0.0,0,698.3,6
2025-04-10 11:18:01,1,53,17.7,58,13.6,1028.3,4,11,356,0.0,0,703.9,6
2025-04-10 11:19:02,1,52,17.7,58,13.6,1028.3,2,9,308,0.0,0,675.8,6
2025-04-10 11:20:03,1,52,17.7,57,13.6,1028.3,2,11,303,0.0,0,179.5,1
2025-04-10 11:21:04,1,52,17.7,57,13.9,1028.4,6,11,34,0.0,0,175.2,1
2025-04-10 11:22:05,1,52,17.7,56,14.0,1028.4,4,14,53,0.0,0,190.8,1
2025-04-10 11:23:06,1,52,17.7,57,14.0,1028.4,10,14,20,0.0,0,701.4,6
2025-04-10 11:24:07,1,52,17.7,59,13.6,1028.3,3,14,41,0.0,0,661.5,6
2025-04-10 11:25:08,1,52,17.7,59,13.1,1028.3,6,9,48,0.0,0,695.6,6
2025-04-10 11:26:09,1,52,17.8,59,13.1,1028.2,2,9,52,0.0,0,684.7,6
2025-04-10 11:27:10,1,52,17.8,60,13.1,1028.2,0,5,68,0.0,0,696.4,6
2025-04-10 11:28:11,1,52,17.8,59,13.1,1028.3,4,9,30,0.0,0,704.9,6
2025-04-10 11:29:12,1,52,17.8,57,13.4,1028.2,8,14,49,0.0,0,708.1,6
2025-04-10 11:30:13,1,52,17.8,58,13.6,1028.3,3,14,6,0.0,0,669.0,6
2025-04-10 11:31:14,1,52,17.8,58,13.6,1028.2,2,14,2,0.0,0,302.3,2
2025-04-10 11:32:15,1,52,17.8,58,13.6,1028.0,3,12,8,0.0,0,492.5,4
2025-04-10 11:33:16,1,52,17.8,58,13.5,1028.1,0,7,13,0.0,0,642.6,6
2025-04-10 11:34:17,1,52,17.8,58,13.5,1028.1,6,9,344,0.0,0,616.0,6
2025-04-10 11:35:18,1,52,17.8,58,13.7,1028.1,2,11,226,0.0,0,618.9,6
2025-04-10 11:36:19,1,52,17.8,56,13.7,1028.1,9,12,18,0.0,0,630.9,6
2025-04-10 11:37:20,1,52,17.8,57,13.8,1028.2,1,14,322,0.0,0,628.0,6
2025-04-10 11:38:21,1,52,17.8,57,13.9,1028.1,7,14,29,0.0,0,597.6,5
2025-04-10 11:39:22,1,52,17.8,56,13.9,1028.1,7,12,31,0.0,0,601.4,5
2025-04-10 11:40:23,1,52,17.9,56,13.8,1028.2,10,16,26,0.0,0,624.5,6
2025-04-10 11:41:24,1,52,17.9,57,13.7,1028.3,8,16,52,0.0,0,628.0,6
2025-04-10 11:42:25,1,52,17.9,57,13.5,1028.1,1,12,22,0.0,0,621.2,6
2025-04-10 11:43:26,1,52,17.9,57,13.5,1028.2,8,14,338,0.0,0,603.2,5
2025-04-10 11:44:27,1,52,17.9,57,13.6,1028.3,3,14,52,0.0,0,638.5,6
2025-04-10 11:45:28,1,52,17.9,58,13.6,1028.2,3,12,25,0.0,0,667.1,6
2025-04-10 11:46:29,1,52,17.9,57,13.6,1028.1,5,12,37,0.0,0,673.8,6
2025-04-10 11:47:30,1,52,17.9,57,13.6,1028.3,6,12,291,0.0,0,599.8,5
2025-04-10 11:48:31,1,52,17.9,58,13.7,1028.1,5,16,315,0.0,0,700.1,6
2025-04-10 11:49:32,1,52,17.9,57,13.8,1028.0,3,14,328,0.0,0,436.3,4
2025-04-10 11:50:33,1,52,17.9,56,13.9,1028.2,7,11,336,0.0,0,339.7,3
2025-04-10 11:51:34,1,52,17.9,56,14.2,1028.1,11,18,326,0.0,0,244.0,2
2025-04-10 11:52:35,1,52,17.9,56,14.3,1027.9,1,18,71,0.0,0,733.4,7
2025-04-10 11:53:36,1,52,17.9,56,14.3,1028.2,2,7,339,0.0,0,724.9,7
2025-04-10 11:54:37,1,52,17.9,56,14.3,1028.2,1,11,128,0.0,0,733.5,7
2025-04-10 11:55:38,1,52,17.9,55,14.4,1028.1,6,11,7,0.0,0,417.1,4
2025-04-10 11:56:39,1,52,17.9,56,14.5,1028.1,2,9,339,0.0,0,201.4,1
2025-04-10 11:57:40,1,52,18.0,57,14.4,1028.1,2,9,65,0.0,0,458.2,4
2025-04-10 11:58:41,1,52,17.9,56,14.3,1028.0,3,11,336,0.0,0,218.9,2
2025-04-10 11:59:42,1,52,18.0,57,14.3,1028.2,0,11,331,0.0,0,652.3,6
2025-04-10 12:00:43,1,52,17.9,55,14.3,1028.1,6,12,351,0.0,0,613.0,5
2025-04-10 12:01:44,1,52,18.0,55,14.4,1028.0,1,12,8,0.0,0,313.8,3
2025-04-10 12:02:45,1,52,17.9,56,14.4,1028.0,3,9,320,0.0,0,208.8,2
2025-04-10 12:03:46,1,52,18.0,56,14.4,1028.0,1,7,350,0.0,0,677.6,6
2025-04-10 12:04:47,1,52,18.0,55,14.5,1028.1,1,7,354,0.0,0,694.0,6
2025-04-10 12:05:48,1,52,18.0,55,14.6,1028.0,1,7,24,0.0,0,242.2,2
2025-04-10 12:06:49,1,52,18.0,55,14.7,1028.1,2,7,321,0.0,0,694.7,6
2025-04-10 12:07:50,1,52,18.0,54,14.8,1028.2,10,12,345,0.0,0,558.4,5
2025-04-10 12:08:51,1,52,18.0,54,14.9,1028.2,8,14,331,0.0,0,706.6,6
2025-04-10 12:09:52,1,52,18.0,54,14.9,1028.3,8,16,8,0.0,0,547.2,5
2025-04-10 12:10:53,1,52,17.9,54,14.8,1028.0,7,16,301,0.0,0,539.7,5
2025-04-10 12:11:54,1,52,18.0,54,14.7,1028.1,6,11,310,0.0,0,617.2,6
2025-04-10 12:12:55,1,52,18.0,55,14.6,1028.0,4,11,304,0.0,0,622.7,6
2025-04-10 12:13:56,1,52,18.0,54,14.6,1028.0,2,9,346,0.0,0,646.1,6
2025-04-10 12:14:57,1,52,18.0,55,14.6,1028.0,0,9,58,0.0,0,523.2,5
2025-04-10 12:15:58,1,52,18.0,54,14.6,1028.0,6,9,23,0.0,0,268.2,2
2025-04-10 12:16:59,1,52,18.0,54,14.6,1027.8,2,11,35,0.0,0,301.4,2
2025-04-10 12:18:00,1,52,18.0,54,14.6,1028.0,5,12,59,0.0,0,229.8,2
2025-04-10 12:19:01,1,52,18.0,53,14.6,1027.9,12,20,18,0.0,0,169.5,1
2025-04-10 12:20:02,1,52,18.0,54,14.4,1028.0,7,18,38,0.0,0,260.1,2
2025-04-10 12:21:03,1,52,18.0,55,14.1,1027.8,6,12,15,0.0,0,228.8,2
2025-04-10 12:22:04,1,52,18.0,56,13.9,1027.9,5,9,11,0.0,0,668.0,6
2025-04-10 12:23:05,1,52,18.0,57,13.7,1028.0,4,7,312,0.0,0,681.2,6
2025-04-10 12:24:06,1,52,18.0,56,13.7,1028.1,6,12,295,0.0,0,312.0,3
2025-04-10 12:25:07,1,52,18.0,56,13.9,1027.9,10,14,28,0.0,0,277.1,2
2025-04-10 12:26:08,1,52,18.0,56,13.9,1028.0,3,14,4,0.0,0,248.6,2
2025-04-10 12:27:09,1,52,18.0,57,13.9,1027.9,3,7,322,0.0,0,262.2,2
2025-04-10 12:28:10,1,52,18.0,56,13.8,1027.9,3,7,326,0.0,0,665.0,6
2025-04-10 12:29:11,1,52,18.0,56,13.9,1028.0,1,7,14,0.0,0,670.7,6
2025-04-10 12:30:12,1,52,18.0,55,14.1,1027.9,5,7,353,0.0,0,647.4,6
2025-04-10 12:31:13,1,52,18.0,56,14.3,1028.0,5,11,313,0.0,0,647.9,6
2025-04-10 12:32:14,1,51,18.0,55,14.3,1028.0,7,16,0,0.0,0,640.3,6
2025-04-10 12:33:15,1,51,18.0,55,14.2,1028.0,7,16,350,0.0,0,622.0,6
2025-04-10 12:34:16,1,52,18.0,55,14.2,1028.0,9,12,25,0.0,0,607.1,5
2025-04-10 12:35:17,1,52,18.0,54,14.3,1027.7,4,12,4,0.0,0,597.5,5
2025-04-10 12:36:18,1,51,18.0,55,14.3,1028.0,3,12,333,0.0,0,587.3,5
2025-04-10 12:37:19,1,51,18.0,54,14.3,1027.9,3,11,351,0.0,0,589.1,5
2025-04-10 12:38:20,1,52,18.0,54,14.5,1027.7,0,11,342,0.0,0,588.6,5
2025-04-10 12:39:21,1,52,18.0,53,14.7,1027.8,4,5,30,0.0,0,601.0,5
2025-04-10 12:40:22,1,52,18.0,53,14.7,1027.9,6,11,46,0.0,0,603.2,5
2025-04-10 12:41:23,1,52,18.0,53,14.7,1027.7,8,11,30,0.0,0,198.9,1
2025-04-10 12:42:24,1,52,18.0,53,14.6,1027.8,7,11,41,0.0,0,173.4,1
2025-04-10 12:43:25,1,52,18.0,54,14.5,1027.7,3,9,1,0.0,0,198.3,1
2025-04-10 12:44:26,1,51,18.0,54,14.5,1027.7,3,9,323,0.0,0,599.8,5
2025-04-10 12:45:27,1,51,18.0,54,14.5,1027.8,6,11,296,0.0,0,194.6,1
2025-04-10 12:46:28,1,51,18.0,54,14.6,1027.8,7,14,9,0.0,0,205.6,2
2025-04-10 12:47:29,1,51,18.0,55,14.6,1027.8,8,14,313,0.0,0,628.7,6
2025-04-10 12:48:30,1,51,18.0,55,14.6,1027.9,6,14,328,0.0,0,586.8,5
2025-04-10 12:49:31,1,51,18.0,56,14.5,1027.7,1,14,26,0.0,0,578.5,5
2025-04-10 12:50:32,1,51,18.0,55,14.5,1027.7,2,9,309,0.0,0,581.6,5
2025-04-10 13:01:58,1,51,18.0,54,15.0,1027.6,0,3,349,0.0,0,583.0,5
2025-04-10 13:02:59,1,51,18.0,53,15.1,1027.5,4,5,283,0.0,0,568.3,5
2025-04-10 13:04:00,1,51,18.0,53,15.2,1027.6,1,5,267,0.0,0,559.6,5
2025-04-10 13:05:01,1,51,18.0,51,15.6,1027.6,1,9,354,0.0,0,565.5,5
2025-04-10 13:06:02,1,51,18.0,51,15.8,1027.5,5,9,45,0.0,0,298.8,2
2025-04-10 13:07:03,1,51,18.0,52,15.8,1027.8,3,14,357,0.0,0,273.6,2
2025-04-10 13:08:04,1,51,18.0,52,15.5,1027.6,6,12,0,0.0,0,174.3,1
2025-04-10 13:09:05,1,51,18.0,53,15.4,1027.6,4,12,44,0.0,0,216.4,2
2025-04-10 13:10:06,1,51,18.0,54,15.0,1027.6,4,12,56,0.0,0,399.8,3
2025-04-10 13:11:07,1,51,18.0,54,14.8,1027.5,4,7,38,0.0,0,544.4,5
2025-04-10 13:12:08,1,51,18.0,53,14.8,1027.5,7,14,12,0.0,0,543.3,5
2025-04-10 13:13:09,1,51,18.0,54,14.8,1027.5,4,16,17,0.0,0,565.0,5
2025-04-10 13:14:10,1,51,18.0,54,14.7,1027.6,2,16,315,0.0,0,537.1,5
2025-04-10 13:15:11,1,51,18.0,53,14.7,1027.7,2,12,344,0.0,0,554.9,5
2025-04-10 13:16:12,1,51,18.0,53,14.8,1027.7,6,12,349,0.0,0,398.4,3
2025-04-10 13:17:13,1,51,18.0,53,14.8,1027.7,4,12,18,0.0,0,189.7,1
2025-04-10 13:18:14,1,51,18.0,54,14.7,1027.7,4,12,52,0.0,0,231.9,2
2025-04-10 13:19:15,1,51,18.0,54,14.6,1027.6,3,7,66,0.0,0,539.2,5
2025-04-10 13:20:16,1,51,18.0,54,14.6,1027.7,2,11,337,0.0,0,547.3,5
2025-04-10 13:21:17,1,51,18.0,54,14.6,1027.7,4,9,291,0.0,0,345.8,3
2025-04-10 13:22:18,1,51,18.0,54,14.7,1027.5,3,9,324,0.0,0,529.9,5
2025-04-10 13:23:19,1,51,18.0,54,14.9,1027.7,5,11,331,0.0,0,531.1,5
2025-04-10 13:24:20,1,51,18.0,54,14.9,1027.7,0,9,4,0.0,0,530.9,5
2025-04-10 13:25:21,1,51,18.0,54,14.9,1027.6,2,5,277,0.0,0,532.2,5
2025-04-10 13:26:22,1,51,18.0,53,15.0,1027.6,2,9,350,0.0,0,329.1,3
2025-04-10 13:27:23,1,51,18.0,53,15.3,1027.5,1,9,54,0.0,0,432.6,4
2025-04-10 13:28:24,1,51,18.0,52,15.6,1027.7,6,9,311,0.0,0,521.0,5
2025-04-10 13:29:25,1,51,18.0,51,15.8,1027.6,5,12,301,0.0,0,518.1,5
2025-04-10 13:30:26,1,51,17.9,52,15.8,1027.7,4,12,9,0.0,0,201.4,1
2025-04-10 13:31:27,1,51,18.0,53,15.7,1027.6,5,11,26,0.0,0,324.8,3
2025-04-10 13:32:28,1,51,17.9,54,15.2,1027.5,0,12,51,0.0,0,353.4,3
2025-04-10 13:33:29,1,51,18.0,54,14.7,1027.6,6,9,349,0.0,0,513.9,5
2025-04-10 13:34:30,1,51,18.0,54,14.6,1027.6,7,11,329,0.0,0,522.7,5
2025-04-10 13:35:31,1,51,18.0,54,14.6,1027.4,4,11,293,0.0,0,511.4,4
2025-04-10 13:36:32,1,51,18.0,54,14.6,1027.5,1,11,7,0.0,0,488.2,4
2025-04-10 13:37:33,1,51,18.0,54,14.8,1027.5,1,3,43,0.0,0,488.5,4
2025-04-10 13:38:34,1,51,18.0,54,14.8,1027.5,5,9,44,0.0,0,474.7,4
2025-04-10 13:39:35,1,51,17.9,53,15.0,1027.5,6,9,23,0.0,0,490.3,4
2025-04-10 13:40:36,1,51,18.0,53,15.3,1027.6,5,14,27,0.0,0,489.4,4
2025-04-10 13:41:37,1,51,18.0,52,15.3,1027.5,8,14,43,0.0,0,463.2,4
2025-04-10 13:42:38,1,51,18.0,53,15.2,1027.7,4,11,32,0.0,0,485.7,4
2025-04-10 13:43:39,1,51,17.9,53,15.2,1027.5,6,11,21,0.0,0,476.1,4
2025-04-10 13:44:40,1,51,18.0,53,15.2,1027.5,3,11,267,0.0,0,480.2,4
2025-04-10 13:45:41,1,51,17.9,52,15.2,1027.4,3,9,306,0.0,0,481.2,4
2025-04-10 13:46:42,1,51,18.0,52,15.3,1027.3,3,7,335,0.0,0,488.5,4
2025-04-10 13:47:43,1,51,17.9,51,15.5,1027.6,5,7,2,0.0,0,488.5,4
2025-04-10 13:48:44,1,51,17.9,51,15.6,1027.5,6,9,22,0.0,0,495.8,4
2025-04-10 13:49:45,1,51,18.0,52,15.6,1027.3,8,11,25,0.0,0,488.4,4
2025-04-10 13:50:46,1,51,18.0,53,15.5,1027.5,1,12,28,0.0,0,367.4,3
2025-04-10 13:51:47,1,51,17.9,52,15.5,1027.3,6,11,48,0.0,0,466.6,4
2025-04-10 13:52:48,1,51,18.0,52,15.5,1027.2,3,11,18,0.0,0,467.6,4
2025-04-10 13:53:49,1,51,17.9,53,15.5,1027.4,6,7,348,0.0,0,451.6,4
2025-04-10 13:54:50,1,51,17.9,53,15.3,1027.3,7,11,330,0.0,0,456.7,4
2025-04-10 13:55:51,1,51,17.9,53,15.2,1027.3,7,12,336,0.0,0,452.0,4
2025-04-10 13:56:52,1,51,17.9,54,15.1,1027.3,1,12,328,0.0,0,450.4,4
2025-04-10 13:57:53,1,51,17.9,53,15.1,1027.3,3,11,23,0.0,0,450.0,4
2025-04-10 13:58:54,1,51,17.9,53,15.2,1027.3,5,12,34,0.0,0,442.1,4
2025-04-10 13:59:55,1,51,17.9,53,15.2,1027.4,5,12,25,0.0,0,445.9,4
2025-04-10 14:00:56,1,51,17.9,54,15.2,1027.4,1,12,11,0.0,0,442.6,4
2025-04-10 14:01:58,1,51,17.9,53,15.2,1027.2,6,12,28,0.0,0,443.9,4
2025-04-10 14:02:59,1,51,17.9,55,15.1,1027.4,0,12,19,0.0,0,445.5,4
2025-04-10 14:04:00,1,51,17.9,53,15.1,1027.2,7,11,18,0.0,0,437.6,4
2025-04-10 14:05:01,1,51,17.9,53,15.1,1027.2,4,11,69,0.0,0,431.7,4
2025-04-10 14:06:02,1,51,17.9,53,15.1,1027.2,4,7,306,0.0,0,430.7,4
2025-04-10 14:07:03,1,51,17.9,53,15.1,1027.1,2,9,312,0.0,0,428.2,4
2025-04-10 14:08:04,1,51,17.9,54,15.1,1027.3,3,9,47,0.0,0,424.9,4
2025-04-10 14:09:05,1,51,17.9,53,15.1,1027.1,1,5,64,0.0,0,419.4,4
2025-04-10 14:10:06,1,51,17.9,53,15.1,1027.1,1,5,353,0.0,0,426.2,4
2025-04-10 14:11:07,1,51,17.9,52,15.2,1027.3,3,7,23,0.0,0,417.0,4
2025-04-10 14:12:08,1,51,18.0,52,15.4,1027.2,6,14,294,0.0,0,403.7,3
2025-04-10 14:13:09,1,51,17.9,53,15.4,1027.2,3,12,48,0.0,0,413.5,4
2025-04-10 14:14:10,1,51,17.9,53,15.2,1027.3,10,16,31,0.0,0,404.0,3
2025-04-10 14:15:11,1,51,17.9,54,15.1,1027.0,4,16,24,0.0,0,410.2,3
2025-04-10 14:16:12,1,51,17.9,54,15.0,1027.3,8,14,2,0.0,0,407.1,3
2025-04-10 14:17:13,1,51,17.9,54,15.0,1027.0,1,14,19,0.0,0,404.3,3
2025-04-10 14:18:14,1,51,17.9,55,15.0,1027.1,3,12,339,0.0,0,411.2,4
2025-04-10 14:19:15,1,51,17.9,54,15.0,1027.1,2,9,30,0.0,0,408.9,3
2025-04-10 14:20:16,1,51,17.9,54,15.0,1027.2,5,9,22,0.0,0,403.6,3
2025-04-10 14:21:17,1,52,17.9,54,14.9,1027.0,5,7,47,0.0,0,402.5,3
2025-04-10 14:22:18,1,52,17.9,54,14.9,1027.0,4,7,6,0.0,0,402.3,3
2025-04-10 14:23:19,1,52,17.9,54,15.0,1026.9,5,9,3,0.0,0,401.9,3
2025-04-10 14:24:20,1,52,17.9,54,15.0,1026.9,1,9,5,0.0,0,401.5,3
2025-04-10 14:25:21,1,52,17.9,54,15.1,1027.1,3,9,339,0.0,0,395.6,3
2025-04-10 14:26:22,1,52,17.9,53,15.1,1027.1,6,12,349,0.0,0,395.4,3
2025-04-10 14:27:23,1,52,17.9,54,15.1,1027.2,4,12,58,0.0,0,390.1,3
2025-04-10 14:28:24,1,52,17.9,54,15.1,1027.0,10,16,281,0.0,0,392.5,3
2025-04-10 14:29:25,1,52,17.9,54,15.1,1027.0,3,16,103,0.0,0,378.9,3
2025-04-10 14:30:26,1,52,17.9,53,15.2,1027.1,5,11,10,0.0,0,374.5,3
2025-04-10 14:31:27,1,52,17.9,53,15.3,1027.0,7,12,53,0.0,0,283.2,2
2025-04-10 14:32:28,1,52,17.9,53,15.3,1027.0,2,12,0,0.0,0,382.8,3
2025-04-10 14:33:29,1,52,17.9,54,15.3,1026.9,0,9,23,0.0,0,383.2,3
2025-04-10 14:34:30,1,52,17.9,53,15.3,1027.0,4,9,336,0.0,0,385.4,3
2025-04-10 14:35:31,1,52,17.9,53,15.4,1027.0,8,14,358,0.0,0,381.5,3
2025-04-10 14:36:32,1,52,17.9,53,15.4,1027.1,5,14,28,0.0,0,376.1,3
2025-04-10 14:37:33,1,52,17.9,53,15.4,1026.9,3,14,357,0.0,0,378.3,3
2025-04-10 14:38:34,1,52,17.9,54,15.1,1026.9,1,7,320,0.0,0,368.3,3
2025-04-10 14:39:35,1,52,17.9,54,15.1,1027.0,4,9,27,0.0,0,373.1,3
2025-04-10 14:40:36,1,52,17.9,54,15.0,1026.9,5,11,27,0.0,0,367.1,3
2025-04-10 14:41:37,1,52,17.9,54,15.0,1026.9,7,12,340,0.0,0,366.5,3
2025-04-10 14:42:38,1,52,17.9,54,15.0,1027.0,7,12,355,0.0,0,373.9,3
2025-04-10 14:43:39,1,52,17.9,54,14.9,1026.9,7,12,358,0.0,0,376.0,3
2025-04-10 14:44:40,1,52,17.8,55,14.9,1026.7,0,12,357,0.0,0,377.4,3
2025-04-10 14:45:41,1,52,17.8,54,14.9,1026.8,6,9,352,0.0,0,371.7,3
2025-04-10 14:46:42,1,52,17.8,55,15.2,1026.9,0,9,304,0.0,0,377.2,3
2025-04-10 14:47:43,1,52,17.8,54,15.2,1026.8,2,7,9,0.0,0,368.8,3
2025-04-10 14:48:44,1,52,17.8,54,15.4,1026.6,0,5,312,0.0,0,366.6,3
2025-04-10 14:49:45,1,52,17.8,53,15.5,1026.7,1,5,306,0.0,0,357.4,3
2025-04-10 14:50:46,1,52,17.8,52,15.7,1026.8,6,12,24,0.0,0,355.1,3
2025-04-10 14:51:47,1,52,17.8,53,15.8,1026.8,4,12,13,0.0,0,353.1,3
2025-04-10 14:52:48,1,52,17.8,53,15.7,1026.8,5,11,34,0.0,0,354.7,3
2025-04-10 14:53:49,1,52,17.8,54,15.5,1026.9,10,14,12,0.0,0,356.6,3
2025-04-10 14:54:50,1,52,17.8,54,15.3,1026.8,7,14,17,0.0,0,358.4,3
2025-04-10 14:55:51,1,52,17.8,55,14.9,1026.8,7,12,38,0.0,0,358.6,3
2025-04-10 14:56:52,1,52,17.8,56,14.6,1026.7,3,11,66,0.0,0,346.4,3
2025-04-10 14:57:53,1,52,17.8,56,14.5,1026.7,8,16,33,0.0,0,347.5,3
2025-04-10 14:58:54,1,52,17.8,56,14.5,1026.7,8,16,11,0.0,0,357.1,3
2025-04-10 14:59:55,1,52,17.8,56,14.4,1026.6,6,11,48,0.0,0,352.3,3
2025-04-10 15:00:56,1,52,17.8,56,14.4,1026.6,6,11,351,0.0,0,349.1,3
2025-04-10 15:01:58,1,52,17.8,56,14.4,1026.8,7,11,5,0.0,0,336.9,3
2025-04-10 15:02:59,1,51,17.8,57,14.4,1026.6,5,9,21,0.0,0,332.7,3
2025-04-10 15:04:00,1,51,17.8,57,14.4,1026.7,1,9,342,0.0,0,336.0,3
2025-04-10 15:05:01,1,51,17.8,56,14.4,1026.6,7,16,24,0.0,0,334.4,3
2025-04-10 15:06:02,1,51,17.8,55,14.5,1026.7,11,16,304,0.0,0,327.8,3
2025-04-10 15:07:03,1,51,17.8,56,14.7,1026.9,11,16,300,0.0,0,332.8,3
2025-04-10 15:08:04,1,51,17.8,56,14.7,1026.7,8,16,338,0.0,0,333.4,3
2025-04-10 15:09:05,1,51,17.8,56,14.6,1026.6,2,14,28,0.0,0,327.1,3
2025-04-10 15:10:06,1,51,17.8,56,14.6,1026.7,5,12,17,0.0,0,327.4,3
2025-04-10 15:11:07,1,51,17.8,56,14.6,1026.7,9,14,304,0.0,0,333.9,3
2025-04-10 15:12:08,1,51,17.8,56,14.6,1026.7,4,14,321,0.0,0,330.1,3
2025-04-10 15:13:09,1,51,17.8,56,14.6,1026.6,6,16,11,0.0,0,324.0,3
2025-04-10 15:14:10,1,51,17.8,56,14.6,1026.7,0,16,312,0.0,0,322.9,3
2025-04-10 15:15:11,1,51,17.8,56,14.6,1026.6,1,9,322,0.0,0,320.7,3
2025-04-10 15:16:12,1,51,17.8,55,14.7,1026.5,7,14,350,0.0,0,316.2,3
2025-04-10 15:17:13,1,51,17.8,55,14.7,1026.6,7,20,358,0.0,0,313.6,3
2025-04-10 15:18:14,1,51,17.7,56,14.6,1026.6,5,20,52,0.0,0,315.0,3
2025-04-10 15:19:15,1,51,17.8,56,14.5,1026.5,3,11,50,0.0,0,315.3,3
2025-04-10 15:20:16,1,51,17.7,56,14.5,1026.6,3,11,43,0.0,0,315.4,3
2025-04-10 15:21:17,1,51,17.7,56,14.5,1026.8,6,11,320,0.0,0,311.9,3
2025-04-10 15:22:18,1,51,17.7,56,14.7,1026.5,2,11,26,0.0,0,312.5,3
2025-04-10 15:23:19,1,51,17.8,56,14.8,1026.5,3,5,297,0.0,0,311.5,3
2025-04-10 15:24:20,1,51,17.7,55,15.0,1026.4,7,9,354,0.0,0,308.0,3
2025-04-10 15:25:21,1,51,17.7,54,15.3,1026.6,2,9,331,0.0,0,305.1,2
2025-04-10 15:26:22,1,51,17.7,54,15.3,1026.5,4,14,8,0.0,0,304.1,2
2025-04-10 15:27:23,1,51,17.7,55,15.4,1026.5,4,14,6,0.0,0,301.6,2
2025-04-10 15:28:24,1,51,17.7,54,15.4,1026.5,6,12,321,0.0,0,298.1,2
2025-04-10 15:29:25,1,51,17.7,54,15.4,1026.5,7,12,1,0.0,0,293.6,2
2025-04-10 15:30:26,1,51,17.7,55,15.3,1026.5,8,12,13,0.0,0,293.5,2
2025-04-10 15:31:27,1,51,17.7,55,15.1,1026.5,4,12,64,0.0,0,293.1,2
2025-04-10 15:32:28,1,51,17.7,55,15.1,1026.5,4,12,354,0.0,0,289.3,2
2025-04-10 15:33:29,1,51,17.7,57,15.0,1026.5,5,12,300,0.0,0,286.5,2
2025-04-10 15:34:30,1,51,17.7,56,14.9,1026.4,4,9,27,0.0,0,281.0,2
2025-04-10 15:35:31,1,51,17.7,55,14.9,1026.4,6,14,355,0.0,0,278.2,2
2025-04-10 15:36:32,1,51,17.7,55,14.9,1026.5,3,14,16,0.0,0,276.3,2
2025-04-10 15:37:33,1,51,17.7,56,14.8,1026.6,8,11,25,0.0,0,274.9,2
2025-04-10 15:38:34,1,51,17.7,56,14.7,1026.5,5,11,340,0.0,0,271.8,2
2025-04-10 15:39:35,1,51,17.7,57,14.6,1026.6,0,9,310,0.0,0,267.0,2
2025-04-10 15:40:36,1,51,17.7,56,14.5,1026.4,3,7,21,0.0,0,255.6,2
2025-04-10 15:41:37,1,51,17.7,56,14.6,1026.6,4,11,325,0.0,0,258.2,2
2025-04-10 15:42:38,1,51,17.7,57,14.6,1026.4,3,11,347,0.0,0,262.8,2
2025-04-10 15:43:39,1,51,17.7,56,14.6,1026.5,10,14,320,0.0,0,262.5,2
2025-04-10 15:44:40,1,51,17.7,56,14.6,1026.2,7,14,314,0.0,0,261.4,2
2025-04-10 15:45:41,1,51,17.7,56,14.6,1026.4,6,12,10,0.0,0,259.7,2
2025-04-10 15:46:42,1,51,17.7,57,14.6,1026.5,4,12,17,0.0,0,257.1,2
2025-04-10 15:47:43,1,51,17.7,57,14.6,1026.3,1,11,311,0.0,0,252.8,2
2025-04-10 15:48:44,1,51,17.7,57,14.6,1026.4,2,5,9,0.0,0,248.4,2
2025-04-10 15:49:45,1,51,17.7,56,14.6,1026.3,5,9,24,0.0,0,244.7,2
2025-04-10 15:50:46,1,51,17.7,56,14.7,1026.3,4,11,5,0.0,0,244.7,2
2025-04-10 15:51:47,1,51,17.7,57,14.5,1026.3,0,9,3,0.0,0,244.7,2
2025-04-10 15:52:48,1,51,17.7,57,14.4,1026.6,5,9,7,0.0,0,244.3,2
2025-04-10 15:53:49,1,51,17.7,58,14.3,1026.5,5,14,51,0.0,0,241.3,2
2025-04-10 15:54:50,1,51,17.8,58,14.2,1026.3,5,7,5,0.0,0,240.7,2
2025-04-10 15:55:51,1,51,17.7,58,14.2,1026.4,2,9,303,0.0,0,238.0,2
2025-04-10 15:56:52,1,51,17.7,57,14.2,1026.3,2,9,351,0.0,0,234.9,2
2025-04-10 15:57:53,1,51,17.7,57,14.3,1026.2,9,12,25,0.0,0,231.0,2
2025-04-10 15:58:54,1,51,17.7,57,14.4,1026.2,3,12,2,0.0,0,226.9,2
2025-04-10 15:59:55,1,51,17.8,57,14.4,1026.3,1,5,341,0.0,0,225.5,2
2025-04-10 16:00:56,1,51,17.8,57,14.5,1026.3,1,7,343,0.0,0,224.6,2
2025-04-10 16:01:58,1,51,17.7,57,14.5,1026.1,0,5,7,0.0,0,221.9,2
2025-04-10 16:02:59,1,51,17.7,57,14.5,1026.4,2,5,284,0.0,0,219.8,2
2025-04-10 16:04:00,1,51,17.7,56,14.6,1026.3,2,7,21,0.0,0,216.8,2
2025-04-10 16:05:01,1,51,17.8,56,14.8,1026.2,7,11,332,0.0,0,212.5,2
2025-04-10 16:06:02,1,51,17.7,56,14.8,1026.4,6,11,359,0.0,0,211.4,2
2025-04-10 16:07:03,1,51,17.8,56,14.8,1026.2,3,12,34,0.0,0,209.8,2
2025-04-10 16:08:04,1,51,17.7,57,14.7,1026.2,1,14,5,0.0,0,207.6,2
2025-04-10 16:09:05,1,51,17.7,57,14.5,1026.2,2,14,357,0.0,0,205.3,2
2025-04-10 16:10:06,1,51,17.8,58,14.3,1026.2,4,14,339,0.0,0,204.0,1
2025-04-10 16:11:07,1,51,17.7,58,14.2,1026.1,4,12,46,0.0,0,200.0,1
2025-04-10 16:12:08,1,51,17.7,58,14.1,1026.1,8,12,20,0.0,0,196.9,1
2025-04-10 16:13:09,1,51,17.7,58,14.0,1026.0,5,12,24,0.0,0,193.7,1
2025-04-10 16:14:10,1,51,17.7,58,14.0,1026.1,4,12,26,0.0,0,193.0,1
2025-04-10 16:15:11,1,51,17.8,59,13.9,1026.1,3,7,331,0.0,0,189.7,1
2025-04-10 16:16:12,1,51,17.7,59,13.9,1026.0,3,11,19,0.0,0,185.1,1
2025-04-10 16:17:13,1,51,17.7,59,13.9,1026.2,0,9,348,0.0,0,183.5,1
2025-04-10 16:18:14,1,51,17.7,59,13.9,1026.1,1,5,1,0.0,0,182.4,1
2025-04-10 16:19:15,1,51,17.7,58,14.1,1026.2,1,9,345,0.0,0,181.1,1
2025-04-10 16:20:16,1,51,17.7,58,14.2,1026.1,3,9,21,0.0,0,178.6,1
2025-04-10 16:21:17,1,51,17.8,58,14.2,1025.9,5,9,305,0.0,0,175.6,1
2025-04-10 16:22:18,1,51,17.7,59,14.1,1026.1,1,9,316,0.0,0,172.6,1
2025-04-10 16:23:19,1,51,17.7,58,14.1,1026.1,1,9,55,0.0,0,171.2,1
2025-04-10 16:24:20,1,51,17.7,58,14.2,1026.1,9,14,57,0.0,0,168.8,1
2025-04-10 16:25:21,1,51,17.7,58,14.2,1025.9,4,14,44,0.0,0,167.1,1
2025-04-10 16:26:22,1,51,17.7,59,14.1,1026.1,4,7,3,0.0,0,165.8,1
2025-04-10 16:27:23,1,51,17.7,58,14.0,1026.2,9,14,52,0.0,0,163.5,1
2025-04-10 16:28:24,1,51,17.7,59,14.0,1026.1,6,11,67,0.0,0,162.4,1
2025-04-10 16:29:25,1,51,17.7,60,13.7,1026.1,1,11,16,0.0,0,159.4,1
2025-04-10 16:30:26,1,51,17.7,60,13.5,1026.0,0,9,49,0.0,0,156.7,1
2025-04-10 16:31:27,1,51,17.7,60,13.4,1025.9,0,9,38,0.0,0,154.3,1
2025-04-10 16:32:28,1,51,17.7,60,13.5,1026.0,5,7,48,0.0,0,151.9,1
2025-04-10 16:33:29,1,51,17.7,60,13.6,1026.0,5,7,21,0.0,0,148.6,1
2025-04-10 16:34:30,1,51,17.7,60,13.6,1026.0,4,9,304,0.0,0,146.4,1
2025-04-10 16:35:31,1,51,17.7,60,13.7,1026.0,1,9,12,0.0,0,146.2,1
2025-04-10 16:36:32,1,51,17.7,59,13.7,1026.0,7,12,7,0.0,0,144.1,1
2025-04-10 16:37:33,1,51,17.7,59,13.8,1026.1,3,12,22,0.0,0,139.8,1
2025-04-10 16:38:34,1,51,17.7,60,13.7,1025.8,4,7,317,0.0,0,139.5,1
2025-04-10 16:39:35,1,51,17.7,60,13.6,1026.0,5,11,358,0.0,0,136.8,1
2025-04-10 16:40:36,1,51,17.7,60,13.6,1025.9,6,11,355,0.0,0,134.9,1
2025-04-10 16:41:37,1,51,17.7,60,13.5,1025.9,2,11,353,0.0,0,134.6,1
2025-04-10 16:42:38,1,51,17.7,60,13.5,1025.9,3,7,42,0.0,0,133.5,1
2025-04-10 16:43:39,1,51,17.7,60,13.5,1025.9,0,7,22,0.0,0,130.9,1
2025-04-10 16:44:40,1,51,17.7,60,13.5,1025.9,2,12,10,0.0,0,129.4,1
2025-04-10 16:45:41,1,51,17.7,60,13.5,1026.0,0,12,18,0.0,0,127.2,1
2025-04-10 16:46:42,1,51,17.7,60,13.5,1026.0,7,12,334,0.0,0,126.8,1
2025-04-10 16:47:43,1,51,17.7,60,13.5,1025.9,5,12,291,0.0,0,125.4,1
2025-04-10 16:48:44,1,51,17.7,60,13.6,1025.9,5,11,316,0.0,0,123.9,1
2025-04-10 16:49:45,1,51,17.7,60,13.6,1025.7,0,11,16,0.0,0,122.4,1
2025-04-10 16:50:46,1,51,17.7,60,13.6,1026.0,11,14,33,0.0,0,122.2,1
2025-04-10 16:51:47,1,51,17.7,60,13.6,1025.9,6,14,2,0.0,0,120.5,1
2025-04-10 16:52:48,1,51,17.7,60,13.5,1026.0,2,9,341,0.0,0,119.4,1
2025-04-10 16:53:49,1,51,17.7,61,13.3,1026.0,6,11,340,0.0,0,118.1,1
2025-04-10 16:54:50,1,51,17.7,61,13.3,1025.9,5,11,9,0.0,0,116.7,1
2025-04-10 16:55:51,1,51,17.7,61,13.3,1026.0,8,12,9,0.0,0,114.3,1
2025-04-10 16:56:52,1,51,17.7,61,13.2,1025.9,7,14,345,0.0,0,112.8,1
2025-04-10 16:57:53,1,51,17.7,62,13.0,1026.0,1,11,1,0.0,0,110.5,1
2025-04-10 16:58:54,1,51,17.7,62,13.0,1026.0,1,7,15,0.0,0,108.5,1
2025-04-10 16:59:55,1,51,17.7,62,13.0,1025.9,4,12,278,0.0,0,105.3,1
2025-04-10 17:00:56,1,51,17.7,61,13.0,1025.9,8,12,283,0.0,0,102.6,1
2025-04-10 17:01:57,1,51,17.7,61,13.0,1026.0,1,12,51,0.0,0,99.8,0
2025-04-10 17:02:58,1,51,17.7,62,13.0,1026.0,1,12,5,0.0,0,98.0,0
2025-04-10 17:03:59,1,51,17.6,62,12.9,1025.9,7,9,356,0.0,0,96.7,0
2025-04-10 17:05:00,1,51,17.7,62,12.9,1025.8,6,9,348,0.0,0,95.4,0
2025-04-10 17:06:01,1,51,17.7,62,13.0,1025.8,5,9,351,0.0,0,93.6,0
2025-04-10 17:07:02,1,51,17.7,62,13.0,1025.7,3,9,296,0.0,0,91.8,0
2025-04-10 17:08:03,1,51,17.7,62,12.9,1025.7,0,7,336,0.0,0,89.8,0
2025-04-10 17:09:04,1,51,17.7,62,12.9,1025.9,5,9,293,0.0,0,88.5,0
2025-04-10 17:10:05,1,51,17.7,62,12.9,1025.8,6,9,3,0.0,0,86.2,0
2025-04-10 17:11:06,1,51,17.7,61,13.0,1025.7,3,9,11,0.0,0,84.2,0
2025-04-10 17:12:07,1,50,17.6,61,13.1,1025.8,4,9,294,0.0,0,82.2,0
2025-04-10 17:13:08,1,50,17.6,62,13.1,1025.9,0,7,351,0.0,0,80.2,0
2025-04-10 17:14:09,1,50,17.7,61,13.2,1026.0,3,7,306,0.0,0,77.8,0
2025-04-10 17:15:10,1,50,17.7,61,13.3,1025.9,1,7,325,0.0,0,76.3,0
2025-04-10 17:16:11,1,50,17.7,61,13.4,1025.8,0,3,19,0.0,0,74.7,0
2025-04-10 17:17:12,1,50,17.7,60,13.4,1025.9,1,7,2,0.0,0,73.0,0
2025-04-10 17:18:13,1,50,17.7,60,13.4,1025.8,6,9,335,0.0,0,71.1,0
2025-04-10 17:19:14,1,50,17.7,61,13.4,1025.7,4,9,42,0.0,0,69.2,0
2025-04-10 17:20:15,1,50,17.7,61,13.3,1025.9,6,9,1,0.0,0,67.8,0
2025-04-10 17:21:16,1,50,17.7,61,13.2,1025.7,1,9,15,0.0,0,66.0,0
2025-04-10 17:22:17,1,50,17.7,62,13.0,1025.9,1,5,31,0.0,0,63.8,0
2025-04-10 17:23:18,1,50,17.7,62,12.9,1025.7,0,1,23,0.0,0,61.3,0
2025-04-10 17:24:19,1,50,17.7,62,12.9,1025.8,1,5,12,0.0,0,58.7,0
2025-04-10 17:25:20,1,50,17.7,61,13.0,1025.9,3,5,10,0.0,0,56.6,0
2025-04-10 17:26:21,1,50,17.7,61,13.0,1025.9,6,11,356,0.0,0,54.3,0
2025-04-10 17:27:22,1,50,17.7,62,13.0,1025.9,2,9,296,0.0,0,52.4,0
2025-04-10 17:28:23,1,50,17.7,62,13.0,1025.9,0,5,285,0.0,0,50.4,0
2025-04-10 17:29:24,1,50,17.7,62,13.0,1025.8,3,5,296,0.0,0,49.1,0
2025-04-10 17:30:25,1,50,17.7,61,13.1,1025.8,0,5,336,0.0,0,47.7,0
2025-04-10 17:31:26,1,50,17.7,61,13.2,1025.9,4,7,308,0.0,0,46.9,0
2025-04-10 17:32:27,1,50,17.7,61,13.2,1025.9,8,11,308,0.0,0,45.7,0
2025-04-10 17:33:28,1,50,17.7,61,13.2,1025.8,3,11,326,0.0,0,44.5,0
2025-04-10 17:34:29,1,50,17.7,62,13.0,1025.9,5,11,335,0.0,0,43.3,0
2025-04-10 17:35:30,1,50,17.7,62,12.8,1025.8,3,9,322,0.0,0,42.1,0
2025-04-10 17:36:31,1,50,17.7,63,12.7,1025.9,2,9,333,0.0,0,41.3,0
2025-04-10 17:37:32,1,50,17.7,63,12.6,1025.9,6,9,268,0.0,0,40.5,0
2025-04-10 17:38:33,1,50,17.7,63,12.5,1025.7,3,9,18,0.0,0,39.5,0
2025-04-10 17:39:34,1,50,17.7,63,12.5,1025.8,2,7,323,0.0,0,38.5,0
2025-04-10 17:40:35,1,50,17.7,64,12.5,1025.9,1,5,324,0.0,0,37.5,0
2025-04-10 17:41:36,1,50,17.7,63,12.5,1025.8,3,5,324,0.0,0,36.9,0
2025-04-10 17:42:37,1,50,17.7,63,12.6,1025.9,3,5,323,0.0,0,35.9,0
2025-04-10 17:43:38,1,50,17.7,63,12.6,1025.8,5,7,336,0.0,0,34.9,0
2025-04-10 17:44:39,1,50,17.7,63,12.6,1025.9,1,7,301,0.0,0,33.8,0
2025-04-10 17:45:40,1,50,17.7,63,12.6,1025.9,5,11,314,0.0,0,33.0,0
2025-04-10 17:46:41,1,50,17.7,63,12.6,1025.7,3,11,328,0.0,0,32.1,0
2025-04-10 17:47:42,1,50,17.7,63,12.6,1025.9,7,11,330,0.0,0,31.5,0
2025-04-10 17:48:43,1,50,17.7,64,12.5,1025.9,5,14,1,0.0,0,30.6,0
2025-04-10 17:49:44,1,50,17.7,64,12.4,1025.8,5,14,310,0.0,0,29.8,0
2025-04-10 17:50:45,1,50,17.7,64,12.3,1025.8,6,11,305,0.0,0,29.1,0
2025-04-10 17:51:46,1,50,17.7,64,12.2,1025.8,8,12,359,0.0,0,27.9,0
2025-04-10 17:52:47,1,50,17.7,64,12.1,1025.8,4,12,342,0.0,0,27.3,0
2025-04-10 17:53:48,1,50,17.7,65,12.0,1025.8,5,9,327,0.0,0,26.5,0
2025-04-10 17:54:49,1,50,17.7,65,12.0,1025.8,2,9,1,0.0,0,25.6,0
2025-04-10 17:55:50,1,50,17.7,65,11.9,1025.7,0,5,330,0.0,0,24.7,0
2025-04-10 17:56:51,1,50,17.6,65,11.9,1025.8,2,7,310,0.0,0,23.9,0
2025-04-10 17:57:52,1,50,17.7,65,11.9,1025.8,3,7,285,0.0,0,23.3,0
2025-04-10 17:58:53,1,50,17.7,65,11.9,1025.8,0,7,26,0.0,0,22.5,0
2025-04-10 17:59:54,1,50,17.6,65,11.8,1025.8,1,9,16,0.0,0,21.6,0
2025-04-10 18:00:55,1,50,17.6,65,11.8,1025.8,4,9,325,0.0,0,20.8,0
2025-04-10 18:01:57,1,50,17.6,66,11.8,1025.7,5,7,349,0.0,0,20.0,0
2025-04-10 18:02:58,1,50,17.6,66,11.7,1025.9,2,7,303,0.0,0,19.2,0
2025-04-10 18:03:59,1,50,17.6,66,11.7,1025.9,1,9,357,0.0,0,18.7,0
2025-04-10 18:05:00,1,50,17.6,66,11.7,1025.7,6,9,2,0.0,0,17.9,0
2025-04-10 18:06:01,1,50,17.6,66,11.7,1026.0,0,9,19,0.0,0,17.1,0
2025-04-10 18:07:02,1,50,17.6,66,11.7,1025.8,0,5,323,0.0,0,16.4,0
2025-04-10 18:08:03,1,50,17.6,66,11.7,1026.0,0,5,343,0.0,0,15.7,0
2025-04-10 18:09:04,1,50,17.6,66,11.7,1025.7,1,5,348,0.0,0,15.1,0
2025-04-10 18:10:05,1,50,17.6,66,11.7,1025.8,2,9,351,0.0,0,14.4,0
2025-04-10 18:11:06,1,50,17.6,66,11.6,1025.9,5,7,24,0.0,0,13.6,0
2025-04-10 18:12:07,1,50,17.6,66,11.5,1025.8,8,11,357,0.0,0,12.9,0
2025-04-10 18:13:08,1,50,17.6,67,11.5,1025.8,6,11,338,0.0,0,12.2,0
2025-04-10 18:14:09,1,50,17.6,67,11.4,1025.9,3,11,6,0.0,0,11.6,0
2025-04-10 18:15:10,1,50,17.6,67,11.3,1025.8,2,11,314,0.0,0,11.1,0
2025-04-10 18:16:11,1,50,17.6,67,11.3,1025.9,1,9,304,0.0,0,10.4,0
2025-04-10 18:17:12,1,50,17.6,67,11.2,1026.0,5,11,329,0.0,0,9.8,0
2025-04-10 18:18:13,1,50,17.7,67,11.2,1025.8,2,11,359,0.0,0,9.2,0
2025-04-10 18:19:14,1,50,17.6,67,11.2,1026.0,7,12,329,0.0,0,8.6,0
2025-04-10 18:20:15,1,50,17.6,68,11.1,1025.9,3,12,29,0.0,0,8.1,0
2025-04-10 18:21:16,1,50,17.6,68,11.1,1025.7,2,9,7,0.0,0,7.6,0
2025-04-10 18:22:17,1,50,17.6,68,11.1,1025.9,1,9,328,0.0,0,7.0,0
2025-04-10 18:23:18,1,50,17.6,68,11.0,1025.8,2,9,299,0.0,0,6.5,0
2025-04-10 18:24:19,1,50,17.6,68,11.0,1026.0,6,11,318,0.0,0,6.0,0
2025-04-10 18:25:20,1,50,17.6,68,11.0,1025.9,3,12,296,0.0,0,5.6,0
2025-04-10 18:26:21,1,50,17.6,68,11.0,1025.9,2,7,316,0.0,0,5.2,0
2025-04-10 18:27:22,1,50,17.6,68,10.9,1025.9,6,11,333,0.0,0,4.7,0
2025-04-10 18:28:23,1,50,17.6,68,10.9,1025.8,0,11,272,0.0,0,4.3,0
2025-04-10 18:29:24,1,50,17.6,68,10.9,1026.0,1,7,308,0.0,0,3.9,0
2025-04-10 18:30:25,1,50,17.6,68,10.8,1025.9,4,9,357,0.0,0,3.6,0
2025-04-10 18:31:26,1,50,17.6,69,10.8,1025.8,2,9,34,0.0,0,3.3,0
2025-04-10 18:32:27,1,50,17.6,69,10.7,1025.8,3,9,1,0.0,0,3.0,0
2025-04-10 18:33:28,1,50,17.6,69,10.6,1025.9,4,9,354,0.0,0,2.7,0
2025-04-10 18:34:29,1,50,17.6,69,10.6,1026.0,5,9,343,0.0,0,2.4,0
2025-04-10 18:35:30,1,50,17.6,69,10.5,1026.1,2,11,5,0.0,0,2.1,0
2025-04-10 18:36:31,1,50,17.6,70,10.5,1026.0,4,9,325,0.0,0,1.9,0
2025-04-10 18:37:32,1,50,17.6,70,10.5,1026.1,5,9,311,0.0,0,1.7,0
2025-04-10 18:38:33,1,50,17.6,70,10.4,1026.0,2,7,302,0.0,0,1.5,0
2025-04-10 18:39:34,1,50,17.6,70,10.4,1025.9,3,7,2,0.0,0,1.3,0
2025-04-10 18:40:35,1,50,17.6,70,10.4,1026.0,6,9,4,0.0,0,1.1,0
2025-04-10 18:41:36,1,50,17.6,70,10.4,1025.8,2,9,344,0.0,0,1.0,0
2025-04-10 18:42:37,1,50,17.6,70,10.3,1025.7,3,9,321,0.0,0,0.9,0
2025-04-10 18:43:38,1,50,17.6,70,10.3,1025.9,2,7,334,0.0,0,0.8,0
2025-04-10 18:44:39,1,50,17.7,70,10.3,1025.8,5,7,314,0.0,0,0.7,0
2025-04-10 18:45:40,1,50,17.6,70,10.3,1025.9,2,7,331,0.0,0,0.6,0
2025-04-10 18:46:41,1,50,17.6,70,10.3,1025.9,1,7,291,0.0,0,0.5,0
2025-04-10 18:47:42,1,50,17.6,70,10.3,1026.0,5,9,21,0.0,0,0.4,0
2025-04-10 18:48:43,1,50,17.6,70,10.3,1025.9,0,7,356,0.0,0,0.3,0
2025-04-10 18:49:44,1,50,17.6,70,10.2,1025.8,9,11,5,0.0,0,0.3,0
2025-04-10 18:50:45,1,50,17.6,71,10.1,1025.9,0,11,359,0.0,0,0.2,0
2025-04-10 18:51:46,1,50,17.6,71,10.1,1026.1,6,9,328,0.0,0,0.2,0
2025-04-10 18:52:47,1,50,17.6,71,10.0,1025.9,1,9,310,0.0,0,0.2,0
2025-04-10 18:53:48,1,50,17.6,71,10.0,1026.1,5,9,310,0.0,0,0.1,0
2025-04-10 18:54:49,1,50,17.6,71,10.0,1025.9,2,9,295,0.0,0,0.1,0
2025-04-10 18:55:50,1,50,17.6,71,10.0,1026.0,3,9,352,0.0,0,0.1,0
2025-04-10 18:56:51,1,50,17.6,71,10.0,1025.9,0,7,356,0.0,0,0.1,0
2025-04-10 18:57:52,1,50,17.6,71,10.0,1026.0,0,5,311,0.0,0,0.1,0
2025-04-10 18:58:53,1,50,17.6,71,10.0,1026.0,1,5,311,0.0,0,0.1,0
2025-04-10 18:59:54,1,50,17.6,71,10.0,1026.0,0,3,343,0.0,0,0.1,0
2025-04-10 19:00:55,1,50,17.6,71,10.0,1026.0,1,5,306,0.0,0,0.0,0
2025-04-10 19:01:57,1,50,17.6,71,9.9,1025.9,1,5,10,0.0,0,0.0,0
2025-04-10 19:02:58,1,50,17.6,71,9.9,1026.0,1,11,283,0.0,0,0.0,0
2025-04-10 19:03:59,1,50,17.6,71,9.9,1026.0,1,9,6,0.0,0,0.0,0
2025-04-10 19:05:00,1,50,17.6,71,9.8,1025.9,1,7,304,0.0,0,0.0,0
2025-04-10 19:06:01,1,50,17.6,72,9.8,1026.0,2,7,12,0.0,0,0.0,0
2025-04-10 19:07:02,1,50,17.6,72,9.8,1026.0,2,7,355,0.0,0,0.0,0
2025-04-10 19:08:03,1,50,17.6,72,9.7,1026.2,2,9,338,0.0,0,0.0,0
2025-04-10 19:09:04,1,50,17.6,72,9.7,1026.2,5,9,329,0.0,0,0.0,0
2025-04-10 19:10:05,1,50,17.6,72,9.6,1025.9,3,9,349,0.0,0,0.0,0
2025-04-10 19:11:06,1,50,17.6,72,9.6,1026.0,1,9,355,0.0,0,0.0,0
2025-04-10 19:12:07,1,50,17.6,72,9.6,1026.1,1,7,357,0.0,0,0.0,0
2025-04-10 19:13:08,1,50,17.5,72,9.5,1026.0,7,11,3,0.0,0,0.0,0
2025-04-10 19:14:09,1,50,17.5,73,9.5,1026.2,5,11,9,0.0,0,0.0,0
2025-04-10 19:15:10,1,50,17.6,73,9.5,1026.2,4,11,353,0.0,0,0.0,0
2025-04-10 19:16:11,1,50,17.6,73,9.4,1025.9,5,9,13,0.0,0,0.0,0
2025-04-10 19:17:12,1,50,17.5,73,9.4,1026.1,2,9,310,0.0,0,0.0,0
2025-04-10 19:18:13,1,50,17.5,73,9.4,1026.1,2,7,3,0.0,0,0.0,0
2025-04-10 19:19:14,1,49,17.6,73,9.4,1026.1,3,5,9,0.0,0,0.0,0
2025-04-10 19:20:15,1,49,17.5,73,9.4,1026.1,0,5,355,0.0,0,0.0,0
2025-04-10 19:21:16,1,49,17.6,73,9.4,1026.1,3,5,326,0.0,0,0.0,0
2025-04-10 19:22:17,1,50,17.5,73,9.4,1026.0,1,5,353,0.0,0,0.0,0
2025-04-10 19:23:18,1,49,17.5,74,9.3,1026.2,4,5,355,0.0,0,0.0,0
2025-04-10 19:24:19,1,49,17.5,73,9.3,1026.2,6,7,13,0.0,0,0.0,0
2025-04-10 19:25:20,1,49,17.6,74,9.3,1026.0,1,7,6,0.0,0,0.0,0
2025-04-10 19:26:21,1,50,17.5,74,9.2,1025.9,0,5,316,0.0,0,0.0,0
2025-04-10 19:27:22,1,50,17.6,74,9.2,1026.1,1,3,344,0.0,0,0.0,0
2025-04-10 19:28:23,1,50,17.6,74,9.2,1026.1,3,3,358,0.0,0,0.0,0
2025-04-10 19:29:24,1,50,17.5,74,9.2,1026.1,0,3,343,0.0,0,0.0,0
2025-04-10 19:30:25,1,50,17.6,74,9.2,1026.1,2,3,3,0.0,0,0.0,0
2025-04-10 19:31:26,1,50,17.6,74,9.2,1026.1,2,9,4,0.0,0,0.0,0
2025-04-10 19:32:27,1,50,17.5,74,9.1,1026.1,3,9,36,0.0,0,0.0,0
2025-04-10 19:33:28,1,50,17.6,75,9.0,1026.2,5,9,25,0.0,0,0.0,0
2025-04-10 19:34:29,1,50,17.6,75,9.0,1026.1,4,9,347,0.0,0,0.0,0
2025-04-10 19:35:30,1,50,17.5,75,8.9,1025.9,2,9,17,0.0,0,0.0,0
2025-04-10 19:36:31,1,50,17.6,75,8.9,1026.0,4,7,9,0.0,0,0.0,0
2025-04-10 19:37:32,1,50,17.6,75,8.9,1026.1,0,7,341,0.0,0,0.0,0
2025-04-10 19:38:33,1,50,17.5,75,8.9,1026.1,1,5,306,0.0,0,0.0,0
2025-04-10 19:39:34,1,50,17.6,75,8.8,1026.1,0,11,319,0.0,0,0.0,0
2025-04-10 19:40:35,1,50,17.5,76,8.8,1026.2,3,11,334,0.0,0,0.0,0
2025-04-10 19:41:36,1,50,17.5,76,8.8,1026.3,5,9,344,0.0,0,0.0,0
2025-04-10 19:42:37,1,50,17.5,76,8.8,1026.0,5,9,343,0.0,0,0.0,0
2025-04-10 19:43:38,1,50,17.6,76,8.8,1025.9,1,7,318,0.0,0,0.0,0
2025-04-10 19:44:39,1,50,17.5,76,8.8,1026.0,0,5,338,0.0,0,0.0,0
2025-04-10 19:45:40,1,49,17.5,76,8.8,1026.2,4,5,2,0.0,0,0.0,0
2025-04-10 19:46:41,1,49,17.5,76,8.7,1026.0,3,5,341,0.0,0,0.0,0
2025-04-10 19:47:42,1,49,17.5,76,8.7,1026.0,0,5,339,0.0,0,0.0,0
2025-04-10 19:48:43,1,49,17.5,76,8.7,1026.2,0,5,315,0.0,0,0.0,0
2025-04-10 19:49:44,1,49,17.5,76,8.7,1026.2,0,5,352,0.0,0,0.0,0
2025-04-10 19:50:45,1,49,17.5,76,8.7,1026.0,0,1,12,0.0,0,0.0,0
2025-04-10 19:51:46,1,49,17.5,76,8.6,1026.1,1,3,287,0.0,0,0.0,0
2025-04-10 19:52:47,1,49,17.5,77,8.6,1026.1,2,5,316,0.0,0,0.0,0
2025-04-10 19:53:48,1,49,17.5,77,8.6,1026.0,0,5,308,0.0,0,0.0,0
2025-04-10 19:54:49,1,49,17.5,77,8.6,1026.1,2,7,330,0.0,0,0.0,0
2025-04-10 19:55:50,1,49,17.5,77,8.6,1026.1,3,7,314,0.0,0,0.0,0
2025-04-10 19:56:51,1,49,17.5,77,8.6,1026.2,1,9,6,0.0,0,0.0,0
2025-04-10 19:57:52,1,49,17.5,77,8.5,1026.1,1,9,321,0.0,0,0.0,0
2025-04-10 19:58:53,1,49,17.5,77,8.5,1026.0,1,5,326,0.0,0,0.0,0
2025-04-10 19:59:54,1,49,17.5,77,8.5,1026.2,6,7,22,0.0,0,0.0,0
2025-04-10 20:00:55,1,49,17.5,77,8.5,1026.2,3,11,23,0.0,0,0.0,0
2025-04-10 20:01:56,1,49,17.4,78,8.4,1026.0,2,11,299,0.0,0,0.0,0
2025-04-10 20:02:57,1,49,17.4,78,8.4,1026.0,2,9,2,0.0,0,0.0,0
2025-04-10 20:03:58,1,49,17.5,78,8.3,1026.1,4,9,333,0.0,0,0.0,0
2025-04-10 20:04:59,1,49,17.4,78,8.3,1025.9,6,9,293,0.0,0,0.0,0
2025-04-10 20:06:00,1,49,17.4,78,8.3,1025.9,6,9,6,0.0,0,0.0,0
2025-04-10 20:07:01,1,49,17.4,78,8.3,1026.1,3,9,355,0.0,0,0.0,0
2025-04-10 20:08:02,1,49,17.4,78,8.2,1025.9,3,7,17,0.0,0,0.0,0
2025-04-10 20:09:03,1,49,17.4,79,8.2,1026.0,2,3,17,0.0,0,0.0,0
2025-04-10 20:10:04,1,49,17.4,79,8.1,1026.0,5,9,15,0.0,0,0.0,0
2025-04-10 20:11:05,1,49,17.4,79,8.1,1025.9,5,12,41,0.0,0,0.0,0
2025-04-10 20:12:06,1,49,17.5,79,8.1,1026.0,2,12,13,0.0,0,0.0,0
2025-04-10 20:13:07,1,49,17.4,79,8.0,1026.0,2,5,324,0.0,0,0.0,0
2025-04-10 20:14:08,1,49,17.4,79,8.0,1025.9,0,5,347,0.0,0,0.0,0
2025-04-10 20:15:09,1,49,17.4,80,8.0,1025.9,1,3,339,0.0,0,0.0,0
2025-04-10 20:16:10,1,49,17.4,80,8.1,1026.0,1,5,355,0.0,0,0.0,0
2025-04-10 20:17:11,1,49,17.4,80,8.1,1025.8,3,5,2,0.0,0,0.0,0
2025-04-10 20:18:12,1,49,17.4,80,8.1,1025.9,1,7,20,0.0,0,0.0,0
2025-04-10 20:19:13,1,49,17.4,79,8.1,1025.8,2,7,316,0.0,0,0.0,0
2025-04-10 20:20:14,1,49,17.4,80,8.0,1025.9,0,5,294,0.0,0,0.0,0
2025-04-10 20:21:15,1,49,17.4,80,8.0,1025.7,3,5,32,0.0,0,0.0,0
2025-04-10 20:22:16,1,49,17.4,80,8.0,1025.8,0,5,32,0.0,0,0.0,0
2025-04-10 20:23:17,1,49,17.4,80,8.0,1025.8,0,3,13,0.0,0,0.0,0
2025-04-10 20:24:18,1,49,17.4,80,7.9,1025.8,3,5,17,0.0,0,0.0,0
2025-04-10 20:25:19,1,49,17.4,80,7.9,1025.8,5,5,359,0.0,0,0.0,0
2025-04-10 20:26:20,1,49,17.4,80,7.9,1025.7,2,5,312,0.0,0,0.0,0
2025-04-10 20:27:21,1,49,17.4,80,7.9,1025.8,2,7,348,0.0,0,0.0,0
2025-04-10 20:28:22,1,49,17.4,80,7.9,1025.8,0,5,347,0.0,0,0.0,0
2025-04-10 20:29:23,1,49,17.4,80,7.9,1025.6,3,5,359,0.0,0,0.0,0
2025-04-10 20:30:24,1,49,17.4,80,7.9,1025.7,1,5,1,0.0,0,0.0,0
2025-04-10 20:31:25,1,49,17.4,81,7.9,1026.0,1,3,359,0.0,0,0.0,0
2025-04-10 20:32:26,1,49,17.4,81,7.9,1025.9,2,5,344,0.0,0,0.0,0
2025-04-10 20:33:27,1,49,17.4,81,7.9,1025.9,2,5,9,0.0,0,0.0,0
2025-04-10 20:34:28,1,49,17.3,81,7.9,1025.9,5,7,358,0.0,0,0.0,0
2025-04-10 20:35:29,1,49,17.3,81,7.8,1025.8,1,7,7,0.0,0,0.0,0
2025-04-10 20:36:30,1,49,17.3,81,7.8,1025.9,4,9,311,0.0,0,0.0,0
2025-04-10 20:37:31,1,49,17.3,81,7.8,1025.8,4,9,19,0.0,0,0.0,0
2025-04-10 20:38:32,1,49,17.3,81,7.8,1025.7,1,7,15,0.0,0,0.0,0
2025-04-10 20:39:33,1,49,17.3,81,7.8,1025.7,0,1,3,0.0,0,0.0,0
2025-04-10 20:40:34,1,49,17.3,81,7.8,1025.7,3,7,2,0.0,0,0.0,0
2025-04-10 20:41:35,1,49,17.3,81,7.8,1025.9,4,9,14,0.0,0,0.0,0
2025-04-10 20:42:36,1,49,17.3,81,7.8,1025.9,3,9,19,0.0,0,0.0,0
2025-04-10 20:43:37,1,49,17.3,81,7.8,1025.7,1,7,358,0.0,0,0.0,0
2025-04-10 20:44:38,1,49,17.3,81,7.7,1025.9,0,5,326,0.0,0,0.0,0
2025-04-10 20:45:39,1,49,17.3,81,7.7,1025.7,1,5,338,0.0,0,0.0,0
2025-04-10 20:46:40,1,49,17.3,82,7.7,1025.7,6,7,352,0.0,0,0.0,0
2025-04-10 20:47:41,1,49,17.2,82,7.7,1025.8,1,7,329,0.0,0,0.0,0
2025-04-10 20:48:42,1,49,17.2,82,7.7,1025.7,0,1,336,0.0,0,0.0,0
2025-04-10 20:49:43,1,49,17.2,82,7.7,1025.6,7,9,352,0.0,0,0.0,0
2025-04-10 20:50:44,1,49,17.2,82,7.7,1025.7,1,9,289,0.0,0,0.0,0
2025-04-10 20:51:45,1,49,17.2,82,7.7,1025.9,0,3,314,0.0,0,0.0,0
2025-04-10 20:52:46,1,49,17.2,82,7.7,1025.5,0,1,2,0.0,0,0.0,0
2025-04-10 20:53:47,1,49,17.2,82,7.7,1025.6,0,1,2,0.0,0,0.0,0
2025-04-10 20:54:48,1,49,17.2,82,7.7,1025.5,2,3,13,0.0,0,0.0,0
2025-04-10 20:55:49,1,49,17.2,82,7.7,1025.6,3,3,330,0.0,0,0.0,0
2025-04-10 20:56:50,1,49,17.2,82,7.7,1025.4,1,3,321,0.0,0,0.0,0
2025-04-10 20:57:51,1,49,17.2,82,7.7,1025.7,2,5,333,0.0,0,0.0,0
2025-04-10 20:58:52,1,49,17.2,82,7.6,1025.6,1,5,322,0.0,0,0.0,0
2025-04-10 20:59:53,1,49,17.1,82,7.6,1025.6,1,5,325,0.0,0,0.0,0
2025-04-10 21:00:54,1,49,17.1,82,7.6,1025.6,0,5,329,0.0,0,0.0,0
2025-04-10 21:01:55,1,49,17.1,82,7.6,1025.7,0,3,322,0.0,0,0.0,0
2025-04-10 21:02:56,1,49,17.1,82,7.6,1025.7,2,5,12,0.0,0,0.0,0
2025-04-10 21:03:57,1,49,17.1,82,7.6,1025.4,1,5,323,0.0,0,0.0,0
2025-04-10 21:04:58,1,49,17.1,82,7.6,1025.5,1,3,310,0.0,0,0.0,0
2025-04-10 21:05:59,1,49,17.1,82,7.6,1025.5,0,3,346,0.0,0,0.0,0
2025-04-10 21:07:00,1,49,17.1,82,7.5,1025.6,0,1,346,0.0,0,0.0,0
2025-04-10 21:08:01,1,49,17.1,82,7.5,1025.5,0,1,346,0.0,0,0.0,0
2025-04-10 21:09:02,1,49,17.1,82,7.5,1025.5,0,0,346,0.0,0,0.0,0
2025-04-10 21:10:03,1,49,17.1,83,7.5,1025.5,0,0,346,0.0,0,0.0,0
2025-04-10 21:11:04,1,49,17.1,82,7.5,1025.4,0,0,346,0.0,0,0.0,0
2025-04-10 21:12:05,1,49,17.0,83,7.5,1025.4,0,1,325,0.0,0,0.0,0
2025-04-10 21:13:06,1,49,17.0,82,7.5,1025.3,0,1,325,0.0,0,0.0,0
2025-04-10 21:14:07,1,49,17.0,83,7.4,1025.2,2,3,317,0.0,0,0.0,0
2025-04-10 21:15:08,1,49,17.0,83,7.4,1025.4,1,3,327,0.0,0,0.0,0
2025-04-10 21:16:09,1,49,17.0,83,7.4,1025.2,0,1,327,0.0,0,0.0,0
2025-04-10 21:17:10,1,49,17.0,83,7.4,1025.2,0,1,327,0.0,0,0.0,0
2025-04-10 21:18:11,1,49,17.0,83,7.4,1025.4,0,0,327,0.0,0,0.0,0
2025-04-10 21:19:12,1,49,17.0,83,7.4,1025.1,0,1,327,0.0,0,0.0,0
2025-04-10 21:20:16,1,49,17.0,83,7.3,1025.4,0,1,327,0.0,0,0.0,0
2025-04-10 21:21:14,1,49,17.0,83,7.3,1025.3,0,0,327,0.0,0,0.0,0
2025-04-10 21:22:15,1,49,17.0,83,7.3,1025.4,0,1,334,0.0,0,0.0,0
2025-04-10 21:23:16,1,49,16.9,83,7.3,1025.3,0,1,333,0.0,0,0.0,0
2025-04-10 21:24:17,1,49,16.9,83,7.3,1025.4,0,1,333,0.0,0,0.0,0
2025-04-10 21:25:18,1,49,16.9,83,7.3,1025.2,1,3,315,0.0,0,0.0,0
2025-04-10 21:26:19,1,49,16.9,83,7.3,1025.2,0,3,315,0.0,0,0.0,0
2025-04-10 21:27:20,1,49,16.9,83,7.3,1025.2,0,1,315,0.0,0,0.0,0
2025-04-10 21:28:21,1,49,16.9,83,7.3,1025.4,0,1,315,0.0,0,0.0,0
2025-04-10 21:29:22,1,49,16.9,83,7.3,1025.3,0,0,315,0.0,0,0.0,0
2025-04-10 21:30:23,1,49,16.9,83,7.3,1025.2,1,1,315,0.0,0,0.0,0
2025-04-10 21:31:24,1,49,16.9,83,7.2,1025.3,1,3,318,0.0,0,0.0,0
2025-04-10 21:32:25,1,49,16.9,84,7.2,1025.3,0,1,343,0.0,0,0.0,0
2025-04-10 21:33:26,1,49,16.9,83,7.2,1025.2,0,1,343,0.0,0,0.0,0
2025-04-10 21:34:27,1,49,16.9,83,7.2,1025.2,0,0,343,0.0,0,0.0,0
2025-04-10 21:35:28,1,49,16.9,83,7.2,1025.4,0,0,342,0.0,0,0.0,0
2025-04-10 21:36:29,1,49,16.9,83,7.2,1025.2,0,1,343,0.0,0,0.0,0
2025-04-10 21:37:30,1,49,16.8,83,7.2,1025.3,0,1,342,0.0,0,0.0,0
2025-04-10 21:38:31,1,49,16.8,83,7.2,1025.2,0,0,342,0.0,0,0.0,0
2025-04-10 21:39:32,1,49,16.8,83,7.1,1025.2,0,1,344,0.0,0,0.0,0
2025-04-10 21:40:33,1,49,16.8,84,7.1,1025.2,0,1,344,0.0,0,0.0,0
2025-04-10 21:41:34,1,49,16.8,84,7.1,1025.4,0,0,344,0.0,0,0.0,0
2025-04-10 21:42:35,1,49,16.8,84,7.0,1025.3,0,0,344,0.0,0,0.0,0
2025-04-10 21:43:36,1,49,16.8,84,7.0,1025.4,0,0,344,0.0,0,0.0,0
2025-04-10 21:44:37,1,49,16.8,84,6.9,1025.2,0,0,344,0.0,0,0.0,0
2025-04-10 21:45:38,1,49,16.8,84,6.9,1025.3,0,0,344,0.0,0,0.0,0
2025-04-10 21:46:39,1,49,16.8,84,6.9,1025.2,0,0,344,0.0,0,0.0,0
2025-04-10 21:47:40,1,49,16.8,84,6.8,1025.2,0,0,344,0.0,0,0.0,0
2025-04-10 21:48:41,1,49,16.8,84,6.8,1025.3,0,0,344,0.0,0,0.0,0
2025-04-10 21:49:42,1,49,16.8,84,6.7,1025.2,0,0,344,0.0,0,0.0,0
2025-04-10 21:50:43,1,49,16.7,84,6.7,1025.3,0,0,344,0.0,0,0.0,0
2025-04-10 21:51:44,1,49,16.8,84,6.7,1025.1,0,0,344,0.0,0,0.0,0
2025-04-10 21:52:45,1,49,16.7,85,6.6,1025.1,0,0,344,0.0,0,0.0,0
2025-04-10 21:53:46,1,49,16.7,85,6.6,1025.1,0,0,344,0.0,0,0.0,0
2025-04-10 21:54:47,1,49,16.7,85,6.7,1025.1,0,0,344,0.0,0,0.0,0
2025-04-10 21:55:48,1,49,16.7,85,6.7,1025.2,0,0,344,0.0,0,0.0,0
2025-04-10 21:56:49,1,49,16.7,85,6.6,1025.2,0,0,344,0.0,0,0.0,0
2025-04-10 21:57:50,1,49,16.7,85,6.6,1025.4,0,0,344,0.0,0,0.0,0
2025-04-10 21:58:51,1,49,16.7,85,6.6,1025.2,0,0,344,0.0,0,0.0,0
2025-04-10 21:59:52,1,49,16.7,86,6.6,1025.2,0,0,344,0.0,0,0.0,0
2025-04-10 22:00:53,1,49,16.7,86,6.6,1025.1,0,0,344,0.0,0,0.0,0
2025-04-10 22:01:54,1,49,16.7,86,6.7,1025.1,0,0,344,0.0,0,0.0,0
2025-04-10 22:02:55,1,49,16.7,86,6.7,1025.1,0,0,344,0.0,0,0.0,0
2025-04-10 22:03:56,1,49,16.7,86,6.8,1025.3,0,1,344,0.0,0,0.0,0
2025-04-10 22:04:57,1,49,16.7,86,6.8,1025.3,1,1,300,0.0,0,0.0,0
2025-04-10 22:05:58,1,49,16.7,85,6.9,1025.2,0,1,300,0.0,0,0.0,0
2025-04-10 22:06:59,1,49,16.6,85,6.9,1025.3,0,1,300,0.0,0,0.0,0
2025-04-10 22:08:00,1,49,16.6,85,7.0,1025.2,0,1,300,0.0,0,0.0,0
2025-04-10 22:09:01,1,49,16.6,85,7.0,1025.2,0,0,300,0.0,0,0.0,0
2025-04-10 22:10:02,1,49,16.6,85,7.0,1025.1,0,0,300,0.0,0,0.0,0
2025-04-10 22:11:03,1,49,16.6,85,7.0,1025.2,0,0,300,0.0,0,0.0,0
2025-04-10 22:12:04,1,49,16.6,85,7.0,1025.1,0,0,300,0.0,0,0.0,0
2025-04-10 22:13:05,1,49,16.6,85,7.0,1025.3,0,0,300,0.0,0,0.0,0
2025-04-10 22:14:06,1,49,16.6,84,7.0,1025.2,0,0,300,0.0,0,0.0,0
2025-04-10 22:15:07,1,49,16.6,84,7.0,1025.2,0,0,300,0.0,0,0.0,0
2025-04-10 22:16:08,1,49,16.6,84,7.0,1025.2,0,0,300,0.0,0,0.0,0
2025-04-10 22:17:09,1,49,16.6,85,7.0,1025.1,0,0,300,0.0,0,0.0,0
2025-04-10 22:18:10,1,49,16.6,84,7.0,1025.1,0,1,300,0.0,0,0.0,0
2025-04-10 22:19:11,1,49,16.6,85,7.0,1025.2,0,1,300,0.0,0,0.0,0
2025-04-10 22:20:12,1,49,16.6,85,7.0,1025.3,0,1,300,0.0,0,0.0,0
2025-04-10 22:21:13,1,49,16.6,84,7.0,1025.0,0,0,300,0.0,0,0.0,0
2025-04-10 22:22:14,1,49,16.6,85,6.9,1025.1,0,0,300,0.0,0,0.0,0
2025-04-10 22:23:15,1,49,16.5,85,6.9,1025.1,0,0,300,0.0,0,0.0,0
2025-04-10 22:24:16,1,49,16.5,85,6.9,1025.2,0,0,300,0.0,0,0.0,0
2025-04-10 22:25:17,1,49,16.6,85,6.9,1025.2,0,1,300,0.0,0,0.0,0
2025-04-10 22:26:18,1,49,16.5,85,6.9,1025.2,0,1,300,0.0,0,0.0,0
2025-04-10 22:27:19,1,49,16.5,85,6.9,1025.1,0,0,300,0.0,0,0.0,0
2025-04-10 22:28:20,1,49,16.5,85,6.9,1025.1,0,0,300,0.0,0,0.0,0
2025-04-10 22:29:21,1,49,16.5,85,6.9,1025.2,0,0,300,0.0,0,0.0,0
2025-04-10 22:30:22,1,49,16.5,85,6.9,1025.3,0,0,300,0.0,0,0.0,0
2025-04-10 22:31:23,1,49,16.5,85,6.9,1025.1,0,0,300,0.0,0,0.0,0
2025-04-10 22:32:24,1,49,16.5,85,6.9,1025.2,0,0,300,0.0,0,0.0,0
2025-04-10 22:33:25,1,49,16.5,85,6.9,1025.2,0,0,300,0.0,0,0.0,0
2025-04-10 22:34:26,1,49,16.5,85,6.9,1025.0,0,0,300,0.0,0,0.0,0
2025-04-10 22:35:27,1,49,16.5,85,6.9,1025.1,0,0,300,0.0,0,0.0,0
2025-04-10 22:36:28,1,49,16.5,85,6.9,1025.1,0,0,300,0.0,0,0.0,0
2025-04-10 22:37:29,1,49,16.5,85,6.8,1025.0,0,0,300,0.0,0,0.0,0
2025-04-10 22:38:30,1,49,16.5,85,6.8,1025.1,0,0,300,0.0,0,0.0,0
2025-04-10 22:39:31,1,49,16.5,85,6.8,1025.0,0,0,300,0.0,0,0.0,0
2025-04-10 22:40:32,1,49,16.5,85,6.8,1025.0,0,0,300,0.0,0,0.0,0
2025-04-10 22:41:33,1,49,16.5,85,6.8,1025.2,0,0,300,0.0,0,0.0,0
2025-04-10 22:42:34,1,49,16.5,85,6.8,1024.9,0,1,300,0.0,0,0.0,0
2025-04-10 22:43:35,1,49,16.5,85,6.8,1025.0,0,0,300,0.0,0,0.0,0
2025-04-10 22:44:36,1,49,16.5,85,6.8,1025.1,0,0,300,0.0,0,0.0,0
2025-04-10 22:45:37,1,49,16.5,85,6.8,1025.0,0,0,300,0.0,0,0.0,0
2025-04-10 22:46:38,1,49,16.5,85,6.8,1024.9,0,0,300,0.0,0,0.0,0
2025-04-10 22:47:39,1,49,16.4,85,6.8,1025.0,0,1,300,0.0,0,0.0,0
2025-04-10 22:48:40,1,49,16.4,85,6.8,1025.0,0,1,300,0.0,0,0.0,0
2025-04-10 22:49:41,1,49,16.4,85,6.8,1025.1,0,1,300,0.0,0,0.0,0
2025-04-10 22:50:42,1,49,16.4,85,6.8,1025.0,0,1,300,0.0,0,0.0,0
2025-04-10 22:51:43,1,49,16.4,85,6.8,1025.1,1,3,287,0.0,0,0.0,0
2025-04-10 22:52:44,1,49,16.4,85,6.7,1025.1,0,1,287,0.0,0,0.0,0
2025-04-10 22:53:45,1,49,16.4,85,6.7,1025.0,0,1,288,0.0,0,0.0,0
2025-04-10 22:54:46,1,49,16.4,85,6.7,1025.2,0,1,288,0.0,0,0.0,0
2025-04-10 22:55:47,1,49,16.4,85,6.7,1025.2,0,1,288,0.0,0,0.0,0
2025-04-10 22:56:48,1,49,16.4,85,6.7,1025.2,0,1,288,0.0,0,0.0,0
2025-04-10 22:57:49,1,49,16.4,85,6.7,1024.9,0,1,287,0.0,0,0.0,0
2025-04-10 22:58:50,1,49,16.4,85,6.7,1025.1,0,0,287,0.0,0,0.0,0
2025-04-10 22:59:51,1,49,16.4,86,6.7,1025.1,0,0,288,0.0,0,0.0,0
2025-04-10 23:00:52,1,49,16.4,86,6.7,1025.1,0,0,288,0.0,0,0.0,0
2025-04-10 23:01:53,1,49,16.4,86,6.7,1025.0,0,0,288,0.0,0,0.0,0
2025-04-10 23:02:54,1,49,16.4,86,6.7,1025.0,0,0,288,0.0,0,0.0,0
2025-04-10 23:03:55,1,49,16.4,86,6.7,1025.0,0,0,288,0.0,0,0.0,0
2025-04-10 23:04:56,1,49,16.4,86,6.7,1025.0,0,0,288,0.0,0,0.0,0
2025-04-10 23:05:57,1,49,16.4,86,6.7,1025.0,0,0,288,0.0,0,0.0,0
2025-04-10 23:06:58,1,49,16.4,86,6.7,1025.2,0,0,288,0.0,0,0.0,0
2025-04-10 23:07:59,1,49,16.4,86,6.7,1025.0,0,0,287,0.0,0,0.0,0
2025-04-10 23:09:00,1,49,16.4,86,6.7,1025.0,0,0,287,0.0,0,0.0,0
2025-04-10 23:10:01,1,49,16.4,86,6.6,1025.1,0,0,287,0.0,0,0.0,0
2025-04-10 23:11:02,1,49,16.4,86,6.6,1025.1,0,0,287,0.0,0,0.0,0
2025-04-10 23:12:03,1,49,16.4,86,6.6,1025.0,0,0,287,0.0,0,0.0,0
2025-04-10 23:13:04,1,49,16.4,86,6.6,1025.1,0,0,288,0.0,0,0.0,0
2025-04-10 23:14:05,1,49,16.4,86,6.6,1025.0,0,1,288,0.0,0,0.0,0
2025-04-10 23:15:06,1,49,16.4,86,6.5,1024.9,0,1,288,0.0,0,0.0,0
2025-04-10 23:16:07,1,49,16.4,86,6.5,1024.9,1,1,288,0.0,0,0.0,0
2025-04-10 23:17:08,1,49,16.3,86,6.5,1024.9,0,1,288,0.0,0,0.0,0
2025-04-10 23:18:09,1,49,16.3,86,6.4,1024.9,0,1,288,0.0,0,0.0,0
2025-04-10 23:19:10,1,49,16.3,86,6.4,1025.0,0,1,288,0.0,0,0.0,0
2025-04-10 23:20:11,1,49,16.3,86,6.4,1025.0,1,1,288,0.0,0,0.0,0
2025-04-10 23:21:12,1,49,16.3,87,6.5,1024.8,0,1,287,0.0,0,0.0,0
2025-04-10 23:22:13,1,49,16.3,87,6.5,1024.8,1,1,287,0.0,0,0.0,0
2025-04-10 23:23:14,1,49,16.3,87,6.5,1024.9,0,1,287,0.0,0,0.0,0
2025-04-10 23:24:15,1,49,16.3,87,6.5,1024.8,0,1,287,0.0,0,0.0,0
2025-04-10 23:25:16,1,49,16.3,87,6.5,1024.8,0,0,287,0.0,0,0.0,0
2025-04-10 23:26:17,1,49,16.3,86,6.5,1025.0,0,0,287,0.0,0,0.0,0
2025-04-10 23:27:18,1,49,16.3,86,6.5,1024.7,1,1,287,0.0,0,0.0,0
2025-04-10 23:28:19,1,49,16.3,87,6.5,1024.7,1,1,287,0.0,0,0.0,0
2025-04-10 23:29:20,1,49,16.3,87,6.5,1024.8,1,1,271,0.0,0,0.0,0
2025-04-10 23:30:21,1,49,16.3,87,6.5,1024.8,0,1,271,0.0,0,0.0,0
2025-04-10 23:31:22,1,49,16.3,87,6.5,1024.8,0,1,271,0.0,0,0.0,0
2025-04-10 23:32:23,1,49,16.3,87,6.5,1024.8,2,3,265,0.0,0,0.0,0
2025-04-10 23:33:24,1,49,16.3,87,6.5,1024.6,0,3,265,0.0,0,0.0,0
2025-04-10 23:34:25,1,49,16.3,87,6.5,1024.7,0,1,265,0.0,0,0.0,0
2025-04-10 23:35:26,1,49,16.3,87,6.5,1024.6,0,1,265,0.0,0,0.0,0
2025-04-10 23:36:27,1,49,16.3,87,6.5,1024.7,0,1,265,0.0,0,0.0,0
2025-04-10 23:37:28,1,49,16.3,87,6.5,1024.7,1,3,263,0.0,0,0.0,0
2025-04-10 23:38:29,1,49,16.3,87,6.5,1024.8,1,3,263,0.0,0,0.0,0
2025-04-10 23:39:30,1,49,16.2,87,6.5,1024.7,1,1,263,0.0,0,0.0,0
2025-04-10 23:40:31,1,49,16.2,87,6.5,1024.4,2,3,263,0.0,0,0.0,0
2025-04-10 23:41:32,1,49,16.2,87,6.5,1024.5,1,3,262,0.0,0,0.0,0
2025-04-10 23:42:33,1,49,16.2,87,6.5,1024.4,2,3,261,0.0,0,0.0,0
2025-04-10 23:43:34,1,49,16.2,87,6.5,1024.5,1,3,262,0.0,0,0.0,0
2025-04-10 23:44:35,1,49,16.2,87,6.5,1024.4,1,1,262,0.0,0,0.0,0
2025-04-10 23:45:36,1,49,16.2,87,6.5,1024.8,1,3,275,0.0,0,0.0,0
2025-04-10 23:46:37,1,49,16.2,87,6.5,1024.5,0,3,274,0.0,0,0.0,0
2025-04-10 23:47:38,1,49,16.2,87,6.5,1024.6,1,3,275,0.0,0,0.0,0
2025-04-10 23:48:39,1,49,16.2,87,6.5,1024.7,1,1,274,0.0,0,0.0,0
2025-04-10 23:49:40,1,49,16.2,87,6.5,1024.6,1,3,262,0.0,0,0.0,0
2025-04-10 23:50:41,1,49,16.2,87,6.5,1024.6,3,5,241,0.0,0,0.0,0
2025-04-10 23:51:42,1,49,16.2,87,6.5,1024.6,1,5,248,0.0,0,0.0,0
2025-04-10 23:52:43,1,49,16.2,87,6.5,1024.5,4,9,259,0.0,0,0.0,0
2025-04-10 23:53:44,1,49,16.2,87,6.5,1024.4,5,9,273,0.0,0,0.0,0
2025-04-10 23:54:45,1,49,16.2,87,6.5,1024.4,3,7,269,0.0,0,0.0,0
2025-04-10 23:55:46,1,49,16.2,87,6.5,1024.5,1,5,258,0.0,0,0.0,0
2025-04-10 23:56:47,1,49,16.2,87,6.5,1024.6,2,3,260,0.0,0,0.0,0
2025-04-10 23:57:48,1,49,16.2,87,6.5,1024.3,1,3,256,0.0,0,0.0,0
2025-04-10 23:58:49,1,49,16.2,87,6.5,1024.4,3,5,249,0.0,0,0.0,0
2025-04-10 23:59:50,1,49,16.2,88,6.5,1024.4,2,5,231,0.0,0,0.0,0
