2025-04-24 00:00:21,1,64,18.3,94,12.0,1014.1,2,3,358,0.0,0,0.0,0
2025-04-24 00:01:22,1,64,18.3,94,12.0,1014.0,0,3,345,0.0,0,0.0,0
2025-04-24 00:02:23,1,64,18.3,94,12.0,1014.1,0,1,349,0.0,0,0.0,0
2025-04-24 00:03:24,1,64,18.3,94,12.0,1014.1,0,3,344,0.0,0,0.0,0
2025-04-24 00:04:25,1,64,18.3,94,12.0,1014.1,0,1,344,0.0,0,0.0,0
2025-04-24 00:05:26,1,64,18.3,94,12.0,1013.9,0,1,11,0.0,0,0.0,0
2025-04-24 00:06:27,1,64,18.3,94,12.0,1014.1,1,5,12,0.0,0,0.0,0
2025-04-24 00:07:28,1,64,18.3,94,12.0,1014.2,3,9,18,0.0,0,0.0,0
2025-04-24 00:08:29,1,64,18.3,94,12.0,1014.1,2,9,16,0.0,0,0.0,0
2025-04-24 00:09:30,1,64,18.3,94,12.0,1014.0,0,5,343,0.0,0,0.0,0
2025-04-24 00:10:31,1,64,18.3,94,11.9,1014.3,3,7,12,0.0,0,0.0,0
2025-04-24 00:11:32,1,64,18.3,94,11.9,1014.2,1,7,24,0.0,0,0.0,0
2025-04-24 00:12:33,1,64,18.3,94,11.9,1014.2,1,3,21,0.0,0,0.0,0
2025-04-24 00:13:34,1,64,18.3,94,11.9,1014.1,4,5,24,0.0,0,0.0,0
2025-04-24 00:14:36,1,64,18.3,94,11.9,1014.1,4,7,13,0.0,0,0.0,0
2025-04-24 00:15:37,1,64,18.3,94,11.9,1014.1,1,7,36,0.0,0,0.0,0
2025-04-24 00:16:38,1,64,18.3,94,11.9,1014.2,3,7,51,0.0,0,0.0,0
2025-04-24 00:18:40,1,64,18.3,94,11.9,1014.2,0,9,23,0.0,0,0.0,0
2025-04-24 00:19:41,1,64,18.3,94,11.9,1014.3,0,3,1,0.0,0,0.0,0
2025-04-24 00:20:42,1,64,18.3,94,11.9,1014.4,2,7,7,0.0,0,0.0,0
2025-04-24 00:21:43,1,64,18.3,94,11.9,1014.1,4,7,338,0.0,0,0.0,0
2025-04-24 00:22:44,1,64,18.3,94,11.9,1014.2,2,7,23,0.0,0,0.0,0
2025-04-24 00:23:45,1,64,18.3,94,11.9,1014.1,1,7,31,0.0,0,0.0,0
2025-04-24 00:24:46,1,64,18.3,94,11.9,1014.2,3,5,24,0.0,0,0.0,0
2025-04-24 00:25:47,1,64,18.3,94,11.9,1014.2,1,5,347,0.0,0,0.0,0
2025-04-24 00:26:48,1,64,18.3,94,11.9,1014.2,2,5,354,0.0,0,0.0,0
2025-04-24 00:27:49,1,64,18.3,94,11.9,1014.3,5,7,44,0.0,0,0.0,0
2025-04-24 00:28:50,1,64,18.3,94,11.9,1014.3,1,7,14,0.0,0,0.0,0
2025-04-24 00:29:51,1,64,18.3,94,11.9,1014.3,5,7,32,0.0,0,0.0,0
2025-04-24 00:30:52,1,64,18.3,94,11.8,1014.3,2,9,54,0.0,0,0.0,0
2025-04-24 00:31:53,1,64,18.3,94,11.8,1014.3,2,5,32,0.0,0,0.0,0
2025-04-24 00:32:54,1,64,18.3,94,11.8,1014.3,3,5,37,0.0,0,0.0,0
2025-04-24 00:33:55,1,64,18.3,94,11.8,1014.3,4,7,32,0.0,0,0.0,0
2025-04-24 00:34:56,1,64,18.3,94,11.8,1014.4,3,7,23,0.0,0,0.0,0
2025-04-24 00:35:57,1,64,18.3,94,11.8,1014.2,1,7,33,0.0,0,0.0,0
2025-04-24 00:36:58,1,64,18.3,94,11.8,1014.2,2,3,26,0.0,0,0.0,0
2025-04-24 00:37:59,1,64,18.3,94,11.8,1014.2,2,7,30,0.0,0,0.0,0
2025-04-24 00:39:00,1,64,18.3,94,11.8,1014.1,6,9,27,0.0,0,0.0,0
2025-04-24 00:40:01,1,64,18.3,94,11.8,1014.3,5,9,61,0.0,0,0.0,0
2025-04-24 00:41:02,1,64,18.3,94,11.8,1014.3,0,9,13,0.0,0,0.0,0
2025-04-24 00:42:03,1,64,18.3,94,11.8,1014.3,2,5,23,0.0,0,0.0,0
2025-04-24 00:43:04,1,64,18.2,94,11.8,1014.2,2,5,13,0.0,0,0.0,0
2025-04-24 00:44:05,1,64,18.3,94,11.8,1014.4,1,3,30,0.0,0,0.0,0
2025-04-24 00:45:06,1,64,18.3,94,11.8,1014.3,1,3,23,0.0,0,0.0,0
2025-04-24 00:46:07,1,64,18.3,94,11.8,1014.1,0,3,10,0.0,0,0.0,0
2025-04-24 00:47:08,1,64,18.3,94,11.8,1014.4,0,5,9,0.0,0,0.0,0
2025-04-24 00:48:09,1,64,18.3,94,11.8,1014.3,3,11,31,0.0,0,0.0,0
2025-04-24 00:49:10,1,64,18.3,94,11.7,1014.3,2,11,30,0.0,0,0.0,0
2025-04-24 00:50:11,1,64,18.3,94,11.7,1014.2,2,7,14,0.0,0,0.0,0
2025-04-24 00:51:12,1,64,18.3,94,11.7,1014.3,3,7,9,0.0,0,0.0,0
2025-04-24 00:52:13,1,64,18.3,94,11.7,1014.2,1,7,9,0.0,0,0.0,0
2025-04-24 00:53:14,1,64,18.3,94,11.7,1014.3,4,5,25,0.0,0,0.0,0
2025-04-24 00:54:15,1,64,18.2,94,11.7,1014.3,0,5,358,0.0,0,0.0,0
2025-04-24 00:55:16,1,64,18.3,94,11.7,1014.1,1,3,351,0.0,0,0.0,0
2025-04-24 00:56:17,1,64,18.3,94,11.7,1014.3,0,3,30,0.0,0,0.0,0
2025-04-24 00:57:18,1,64,18.3,94,11.6,1014.2,6,9,11,0.0,0,0.0,0
2025-04-24 00:58:19,1,64,18.3,94,11.6,1014.2,3,9,25,0.0,0,0.0,0
2025-04-24 00:59:20,1,64,18.3,94,11.6,1014.2,0,7,16,0.0,0,0.0,0
2025-04-24 01:00:21,1,64,18.3,94,11.6,1014.4,2,7,50,0.0,0,0.0,0
2025-04-24 01:01:22,1,64,18.3,94,11.5,1014.4,5,7,3,0.0,0,0.0,0
2025-04-24 01:02:23,1,64,18.3,94,11.5,1014.4,3,7,296,0.0,0,0.0,0
2025-04-24 01:03:24,1,64,18.3,94,11.5,1014.2,5,9,18,0.0,0,0.0,0
2025-04-24 01:04:25,1,64,18.3,94,11.5,1014.3,3,7,24,0.0,0,0.0,0
2025-04-24 01:05:26,1,64,18.2,94,11.5,1014.2,4,7,6,0.0,0,0.0,0
2025-04-24 01:06:27,1,64,18.3,94,11.5,1014.1,1,7,359,0.0,0,0.0,0
2025-04-24 01:07:28,1,64,18.3,94,11.5,1014.4,0,7,6,0.0,0,0.0,0
2025-04-24 01:08:29,1,64,18.3,94,11.5,1014.3,0,1,6,0.0,0,0.0,0
2025-04-24 01:09:30,1,64,18.3,94,11.5,1014.1,1,1,14,0.0,0,0.0,0
2025-04-24 01:10:31,1,64,18.3,94,11.5,1014.2,4,7,46,0.0,0,0.0,0
2025-04-24 01:11:32,1,64,18.3,94,11.5,1014.2,0,9,10,0.0,0,0.0,0
2025-04-24 01:12:33,1,64,18.3,94,11.5,1014.3,1,5,349,0.0,0,0.0,0
2025-04-24 01:13:34,1,64,18.3,94,11.4,1014.3,3,5,5,0.0,0,0.0,0
2025-04-24 01:14:35,1,64,18.2,94,11.4,1014.4,3,9,21,0.0,0,0.0,0
2025-04-24 01:15:36,1,64,18.3,94,11.4,1014.2,4,9,40,0.0,0,0.0,0
2025-04-24 01:16:37,1,64,18.3,94,11.4,1014.3,0,7,36,0.0,0,0.0,0
2025-04-24 01:17:38,1,64,18.3,94,11.4,1014.2,5,9,15,0.0,0,0.0,0
2025-04-24 01:18:39,1,64,18.3,94,11.4,1014.3,2,9,36,0.0,0,0.0,0
2025-04-24 01:19:40,1,64,18.3,94,11.4,1014.3,3,7,15,0.0,0,0.0,0
2025-04-24 01:20:41,1,64,18.2,94,11.4,1014.2,6,7,22,0.0,0,0.0,0
2025-04-24 01:21:42,1,64,18.3,94,11.4,1014.2,4,7,2,0.0,0,0.0,0
2025-04-24 01:22:43,1,64,18.3,94,11.4,1014.4,3,7,28,0.0,0,0.0,0
2025-04-24 01:23:44,1,64,18.3,94,11.4,1014.3,4,7,358,0.0,0,0.0,0
2025-04-24 01:24:45,1,64,18.2,94,11.4,1014.2,3,7,27,0.0,0,0.0,0
2025-04-24 01:25:46,1,64,18.2,94,11.4,1014.3,0,7,34,0.0,0,0.0,0
2025-04-24 01:26:47,1,64,18.3,94,11.4,1014.2,0,3,37,0.0,0,0.0,0
2025-04-24 01:27:48,1,64,18.3,94,11.4,1014.3,3,5,47,0.0,0,0.0,0
2025-04-24 01:28:49,1,64,18.3,94,11.4,1014.3,3,9,359,0.0,0,0.0,0
2025-04-24 01:29:50,1,64,18.3,94,11.4,1014.2,1,5,338,0.0,0,0.0,0
2025-04-24 01:30:51,1,64,18.2,94,11.3,1014.3,8,11,19,0.0,0,0.0,0
2025-04-24 01:31:52,1,64,18.3,94,11.3,1014.3,4,11,19,0.0,0,0.0,0
2025-04-24 01:32:53,1,64,18.3,94,11.3,1014.2,4,11,22,0.0,0,0.0,0
2025-04-24 01:33:54,1,64,18.3,94,11.3,1014.2,1,11,335,0.0,0,0.0,0
2025-04-24 01:34:55,1,64,18.3,94,11.3,1014.2,0,5,16,0.0,0,0.0,0
2025-04-24 01:35:56,1,64,18.3,94,11.3,1014.3,2,9,32,0.0,0,0.0,0
2025-04-24 01:36:57,1,64,18.3,94,11.3,1014.2,2,11,39,0.0,0,0.0,0
2025-04-24 01:37:58,1,64,18.3,94,11.3,1014.2,1,7,331,0.0,0,0.0,0
2025-04-24 01:38:59,1,64,18.3,94,11.3,1014.2,1,7,10,0.0,0,0.0,0
2025-04-24 01:40:00,1,64,18.3,94,11.3,1014.1,0,7,26,0.0,0,0.0,0
2025-04-24 01:41:01,1,64,18.3,94,11.3,1014.2,6,9,36,0.0,0,0.0,0
2025-04-24 01:42:02,1,64,18.3,94,11.3,1014.3,5,9,7,0.0,0,0.0,0
2025-04-24 01:43:03,1,64,18.3,94,11.3,1014.4,4,7,10,0.0,0,0.0,0
2025-04-24 01:44:04,1,64,18.3,94,11.3,1014.3,1,7,14,0.0,0,0.0,0
2025-04-24 01:45:05,1,64,18.3,94,11.3,1014.2,1,7,321,0.0,0,0.0,0
2025-04-24 01:46:06,1,64,18.3,94,11.3,1014.2,2,3,41,0.0,0,0.0,0
2025-04-24 01:47:07,1,64,18.3,94,11.3,1014.2,0,3,41,0.0,0,0.0,0
2025-04-24 01:48:08,1,64,18.3,94,11.3,1014.2,3,9,25,0.0,0,0.0,0
2025-04-24 01:49:09,1,64,18.3,94,11.3,1014.2,6,9,26,0.0,0,0.0,0
2025-04-24 01:50:10,1,64,18.2,94,11.3,1014.2,1,9,344,0.0,0,0.0,0
2025-04-24 01:51:11,1,64,18.3,94,11.3,1014.2,0,5,337,0.0,0,0.0,0
2025-04-24 01:52:12,1,64,18.2,94,11.3,1014.2,2,11,50,0.0,0,0.0,0
2025-04-24 01:53:13,1,64,18.3,94,11.3,1014.2,3,11,56,0.0,0,0.0,0
2025-04-24 01:54:14,1,64,18.2,94,11.3,1014.3,7,11,45,0.0,0,0.0,0
2025-04-24 01:55:15,1,64,18.3,94,11.2,1014.2,2,11,346,0.0,0,0.0,0
2025-04-24 01:56:16,1,64,18.2,94,11.2,1014.3,2,9,27,0.0,0,0.0,0
2025-04-24 01:57:17,1,64,18.2,94,11.2,1014.4,6,11,33,0.0,0,0.0,0
2025-04-24 01:58:18,1,64,18.2,94,11.2,1014.3,3,11,22,0.0,0,0.0,0
2025-04-24 01:59:19,1,64,18.3,94,11.2,1014.2,7,12,43,0.0,0,0.0,0
2025-04-24 02:00:20,1,64,18.2,94,11.2,1014.4,9,14,49,0.0,0,0.0,0
2025-04-24 02:01:21,1,64,18.2,94,11.2,1014.5,4,14,7,0.0,0,0.0,0
2025-04-24 02:02:22,1,64,18.2,94,11.2,1014.3,2,9,349,0.0,0,0.0,0
2025-04-24 02:03:23,1,64,18.2,94,11.2,1014.4,3,7,340,0.0,0,0.0,0
2025-04-24 02:04:24,1,64,18.3,94,11.2,1014.2,5,7,341,0.0,0,0.0,0
2025-04-24 02:05:25,1,64,18.2,94,11.2,1014.2,2,7,346,0.0,0,0.0,0
2025-04-24 02:06:26,1,64,18.2,94,11.2,1014.6,4,7,351,0.0,0,0.0,0
2025-04-24 02:07:27,1,64,18.3,94,11.2,1014.2,2,5,24,0.0,0,0.0,0
2025-04-24 02:08:28,1,64,18.2,94,11.2,1014.2,5,11,12,0.0,0,0.0,0
2025-04-24 02:09:29,1,64,18.2,94,11.1,1014.3,0,11,356,0.0,0,0.0,0
2025-04-24 02:10:30,1,64,18.2,94,11.1,1014.5,2,5,24,0.0,0,0.0,0
2025-04-24 02:11:31,1,64,18.2,94,11.1,1014.2,6,9,23,0.0,0,0.0,0
2025-04-24 02:12:32,1,64,18.2,94,11.1,1014.3,6,9,39,0.0,0,0.0,0
2025-04-24 02:13:33,1,64,18.2,94,11.1,1014.4,2,9,337,0.0,0,0.0,0
2025-04-24 02:14:34,1,64,18.2,94,11.1,1014.2,2,7,306,0.0,0,0.0,0
2025-04-24 02:15:35,1,64,18.2,94,11.1,1014.3,0,5,1,0.0,0,0.0,0
2025-04-24 02:16:36,1,64,18.2,94,11.1,1014.4,0,3,5,0.0,0,0.0,0
2025-04-24 02:17:37,1,64,18.2,94,11.1,1014.2,7,9,36,0.0,0,0.0,0
2025-04-24 02:18:38,1,64,18.2,94,11.1,1014.4,2,9,26,0.0,0,0.0,0
2025-04-24 02:19:39,1,64,18.3,94,11.1,1014.4,4,5,40,0.0,0,0.0,0
2025-04-24 02:20:40,1,64,18.2,94,11.0,1014.3,1,5,16,0.0,0,0.0,0
2025-04-24 02:21:41,1,64,18.3,94,11.0,1014.5,0,7,1,0.0,0,0.0,0
2025-04-24 02:22:42,1,64,18.2,94,11.0,1014.3,8,11,331,0.0,0,0.0,0
2025-04-24 02:23:43,1,64,18.2,94,11.0,1014.3,2,11,2,0.0,0,0.0,0
2025-04-24 02:24:44,1,64,18.2,94,11.0,1014.4,5,7,18,0.0,0,0.0,0
2025-04-24 02:25:45,1,64,18.2,94,11.0,1014.4,0,7,30,0.0,0,0.0,0
2025-04-24 02:26:46,1,64,18.2,94,10.9,1014.3,1,7,354,0.0,0,0.0,0
2025-04-24 02:27:47,1,64,18.2,94,10.9,1014.4,3,9,41,0.0,0,0.0,0
2025-04-24 02:28:48,1,64,18.2,94,10.9,1014.4,2,9,41,0.0,0,0.0,0
2025-04-24 02:29:49,1,64,18.2,94,10.9,1014.3,2,7,33,0.0,0,0.0,0
2025-04-24 02:30:50,1,64,18.2,94,10.9,1014.4,2,9,23,0.0,0,0.0,0
2025-04-24 02:31:51,1,64,18.2,94,10.9,1014.5,3,5,28,0.0,0,0.0,0
2025-04-24 02:32:52,1,64,18.2,94,10.9,1014.3,3,9,29,0.0,0,0.0,0
2025-04-24 02:33:53,1,64,18.2,94,10.9,1014.4,3,11,27,0.0,0,0.0,0
2025-04-24 02:34:54,1,64,18.2,94,10.9,1014.4,7,11,16,0.0,0,0.0,0
2025-04-24 02:35:55,1,64,18.2,94,10.9,1014.6,4,11,46,0.0,0,0.0,0
2025-04-24 02:36:56,1,64,18.2,94,10.9,1014.6,1,5,35,0.0,0,0.0,0
2025-04-24 02:37:57,1,64,18.2,94,10.9,1014.5,0,7,33,0.0,0,0.0,0
2025-04-24 02:38:58,1,64,18.2,94,10.9,1014.4,4,11,351,0.0,0,0.0,0
2025-04-24 02:39:59,1,64,18.2,94,10.9,1014.4,7,11,19,0.0,0,0.0,0
2025-04-24 02:41:00,1,64,18.2,94,10.8,1014.6,2,11,3,0.0,0,0.0,0
2025-04-24 02:42:01,1,64,18.2,94,10.8,1014.4,0,9,36,0.0,0,0.0,0
2025-04-24 02:43:02,1,64,18.3,94,10.8,1014.5,3,5,326,0.0,0,0.0,0
2025-04-24 02:44:03,1,64,18.2,94,10.8,1014.5,3,9,21,0.0,0,0.0,0
2025-04-24 02:45:04,1,64,18.2,94,10.8,1014.5,3,9,15,0.0,0,0.0,0
2025-04-24 02:46:05,1,64,18.2,94,10.8,1014.6,3,7,358,0.0,0,0.0,0
2025-04-24 02:47:06,1,64,18.2,94,10.8,1014.4,2,5,35,0.0,0,0.0,0
2025-04-24 02:48:07,1,64,18.2,94,10.8,1014.5,2,5,10,0.0,0,0.0,0
2025-04-24 02:49:08,1,64,18.2,94,10.8,1014.6,2,5,330,0.0,0,0.0,0
2025-04-24 02:50:09,1,64,18.2,94,10.8,1014.5,5,7,359,0.0,0,0.0,0
2025-04-24 02:51:10,1,64,18.3,94,10.8,1014.5,3,7,356,0.0,0,0.0,0
2025-04-24 02:52:11,1,64,18.2,94,10.8,1014.7,2,7,8,0.0,0,0.0,0
2025-04-24 02:53:12,1,64,18.2,94,10.8,1014.5,3,7,17,0.0,0,0.0,0
2025-04-24 02:54:13,1,64,18.2,94,10.8,1014.5,6,11,9,0.0,0,0.0,0
2025-04-24 02:55:14,1,64,18.2,94,10.8,1014.6,3,11,345,0.0,0,0.0,0
2025-04-24 02:56:15,1,64,18.2,94,10.7,1014.5,6,9,14,0.0,0,0.0,0
2025-04-24 02:57:16,1,64,18.2,94,10.7,1014.5,2,12,19,0.0,0,0.0,0
2025-04-24 02:58:17,1,64,18.2,94,10.7,1014.6,6,11,8,0.0,0,0.0,0
2025-04-24 02:59:18,1,64,18.2,94,10.7,1014.5,5,11,36,0.0,0,0.0,0
2025-04-24 03:00:19,1,64,18.3,95,10.7,1014.6,2,9,41,0.0,0,0.0,0
2025-04-24 03:01:20,1,64,18.2,94,10.7,1014.5,4,9,2,0.0,0,0.0,0
2025-04-24 03:02:21,1,64,18.2,95,10.7,1014.6,0,9,53,0.0,0,0.0,0
2025-04-24 03:03:22,1,64,18.2,95,10.7,1014.5,6,9,13,0.0,0,0.0,0
2025-04-24 03:04:23,1,64,18.2,95,10.7,1014.5,1,9,355,0.0,0,0.0,0
2025-04-24 03:05:24,1,64,18.2,95,10.6,1014.6,5,7,24,0.0,0,0.0,0
2025-04-24 03:06:25,1,64,18.2,95,10.6,1014.6,1,7,7,0.0,0,0.0,0
2025-04-24 03:07:26,1,64,18.2,95,10.6,1014.5,4,9,22,0.0,0,0.0,0
2025-04-24 03:08:27,1,64,18.2,95,10.6,1014.4,2,9,357,0.0,0,0.0,0
2025-04-24 03:09:28,1,64,18.2,95,10.6,1014.6,1,7,10,0.0,0,0.0,0
2025-04-24 03:10:29,1,64,18.2,95,10.6,1014.6,0,7,10,0.0,0,0.0,0
2025-04-24 03:11:30,1,64,18.2,95,10.6,1014.5,1,11,24,0.0,0,0.0,0
2025-04-24 03:12:31,1,64,18.2,95,10.6,1014.6,0,11,18,0.0,0,0.0,0
2025-04-24 03:13:32,1,64,18.2,95,10.6,1014.5,1,5,19,0.0,0,0.0,0
2025-04-24 03:14:33,1,64,18.2,95,10.6,1014.4,3,7,8,0.0,0,0.0,0
2025-04-24 03:15:34,1,64,18.2,95,10.6,1014.5,1,7,8,0.0,0,0.0,0
2025-04-24 03:16:35,1,64,18.2,95,10.6,1014.5,3,7,55,0.0,0,0.0,0
2025-04-24 03:17:36,1,64,18.2,95,10.6,1014.6,3,5,25,0.0,0,0.0,0
2025-04-24 03:18:37,1,64,18.2,95,10.6,1014.6,3,5,6,0.0,0,0.0,0
2025-04-24 03:19:38,1,64,18.2,95,10.6,1014.4,3,12,20,0.0,0,0.0,0
2025-04-24 03:20:39,1,64,18.2,95,10.6,1014.6,4,12,356,0.0,0,0.0,0
2025-04-24 03:21:40,1,64,18.2,95,10.6,1014.4,4,11,39,0.0,0,0.0,0
2025-04-24 03:22:41,1,64,18.2,95,10.6,1014.7,1,11,60,0.0,0,0.0,0
2025-04-24 03:23:42,1,64,18.2,95,10.6,1014.3,3,11,351,0.0,0,0.0,0
2025-04-24 03:24:43,1,64,18.2,95,10.6,1014.6,2,7,16,0.0,0,0.0,0
2025-04-24 03:25:44,1,64,18.2,95,10.6,1014.5,3,12,20,0.0,0,0.0,0
2025-04-24 03:26:45,1,64,18.2,95,10.6,1014.5,3,12,3,0.0,0,0.0,0
2025-04-24 03:27:46,1,64,18.2,95,10.6,1014.5,3,5,34,0.0,0,0.0,0
2025-04-24 03:28:47,1,64,18.2,95,10.6,1014.5,6,9,21,0.0,0,0.0,0
2025-04-24 03:29:48,1,64,18.2,95,10.6,1014.5,2,9,17,0.0,0,0.0,0
2025-04-24 03:30:49,1,64,18.2,95,10.6,1014.5,2,11,14,0.0,0,0.0,0
2025-04-24 03:31:50,1,64,18.2,95,10.6,1014.4,5,9,352,0.0,0,0.0,0
2025-04-24 03:32:51,1,64,18.2,95,10.6,1014.5,0,7,5,0.0,0,0.0,0
2025-04-24 03:33:52,1,64,18.2,95,10.6,1014.6,5,7,18,0.0,0,0.0,0
2025-04-24 03:34:53,1,64,18.2,95,10.6,1014.5,0,7,52,0.0,0,0.0,0
2025-04-24 03:35:54,1,64,18.2,95,10.6,1014.7,2,5,342,0.0,0,0.0,0
2025-04-24 03:36:55,1,64,18.2,95,10.6,1014.6,2,7,356,0.0,0,0.0,0
2025-04-24 03:37:56,1,64,18.2,95,10.6,1014.6,2,7,2,0.0,0,0.0,0
2025-04-24 03:38:57,1,64,18.2,95,10.6,1014.5,7,9,15,0.0,0,0.0,0
2025-04-24 03:39:58,1,64,18.2,95,10.6,1014.5,1,9,37,0.0,0,0.0,0
2025-04-24 03:40:59,1,64,18.2,95,10.6,1014.4,0,3,37,0.0,0,0.0,0
2025-04-24 03:42:00,1,64,18.2,95,10.6,1014.6,6,9,55,0.0,0,0.0,0
2025-04-24 03:43:01,1,64,18.2,95,10.6,1014.6,7,9,5,0.0,0,0.0,0
2025-04-24 03:44:02,1,64,18.2,95,10.6,1014.5,0,9,349,0.0,0,0.0,0
2025-04-24 03:45:03,1,64,18.2,95,10.6,1014.4,0,5,4,0.0,0,0.0,0
2025-04-24 03:46:04,1,64,18.2,95,10.6,1014.6,3,7,23,0.0,0,0.0,0
2025-04-24 03:47:05,1,64,18.2,95,10.6,1014.6,4,7,23,0.0,0,0.0,0
2025-04-24 03:48:06,1,64,18.2,95,10.6,1014.6,3,7,12,0.0,0,0.0,0
2025-04-24 03:49:07,1,64,18.2,95,10.6,1014.7,3,7,32,0.0,0,0.0,0
2025-04-24 03:50:08,1,64,18.2,95,10.6,1014.6,2,5,358,0.0,0,0.0,0
2025-04-24 03:51:09,1,64,18.2,95,10.6,1014.7,2,7,27,0.0,0,0.0,0
2025-04-24 03:52:10,1,64,18.2,95,10.6,1014.6,1,7,37,0.0,0,0.0,0
2025-04-24 03:53:11,1,64,18.2,95,10.6,1014.6,3,7,8,0.0,0,0.0,0
2025-04-24 03:54:12,1,64,18.2,95,10.6,1014.4,3,7,351,0.0,0,0.0,0
2025-04-24 03:55:13,1,64,18.2,95,10.6,1014.6,0,7,352,0.0,0,0.0,0
2025-04-24 03:56:14,1,64,18.2,95,10.6,1014.6,1,5,347,0.0,0,0.0,0
2025-04-24 03:57:15,1,64,18.2,95,10.6,1014.4,2,3,286,0.0,0,0.0,0
2025-04-24 03:58:16,1,64,18.2,95,10.6,1014.4,3,5,16,0.0,0,0.0,0
2025-04-24 03:59:17,1,64,18.2,95,10.6,1014.6,2,5,4,0.0,0,0.0,0
2025-04-24 04:00:18,1,64,18.2,95,10.6,1014.5,3,5,36,0.0,0,0.0,0
2025-04-24 04:01:19,1,64,18.2,95,10.6,1014.5,3,5,1,0.0,0,0.0,0
2025-04-24 04:02:20,1,64,18.2,95,10.6,1014.4,0,5,24,0.0,0,0.0,0
2025-04-24 04:03:21,1,64,18.2,95,10.6,1014.6,0,7,348,0.0,0,0.0,0
2025-04-24 04:04:22,1,64,18.2,95,10.6,1014.4,1,7,23,0.0,0,0.0,0
2025-04-24 04:05:23,1,64,18.2,95,10.6,1014.6,4,7,9,0.0,0,0.0,0
2025-04-24 04:06:24,1,64,18.2,95,10.6,1014.5,2,5,37,0.0,0,0.0,0
2025-04-24 04:07:25,1,64,18.2,95,10.6,1014.6,1,9,37,0.0,0,0.0,0
2025-04-24 04:08:26,1,64,18.2,95,10.6,1014.5,3,9,6,0.0,0,0.0,0
2025-04-24 04:09:27,1,64,18.2,95,10.6,1014.6,1,5,3,0.0,0,0.0,0
2025-04-24 04:10:28,1,64,18.2,95,10.6,1014.5,1,5,320,0.0,0,0.0,0
2025-04-24 04:11:29,1,64,18.2,95,10.6,1014.5,0,5,12,0.0,0,0.0,0
2025-04-24 04:12:30,1,64,18.2,95,10.6,1014.5,1,5,354,0.0,0,0.0,0
2025-04-24 04:13:31,1,64,18.2,95,10.6,1014.6,3,5,358,0.0,0,0.1,0
2025-04-24 04:14:32,1,64,18.2,95,10.6,1014.4,2,5,16,0.0,0,0.1,0
2025-04-24 04:15:33,1,64,18.2,95,10.6,1014.4,6,9,5,0.0,0,0.1,0
2025-04-24 04:16:34,1,64,18.2,95,10.6,1014.6,7,11,350,0.0,0,0.1,0
2025-04-24 04:17:35,1,64,18.2,95,10.6,1014.6,3,9,34,0.0,0,0.1,0
2025-04-24 04:18:36,1,64,18.2,95,10.6,1014.6,4,11,31,0.0,0,0.1,0
2025-04-24 04:19:37,1,64,18.2,95,10.6,1014.5,0,9,6,0.0,0,0.1,0
2025-04-24 04:20:38,1,64,18.2,95,10.6,1014.6,4,5,30,0.0,0,0.1,0
2025-04-24 04:21:39,1,64,18.2,95,10.6,1014.7,0,5,18,0.0,0,0.1,0
2025-04-24 04:22:40,1,64,18.2,95,10.6,1014.4,0,5,18,0.0,0,0.1,0
2025-04-24 04:23:41,1,64,18.2,95,10.6,1014.6,0,1,357,0.0,0,0.2,0
2025-04-24 04:24:42,1,64,18.2,95,10.6,1014.5,0,7,23,0.0,0,0.2,0
2025-04-24 04:25:43,1,64,18.2,95,10.6,1014.4,3,5,30,0.0,0,0.2,0
2025-04-24 04:26:44,1,64,18.2,95,10.6,1014.7,2,5,11,0.0,0,0.3,0
2025-04-24 04:27:45,1,64,18.2,95,10.6,1014.5,0,5,2,0.0,0,0.4,0
2025-04-24 04:28:46,1,64,18.2,95,10.6,1014.6,0,5,21,0.0,0,0.5,0
2025-04-24 04:29:47,1,64,18.2,95,10.6,1014.6,0,7,4,0.0,0,0.5,0
2025-04-24 04:30:48,1,64,18.2,95,10.6,1014.6,0,7,28,0.0,0,0.6,0
2025-04-24 04:31:49,1,64,18.2,95,10.6,1014.6,2,3,335,0.0,0,0.7,0
2025-04-24 04:32:50,1,64,18.2,95,10.6,1014.4,2,5,33,0.0,0,0.7,0
2025-04-24 04:33:51,1,64,18.2,95,10.6,1014.6,0,5,21,0.0,0,0.8,0
2025-04-24 04:34:52,1,64,18.2,95,10.6,1014.6,0,5,30,0.0,0,1.0,0
2025-04-24 04:35:53,1,64,18.2,95,10.6,1014.6,2,9,7,0.0,0,1.1,0
2025-04-24 04:36:54,1,64,18.2,95,10.6,1014.5,1,9,358,0.0,0,1.4,0
2025-04-24 04:37:55,1,64,18.2,95,10.6,1014.6,5,9,18,0.0,0,1.4,0
2025-04-24 04:38:56,1,64,18.2,95,10.6,1014.7,0,9,12,0.0,0,1.3,0
2025-04-24 04:39:57,1,64,18.2,95,10.6,1014.7,4,7,24,0.0,0,1.4,0
2025-04-24 04:40:58,1,64,18.2,95,10.6,1014.6,1,9,21,0.0,0,1.5,0
2025-04-24 04:41:59,1,64,18.2,95,10.6,1014.6,1,5,357,0.0,0,1.7,0
2025-04-24 04:43:00,1,64,18.2,95,10.6,1014.7,3,7,31,0.0,0,1.9,0
2025-04-24 04:44:01,1,64,18.2,95,10.6,1014.7,3,9,12,0.0,0,1.9,0
2025-04-24 04:45:02,1,64,18.2,95,10.6,1014.9,2,7,15,0.0,0,2.2,0
2025-04-24 04:46:03,1,64,18.2,95,10.6,1014.6,7,14,24,0.0,0,2.3,0
2025-04-24 04:47:04,1,64,18.2,95,10.6,1014.7,1,14,30,0.0,0,2.4,0
2025-04-24 04:48:05,1,64,18.2,95,10.6,1014.6,1,9,31,0.0,0,2.6,0
2025-04-24 04:49:06,1,64,18.2,95,10.6,1014.7,2,5,37,0.0,0,2.9,0
2025-04-24 04:50:07,1,64,18.2,95,10.6,1014.7,7,18,17,0.0,0,2.7,0
2025-04-24 04:51:08,1,64,18.2,95,10.6,1014.7,4,18,23,0.0,0,2.5,0
2025-04-24 04:52:09,1,64,18.2,95,10.6,1014.8,3,9,355,0.0,0,2.5,0
2025-04-24 04:53:10,1,64,18.2,95,10.6,1014.7,1,11,334,0.0,0,2.4,0
2025-04-24 04:54:11,1,64,18.2,95,10.6,1014.7,5,11,18,0.0,0,2.3,0
2025-04-24 04:55:12,1,64,18.2,95,10.6,1014.7,3,11,12,0.0,0,2.5,0
2025-04-24 04:56:13,1,64,18.2,95,10.6,1014.8,7,12,10,0.0,0,2.6,0
2025-04-24 04:57:14,1,64,18.2,95,10.6,1014.6,3,12,14,0.0,0,2.8,0
2025-04-24 04:58:16,1,64,18.2,95,10.6,1014.7,6,9,345,0.0,0,2.5,0
2025-04-24 04:59:17,1,64,18.2,95,10.6,1014.9,1,9,37,0.0,0,2.6,0
2025-04-24 05:00:18,1,64,18.2,95,10.6,1014.9,4,7,32,0.0,0,2.8,0
2025-04-24 05:01:19,1,64,18.2,95,10.6,1014.7,5,11,24,0.0,0,2.7,0
2025-04-24 05:02:20,1,64,18.2,95,10.6,1014.9,6,11,23,0.0,0,2.8,0
2025-04-24 05:03:21,1,64,18.2,95,10.6,1014.7,12,16,32,0.0,0,2.8,0
2025-04-24 05:04:22,1,64,18.2,95,10.6,1015.0,1,16,14,0.0,0,2.6,0
2025-04-24 05:05:23,1,64,18.2,95,10.6,1014.7,0,5,14,0.0,0,2.7,0
2025-04-24 05:06:24,1,64,18.2,95,10.6,1014.7,5,7,28,0.0,0,3.2,0
2025-04-24 05:07:25,1,64,18.2,95,10.6,1014.8,1,11,0,0.0,0,3.6,0
2025-04-24 05:08:26,1,64,18.2,95,10.6,1014.8,6,9,23,0.0,0,3.7,0
2025-04-24 05:09:27,1,64,18.2,95,10.6,1014.8,1,9,38,0.0,0,4.2,0
2025-04-24 05:10:28,1,64,18.2,95,10.6,1014.7,0,5,19,0.0,0,4.4,0
2025-04-24 05:11:29,1,64,18.2,95,10.6,1014.9,0,0,16,0.0,0,5.1,0
2025-04-24 05:12:30,1,64,18.2,95,10.6,1014.8,3,9,17,0.0,0,4.6,0
2025-04-24 05:13:31,1,64,18.2,95,10.6,1014.9,2,9,31,0.0,0,4.5,0
2025-04-24 05:14:32,1,64,18.2,95,10.6,1015.0,4,9,16,0.0,0,4.4,0
2025-04-24 05:15:33,1,64,18.2,95,10.6,1014.9,8,14,328,0.0,0,4.2,0
2025-04-24 05:16:34,1,64,18.2,95,10.6,1014.9,2,14,9,0.0,0,4.7,0
2025-04-24 05:17:35,1,64,18.2,95,10.6,1014.9,3,9,29,0.0,0,5.4,0
2025-04-24 05:18:36,1,64,18.2,95,10.6,1015.0,0,5,36,0.0,0,5.8,0
2025-04-24 05:19:37,1,64,18.2,95,10.6,1014.9,1,7,23,0.0,0,6.2,0
2025-04-24 05:20:38,1,64,18.2,95,10.6,1015.0,0,5,32,0.0,0,6.3,0
2025-04-24 05:21:39,1,64,18.2,95,10.7,1015.0,5,9,25,0.0,0,6.4,0
2025-04-24 05:22:40,1,64,18.2,95,10.7,1014.8,1,9,53,0.0,0,6.5,0
2025-04-24 05:23:41,1,64,18.2,95,10.7,1015.0,1,7,13,0.0,0,7.0,0
2025-04-24 05:24:42,1,64,18.2,95,10.7,1015.0,8,12,8,0.0,0,7.1,0
2025-04-24 05:25:43,1,64,18.2,95,10.7,1015.0,6,12,346,0.0,0,6.5,0
2025-04-24 05:26:44,1,64,18.2,95,10.7,1015.1,6,7,356,0.0,0,6.2,0
2025-04-24 05:27:45,1,64,18.2,95,10.7,1015.0,1,7,334,0.0,0,6.3,0
2025-04-24 05:28:46,1,64,18.2,95,10.6,1014.9,0,7,3,0.0,0,6.4,0
2025-04-24 05:29:47,1,64,18.2,95,10.6,1015.2,3,5,353,0.0,0,7.3,0
2025-04-24 05:30:48,1,64,18.2,95,10.7,1015.2,0,7,33,0.0,0,7.5,0
2025-04-24 05:31:49,1,64,18.2,95,10.7,1015.0,7,11,68,0.0,0,6.6,0
2025-04-24 05:32:50,1,64,18.2,95,10.7,1015.1,3,11,20,0.0,0,7.2,0
2025-04-24 05:33:51,1,64,18.2,95,10.7,1014.9,0,11,28,0.0,0,8.1,0
2025-04-24 05:34:52,1,64,18.2,95,10.7,1014.9,5,9,43,0.0,0,7.9,0
2025-04-24 05:35:53,1,64,18.2,95,10.7,1015.1,2,9,47,0.0,0,8.3,0
2025-04-24 05:36:54,1,64,18.2,95,10.7,1015.0,0,3,14,0.0,0,7.4,0
2025-04-24 05:37:55,1,64,18.2,95,10.7,1015.1,1,9,32,0.0,0,7.3,0
2025-04-24 05:38:56,1,64,18.2,95,10.7,1015.1,5,9,45,0.0,0,8.7,0
2025-04-24 05:41:59,1,64,18.2,95,10.7,1015.1,2,5,42,0.0,0,8.6,0
2025-04-24 05:43:00,1,64,18.2,95,10.7,1015.1,1,12,41,0.0,0,8.2,0
2025-04-24 05:44:01,1,64,18.2,95,10.7,1015.2,7,12,41,0.0,0,8.6,0
2025-04-24 05:45:02,1,64,18.2,95,10.7,1015.2,4,9,346,0.0,0,10.5,0
2025-04-24 05:46:03,1,64,18.2,95,10.7,1015.1,4,9,13,0.0,0,9.6,0
2025-04-24 05:47:04,1,64,18.2,95,10.7,1015.1,1,9,24,0.0,0,8.8,0
2025-04-24 05:48:05,1,64,18.1,95,10.7,1015.3,5,7,18,0.0,0,7.2,0
2025-04-24 05:49:06,1,64,18.2,95,10.7,1015.2,1,7,19,0.0,0,8.9,0
2025-04-24 05:50:07,1,64,18.2,95,10.7,1015.2,3,9,38,0.0,0,8.9,0
2025-04-24 05:51:08,1,64,18.2,95,10.7,1015.1,11,14,34,0.0,0,8.6,0
2025-04-24 05:52:09,1,64,18.2,95,10.7,1015.2,4,14,0,0.0,0,9.2,0
2025-04-24 05:53:10,1,64,18.2,95,10.7,1015.3,6,11,10,0.0,0,8.6,0
2025-04-24 05:54:11,1,64,18.2,95,10.7,1015.4,0,11,70,0.0,0,10.1,0
2025-04-24 05:55:12,1,64,18.2,95,10.7,1015.2,2,5,336,0.0,0,10.2,0
2025-04-24 05:56:13,1,64,18.2,95,10.7,1015.4,1,5,33,0.0,0,10.3,0
2025-04-24 05:57:14,1,64,18.2,95,10.7,1015.3,4,9,31,0.0,0,10.3,0
2025-04-24 05:58:16,1,64,18.2,95,10.7,1015.3,1,9,28,0.0,0,10.3,0
2025-04-24 05:59:17,1,64,18.2,95,10.7,1015.3,7,11,11,0.0,0,10.2,0
2025-04-24 06:00:18,1,64,18.2,95,10.7,1015.3,7,11,8,0.0,0,10.9,0
2025-04-24 06:01:19,1,64,18.2,95,10.7,1015.3,7,11,27,0.0,0,11.8,0
2025-04-24 06:02:20,1,64,18.2,95,10.7,1015.3,2,11,45,0.0,0,11.8,0
2025-04-24 06:03:21,1,64,18.2,95,10.7,1015.4,8,11,68,0.0,0,13.2,0
2025-04-24 06:04:22,1,64,18.2,95,10.7,1015.3,0,12,26,0.0,0,12.2,0
2025-04-24 06:05:23,1,64,18.2,95,10.7,1015.4,2,7,55,0.0,0,14.9,0
2025-04-24 06:06:24,1,64,18.1,95,10.7,1015.3,3,5,1,0.0,0,14.9,0
2025-04-24 06:07:25,1,64,18.2,95,10.7,1015.3,10,20,20,0.0,0,16.8,0
2025-04-24 06:08:26,1,64,18.2,95,10.7,1015.3,4,12,51,0.0,0,18.4,0
2025-04-24 06:09:27,1,64,18.2,95,10.7,1015.3,6,12,13,0.0,0,20.3,0
2025-04-24 06:10:28,1,64,18.2,95,10.7,1015.2,6,11,0,0.0,0,20.9,0
2025-04-24 06:11:29,1,64,18.2,95,10.7,1015.5,2,11,39,0.0,0,22.4,0
2025-04-24 06:12:30,1,64,18.2,95,10.7,1015.4,5,11,18,0.0,0,22.3,0
2025-04-24 06:13:31,1,64,18.2,95,10.7,1015.3,0,11,346,0.0,0,27.1,0
2025-04-24 06:14:32,1,64,18.2,95,10.7,1015.3,5,9,0,0.0,0,23.7,0
2025-04-24 06:15:33,1,64,18.2,95,10.7,1015.3,1,9,352,0.0,0,23.1,0
2025-04-24 06:16:34,1,64,18.2,95,10.7,1015.4,5,12,26,0.0,0,21.9,0
2025-04-24 06:17:35,1,64,18.2,95,10.7,1015.4,6,11,16,0.0,0,22.4,0
2025-04-24 06:18:36,1,64,18.2,95,10.7,1015.4,7,12,12,0.0,0,22.3,0
2025-04-24 06:19:37,1,64,18.2,95,10.7,1015.4,6,11,8,0.0,0,23.4,0
2025-04-24 06:20:38,1,64,18.2,95,10.7,1015.5,3,9,335,0.0,0,24.3,0
2025-04-24 06:21:39,1,64,18.2,95,10.7,1015.5,5,9,348,0.0,0,25.8,0
2025-04-24 06:22:40,1,64,18.1,95,10.7,1015.4,1,9,34,0.0,0,29.2,0
2025-04-24 06:23:41,1,64,18.2,95,10.7,1015.4,1,9,28,0.0,0,27.6,0
2025-04-24 06:24:42,1,64,18.2,95,10.7,1015.4,5,12,39,0.0,0,30.8,0
2025-04-24 06:25:43,1,64,18.2,95,10.7,1015.3,4,12,29,0.0,0,28.1,0
2025-04-24 06:26:44,1,64,18.1,95,10.8,1015.4,2,7,42,0.0,0,28.4,0
2025-04-24 06:27:45,1,64,18.2,95,10.8,1015.3,0,7,27,0.0,0,27.0,0
2025-04-24 06:28:46,1,64,18.2,95,10.8,1015.3,1,12,9,0.0,0,27.5,0
2025-04-24 06:29:47,1,64,18.2,95,10.8,1015.5,8,11,31,0.0,0,29.2,0
2025-04-24 06:30:48,1,64,18.2,95,10.8,1015.5,3,12,353,0.0,0,26.9,0
2025-04-24 06:31:49,1,64,18.1,95,10.7,1015.5,3,7,28,0.0,0,29.4,0
2025-04-24 06:32:50,1,64,18.1,95,10.7,1015.4,0,11,71,0.0,0,33.6,0
2025-04-24 06:33:51,1,64,18.1,95,10.8,1015.3,7,11,11,0.0,0,34.5,0
2025-04-24 06:34:52,1,64,18.2,95,10.8,1015.4,3,12,25,0.0,0,37.1,0
2025-04-24 06:35:53,1,64,18.2,95,10.8,1015.5,7,11,29,0.0,0,36.5,0
2025-04-24 06:36:54,1,64,18.2,95,10.8,1015.5,5,12,20,0.0,0,32.9,0
2025-04-24 06:37:55,1,64,18.2,95,10.8,1015.4,2,12,15,0.0,0,29.5,0
2025-04-24 06:38:56,1,64,18.2,95,10.8,1015.3,0,11,26,0.0,0,27.7,0
2025-04-24 06:39:57,1,64,18.2,95,10.8,1015.4,7,12,46,0.0,0,31.6,0
2025-04-24 06:40:58,1,64,18.2,95,10.8,1015.4,6,12,26,0.0,0,30.3,0
2025-04-24 06:41:59,1,64,18.2,95,10.8,1015.4,5,12,15,0.0,0,28.6,0
2025-04-24 06:43:00,1,64,18.2,95,10.8,1015.5,8,12,9,0.0,0,30.1,0
2025-04-24 06:44:01,1,65,18.1,95,10.8,1015.4,7,12,40,0.0,0,27.8,0
2025-04-24 06:45:02,1,65,18.2,95,10.8,1015.5,8,11,21,0.0,0,26.6,0
2025-04-24 06:46:03,1,65,18.2,95,10.8,1015.5,8,11,44,0.0,0,29.2,0
2025-04-24 06:47:04,1,65,18.2,95,10.8,1015.6,7,11,28,0.0,0,30.6,0
2025-04-24 06:48:05,1,65,18.2,95,10.8,1015.5,1,9,37,0.0,0,31.3,0
2025-04-24 06:49:06,1,65,18.2,95,10.8,1015.5,1,11,335,0.0,0,26.1,0
2025-04-24 06:50:07,1,65,18.2,95,10.8,1015.6,2,12,45,0.0,0,25.9,0
2025-04-24 06:51:08,1,65,18.2,95,10.8,1015.5,8,12,33,0.0,0,25.4,0
2025-04-24 06:52:09,1,65,18.2,95,10.8,1015.6,4,12,30,0.0,0,29.0,0
2025-04-24 06:53:10,1,65,18.2,95,10.8,1015.5,5,11,279,0.0,0,30.6,0
2025-04-24 06:54:11,1,65,18.2,95,10.8,1015.7,3,11,356,0.0,0,25.9,0
2025-04-24 06:55:12,1,65,18.2,95,10.9,1015.6,3,7,27,0.0,0,25.2,0
2025-04-24 06:56:13,1,65,18.2,95,10.9,1015.5,3,9,45,0.0,0,24.0,0
2025-04-24 06:57:14,1,65,18.2,95,10.9,1015.6,5,16,56,0.0,0,22.0,0
2025-04-24 06:58:16,1,65,18.2,95,10.9,1015.5,2,16,2,0.0,0,19.6,0
2025-04-24 06:59:17,1,65,18.2,95,10.9,1015.6,3,11,6,0.0,0,21.9,0
2025-04-24 07:00:18,1,65,18.2,95,10.9,1015.6,2,7,37,0.0,0,24.4,0
2025-04-24 07:01:19,1,66,18.2,95,10.9,1015.8,3,7,42,0.0,0,23.6,0
2025-04-24 07:02:20,1,66,18.2,95,10.9,1015.6,5,11,27,0.0,0,24.4,0
2025-04-24 07:03:21,1,67,18.2,95,10.9,1015.7,4,11,38,0.0,0,23.3,0
2025-04-24 07:04:22,1,68,18.2,95,10.9,1015.6,9,12,18,0.0,0,25.9,0
2025-04-24 07:05:23,1,68,18.2,95,10.9,1015.7,5,12,337,0.0,0,29.5,0
2025-04-24 07:06:24,1,68,18.2,95,10.9,1015.7,2,9,47,0.0,0,31.0,0
2025-04-24 07:07:25,1,68,18.2,95,10.9,1015.7,6,14,348,0.0,0,28.4,0
2025-04-24 07:08:26,1,68,18.3,95,10.9,1015.7,6,14,30,0.0,0,29.8,0
2025-04-24 07:09:27,1,68,18.3,95,10.9,1015.6,5,9,21,0.0,0,31.7,0
2025-04-24 07:10:28,1,68,18.3,95,10.9,1015.7,3,7,32,0.0,0,34.7,0
2025-04-24 07:11:29,1,68,18.3,95,10.9,1015.6,1,11,11,0.0,0,33.6,0
2025-04-24 07:12:30,1,68,18.3,95,10.9,1015.7,1,11,23,0.0,0,34.1,0
2025-04-24 07:13:31,1,69,18.3,95,10.9,1015.8,6,16,16,0.0,0,34.6,0
2025-04-24 07:14:32,1,69,18.3,95,10.9,1015.7,1,16,356,0.0,0,35.8,0
2025-04-24 07:15:33,1,69,18.3,95,10.9,1015.6,9,12,14,0.0,0,35.0,0
2025-04-24 07:16:34,1,69,18.3,95,10.9,1015.8,7,14,31,0.0,0,36.8,0
2025-04-24 07:17:35,1,69,18.4,95,11.0,1015.7,1,14,4,0.0,0,42.4,0
2025-04-24 07:18:36,1,69,18.4,95,11.0,1015.7,3,7,26,0.0,0,54.1,0
2025-04-24 07:19:37,1,69,18.3,95,11.0,1015.7,1,18,52,0.0,0,52.8,0
2025-04-24 07:20:38,1,69,18.3,95,11.0,1015.7,4,14,41,0.0,0,54.8,0
2025-04-24 07:21:39,1,69,18.3,95,11.0,1015.8,1,9,39,0.0,0,53.1,0
2025-04-24 07:22:40,1,69,18.4,95,11.0,1015.8,7,12,39,0.0,0,54.0,0
2025-04-24 07:23:41,1,69,18.4,95,11.0,1015.6,3,12,14,0.0,0,49.4,0
2025-04-24 07:24:42,1,69,18.4,95,11.0,1015.6,5,11,1,0.0,0,51.6,0
2025-04-24 07:25:43,1,69,18.3,95,11.0,1015.7,3,18,37,0.0,0,42.5,0
2025-04-24 07:26:44,1,69,18.4,95,11.0,1015.7,6,18,38,0.0,0,46.0,0
2025-04-24 07:27:45,1,69,18.3,95,11.0,1015.7,2,12,62,0.0,0,45.8,0
2025-04-24 07:28:46,1,69,18.4,95,11.0,1015.7,0,5,37,0.0,0,52.3,0
2025-04-24 07:29:47,1,69,18.4,95,11.0,1015.8,7,11,32,0.0,0,50.9,0
2025-04-24 07:30:48,1,69,18.4,95,11.0,1015.8,13,16,26,0.0,0,51.4,0
2025-04-24 07:31:49,1,69,18.3,95,11.0,1015.8,3,16,16,0.0,0,52.7,0
2025-04-24 07:32:50,1,69,18.3,95,11.0,1015.8,8,12,24,0.0,0,55.2,0
2025-04-24 07:33:51,1,69,18.3,95,11.0,1015.8,4,11,27,0.0,0,54.2,0
2025-04-24 07:34:52,1,69,18.3,95,11.1,1015.7,7,12,13,0.0,0,47.7,0
2025-04-24 07:35:53,1,69,18.3,95,11.1,1015.8,3,12,27,0.0,0,50.3,0
2025-04-24 07:36:54,1,69,18.3,95,11.1,1015.7,4,11,23,0.0,0,53.0,0
2025-04-24 07:37:55,1,69,18.3,95,11.1,1015.8,1,11,338,0.0,0,49.7,0
2025-04-24 07:38:56,1,69,18.3,95,11.1,1015.8,9,14,25,0.0,0,61.0,0
2025-04-24 07:39:57,1,69,18.3,95,11.1,1015.7,3,14,33,0.0,0,63.2,0
2025-04-24 07:40:58,1,69,18.3,95,11.1,1015.8,11,12,15,0.0,0,68.8,0
2025-04-24 07:41:59,1,69,18.3,94,11.1,1015.8,0,12,98,0.0,0,57.4,0
2025-04-24 07:43:00,1,69,18.3,95,11.1,1015.9,1,12,7,0.0,0,65.2,0
2025-04-24 07:44:01,1,69,18.3,95,11.1,1015.9,3,7,35,0.0,0,60.9,0
2025-04-24 07:45:02,1,69,18.3,94,11.1,1015.8,1,9,45,0.0,0,63.9,0
2025-04-24 07:46:03,1,69,18.3,94,11.2,1015.9,6,16,355,0.0,0,68.6,0
2025-04-24 07:47:04,1,69,18.3,94,11.2,1015.9,8,16,20,0.0,0,63.0,0
2025-04-24 07:48:05,1,69,18.3,94,11.2,1015.9,6,14,3,0.0,0,62.8,0
2025-04-24 07:49:06,1,69,18.3,94,11.2,1015.8,7,11,17,0.0,0,55.0,0
2025-04-24 07:50:07,1,69,18.3,94,11.2,1015.9,9,12,32,0.0,0,56.5,0
2025-04-24 07:51:08,1,69,18.3,94,11.2,1015.8,2,12,24,0.0,0,58.8,0
2025-04-24 07:52:09,1,69,18.3,94,11.2,1015.7,4,9,41,0.0,0,54.7,0
2025-04-24 07:53:10,1,69,18.3,94,11.2,1015.9,1,9,24,0.0,0,56.2,0
2025-04-24 07:54:11,1,69,18.3,94,11.2,1015.9,1,12,25,0.0,0,49.7,0
2025-04-24 07:55:12,1,68,18.3,94,11.2,1016.1,4,12,18,0.0,0,45.2,0
2025-04-24 07:56:13,1,68,18.3,94,11.2,1016.0,6,14,37,0.0,0,51.4,0
2025-04-24 07:57:14,1,69,18.3,94,11.2,1016.0,2,11,41,0.0,0,55.9,0
2025-04-24 07:58:15,1,69,18.3,94,11.3,1015.8,0,11,22,0.0,0,49.1,0
2025-04-24 07:59:16,1,69,18.3,94,11.3,1015.9,0,9,56,0.0,0,52.9,0
2025-04-24 08:00:17,1,68,18.3,94,11.3,1016.0,0,3,300,0.0,0,58.1,0
2025-04-24 08:01:18,1,68,18.3,94,11.3,1016.0,2,7,36,0.0,0,63.4,0
2025-04-24 08:02:19,1,68,18.3,94,11.3,1015.9,2,7,329,0.0,0,71.7,0
2025-04-24 08:03:20,1,68,18.3,94,11.3,1015.9,6,12,46,0.0,0,64.3,0
2025-04-24 08:04:21,1,68,18.3,94,11.3,1015.9,3,9,121,0.0,0,60.3,0
2025-04-24 08:05:22,1,68,18.3,94,11.3,1016.0,6,11,23,0.0,0,65.5,0
2025-04-24 08:06:23,1,68,18.2,94,11.3,1016.0,5,11,325,0.0,0,51.1,0
2025-04-24 08:07:24,1,68,18.3,94,11.3,1016.1,1,9,35,0.0,0,60.2,0
2025-04-24 08:08:25,1,68,18.3,94,11.4,1016.0,1,11,345,0.0,0,54.5,0
2025-04-24 08:09:26,1,68,18.3,94,11.4,1015.9,4,9,351,0.0,0,53.4,0
2025-04-24 08:10:27,1,68,18.3,94,11.4,1016.0,3,9,17,0.0,0,56.6,0
2025-04-24 08:11:28,1,68,18.3,94,11.4,1016.1,10,14,3,0.0,0,46.8,0
2025-04-24 08:12:29,1,68,18.3,93,11.4,1016.0,2,14,211,0.0,0,41.3,0
2025-04-24 08:13:30,1,68,18.3,94,11.4,1016.0,1,5,277,0.0,0,38.0,0
2025-04-24 08:14:31,1,68,18.3,93,11.4,1015.8,4,11,39,0.0,0,31.4,0
2025-04-24 08:15:32,1,68,18.3,93,11.4,1015.9,5,9,17,0.0,0,35.8,0
2025-04-24 08:16:33,1,68,18.3,93,11.4,1016.1,1,7,24,0.0,0,41.6,0
2025-04-24 08:17:34,1,68,18.3,93,11.4,1016.1,3,9,12,0.0,0,41.6,0
2025-04-24 08:18:35,1,68,18.2,93,11.4,1016.1,4,14,4,0.0,0,44.9,0
2025-04-24 08:19:36,1,68,18.3,93,11.4,1016.0,0,11,41,0.0,0,52.6,0
2025-04-24 08:20:37,1,68,18.3,93,11.4,1016.0,6,11,71,0.0,0,51.0,0
2025-04-24 08:21:38,1,68,18.2,93,11.4,1016.0,6,12,67,0.0,0,52.9,0
2025-04-24 08:22:39,1,68,18.3,93,11.4,1016.1,6,12,20,0.0,0,57.9,0
2025-04-24 08:23:40,1,68,18.3,93,11.4,1016.2,2,9,25,0.0,0,54.7,0
2025-04-24 08:24:41,1,68,18.3,93,11.4,1016.1,3,5,27,0.0,0,58.8,0
2025-04-24 08:25:42,1,68,18.2,93,11.4,1015.9,3,11,354,0.0,0,63.0,0
2025-04-24 08:26:43,1,68,18.3,93,11.5,1016.0,10,14,15,0.0,0,56.5,0
2025-04-24 08:27:44,1,68,18.2,93,11.5,1015.9,3,14,16,0.0,0,58.8,0
2025-04-24 08:28:45,1,68,18.3,93,11.5,1016.0,0,12,3,0.0,0,55.9,0
2025-04-24 08:29:46,1,68,18.3,93,11.5,1016.0,1,11,348,0.0,0,66.0,0
2025-04-24 08:30:47,1,68,18.3,93,11.5,1015.9,1,5,17,0.0,0,88.5,0
2025-04-24 08:31:48,1,68,18.3,93,11.5,1016.1,3,7,20,0.0,0,88.8,0
2025-04-24 08:32:49,1,68,18.3,93,11.5,1016.1,8,11,21,0.0,0,126.2,1
2025-04-24 08:33:50,1,68,18.2,93,11.5,1016.0,8,14,26,0.0,0,167.1,1
2025-04-24 08:34:51,1,68,18.3,93,11.5,1016.1,5,16,29,0.0,0,169.9,1
2025-04-24 08:35:52,1,68,18.2,93,11.5,1015.9,1,7,29,0.0,0,143.2,1
2025-04-24 08:36:53,1,68,18.3,93,11.6,1016.0,2,5,26,0.0,0,97.6,0
2025-04-24 08:37:54,1,68,18.2,93,11.6,1016.0,5,9,16,0.0,0,107.9,1
2025-04-24 08:38:55,1,68,18.2,93,11.6,1016.0,5,11,25,0.0,0,129.9,1
2025-04-24 08:39:56,1,69,18.2,93,11.7,1016.1,2,9,31,0.0,0,123.0,1
2025-04-24 08:40:57,1,69,18.3,93,11.7,1016.0,2,5,353,0.0,0,127.6,1
2025-04-24 08:41:58,1,69,18.3,93,11.7,1016.0,1,5,9,0.0,0,128.9,1
2025-04-24 08:42:59,1,69,18.2,93,11.7,1015.9,8,11,344,0.0,0,115.3,1
2025-04-24 08:44:00,1,69,18.2,93,11.7,1016.1,6,20,29,0.0,0,119.5,1
2025-04-24 08:45:01,1,69,18.3,93,11.8,1016.2,7,16,22,0.0,0,112.7,1
2025-04-24 08:46:02,1,69,18.3,93,11.8,1016.1,2,16,345,0.0,0,101.8,0
2025-04-24 08:47:03,1,69,18.2,93,11.8,1016.0,6,11,349,0.0,0,99.3,0
2025-04-24 08:48:04,1,69,18.3,93,11.8,1016.1,2,11,250,0.0,0,101.6,0
2025-04-24 08:49:05,1,69,18.3,93,11.8,1016.2,1,12,25,0.0,0,109.2,1
2025-04-24 08:50:06,1,69,18.3,93,11.8,1016.2,1,12,333,0.0,0,92.1,0
2025-04-24 08:51:07,1,69,18.3,93,11.8,1015.9,3,7,346,0.0,0,102.8,1
2025-04-24 08:52:08,1,69,18.3,93,11.8,1016.2,4,7,337,0.0,0,94.9,0
2025-04-24 08:53:09,1,69,18.3,93,11.9,1016.1,3,7,44,0.0,0,87.5,0
2025-04-24 08:54:10,1,69,18.3,92,11.9,1016.2,1,11,39,0.0,0,86.4,0
2025-04-24 08:55:11,1,69,18.3,92,11.9,1016.2,1,11,27,0.0,0,88.3,0
2025-04-24 08:56:12,1,69,18.3,92,11.9,1016.2,0,5,336,0.0,0,76.9,0
2025-04-24 08:57:13,1,69,18.3,92,11.9,1016.1,7,14,359,0.0,0,77.8,0
2025-04-24 08:58:14,1,69,18.2,92,11.9,1016.0,10,14,10,0.0,0,80.9,0
2025-04-24 08:59:15,1,69,18.3,92,11.9,1016.1,3,14,19,0.0,0,85.8,0
2025-04-24 09:00:16,1,69,18.3,92,11.9,1016.2,2,9,18,0.0,0,81.8,0
2025-04-24 09:01:17,1,69,18.3,92,11.9,1016.0,1,9,349,0.0,0,69.1,0
2025-04-24 09:02:18,1,69,18.3,92,11.9,1016.3,8,11,30,0.0,0,61.8,0
2025-04-24 09:03:19,1,69,18.2,92,11.9,1016.3,2,12,276,0.0,0,62.7,0
2025-04-24 09:04:20,1,69,18.3,92,11.9,1016.0,0,5,13,0.0,0,57.6,0
2025-04-24 09:05:21,1,69,18.2,92,11.9,1016.1,3,7,9,0.0,0,62.3,0
2025-04-24 09:06:22,1,69,18.2,92,11.9,1016.2,0,11,349,0.0,0,61.7,0
2025-04-24 09:07:23,1,68,18.3,92,11.9,1016.3,3,9,19,0.0,0,55.7,0
2025-04-24 09:08:24,1,68,18.2,92,11.9,1016.1,4,7,327,0.0,0,53.5,0
2025-04-24 09:09:25,1,68,18.2,92,11.9,1016.4,1,9,15,0.0,0,59.6,0
2025-04-24 09:10:26,1,68,18.2,92,11.9,1016.2,1,9,356,0.0,0,64.7,0
2025-04-24 09:11:27,1,68,18.2,92,11.9,1016.2,2,7,23,0.0,0,64.5,0
2025-04-24 09:12:28,1,68,18.2,92,11.9,1016.1,2,5,6,0.0,0,67.3,0
2025-04-24 09:13:29,1,68,18.3,92,11.9,1016.4,2,7,14,0.0,0,78.9,0
2025-04-24 09:14:30,1,68,18.2,92,11.9,1016.3,4,12,13,0.0,0,71.5,0
2025-04-24 09:15:31,1,68,18.2,92,12.0,1016.1,1,12,49,0.0,0,61.2,0
2025-04-24 09:16:32,1,68,18.3,92,12.0,1016.4,5,9,13,0.0,0,61.3,0
2025-04-24 09:17:33,1,68,18.2,92,12.0,1016.3,1,9,0,0.0,0,65.0,0
2025-04-24 09:18:34,1,68,18.2,92,12.0,1016.3,3,9,15,0.0,0,68.3,0
2025-04-24 09:19:35,1,68,18.2,91,12.0,1016.3,1,11,61,0.0,0,68.5,0
2025-04-24 09:20:36,1,68,18.2,91,12.0,1016.4,6,11,8,0.0,0,66.2,0
2025-04-24 09:21:37,1,68,18.2,91,12.0,1016.2,12,16,39,0.0,0,63.1,0
2025-04-24 09:22:38,1,68,18.2,91,12.0,1016.3,6,16,13,0.0,0,80.7,0
2025-04-24 09:23:39,1,68,18.2,91,12.0,1016.4,3,11,26,0.0,0,100.4,0
2025-04-24 09:24:40,1,68,18.3,91,12.0,1016.2,2,11,61,0.0,0,87.9,0
2025-04-24 09:25:41,1,68,18.2,91,12.0,1016.4,6,7,20,0.0,0,66.9,0
2025-04-24 09:26:42,1,68,18.2,91,12.0,1016.3,4,9,18,0.0,0,69.8,0
2025-04-24 09:27:43,1,68,18.2,91,12.0,1016.4,2,12,335,0.0,0,58.5,0
2025-04-24 09:28:44,1,68,18.2,91,12.0,1016.4,6,12,37,0.0,0,65.0,0
2025-04-24 09:29:45,1,68,18.2,91,12.1,1016.2,1,9,348,0.0,0,70.8,0
2025-04-24 09:30:46,1,68,18.2,91,12.1,1016.5,6,11,39,0.0,0,72.5,0
2025-04-24 09:31:47,1,68,18.2,91,12.1,1016.4,3,18,55,0.0,0,86.7,0
2025-04-24 09:32:48,1,68,18.2,91,12.0,1016.4,8,18,9,0.0,0,84.4,0
2025-04-24 09:33:49,1,68,18.2,91,12.0,1016.5,10,16,344,0.0,0,84.2,0
2025-04-24 09:34:50,1,68,18.2,91,12.0,1016.5,2,14,44,0.0,0,92.1,0
2025-04-24 09:35:51,1,68,18.2,92,11.9,1016.5,2,12,33,0.0,0,93.1,0
2025-04-24 09:36:52,1,68,18.2,92,11.9,1016.6,3,11,37,0.0,0,85.5,0
2025-04-24 09:37:53,1,68,18.2,92,11.9,1016.3,1,11,11,0.0,0,77.9,0
2025-04-24 09:38:54,1,68,18.2,92,11.9,1016.5,3,7,14,0.0,0,77.0,0
2025-04-24 09:39:55,1,68,18.3,92,11.9,1016.4,6,9,30,0.0,0,87.0,0
2025-04-24 09:40:56,1,68,18.2,92,11.9,1016.5,7,11,30,0.0,0,82.3,0
2025-04-24 09:41:57,1,68,18.2,92,11.9,1016.5,1,12,28,0.0,0,82.9,0
2025-04-24 09:42:58,1,68,18.2,93,11.9,1016.5,1,12,32,0.0,0,77.0,0
2025-04-24 09:43:59,1,68,18.2,93,11.9,1016.6,7,9,37,0.0,0,70.5,0
2025-04-24 09:45:00,1,68,18.2,93,11.9,1016.4,8,14,47,0.0,0,79.5,0
2025-04-24 09:46:01,1,68,18.2,93,11.9,1016.5,5,14,1,0.0,0,92.8,0
2025-04-24 09:47:02,1,68,18.2,93,11.9,1016.4,4,11,24,0.0,0,77.5,0
2025-04-24 09:48:03,1,68,18.2,93,11.8,1016.5,0,11,348,0.0,0,92.4,0
2025-04-24 09:49:04,1,68,18.2,93,11.8,1016.4,10,14,25,0.0,0,92.9,0
2025-04-24 09:50:05,1,68,18.2,93,11.8,1016.5,2,18,47,0.0,0,86.8,0
2025-04-24 09:51:06,1,68,18.2,93,11.8,1016.5,5,9,58,0.0,0,91.7,0
2025-04-24 09:52:07,1,68,18.2,93,11.8,1016.5,3,7,23,0.0,0,82.2,0
2025-04-24 09:53:08,1,68,18.2,93,11.8,1016.4,3,12,15,0.0,0,79.3,0
2025-04-24 09:54:09,1,68,18.2,93,11.8,1016.4,4,7,52,0.0,0,81.9,0
2025-04-24 09:55:10,1,68,18.2,93,11.8,1016.4,6,9,29,0.0,0,86.0,0
2025-04-24 09:56:11,1,68,18.2,93,11.8,1016.3,1,9,36,0.0,0,85.7,0
2025-04-24 09:57:12,1,68,18.2,93,11.8,1016.5,6,14,44,0.0,0,90.6,0
2025-04-24 09:58:13,1,68,18.2,93,11.8,1016.5,6,14,21,0.0,0,85.2,0
2025-04-24 09:59:14,1,68,18.2,93,11.9,1016.5,7,11,31,0.0,0,89.5,0
2025-04-24 10:00:15,1,68,18.2,93,11.9,1016.5,6,9,22,0.0,0,87.6,0
2025-04-24 10:01:16,1,68,18.2,93,11.9,1016.5,9,12,359,0.0,0,89.8,0
2025-04-24 10:02:17,1,68,18.2,93,11.9,1016.5,3,12,28,0.0,0,98.4,0
2025-04-24 10:03:18,1,68,18.2,93,11.9,1016.6,3,7,16,0.0,0,95.8,0
2025-04-24 10:04:19,1,68,18.2,93,11.9,1016.3,1,7,338,0.0,0,93.3,0
2025-04-24 10:05:20,1,68,18.2,93,11.9,1016.6,3,9,14,0.0,0,89.2,0
2025-04-24 10:06:21,1,68,18.2,93,11.9,1016.4,3,7,35,0.0,0,81.3,0
2025-04-24 10:07:22,1,68,18.2,93,11.9,1016.3,2,7,72,0.0,0,72.9,0
2025-04-24 10:08:23,1,68,18.2,93,11.9,1016.5,1,5,340,0.0,0,71.9,0
2025-04-24 10:09:24,1,68,18.2,93,12.0,1016.6,0,3,318,0.0,0,77.5,0
2025-04-24 10:10:25,1,68,18.2,93,12.0,1016.5,14,18,52,0.0,0,73.1,0
2025-04-24 10:11:26,1,68,18.2,93,12.0,1016.5,7,18,8,0.0,0,68.3,0
2025-04-24 10:12:27,1,68,18.2,93,11.9,1016.6,6,11,34,0.0,0,78.6,0
2025-04-24 10:13:28,1,68,18.2,92,11.9,1016.6,5,12,326,0.0,0,79.2,0
2025-04-24 10:14:29,1,68,18.2,93,11.9,1016.5,2,12,25,0.0,0,79.8,0
2025-04-24 10:15:30,1,68,18.2,93,11.9,1016.5,5,11,23,0.0,0,84.6,0
2025-04-24 10:16:31,1,68,18.2,92,11.9,1016.6,5,12,355,0.0,0,85.2,0
2025-04-24 10:17:32,1,68,18.2,92,11.9,1016.6,1,12,12,0.0,0,82.2,0
2025-04-24 10:18:33,1,68,18.2,93,12.0,1016.6,3,9,61,0.0,0,79.7,0
2025-04-24 10:19:34,1,68,18.2,92,12.0,1016.5,8,11,76,0.0,0,81.6,0
2025-04-24 10:20:35,1,68,18.2,92,12.0,1016.6,2,14,30,0.0,0,91.6,0
2025-04-24 10:21:36,1,68,18.2,92,12.0,1016.6,1,14,355,0.0,0,85.5,0
2025-04-24 10:22:37,1,68,18.2,92,12.0,1016.5,5,7,25,0.0,0,82.2,0
2025-04-24 10:23:38,1,68,18.2,92,12.0,1016.6,1,7,15,0.0,0,92.5,0
2025-04-24 10:24:39,1,68,18.2,92,12.0,1016.8,1,9,27,0.0,0,95.9,0
2025-04-24 10:25:40,1,68,18.2,92,12.1,1016.6,1,9,40,0.0,0,97.9,0
2025-04-24 10:26:41,1,68,18.2,92,12.1,1016.6,7,11,340,0.0,0,96.8,0
2025-04-24 10:27:42,1,68,18.2,92,12.1,1016.6,2,11,6,0.0,0,100.3,0
2025-04-24 10:28:43,1,68,18.2,92,12.1,1016.7,0,11,20,0.0,0,102.4,0
2025-04-24 10:29:44,1,68,18.2,92,12.1,1016.6,7,11,337,0.0,0,120.1,1
2025-04-24 10:30:45,1,68,18.2,92,12.1,1016.6,1,11,39,0.0,0,132.2,1
2025-04-24 10:31:46,1,68,18.2,92,12.1,1016.8,0,5,17,0.0,0,136.6,1
2025-04-24 10:32:47,1,68,18.2,92,12.1,1016.8,1,5,345,0.0,0,132.1,1
2025-04-24 10:33:48,1,68,18.2,92,12.1,1016.8,0,5,7,0.0,0,123.4,1
2025-04-24 10:34:49,1,68,18.2,92,12.1,1016.8,2,5,8,0.0,0,123.2,1
2025-04-24 10:35:50,1,68,18.2,93,12.2,1016.4,0,5,353,0.0,0,120.0,1
2025-04-24 10:36:51,1,68,18.2,92,12.2,1016.6,2,5,36,0.0,0,113.7,1
2025-04-24 10:37:52,1,68,18.2,92,12.2,1016.7,1,5,288,0.0,0,109.4,1
2025-04-24 10:38:53,1,68,18.2,92,12.2,1016.8,1,3,355,0.0,0,110.9,1
2025-04-24 10:39:54,1,68,18.2,93,12.2,1016.8,1,5,44,0.0,0,114.0,1
2025-04-24 10:40:55,1,68,18.2,92,12.2,1016.7,3,9,296,0.0,0,110.2,1
2025-04-24 10:41:56,1,68,18.2,92,12.2,1016.8,7,9,29,0.0,0,106.2,1
2025-04-24 10:42:57,1,68,18.2,92,12.2,1016.6,5,9,36,0.0,0,106.2,1
2025-04-24 10:43:58,1,68,18.2,92,12.2,1016.7,0,9,36,0.0,0,101.3,0
2025-04-24 10:44:59,1,68,18.2,92,12.2,1016.7,2,7,10,0.0,0,94.4,0
2025-04-24 10:46:00,1,68,18.2,92,12.3,1016.8,2,7,326,0.0,0,84.3,0
2025-04-24 10:47:01,1,68,18.2,92,12.3,1016.7,6,7,27,0.0,0,76.8,0
2025-04-24 10:48:02,1,68,18.2,92,12.3,1016.8,4,9,12,0.0,0,67.8,0
2025-04-24 10:49:03,1,68,18.2,92,12.3,1016.7,4,9,356,0.0,0,62.5,0
2025-04-24 10:50:04,1,68,18.2,92,12.2,1016.8,1,9,42,0.0,0,58.6,0
2025-04-24 10:51:05,1,68,18.2,92,12.3,1016.7,0,7,31,0.0,0,69.8,0
2025-04-24 10:52:06,1,68,18.2,92,12.3,1016.6,0,7,13,0.0,0,86.9,0
2025-04-24 10:53:07,1,68,18.2,92,12.3,1016.7,2,3,13,0.0,0,90.5,0
2025-04-24 10:54:08,1,68,18.2,92,12.3,1016.6,0,5,310,0.0,0,89.2,0
2025-04-24 10:55:09,1,68,18.2,92,12.3,1016.8,3,5,22,0.0,0,105.8,1
2025-04-24 10:56:10,1,68,18.2,92,12.3,1016.8,3,7,53,0.0,0,133.4,1
2025-04-24 10:57:11,1,68,18.2,92,12.3,1016.6,3,11,35,0.0,0,124.7,1
2025-04-24 10:58:12,1,68,18.2,92,12.3,1016.7,5,7,53,0.0,0,123.6,1
2025-04-24 10:59:13,1,68,18.2,92,12.3,1016.5,1,7,355,0.0,0,126.6,1
2025-04-24 11:00:14,1,68,18.2,92,12.4,1016.5,0,11,20,0.0,0,117.1,1
2025-04-24 11:01:15,1,68,18.2,92,12.4,1016.7,0,7,13,0.0,0,107.8,1
2025-04-24 11:02:16,1,68,18.2,92,12.4,1016.7,3,3,21,0.0,0,89.0,0
2025-04-24 11:03:17,1,68,18.2,92,12.4,1016.9,5,9,357,0.0,0,83.0,0
2025-04-24 11:04:18,1,68,18.2,92,12.4,1016.6,1,9,346,0.0,0,87.5,0
2025-04-24 11:05:19,1,68,18.2,92,12.4,1016.6,1,9,19,0.0,0,94.5,0
2025-04-24 11:06:20,1,68,18.2,92,12.4,1016.8,5,7,2,0.0,0,110.2,1
2025-04-24 11:07:21,1,68,18.2,92,12.4,1016.8,2,7,13,0.0,0,133.4,1
2025-04-24 11:08:22,1,68,18.2,92,12.4,1016.9,1,7,36,0.0,0,152.4,1
2025-04-24 11:09:23,1,68,18.2,92,12.4,1016.8,4,7,354,0.0,0,142.6,1
2025-04-24 11:10:24,1,68,18.2,92,12.5,1017.0,3,7,27,0.0,0,129.0,1
2025-04-24 11:11:25,1,68,18.2,92,12.5,1016.8,0,5,33,0.0,0,107.0,1
2025-04-24 11:12:26,1,68,18.2,92,12.5,1016.8,1,3,341,0.0,0,96.2,0
2025-04-24 11:13:27,1,68,18.2,92,12.5,1016.9,3,5,25,0.0,0,91.0,0
2025-04-24 11:14:28,1,68,18.2,92,12.5,1016.6,3,5,21,0.0,0,94.2,0
2025-04-24 11:15:29,1,68,18.2,92,12.5,1016.8,4,7,9,0.0,0,100.1,0
2025-04-24 11:16:30,1,68,18.2,92,12.5,1016.8,2,7,5,0.0,0,105.7,1
2025-04-24 11:17:31,1,68,18.2,92,12.5,1016.7,2,7,0,0.0,0,103.2,1
2025-04-24 11:18:32,1,68,18.2,92,12.5,1016.7,0,9,33,0.0,0,88.4,0
2025-04-24 11:19:33,1,68,18.2,92,12.5,1016.9,2,9,358,0.0,0,80.6,0
2025-04-24 11:20:34,1,68,18.2,92,12.5,1016.7,0,9,7,0.0,0,77.7,0
2025-04-24 11:21:35,1,68,18.2,92,12.6,1016.7,1,3,47,0.0,0,72.8,0
2025-04-24 11:22:36,1,68,18.2,92,12.6,1016.8,3,7,29,0.0,0,71.4,0
2025-04-24 11:23:37,1,68,18.2,92,12.6,1016.7,2,9,55,0.0,0,60.7,0
2025-04-24 11:24:38,1,68,18.2,92,12.6,1016.7,3,5,34,0.0,0,65.9,0
2025-04-24 11:25:39,1,68,18.2,92,12.6,1016.7,0,7,13,0.0,0,75.5,0
2025-04-24 11:26:40,1,68,18.2,92,12.6,1016.6,5,7,25,0.0,0,69.0,0
2025-04-24 11:27:41,1,68,18.2,92,12.6,1016.8,8,14,2,0.0,0,60.4,0
2025-04-24 11:28:42,1,68,18.2,91,12.6,1016.7,1,14,24,0.0,0,89.5,0
2025-04-24 11:29:43,1,68,18.2,92,12.6,1016.7,3,7,12,0.0,0,106.9,1
2025-04-24 11:30:44,1,68,18.2,92,12.6,1016.7,4,9,32,0.0,0,115.5,1
2025-04-24 11:31:45,1,68,18.2,91,12.6,1016.7,6,11,50,0.0,0,105.1,1
2025-04-24 11:32:46,1,68,18.2,91,12.6,1016.7,4,11,40,0.0,0,99.9,0
2025-04-24 11:33:47,1,68,18.2,92,12.6,1016.9,2,7,48,0.0,0,84.3,0
2025-04-24 11:34:48,1,68,18.2,91,12.6,1016.9,3,11,19,0.0,0,76.8,0
2025-04-24 11:35:49,1,68,18.2,92,12.6,1016.8,1,9,42,0.0,0,57.4,0
2025-04-24 11:36:50,1,68,18.2,92,12.6,1016.7,3,11,70,0.0,0,60.8,0
2025-04-24 11:37:51,1,68,18.2,91,12.6,1016.8,7,11,17,0.0,0,68.7,0
2025-04-24 11:38:52,1,68,18.2,91,12.6,1016.8,9,16,55,0.0,0,97.5,0
2025-04-24 11:39:53,1,68,18.2,91,12.6,1016.8,10,18,53,0.0,0,139.9,1
2025-04-24 11:40:54,1,68,18.2,92,12.5,1016.8,6,14,63,0.0,0,200.4,1
2025-04-24 11:41:55,1,68,18.2,92,12.5,1016.7,6,16,15,0.0,0,196.8,1
2025-04-24 11:42:56,1,68,18.2,92,12.4,1016.8,9,14,355,0.0,0,186.0,1
2025-04-24 11:43:57,1,68,18.2,92,12.4,1016.8,4,14,25,0.0,0,186.2,1
2025-04-24 11:44:58,1,68,18.2,92,12.4,1016.8,2,9,22,0.0,0,195.0,1
2025-04-24 11:45:59,1,68,18.2,93,12.5,1016.8,2,7,56,0.0,0,208.0,2
2025-04-24 11:47:00,1,68,18.2,93,12.5,1016.7,3,9,32,0.0,0,222.1,2
2025-04-24 11:48:01,1,68,18.2,93,12.5,1016.9,6,11,46,0.0,0,230.6,2
2025-04-24 11:49:02,1,68,18.2,92,12.5,1016.8,3,12,82,0.0,0,228.6,2
2025-04-24 11:50:03,1,68,18.2,93,12.5,1016.8,3,9,40,0.0,0,230.2,2
2025-04-24 11:51:04,1,68,18.2,92,12.5,1016.9,6,12,39,0.0,0,203.8,1
2025-04-24 11:52:05,1,68,18.2,92,12.5,1016.8,3,12,45,0.0,0,205.7,2
2025-04-24 11:53:06,1,68,18.2,92,12.5,1016.7,4,11,327,0.0,0,183.7,1
2025-04-24 11:54:07,1,68,18.2,93,12.5,1016.7,5,11,20,0.0,0,174.5,1
2025-04-24 11:55:08,1,68,18.2,92,12.5,1016.7,4,12,44,0.0,0,184.4,1
2025-04-24 11:56:09,1,68,18.2,93,12.5,1016.7,5,12,28,0.0,0,177.7,1
2025-04-24 11:57:15,1,68,18.2,93,12.5,1017.0,7,9,61,0.0,0,162.4,1
2025-04-24 11:58:11,1,68,18.2,93,12.5,1016.8,2,12,15,0.0,0,164.3,1
2025-04-24 11:59:12,1,68,18.2,93,12.5,1016.9,2,12,46,0.0,0,168.8,1
2025-04-24 12:00:13,1,68,18.2,93,12.5,1016.8,0,11,24,0.0,0,186.5,1
2025-04-24 12:01:14,1,68,18.2,93,12.5,1016.9,1,11,44,0.0,0,216.3,2
2025-04-24 12:02:15,1,68,18.2,93,12.6,1016.9,0,9,17,0.0,0,217.5,2
2025-04-24 12:03:16,1,68,18.2,93,12.6,1016.9,6,9,28,0.0,0,235.5,2
2025-04-24 12:04:17,1,68,18.2,93,12.6,1017.0,5,9,345,0.0,0,228.0,2
2025-04-24 12:05:18,1,68,18.2,93,12.6,1016.9,2,9,36,0.0,0,220.3,2
2025-04-24 12:06:19,1,68,18.2,93,12.6,1016.9,1,3,41,0.0,0,206.5,2
2025-04-24 12:07:20,1,68,18.2,93,12.7,1016.8,3,5,43,0.0,0,194.2,1
2025-04-24 12:08:21,1,68,18.2,93,12.7,1017.0,3,5,5,0.0,0,198.0,1
2025-04-24 12:09:22,1,68,18.2,93,12.7,1016.8,11,12,16,0.0,0,195.2,1
2025-04-24 12:10:23,1,68,18.2,93,12.7,1016.9,3,12,13,0.0,0,198.1,1
2025-04-24 12:11:24,1,68,18.2,93,12.7,1016.8,6,14,66,0.0,0,203.5,1
2025-04-24 12:12:25,1,68,18.2,93,12.7,1016.8,4,14,244,0.0,0,206.0,2
2025-04-24 12:13:26,1,68,18.2,93,12.7,1016.9,3,9,19,0.0,0,210.8,2
2025-04-24 12:14:27,1,68,18.2,93,12.7,1016.9,4,14,44,0.0,0,215.0,2
2025-04-24 12:15:28,1,68,18.2,93,12.7,1016.7,3,14,14,0.0,0,213.7,2
2025-04-24 12:16:29,1,68,18.3,93,12.7,1016.8,8,12,14,0.0,0,257.6,2
2025-04-24 12:17:30,1,68,18.2,93,12.7,1016.8,5,12,23,0.0,0,277.1,2
2025-04-24 12:18:31,1,68,18.2,93,12.7,1017.0,2,11,46,0.0,0,281.9,2
2025-04-24 12:19:32,1,68,18.2,93,12.7,1016.9,6,14,30,0.0,0,253.1,2
2025-04-24 12:20:33,1,68,18.3,93,12.7,1016.8,2,14,38,0.0,0,258.2,2
2025-04-24 12:21:34,1,68,18.2,93,12.7,1016.9,3,11,352,0.0,0,222.8,2
2025-04-24 12:22:35,1,68,18.3,93,12.7,1016.8,2,11,13,0.0,0,250.7,2
2025-04-24 12:23:36,1,68,18.2,93,12.8,1017.1,10,12,34,0.0,0,245.1,2
2025-04-24 12:24:37,1,68,18.3,92,12.8,1016.9,8,16,2,0.0,0,252.6,2
2025-04-24 12:25:38,1,68,18.3,93,12.8,1016.8,6,16,18,0.0,0,201.3,1
2025-04-24 12:26:39,1,68,18.3,93,12.8,1016.9,2,9,14,0.0,0,221.4,2
2025-04-24 12:27:40,1,68,18.3,93,12.8,1016.9,8,12,22,0.0,0,217.4,2
2025-04-24 12:28:41,1,68,18.2,93,12.8,1016.8,8,12,32,0.0,0,217.2,2
2025-04-24 12:29:42,1,68,18.2,92,12.9,1016.9,4,12,345,0.0,0,214.3,2
2025-04-24 12:30:43,1,68,18.3,92,12.9,1017.0,5,12,58,0.0,0,242.9,2
2025-04-24 12:31:44,1,68,18.3,92,12.9,1016.7,7,12,14,0.0,0,227.5,2
2025-04-24 12:32:45,1,68,18.3,93,12.9,1016.8,3,11,46,0.0,0,193.7,1
2025-04-24 12:33:46,1,68,18.3,93,12.9,1016.8,5,9,52,0.0,0,164.0,1
2025-04-24 12:34:47,1,68,18.3,92,12.9,1016.8,4,12,11,0.0,0,180.1,1
2025-04-24 12:35:48,1,68,18.3,92,12.9,1016.7,8,11,15,0.0,0,186.7,1
2025-04-24 12:36:49,1,68,18.3,92,12.9,1016.7,8,11,349,0.0,0,163.9,1
2025-04-24 12:37:50,1,68,18.2,92,12.9,1016.7,7,11,52,0.0,0,199.2,1
2025-04-24 12:38:51,1,68,18.2,92,12.8,1016.9,8,14,38,0.0,0,202.9,1
2025-04-24 12:39:52,1,68,18.3,92,12.8,1016.9,7,16,357,0.0,0,240.2,2
2025-04-24 12:40:53,1,68,18.3,92,12.8,1016.9,9,16,7,0.0,0,234.4,2
2025-04-24 12:41:54,1,68,18.3,92,12.9,1016.9,8,16,0,0.0,0,225.4,2
2025-04-24 12:42:55,1,68,18.3,92,12.9,1016.8,10,16,28,0.0,0,225.2,2
2025-04-24 12:43:56,1,68,18.3,92,12.8,1016.7,2,14,36,0.0,0,146.2,1
2025-04-24 12:44:57,1,68,18.2,92,12.8,1016.9,3,9,36,0.0,0,147.1,1
2025-04-24 12:45:58,1,68,18.2,92,12.8,1016.8,3,9,32,0.0,0,145.3,1
2025-04-24 12:46:59,1,68,18.3,93,12.9,1016.8,5,7,27,0.0,0,234.9,2
2025-04-24 12:48:00,1,68,18.3,93,12.9,1016.7,3,7,37,0.0,0,244.8,2
2025-04-24 12:49:01,1,68,18.3,93,13.0,1016.8,7,9,347,0.0,0,193.4,1
2025-04-24 12:50:02,1,68,18.3,92,13.0,1016.8,4,9,359,0.0,0,133.8,1
2025-04-24 12:51:03,1,68,18.3,92,13.0,1016.7,3,9,13,0.0,0,102.3,0
2025-04-24 12:52:04,1,68,18.3,92,13.0,1016.7,3,7,4,0.0,0,88.5,0
2025-04-24 12:53:05,1,68,18.3,92,13.0,1016.8,8,16,23,0.0,0,73.6,0
2025-04-24 12:54:06,1,68,18.2,92,13.0,1016.8,11,16,24,0.0,0,86.5,0
2025-04-24 12:55:07,1,68,18.3,92,12.9,1016.8,6,16,31,0.0,0,91.8,0
2025-04-24 12:56:08,1,68,18.3,92,12.9,1016.8,6,11,52,0.0,0,83.2,0
2025-04-24 12:57:09,1,68,18.3,92,12.8,1016.7,1,11,269,0.0,0,111.5,1
2025-04-24 12:58:10,1,68,18.2,92,12.8,1016.9,2,5,10,0.0,0,152.4,1
2025-04-24 12:59:11,1,68,18.3,92,12.8,1016.8,1,5,52,0.0,0,156.5,1
2025-04-24 13:00:12,1,68,18.2,92,12.8,1016.8,11,16,353,0.0,0,197.8,1
2025-04-24 13:01:13,1,68,18.2,92,12.8,1016.8,7,16,4,0.0,0,224.3,2
2025-04-24 13:02:14,1,68,18.2,93,12.8,1017.0,8,11,43,0.0,0,245.8,2
2025-04-24 13:03:15,1,68,18.2,92,12.9,1016.8,3,11,55,0.0,0,272.9,2
2025-04-24 13:04:16,1,68,18.2,92,12.9,1016.8,3,11,35,0.0,0,283.8,2
2025-04-24 13:05:17,1,68,18.2,93,12.9,1016.9,0,11,357,0.0,0,282.7,2
2025-04-24 13:06:18,1,68,18.2,93,13.0,1016.8,2,9,317,0.0,0,298.0,2
2025-04-24 13:07:19,1,68,18.2,92,13.0,1016.8,6,14,38,0.0,0,254.9,2
2025-04-24 13:08:20,1,68,18.2,92,13.0,1016.8,7,14,15,0.0,0,175.2,1
2025-04-24 13:09:21,1,68,18.2,92,13.1,1016.7,7,12,29,0.0,0,184.3,1
2025-04-24 13:10:22,1,68,18.2,92,13.1,1016.7,2,11,38,0.0,0,199.8,1
2025-04-24 13:11:23,1,68,18.2,92,13.1,1016.8,1,5,50,0.0,0,221.3,2
2025-04-24 13:12:24,1,68,18.2,92,13.2,1016.8,3,9,14,0.0,0,245.2,2
2025-04-24 13:13:25,1,68,18.2,92,13.2,1016.8,0,11,97,0.0,0,237.9,2
2025-04-24 13:14:26,1,68,18.2,92,13.2,1017.0,11,16,46,0.0,0,286.7,2
2025-04-24 13:15:27,1,68,18.2,92,13.2,1017.0,5,16,24,0.0,0,279.9,2
2025-04-24 13:16:28,1,68,18.2,92,13.2,1016.8,2,9,47,0.0,0,263.2,2
2025-04-24 13:17:29,1,68,18.2,92,13.3,1016.9,7,11,14,0.0,0,242.1,2
2025-04-24 13:18:30,1,68,18.2,92,13.3,1016.9,6,12,44,0.0,0,270.1,2
2025-04-24 13:19:31,1,68,18.2,92,13.2,1016.9,9,16,20,0.0,0,322.6,3
2025-04-24 13:20:32,1,68,18.2,92,13.2,1016.9,3,16,352,0.0,0,348.9,3
2025-04-24 13:21:33,1,68,18.2,93,13.3,1016.9,4,9,355,0.0,0,573.3,5
2025-04-24 13:22:34,1,68,18.2,92,13.4,1016.9,8,12,22,0.0,0,601.4,5
2025-04-24 13:23:35,1,67,18.2,92,13.4,1016.8,6,16,49,0.0,0,477.3,4
2025-04-24 13:24:36,1,68,18.2,92,13.5,1016.9,7,16,16,0.0,0,324.7,3
2025-04-24 13:25:37,1,68,18.2,92,13.5,1016.9,1,9,6,0.0,0,329.5,3
2025-04-24 13:26:38,1,68,18.2,92,13.6,1016.7,2,9,33,0.0,0,421.1,4
2025-04-24 13:27:39,1,68,18.2,91,13.6,1016.7,4,14,21,0.0,0,351.1,3
2025-04-24 13:28:40,1,67,18.2,91,13.7,1016.7,2,14,54,0.0,0,478.0,4
2025-04-24 13:29:41,1,67,18.2,91,13.7,1017.0,12,14,29,0.0,0,475.4,4
2025-04-24 13:30:42,1,67,18.2,91,13.7,1016.6,9,14,27,0.0,0,361.4,3
2025-04-24 13:31:43,1,67,18.2,91,13.7,1016.8,7,16,359,0.0,0,368.4,3
2025-04-24 13:32:44,1,67,18.2,91,13.7,1016.7,2,16,71,0.0,0,339.4,3
2025-04-24 13:33:45,1,67,18.2,91,13.7,1016.8,5,9,16,0.0,0,254.8,2
2025-04-24 13:34:46,1,67,18.2,91,13.7,1016.7,5,11,39,0.0,0,177.3,1
2025-04-24 13:35:47,1,67,18.2,90,13.8,1016.9,3,11,23,0.0,0,90.8,0
2025-04-24 13:36:48,1,67,18.2,90,13.8,1016.9,9,12,34,0.0,0,59.5,0
2025-04-24 13:37:49,1,67,18.2,90,13.8,1016.6,6,12,17,0.0,0,110.9,1
2025-04-24 13:38:50,1,67,18.2,90,13.7,1016.8,6,11,20,0.0,0,173.2,1
2025-04-24 13:39:51,1,67,18.2,90,13.7,1016.7,7,12,36,0.0,0,178.8,1
2025-04-24 13:40:52,1,67,18.2,90,13.6,1016.7,8,14,36,0.0,0,176.5,1
2025-04-24 13:41:53,1,67,18.2,90,13.6,1016.7,3,12,0,0.0,0,228.3,2
2025-04-24 13:42:54,1,67,18.2,90,13.6,1016.7,3,9,315,0.0,0,250.4,2
2025-04-24 13:43:55,1,67,18.2,90,13.7,1017.0,2,9,17,0.0,0,249.5,2
2025-04-24 13:44:56,1,67,18.2,90,13.7,1016.7,2,12,52,0.0,0,237.0,2
2025-04-24 13:45:57,1,67,18.2,90,13.8,1016.9,3,9,4,0.0,0,227.0,2
2025-04-24 13:46:58,1,67,18.2,90,13.8,1016.9,14,18,17,0.0,0,241.1,2
2025-04-24 13:47:59,1,67,18.2,89,13.8,1016.7,11,20,45,0.0,0,240.7,2
2025-04-24 13:49:00,1,67,18.2,89,13.7,1016.8,1,20,350,0.0,0,185.5,1
2025-04-24 13:50:01,1,67,18.2,90,13.7,1016.8,4,9,25,0.0,0,105.8,1
2025-04-24 13:51:02,1,67,18.2,89,13.7,1016.9,5,9,3,0.0,0,74.0,0
2025-04-24 13:52:03,1,67,18.2,89,13.7,1016.7,5,12,0,0.0,0,54.8,0
2025-04-24 13:53:04,1,67,18.2,89,13.7,1017.0,9,18,2,0.0,0,70.3,0
2025-04-24 13:54:05,1,67,18.2,89,13.6,1016.8,6,18,23,0.0,0,102.2,0
2025-04-24 13:55:06,1,67,18.2,89,13.5,1016.7,6,18,21,0.0,0,119.6,1
2025-04-24 13:56:07,1,67,18.2,89,13.4,1016.8,3,14,42,0.0,0,120.9,1
2025-04-24 13:57:08,1,67,18.2,89,13.3,1016.8,9,12,349,0.0,0,145.9,1
2025-04-24 13:58:09,1,67,18.2,89,13.3,1016.9,9,20,24,0.0,0,174.9,1
2025-04-24 13:59:10,1,67,18.2,89,13.3,1016.8,3,20,358,0.0,0,209.5,2
2025-04-24 14:00:11,1,67,18.2,90,13.2,1016.6,8,12,21,0.0,0,226.3,2
2025-04-24 14:01:12,1,67,18.2,90,13.2,1016.7,3,12,345,0.0,0,233.7,2
2025-04-24 14:02:13,1,67,18.1,90,13.3,1016.9,7,12,44,0.0,0,209.4,2
2025-04-24 14:03:14,1,67,18.2,90,13.3,1016.8,9,16,19,0.0,0,203.3,1
2025-04-24 14:04:15,1,67,18.2,90,13.3,1016.6,7,16,5,0.0,0,213.3,2
2025-04-24 14:05:16,1,67,18.1,90,13.3,1016.7,2,11,18,0.0,0,210.7,2
2025-04-24 14:06:17,1,67,18.2,90,13.4,1016.8,1,9,55,0.0,0,204.3,1
2025-04-24 14:07:18,1,67,18.2,90,13.4,1016.7,7,12,27,0.0,0,186.8,1
2025-04-24 14:08:19,1,67,18.1,90,13.4,1016.9,8,12,16,0.0,0,173.5,1
2025-04-24 14:09:20,1,67,18.1,90,13.4,1016.9,4,12,76,0.0,0,181.8,1
2025-04-24 14:10:21,1,67,18.2,90,13.4,1016.7,9,11,19,0.0,0,192.2,1
2025-04-24 14:11:22,1,67,18.2,89,13.4,1016.7,11,18,35,0.0,0,198.4,1
2025-04-24 14:12:23,1,67,18.2,89,13.3,1017.0,4,14,43,0.0,0,183.2,1
2025-04-24 14:13:24,1,67,18.1,89,13.3,1016.9,7,21,7,0.0,0,183.8,1
2025-04-24 14:14:25,1,67,18.1,89,13.3,1016.8,4,21,14,0.0,0,192.6,1
2025-04-24 14:15:26,1,67,18.1,90,13.3,1016.8,6,12,39,0.0,0,142.0,1
2025-04-24 14:16:27,1,67,18.1,90,13.3,1016.8,6,11,347,0.0,0,112.6,1
2025-04-24 14:17:28,1,67,18.2,90,13.3,1016.7,10,18,12,0.0,0,69.4,0
2025-04-24 14:18:29,1,67,18.1,89,13.3,1016.8,5,18,51,0.0,0,56.8,0
2025-04-24 14:19:30,1,67,18.1,90,13.2,1016.7,1,14,313,0.0,0,71.8,0
2025-04-24 14:20:31,1,67,18.1,90,13.2,1016.7,6,9,263,0.0,0,53.6,0
2025-04-24 14:21:32,1,67,18.1,90,13.2,1016.8,1,14,352,0.0,0,62.9,0
2025-04-24 14:22:33,1,67,18.1,90,13.2,1016.9,0,14,343,0.0,0,73.2,0
2025-04-24 14:23:34,1,67,18.1,90,13.2,1016.8,8,11,344,0.0,0,65.0,0
2025-04-24 14:24:35,1,67,18.1,90,13.1,1016.9,3,11,53,0.0,0,57.9,0
2025-04-24 14:25:36,1,67,18.1,90,13.1,1016.7,3,11,34,0.0,0,45.2,0
2025-04-24 14:26:37,1,67,18.1,90,13.1,1016.7,2,11,54,0.0,0,19.4,0
2025-04-24 14:27:38,1,67,18.1,90,13.1,1017.0,17,25,37,0.0,0,16.2,0
2025-04-24 14:28:39,1,67,18.1,90,13.0,1017.0,6,25,37,0.0,0,20.1,0
2025-04-24 16:29:18,1,69,18.2,89,11.9,1017.5,0,9,348,0.0,0,17.5,0
2025-04-24 16:30:19,1,68,18.2,89,11.9,1017.6,8,14,23,0.0,0,15.9,0
2025-04-24 16:31:20,1,68,18.2,89,11.9,1017.6,9,14,23,0.0,0,16.6,0
2025-04-24 16:32:21,1,68,18.2,89,11.9,1017.6,6,11,62,0.0,0,13.6,0
2025-04-24 16:33:22,1,68,18.2,89,11.9,1017.6,3,12,58,0.0,0,14.4,0
2025-04-24 16:34:23,1,68,18.2,89,11.9,1017.6,7,12,52,0.0,0,16.1,0
2025-04-24 16:35:24,1,68,18.2,89,11.9,1017.5,5,9,2,0.0,0,14.6,0
2025-04-24 16:36:25,1,68,18.2,89,11.9,1017.6,10,21,60,0.0,0,18.8,0
2025-04-24 16:38:27,1,68,18.2,89,11.8,1017.6,13,18,45,0.0,0,26.1,0
2025-04-24 16:39:28,1,68,18.2,88,11.8,1017.8,13,18,37,0.0,0,32.2,0
2025-04-24 16:40:29,1,68,18.2,88,11.7,1017.5,11,18,10,0.0,0,38.6,0
2025-04-24 16:41:30,1,68,18.2,88,11.7,1017.5,15,18,22,0.0,0,34.9,0
2025-04-24 16:42:31,1,68,18.2,88,11.7,1017.6,8,16,21,0.0,0,29.2,0
2025-04-24 16:43:32,1,68,18.2,89,11.7,1017.6,8,14,25,0.0,0,22.9,0
2025-04-24 16:44:33,1,68,18.2,89,11.7,1017.4,7,14,45,0.0,0,18.8,0
2025-04-24 16:45:34,1,68,18.2,89,11.7,1017.7,5,14,17,0.0,0,18.8,0
2025-04-24 16:46:35,1,68,18.2,89,11.7,1017.7,5,12,55,0.0,0,17.7,0
2025-04-24 16:47:36,1,68,18.2,89,11.7,1017.6,10,14,44,0.0,0,15.3,0
2025-04-24 16:48:37,1,68,18.2,89,11.7,1017.7,7,14,22,0.0,0,15.9,0
2025-04-24 16:49:38,1,68,18.2,89,11.7,1017.7,6,12,33,0.0,0,16.3,0
2025-04-24 16:50:39,1,68,18.2,89,11.6,1017.5,4,12,39,0.0,0,15.6,0
2025-04-24 16:51:40,1,68,18.2,89,11.6,1017.6,8,11,27,0.0,0,20.8,0
2025-04-24 16:52:41,1,68,18.2,90,11.6,1017.6,3,11,62,0.0,0,18.1,0
2025-04-24 16:53:42,1,68,18.2,90,11.6,1017.7,9,12,10,0.0,0,20.4,0
2025-04-24 16:54:43,1,68,18.2,90,11.6,1017.7,10,18,26,0.0,0,19.1,0
2025-04-24 16:55:44,1,68,18.2,90,11.6,1017.7,2,16,259,0.0,0,18.4,0
2025-04-24 16:56:45,1,68,18.2,90,11.6,1017.8,8,12,23,0.0,0,19.4,0
2025-04-24 16:57:46,1,68,18.2,90,11.6,1017.6,8,16,37,0.0,0,18.1,0
2025-04-24 16:58:47,1,68,18.2,90,11.6,1017.6,5,14,54,0.0,0,16.7,0
2025-04-24 16:59:48,1,68,18.2,90,11.6,1017.5,7,14,13,0.0,0,14.4,0
2025-04-24 17:00:49,1,68,18.2,89,11.6,1017.6,7,14,82,0.0,0,12.1,0
2025-04-24 17:01:50,1,68,18.2,89,11.5,1017.7,11,14,34,0.0,0,11.0,0
2025-04-24 17:02:51,1,68,18.2,89,11.5,1017.5,3,14,34,0.0,0,9.4,0
2025-04-24 17:03:52,1,68,18.2,89,11.5,1017.8,8,14,46,0.0,0,8.9,0
2025-04-24 17:04:53,1,68,18.2,89,11.5,1017.7,6,14,41,0.0,0,9.4,0
2025-04-24 17:23:11,1,67,18.2,89,11.4,1017.9,7,14,43,0.0,0,11.4,0
2025-04-24 17:24:12,1,67,18.1,89,11.3,1017.8,9,16,49,0.0,0,12.0,0
2025-04-24 17:25:13,1,67,18.1,89,11.3,1017.9,4,14,37,0.0,0,14.5,0
2025-04-24 17:26:14,1,67,18.1,89,11.3,1018.0,11,14,9,0.0,0,14.7,0
2025-04-24 17:32:21,1,67,18.1,89,11.1,1017.9,7,12,36,0.0,0,12.0,0
2025-04-24 17:33:22,1,67,18.1,89,11.1,1017.9,6,12,11,0.0,0,4.7,0
2025-04-24 17:34:23,1,67,18.1,89,11.1,1018.0,0,12,21,0.0,0,10.0,0
2025-04-24 17:35:24,1,66,18.1,89,11.1,1018.0,0,1,26,0.0,0,9.7,0
2025-04-24 17:36:25,1,66,18.1,89,11.1,1018.0,11,12,22,0.0,0,11.2,0
2025-04-24 17:37:26,1,66,18.1,89,11.1,1018.0,11,14,9,0.0,0,10.9,0
2025-04-24 17:38:27,1,66,18.1,89,11.1,1018.0,9,14,26,0.0,0,10.2,0
2025-04-24 17:39:28,1,66,18.1,89,11.1,1018.1,9,14,16,0.0,0,10.1,0
2025-04-24 17:40:29,1,66,18.1,89,11.0,1018.0,6,14,15,0.0,0,8.9,0
2025-04-24 17:41:30,1,66,18.1,90,11.0,1018.1,10,12,30,0.0,0,8.2,0
2025-04-24 17:42:31,1,66,18.1,90,11.0,1018.0,3,12,51,0.0,0,8.6,0
2025-04-24 17:43:32,1,66,18.1,90,11.0,1018.0,3,12,58,0.0,0,9.2,0
2025-04-24 17:44:33,1,66,18.0,90,11.0,1018.0,1,5,32,0.0,0,9.8,0
2025-04-24 17:45:34,1,66,18.0,90,11.0,1018.1,7,11,35,0.0,0,8.8,0
2025-04-24 18:14:02,1,65,18.0,92,11.0,1018.4,8,11,8,0.0,0,6.8,0
2025-04-24 18:15:03,1,65,18.0,92,11.0,1018.5,7,11,32,0.0,0,6.7,0
2025-04-24 18:16:04,1,65,18.0,92,11.0,1018.4,6,14,31,0.0,0,5.9,0
2025-04-24 18:17:05,1,65,18.0,92,11.0,1018.5,2,11,17,0.0,0,4.8,0
2025-04-24 18:18:06,1,65,18.0,92,11.0,1018.5,10,16,36,0.0,0,4.1,0
2025-04-24 18:19:07,1,65,18.0,92,11.0,1018.5,6,16,48,0.0,0,3.7,0
2025-04-24 18:20:08,1,65,18.0,92,11.0,1018.5,8,11,32,0.0,0,4.0,0
2025-04-24 18:21:09,1,65,18.0,92,10.9,1018.5,6,11,56,0.0,0,5.0,0
2025-04-24 18:22:10,1,65,18.0,92,10.9,1018.5,10,12,48,0.0,0,5.4,0
2025-04-24 18:23:11,1,65,18.0,92,10.9,1018.6,2,12,31,0.0,0,3.7,0
2025-04-24 18:24:12,1,65,18.0,92,10.9,1018.6,4,12,17,0.0,0,3.0,0
2025-04-24 18:25:13,1,65,18.0,92,10.9,1018.6,2,12,29,0.0,0,3.0,0
2025-04-24 18:26:14,1,65,18.0,92,10.9,1018.6,2,9,61,0.0,0,2.8,0
2025-04-24 18:27:15,1,65,18.0,92,10.9,1018.7,3,5,28,0.0,0,3.1,0
2025-04-24 18:28:16,1,65,18.0,92,10.9,1018.6,5,7,58,0.0,0,3.3,0
2025-04-24 18:29:17,1,65,18.0,92,10.9,1018.6,12,20,30,0.0,0,3.0,0
2025-04-24 18:30:18,1,65,18.0,92,10.9,1018.5,5,16,9,0.0,0,3.3,0
2025-04-24 18:31:19,1,65,18.0,92,10.9,1018.8,3,14,32,0.0,0,3.2,0
2025-04-24 18:32:20,1,65,18.0,92,10.9,1018.7,3,11,26,0.0,0,3.0,0
2025-04-24 18:33:21,1,65,18.0,92,10.9,1018.7,5,14,60,0.0,0,3.2,0
2025-04-24 18:34:22,1,65,18.0,92,10.9,1018.7,6,14,41,0.0,0,3.4,0
2025-04-24 18:35:23,1,65,18.0,92,10.9,1018.7,7,20,1,0.0,0,3.4,0
2025-04-24 18:36:24,1,65,18.0,92,10.9,1018.6,7,20,44,0.0,0,3.2,0
2025-04-24 18:37:25,1,65,18.0,92,10.8,1018.8,6,9,26,0.0,0,3.0,0
