2025-04-12 00:00:36,1,54,17.1,84,9.4,1015.9,1,1,51,0.0,0,0.0,0
2025-04-12 00:01:37,1,54,17.1,84,9.4,1016.0,1,3,50,0.0,0,0.0,0
2025-04-12 00:02:38,1,54,17.1,84,9.4,1015.9,0,3,50,0.0,0,0.0,0
2025-04-12 00:03:39,1,54,17.1,84,9.4,1015.9,0,1,50,0.0,0,0.0,0
2025-04-12 00:04:40,1,54,17.1,84,9.4,1015.8,0,3,27,0.0,0,0.0,0
2025-04-12 00:05:41,1,54,17.1,84,9.4,1015.9,1,3,27,0.0,0,0.0,0
2025-04-12 00:06:42,1,54,17.1,84,9.4,1015.8,2,3,42,0.0,0,0.0,0
2025-04-12 00:07:43,1,54,17.1,84,9.4,1015.8,1,3,38,0.0,0,0.0,0
2025-04-12 00:08:44,1,54,17.1,84,9.4,1015.7,2,5,46,0.0,0,0.0,0
2025-04-12 00:09:45,1,54,17.1,84,9.5,1015.7,2,5,44,0.0,0,0.0,0
2025-04-12 00:10:46,1,54,17.1,84,9.5,1015.8,1,5,49,0.0,0,0.0,0
2025-04-12 00:11:47,1,54,17.1,84,9.5,1015.8,1,1,49,0.0,0,0.0,0
2025-04-12 00:12:48,1,54,17.1,84,9.5,1015.6,0,3,46,0.0,0,0.0,0
2025-04-12 00:13:49,1,54,17.1,84,9.5,1015.7,0,3,46,0.0,0,0.0,0
2025-04-12 00:14:50,1,54,17.1,84,9.4,1015.6,1,3,45,0.0,0,0.0,0
2025-04-12 00:15:51,1,54,17.1,84,9.4,1015.5,2,3,36,0.0,0,0.0,0
2025-04-12 00:16:52,1,54,17.1,84,9.4,1015.8,0,3,36,0.0,0,0.0,0
2025-04-12 00:17:53,1,54,17.1,84,9.4,1015.7,1,3,36,0.0,0,0.0,0
2025-04-12 00:18:54,1,54,17.1,85,9.4,1015.7,2,3,35,0.0,0,0.0,0
2025-04-12 00:19:55,1,54,17.1,85,9.4,1015.6,2,3,36,0.0,0,0.0,0
2025-04-12 00:20:56,1,54,17.1,84,9.4,1015.6,2,3,34,0.0,0,0.0,0
2025-04-12 00:21:57,1,54,17.0,84,9.4,1015.5,2,5,42,0.0,0,0.0,0
2025-04-12 00:22:58,1,54,17.0,84,9.4,1015.6,1,5,28,0.0,0,0.0,0
2025-04-12 00:23:59,1,54,17.0,84,9.4,1015.6,1,3,28,0.0,0,0.0,0
2025-04-12 00:25:00,1,54,17.0,84,9.4,1015.4,2,3,26,0.0,0,0.0,0
2025-04-12 00:26:01,1,54,17.0,84,9.4,1015.4,2,3,37,0.0,0,0.0,0
2025-04-12 00:27:02,1,54,17.0,84,9.4,1015.3,1,3,46,0.0,0,0.0,0
2025-04-12 00:28:03,1,54,17.0,85,9.4,1015.5,1,3,44,0.0,0,0.0,0
2025-04-12 00:29:04,1,54,17.0,84,9.4,1015.5,1,3,41,0.0,0,0.0,0
2025-04-12 00:30:05,1,54,17.0,84,9.4,1015.5,2,5,47,0.0,0,0.0,0
2025-04-12 00:31:06,1,54,17.0,85,9.4,1015.4,1,5,72,0.0,0,0.0,0
2025-04-12 00:32:07,1,54,17.0,85,9.4,1015.3,2,5,34,0.0,0,0.0,0
2025-04-12 00:33:08,1,54,17.0,84,9.4,1015.3,2,5,34,0.0,0,0.0,0
2025-04-12 00:34:09,1,54,17.0,84,9.5,1015.4,1,5,38,0.0,0,0.0,0
2025-04-12 00:35:10,1,54,17.0,84,9.5,1015.2,1,5,39,0.0,0,0.0,0
2025-04-12 00:36:11,1,54,17.0,84,9.5,1015.5,1,3,46,0.0,0,0.0,0
2025-04-12 00:37:12,1,54,17.0,84,9.5,1015.2,1,1,46,0.0,0,0.0,0
2025-04-12 00:38:13,1,54,17.0,84,9.5,1015.4,2,3,36,0.0,0,0.0,0
2025-04-12 00:39:14,1,54,17.0,84,9.5,1015.2,2,5,39,0.0,0,0.0,0
2025-04-12 00:40:15,1,54,17.0,84,9.5,1015.2,1,5,35,0.0,0,0.0,0
2025-04-12 00:41:16,1,54,17.0,84,9.5,1015.3,2,5,36,0.0,0,0.0,0
2025-04-12 00:42:17,1,54,17.0,84,9.5,1015.3,3,5,46,0.0,0,0.0,0
2025-04-12 00:43:18,1,54,17.0,84,9.5,1015.4,4,5,57,0.0,0,0.0,0
2025-04-12 00:44:19,1,54,17.0,84,9.5,1015.3,1,5,60,0.0,0,0.0,0
2025-04-12 00:45:20,1,54,17.0,84,9.6,1015.4,3,7,35,0.0,0,0.0,0
2025-04-12 00:46:21,1,54,17.0,84,9.6,1015.4,2,7,39,0.0,0,0.0,0
2025-04-12 00:47:22,1,54,17.0,84,9.6,1015.3,2,5,42,0.0,0,0.0,0
2025-04-12 00:48:23,1,54,17.0,84,9.6,1015.3,2,7,39,0.0,0,0.0,0
2025-04-12 00:49:24,1,54,17.0,84,9.7,1015.4,1,3,39,0.0,0,0.0,0
2025-04-12 00:50:25,1,54,17.0,84,9.7,1015.4,0,3,39,0.0,0,0.0,0
2025-04-12 00:51:26,1,54,17.0,84,9.7,1015.2,2,3,38,0.0,0,0.0,0
2025-04-12 00:52:27,1,54,17.0,84,9.7,1015.3,1,5,40,0.0,0,0.0,0
2025-04-12 00:53:28,1,54,17.0,84,9.7,1015.2,1,3,39,0.0,0,0.0,0
2025-04-12 00:54:29,1,54,17.0,83,9.7,1015.2,1,3,39,0.0,0,0.0,0
2025-04-12 00:55:30,1,54,17.0,83,9.7,1015.3,1,3,39,0.0,0,0.0,0
2025-04-12 00:56:31,1,54,17.0,83,9.7,1015.0,1,1,39,0.0,0,0.0,0
2025-04-12 00:57:32,1,54,17.0,83,9.7,1015.2,0,1,39,0.0,0,0.0,0
2025-04-12 00:58:33,1,54,17.0,83,9.7,1015.1,1,1,39,0.0,0,0.0,0
2025-04-12 00:59:34,1,54,17.0,84,9.7,1015.3,0,1,40,0.0,0,0.0,0
2025-04-12 01:00:35,1,54,17.0,84,9.7,1015.3,2,3,42,0.0,0,0.0,0
2025-04-12 01:01:36,1,54,17.0,84,9.7,1015.2,0,3,42,0.0,0,0.0,0
2025-04-12 01:02:37,1,54,17.0,84,9.7,1015.1,0,3,42,0.0,0,0.0,0
2025-04-12 01:03:38,1,54,17.0,84,9.7,1015.2,1,1,42,0.0,0,0.0,0
2025-04-12 01:04:39,1,55,17.0,83,9.7,1015.1,0,1,42,0.0,0,0.0,0
2025-04-12 01:05:40,1,54,17.0,84,9.6,1015.1,0,1,42,0.0,0,0.0,0
2025-04-12 01:06:41,1,55,17.0,84,9.6,1015.1,1,3,32,0.0,0,0.0,0
2025-04-12 01:07:42,1,55,17.0,84,9.6,1015.1,0,3,33,0.0,0,0.0,0
2025-04-12 01:08:43,1,55,17.0,84,9.5,1015.2,0,1,33,0.0,0,0.0,0
2025-04-12 01:09:44,1,55,17.0,84,9.5,1015.2,0,1,33,0.0,0,0.0,0
2025-04-12 01:10:45,1,55,17.0,84,9.5,1015.0,0,0,33,0.0,0,0.0,0
2025-04-12 01:11:46,1,55,17.0,84,9.5,1015.3,0,0,33,0.0,0,0.0,0
2025-04-12 01:12:47,1,55,17.0,84,9.4,1015.1,0,0,33,0.0,0,0.0,0
2025-04-12 01:13:48,1,55,17.0,85,9.4,1015.1,0,0,33,0.0,0,0.0,0
2025-04-12 01:14:49,1,55,17.0,85,9.4,1015.0,0,0,33,0.0,0,0.0,0
2025-04-12 01:15:50,1,55,17.0,85,9.4,1015.2,1,1,32,0.0,0,0.0,0
2025-04-12 01:16:51,1,55,17.0,85,9.4,1015.1,1,1,33,0.0,0,0.0,0
2025-04-12 01:17:52,1,55,17.0,85,9.4,1015.0,0,1,33,0.0,0,0.0,0
2025-04-12 01:18:53,1,55,17.0,85,9.4,1015.0,0,0,33,0.0,0,0.0,0
2025-04-12 01:19:54,1,55,17.0,85,9.4,1015.1,0,0,32,0.0,0,0.0,0
2025-04-12 01:20:55,1,55,17.0,85,9.4,1015.1,0,0,32,0.0,0,0.0,0
2025-04-12 01:21:56,1,55,16.9,85,9.4,1015.0,0,1,33,0.0,0,0.0,0
2025-04-12 01:22:57,1,55,16.9,85,9.4,1015.0,0,1,33,0.0,0,0.0,0
2025-04-12 01:23:58,1,55,17.0,85,9.4,1015.2,0,1,32,0.0,0,0.0,0
2025-04-12 01:24:59,1,55,17.0,85,9.4,1015.1,1,1,33,0.0,0,0.0,0
2025-04-12 01:26:00,1,55,16.9,85,9.4,1015.0,0,1,32,0.0,0,0.0,0
2025-04-12 01:27:01,1,55,16.9,85,9.4,1014.9,1,5,34,0.0,0,0.0,0
2025-04-12 01:28:02,1,55,16.9,85,9.4,1015.1,2,3,36,0.0,0,0.0,0
2025-04-12 01:29:03,1,55,16.9,85,9.4,1014.9,2,5,32,0.0,0,0.0,0
2025-04-12 01:30:04,1,55,16.9,85,9.4,1015.0,2,5,42,0.0,0,0.0,0
2025-04-12 01:31:05,1,55,17.0,85,9.5,1015.0,1,3,41,0.0,0,0.0,0
2025-04-12 01:32:06,1,55,16.9,85,9.5,1014.9,0,3,36,0.0,0,0.0,0
2025-04-12 01:33:07,1,55,16.9,85,9.5,1014.9,2,5,47,0.0,0,0.0,0
2025-04-12 01:34:08,1,55,17.0,85,9.5,1014.8,1,7,54,0.0,0,0.0,0
2025-04-12 01:35:09,1,55,16.9,84,9.6,1014.7,1,7,47,0.0,0,0.0,0
2025-04-12 01:36:10,1,55,16.9,85,9.6,1014.7,3,5,49,0.0,0,0.0,0
2025-04-12 01:37:11,1,55,16.9,84,9.6,1014.7,3,7,35,0.0,0,0.0,0
2025-04-12 01:38:12,1,55,16.9,84,9.7,1014.9,2,7,41,0.0,0,0.0,0
2025-04-12 01:39:13,1,55,17.0,84,9.7,1014.8,3,5,84,0.0,0,0.0,0
2025-04-12 01:40:14,1,55,16.9,84,9.8,1014.8,0,5,46,0.0,0,0.0,0
2025-04-12 01:41:15,1,55,16.9,84,9.8,1014.7,0,1,36,0.0,0,0.0,0
2025-04-12 01:42:16,1,55,16.9,84,9.8,1014.8,1,1,36,0.0,0,0.0,0
2025-04-12 01:43:17,1,55,17.0,84,9.8,1014.9,0,1,53,0.0,0,0.0,0
2025-04-12 01:44:18,1,55,16.9,84,9.8,1014.9,0,1,53,0.0,0,0.0,0
2025-04-12 01:45:19,1,55,16.9,83,9.8,1014.8,2,3,46,0.0,0,0.0,0
2025-04-12 01:46:20,1,55,17.0,84,9.8,1015.0,0,3,76,0.0,0,0.0,0
2025-04-12 01:47:21,1,55,17.0,83,9.8,1014.7,0,3,33,0.0,0,0.0,0
2025-04-12 01:48:22,1,55,17.0,83,9.8,1014.8,2,3,33,0.0,0,0.0,0
2025-04-12 01:49:23,1,55,16.9,83,9.8,1014.7,1,3,65,0.0,0,0.0,0
2025-04-12 01:50:24,1,55,17.0,83,9.9,1014.8,1,3,59,0.0,0,0.0,0
2025-04-12 01:51:25,1,55,16.9,83,9.9,1014.8,0,3,59,0.0,0,0.0,0
2025-04-12 01:52:26,1,55,16.9,83,9.9,1014.7,1,1,59,0.0,0,0.0,0
2025-04-12 01:53:27,1,55,16.9,83,9.9,1014.6,2,3,28,0.0,0,0.0,0
2025-04-12 01:54:28,1,55,16.9,83,9.9,1014.7,3,3,32,0.0,0,0.0,0
2025-04-12 01:55:29,1,55,17.0,83,9.9,1014.4,1,5,51,0.0,0,0.0,0
2025-04-12 01:56:30,1,55,17.0,83,9.9,1014.7,0,5,51,0.0,0,0.0,0
2025-04-12 01:57:31,1,55,17.0,83,9.9,1014.7,1,1,48,0.0,0,0.0,0
2025-04-12 01:58:32,1,55,17.0,83,9.9,1014.7,0,1,48,0.0,0,0.0,0
2025-04-12 01:59:33,1,55,17.0,83,9.9,1014.8,1,1,47,0.0,0,0.0,0
2025-04-12 02:00:34,1,55,17.0,83,9.9,1014.7,0,1,47,0.0,0,0.0,0
2025-04-12 02:01:35,1,55,16.9,83,9.8,1014.7,0,1,47,0.0,0,0.0,0
2025-04-12 02:02:36,1,55,16.9,83,9.7,1014.7,0,0,47,0.0,0,0.0,0
2025-04-12 02:03:37,1,55,17.0,83,9.7,1014.8,0,1,39,0.0,0,0.0,0
2025-04-12 02:04:38,1,55,17.0,84,9.7,1014.7,0,1,39,0.0,0,0.0,0
2025-04-12 02:05:39,1,55,16.9,84,9.6,1014.6,0,0,39,0.0,0,0.0,0
2025-04-12 02:06:40,1,55,17.0,84,9.6,1014.8,0,0,39,0.0,0,0.0,0
2025-04-12 02:07:41,1,55,16.9,84,9.6,1014.6,0,0,39,0.0,0,0.0,0
2025-04-12 02:08:42,1,55,16.9,84,9.6,1014.7,0,0,39,0.0,0,0.0,0
2025-04-12 02:09:43,1,55,16.9,84,9.6,1014.4,0,0,39,0.0,0,0.0,0
2025-04-12 02:10:44,1,55,16.9,84,9.6,1014.5,0,0,39,0.0,0,0.0,0
2025-04-12 02:11:45,1,55,16.9,84,9.6,1014.5,0,1,39,0.0,0,0.0,0
2025-04-12 02:12:46,1,55,16.9,84,9.6,1014.5,1,1,39,0.0,0,0.0,0
2025-04-12 02:13:47,1,55,17.0,84,9.5,1014.7,1,3,39,0.0,0,0.0,0
2025-04-12 02:14:48,1,55,16.9,84,9.5,1014.7,1,3,38,0.0,0,0.0,0
2025-04-12 02:15:49,1,55,16.9,84,9.5,1014.5,0,3,38,0.0,0,0.0,0
2025-04-12 02:16:50,1,55,16.9,84,9.6,1014.5,1,1,25,0.0,0,0.0,0
2025-04-12 02:17:51,1,55,16.9,84,9.6,1014.5,0,3,27,0.0,0,0.0,0
2025-04-12 02:18:52,1,55,16.9,84,9.6,1014.6,1,1,27,0.0,0,0.0,0
2025-04-12 02:19:53,1,55,16.9,84,9.7,1014.3,0,1,27,0.0,0,0.0,0
2025-04-12 02:20:54,1,55,16.9,83,9.7,1014.3,3,5,53,0.0,0,0.0,0
2025-04-12 02:21:55,1,55,16.9,84,9.7,1014.6,0,5,67,0.0,0,0.0,0
2025-04-12 02:22:56,1,55,16.9,84,9.7,1014.5,1,3,32,0.0,0,0.0,0
2025-04-12 02:23:57,1,55,16.9,84,9.7,1014.6,0,1,32,0.0,0,0.0,0
2025-04-12 02:24:58,1,55,16.9,83,9.7,1014.5,0,0,32,0.0,0,0.0,0
2025-04-12 02:25:59,1,55,16.9,83,9.7,1014.4,0,1,31,0.0,0,0.0,0
2025-04-12 02:27:00,1,55,16.9,84,9.7,1014.4,0,1,32,0.0,0,0.0,0
2025-04-12 02:28:01,1,55,16.9,83,9.7,1014.3,1,1,32,0.0,0,0.0,0
2025-04-12 02:29:02,1,55,16.9,83,9.7,1014.4,1,1,32,0.0,0,0.0,0
2025-04-12 02:30:03,1,55,16.9,83,9.7,1014.4,2,3,39,0.0,0,0.0,0
2025-04-12 02:31:04,1,55,16.9,84,9.7,1014.5,1,3,35,0.0,0,0.0,0
2025-04-12 02:32:05,1,55,16.9,84,9.7,1014.3,1,1,35,0.0,0,0.0,0
2025-04-12 02:33:06,1,55,16.9,83,9.7,1014.2,3,3,43,0.0,0,0.0,0
2025-04-12 02:34:07,1,55,16.9,83,9.7,1014.3,1,5,43,0.0,0,0.0,0
2025-04-12 02:35:08,1,55,16.9,83,9.7,1014.2,2,5,34,0.0,0,0.0,0
2025-04-12 02:36:09,1,55,16.9,83,9.7,1014.2,0,3,34,0.0,0,0.0,0
2025-04-12 02:37:10,1,55,16.9,83,9.7,1014.4,1,3,46,0.0,0,0.0,0
2025-04-12 02:38:11,1,55,16.9,83,9.7,1014.3,0,3,46,0.0,0,0.0,0
2025-04-12 02:39:12,1,55,16.9,83,9.7,1014.4,1,3,40,0.0,0,0.0,0
2025-04-12 02:40:13,1,55,16.9,83,9.7,1014.2,0,3,40,0.0,0,0.0,0
2025-04-12 02:41:14,1,55,16.9,83,9.7,1014.3,1,1,37,0.0,0,0.0,0
2025-04-12 02:42:15,1,55,16.9,83,9.7,1014.3,0,1,37,0.0,0,0.0,0
2025-04-12 02:43:16,1,55,16.9,83,9.7,1014.4,0,1,37,0.0,0,0.0,0
2025-04-12 02:44:17,1,55,16.9,83,9.7,1014.3,1,3,354,0.0,0,0.0,0
2025-04-12 02:45:18,1,55,16.9,83,9.7,1014.4,0,3,354,0.0,0,0.0,0
2025-04-12 02:46:19,1,55,16.9,83,9.7,1014.3,0,1,354,0.0,0,0.0,0
2025-04-12 02:47:20,1,55,16.9,84,9.6,1014.3,2,3,38,0.0,0,0.0,0
2025-04-12 02:48:21,1,55,16.9,84,9.6,1014.1,0,3,37,0.0,0,0.0,0
2025-04-12 02:49:22,1,55,16.9,84,9.6,1014.2,0,0,37,0.0,0,0.0,0
2025-04-12 02:50:23,1,55,16.9,84,9.6,1014.3,0,1,38,0.0,0,0.0,0
2025-04-12 02:51:24,1,55,16.9,84,9.6,1014.3,1,5,84,0.0,0,0.0,0
2025-04-12 02:52:25,1,55,16.9,84,9.7,1014.2,0,5,41,0.0,0,0.0,0
2025-04-12 02:53:26,1,55,16.9,84,9.7,1014.1,0,0,41,0.0,0,0.0,0
2025-04-12 02:54:27,1,55,16.9,83,9.7,1014.2,0,1,40,0.0,0,0.0,0
2025-04-12 02:55:28,1,55,16.9,83,9.7,1014.2,0,1,39,0.0,0,0.0,0
2025-04-12 02:56:29,1,55,16.9,84,9.7,1014.2,0,1,39,0.0,0,0.0,0
2025-04-12 02:57:30,1,55,16.9,84,9.7,1014.3,0,1,24,0.0,0,0.0,0
2025-04-12 02:58:31,1,55,16.9,84,9.6,1014.2,0,1,24,0.0,0,0.0,0
2025-04-12 02:59:32,1,55,16.9,84,9.6,1014.0,0,1,24,0.0,0,0.0,0
2025-04-12 03:00:33,1,55,16.9,84,9.6,1014.3,0,1,24,0.0,0,0.0,0
2025-04-12 03:01:34,1,55,16.9,84,9.6,1014.2,1,1,24,0.0,0,0.0,0
2025-04-12 03:02:35,1,55,16.9,84,9.6,1014.2,2,3,13,0.0,0,0.0,0
2025-04-12 03:03:36,1,55,16.9,84,9.6,1014.1,0,3,19,0.0,0,0.0,0
2025-04-12 03:04:37,1,55,16.9,84,9.6,1014.0,1,3,27,0.0,0,0.0,0
2025-04-12 03:05:38,1,55,16.9,84,9.6,1014.1,0,3,27,0.0,0,0.0,0
2025-04-12 03:06:39,1,55,16.9,84,9.6,1014.2,1,1,23,0.0,0,0.0,0
2025-04-12 03:07:40,1,55,16.9,84,9.6,1014.1,0,3,24,0.0,0,0.0,0
2025-04-12 03:08:41,1,55,16.9,84,9.5,1014.1,2,3,25,0.0,0,0.0,0
2025-04-12 03:09:42,1,55,16.9,84,9.5,1014.1,0,3,25,0.0,0,0.0,0
2025-04-12 03:10:43,1,55,16.9,84,9.5,1014.1,0,0,25,0.0,0,0.0,0
2025-04-12 03:11:44,1,55,16.9,84,9.5,1014.2,1,1,25,0.0,0,0.0,0
2025-04-12 03:12:45,1,55,16.9,84,9.5,1014.2,0,1,25,0.0,0,0.0,0
2025-04-12 03:13:46,1,55,16.9,84,9.5,1014.1,0,0,25,0.0,0,0.0,0
2025-04-12 03:14:47,1,55,16.9,84,9.5,1014.0,0,1,25,0.0,0,0.0,0
2025-04-12 03:15:48,1,55,16.9,84,9.5,1013.9,0,1,24,0.0,0,0.0,0
2025-04-12 03:16:49,1,55,16.9,84,9.5,1013.9,0,1,352,0.0,0,0.0,0
2025-04-12 03:17:50,1,55,16.9,84,9.5,1014.1,0,1,352,0.0,0,0.0,0
2025-04-12 03:18:51,1,55,16.9,84,9.4,1014.0,0,0,352,0.0,0,0.0,0
2025-04-12 03:19:52,1,55,16.9,85,9.4,1014.1,2,3,29,0.0,0,0.0,0
2025-04-12 03:20:53,1,55,16.9,85,9.4,1014.1,0,3,29,0.0,0,0.0,0
2025-04-12 03:21:54,1,55,16.9,84,9.5,1014.0,2,3,51,0.0,0,0.0,0
2025-04-12 03:22:55,1,55,16.9,84,9.5,1014.0,0,3,51,0.0,0,0.0,0
2025-04-12 03:23:56,1,55,16.9,84,9.6,1014.1,0,1,51,0.0,0,0.0,0
2025-04-12 03:24:57,1,55,16.9,84,9.6,1014.0,0,1,51,0.0,0,0.0,0
2025-04-12 03:25:58,1,55,16.8,84,9.5,1014.0,0,1,52,0.0,0,0.0,0
2025-04-12 03:26:59,1,55,16.9,84,9.5,1014.1,0,1,79,0.0,0,0.0,0
2025-04-12 03:28:00,1,55,16.9,84,9.5,1014.0,2,5,68,0.0,0,0.0,0
2025-04-12 03:29:01,1,55,16.8,84,9.6,1014.0,1,5,68,0.0,0,0.0,0
2025-04-12 03:30:02,1,55,16.8,84,9.6,1013.9,0,3,68,0.0,0,0.0,0
2025-04-12 03:31:03,1,55,16.9,84,9.6,1014.0,1,1,68,0.0,0,0.0,0
2025-04-12 03:32:04,1,55,16.8,83,9.6,1013.8,0,1,48,0.0,0,0.0,0
2025-04-12 03:33:05,1,55,16.9,83,9.6,1014.1,0,1,48,0.0,0,0.0,0
2025-04-12 03:34:06,1,55,16.9,84,9.6,1013.8,1,3,81,0.0,0,0.0,0
2025-04-12 03:35:07,1,55,16.8,84,9.6,1014.0,0,3,112,0.0,0,0.0,0
2025-04-12 03:36:08,1,55,16.8,84,9.6,1013.9,2,3,69,0.0,0,0.0,0
2025-04-12 03:37:09,1,55,16.8,83,9.7,1013.8,0,3,79,0.0,0,0.0,0
2025-04-12 03:38:10,1,55,16.8,83,9.7,1014.0,0,1,79,0.0,0,0.0,0
2025-04-12 03:39:11,1,55,16.8,83,9.7,1013.9,1,1,74,0.0,0,0.0,0
2025-04-12 03:40:12,1,55,16.8,83,9.7,1013.8,0,1,73,0.0,0,0.0,0
2025-04-12 03:41:13,1,55,16.8,83,9.6,1013.8,0,0,73,0.0,0,0.0,0
2025-04-12 03:42:14,1,55,16.8,83,9.6,1013.8,1,1,59,0.0,0,0.0,0
2025-04-12 03:43:15,1,55,16.8,83,9.5,1013.8,0,1,59,0.0,0,0.0,0
2025-04-12 03:44:16,1,55,16.8,84,9.5,1013.9,2,5,88,0.0,0,0.0,0
2025-04-12 03:45:17,1,55,16.8,84,9.5,1013.9,2,5,120,0.0,0,0.0,0
2025-04-12 03:46:18,1,55,16.8,84,9.5,1013.9,0,5,119,0.0,0,0.0,0
2025-04-12 03:47:19,1,55,16.8,83,9.6,1013.9,0,1,96,0.0,0,0.0,0
2025-04-12 03:48:20,1,55,16.8,83,9.6,1013.8,0,1,96,0.0,0,0.0,0
2025-04-12 03:49:21,1,55,16.8,83,9.5,1014.1,0,1,96,0.0,0,0.0,0
2025-04-12 03:50:22,1,55,16.8,83,9.5,1014.1,2,3,53,0.0,0,0.0,0
2025-04-12 03:51:23,1,55,16.8,83,9.4,1013.8,0,3,53,0.0,0,0.0,0
2025-04-12 03:52:24,1,55,16.8,84,9.4,1013.8,0,3,43,0.0,0,0.0,0
2025-04-12 03:53:25,1,55,16.8,84,9.4,1013.8,0,3,22,0.0,0,0.0,0
2025-04-12 03:54:26,1,55,16.8,84,9.4,1013.9,0,3,38,0.0,0,0.0,0
2025-04-12 03:55:27,1,55,16.8,84,9.4,1013.8,0,3,38,0.0,0,0.0,0
2025-04-12 03:56:28,1,55,16.8,84,9.4,1013.9,0,3,41,0.0,0,0.0,0
2025-04-12 03:57:29,1,55,16.8,84,9.4,1013.9,0,3,34,0.0,0,0.0,0
2025-04-12 03:58:30,1,55,16.8,84,9.4,1013.7,1,3,26,0.0,0,0.0,0
2025-04-12 03:59:31,1,55,16.8,84,9.4,1013.8,1,1,21,0.0,0,0.0,0
2025-04-12 04:00:32,1,55,16.8,84,9.4,1013.7,0,1,21,0.0,0,0.0,0
2025-04-12 04:01:33,1,55,16.8,83,9.4,1013.8,0,1,21,0.0,0,0.0,0
2025-04-12 04:02:34,1,55,16.8,84,9.4,1013.7,2,3,21,0.0,0,0.0,0
2025-04-12 04:03:35,1,55,16.8,84,9.4,1013.7,2,3,46,0.0,0,0.0,0
2025-04-12 04:04:36,1,55,16.8,84,9.4,1013.6,3,3,52,0.0,0,0.0,0
2025-04-12 04:05:37,1,55,16.8,84,9.4,1013.6,2,3,44,0.0,0,0.0,0
2025-04-12 04:06:38,1,55,16.8,84,9.3,1013.7,2,5,61,0.0,0,0.0,0
2025-04-12 04:07:39,1,55,16.8,84,9.3,1013.6,0,5,36,0.0,0,0.0,0
2025-04-12 04:08:40,1,55,16.8,84,9.3,1013.7,0,5,32,0.0,0,0.0,0
2025-04-12 04:09:41,1,55,16.8,84,9.3,1013.8,1,3,33,0.0,0,0.0,0
2025-04-12 04:10:42,1,55,16.8,84,9.3,1013.5,4,5,37,0.0,0,0.0,0
2025-04-12 04:11:43,1,55,16.8,84,9.3,1013.5,1,5,37,0.0,0,0.0,0
2025-04-12 04:12:44,1,55,16.8,84,9.3,1013.7,1,3,49,0.0,0,0.0,0
2025-04-12 04:13:45,1,55,16.8,84,9.3,1013.5,1,1,20,0.0,0,0.0,0
2025-04-12 04:14:46,1,55,16.8,84,9.3,1013.7,2,5,20,0.0,0,0.0,0
2025-04-12 04:15:47,1,55,16.8,84,9.3,1013.6,1,5,48,0.0,0,0.0,0
2025-04-12 04:16:48,1,55,16.8,84,9.3,1013.5,1,3,12,0.0,0,0.0,0
2025-04-12 04:17:49,1,55,16.8,84,9.3,1013.7,0,3,33,0.0,0,0.0,0
2025-04-12 04:18:50,1,55,16.8,84,9.3,1013.6,1,1,12,0.0,0,0.0,0
2025-04-12 04:19:51,1,55,16.8,84,9.4,1013.6,0,3,7,0.0,0,0.0,0
2025-04-12 04:20:52,1,55,16.8,84,9.4,1013.6,2,3,322,0.0,0,0.0,0
2025-04-12 04:21:53,1,55,16.8,84,9.3,1013.5,5,9,93,0.0,0,0.0,0
2025-04-12 04:22:54,1,55,16.8,84,9.3,1013.5,1,9,10,0.0,0,0.0,0
2025-04-12 04:23:55,1,55,16.8,84,9.4,1013.6,1,3,22,0.0,0,0.1,0
2025-04-12 04:24:56,1,55,16.8,84,9.4,1013.7,0,3,5,0.0,0,0.1,0
2025-04-12 04:25:57,1,55,16.8,84,9.4,1013.8,1,3,121,0.0,0,0.1,0
2025-04-12 04:26:58,1,55,16.8,84,9.4,1013.7,0,3,91,0.0,0,0.1,0
2025-04-12 04:27:59,1,55,16.8,84,9.4,1013.6,1,3,111,0.0,0,0.1,0
2025-04-12 04:29:00,1,55,16.8,84,9.4,1013.8,0,1,108,0.0,0,0.1,0
2025-04-12 04:30:01,1,55,16.8,83,9.4,1013.9,0,3,78,0.0,0,0.1,0
2025-04-12 04:31:02,1,55,16.8,84,9.5,1013.7,1,5,80,0.0,0,0.2,0
2025-04-12 04:32:03,1,55,16.8,84,9.5,1013.7,1,3,106,0.0,0,0.2,0
2025-04-12 04:33:04,1,55,16.8,83,9.5,1013.8,0,3,118,0.0,0,0.3,0
2025-04-12 04:34:05,1,55,16.7,83,9.5,1013.7,1,3,119,0.0,0,0.3,0
2025-04-12 04:35:06,1,55,16.8,83,9.5,1013.7,2,5,91,0.0,0,0.4,0
2025-04-12 04:36:07,1,55,16.8,83,9.5,1013.8,2,5,74,0.0,0,0.4,0
2025-04-12 04:37:08,1,55,16.8,83,9.5,1013.6,1,5,63,0.0,0,0.5,0
2025-04-12 04:38:09,1,55,16.8,83,9.5,1013.6,0,5,75,0.0,0,0.6,0
2025-04-12 04:39:10,1,55,16.8,83,9.5,1013.7,1,5,27,0.0,0,0.7,0
2025-04-12 04:40:11,1,55,16.7,83,9.5,1013.6,1,5,41,0.0,0,0.8,0
2025-04-12 04:41:12,1,55,16.7,83,9.5,1013.6,0,1,40,0.0,0,0.9,0
2025-04-12 04:42:13,1,54,16.7,83,9.4,1013.7,3,3,40,0.0,0,1.0,0
2025-04-12 04:43:14,1,55,16.7,83,9.4,1013.5,1,5,81,0.0,0,1.2,0
2025-04-12 04:44:15,1,54,16.7,83,9.4,1013.6,0,5,86,0.0,0,1.4,0
2025-04-12 04:45:16,1,55,16.7,83,9.4,1013.7,0,0,86,0.0,0,1.6,0
2025-04-12 04:46:17,1,54,16.7,83,9.3,1013.6,0,0,86,0.0,0,1.8,0
2025-04-12 04:47:18,1,54,16.7,84,9.3,1013.6,2,5,25,0.0,0,2.0,0
2025-04-12 04:48:19,1,54,16.7,84,9.3,1013.5,0,5,74,0.0,0,2.3,0
2025-04-12 04:49:20,1,54,16.7,84,9.3,1013.6,0,5,72,0.0,0,2.6,0
2025-04-12 04:50:21,1,54,16.7,84,9.3,1013.5,1,3,123,0.0,0,2.8,0
2025-04-12 04:51:22,1,54,16.7,84,9.4,1013.5,0,3,81,0.0,0,3.1,0
2025-04-12 04:52:23,1,54,16.7,83,9.4,1013.5,2,5,100,0.0,0,3.5,0
2025-04-12 04:53:24,1,54,16.7,83,9.4,1013.7,1,9,48,0.0,0,3.9,0
2025-04-12 04:54:25,1,54,16.7,83,9.4,1013.6,0,9,81,0.0,0,4.2,0
2025-04-12 04:55:26,1,54,16.7,83,9.4,1013.7,1,3,87,0.0,0,4.6,0
2025-04-12 04:56:27,1,54,16.7,83,9.4,1013.6,0,1,87,0.0,0,5.0,0
2025-04-12 04:57:28,1,54,16.7,83,9.4,1013.6,2,3,354,0.0,0,5.5,0
2025-04-12 04:58:29,1,54,16.7,83,9.4,1013.5,0,3,1,0.0,0,6.0,0
2025-04-12 04:59:30,1,54,16.7,83,9.4,1013.5,0,1,1,0.0,0,6.5,0
2025-04-12 05:00:31,1,54,16.7,83,9.4,1013.6,0,1,2,0.0,0,6.8,0
2025-04-12 05:01:32,1,54,16.7,83,9.3,1013.7,0,3,356,0.0,0,7.4,0
2025-04-12 05:02:33,1,54,16.7,83,9.3,1013.6,1,3,306,0.0,0,8.0,0
2025-04-12 05:03:34,1,54,16.7,83,9.3,1013.4,0,1,340,0.0,0,8.6,0
2025-04-12 05:04:35,1,54,16.7,84,9.3,1013.4,0,3,72,0.0,0,9.2,0
2025-04-12 05:05:36,1,54,16.7,83,9.3,1013.6,0,3,357,0.0,0,9.8,0
2025-04-12 05:06:37,1,54,16.7,84,9.3,1013.5,0,3,266,0.0,0,10.3,0
2025-04-12 05:07:38,1,54,16.7,84,9.3,1013.6,0,3,241,0.0,0,11.0,0
2025-04-12 05:08:39,1,54,16.7,84,9.3,1013.5,1,1,245,0.0,0,11.7,0
2025-04-12 05:09:40,1,54,16.7,84,9.3,1013.4,0,1,244,0.0,0,12.3,0
2025-04-12 05:10:41,1,54,16.7,84,9.3,1013.5,0,3,35,0.0,0,13.0,0
2025-04-12 05:11:42,1,54,16.7,84,9.3,1013.4,1,3,36,0.0,0,13.5,0
2025-04-12 05:12:43,1,54,16.7,84,9.3,1013.5,0,3,36,0.0,0,14.2,0
2025-04-12 05:13:44,1,54,16.7,84,9.3,1013.5,1,3,15,0.0,0,14.9,0
2025-04-12 05:14:45,1,54,16.7,84,9.3,1013.3,1,7,61,0.0,0,15.6,0
2025-04-12 05:15:46,1,54,16.7,84,9.3,1013.4,3,7,57,0.0,0,16.4,0
2025-04-12 05:16:47,1,54,16.7,83,9.3,1013.3,0,7,44,0.0,0,17.0,0
2025-04-12 05:17:48,1,54,16.7,83,9.3,1013.5,0,5,53,0.0,0,17.8,0
2025-04-12 05:18:49,1,54,16.7,84,9.2,1013.3,0,1,52,0.0,0,18.6,0
2025-04-12 05:19:50,1,54,16.7,84,9.2,1013.4,1,1,42,0.0,0,19.3,0
2025-04-12 05:20:51,1,54,16.7,84,9.2,1013.4,0,1,42,0.0,0,19.9,0
2025-04-12 05:21:52,1,54,16.7,84,9.2,1013.5,0,1,42,0.0,0,20.4,0
2025-04-12 05:22:53,1,54,16.7,84,9.2,1013.5,2,3,17,0.0,0,20.9,0
2025-04-12 05:23:54,1,54,16.7,84,9.2,1013.4,0,3,17,0.0,0,21.7,0
2025-04-12 05:24:55,1,54,16.7,84,9.2,1013.4,1,1,51,0.0,0,22.7,0
2025-04-12 05:25:56,1,55,16.7,84,9.2,1013.5,1,1,54,0.0,0,23.7,0
2025-04-12 05:26:57,1,55,16.7,84,9.3,1013.5,0,1,53,0.0,0,24.9,0
2025-04-12 05:27:58,1,55,16.7,84,9.3,1013.3,0,3,48,0.0,0,25.7,0
2025-04-12 05:28:59,1,55,16.7,84,9.3,1013.5,1,1,47,0.0,0,26.6,0
2025-04-12 05:30:00,1,55,16.7,84,9.2,1013.5,4,5,27,0.0,0,27.5,0
2025-04-12 05:31:01,1,55,16.7,84,9.2,1013.3,1,5,38,0.0,0,28.4,0
2025-04-12 05:32:02,1,55,16.7,84,9.3,1013.4,3,3,33,0.0,0,29.9,0
2025-04-12 05:33:03,1,55,16.7,84,9.3,1013.5,0,3,33,0.0,0,30.8,0
2025-04-12 05:34:04,1,55,16.7,84,9.3,1013.6,2,3,44,0.0,0,31.5,0
2025-04-12 05:35:05,1,55,16.7,84,9.4,1013.4,0,5,34,0.0,0,32.2,0
2025-04-12 05:36:06,1,55,16.7,84,9.4,1013.4,1,5,53,0.0,0,32.9,0
2025-04-12 05:37:07,1,55,16.7,84,9.5,1013.5,2,5,27,0.0,0,33.8,0
2025-04-12 05:38:08,1,55,16.7,84,9.5,1013.3,2,3,41,0.0,0,34.9,0
2025-04-12 05:39:09,1,55,16.7,83,9.6,1013.3,3,7,25,0.0,0,35.6,0
2025-04-12 05:40:10,1,55,16.7,83,9.6,1013.3,2,7,23,0.0,0,36.5,0
2025-04-12 05:41:11,1,55,16.7,83,9.7,1013.3,1,7,33,0.0,0,37.4,0
2025-04-12 05:42:12,1,55,16.7,83,9.7,1013.2,3,7,61,0.0,0,38.3,0
2025-04-12 05:43:13,1,55,16.7,83,9.7,1013.2,1,5,32,0.0,0,39.2,0
2025-04-12 05:44:14,1,55,16.7,83,9.7,1013.1,2,5,57,0.0,0,39.7,0
2025-04-12 05:45:15,1,55,16.7,83,9.8,1013.2,2,5,39,0.0,0,40.6,0
2025-04-12 05:46:16,1,55,16.7,83,9.8,1013.3,6,7,47,0.0,0,41.5,0
2025-04-12 05:47:17,1,55,16.7,83,9.8,1013.3,6,9,35,0.0,0,42.5,0
2025-04-12 05:48:18,1,55,16.7,82,9.9,1013.2,3,9,37,0.0,0,43.4,0
2025-04-12 05:49:19,1,55,16.7,82,9.9,1013.3,3,5,142,0.0,0,44.3,0
2025-04-12 05:50:20,1,55,16.7,82,9.9,1013.2,1,3,53,0.0,0,45.2,0
2025-04-12 05:51:21,1,55,16.7,82,10.0,1013.0,2,9,68,0.0,0,46.2,0
2025-04-12 05:52:22,1,55,16.7,82,10.0,1013.1,4,9,42,0.0,0,47.3,0
2025-04-12 05:53:23,1,55,16.7,82,10.1,1013.3,3,5,9,0.0,0,48.5,0
2025-04-12 05:54:24,1,55,16.7,82,10.1,1013.0,0,5,22,0.0,0,49.9,0
2025-04-12 05:55:25,1,55,16.7,82,10.2,1012.9,3,5,66,0.0,0,50.7,0
2025-04-12 05:56:26,1,55,16.7,81,10.2,1013.0,2,7,76,0.0,0,51.6,0
2025-04-12 05:57:27,1,55,16.7,82,10.2,1013.0,1,5,38,0.0,0,52.4,0
2025-04-12 05:58:28,1,55,16.7,81,10.3,1013.0,2,5,42,0.0,0,53.7,0
2025-04-12 05:59:29,1,55,16.7,81,10.3,1012.9,2,5,66,0.0,0,54.9,0
2025-04-12 06:00:30,1,55,16.7,81,10.3,1012.9,1,5,26,0.0,0,56.0,0
2025-04-12 06:01:31,1,55,16.7,81,10.3,1013.0,1,7,52,0.0,0,57.9,0
2025-04-12 06:02:32,1,55,16.7,81,10.4,1013.0,2,7,16,0.0,0,59.6,0
2025-04-12 06:03:33,1,55,16.7,81,10.4,1012.9,0,3,41,0.0,0,61.2,0
2025-04-12 06:04:34,1,55,16.7,81,10.5,1012.8,2,3,43,0.0,0,62.7,0
2025-04-12 06:05:35,1,55,16.8,81,10.5,1012.9,1,3,49,0.0,0,63.6,0
2025-04-12 06:06:36,1,55,16.7,81,10.6,1012.9,2,5,37,0.0,0,63.8,0
2025-04-12 06:07:37,1,55,16.7,81,10.6,1012.8,0,5,22,0.0,0,65.2,0
2025-04-12 06:08:38,1,55,16.8,81,10.7,1012.9,3,5,50,0.0,0,67.1,0
2025-04-12 06:09:39,1,55,16.8,80,10.7,1012.8,0,5,5,0.0,0,68.3,0
2025-04-12 06:10:40,1,55,16.7,80,10.7,1012.7,2,3,12,0.0,0,69.4,0
2025-04-12 06:11:41,1,55,16.7,80,10.7,1012.8,2,3,24,0.0,0,70.7,0
2025-04-12 06:12:42,1,55,16.7,80,10.8,1012.9,1,3,43,0.0,0,73.0,0
2025-04-12 06:13:43,1,55,16.7,80,10.8,1012.8,0,3,43,0.0,0,75.1,0
2025-04-12 06:14:44,1,55,16.7,80,10.9,1012.9,2,3,349,0.0,0,77.0,0
2025-04-12 06:15:45,1,55,16.8,80,10.9,1012.7,2,5,34,0.0,0,79.4,0
2025-04-12 06:16:46,1,55,16.8,80,11.0,1012.9,0,5,72,0.0,0,81.9,0
2025-04-12 06:17:47,1,55,16.8,79,11.0,1012.7,2,7,55,0.0,0,84.7,0
2025-04-12 06:18:48,1,55,16.8,79,11.0,1012.8,3,7,39,0.0,0,86.0,0
2025-04-12 06:19:49,1,55,16.8,79,11.0,1012.9,2,7,30,0.0,0,87.4,0
2025-04-12 06:20:50,1,55,16.8,79,11.0,1012.5,3,7,33,0.0,0,89.8,0
2025-04-12 06:21:51,1,55,16.8,79,11.1,1012.7,8,11,36,0.0,0,91.4,0
2025-04-12 06:22:52,1,55,16.8,79,11.1,1012.6,3,11,31,0.0,0,92.9,0
2025-04-12 06:23:53,1,55,16.8,79,11.1,1012.7,3,5,59,0.0,0,95.1,0
2025-04-12 06:24:54,1,55,16.8,79,11.1,1012.7,2,9,44,0.0,0,97.5,0
2025-04-12 06:25:55,1,55,16.8,79,11.1,1012.8,1,5,49,0.0,0,99.7,0
2025-04-12 06:26:56,1,55,16.8,79,11.2,1012.7,0,3,49,0.0,0,85.4,0
2025-04-12 06:27:57,1,55,16.8,79,11.3,1012.7,1,3,26,0.0,0,70.7,0
2025-04-12 06:28:58,1,55,16.8,79,11.4,1012.6,1,5,44,0.0,0,64.7,0
2025-04-12 06:29:59,1,55,16.8,79,11.4,1012.6,1,5,73,0.0,0,64.3,0
2025-04-12 06:31:00,1,55,16.8,79,11.4,1012.7,1,5,36,0.0,0,66.0,0
2025-04-12 06:32:01,1,55,16.8,79,11.4,1012.6,2,5,47,0.0,0,77.2,0
2025-04-12 06:33:02,1,55,16.8,79,11.4,1012.6,3,7,62,0.0,0,89.2,0
2025-04-12 06:34:03,1,55,16.8,79,11.4,1012.9,0,7,39,0.0,0,105.3,1
2025-04-12 06:35:04,1,55,16.8,79,11.4,1012.6,3,5,34,0.0,0,117.0,1
2025-04-12 06:36:05,1,55,16.8,78,11.4,1012.6,5,7,55,0.0,0,119.4,1
2025-04-12 06:37:06,1,55,16.8,78,11.5,1012.6,0,7,41,0.0,0,121.1,1
2025-04-12 06:38:07,1,55,16.8,78,11.5,1012.7,0,3,41,0.0,0,122.7,1
2025-04-12 06:39:08,1,55,16.8,78,11.6,1012.6,3,5,52,0.0,0,125.5,1
2025-04-12 06:40:09,1,55,16.8,77,11.8,1012.7,2,9,23,0.0,0,127.8,1
2025-04-12 06:41:10,1,55,16.8,77,11.9,1012.7,2,9,81,0.0,0,130.4,1
2025-04-12 06:42:11,1,55,16.8,76,11.9,1012.6,3,5,265,0.0,0,132.1,1
2025-04-12 06:43:12,1,55,16.8,76,12.0,1012.6,1,9,88,0.0,0,133.2,1
2025-04-12 06:44:13,1,55,16.8,77,12.0,1012.5,0,9,87,0.0,0,135.1,1
2025-04-12 06:45:14,1,55,16.8,76,12.1,1012.5,1,3,5,0.0,0,138.1,1
2025-04-12 06:46:15,1,55,16.8,76,12.2,1012.6,1,3,6,0.0,0,140.4,1
2025-04-12 06:47:16,1,55,16.8,76,12.2,1012.5,1,3,298,0.0,0,142.7,1
2025-04-12 06:48:17,1,55,16.8,75,12.3,1012.8,1,7,89,0.0,0,145.2,1
2025-04-12 06:49:18,1,55,16.8,74,12.4,1012.7,2,5,73,0.0,0,147.6,1
2025-04-12 06:50:19,1,55,16.8,75,12.5,1012.4,2,5,9,0.0,0,150.4,1
2025-04-12 06:51:20,1,55,16.8,74,12.5,1012.6,2,3,308,0.0,0,152.3,1
2025-04-12 06:52:21,1,55,16.8,74,12.5,1012.5,0,3,308,0.0,0,154.1,1
2025-04-12 06:53:22,1,55,16.8,75,12.5,1012.5,0,1,308,0.0,0,158.0,1
2025-04-12 06:54:23,1,55,16.9,75,12.6,1012.5,1,3,39,0.0,0,160.1,1
2025-04-12 06:55:24,1,55,16.8,74,12.6,1012.5,0,3,40,0.0,0,160.3,1
2025-04-12 06:56:25,1,55,16.8,74,12.7,1012.5,1,3,62,0.0,0,162.9,1
2025-04-12 06:57:26,1,55,16.9,73,12.8,1012.4,1,3,66,0.0,0,163.4,1
2025-04-12 06:58:27,1,55,16.9,73,13.0,1012.4,0,3,66,0.0,0,155.8,1
2025-04-12 06:59:28,1,55,16.9,72,13.1,1012.3,0,1,66,0.0,0,160.2,1
2025-04-12 07:00:29,1,55,16.9,73,13.2,1012.3,2,5,47,0.0,0,163.5,1
2025-04-12 07:01:30,1,55,16.9,72,13.2,1012.4,1,7,32,0.0,0,167.4,1
2025-04-12 07:02:31,1,55,16.9,72,13.2,1012.3,1,1,18,0.0,0,167.2,1
2025-04-12 07:03:32,1,55,16.9,72,13.2,1012.5,0,1,37,0.0,0,173.0,1
2025-04-12 07:04:33,1,55,16.9,71,13.2,1012.5,2,7,30,0.0,0,174.6,1
2025-04-12 07:05:34,1,55,16.9,72,13.2,1012.4,3,7,41,0.0,0,176.3,1
2025-04-12 07:06:35,1,55,16.9,72,13.2,1012.2,2,9,43,0.0,0,179.9,1
2025-04-12 07:07:36,1,55,16.9,73,13.0,1012.3,1,7,52,0.0,0,184.2,1
2025-04-12 07:08:37,1,55,16.9,73,12.9,1012.3,0,9,58,0.0,0,189.9,1
2025-04-12 07:09:38,1,55,16.9,72,12.8,1012.2,4,9,129,0.0,0,192.8,1
2025-04-12 07:10:39,1,55,16.9,73,12.8,1012.3,0,7,104,0.0,0,194.3,1
2025-04-12 07:11:40,1,55,16.9,73,12.8,1012.2,0,3,105,0.0,0,196.0,1
2025-04-12 07:12:41,1,55,16.9,73,12.9,1012.2,0,1,16,0.0,0,200.3,1
2025-04-12 07:13:42,1,55,16.9,72,13.0,1012.2,0,1,3,0.0,0,202.6,1
2025-04-12 07:14:43,1,55,16.9,73,13.1,1012.1,2,3,5,0.0,0,204.9,1
2025-04-12 07:15:44,1,55,16.9,72,13.2,1012.2,2,3,33,0.0,0,207.7,2
2025-04-12 07:16:45,1,55,16.9,72,13.2,1012.3,0,3,33,0.0,0,210.0,2
2025-04-12 07:17:46,1,55,16.9,72,13.2,1012.1,0,1,36,0.0,0,210.3,2
2025-04-12 07:18:47,1,55,16.9,72,13.3,1012.1,2,3,33,0.0,0,216.2,2
2025-04-12 07:19:48,1,55,16.9,72,13.3,1012.3,3,5,28,0.0,0,220.2,2
2025-04-12 07:20:49,1,55,16.9,72,13.3,1012.2,1,5,51,0.0,0,223.3,2
2025-04-12 07:21:50,1,55,16.9,72,13.3,1012.1,5,5,108,0.0,0,225.1,2
2025-04-12 07:22:51,1,55,16.9,71,13.3,1012.1,0,7,36,0.0,0,227.6,2
2025-04-12 07:23:52,1,55,17.0,72,13.3,1012.2,0,1,37,0.0,0,229.1,2
2025-04-12 07:24:53,1,55,17.0,71,13.4,1012.2,2,9,79,0.0,0,232.4,2
2025-04-12 07:25:54,1,55,16.9,71,13.4,1011.9,1,9,5,0.0,0,236.2,2
2025-04-12 07:26:55,1,55,16.9,72,13.4,1011.9,3,5,39,0.0,0,237.3,2
2025-04-12 07:27:56,1,55,17.0,71,13.4,1012.1,5,5,24,0.0,0,241.9,2
2025-04-12 07:28:57,1,55,17.0,71,13.5,1012.1,2,5,232,0.0,0,244.5,2
2025-04-12 07:29:58,1,55,17.0,71,13.5,1012.1,4,7,46,0.0,0,245.1,2
2025-04-12 07:30:59,1,55,17.0,72,13.5,1012.0,3,7,28,0.0,0,248.1,2
2025-04-12 07:32:00,1,55,17.0,72,13.4,1012.1,3,7,28,0.0,0,253.4,2
2025-04-12 07:33:01,1,55,17.0,72,13.4,1011.7,1,7,39,0.0,0,256.4,2
2025-04-12 07:34:02,1,55,17.0,72,13.4,1011.9,4,7,51,0.0,0,258.5,2
2025-04-12 07:35:03,1,55,17.0,72,13.4,1011.9,0,7,31,0.0,0,261.0,2
2025-04-12 07:36:04,1,55,17.0,72,13.4,1011.9,1,7,44,0.0,0,262.9,2
2025-04-12 07:37:05,1,56,17.1,71,13.5,1011.8,2,7,51,0.0,0,266.8,2
2025-04-12 07:38:06,1,56,17.0,71,13.5,1011.7,2,7,18,0.0,0,267.5,2
2025-04-12 07:39:07,1,56,17.1,71,13.5,1011.7,2,7,0,0.0,0,270.2,2
2025-04-12 07:40:08,1,56,17.1,71,13.6,1011.9,2,9,46,0.0,0,273.0,2
2025-04-12 07:41:09,1,56,17.1,71,13.6,1011.6,7,11,26,0.0,0,275.9,2
2025-04-12 07:42:10,1,56,17.1,71,13.7,1011.6,3,11,75,0.0,0,279.1,2
2025-04-12 07:43:11,1,56,17.2,71,13.7,1011.8,3,9,20,0.0,0,282.2,2
2025-04-12 07:44:12,1,56,17.2,70,13.7,1011.6,5,11,35,0.0,0,283.4,2
2025-04-12 07:45:13,1,56,17.2,70,13.8,1011.5,4,9,72,0.0,0,286.5,2
2025-04-12 07:46:14,1,56,17.2,70,13.8,1011.6,4,9,20,0.0,0,288.8,2
2025-04-12 07:47:15,1,56,17.2,70,13.8,1011.7,4,7,49,0.0,0,293.4,2
2025-04-12 07:48:16,1,56,17.2,70,13.8,1011.5,2,7,23,0.0,0,294.0,2
2025-04-12 07:49:17,1,56,17.3,70,13.9,1011.4,3,7,39,0.0,0,294.0,2
2025-04-12 07:50:18,1,56,17.3,69,13.9,1011.4,2,7,44,0.0,0,297.0,2
2025-04-12 07:51:19,1,56,17.3,69,14.0,1011.4,4,7,27,0.0,0,300.6,2
2025-04-12 07:52:20,1,56,17.3,69,14.1,1011.5,1,7,46,0.0,0,303.4,2
2025-04-12 07:53:21,1,56,17.3,69,14.2,1011.6,6,9,80,0.0,0,306.7,2
2025-04-12 07:54:22,1,56,17.3,69,14.3,1011.4,3,9,50,0.0,0,309.2,3
2025-04-12 07:55:23,1,56,17.3,68,14.3,1011.4,2,9,53,0.0,0,312.3,3
2025-04-12 07:56:24,1,56,17.4,68,14.5,1011.5,4,5,46,0.0,0,314.2,3
2025-04-12 07:57:25,1,56,17.4,68,14.6,1011.4,2,5,44,0.0,0,315.7,3
2025-04-12 07:58:26,1,56,17.4,67,14.8,1011.3,3,5,40,0.0,0,317.7,3
2025-04-12 07:59:27,1,56,17.4,68,14.8,1011.3,2,5,43,0.0,0,320.0,3
2025-04-12 08:00:28,1,56,17.4,68,14.9,1011.4,0,5,42,0.0,0,323.0,3
2025-04-12 08:01:29,1,56,17.4,67,15.1,1011.4,0,3,42,0.0,0,325.6,3
2025-04-12 08:02:30,1,56,17.4,66,15.2,1011.2,2,5,45,0.0,0,326.9,3
2025-04-12 08:03:31,1,56,17.4,65,15.3,1011.3,3,7,29,0.0,0,329.5,3
2025-04-12 08:04:32,1,56,17.5,66,15.3,1011.1,4,7,30,0.0,0,331.6,3
2025-04-12 08:05:33,1,56,17.5,66,15.3,1011.3,2,7,44,0.0,0,333.5,3
2025-04-12 08:06:34,1,56,17.5,65,15.3,1011.4,1,5,89,0.0,0,335.1,3
2025-04-12 08:07:35,1,56,17.5,65,15.4,1011.4,1,3,135,0.0,0,338.6,3
2025-04-12 08:08:36,1,56,17.5,64,15.6,1011.3,5,7,45,0.0,0,341.4,3
2025-04-12 08:09:37,1,56,17.5,64,15.7,1011.4,1,9,44,0.0,0,343.1,3
2025-04-12 08:10:38,1,56,17.5,65,15.7,1011.4,0,9,48,0.0,0,344.7,3
2025-04-12 08:11:39,1,56,17.5,64,15.6,1011.4,0,5,28,0.0,0,345.5,3
2025-04-12 08:12:40,1,56,17.5,63,15.7,1011.5,1,1,40,0.0,0,348.1,3
2025-04-12 08:13:41,1,56,17.5,62,16.0,1011.3,0,1,60,0.0,0,349.7,3
2025-04-12 08:14:42,1,56,17.6,62,16.1,1011.5,3,5,26,0.0,0,350.6,3
2025-04-12 08:15:43,1,56,17.6,61,16.2,1011.6,1,5,12,0.0,0,353.1,3
2025-04-12 08:16:44,1,56,17.6,62,16.3,1011.5,3,7,83,0.0,0,353.6,3
2025-04-12 08:17:45,1,56,17.6,62,16.3,1011.4,0,7,56,0.0,0,355.7,3
2025-04-12 08:18:46,1,56,17.6,61,16.3,1011.6,0,0,56,0.0,0,360.5,3
2025-04-12 08:19:47,1,56,17.6,60,16.5,1011.5,0,1,119,0.0,0,362.6,3
2025-04-12 08:20:48,1,56,17.6,60,16.7,1011.6,0,1,118,0.0,0,359.4,3
2025-04-12 08:21:49,1,57,17.6,60,16.9,1011.5,0,0,118,0.0,0,363.2,3
2025-04-12 08:22:50,1,57,17.6,57,17.1,1011.3,6,11,107,0.0,0,367.4,3
2025-04-12 08:23:51,1,58,17.6,59,17.1,1011.6,3,11,103,0.0,0,367.3,3
2025-04-12 08:24:52,1,59,17.7,60,16.7,1011.4,0,7,105,0.0,0,367.3,3
2025-04-12 08:25:53,1,59,17.7,60,16.4,1011.3,3,7,80,0.0,0,367.4,3
2025-04-12 08:26:54,1,59,17.7,60,16.3,1011.3,0,5,51,0.0,0,369.2,3
2025-04-12 08:27:55,1,58,17.7,60,16.3,1011.4,0,9,66,0.0,0,372.8,3
2025-04-12 08:28:56,1,58,17.7,60,16.4,1011.5,7,11,25,0.0,0,376.1,3
2025-04-12 08:29:57,1,58,17.7,60,16.4,1011.4,1,11,140,0.0,0,377.1,3
2025-04-12 08:30:58,1,58,17.7,60,16.4,1011.5,0,7,140,0.0,0,378.9,3
2025-04-12 08:31:59,1,58,17.7,59,16.5,1011.5,1,3,356,0.0,0,381.1,3
2025-04-12 08:33:00,1,58,17.8,58,16.7,1011.4,8,11,92,0.0,0,382.5,3
2025-04-12 08:34:01,1,58,17.7,58,16.8,1011.4,7,12,70,0.0,0,384.0,3
2025-04-12 08:35:02,1,58,17.8,58,16.8,1011.4,7,11,128,0.0,0,387.3,3
2025-04-12 08:36:03,1,58,17.8,59,16.7,1011.3,1,9,94,0.0,0,389.9,3
2025-04-12 08:37:04,1,58,17.8,59,16.5,1011.5,4,11,91,0.0,0,391.6,3
2025-04-12 08:38:05,1,58,17.8,60,16.4,1011.4,4,11,106,0.0,0,393.3,3
2025-04-12 08:39:06,1,58,17.8,60,16.4,1011.2,0,9,82,0.0,0,394.7,3
2025-04-12 08:40:07,1,58,17.8,60,16.4,1011.3,5,9,33,0.0,0,394.4,3
2025-04-12 08:41:08,1,58,17.8,60,16.4,1011.2,4,9,98,0.0,0,394.7,3
2025-04-12 08:42:09,1,58,17.8,59,16.4,1011.3,3,12,37,0.0,0,398.3,3
2025-04-12 08:43:10,1,58,17.8,59,16.5,1011.2,5,12,74,0.0,0,399.7,3
2025-04-12 08:44:11,1,58,17.8,59,16.6,1011.2,8,11,91,0.0,0,399.2,3
2025-04-12 08:45:12,1,58,17.8,59,16.6,1011.2,1,11,110,0.0,0,400.5,3
2025-04-12 08:46:13,1,58,17.8,60,16.7,1011.2,0,7,75,0.0,0,403.9,3
2025-04-12 08:47:14,1,57,17.8,58,16.8,1011.1,3,5,21,0.0,0,404.9,3
2025-04-12 08:48:15,1,57,17.8,59,16.9,1011.1,5,7,152,0.0,0,406.3,3
2025-04-12 08:49:16,1,57,17.8,58,16.9,1011.2,5,11,122,0.0,0,406.1,3
2025-04-12 08:50:17,1,57,17.8,59,16.8,1011.2,3,7,356,0.0,0,408.5,3
2025-04-12 08:51:18,1,57,17.8,59,16.8,1011.2,2,7,18,0.0,0,409.4,3
2025-04-12 08:52:19,1,57,17.9,59,16.9,1011.0,1,5,28,0.0,0,409.0,3
2025-04-12 08:53:20,1,57,17.9,58,17.0,1011.1,7,12,47,0.0,0,413.4,4
2025-04-12 08:54:21,1,57,17.9,58,17.1,1010.9,1,12,21,0.0,0,415.8,4
2025-04-12 08:55:22,1,57,17.8,57,17.2,1011.0,3,11,348,0.0,0,413.8,4
2025-04-12 08:56:23,1,57,17.9,58,17.2,1010.9,1,11,103,0.0,0,412.5,4
2025-04-12 08:57:24,1,57,17.9,57,17.3,1011.2,2,7,47,0.0,0,416.4,4
2025-04-12 08:58:25,1,57,17.9,58,17.3,1011.1,3,11,91,0.0,0,419.2,4
2025-04-12 08:59:26,1,57,17.9,58,17.3,1011.1,3,7,74,0.0,0,419.3,4
2025-04-12 09:00:27,1,57,17.9,58,17.3,1011.2,1,5,76,0.0,0,420.4,4
2025-04-12 09:01:28,1,57,17.9,57,17.4,1011.0,6,11,29,0.0,0,419.8,4
2025-04-12 09:02:29,1,57,17.9,57,17.4,1011.1,4,11,32,0.0,0,422.8,4
2025-04-12 09:03:30,1,57,17.9,57,17.5,1011.0,3,7,30,0.0,0,419.0,4
2025-04-12 09:04:31,1,57,17.9,57,17.5,1010.9,4,5,43,0.0,0,425.7,4
2025-04-12 09:05:32,1,57,18.0,56,17.6,1010.9,14,20,46,0.0,0,426.4,4
2025-04-12 09:06:33,1,57,18.0,57,17.6,1011.1,4,20,55,0.0,0,429.7,4
2025-04-12 09:07:34,1,57,18.0,56,17.6,1010.9,2,7,173,0.0,0,433.6,4
2025-04-12 09:08:35,1,57,18.0,57,17.6,1011.0,4,7,347,0.0,0,424.7,4
2025-04-12 09:09:36,1,57,18.0,56,17.6,1010.9,3,7,265,0.0,0,433.6,4
2025-04-12 09:10:37,1,57,18.0,56,17.7,1010.9,7,11,32,0.0,0,435.5,4
2025-04-12 09:11:38,1,56,18.0,56,17.8,1010.9,1,11,304,0.0,0,434.8,4
2025-04-12 09:12:39,1,56,18.0,56,17.9,1010.8,5,7,86,0.0,0,442.0,4
2025-04-12 09:13:40,1,56,18.0,55,18.0,1011.0,8,12,29,0.0,0,437.7,4
2025-04-12 09:14:41,1,56,18.0,54,18.1,1011.0,3,14,262,0.0,0,438.0,4
2025-04-12 09:15:42,1,56,18.0,54,18.1,1011.0,5,14,334,0.0,0,438.8,4
2025-04-12 09:16:43,1,56,18.0,54,18.2,1010.9,4,11,297,0.0,0,441.6,4
2025-04-12 09:17:44,1,56,18.1,54,18.2,1010.9,6,11,100,0.0,0,442.8,4
2025-04-12 09:18:45,1,56,18.1,54,18.2,1011.0,5,11,169,0.0,0,444.4,4
2025-04-12 09:19:46,1,56,18.1,54,18.2,1010.9,6,9,30,0.0,0,448.3,4
2025-04-12 09:20:47,1,56,18.1,53,18.2,1011.0,4,11,105,0.0,0,444.8,4
2025-04-12 09:21:48,1,56,18.1,54,18.2,1010.7,3,9,52,0.0,0,448.7,4
2025-04-12 09:22:49,1,56,18.1,54,18.1,1010.8,1,7,63,0.0,0,447.3,4
2025-04-12 09:23:50,1,56,18.1,53,18.2,1010.7,3,7,248,0.0,0,449.8,4
2025-04-12 09:24:51,1,56,18.1,53,18.4,1010.9,4,7,47,0.0,0,447.5,4
2025-04-12 09:25:52,1,55,18.1,51,18.6,1010.9,9,16,76,0.0,0,453.8,4
2025-04-12 09:26:53,1,55,18.1,52,18.6,1010.9,9,16,102,0.0,0,451.1,4
2025-04-12 09:27:54,1,55,18.1,52,18.6,1010.8,6,18,65,0.0,0,455.4,4
2025-04-12 09:28:55,1,55,18.1,52,18.6,1010.8,1,12,50,0.0,0,456.7,4
2025-04-12 09:29:56,1,55,18.2,52,18.6,1010.8,6,14,26,0.0,0,460.8,4
2025-04-12 09:30:57,1,55,18.2,52,18.7,1010.8,4,14,21,0.0,0,456.9,4
2025-04-12 09:31:58,1,54,18.2,52,18.7,1010.7,3,9,25,0.0,0,461.4,4
2025-04-12 09:32:59,1,54,18.2,52,18.7,1010.6,1,7,86,0.0,0,453.5,4
2025-04-12 09:34:00,1,55,18.2,52,18.7,1010.6,3,7,49,0.0,0,460.3,4
2025-04-12 09:35:01,1,55,18.2,50,18.9,1010.6,7,12,24,0.0,0,464.5,4
2025-04-12 09:36:02,1,54,18.2,50,19.1,1010.8,6,12,78,0.0,0,463.0,4
2025-04-12 09:37:03,1,54,18.2,50,19.1,1010.5,2,9,242,0.0,0,460.5,4
2025-04-12 09:38:04,1,54,18.2,50,19.1,1010.6,3,5,1,0.0,0,463.5,4
2025-04-12 09:39:05,1,54,18.2,50,19.1,1010.3,7,11,26,0.0,0,466.1,4
2025-04-12 09:40:06,1,54,18.2,50,19.2,1010.6,8,14,92,0.0,0,467.4,4
2025-04-12 09:41:07,1,54,18.2,51,19.2,1010.5,2,12,73,0.0,0,474.3,4
2025-04-12 09:42:08,1,54,18.2,49,19.2,1010.4,6,11,47,0.0,0,474.2,4
2025-04-12 09:43:09,1,54,18.3,49,19.3,1010.6,2,11,227,0.0,0,485.2,4
2025-04-12 09:44:10,1,54,18.3,49,19.4,1010.5,2,9,48,0.0,0,480.3,4
2025-04-12 09:45:11,1,54,18.3,49,19.4,1010.4,2,7,353,0.0,0,489.2,4
2025-04-12 09:46:12,1,54,18.3,49,19.4,1010.3,8,14,76,0.0,0,489.2,4
2025-04-12 09:47:13,1,54,18.3,49,19.4,1010.2,5,14,78,0.0,0,489.2,4
2025-04-12 09:48:14,1,54,18.3,49,19.3,1010.3,6,11,37,0.0,0,489.2,4
2025-04-12 09:49:15,1,54,18.3,49,19.4,1010.2,6,11,142,0.0,0,489.2,4
2025-04-12 09:50:16,1,54,18.3,50,19.3,1010.3,3,12,38,0.0,0,500.4,4
2025-04-12 09:51:17,1,54,18.3,48,19.4,1010.2,14,18,76,0.0,0,493.6,4
2025-04-12 09:52:18,1,55,18.3,48,19.3,1010.3,3,18,117,0.0,0,490.5,4
2025-04-12 09:53:19,1,55,18.4,48,19.4,1010.3,3,7,34,0.0,0,494.9,4
2025-04-12 09:54:20,1,55,18.3,48,19.4,1010.4,5,9,27,0.0,0,502.4,4
2025-04-12 09:55:21,1,55,18.4,48,19.5,1010.3,0,9,43,0.0,0,507.2,4
2025-04-12 09:56:22,1,55,18.4,47,19.5,1010.2,7,12,107,0.0,0,513.0,4
2025-04-12 09:57:23,1,55,18.4,47,19.7,1010.1,4,12,354,0.0,0,511.9,4
2025-04-12 09:58:24,1,55,18.4,46,19.7,1010.2,10,18,71,0.0,0,514.9,5
2025-04-12 09:59:25,1,55,18.4,45,19.8,1010.2,12,23,39,0.0,0,521.3,5
2025-04-12 10:00:26,1,55,18.4,46,19.8,1010.2,6,18,38,0.0,0,528.5,5
2025-04-12 10:01:27,1,55,18.4,46,19.8,1010.2,4,12,39,0.0,0,527.6,5
2025-04-12 10:02:28,1,55,18.4,44,20.0,1010.2,11,12,73,0.0,0,529.7,5
2025-04-12 10:03:29,1,55,18.4,44,20.1,1010.0,4,14,31,0.0,0,531.7,5
2025-04-12 10:04:30,1,55,18.4,43,20.1,1010.0,10,18,137,0.0,0,538.1,5
2025-04-12 10:05:31,1,55,18.4,44,20.1,1009.9,8,18,78,0.0,0,535.8,5
2025-04-12 10:06:32,1,55,18.5,44,19.9,1010.1,7,18,76,0.0,0,536.7,5
2025-04-12 10:07:33,1,55,18.5,45,19.7,1009.8,2,20,63,0.0,0,542.6,5
2025-04-12 10:08:34,1,55,18.5,44,19.6,1010.0,16,25,147,0.0,0,536.0,5
2025-04-12 10:09:35,1,55,18.5,45,19.6,1010.0,2,25,340,0.0,0,537.8,5
2025-04-12 10:10:36,1,55,18.5,45,19.5,1010.0,16,23,145,0.0,0,549.0,5
2025-04-12 10:11:37,1,55,18.5,45,19.4,1009.9,11,21,107,0.0,0,544.8,5
2025-04-12 10:12:38,1,55,18.5,46,19.3,1010.0,10,16,22,0.0,0,551.0,5
2025-04-12 10:13:39,1,55,18.5,45,19.3,1010.0,8,16,140,0.0,0,555.3,5
2025-04-12 10:14:40,1,55,18.5,45,19.6,1010.0,3,11,76,0.0,0,559.0,5
2025-04-12 10:15:41,1,55,18.5,44,19.7,1010.0,12,16,103,0.0,0,554.1,5
2025-04-12 10:16:42,1,55,18.5,43,19.9,1009.8,9,16,183,0.0,0,560.6,5
2025-04-12 10:17:43,1,55,18.5,43,20.0,1009.8,8,23,81,0.0,0,551.2,5
2025-04-12 10:18:44,1,55,18.5,44,19.8,1010.0,2,18,35,0.0,0,555.7,5
2025-04-12 10:19:45,1,55,18.5,44,19.7,1009.9,5,12,124,0.0,0,556.8,5
2025-04-12 10:20:46,1,55,18.6,43,19.7,1009.8,3,16,46,0.0,0,552.0,5
2025-04-12 10:21:47,1,55,18.6,43,19.9,1009.7,10,18,85,0.0,0,564.0,5
2025-04-12 10:22:48,1,55,18.6,43,20.0,1009.8,8,21,83,0.0,0,566.8,5
2025-04-12 10:23:49,1,55,18.6,43,20.1,1009.8,7,20,112,0.0,0,564.2,5
2025-04-12 10:24:50,1,55,18.6,43,20.2,1009.9,2,14,14,0.0,0,563.9,5
2025-04-12 10:25:51,1,55,18.6,43,20.3,1009.9,1,11,77,0.0,0,564.7,5
2025-04-12 10:26:52,1,55,18.6,42,20.4,1009.6,10,14,105,0.0,0,570.5,5
2025-04-12 10:27:53,1,55,18.6,42,20.5,1009.8,9,16,99,0.0,0,567.6,5
2025-04-12 10:28:54,1,55,18.6,43,20.4,1009.8,9,16,60,0.0,0,569.3,5
2025-04-12 10:29:55,1,55,18.6,43,20.3,1009.8,8,16,84,0.0,0,572.8,5
2025-04-12 10:30:56,1,55,18.6,42,20.3,1009.7,9,18,56,0.0,0,572.3,5
2025-04-12 10:31:57,1,55,18.6,43,20.3,1009.7,3,18,130,0.0,0,571.2,5
2025-04-12 10:32:58,1,55,18.6,43,20.3,1009.6,7,11,267,0.0,0,578.1,5
2025-04-12 10:33:59,1,55,18.7,42,20.3,1009.8,8,16,41,0.0,0,568.7,5
2025-04-12 10:35:00,1,55,18.6,42,20.4,1009.6,5,20,6,0.0,0,575.3,5
2025-04-12 10:36:01,1,55,18.7,42,20.5,1009.6,4,20,109,0.0,0,571.7,5
2025-04-12 10:37:02,1,55,18.7,42,20.5,1009.5,3,11,196,0.0,0,574.6,5
2025-04-12 10:38:03,1,55,18.6,42,20.6,1009.6,6,9,48,0.0,0,565.6,5
2025-04-12 10:39:04,1,55,18.7,42,20.7,1009.4,6,9,85,0.0,0,565.0,5
2025-04-12 10:40:05,1,55,18.7,41,20.8,1009.3,11,18,30,0.0,0,571.1,5
2025-04-12 10:41:06,1,55,18.7,42,20.9,1009.5,1,18,97,0.0,0,587.7,5
2025-04-12 10:42:07,1,55,18.7,42,20.9,1009.4,6,12,35,0.0,0,576.0,5
2025-04-12 10:43:08,1,55,18.7,41,20.9,1009.4,13,21,60,0.0,0,584.6,5
2025-04-12 10:44:09,1,55,18.7,42,20.9,1009.2,8,21,81,0.0,0,580.9,5
2025-04-12 10:45:10,1,55,18.7,41,21.0,1009.4,11,16,74,0.0,0,582.8,5
2025-04-12 10:46:11,1,55,18.7,41,21.1,1009.3,8,18,93,0.0,0,582.5,5
2025-04-12 10:47:12,1,55,18.7,41,21.1,1009.3,9,18,117,0.0,0,588.3,5
2025-04-12 10:48:13,1,55,18.7,41,21.0,1009.3,2,16,219,0.0,0,581.5,5
2025-04-12 10:49:14,1,55,18.7,41,21.0,1009.5,7,12,48,0.0,0,584.2,5
2025-04-12 10:50:15,1,55,18.7,40,21.0,1009.3,11,16,91,0.0,0,587.9,5
2025-04-12 10:51:16,1,55,18.7,41,21.0,1009.3,7,23,118,0.0,0,584.3,5
2025-04-12 10:52:17,1,55,18.7,41,21.0,1009.2,6,12,36,0.0,0,587.5,5
2025-04-12 10:53:18,1,55,18.7,40,20.9,1009.3,10,20,71,0.0,0,586.7,5
2025-04-12 10:54:19,1,55,18.7,40,20.9,1009.1,8,20,28,0.0,0,588.1,5
2025-04-12 10:55:20,1,55,18.8,40,21.0,1009.1,2,16,330,0.0,0,586.5,5
2025-04-12 10:56:21,1,55,18.8,40,21.2,1009.2,5,12,43,0.0,0,590.1,5
2025-04-12 10:57:22,1,55,18.8,40,21.3,1009.2,6,11,45,0.0,0,588.0,5
2025-04-12 10:58:23,1,55,18.8,39,21.5,1009.2,5,12,234,0.0,0,587.9,5
2025-04-12 10:59:24,1,55,18.8,38,21.6,1009.2,8,12,120,0.0,0,587.9,5
2025-04-12 11:00:25,1,55,18.8,38,21.7,1009.1,3,12,331,0.0,0,587.8,5
2025-04-12 11:01:26,1,55,18.8,38,21.7,1009.2,9,16,63,0.0,0,594.9,5
2025-04-12 11:02:27,1,55,18.8,38,21.8,1009.1,11,21,197,0.0,0,592.8,5
2025-04-12 11:03:28,1,55,18.8,38,21.8,1009.2,9,21,110,0.0,0,599.8,5
2025-04-12 11:04:29,1,55,18.8,37,21.5,1009.1,13,25,68,0.0,0,601.5,5
2025-04-12 11:05:30,1,55,18.8,39,21.4,1009.0,8,21,54,0.0,0,597.7,5
2025-04-12 11:06:31,1,55,18.8,39,21.0,1009.0,7,18,100,0.0,0,598.2,5
2025-04-12 11:07:32,1,55,18.8,39,20.9,1009.0,6,18,121,0.0,0,596.3,5
2025-04-12 11:08:33,1,55,18.8,39,20.9,1009.0,0,12,80,0.0,0,587.8,5
2025-04-12 11:09:34,1,55,18.8,39,21.1,1008.9,8,12,125,0.0,0,587.7,5
2025-04-12 11:10:35,1,55,18.8,39,21.1,1008.9,6,12,80,0.0,0,587.8,5
2025-04-12 11:11:36,1,55,18.8,39,21.2,1008.9,6,12,113,0.0,0,598.0,5
2025-04-12 11:12:37,1,55,18.8,39,21.2,1008.8,2,16,73,0.0,0,592.8,5
2025-04-12 11:13:38,1,55,18.8,38,21.4,1008.9,8,16,20,0.0,0,596.6,5
2025-04-12 11:14:39,1,55,18.8,38,21.6,1009.0,2,9,61,0.0,0,591.9,5
2025-04-12 11:15:40,1,55,18.9,37,21.6,1008.7,11,16,108,0.0,0,601.5,5
2025-04-12 11:16:41,1,55,18.9,38,21.7,1008.7,2,16,74,0.0,0,590.6,5
2025-04-12 11:17:42,1,55,18.9,37,21.7,1008.8,10,16,100,0.0,0,593.5,5
2025-04-12 11:18:43,1,55,18.9,36,21.7,1008.9,5,16,95,0.0,0,587.7,5
2025-04-12 11:19:44,1,55,18.9,37,21.7,1008.7,11,20,90,0.0,0,592.8,5
2025-04-12 11:20:45,1,55,18.9,36,21.7,1008.9,5,20,20,0.0,0,594.5,5
2025-04-12 11:21:46,1,55,18.9,37,21.7,1008.8,8,18,105,0.0,0,596.9,5
2025-04-12 11:22:47,1,55,18.9,37,21.6,1008.8,1,18,48,0.0,0,592.9,5
2025-04-12 11:23:48,1,55,18.9,37,21.5,1008.9,3,18,73,0.0,0,597.0,5
2025-04-12 11:24:49,1,55,18.9,37,21.5,1008.8,5,23,48,0.0,0,593.5,5
2025-04-12 11:25:50,1,55,18.9,37,21.5,1008.5,3,20,90,0.0,0,598.9,5
2025-04-12 11:26:51,1,54,18.9,37,21.5,1008.7,7,18,71,0.0,0,598.5,5
2025-04-12 11:27:52,1,54,18.9,37,21.5,1008.5,9,20,75,0.0,0,589.8,5
2025-04-12 11:28:53,1,54,18.9,37,21.5,1008.5,8,20,63,0.0,0,596.3,5
2025-04-12 11:29:54,1,54,18.9,37,21.5,1008.4,1,18,353,0.0,0,597.0,5
2025-04-12 11:30:55,1,54,18.9,37,21.4,1008.4,2,9,69,0.0,0,591.4,5
2025-04-12 11:31:56,1,54,18.9,36,21.4,1008.5,2,9,46,0.0,0,587.7,5
2025-04-12 11:32:57,1,54,18.9,36,21.6,1008.5,10,18,39,0.0,0,591.3,5
2025-04-12 11:33:58,1,54,18.9,35,21.8,1008.5,3,18,6,0.0,0,592.2,5
2025-04-12 11:34:59,1,54,18.9,35,22.0,1008.4,10,16,212,0.0,0,592.6,5
2025-04-12 11:36:00,1,54,19.0,36,22.0,1008.4,2,18,103,0.0,0,598.0,5
2025-04-12 11:37:01,1,54,19.0,36,21.8,1008.5,7,18,273,0.0,0,602.2,5
2025-04-12 11:38:02,1,54,18.9,36,21.8,1008.3,12,20,150,0.0,0,596.6,5
2025-04-12 11:39:03,1,54,18.9,36,21.8,1008.3,2,21,117,0.0,0,602.6,5
2025-04-12 11:40:04,1,54,19.0,36,21.6,1008.2,5,11,60,0.0,0,604.4,5
2025-04-12 11:41:05,1,54,19.0,36,21.6,1008.3,5,14,149,0.0,0,603.5,5
2025-04-12 11:42:06,1,54,19.0,35,21.7,1008.4,3,20,65,0.0,0,600.5,5
2025-04-12 11:43:07,1,54,19.0,36,21.8,1008.1,5,20,171,0.0,0,596.0,5
2025-04-12 11:44:08,1,54,19.0,36,21.8,1008.2,6,9,108,0.0,0,594.0,5
2025-04-12 11:45:09,1,54,19.0,35,22.1,1008.1,2,9,276,0.0,0,593.9,5
2025-04-12 11:46:10,1,54,19.0,35,22.2,1008.2,2,7,40,0.0,0,595.3,5
2025-04-12 11:47:11,1,54,19.0,35,22.5,1008.1,4,11,66,0.0,0,600.0,5
2025-04-12 11:48:12,1,54,19.0,35,22.6,1008.2,1,12,41,0.0,0,595.8,5
2025-04-12 11:49:13,1,54,19.0,34,22.9,1008.0,2,7,56,0.0,0,597.1,5
2025-04-12 11:50:14,1,54,19.0,34,23.0,1008.2,7,16,6,0.0,0,593.3,5
2025-04-12 11:51:15,1,54,19.0,34,23.0,1008.1,7,16,47,0.0,0,600.5,5
2025-04-12 11:52:16,1,54,19.0,34,23.0,1008.1,0,14,1,0.0,0,600.6,5
2025-04-12 11:53:17,1,54,19.0,34,23.0,1008.0,5,9,283,0.0,0,601.9,5
2025-04-12 11:54:18,1,54,19.0,34,23.0,1008.1,3,9,148,0.0,0,598.2,5
2025-04-12 11:55:19,1,54,19.0,34,23.0,1008.1,6,18,232,0.0,0,601.1,5
2025-04-12 11:56:20,1,54,19.0,33,22.9,1007.8,6,11,194,0.0,0,602.1,5
2025-04-12 11:57:21,1,54,19.0,33,22.8,1007.9,8,14,86,0.0,0,601.2,5
2025-04-12 11:58:22,1,54,19.0,33,22.8,1007.8,12,20,113,0.0,0,601.7,5
2025-04-12 11:59:23,1,54,19.0,33,22.7,1007.6,8,20,247,0.0,0,602.9,5
2025-04-12 12:00:24,1,54,19.0,34,22.4,1007.8,7,16,160,0.0,0,604.4,5
2025-04-12 12:01:25,1,54,19.0,35,22.3,1007.8,3,16,355,0.0,0,603.0,5
2025-04-12 12:02:27,1,54,19.0,34,22.2,1007.6,8,16,234,0.0,0,604.4,5
2025-04-12 12:03:28,1,54,19.0,34,22.4,1007.8,1,16,306,0.0,0,603.5,5
2025-04-12 12:04:29,1,54,19.0,34,22.5,1007.7,5,7,88,0.0,0,598.5,5
2025-04-12 12:05:30,1,54,19.0,33,22.8,1007.6,5,16,44,0.0,0,596.2,5
2025-04-12 12:06:31,1,54,19.0,34,22.8,1007.8,4,16,37,0.0,0,601.5,5
2025-04-12 12:07:32,1,54,19.0,33,22.8,1007.7,3,14,106,0.0,0,596.9,5
2025-04-12 12:08:33,1,54,19.1,32,22.9,1007.6,2,12,72,0.0,0,600.5,5
2025-04-12 12:09:34,1,54,19.0,32,23.0,1007.7,12,20,89,0.0,0,598.8,5
2025-04-12 12:10:35,1,54,19.1,33,23.0,1007.6,8,20,149,0.0,0,597.3,5
2025-04-12 12:11:36,1,54,19.0,33,22.7,1007.7,15,20,108,0.0,0,594.9,5
2025-04-12 12:12:37,1,54,19.0,33,22.4,1007.7,13,27,86,0.0,0,590.1,5
2025-04-12 12:13:38,1,54,19.0,34,22.1,1007.6,8,21,149,0.0,0,591.9,5
2025-04-12 12:14:39,1,54,19.0,33,22.1,1007.5,5,16,97,0.0,0,593.4,5
2025-04-12 12:15:40,1,54,19.0,33,22.1,1007.8,2,18,35,0.0,0,590.9,5
2025-04-12 12:16:41,1,53,19.1,33,22.3,1007.5,7,14,58,0.0,0,590.9,5
2025-04-12 12:17:42,1,53,19.0,33,22.4,1007.5,6,11,74,0.0,0,595.6,5
2025-04-12 12:18:43,1,53,19.0,32,22.6,1007.6,10,14,71,0.0,0,594.6,5
2025-04-12 12:19:44,1,53,19.0,32,22.8,1007.5,1,14,137,0.0,0,596.8,5
2025-04-12 12:20:45,1,53,19.1,33,22.8,1007.4,3,9,110,0.0,0,591.3,5
2025-04-12 12:21:46,1,53,19.1,33,22.8,1007.5,3,18,73,0.0,0,588.0,5
2025-04-12 12:22:47,1,53,19.0,33,22.8,1007.6,4,11,113,0.0,0,587.8,5
2025-04-12 12:23:48,1,53,19.1,34,22.7,1007.5,12,20,57,0.0,0,587.8,5
2025-04-12 12:24:49,1,53,19.1,34,22.6,1007.3,1,20,69,0.0,0,587.8,5
2025-04-12 12:25:50,1,53,19.1,34,22.6,1007.4,6,9,37,0.0,0,587.8,5
2025-04-12 12:26:51,1,53,19.1,34,22.8,1007.2,2,9,148,0.0,0,587.8,5
2025-04-12 12:27:52,1,53,19.1,34,23.0,1007.2,1,9,103,0.0,0,586.8,5
2025-04-12 12:28:53,1,53,19.1,34,23.2,1007.2,4,12,116,0.0,0,586.0,5
2025-04-12 12:29:54,1,53,19.1,34,23.3,1007.4,2,12,79,0.0,0,585.0,5
2025-04-12 12:30:55,1,53,19.1,33,23.4,1007.2,2,7,254,0.0,0,579.4,5
2025-04-12 12:31:56,1,53,19.1,33,23.6,1007.3,3,7,88,0.0,0,580.8,5
2025-04-12 12:32:57,1,53,19.1,33,23.7,1007.2,4,7,36,0.0,0,579.1,5
2025-04-12 12:33:58,1,53,19.1,33,23.7,1007.1,7,9,46,0.0,0,583.4,5
2025-04-12 12:34:59,1,53,19.1,33,23.7,1007.1,3,12,203,0.0,0,579.9,5
2025-04-12 12:36:00,1,53,19.1,33,23.7,1007.2,2,12,202,0.0,0,582.1,5
2025-04-12 12:37:01,1,53,19.1,33,23.7,1007.2,3,7,98,0.0,0,585.2,5
2025-04-12 12:38:02,1,53,19.1,33,23.6,1006.9,2,7,24,0.0,0,579.6,5
2025-04-12 12:39:03,1,53,19.1,33,23.6,1007.0,5,9,40,0.0,0,580.4,5
2025-04-12 12:40:04,1,53,19.1,32,23.8,1006.9,7,9,4,0.0,0,576.6,5
2025-04-12 12:41:05,1,53,19.1,32,23.9,1006.9,2,14,109,0.0,0,574.8,5
2025-04-12 12:42:06,1,53,19.1,32,24.0,1006.8,5,14,119,0.0,0,577.7,5
2025-04-12 12:43:07,1,53,19.1,31,24.1,1006.9,7,18,329,0.0,0,575.4,5
2025-04-12 12:44:08,1,53,19.0,32,24.1,1007.0,5,23,37,0.0,0,572.4,5
2025-04-12 12:45:09,1,53,19.1,32,23.8,1006.7,4,23,77,0.0,0,571.6,5
2025-04-12 12:46:10,1,53,19.1,33,23.8,1006.8,1,12,254,0.0,0,567.2,5
2025-04-12 12:47:11,1,53,19.1,32,23.8,1006.9,8,12,94,0.0,0,564.4,5
2025-04-12 12:48:12,1,53,19.1,32,23.8,1006.8,10,16,67,0.0,0,564.8,5
2025-04-12 12:49:13,1,53,19.1,32,23.8,1007.0,8,16,48,0.0,0,564.1,5
2025-04-12 12:50:14,1,53,19.1,32,23.7,1006.7,6,14,89,0.0,0,562.9,5
2025-04-12 12:51:15,1,53,19.0,32,23.7,1006.9,1,11,1,0.0,0,565.1,5
2025-04-12 12:52:16,1,53,19.0,31,23.7,1006.8,21,25,108,0.0,0,562.3,5
2025-04-12 12:53:17,1,53,19.1,33,23.7,1006.6,5,25,267,0.0,0,560.2,5
2025-04-12 12:54:18,1,53,19.0,34,22.9,1006.7,5,11,104,0.0,0,560.2,5
2025-04-12 12:55:19,1,53,19.1,33,22.9,1006.8,5,18,36,0.0,0,556.9,5
2025-04-12 12:56:20,1,53,19.0,33,22.9,1006.6,1,12,123,0.0,0,557.1,5
2025-04-12 12:57:21,1,53,19.0,33,23.3,1006.6,7,11,53,0.0,0,555.0,5
2025-04-12 12:58:22,1,53,19.0,32,23.6,1006.6,12,23,42,0.0,0,553.4,5
2025-04-12 12:59:23,1,53,19.0,31,23.8,1006.7,4,23,312,0.0,0,550.9,5
2025-04-12 13:00:24,1,53,19.0,31,23.8,1006.7,1,9,29,0.0,0,550.6,5
2025-04-12 13:01:25,1,53,19.0,31,23.9,1006.7,8,12,88,0.0,0,547.7,5
2025-04-12 13:02:26,1,53,19.0,32,23.9,1006.6,6,12,57,0.0,0,547.7,5
2025-04-12 13:03:27,1,53,19.0,32,23.7,1006.6,4,12,342,0.0,0,546.0,5
2025-04-12 13:04:28,1,53,19.0,32,23.6,1006.7,6,14,34,0.0,0,544.9,5
2025-04-12 13:05:29,1,53,19.0,32,23.7,1006.5,7,12,26,0.0,0,540.3,5
2025-04-12 13:06:30,1,53,19.0,32,24.0,1006.5,3,12,236,0.0,0,537.4,5
2025-04-12 13:07:31,1,53,19.0,31,24.2,1006.4,8,12,111,0.0,0,534.5,5
2025-04-12 13:08:32,1,53,19.0,31,24.4,1006.5,0,12,90,0.0,0,533.6,5
2025-04-12 13:09:33,1,53,19.0,31,24.4,1006.6,4,14,117,0.0,0,534.6,5
2025-04-12 13:10:34,1,53,19.0,31,24.4,1006.2,6,16,161,0.0,0,533.7,5
2025-04-12 13:11:35,1,52,19.0,32,24.0,1006.4,6,16,80,0.0,0,533.5,5
2025-04-12 13:12:36,1,52,19.0,31,23.9,1006.4,16,18,79,0.0,0,529.8,5
2025-04-12 13:13:37,1,52,19.0,32,23.8,1006.4,12,20,80,0.0,0,529.3,5
2025-04-12 13:14:38,1,52,19.0,32,23.6,1006.5,5,20,87,0.0,0,527.7,5
2025-04-12 13:15:39,1,52,19.0,32,23.6,1006.6,0,14,90,0.0,0,526.9,5
2025-04-12 13:16:40,1,52,19.0,32,23.6,1006.4,5,11,94,0.0,0,525.1,5
2025-04-12 13:17:41,1,52,19.0,32,23.6,1006.3,7,14,88,0.0,0,523.9,5
2025-04-12 13:18:42,1,52,19.0,32,23.6,1006.5,2,14,1,0.0,0,523.9,5
2025-04-12 13:19:43,1,52,19.0,31,23.8,1006.3,5,14,74,0.0,0,524.4,5
2025-04-12 13:20:44,1,52,19.0,31,24.1,1006.4,2,16,8,0.0,0,525.0,5
2025-04-12 13:21:45,1,52,19.0,31,24.1,1006.3,0,16,68,0.0,0,525.4,5
2025-04-12 13:22:46,1,52,19.0,31,24.0,1006.3,5,11,94,0.0,0,521.9,5
2025-04-12 13:23:47,1,52,19.0,31,24.0,1006.2,7,21,143,0.0,0,516.6,5
2025-04-12 13:24:48,1,52,19.0,32,24.0,1006.3,1,21,105,0.0,0,516.0,5
2025-04-12 13:25:49,1,52,19.0,32,23.9,1006.3,3,7,137,0.0,0,514.3,5
2025-04-12 13:26:50,1,52,19.0,32,23.9,1006.3,1,7,21,0.0,0,517.0,5
2025-04-12 13:27:51,1,52,19.0,32,24.1,1006.1,2,5,78,0.0,0,514.6,5
2025-04-12 13:28:52,1,52,19.0,31,24.3,1006.1,2,7,41,0.0,0,510.4,4
2025-04-12 13:29:53,1,52,19.0,31,24.5,1006.1,6,11,130,0.0,0,506.4,4
2025-04-12 13:30:54,1,52,19.0,31,24.5,1006.1,1,11,39,0.0,0,505.8,4
2025-04-12 13:31:55,1,52,19.0,31,24.6,1006.0,8,16,128,0.0,0,504.6,4
2025-04-12 13:32:56,1,52,19.0,31,24.5,1006.1,11,18,201,0.0,0,507.0,4
2025-04-12 13:33:57,1,52,19.0,32,24.0,1006.0,3,18,46,0.0,0,503.4,4
2025-04-12 13:34:58,1,52,19.0,31,23.9,1005.9,5,20,80,0.0,0,504.4,4
2025-04-12 13:35:59,1,52,19.0,31,23.9,1006.1,14,21,95,0.0,0,503.0,4
2025-04-12 13:37:00,1,52,19.0,31,23.9,1006.0,5,21,108,0.0,0,500.4,4
2025-04-12 13:38:01,1,52,19.0,31,23.9,1005.9,9,21,159,0.0,0,501.1,4
2025-04-12 13:39:02,1,52,19.0,31,23.7,1005.9,16,20,106,0.0,0,500.9,4
2025-04-12 13:40:03,1,52,19.0,32,23.7,1005.9,6,20,34,0.0,0,497.2,4
2025-04-12 13:41:04,1,52,19.0,32,23.6,1005.9,7,14,40,0.0,0,499.7,4
2025-04-12 13:42:05,1,52,19.0,31,23.6,1005.7,3,14,45,0.0,0,496.5,4
2025-04-12 13:43:06,1,52,19.0,31,23.8,1005.9,2,12,234,0.0,0,489.5,4
2025-04-12 13:44:07,1,52,19.0,31,24.1,1005.9,8,12,134,0.0,0,489.6,4
2025-04-12 13:45:08,1,52,19.0,31,24.2,1005.7,8,18,126,0.0,0,489.5,4
2025-04-12 13:46:09,1,52,19.0,32,24.0,1005.6,5,18,170,0.0,0,489.6,4
2025-04-12 13:47:10,1,52,19.0,32,23.7,1005.7,4,14,90,0.0,0,489.6,4
2025-04-12 13:48:11,1,52,19.0,31,23.6,1005.7,10,18,46,0.0,0,489.6,4
2025-04-12 13:49:12,1,51,19.0,32,23.7,1005.7,6,20,81,0.0,0,489.6,4
2025-04-12 13:50:13,1,52,19.0,32,23.7,1005.7,5,20,113,0.0,0,488.1,4
2025-04-12 13:51:14,1,51,19.0,31,23.6,1005.6,7,16,91,0.0,0,483.7,4
2025-04-12 13:52:15,1,51,19.0,32,23.7,1005.7,3,16,38,0.0,0,483.2,4
2025-04-12 13:53:16,1,51,19.0,31,23.7,1005.5,6,9,104,0.0,0,483.7,4
2025-04-12 13:54:17,1,51,19.0,31,23.9,1005.3,9,14,85,0.0,0,480.6,4
2025-04-12 13:55:18,1,51,19.0,31,23.9,1005.6,2,12,30,0.0,0,478.3,4
2025-04-12 13:56:19,1,51,19.0,31,23.9,1005.5,7,9,267,0.0,0,476.2,4
2025-04-12 13:57:20,1,51,19.0,31,24.0,1005.4,4,9,99,0.0,0,471.7,4
2025-04-12 13:58:21,1,51,19.0,30,24.1,1005.5,7,16,349,0.0,0,468.1,4
2025-04-12 13:59:22,1,51,19.0,31,24.2,1005.3,5,11,234,0.0,0,467.3,4
2025-04-12 14:00:23,1,51,19.0,30,24.3,1005.4,1,7,38,0.0,0,465.7,4
2025-04-12 14:01:24,1,51,19.0,30,24.4,1005.3,8,14,44,0.0,0,463.3,4
2025-04-12 14:02:26,1,51,19.0,30,24.7,1005.2,3,18,78,0.0,0,460.9,4
2025-04-12 14:03:27,1,51,19.0,30,24.7,1005.2,2,18,75,0.0,0,462.1,4
2025-04-12 14:04:28,1,51,19.0,30,24.5,1005.5,14,18,133,0.0,0,458.5,4
2025-04-12 14:05:29,1,51,19.0,31,24.5,1005.3,8,18,39,0.0,0,454.2,4
2025-04-12 14:06:30,1,51,19.0,31,24.2,1005.4,6,12,105,0.0,0,452.9,4
2025-04-12 14:07:31,1,51,19.0,30,24.2,1005.2,3,11,13,0.0,0,449.0,4
2025-04-12 14:08:32,1,51,19.0,31,24.3,1005.2,1,7,86,0.0,0,446.8,4
2025-04-12 14:09:33,1,51,19.1,30,24.4,1005.2,6,9,191,0.0,0,442.6,4
2025-04-12 14:10:34,1,51,19.1,30,24.5,1005.4,4,12,146,0.0,0,440.4,4
2025-04-12 14:11:35,1,51,19.1,31,24.5,1005.2,9,12,100,0.0,0,438.0,4
2025-04-12 14:12:36,1,51,19.1,29,24.5,1005.2,12,18,131,0.0,0,435.6,4
2025-04-12 14:13:37,1,51,19.1,30,24.4,1005.2,1,18,87,0.0,0,433.7,4
2025-04-12 14:14:38,1,51,19.0,31,24.2,1005.1,5,12,216,0.0,0,431.5,4
2025-04-12 14:15:39,1,51,19.1,30,24.2,1005.2,7,12,52,0.0,0,429.6,4
2025-04-12 14:16:40,1,51,19.1,30,24.3,1005.2,2,21,12,0.0,0,425.9,4
2025-04-12 14:17:41,1,51,19.1,30,24.3,1005.1,6,21,65,0.0,0,420.1,4
2025-04-12 14:18:42,1,51,19.1,30,24.3,1005.1,5,12,104,0.0,0,419.2,4
2025-04-12 14:19:43,1,51,19.1,30,24.3,1005.1,4,14,160,0.0,0,417.6,4
2025-04-12 14:20:44,1,51,19.1,30,24.3,1005.0,11,14,78,0.0,0,414.7,4
2025-04-12 14:21:45,1,51,19.1,30,24.2,1005.1,8,14,95,0.0,0,410.1,3
2025-04-12 14:22:46,1,51,19.1,30,24.2,1004.8,15,27,103,0.0,0,408.8,3
2025-04-12 14:23:47,1,51,19.1,31,24.1,1004.8,11,27,83,0.0,0,406.6,3
2025-04-12 14:24:48,1,51,19.1,31,23.8,1004.9,2,14,25,0.0,0,403.2,3
2025-04-12 14:25:49,1,51,19.1,30,23.8,1005.1,6,11,49,0.0,0,400.4,3
2025-04-12 14:26:50,1,51,19.1,30,24.0,1005.0,2,11,65,0.0,0,396.3,3
2025-04-12 14:27:51,1,51,19.1,30,24.2,1005.0,8,14,82,0.0,0,394.9,3
2025-04-12 14:28:52,1,51,19.1,30,24.4,1004.9,13,20,105,0.0,0,396.0,3
2025-04-12 14:29:53,1,51,19.1,30,24.4,1004.9,9,21,138,0.0,0,393.7,3
2025-04-12 14:30:54,1,51,19.1,31,24.2,1004.9,6,18,96,0.0,0,391.8,3
2025-04-12 14:31:55,1,51,19.1,31,24.0,1004.8,3,11,33,0.0,0,388.0,3
2025-04-12 14:32:56,1,51,19.1,30,24.0,1004.9,4,14,70,0.0,0,384.6,3
2025-04-12 14:33:57,1,51,19.1,30,24.2,1004.5,5,14,86,0.0,0,381.9,3
2025-04-12 14:34:58,1,51,19.1,30,24.5,1004.6,14,18,184,0.0,0,378.9,3
2025-04-12 14:35:59,1,51,19.1,30,24.5,1004.6,12,18,82,0.0,0,377.3,3
2025-04-12 14:37:00,1,51,19.1,31,24.3,1004.7,8,16,80,0.0,0,374.8,3
2025-04-12 14:38:01,1,51,19.1,31,24.1,1004.6,4,12,31,0.0,0,370.8,3
2025-04-12 14:39:02,1,51,19.1,31,24.1,1004.4,0,12,351,0.0,0,368.2,3
2025-04-12 14:40:03,1,51,19.1,30,24.3,1004.6,12,18,79,0.0,0,366.6,3
2025-04-12 14:41:04,1,51,19.1,30,24.5,1004.5,11,18,73,0.0,0,366.6,3
2025-04-12 14:42:05,1,51,19.1,30,24.5,1004.6,1,16,91,0.0,0,366.6,3
2025-04-12 14:43:06,1,51,19.1,30,24.3,1004.4,5,12,110,0.0,0,364.2,3
2025-04-12 14:44:07,1,51,19.1,30,24.3,1004.5,2,11,89,0.0,0,361.8,3
2025-04-12 14:45:08,1,51,19.1,30,24.3,1004.3,6,11,87,0.0,0,360.2,3
2025-04-12 14:46:09,1,51,19.1,30,24.3,1004.3,3,11,53,0.0,0,358.4,3
2025-04-12 14:47:10,1,51,19.1,31,24.3,1004.4,5,9,324,0.0,0,355.5,3
2025-04-12 14:48:11,1,51,19.1,30,24.3,1004.3,1,7,84,0.0,0,353.1,3
2025-04-12 14:49:12,1,51,19.1,30,24.4,1004.5,3,5,222,0.0,0,350.1,3
2025-04-12 14:50:13,1,51,19.1,30,24.5,1004.0,3,12,293,0.0,0,349.8,3
2025-04-12 14:51:14,1,51,19.1,31,24.5,1004.4,2,12,140,0.0,0,345.2,3
2025-04-12 14:52:15,1,51,19.1,30,24.4,1004.3,7,12,101,0.0,0,342.0,3
2025-04-12 14:53:16,1,51,19.1,30,24.4,1004.2,2,11,113,0.0,0,340.5,3
2025-04-12 14:54:17,1,51,19.2,30,24.4,1004.0,4,9,100,0.0,0,339.9,3
2025-04-12 14:55:18,1,51,19.1,30,24.5,1004.2,1,7,84,0.0,0,339.6,3
2025-04-12 14:56:19,1,51,19.1,29,24.6,1004.4,1,1,56,0.0,0,337.4,3
2025-04-12 14:57:20,1,51,19.1,29,24.8,1004.1,14,18,90,0.0,0,335.5,3
2025-04-12 14:58:21,1,51,19.2,29,24.9,1004.1,4,20,61,0.0,0,335.2,3
2025-04-12 14:59:22,1,51,19.2,29,24.9,1004.3,8,11,50,0.0,0,333.5,3
2025-04-12 15:00:23,1,51,19.2,29,24.8,1004.1,6,11,16,0.0,0,333.0,3
2025-04-12 15:01:24,1,52,19.2,29,24.9,1004.0,4,16,71,0.0,0,330.6,3
2025-04-12 15:02:25,1,52,19.2,29,24.9,1004.1,2,12,86,0.0,0,328.1,3
2025-04-12 15:03:26,1,53,19.3,29,24.9,1004.0,3,11,16,0.0,0,326.0,3
2025-04-12 15:04:27,1,53,19.3,29,24.8,1004.0,7,12,82,0.0,0,325.6,3
2025-04-12 15:05:28,1,54,19.4,29,24.8,1003.7,8,20,29,0.0,0,325.2,3
2025-04-12 15:06:29,1,54,19.4,29,24.8,1004.0,8,12,81,0.0,0,323.5,3
2025-04-12 15:07:30,1,55,19.4,29,24.8,1003.9,2,12,63,0.0,0,322.4,3
2025-04-12 15:08:31,1,55,19.5,29,24.8,1004.0,6,11,62,0.0,0,320.8,3
2025-04-12 15:09:32,1,55,19.5,29,24.8,1003.8,6,12,39,0.0,0,320.4,3
2025-04-12 15:10:33,1,56,19.5,29,24.8,1003.9,3,12,84,0.0,0,318.0,3
2025-04-12 15:11:34,1,56,19.5,29,24.9,1003.9,4,11,66,0.0,0,315.3,3
2025-04-12 15:12:35,1,56,19.5,29,24.9,1003.6,6,12,46,0.0,0,311.1,3
2025-04-12 15:13:36,1,56,19.5,29,24.9,1003.9,6,11,37,0.0,0,309.6,3
2025-04-12 15:14:37,1,56,19.5,29,24.9,1003.6,9,16,47,0.0,0,308.8,3
2025-04-12 15:15:38,1,56,19.5,29,24.9,1003.6,6,16,71,0.0,0,305.9,2
2025-04-12 15:16:39,1,56,19.5,30,24.8,1003.6,17,21,106,0.0,0,304.3,2
2025-04-12 15:17:40,1,56,19.5,31,24.6,1003.5,3,21,247,0.0,0,304.8,2
2025-04-12 15:18:41,1,56,19.5,30,24.3,1003.7,12,16,112,0.0,0,303.0,2
2025-04-12 15:19:42,1,56,19.5,30,24.2,1003.5,2,16,70,0.0,0,303.5,2
2025-04-12 15:20:43,1,56,19.5,30,24.2,1003.5,6,18,82,0.0,0,302.3,2
2025-04-12 15:21:44,1,56,19.5,30,24.2,1003.5,1,11,49,0.0,0,298.0,2
2025-04-12 15:22:45,1,56,19.5,30,24.3,1003.6,9,12,91,0.0,0,296.7,2
2025-04-12 15:23:46,1,56,19.5,30,24.4,1003.5,11,16,85,0.0,0,293.5,2
2025-04-12 15:24:47,1,56,19.5,30,24.4,1003.4,10,16,51,0.0,0,293.6,2
2025-04-12 15:25:48,1,55,19.5,31,24.3,1003.5,3,18,269,0.0,0,293.5,2
2025-04-12 15:26:49,1,55,19.5,30,24.2,1003.4,3,9,202,0.0,0,292.3,2
2025-04-12 15:27:50,1,55,19.5,30,24.4,1003.4,5,11,112,0.0,0,293.2,2
2025-04-12 15:28:51,1,55,19.5,30,24.6,1003.3,3,14,79,0.0,0,291.1,2
2025-04-12 15:29:52,1,55,19.5,30,24.7,1003.2,1,14,110,0.0,0,290.7,2
2025-04-12 15:30:53,1,55,19.5,30,24.7,1003.2,2,5,322,0.0,0,289.3,2
2025-04-12 15:31:54,1,55,19.5,30,24.7,1003.3,3,9,54,0.0,0,283.7,2
2025-04-12 15:32:55,1,55,19.5,30,24.8,1003.3,1,7,316,0.0,0,281.6,2
2025-04-12 15:33:56,1,55,19.4,29,25.1,1003.1,7,12,135,0.0,0,280.6,2
2025-04-12 15:34:57,1,54,19.4,30,25.2,1003.3,4,12,158,0.0,0,278.8,2
2025-04-12 15:35:58,1,54,19.4,30,25.1,1003.3,2,12,59,0.0,0,276.6,2
2025-04-12 15:36:59,1,54,19.4,30,24.9,1003.2,3,9,98,0.0,0,275.3,2
2025-04-12 15:38:00,1,54,19.4,30,24.9,1003.2,9,23,52,0.0,0,275.9,2
2025-04-12 15:39:01,1,54,19.4,30,24.7,1003.1,4,23,319,0.0,0,272.0,2
2025-04-12 15:40:02,1,54,19.4,30,24.4,1003.1,8,11,24,0.0,0,271.8,2
2025-04-12 15:41:03,1,54,19.4,30,24.4,1003.0,4,12,81,0.0,0,268.4,2
2025-04-12 15:42:04,1,54,19.4,30,24.4,1003.0,6,18,252,0.0,0,264.1,2
2025-04-12 15:43:05,1,54,19.4,31,24.4,1003.1,10,21,23,0.0,0,262.5,2
2025-04-12 15:44:06,1,54,19.4,31,24.3,1003.0,8,20,64,0.0,0,262.5,2
2025-04-12 15:45:07,1,54,19.3,30,24.4,1002.9,15,18,35,0.0,0,261.4,2
2025-04-12 15:46:08,1,54,19.3,31,24.4,1002.9,5,18,344,0.0,0,259.6,2
2025-04-12 15:47:09,1,54,19.3,31,24.4,1003.0,6,11,39,0.0,0,258.3,2
2025-04-12 15:48:10,1,54,19.3,31,24.4,1002.8,7,11,88,0.0,0,254.5,2
2025-04-12 15:49:11,1,54,19.3,31,24.5,1002.8,8,18,109,0.0,0,252.1,2
2025-04-12 15:50:12,1,54,19.3,31,24.6,1002.8,2,18,22,0.0,0,248.0,2
2025-04-12 15:51:13,1,53,19.3,31,24.6,1002.9,5,14,88,0.0,0,245.0,2
2025-04-12 15:52:14,1,53,19.3,31,24.6,1002.8,3,12,55,0.0,0,246.4,2
2025-04-12 15:53:15,1,53,19.3,31,24.6,1002.7,0,5,112,0.0,0,244.8,2
2025-04-12 15:54:16,1,53,19.3,31,24.6,1002.9,6,11,126,0.0,0,240.8,2
2025-04-12 15:55:17,1,53,19.3,30,24.6,1002.9,6,14,35,0.0,0,237.9,2
2025-04-12 15:56:18,1,53,19.3,30,24.7,1002.8,7,14,11,0.0,0,236.7,2
2025-04-12 15:57:19,1,53,19.3,30,24.7,1002.7,12,16,67,0.0,0,232.8,2
2025-04-12 15:58:20,1,53,19.2,30,24.7,1002.9,0,16,92,0.0,0,230.3,2
2025-04-12 15:59:21,1,53,19.2,30,24.7,1002.7,3,5,86,0.0,0,226.7,2
2025-04-12 16:13:05,1,52,19.2,31,24.6,1002.4,3,7,35,0.0,0,190.7,1
2025-04-12 16:14:06,1,52,19.2,31,24.4,1002.5,8,18,80,0.0,0,188.1,1
2025-04-12 16:15:07,1,52,19.2,31,24.4,1002.6,5,18,72,0.0,0,186.6,1
2025-04-12 16:16:08,1,52,19.2,31,24.4,1002.7,7,12,50,0.0,0,183.4,1
2025-04-12 16:17:09,1,52,19.2,31,24.4,1002.4,5,11,20,0.0,0,180.9,1
2025-04-12 16:18:10,1,52,19.2,31,24.4,1002.5,4,9,48,0.0,0,178.3,1
2025-04-12 16:19:11,1,52,19.2,31,24.5,1002.5,3,12,40,0.0,0,175.6,1
2025-04-12 16:20:12,1,52,19.2,31,24.5,1002.5,7,12,87,0.0,0,173.6,1
2025-04-12 16:21:13,1,52,19.2,32,24.5,1002.2,3,9,41,0.0,0,172.6,1
2025-04-12 16:22:14,1,52,19.2,31,24.4,1002.4,6,11,21,0.0,0,170.4,1
2025-04-12 16:23:15,1,52,19.2,31,24.4,1002.4,2,14,82,0.0,0,169.2,1
2025-04-12 16:24:16,1,52,19.2,32,24.4,1002.5,4,14,107,0.0,0,167.0,1
2025-04-12 16:25:17,1,52,19.2,32,24.5,1002.4,1,9,23,0.0,0,163.2,1
2025-04-12 16:26:18,1,52,19.2,31,24.5,1002.3,7,12,88,0.0,0,163.0,1
2025-04-12 16:27:19,1,52,19.2,32,24.4,1002.3,6,12,48,0.0,0,160.5,1
2025-04-12 16:28:20,1,52,19.2,32,24.4,1002.3,9,11,48,0.0,0,157.4,1
2025-04-12 16:29:21,1,52,19.2,32,24.5,1002.3,7,11,45,0.0,0,154.7,1
2025-04-12 16:30:22,1,52,19.2,32,24.5,1002.3,5,11,38,0.0,0,152.0,1
2025-04-12 16:31:23,1,52,19.2,32,24.5,1002.3,9,11,47,0.0,0,151.4,1
2025-04-12 16:32:24,1,52,19.2,32,24.5,1002.2,6,16,28,0.0,0,150.5,1
2025-04-12 16:33:25,1,52,19.2,32,24.4,1002.2,5,9,43,0.0,0,148.1,1
2025-04-12 16:34:26,1,52,19.2,32,24.3,1002.3,2,9,41,0.0,0,146.6,1
2025-04-12 16:35:27,1,52,19.2,32,24.3,1002.2,5,9,41,0.0,0,144.6,1
2025-04-12 16:36:28,1,52,19.2,32,24.3,1002.2,2,9,284,0.0,0,143.3,1
2025-04-12 16:37:29,1,52,19.3,32,24.3,1002.3,5,9,32,0.0,0,141.0,1
2025-04-12 16:38:30,1,52,19.2,32,24.3,1002.3,2,12,29,0.0,0,139.0,1
2025-04-12 16:39:31,1,52,19.2,32,24.3,1002.2,7,11,7,0.0,0,136.8,1
2025-04-12 16:40:32,1,52,19.2,32,24.2,1002.2,5,21,117,0.0,0,135.2,1
2025-04-12 16:41:33,1,52,19.2,32,24.2,1002.2,5,11,32,0.0,0,133.5,1
2025-04-12 16:42:34,1,52,19.2,33,24.2,1002.0,2,7,1,0.0,0,132.0,1
2025-04-12 16:43:35,1,52,19.2,32,24.2,1002.2,5,9,52,0.0,0,129.2,1
2025-04-12 16:44:36,1,52,19.2,32,24.2,1002.1,6,11,8,0.0,0,127.1,1
2025-04-12 16:45:37,1,52,19.2,32,24.2,1001.9,5,14,57,0.0,0,125.4,1
2025-04-12 16:46:38,1,52,19.3,32,24.2,1002.0,5,14,19,0.0,0,124.0,1
2025-04-12 16:47:39,1,52,19.2,33,24.2,1001.9,1,7,28,0.0,0,123.6,1
2025-04-12 16:48:40,1,52,19.2,32,24.2,1001.9,4,7,44,0.0,0,122.3,1
2025-04-12 16:49:41,1,52,19.2,32,24.3,1002.0,2,7,46,0.0,0,121.5,1
2025-04-12 16:50:42,1,52,19.3,32,24.4,1002.0,2,5,4,0.0,0,120.2,1
2025-04-12 16:51:43,1,52,19.2,32,24.4,1001.9,7,12,55,0.0,0,119.2,1
2025-04-12 16:52:44,1,52,19.2,32,24.4,1001.9,1,12,68,0.0,0,117.8,1
2025-04-12 16:53:45,1,52,19.3,32,24.4,1002.1,2,11,6,0.0,0,117.1,1
2025-04-12 16:54:46,1,52,19.3,32,24.4,1001.9,3,7,43,0.0,0,114.5,1
2025-04-12 16:55:47,1,52,19.2,33,24.4,1001.9,6,9,20,0.0,0,113.1,1
2025-04-12 16:56:48,1,52,19.3,33,24.4,1001.9,0,9,41,0.0,0,111.1,1
2025-04-12 16:57:49,1,52,19.3,33,24.4,1002.1,1,11,27,0.0,0,108.4,1
2025-04-12 16:58:50,1,52,19.3,32,24.3,1002.1,2,11,27,0.0,0,106.8,1
2025-04-12 16:59:51,1,52,19.3,33,24.2,1002.0,1,3,349,0.0,0,105.1,1
2025-04-12 17:00:52,1,52,19.3,33,24.2,1001.9,2,5,33,0.0,0,103.2,1
2025-04-12 17:01:53,1,52,19.3,33,24.3,1001.9,0,5,9,0.0,0,101.8,0
2025-04-12 17:02:54,1,52,19.3,32,24.3,1001.9,5,7,45,0.0,0,99.9,0
2025-04-12 17:03:55,1,52,19.3,32,24.3,1001.9,2,7,47,0.0,0,98.3,0
2025-04-12 17:04:56,1,51,19.3,32,24.3,1001.8,9,12,65,0.0,0,96.8,0
2025-04-12 17:05:57,1,51,19.3,32,24.3,1001.9,4,16,21,0.0,0,94.9,0
2025-04-12 17:06:58,1,51,19.2,33,24.2,1001.7,7,12,26,0.0,0,92.8,0
2025-04-12 17:07:59,1,51,19.3,32,24.1,1001.8,8,12,35,0.0,0,90.3,0
2025-04-12 17:09:00,1,51,19.3,33,24.0,1001.7,4,20,46,0.0,0,88.7,0
2025-04-12 17:10:01,1,51,19.3,33,24.0,1001.7,7,14,84,0.0,0,87.2,0
2025-04-12 17:11:02,1,51,19.3,33,23.9,1001.9,1,12,80,0.0,0,85.3,0
2025-04-12 17:12:03,1,51,19.3,33,23.9,1001.9,3,7,1,0.0,0,83.6,0
2025-04-12 17:13:04,1,51,19.3,33,24.0,1001.8,6,12,47,0.0,0,81.7,0
2025-04-12 17:14:05,1,51,19.2,33,24.0,1001.8,0,12,103,0.0,0,79.8,0
2025-04-12 17:15:06,1,51,19.3,33,23.9,1001.7,1,5,323,0.0,0,78.7,0
2025-04-12 17:16:07,1,51,19.3,33,23.9,1001.7,2,7,27,0.0,0,77.3,0
2025-04-12 17:17:08,1,51,19.3,34,23.9,1002.0,3,7,39,0.0,0,75.2,0
2025-04-12 17:18:09,1,51,19.3,34,23.9,1001.6,4,7,84,0.0,0,73.2,0
2025-04-12 17:19:10,1,51,19.3,33,23.9,1001.7,2,7,54,0.0,0,71.4,0
2025-04-12 17:20:11,1,51,19.3,34,23.9,1001.9,0,7,55,0.0,0,70.2,0
2025-04-12 17:21:12,1,51,19.2,34,23.8,1001.6,0,3,44,0.0,0,68.4,0
2025-04-12 17:22:13,1,51,19.2,34,23.8,1001.7,0,5,38,0.0,0,66.3,0
2025-04-12 17:23:14,1,51,19.2,34,23.9,1001.6,2,5,26,0.0,0,64.4,0
2025-04-12 17:24:15,1,51,19.2,34,23.9,1001.6,2,11,49,0.0,0,62.4,0
2025-04-12 17:25:16,1,51,19.2,34,23.8,1001.5,5,11,90,0.0,0,60.2,0
2025-04-12 17:26:17,1,51,19.2,34,23.8,1001.6,0,9,143,0.0,0,58.7,0
2025-04-12 17:27:18,1,51,19.2,34,23.7,1001.7,0,3,145,0.0,0,56.2,0
2025-04-12 17:28:19,1,51,19.2,33,23.7,1001.6,6,11,61,0.0,0,54.0,0
2025-04-12 17:29:20,1,51,19.2,33,23.7,1001.6,5,11,44,0.0,0,52.0,0
2025-04-12 17:30:21,1,51,19.2,33,23.7,1001.5,4,12,106,0.0,0,50.2,0
2025-04-12 17:31:22,1,51,19.2,34,23.6,1001.5,1,12,101,0.0,0,48.9,0
2025-04-12 17:32:23,1,51,19.2,34,23.5,1001.5,0,3,112,0.0,0,47.5,0
2025-04-12 17:33:24,1,51,19.2,34,23.5,1001.5,4,9,84,0.0,0,46.2,0
2025-04-12 17:34:25,1,51,19.2,33,23.5,1001.5,2,11,87,0.0,0,45.1,0
2025-04-12 17:35:26,1,51,19.2,34,23.5,1001.5,0,5,59,0.0,0,44.0,0
2025-04-12 17:36:27,1,51,19.2,34,23.4,1001.4,1,11,27,0.0,0,43.1,0
2025-04-12 17:37:28,1,51,19.2,34,23.4,1001.6,2,11,32,0.0,0,42.1,0
2025-04-12 17:38:29,1,51,19.2,34,23.4,1001.5,0,12,52,0.0,0,41.1,0
2025-04-12 17:39:30,1,51,19.2,34,23.4,1001.5,2,5,49,0.0,0,40.3,0
2025-04-12 17:40:31,1,51,19.2,34,23.4,1001.5,5,9,27,0.0,0,39.4,0
2025-04-12 17:41:32,1,51,19.2,34,23.4,1001.5,3,9,91,0.0,0,38.5,0
2025-04-12 17:42:33,1,51,19.2,35,23.3,1001.4,0,7,86,0.0,0,37.8,0
2025-04-12 17:43:34,1,51,19.2,35,23.3,1001.6,1,3,297,0.0,0,36.6,0
2025-04-12 17:44:35,1,51,19.2,34,23.3,1001.5,1,7,0,0.0,0,35.5,0
2025-04-12 17:45:36,1,51,19.2,35,23.2,1001.4,1,7,18,0.0,0,34.9,0
2025-04-12 17:46:37,1,51,19.2,35,23.2,1001.4,0,3,59,0.0,0,34.1,0
2025-04-12 17:47:38,1,51,19.2,35,23.2,1001.4,1,3,59,0.0,0,33.5,0
2025-04-12 17:48:39,1,51,19.2,35,23.2,1001.4,0,3,0,0.0,0,32.5,0
2025-04-12 17:49:40,1,51,19.2,35,23.2,1001.3,1,3,13,0.0,0,31.8,0
2025-04-12 17:50:41,1,51,19.2,34,23.2,1001.4,6,7,139,0.0,0,30.6,0
2025-04-12 17:51:42,1,51,19.2,35,23.2,1001.2,1,7,55,0.0,0,29.3,0
2025-04-12 17:52:43,1,51,19.2,35,23.2,1001.3,0,7,70,0.0,0,28.4,0
2025-04-12 17:53:44,1,51,19.2,35,23.1,1001.2,0,7,71,0.0,0,27.4,0
2025-04-12 17:54:45,1,51,19.2,35,23.0,1001.2,0,1,70,0.0,0,26.7,0
2025-04-12 17:55:46,1,51,19.2,35,23.0,1001.5,1,3,12,0.0,0,26.1,0
2025-04-12 17:56:47,1,51,19.2,35,23.0,1001.3,2,3,34,0.0,0,25.3,0
2025-04-12 17:57:48,1,51,19.3,35,23.0,1001.4,0,3,47,0.0,0,24.3,0
2025-04-12 17:58:49,1,51,19.2,35,22.9,1001.3,0,3,46,0.0,0,23.6,0
2025-04-12 17:59:50,1,51,19.2,35,22.9,1001.5,1,1,30,0.0,0,22.5,0
2025-04-12 18:00:51,1,51,19.2,35,22.9,1001.4,3,7,75,0.0,0,21.2,0
2025-04-12 18:01:52,1,51,19.2,35,22.8,1001.4,1,7,34,0.0,0,19.9,0
2025-04-12 18:02:53,1,51,19.3,35,22.8,1001.2,1,7,100,0.0,0,18.7,0
2025-04-12 18:03:54,1,51,19.3,35,22.7,1001.2,0,7,73,0.0,0,17.9,0
2025-04-12 18:04:55,1,51,19.2,35,22.6,1001.3,1,3,72,0.0,0,16.8,0
2025-04-12 18:05:56,1,51,19.2,35,22.6,1001.3,1,3,53,0.0,0,15.9,0
2025-04-12 18:06:57,1,51,19.2,36,22.5,1001.4,0,3,69,0.0,0,15.0,0
2025-04-12 18:07:58,1,51,19.2,36,22.4,1001.3,2,3,19,0.0,0,14.2,0
2025-04-12 18:08:59,1,51,19.2,36,22.4,1001.3,0,3,19,0.0,0,13.7,0
2025-04-12 18:10:00,1,51,19.2,36,22.3,1001.2,1,3,19,0.0,0,13.1,0
2025-04-12 18:11:01,1,51,19.2,36,22.3,1001.3,1,1,19,0.0,0,12.4,0
2025-04-12 18:12:02,1,51,19.2,36,22.2,1001.4,4,7,33,0.0,0,11.9,0
2025-04-12 18:13:03,1,51,19.2,36,22.1,1001.3,0,7,81,0.0,0,11.3,0
2025-04-12 18:14:04,1,51,19.2,36,22.1,1001.3,1,3,80,0.0,0,10.8,0
2025-04-12 18:15:05,1,51,19.2,37,22.0,1001.1,1,1,57,0.0,0,10.4,0
2025-04-12 18:16:06,1,51,19.2,36,22.0,1001.2,1,3,38,0.0,0,9.9,0
2025-04-12 18:17:07,1,51,19.2,36,22.0,1001.2,1,3,38,0.0,0,9.4,0
2025-04-12 18:18:08,1,51,19.2,36,21.9,1001.1,4,7,90,0.0,0,8.9,0
2025-04-12 18:19:09,1,51,19.2,37,21.9,1001.2,1,7,45,0.0,0,8.4,0
2025-04-12 18:20:10,1,51,19.2,37,21.9,1001.3,1,5,71,0.0,0,8.1,0
2025-04-12 18:21:11,1,51,19.2,37,21.8,1001.3,0,5,22,0.0,0,7.6,0
2025-04-12 18:22:12,1,51,19.2,37,21.8,1001.1,0,5,48,0.0,0,7.2,0
2025-04-12 18:23:13,1,51,19.2,37,21.7,1001.2,0,5,16,0.0,0,6.7,0
2025-04-12 18:24:14,1,51,19.2,37,21.7,1001.1,0,5,94,0.0,0,6.2,0
2025-04-12 18:25:15,1,51,19.2,37,21.7,1001.2,0,3,94,0.0,0,5.9,0
2025-04-12 18:26:16,1,51,19.2,37,21.6,1001.3,2,11,86,0.0,0,5.4,0
