2023-02-04 00:03:00,5,69,18.3,96,7.5,1040.2,0.0,0.0,4,3260.4,0
2023-02-04 00:08:00,5,69,18.3,96,7.4,1040.3,0.0,0.0,4,3260.4,0
2023-02-04 00:13:00,5,69,18.3,96,7.4,1040.3,0.0,0.0,4,3260.4,0
2023-02-04 00:18:00,5,69,18.1,96,7.4,1040.4,0.0,0.0,4,3260.4,0
2023-02-04 00:23:00,5,69,18.1,96,7.5,1040.3,0.0,0.0,4,3260.4,0
2023-02-04 00:28:00,5,70,18.1,96,7.4,1040.4,0.0,0.0,4,3260.4,0
2023-02-04 00:33:00,5,70,18.0,96,7.4,1040.5,0.0,0.0,4,3260.4,0
2023-02-04 00:38:00,5,70,18.0,96,7.4,1040.5,0.0,0.0,4,3260.4,0
2023-02-04 00:43:00,5,69,17.9,96,7.4,1040.5,0.0,0.0,4,3260.4,0
2023-02-04 00:48:00,5,69,17.9,96,7.4,1040.6,0.0,0.0,4,3260.4,0
2023-02-04 00:53:00,5,69,17.9,96,7.4,1040.6,0.0,0.0,4,3260.4,0
2023-02-04 00:58:00,5,69,17.9,97,7.4,1040.7,0.0,0.0,4,3260.4,0
2023-02-04 01:03:00,5,69,17.8,97,7.4,1040.7,0.0,0.0,4,3260.4,0
2023-02-04 01:08:00,5,69,17.8,97,7.4,1040.8,0.0,0.0,4,3260.4,0
2023-02-04 01:13:00,5,69,17.8,97,7.4,1040.8,0.0,0.0,4,3260.4,0
2023-02-04 01:18:00,5,69,17.8,97,7.4,1040.8,0.0,0.0,4,3260.4,0
2023-02-04 01:23:00,5,70,17.8,97,7.3,1041.0,0.0,0.0,4,3260.4,0
2023-02-04 01:28:00,5,70,17.7,97,7.3,1041.1,0.0,0.0,4,3260.4,0
2023-02-04 01:33:00,5,70,17.7,97,7.3,1041.0,0.0,0.7,4,3260.4,0
2023-02-04 01:38:00,5,70,17.7,97,7.3,1041.1,0.0,0.0,4,3260.4,0
2023-02-04 01:43:00,5,70,17.7,97,7.3,1041.2,0.0,0.0,4,3260.4,0
2023-02-04 01:48:00,5,70,17.7,97,7.3,1041.4,0.0,0.0,4,3260.4,0
2023-02-04 01:53:00,5,70,17.6,97,7.2,1041.3,0.0,0.0,4,3260.4,0
2023-02-04 01:58:00,5,70,17.6,97,7.2,1041.3,0.0,0.0,4,3260.4,0
2023-02-04 02:03:00,5,70,17.6,97,7.2,1041.3,0.0,0.0,4,3260.4,0
2023-02-04 02:08:00,5,70,17.5,97,7.2,1041.6,0.0,0.0,4,3260.4,0
2023-02-04 02:13:00,5,70,17.5,97,7.2,1041.5,0.0,0.0,4,3260.4,0
2023-02-04 02:18:00,5,70,17.5,97,7.2,1041.6,0.0,0.0,4,3260.4,0
2023-02-04 02:23:00,5,70,17.5,97,7.2,1041.7,0.0,0.0,4,3260.4,0
2023-02-04 02:28:00,5,70,17.5,97,7.2,1041.7,0.0,0.0,4,3260.4,0
2023-02-04 02:33:00,5,70,17.4,97,7.2,1041.7,0.0,0.0,4,3260.4,0
2023-02-04 02:38:00,5,70,17.4,97,7.1,1041.7,0.0,0.0,4,3260.4,0
2023-02-04 02:43:00,5,70,17.4,97,7.0,1041.9,0.0,0.0,4,3260.4,0
2023-02-04 02:48:00,5,70,17.4,97,6.9,1041.8,0.0,0.0,4,3260.4,0
2023-02-04 02:53:00,5,70,17.4,97,6.9,1041.9,0.0,0.0,4,3260.4,0
2023-02-04 02:58:00,5,70,17.4,97,6.9,1041.9,0.0,0.0,4,3260.4,0
2023-02-04 03:03:00,5,70,17.3,97,6.9,1042.0,0.0,0.0,4,3260.4,0
2023-02-04 03:08:00,5,70,17.3,97,6.9,1041.9,0.0,0.0,4,3260.4,0
2023-02-04 03:13:00,5,70,17.3,97,6.9,1041.9,0.0,0.0,4,3260.7,0
2023-02-04 03:18:00,5,70,17.3,97,6.8,1041.9,0.0,0.0,4,3260.7,0
2023-02-04 03:23:00,5,70,17.3,97,6.8,1041.9,0.0,0.0,4,3260.7,0
2023-02-04 03:28:00,5,70,17.3,97,6.8,1041.9,0.0,0.0,4,3260.7,0
2023-02-04 03:33:00,5,70,17.3,97,6.8,1042.0,0.0,0.0,4,3260.7,0
2023-02-04 03:38:00,5,70,17.3,97,6.6,1042.2,0.0,0.0,4,3260.7,0
2023-02-04 03:43:00,5,70,17.2,97,6.4,1042.1,0.0,0.0,4,3260.7,0
2023-02-04 03:48:00,5,70,17.1,97,6.4,1042.2,0.0,0.0,4,3260.7,0
2023-02-04 03:53:00,5,70,17.1,97,6.2,1042.2,0.0,0.0,4,3260.7,0
2023-02-04 03:58:00,5,70,17.1,97,6.2,1042.2,0.0,0.0,4,3260.7,0
2023-02-04 04:03:00,5,70,17.1,98,6.3,1042.4,0.0,0.0,4,3260.7,0
2023-02-04 04:08:00,5,70,17.1,98,6.5,1042.4,0.0,0.0,4,3260.7,0
2023-02-04 04:13:00,5,70,17.0,98,6.6,1042.4,0.0,0.0,4,3260.7,0
2023-02-04 04:18:00,5,70,17.0,98,6.7,1042.7,0.0,0.0,4,3260.7,0
2023-02-04 04:23:00,5,70,17.0,98,6.8,1042.7,0.0,0.0,4,3260.7,0
2023-02-04 04:28:00,5,70,17.0,98,6.8,1042.7,0.0,0.0,4,3260.7,0
2023-02-04 04:33:00,5,70,17.0,98,6.8,1042.8,0.0,0.0,4,3260.7,0
2023-02-04 04:38:00,5,70,17.0,98,6.8,1042.7,0.0,0.0,4,3260.7,0
2023-02-04 04:43:00,5,70,17.0,98,6.8,1042.8,0.0,0.0,4,3260.7,0
2023-02-04 04:48:00,5,70,17.0,98,6.9,1042.7,0.0,0.0,4,3260.7,0
2023-02-04 04:53:00,5,71,16.9,98,7.0,1042.8,0.0,0.0,4,3260.7,0
2023-02-04 04:58:00,5,71,16.9,98,7.0,1042.9,0.0,0.0,4,3260.7,0
2023-02-04 05:03:00,5,71,16.9,98,7.0,1042.9,0.0,0.0,4,3260.7,0
2023-02-04 05:08:00,5,71,16.9,98,7.1,1042.9,0.0,0.0,4,3260.7,0
2023-02-04 05:13:00,5,71,16.9,98,7.1,1043.1,0.0,0.0,4,3260.7,0
2023-02-04 05:18:00,5,71,16.9,98,7.1,1043.2,0.0,0.0,4,3260.7,0
2023-02-04 05:23:00,5,71,16.9,98,7.1,1043.2,0.0,0.0,4,3260.7,0
2023-02-04 05:28:00,5,71,16.9,98,7.2,1043.2,0.0,0.0,4,3260.7,0
2023-02-04 05:33:00,5,71,16.9,98,7.2,1043.3,0.0,0.0,4,3260.7,0
2023-02-04 05:38:00,5,71,16.9,98,7.2,1043.3,0.0,0.0,4,3260.7,0
2023-02-04 05:43:00,5,71,16.8,98,7.2,1043.3,0.0,0.0,5,3260.7,0
2023-02-04 05:48:00,5,71,16.8,98,7.2,1043.2,0.0,0.0,5,3260.7,0
2023-02-04 05:53:00,5,71,16.8,98,7.2,1043.2,0.0,0.0,5,3260.7,0
2023-02-04 05:58:00,5,71,16.8,98,7.2,1043.4,0.0,0.0,5,3260.7,0
2023-02-04 06:03:00,5,71,16.8,98,7.2,1043.3,0.0,0.0,5,3260.7,0
2023-02-04 06:08:00,5,71,16.8,98,7.2,1043.3,0.0,0.0,5,3260.7,0
2023-02-04 06:13:00,5,71,16.8,98,7.3,1043.4,0.0,0.0,5,3260.7,0
2023-02-04 06:18:00,5,71,16.8,98,7.2,1043.5,0.0,0.0,5,3260.7,0
2023-02-04 06:23:00,5,71,16.8,98,7.2,1043.5,0.0,0.0,5,3260.7,0
2023-02-04 06:28:00,5,71,16.8,98,7.2,1043.6,0.0,0.0,5,3260.7,0
2023-02-04 06:33:00,5,71,16.8,98,7.2,1043.7,0.0,0.0,5,3260.7,0
2023-02-04 06:38:00,5,71,16.8,98,7.2,1043.8,0.0,0.0,5,3260.7,0
2023-02-04 06:43:00,5,71,16.8,98,7.2,1043.9,0.0,0.0,5,3260.7,0
2023-02-04 06:48:00,5,71,16.8,98,7.2,1043.9,0.0,0.0,5,3260.7,0
2023-02-04 06:53:00,5,71,16.8,98,7.3,1043.9,0.0,0.0,5,3260.7,0
2023-02-04 06:58:00,5,71,16.8,98,7.3,1043.8,0.0,0.0,5,3260.7,0
2023-02-04 07:03:00,5,71,16.8,98,7.3,1043.9,0.0,0.0,5,3260.7,0
2023-02-04 07:08:00,5,71,16.8,98,7.3,1044.0,0.0,0.7,5,3260.7,0
2023-02-04 07:13:00,5,71,16.8,98,7.4,1044.1,0.0,0.0,5,3260.7,0
2023-02-04 07:18:00,5,71,16.8,98,7.3,1044.1,0.0,0.0,5,3260.7,0
2023-02-04 07:23:00,5,71,16.8,98,7.3,1044.2,0.0,0.0,5,3260.7,0
2023-02-04 07:28:00,5,71,16.8,98,7.3,1044.1,0.0,0.0,5,3260.7,0
2023-02-04 07:33:00,5,71,16.7,98,7.3,1044.1,0.0,0.0,5,3260.7,0
2023-02-04 07:38:00,5,71,16.7,98,7.3,1044.1,0.0,0.0,5,3260.7,0
2023-02-04 07:43:00,5,71,16.7,98,7.4,1044.2,0.0,0.0,5,3260.7,0
2023-02-04 07:48:00,5,71,16.7,98,7.4,1044.2,0.0,0.0,5,3260.7,0
2023-02-04 07:53:00,5,71,16.7,98,7.4,1044.3,0.0,0.0,5,3260.7,0
2023-02-04 07:58:00,5,71,16.7,98,7.5,1044.4,0.0,0.7,5,3260.7,0
2023-02-04 08:03:00,5,71,16.7,98,7.5,1044.3,0.0,0.0,5,3260.7,0
2023-02-04 08:08:00,5,71,16.7,98,7.5,1044.5,0.0,0.0,5,3260.7,0
2023-02-04 08:13:00,5,71,16.7,98,7.6,1044.6,0.0,0.0,5,3260.7,0
2023-02-04 08:18:00,5,71,16.7,98,7.6,1044.5,0.0,0.0,5,3260.7,0
2023-02-04 08:23:00,5,71,16.7,98,7.6,1044.5,0.0,0.0,5,3260.7,0
2023-02-04 08:28:00,5,71,16.7,98,7.6,1044.6,0.0,0.0,5,3260.7,0
2023-02-04 08:33:00,5,72,16.8,98,7.7,1044.4,0.0,0.0,5,3260.7,0
2023-02-04 08:38:00,5,71,16.8,98,7.7,1044.6,0.0,0.0,5,3260.7,0
2023-02-04 08:43:00,5,72,16.8,98,7.7,1044.7,0.0,0.0,5,3260.7,0
2023-02-04 08:48:00,5,72,16.8,98,7.7,1044.7,0.0,0.0,5,3260.7,0
2023-02-04 08:53:00,5,72,16.8,98,7.8,1044.7,0.0,0.0,5,3260.7,0
2023-02-04 08:58:00,5,73,16.9,98,7.8,1044.8,0.0,0.0,5,3260.7,0
2023-02-04 09:03:00,5,72,17.0,98,7.9,1044.8,0.0,0.0,5,3260.7,0
2023-02-04 09:08:00,5,72,17.2,98,8.0,1044.7,0.0,0.0,5,3260.7,0
2023-02-04 09:13:00,5,72,17.4,98,8.0,1044.6,0.0,0.0,5,3260.7,0
2023-02-04 09:18:00,5,71,17.6,98,8.2,1044.4,0.0,0.0,5,3260.7,0
2023-02-04 09:23:00,5,71,17.7,98,8.2,1044.3,0.0,0.0,5,3260.7,0
2023-02-04 09:28:00,5,71,17.8,98,8.2,1044.2,0.0,0.0,5,3260.7,0
2023-02-04 09:33:00,5,70,17.9,98,8.3,1044.1,0.0,0.0,5,3260.7,0
2023-02-04 09:38:00,5,72,18.0,98,8.3,1044.0,0.0,0.0,5,3260.7,0
2023-02-04 09:43:00,5,72,18.1,98,8.4,1043.9,0.0,0.0,5,3260.7,0
2023-02-04 09:48:00,5,72,18.2,98,8.2,1043.9,0.0,0.0,5,3260.7,0
2023-02-04 09:53:00,5,70,18.2,98,8.3,1043.8,0.0,0.0,5,3260.7,0
2023-02-04 09:58:00,5,69,18.3,98,8.0,1043.8,0.0,0.0,5,3260.7,0
2023-02-04 10:03:00,5,69,18.3,98,8.0,1043.8,0.0,0.0,5,3260.7,0
2023-02-04 10:08:00,5,68,18.4,97,8.3,1043.8,0.0,0.0,5,3260.7,0
2023-02-04 10:13:00,5,67,18.4,97,8.4,1043.9,0.0,0.0,5,3260.7,0
2023-02-04 10:18:00,5,67,18.4,97,8.4,1043.9,0.0,0.0,5,3260.7,0
2023-02-04 10:23:00,5,67,18.4,97,8.5,1044.0,0.0,0.0,5,3260.7,0
2023-02-04 10:28:00,5,67,18.4,97,8.4,1044.0,0.0,0.0,5,3260.7,0
2023-02-04 10:33:00,5,68,18.4,97,8.6,1044.0,0.0,0.0,5,3260.7,0
2023-02-04 10:38:00,5,68,18.4,97,8.8,1044.1,0.0,0.0,5,3260.7,0
2023-02-04 10:43:00,5,68,18.4,96,8.7,1044.0,0.0,0.0,5,3260.7,0
2023-02-04 10:48:00,5,68,18.4,96,8.8,1044.0,0.0,0.0,5,3260.7,0
2023-02-04 10:53:00,5,68,18.5,95,8.9,1044.0,0.0,0.0,5,3260.7,0
2023-02-04 10:58:00,5,68,18.5,95,9.1,1043.9,0.0,0.0,5,3260.7,0
2023-02-04 11:03:00,5,68,18.5,94,9.2,1044.0,0.0,0.0,5,3260.7,0
2023-02-04 11:08:00,5,68,18.5,93,9.0,1043.9,0.0,0.0,5,3260.7,0
2023-02-04 11:13:00,5,68,18.5,92,9.0,1043.9,0.0,0.7,5,3260.7,0
2023-02-04 11:18:00,5,68,18.5,91,9.3,1043.9,0.0,0.0,5,3260.7,0
2023-02-04 11:23:00,5,68,18.5,90,9.2,1043.8,0.0,0.0,5,3260.7,0
2023-02-04 11:28:00,5,68,18.4,89,9.2,1043.9,0.0,0.0,5,3260.7,0
2023-02-04 11:33:00,5,68,18.4,89,9.3,1043.9,0.0,0.0,6,3260.7,0
2023-02-04 11:38:00,5,68,18.4,89,9.4,1044.0,0.0,0.0,6,3260.7,0
2023-02-04 11:43:00,5,68,18.4,89,9.3,1044.0,0.0,0.0,6,3260.7,0
2023-02-04 11:48:00,5,68,18.3,89,9.3,1044.1,0.0,0.0,6,3260.7,0
2023-02-04 11:53:00,5,68,18.3,89,9.1,1044.0,0.0,0.0,6,3260.7,0
2023-02-04 11:58:00,5,68,18.3,89,9.2,1044.1,0.0,0.0,6,3260.7,0
2023-02-04 12:03:00,5,68,18.3,89,9.1,1044.1,0.0,0.0,4,3260.7,0
2023-02-04 12:08:00,5,68,18.3,89,9.1,1044.2,0.0,0.0,5,3260.7,0
2023-02-04 12:13:00,5,68,18.1,89,9.0,1044.2,0.0,0.0,3,3260.7,0
2023-02-04 12:19:00,6,68,18.1,89,9.0,1044.1,0.0,0.0,5,3260.7,0
2023-02-04 12:24:00,5,65,18.1,90,9.1,1044.1,0.0,0.0,4,3260.7,0
2023-02-04 12:29:00,5,64,18.0,90,8.9,1044.4,0.0,0.0,6,3260.7,0
2023-02-04 12:34:00,5,67,18.0,91,8.8,1044.4,0.0,0.0,6,3260.7,0
2023-02-04 12:39:00,5,69,18.0,91,8.8,1044.5,0.0,0.0,7,3260.7,0
2023-02-04 12:44:00,5,69,17.9,91,8.7,1044.6,0.0,0.0,7,3260.7,0
2023-02-04 12:49:00,5,70,17.9,92,8.7,1044.5,0.0,0.0,6,3260.7,0
2023-02-04 12:55:00,6,71,18.0,92,8.6,1044.6,0.0,0.0,3,3260.7,0
2023-02-04 13:00:00,5,70,17.9,92,8.5,1044.5,0.0,0.0,0,3260.7,0
2023-02-04 13:05:00,5,70,17.9,92,8.6,1044.5,0.0,0.0,2,3260.7,0
2023-02-04 13:11:00,6,70,17.9,92,8.6,1044.5,0.0,0.0,4,3260.7,0
2023-02-04 13:16:00,5,70,17.9,92,8.7,1044.5,0.0,0.0,4,3260.7,0
2023-02-04 13:21:00,5,70,17.9,92,8.5,1044.3,0.0,0.7,4,3260.7,0
2023-02-04 13:27:00,6,70,17.9,92,8.6,1044.4,0.0,0.0,4,3260.7,0
2023-02-04 13:32:00,5,69,17.9,92,8.6,1044.4,0.0,0.0,4,3260.7,0
2023-02-04 13:37:00,5,69,17.8,92,8.6,1044.2,0.0,0.0,5,3260.7,0
2023-02-04 13:43:00,6,69,17.8,92,8.7,1044.2,0.0,0.0,3,3260.7,0
2023-02-04 13:48:00,5,69,17.8,91,8.5,1044.3,0.0,0.0,3,3260.7,0
2023-02-04 13:53:00,5,69,17.8,91,8.7,1044.3,0.0,0.0,5,3260.7,0
2023-02-04 13:59:00,6,69,17.8,91,8.9,1044.4,0.0,0.0,5,3260.7,0
2023-02-04 14:04:00,5,69,17.8,90,8.8,1044.3,0.0,0.0,5,3260.7,0
2023-02-04 14:09:00,5,69,17.8,90,8.8,1044.4,0.0,0.0,5,3260.7,0
2023-02-04 14:15:00,6,69,17.8,89,8.9,1044.4,0.0,0.0,5,3260.7,0
2023-02-04 14:20:00,5,69,17.8,89,8.9,1044.4,0.0,0.0,5,3260.7,0
2023-02-04 14:25:00,5,70,17.8,89,8.8,1044.4,0.0,0.0,5,3260.7,0
2023-02-04 14:31:00,6,70,17.8,89,9.0,1044.3,0.0,0.0,5,3260.7,0
2023-02-04 14:36:00,5,70,17.8,88,8.9,1044.3,0.0,0.0,5,3260.7,0
2023-02-04 14:41:00,5,70,17.8,89,9.1,1044.4,0.0,0.0,5,3260.7,0
2023-02-04 14:47:00,6,70,17.8,89,8.9,1044.3,0.0,0.0,6,3260.7,0
2023-02-04 14:52:00,5,71,17.8,89,8.9,1044.4,0.0,0.0,6,3260.7,0
2023-02-04 14:57:00,5,70,17.8,89,9.0,1044.3,0.0,0.0,6,3260.7,0
2023-02-04 15:03:00,6,70,17.8,89,9.0,1044.4,0.0,0.0,5,3260.7,0
2023-02-04 15:08:00,5,70,17.8,90,8.9,1044.3,0.0,0.0,5,3260.7,0
2023-02-04 15:13:00,5,70,17.8,90,8.9,1044.3,0.0,0.0,9,3260.7,0
2023-02-04 15:19:00,6,70,17.8,90,8.8,1044.3,0.0,0.0,5,3260.7,0
2023-02-04 15:24:00,5,70,17.8,91,8.7,1044.4,0.0,0.0,12,3260.7,0
2023-02-04 15:29:00,5,70,17.8,91,8.8,1044.5,0.0,0.7,11,3260.7,0
2023-02-04 15:35:00,6,70,17.7,91,8.7,1044.5,0.0,0.0,12,3260.7,0
2023-02-04 15:40:00,5,70,17.7,91,8.6,1044.6,0.0,0.0,12,3260.7,0
2023-02-04 15:45:00,5,70,17.7,91,8.6,1044.7,0.0,0.0,13,3260.7,0
2023-02-04 15:51:00,6,70,17.7,91,8.6,1044.8,0.0,0.0,12,3260.7,0
2023-02-04 15:56:00,5,70,17.7,91,8.6,1044.9,0.0,0.0,13,3260.7,0
2023-02-04 16:01:00,5,70,17.7,91,8.6,1044.9,0.0,0.0,13,3260.7,0
2023-02-04 16:07:00,6,70,17.7,91,8.5,1044.9,0.0,0.0,12,3260.7,0
2023-02-04 16:12:00,5,70,17.7,91,8.5,1045.0,0.0,0.0,12,3260.7,0
2023-02-04 16:17:00,5,70,17.7,91,8.5,1045.0,0.0,0.0,12,3260.7,0
2023-02-04 16:23:00,6,68,17.6,91,8.5,1045.0,0.0,0.0,8,3260.7,0
2023-02-04 16:28:00,5,65,17.5,92,8.7,1045.0,0.0,0.0,6,3260.7,0
2023-02-04 16:33:00,5,63,17.4,92,8.8,1045.1,0.0,0.0,6,3260.7,0
2023-02-04 16:39:00,6,62,17.3,91,8.6,1045.2,0.0,0.0,6,3260.7,0
2023-02-04 16:44:00,5,63,17.1,92,8.9,1045.5,0.0,0.0,6,3260.7,0
2023-02-04 16:49:00,5,63,17.0,92,8.6,1045.6,0.0,0.0,6,3260.7,0
2023-02-04 16:55:00,6,67,17.0,92,8.6,1045.6,0.0,0.0,6,3260.7,0
2023-02-04 17:00:00,5,68,17.1,92,8.5,1045.6,0.0,0.0,6,3260.7,0
2023-02-04 17:05:00,5,70,17.4,92,8.5,1045.5,0.0,0.0,6,3260.7,0
2023-02-04 17:11:00,6,71,17.9,92,8.5,1045.1,0.0,0.0,6,3260.7,0
2023-02-04 17:16:00,5,72,18.1,93,8.5,1044.7,0.0,0.0,6,3260.7,0
2023-02-04 17:21:00,5,71,18.5,93,8.5,1044.4,0.0,0.0,6,3260.7,0
2023-02-04 17:27:00,6,70,18.7,93,8.5,1044.1,0.0,0.0,6,3260.7,0
2023-02-04 17:32:00,5,68,19.0,93,8.4,1044.0,0.0,0.0,6,3260.7,0
2023-02-04 17:37:00,5,67,19.1,93,8.4,1043.8,0.0,0.0,6,3260.7,0
2023-02-04 17:43:00,6,67,19.2,93,8.4,1043.7,0.0,0.7,6,3260.7,0
2023-02-04 17:48:00,5,67,19.3,93,8.4,1043.7,0.0,0.0,6,3260.7,0
2023-02-04 17:53:00,5,66,19.3,93,8.4,1043.7,0.0,0.0,6,3260.7,0
2023-02-04 17:59:00,6,67,19.4,93,8.4,1043.7,0.0,0.0,6,3260.7,0
2023-02-04 18:04:00,5,67,19.5,93,8.4,1043.6,0.0,0.0,6,3260.7,0
2023-02-04 18:09:00,5,67,19.5,93,8.4,1043.6,0.0,0.0,6,3260.7,0
2023-02-04 18:15:00,6,67,19.5,93,8.4,1043.4,0.0,0.0,6,3260.7,0
2023-02-04 18:20:00,5,66,19.5,93,8.4,1043.4,0.0,0.0,5,3260.7,0
2023-02-04 18:25:00,5,67,19.5,93,8.4,1043.5,0.0,0.0,5,3260.7,0
2023-02-04 18:31:00,6,67,19.5,94,8.4,1043.6,0.0,0.0,5,3260.7,0
2023-02-04 18:36:00,5,67,19.5,94,8.4,1043.4,0.0,0.0,6,3260.7,0
2023-02-04 18:41:00,5,67,19.5,94,8.4,1043.6,0.0,0.0,6,3260.7,0
2023-02-04 18:47:00,6,67,19.5,94,8.3,1043.8,0.0,0.0,6,3260.7,0
2023-02-04 18:52:00,5,67,19.5,94,8.4,1043.8,0.0,0.0,6,3260.7,0
2023-02-04 18:57:00,5,67,19.5,94,8.4,1043.7,0.0,0.0,6,3260.7,0
2023-02-04 19:03:00,6,68,19.5,94,8.4,1043.8,0.0,0.0,6,3260.7,0
2023-02-04 19:08:00,5,67,19.4,94,8.3,1043.8,0.0,0.0,5,3260.7,0
2023-02-04 19:13:00,5,68,19.3,94,8.3,1043.8,0.0,0.0,5,3260.7,0
2023-02-04 19:18:00,5,68,19.3,94,8.3,1043.8,0.0,0.0,5,3260.7,0
2023-02-04 19:23:00,5,68,19.2,94,8.3,1043.9,0.0,0.0,5,3260.7,0
2023-02-04 19:28:00,5,68,19.2,94,8.2,1043.8,0.0,0.0,5,3260.7,0
2023-02-04 19:33:00,5,68,19.2,94,8.3,1044.0,0.0,0.0,6,3260.7,0
2023-02-04 19:38:00,5,68,19.2,94,8.2,1044.0,0.0,0.0,5,3260.7,0
2023-02-04 19:43:00,5,68,19.1,94,8.2,1044.0,0.0,0.0,6,3260.7,0
2023-02-04 19:48:00,5,68,19.1,94,8.2,1044.1,0.0,0.0,5,3260.7,0
2023-02-04 19:53:00,5,68,19.1,95,8.2,1044.2,0.0,0.0,5,3260.7,0
2023-02-04 19:58:00,5,69,19.1,95,8.2,1044.1,0.0,0.0,5,3260.7,0
2023-02-04 20:03:00,5,69,19.1,95,8.2,1044.1,0.0,0.0,6,3260.7,0
2023-02-04 20:08:00,5,69,19.0,95,8.2,1044.1,0.0,0.0,6,3260.7,0
2023-02-04 20:13:00,5,69,19.0,95,8.2,1044.1,0.0,0.0,6,3260.7,0
2023-02-04 20:18:00,5,69,19.0,95,8.2,1044.1,0.0,0.0,6,3260.7,0
2023-02-04 20:23:00,5,70,18.9,95,8.2,1044.0,0.0,0.0,5,3260.7,0
2023-02-04 20:28:00,5,70,18.8,95,8.2,1044.0,0.3,1.0,6,3260.7,0
2023-02-04 20:33:00,5,70,18.8,95,8.2,1044.3,0.0,0.7,6,3260.7,0
2023-02-04 20:38:00,5,71,18.8,95,8.2,1044.3,0.0,1.0,6,3260.7,0
2023-02-04 20:43:00,5,71,18.8,95,8.2,1044.5,0.0,0.7,4,3260.7,0
2023-02-04 20:48:00,5,72,18.8,95,8.2,1044.6,0.0,0.0,5,3260.7,0
2023-02-04 20:53:00,5,72,18.8,96,8.2,1044.4,0.0,0.7,6,3260.7,0
2023-02-04 20:58:00,5,72,18.8,96,8.1,1044.2,0.0,0.0,6,3260.7,0
2023-02-04 21:03:00,5,72,18.8,96,8.1,1044.3,0.3,0.7,6,3260.7,0
2023-02-04 21:08:00,5,72,18.7,96,8.1,1044.2,0.3,0.7,6,3260.7,0
2023-02-04 21:13:00,5,72,18.7,96,8.1,1044.2,0.3,0.7,6,3260.7,0
2023-02-04 21:18:00,5,72,18.7,96,8.0,1044.3,0.3,1.0,6,3260.7,0
2023-02-04 21:23:00,5,72,18.7,96,8.0,1044.3,0.0,0.7,6,3260.7,0
2023-02-04 21:28:00,5,72,18.7,96,8.0,1044.3,1.0,1.7,6,3260.7,0
2023-02-04 21:33:00,5,72,18.7,96,8.0,1044.4,0.3,0.7,6,3260.7,0
2023-02-04 21:38:00,5,72,18.7,96,7.9,1044.3,0.0,0.0,6,3260.7,0
2023-02-04 21:43:00,5,72,18.7,96,7.9,1044.4,0.3,0.7,6,3260.7,0
2023-02-04 21:48:00,5,72,18.7,96,7.9,1044.4,0.3,0.7,6,3260.7,0
2023-02-04 21:53:00,5,72,18.7,96,7.8,1044.4,0.0,0.0,6,3260.7,0
2023-02-04 21:58:00,5,71,18.7,96,7.8,1044.3,0.0,0.0,4,3260.7,0
2023-02-04 22:03:00,5,71,18.7,96,7.8,1044.4,0.0,0.7,5,3260.7,0
2023-02-04 22:08:00,5,71,18.7,96,7.7,1044.5,0.0,0.7,5,3260.7,0
2023-02-04 22:13:00,5,71,18.7,96,7.7,1044.5,0.3,0.7,5,3260.7,0
2023-02-04 22:18:00,5,70,18.7,96,7.7,1044.3,0.0,0.0,5,3260.7,0
2023-02-04 22:23:00,5,70,18.7,96,7.7,1044.4,0.0,0.7,6,3260.7,0
2023-02-04 22:28:00,5,70,18.7,96,7.6,1044.6,0.0,0.0,6,3260.7,0
2023-02-04 22:33:00,5,70,18.7,96,7.7,1044.6,0.0,0.7,5,3260.7,0
2023-02-04 22:38:00,5,70,18.6,96,7.7,1044.7,0.3,0.7,7,3260.7,0
2023-02-04 22:43:00,5,70,18.6,96,7.7,1044.6,0.0,0.0,5,3260.7,0
2023-02-04 22:48:00,5,70,18.6,96,7.7,1044.8,0.3,0.7,4,3260.7,0
2023-02-04 22:53:00,5,71,18.6,96,7.6,1044.6,0.0,0.0,5,3260.7,0
2023-02-04 22:58:00,5,71,18.6,97,7.7,1044.5,0.7,1.7,7,3260.7,0
2023-02-04 23:03:00,5,71,18.6,97,7.7,1044.4,0.0,0.0,7,3260.7,0
2023-02-04 23:08:00,5,71,18.6,97,7.6,1044.5,0,0,6,3260.7,0
2023-02-04 23:13:00,5,71,18.6,97,7.7,1044.4,0,0,4,3260.7,0
2023-02-04 23:18:00,5,71,18.6,97,7.7,1044.4,0,0,6,3260.7,0
2023-02-04 23:23:00,5,70,18.6,97,7.7,1044.4,0,0,5,3260.7,0
2023-02-04 23:28:00,5,70,18.6,97,7.6,1044.2,0,1.0,5,3260.7,0
2023-02-04 23:33:00,5,70,18.6,97,7.6,1044.2,0,0.7,7,3260.7,0
2023-02-04 23:38:00,5,70,18.6,97,7.6,1044.2,0,0,6,3260.7,0
2023-02-04 23:43:00,5,70,18.6,97,7.6,1044.1,0,0,6,3260.7,0
2023-02-04 23:48:00,5,70,18.6,97,7.6,1044.1,0,0,7,3260.7,0
2023-02-04 23:53:00,5,70,18.6,97,7.6,1044.0,0,0,6,3260.7,0
2023-02-04 23:58:00,5,70,18.5,97,7.6,1044.0,0,0,4,3260.7,0
