2020-07-16 00:02:02,5,55,22.4,84,15.6,1020.0,0.7,1.0,8,408.3,0
2020-07-16 00:07:02,5,55,22.4,89,15.2,1020.0,0.7,1.7,6,408.3,0
2020-07-16 00:12:02,5,55,22.3,91,15.0,1020.0,0.3,1.0,7,408.3,0
2020-07-16 00:17:02,5,55,22.3,91,14.9,1020.0,0.3,0.7,8,408.3,0
2020-07-16 00:22:02,5,55,22.3,92,14.9,1020.0,0.0,0.7,10,408.3,0
2020-07-16 00:27:01,5,55,22.3,92,14.8,1019.9,0.7,1.0,9,408.3,0
2020-07-16 00:32:01,5,55,22.3,93,14.9,1019.9,0.0,0.0,7,408.3,0
2020-07-16 00:37:01,5,56,22.3,93,14.9,1020.0,0.0,0.7,7,408.3,0
2020-07-16 00:42:01,5,56,22.2,93,14.9,1019.9,0.0,0.7,8,408.3,0
2020-07-16 00:47:01,5,56,22.2,92,14.8,1019.9,0.3,0.7,10,408.3,0
2020-07-16 00:52:01,5,56,22.2,93,14.7,1020.0,1.0,2.0,8,408.3,0
2020-07-16 00:57:01,5,57,22.2,93,14.8,1019.8,0.0,0.7,9,408.3,0
2020-07-16 01:02:01,5,57,22.2,94,14.7,1019.8,0.3,1.0,7,408.3,0
2020-07-16 01:07:01,5,57,22.2,94,14.7,1019.8,0.0,0.7,10,408.3,0
2020-07-16 01:12:01,5,57,22.2,94,14.6,1019.8,1.0,1.7,11,408.3,0
2020-07-16 01:17:01,5,57,22.2,95,14.6,1019.7,1.0,2.0,9,408.6,0
2020-07-16 01:22:01,5,58,22.2,95,14.6,1019.7,0.3,0.7,7,408.6,0
2020-07-16 01:27:01,5,58,22.1,95,14.5,1019.7,0.7,1.7,6,408.6,0
2020-07-16 01:32:01,5,58,22.1,95,14.5,1019.6,0.7,1.7,9,408.9,0
2020-07-16 01:37:01,5,58,22.1,95,14.5,1019.7,1.0,2.7,7,408.9,0
2020-07-16 01:42:01,5,58,22.1,95,14.5,1019.8,0.3,1.0,9,408.9,0
2020-07-16 01:47:01,5,58,22.1,95,14.5,1019.7,0.7,1.0,7,409.2,0
2020-07-16 01:52:01,5,58,22.1,96,14.5,1019.8,0.3,1.0,7,409.2,0
2020-07-16 01:57:01,5,58,22.0,96,14.5,1019.7,0.3,0.7,7,409.2,0
2020-07-16 02:02:01,5,58,22.0,96,14.5,1019.7,0.3,0.7,6,409.2,0
2020-07-16 02:07:01,5,59,21.9,96,14.5,1019.8,0.3,0.7,9,409.2,0
2020-07-16 02:12:01,5,59,21.9,96,14.5,1019.8,1.0,1.7,7,409.2,0
2020-07-16 02:17:01,5,59,21.9,96,14.5,1019.7,0.0,0.7,8,409.2,0
2020-07-16 02:22:01,5,59,21.9,96,14.6,1019.7,0.0,0.0,8,409.2,0
2020-07-16 02:27:01,5,60,21.9,96,14.6,1019.7,0.0,0.0,8,409.2,0
2020-07-16 02:32:01,5,60,21.9,96,14.5,1019.7,0.7,1.0,8,409.2,0
2020-07-16 02:37:01,5,60,21.9,96,14.5,1019.7,0.0,0.0,8,409.2,0
2020-07-16 02:42:01,5,60,21.9,96,14.5,1019.8,0.3,0.7,8,409.2,0
2020-07-16 02:47:01,5,60,21.9,96,14.5,1019.7,0.0,0.7,7,409.2,0
2020-07-16 02:52:01,5,60,21.9,96,14.5,1019.7,0.3,0.7,8,409.5,0
2020-07-16 02:57:01,5,60,21.8,96,14.5,1019.7,0.3,1.0,7,409.8,0
2020-07-16 03:02:01,5,60,21.8,96,14.6,1019.7,0.0,0.7,8,410.1,0
2020-07-16 03:07:01,5,60,21.8,96,14.6,1019.7,0.0,0.0,8,410.1,0
2020-07-16 03:12:01,5,60,21.8,97,14.6,1019.7,0.0,0.7,8,410.1,0
2020-07-16 03:17:01,5,60,21.8,97,14.6,1019.6,0.0,0.0,9,410.1,0
2020-07-16 03:22:01,5,60,21.8,97,14.7,1019.6,0.3,1.0,8,410.4,0
2020-07-16 03:27:01,5,60,21.8,97,14.6,1019.6,0.3,1.0,7,410.4,0
2020-07-16 03:32:01,5,60,21.8,97,14.7,1019.7,0.0,0.0,7,410.7,0
2020-07-16 03:37:01,5,60,21.8,97,14.6,1019.7,0.3,1.0,7,410.7,0
2020-07-16 03:42:01,5,60,21.8,97,14.6,1019.8,0.3,0.7,8,411.0,0
2020-07-16 03:47:01,5,61,21.8,97,14.6,1019.6,0.3,1.0,7,411.0,0
2020-07-16 03:52:01,5,61,21.8,97,14.6,1019.8,0.0,0.0,6,411.0,0
2020-07-16 03:57:01,5,61,21.7,97,14.6,1019.7,0.0,0.7,6,411.3,0
2020-07-16 04:02:01,5,61,21.7,97,14.6,1019.8,0.0,0.0,6,411.3,0
2020-07-16 04:07:01,5,61,21.7,97,14.6,1019.9,0.3,0.7,6,411.3,0
2020-07-16 04:12:01,5,61,21.7,97,14.6,1019.8,0.0,0.0,7,411.3,0
2020-07-16 04:17:01,5,61,21.7,97,14.6,1019.9,0.0,0.7,6,411.3,0
2020-07-16 04:22:01,5,61,21.7,97,14.7,1019.9,0.3,0.7,6,411.3,0
2020-07-16 04:27:01,5,61,21.7,97,14.6,1019.8,0.7,1.0,8,411.3,0
2020-07-16 04:32:01,5,61,21.7,97,14.6,1019.8,0.7,1.0,7,411.3,0
2020-07-16 04:37:01,5,61,21.7,97,14.6,1019.8,0.7,1.0,8,411.3,0
2020-07-16 04:42:01,5,61,21.7,97,14.6,1019.9,0.0,0.7,7,411.6,0
2020-07-16 04:47:01,5,61,21.7,97,14.7,1020.0,0.3,0.7,7,411.6,0
2020-07-16 04:52:01,5,61,21.7,97,14.7,1019.9,0.0,0.0,6,411.6,0
2020-07-16 04:57:01,5,61,21.7,97,14.7,1019.9,0.0,0.0,6,411.6,0
2020-07-16 05:02:01,5,61,21.7,97,14.7,1020.0,0.0,0.0,6,411.6,0
2020-07-16 05:07:01,5,61,21.7,96,14.7,1020.1,0.3,0.7,5,411.6,0
2020-07-16 05:12:01,5,61,21.7,96,14.7,1020.1,0.3,0.7,6,411.6,0
2020-07-16 05:17:01,5,61,21.7,96,14.7,1020.0,0.3,1.0,7,411.6,0
2020-07-16 05:22:01,5,61,21.7,96,14.7,1020.1,0.3,0.7,6,411.6,0
2020-07-16 05:27:01,5,61,21.7,96,14.8,1020.1,0.0,0.0,6,411.6,0
2020-07-16 05:32:01,5,61,21.7,96,14.8,1020.0,0.0,0.7,6,411.6,0
2020-07-16 05:37:01,5,61,21.7,96,14.7,1019.9,0.0,0.7,6,411.6,0
2020-07-16 05:42:01,5,61,21.7,96,14.8,1019.9,0.0,0.0,6,411.6,0
2020-07-16 05:47:01,5,61,21.7,96,14.8,1020.0,0.0,0.0,6,411.6,0
2020-07-16 05:52:01,5,61,21.7,96,14.8,1020.0,0.7,1.0,6,411.6,0
2020-07-16 05:57:01,5,61,21.7,96,14.9,1020.1,0.0,0.7,5,411.6,0
2020-07-16 06:02:01,5,61,21.7,96,14.9,1020.1,0.3,0.7,7,411.6,0
2020-07-16 06:07:01,5,61,21.7,95,14.9,1020.1,0.3,0.7,6,411.6,0
2020-07-16 06:12:01,5,61,21.7,95,14.9,1020.2,0.0,0.7,7,411.6,0
2020-07-16 06:17:01,5,61,21.7,95,15.0,1020.2,0.0,0.7,6,411.6,0
2020-07-16 06:22:01,5,61,21.7,95,15.0,1020.1,0.0,0.0,6,411.6,0
2020-07-16 06:27:01,5,61,21.8,95,15.1,1020.2,0.0,0.7,8,411.6,0
2020-07-16 06:32:01,5,61,21.8,95,15.2,1020.3,0.0,0.7,7,411.6,0
2020-07-16 06:37:01,5,61,21.8,95,15.2,1020.4,0.0,0.0,6,411.6,0
2020-07-16 06:42:01,5,61,21.8,95,15.3,1020.4,0.0,0.0,5,411.6,0
2020-07-16 06:47:01,5,61,21.8,95,15.3,1020.4,0.3,1.0,6,411.6,0
2020-07-16 06:52:01,5,61,21.8,95,15.4,1020.4,0.0,0.7,6,411.6,0
2020-07-16 06:57:01,5,61,21.8,95,15.3,1020.4,0.0,0.0,5,411.9,0
2020-07-16 07:02:01,5,61,21.8,96,15.4,1020.3,0.0,0.7,6,411.9,0
2020-07-16 07:07:01,5,62,21.8,95,15.5,1020.5,0.0,0.7,7,411.9,0
2020-07-16 07:12:01,5,63,21.8,96,15.6,1020.4,0.3,0.7,5,411.9,0
2020-07-16 07:17:01,5,63,21.9,95,15.8,1020.2,0.3,0.7,5,411.9,0
2020-07-16 07:22:01,5,62,22.0,95,15.6,1020.2,0.7,1.0,7,411.9,0
2020-07-16 07:27:01,5,63,22.1,95,15.9,1020.2,0.7,1.0,8,411.9,0
2020-07-16 07:32:01,5,63,22.2,95,16.1,1020.3,0.0,0.0,5,411.9,0
2020-07-16 07:37:01,5,63,22.2,94,15.9,1020.0,0.3,1.0,10,411.9,0
2020-07-16 07:42:01,5,62,22.2,94,16.2,1020.1,0.0,0.0,6,411.9,0
2020-07-16 07:47:01,5,62,22.3,93,16.2,1020.1,0.0,0.0,5,411.9,0
2020-07-16 07:52:01,5,62,22.3,93,16.3,1020.1,0.0,0.7,5,411.9,0
2020-07-16 07:57:01,5,62,22.3,93,16.5,1020.1,0.0,0.0,5,411.9,0
2020-07-16 08:02:01,5,62,22.3,93,16.3,1020.0,0.3,0.7,3,411.9,0
2020-07-16 08:07:01,5,62,22.4,92,16.4,1020.1,0.3,0.7,4,411.9,0
2020-07-16 08:12:01,5,62,22.5,92,16.7,1020.1,0.0,0.0,5,411.9,0
2020-07-16 08:17:01,5,62,22.5,92,17.2,1020.0,0.0,0.0,5,411.9,0
2020-07-16 08:22:01,5,62,22.6,90,17.1,1020.0,0.3,1.0,7,411.9,0
2020-07-16 08:27:01,5,62,22.6,89,17.3,1019.8,0.3,1.0,6,411.9,0
2020-07-16 08:32:01,5,61,22.6,90,17.2,1019.9,0.3,0.7,5,411.9,0
2020-07-16 08:37:01,5,61,22.7,91,16.5,1019.9,0.3,1.7,3,411.9,0
2020-07-16 08:42:01,5,61,22.7,92,16.4,1019.9,0.3,1.0,4,411.9,0
2020-07-16 08:47:01,5,61,22.7,92,16.4,1020.0,0.0,0.7,5,411.9,0
2020-07-16 08:52:01,5,61,22.7,92,16.6,1020.0,0.0,0.0,5,411.9,0
2020-07-16 08:57:01,5,61,22.7,91,16.9,1020.0,0.3,1.0,3,411.9,0
2020-07-16 09:02:01,5,61,22.8,90,17.2,1020.0,0.0,0.0,5,411.9,0
2020-07-16 09:07:01,5,61,22.9,89,17.4,1019.9,0.0,0.0,5,411.9,0
2020-07-16 09:12:01,5,62,23.0,88,17.5,1019.8,0.3,1.0,4,411.9,0
2020-07-16 09:17:01,5,62,23.0,88,17.6,1019.9,0.0,0.7,5,411.9,0
2020-07-16 09:22:01,5,62,23.0,89,17.4,1019.8,0.0,0.0,5,411.9,0
2020-07-16 09:27:01,5,62,23.0,88,17.2,1019.7,0.3,1.0,4,411.9,0
2020-07-16 09:32:01,5,62,23.0,88,17.1,1019.8,0.3,0.7,4,411.9,0
2020-07-16 09:37:01,5,62,23.0,89,17.1,1019.9,0.3,1.0,4,411.9,0
2020-07-16 09:42:01,5,62,23.0,88,17.1,1020.0,0.3,1.0,3,411.9,0
2020-07-16 09:47:01,5,62,23.0,86,17.3,1020.0,0.7,1.0,3,411.9,0
2020-07-16 09:52:01,5,62,23.0,86,17.5,1020.0,0.0,0.7,1,411.9,0
2020-07-16 09:57:01,5,62,23.0,86,18.0,1020.1,0.3,1.0,3,411.9,0
2020-07-16 10:02:01,5,62,23.0,84,18.1,1020.0,0.0,0.7,4,411.9,0
2020-07-16 10:07:01,5,62,23.1,83,18.3,1020.1,0.3,1.0,2,411.9,0
2020-07-16 10:12:01,5,62,23.1,80,18.4,1020.0,1.0,1.7,3,411.9,0
2020-07-16 10:17:01,5,62,23.2,80,18.0,1020.1,0.3,1.7,1,411.9,0
2020-07-16 10:22:01,5,62,23.2,80,18.2,1020.1,0.0,0.7,2,411.9,0
2020-07-16 10:27:01,5,62,23.3,79,18.1,1020.1,1.0,2.0,3,411.9,0
2020-07-16 10:32:01,5,62,23.3,77,18.6,1019.9,0.7,1.0,4,411.9,0
2020-07-16 10:37:01,5,62,23.4,76,18.9,1019.8,0.7,1.7,2,411.9,0
2020-07-16 10:42:01,5,62,23.4,76,18.8,1019.7,1.4,3.1,4,411.9,0
2020-07-16 10:47:01,5,61,23.5,76,19.0,1019.7,0.3,1.0,5,411.9,0
2020-07-16 10:52:01,5,61,23.6,76,18.9,1019.7,0.3,0.7,15,411.9,0
2020-07-16 10:57:01,5,61,23.6,76,18.7,1019.8,0.7,1.7,0,411.9,0
2020-07-16 11:02:01,5,60,23.6,75,19.2,1019.8,0.3,0.7,4,411.9,0
2020-07-16 11:07:01,5,60,23.6,76,18.6,1019.8,0.7,1.7,0,411.9,0
2020-07-16 11:12:01,5,60,23.6,78,18.2,1020.0,0.7,1.0,3,411.9,0
2020-07-16 11:17:01,5,60,23.6,79,17.8,1019.9,0.7,1.7,4,411.9,0
2020-07-16 11:22:01,5,59,23.4,81,17.9,1020.0,0.0,0.7,6,411.9,0
2020-07-16 11:27:01,5,59,23.4,80,17.8,1020.2,0.7,1.0,15,411.9,0
2020-07-16 11:32:01,5,59,23.4,79,18.0,1020.1,0.3,1.0,2,411.9,0
2020-07-16 11:37:01,5,59,23.4,76,18.5,1020.1,0.7,2.0,6,411.9,0
2020-07-16 11:42:01,5,59,23.4,76,18.9,1020.2,0.7,1.7,1,411.9,0
2020-07-16 11:47:01,5,59,23.4,75,19.2,1020.1,0.7,1.7,3,411.9,0
2020-07-16 11:52:01,5,59,23.4,75,19.1,1020.1,0.0,0.7,6,411.9,0
2020-07-16 11:57:01,5,59,23.4,76,18.9,1020.0,0.0,0.7,2,411.9,0
2020-07-16 12:02:01,5,59,23.4,76,18.6,1020.2,1.0,2.0,3,411.9,0
2020-07-16 12:07:01,5,59,23.4,75,18.7,1020.1,0.3,1.0,9,411.9,0
2020-07-16 12:12:01,5,59,23.4,71,19.8,1020.1,0.7,1.7,1,411.9,0
2020-07-16 12:17:01,5,59,23.5,70,20.3,1020.2,1.0,2.0,3,411.9,0
2020-07-16 12:22:01,5,59,23.5,71,20.0,1020.1,0.3,1.0,2,411.9,0
2020-07-16 12:27:01,5,59,23.5,72,19.5,1020.0,0.3,1.0,5,411.9,0
2020-07-16 12:32:01,5,59,23.6,72,18.9,1020.2,0.7,1.7,2,411.9,0
2020-07-16 12:37:01,5,59,23.6,75,18.6,1020.2,0.7,2.0,0,411.9,0
2020-07-16 12:42:01,5,58,23.5,75,18.5,1020.4,0.3,1.0,4,411.9,0
2020-07-16 12:47:01,5,58,23.5,75,18.4,1020.4,0.7,2.0,5,411.9,0
2020-07-16 12:52:01,5,58,23.4,74,18.4,1020.5,0.7,1.0,5,411.9,0
2020-07-16 12:57:01,5,58,23.4,73,18.5,1020.5,0.7,1.0,6,411.9,0
2020-07-16 13:02:01,5,58,23.4,73,18.8,1020.6,0.7,1.7,2,411.9,0
2020-07-16 13:07:01,5,58,23.4,74,18.7,1020.4,0.7,1.7,1,411.9,0
2020-07-16 13:12:01,5,58,23.4,73,19.2,1020.4,0.0,0.7,7,411.9,0
2020-07-16 13:17:01,5,58,23.5,73,19.1,1020.7,0.7,1.7,8,411.9,0
2020-07-16 13:22:01,5,58,23.5,75,18.8,1020.6,0.0,0.7,4,411.9,0
2020-07-16 13:27:01,5,58,23.5,76,18.2,1020.6,1.0,2.0,1,411.9,0
2020-07-16 13:32:01,5,57,23.5,78,18.0,1020.6,0.0,0.7,2,411.9,0
2020-07-16 13:37:01,5,57,23.4,78,17.7,1020.6,0.7,1.7,5,411.9,0
2020-07-16 13:42:01,5,57,23.4,79,17.8,1020.7,0.3,1.0,6,411.9,0
2020-07-16 13:47:01,5,57,23.4,78,17.9,1020.8,0.7,1.7,5,411.9,0
2020-07-16 13:52:01,5,57,23.4,78,18.0,1020.8,0.7,1.0,3,411.9,0
2020-07-16 13:57:01,5,57,23.4,78,18.2,1020.8,0.3,1.0,5,411.9,0
2020-07-16 14:02:01,5,58,23.4,76,18.6,1020.8,0.0,0.7,5,411.9,0
2020-07-16 14:07:01,5,57,23.4,75,18.7,1020.9,0.3,0.7,5,411.9,0
2020-07-16 14:12:01,5,58,23.4,75,18.6,1021.0,0.0,0.7,1,411.9,0
2020-07-16 14:17:01,5,58,23.4,76,18.4,1021.0,0.3,1.0,3,411.9,0
2020-07-16 14:22:01,5,58,23.4,77,18.1,1021.0,1.0,2.7,3,411.9,0
2020-07-16 14:27:01,5,58,23.4,78,18.0,1021.0,0.3,0.7,1,411.9,0
2020-07-16 14:32:01,5,58,23.4,78,18.1,1021.0,0.7,2.0,0,411.9,0
2020-07-16 14:37:01,5,58,23.4,78,18.1,1021.0,0.3,0.7,5,411.9,0
2020-07-16 14:42:01,5,58,23.4,78,18.1,1021.1,0.7,1.0,1,411.9,0
2020-07-16 14:47:01,5,58,23.4,78,18.1,1021.1,0.3,0.7,15,411.9,0
2020-07-16 14:52:01,5,58,23.4,77,18.1,1021.1,0.7,1.0,0,411.9,0
2020-07-16 14:57:01,5,58,23.4,77,18.2,1021.2,0.7,1.0,2,411.9,0
2020-07-16 15:02:01,5,58,23.4,76,18.3,1021.2,0.7,1.0,15,411.9,0
2020-07-16 15:07:01,5,58,23.4,75,18.5,1021.2,0.7,1.7,6,411.9,0
2020-07-16 15:12:01,5,58,23.4,74,18.7,1021.1,1.0,1.7,1,411.9,0
2020-07-16 15:17:01,5,58,23.4,73,19.3,1021.1,0.0,0.0,3,411.9,0
2020-07-16 15:22:01,5,57,23.4,73,19.3,1021.0,0.3,1.0,1,411.9,0
2020-07-16 15:27:01,5,58,23.4,73,19.5,1021.0,0.3,0.7,1,411.9,0
2020-07-16 15:32:01,5,58,23.4,69,19.9,1021.1,0.7,1.7,0,411.9,0
2020-07-16 15:37:01,5,58,23.6,68,20.3,1020.9,0.7,2.0,3,411.9,0
2020-07-16 15:42:01,5,59,23.6,68,20.5,1021.0,1.4,2.0,1,411.9,0
2020-07-16 15:47:01,5,59,23.7,69,20.6,1020.8,0.7,1.0,0,411.9,0
2020-07-16 15:52:01,5,59,23.8,69,20.4,1020.9,0.3,1.0,2,411.9,0
2020-07-16 15:57:01,5,59,23.9,69,19.8,1020.7,1.4,2.7,0,411.9,0
2020-07-16 16:02:01,5,58,24.0,70,19.9,1020.7,0.3,1.0,5,411.9,0
2020-07-16 16:07:01,5,57,24.1,70,19.9,1020.7,1.0,2.0,2,411.9,0
2020-07-16 16:12:01,5,57,24.1,71,19.7,1020.5,1.0,2.7,5,411.9,0
2020-07-16 16:17:01,5,57,24.1,72,19.6,1020.5,0.3,0.7,3,411.9,0
2020-07-16 16:22:01,5,57,24.2,74,19.4,1020.6,0.7,1.0,1,411.9,0
2020-07-16 16:27:01,5,57,24.3,72,19.3,1020.6,1.4,3.1,0,411.9,0
2020-07-16 16:32:01,5,56,24.3,73,19.0,1020.7,1.0,2.0,3,411.9,0
2020-07-16 16:37:01,5,56,24.3,73,19.0,1020.7,0.7,1.7,0,411.9,0
2020-07-16 16:42:01,5,56,24.3,73,19.2,1020.8,1.0,3.7,15,411.9,0
2020-07-16 16:47:01,5,56,24.3,74,19.1,1020.8,0.7,2.0,14,411.9,0
2020-07-16 16:52:01,5,56,24.3,73,19.2,1020.8,0.7,1.7,2,411.9,0
2020-07-16 16:57:01,5,56,24.3,72,19.0,1020.8,1.7,2.7,3,411.9,0
2020-07-16 17:02:01,5,56,24.3,72,19.0,1020.9,1.0,2.0,5,411.9,0
2020-07-16 17:07:01,5,55,24.3,72,19.0,1020.8,1.0,2.0,6,411.9,0
2020-07-16 17:12:01,5,55,24.3,72,18.8,1020.9,0.7,1.7,6,411.9,0
2020-07-16 17:17:01,5,55,24.2,73,18.6,1021.0,1.4,4.1,3,411.9,0
2020-07-16 17:22:01,5,55,24.2,74,18.7,1021.0,0.3,1.0,4,411.9,0
2020-07-16 17:27:01,5,55,24.1,74,18.6,1021.1,0.7,1.0,3,411.9,0
2020-07-16 17:32:01,5,55,24.1,74,18.5,1021.1,0.7,1.0,11,411.9,0
2020-07-16 17:37:01,5,56,24.1,75,18.6,1021.1,0.3,0.7,15,411.9,0
2020-07-16 17:42:01,5,56,24.1,75,18.3,1021.1,1.4,2.7,15,411.9,0
2020-07-16 17:47:01,5,56,24.1,76,18.3,1021.3,0.3,0.7,14,411.9,0
2020-07-16 17:52:01,5,56,24.0,76,18.4,1021.3,0.0,0.7,4,411.9,0
2020-07-16 17:57:01,5,56,24.0,76,18.3,1021.5,0.7,1.7,5,411.9,0
2020-07-16 18:02:01,5,56,24.0,77,18.2,1021.4,0.3,1.0,5,411.9,0
2020-07-16 18:07:01,5,56,24.0,77,18.1,1021.4,0.0,0.7,12,411.9,0
2020-07-16 18:12:01,5,57,23.9,77,18.0,1021.7,0.3,0.7,3,411.9,0
2020-07-16 18:17:01,5,57,23.8,78,17.8,1021.7,0.0,0.7,4,411.9,0
2020-07-16 18:22:01,5,57,23.8,78,17.9,1021.7,0.0,0.0,5,411.9,0
2020-07-16 18:27:01,5,57,23.8,79,18.0,1021.8,0.0,0.0,5,411.9,0
2020-07-16 18:32:01,5,57,23.8,79,17.7,1021.8,0.3,1.0,4,411.9,0
2020-07-16 18:37:01,5,57,23.8,79,17.6,1021.9,0.3,1.0,4,411.9,0
2020-07-16 18:42:01,5,58,23.8,79,17.6,1022.0,0.0,0.7,4,411.9,0
2020-07-16 18:47:01,5,58,23.7,79,17.7,1022.0,0.3,0.7,4,411.9,0
2020-07-16 18:52:01,5,58,23.7,79,17.5,1022.0,0.7,1.7,3,411.9,0
2020-07-16 18:57:01,5,58,23.7,79,17.5,1022.0,0.0,0.7,0,411.9,0
2020-07-16 19:02:01,5,58,23.7,79,17.5,1022.1,0.0,0.7,4,411.9,0
2020-07-16 19:07:01,5,58,23.6,79,17.4,1022.2,0.7,1.7,3,411.9,0
2020-07-16 19:12:01,5,58,23.6,80,17.4,1022.3,0.0,0.7,2,411.9,0
2020-07-16 19:17:01,5,59,23.6,80,17.4,1022.4,0.3,0.7,4,411.9,0
2020-07-16 19:22:01,5,59,23.6,80,17.3,1022.5,0.3,1.0,5,411.9,0
2020-07-16 19:27:01,5,59,23.6,80,17.4,1022.6,0.3,1.0,2,411.9,0
2020-07-16 19:32:01,5,59,23.5,80,17.3,1022.4,0.0,0.7,5,411.9,0
2020-07-16 19:37:01,5,59,23.5,80,17.3,1022.6,0.0,0.7,4,411.9,0
2020-07-16 19:42:01,5,59,23.4,80,17.2,1022.7,0.0,0.7,4,411.9,0
2020-07-16 19:47:01,5,59,23.4,81,17.1,1022.7,0.3,1.0,3,411.9,0
2020-07-16 19:52:01,5,59,23.4,81,17.2,1022.8,0.0,0.7,4,411.9,0
2020-07-16 19:57:01,5,59,23.4,81,17.2,1022.8,0.0,0.0,5,411.9,0
2020-07-16 20:02:01,5,59,23.4,81,17.1,1022.9,0.0,0.0,4,411.9,0
2020-07-16 20:07:01,5,59,23.3,81,17.1,1022.9,0.0,0.7,5,411.9,0
2020-07-16 20:12:01,5,59,23.3,82,17.0,1023.1,0.3,1.7,3,411.9,0
2020-07-16 20:17:01,5,59,23.3,82,17.0,1023.1,0.3,1.0,2,411.9,0
2020-07-16 20:22:01,5,59,23.3,82,17.0,1023.1,0.3,1.0,6,411.9,0
2020-07-16 20:27:01,5,59,23.3,82,16.9,1023.1,0.0,0.7,4,411.9,0
2020-07-16 20:32:01,5,59,23.2,83,16.9,1023.3,0.0,0.7,4,411.9,0
2020-07-16 20:37:01,5,59,23.1,83,16.9,1023.2,0.0,0.7,5,411.9,0
2020-07-16 20:42:01,5,60,23.1,83,16.8,1023.2,0.3,0.7,5,411.9,0
2020-07-16 20:47:01,5,60,23.1,83,16.8,1023.5,0.0,0.7,5,411.9,0
2020-07-16 20:52:01,5,60,23.1,83,16.8,1023.4,0.0,0.0,4,411.9,0
2020-07-16 20:57:01,5,60,23.1,83,16.8,1023.4,0.0,0.7,4,411.9,0
2020-07-16 21:02:01,5,60,23.1,84,16.7,1023.5,0.0,0.0,4,411.9,0
2020-07-16 21:07:01,5,60,23.1,84,16.7,1023.6,0.0,0.7,2,411.9,0
2020-07-16 21:12:01,5,60,23.0,84,16.7,1023.6,0.0,0.7,2,411.9,0
2020-07-16 21:17:01,5,60,23.0,84,16.7,1023.6,0.0,0.0,5,411.9,0
2020-07-16 21:22:01,5,60,23.0,84,16.7,1023.5,0.0,0.7,5,411.9,0
2020-07-16 21:27:01,5,60,23.0,84,16.6,1023.7,0.3,1.0,2,411.9,0
2020-07-16 21:32:01,5,60,23.0,84,16.6,1023.7,0.0,0.0,4,411.9,0
2020-07-16 21:37:01,5,60,23.0,84,16.6,1023.7,0.0,0.0,2,411.9,0
2020-07-16 21:42:01,5,59,22.9,84,16.6,1023.7,0.0,0.7,5,411.9,0
2020-07-16 21:47:01,5,59,22.9,84,16.6,1023.6,0.0,0.7,4,411.9,0
2020-07-16 21:52:01,5,59,22.9,84,16.6,1023.7,0.3,0.7,2,411.9,0
2020-07-16 21:57:01,5,59,22.9,84,16.6,1023.6,0.0,0.7,4,411.9,0
2020-07-16 22:02:01,5,59,22.8,84,16.6,1023.6,0.0,0.0,4,411.9,0
2020-07-16 22:07:01,5,59,22.8,84,16.6,1023.8,0.3,1.0,2,411.9,0
2020-07-16 22:12:01,5,59,22.7,84,16.5,1023.7,0.0,0.0,3,411.9,0
2020-07-16 22:17:01,5,59,22.7,84,16.6,1023.8,0.0,0.0,4,411.9,0
2020-07-16 22:22:01,5,59,22.7,83,16.5,1023.8,0.0,0.0,4,411.9,0
2020-07-16 22:27:01,5,59,22.7,84,16.5,1024.0,0.0,0.0,4,411.9,0
2020-07-16 22:32:01,5,59,22.7,84,16.5,1024.0,0.0,0.0,4,411.9,0
2020-07-16 22:37:01,5,59,22.7,84,16.5,1024.0,0.0,0.0,4,411.9,0
2020-07-16 22:42:01,5,59,22.6,84,16.5,1024.0,0.0,0.7,5,411.9,0
2020-07-16 22:47:01,5,59,22.6,84,16.5,1024.0,0.0,0.0,5,411.9,0
2020-07-16 22:52:01,5,59,22.6,84,16.4,1024.1,0.3,0.7,5,411.9,0
2020-07-16 22:57:01,5,59,22.6,84,16.5,1024.2,0.0,0.7,5,411.9,0
2020-07-16 23:02:01,5,59,22.6,84,16.5,1024.0,0.0,0.0,5,411.9,0
2020-07-16 23:07:01,5,59,22.5,85,16.4,1024.1,0,0,5,411.9,0
2020-07-16 23:12:01,5,59,22.5,85,16.4,1024.1,0,0,5,411.9,0
2020-07-16 23:17:01,5,59,22.5,85,16.4,1024.2,0,0,5,411.9,0
2020-07-16 23:22:01,5,59,22.5,85,16.4,1024.1,0,0.7,4,411.9,0
2020-07-16 23:27:01,5,59,22.4,85,16.4,1024.2,0,0,4,411.9,0
2020-07-16 23:32:01,5,59,22.4,85,16.4,1024.2,0,0,4,411.9,0
2020-07-16 23:37:01,5,59,22.3,85,16.4,1024.2,0,0,4,411.9,0
2020-07-16 23:42:01,5,59,22.3,85,16.4,1024.4,0,0,4,411.9,0
2020-07-16 23:47:01,5,59,22.3,85,16.3,1024.4,0,0,4,411.9,0
2020-07-16 23:52:01,5,59,22.3,85,16.3,1024.4,0,0,4,411.9,0
2020-07-16 23:57:01,5,59,22.3,85,16.3,1024.3,0,0,5,411.9,0
