2020-07-12 00:04:01,5,58,22.1,94,11.6,1031.9,0.0,0.0,0,404.4,0
2020-07-12 00:09:01,5,58,22.0,94,11.4,1031.9,0.0,0.0,0,404.4,0
2020-07-12 00:14:01,5,59,21.9,94,11.4,1032.0,0.0,0.0,0,404.4,0
2020-07-12 00:19:01,5,59,21.9,94,11.2,1032.0,0.0,0.0,0,404.4,0
2020-07-12 00:24:01,5,59,21.9,95,11.2,1032.0,0.0,0.0,0,404.4,0
2020-07-12 00:29:01,5,59,21.9,95,11.1,1032.2,0.0,0.0,0,404.4,0
2020-07-12 00:34:01,5,59,21.9,95,11.1,1032.1,0.0,0.0,0,404.4,0
2020-07-12 00:39:01,5,59,21.9,95,11.1,1032.1,0.0,0.0,0,404.4,0
2020-07-12 00:44:01,5,59,21.8,95,11.2,1032.1,0.0,0.0,0,404.4,0
2020-07-12 00:49:01,5,59,21.8,95,11.2,1032.1,0.0,0.0,0,404.4,0
2020-07-12 00:54:01,5,59,21.8,95,11.1,1032.2,0.0,0.0,0,404.4,0
2020-07-12 00:59:01,5,59,21.7,95,11.2,1032.2,0.0,0.0,0,404.4,0
2020-07-12 01:04:01,5,59,21.7,95,11.1,1032.3,0.0,0.0,0,404.4,0
2020-07-12 01:09:01,5,59,21.7,95,10.9,1032.3,0.0,0.0,0,404.4,0
2020-07-12 01:14:01,5,59,21.7,95,10.8,1032.3,0.0,0.0,0,404.4,0
2020-07-12 01:19:01,5,59,21.7,95,10.7,1032.2,0.0,0.0,0,404.4,0
2020-07-12 01:24:01,5,59,21.6,95,10.6,1032.1,0.0,0.0,0,404.4,0
2020-07-12 01:29:01,5,59,21.6,95,10.5,1032.1,0.0,0.0,0,404.4,0
2020-07-12 01:34:01,5,59,21.6,96,10.7,1032.2,0.0,0.0,0,404.4,0
2020-07-12 01:39:01,5,59,21.5,96,10.7,1032.3,0.0,0.0,0,404.4,0
2020-07-12 01:44:01,5,59,21.5,96,10.5,1032.3,0.0,0.0,0,404.4,0
2020-07-12 01:49:01,5,59,21.5,96,10.4,1032.3,0.0,0.0,0,404.4,0
2020-07-12 01:54:01,5,59,21.5,96,10.6,1032.2,0.0,0.0,0,404.4,0
2020-07-12 01:59:01,5,59,21.5,96,10.5,1032.3,0.0,0.0,0,404.4,0
2020-07-12 02:04:01,5,59,21.4,96,10.6,1032.4,0.0,0.0,0,404.4,0
2020-07-12 02:09:01,5,59,21.3,96,10.5,1032.3,0.0,0.0,0,404.4,0
2020-07-12 02:14:01,5,59,21.3,96,10.5,1032.4,0.0,0.0,0,404.4,0
2020-07-12 02:19:01,5,59,21.3,96,10.4,1032.5,0.0,0.0,0,404.4,0
2020-07-12 02:24:01,5,59,21.3,96,10.3,1032.4,0.0,0.0,0,404.4,0
2020-07-12 02:29:01,5,59,21.3,96,10.4,1032.4,0.0,0.0,0,404.4,0
2020-07-12 02:34:01,5,59,21.3,96,10.2,1032.5,0.0,0.0,0,404.4,0
2020-07-12 02:39:01,5,59,21.3,97,10.2,1032.5,0.0,0.0,0,404.4,0
2020-07-12 02:44:01,5,59,21.2,97,10.3,1032.5,0.0,0.0,0,404.4,0
2020-07-12 02:49:01,5,59,21.2,97,10.2,1032.5,0.0,0.0,0,404.4,0
2020-07-12 02:54:01,5,59,21.2,96,10.1,1032.7,0.0,0.0,0,404.4,0
2020-07-12 02:59:01,5,59,21.2,97,10.0,1032.6,0.0,0.0,0,404.4,0
2020-07-12 03:04:01,5,59,21.2,97,9.9,1032.7,0.0,0.0,0,404.4,0
2020-07-12 03:09:01,5,59,21.1,97,10.1,1032.7,0.0,0.0,0,404.4,0
2020-07-12 03:14:01,5,59,21.1,97,10.3,1032.7,0.0,0.0,0,404.4,0
2020-07-12 03:19:01,5,59,21.1,97,10.2,1032.7,0.0,0.0,0,404.4,0
2020-07-12 03:24:01,5,59,21.1,97,10.0,1032.7,0.0,0.0,0,404.4,0
2020-07-12 03:29:01,5,59,21.1,97,9.9,1032.8,0.0,0.0,0,404.4,0
2020-07-12 03:34:01,5,59,21.1,97,9.9,1033.0,0.0,0.0,0,404.4,0
2020-07-12 03:39:01,5,59,21.0,97,9.9,1033.0,0.0,0.0,0,404.4,0
2020-07-12 03:44:01,5,59,21.0,97,9.7,1033.0,0.0,0.0,0,404.4,0
2020-07-12 03:49:01,5,59,21.0,97,9.8,1033.1,0.0,0.0,0,404.4,0
2020-07-12 03:54:01,5,59,21.0,97,9.9,1033.1,0.0,0.0,0,404.4,0
2020-07-12 03:59:01,5,59,21.0,97,9.8,1033.2,0.0,0.0,0,404.4,0
2020-07-12 04:04:01,5,59,21.0,97,9.9,1033.1,0.0,0.0,0,404.4,0
2020-07-12 04:09:01,5,60,20.9,97,9.8,1033.1,0.0,0.0,0,404.4,0
2020-07-12 04:14:01,5,60,20.9,97,9.7,1033.2,0.0,0.0,0,404.4,0
2020-07-12 04:19:01,5,60,20.9,97,9.9,1033.3,0.0,0.0,0,404.4,0
2020-07-12 04:24:01,5,60,20.9,97,9.9,1033.2,0.0,0.0,0,404.4,0
2020-07-12 04:29:01,5,60,20.9,97,9.9,1033.4,0.0,0.0,0,404.4,0
2020-07-12 04:34:01,5,60,20.9,97,10.1,1033.3,0.0,0.0,0,404.4,0
2020-07-12 04:39:01,5,60,20.9,97,10.2,1033.3,0.0,0.0,0,404.4,0
2020-07-12 04:44:01,5,60,20.9,97,10.4,1033.4,0.0,0.0,0,404.4,0
2020-07-12 04:49:01,5,60,20.9,97,10.8,1033.4,0.0,0.0,0,404.4,0
2020-07-12 04:54:01,5,60,20.9,97,11.0,1033.3,0.0,0.0,0,404.4,0
2020-07-12 04:59:01,5,60,20.9,97,11.4,1033.5,0.0,0.0,0,404.4,0
2020-07-12 05:04:01,5,59,21.0,97,12.4,1033.5,0.0,0.0,0,404.4,0
2020-07-12 05:09:01,5,59,21.0,97,13.6,1033.5,0.0,0.0,0,404.4,0
2020-07-12 05:14:01,5,59,21.0,94,14.3,1033.4,0.0,0.0,2,404.4,0
2020-07-12 05:19:01,5,59,21.1,83,15.1,1033.4,0.0,0.0,0,404.4,0
2020-07-12 05:24:01,5,59,21.1,81,15.3,1033.4,0.0,0.0,0,404.4,0
2020-07-12 05:29:01,5,59,21.2,82,15.4,1033.3,0.0,0.0,15,404.4,0
2020-07-12 05:34:01,5,59,21.3,80,15.6,1033.3,0.0,0.0,15,404.4,0
2020-07-12 05:39:01,5,59,21.5,79,15.8,1033.3,0.0,0.0,15,404.4,0
2020-07-12 05:44:01,5,59,21.5,76,16.4,1033.2,0.0,0.0,15,404.4,0
2020-07-12 05:49:01,5,59,21.7,75,16.7,1033.1,0.0,0.0,15,404.4,0
2020-07-12 05:54:01,5,59,21.8,75,16.6,1033.1,0.0,0.7,15,404.4,0
2020-07-12 05:59:01,5,59,21.9,74,16.6,1033.0,0.0,0.0,0,404.4,0
2020-07-12 06:04:01,5,58,22.0,73,16.7,1032.9,0.3,0.7,0,404.4,0
2020-07-12 06:09:01,5,57,22.2,74,16.4,1032.9,0.0,0.7,0,404.4,0
2020-07-12 06:14:01,5,57,22.3,73,16.5,1032.7,0.0,0.0,0,404.4,0
2020-07-12 06:19:01,5,57,22.5,71,17.3,1032.6,0.0,0.0,0,404.4,0
2020-07-12 06:24:01,5,57,22.6,69,17.1,1032.5,0.3,0.7,0,404.4,0
2020-07-12 06:29:01,5,57,22.7,69,17.1,1032.4,0.3,1.0,15,404.4,0
2020-07-12 06:34:01,5,57,23.0,68,17.2,1032.2,0.0,0.7,15,404.4,0
2020-07-12 06:39:01,5,57,23.1,67,17.4,1032.1,0.0,0.7,15,404.4,0
2020-07-12 06:44:01,5,57,23.3,67,17.3,1032.0,0.3,1.0,2,404.4,0
2020-07-12 06:49:01,5,56,23.6,69,17.0,1031.7,0.0,0.7,0,404.4,0
2020-07-12 06:54:01,5,56,23.7,69,16.7,1031.6,0.7,1.7,0,404.4,0
2020-07-12 06:59:01,5,54,24.0,67,17.5,1031.4,0.0,0.0,3,404.4,0
2020-07-12 07:04:01,5,54,24.3,68,17.2,1031.1,0.3,1.0,15,404.4,0
2020-07-12 07:09:01,5,53,24.6,68,17.4,1030.7,0.3,0.7,0,404.4,0
2020-07-12 07:14:01,5,52,24.9,68,17.8,1030.6,0.0,0.7,0,404.4,0
2020-07-12 07:19:01,5,51,25.2,67,18.4,1030.2,0.3,0.7,4,404.4,0
2020-07-12 07:24:01,5,50,25.3,65,18.3,1030.1,0.0,0.7,15,404.4,0
2020-07-12 07:29:01,5,50,25.4,65,18.4,1029.8,0.3,1.0,4,404.4,0
2020-07-12 07:34:01,5,49,26.2,66,17.9,1029.7,0.3,1.0,0,404.4,0
2020-07-12 07:39:01,5,48,26.2,64,18.9,1029.6,0.0,0.7,5,404.4,0
2020-07-12 07:44:01,5,49,25.4,63,18.7,1029.8,0.7,1.0,10,404.4,0
2020-07-12 07:49:01,5,50,25.3,66,17.9,1030.1,0.3,0.7,13,404.4,0
2020-07-12 07:54:01,5,50,25.2,65,18.8,1030.2,0.3,0.7,5,404.4,0
2020-07-12 07:59:01,5,50,25.1,66,18.5,1030.5,0.7,1.0,1,404.4,0
2020-07-12 08:04:01,5,50,25.0,63,18.5,1030.6,0.7,1.0,3,404.4,0
2020-07-12 08:09:01,5,51,24.7,62,18.8,1030.8,0.7,1.0,4,404.4,0
2020-07-12 08:14:01,5,52,24.6,60,19.4,1030.9,0.0,0.7,3,404.4,0
2020-07-12 08:19:01,5,52,24.4,60,19.2,1031.1,0.7,1.0,15,404.4,0
2020-07-12 08:24:01,5,52,24.4,58,19.4,1031.2,0.7,2.0,5,404.4,0
2020-07-12 08:29:01,5,52,24.3,60,19.4,1031.2,0.3,1.0,5,404.4,0
2020-07-12 08:34:01,5,52,24.2,57,19.7,1031.2,0.3,0.7,5,404.4,0
2020-07-12 08:39:01,5,52,24.1,58,19.5,1031.2,0.3,1.0,5,404.4,0
2020-07-12 08:44:01,5,52,24.1,58,18.7,1031.2,0.7,1.0,3,404.4,0
2020-07-12 08:49:01,5,53,24.1,56,19.0,1031.3,0.7,1.0,1,404.4,0
2020-07-12 08:54:01,5,53,24.1,54,19.5,1031.3,0.0,0.7,12,404.4,0
2020-07-12 08:59:01,5,53,24.0,52,19.3,1031.4,0.7,2.7,8,404.4,0
2020-07-12 09:04:01,5,53,24.0,55,19.5,1031.5,0.0,0.7,3,404.4,0
2020-07-12 09:09:01,5,53,24.0,54,19.0,1031.6,0.7,2.0,14,404.4,0
2020-07-12 09:14:01,5,53,24.0,57,19.6,1031.7,0.7,1.0,4,404.4,0
2020-07-12 09:19:01,5,53,24.0,59,18.8,1031.7,1.0,1.7,2,404.4,0
2020-07-12 09:24:01,5,54,23.9,55,20.3,1031.7,0.0,0.0,6,404.4,0
2020-07-12 09:29:01,5,54,23.9,50,20.9,1031.7,0.3,1.0,9,404.4,0
2020-07-12 09:34:01,5,54,23.9,48,20.0,1031.7,0.7,1.0,1,404.4,0
2020-07-12 09:39:01,5,54,23.9,56,19.0,1031.7,0.7,1.7,6,404.4,0
2020-07-12 09:44:01,5,53,23.8,56,19.2,1031.7,0.3,1.0,6,404.4,0
2020-07-12 09:49:01,5,53,23.8,58,18.3,1031.9,0.7,1.0,15,404.4,0
2020-07-12 09:54:01,5,53,23.8,60,18.0,1032.0,0.7,1.0,15,404.4,0
2020-07-12 09:59:01,5,53,23.8,58,17.8,1031.9,0.3,0.7,7,404.4,0
2020-07-12 10:04:01,5,53,23.8,58,17.8,1032.0,1.0,1.7,4,404.4,0
2020-07-12 10:09:01,5,53,23.7,54,19.1,1032.0,0.3,1.0,5,404.4,0
2020-07-12 10:14:01,5,52,23.7,51,18.7,1032.0,0.0,0.7,1,404.4,0
2020-07-12 10:19:01,5,52,23.6,51,19.4,1032.0,0.3,0.7,15,404.4,0
2020-07-12 10:24:01,5,52,23.6,51,20.2,1032.0,0.3,1.0,2,404.4,0
2020-07-12 10:29:01,5,51,23.6,51,19.9,1032.1,0.3,0.7,13,404.4,0
2020-07-12 10:34:01,5,51,23.6,50,20.5,1032.1,0.3,0.7,13,404.4,0
2020-07-12 10:39:01,5,50,23.6,52,20.4,1032.2,0.3,1.7,2,404.4,0
2020-07-12 10:44:01,5,50,23.6,53,19.2,1032.1,0.3,1.0,2,404.4,0
2020-07-12 10:49:01,5,50,23.6,54,18.6,1032.2,0.3,1.0,1,404.4,0
2020-07-12 10:54:01,5,50,23.6,50,19.5,1032.2,0.0,0.7,3,404.4,0
2020-07-12 10:59:01,5,50,23.6,50,20.2,1032.2,0.3,1.0,2,404.4,0
2020-07-12 11:04:01,5,50,23.6,48,21.1,1032.2,0.0,0.7,2,404.4,0
2020-07-12 11:09:01,5,50,23.6,49,20.9,1032.2,1.0,1.7,15,404.4,0
2020-07-12 11:14:01,5,50,23.6,52,19.7,1032.2,1.0,2.0,5,404.4,0
2020-07-12 11:19:01,5,50,23.5,52,19.7,1032.2,0.0,0.7,2,404.4,0
2020-07-12 11:24:01,5,50,23.5,50,19.9,1032.0,0.0,0.7,3,404.4,0
2020-07-12 11:29:01,5,50,23.4,48,20.4,1032.1,0.0,0.7,3,404.4,0
2020-07-12 11:34:01,5,50,23.4,48,21.4,1032.0,0.3,0.7,4,404.4,0
2020-07-12 11:39:01,5,50,23.4,45,22.5,1031.9,0.3,1.0,8,404.4,0
2020-07-12 11:44:01,5,50,23.5,46,21.7,1031.8,0.3,1.0,9,404.4,0
2020-07-12 11:49:01,5,50,23.5,48,21.5,1031.8,0.3,1.0,11,404.4,0
2020-07-12 11:54:01,5,49,23.6,48,20.7,1031.9,0.3,0.7,3,404.4,0
2020-07-12 11:59:01,5,49,23.5,47,21.5,1031.9,0.3,0.7,4,404.4,0
2020-07-12 12:04:01,5,49,23.5,47,21.4,1031.8,0.3,1.0,4,404.4,0
2020-07-12 12:09:01,5,49,23.5,47,20.7,1031.8,0.7,1.0,14,404.4,0
2020-07-12 12:14:01,5,49,23.5,51,19.6,1031.7,0.3,0.7,3,404.4,0
2020-07-12 12:19:01,5,49,23.4,48,20.6,1031.7,0.3,1.0,8,404.4,0
2020-07-12 12:24:01,5,49,23.4,45,21.3,1031.7,0.3,1.0,3,404.4,0
2020-07-12 12:29:01,5,50,23.4,46,21.4,1031.6,0.3,0.7,6,404.4,0
2020-07-12 12:34:01,5,50,23.4,45,21.3,1031.6,0.0,0.0,1,404.4,0
2020-07-12 12:39:01,5,49,23.4,46,21.6,1031.6,0.3,0.7,7,404.4,0
2020-07-12 12:44:01,5,49,23.4,46,22.0,1031.6,0.0,0.7,4,404.4,0
2020-07-12 12:49:01,5,49,23.4,44,21.6,1031.6,0.7,1.7,4,404.4,0
2020-07-12 12:54:01,5,49,23.4,42,23.0,1031.6,0.3,1.0,4,404.4,0
2020-07-12 12:59:01,5,49,23.4,43,22.9,1031.6,0.3,0.7,11,404.4,0
2020-07-12 13:04:01,5,49,23.4,50,20.8,1031.5,0.7,1.7,4,404.4,0
2020-07-12 13:09:01,5,49,23.4,48,21.4,1031.5,0.3,1.0,4,404.4,0
2020-07-12 13:14:01,5,49,23.4,44,21.7,1031.7,0.0,1.0,0,404.4,0
2020-07-12 13:19:01,5,48,23.4,48,20.7,1031.5,0.7,2.0,4,404.4,0
2020-07-12 13:24:01,5,46,23.4,47,20.9,1031.4,0.3,1.0,2,404.4,0
2020-07-12 13:29:01,5,44,23.4,44,22.2,1031.5,0.3,1.0,0,404.4,0
2020-07-12 13:34:01,5,44,23.4,43,22.3,1031.5,0.3,1.0,14,404.4,0
2020-07-12 13:39:01,5,43,23.4,48,21.2,1031.5,0.3,0.7,0,404.4,0
2020-07-12 13:44:01,5,43,23.4,50,20.7,1031.4,0.3,1.0,1,404.4,0
2020-07-12 13:49:01,5,43,23.4,49,20.8,1031.4,0.3,1.0,0,404.4,0
2020-07-12 13:54:01,5,43,23.4,48,21.4,1031.5,0.0,0.7,5,404.4,0
2020-07-12 13:59:01,5,43,23.4,48,21.6,1031.5,0.0,0.7,15,404.4,0
2020-07-12 14:04:01,5,43,23.4,47,22.3,1031.4,0.3,1.0,12,404.4,0
2020-07-12 14:09:01,5,43,23.4,47,22.0,1031.3,0.0,0.0,11,404.4,0
2020-07-12 14:14:01,5,43,23.4,48,21.4,1031.3,0.3,0.7,12,404.4,0
2020-07-12 14:19:01,5,42,23.4,46,21.2,1031.3,0.0,0.7,15,404.4,0
2020-07-12 14:24:01,5,42,23.4,47,21.0,1031.3,0.3,0.7,5,404.4,0
2020-07-12 14:29:01,5,42,23.4,46,20.9,1031.2,0.0,0.7,12,404.4,0
2020-07-12 14:34:01,5,42,23.4,46,21.2,1031.3,0.3,1.0,3,404.4,0
2020-07-12 14:39:01,5,42,23.3,45,21.4,1031.2,0.3,1.0,2,404.4,0
2020-07-12 14:44:01,5,42,23.3,47,21.3,1031.3,1.0,1.7,1,404.4,0
2020-07-12 14:49:01,5,42,23.3,47,22.0,1031.2,0.0,0.7,11,404.4,0
2020-07-12 14:54:01,5,42,23.4,47,21.9,1031.2,0.3,1.0,14,404.4,0
2020-07-12 14:59:01,5,42,23.4,46,21.9,1031.0,0.0,0.7,3,404.4,0
2020-07-12 15:04:01,5,42,23.4,46,22.0,1031.2,0.0,0.7,2,404.4,0
2020-07-12 15:09:01,5,42,23.5,44,22.2,1030.9,0.3,0.7,3,404.4,0
2020-07-12 15:14:01,5,43,23.6,43,22.8,1030.7,0.3,0.7,4,404.4,0
2020-07-12 15:19:01,5,43,23.7,44,22.3,1030.5,0.3,0.7,3,404.4,0
2020-07-12 15:24:01,5,43,23.7,43,22.8,1030.5,0.0,0.0,4,404.4,0
2020-07-12 15:29:01,5,43,23.8,44,23.8,1030.3,0.3,0.7,3,404.4,0
2020-07-12 15:34:01,5,43,23.8,43,23.3,1030.3,0.7,2.0,4,404.4,0
2020-07-12 15:39:01,5,43,23.9,44,22.5,1030.2,0.7,1.0,10,404.4,0
2020-07-12 15:44:01,5,43,23.9,46,21.4,1030.3,0.7,1.7,12,404.4,0
2020-07-12 15:49:01,5,42,23.9,47,21.6,1030.2,0.0,0.7,4,404.4,0
2020-07-12 15:54:01,5,42,23.9,47,21.3,1030.4,0.0,0.7,4,404.4,0
2020-07-12 15:59:01,5,42,23.9,47,20.9,1030.4,0.3,1.0,13,404.4,0
2020-07-12 16:04:01,5,42,23.8,49,21.0,1030.4,0.0,0.0,15,404.4,0
2020-07-12 16:09:01,5,43,23.8,50,20.4,1030.3,0.3,0.7,2,404.4,0
2020-07-12 16:14:01,5,43,23.8,50,20.6,1030.3,0.0,0.7,3,404.4,0
2020-07-12 16:19:01,5,43,23.9,48,20.7,1030.2,0.0,1.0,2,404.4,0
2020-07-12 16:24:01,5,42,24.0,47,20.6,1030.2,0.3,0.7,1,404.4,0
2020-07-12 16:29:01,5,42,24.0,47,21.0,1030.1,0.0,0.7,4,404.4,0
2020-07-12 16:34:01,5,42,24.1,47,20.7,1029.9,0.7,1.0,1,404.4,0
2020-07-12 16:39:01,5,42,24.1,47,20.5,1029.8,0.0,0.7,1,404.4,0
2020-07-12 16:44:01,5,42,24.2,48,20.5,1029.7,0.0,0.0,10,404.4,0
2020-07-12 16:49:01,5,42,24.3,49,20.9,1029.6,0.0,0.7,4,404.4,0
2020-07-12 16:54:01,5,42,24.4,50,20.6,1029.6,1.0,1.7,12,404.4,0
2020-07-12 16:59:01,5,42,24.4,50,20.7,1029.5,0.0,0.7,3,404.4,0
2020-07-12 17:04:01,5,42,24.4,51,20.4,1029.3,1.0,1.7,0,404.4,0
2020-07-12 17:09:01,5,42,24.6,50,20.7,1029.3,0.3,1.0,11,404.4,0
2020-07-12 17:14:01,5,42,24.6,52,20.5,1029.1,0.3,0.7,14,404.4,0
2020-07-12 17:19:01,5,42,24.6,51,20.5,1029.0,0.0,0.0,12,404.4,0
2020-07-12 17:24:01,5,42,24.6,53,20.3,1029.1,0.3,0.7,4,404.4,0
2020-07-12 17:29:01,5,42,24.6,51,20.1,1028.9,0.3,1.7,2,404.4,0
2020-07-12 17:34:01,5,42,24.6,53,20.0,1028.9,0.0,0.7,4,404.4,0
2020-07-12 17:39:01,5,42,24.6,54,19.9,1028.9,0.0,0.7,2,404.4,0
2020-07-12 17:44:01,5,42,24.6,55,19.8,1029.0,0.0,0.7,1,404.4,0
2020-07-12 17:49:01,5,42,24.6,54,19.6,1028.9,0.3,0.7,0,404.4,0
2020-07-12 17:54:01,5,42,24.6,54,19.7,1029.0,0.0,0.0,15,404.4,0
2020-07-12 17:59:01,5,42,24.5,55,19.6,1029.0,0.7,1.7,1,404.4,0
2020-07-12 18:04:01,5,43,24.5,55,19.4,1029.0,0.3,1.0,15,404.4,0
2020-07-12 18:09:01,5,43,24.4,56,19.3,1029.0,0.0,0.7,4,404.4,0
2020-07-12 18:14:01,5,43,24.4,56,19.3,1029.1,0.3,0.7,15,404.4,0
2020-07-12 18:19:01,5,44,24.4,57,19.3,1029.0,0.3,0.7,5,404.4,0
2020-07-12 18:24:01,5,44,24.4,57,19.2,1029.0,0.0,0.7,4,404.4,0
2020-07-12 18:29:01,5,44,24.3,58,19.2,1029.1,0.0,0.0,5,404.4,0
2020-07-12 18:34:01,5,45,24.3,58,19.1,1029.1,0.0,0.0,14,404.4,0
2020-07-12 18:39:01,5,45,24.2,60,19.0,1029.1,0.7,1.0,3,404.4,0
2020-07-12 18:44:01,5,45,24.2,61,18.9,1029.2,0.7,1.7,5,404.4,0
2020-07-12 18:49:01,5,45,24.1,63,18.7,1029.2,0.0,0.7,1,404.4,0
2020-07-12 18:54:01,5,45,24.1,64,18.5,1029.3,0.7,2.0,15,404.4,0
2020-07-12 18:59:01,5,45,24.1,65,18.3,1029.4,0.3,0.7,3,404.4,0
2020-07-12 19:04:01,5,45,24.0,65,18.1,1029.3,0.0,0.7,0,404.4,0
2020-07-12 19:09:01,5,45,24.0,65,18.0,1029.4,0.3,1.0,15,404.4,0
2020-07-12 19:14:01,5,47,23.9,65,17.9,1029.4,0.3,1.7,15,404.4,0
2020-07-12 19:19:01,5,47,23.9,66,17.8,1029.5,0.0,0.7,15,404.4,0
2020-07-12 19:24:00,5,47,23.8,67,17.7,1029.7,0.7,1.0,13,404.4,0
2020-07-12 19:29:00,5,47,23.8,67,17.6,1029.6,0.0,0.7,1,404.4,0
2020-07-12 19:34:00,5,47,23.8,68,17.5,1029.7,0.0,0.7,2,404.4,0
2020-07-12 19:39:00,5,47,23.7,68,17.4,1029.7,0.0,0.7,2,404.4,0
2020-07-12 19:44:00,5,48,23.7,68,17.3,1029.9,0.3,1.7,1,404.4,0
2020-07-12 19:49:00,5,49,23.7,68,17.2,1029.9,0.3,1.0,1,404.4,0
2020-07-12 19:54:00,5,49,23.6,68,17.1,1030.0,0.0,0.0,14,404.4,0
2020-07-12 19:59:00,5,50,23.6,69,16.9,1030.0,0.3,0.7,1,404.4,0
2020-07-12 20:04:00,5,50,23.6,69,16.9,1030.1,0.0,0.7,15,404.4,0
2020-07-12 20:09:00,5,50,23.5,70,16.7,1030.1,0.3,0.7,15,404.4,0
2020-07-12 20:14:00,5,50,23.5,70,16.6,1030.2,0.0,0.7,2,404.4,0
2020-07-12 20:19:00,5,51,23.5,71,16.5,1030.3,0.0,0.7,3,404.4,0
2020-07-12 20:24:00,5,51,23.4,71,16.4,1030.1,0.3,1.7,8,404.4,0
2020-07-12 20:29:00,5,51,23.4,72,16.3,1030.3,0.3,0.7,3,404.4,0
2020-07-12 20:34:00,5,51,23.4,72,16.2,1030.3,0.0,0.0,3,404.4,0
2020-07-12 20:39:00,5,51,23.4,72,16.1,1030.4,0.3,1.0,4,404.4,0
2020-07-12 20:44:00,5,51,23.3,73,16.0,1030.4,0.0,0.0,1,404.4,0
2020-07-12 20:49:00,5,52,23.3,74,15.9,1030.4,0.0,0.0,4,404.4,0
2020-07-12 20:54:00,5,52,23.2,74,15.8,1030.5,0.3,1.0,2,404.4,0
2020-07-12 20:59:00,5,52,23.2,74,15.7,1030.5,0.0,0.7,2,404.4,0
2020-07-12 21:04:00,5,52,23.2,75,15.6,1030.6,0.0,0.7,3,404.4,0
2020-07-12 21:09:00,5,52,23.1,75,15.6,1030.5,0.3,0.7,1,404.4,0
2020-07-12 21:14:00,5,52,23.1,75,15.5,1030.5,0.0,0.0,3,404.4,0
2020-07-12 21:19:00,5,53,23.1,76,15.4,1030.5,0.0,0.0,3,404.4,0
2020-07-12 21:24:00,5,53,23.1,76,15.3,1030.5,0.0,1.0,0,404.4,0
2020-07-12 21:29:00,5,53,23.1,76,15.4,1030.5,0.0,0.0,3,404.4,0
2020-07-12 21:34:00,5,53,23.1,77,15.3,1030.3,0.0,0.7,2,404.4,0
2020-07-12 21:39:00,5,53,23.1,77,15.3,1030.4,0.0,0.7,2,404.4,0
2020-07-12 21:44:00,5,53,23.1,77,15.1,1030.5,0.0,0.0,4,404.4,0
2020-07-12 21:49:00,5,53,23.1,77,15.1,1030.3,0.0,0.0,7,404.4,0
2020-07-12 21:54:00,5,53,23.0,77,15.0,1030.5,0.0,0.7,2,404.4,0
2020-07-12 21:59:00,5,53,23.0,77,15.0,1030.3,0.0,0.7,3,404.4,0
2020-07-12 22:04:00,5,53,23.0,77,15.0,1030.5,0.0,0.0,3,404.4,0
2020-07-12 22:09:00,5,53,23.0,76,15.0,1030.5,0.0,0.7,3,404.4,0
2020-07-12 22:14:00,5,53,23.0,75,15.1,1030.5,0.3,1.0,1,404.4,0
2020-07-12 22:19:00,5,52,22.9,75,15.1,1030.4,0.0,0.7,15,404.4,0
2020-07-12 22:24:00,5,52,22.9,75,15.0,1030.4,0.0,0.7,3,404.4,0
2020-07-12 22:29:00,5,52,22.9,76,14.9,1030.5,0.0,0.0,3,404.4,0
2020-07-12 22:34:00,5,52,22.8,76,14.8,1030.5,0.0,0.0,3,404.4,0
2020-07-12 22:39:00,5,52,22.8,76,14.8,1030.6,0.0,0.0,3,404.4,0
2020-07-12 22:44:00,5,52,22.7,76,14.8,1030.6,0.0,0.7,3,404.4,0
2020-07-12 22:49:00,5,52,22.7,76,14.7,1030.6,0.0,0.0,3,404.4,0
2020-07-12 22:54:00,5,52,22.7,77,14.6,1030.7,0.0,0.0,4,404.4,0
2020-07-12 22:59:00,5,52,22.7,78,14.4,1030.6,0.0,0.0,3,404.4,0
2020-07-12 23:04:00,5,52,22.6,79,14.3,1030.7,0.0,0.0,3,404.4,0
2020-07-12 23:09:00,5,52,22.6,79,14.1,1030.7,0,0,3,404.4,0
2020-07-12 23:14:00,5,52,22.6,79,14.1,1030.7,0,0,1,404.4,0
2020-07-12 23:19:00,5,53,22.6,79,14.1,1030.7,0,0,1,404.4,0
2020-07-12 23:24:00,5,53,22.6,79,14.1,1030.7,0,0,1,404.4,0
2020-07-12 23:29:00,5,53,22.5,,,1030.6,,,,404.4,2112
2020-07-12 23:34:00,5,53,22.5,,,1030.6,,,,404.4,2112
2020-07-12 23:39:00,5,53,22.5,81,13.7,1030.7,0,0,1,404.4,0
2020-07-12 23:44:00,5,53,22.5,81,13.6,1030.8,0,0,1,404.4,0
2020-07-12 23:49:00,5,53,22.4,82,13.5,1030.6,0,0,1,404.4,0
2020-07-12 23:54:00,5,53,22.3,82,13.5,1030.7,0,0,1,404.4,0
2020-07-12 23:59:00,5,53,22.3,82,13.4,1030.7,0,0,1,404.4,0
