2019-09-19 00:04:00,5,67,20.7,88,10.5,1035.4,0.0,0.0,12,804.3,0
2019-09-19 00:09:00,5,67,20.7,89,10.6,1035.3,0.0,0.0,12,804.3,0
2019-09-19 00:14:00,5,67,20.7,89,10.8,1035.3,0.0,0.0,12,804.3,0
2019-09-19 00:19:00,5,67,20.7,89,10.8,1035.5,0.0,0.0,12,804.3,0
2019-09-19 00:24:00,5,67,20.7,88,11.0,1035.5,0.0,0.0,12,804.3,0
2019-09-19 00:29:00,5,67,20.7,88,11.0,1035.6,0.0,0.0,12,804.3,0
2019-09-19 00:34:00,5,67,20.6,89,11.1,1035.6,0.0,0.0,12,804.3,0
2019-09-19 00:39:00,5,67,20.6,88,11.2,1035.7,0.0,0.0,12,804.3,0
2019-09-19 00:44:00,5,67,20.6,88,11.3,1035.7,0.0,0.0,12,804.3,0
2019-09-19 00:49:00,5,67,20.6,88,11.4,1035.6,0.0,0.0,12,804.3,0
2019-09-19 00:54:00,5,67,20.6,87,11.5,1035.6,0.0,0.0,12,804.3,0
2019-09-19 00:59:00,5,66,20.6,87,11.5,1035.6,0.0,0.0,12,804.3,0
2019-09-19 01:04:00,5,66,20.5,86,11.6,1035.6,0.0,0.0,12,804.3,0
2019-09-19 01:09:00,5,66,20.5,85,11.6,1035.7,0.0,0.3,0,804.3,0
2019-09-19 01:14:00,5,66,20.5,85,11.7,1035.8,0.0,0.0,2,804.3,0
2019-09-19 01:19:00,5,66,20.5,84,11.8,1035.7,0.0,0.0,2,804.3,0
2019-09-19 01:24:00,5,66,20.5,84,11.8,1035.6,0.0,0.0,2,804.3,0
2019-09-19 01:29:00,5,66,20.5,84,11.8,1035.8,0.0,0.3,4,804.3,0
2019-09-19 01:34:00,5,66,20.5,84,11.9,1035.7,0.0,0.0,2,804.3,0
2019-09-19 01:39:00,5,66,20.5,83,11.9,1035.7,0.0,0.0,2,804.3,0
2019-09-19 01:44:00,5,66,20.5,82,12.0,1035.7,0.0,0.0,2,804.3,0
2019-09-19 01:49:00,5,66,20.5,82,12.0,1035.7,0.0,0.0,2,804.3,0
2019-09-19 01:54:00,5,66,20.4,81,12.0,1035.6,0.0,0.0,2,804.3,0
2019-09-19 01:59:00,5,66,20.4,81,12.0,1035.6,0.0,0.0,2,804.3,0
2019-09-19 02:04:00,5,66,20.4,81,12.0,1035.6,0.0,0.0,2,804.3,0
2019-09-19 02:09:00,5,66,20.4,81,12.0,1035.7,0.0,0.0,10,804.3,0
2019-09-19 02:14:00,5,66,20.4,81,12.0,1035.5,0.0,0.0,10,804.3,0
2019-09-19 02:19:00,5,66,20.4,82,11.9,1035.5,0.0,0.0,0,804.3,0
2019-09-19 02:24:00,5,66,20.4,83,11.8,1035.6,0.0,0.0,2,804.3,0
2019-09-19 02:29:00,5,66,20.4,83,11.8,1035.6,0.0,0.0,0,804.3,0
2019-09-19 02:34:00,5,66,20.4,83,11.8,1035.6,0.0,0.0,2,804.3,0
2019-09-19 02:39:00,5,66,20.4,83,11.8,1035.7,0.0,0.0,2,804.3,0
2019-09-19 02:44:00,5,66,20.4,83,11.7,1035.7,0.0,0.0,2,804.3,0
2019-09-19 02:49:00,5,66,20.4,84,11.7,1035.7,0.0,0.0,2,804.3,0
2019-09-19 02:54:00,5,66,20.3,84,11.7,1035.8,0.0,0.0,2,804.3,0
2019-09-19 02:59:00,5,66,20.3,84,11.6,1035.8,0.0,0.0,2,804.3,0
2019-09-19 03:04:00,5,66,20.3,84,11.5,1035.7,0.0,0.0,2,804.3,0
2019-09-19 03:09:00,5,66,20.3,85,11.5,1035.8,0.0,0.0,2,804.3,0
2019-09-19 03:14:00,5,66,20.3,85,11.4,1035.8,0.0,0.0,2,804.3,0
2019-09-19 03:19:00,5,66,20.3,85,11.4,1035.9,0.0,0.0,2,804.3,0
2019-09-19 03:24:00,5,66,20.3,85,11.4,1036.0,0.0,0.0,2,804.3,0
2019-09-19 03:29:00,5,66,20.3,86,11.5,1035.9,0.0,0.0,2,804.3,0
2019-09-19 03:34:00,5,66,20.3,86,11.5,1035.9,0.0,0.0,2,804.3,0
2019-09-19 03:39:00,5,66,20.3,86,11.5,1035.9,0.0,0.0,2,804.3,0
2019-09-19 03:44:00,5,66,20.2,87,11.6,1036.0,0.0,0.0,2,804.3,0
2019-09-19 03:49:00,5,66,20.2,87,11.6,1036.0,0.0,0.0,2,804.3,0
2019-09-19 03:54:00,5,66,20.2,87,11.7,1035.9,0.0,0.0,2,804.3,0
2019-09-19 03:59:00,5,66,20.2,87,11.8,1035.9,0.0,0.0,2,804.3,0
2019-09-19 04:04:00,5,66,20.2,87,11.8,1035.8,0.0,0.0,2,804.3,0
2019-09-19 04:09:00,5,66,20.2,87,11.8,1035.9,0.0,0.0,10,804.3,0
2019-09-19 04:14:00,5,66,20.2,87,11.7,1035.8,0.0,0.0,0,804.3,0
2019-09-19 04:19:00,5,66,20.2,87,11.7,1035.9,0.0,0.0,2,804.3,0
2019-09-19 04:24:00,5,66,20.2,87,11.6,1036.0,0.0,0.0,2,804.3,0
2019-09-19 04:29:00,5,66,20.2,87,11.4,1036.0,0.0,0.0,2,804.3,0
2019-09-19 04:34:00,5,66,20.1,87,11.2,1036.0,0.0,0.0,2,804.3,0
2019-09-19 04:39:00,5,66,20.1,87,11.1,1036.2,0.0,0.0,2,804.3,0
2019-09-19 04:44:00,5,67,20.1,87,11.0,1036.1,0.0,0.0,2,804.3,0
2019-09-19 04:49:00,5,67,20.1,88,10.8,1036.2,0.0,0.0,2,804.3,0
2019-09-19 04:54:00,5,67,20.1,88,10.5,1036.3,0.0,0.0,2,804.3,0
2019-09-19 04:59:00,5,67,20.1,88,10.5,1036.2,0.0,0.0,2,804.3,0
2019-09-19 05:04:00,5,67,20.1,88,10.3,1036.2,0.0,0.0,2,804.3,0
2019-09-19 05:09:00,5,67,20.0,89,10.2,1036.3,0.0,0.0,2,804.3,0
2019-09-19 05:14:00,5,67,20.0,89,10.2,1036.3,0.0,0.0,2,804.3,0
2019-09-19 05:19:00,5,67,20.0,90,10.1,1036.4,0.0,0.0,2,804.3,0
2019-09-19 05:24:00,5,67,20.0,90,10.0,1036.5,0.0,0.0,2,804.3,0
2019-09-19 05:29:00,5,68,20.0,90,10.0,1036.5,0.0,0.0,6,804.3,0
2019-09-19 05:34:00,5,67,20.0,90,10.0,1036.4,0.0,0.0,6,804.3,0
2019-09-19 05:39:00,5,67,20.0,91,10.0,1036.5,0.0,0.0,6,804.3,0
2019-09-19 05:44:00,5,66,20.0,92,9.9,1036.4,0.0,0.0,6,804.3,0
2019-09-19 05:49:00,5,66,20.0,92,9.9,1036.5,0.0,0.0,6,804.3,0
2019-09-19 05:54:00,5,66,20.0,91,10.0,1036.6,0.0,0.0,6,804.3,0
2019-09-19 05:59:00,5,67,20.0,92,10.2,1036.7,0.0,0.0,6,804.3,0
2019-09-19 06:04:00,5,68,20.0,92,10.2,1036.8,0.0,0.0,6,804.3,0
2019-09-19 06:09:00,5,67,20.0,92,10.5,1036.9,0.0,0.0,6,804.3,0
2019-09-19 06:14:00,5,68,20.0,92,10.7,1036.8,0.0,0.0,6,804.3,0
2019-09-19 06:19:00,5,69,20.0,93,10.8,1036.8,0.0,0.0,6,804.3,0
2019-09-19 06:24:00,5,69,20.1,92,11.2,1036.8,0.0,0.0,6,804.3,0
2019-09-19 06:29:00,5,69,20.2,92,11.5,1036.8,0.0,0.0,6,804.3,0
2019-09-19 06:34:00,5,69,20.3,92,11.9,1036.8,0.0,0.0,6,804.3,0
2019-09-19 06:39:00,5,69,20.3,91,12.2,1036.7,0.0,0.0,6,804.3,0
2019-09-19 06:44:00,5,69,20.5,92,13.0,1036.7,0.0,0.0,6,804.3,0
2019-09-19 06:49:00,5,69,20.7,91,14.7,1036.3,0.0,0.0,6,804.3,0
2019-09-19 06:54:00,5,66,21.0,88,15.3,1036.3,0.0,0.0,6,804.3,0
2019-09-19 06:59:00,5,65,21.1,84,15.0,1036.1,0.0,0.0,4,804.3,0
2019-09-19 07:04:00,5,65,21.1,83,14.6,1036.2,0.0,0.0,0,804.3,0
2019-09-19 07:09:00,5,65,21.1,82,14.3,1036.3,0.0,0.0,4,804.3,0
2019-09-19 07:14:00,5,65,21.2,82,14.6,1036.2,0.0,0.0,2,804.3,0
2019-09-19 07:19:00,5,65,21.2,81,14.7,1036.3,0.0,0.0,2,804.3,0
2019-09-19 07:24:00,5,65,21.2,80,14.6,1036.3,0.0,0.0,2,804.3,0
2019-09-19 07:29:00,5,65,21.2,80,14.8,1036.3,0.0,0.0,10,804.3,0
2019-09-19 07:34:00,5,65,21.2,78,14.6,1036.3,0.0,0.0,8,804.3,0
2019-09-19 07:39:00,5,65,21.2,78,14.6,1036.4,0.0,0.0,8,804.3,0
2019-09-19 07:44:00,5,65,21.3,78,14.9,1036.4,0.0,0.0,8,804.3,0
2019-09-19 07:49:00,5,65,21.5,78,15.6,1036.3,0.0,0.0,2,804.3,0
2019-09-19 07:54:00,5,64,21.6,75,15.8,1036.3,0.0,0.0,10,804.3,0
2019-09-19 07:59:00,5,64,21.7,73,15.9,1036.2,0.0,0.3,10,804.3,0
2019-09-19 08:04:00,5,64,21.7,73,15.9,1036.2,0.0,0.0,6,804.3,0
2019-09-19 08:09:00,5,64,21.7,69,16.2,1036.1,0.0,0.0,6,804.3,0
2019-09-19 08:14:00,5,63,21.8,68,16.2,1036.2,0.0,0.0,8,804.3,0
2019-09-19 08:19:00,5,63,21.8,66,16.0,1036.3,0.0,0.3,6,804.3,0
2019-09-19 08:24:00,5,63,21.8,68,15.9,1036.3,0.0,0.0,10,804.3,0
2019-09-19 08:29:00,5,63,21.7,68,15.9,1036.4,0.3,1.0,4,804.3,0
2019-09-19 08:34:00,5,63,21.7,67,15.7,1036.4,0.0,0.3,0,804.3,0
2019-09-19 08:39:00,5,63,21.7,67,15.6,1036.4,0.3,1.0,0,804.3,0
2019-09-19 08:44:00,5,63,21.7,67,15.7,1036.4,0.0,0.0,2,804.3,0
2019-09-19 08:49:00,5,62,21.8,66,16.2,1036.3,0.0,0.7,0,804.3,0
2019-09-19 08:54:00,5,62,21.8,65,16.7,1036.3,0.0,0.0,0,804.3,0
2019-09-19 08:59:00,5,62,21.8,64,16.7,1036.4,0.0,0.0,10,804.3,0
2019-09-19 09:04:00,5,62,21.8,63,16.7,1036.4,0.7,1.4,2,804.3,0
2019-09-19 09:09:00,5,62,21.8,63,16.4,1036.4,0.7,1.0,14,804.3,0
2019-09-19 09:14:00,5,62,21.8,63,16.3,1036.5,0.0,0.0,0,804.3,0
2019-09-19 09:19:00,5,62,21.9,64,16.6,1036.4,0.0,0.0,2,804.3,0
2019-09-19 09:24:00,5,61,22.0,62,17.2,1036.4,0.0,0.7,2,804.3,0
2019-09-19 09:29:00,5,62,22.1,60,17.2,1036.1,0.0,0.3,0,804.3,0
2019-09-19 09:34:00,5,62,22.2,60,17.0,1036.0,0.0,0.0,0,804.3,0
2019-09-19 09:39:00,5,63,22.3,60,17.0,1036.1,0.7,1.4,14,804.3,0
2019-09-19 09:44:00,5,63,22.4,61,16.8,1036.0,1.0,1.4,0,804.3,0
2019-09-19 09:49:00,5,63,22.5,61,16.6,1035.9,0.0,0.0,6,804.3,0
2019-09-19 09:54:00,5,63,22.5,62,16.9,1035.8,0.0,0.3,6,804.3,0
2019-09-19 09:59:00,5,64,22.6,60,17.6,1035.8,0.0,0.0,2,804.3,0
2019-09-19 10:04:00,5,64,22.7,60,17.6,1035.6,0.0,0.0,0,804.3,0
2019-09-19 10:09:01,5,64,22.9,59,17.9,1035.5,0.3,1.4,2,804.3,0
2019-09-19 10:14:01,5,64,23.0,57,18.3,1035.4,0.0,0.3,0,804.3,0
2019-09-19 10:19:01,5,64,23.0,57,18.4,1035.4,0.0,0.0,2,804.3,0
2019-09-19 10:24:01,5,64,23.0,57,17.9,1035.5,0.3,1.0,8,804.3,0
2019-09-19 10:29:01,5,64,23.0,58,17.6,1035.2,0.7,1.4,4,804.3,0
2019-09-19 10:34:01,5,62,22.9,58,17.1,1035.2,0.0,0.0,2,804.3,0
2019-09-19 10:39:01,5,62,22.9,59,16.9,1035.2,1.0,2.0,0,804.3,0
2019-09-19 10:44:01,5,62,22.9,60,16.8,1035.2,0.0,1.4,0,804.3,0
2019-09-19 10:49:01,5,62,22.9,59,17.4,1035.3,0.0,0.0,2,804.3,0
2019-09-19 10:54:01,5,62,22.9,57,18.2,1035.0,0.0,0.0,4,804.3,0
2019-09-19 10:59:01,5,62,22.9,56,18.4,1035.0,0.0,0.0,2,804.3,0
2019-09-19 11:04:01,5,62,22.9,55,18.7,1035.0,0.0,0.7,2,804.3,0
2019-09-19 11:09:01,5,61,22.9,55,18.6,1035.1,1.0,1.7,2,804.3,0
2019-09-19 11:14:01,5,63,23.0,55,18.2,1034.8,0.0,0.0,6,804.3,0
2019-09-19 11:19:01,5,62,23.0,54,19.1,1034.9,0.7,1.7,4,804.3,0
2019-09-19 11:24:01,5,62,23.0,54,18.8,1034.9,0.7,1.4,0,804.3,0
2019-09-19 11:29:01,5,61,22.9,55,18.3,1035.0,0.7,1.4,2,804.3,0
2019-09-19 11:34:01,5,61,22.9,56,17.9,1035.1,0.7,1.4,2,804.3,0
2019-09-19 11:39:01,5,61,22.9,54,19.0,1035.0,1.0,1.7,14,804.3,0
2019-09-19 11:44:01,5,61,22.9,52,19.5,1035.1,0.0,0.0,10,804.3,0
2019-09-19 11:49:01,5,61,22.8,52,19.5,1035.0,0.0,0.3,8,804.3,0
2019-09-19 11:54:01,5,61,22.8,52,19.4,1035.0,0.3,0.7,0,804.3,0
2019-09-19 11:59:01,5,61,22.7,52,19.5,1035.1,0.7,1.4,0,804.3,0
2019-09-19 12:04:01,5,60,22.7,52,19.4,1034.9,0.3,0.7,0,804.3,0
2019-09-19 12:09:01,5,60,22.7,52,20.3,1035.0,0.3,1.7,2,804.3,0
2019-09-19 12:14:01,5,60,22.7,50,20.6,1035.1,0.3,1.0,12,804.3,0
2019-09-19 12:19:01,5,60,22.7,49,20.2,1035.0,0.3,1.7,0,804.3,0
2019-09-19 12:24:01,5,60,22.6,51,19.9,1035.1,0.0,0.3,4,804.3,0
2019-09-19 12:29:01,5,60,22.6,51,19.3,1035.1,0.0,0.3,6,804.3,0
2019-09-19 12:34:01,5,60,22.6,53,19.2,1035.1,0.3,1.0,4,804.3,0
2019-09-19 12:39:01,5,60,22.6,52,19.4,1035.1,0.3,1.0,2,804.3,0
2019-09-19 12:44:01,5,60,22.6,52,19.7,1035.1,0.7,1.4,6,804.3,0
2019-09-19 12:50:01,5,60,22.6,51,19.4,1035.1,1.0,1.7,0,804.3,0
2019-09-19 12:54:01,5,60,22.6,53,18.8,1035.2,0.0,0.7,8,804.3,0
2019-09-19 12:59:01,5,60,22.6,53,18.8,1035.0,0.0,0.3,4,804.3,0
2019-09-19 13:04:01,5,60,22.5,54,18.7,1035.0,0.3,0.7,4,804.3,0
2019-09-19 13:09:01,5,60,22.5,54,18.4,1035.0,0.7,1.4,4,804.3,0
2019-09-19 13:14:01,5,60,22.5,54,18.3,1035.1,0.0,0.7,0,804.3,0
2019-09-19 13:19:01,5,60,22.5,55,18.6,1035.0,0.3,1.4,2,804.3,0
2019-09-19 13:24:01,5,60,22.5,54,19.5,1034.9,0.3,1.0,12,804.3,0
2019-09-19 13:29:01,5,60,22.5,50,20.4,1034.9,1.0,2.4,8,804.3,0
2019-09-19 13:34:01,5,60,22.5,49,20.3,1035.0,0.0,0.7,12,804.3,0
2019-09-19 13:39:01,5,61,22.5,50,20.0,1035.0,0.0,0.0,12,804.3,0
2019-09-19 13:44:01,5,61,22.5,50,20.3,1034.9,1.0,2.4,10,804.3,0
2019-09-19 13:49:01,5,61,22.5,52,19.9,1035.1,0.3,1.0,14,804.3,0
2019-09-19 13:54:01,5,61,22.5,53,19.4,1034.8,0.0,0.3,10,804.3,0
2019-09-19 13:59:01,5,61,22.5,54,18.9,1034.9,1.0,1.4,0,804.3,0
2019-09-19 14:04:01,5,61,22.5,54,18.8,1034.9,0.0,0.7,2,804.3,0
2019-09-19 14:09:01,5,61,22.5,55,18.8,1034.8,0.7,1.0,6,804.3,0
2019-09-19 14:14:01,5,61,22.5,52,19.9,1034.6,0.0,0.3,6,804.3,0
2019-09-19 14:19:01,5,61,22.6,49,20.4,1034.6,0.7,1.0,6,804.3,0
2019-09-19 14:24:01,5,61,22.6,49,20.6,1034.3,0.0,0.7,0,804.3,0
2019-09-19 14:29:01,5,60,22.6,48,20.6,1034.2,0.3,1.7,2,804.3,0
2019-09-19 14:34:01,5,60,22.6,48,20.6,1034.3,0.3,0.7,4,804.3,0
2019-09-19 14:39:01,5,60,22.6,48,20.6,1034.2,0.0,0.0,12,804.3,0
2019-09-19 14:44:01,5,60,22.6,48,20.1,1034.1,0.7,1.4,12,804.3,0
2019-09-19 14:49:01,5,59,22.6,51,19.2,1034.1,0.0,0.7,12,804.3,0
2019-09-19 14:54:01,5,59,22.6,53,18.8,1034.1,0.0,0.7,6,804.3,0
2019-09-19 14:59:01,5,59,22.6,53,18.6,1034.0,0.7,1.0,2,804.3,0
2019-09-19 15:04:01,5,59,22.7,54,18.3,1033.9,0.0,0.0,2,804.3,0
2019-09-19 15:09:01,5,59,22.7,54,18.4,1033.8,0.7,1.7,8,804.3,0
2019-09-19 15:14:01,5,59,22.7,54,18.4,1033.8,0.0,0.3,14,804.3,0
2019-09-19 15:19:01,5,58,22.7,54,18.2,1033.9,0.7,1.4,0,804.3,0
2019-09-19 15:24:01,5,58,22.7,53,17.9,1033.8,0.3,1.0,2,804.3,0
2019-09-19 15:29:01,5,58,22.7,53,17.8,1033.9,0.3,1.0,14,804.3,0
2019-09-19 15:34:01,5,58,22.7,54,17.7,1033.8,0.0,0.0,0,804.3,0
2019-09-19 15:39:01,5,58,22.7,55,17.6,1033.8,0.0,0.0,2,804.3,0
2019-09-19 15:44:01,5,58,22.7,55,17.6,1034.0,0.3,0.7,2,804.3,0
2019-09-19 15:49:01,5,58,22.7,55,17.6,1033.7,0.7,1.4,6,804.3,0
2019-09-19 15:54:01,5,57,22.7,55,17.6,1034.0,0.3,1.0,14,804.3,0
2019-09-19 15:59:01,5,58,22.8,55,17.6,1034.0,0.3,1.0,6,804.3,0
2019-09-19 16:04:01,5,59,22.9,55,17.6,1034.0,0.3,0.3,0,804.3,0
2019-09-19 16:09:01,5,59,22.9,55,17.3,1034.0,0.0,0.0,0,804.3,0
2019-09-19 16:14:01,5,59,22.9,54,17.2,1034.0,0.0,0.0,4,804.3,0
2019-09-19 16:19:01,5,59,22.9,56,17.1,1034.0,0.3,0.7,0,804.3,0
2019-09-19 16:24:01,5,59,22.9,58,16.8,1033.9,0.0,0.0,2,804.3,0
2019-09-19 16:29:01,5,59,22.8,59,16.6,1033.9,0.0,0.0,0,804.3,0
2019-09-19 16:34:01,5,59,22.8,59,16.5,1034.0,0.0,1.0,14,804.3,0
2019-09-19 16:39:01,5,60,22.7,60,16.4,1033.9,0.0,1.0,2,804.3,0
2019-09-19 16:44:01,5,60,22.7,60,16.3,1034.0,0.3,1.0,2,804.3,0
2019-09-19 16:49:01,5,60,22.7,61,16.2,1034.0,0.0,1.0,14,804.3,0
2019-09-19 16:54:01,5,61,22.7,61,16.2,1034.0,0.0,0.3,10,804.3,0
2019-09-19 16:59:01,5,61,22.7,62,16.2,1034.1,0.0,0.3,4,804.3,0
2019-09-19 17:04:01,5,61,22.6,62,16.1,1034.0,0.0,0.3,6,804.3,0
2019-09-19 17:09:01,5,61,22.6,63,16.0,1034.1,0.0,0.0,2,804.3,0
2019-09-19 17:14:01,5,61,22.6,64,15.9,1034.2,0.0,0.0,2,804.3,0
2019-09-19 17:19:01,5,61,22.5,65,15.9,1034.2,0.0,0.3,0,804.3,0
2019-09-19 17:24:01,5,61,22.5,66,15.8,1034.4,0.0,0.0,0,804.3,0
2019-09-19 17:29:01,5,61,22.5,67,15.6,1034.3,0.0,0.0,2,804.3,0
2019-09-19 17:34:01,5,62,22.4,68,15.5,1034.5,0.0,0.0,0,804.3,0
2019-09-19 17:39:01,5,62,22.3,69,15.4,1034.7,0.0,0.0,0,804.3,0
2019-09-19 17:44:01,5,62,22.3,70,15.3,1034.6,0.0,0.0,0,804.3,0
2019-09-19 17:49:01,5,62,22.3,70,15.2,1034.6,0.0,0.0,0,804.3,0
2019-09-19 17:54:01,5,62,22.2,71,15.2,1034.7,0.0,0.0,0,804.3,0
2019-09-19 17:59:01,5,63,22.2,71,15.1,1034.7,0.0,0.0,14,804.3,0
2019-09-19 18:04:01,5,63,22.2,71,15.0,1034.8,0.0,0.0,2,804.3,0
2019-09-19 18:09:01,5,63,22.2,72,14.8,1034.8,0.0,0.0,0,804.3,0
2019-09-19 18:14:01,5,63,22.1,73,14.5,1034.9,0.0,0.0,0,804.3,0
2019-09-19 18:19:01,5,63,22.1,73,14.3,1034.9,0.0,0.0,0,804.3,0
2019-09-19 18:24:01,5,64,22.1,74,14.2,1035.0,0.0,0.0,0,804.3,0
2019-09-19 18:29:01,5,64,22.0,75,13.9,1035.0,0.0,0.0,0,804.3,0
2019-09-19 18:34:01,5,65,22.0,76,13.8,1035.0,0.0,0.0,0,804.3,0
2019-09-19 18:39:01,5,65,22.0,77,13.7,1035.1,0.0,0.0,0,804.3,0
2019-09-19 18:44:01,5,65,22.0,78,13.6,1035.0,0.0,0.0,0,804.3,0
2019-09-19 18:49:01,5,65,22.0,79,13.4,1035.2,0.0,0.0,0,804.3,0
2019-09-19 18:54:01,5,66,21.9,80,13.3,1035.0,0.0,0.0,10,804.3,0
2019-09-19 18:59:01,5,66,21.9,81,13.2,1035.2,0.0,0.0,10,804.3,0
2019-09-19 19:04:01,5,66,21.9,81,13.1,1035.2,0.0,0.0,10,804.3,0
2019-09-19 19:09:01,5,67,21.9,81,12.9,1035.2,0.0,0.0,10,804.3,0
2019-09-19 19:14:01,5,67,21.9,81,12.9,1035.2,0.0,0.0,2,804.3,0
2019-09-19 19:19:01,5,67,21.8,82,12.8,1035.4,0.0,0.0,2,804.3,0
2019-09-19 19:24:01,5,67,21.8,82,12.7,1035.3,0.0,0.0,2,804.3,0
2019-09-19 19:29:01,5,67,21.8,82,12.5,1035.4,0.0,0.0,2,804.3,0
2019-09-19 19:34:01,5,67,21.8,83,12.4,1035.4,0.0,0.0,2,804.3,0
2019-09-19 19:39:01,5,67,21.7,83,12.3,1035.3,0.0,0.0,8,804.3,0
2019-09-19 19:44:01,5,66,21.8,84,12.2,1035.4,0.0,0.0,8,804.3,0
2019-09-19 19:49:01,5,65,21.7,84,12.2,1035.3,0.0,0.0,0,804.3,0
2019-09-19 19:54:01,5,65,21.7,85,12.1,1035.5,0.0,0.0,0,804.3,0
2019-09-19 19:59:01,5,67,21.8,85,12.0,1035.5,0.0,0.0,0,804.3,0
2019-09-19 20:04:01,5,66,21.8,85,12.0,1035.5,0.0,0.0,0,804.3,0
2019-09-19 20:09:01,5,67,21.8,87,11.9,1035.5,0.0,0.0,0,804.3,0
2019-09-19 20:14:01,5,66,21.9,87,11.7,1035.5,0.0,0.0,0,804.3,0
2019-09-19 20:19:01,5,66,21.9,87,11.6,1035.6,0.0,0.0,0,804.3,0
2019-09-19 20:24:01,5,66,21.9,88,11.6,1035.7,0.0,0.0,0,804.3,0
2019-09-19 20:29:01,5,67,21.9,88,11.6,1035.6,0.0,0.0,0,804.3,0
2019-09-19 20:34:01,5,67,21.9,89,11.5,1035.6,0.0,0.0,12,804.3,0
2019-09-19 20:39:01,5,67,21.9,89,11.5,1035.6,0.0,0.0,12,804.3,0
2019-09-19 20:44:01,5,67,21.8,89,11.4,1035.7,0.0,0.0,12,804.3,0
2019-09-19 20:49:01,5,67,21.8,89,11.3,1035.7,0.0,0.0,12,804.3,0
2019-09-19 20:54:01,5,67,21.8,89,11.2,1035.7,0.0,0.0,12,804.3,0
2019-09-19 20:59:01,5,67,21.8,90,11.2,1035.6,0.0,0.0,12,804.3,0
2019-09-19 21:04:01,5,67,21.8,90,11.2,1035.8,0.0,0.0,12,804.3,0
2019-09-19 21:09:01,5,67,21.8,90,11.1,1035.7,0.0,0.0,12,804.3,0
2019-09-19 21:14:01,5,67,21.7,90,11.2,1035.6,0.0,0.0,12,804.3,0
2019-09-19 21:19:01,5,67,21.7,90,11.1,1035.8,0.0,0.0,12,804.3,0
2019-09-19 21:24:01,5,67,21.7,90,11.1,1035.8,0.0,0.0,12,804.3,0
2019-09-19 21:29:01,5,67,21.7,90,11.0,1035.8,0.0,0.0,4,804.3,0
2019-09-19 21:34:01,5,67,21.6,90,11.0,1035.8,0.0,0.0,6,804.3,0
2019-09-19 21:39:01,5,67,21.6,91,11.0,1035.8,0.0,0.0,6,804.3,0
2019-09-19 21:44:01,5,67,21.5,90,11.0,1035.9,0.0,0.0,12,804.3,0
2019-09-19 21:49:01,5,67,21.5,90,11.0,1035.8,0.0,0.0,12,804.3,0
2019-09-19 21:54:01,5,67,21.5,90,11.0,1035.7,0.0,0.0,12,804.3,0
2019-09-19 21:59:01,5,68,21.5,90,11.0,1035.9,0.0,0.0,12,804.3,0
2019-09-19 22:04:01,5,68,21.5,91,10.9,1035.8,0.0,0.0,12,804.3,0
2019-09-19 22:09:01,5,68,21.5,91,10.7,1035.8,0.0,0.0,12,804.3,0
2019-09-19 22:14:01,5,68,21.4,91,10.7,1035.8,0.0,0.0,12,804.3,0
2019-09-19 22:19:01,5,68,21.4,90,10.7,1035.8,0.0,0.0,12,804.3,0
2019-09-19 22:24:01,5,68,21.3,90,10.5,1035.7,0.0,0.0,12,804.3,0
2019-09-19 22:29:01,5,68,21.3,90,10.5,1035.7,0.0,0.0,12,804.3,0
2019-09-19 22:34:01,5,68,21.3,90,10.5,1035.8,0.0,0.0,12,804.3,0
2019-09-19 22:39:01,5,68,21.3,90,10.5,1035.8,0.0,0.0,12,804.3,0
2019-09-19 22:44:01,5,68,21.3,90,10.5,1035.8,0.0,0.0,14,804.3,0
2019-09-19 22:49:01,5,68,21.3,90,10.5,1035.9,0.0,0.0,12,804.3,0
2019-09-19 22:54:01,5,68,21.2,90,10.7,1035.9,0.0,0.0,12,804.3,0
2019-09-19 22:59:01,5,68,21.2,90,10.7,1035.8,0.0,0.0,12,804.3,0
2019-09-19 23:04:01,5,68,21.2,89,10.5,1035.8,0.0,0.0,12,804.3,0
2019-09-19 23:09:01,5,68,21.2,89,10.5,1035.8,0,0,2,804.3,0
2019-09-19 23:14:01,5,68,21.2,89,10.5,1035.8,0,0,2,804.3,0
2019-09-19 23:19:01,5,68,21.2,89,10.5,1035.9,0,0,2,804.3,0
2019-09-19 23:24:01,5,68,21.2,89,10.4,1035.9,0,0,2,804.3,0
2019-09-19 23:29:01,5,68,21.1,89,10.4,1035.7,0,0,2,804.3,0
2019-09-19 23:34:01,5,68,21.1,89,10.3,1035.9,0,0,2,804.3,0
2019-09-19 23:39:01,5,68,21.1,89,10.2,1036.0,0,0,0,804.3,0
2019-09-19 23:44:01,5,68,21.1,89,10.2,1035.9,0,0,0,804.3,0
2019-09-19 23:49:01,5,68,21.1,89,10.1,1035.9,0,0,0,804.3,0
2019-09-19 23:54:01,5,68,21.1,89,10.0,1035.9,0,0,0,804.3,0
2019-09-19 23:59:01,5,68,21.1,90,9.9,1036.0,0,0,0,804.3,0
