2019-09-15 00:02:00,5,64,21.7,92,10.6,1030.9,0.0,0.0,10,804.3,0
2019-09-15 00:07:00,5,64,21.7,92,10.6,1030.9,0.0,0.0,10,804.3,0
2019-09-15 00:12:00,5,64,21.7,93,10.6,1030.9,0.0,0.0,10,804.3,0
2019-09-15 00:17:00,5,64,21.7,93,10.6,1030.8,0.0,0.0,0,804.3,0
2019-09-15 00:22:00,5,64,21.6,93,10.6,1030.9,0.0,0.0,0,804.3,0
2019-09-15 00:27:00,5,64,21.6,93,10.6,1030.8,0.0,0.0,0,804.3,0
2019-09-15 00:32:00,5,64,21.5,93,10.5,1030.8,0.0,0.0,0,804.3,0
2019-09-15 00:37:00,5,64,21.5,93,10.4,1030.7,0.0,0.0,0,804.3,0
2019-09-15 00:42:00,5,64,21.5,93,10.5,1030.6,0.0,0.0,8,804.3,0
2019-09-15 00:47:00,5,64,21.5,94,10.4,1030.5,0.0,0.0,8,804.3,0
2019-09-15 00:52:00,5,64,21.5,94,10.4,1030.6,0.0,0.0,8,804.3,0
2019-09-15 00:57:00,5,65,21.5,94,10.3,1030.6,0.0,0.0,8,804.3,0
2019-09-15 01:02:00,5,65,21.5,94,10.3,1030.5,0.0,0.0,8,804.3,0
2019-09-15 01:07:00,5,65,21.5,94,10.3,1030.3,0.0,0.0,8,804.3,0
2019-09-15 01:12:00,5,64,21.5,94,10.2,1030.3,0.0,0.0,8,804.3,0
2019-09-15 01:17:00,5,64,21.5,94,10.3,1030.2,0.0,0.0,8,804.3,0
2019-09-15 01:22:00,5,64,21.4,94,10.3,1030.3,0.0,0.0,8,804.3,0
2019-09-15 01:27:00,5,64,21.3,94,10.2,1030.3,0.0,0.0,8,804.3,0
2019-09-15 01:32:00,5,64,21.3,94,10.2,1030.3,0.0,0.0,8,804.3,0
2019-09-15 01:37:00,5,64,21.3,94,10.2,1030.2,0.0,0.0,8,804.3,0
2019-09-15 01:42:00,5,64,21.3,94,10.2,1030.2,0.0,0.0,8,804.3,0
2019-09-15 01:47:00,5,64,21.3,94,10.2,1030.0,0.0,0.0,8,804.3,0
2019-09-15 01:52:00,5,64,21.3,95,10.2,1029.8,0.0,0.0,10,804.3,0
2019-09-15 01:57:00,5,64,21.3,95,10.2,1029.8,0.0,0.0,8,804.3,0
2019-09-15 02:02:00,5,64,21.2,95,10.2,1029.8,0.0,0.0,8,804.3,0
2019-09-15 02:07:00,5,64,21.2,95,10.2,1029.7,0.0,0.0,8,804.3,0
2019-09-15 02:12:00,5,64,21.2,95,10.3,1029.8,0.0,0.0,8,804.3,0
2019-09-15 02:17:00,5,64,21.2,95,10.2,1029.7,0.0,0.0,8,804.3,0
2019-09-15 02:22:00,5,64,21.2,94,10.2,1029.6,0.0,0.0,8,804.3,0
2019-09-15 02:27:00,5,64,21.2,94,10.1,1029.8,0.0,0.0,8,804.3,0
2019-09-15 02:32:00,5,64,21.2,94,10.1,1029.8,0.0,0.0,8,804.3,0
2019-09-15 02:37:00,5,65,21.2,94,10.0,1029.6,0.0,0.0,8,804.3,0
2019-09-15 02:42:00,5,65,21.2,94,10.0,1029.7,0.0,0.0,8,804.3,0
2019-09-15 02:47:00,5,65,21.2,94,10.0,1029.7,0.0,0.0,8,804.3,0
2019-09-15 02:52:00,5,65,21.1,94,10.1,1029.7,0.0,0.0,8,804.3,0
2019-09-15 02:57:00,5,65,21.1,94,10.0,1029.8,0.0,0.0,8,804.3,0
2019-09-15 03:02:00,5,65,21.1,94,10.0,1029.7,0.0,0.0,8,804.3,0
2019-09-15 03:07:00,5,65,21.1,94,10.0,1029.8,0.0,0.0,8,804.3,0
2019-09-15 03:12:00,5,65,21.1,95,9.9,1029.8,0.0,0.0,8,804.3,0
2019-09-15 03:17:00,5,65,21.1,95,9.8,1029.6,0.0,0.0,8,804.3,0
2019-09-15 03:22:00,5,65,21.1,95,9.9,1029.7,0.0,0.0,8,804.3,0
2019-09-15 03:27:00,5,65,21.1,95,9.8,1029.6,0.0,0.0,6,804.3,0
2019-09-15 03:32:00,5,65,21.1,95,9.9,1029.5,0.0,0.0,6,804.3,0
2019-09-15 03:37:00,5,64,21.0,95,9.9,1029.5,0.0,0.0,6,804.3,0
2019-09-15 03:42:00,5,64,21.0,94,10.0,1029.5,0.0,0.0,8,804.3,0
2019-09-15 03:47:00,5,64,21.0,94,10.0,1029.5,0.0,0.0,8,804.3,0
2019-09-15 03:52:00,5,64,21.0,94,10.1,1029.5,0.0,0.0,8,804.3,0
2019-09-15 03:57:00,5,64,21.0,94,10.0,1029.6,0.0,0.0,8,804.3,0
2019-09-15 04:02:00,5,64,21.0,94,10.0,1029.6,0.0,0.0,8,804.3,0
2019-09-15 04:07:00,5,65,20.9,94,10.0,1029.6,0.0,0.0,8,804.3,0
2019-09-15 04:12:00,5,65,20.9,94,10.1,1029.5,0.0,0.0,8,804.3,0
2019-09-15 04:17:00,5,65,20.9,94,10.1,1029.5,0.0,0.0,8,804.3,0
2019-09-15 04:22:00,5,65,20.9,94,10.1,1029.5,0.0,0.0,8,804.3,0
2019-09-15 04:27:00,5,65,20.8,94,10.1,1029.5,0.0,0.0,8,804.3,0
2019-09-15 04:32:00,5,65,20.8,94,10.1,1029.4,0.0,0.0,8,804.3,0
2019-09-15 04:37:00,5,65,20.7,94,10.1,1029.4,0.0,0.0,8,804.3,0
2019-09-15 04:42:00,5,65,20.7,94,10.1,1029.5,0.0,0.0,8,804.3,0
2019-09-15 04:47:00,5,65,20.7,94,10.1,1029.5,0.0,0.0,8,804.3,0
2019-09-15 04:52:00,5,65,20.7,94,10.1,1029.4,0.0,0.0,8,804.3,0
2019-09-15 04:57:00,5,65,20.7,94,10.0,1029.4,0.0,0.0,8,804.3,0
2019-09-15 05:02:00,5,65,20.7,95,9.9,1029.4,0.0,0.0,8,804.3,0
2019-09-15 05:07:00,5,65,20.7,95,9.9,1029.5,0.0,0.0,8,804.3,0
2019-09-15 05:12:00,5,65,20.7,96,9.9,1029.5,0.0,0.0,8,804.3,0
2019-09-15 05:17:00,5,65,20.7,95,10.0,1029.5,0.0,0.0,12,804.3,0
2019-09-15 05:22:00,5,65,20.6,95,10.0,1029.6,0.0,0.0,12,804.3,0
2019-09-15 05:27:00,5,65,20.6,95,10.1,1029.6,0.0,0.0,12,804.3,0
2019-09-15 05:32:00,5,65,20.6,95,10.2,1029.3,0.0,0.0,10,804.3,0
2019-09-15 05:37:00,5,65,20.6,95,10.3,1029.5,0.0,0.0,8,804.3,0
2019-09-15 05:42:00,5,65,20.6,96,10.4,1029.4,0.0,0.0,8,804.3,0
2019-09-15 05:47:00,5,65,20.6,96,10.6,1029.5,0.0,0.0,8,804.3,0
2019-09-15 05:52:00,5,65,20.7,95,11.5,1029.4,0.0,0.0,8,804.3,0
2019-09-15 05:57:00,5,65,20.7,95,12.7,1029.3,0.0,0.0,8,804.3,0
2019-09-15 06:02:00,5,65,20.9,94,13.0,1029.2,0.0,0.0,8,804.3,0
2019-09-15 06:07:00,5,64,21.0,94,13.0,1028.9,0.0,0.0,8,804.3,0
2019-09-15 06:12:00,5,64,21.1,92,14.5,1028.9,0.0,0.0,2,804.3,0
2019-09-15 06:17:00,5,63,21.2,90,15.1,1028.7,0.0,0.0,10,804.3,0
2019-09-15 06:22:00,5,63,21.3,87,15.8,1028.6,0.0,0.0,10,804.3,0
2019-09-15 06:27:00,5,63,21.5,84,16.3,1028.4,1.0,2.0,6,804.3,0
2019-09-15 06:32:00,5,63,21.7,81,16.4,1028.1,0.0,0.0,8,804.3,0
2019-09-15 06:37:00,5,62,21.8,78,16.2,1028.2,0.0,0.0,0,804.3,0
2019-09-15 06:42:00,5,62,21.9,78,16.4,1028.2,0.0,0.7,8,804.3,0
2019-09-15 06:47:00,5,62,21.9,76,16.8,1028.2,0.7,1.4,10,804.3,0
2019-09-15 06:52:00,5,61,22.1,73,17.0,1027.9,0.3,1.0,4,804.3,0
2019-09-15 06:57:00,5,61,22.2,72,17.3,1027.8,0.7,1.4,8,804.3,0
2019-09-15 07:02:00,5,60,22.2,72,17.5,1027.7,0.0,0.0,8,804.3,0
2019-09-15 07:07:00,5,60,22.3,71,17.6,1027.5,1.0,1.7,8,804.3,0
2019-09-15 07:12:00,5,61,22.3,70,17.5,1027.7,1.0,1.4,10,804.3,0
2019-09-15 07:17:00,5,61,22.3,71,17.5,1027.8,0.7,1.4,6,804.3,0
2019-09-15 07:22:00,5,61,22.3,71,17.5,1027.7,0.0,1.0,8,804.3,0
2019-09-15 07:27:00,5,61,22.3,71,17.7,1027.7,1.7,2.0,8,804.3,0
2019-09-15 07:32:00,5,61,22.3,71,17.8,1027.8,0.3,1.7,8,804.3,0
2019-09-15 07:37:00,5,61,22.3,71,17.9,1027.8,1.0,1.4,6,804.3,0
2019-09-15 07:42:00,5,62,22.3,72,17.8,1027.7,0.3,1.0,11,804.3,0
2019-09-15 07:47:00,5,62,22.3,72,18.0,1027.6,0.7,1.4,10,804.3,0
2019-09-15 07:52:00,5,62,22.3,72,18.3,1027.6,1.4,1.7,7,804.3,0
2019-09-15 07:57:00,5,62,22.3,72,18.8,1027.8,1.4,2.4,8,804.3,0
2019-09-15 08:02:00,5,62,22.3,72,18.9,1027.7,1.0,1.7,6,804.3,0
2019-09-15 08:07:00,5,62,22.3,72,18.9,1027.7,1.0,1.7,6,804.3,0
2019-09-15 08:12:00,5,63,22.3,71,18.9,1027.7,0.3,0.7,4,804.3,0
2019-09-15 08:17:00,5,64,22.3,71,19.0,1027.9,0.7,1.4,10,804.3,0
2019-09-15 08:22:00,5,64,22.3,71,19.0,1027.9,1.0,2.0,12,804.3,0
2019-09-15 08:27:00,5,64,22.3,71,19.2,1027.8,0.3,0.7,10,804.3,0
2019-09-15 08:32:00,5,64,22.3,71,19.2,1027.9,1.0,1.7,6,804.3,0
2019-09-15 08:37:00,5,65,22.3,72,19.1,1027.7,1.0,2.0,6,804.3,0
2019-09-15 08:42:00,5,65,22.3,72,19.3,1027.8,1.4,1.7,10,804.3,0
2019-09-15 08:47:00,5,65,22.3,72,19.5,1027.8,0.3,1.0,8,804.3,0
2019-09-15 08:52:00,5,65,22.3,71,20.2,1027.8,1.0,2.0,10,804.3,0
2019-09-15 08:57:00,5,65,22.4,69,20.6,1027.7,0.7,1.4,8,804.3,0
2019-09-15 09:02:00,5,65,22.5,68,20.9,1027.7,2.4,3.4,6,804.3,0
2019-09-15 09:07:00,5,65,22.5,66,21.0,1027.7,2.0,2.7,1,804.3,0
2019-09-15 09:12:00,5,64,22.6,66,21.3,1027.4,1.0,1.7,10,804.3,0
2019-09-15 09:17:00,5,64,22.6,63,21.8,1027.3,1.4,3.1,8,804.3,0
2019-09-15 09:22:00,5,64,22.6,61,21.7,1027.3,1.0,2.0,8,804.3,0
2019-09-15 09:27:00,5,64,22.7,60,21.7,1027.4,1.4,1.7,8,804.3,0
2019-09-15 09:32:00,5,64,22.7,61,21.7,1027.4,1.0,2.0,8,804.3,0
2019-09-15 09:37:00,5,64,22.7,60,21.6,1027.4,1.4,2.4,6,804.3,0
2019-09-15 09:42:00,5,64,22.8,60,21.8,1027.3,1.0,1.7,10,804.3,0
2019-09-15 09:47:00,5,64,22.9,59,22.1,1027.1,2.0,2.7,8,804.3,0
2019-09-15 09:52:00,5,63,22.9,57,22.3,1027.0,0.7,1.4,8,804.3,0
2019-09-15 09:57:00,5,64,23.0,56,22.8,1026.9,1.4,2.7,9,804.3,0
2019-09-15 10:02:00,5,64,23.0,56,22.8,1027.0,1.7,2.7,8,804.3,0
2019-09-15 10:07:00,5,64,23.0,56,22.8,1026.9,1.7,2.7,8,804.3,0
2019-09-15 10:12:00,5,64,23.1,52,22.8,1026.8,1.0,1.7,2,804.3,0
2019-09-15 10:17:00,5,63,23.1,54,22.8,1026.8,1.4,3.4,8,804.3,0
2019-09-15 10:22:00,5,63,23.1,54,22.8,1026.8,1.0,2.4,6,804.3,0
2019-09-15 10:27:00,5,63,23.1,52,23.3,1026.9,2.0,2.7,10,804.3,0
2019-09-15 10:32:00,5,63,23.2,52,23.2,1026.8,2.7,3.4,10,804.3,0
2019-09-15 10:37:00,5,63,23.2,51,22.8,1026.9,1.0,2.0,2,804.3,0
2019-09-15 10:42:00,5,62,23.2,49,23.5,1026.9,1.7,2.7,6,804.3,0
2019-09-15 10:47:00,5,62,23.3,47,23.7,1026.7,2.4,4.1,8,804.3,0
2019-09-15 10:52:00,5,62,23.3,45,23.4,1026.7,1.4,2.7,8,804.3,0
2019-09-15 10:57:00,5,62,23.3,42,23.8,1026.6,1.4,3.4,15,804.3,0
2019-09-15 11:02:00,5,62,23.3,41,24.1,1026.4,2.0,3.4,8,804.3,0
2019-09-15 11:07:00,5,62,23.3,36,24.1,1026.5,1.7,2.7,6,804.3,0
2019-09-15 11:12:00,5,61,23.4,32,24.3,1026.4,2.4,3.4,6,804.3,0
2019-09-15 11:17:00,5,60,23.3,33,24.1,1026.4,0.7,1.4,12,804.3,0
2019-09-15 11:22:00,5,58,23.4,33,24.3,1026.4,2.0,3.4,14,804.3,0
2019-09-15 11:27:00,5,57,23.4,32,24.5,1026.4,1.7,2.4,8,804.3,0
2019-09-15 11:32:00,5,56,23.3,31,24.7,1026.4,1.0,2.0,8,804.3,0
2019-09-15 11:37:00,5,55,23.4,34,24.7,1026.2,2.7,4.1,2,804.3,0
2019-09-15 11:42:00,5,55,23.4,37,24.6,1026.3,1.7,2.7,0,804.3,0
2019-09-15 11:47:00,5,55,23.4,39,24.8,1026.2,1.4,2.4,8,804.3,0
2019-09-15 11:52:00,5,55,23.4,42,24.6,1026.2,1.0,1.7,0,804.3,0
2019-09-15 11:57:00,5,55,23.4,42,24.7,1026.1,1.0,1.7,12,804.3,0
2019-09-15 12:02:00,5,55,23.4,41,24.5,1026.0,2.4,4.4,6,804.3,0
2019-09-15 12:07:00,5,55,23.4,41,24.5,1026.0,2.4,4.4,6,804.3,0
2019-09-15 12:12:00,5,55,23.4,44,24.6,1025.9,1.0,1.7,8,804.3,0
2019-09-15 12:17:00,5,55,23.4,45,24.8,1025.9,1.7,3.4,10,804.3,0
2019-09-15 12:22:00,5,55,23.4,44,24.9,1026.1,1.0,2.4,6,804.3,0
2019-09-15 12:27:00,5,55,23.4,45,24.8,1026.1,1.4,2.7,10,804.3,0
2019-09-15 12:32:00,5,55,23.4,46,24.7,1026.0,2.0,3.1,8,804.3,0
2019-09-15 12:37:00,5,56,23.4,47,24.4,1026.1,2.0,3.1,8,804.3,0
2019-09-15 12:42:00,5,55,23.4,49,24.2,1026.0,1.4,2.0,6,804.3,0
2019-09-15 12:47:00,5,55,23.4,49,24.5,1025.9,1.7,2.7,8,804.3,0
2019-09-15 12:52:00,5,55,23.4,48,24.3,1025.7,1.4,2.4,8,804.3,0
2019-09-15 12:57:00,5,55,23.4,47,24.1,1025.9,1.4,3.4,0,804.3,0
2019-09-15 13:02:00,5,55,23.4,48,24.2,1025.8,1.4,2.0,8,804.3,0
2019-09-15 13:07:00,5,55,23.4,47,24.3,1025.9,1.4,2.0,8,804.3,0
2019-09-15 13:12:00,5,55,23.4,46,24.7,1025.9,2.0,2.7,0,804.3,0
2019-09-15 13:17:00,5,55,23.4,48,24.6,1025.9,1.0,2.0,2,804.3,0
2019-09-15 13:22:00,5,55,23.4,48,25.0,1025.9,1.7,2.7,14,804.3,0
2019-09-15 13:27:00,5,55,23.4,49,24.8,1025.8,1.7,3.7,0,804.3,0
2019-09-15 13:32:00,5,55,23.4,51,24.4,1025.8,2.0,3.1,2,804.3,0
2019-09-15 13:37:00,5,55,23.4,52,24.1,1025.8,1.0,2.0,8,804.3,0
2019-09-15 13:42:00,5,56,23.4,51,24.3,1025.6,0.3,1.0,8,804.3,0
2019-09-15 13:47:00,5,56,23.4,54,23.8,1025.8,1.4,1.7,6,804.3,0
2019-09-15 13:52:00,5,56,23.4,54,23.9,1025.6,1.4,2.7,4,804.3,0
2019-09-15 13:57:00,5,56,23.4,53,24.1,1025.6,0.3,1.0,2,804.3,0
2019-09-15 14:02:00,5,57,23.5,53,24.3,1025.5,2.0,2.7,8,804.3,0
2019-09-15 14:07:00,5,57,23.5,53,24.3,1025.6,2.0,2.7,8,804.3,0
2019-09-15 14:12:00,5,57,23.5,52,24.5,1025.5,2.0,3.1,6,804.3,0
2019-09-15 14:17:00,5,57,23.5,52,24.5,1025.4,1.0,1.7,0,804.3,0
2019-09-15 14:22:00,5,57,23.5,53,24.6,1025.5,1.4,2.0,10,804.3,0
2019-09-15 14:27:00,5,57,23.5,52,24.6,1025.4,0.7,1.7,6,804.3,0
2019-09-15 14:32:00,5,57,23.5,52,24.7,1025.4,1.4,3.1,6,804.3,0
2019-09-15 14:37:00,5,57,23.5,53,24.3,1025.4,1.4,2.0,6,804.3,0
2019-09-15 14:42:00,5,57,23.5,53,24.3,1025.2,1.4,2.4,10,804.3,0
2019-09-15 14:47:00,5,57,23.4,55,23.8,1025.4,2.4,4.4,8,804.3,0
2019-09-15 14:52:00,5,58,23.4,58,22.9,1025.3,1.0,1.7,14,804.3,0
2019-09-15 14:57:00,5,58,23.4,58,22.9,1025.2,0.3,1.0,4,804.3,0
2019-09-15 15:02:00,5,58,23.4,59,22.9,1025.2,2.7,5.8,8,804.3,0
2019-09-15 15:07:00,5,58,23.4,59,22.5,1025.3,1.0,2.0,10,804.3,0
2019-09-15 15:12:00,5,58,23.4,59,22.3,1025.2,1.7,2.4,0,804.3,0
2019-09-15 15:17:00,5,59,23.4,60,22.1,1025.3,1.0,2.4,6,804.3,0
2019-09-15 15:22:00,5,59,23.4,60,22.1,1025.2,1.4,2.4,4,804.3,0
2019-09-15 15:27:00,5,59,23.4,62,21.8,1025.3,0.3,1.7,2,804.3,0
2019-09-15 15:32:00,5,60,23.4,62,21.9,1025.4,1.7,4.1,2,804.3,0
2019-09-15 15:37:00,5,60,23.5,62,21.9,1025.4,1.4,3.4,6,804.3,0
2019-09-15 15:42:00,5,60,23.6,62,21.8,1025.3,0.7,1.4,8,804.3,0
2019-09-15 15:47:00,5,61,23.6,62,21.8,1025.3,0.7,1.4,0,804.3,0
2019-09-15 15:52:00,5,61,23.5,63,21.7,1025.3,1.0,2.4,6,804.3,0
2019-09-15 15:57:00,5,61,23.5,64,21.5,1025.1,0.0,0.0,4,804.3,0
2019-09-15 16:02:00,5,61,23.5,64,21.5,1025.2,1.0,2.0,2,804.3,0
2019-09-15 16:07:00,5,62,23.5,64,21.5,1025.2,1.0,2.0,2,804.3,0
2019-09-15 16:12:00,5,62,23.5,66,21.2,1025.3,0.3,1.4,2,804.3,0
2019-09-15 16:17:00,5,62,23.4,67,21.1,1025.3,1.0,1.7,6,804.3,0
2019-09-15 16:22:00,5,62,23.4,67,21.0,1025.3,0.3,1.0,0,804.3,0
2019-09-15 16:27:00,5,62,23.4,68,20.9,1025.4,0.7,1.4,4,804.3,0
2019-09-15 16:32:00,5,62,23.5,69,20.7,1025.4,0.3,1.4,0,804.3,0
2019-09-15 16:37:00,5,61,23.4,70,20.5,1025.3,0.0,0.7,4,804.3,0
2019-09-15 16:42:00,5,62,23.4,70,20.5,1025.3,0.7,1.4,8,804.3,0
2019-09-15 16:47:00,5,62,23.4,69,20.4,1025.3,0.3,1.0,0,804.3,0
2019-09-15 16:52:00,5,62,23.4,69,20.2,1025.4,0.0,0.0,2,804.3,0
2019-09-15 16:57:00,5,62,23.4,70,20.1,1025.6,0.7,1.7,4,804.3,0
2019-09-15 17:02:00,5,62,23.4,71,19.9,1025.5,0.7,1.7,2,804.3,0
2019-09-15 17:07:00,5,62,23.4,71,19.7,1025.4,1.0,1.7,14,804.3,0
2019-09-15 17:12:00,5,62,23.4,72,19.5,1025.4,0.3,1.4,6,804.3,0
2019-09-15 17:17:00,5,62,23.4,72,19.3,1025.6,0.0,0.7,4,804.3,0
2019-09-15 17:22:00,5,62,23.4,73,19.2,1025.6,0.3,1.4,2,804.3,0
2019-09-15 17:27:00,5,62,23.3,73,19.1,1025.8,0.7,1.4,2,804.3,0
2019-09-15 17:32:00,5,62,23.3,74,19.0,1025.8,0.0,0.0,6,804.3,0
2019-09-15 17:37:00,5,62,23.3,75,18.9,1025.7,0.7,1.0,0,804.3,0
2019-09-15 17:42:00,5,63,23.3,74,18.8,1025.7,0.0,0.0,0,804.3,0
2019-09-15 17:47:00,5,63,23.3,75,18.5,1025.8,1.0,1.4,14,804.3,0
2019-09-15 17:52:00,5,62,23.2,75,18.3,1025.8,0.3,1.0,2,804.3,0
2019-09-15 17:57:00,5,63,23.2,76,18.0,1025.7,0.0,0.3,2,804.3,0
2019-09-15 18:02:00,5,63,23.1,76,18.0,1025.9,0.0,0.0,4,804.3,0
2019-09-15 18:07:00,5,63,23.1,76,18.0,1025.9,0.0,0.0,4,804.3,0
2019-09-15 18:12:00,5,63,23.1,76,18.0,1026.2,0.0,0.0,2,804.3,0
2019-09-15 18:17:00,5,63,23.1,77,17.9,1026.2,0.0,0.0,2,804.3,0
2019-09-15 18:22:00,5,63,23.1,78,17.8,1026.0,0.0,0.0,2,804.3,0
2019-09-15 18:27:00,5,63,23.1,78,17.8,1026.1,0.0,0.0,2,804.3,0
2019-09-15 18:32:00,5,63,23.1,78,17.7,1026.1,0.0,0.0,4,804.3,0
2019-09-15 18:37:00,5,63,23.0,78,17.5,1026.0,0.0,0.0,4,804.3,0
2019-09-15 18:42:00,5,62,23.0,78,17.4,1025.9,0.0,0.0,4,804.3,0
2019-09-15 18:47:00,5,62,23.0,78,17.2,1025.9,0.0,0.0,4,804.3,0
2019-09-15 18:52:00,5,62,23.0,79,17.1,1025.9,0.0,0.0,2,804.3,0
2019-09-15 18:57:00,5,62,23.0,79,17.1,1025.8,0.0,0.0,0,804.3,0
2019-09-15 19:02:00,5,62,23.0,80,17.0,1025.7,0.0,0.0,6,804.3,0
2019-09-15 19:07:00,5,62,23.0,80,17.0,1025.7,0.0,0.0,0,804.3,0
2019-09-15 19:12:00,5,62,23.0,80,17.0,1025.6,0.0,0.0,8,804.3,0
2019-09-15 19:17:00,5,62,23.0,81,17.0,1025.7,0.0,0.0,0,804.3,0
2019-09-15 19:22:00,5,62,23.0,81,17.0,1025.7,0.0,0.0,2,804.3,0
2019-09-15 19:27:00,5,62,23.0,82,16.9,1025.9,0.0,0.0,2,804.3,0
2019-09-15 19:32:00,5,61,22.9,82,16.8,1026.0,0.0,0.0,2,804.3,0
2019-09-15 19:37:00,5,61,22.9,83,16.7,1026.0,0.0,0.0,2,804.3,0
2019-09-15 19:42:00,5,61,22.9,83,16.7,1026.0,0.0,0.0,10,804.3,0
2019-09-15 19:47:00,5,61,22.9,83,16.6,1025.9,0.0,0.0,10,804.3,0
2019-09-15 19:52:00,5,61,22.9,83,16.5,1026.0,0.0,0.0,10,804.3,0
2019-09-15 19:57:00,5,61,22.9,84,16.5,1026.1,0.0,0.0,10,804.3,0
2019-09-15 20:02:00,5,61,22.9,84,16.5,1026.1,0.0,0.0,10,804.3,0
2019-09-15 20:07:00,5,61,22.8,84,16.5,1026.0,0.0,0.0,10,804.3,0
2019-09-15 20:12:00,5,61,22.7,85,16.5,1026.3,0.0,0.0,10,804.3,0
2019-09-15 20:17:00,5,61,22.7,85,16.4,1026.2,0.0,0.0,10,804.3,0
2019-09-15 20:22:00,5,61,22.7,85,16.3,1026.2,0.0,0.0,8,804.3,0
2019-09-15 20:27:00,5,61,22.7,85,16.3,1026.2,0.0,0.0,8,804.3,0
2019-09-15 20:32:00,5,61,22.6,86,16.3,1026.2,0.0,0.0,8,804.3,0
2019-09-15 20:37:00,5,61,22.6,86,16.2,1026.3,0.0,0.0,8,804.3,0
2019-09-15 20:42:00,5,61,22.6,86,16.1,1026.1,0.0,0.0,8,804.3,0
2019-09-15 20:47:00,5,61,22.6,86,16.1,1026.0,0.0,0.0,8,804.3,0
2019-09-15 20:52:00,5,61,22.6,87,16.0,1026.1,0.0,0.0,10,804.3,0
2019-09-15 20:57:00,5,61,22.6,87,16.0,1026.2,0.0,0.0,10,804.3,0
2019-09-15 21:02:00,5,61,22.6,87,16.1,1026.1,0.0,0.0,10,804.3,0
2019-09-15 21:07:00,5,61,22.5,88,16.1,1026.2,0.0,0.0,10,804.3,0
2019-09-15 21:12:00,5,61,22.5,88,16.0,1026.1,0.0,0.0,10,804.3,0
2019-09-15 21:17:00,5,61,22.5,88,16.0,1026.1,0.0,0.0,10,804.3,0
2019-09-15 21:22:00,5,61,22.5,88,16.0,1026.0,0.0,0.0,10,804.3,0
2019-09-15 21:27:00,5,61,22.5,88,16.0,1026.2,0.0,0.0,10,804.3,0
2019-09-15 21:32:00,5,61,22.5,88,16.0,1026.2,0.0,0.0,2,804.3,0
2019-09-15 21:37:00,5,61,22.4,89,16.0,1026.2,0.0,0.0,0,804.3,0
2019-09-15 21:42:00,5,61,22.4,89,16.0,1026.1,0.0,0.0,0,804.3,0
2019-09-15 21:47:00,5,61,22.4,89,16.0,1026.1,0.0,0.0,0,804.3,0
2019-09-15 21:52:00,5,61,22.4,90,15.9,1026.0,0.0,0.0,0,804.3,0
2019-09-15 21:57:00,5,61,22.3,90,15.8,1025.9,0.0,0.0,12,804.3,0
2019-09-15 22:02:00,5,61,22.3,90,15.8,1026.0,0.0,0.0,12,804.3,0
2019-09-15 22:07:00,5,62,22.3,90,15.8,1026.0,0.0,0.0,12,804.3,0
2019-09-15 22:12:00,5,62,22.3,90,15.7,1026.0,0.0,0.0,10,804.3,0
2019-09-15 22:17:00,5,62,22.3,91,15.7,1025.9,0.0,0.0,8,804.3,0
2019-09-15 22:22:00,5,62,22.3,91,15.6,1025.9,0.0,0.0,8,804.3,0
2019-09-15 22:27:00,5,62,22.3,91,15.6,1026.0,0.0,0.0,8,804.3,0
2019-09-15 22:32:00,5,62,22.3,91,15.6,1026.0,0.0,0.0,8,804.3,0
2019-09-15 22:37:00,5,62,22.3,91,15.5,1026.2,0.0,0.0,10,804.3,0
2019-09-15 22:42:00,5,62,22.3,91,15.5,1026.0,0.0,0.0,8,804.3,0
2019-09-15 22:47:00,5,62,22.2,91,15.4,1026.1,0.0,0.0,8,804.3,0
2019-09-15 22:52:00,5,62,22.2,91,15.3,1026.2,0.0,0.0,2,804.3,0
2019-09-15 22:57:00,5,62,22.2,91,15.3,1026.2,0.0,0.0,0,804.3,0
2019-09-15 23:02:00,5,62,22.2,91,15.3,1026.3,0.0,0.0,0,804.3,0
2019-09-15 23:07:00,5,62,22.2,91,15.3,1026.1,0,0,2,804.3,0
2019-09-15 23:12:00,5,62,22.2,91,15.2,1026.1,0,0,9,804.3,0
2019-09-15 23:17:00,5,62,22.2,92,15.2,1026.1,0,0,10,804.3,0
2019-09-15 23:22:00,5,62,22.2,92,15.2,1026.0,0,0,10,804.3,0
2019-09-15 23:27:00,5,62,22.1,92,15.1,1026.1,0,0,10,804.3,0
2019-09-15 23:32:00,5,62,22.1,92,15.1,1025.9,0,0,10,804.3,0
2019-09-15 23:37:00,5,62,22.1,92,15.2,1025.9,0,0,10,804.3,0
2019-09-15 23:42:00,5,62,22.1,93,15.1,1026.0,0,0,10,804.3,0
2019-09-15 23:47:00,5,62,22.1,93,15.1,1025.9,0,0,10,804.3,0
2019-09-15 23:52:00,5,62,22.0,93,15.2,1026.0,0,0,10,804.3,0
2019-09-15 23:57:00,5,62,22.0,93,15.2,1026.0,0,0,0,804.3,0
