2019-09-06 00:02:00,5,61,20.8,91,9.0,1031.0,0.0,0.0,8,791.7,0
2019-09-06 00:07:00,5,61,20.8,91,9.0,1031.1,0.0,0.0,8,791.7,0
2019-09-06 00:12:00,5,61,20.7,92,8.9,1031.1,0.0,0.0,8,791.7,0
2019-09-06 00:17:00,5,61,20.7,92,9.0,1031.1,0.0,0.0,8,791.7,0
2019-09-06 00:22:00,5,61,20.7,92,9.0,1031.1,0.0,0.0,8,791.7,0
2019-09-06 00:27:00,5,61,20.7,92,9.1,1031.2,0.0,0.0,8,791.7,0
2019-09-06 00:32:00,5,61,20.7,92,9.1,1031.1,0.0,0.0,8,791.7,0
2019-09-06 00:37:00,5,61,20.6,92,9.1,1031.1,0.0,0.0,8,791.7,0
2019-09-06 00:42:00,5,61,20.6,92,9.1,1031.2,0.0,0.0,8,791.7,0
2019-09-06 00:47:00,5,61,20.6,93,9.1,1031.2,0.0,0.0,8,791.7,0
2019-09-06 00:52:00,5,62,20.6,93,9.0,1031.2,0.0,0.0,8,791.7,0
2019-09-06 00:57:00,5,62,20.6,93,9.0,1031.2,0.0,0.0,8,791.7,0
2019-09-06 01:02:00,5,62,20.6,93,9.0,1031.2,0.0,0.0,8,791.7,0
2019-09-06 01:07:00,5,62,20.5,94,8.9,1031.3,0.0,0.0,8,791.7,0
2019-09-06 01:12:00,5,62,20.5,94,8.9,1031.3,0.0,0.0,8,791.7,0
2019-09-06 01:17:00,5,62,20.5,94,8.9,1031.3,0.0,0.0,8,791.7,0
2019-09-06 01:22:00,5,62,20.5,95,8.8,1031.2,0.0,0.0,8,791.7,0
2019-09-06 01:27:00,5,62,20.5,95,8.8,1031.3,0.0,0.0,8,791.7,0
2019-09-06 01:32:00,5,62,20.5,95,8.9,1031.2,0.0,0.0,8,791.7,0
2019-09-06 01:37:00,5,62,20.5,95,8.9,1031.2,0.0,0.0,8,791.7,0
2019-09-06 01:42:00,5,61,20.5,95,9.0,1031.2,0.0,0.0,8,791.7,0
2019-09-06 01:47:00,5,61,20.5,95,9.0,1031.2,0.0,0.0,8,791.7,0
2019-09-06 01:52:00,5,62,20.4,95,9.0,1031.2,0.0,0.0,8,791.7,0
2019-09-06 01:57:00,5,62,20.5,95,9.1,1031.2,0.0,0.0,8,791.7,0
2019-09-06 02:02:00,5,62,20.4,95,9.1,1031.1,0.0,0.0,10,791.7,0
2019-09-06 02:07:00,5,62,20.4,95,9.1,1031.2,0.0,0.0,10,791.7,0
2019-09-06 02:12:00,5,62,20.4,96,9.1,1031.1,0.0,0.3,8,791.7,0
2019-09-06 02:17:00,5,62,20.4,96,9.2,1031.1,0.3,1.0,14,791.7,0
2019-09-06 02:22:00,5,62,20.4,96,9.3,1031.3,0.3,0.7,6,791.7,0
2019-09-06 02:27:00,5,62,20.4,95,9.4,1031.2,0.3,1.0,12,791.7,0
2019-09-06 02:32:00,5,62,20.4,95,9.6,1031.2,0.3,0.7,8,791.7,0
2019-09-06 02:37:00,5,62,20.3,94,9.7,1031.2,0.7,1.0,10,791.7,0
2019-09-06 02:43:00,6,62,20.3,93,9.7,1031.2,0.0,0.0,12,791.7,0
2019-09-06 02:48:00,5,62,20.3,92,9.7,1031.1,0.0,0.0,8,791.7,0
2019-09-06 02:53:00,5,62,20.3,92,9.6,1031.0,0.0,0.0,8,791.7,0
2019-09-06 02:58:00,5,62,20.3,91,9.5,1031.1,0.0,0.0,0,791.7,0
2019-09-06 03:03:00,5,62,20.3,91,9.4,1030.9,0.0,0.0,8,791.7,0
2019-09-06 03:08:00,5,62,20.3,91,9.4,1030.9,0.0,0.0,10,791.7,0
2019-09-06 03:13:00,5,62,20.3,91,9.5,1030.9,1.0,1.7,10,791.7,0
2019-09-06 03:18:00,5,62,20.3,91,9.8,1030.8,0.0,0.3,8,791.7,0
2019-09-06 03:23:00,5,62,20.2,89,9.9,1030.8,0.0,0.0,10,791.7,0
2019-09-06 03:28:00,5,62,20.2,87,10.0,1030.9,0.7,1.0,10,791.7,0
2019-09-06 03:33:00,5,62,20.2,86,10.0,1030.7,0.0,0.0,4,791.7,0
2019-09-06 03:39:00,6,62,20.2,85,10.0,1030.6,0.0,0.7,12,791.7,0
2019-09-06 03:44:00,5,62,20.2,85,10.1,1030.7,0.7,1.0,10,791.7,0
2019-09-06 03:49:00,5,62,20.2,84,10.1,1030.8,0.3,1.0,10,791.7,0
2019-09-06 03:55:00,6,62,20.2,84,10.1,1030.8,1.0,1.7,11,791.7,0
2019-09-06 04:00:00,5,62,20.2,84,10.2,1030.8,0.3,1.4,6,791.7,0
2019-09-06 04:05:00,5,62,20.2,84,10.2,1030.8,0.3,1.4,6,791.7,0
2019-09-06 04:11:00,6,62,20.2,84,10.2,1030.7,0.7,1.4,8,791.7,0
2019-09-06 04:16:00,5,62,20.1,84,10.4,1030.8,0.3,1.0,8,791.7,0
2019-09-06 04:21:00,5,62,20.1,83,10.5,1030.7,1.0,1.7,10,791.7,0
2019-09-06 04:27:00,6,62,20.1,82,10.6,1030.7,1.4,2.0,10,791.7,0
2019-09-06 04:32:00,5,62,20.1,82,10.6,1030.7,1.0,1.7,10,791.7,0
2019-09-06 04:37:00,5,62,20.1,81,10.9,1030.8,1.4,2.0,10,791.7,0
2019-09-06 04:42:00,5,62,20.1,79,11.1,1030.8,1.0,1.7,10,791.7,0
2019-09-06 04:47:00,5,62,20.1,78,11.2,1030.9,1.0,1.7,10,791.7,0
2019-09-06 04:52:00,5,62,20.1,77,11.3,1030.9,0.7,1.4,12,791.7,0
2019-09-06 04:57:00,5,62,20.1,76,11.4,1030.8,1.4,2.4,10,791.7,0
2019-09-06 05:03:00,6,62,20.1,76,11.5,1030.8,1.0,2.0,8,791.7,0
2019-09-06 05:08:00,5,62,20.1,75,11.5,1030.7,0.0,0.7,12,791.7,0
2019-09-06 05:13:00,5,62,20.1,75,11.5,1030.8,1.0,1.7,10,791.7,0
2019-09-06 05:19:00,6,62,20.1,74,11.6,1030.7,1.0,2.0,8,791.7,0
2019-09-06 05:24:00,5,62,20.1,74,11.5,1030.7,1.0,2.0,10,791.7,0
2019-09-06 05:29:00,5,62,20.1,74,11.5,1030.8,1.7,3.1,8,791.7,0
2019-09-06 05:35:00,6,62,20.1,73,11.6,1030.6,1.0,1.7,10,791.7,0
2019-09-06 05:40:00,5,62,20.1,73,11.9,1030.7,0.7,1.7,10,791.7,0
2019-09-06 05:45:00,5,62,20.2,71,12.2,1030.5,0.3,1.4,12,791.7,0
2019-09-06 05:50:00,5,61,20.2,70,12.6,1030.4,2.0,3.4,8,791.7,0
2019-09-06 05:55:00,5,61,20.3,69,12.7,1030.2,1.4,2.4,14,791.7,0
2019-09-06 06:00:00,5,61,20.4,69,12.8,1030.2,1.7,2.7,8,791.7,0
2019-09-06 06:05:00,5,61,20.5,69,12.8,1030.2,1.7,2.7,8,791.7,0
2019-09-06 06:11:00,6,61,20.6,69,12.7,1030.0,1.4,2.7,14,791.7,0
2019-09-06 06:16:00,5,60,20.7,69,12.6,1030.0,1.4,3.1,10,791.7,0
2019-09-06 06:21:00,5,60,20.8,69,12.7,1029.9,1.4,2.0,8,791.7,0
2019-09-06 06:26:00,5,60,20.9,70,12.6,1029.8,1.4,2.4,11,791.7,0
2019-09-06 06:31:00,5,59,21.0,70,12.5,1029.8,1.0,1.4,10,791.7,0
2019-09-06 06:36:00,5,59,21.0,71,12.5,1029.6,1.0,1.7,7,791.7,0
2019-09-06 06:41:00,5,59,21.0,71,12.5,1029.6,0.7,1.7,6,791.7,0
2019-09-06 06:46:00,5,58,21.0,71,12.5,1029.4,0.0,0.7,10,791.7,0
2019-09-06 06:51:00,5,59,21.1,72,12.6,1029.4,1.0,2.0,4,791.7,0
2019-09-06 06:56:00,5,59,21.1,72,12.8,1029.3,1.4,2.4,10,791.7,0
2019-09-06 07:01:00,5,58,21.1,72,12.9,1029.3,0.0,0.3,6,791.7,0
2019-09-06 07:07:00,6,57,21.2,72,13.1,1029.2,0.7,1.0,10,791.7,0
2019-09-06 07:12:00,5,57,21.3,72,13.2,1029.1,0.7,1.7,10,791.7,0
2019-09-06 07:17:00,5,56,21.3,72,13.4,1029.1,0.7,1.4,8,791.7,0
2019-09-06 07:23:00,6,56,21.6,70,14.0,1028.7,1.0,1.7,10,791.7,0
2019-09-06 07:28:00,5,55,21.8,68,14.6,1028.7,1.4,2.0,10,791.7,0
2019-09-06 07:33:00,5,54,21.8,66,14.7,1028.6,0.7,1.4,10,791.7,0
2019-09-06 07:39:00,6,54,21.8,66,14.9,1028.5,1.0,1.4,10,791.7,0
2019-09-06 07:44:00,5,54,21.8,64,15.4,1028.5,1.7,3.1,8,791.7,0
2019-09-06 07:49:00,5,54,21.8,63,15.3,1028.6,0.7,1.4,12,791.7,0
2019-09-06 07:54:00,5,54,21.7,63,15.3,1028.5,1.4,2.4,12,791.7,0
2019-09-06 07:59:00,5,54,21.7,63,15.5,1028.5,2.0,3.1,10,791.7,0
2019-09-06 08:04:00,5,54,21.7,63,15.6,1028.5,0.7,2.4,12,791.7,0
2019-09-06 08:09:00,5,54,21.7,63,15.5,1028.6,2.4,3.4,14,791.7,0
2019-09-06 08:14:00,5,54,21.7,63,15.3,1028.5,2.4,4.4,6,791.7,0
2019-09-06 08:19:00,5,54,21.7,64,15.3,1028.4,1.0,1.7,0,791.7,0
2019-09-06 08:24:00,5,54,21.6,64,15.4,1028.4,2.0,2.7,1,791.7,0
2019-09-06 08:29:00,5,54,21.6,64,15.3,1028.3,1.7,3.1,8,791.7,0
2019-09-06 08:34:00,5,54,21.7,64,15.5,1028.2,2.0,2.7,8,791.7,0
2019-09-06 08:39:00,5,54,21.6,64,15.4,1028.3,1.7,3.4,8,791.7,0
2019-09-06 08:44:00,5,54,21.7,65,15.4,1028.2,1.4,2.4,8,791.7,0
2019-09-06 08:49:00,5,54,21.6,65,15.7,1028.4,1.0,2.0,7,791.7,0
2019-09-06 08:54:00,5,54,21.7,64,16.3,1028.2,1.4,2.7,8,791.7,0
2019-09-06 08:59:00,5,54,21.7,61,17.0,1028.2,1.4,3.7,8,791.7,0
2019-09-06 09:04:00,5,54,21.7,59,17.2,1028.3,2.4,5.1,8,791.7,0
2019-09-06 09:09:00,5,54,21.7,59,17.0,1028.3,1.7,3.1,8,791.7,0
2019-09-06 09:14:00,5,54,21.7,61,16.9,1028.2,1.0,1.7,12,791.7,0
2019-09-06 09:19:00,5,54,21.7,60,17.1,1028.1,1.4,2.0,10,791.7,0
2019-09-06 09:24:00,5,54,21.7,61,16.8,1028.0,1.7,4.1,8,791.7,0
2019-09-06 09:29:00,5,54,21.7,61,16.7,1027.9,1.4,3.4,2,791.7,0
2019-09-06 09:34:00,5,54,21.7,62,16.7,1027.9,2.4,3.7,8,791.7,0
2019-09-06 09:39:00,5,53,21.7,62,16.8,1028.0,2.0,3.7,8,791.7,0
2019-09-06 09:44:00,5,53,21.8,61,17.0,1027.9,1.4,1.7,10,791.7,0
2019-09-06 09:49:00,5,53,21.8,60,17.8,1027.8,2.4,5.1,10,791.7,0
2019-09-06 09:54:00,5,53,21.8,59,18.3,1027.5,1.4,2.0,10,791.7,0
2019-09-06 09:59:00,5,53,21.8,57,18.1,1027.6,1.4,1.7,6,791.7,0
2019-09-06 10:04:00,5,53,21.8,57,18.3,1027.4,2.4,5.4,10,791.7,0
2019-09-06 10:09:00,5,53,21.9,56,18.7,1027.3,2.0,3.4,10,791.7,0
2019-09-06 10:14:00,5,53,21.9,56,18.7,1027.2,3.1,4.4,8,791.7,0
2019-09-06 10:19:00,5,53,21.9,54,19.3,1027.2,3.4,5.1,8,791.7,0
2019-09-06 10:24:00,5,53,21.9,52,18.9,1027.1,3.1,4.1,8,791.7,0
2019-09-06 10:29:00,5,53,21.9,52,18.3,1027.1,3.1,4.8,8,791.7,0
2019-09-06 10:34:00,5,52,21.9,53,18.3,1026.8,1.0,2.0,10,791.7,0
2019-09-06 10:39:00,5,52,21.9,53,18.4,1026.8,1.4,2.0,10,791.7,0
2019-09-06 10:44:00,5,52,21.9,53,18.3,1026.7,0.7,1.7,10,791.7,0
2019-09-06 10:49:00,5,52,21.9,52,18.1,1026.6,2.4,4.4,8,791.7,0
2019-09-06 10:54:00,5,51,22.0,53,18.1,1026.6,3.1,5.4,8,791.7,0
2019-09-06 10:59:00,5,51,22.0,53,18.0,1026.4,1.4,2.4,0,791.7,0
2019-09-06 11:04:00,5,51,22.0,52,18.0,1026.4,2.4,3.4,6,791.7,0
2019-09-06 11:09:00,5,51,22.0,53,18.1,1026.3,2.4,3.1,10,791.7,0
2019-09-06 11:14:00,5,51,22.0,52,18.1,1026.2,2.4,5.1,10,791.7,0
2019-09-06 11:19:00,5,51,22.0,53,18.1,1026.2,2.0,3.4,14,791.7,0
2019-09-06 11:24:00,5,51,22.0,53,18.3,1026.3,2.4,3.7,9,791.7,0
2019-09-06 11:29:00,5,51,22.1,52,18.4,1026.3,1.4,2.4,8,791.7,0
2019-09-06 11:34:00,5,51,22.1,53,18.5,1026.2,1.7,2.4,13,791.7,0
2019-09-06 11:39:00,5,50,22.1,53,18.8,1026.0,3.4,6.5,8,791.7,0
2019-09-06 11:44:00,5,50,22.2,52,19.1,1026.1,2.7,4.4,4,791.7,0
2019-09-06 11:49:00,5,50,22.2,51,19.4,1025.8,2.0,3.4,10,791.7,0
2019-09-06 11:54:00,5,50,22.3,52,19.5,1025.7,1.4,2.7,9,791.7,0
2019-09-06 11:59:00,5,50,22.3,52,19.4,1025.6,1.0,2.7,8,791.7,0
2019-09-06 12:04:00,5,50,22.3,52,19.4,1025.6,1.7,2.0,10,791.7,0
2019-09-06 12:09:00,5,50,22.4,51,19.2,1025.6,2.0,3.4,11,791.7,0
2019-09-06 12:14:00,5,50,22.5,52,19.1,1025.4,1.4,2.4,10,791.7,0
2019-09-06 12:19:00,5,50,22.5,52,19.4,1025.3,2.7,4.4,10,791.7,0
2019-09-06 12:24:00,5,50,22.5,51,19.3,1025.2,2.0,5.8,8,791.7,0
2019-09-06 12:29:00,5,50,22.5,51,19.2,1025.1,1.4,1.7,5,791.7,0
2019-09-06 12:34:00,5,50,22.5,51,19.1,1025.1,3.1,4.1,10,791.7,0
2019-09-06 12:39:00,5,49,22.6,52,19.1,1025.1,2.0,3.7,8,791.7,0
2019-09-06 12:44:00,5,49,22.6,52,19.0,1025.0,1.7,3.1,8,791.7,0
2019-09-06 12:49:00,5,49,22.6,52,19.1,1025.1,1.7,2.4,8,791.7,0
2019-09-06 12:54:00,5,49,22.6,53,18.8,1024.9,2.4,3.7,10,791.7,0
2019-09-06 12:59:00,5,49,22.6,54,18.5,1025.0,1.0,2.0,12,791.7,0
2019-09-06 13:04:00,5,49,22.6,55,18.4,1024.9,1.7,4.4,6,791.7,0
2019-09-06 13:09:00,5,50,22.5,55,18.5,1024.9,1.7,3.7,4,791.7,0
2019-09-06 13:14:00,5,50,22.5,53,18.7,1024.8,1.7,2.4,14,791.7,0
2019-09-06 13:19:00,5,50,22.5,54,18.7,1024.7,1.4,3.1,6,791.7,0
2019-09-06 13:24:00,5,50,22.5,54,18.8,1024.8,1.7,2.4,10,791.7,0
2019-09-06 13:29:00,5,50,22.5,53,18.7,1024.8,1.7,3.4,10,791.7,0
2019-09-06 13:34:00,5,51,22.5,53,18.8,1024.6,1.4,2.0,8,791.7,0
2019-09-06 13:39:00,5,51,22.5,54,18.8,1024.6,1.4,2.4,2,791.7,0
2019-09-06 13:44:00,5,50,22.5,53,19.0,1024.6,0.7,1.7,6,791.7,0
2019-09-06 13:49:00,5,50,22.5,54,19.1,1024.6,1.7,4.8,4,791.7,0
2019-09-06 13:54:00,5,50,22.3,54,18.9,1024.5,2.0,3.7,10,791.7,0
2019-09-06 13:59:00,5,50,22.3,55,18.5,1024.3,1.7,2.4,8,791.7,0
2019-09-06 14:04:00,5,50,22.3,55,18.4,1024.3,1.0,1.7,8,791.7,0
2019-09-06 14:09:00,5,50,22.3,56,18.5,1024.2,0.0,0.7,14,791.7,0
2019-09-06 14:14:00,5,50,22.3,55,18.8,1024.2,1.7,2.7,6,791.7,0
2019-09-06 14:19:00,5,50,22.3,55,19.0,1024.4,2.0,4.4,12,791.7,0
2019-09-06 14:24:00,5,50,22.3,54,19.0,1024.1,1.0,1.7,14,791.7,0
2019-09-06 14:29:00,5,50,22.3,54,19.0,1024.0,1.4,2.4,8,791.7,0
2019-09-06 14:34:00,5,50,22.3,55,18.8,1024.0,1.4,2.4,10,791.7,0
2019-09-06 14:39:00,5,51,22.3,55,18.6,1024.0,1.7,2.4,8,791.7,0
2019-09-06 14:44:00,5,51,22.3,56,18.5,1024.0,2.4,3.7,6,791.7,0
2019-09-06 14:49:00,5,50,22.3,56,18.5,1023.9,1.0,1.7,10,791.7,0
2019-09-06 14:54:00,5,50,22.2,56,18.4,1023.8,1.4,2.0,10,791.7,0
2019-09-06 14:59:00,5,50,22.2,56,18.5,1023.8,1.4,2.7,8,791.7,0
2019-09-06 15:04:00,5,50,22.2,56,18.6,1023.7,1.7,3.1,8,791.7,0
2019-09-06 15:09:00,5,50,22.2,57,18.4,1023.7,1.0,1.7,2,791.7,0
2019-09-06 15:14:00,5,50,22.2,58,18.3,1023.9,1.7,3.4,10,791.7,0
2019-09-06 15:19:00,5,50,22.2,59,18.3,1023.7,0.7,1.7,8,791.7,0
2019-09-06 15:24:00,5,50,22.2,62,18.3,1023.9,1.0,2.0,9,791.7,0
2019-09-06 15:29:00,5,51,22.2,62,18.4,1023.7,2.0,3.7,8,791.7,0
2019-09-06 15:34:00,5,51,22.2,62,18.3,1023.8,1.4,2.4,14,791.7,0
2019-09-06 15:39:00,5,52,22.2,63,18.3,1023.9,1.0,2.7,6,791.7,0
2019-09-06 15:44:00,5,53,22.2,63,18.1,1023.7,2.7,4.4,8,791.7,0
2019-09-06 15:49:00,5,53,22.3,63,18.1,1023.6,1.4,2.0,8,791.7,0
2019-09-06 15:54:00,5,53,22.3,62,17.9,1023.5,2.4,4.1,8,791.7,0
2019-09-06 15:59:00,5,53,22.3,62,18.0,1023.4,2.4,4.1,8,791.7,0
2019-09-06 16:04:00,5,53,22.3,61,17.9,1023.4,1.4,2.0,8,791.7,0
2019-09-06 16:09:00,5,53,22.3,61,17.9,1023.5,1.4,2.0,8,791.7,0
2019-09-06 16:14:00,5,53,22.3,62,18.1,1023.3,2.0,3.7,6,791.7,0
2019-09-06 16:19:00,5,53,22.3,62,18.1,1023.2,0.3,0.7,8,791.7,0
2019-09-06 16:24:00,5,53,22.3,62,18.4,1023.2,1.7,3.1,8,791.7,0
2019-09-06 16:29:00,5,52,22.4,62,18.1,1023.2,1.7,4.1,8,791.7,0
2019-09-06 16:34:00,5,52,22.3,62,18.1,1023.2,2.0,3.4,0,791.7,0
2019-09-06 16:39:00,5,53,22.3,62,18.1,1023.2,1.0,2.4,4,791.7,0
2019-09-06 16:44:00,5,53,22.3,62,18.0,1023.1,2.0,4.1,11,791.7,0
2019-09-06 16:49:00,5,53,22.3,63,18.0,1023.2,1.7,2.7,10,791.7,0
2019-09-06 16:54:00,5,53,22.3,62,17.9,1023.1,0.7,2.0,8,791.7,0
2019-09-06 16:59:00,5,53,22.3,63,17.8,1023.2,0.7,1.4,8,791.7,0
2019-09-06 17:04:00,5,53,22.3,64,17.7,1023.2,0.3,1.7,10,791.7,0
2019-09-06 17:09:00,5,53,22.3,65,17.6,1023.2,1.7,2.7,8,791.7,0
2019-09-06 17:14:00,5,53,22.2,66,17.5,1023.2,1.7,2.0,6,791.7,0
2019-09-06 17:19:00,5,52,22.2,66,17.5,1023.1,0.3,1.4,10,791.7,0
2019-09-06 17:24:00,5,52,22.2,64,17.4,1022.9,1.0,2.0,10,791.7,0
2019-09-06 17:29:00,5,52,22.2,63,17.4,1022.9,1.4,2.0,14,791.7,0
2019-09-06 17:34:00,5,52,22.1,64,17.3,1023.0,1.4,2.0,12,791.7,0
2019-09-06 17:39:00,5,52,22.1,65,17.3,1022.8,1.7,3.1,0,791.7,0
2019-09-06 17:44:00,5,52,22.1,66,17.2,1023.1,0.3,0.7,8,791.7,0
2019-09-06 17:49:00,5,53,22.1,67,17.2,1023.0,0.7,1.4,10,791.7,0
2019-09-06 17:54:00,5,53,22.1,67,17.1,1023.0,1.0,1.7,8,791.7,0
2019-09-06 17:59:00,5,53,22.0,68,17.1,1023.1,1.7,3.1,8,791.7,0
2019-09-06 18:04:00,5,53,22.0,68,17.1,1023.0,2.0,3.4,10,791.7,0
2019-09-06 18:09:00,5,53,22.0,68,17.1,1023.0,1.4,2.7,6,791.7,0
2019-09-06 18:14:00,5,54,21.9,69,17.0,1023.1,2.4,3.7,4,791.7,0
2019-09-06 18:19:00,5,55,21.9,72,16.7,1023.2,1.7,2.7,8,791.7,0
2019-09-06 18:24:00,5,55,22.0,75,16.3,1023.3,1.4,2.7,8,791.7,0
2019-09-06 18:29:00,5,56,22.1,77,16.0,1023.2,1.4,2.4,8,791.7,0
2019-09-06 18:34:00,5,57,22.1,80,15.7,1023.1,2.4,3.7,6,791.7,0
2019-09-06 18:39:00,5,57,22.1,81,15.5,1023.1,2.4,3.1,11,791.7,0
2019-09-06 18:44:00,5,57,22.2,82,15.4,1023.1,0.3,1.0,8,791.7,0
2019-09-06 18:49:00,5,58,22.2,82,15.3,1023.0,2.4,3.7,8,791.7,0
2019-09-06 18:54:00,5,58,22.2,83,15.2,1023.1,2.4,3.7,10,791.7,0
2019-09-06 18:59:00,5,58,22.2,84,15.1,1023.0,1.7,3.1,10,791.7,0
2019-09-06 19:04:00,5,58,22.2,85,15.0,1023.1,1.0,1.7,6,791.7,0
2019-09-06 19:09:00,5,58,22.3,87,14.9,1022.9,2.0,3.7,8,791.7,0
2019-09-06 19:14:00,5,58,22.3,87,14.8,1022.8,0.7,1.4,8,791.7,0
2019-09-06 19:19:00,5,58,22.3,88,14.8,1022.9,1.4,2.0,7,791.7,0
2019-09-06 19:24:00,5,58,22.3,88,14.8,1022.8,1.7,2.7,8,791.7,0
2019-09-06 19:29:00,5,58,22.3,89,14.8,1022.8,1.4,2.0,8,791.7,0
2019-09-06 19:34:00,5,58,22.3,89,14.8,1022.8,1.0,2.7,10,791.7,0
2019-09-06 19:39:00,5,58,22.2,89,14.8,1022.7,1.7,2.7,8,791.7,0
2019-09-06 19:44:00,5,58,22.2,89,14.8,1022.8,1.4,1.7,8,791.7,0
2019-09-06 19:49:00,5,58,22.2,89,14.9,1022.9,1.0,2.0,10,791.7,0
2019-09-06 19:54:00,5,59,22.2,88,14.9,1022.7,1.4,2.4,10,791.7,0
2019-09-06 19:59:00,5,59,22.2,87,15.0,1022.8,1.7,3.1,6,791.7,0
2019-09-06 20:04:00,5,59,22.2,87,15.0,1022.8,1.7,3.1,6,791.7,0
2019-09-06 20:09:00,5,59,22.1,86,15.0,1023.0,2.0,3.1,8,791.7,0
2019-09-06 20:14:00,5,59,22.1,85,15.0,1022.9,2.0,3.4,4,791.7,0
2019-09-06 20:19:00,5,59,22.1,86,14.9,1022.9,2.0,3.1,10,791.7,0
2019-09-06 20:24:00,5,59,22.0,86,14.8,1022.8,1.0,1.7,12,791.7,0
2019-09-06 20:29:00,5,59,22.0,87,14.8,1022.8,0.7,1.7,8,791.7,0
2019-09-06 20:34:00,5,59,22.0,88,14.7,1022.8,1.7,2.7,12,791.7,0
2019-09-06 20:39:00,5,59,22.0,88,14.7,1022.7,1.4,1.7,10,791.7,0
2019-09-06 20:44:00,5,60,21.9,88,14.6,1022.7,2.4,4.4,8,791.7,0
2019-09-06 20:49:00,5,60,21.9,89,14.6,1022.8,1.0,1.4,8,791.7,0
2019-09-06 20:54:00,5,60,21.9,89,14.6,1022.8,1.4,2.0,8,791.7,0
2019-09-06 20:59:00,5,60,21.9,89,14.5,1022.8,1.4,2.7,12,791.7,0
2019-09-06 21:04:00,5,60,21.9,89,14.6,1022.8,1.7,2.7,8,791.7,0
2019-09-06 21:09:00,5,60,21.9,89,14.6,1022.8,1.7,2.7,0,791.7,0
2019-09-06 21:14:00,5,60,21.9,89,14.5,1022.8,2.0,3.4,2,791.7,0
2019-09-06 21:19:00,5,60,21.8,89,14.5,1022.7,1.4,3.1,0,791.7,0
2019-09-06 21:24:00,5,60,21.8,89,14.4,1022.8,1.7,2.4,8,791.7,0
2019-09-06 21:29:00,5,60,21.8,89,14.3,1022.8,2.4,5.1,7,791.7,0
2019-09-06 21:34:00,5,60,21.8,90,14.3,1022.7,1.4,2.4,8,791.7,0
2019-09-06 21:39:00,5,60,21.8,90,14.3,1022.7,1.0,2.4,8,791.7,0
2019-09-06 21:44:00,5,60,21.8,90,14.3,1022.6,2.4,4.4,12,791.7,0
2019-09-06 21:49:00,5,60,21.8,90,14.3,1022.5,1.7,3.4,10,791.7,0
2019-09-06 21:54:00,5,60,21.7,91,14.3,1022.4,1.4,2.4,10,791.7,0
2019-09-06 21:59:00,5,60,21.7,91,14.3,1022.5,1.4,2.0,6,791.7,0
2019-09-06 22:04:00,5,61,21.7,91,14.3,1022.4,1.7,4.1,10,791.7,0
2019-09-06 22:09:00,5,61,21.7,91,14.4,1022.3,1.0,1.7,8,791.7,0
2019-09-06 22:14:00,5,61,21.7,91,14.3,1022.3,1.4,2.0,11,791.7,0
2019-09-06 22:19:00,5,61,21.7,91,14.4,1022.4,1.4,2.0,6,791.7,0
2019-09-06 22:24:00,5,61,21.7,91,14.4,1022.6,1.7,2.4,14,791.7,0
2019-09-06 22:29:00,5,61,21.7,91,14.4,1022.4,2.0,3.4,8,791.7,0
2019-09-06 22:34:00,5,61,21.7,91,14.4,1022.5,2.0,3.1,14,791.7,0
2019-09-06 22:39:00,5,61,21.7,91,14.4,1022.5,1.4,2.4,8,791.7,0
2019-09-06 22:44:00,5,61,21.6,91,14.5,1022.4,0.7,1.4,10,791.7,0
2019-09-06 22:49:00,5,61,21.6,91,14.4,1022.4,1.4,2.0,10,791.7,0
2019-09-06 22:54:00,5,61,21.6,91,14.3,1022.4,1.0,1.7,4,791.7,0
2019-09-06 22:59:00,5,61,21.6,91,14.3,1022.2,1.4,2.0,10,791.7,0
2019-09-06 23:04:00,5,61,21.6,92,14.3,1022.3,1.0,2.0,12,791.7,0
2019-09-06 23:09:00,5,61,21.6,92,14.3,1022.3,1.0,1.7,12,791.7,0
2019-09-06 23:14:00,5,61,21.6,92,14.3,1022.5,1.7,2.7,8,791.7,0
2019-09-06 23:19:00,5,61,21.6,92,14.3,1022.4,0.7,1.4,9,791.7,0
2019-09-06 23:24:00,5,61,21.6,92,14.3,1022.5,1.0,1.7,10,791.7,0
2019-09-06 23:29:00,5,61,21.5,92,14.3,1022.4,1.7,2.4,6,791.7,0
2019-09-06 23:34:00,5,61,21.5,93,14.3,1022.4,0.3,1.0,6,791.7,0
2019-09-06 23:39:00,5,61,21.5,93,14.3,1022.5,0.7,1.0,10,791.7,0
2019-09-06 23:44:00,5,61,21.5,93,14.3,1022.3,1.4,1.7,8,791.7,0
2019-09-06 23:49:00,5,61,21.5,93,14.3,1022.6,0.7,1.4,8,791.7,0
2019-09-06 23:54:00,5,61,21.4,93,14.1,1022.4,0.7,1.7,6,791.7,0
2019-09-06 23:59:00,5,61,21.4,93,14.1,1022.5,1.0,1.4,10,791.7,0
