2019-09-18 00:02:00,5,65,21.0,85,10.2,1031.4,0.0,0.0,8,804.3,0
2019-09-18 00:07:00,5,66,20.9,85,10.2,1031.3,0.0,0.0,8,804.3,0
2019-09-18 00:12:00,5,66,20.9,86,10.2,1031.4,0.0,0.0,10,804.3,0
2019-09-18 00:17:00,5,66,20.9,86,10.1,1031.4,0.0,0.0,10,804.3,0
2019-09-18 00:22:00,5,66,20.9,86,10.0,1031.5,0.0,0.0,10,804.3,0
2019-09-18 00:27:00,5,66,20.9,87,10.0,1031.5,0.0,0.0,8,804.3,0
2019-09-18 00:32:00,5,66,20.8,88,9.9,1031.7,0.0,0.0,8,804.3,0
2019-09-18 00:37:00,5,66,20.7,88,9.8,1031.6,0.0,0.0,8,804.3,0
2019-09-18 00:42:00,5,66,20.7,89,9.7,1031.6,0.0,0.0,8,804.3,0
2019-09-18 00:47:00,5,66,20.7,89,9.6,1031.7,0.0,0.0,8,804.3,0
2019-09-18 00:52:00,5,66,20.7,89,9.5,1031.7,0.0,0.0,8,804.3,0
2019-09-18 00:57:00,5,66,20.7,89,9.5,1031.7,0.0,0.0,8,804.3,0
2019-09-18 01:02:00,5,66,20.6,90,9.5,1031.7,0.0,0.0,8,804.3,0
2019-09-18 01:07:00,5,66,20.6,90,9.4,1031.9,0.0,0.0,8,804.3,0
2019-09-18 01:12:00,5,66,20.6,90,9.5,1031.9,0.0,0.0,8,804.3,0
2019-09-18 01:17:00,5,66,20.6,91,9.6,1031.7,0.0,0.0,0,804.3,0
2019-09-18 01:22:00,5,66,20.6,91,9.8,1031.8,0.0,0.0,0,804.3,0
2019-09-18 01:27:00,5,66,20.6,91,9.9,1031.8,0.0,0.0,0,804.3,0
2019-09-18 01:32:00,5,66,20.5,91,9.9,1031.9,0.0,0.0,0,804.3,0
2019-09-18 01:37:00,5,66,20.5,90,10.0,1031.9,0.0,0.0,0,804.3,0
2019-09-18 01:42:00,5,66,20.5,90,10.0,1031.8,0.0,0.0,0,804.3,0
2019-09-18 01:47:00,5,66,20.5,90,10.0,1031.9,0.0,0.0,0,804.3,0
2019-09-18 01:52:00,5,66,20.5,91,9.9,1032.0,0.0,0.0,12,804.3,0
2019-09-18 01:57:00,5,66,20.5,92,9.8,1032.0,0.0,0.0,12,804.3,0
2019-09-18 02:02:00,5,66,20.5,92,9.7,1032.0,0.0,0.0,12,804.3,0
2019-09-18 02:07:00,5,66,20.5,92,9.7,1031.9,0.0,0.0,12,804.3,0
2019-09-18 02:12:00,5,66,20.5,92,9.4,1032.0,0.0,0.0,12,804.3,0
2019-09-18 02:17:00,5,66,20.4,92,9.3,1031.9,0.0,0.0,12,804.3,0
2019-09-18 02:22:00,5,66,20.4,92,9.2,1032.1,0.0,0.0,12,804.3,0
2019-09-18 02:27:00,5,66,20.4,92,9.1,1032.1,0.0,0.0,12,804.3,0
2019-09-18 02:32:00,5,66,20.4,93,8.9,1032.1,0.0,0.0,12,804.3,0
2019-09-18 02:37:00,5,66,20.3,93,8.9,1032.2,0.0,0.0,12,804.3,0
2019-09-18 02:42:00,5,66,20.3,93,8.8,1031.9,0.0,0.0,12,804.3,0
2019-09-18 02:47:00,5,66,20.3,93,8.7,1032.1,0.0,0.0,12,804.3,0
2019-09-18 02:52:00,5,66,20.3,93,8.7,1032.2,0.0,0.0,12,804.3,0
2019-09-18 02:57:00,5,66,20.3,94,8.7,1032.2,0.0,0.0,12,804.3,0
2019-09-18 03:02:00,5,66,20.3,94,8.6,1032.3,0.0,0.0,12,804.3,0
2019-09-18 03:07:00,5,66,20.3,94,8.6,1032.3,0.0,0.0,12,804.3,0
2019-09-18 03:12:00,5,66,20.3,94,8.5,1032.3,0.0,0.0,12,804.3,0
2019-09-18 03:17:00,5,66,20.2,94,8.4,1032.4,0.0,0.0,12,804.3,0
2019-09-18 03:22:00,5,66,20.2,94,8.4,1032.5,0.0,0.0,12,804.3,0
2019-09-18 03:27:00,5,65,20.2,94,8.4,1032.4,0.0,0.0,12,804.3,0
2019-09-18 03:32:00,5,65,20.1,95,8.4,1032.4,0.0,0.0,12,804.3,0
2019-09-18 03:37:00,5,65,20.1,95,8.3,1032.5,0.0,0.0,12,804.3,0
2019-09-18 03:42:00,5,65,20.1,95,8.3,1032.4,0.0,0.0,12,804.3,0
2019-09-18 03:47:00,5,66,20.1,95,8.2,1032.5,0.0,0.0,12,804.3,0
2019-09-18 03:52:00,5,66,20.1,95,8.1,1032.6,0.0,0.0,12,804.3,0
2019-09-18 03:57:00,5,66,20.1,95,8.1,1032.5,0.0,0.0,12,804.3,0
2019-09-18 04:02:00,5,66,20.0,95,8.2,1032.5,0.0,0.0,12,804.3,0
2019-09-18 04:07:00,5,66,20.0,95,8.2,1032.6,0.0,0.0,12,804.3,0
2019-09-18 04:12:00,5,66,20.0,96,8.3,1032.7,0.0,0.0,12,804.3,0
2019-09-18 04:17:00,5,66,20.0,96,8.2,1032.6,0.0,0.0,12,804.3,0
2019-09-18 04:22:00,5,66,20.0,96,8.3,1032.7,0.0,0.0,12,804.3,0
2019-09-18 04:27:00,5,66,20.0,96,8.3,1032.8,0.0,0.0,12,804.3,0
2019-09-18 04:32:00,5,67,19.9,96,8.4,1032.8,0.0,0.0,12,804.3,0
2019-09-18 04:37:00,5,67,19.9,97,8.6,1032.9,0.0,0.0,12,804.3,0
2019-09-18 04:42:00,5,67,19.8,97,8.7,1032.8,0.0,0.0,12,804.3,0
2019-09-18 04:47:00,5,67,19.8,97,8.8,1032.8,0.0,0.0,8,804.3,0
2019-09-18 04:52:00,5,67,19.8,97,8.9,1033.1,0.0,0.0,8,804.3,0
2019-09-18 04:57:00,5,68,19.8,97,9.1,1033.0,0.0,0.0,8,804.3,0
2019-09-18 05:02:00,5,68,19.8,97,9.2,1033.1,0.0,0.0,8,804.3,0
2019-09-18 05:07:00,5,68,19.8,97,9.3,1033.0,0.0,0.0,8,804.3,0
2019-09-18 05:12:00,5,68,19.8,97,9.5,1033.2,0.0,0.0,8,804.3,0
2019-09-18 05:17:00,5,67,19.8,97,9.6,1033.2,0.0,0.0,8,804.3,0
2019-09-18 05:22:00,5,67,19.8,97,9.6,1033.1,0.0,0.0,8,804.3,0
2019-09-18 05:27:00,5,67,19.8,98,9.7,1033.2,0.0,0.0,8,804.3,0
2019-09-18 05:32:00,5,67,19.8,98,9.6,1033.2,0.0,0.0,8,804.3,0
2019-09-18 05:38:00,6,67,19.8,98,9.6,1033.2,0.0,0.0,8,804.3,0
2019-09-18 05:43:00,5,68,19.8,98,9.6,1033.3,0.0,0.0,8,804.3,0
2019-09-18 05:48:00,5,68,19.8,98,9.7,1033.2,0.0,0.0,8,804.3,0
2019-09-18 05:54:00,6,68,19.8,98,9.8,1033.2,0.0,0.0,8,804.3,0
2019-09-18 05:59:00,5,67,20.0,98,9.9,1033.1,0.0,0.0,8,804.3,0
2019-09-18 06:04:00,5,67,20.0,98,9.9,1033.2,0.0,0.0,8,804.3,0
2019-09-18 06:09:00,5,67,20.0,97,10.3,1033.2,0.0,0.0,8,804.3,0
2019-09-18 06:14:00,5,68,20.1,97,11.2,1033.2,0.0,0.0,8,804.3,0
2019-09-18 06:19:00,5,68,20.1,97,11.5,1033.1,0.0,0.0,8,804.3,0
2019-09-18 06:24:00,5,68,20.2,97,11.5,1033.2,0.0,0.0,8,804.3,0
2019-09-18 06:29:00,5,68,20.4,96,12.7,1033.1,0.0,0.0,8,804.3,0
2019-09-18 06:34:00,5,67,20.4,95,13.5,1032.9,0.0,0.0,8,804.3,0
2019-09-18 06:39:00,5,67,20.5,94,13.4,1032.9,0.0,0.0,2,804.3,0
2019-09-18 06:44:00,5,67,20.6,94,13.4,1032.9,0.0,0.0,2,804.3,0
2019-09-18 06:49:00,5,66,20.6,93,13.2,1032.9,0.0,0.0,2,804.3,0
2019-09-18 06:54:00,5,65,20.7,92,13.3,1033.1,0.0,0.0,8,804.3,0
2019-09-18 06:59:00,5,65,20.7,90,13.2,1033.2,0.0,0.0,0,804.3,0
2019-09-18 07:04:00,5,65,20.7,89,13.4,1033.2,0.0,0.0,2,804.3,0
2019-09-18 07:09:00,5,64,20.7,87,13.4,1033.3,0.0,0.0,2,804.3,0
2019-09-18 07:14:00,5,64,20.7,86,13.5,1033.3,0.0,0.0,2,804.3,0
2019-09-18 07:19:00,5,64,20.7,85,13.6,1033.4,0.0,0.0,2,804.3,0
2019-09-18 07:24:00,5,64,20.7,84,13.6,1033.5,0.0,0.0,2,804.3,0
2019-09-18 07:29:00,5,64,20.6,83,13.9,1033.6,0.0,0.0,2,804.3,0
2019-09-18 07:34:00,5,64,20.6,83,13.9,1033.7,0.0,0.0,2,804.3,0
2019-09-18 07:39:00,5,64,20.6,81,14.2,1033.6,0.0,0.0,2,804.3,0
2019-09-18 07:44:00,5,64,20.6,81,14.3,1033.6,0.0,0.0,2,804.3,0
2019-09-18 07:49:00,5,64,20.6,79,14.4,1033.7,0.0,0.0,2,804.3,0
2019-09-18 07:54:00,5,63,20.6,78,14.5,1033.8,0.0,0.0,0,804.3,0
2019-09-18 07:59:00,5,63,20.6,77,14.5,1033.8,0.0,0.0,0,804.3,0
2019-09-18 08:04:00,5,63,20.6,77,14.5,1033.8,0.0,0.0,2,804.3,0
2019-09-18 08:09:00,5,63,20.6,75,14.7,1033.9,0.0,0.0,2,804.3,0
2019-09-18 08:14:00,5,63,20.6,74,15.0,1034.0,0.0,0.0,2,804.3,0
2019-09-18 08:19:00,5,63,20.6,73,15.4,1034.0,0.0,0.0,2,804.3,0
2019-09-18 08:24:00,5,64,20.7,72,15.7,1033.8,0.0,0.0,2,804.3,0
2019-09-18 08:29:00,5,64,20.8,71,16.1,1033.7,0.0,0.0,2,804.3,0
2019-09-18 08:34:00,5,64,21.1,69,17.6,1033.4,0.0,0.0,10,804.3,0
2019-09-18 08:39:00,5,64,21.3,63,19.2,1033.1,0.0,0.0,5,804.3,0
2019-09-18 08:44:00,5,63,21.7,58,20.3,1032.8,0.0,0.0,12,804.3,0
2019-09-18 08:49:00,5,62,22.1,54,20.8,1032.6,0.0,0.0,2,804.3,0
2019-09-18 08:54:00,5,61,22.3,50,21.3,1032.1,0.0,0.0,6,804.3,0
2019-09-18 08:59:00,5,61,22.6,48,21.3,1031.8,0.0,0.3,0,804.3,0
2019-09-18 09:04:00,5,63,23.0,48,21.1,1031.4,0.0,0.3,10,804.3,0
2019-09-18 09:09:00,5,62,23.4,48,20.8,1031.3,0.7,1.0,14,804.3,0
2019-09-18 09:14:00,5,62,23.8,47,21.0,1031.0,0.0,0.0,8,804.3,0
2019-09-18 09:19:00,5,60,24.1,42,21.3,1030.8,0.0,0.7,6,804.3,0
2019-09-18 09:24:00,5,59,24.3,42,20.4,1030.7,0.0,0.3,4,804.3,0
2019-09-18 09:29:00,5,58,24.3,43,19.5,1030.7,0.7,1.4,15,804.3,0
2019-09-18 09:34:00,5,57,24.3,47,18.5,1030.7,0.7,1.4,14,804.3,0
2019-09-18 09:39:00,5,57,24.1,48,17.9,1030.8,0.7,1.0,4,804.3,0
2019-09-18 09:44:00,5,57,24.0,49,17.4,1030.8,0.7,1.0,2,804.3,0
2019-09-18 09:49:00,5,58,23.9,50,17.0,1031.0,0.3,0.7,4,804.3,0
2019-09-18 09:54:00,5,58,23.8,51,17.3,1031.1,0.0,0.0,12,804.3,0
2019-09-18 09:59:00,5,58,23.8,50,17.9,1031.1,0.3,0.7,2,804.3,0
2019-09-18 10:04:00,5,58,23.7,50,17.9,1031.2,0.0,1.0,4,804.3,0
2019-09-18 10:09:00,5,57,23.6,50,17.9,1031.2,0.3,0.7,2,804.3,0
2019-09-18 10:14:00,5,57,23.5,51,17.5,1031.4,0.0,0.7,2,804.3,0
2019-09-18 10:19:00,5,58,23.4,52,17.1,1031.5,0.3,1.0,2,804.3,0
2019-09-18 10:24:00,5,58,23.3,54,16.6,1031.6,0.7,1.0,0,804.3,0
2019-09-18 10:29:00,5,58,23.1,55,16.3,1031.8,0.3,1.0,8,804.3,0
2019-09-18 10:34:00,5,58,23.0,56,16.2,1031.8,0.0,0.0,10,804.3,0
2019-09-18 10:39:00,5,58,22.9,58,16.1,1032.0,0.3,1.4,12,804.3,0
2019-09-18 10:44:00,5,58,22.7,58,16.1,1031.9,0.0,0.3,6,804.3,0
2019-09-18 10:49:00,5,58,22.7,59,16.1,1032.0,0.3,0.7,0,804.3,0
2019-09-18 10:54:00,5,58,22.6,59,16.4,1032.1,0.0,0.0,0,804.3,0
2019-09-18 10:59:00,5,59,22.7,58,17.2,1032.0,0.3,1.0,12,804.3,0
2019-09-18 11:04:00,5,59,22.7,55,18.2,1031.9,0.3,0.7,2,804.3,0
2019-09-18 11:09:00,5,59,22.7,52,18.3,1031.9,0.3,1.0,0,804.3,0
2019-09-18 11:14:00,5,59,22.6,52,17.5,1031.9,0.0,0.0,2,804.3,0
2019-09-18 11:19:00,5,59,22.6,54,16.9,1032.0,0.0,0.3,4,804.3,0
2019-09-18 11:24:00,5,59,22.6,56,16.5,1032.1,0.0,0.0,0,804.3,0
2019-09-18 11:29:00,5,59,22.5,57,16.3,1032.2,0.0,0.0,14,804.3,0
2019-09-18 11:34:00,5,60,22.4,59,16.1,1032.2,0.0,0.0,2,804.3,0
2019-09-18 11:39:00,5,60,22.3,59,16.0,1032.4,0.0,0.0,2,804.3,0
2019-09-18 11:44:00,5,61,22.3,61,15.9,1032.4,0.7,1.4,3,804.3,0
2019-09-18 11:49:00,5,61,22.3,62,15.7,1032.4,0.0,0.3,6,804.3,0
2019-09-18 11:54:00,5,61,22.3,63,15.6,1032.4,0.0,0.0,0,804.3,0
2019-09-18 11:59:00,5,61,22.2,63,15.6,1032.3,0.0,0.0,8,804.3,0
2019-09-18 12:04:00,5,61,22.2,63,15.6,1032.4,0.0,0.3,8,804.3,0
2019-09-18 12:09:00,5,61,22.2,65,15.7,1032.3,0.0,0.3,6,804.3,0
2019-09-18 12:14:00,5,61,22.2,66,15.9,1032.4,0.0,0.0,8,804.3,0
2019-09-18 12:19:00,5,61,22.2,66,16.2,1032.2,0.0,0.0,4,804.3,0
2019-09-18 12:24:00,5,61,22.2,65,16.6,1032.2,0.0,0.7,8,804.3,0
2019-09-18 12:29:00,5,61,22.2,62,16.6,1032.1,0.7,1.0,14,804.3,0
2019-09-18 12:34:00,5,61,22.1,62,16.8,1032.1,0.0,0.7,6,804.3,0
2019-09-18 12:39:00,5,61,22.2,59,17.7,1032.1,0.0,0.3,12,804.3,0
2019-09-18 12:44:00,5,61,22.2,58,17.9,1032.0,0.7,1.0,0,804.3,0
2019-09-18 12:49:00,5,61,22.2,57,17.5,1032.1,1.0,1.4,2,804.3,0
2019-09-18 12:54:00,5,61,22.1,58,17.1,1032.1,0.0,0.0,4,804.3,0
2019-09-18 12:59:00,5,61,22.1,59,16.8,1032.2,0.0,0.0,2,804.3,0
2019-09-18 13:04:00,5,61,22.1,59,16.5,1032.2,0.3,0.7,10,804.3,0
2019-09-18 13:09:00,5,61,22.1,59,16.2,1032.3,1.0,1.7,0,804.3,0
2019-09-18 13:14:00,5,61,22.1,60,16.0,1032.3,0.3,1.0,15,804.3,0
2019-09-18 13:19:00,5,61,22.0,61,16.1,1032.3,0.0,0.0,6,804.3,0
2019-09-18 13:24:00,5,61,22.0,61,16.3,1032.3,0.0,0.0,2,804.3,0
2019-09-18 13:29:00,5,62,21.9,60,16.7,1032.2,1.0,1.7,0,804.3,0
2019-09-18 13:34:00,5,61,22.0,55,17.8,1032.2,0.3,1.0,14,804.3,0
2019-09-18 13:39:00,5,62,22.0,51,18.7,1032.1,1.0,1.7,2,804.3,0
2019-09-18 13:44:00,5,62,22.1,47,18.9,1032.1,1.4,2.0,8,804.3,0
2019-09-18 13:49:00,5,62,22.1,47,19.5,1032.0,0.7,1.0,0,804.3,0
2019-09-18 13:54:00,5,63,22.1,43,19.8,1031.9,1.4,2.0,0,804.3,0
2019-09-18 13:59:00,5,63,22.2,43,19.8,1032.0,1.7,2.7,2,804.3,0
2019-09-18 14:04:00,5,63,22.2,42,19.7,1032.0,1.0,2.0,2,804.3,0
2019-09-18 14:09:00,5,63,22.2,42,19.2,1031.8,1.4,2.7,6,804.3,0
2019-09-18 14:14:00,5,62,22.2,44,18.4,1031.9,1.4,2.0,2,804.3,0
2019-09-18 14:19:00,5,62,22.2,45,18.8,1031.9,1.7,2.4,2,804.3,0
2019-09-18 14:24:00,5,62,22.3,42,19.2,1031.8,0.0,0.7,2,804.3,0
2019-09-18 14:29:00,5,62,22.3,42,19.5,1031.7,1.0,2.0,0,804.3,0
2019-09-18 14:34:00,5,62,22.3,42,19.4,1031.7,0.3,1.4,2,804.3,0
2019-09-18 14:39:00,5,62,22.3,41,19.1,1031.6,1.4,2.0,0,804.3,0
2019-09-18 14:44:00,5,62,22.4,44,18.5,1031.6,0.3,1.0,14,804.3,0
2019-09-18 14:49:00,5,62,22.5,45,17.9,1031.5,0.0,0.0,12,804.3,0
2019-09-18 14:54:00,5,62,22.5,46,17.9,1031.5,0.3,1.0,0,804.3,0
2019-09-18 14:59:00,5,62,22.6,47,17.9,1031.7,2.0,4.4,2,804.3,0
2019-09-18 15:04:00,5,62,22.6,53,17.8,1031.6,0.7,2.4,12,804.3,0
2019-09-18 15:09:00,5,61,22.6,55,17.6,1031.7,1.7,2.4,6,804.3,0
2019-09-18 15:14:00,5,61,22.6,56,16.9,1031.6,0.0,0.7,4,804.3,0
2019-09-18 15:19:00,5,61,22.6,58,16.6,1031.7,1.4,2.0,0,804.3,0
2019-09-18 15:24:00,5,61,22.6,58,16.2,1031.6,0.7,1.4,2,804.3,0
2019-09-18 15:29:00,5,61,22.5,59,16.0,1031.7,1.0,2.0,2,804.3,0
2019-09-18 15:34:00,5,61,22.5,61,15.9,1031.7,0.7,2.0,2,804.3,0
2019-09-18 15:39:00,5,61,22.4,61,15.9,1031.7,0.7,1.0,2,804.3,0
2019-09-18 15:44:00,5,61,22.4,60,16.0,1031.8,0.7,1.4,0,804.3,0
2019-09-18 15:49:00,5,61,22.5,60,16.2,1031.6,0.3,1.0,4,804.3,0
2019-09-18 15:54:00,5,61,22.5,59,16.5,1031.6,0.3,1.0,4,804.3,0
2019-09-18 15:59:00,5,60,22.6,59,16.6,1031.6,0.0,0.0,0,804.3,0
2019-09-18 16:04:00,5,60,22.7,59,16.6,1031.4,0.0,1.0,6,804.3,0
2019-09-18 16:09:00,5,62,22.7,58,16.4,1031.2,1.4,2.4,2,804.3,0
2019-09-18 16:14:00,5,62,22.8,54,16.2,1031.2,1.4,2.4,0,804.3,0
2019-09-18 16:19:00,5,61,22.8,54,16.0,1031.2,1.0,1.7,2,804.3,0
2019-09-18 16:24:00,5,60,22.9,54,16.0,1031.3,0.7,1.4,6,804.3,0
2019-09-18 16:29:00,5,60,22.8,54,16.0,1031.5,1.4,2.7,2,804.3,0
2019-09-18 16:34:00,5,61,22.9,54,16.0,1031.4,1.0,1.7,2,804.3,0
2019-09-18 16:39:00,5,61,22.9,58,16.0,1031.5,1.0,2.0,4,804.3,0
2019-09-18 16:44:00,5,61,22.9,59,16.0,1031.4,1.4,2.4,4,804.3,0
2019-09-18 16:49:00,5,61,22.9,59,16.0,1031.5,0.3,1.0,2,804.3,0
2019-09-18 16:54:00,5,61,22.9,60,16.1,1031.4,0.3,1.4,8,804.3,0
2019-09-18 16:59:00,5,61,22.9,60,16.1,1031.3,1.0,1.4,8,804.3,0
2019-09-18 17:04:00,5,61,22.8,59,16.0,1031.4,1.0,2.0,2,804.3,0
2019-09-18 17:09:00,5,61,22.8,57,15.7,1031.6,1.4,3.1,2,804.3,0
2019-09-18 17:14:00,5,61,22.7,58,15.6,1031.6,1.0,1.4,4,804.3,0
2019-09-18 17:19:00,5,61,22.7,58,15.4,1031.7,0.0,0.3,8,804.3,0
2019-09-18 17:24:00,5,61,22.7,59,15.2,1031.8,0.3,1.0,2,804.3,0
2019-09-18 17:29:00,5,61,22.6,60,15.1,1031.8,1.0,2.0,15,804.3,0
2019-09-18 17:34:00,5,61,22.6,61,14.9,1031.9,0.0,0.3,2,804.3,0
2019-09-18 17:39:00,5,61,22.5,61,14.8,1031.9,0.7,1.4,2,804.3,0
2019-09-18 17:44:00,5,61,22.5,62,14.6,1032.1,0.0,0.0,0,804.3,0
2019-09-18 17:49:00,5,61,22.3,62,14.4,1032.2,0.0,0.3,2,804.3,0
2019-09-18 17:54:00,5,62,22.3,63,14.2,1032.2,0.0,0.3,6,804.3,0
2019-09-18 17:59:00,5,62,22.3,64,13.9,1032.3,0.0,0.0,10,804.3,0
2019-09-18 18:04:00,5,63,22.2,65,13.9,1032.5,0.0,0.0,0,804.3,0
2019-09-18 18:09:00,5,64,22.2,65,13.8,1032.5,1.0,1.7,0,804.3,0
2019-09-18 18:14:00,5,64,22.1,66,13.7,1032.7,0.0,0.7,4,804.3,0
2019-09-18 18:19:00,5,64,22.0,66,13.6,1032.8,0.0,0.3,2,804.3,0
2019-09-18 18:24:00,5,65,21.9,66,13.5,1032.9,0.0,0.0,14,804.3,0
2019-09-18 18:29:00,5,65,21.9,67,13.4,1033.0,0.0,0.0,2,804.3,0
2019-09-18 18:34:00,5,65,21.9,67,13.2,1033.0,0.0,0.7,0,804.3,0
2019-09-18 18:39:00,5,65,21.9,67,13.1,1033.0,0.0,0.3,8,804.3,0
2019-09-18 18:44:00,5,65,21.9,68,13.1,1033.3,0.0,0.3,0,804.3,0
2019-09-18 18:49:00,5,65,21.8,68,13.0,1033.3,0.0,0.0,4,804.3,0
2019-09-18 18:54:00,5,66,21.8,69,12.9,1033.4,0.0,0.0,2,804.3,0
2019-09-18 18:59:00,5,66,21.8,69,12.8,1033.5,0.0,0.0,0,804.3,0
2019-09-18 19:04:00,5,66,21.8,70,12.7,1033.7,0.0,0.0,0,804.3,0
2019-09-18 19:09:00,5,66,21.7,70,12.6,1033.6,0.0,0.3,6,804.3,0
2019-09-18 19:14:00,5,66,21.7,70,12.5,1033.5,0.0,0.0,0,804.3,0
2019-09-18 19:19:00,5,65,21.7,70,12.4,1033.6,0.0,0.0,4,804.3,0
2019-09-18 19:24:00,5,65,21.6,71,12.3,1033.7,0.0,0.3,0,804.3,0
2019-09-18 19:29:00,5,65,21.5,71,12.1,1033.6,0.0,0.0,0,804.3,0
2019-09-18 19:34:00,5,65,21.5,71,12.0,1033.7,0.0,0.0,2,804.3,0
2019-09-18 19:39:00,5,65,21.5,72,12.0,1033.8,0.0,0.0,2,804.3,0
2019-09-18 19:44:00,5,65,21.4,73,11.9,1034.0,0.0,0.0,0,804.3,0
2019-09-18 19:49:00,5,65,21.3,74,11.8,1033.9,0.0,0.0,0,804.3,0
2019-09-18 19:54:00,5,65,21.3,74,11.6,1034.1,0.0,0.0,0,804.3,0
2019-09-18 19:59:00,5,65,21.2,75,11.5,1034.0,0.0,0.0,0,804.3,0
2019-09-18 20:04:00,5,65,21.2,75,11.5,1034.1,0.0,0.0,0,804.3,0
2019-09-18 20:09:00,5,65,21.2,76,11.3,1034.2,0.0,0.0,6,804.3,0
2019-09-18 20:14:00,5,65,21.1,77,11.3,1034.2,0.0,0.0,0,804.3,0
2019-09-18 20:19:00,5,65,21.1,77,11.3,1034.3,0.0,0.0,0,804.3,0
2019-09-18 20:24:00,5,65,21.1,78,11.3,1034.3,0.0,0.0,0,804.3,0
2019-09-18 20:29:00,5,65,21.1,78,11.2,1034.3,0.0,0.0,0,804.3,0
2019-09-18 20:34:00,5,65,21.1,79,11.2,1034.4,0.0,0.0,2,804.3,0
2019-09-18 20:39:00,5,66,21.1,79,11.2,1034.5,0.0,0.0,2,804.3,0
2019-09-18 20:44:00,5,66,21.1,79,11.2,1034.4,0.0,0.0,0,804.3,0
2019-09-18 20:49:00,5,66,21.1,79,11.2,1034.5,0.0,0.0,0,804.3,0
2019-09-18 20:54:00,5,66,21.1,80,11.3,1034.5,0.0,0.0,0,804.3,0
2019-09-18 20:59:00,5,66,21.1,80,11.4,1034.6,0.0,0.0,0,804.3,0
2019-09-18 21:04:00,5,66,21.1,80,11.6,1034.7,0.0,0.0,0,804.3,0
2019-09-18 21:09:00,5,66,21.1,80,11.8,1034.6,0.0,0.0,4,804.3,0
2019-09-18 21:14:00,5,66,21.1,80,11.9,1034.6,0.0,0.0,0,804.3,0
2019-09-18 21:19:00,5,66,21.1,79,12.1,1034.7,0.0,0.0,2,804.3,0
2019-09-18 21:24:00,5,66,21.1,79,12.2,1034.6,0.0,0.0,0,804.3,0
2019-09-18 21:29:00,5,66,21.1,78,12.2,1034.6,0.0,0.0,0,804.3,0
2019-09-18 21:34:00,5,66,21.1,78,12.3,1034.6,0.0,0.0,0,804.3,0
2019-09-18 21:39:00,5,66,21.1,78,12.3,1034.6,0.0,0.0,0,804.3,0
2019-09-18 21:44:00,5,66,21.1,78,12.4,1034.8,0.0,0.0,2,804.3,0
2019-09-18 21:49:00,5,66,21.1,78,12.4,1034.7,0.0,0.0,4,804.3,0
2019-09-18 21:54:00,5,66,21.1,78,12.4,1034.7,0.0,0.0,0,804.3,0
2019-09-18 21:59:00,5,66,21.1,78,12.5,1034.8,0.0,0.0,2,804.3,0
2019-09-18 22:04:00,5,66,21.1,78,12.5,1034.7,0.0,0.0,0,804.3,0
2019-09-18 22:09:00,5,66,21.1,78,12.4,1034.8,0.0,0.0,4,804.3,0
2019-09-18 22:14:00,5,66,21.1,78,12.3,1034.8,0.0,0.0,0,804.3,0
2019-09-18 22:19:00,5,66,21.1,78,12.1,1034.8,0.0,0.0,0,804.3,0
2019-09-18 22:24:00,5,66,21.1,78,12.0,1034.8,0.0,0.0,0,804.3,0
2019-09-18 22:29:00,5,66,21.1,79,11.8,1034.8,0.0,0.0,0,804.3,0
2019-09-18 22:34:00,5,66,21.1,79,11.5,1034.9,0.0,0.0,0,804.3,0
2019-09-18 22:39:00,5,66,21.0,79,11.3,1035.0,0.0,0.0,0,804.3,0
2019-09-18 22:44:00,5,66,21.0,80,11.0,1035.0,0.0,0.0,0,804.3,0
2019-09-18 22:49:00,5,66,21.0,81,10.8,1035.1,0.0,0.0,0,804.3,0
2019-09-18 22:54:00,5,66,21.0,81,10.6,1035.1,0.0,0.0,0,804.3,0
2019-09-18 22:59:00,5,66,21.0,82,10.6,1035.2,0.0,0.0,0,804.3,0
2019-09-18 23:04:00,5,66,21.0,83,10.6,1035.3,0.0,0.0,0,804.3,0
2019-09-18 23:09:00,5,67,20.9,83,10.6,1035.3,0,0,0,804.3,0
2019-09-18 23:14:00,5,67,20.9,84,10.5,1035.2,0,0,12,804.3,0
2019-09-18 23:19:00,5,67,20.9,85,10.5,1035.2,0,0,12,804.3,0
2019-09-18 23:24:00,5,67,20.9,85,10.5,1035.2,0,0,12,804.3,0
2019-09-18 23:29:00,5,67,20.9,85,10.4,1035.3,0,0,12,804.3,0
2019-09-18 23:34:00,5,67,20.9,86,10.4,1035.2,0,0,12,804.3,0
2019-09-18 23:39:00,5,67,20.9,86,10.4,1035.2,0,0,12,804.3,0
2019-09-18 23:44:00,5,67,20.9,87,10.4,1035.3,0,0,12,804.3,0
2019-09-18 23:49:00,5,67,20.8,87,10.5,1035.3,0,0,12,804.3,0
2019-09-18 23:54:00,5,67,20.8,88,10.5,1035.3,0,0,12,804.3,0
2019-09-18 23:59:00,5,67,20.7,88,10.5,1035.4,0,0,12,804.3,0
