2026-02-27 00:00:33,1,63,20.7,83,11.1,1015.5,12,14,244,0.0,0,0.0,0
2026-02-27 00:01:34,1,63,20.7,83,11.1,1015.5,12,18,202,0.0,0,0.0,0
2026-02-27 00:02:35,1,63,20.7,83,11.1,1015.6,14,18,199,0.0,0,0.0,0
2026-02-27 00:03:36,1,63,20.7,83,11.1,1015.6,10,16,228,0.0,0,0.0,0
2026-02-27 00:04:37,1,63,20.7,83,11.1,1015.6,16,20,189,0.0,0,0.0,0
2026-02-27 00:05:38,1,63,20.7,83,11.1,1015.5,12,20,251,0.0,0,0.0,0
2026-02-27 00:06:39,1,63,20.7,83,11.1,1015.5,8,16,215,0.0,0,0.0,0
2026-02-27 00:07:40,1,63,20.7,83,11.1,1015.5,10,12,202,0.0,0,0.0,0
2026-02-27 00:08:41,1,63,20.7,83,11.0,1015.6,9,14,153,0.0,0,0.0,0
2026-02-27 00:09:42,1,63,20.7,83,11.0,1015.5,11,18,183,0.0,0,0.0,0
2026-02-27 00:10:43,1,63,20.7,83,10.9,1015.5,8,16,132,0.0,0,0.0,0
2026-02-27 00:11:44,1,63,20.7,83,10.9,1015.6,6,11,225,0.0,0,0.0,0
2026-02-27 00:12:45,1,63,20.7,84,10.8,1015.5,8,9,186,0.0,0,0.0,0
2026-02-27 00:13:46,1,63,20.7,84,10.8,1015.7,9,12,212,0.0,0,0.0,0
2026-02-27 00:14:47,1,63,20.7,84,10.7,1015.6,11,12,222,0.0,0,0.0,0
2026-02-27 00:15:48,1,63,20.7,84,10.7,1015.6,11,12,199,0.0,0,0.0,0
2026-02-27 00:16:49,1,63,20.7,84,10.7,1015.6,14,18,219,0.0,0,0.0,0
2026-02-27 00:17:50,1,63,20.7,84,10.7,1015.5,8,18,153,0.0,0,0.0,0
2026-02-27 00:18:51,1,63,20.7,84,10.7,1015.5,11,12,164,0.0,0,0.0,0
2026-02-27 00:19:52,1,63,20.7,84,10.7,1015.7,9,14,181,0.0,0,0.0,0
2026-02-27 00:20:53,1,63,20.7,84,10.7,1015.5,8,12,248,0.0,0,0.0,0
2026-02-27 00:21:54,1,63,20.7,84,10.7,1015.6,7,16,204,0.0,0,0.0,0
2026-02-27 00:22:55,1,63,20.7,84,10.7,1015.6,14,18,195,0.0,0,0.0,0
2026-02-27 00:23:56,1,63,20.7,84,10.7,1015.6,10,18,218,0.0,0,0.0,0
2026-02-27 00:24:57,1,63,20.7,84,10.7,1015.5,10,12,168,0.0,0,0.0,0
2026-02-27 00:25:58,1,63,20.7,84,10.7,1015.4,12,16,172,0.0,0,0.0,0
2026-02-27 00:26:59,1,63,20.7,84,10.7,1015.6,13,16,213,0.0,0,0.0,0
2026-02-27 00:28:00,1,63,20.7,84,10.7,1015.4,9,16,223,0.0,0,0.0,0
2026-02-27 00:29:01,1,63,20.7,84,10.7,1015.5,8,18,208,0.0,0,0.0,0
2026-02-27 00:30:02,1,63,20.7,84,10.7,1015.5,10,18,185,0.0,0,0.0,0
2026-02-27 00:31:03,1,63,20.7,84,10.7,1015.4,13,18,155,0.0,0,0.0,0
2026-02-27 00:32:04,1,63,20.7,84,10.7,1015.4,14,18,188,0.0,0,0.0,0
2026-02-27 00:33:05,1,63,20.6,84,10.8,1015.6,12,16,195,0.0,0,0.0,0
2026-02-27 00:34:06,1,63,20.6,84,10.8,1015.5,12,18,147,0.0,0,0.0,0
2026-02-27 00:35:07,1,63,20.7,84,10.8,1015.3,12,18,189,0.0,0,0.0,0
2026-02-27 00:36:08,1,63,20.6,84,10.8,1015.6,7,16,236,0.0,0,0.0,0
2026-02-27 00:37:09,1,63,20.6,84,10.9,1015.5,12,16,175,0.0,0,0.0,0
2026-02-27 00:38:10,1,63,20.6,84,10.9,1015.5,15,18,190,0.0,0,0.0,0
2026-02-27 00:39:11,1,63,20.6,84,10.9,1015.5,10,18,233,0.0,0,0.0,0
2026-02-27 00:40:12,1,63,20.6,83,10.9,1015.3,6,12,162,0.0,0,0.0,0
2026-02-27 00:41:13,1,63,20.6,84,10.9,1015.5,7,12,240,0.0,0,0.0,0
2026-02-27 00:42:14,1,63,20.6,84,11.0,1015.5,16,20,228,0.0,0,0.0,0
2026-02-27 00:43:15,1,63,20.6,83,11.0,1015.5,12,20,240,0.0,0,0.0,0
2026-02-27 00:44:16,1,63,20.6,83,11.0,1015.4,6,18,216,0.0,0,0.0,0
2026-02-27 00:45:17,1,63,20.6,83,11.1,1015.5,10,14,230,0.0,0,0.0,0
2026-02-27 00:46:18,1,63,20.6,83,11.1,1015.5,11,14,232,0.0,0,0.0,0
2026-02-27 00:47:19,1,63,20.6,83,11.1,1015.5,8,14,244,0.0,0,0.0,0
2026-02-27 00:48:20,1,63,20.6,83,11.1,1015.4,10,14,162,0.0,0,0.0,0
2026-02-27 00:49:21,1,63,20.6,83,11.1,1015.4,11,14,222,0.0,0,0.0,0
2026-02-27 00:50:22,1,63,20.6,83,11.1,1015.4,10,16,164,0.0,0,0.0,0
2026-02-27 00:51:23,1,63,20.6,83,11.1,1015.4,11,18,172,0.0,0,0.0,0
2026-02-27 00:52:24,1,63,20.6,83,11.1,1015.3,8,18,220,0.0,0,0.0,0
2026-02-27 00:53:25,1,63,20.6,83,11.1,1015.4,15,18,184,0.0,0,0.0,0
2026-02-27 00:54:26,1,63,20.6,83,11.1,1015.3,10,18,240,0.0,0,0.0,0
2026-02-27 00:55:27,1,63,20.6,83,11.1,1015.3,12,16,200,0.0,0,0.0,0
2026-02-27 00:56:28,1,63,20.6,83,11.1,1015.3,8,16,212,0.0,0,0.0,0
2026-02-27 00:57:29,1,63,20.6,83,11.1,1015.3,10,14,197,0.0,0,0.0,0
2026-02-27 00:58:30,1,63,20.6,83,11.1,1015.4,15,18,227,0.0,0,0.0,0
2026-02-27 00:59:31,1,63,20.6,83,11.0,1015.4,10,18,110,0.0,0,0.0,0
2026-02-27 01:00:32,1,63,20.6,83,11.0,1015.2,6,16,153,0.0,0,0.0,0
2026-02-27 01:01:33,1,63,20.6,83,11.0,1015.3,11,12,187,0.0,0,0.0,0
2026-02-27 01:02:34,1,63,20.6,83,11.0,1015.2,7,12,185,0.0,0,0.0,0
2026-02-27 01:03:35,1,63,20.6,83,10.9,1015.1,11,12,221,0.0,0,0.0,0
2026-02-27 01:04:36,1,63,20.6,83,10.9,1015.1,13,18,178,0.0,0,0.0,0
2026-02-27 01:05:37,1,63,20.6,83,10.9,1015.2,16,20,206,0.0,0,0.0,0
2026-02-27 01:06:38,1,63,20.6,83,10.9,1015.2,14,20,204,0.0,0,0.0,0
2026-02-27 01:07:39,1,63,20.6,83,11.0,1015.3,14,21,184,0.0,0,0.0,0
2026-02-27 01:08:40,1,63,20.6,83,11.0,1015.1,9,21,202,0.0,0,0.0,0
2026-02-27 01:09:41,1,63,20.6,83,11.0,1015.2,17,18,183,0.0,0,0.0,0
2026-02-27 01:10:42,1,63,20.6,83,11.0,1015.2,11,18,185,0.0,0,0.0,0
2026-02-27 01:11:43,1,63,20.6,83,11.0,1015.3,10,16,201,0.0,0,0.0,0
2026-02-27 01:12:44,1,63,20.6,83,11.0,1015.3,13,14,211,0.0,0,0.0,0
2026-02-27 01:13:45,1,63,20.6,83,11.0,1015.2,12,14,201,0.0,0,0.0,0
2026-02-27 01:14:46,1,63,20.6,83,10.9,1015.1,10,18,200,0.0,0,0.0,0
2026-02-27 01:15:47,1,63,20.6,83,10.9,1015.1,10,16,178,0.0,0,0.0,0
2026-02-27 01:16:48,1,63,20.6,83,10.9,1015.1,9,16,165,0.0,0,0.0,0
2026-02-27 01:17:49,1,63,20.6,83,10.9,1015.3,14,20,185,0.0,0,0.0,0
2026-02-27 01:18:50,1,63,20.6,83,10.9,1015.2,14,20,195,0.0,0,0.0,0
2026-02-27 01:19:51,1,63,20.6,83,10.9,1015.1,7,16,218,0.0,0,0.0,0
2026-02-27 01:20:52,1,63,20.6,83,10.9,1015.0,11,16,193,0.0,0,0.0,0
2026-02-27 01:21:53,1,63,20.6,83,10.9,1014.9,9,16,228,0.0,0,0.0,0
2026-02-27 01:22:54,1,63,20.6,83,10.9,1015.1,9,12,247,0.0,0,0.0,0
2026-02-27 01:23:55,1,63,20.6,83,10.9,1015.1,9,14,114,0.0,0,0.0,0
2026-02-27 01:24:56,1,63,20.6,83,10.8,1015.1,9,14,177,0.0,0,0.0,0
2026-02-27 01:25:57,1,63,20.6,83,10.8,1015.1,8,14,260,0.0,0,0.0,0
2026-02-27 01:26:58,1,63,20.6,83,10.8,1015.1,16,18,206,0.0,0,0.0,0
2026-02-27 01:27:59,1,63,20.6,83,10.8,1015.1,12,18,197,0.0,0,0.0,0
2026-02-27 01:29:00,1,63,20.6,83,10.9,1015.1,7,16,238,0.0,0,0.0,0
2026-02-27 01:30:01,1,63,20.6,83,10.9,1015.1,19,23,205,0.0,0,0.0,0
2026-02-27 01:31:02,1,63,20.6,83,10.9,1015.1,12,23,208,0.0,0,0.0,0
2026-02-27 01:32:03,1,63,20.6,83,11.0,1015.1,11,20,201,0.0,0,0.0,0
2026-02-27 01:33:04,1,63,20.6,83,11.0,1014.9,14,16,193,0.0,0,0.0,0
2026-02-27 01:34:05,1,63,20.5,83,11.0,1015.0,8,18,207,0.0,0,0.0,0
2026-02-27 01:35:06,1,63,20.5,83,11.0,1015.0,14,20,198,0.0,0,0.0,0
2026-02-27 01:36:07,1,63,20.6,83,11.0,1015.0,16,20,138,0.0,0,0.0,0
2026-02-27 01:37:08,1,63,20.5,83,11.0,1014.9,10,18,260,0.0,0,0.0,0
2026-02-27 01:38:09,1,63,20.6,83,11.0,1015.0,17,21,221,0.0,0,0.0,0
2026-02-27 01:39:10,1,63,20.6,83,11.0,1014.9,13,21,191,0.0,0,0.0,0
2026-02-27 01:40:11,1,63,20.5,82,11.0,1015.1,13,21,166,0.0,0,0.0,0
2026-02-27 01:41:12,1,63,20.5,83,11.1,1014.8,11,23,255,0.0,0,0.0,0
2026-02-27 01:42:13,1,63,20.6,82,11.1,1015.0,11,16,152,0.0,0,0.0,0
2026-02-27 01:43:14,1,63,20.5,83,11.1,1015.0,11,16,167,0.0,0,0.0,0
2026-02-27 01:44:15,1,63,20.5,83,11.1,1014.8,12,18,120,0.0,0,0.0,0
2026-02-27 01:45:16,1,63,20.5,83,11.1,1014.9,11,18,174,0.0,0,0.0,0
2026-02-27 01:46:17,1,63,20.5,83,11.1,1014.7,10,18,222,0.0,0,0.0,0
2026-02-27 01:47:18,1,63,20.5,83,11.1,1014.9,11,14,199,0.0,0,0.0,0
2026-02-27 01:48:19,1,63,20.5,83,11.1,1014.7,7,16,190,0.0,0,0.0,0
2026-02-27 01:49:21,1,63,20.5,83,11.1,1014.8,12,20,195,0.0,0,0.0,0
2026-02-27 01:50:22,1,63,20.5,82,11.1,1015.0,11,20,185,0.0,0,0.0,0
2026-02-27 01:51:23,1,63,20.6,82,11.1,1014.8,11,16,246,0.0,0,0.0,0
2026-02-27 01:52:24,1,63,20.6,83,11.1,1015.1,12,18,196,0.0,0,0.0,0
2026-02-27 01:53:25,1,63,20.5,83,11.1,1014.7,16,18,180,0.0,0,0.0,0
2026-02-27 01:54:26,1,63,20.5,83,11.1,1014.9,19,23,256,0.0,0,0.0,0
2026-02-27 01:55:27,1,63,20.5,83,11.1,1014.6,8,23,199,0.0,0,0.0,0
2026-02-27 01:56:28,1,63,20.6,83,11.1,1014.8,14,16,193,0.0,0,0.0,0
2026-02-27 01:57:29,1,63,20.5,83,11.1,1014.8,15,18,167,0.0,0,0.0,0
2026-02-27 01:58:30,1,63,20.5,83,11.1,1014.8,14,20,233,0.0,0,0.0,0
2026-02-27 01:59:31,1,63,20.5,83,11.1,1014.8,12,16,170,0.0,0,0.0,0
2026-02-27 02:00:32,1,63,20.5,83,11.1,1014.7,13,23,208,0.0,0,0.0,0
2026-02-27 02:01:33,1,63,20.5,83,11.0,1014.8,16,23,204,0.0,0,0.0,0
2026-02-27 02:02:34,1,63,20.5,83,11.0,1014.9,10,16,206,0.0,0,0.0,0
2026-02-27 02:03:35,1,63,20.5,83,11.0,1014.8,12,16,198,0.0,0,0.0,0
2026-02-27 02:04:36,1,63,20.5,83,11.0,1014.8,12,16,186,0.0,0,0.0,0
2026-02-27 02:05:37,1,63,20.5,83,11.0,1014.9,12,16,201,0.0,0,0.0,0
2026-02-27 02:06:38,1,63,20.5,83,11.0,1014.6,12,21,180,0.0,0,0.0,0
2026-02-27 02:07:39,1,63,20.5,83,11.0,1014.8,11,18,171,0.0,0,0.0,0
2026-02-27 02:08:40,1,63,20.5,83,11.0,1014.6,12,16,185,0.0,0,0.0,0
2026-02-27 02:09:41,1,63,20.5,84,11.0,1014.8,11,16,191,0.0,0,0.0,0
2026-02-27 02:10:42,1,63,20.5,84,11.0,1014.8,11,16,189,0.0,0,0.0,0
2026-02-27 02:11:43,1,63,20.5,84,11.0,1014.8,12,16,149,0.0,0,0.0,0
2026-02-27 02:12:44,1,63,20.5,83,11.0,1014.7,12,23,222,0.0,0,0.0,0
2026-02-27 02:13:45,1,63,20.5,83,11.0,1014.7,15,23,162,0.0,0,0.0,0
2026-02-27 02:14:46,1,63,20.5,83,11.0,1014.7,14,21,188,0.0,0,0.0,0
2026-02-27 02:15:47,1,63,20.5,83,11.0,1014.6,11,23,166,0.0,0,0.0,0
2026-02-27 02:16:48,1,63,20.5,83,11.0,1014.7,10,18,229,0.0,0,0.0,0
2026-02-27 02:17:49,1,63,20.5,83,11.0,1014.8,12,18,204,0.0,0,0.0,0
2026-02-27 02:18:50,1,63,20.5,83,11.0,1014.6,12,20,201,0.0,0,0.0,0
2026-02-27 02:19:51,1,63,20.5,84,11.0,1014.5,12,25,257,0.0,0,0.0,0
2026-02-27 02:20:52,1,63,20.5,83,11.0,1014.6,13,23,181,0.0,0,0.0,0
2026-02-27 02:21:53,1,63,20.5,83,11.0,1014.6,14,21,185,0.0,0,0.0,0
2026-02-27 02:22:54,1,63,20.5,83,11.0,1014.6,13,20,209,0.0,0,0.0,0
2026-02-27 02:23:55,1,63,20.5,83,11.0,1014.5,12,16,214,0.0,0,0.0,0
2026-02-27 02:24:56,1,63,20.5,84,11.0,1014.5,18,21,178,0.0,0,0.0,0
2026-02-27 02:25:57,1,63,20.5,83,11.0,1014.6,12,21,209,0.0,0,0.0,0
2026-02-27 02:26:58,1,63,20.5,84,11.0,1014.5,14,18,165,0.0,0,0.0,0
2026-02-27 02:27:59,1,62,20.5,84,11.0,1014.7,12,18,105,0.0,0,0.0,0
2026-02-27 02:29:00,1,62,20.5,84,11.0,1014.5,14,20,230,0.0,0,0.0,0
2026-02-27 02:30:01,1,62,20.5,83,11.0,1014.6,7,20,172,0.0,0,0.0,0
2026-02-27 02:31:02,1,62,20.5,84,11.0,1014.4,11,18,243,0.0,0,0.0,0
2026-02-27 02:32:03,1,62,20.5,84,11.0,1014.4,16,21,235,0.0,0,0.0,0
2026-02-27 02:33:04,1,62,20.5,83,11.0,1014.5,15,21,246,0.0,0,0.0,0
2026-02-27 02:34:05,1,62,20.5,83,11.1,1014.3,13,18,165,0.0,0,0.0,0
2026-02-27 02:35:06,1,62,20.5,83,11.1,1014.5,13,18,251,0.0,0,0.0,0
2026-02-27 02:36:07,1,63,20.5,83,11.1,1014.4,15,20,213,0.0,0,0.0,0
2026-02-27 02:37:08,1,62,20.5,83,11.1,1014.6,17,23,237,0.0,0,0.0,0
2026-02-27 02:38:09,1,62,20.5,83,11.1,1014.4,9,23,216,0.0,0,0.0,0
2026-02-27 02:39:10,1,62,20.5,83,11.1,1014.4,15,18,197,0.0,0,0.0,0
2026-02-27 02:40:11,1,62,20.5,83,11.1,1014.6,7,18,152,0.0,0,0.0,0
2026-02-27 02:41:12,1,62,20.5,83,11.1,1014.4,11,14,184,0.0,0,0.0,0
2026-02-27 02:42:13,1,62,20.5,83,11.1,1014.6,9,14,233,0.0,0,0.0,0
2026-02-27 02:43:14,1,62,20.5,84,11.0,1014.5,17,18,195,0.0,0,0.0,0
2026-02-27 02:44:15,1,62,20.5,83,11.0,1014.3,11,18,245,0.0,0,0.0,0
2026-02-27 02:45:16,1,62,20.5,84,11.0,1014.5,11,16,201,0.0,0,0.0,0
2026-02-27 02:46:17,1,62,20.5,83,11.1,1014.4,11,18,209,0.0,0,0.0,0
2026-02-27 02:47:18,1,62,20.5,84,11.1,1014.5,10,16,238,0.0,0,0.0,0
2026-02-27 02:48:19,1,62,20.5,84,11.1,1014.5,12,18,198,0.0,0,0.0,0
2026-02-27 02:49:20,1,62,20.5,83,11.1,1014.5,17,25,270,0.0,0,0.0,0
2026-02-27 02:50:21,1,62,20.5,83,11.1,1014.3,11,25,183,0.0,0,0.0,0
2026-02-27 02:51:22,1,62,20.5,83,11.1,1014.3,18,23,188,0.0,0,0.0,0
2026-02-27 02:52:23,1,62,20.5,83,11.1,1014.4,10,23,247,0.0,0,0.0,0
2026-02-27 02:53:24,1,62,20.5,83,11.1,1014.3,15,23,217,0.0,0,0.0,0
2026-02-27 02:54:25,1,62,20.5,83,11.1,1014.3,7,20,222,0.0,0,0.0,0
2026-02-27 02:55:26,1,62,20.5,83,11.2,1014.3,11,16,242,0.0,0,0.0,0
2026-02-27 02:56:27,1,62,20.5,83,11.2,1014.4,10,16,207,0.0,0,0.0,0
2026-02-27 02:57:28,1,62,20.5,83,11.2,1014.4,13,20,225,0.0,0,0.0,0
2026-02-27 02:58:29,1,62,20.5,83,11.1,1014.3,8,18,197,0.0,0,0.0,0
2026-02-27 02:59:30,1,62,20.5,83,11.1,1014.2,11,16,212,0.0,0,0.0,0
2026-02-27 03:00:31,1,62,20.5,83,11.1,1014.3,14,21,124,0.0,0,0.0,0
2026-02-27 03:01:32,1,62,20.5,83,11.1,1014.2,14,21,234,0.0,0,0.0,0
2026-02-27 03:02:33,1,62,20.5,83,11.1,1014.2,11,20,190,0.0,0,0.0,0
2026-02-27 03:03:34,1,62,20.5,83,11.2,1014.2,5,16,130,0.0,0,0.0,0
2026-02-27 03:04:35,1,62,20.5,83,11.2,1014.3,13,20,169,0.0,0,0.0,0
2026-02-27 03:05:36,1,62,20.5,83,11.2,1014.2,12,21,206,0.0,0,0.0,0
2026-02-27 03:06:37,1,62,20.4,83,11.2,1014.2,11,21,216,0.0,0,0.0,0
2026-02-27 03:07:38,1,62,20.5,83,11.2,1014.0,10,20,226,0.0,0,0.0,0
2026-02-27 03:08:39,1,62,20.5,83,11.2,1014.0,11,20,182,0.0,0,0.0,0
2026-02-27 03:09:40,1,62,20.4,83,11.2,1014.0,16,23,211,0.0,0,0.0,0
2026-02-27 03:10:41,1,62,20.5,83,11.2,1014.1,5,23,219,0.0,0,0.0,0
2026-02-27 03:11:42,1,62,20.5,83,11.2,1014.0,14,21,188,0.0,0,0.0,0
2026-02-27 03:12:43,1,62,20.5,83,11.2,1013.9,12,25,222,0.0,0,0.0,0
2026-02-27 03:13:44,1,62,20.5,83,11.2,1013.9,12,25,244,0.0,0,0.0,0
2026-02-27 03:14:45,1,62,20.5,83,11.2,1013.9,7,18,224,0.0,0,0.0,0
2026-02-27 03:15:46,1,62,20.4,83,11.2,1013.8,13,21,225,0.0,0,0.0,0
2026-02-27 03:16:47,1,62,20.5,83,11.2,1014.1,7,21,236,0.0,0,0.0,0
2026-02-27 03:17:48,1,62,20.4,83,11.2,1014.0,14,20,206,0.0,0,0.0,0
2026-02-27 03:18:49,1,62,20.4,83,11.2,1014.0,16,25,275,0.0,0,0.0,0
2026-02-27 03:19:50,1,62,20.4,83,11.2,1013.8,14,20,232,0.0,0,0.0,0
2026-02-27 03:20:51,1,62,20.4,83,11.2,1013.9,7,18,186,0.0,0,0.0,0
2026-02-27 03:21:52,1,62,20.4,83,11.2,1013.9,9,16,209,0.0,0,0.0,0
2026-02-27 03:22:53,1,62,20.4,83,11.2,1014.0,12,20,193,0.0,0,0.0,0
2026-02-27 03:23:54,1,62,20.5,83,11.2,1013.9,7,20,214,0.0,0,0.0,0
2026-02-27 03:24:55,1,62,20.5,83,11.2,1014.0,6,18,228,0.0,0,0.0,0
2026-02-27 03:25:56,1,62,20.4,83,11.1,1013.9,10,12,164,0.0,0,0.0,0
2026-02-27 03:26:57,1,62,20.4,83,11.1,1013.9,16,20,204,0.0,0,0.0,0
2026-02-27 03:27:58,1,62,20.4,83,11.1,1014.1,11,20,211,0.0,0,0.0,0
2026-02-27 03:28:59,1,62,20.4,84,11.1,1014.2,12,16,195,0.0,0,0.0,0
2026-02-27 03:30:00,1,62,20.4,84,11.0,1014.2,9,16,224,0.0,0,0.0,0
2026-02-27 03:31:01,1,62,20.4,84,11.0,1014.0,8,14,196,0.0,0,0.0,0
2026-02-27 03:32:02,1,62,20.4,84,10.9,1014.0,10,12,195,0.0,0,0.0,0
2026-02-27 03:33:03,1,62,20.5,85,10.8,1013.9,11,14,146,0.0,0,0.0,0
2026-02-27 03:34:04,1,62,20.5,84,10.8,1013.9,9,16,206,0.0,0,0.0,0
2026-02-27 03:35:05,1,62,20.5,84,10.8,1014.0,11,16,218,0.0,0,0.0,0
2026-02-27 03:36:06,1,62,20.4,85,10.8,1014.0,11,16,104,0.0,0,0.0,0
2026-02-27 03:37:07,1,62,20.5,85,10.8,1014.0,11,18,196,0.0,0,0.0,0
2026-02-27 03:38:08,1,62,20.4,85,10.8,1014.2,8,20,156,0.0,0,0.0,0
2026-02-27 03:39:09,1,62,20.4,85,10.8,1014.0,8,20,214,0.0,0,0.0,0
2026-02-27 03:40:10,1,62,20.4,85,10.7,1014.0,7,11,192,0.0,0,0.0,0
2026-02-27 03:41:11,1,62,20.4,85,10.7,1014.2,9,16,237,0.0,0,0.0,0
2026-02-27 03:42:12,1,62,20.4,85,10.7,1014.1,7,16,163,0.0,0,0.0,0
2026-02-27 03:43:13,1,62,20.4,85,10.7,1013.9,11,12,230,0.0,0,0.0,0
2026-02-27 03:44:14,1,62,20.5,85,10.7,1013.9,11,14,269,0.0,0,0.0,0
2026-02-27 03:45:15,1,62,20.4,85,10.7,1013.9,11,14,179,0.0,0,0.0,0
2026-02-27 03:46:16,1,62,20.4,85,10.7,1013.9,13,16,197,0.0,0,0.0,0
2026-02-27 03:47:17,1,62,20.4,85,10.7,1013.8,13,20,217,0.0,0,0.0,0
2026-02-27 03:48:18,1,62,20.4,85,10.8,1013.9,10,20,180,0.0,0,0.0,0
2026-02-27 03:49:20,1,62,20.4,85,10.8,1014.0,12,16,183,0.0,0,0.0,0
2026-02-27 03:50:21,1,62,20.4,85,10.8,1013.8,15,18,168,0.0,0,0.0,0
2026-02-27 03:51:22,1,62,20.4,85,10.8,1013.8,13,18,203,0.0,0,0.0,0
2026-02-27 03:52:23,1,62,20.4,85,10.9,1013.8,12,18,141,0.0,0,0.0,0
2026-02-27 03:53:24,1,62,20.4,85,10.9,1013.9,12,18,201,0.0,0,0.0,0
2026-02-27 03:54:25,1,62,20.4,84,11.0,1013.8,7,18,183,0.0,0,0.0,0
2026-02-27 03:55:26,1,62,20.4,84,11.0,1013.9,6,12,191,0.0,0,0.0,0
2026-02-27 03:56:27,1,62,20.4,85,10.9,1013.8,14,16,181,0.0,0,0.0,0
2026-02-27 03:57:28,1,62,20.4,85,10.9,1013.9,9,16,209,0.0,0,0.0,0
2026-02-27 03:58:29,1,62,20.4,85,10.9,1013.8,10,14,176,0.0,0,0.0,0
2026-02-27 03:59:30,1,62,20.5,84,10.9,1013.8,9,16,212,0.0,0,0.0,0
2026-02-27 04:00:31,1,62,20.4,85,10.9,1013.9,11,16,197,0.0,0,0.0,0
2026-02-27 04:01:32,1,62,20.4,84,11.0,1013.7,8,14,168,0.0,0,0.0,0
2026-02-27 04:02:33,1,62,20.4,84,11.0,1014.0,10,11,163,0.0,0,0.0,0
2026-02-27 04:03:34,1,62,20.4,84,10.9,1013.8,6,12,223,0.0,0,0.0,0
2026-02-27 04:04:35,1,62,20.4,84,10.9,1013.9,9,12,220,0.0,0,0.0,0
2026-02-27 04:05:36,1,62,20.4,85,10.9,1013.9,11,14,224,0.0,0,0.0,0
2026-02-27 04:06:37,1,62,20.4,84,10.9,1013.6,5,14,181,0.0,0,0.0,0
2026-02-27 04:07:38,1,62,20.4,84,10.9,1013.7,11,14,213,0.0,0,0.0,0
2026-02-27 04:08:39,1,62,20.4,84,10.9,1013.9,8,14,154,0.0,0,0.0,0
2026-02-27 04:09:40,1,62,20.4,84,11.0,1013.9,8,14,203,0.0,0,0.0,0
2026-02-27 04:10:41,1,62,20.4,84,11.0,1013.6,10,14,235,0.0,0,0.0,0
2026-02-27 04:11:42,1,62,20.4,84,11.0,1013.8,8,14,167,0.0,0,0.0,0
2026-02-27 04:12:43,1,62,20.4,84,11.0,1013.9,8,11,204,0.0,0,0.0,0
2026-02-27 04:13:44,1,62,20.4,84,11.0,1013.8,11,14,271,0.0,0,0.0,0
2026-02-27 04:14:45,1,62,20.4,84,11.0,1013.9,11,16,191,0.0,0,0.0,0
2026-02-27 04:15:46,1,62,20.4,84,11.1,1013.8,8,16,193,0.0,0,0.0,0
2026-02-27 04:16:47,1,62,20.4,84,11.1,1013.9,9,11,224,0.0,0,0.0,0
2026-02-27 04:17:48,1,62,20.4,84,11.1,1013.7,11,14,184,0.0,0,0.0,0
2026-02-27 04:18:49,1,62,20.4,84,11.1,1013.7,6,14,221,0.0,0,0.0,0
2026-02-27 04:19:50,1,62,20.4,84,11.0,1013.8,9,14,177,0.0,0,0.0,0
2026-02-27 04:20:51,1,62,20.4,84,11.0,1013.9,6,14,195,0.0,0,0.0,0
2026-02-27 04:21:52,1,62,20.4,84,11.0,1013.7,9,12,202,0.0,0,0.0,0
2026-02-27 04:22:53,1,62,20.4,84,11.0,1013.8,10,12,174,0.0,0,0.0,0
2026-02-27 04:23:54,1,62,20.4,84,11.0,1013.6,6,12,192,0.0,0,0.0,0
2026-02-27 04:24:55,1,62,20.4,85,11.0,1013.9,12,14,195,0.0,0,0.0,0
2026-02-27 04:25:56,1,62,20.4,85,10.9,1013.9,14,20,194,0.0,0,0.0,0
2026-02-27 04:26:57,1,62,20.4,84,10.9,1013.9,12,20,166,0.0,0,0.0,0
2026-02-27 04:27:58,1,62,20.4,84,11.0,1013.7,7,14,205,0.0,0,0.0,0
2026-02-27 04:28:59,1,62,20.4,84,11.0,1013.9,6,11,183,0.0,0,0.0,0
2026-02-27 04:30:00,1,62,20.4,84,11.0,1013.9,12,12,145,0.0,0,0.0,0
2026-02-27 04:31:01,1,62,20.4,84,11.0,1013.8,9,12,205,0.0,0,0.0,0
2026-02-27 04:32:02,1,62,20.4,84,11.0,1013.8,10,14,227,0.0,0,0.0,0
2026-02-27 04:33:03,1,62,20.4,84,11.0,1013.7,8,14,153,0.0,0,0.0,0
2026-02-27 04:34:04,1,62,20.4,84,11.0,1013.7,9,12,127,0.0,0,0.0,0
2026-02-27 04:35:05,1,62,20.4,84,11.0,1013.6,10,12,222,0.0,0,0.0,0
2026-02-27 04:36:06,1,62,20.4,84,11.0,1013.8,11,12,200,0.0,0,0.0,0
2026-02-27 04:37:07,1,62,20.4,84,11.0,1013.7,9,14,215,0.0,0,0.0,0
2026-02-27 04:38:08,1,62,20.4,84,11.1,1013.8,7,14,156,0.0,0,0.0,0
2026-02-27 04:39:09,1,62,20.4,84,11.1,1013.7,7,11,147,0.0,0,0.0,0
2026-02-27 04:40:10,1,62,20.4,84,11.0,1013.8,9,11,221,0.0,0,0.0,0
2026-02-27 04:41:11,1,62,20.4,84,11.0,1013.7,8,11,192,0.0,0,0.0,0
2026-02-27 04:42:12,1,62,20.4,84,11.0,1013.7,8,11,141,0.0,0,0.0,0
2026-02-27 04:43:13,1,62,20.4,84,11.0,1013.6,8,12,146,0.0,0,0.0,0
2026-02-27 04:44:14,1,62,20.4,84,11.0,1013.7,6,12,202,0.0,0,0.0,0
2026-02-27 04:45:15,1,62,20.4,84,11.0,1013.8,12,16,188,0.0,0,0.0,0
2026-02-27 04:46:16,1,62,20.4,84,11.0,1013.5,8,16,167,0.0,0,0.0,0
2026-02-27 04:47:17,1,62,20.4,84,11.0,1013.7,10,16,189,0.0,0,0.0,0
2026-02-27 04:48:18,1,62,20.4,84,11.1,1013.6,6,16,138,0.0,0,0.0,0
2026-02-27 04:49:19,1,62,20.4,84,11.1,1013.7,12,12,160,0.0,0,0.0,0
2026-02-27 04:50:20,1,62,20.4,84,11.0,1013.7,11,12,184,0.0,0,0.0,0
2026-02-27 04:51:21,1,62,20.4,84,11.0,1013.6,5,12,226,0.0,0,0.0,0
2026-02-27 04:52:22,1,62,20.4,84,11.0,1013.6,5,11,138,0.0,0,0.0,0
2026-02-27 04:53:23,1,62,20.4,84,10.9,1013.6,7,9,158,0.0,0,0.0,0
2026-02-27 04:54:24,1,62,20.4,85,10.9,1013.5,6,7,141,0.0,0,0.0,0
2026-02-27 04:55:25,1,62,20.4,85,10.8,1013.6,7,11,135,0.0,0,0.0,0
2026-02-27 04:56:26,1,62,20.4,85,10.8,1013.4,6,12,135,0.0,0,0.0,0
2026-02-27 04:57:27,1,62,20.4,85,10.8,1013.6,7,11,206,0.0,0,0.0,0
2026-02-27 04:58:28,1,62,20.4,85,10.7,1013.5,11,16,151,0.0,0,0.0,0
2026-02-27 04:59:29,1,62,20.4,85,10.7,1013.5,10,16,168,0.0,0,0.0,0
2026-02-27 05:00:30,1,62,20.4,85,10.6,1013.5,4,12,144,0.0,0,0.0,0
2026-02-27 05:01:31,1,62,20.4,85,10.6,1013.5,6,11,242,0.0,0,0.0,0
2026-02-27 05:02:32,1,62,20.4,85,10.6,1013.6,5,11,185,0.0,0,0.0,0
2026-02-27 05:03:33,1,62,20.4,85,10.6,1013.5,5,11,148,0.0,0,0.0,0
2026-02-27 05:04:34,1,62,20.4,85,10.6,1013.4,6,16,106,0.0,0,0.0,0
2026-02-27 05:05:35,1,62,20.4,85,10.6,1013.5,15,18,188,0.0,0,0.0,0
2026-02-27 05:06:36,1,62,20.4,85,10.6,1013.5,11,18,165,0.0,0,0.0,0
2026-02-27 05:07:37,1,62,20.4,85,10.7,1013.4,7,14,198,0.0,0,0.0,0
2026-02-27 05:08:38,1,62,20.4,85,10.7,1013.5,14,14,173,0.0,0,0.0,0
2026-02-27 05:09:39,1,62,20.4,85,10.7,1013.4,8,14,124,0.0,0,0.0,0
2026-02-27 05:10:40,1,62,20.4,85,10.7,1013.5,6,12,194,0.0,0,0.0,0
2026-02-27 05:11:41,1,62,20.4,85,10.7,1013.4,10,12,227,0.0,0,0.0,0
2026-02-27 05:12:42,1,62,20.4,85,10.7,1013.5,9,14,195,0.0,0,0.0,0
2026-02-27 05:13:43,1,62,20.4,85,10.7,1013.5,9,18,198,0.0,0,0.0,0
2026-02-27 05:14:44,1,62,20.4,84,10.8,1013.5,6,16,166,0.0,0,0.0,0
2026-02-27 05:15:45,1,62,20.4,84,10.8,1013.4,8,12,201,0.0,0,0.0,0
2026-02-27 05:16:46,1,62,20.4,84,10.8,1013.6,5,12,169,0.0,0,0.0,0
2026-02-27 05:17:47,1,62,20.4,84,10.8,1013.5,7,12,164,0.0,0,0.0,0
2026-02-27 05:18:48,1,62,20.4,84,10.7,1013.5,8,11,228,0.0,0,0.0,0
2026-02-27 05:19:49,1,62,20.4,84,10.7,1013.5,9,11,166,0.0,0,0.0,0
2026-02-27 05:20:50,1,62,20.4,85,10.7,1013.5,8,11,234,0.0,0,0.0,0
2026-02-27 05:21:51,1,62,20.4,84,10.7,1013.6,10,12,220,0.0,0,0.0,0
2026-02-27 05:22:52,1,62,20.4,85,10.7,1013.4,11,14,192,0.0,0,0.0,0
2026-02-27 05:23:53,1,62,20.4,85,10.6,1013.5,12,14,200,0.0,0,0.0,0
2026-02-27 05:24:54,1,62,20.4,84,10.7,1013.6,7,14,122,0.0,0,0.0,0
2026-02-27 05:25:55,1,62,20.4,84,10.6,1013.6,9,12,188,0.0,0,0.0,0
2026-02-27 05:26:56,1,62,20.4,84,10.6,1013.5,8,12,137,0.0,0,0.0,0
2026-02-27 05:27:57,1,62,20.4,85,10.6,1013.5,5,11,208,0.0,0,0.0,0
2026-02-27 05:28:58,1,62,20.4,85,10.6,1013.6,6,9,181,0.0,0,0.0,0
2026-02-27 05:29:59,1,62,20.4,85,10.5,1013.5,9,12,187,0.0,0,0.0,0
2026-02-27 05:31:00,1,62,20.5,85,10.5,1013.5,5,11,135,0.0,0,0.0,0
2026-02-27 05:32:01,1,62,20.5,85,10.5,1013.5,3,11,110,0.0,0,0.0,0
2026-02-27 05:33:02,1,62,20.5,85,10.5,1013.4,6,11,167,0.0,0,0.0,0
2026-02-27 05:34:03,1,62,20.5,85,10.4,1013.4,4,7,157,0.0,0,0.0,0
2026-02-27 05:35:04,1,62,20.6,85,10.4,1013.5,7,9,123,0.0,0,0.0,0
2026-02-27 05:36:05,1,62,20.6,85,10.4,1013.6,4,12,120,0.0,0,0.0,0
2026-02-27 05:37:06,1,62,20.6,85,10.4,1013.5,5,12,158,0.0,0,0.0,0
2026-02-27 05:38:07,1,62,20.6,85,10.3,1013.7,7,12,112,0.0,0,0.0,0
2026-02-27 05:39:08,1,62,20.7,85,10.3,1013.5,5,11,134,0.0,0,0.0,0
2026-02-27 05:40:09,1,62,20.7,85,10.3,1013.5,6,11,161,0.0,0,0.0,0
2026-02-27 05:41:10,1,62,20.7,86,10.3,1013.6,7,11,113,0.0,0,0.0,0
2026-02-27 05:42:11,1,62,20.7,86,10.3,1013.4,8,12,117,0.0,0,0.0,0
2026-02-27 05:43:12,1,62,20.7,86,10.3,1013.4,11,18,174,0.0,0,0.0,0
2026-02-27 05:44:13,1,62,20.8,86,10.3,1013.4,10,18,193,0.0,0,0.0,0
2026-02-27 05:45:14,1,62,20.8,86,10.3,1013.4,6,14,156,0.0,0,0.0,0
2026-02-27 05:46:15,1,62,20.8,86,10.3,1013.5,7,12,224,0.0,0,0.0,0
2026-02-27 05:47:16,1,62,20.8,86,10.2,1013.5,11,12,132,0.0,0,0.0,0
2026-02-27 05:48:17,1,62,20.8,86,10.2,1013.5,6,12,105,0.0,0,0.0,0
2026-02-27 05:49:18,1,62,20.8,86,10.2,1013.3,4,11,115,0.0,0,0.0,0
2026-02-27 05:50:19,1,62,20.9,86,10.2,1013.6,11,14,128,0.0,0,0.0,0
2026-02-27 05:51:20,1,62,20.9,86,10.2,1013.3,10,14,167,0.0,0,0.0,0
2026-02-27 05:52:21,1,62,20.9,86,10.2,1013.5,14,16,184,0.0,0,0.0,0
2026-02-27 05:53:22,1,62,20.9,86,10.2,1013.5,10,16,204,0.0,0,0.0,0
2026-02-27 05:54:23,1,62,20.9,86,10.2,1013.6,7,12,110,0.0,0,0.0,0
2026-02-27 05:55:24,1,62,20.9,87,10.2,1013.4,10,16,143,0.0,0,0.0,0
2026-02-27 05:56:25,1,62,20.9,87,10.2,1013.3,5,16,89,0.0,0,0.0,0
2026-02-27 05:57:26,1,61,21.0,87,10.2,1013.5,8,14,206,0.0,0,0.0,0
2026-02-27 05:58:27,1,61,21.0,87,10.2,1013.5,12,14,138,0.0,0,0.0,0
2026-02-27 05:59:28,1,61,21.0,87,10.2,1013.5,9,16,145,0.0,0,0.0,0
2026-02-27 06:00:29,1,61,21.0,87,10.2,1013.4,9,16,168,0.0,0,0.0,0
2026-02-27 06:01:30,1,61,21.0,87,10.2,1013.5,7,11,115,0.0,0,0.0,0
2026-02-27 06:02:31,1,61,21.0,87,10.2,1013.5,4,11,171,0.0,0,0.0,0
2026-02-27 06:03:32,1,61,21.0,87,10.2,1013.4,6,11,129,0.0,0,0.0,0
2026-02-27 06:04:33,1,61,21.0,87,10.2,1013.3,8,11,144,0.0,0,0.1,0
2026-02-27 06:05:34,1,61,21.0,87,10.1,1013.4,5,12,165,0.0,0,0.1,0
2026-02-27 06:06:35,1,61,21.1,87,10.1,1013.3,9,12,177,0.0,0,0.1,0
2026-02-27 06:07:36,1,61,21.1,87,10.2,1013.6,7,12,202,0.0,0,0.1,0
2026-02-27 06:08:37,1,61,21.1,87,10.2,1013.4,7,11,168,0.0,0,0.1,0
2026-02-27 06:09:38,1,61,21.1,87,10.2,1013.2,10,12,136,0.0,0,0.1,0
2026-02-27 06:10:39,1,61,21.1,87,10.2,1013.3,7,12,149,0.0,0,0.2,0
2026-02-27 06:11:40,1,61,21.1,87,10.2,1013.5,9,11,180,0.0,0,0.2,0
2026-02-27 06:12:41,1,61,21.1,87,10.2,1013.4,5,11,193,0.0,0,0.2,0
2026-02-27 06:13:42,1,61,21.1,87,10.2,1013.3,8,11,189,0.0,0,0.3,0
2026-02-27 06:14:43,1,61,21.1,87,10.2,1013.4,6,9,147,0.0,0,0.3,0
2026-02-27 06:15:44,1,61,21.1,88,10.2,1013.3,8,11,134,0.0,0,0.4,0
2026-02-27 06:16:45,1,61,21.1,88,10.2,1013.5,6,11,145,0.0,0,0.5,0
2026-02-27 06:17:46,1,61,21.1,88,10.2,1013.3,8,11,148,0.0,0,0.6,0
2026-02-27 06:18:47,1,61,21.1,88,10.2,1013.4,7,11,149,0.0,0,0.7,0
2026-02-27 06:19:48,1,61,21.1,87,10.2,1013.3,7,9,192,0.0,0,0.8,0
2026-02-27 06:20:49,1,61,21.1,88,10.2,1013.2,7,11,155,0.0,0,0.9,0
2026-02-27 06:21:50,1,61,21.2,88,10.2,1013.4,7,12,150,0.0,0,1.1,0
2026-02-27 06:22:51,1,61,21.2,88,10.2,1013.3,6,12,192,0.0,0,1.2,0
2026-02-27 06:23:52,1,61,21.2,88,10.2,1013.4,8,12,121,0.0,0,1.4,0
2026-02-27 06:24:53,1,61,21.2,88,10.2,1013.4,6,12,117,0.0,0,1.6,0
2026-02-27 06:25:54,1,61,21.2,88,10.2,1013.3,8,11,226,0.0,0,1.8,0
2026-02-27 06:26:55,1,61,21.2,88,10.2,1013.3,5,11,157,0.0,0,2.0,0
2026-02-27 06:27:56,1,61,21.2,88,10.2,1013.4,7,11,180,0.0,0,2.2,0
2026-02-27 06:28:57,1,61,21.2,88,10.2,1013.3,8,11,145,0.0,0,2.5,0
2026-02-27 06:29:58,1,61,21.2,88,10.2,1013.4,7,11,156,0.0,0,2.9,0
2026-02-27 06:30:59,1,61,21.2,88,10.2,1013.2,8,11,182,0.0,0,3.2,0
2026-02-27 06:32:00,1,61,21.2,88,10.2,1013.2,5,11,173,0.0,0,3.6,0
2026-02-27 06:33:01,1,60,21.2,88,10.2,1013.3,3,9,120,0.0,0,4.0,0
2026-02-27 06:34:02,1,60,21.2,88,10.2,1013.3,8,9,201,0.0,0,4.3,0
2026-02-27 06:35:03,1,60,21.2,88,10.2,1013.3,8,9,175,0.0,0,4.7,0
2026-02-27 06:36:04,1,60,21.2,88,10.2,1013.3,3,11,128,0.0,0,5.2,0
2026-02-27 06:37:05,1,60,21.2,88,10.2,1013.3,6,11,193,0.0,0,5.5,0
2026-02-27 06:38:06,1,60,21.2,88,10.2,1013.3,5,11,142,0.0,0,6.1,0
2026-02-27 06:39:07,1,60,21.2,88,10.2,1013.3,10,12,204,0.0,0,6.5,0
2026-02-27 06:40:08,1,60,21.2,88,10.2,1013.2,7,12,94,0.0,0,7.0,0
2026-02-27 06:41:09,1,60,21.2,88,10.3,1013.2,8,12,208,0.0,0,7.5,0
2026-02-27 06:42:10,1,60,21.2,88,10.3,1013.2,7,14,122,0.0,0,8.0,0
2026-02-27 06:43:11,1,60,21.2,88,10.3,1013.3,6,14,67,0.0,0,8.6,0
2026-02-27 06:44:12,1,60,21.2,88,10.3,1013.0,7,11,187,0.0,0,9.0,0
2026-02-27 06:45:13,1,60,21.2,88,10.3,1013.3,5,11,128,0.0,0,9.6,0
2026-02-27 06:46:14,1,60,21.2,88,10.3,1013.3,7,12,210,0.0,0,10.2,0
2026-02-27 06:47:15,1,60,21.3,88,10.3,1013.3,4,12,124,0.0,0,10.8,0
2026-02-27 06:48:16,1,60,21.2,88,10.3,1013.2,5,7,143,0.0,0,11.4,0
2026-02-27 06:49:17,1,60,21.3,88,10.3,1013.2,5,11,131,0.0,0,12.1,0
2026-02-27 06:50:18,1,60,21.3,88,10.3,1013.3,7,11,177,0.0,0,12.6,0
2026-02-27 06:51:19,1,60,21.3,88,10.4,1013.3,5,12,180,0.0,0,13.2,0
2026-02-27 06:52:20,1,60,21.3,88,10.4,1013.4,7,11,156,0.0,0,13.9,0
2026-02-27 06:53:21,1,60,21.3,88,10.4,1013.2,9,12,197,0.0,0,14.6,0
2026-02-27 06:54:22,1,60,21.3,88,10.4,1013.2,4,12,148,0.0,0,15.2,0
2026-02-27 06:55:23,1,60,21.3,88,10.4,1013.2,5,7,196,0.0,0,15.8,0
2026-02-27 06:56:24,1,60,21.3,88,10.3,1013.3,10,14,166,0.0,0,16.6,0
2026-02-27 06:57:25,1,60,21.3,88,10.3,1013.2,7,12,206,0.0,0,17.3,0
2026-02-27 06:58:26,1,60,21.3,88,10.4,1013.1,7,12,233,0.0,0,18.1,0
2026-02-27 06:59:27,1,60,21.3,88,10.4,1013.2,10,12,109,0.0,0,18.8,0
2026-02-27 07:00:28,1,60,21.3,88,10.4,1013.2,5,12,116,0.0,0,19.3,0
2026-02-27 07:01:29,1,60,21.3,88,10.4,1013.3,6,9,155,0.0,0,19.9,0
2026-02-27 07:02:30,1,60,21.3,88,10.4,1013.1,8,9,168,0.0,0,20.6,0
2026-02-27 07:03:31,1,60,21.3,88,10.4,1013.2,6,12,200,0.0,0,21.3,0
2026-02-27 07:04:32,1,60,21.3,88,10.4,1013.1,8,14,137,0.0,0,22.0,0
2026-02-27 07:05:33,1,60,21.3,88,10.4,1013.2,9,16,101,0.0,0,22.8,0
2026-02-27 07:06:34,1,60,21.3,88,10.4,1013.1,7,16,155,0.0,0,23.4,0
2026-02-27 07:07:35,1,60,21.3,88,10.4,1013.2,11,16,171,0.0,0,24.2,0
2026-02-27 07:08:36,1,60,21.3,88,10.4,1013.2,11,16,178,0.0,0,24.9,0
2026-02-27 07:09:37,1,60,21.3,88,10.4,1012.9,7,16,124,0.0,0,25.7,0
2026-02-27 07:10:38,1,60,21.3,88,10.5,1013.0,9,18,81,0.0,0,26.4,0
2026-02-27 07:11:39,1,60,21.3,88,10.5,1013.0,14,18,119,0.0,0,26.9,0
2026-02-27 07:12:40,1,60,21.3,88,10.4,1013.0,8,16,153,0.0,0,27.6,0
2026-02-27 07:13:41,1,60,21.3,88,10.4,1013.0,7,14,161,0.0,0,28.2,0
2026-02-27 07:14:42,1,60,21.3,88,10.4,1013.0,5,14,196,0.0,0,28.9,0
2026-02-27 07:15:43,1,60,21.4,88,10.4,1013.0,8,14,194,0.0,0,29.6,0
2026-02-27 07:16:44,1,60,21.4,88,10.4,1012.9,10,14,161,0.0,0,30.1,0
2026-02-27 07:17:45,1,60,21.4,88,10.4,1013.0,6,14,206,0.0,0,30.7,0
2026-02-27 07:18:46,1,60,21.4,88,10.4,1013.0,8,12,181,0.0,0,31.4,0
2026-02-27 07:19:47,1,60,21.4,88,10.4,1013.1,8,14,153,0.0,0,32.1,0
2026-02-27 07:20:48,1,60,21.4,88,10.4,1013.1,10,14,161,0.0,0,32.9,0
2026-02-27 07:21:49,1,60,21.4,88,10.4,1013.1,7,14,203,0.0,0,33.6,0
2026-02-27 07:22:50,1,60,21.4,88,10.4,1013.0,5,12,178,0.0,0,34.1,0
2026-02-27 07:23:51,1,60,21.4,88,10.4,1013.0,14,20,186,0.0,0,34.8,0
2026-02-27 07:24:52,1,60,21.4,88,10.4,1013.0,11,20,196,0.0,0,35.6,0
2026-02-27 07:25:53,1,60,21.4,88,10.4,1013.1,2,14,111,0.0,0,36.3,0
2026-02-27 07:26:54,1,60,21.4,88,10.5,1013.0,7,12,269,0.0,0,36.9,0
2026-02-27 07:27:55,1,60,21.4,88,10.5,1013.1,9,12,168,0.0,0,37.5,0
2026-02-27 07:28:56,1,60,21.4,87,10.5,1013.0,10,14,226,0.0,0,38.3,0
2026-02-27 07:29:57,1,60,21.5,87,10.5,1013.2,7,14,155,0.0,0,39.1,0
2026-02-27 07:30:58,1,60,21.5,87,10.5,1013.1,6,14,189,0.0,0,39.8,0
2026-02-27 07:31:59,1,60,21.5,87,10.5,1013.1,6,14,112,0.0,0,40.6,0
2026-02-27 07:33:00,1,60,21.5,88,10.5,1013.1,6,12,134,0.0,0,41.1,0
2026-02-27 07:34:01,1,60,21.5,87,10.5,1013.1,10,12,172,0.0,0,41.9,0
2026-02-27 07:35:02,1,60,21.5,87,10.5,1013.0,9,12,196,0.0,0,42.6,0
2026-02-27 07:36:03,1,60,21.5,87,10.5,1013.0,6,14,85,0.0,0,43.4,0
2026-02-27 07:37:04,1,60,21.5,87,10.5,1013.0,11,14,183,0.0,0,44.3,0
2026-02-27 07:38:05,1,60,21.5,87,10.5,1013.0,7,14,218,0.0,0,45.2,0
2026-02-27 07:39:06,1,60,21.5,87,10.5,1013.0,8,14,208,0.0,0,46.1,0
2026-02-27 07:40:07,1,60,21.5,87,10.6,1013.0,11,14,196,0.0,0,47.3,0
2026-02-27 07:41:08,1,60,21.5,87,10.6,1013.1,6,14,173,0.0,0,48.6,0
2026-02-27 07:42:09,1,60,21.6,87,10.6,1013.1,11,14,196,0.0,0,50.0,0
2026-02-27 07:43:10,1,60,21.6,87,10.7,1012.9,4,14,232,0.0,0,51.8,0
2026-02-27 07:44:11,1,60,21.6,87,10.7,1013.0,7,12,196,0.0,0,53.1,0
2026-02-27 07:45:12,1,60,21.6,87,10.7,1013.0,6,14,146,0.0,0,55.1,0
2026-02-27 07:46:13,1,60,21.6,87,10.8,1012.9,6,16,156,0.0,0,57.0,0
2026-02-27 07:47:14,1,60,21.6,87,10.8,1013.0,7,16,135,0.0,0,58.5,0
2026-02-27 07:48:15,1,60,21.6,86,10.8,1013.0,5,16,158,0.0,0,59.6,0
2026-02-27 07:49:16,1,60,21.6,86,10.8,1013.0,9,16,193,0.0,0,61.0,0
2026-02-27 07:50:17,1,59,21.6,86,10.9,1013.1,11,12,153,0.0,0,62.4,0
2026-02-27 07:51:18,1,59,21.6,86,10.9,1013.1,5,14,154,0.0,0,63.9,0
2026-02-27 07:52:19,1,59,21.6,86,10.9,1013.0,7,14,197,0.0,0,65.4,0
2026-02-27 07:53:20,1,59,21.6,86,11.0,1013.1,9,12,171,0.0,0,66.6,0
2026-02-27 07:54:21,1,59,21.7,86,11.0,1012.9,12,20,178,0.0,0,68.0,0
2026-02-27 07:55:22,1,59,21.7,86,11.0,1012.7,10,18,178,0.0,0,68.9,0
2026-02-27 07:56:23,1,59,21.7,86,11.0,1012.9,5,12,134,0.0,0,70.7,0
2026-02-27 07:57:24,1,59,21.7,86,11.0,1013.0,7,12,164,0.0,0,72.3,0
2026-02-27 07:58:25,1,59,21.7,85,11.1,1013.0,11,14,170,0.0,0,73.2,0
2026-02-27 07:59:26,1,59,21.7,85,11.2,1013.0,10,14,174,0.0,0,75.6,0
2026-02-27 08:00:27,1,59,21.7,85,11.2,1012.9,6,12,149,0.0,0,76.3,0
2026-02-27 08:01:28,1,59,21.7,85,11.2,1012.8,9,16,153,0.0,0,77.6,0
2026-02-27 08:02:29,1,59,21.7,85,11.3,1013.0,7,16,179,0.0,0,68.7,0
2026-02-27 08:03:30,1,59,21.7,85,11.4,1012.8,6,16,169,0.0,0,77.0,0
2026-02-27 08:04:31,1,59,21.7,85,11.4,1012.8,7,11,143,0.0,0,84.4,0
2026-02-27 08:05:32,1,59,21.7,85,11.4,1012.9,6,11,178,0.0,0,85.2,0
2026-02-27 08:06:33,1,59,21.7,85,11.4,1012.9,10,11,183,0.0,0,86.7,0
2026-02-27 08:07:34,1,59,21.7,84,11.5,1012.9,6,11,229,0.0,0,88.1,0
2026-02-27 08:08:35,1,60,21.7,84,11.5,1012.9,6,12,166,0.0,0,90.0,0
2026-02-27 08:09:36,1,60,21.8,84,11.6,1012.8,4,12,195,0.0,0,91.8,0
2026-02-27 08:10:37,1,60,21.8,84,11.6,1013.0,7,12,148,0.0,0,93.2,0
2026-02-27 08:11:38,1,60,21.8,84,11.6,1013.0,7,11,133,0.0,0,94.9,0
2026-02-27 08:12:39,1,60,21.8,84,11.6,1013.1,10,16,231,0.0,0,96.7,0
2026-02-27 08:13:40,1,60,21.8,84,11.6,1013.0,11,14,151,0.0,0,98.2,0
2026-02-27 08:14:41,1,60,21.8,84,11.7,1012.9,9,14,187,0.0,0,79.7,0
2026-02-27 08:15:42,1,60,21.8,84,11.7,1012.9,11,12,230,0.0,0,102.5,0
2026-02-27 08:16:43,1,60,21.8,84,11.7,1013.0,9,12,183,0.0,0,103.2,1
2026-02-27 08:17:44,1,60,21.8,84,11.7,1012.9,11,14,126,0.0,0,105.9,1
2026-02-27 08:18:45,1,60,21.8,84,11.7,1012.8,14,16,184,0.0,0,108.0,1
2026-02-27 08:19:46,1,60,21.8,84,11.7,1012.9,12,18,96,0.0,0,110.4,1
2026-02-27 08:20:47,1,60,21.8,84,11.7,1012.9,16,20,183,0.0,0,113.0,1
2026-02-27 08:21:48,1,60,21.8,84,11.7,1012.8,9,20,196,0.0,0,113.4,1
2026-02-27 08:22:49,1,60,21.8,84,11.8,1012.9,9,11,147,0.0,0,99.1,0
2026-02-27 08:23:50,1,60,21.8,84,11.8,1012.8,7,16,112,0.0,0,117.8,1
2026-02-27 08:24:51,1,60,21.8,83,11.9,1012.8,10,16,187,0.0,0,119.4,1
2026-02-27 08:25:52,1,60,21.8,83,12.0,1012.9,8,18,180,0.0,0,120.8,1
2026-02-27 08:26:53,1,60,21.9,83,12.0,1012.7,8,12,204,0.0,0,122.6,1
2026-02-27 08:27:54,1,60,21.9,83,12.0,1012.9,13,16,212,0.0,0,123.1,1
2026-02-27 08:28:55,1,60,21.9,83,12.1,1012.6,12,16,209,0.0,0,89.5,0
2026-02-27 08:29:56,1,60,21.9,83,12.1,1012.6,12,16,178,0.0,0,113.5,1
2026-02-27 08:30:57,1,60,21.9,83,12.1,1012.6,13,16,182,0.0,0,128.1,1
2026-02-27 08:31:58,1,60,21.9,83,12.2,1012.7,13,18,174,0.0,0,129.3,1
2026-02-27 08:32:59,1,60,21.9,83,12.2,1012.6,14,18,202,0.0,0,131.8,1
2026-02-27 08:34:00,1,60,21.9,83,12.2,1012.8,16,21,219,0.0,0,131.1,1
2026-02-27 08:35:01,1,60,21.9,82,12.3,1012.6,13,21,187,0.0,0,136.2,1
2026-02-27 08:36:02,1,60,21.9,82,12.3,1012.6,15,20,202,0.0,0,138.4,1
2026-02-27 08:37:03,1,60,21.9,82,12.3,1012.7,14,18,197,0.0,0,141.8,1
2026-02-27 08:38:04,1,60,21.9,82,12.3,1012.8,16,25,131,0.0,0,147.0,1
2026-02-27 08:39:05,1,60,21.9,82,12.3,1012.5,12,25,81,0.0,0,150.6,1
2026-02-27 08:40:06,1,60,21.9,82,12.4,1012.6,14,20,141,0.0,0,156.6,1
2026-02-27 08:41:07,1,60,21.9,82,12.4,1012.7,21,27,146,0.0,0,167.7,1
2026-02-27 08:42:08,1,60,21.9,82,12.4,1012.8,11,27,187,0.0,0,146.9,1
2026-02-27 08:43:09,1,60,21.9,82,12.4,1012.8,11,21,131,0.0,0,196.8,1
2026-02-27 08:44:10,1,59,21.9,82,12.4,1012.9,9,21,149,0.0,0,209.7,2
2026-02-27 08:45:11,1,59,21.9,82,12.4,1012.8,15,20,146,0.0,0,227.2,2
2026-02-27 08:46:12,1,60,22.0,82,12.5,1012.9,11,20,200,0.0,0,243.5,2
2026-02-27 08:47:13,1,60,22.0,82,12.5,1012.8,14,20,187,0.0,0,257.5,2
2026-02-27 08:48:14,1,60,22.0,82,12.5,1012.6,14,20,108,0.0,0,273.4,2
2026-02-27 08:49:15,1,60,22.0,82,12.5,1012.8,13,20,168,0.0,0,278.2,2
2026-02-27 08:50:16,1,60,22.0,82,12.5,1012.7,16,25,257,0.0,0,196.9,1
2026-02-27 08:51:17,1,60,22.0,82,12.6,1012.7,15,25,198,0.0,0,271.0,2
2026-02-27 08:52:18,1,60,22.0,82,12.6,1012.7,8,16,184,0.0,0,183.6,1
2026-02-27 08:53:19,1,60,22.0,82,12.6,1012.7,6,12,120,0.0,0,167.2,1
2026-02-27 08:54:20,1,60,22.0,82,12.7,1012.8,8,16,213,0.0,0,166.4,1
2026-02-27 08:55:21,1,60,22.0,82,12.7,1012.9,10,12,263,0.0,0,172.0,1
2026-02-27 08:56:22,1,60,22.0,81,12.7,1012.7,13,14,200,0.0,0,208.7,2
2026-02-27 08:57:23,1,60,22.0,82,12.7,1012.7,12,16,193,0.0,0,182.1,1
2026-02-27 08:58:24,1,60,22.0,82,12.7,1012.7,13,21,200,0.0,0,158.4,1
2026-02-27 08:59:25,1,60,22.0,82,12.7,1012.7,6,18,208,0.0,0,146.8,1
2026-02-27 09:00:26,1,60,22.0,82,12.8,1012.6,11,14,230,0.0,0,139.8,1
2026-02-27 09:01:27,1,60,22.0,81,12.8,1012.8,10,23,217,0.0,0,132.1,1
2026-02-27 09:02:28,1,60,22.0,82,12.7,1012.8,10,16,224,0.0,0,128.4,1
2026-02-27 09:03:29,1,60,22.0,82,12.7,1012.9,11,14,160,0.0,0,126.4,1
2026-02-27 09:04:30,1,60,22.0,82,12.6,1013.0,15,21,137,0.0,0,117.2,1
2026-02-27 09:05:31,1,60,22.0,82,12.6,1012.7,12,21,216,0.0,0,116.1,1
2026-02-27 09:06:32,1,60,22.0,83,12.6,1012.7,2,16,213,0.0,0,118.7,1
2026-02-27 09:07:33,1,60,21.9,82,12.6,1012.7,13,18,220,0.0,0,122.3,1
2026-02-27 09:08:34,1,60,21.9,82,12.6,1012.7,8,18,191,0.0,0,127.1,1
2026-02-27 09:09:35,1,60,21.9,83,12.6,1012.7,9,14,177,0.0,0,132.0,1
2026-02-27 09:10:36,1,60,21.9,83,12.6,1012.6,9,16,209,0.0,0,135.3,1
2026-02-27 09:11:37,1,60,21.9,82,12.6,1012.6,10,16,177,0.0,0,139.2,1
2026-02-27 09:12:38,1,60,21.9,82,12.6,1012.8,11,20,227,0.0,0,140.9,1
2026-02-27 09:13:39,1,60,21.9,82,12.7,1012.7,11,23,215,0.0,0,140.7,1
2026-02-27 09:14:40,1,60,21.9,82,12.7,1012.7,12,23,208,0.0,0,139.6,1
2026-02-27 09:15:41,1,60,21.9,82,12.7,1012.6,10,16,197,0.0,0,138.1,1
2026-02-27 09:16:42,1,60,21.8,82,12.7,1012.8,12,16,193,0.0,0,136.9,1
2026-02-27 09:17:43,1,60,21.9,82,12.7,1012.9,12,23,218,0.0,0,134.7,1
2026-02-27 09:18:44,1,61,21.9,82,12.7,1012.7,10,23,198,0.0,0,133.2,1
2026-02-27 09:19:45,1,61,21.8,82,12.7,1012.6,18,21,218,0.0,0,132.0,1
2026-02-27 09:20:46,1,61,21.8,82,12.8,1012.8,5,21,190,0.0,0,131.3,1
2026-02-27 09:21:47,1,61,21.8,82,12.8,1012.8,9,21,221,0.0,0,136.7,1
2026-02-27 09:22:48,1,61,21.8,81,12.8,1012.7,12,20,164,0.0,0,131.6,1
2026-02-27 09:23:49,1,61,21.8,81,12.8,1012.6,10,20,200,0.0,0,132.0,1
2026-02-27 09:24:50,1,61,21.8,82,12.8,1012.8,8,18,180,0.0,0,133.0,1
2026-02-27 09:25:51,1,61,21.8,81,12.8,1012.7,16,21,192,0.0,0,133.8,1
2026-02-27 09:26:52,1,61,21.8,82,12.8,1012.6,10,21,190,0.0,0,135.8,1
2026-02-27 09:27:53,1,61,21.8,81,12.8,1012.6,15,18,139,0.0,0,138.8,1
2026-02-27 09:28:54,1,61,21.8,82,12.8,1012.6,12,18,221,0.0,0,142.8,1
2026-02-27 09:29:55,1,61,21.8,81,12.8,1012.6,16,18,160,0.0,0,151.2,1
2026-02-27 09:30:56,1,61,21.8,82,12.7,1012.4,13,20,220,0.0,0,159.2,1
2026-02-27 09:31:57,1,61,21.7,82,12.7,1012.5,12,20,181,0.0,0,159.9,1
2026-02-27 09:32:58,1,61,21.7,82,12.7,1012.7,8,14,199,0.0,0,161.6,1
2026-02-27 09:33:59,1,61,21.7,82,12.8,1012.6,9,14,179,0.0,0,163.2,1
2026-02-27 09:35:00,1,61,21.7,82,12.8,1012.7,12,14,206,0.0,0,165.5,1
2026-02-27 09:36:01,1,61,21.7,82,12.8,1012.7,10,18,177,0.0,0,168.2,1
2026-02-27 09:37:02,1,61,21.7,82,12.8,1012.6,11,21,238,0.0,0,170.5,1
2026-02-27 09:38:03,1,61,21.7,81,12.8,1012.6,14,16,214,0.0,0,170.1,1
2026-02-27 09:39:04,1,61,21.7,82,12.9,1012.7,7,16,172,0.0,0,169.6,1
2026-02-27 09:40:05,1,61,21.7,81,12.9,1012.5,8,18,109,0.0,0,168.4,1
2026-02-27 09:41:06,1,61,21.7,81,13.0,1012.7,9,18,204,0.0,0,168.0,1
2026-02-27 09:42:07,1,61,21.7,81,13.0,1012.6,14,20,239,0.0,0,168.1,1
2026-02-27 09:43:08,1,61,21.7,81,13.0,1012.6,10,20,130,0.0,0,168.5,1
2026-02-27 09:44:09,1,61,21.6,81,13.0,1012.7,19,23,207,0.0,0,168.0,1
2026-02-27 09:45:10,1,61,21.6,81,13.0,1012.5,16,23,215,0.0,0,167.6,1
2026-02-27 09:46:11,1,61,21.7,81,13.0,1012.7,13,20,188,0.0,0,165.9,1
2026-02-27 09:47:12,1,61,21.7,81,13.0,1012.6,10,16,226,0.0,0,166.8,1
2026-02-27 09:48:13,1,61,21.7,81,13.0,1012.6,14,18,195,0.0,0,166.4,1
2026-02-27 09:49:14,1,61,21.7,81,13.0,1012.5,11,18,228,0.0,0,173.5,1
2026-02-27 09:50:15,1,61,21.7,80,13.0,1012.5,17,23,231,0.0,0,172.7,1
2026-02-27 09:51:16,1,61,21.7,80,13.1,1012.5,13,23,164,0.0,0,167.3,1
2026-02-27 09:52:17,1,61,21.6,78,13.2,1012.6,17,23,263,0.0,0,164.9,1
2026-02-27 09:53:18,1,61,21.7,78,13.2,1012.5,11,23,175,0.0,0,164.3,1
2026-02-27 09:54:19,1,61,21.6,78,13.2,1012.6,18,21,237,0.0,0,162.9,1
2026-02-27 09:55:20,1,61,21.6,78,13.2,1012.7,16,23,103,0.0,0,158.1,1
2026-02-27 09:56:21,1,61,21.6,78,13.3,1012.7,13,20,243,0.0,0,154.6,1
2026-02-27 09:57:22,1,61,21.6,78,13.3,1012.6,25,31,240,0.0,0,151.4,1
2026-02-27 09:58:23,1,61,21.6,78,13.3,1012.5,13,31,209,0.0,0,148.5,1
2026-02-27 09:59:24,1,61,21.6,78,13.3,1012.7,15,20,256,0.0,0,147.0,1
2026-02-27 10:00:25,1,61,21.6,78,13.3,1012.7,13,18,209,0.0,0,146.2,1
2026-02-27 10:01:26,1,61,21.6,78,13.3,1012.7,15,20,245,0.0,0,145.9,1
2026-02-27 10:02:27,1,61,21.6,78,13.3,1012.6,17,21,196,0.0,0,146.4,1
2026-02-27 10:03:28,1,61,21.6,78,13.3,1012.7,16,25,271,0.0,0,147.4,1
2026-02-27 10:04:29,1,61,21.6,78,13.3,1012.7,12,21,192,0.0,0,149.2,1
2026-02-27 10:05:30,1,61,21.6,78,13.3,1012.9,16,21,199,0.0,0,148.5,1
2026-02-27 10:06:31,1,61,21.6,78,13.3,1012.8,15,25,205,0.0,0,145.1,1
2026-02-27 10:07:32,1,61,21.5,78,13.2,1012.9,20,36,218,0.0,0,138.5,1
2026-02-27 10:08:33,1,61,21.6,78,13.2,1012.9,13,36,228,0.0,0,130.7,1
2026-02-27 10:09:34,1,61,21.5,78,13.2,1012.8,14,21,235,0.0,0,122.7,1
2026-02-27 10:10:35,1,61,21.5,78,13.2,1012.8,19,31,168,0.0,0,118.7,1
2026-02-27 10:11:36,1,61,21.5,78,13.2,1012.7,12,31,216,0.0,0,113.4,1
2026-02-27 10:12:37,1,61,21.5,78,13.2,1012.6,12,20,182,0.0,0,110.3,1
2026-02-27 10:13:38,1,61,21.5,78,13.2,1012.7,19,27,174,0.0,0,109.0,1
2026-02-27 10:14:39,1,61,21.5,77,13.3,1012.8,12,27,173,0.0,0,108.3,1
2026-02-27 10:15:40,1,61,21.5,77,13.2,1012.8,17,21,217,0.0,0,108.6,1
2026-02-27 10:16:41,1,61,21.5,78,13.2,1012.7,11,21,215,0.0,0,109.0,1
2026-02-27 10:17:42,1,61,21.5,77,13.2,1012.7,20,31,219,0.0,0,110.4,1
2026-02-27 10:18:43,1,61,21.5,78,13.2,1012.5,12,31,167,0.0,0,110.9,1
2026-02-27 10:19:44,1,61,21.5,78,13.2,1012.7,13,23,220,0.0,0,110.2,1
2026-02-27 10:20:45,1,61,21.5,78,13.2,1012.7,12,23,193,0.0,0,109.3,1
2026-02-27 10:21:46,1,61,21.5,77,13.2,1012.6,20,25,253,0.0,0,109.1,1
2026-02-27 10:22:47,1,61,21.5,77,13.2,1012.7,13,25,229,0.0,0,110.4,1
2026-02-27 10:23:48,1,61,21.5,77,13.2,1012.8,11,18,235,0.0,0,113.0,1
2026-02-27 10:24:49,1,61,21.5,77,13.2,1012.8,13,20,221,0.0,0,115.2,1
2026-02-27 10:25:50,1,61,21.4,77,13.2,1012.8,15,27,226,0.0,0,117.3,1
2026-02-27 10:26:51,1,61,21.5,77,13.2,1012.8,19,27,175,0.0,0,119.2,1
2026-02-27 10:27:52,1,61,21.5,77,13.2,1012.7,14,31,233,0.0,0,122.8,1
2026-02-27 10:28:53,1,61,21.4,77,13.2,1012.8,14,21,276,0.0,0,127.3,1
2026-02-27 10:29:54,1,61,21.4,77,13.2,1012.7,14,21,218,0.0,0,131.0,1
2026-02-27 10:30:55,1,61,21.4,77,13.2,1012.7,11,23,92,0.0,0,134.3,1
2026-02-27 10:31:56,1,61,21.4,78,13.2,1012.8,10,23,215,0.0,0,138.5,1
2026-02-27 10:32:57,1,61,21.4,77,13.2,1012.8,12,16,185,0.0,0,141.0,1
2026-02-27 10:33:58,1,61,21.4,77,13.2,1012.7,12,18,207,0.0,0,143.1,1
2026-02-27 10:34:59,1,61,21.4,77,13.2,1012.7,17,20,246,0.0,0,142.0,1
2026-02-27 10:36:00,1,61,21.4,77,13.2,1012.8,18,23,244,0.0,0,138.4,1
2026-02-27 10:37:01,1,61,21.4,77,13.2,1012.8,16,23,200,0.0,0,136.1,1
2026-02-27 10:38:02,1,61,21.4,77,13.2,1012.8,10,23,173,0.0,0,133.8,1
2026-02-27 10:39:03,1,61,21.4,77,13.2,1012.8,17,23,244,0.0,0,131.0,1
2026-02-27 10:40:04,1,61,21.4,77,13.2,1012.7,12,23,206,0.0,0,126.1,1
2026-02-27 10:41:05,1,61,21.4,77,13.2,1012.7,16,21,291,0.0,0,121.8,1
2026-02-27 10:42:06,1,61,21.4,77,13.2,1012.8,17,21,214,0.0,0,118.9,1
2026-02-27 10:43:07,1,61,21.4,77,13.2,1012.8,14,21,233,0.0,0,119.0,1
2026-02-27 10:44:08,1,61,21.4,77,13.2,1012.7,16,27,234,0.0,0,122.5,1
2026-02-27 10:45:09,1,61,21.4,78,13.1,1012.8,13,27,208,0.0,0,128.2,1
2026-02-27 10:46:10,1,61,21.4,78,13.1,1012.8,14,20,194,0.0,0,134.5,1
2026-02-27 10:47:11,1,61,21.4,78,13.1,1012.9,12,23,219,0.0,0,141.7,1
2026-02-27 10:48:12,1,61,21.4,78,13.1,1012.8,13,20,148,0.0,0,149.0,1
2026-02-27 10:49:13,1,61,21.4,78,13.1,1012.7,15,23,205,0.0,0,152.6,1
2026-02-27 10:50:14,1,61,21.4,78,13.1,1012.9,12,18,173,0.0,0,159.1,1
2026-02-27 10:51:15,1,61,21.4,78,13.1,1012.8,17,21,158,0.0,0,165.3,1
2026-02-27 10:52:16,1,61,21.4,78,13.1,1012.9,19,21,212,0.0,0,169.4,1
2026-02-27 10:53:17,1,61,21.4,78,13.1,1012.9,13,23,123,0.0,0,174.1,1
2026-02-27 10:54:18,1,61,21.4,78,13.1,1012.8,8,23,267,0.0,0,175.6,1
2026-02-27 10:55:19,1,61,21.4,78,13.1,1012.9,9,16,268,0.0,0,176.7,1
2026-02-27 10:56:20,1,61,21.4,78,13.1,1012.8,12,18,228,0.0,0,177.1,1
2026-02-27 10:57:21,1,61,21.4,78,13.2,1012.9,11,23,246,0.0,0,176.5,1
2026-02-27 10:58:22,1,61,21.4,78,13.2,1012.9,18,23,237,0.0,0,174.2,1
2026-02-27 10:59:23,1,61,21.4,77,13.2,1012.9,14,20,218,0.0,0,172.2,1
2026-02-27 11:00:24,1,61,21.4,78,13.2,1012.9,11,21,228,0.0,0,167.6,1
2026-02-27 11:01:25,1,61,21.4,78,13.2,1012.9,8,16,209,0.0,0,162.9,1
2026-02-27 11:02:26,1,61,21.3,78,13.2,1012.9,12,16,205,0.0,0,158.3,1
2026-02-27 11:03:27,1,61,21.4,78,13.2,1013.0,15,16,182,0.0,0,156.5,1
2026-02-27 11:04:28,1,61,21.4,78,13.2,1012.9,21,25,161,0.0,0,155.9,1
2026-02-27 11:05:29,1,61,21.4,78,13.2,1012.8,15,25,191,0.0,0,158.2,1
2026-02-27 11:06:30,1,61,21.4,78,13.1,1013.0,14,21,192,0.0,0,160.9,1
2026-02-27 11:07:31,1,61,21.4,78,13.1,1013.0,16,20,227,0.0,0,166.3,1
2026-02-27 11:08:32,1,61,21.4,78,13.1,1012.9,12,20,200,0.0,0,174.5,1
2026-02-27 11:09:33,1,61,21.4,78,13.1,1012.8,11,20,146,0.0,0,182.9,1
2026-02-27 11:10:34,1,61,21.4,78,13.2,1013.0,8,16,224,0.0,0,186.5,1
2026-02-27 11:11:35,1,61,21.4,78,13.2,1012.9,12,16,184,0.0,0,191.2,1
2026-02-27 11:12:36,1,61,21.4,78,13.2,1012.8,13,16,141,0.0,0,193.1,1
2026-02-27 11:13:37,1,61,21.3,78,13.2,1012.9,11,16,87,0.0,0,192.9,1
2026-02-27 11:14:38,1,61,21.3,78,13.2,1012.9,13,18,175,0.0,0,190.5,1
2026-02-27 11:15:39,1,61,21.3,78,13.2,1012.9,15,18,181,0.0,0,187.3,1
2026-02-27 11:16:40,1,61,21.3,77,13.2,1012.9,13,18,251,0.0,0,182.9,1
2026-02-27 11:17:41,1,61,21.3,78,13.1,1012.9,17,21,140,0.0,0,178.6,1
2026-02-27 11:18:42,1,61,21.3,78,13.1,1013.0,8,21,214,0.0,0,174.4,1
2026-02-27 11:19:43,1,61,21.3,78,13.1,1012.9,17,23,138,0.0,0,170.1,1
2026-02-27 11:20:44,1,61,21.3,78,13.1,1012.9,16,23,205,0.0,0,166.3,1
2026-02-27 11:21:45,1,61,21.3,78,13.2,1012.9,9,21,239,0.0,0,162.0,1
2026-02-27 11:22:46,1,61,21.3,78,13.2,1012.8,9,16,237,0.0,0,157.2,1
2026-02-27 11:23:47,1,61,21.3,78,13.2,1013.0,7,14,219,0.0,0,152.8,1
2026-02-27 11:24:48,1,61,21.3,77,13.3,1012.7,16,25,212,0.0,0,148.5,1
2026-02-27 11:25:49,1,61,21.3,77,13.3,1012.9,20,27,244,0.0,0,145.2,1
2026-02-27 11:26:50,1,61,21.3,77,13.3,1012.8,16,27,245,0.0,0,143.5,1
2026-02-27 11:27:51,1,61,21.3,77,13.3,1013.0,12,23,226,0.0,0,142.0,1
2026-02-27 11:28:52,1,61,21.4,77,13.2,1012.9,9,23,178,0.0,0,141.5,1
2026-02-27 11:29:53,1,61,21.3,77,13.2,1012.9,11,16,115,0.0,0,140.9,1
2026-02-27 11:30:54,1,61,21.3,78,13.2,1012.7,11,20,249,0.0,0,140.6,1
2026-02-27 11:31:55,1,61,21.3,78,13.2,1012.9,8,16,284,0.0,0,141.3,1
2026-02-27 11:32:56,1,61,21.3,78,13.2,1012.9,9,12,149,0.0,0,143.7,1
2026-02-27 11:33:57,1,61,21.3,78,13.2,1012.8,15,18,176,0.0,0,147.0,1
2026-02-27 11:34:58,1,61,21.3,78,13.1,1012.8,8,18,197,0.0,0,152.1,1
2026-02-27 11:35:59,1,61,21.3,78,13.1,1012.9,13,16,195,0.0,0,155.3,1
2026-02-27 11:37:00,1,61,21.3,77,13.1,1012.9,20,29,216,0.0,0,156.8,1
2026-02-27 11:38:01,1,61,21.3,77,13.1,1012.8,16,29,153,0.0,0,156.4,1
2026-02-27 11:39:02,1,61,21.3,77,13.1,1012.6,14,20,217,0.0,0,155.1,1
2026-02-27 11:40:03,1,61,21.3,77,13.0,1012.6,15,21,159,0.0,0,154.1,1
2026-02-27 11:41:04,1,61,21.3,77,13.0,1012.7,18,23,182,0.0,0,153.4,1
2026-02-27 11:42:05,1,61,21.3,77,13.0,1012.7,21,25,245,0.0,0,152.9,1
2026-02-27 11:43:06,1,61,21.3,77,13.0,1012.8,13,25,206,0.0,0,152.6,1
2026-02-27 11:44:07,1,61,21.3,77,13.0,1012.6,9,18,194,0.0,0,154.0,1
2026-02-27 11:45:08,1,61,21.3,77,13.1,1012.6,14,20,204,0.0,0,157.0,1
2026-02-27 11:46:09,1,61,21.3,77,13.1,1012.7,14,20,205,0.0,0,158.8,1
2026-02-27 11:47:10,1,61,21.3,77,13.1,1012.8,11,20,276,0.0,0,162.9,1
2026-02-27 11:48:11,1,61,21.3,77,13.1,1012.6,10,14,229,0.0,0,163.4,1
2026-02-27 11:49:12,1,61,21.3,77,13.1,1012.7,12,20,218,0.0,0,168.1,1
2026-02-27 11:50:13,1,61,21.3,77,13.2,1012.7,14,16,230,0.0,0,170.8,1
2026-02-27 11:51:14,1,61,21.3,77,13.2,1012.6,14,20,203,0.0,0,174.3,1
2026-02-27 11:52:15,1,61,21.3,77,13.1,1012.6,16,23,210,0.0,0,178.0,1
2026-02-27 11:53:16,1,61,21.3,77,13.1,1012.7,21,25,156,0.0,0,181.1,1
2026-02-27 11:54:17,1,61,21.3,77,13.1,1012.7,17,25,171,0.0,0,181.5,1
2026-02-27 11:55:18,1,61,21.3,77,13.1,1012.6,16,20,232,0.0,0,179.7,1
2026-02-27 11:56:19,1,61,21.3,77,13.1,1012.7,9,20,224,0.0,0,176.1,1
2026-02-27 11:57:20,1,61,21.3,77,13.1,1012.8,9,12,189,0.0,0,168.9,1
2026-02-27 11:58:21,1,61,21.3,77,13.2,1012.7,12,14,197,0.0,0,154.0,1
2026-02-27 11:59:22,1,61,21.3,77,13.2,1012.8,7,14,234,0.0,0,141.0,1
2026-02-27 12:00:23,1,61,21.3,77,13.3,1012.7,9,14,162,0.0,0,129.8,1
2026-02-27 12:01:24,1,61,21.3,77,13.3,1012.9,14,18,243,0.0,0,121.9,1
2026-02-27 12:02:25,1,61,21.3,77,13.3,1012.7,8,18,219,0.0,0,109.7,1
2026-02-27 12:03:26,1,61,21.3,77,13.3,1012.9,9,14,229,0.0,0,109.9,1
2026-02-27 12:04:27,1,61,21.3,76,13.3,1012.7,14,23,245,0.0,0,113.0,1
2026-02-27 12:05:28,1,61,21.3,76,13.3,1012.7,10,23,226,0.0,0,112.4,1
2026-02-27 12:06:29,1,61,21.3,77,13.3,1012.6,12,16,198,0.0,0,116.9,1
2026-02-27 12:07:30,1,61,21.3,77,13.3,1012.6,17,21,149,0.0,0,115.0,1
2026-02-27 12:08:31,1,61,21.3,77,13.3,1012.8,12,21,201,0.0,0,110.0,1
2026-02-27 12:09:32,1,61,21.3,77,13.3,1012.5,13,20,151,0.0,0,112.3,1
2026-02-27 12:10:33,1,61,21.3,77,13.2,1012.6,12,20,133,0.0,0,107.5,1
2026-02-27 12:11:34,1,60,21.3,77,13.2,1012.6,10,16,184,0.0,0,104.5,1
2026-02-27 12:12:35,1,60,21.3,77,13.2,1012.6,6,16,141,0.0,0,105.4,1
2026-02-27 12:13:36,1,60,21.2,76,13.3,1012.5,12,18,193,0.0,0,120.0,1
2026-02-27 12:14:37,1,60,21.3,76,13.3,1012.7,11,18,208,0.0,0,113.2,1
2026-02-27 12:15:38,1,60,21.3,76,13.3,1012.5,11,20,224,0.0,0,106.3,1
2026-02-27 12:16:39,1,60,21.2,76,13.3,1012.5,16,20,229,0.0,0,100.1,0
2026-02-27 12:17:40,1,60,21.2,76,13.3,1012.5,14,20,232,0.0,0,97.2,0
2026-02-27 12:18:41,1,60,21.2,76,13.3,1012.6,8,20,140,0.0,0,104.1,1
2026-02-27 12:19:42,1,60,21.2,76,13.3,1012.4,16,21,259,0.0,0,109.1,1
2026-02-27 12:20:43,1,60,21.2,76,13.3,1012.5,10,21,231,0.0,0,106.8,1
2026-02-27 12:21:44,1,60,21.2,76,13.3,1012.5,14,16,176,0.0,0,106.1,1
2026-02-27 12:22:45,1,60,21.2,75,13.3,1012.5,12,16,233,0.0,0,107.7,1
2026-02-27 12:23:46,1,60,21.2,75,13.3,1012.6,15,18,264,0.0,0,108.8,1
2026-02-27 12:24:47,1,60,21.2,75,13.3,1012.5,10,20,235,0.0,0,113.3,1
2026-02-27 12:25:48,1,60,21.2,75,13.3,1012.5,13,20,219,0.0,0,116.0,1
2026-02-27 12:26:49,1,60,21.2,75,13.3,1012.4,9,20,178,0.0,0,113.2,1
2026-02-27 12:27:50,1,60,21.2,75,13.3,1012.6,19,21,217,0.0,0,102.4,0
2026-02-27 12:28:51,1,60,21.2,75,13.3,1012.6,11,21,235,0.0,0,99.1,0
2026-02-27 12:29:52,1,60,21.2,75,13.3,1012.4,9,21,212,0.0,0,103.6,1
2026-02-27 12:30:53,1,60,21.2,75,13.3,1012.4,7,12,172,0.0,0,105.2,1
2026-02-27 12:31:54,1,60,21.2,75,13.3,1012.5,13,16,204,0.0,0,100.2,0
2026-02-27 12:32:55,1,60,21.2,75,13.3,1012.4,12,16,230,0.0,0,100.3,0
2026-02-27 12:33:56,1,60,21.2,75,13.3,1012.5,18,21,253,0.0,0,107.8,1
2026-02-27 12:34:57,1,60,21.2,75,13.3,1012.4,15,21,238,0.0,0,109.3,1
2026-02-27 12:35:58,1,60,21.2,75,13.3,1012.3,12,21,238,0.0,0,100.1,0
2026-02-27 12:36:59,1,60,21.2,75,13.3,1012.4,7,21,272,0.0,0,98.4,0
2026-02-27 12:38:00,1,60,21.2,75,13.3,1012.5,11,16,238,0.0,0,98.0,0
2026-02-27 12:39:01,1,60,21.2,75,13.3,1012.5,9,14,234,0.0,0,94.5,0
2026-02-27 12:40:02,1,60,21.2,75,13.4,1012.5,9,18,203,0.0,0,90.2,0
2026-02-27 12:41:03,1,59,21.1,75,13.4,1012.5,11,18,118,0.0,0,89.8,0
2026-02-27 12:42:04,1,60,21.1,75,13.4,1012.5,16,21,228,0.0,0,91.7,0
2026-02-27 12:43:05,1,59,21.1,75,13.4,1012.5,9,21,161,0.0,0,92.5,0
2026-02-27 12:44:06,1,59,21.1,75,13.4,1012.3,14,18,206,0.0,0,88.8,0
2026-02-27 12:45:07,1,60,21.1,75,13.3,1012.6,15,27,195,0.0,0,82.8,0
2026-02-27 12:46:08,1,60,21.1,75,13.3,1012.5,17,27,193,0.0,0,84.1,0
2026-02-27 12:47:09,1,60,21.1,75,13.3,1012.5,13,21,226,0.0,0,85.7,0
2026-02-27 12:48:10,1,60,21.1,75,13.3,1012.5,9,20,232,0.0,0,84.8,0
2026-02-27 12:49:11,1,60,21.1,75,13.3,1012.5,13,25,279,0.0,0,80.2,0
2026-02-27 12:50:12,1,60,21.1,75,13.3,1012.5,10,16,197,0.0,0,81.8,0
2026-02-27 12:51:13,1,60,21.1,75,13.3,1012.6,13,16,210,0.0,0,87.8,0
2026-02-27 12:52:14,1,60,21.1,75,13.3,1012.5,15,21,241,0.0,0,89.0,0
2026-02-27 12:53:15,1,60,21.2,75,13.2,1012.6,13,21,238,0.0,0,82.2,0
2026-02-27 12:54:16,1,60,21.1,75,13.2,1012.6,9,16,242,0.0,0,72.5,0
2026-02-27 12:55:17,1,60,21.1,75,13.2,1012.5,8,16,261,0.0,0,68.1,0
2026-02-27 12:56:18,1,60,21.2,75,13.2,1012.5,8,16,262,0.0,0,68.1,0
2026-02-27 12:57:19,1,60,21.2,75,13.2,1012.4,7,11,235,0.0,0,68.1,0
2026-02-27 12:58:20,1,60,21.1,75,13.2,1012.4,10,16,184,0.0,0,67.2,0
2026-02-27 12:59:21,1,60,21.2,75,13.2,1012.5,7,16,208,0.0,0,67.0,0
2026-02-27 13:00:22,1,60,21.2,76,13.2,1012.6,7,12,241,0.0,0,64.2,0
2026-02-27 13:01:23,1,60,21.1,75,13.2,1012.6,12,16,244,0.0,0,67.5,0
2026-02-27 13:02:24,1,60,21.2,75,13.2,1012.3,11,16,189,0.0,0,74.9,0
2026-02-27 13:03:25,1,60,21.1,75,13.2,1012.3,11,18,174,0.0,0,78.0,0
2026-02-27 13:04:26,1,60,21.2,76,13.2,1012.5,6,18,236,0.0,0,80.3,0
2026-02-27 13:05:27,1,60,21.1,76,13.2,1012.2,6,12,234,0.0,0,83.1,0
2026-02-27 13:06:28,1,60,21.1,76,13.2,1012.2,11,14,238,0.0,0,84.8,0
2026-02-27 13:07:29,1,60,21.2,76,13.2,1012.3,7,14,237,0.0,0,85.8,0
2026-02-27 13:08:30,1,60,21.1,76,13.2,1012.4,13,21,211,0.0,0,87.5,0
2026-02-27 13:09:31,1,60,21.2,75,13.2,1012.2,13,21,233,0.0,0,88.9,0
2026-02-27 13:10:32,1,60,21.2,76,13.2,1012.2,9,14,243,0.0,0,90.6,0
2026-02-27 13:11:33,1,60,21.1,76,13.2,1012.1,9,14,215,0.0,0,91.8,0
2026-02-27 13:12:34,1,60,21.2,76,13.2,1012.3,10,14,217,0.0,0,94.7,0
2026-02-27 13:13:35,1,60,21.2,76,13.2,1012.3,10,14,235,0.0,0,95.2,0
2026-02-27 13:14:36,1,60,21.2,76,13.2,1012.4,8,20,116,0.0,0,100.3,0
2026-02-27 13:15:37,1,60,21.2,76,13.2,1012.4,11,20,227,0.0,0,98.7,0
2026-02-27 13:16:38,1,60,21.2,76,13.2,1012.4,5,18,262,0.0,0,96.3,0
2026-02-27 13:17:39,1,60,21.2,76,13.2,1012.3,14,20,264,0.0,0,99.2,0
2026-02-27 13:18:40,1,60,21.2,76,13.2,1012.5,12,20,227,0.0,0,105.2,1
2026-02-27 13:19:41,1,60,21.1,76,13.3,1012.3,11,16,245,0.0,0,106.1,1
2026-02-27 13:20:42,1,60,21.1,76,13.3,1012.2,12,16,132,0.0,0,100.7,0
2026-02-27 13:21:43,1,60,21.1,76,13.3,1012.3,10,16,222,0.0,0,99.5,0
2026-02-27 13:22:44,1,60,21.1,76,13.3,1012.2,6,12,137,0.0,0,101.2,0
2026-02-27 13:23:45,1,60,21.2,76,13.3,1012.3,11,14,155,0.0,0,104.0,1
2026-02-27 13:24:46,1,60,21.1,76,13.4,1012.2,9,14,152,0.0,0,109.0,1
2026-02-27 13:25:47,1,60,21.2,76,13.4,1012.0,14,16,158,0.0,0,112.2,1
2026-02-27 13:26:48,1,60,21.2,76,13.3,1012.2,12,16,206,0.0,0,113.2,1
2026-02-27 13:27:49,1,60,21.2,76,13.3,1012.2,5,16,223,0.0,0,118.7,1
2026-02-27 13:28:50,1,60,21.2,76,13.3,1012.1,13,20,220,0.0,0,120.4,1
2026-02-27 13:29:51,1,60,21.2,76,13.3,1012.0,12,20,172,0.0,0,117.9,1
2026-02-27 13:30:52,1,60,21.2,76,13.4,1012.2,10,16,260,0.0,0,118.1,1
2026-02-27 13:31:53,1,60,21.2,76,13.4,1012.2,12,16,243,0.0,0,114.8,1
2026-02-27 13:32:54,1,60,21.2,76,13.4,1012.3,14,16,257,0.0,0,111.4,1
2026-02-27 13:33:55,1,60,21.2,76,13.4,1012.3,17,20,239,0.0,0,109.6,1
2026-02-27 13:34:56,1,60,21.2,76,13.4,1012.1,13,20,257,0.0,0,108.7,1
2026-02-27 13:35:57,1,60,21.1,76,13.4,1012.2,18,21,183,0.0,0,103.1,1
2026-02-27 13:36:58,1,60,21.2,76,13.4,1012.2,18,21,229,0.0,0,98.5,0
2026-02-27 13:37:59,1,60,21.1,76,13.4,1012.2,9,21,162,0.0,0,93.3,0
2026-02-27 13:39:00,1,60,21.1,76,13.4,1012.3,13,16,271,0.0,0,84.5,0
2026-02-27 13:40:01,1,60,21.1,76,13.4,1012.3,10,16,215,0.0,0,80.7,0
2026-02-27 13:41:02,1,60,21.1,77,13.4,1012.2,13,16,107,0.0,0,80.7,0
2026-02-27 13:42:03,1,60,21.1,77,13.4,1012.2,11,16,220,0.0,0,81.9,0
2026-02-27 13:43:04,1,60,21.1,78,13.3,1012.3,9,14,131,0.0,0,88.5,0
2026-02-27 13:44:05,1,60,21.1,77,13.3,1012.4,12,16,212,0.0,0,91.7,0
2026-02-27 13:45:06,1,60,21.1,78,13.3,1012.4,13,18,228,0.0,0,94.9,0
2026-02-27 13:46:07,1,60,21.1,78,13.3,1012.2,9,18,211,0.0,0,94.6,0
2026-02-27 13:47:08,1,60,21.1,78,13.3,1012.3,8,18,244,0.0,0,89.8,0
2026-02-27 13:48:09,1,60,21.1,78,13.2,1012.2,13,18,278,0.0,0,86.6,0
2026-02-27 13:49:08,1,60,21.1,77,13.2,1012.1,13,20,164,0.0,0,84.4,0
2026-02-27 13:50:09,1,60,21.1,77,13.2,1012.2,9,18,305,0.0,0,79.1,0
2026-02-27 13:51:10,1,60,21.1,77,13.2,1012.4,14,20,196,0.0,0,75.6,0
2026-02-27 13:52:11,1,60,21.1,77,13.2,1012.3,12,20,231,0.0,0,74.3,0
2026-02-27 13:53:12,1,60,21.1,77,13.2,1012.3,14,20,234,0.0,0,74.5,0
2026-02-27 13:54:13,1,60,21.1,77,13.2,1012.3,15,20,269,0.0,0,73.7,0
2026-02-27 13:55:14,1,60,21.1,77,13.2,1012.2,16,21,223,0.0,0,73.6,0
2026-02-27 13:56:15,1,60,21.1,77,13.2,1012.3,9,21,184,0.0,0,72.6,0
2026-02-27 13:57:16,1,60,21.1,77,13.2,1012.2,9,12,225,0.0,0,67.9,0
2026-02-27 13:58:17,1,60,21.1,77,13.2,1012.1,12,18,231,0.0,0,64.6,0
2026-02-27 13:59:18,1,60,21.1,77,13.3,1012.2,12,16,236,0.0,0,64.1,0
2026-02-27 14:00:19,1,60,21.1,77,13.3,1012.3,11,16,224,0.0,0,69.2,0
2026-02-27 14:01:20,1,60,21.1,77,13.3,1012.2,11,14,228,0.0,0,68.6,0
2026-02-27 14:02:21,1,60,21.1,76,13.3,1012.1,12,21,242,0.0,0,64.9,0
2026-02-27 14:03:22,1,60,21.1,77,13.3,1012.1,11,21,236,0.0,0,67.0,0
2026-02-27 14:04:23,1,60,21.1,77,13.3,1012.1,9,16,148,0.0,0,69.2,0
2026-02-27 14:05:24,1,60,21.1,77,13.3,1012.1,12,18,192,0.0,0,63.1,0
2026-02-27 14:06:25,1,60,21.1,78,13.2,1012.0,10,16,234,0.0,0,63.2,0
2026-02-27 14:07:26,1,60,21.1,78,13.2,1012.0,16,20,254,0.0,0,68.4,0
2026-02-27 14:08:27,1,60,21.1,78,13.2,1012.0,9,20,190,0.0,0,76.5,0
2026-02-27 14:09:28,1,60,21.1,79,13.2,1012.0,17,21,240,0.0,0,89.7,0
2026-02-27 14:10:29,1,60,21.1,78,13.1,1012.0,10,21,168,0.0,0,88.3,0
2026-02-27 14:11:30,1,60,21.1,79,13.1,1012.2,12,18,220,0.0,0,89.2,0
2026-02-27 14:12:31,1,60,21.1,79,13.1,1012.1,11,20,257,0.0,0,101.2,0
2026-02-27 14:13:32,1,60,21.1,79,13.1,1012.2,10,25,222,0.0,0,102.5,0
2026-02-27 14:14:33,1,60,21.1,79,13.1,1012.1,16,27,216,0.0,0,98.2,0
2026-02-27 14:15:34,1,60,21.1,79,13.1,1012.1,13,21,194,0.0,0,93.9,0
2026-02-27 14:16:35,1,60,21.1,79,13.1,1012.0,12,23,205,0.0,0,96.6,0
2026-02-27 14:17:36,1,60,21.1,79,13.1,1012.2,10,23,230,0.0,0,100.4,0
2026-02-27 14:18:37,1,60,21.1,79,13.1,1011.9,12,23,148,0.0,0,92.5,0
2026-02-27 14:19:38,1,60,21.1,79,13.1,1012.1,11,21,94,0.0,0,100.6,0
2026-02-27 14:20:39,1,60,21.1,79,13.1,1011.9,18,23,144,0.0,0,100.7,0
2026-02-27 14:21:40,1,60,21.1,79,13.1,1011.8,11,23,251,0.0,0,88.5,0
2026-02-27 14:22:41,1,60,21.1,79,13.1,1011.9,11,20,166,0.0,0,89.5,0
2026-02-27 14:23:42,1,60,21.1,79,13.1,1011.9,10,20,238,0.0,0,89.5,0
2026-02-27 14:24:43,1,60,21.1,79,13.1,1012.1,11,23,254,0.0,0,91.7,0
2026-02-27 14:25:44,1,60,21.1,79,13.1,1012.0,9,23,244,0.0,0,86.6,0
2026-02-27 14:26:45,1,60,21.1,79,13.1,1011.7,14,16,185,0.0,0,90.3,0
2026-02-27 14:27:46,1,60,21.1,79,13.1,1011.8,11,16,223,0.0,0,83.6,0
2026-02-27 14:28:47,1,60,21.1,80,13.1,1011.9,11,18,107,0.0,0,82.0,0
2026-02-27 14:29:48,1,60,21.1,80,13.1,1011.9,12,18,239,0.0,0,78.9,0
2026-02-27 14:30:49,1,60,21.1,80,13.1,1011.8,16,20,248,0.0,0,67.6,0
2026-02-27 14:31:50,1,60,21.1,80,13.1,1012.0,11,20,51,0.0,0,55.0,0
2026-02-27 14:32:51,1,60,21.1,80,13.0,1011.8,10,18,148,0.0,0,49.2,0
2026-02-27 14:33:52,1,60,21.1,80,13.0,1011.9,14,18,217,0.0,0,47.7,0
2026-02-27 14:34:53,1,60,21.1,81,13.0,1012.1,10,18,240,0.0,0,45.9,0
2026-02-27 14:35:54,1,60,21.1,80,13.0,1011.8,13,27,229,0.0,0,44.1,0
2026-02-27 14:36:55,1,60,21.1,81,12.9,1011.8,16,27,247,0.0,0,42.7,0
2026-02-27 14:37:56,1,60,21.1,81,12.9,1011.9,12,29,219,0.0,0,42.2,0
2026-02-27 14:38:57,1,60,21.1,81,12.9,1011.9,12,20,205,0.0,0,39.0,0
2026-02-27 14:39:58,1,60,21.1,82,12.8,1012.0,17,20,213,0.0,0,36.7,0
2026-02-27 14:40:59,1,60,21.1,82,12.8,1011.8,9,25,130,0.0,0,37.2,0
2026-02-27 14:42:00,1,60,21.1,82,12.8,1012.0,12,23,213,0.0,0,39.1,0
2026-02-27 14:43:01,1,60,21.1,83,12.7,1012.0,11,20,229,0.0,0,43.1,0
2026-02-27 14:44:02,1,60,21.1,83,12.7,1012.0,11,20,199,0.0,0,46.0,0
2026-02-27 14:45:03,1,60,21.1,84,12.7,1012.1,16,23,218,0.0,0,48.9,0
2026-02-27 14:46:04,1,60,21.1,83,12.6,1012.2,17,25,333,0.0,0,50.4,0
2026-02-27 14:47:05,1,60,21.1,84,12.6,1011.9,14,25,258,0.0,0,49.8,0
2026-02-27 14:48:06,1,60,21.1,84,12.6,1012.0,12,20,242,0.0,0,46.0,0
2026-02-27 14:49:08,1,60,21.1,85,12.5,1011.9,15,20,160,0.0,0,45.1,0
2026-02-27 14:50:09,1,60,21.1,85,12.5,1012.1,15,23,202,0.0,0,45.7,0
2026-02-27 14:51:10,1,60,21.1,85,12.4,1012.2,17,23,220,0.0,0,43.1,0
2026-02-27 14:52:11,1,60,21.1,85,12.4,1011.9,14,21,254,0.0,0,42.0,0
2026-02-27 14:53:12,1,60,21.1,86,12.4,1012.0,19,23,270,0.0,0,45.9,0
2026-02-27 14:54:13,1,60,21.1,86,12.3,1012.0,11,23,210,0.0,0,48.1,0
2026-02-27 14:55:14,1,60,21.1,86,12.3,1012.1,11,23,197,0.0,0,49.9,0
2026-02-27 14:56:15,1,60,21.1,86,12.3,1012.0,9,21,254,0.0,0,53.1,0
2026-02-27 14:57:16,1,60,21.1,86,12.3,1012.1,9,18,218,0.0,0,57.3,0
2026-02-27 14:58:17,1,60,21.1,86,12.3,1012.1,15,18,192,0.0,0,61.2,0
2026-02-27 14:59:18,1,60,21.1,86,12.2,1012.1,5,18,181,0.0,0,63.2,0
2026-02-27 15:00:19,1,60,21.1,87,12.2,1011.9,7,18,229,0.0,0,62.4,0
2026-02-27 15:01:20,1,60,21.1,87,12.2,1012.1,9,16,276,0.0,0,64.3,0
2026-02-27 15:02:21,1,60,21.1,87,12.2,1011.9,9,16,142,0.0,0,64.2,0
2026-02-27 15:03:22,1,60,21.1,87,12.2,1012.1,10,14,221,0.0,0,58.1,0
2026-02-27 15:04:23,1,60,21.1,88,12.2,1012.3,7,14,220,0.0,0,48.6,0
2026-02-27 15:05:24,1,60,21.1,88,12.2,1012.0,12,14,134,0.0,0,49.8,0
2026-02-27 15:06:25,1,60,21.1,88,12.1,1012.0,10,14,171,0.0,0,55.2,0
2026-02-27 15:07:26,1,60,21.1,88,12.1,1012.0,6,12,181,0.0,0,54.5,0
2026-02-27 15:08:27,1,61,21.1,88,12.1,1012.0,13,14,147,0.0,0,53.5,0
2026-02-27 15:09:28,1,60,21.1,88,12.1,1012.0,12,14,224,0.0,0,55.5,0
2026-02-27 15:10:29,1,60,21.2,88,12.0,1012.0,11,21,209,0.0,0,54.5,0
2026-02-27 15:11:30,1,61,21.1,88,12.0,1012.1,11,21,186,0.0,0,59.9,0
2026-02-27 15:12:31,1,61,21.1,89,12.0,1012.0,12,16,210,0.0,0,66.1,0
2026-02-27 15:13:32,1,61,21.1,89,12.0,1012.1,11,16,172,0.0,0,65.2,0
2026-02-27 15:14:33,1,61,21.2,89,12.0,1011.9,9,21,107,0.0,0,64.2,0
2026-02-27 15:15:34,1,61,21.1,89,12.0,1012.0,12,16,177,0.0,0,63.7,0
2026-02-27 15:16:35,1,61,21.1,89,12.0,1011.9,9,16,182,0.0,0,56.8,0
2026-02-27 15:17:36,1,61,21.2,89,12.0,1012.0,11,12,214,0.0,0,58.0,0
2026-02-27 15:18:37,1,61,21.2,89,11.9,1012.0,12,16,153,0.0,0,56.0,0
2026-02-27 15:19:38,1,61,21.1,89,11.9,1011.8,9,16,269,0.0,0,55.8,0
2026-02-27 15:20:39,1,61,21.2,89,11.9,1012.0,10,14,218,0.0,0,55.3,0
2026-02-27 15:21:40,1,61,21.1,89,11.9,1011.9,10,16,207,0.0,0,49.4,0
2026-02-27 15:22:41,1,61,21.2,90,11.9,1012.1,6,16,197,0.0,0,44.6,0
2026-02-27 15:23:42,1,61,21.1,90,11.9,1012.0,6,12,205,0.0,0,43.5,0
2026-02-27 15:24:43,1,61,21.2,90,11.9,1011.9,11,14,216,0.0,0,43.4,0
2026-02-27 15:25:44,1,61,21.2,90,11.9,1012.0,7,14,144,0.0,0,42.9,0
2026-02-27 15:26:45,1,61,21.2,90,11.9,1012.1,11,12,159,0.0,0,39.8,0
2026-02-27 15:27:46,1,61,21.2,90,11.9,1012.1,8,12,191,0.0,0,40.5,0
2026-02-27 15:28:47,1,61,21.2,90,11.9,1012.0,10,12,215,0.0,0,40.0,0
2026-02-27 15:29:48,1,61,21.2,90,11.8,1011.9,13,16,144,0.0,0,34.9,0
2026-02-27 15:30:49,1,61,21.2,90,11.8,1011.9,10,16,193,0.0,0,32.9,0
2026-02-27 15:31:50,1,61,21.2,90,11.8,1011.9,4,14,137,0.0,0,34.9,0
2026-02-27 15:32:51,1,61,21.2,90,11.8,1012.1,7,14,214,0.0,0,36.7,0
2026-02-27 15:33:52,1,61,21.2,90,11.8,1012.1,7,9,227,0.0,0,35.5,0
2026-02-27 15:34:53,1,61,21.2,90,11.8,1011.7,11,12,206,0.0,0,34.6,0
2026-02-27 15:35:54,1,61,21.2,90,11.8,1012.1,8,12,222,0.0,0,30.6,0
2026-02-27 15:36:55,1,61,21.2,91,11.8,1012.0,11,14,152,0.0,0,31.1,0
2026-02-27 15:37:56,1,61,21.2,90,11.8,1011.9,7,14,164,0.0,0,30.5,0
2026-02-27 15:38:57,1,61,21.2,91,11.8,1012.0,10,16,192,0.0,0,28.5,0
2026-02-27 15:39:58,1,61,21.2,91,11.8,1011.9,9,16,252,0.0,0,30.2,0
2026-02-27 15:40:59,1,61,21.2,90,11.8,1012.0,11,14,181,0.0,0,32.0,0
2026-02-27 15:42:00,1,61,21.2,90,11.8,1012.0,9,14,229,0.0,0,30.8,0
2026-02-27 15:43:01,1,61,21.2,90,11.8,1012.1,15,18,180,0.0,0,28.0,0
2026-02-27 15:44:02,1,61,21.2,90,11.8,1012.1,6,18,157,0.0,0,28.8,0
2026-02-27 15:45:03,1,61,21.2,90,11.8,1012.0,12,18,142,0.0,0,33.4,0
2026-02-27 15:46:04,1,61,21.2,90,11.8,1012.0,11,18,264,0.0,0,36.7,0
2026-02-27 15:47:05,1,61,21.2,90,11.8,1012.0,9,18,270,0.0,0,37.8,0
2026-02-27 15:48:06,1,61,21.2,91,11.8,1012.0,7,14,154,0.0,0,39.2,0
2026-02-27 15:49:07,1,61,21.2,91,11.8,1012.2,12,18,165,0.0,0,39.5,0
2026-02-27 15:50:08,1,61,21.2,91,11.8,1012.2,9,18,205,0.0,0,37.9,0
2026-02-27 15:51:09,1,61,21.2,91,11.7,1012.0,12,16,193,0.0,0,36.0,0
2026-02-27 15:52:10,1,61,21.2,91,11.7,1011.9,8,16,238,0.0,0,35.6,0
2026-02-27 15:53:11,1,61,21.2,91,11.7,1011.8,6,14,227,0.0,0,37.0,0
2026-02-27 15:54:12,1,61,21.2,92,11.7,1012.0,6,12,246,0.0,0,38.0,0
2026-02-27 15:55:13,1,61,21.2,92,11.7,1012.0,8,11,225,0.0,0,35.5,0
2026-02-27 15:56:14,1,61,21.2,92,11.7,1012.0,10,11,169,0.0,0,32.5,0
2026-02-27 15:57:15,1,61,21.2,92,11.7,1011.9,6,12,271,0.0,0,32.2,0
2026-02-27 15:58:16,1,61,21.2,92,11.7,1012.0,10,20,196,0.0,0,33.8,0
2026-02-27 15:59:17,1,61,21.2,92,11.7,1011.9,13,16,143,0.0,0,34.7,0
2026-02-27 16:00:18,1,61,21.2,92,11.7,1012.1,15,20,223,0.0,0,33.6,0
2026-02-27 16:01:19,1,61,21.2,91,11.7,1012.0,9,20,197,0.0,0,32.0,0
2026-02-27 16:02:20,1,61,21.2,91,11.7,1012.1,7,14,200,0.0,0,30.7,0
2026-02-27 16:03:21,1,61,21.2,91,11.7,1011.9,8,12,166,0.0,0,27.9,0
2026-02-27 16:04:22,1,61,21.2,92,11.7,1012.1,9,16,190,0.0,0,24.7,0
2026-02-27 16:05:23,1,61,21.2,91,11.7,1012.2,12,16,177,0.0,0,23.3,0
2026-02-27 16:06:24,1,61,21.2,92,11.7,1012.0,9,14,209,0.0,0,22.7,0
2026-02-27 16:07:25,1,61,21.2,92,11.7,1012.1,8,20,209,0.0,0,21.6,0
2026-02-27 16:08:26,1,61,21.2,92,11.7,1012.0,11,20,198,0.0,0,20.6,0
2026-02-27 16:09:27,1,61,21.2,92,11.7,1012.1,9,16,234,0.0,0,20.1,0
2026-02-27 16:10:28,1,61,21.2,92,11.6,1011.9,17,18,203,0.0,0,19.2,0
2026-02-27 16:11:29,1,61,21.2,92,11.6,1012.1,11,18,195,0.0,0,18.7,0
2026-02-27 16:12:30,1,61,21.2,92,11.6,1012.1,13,21,201,0.0,0,18.9,0
2026-02-27 16:13:31,1,61,21.2,92,11.6,1012.2,10,21,142,0.0,0,19.7,0
2026-02-27 16:14:32,1,61,21.2,92,11.6,1012.1,11,16,212,0.0,0,20.8,0
2026-02-27 16:15:33,1,61,21.2,92,11.6,1012.1,8,14,192,0.0,0,21.2,0
2026-02-27 16:16:34,1,61,21.2,92,11.6,1012.0,12,16,217,0.0,0,21.1,0
2026-02-27 16:17:35,1,61,21.2,92,11.6,1012.1,6,18,208,0.0,0,20.5,0
2026-02-27 16:18:36,1,61,21.2,92,11.6,1012.2,13,21,197,0.0,0,20.4,0
2026-02-27 16:19:37,1,61,21.2,92,11.6,1012.2,12,21,195,0.0,0,20.9,0
2026-02-27 16:20:38,1,61,21.2,92,11.6,1012.1,14,18,185,0.0,0,21.2,0
2026-02-27 16:21:39,1,61,21.2,92,11.6,1012.2,12,16,201,0.0,0,21.6,0
2026-02-27 16:22:40,1,61,21.2,92,11.6,1012.0,11,18,268,0.0,0,21.6,0
2026-02-27 16:23:41,1,61,21.2,92,11.6,1012.3,10,18,173,0.0,0,21.4,0
2026-02-27 16:24:42,1,61,21.2,92,11.6,1012.2,7,18,208,0.0,0,21.8,0
2026-02-27 16:25:43,1,61,21.2,92,11.6,1012.3,11,18,163,0.0,0,21.4,0
2026-02-27 16:26:44,1,61,21.2,92,11.6,1012.2,10,14,247,0.0,0,20.6,0
2026-02-27 16:27:45,1,61,21.2,92,11.6,1012.2,13,21,154,0.0,0,19.6,0
2026-02-27 16:28:46,1,61,21.2,92,11.6,1012.2,11,21,153,0.0,0,18.0,0
2026-02-27 16:29:47,1,61,21.2,92,11.6,1012.2,16,20,213,0.0,0,17.0,0
2026-02-27 16:30:48,1,61,21.2,92,11.6,1012.1,7,20,199,0.0,0,16.3,0
2026-02-27 16:31:49,1,61,21.2,92,11.6,1012.2,13,16,171,0.0,0,16.1,0
2026-02-27 16:32:50,1,61,21.2,92,11.6,1012.3,12,16,204,0.0,0,15.2,0
2026-02-27 16:33:51,1,61,21.2,92,11.5,1012.3,9,16,191,0.0,0,14.1,0
2026-02-27 16:34:52,1,61,21.2,93,11.5,1012.3,14,16,170,0.0,0,12.8,0
2026-02-27 16:35:53,1,61,21.2,93,11.5,1012.3,7,18,252,0.0,0,12.1,0
2026-02-27 16:36:54,1,61,21.2,93,11.5,1012.3,10,11,169,0.0,0,11.4,0
2026-02-27 16:37:55,1,61,21.2,93,11.5,1012.2,10,16,184,0.0,0,10.8,0
2026-02-27 16:38:56,1,61,21.2,93,11.5,1012.2,11,16,193,0.0,0,10.4,0
2026-02-27 16:39:57,1,61,21.2,93,11.5,1012.2,10,14,146,0.0,0,10.5,0
2026-02-27 16:40:58,1,61,21.2,93,11.5,1012.4,8,12,139,0.0,0,10.2,0
2026-02-27 16:41:59,1,61,21.2,93,11.5,1012.2,15,18,216,0.0,0,10.2,0
2026-02-27 16:43:00,1,61,21.2,93,11.5,1012.3,18,25,209,0.0,0,9.9,0
2026-02-27 16:44:01,1,61,21.2,93,11.5,1012.3,12,25,273,0.0,0,9.5,0
2026-02-27 16:45:02,1,61,21.2,93,11.5,1012.4,14,16,138,0.0,0,9.0,0
2026-02-27 16:46:03,1,61,21.2,93,11.5,1012.4,12,16,195,0.0,0,8.7,0
2026-02-27 16:47:04,1,61,21.2,93,11.5,1012.3,10,14,240,0.0,0,8.2,0
2026-02-27 16:48:05,1,61,21.2,93,11.5,1012.3,11,18,147,0.0,0,7.4,0
2026-02-27 16:49:06,1,61,21.2,93,11.5,1012.3,6,18,238,0.0,0,6.8,0
2026-02-27 16:50:07,1,61,21.2,93,11.5,1012.4,10,12,266,0.0,0,6.2,0
2026-02-27 16:51:08,1,61,21.2,93,11.5,1012.3,11,16,235,0.0,0,5.8,0
2026-02-27 16:52:09,1,61,21.2,93,11.5,1012.3,17,20,217,0.0,0,5.6,0
2026-02-27 16:53:10,1,61,21.2,93,11.5,1012.3,9,20,174,0.0,0,5.6,0
2026-02-27 16:54:11,1,61,21.2,93,11.5,1012.4,10,16,222,0.0,0,5.5,0
2026-02-27 16:55:12,1,61,21.2,93,11.5,1012.5,17,23,242,0.0,0,5.2,0
2026-02-27 16:56:13,1,61,21.2,93,11.5,1012.5,12,20,119,0.0,0,4.8,0
2026-02-27 16:57:14,1,61,21.2,93,11.5,1012.4,8,16,250,0.0,0,4.5,0
2026-02-27 16:58:15,1,61,21.2,93,11.5,1012.4,7,14,215,0.0,0,4.1,0
2026-02-27 16:59:16,1,61,21.2,93,11.5,1012.2,10,14,177,0.0,0,4.0,0
2026-02-27 17:00:17,1,61,21.2,93,11.5,1012.6,11,14,193,0.0,0,3.9,0
2026-02-27 17:01:18,1,61,21.2,93,11.5,1012.4,12,14,192,0.0,0,3.7,0
2026-02-27 17:02:19,1,61,21.2,93,11.5,1012.4,11,16,234,0.0,0,3.6,0
2026-02-27 17:03:20,1,61,21.2,94,11.5,1012.4,10,20,236,0.0,0,3.4,0
2026-02-27 17:04:21,1,61,21.2,93,11.5,1012.5,11,20,251,0.0,0,3.1,0
2026-02-27 17:05:22,1,61,21.2,93,11.5,1012.3,9,20,253,0.0,0,2.8,0
2026-02-27 17:06:23,1,61,21.2,93,11.5,1012.4,10,12,202,0.0,0,2.3,0
2026-02-27 17:07:24,1,61,21.2,93,11.5,1012.3,12,16,194,0.0,0,2.4,0
2026-02-27 17:08:25,1,61,21.2,93,11.5,1012.5,10,16,264,0.0,0,2.3,0
2026-02-27 17:09:26,1,61,21.2,93,11.5,1012.4,10,12,219,0.0,0,2.2,0
2026-02-27 17:10:27,1,61,21.2,93,11.5,1012.4,8,14,192,0.0,0,2.0,0
2026-02-27 17:11:28,1,61,21.2,93,11.5,1012.3,12,18,244,0.0,0,1.9,0
2026-02-27 17:12:29,1,61,21.2,93,11.5,1012.5,14,18,140,0.0,0,1.7,0
2026-02-27 17:13:30,1,61,21.2,93,11.5,1012.1,14,20,221,0.0,0,1.7,0
2026-02-27 17:14:31,1,61,21.2,93,11.5,1012.3,14,23,228,0.0,0,1.6,0
2026-02-27 17:15:32,1,61,21.2,93,11.5,1012.3,7,23,190,0.0,0,1.5,0
2026-02-27 17:16:33,1,61,21.2,93,11.5,1012.3,11,14,218,0.0,0,1.3,0
2026-02-27 17:17:34,1,61,21.2,93,11.5,1012.4,9,14,210,0.0,0,1.1,0
2026-02-27 17:18:35,1,61,21.2,93,11.5,1012.2,19,23,194,0.0,0,1.1,0
2026-02-27 17:19:36,1,61,21.2,93,11.5,1012.4,15,23,268,0.0,0,1.1,0
2026-02-27 17:20:37,1,61,21.2,93,11.5,1012.3,16,20,183,0.0,0,1.0,0
2026-02-27 17:21:38,1,61,21.2,93,11.5,1012.4,9,20,180,0.0,0,0.9,0
2026-02-27 17:22:39,1,61,21.2,93,11.5,1012.3,16,20,261,0.0,0,0.8,0
2026-02-27 17:23:40,1,61,21.2,93,11.5,1012.2,12,20,210,0.0,0,0.7,0
2026-02-27 17:24:41,1,61,21.2,93,11.5,1012.3,18,27,199,0.0,0,0.7,0
2026-02-27 17:25:42,1,61,21.2,93,11.5,1012.2,14,27,177,0.0,0,0.6,0
2026-02-27 17:26:43,1,61,21.2,93,11.5,1012.3,7,18,213,0.0,0,0.5,0
2026-02-27 17:27:44,1,61,21.2,93,11.5,1012.3,8,16,227,0.0,0,0.5,0
2026-02-27 17:28:45,1,61,21.2,93,11.5,1012.3,7,14,181,0.0,0,0.4,0
2026-02-27 17:29:46,1,61,21.2,93,11.5,1012.5,10,18,221,0.0,0,0.4,0
2026-02-27 17:30:47,1,61,21.2,93,11.5,1012.3,13,20,182,0.0,0,0.3,0
2026-02-27 17:31:48,1,61,21.2,93,11.5,1012.3,7,20,253,0.0,0,0.3,0
2026-02-27 17:32:49,1,61,21.2,93,11.5,1012.3,11,16,203,0.0,0,0.2,0
2026-02-27 17:33:50,1,61,21.2,93,11.5,1012.5,10,18,211,0.0,0,0.2,0
2026-02-27 17:34:51,1,61,21.2,93,11.5,1012.4,10,18,203,0.0,0,0.2,0
2026-02-27 17:35:52,1,61,21.2,93,11.5,1012.4,11,20,236,0.0,0,0.2,0
2026-02-27 17:36:53,1,61,21.2,93,11.5,1012.4,15,16,201,0.0,0,0.1,0
2026-02-27 17:37:54,1,61,21.2,93,11.5,1012.2,10,23,193,0.0,0,0.1,0
2026-02-27 17:38:55,1,61,21.2,93,11.5,1012.3,12,25,127,0.0,0,0.1,0
2026-02-27 17:39:56,1,61,21.2,93,11.5,1012.4,11,25,226,0.0,0,0.1,0
2026-02-27 17:40:57,1,61,21.3,93,11.5,1012.3,11,21,198,0.0,0,0.1,0
2026-02-27 17:41:58,1,61,21.2,93,11.5,1012.5,12,16,321,0.0,0,0.1,0
2026-02-27 17:42:59,1,61,21.2,93,11.5,1012.4,11,16,216,0.0,0,0.0,0
2026-02-27 17:44:00,1,61,21.2,93,11.5,1012.4,18,27,211,0.0,0,0.0,0
2026-02-27 17:45:01,1,61,21.2,93,11.5,1012.3,8,27,220,0.0,0,0.0,0
2026-02-27 17:46:02,1,61,21.2,93,11.6,1012.3,10,16,201,0.0,0,0.0,0
2026-02-27 17:47:03,1,61,21.2,93,11.6,1012.3,16,20,219,0.0,0,0.0,0
2026-02-27 17:48:04,1,61,21.3,93,11.6,1012.4,16,23,117,0.0,0,0.0,0
2026-02-27 17:49:06,1,61,21.2,93,11.6,1012.3,7,23,126,0.0,0,0.0,0
2026-02-27 17:50:07,1,61,21.2,92,11.6,1012.5,14,18,199,0.0,0,0.0,0
2026-02-27 17:51:08,1,61,21.2,92,11.6,1012.5,6,18,228,0.0,0,0.0,0
2026-02-27 17:52:09,1,61,21.2,93,11.6,1012.4,11,14,126,0.0,0,0.0,0
2026-02-27 17:53:10,1,61,21.3,93,11.6,1012.4,12,16,230,0.0,0,0.0,0
2026-02-27 17:54:11,1,61,21.3,93,11.6,1012.4,12,16,202,0.0,0,0.0,0
2026-02-27 17:55:12,1,61,21.3,93,11.6,1012.2,12,18,227,0.0,0,0.0,0
2026-02-27 17:56:13,1,61,21.3,93,11.6,1012.4,7,18,225,0.0,0,0.0,0
2026-02-27 17:57:14,1,61,21.2,93,11.6,1012.4,12,18,223,0.0,0,0.0,0
2026-02-27 17:58:15,1,61,21.3,93,11.6,1012.3,12,20,237,0.0,0,0.0,0
2026-02-27 17:59:16,1,61,21.3,92,11.6,1012.3,7,14,244,0.0,0,0.0,0
2026-02-27 18:00:17,1,61,21.2,92,11.6,1012.5,9,12,230,0.0,0,0.0,0
2026-02-27 18:01:18,1,61,21.3,92,11.6,1012.3,14,18,212,0.0,0,0.0,0
2026-02-27 18:02:19,1,61,21.3,92,11.6,1012.6,9,18,212,0.0,0,0.0,0
2026-02-27 18:03:20,1,61,21.2,92,11.6,1012.3,11,16,184,0.0,0,0.0,0
2026-02-27 18:04:21,1,61,21.3,92,11.6,1012.2,11,16,160,0.0,0,0.0,0
2026-02-27 18:05:22,1,61,21.3,92,11.6,1012.4,9,14,198,0.0,0,0.0,0
2026-02-27 18:06:23,1,61,21.3,92,11.6,1012.4,9,16,192,0.0,0,0.0,0
2026-02-27 18:07:24,1,61,21.2,92,11.6,1012.2,11,16,148,0.0,0,0.0,0
2026-02-27 18:08:25,1,61,21.3,92,11.6,1012.4,3,16,256,0.0,0,0.0,0
2026-02-27 18:09:26,1,61,21.3,92,11.6,1012.4,9,12,218,0.0,0,0.0,0
2026-02-27 18:10:27,1,61,21.3,92,11.6,1012.4,5,12,103,0.0,0,0.0,0
2026-02-27 18:11:28,1,61,21.3,92,11.6,1012.2,10,12,164,0.0,0,0.0,0
2026-02-27 18:12:29,1,61,21.3,92,11.5,1012.4,11,14,163,0.0,0,0.0,0
2026-02-27 18:13:30,1,61,21.3,92,11.5,1012.2,10,14,206,0.0,0,0.0,0
2026-02-27 18:14:31,1,61,21.3,92,11.6,1012.3,11,16,191,0.0,0,0.0,0
2026-02-27 18:15:32,1,61,21.3,92,11.6,1012.4,6,16,218,0.0,0,0.0,0
2026-02-27 18:16:33,1,61,21.3,92,11.6,1012.4,8,12,200,0.0,0,0.0,0
2026-02-27 18:17:34,1,61,21.3,92,11.6,1012.3,10,12,254,0.0,0,0.0,0
2026-02-27 18:18:35,1,61,21.3,92,11.6,1012.4,8,12,168,0.0,0,0.0,0
2026-02-27 18:19:36,1,61,21.3,92,11.6,1012.3,12,16,217,0.0,0,0.0,0
2026-02-27 18:20:37,1,61,21.3,92,11.6,1012.3,9,16,214,0.0,0,0.0,0
2026-02-27 18:21:38,1,61,21.3,92,11.6,1012.3,13,18,245,0.0,0,0.0,0
2026-02-27 18:22:39,1,61,21.3,92,11.6,1012.4,8,18,233,0.0,0,0.0,0
2026-02-27 18:23:40,1,61,21.3,92,11.6,1012.5,10,12,235,0.0,0,0.0,0
2026-02-27 18:24:41,1,61,21.3,92,11.6,1012.4,14,23,115,0.0,0,0.0,0
2026-02-27 18:25:42,1,61,21.3,92,11.6,1012.3,8,23,166,0.0,0,0.0,0
2026-02-27 18:26:43,1,61,21.3,92,11.6,1012.2,9,14,237,0.0,0,0.0,0
2026-02-27 18:27:44,1,61,21.3,92,11.6,1012.2,15,18,213,0.0,0,0.0,0
2026-02-27 18:28:45,1,61,21.3,92,11.6,1012.3,9,18,212,0.0,0,0.0,0
2026-02-27 18:29:46,1,61,21.3,92,11.7,1012.4,17,20,200,0.0,0,0.0,0
2026-02-27 18:30:47,1,61,21.2,92,11.7,1012.4,9,21,185,0.0,0,0.0,0
2026-02-27 18:31:48,1,61,21.2,92,11.7,1012.5,14,16,190,0.0,0,0.0,0
2026-02-27 18:32:49,1,61,21.3,92,11.7,1012.3,14,18,216,0.0,0,0.0,0
2026-02-27 18:33:50,1,61,21.3,92,11.7,1012.5,11,23,194,0.0,0,0.0,0
2026-02-27 18:34:51,1,61,21.3,92,11.7,1012.3,21,27,205,0.0,0,0.0,0
2026-02-27 18:35:52,1,61,21.3,92,11.7,1012.3,14,27,236,0.0,0,0.0,0
2026-02-27 18:36:53,1,61,21.3,92,11.7,1012.4,16,21,238,0.0,0,0.0,0
2026-02-27 18:37:54,1,61,21.3,92,11.8,1012.4,13,25,236,0.0,0,0.0,0
2026-02-27 18:38:55,1,61,21.3,92,11.8,1012.1,12,20,202,0.0,0,0.0,0
2026-02-27 18:39:56,1,61,21.3,92,11.8,1012.4,16,21,202,0.0,0,0.0,0
2026-02-27 18:40:57,1,61,21.3,92,11.8,1012.2,8,21,113,0.0,0,0.0,0
2026-02-27 18:41:58,1,61,21.3,92,11.8,1012.4,15,20,207,0.0,0,0.0,0
2026-02-27 18:42:59,1,61,21.3,92,11.8,1012.4,13,23,128,0.0,0,0.0,0
2026-02-27 18:44:00,1,61,21.3,92,11.7,1012.4,10,23,247,0.0,0,0.0,0
2026-02-27 18:45:01,1,61,21.3,92,11.7,1012.4,14,23,193,0.0,0,0.0,0
2026-02-27 18:46:02,1,61,21.3,92,11.7,1012.4,12,18,229,0.0,0,0.0,0
2026-02-27 18:47:03,1,61,21.3,92,11.7,1012.3,19,23,171,0.0,0,0.0,0
2026-02-27 18:48:04,1,61,21.3,92,11.7,1012.4,10,23,161,0.0,0,0.0,0
2026-02-27 18:49:05,1,61,21.3,92,11.7,1012.4,15,20,192,0.0,0,0.0,0
2026-02-27 18:50:06,1,61,21.3,92,11.7,1012.4,8,21,256,0.0,0,0.0,0
2026-02-27 18:51:07,1,61,21.3,93,11.6,1012.3,10,27,196,0.0,0,0.0,0
2026-02-27 18:52:08,1,61,21.3,93,11.6,1012.3,8,27,90,0.0,0,0.0,0
2026-02-27 18:53:09,1,61,21.3,93,11.5,1012.3,16,23,195,0.0,0,0.0,0
2026-02-27 18:54:10,1,61,21.3,93,11.5,1012.3,14,23,179,0.0,0,0.0,0
2026-02-27 18:55:11,1,61,21.3,94,11.5,1012.3,11,23,243,0.0,0,0.0,0
2026-02-27 18:56:12,1,61,21.2,94,11.5,1012.3,12,20,169,0.0,0,0.0,0
2026-02-27 18:57:13,1,61,21.3,94,11.4,1012.4,13,21,311,0.0,0,0.0,0
2026-02-27 18:58:14,1,61,21.3,94,11.4,1012.4,14,18,225,0.0,0,0.0,0
2026-02-27 18:59:15,1,61,21.2,94,11.4,1012.3,15,27,162,0.0,0,0.0,0
2026-02-27 19:00:16,1,61,21.3,94,11.4,1012.2,14,23,163,0.0,0,0.0,0
2026-02-27 19:01:17,1,61,21.2,94,11.4,1012.2,9,20,147,0.0,0,0.0,0
2026-02-27 19:02:18,1,61,21.3,94,11.4,1012.3,10,18,241,0.0,0,0.0,0
2026-02-27 19:03:19,1,61,21.3,94,11.4,1012.4,9,18,191,0.0,0,0.0,0
2026-02-27 19:04:20,1,61,21.3,94,11.4,1012.3,7,18,211,0.0,0,0.0,0
2026-02-27 19:05:21,1,61,21.3,94,11.4,1012.2,8,16,225,0.0,0,0.0,0
2026-02-27 19:06:22,1,61,21.3,94,11.4,1012.0,15,18,187,0.0,0,0.0,0
2026-02-27 19:07:23,1,61,21.3,94,11.3,1012.4,13,21,187,0.0,0,0.0,0
2026-02-27 19:08:24,1,61,21.3,94,11.3,1012.4,9,21,190,0.0,0,0.0,0
2026-02-27 19:09:25,1,61,21.3,94,11.3,1012.3,11,14,174,0.0,0,0.0,0
2026-02-27 19:10:26,1,61,21.3,94,11.4,1012.4,10,16,236,0.0,0,0.0,0
2026-02-27 19:11:27,1,61,21.3,94,11.4,1012.3,11,16,176,0.0,0,0.0,0
2026-02-27 19:12:28,1,61,21.3,94,11.4,1012.3,11,16,161,0.0,0,0.0,0
2026-02-27 19:13:29,1,61,21.3,94,11.4,1012.2,8,14,210,0.0,0,0.0,0
2026-02-27 19:14:30,1,61,21.3,94,11.4,1012.3,11,16,98,0.0,0,0.0,0
2026-02-27 19:15:31,1,61,21.3,94,11.4,1012.4,10,16,186,0.0,0,0.0,0
2026-02-27 19:16:32,1,61,21.3,94,11.4,1012.3,6,16,192,0.0,0,0.0,0
2026-02-27 19:17:33,1,61,21.3,94,11.4,1012.2,8,14,228,0.0,0,0.0,0
2026-02-27 19:18:34,1,61,21.3,94,11.4,1012.3,9,14,214,0.0,0,0.0,0
2026-02-27 19:19:35,1,61,21.3,94,11.4,1012.4,11,16,142,0.0,0,0.0,0
2026-02-27 19:20:36,1,61,21.3,93,11.5,1012.4,14,16,201,0.0,0,0.0,0
2026-02-27 19:21:37,1,61,21.3,93,11.5,1012.1,8,16,186,0.0,0,0.0,0
2026-02-27 19:22:38,1,61,21.3,93,11.5,1012.1,7,16,191,0.0,0,0.0,0
2026-02-27 19:23:39,1,61,21.3,93,11.5,1012.2,12,16,217,0.0,0,0.0,0
2026-02-27 19:24:40,1,61,21.3,93,11.5,1012.2,12,16,242,0.0,0,0.0,0
2026-02-27 19:25:41,1,61,21.3,93,11.5,1012.1,12,20,235,0.0,0,0.0,0
2026-02-27 19:26:42,1,61,21.3,93,11.5,1012.0,9,20,209,0.0,0,0.0,0
2026-02-27 19:27:43,1,61,21.3,93,11.5,1012.1,10,16,254,0.0,0,0.0,0
2026-02-27 19:28:44,1,61,21.3,93,11.5,1012.3,14,20,184,0.0,0,0.0,0
2026-02-27 19:29:45,1,61,21.3,93,11.5,1012.4,11,20,237,0.0,0,0.0,0
2026-02-27 19:30:46,1,61,21.3,93,11.5,1012.2,8,14,153,0.0,0,0.0,0
2026-02-27 19:31:47,1,61,21.3,93,11.5,1012.3,12,14,214,0.0,0,0.0,0
2026-02-27 19:32:48,1,61,21.3,93,11.5,1012.2,14,16,188,0.0,0,0.0,0
2026-02-27 19:33:49,1,61,21.3,93,11.5,1012.2,11,18,255,0.0,0,0.0,0
2026-02-27 19:34:50,1,61,21.3,93,11.5,1012.2,7,18,158,0.0,0,0.0,0
2026-02-27 19:35:51,1,60,21.3,93,11.5,1012.1,11,14,174,0.0,0,0.0,0
2026-02-27 19:36:52,1,60,21.3,93,11.5,1012.2,10,14,195,0.0,0,0.0,0
2026-02-27 19:37:53,1,60,21.3,93,11.5,1012.4,10,14,194,0.0,0,0.0,0
2026-02-27 19:38:54,1,60,21.3,93,11.5,1012.3,13,16,215,0.0,0,0.0,0
2026-02-27 19:39:55,1,60,21.3,93,11.5,1012.0,11,18,211,0.0,0,0.0,0
2026-02-27 19:40:56,1,60,21.3,93,11.5,1012.2,11,18,170,0.0,0,0.0,0
2026-02-27 19:41:57,1,61,21.3,93,11.5,1012.1,13,18,184,0.0,0,0.0,0
2026-02-27 19:42:58,1,61,21.3,93,11.5,1012.1,14,18,205,0.0,0,0.0,0
2026-02-27 19:43:59,1,61,21.3,93,11.5,1012.3,8,18,176,0.0,0,0.0,0
2026-02-27 19:45:00,1,61,21.3,93,11.6,1012.4,9,18,259,0.0,0,0.0,0
2026-02-27 19:46:01,1,61,21.3,93,11.6,1012.4,14,18,206,0.0,0,0.0,0
2026-02-27 19:47:02,1,61,21.3,93,11.6,1012.3,11,18,220,0.0,0,0.0,0
2026-02-27 19:48:03,1,61,21.3,93,11.6,1012.3,12,14,165,0.0,0,0.0,0
2026-02-27 19:49:04,1,61,21.3,92,11.6,1012.2,13,14,159,0.0,0,0.0,0
2026-02-27 19:50:05,1,61,21.3,92,11.6,1012.3,8,14,154,0.0,0,0.0,0
2026-02-27 19:51:06,1,61,21.3,92,11.6,1012.2,12,14,225,0.0,0,0.0,0
2026-02-27 19:52:07,1,61,21.3,92,11.6,1012.3,14,18,206,0.0,0,0.0,0
2026-02-27 19:53:08,1,61,21.3,92,11.6,1012.3,8,18,233,0.0,0,0.0,0
2026-02-27 19:54:09,1,61,21.3,92,11.6,1012.3,14,16,215,0.0,0,0.0,0
2026-02-27 19:55:10,1,61,21.3,92,11.6,1012.4,11,16,188,0.0,0,0.0,0
2026-02-27 19:56:11,1,61,21.3,92,11.6,1012.1,17,20,148,0.0,0,0.0,0
2026-02-27 19:57:12,1,61,21.3,92,11.6,1012.3,10,20,112,0.0,0,0.0,0
2026-02-27 19:58:13,1,61,21.3,92,11.6,1012.4,9,14,230,0.0,0,0.0,0
2026-02-27 19:59:14,1,61,21.3,92,11.7,1012.2,12,14,138,0.0,0,0.0,0
2026-02-27 20:00:15,1,61,21.3,92,11.7,1012.3,9,20,183,0.0,0,0.0,0
2026-02-27 20:01:16,1,61,21.3,92,11.7,1012.4,9,14,203,0.0,0,0.0,0
2026-02-27 20:02:17,1,61,21.3,92,11.7,1012.2,7,14,199,0.0,0,0.0,0
2026-02-27 20:03:18,1,61,21.3,92,11.7,1012.3,6,11,199,0.0,0,0.0,0
2026-02-27 20:04:19,1,61,21.3,92,11.7,1012.4,5,14,178,0.0,0,0.0,0
2026-02-27 20:05:20,1,61,21.3,92,11.7,1012.3,10,12,207,0.0,0,0.0,0
2026-02-27 20:06:21,1,61,21.3,92,11.7,1012.2,7,16,197,0.0,0,0.0,0
2026-02-27 20:07:22,1,61,21.3,92,11.7,1012.2,6,12,242,0.0,0,0.0,0
2026-02-27 20:08:23,1,61,21.3,92,11.7,1012.3,11,12,207,0.0,0,0.0,0
2026-02-27 20:09:24,1,61,21.3,92,11.7,1012.4,12,14,179,0.0,0,0.0,0
2026-02-27 20:10:25,1,61,21.3,92,11.7,1012.2,10,23,226,0.0,0,0.0,0
2026-02-27 20:11:26,1,61,21.3,92,11.7,1012.4,6,14,211,0.0,0,0.0,0
2026-02-27 20:12:27,1,61,21.3,92,11.7,1012.4,9,12,184,0.0,0,0.0,0
2026-02-27 20:13:28,1,61,21.3,92,11.7,1012.4,10,12,163,0.0,0,0.0,0
2026-02-27 20:14:29,1,61,21.3,92,11.7,1012.5,8,16,279,0.0,0,0.0,0
2026-02-27 20:15:30,1,61,21.3,92,11.7,1012.3,11,20,226,0.0,0,0.0,0
2026-02-27 20:16:31,1,61,21.3,92,11.7,1012.2,8,20,206,0.0,0,0.0,0
2026-02-27 20:17:32,1,61,21.3,91,11.7,1012.5,8,14,162,0.0,0,0.0,0
2026-02-27 20:18:33,1,61,21.3,91,11.8,1012.5,11,16,149,0.0,0,0.0,0
2026-02-27 20:19:34,1,61,21.3,91,11.8,1012.6,9,16,163,0.0,0,0.0,0
2026-02-27 20:20:35,1,61,21.3,91,11.8,1012.3,8,16,201,0.0,0,0.0,0
2026-02-27 20:21:36,1,61,21.3,91,11.8,1012.2,11,16,175,0.0,0,0.0,0
2026-02-27 20:22:37,1,61,21.3,91,11.8,1012.5,10,16,200,0.0,0,0.0,0
2026-02-27 20:23:38,1,61,21.3,91,11.8,1012.4,9,14,217,0.0,0,0.0,0
2026-02-27 20:24:39,1,61,21.3,91,11.8,1012.4,11,12,182,0.0,0,0.0,0
2026-02-27 20:25:40,1,61,21.3,91,11.8,1012.2,12,21,181,0.0,0,0.0,0
2026-02-27 20:26:41,1,61,21.3,91,11.8,1012.4,13,21,176,0.0,0,0.0,0
2026-02-27 20:27:42,1,61,21.3,91,11.8,1012.3,19,23,191,0.0,0,0.0,0
2026-02-27 20:28:43,1,61,21.3,91,11.8,1012.4,14,23,230,0.0,0,0.0,0
2026-02-27 20:29:44,1,61,21.3,91,11.8,1012.3,13,21,222,0.0,0,0.0,0
2026-02-27 20:30:45,1,61,21.3,91,11.8,1012.4,11,31,234,0.0,0,0.0,0
2026-02-27 20:31:46,1,61,21.3,91,11.9,1012.2,11,31,171,0.0,0,0.0,0
2026-02-27 20:32:47,1,61,21.3,91,11.9,1012.4,14,18,186,0.0,0,0.0,0
2026-02-27 20:33:48,1,61,21.3,91,11.9,1012.3,15,21,220,0.0,0,0.0,0
2026-02-27 20:34:49,1,61,21.3,91,11.9,1012.3,16,25,186,0.0,0,0.0,0
2026-02-27 20:35:50,1,62,21.3,91,11.9,1012.4,13,23,214,0.0,0,0.0,0
2026-02-27 20:36:51,1,62,21.3,91,11.9,1012.4,7,16,197,0.0,0,0.0,0
2026-02-27 20:37:52,1,62,21.3,91,11.9,1012.5,15,20,221,0.0,0,0.0,0
2026-02-27 20:38:53,1,62,21.3,91,11.8,1012.4,14,21,203,0.0,0,0.0,0
2026-02-27 20:39:54,1,62,21.3,91,11.8,1012.5,11,16,239,0.0,0,0.0,0
2026-02-27 20:40:55,1,62,21.3,92,11.8,1012.3,13,21,200,0.0,0,0.0,0
2026-02-27 20:41:56,1,62,21.3,92,11.8,1012.5,18,23,181,0.0,0,0.0,0
2026-02-27 20:42:57,1,62,21.3,92,11.8,1012.3,8,23,134,0.0,0,0.0,0
2026-02-27 20:43:58,1,62,21.3,92,11.8,1012.4,11,18,196,0.0,0,0.0,0
2026-02-27 20:44:59,1,62,21.3,93,11.8,1012.3,22,23,140,0.0,0,0.0,0
2026-02-27 20:46:00,1,62,21.3,93,11.7,1012.2,13,23,213,0.0,0,0.0,0
2026-02-27 20:47:01,1,62,21.3,93,11.7,1012.5,13,21,164,0.0,0,0.0,0
2026-02-27 20:48:02,1,62,21.3,93,11.7,1012.5,15,23,154,0.0,0,0.0,0
2026-02-27 20:49:03,1,62,21.3,94,11.6,1012.3,9,23,198,0.0,0,0.0,0
2026-02-27 20:50:04,1,62,21.3,94,11.6,1012.5,12,20,192,0.0,0,0.0,0
2026-02-27 20:51:05,1,62,21.3,94,11.6,1012.3,11,20,114,0.0,0,0.0,0
2026-02-27 20:52:06,1,62,21.3,94,11.6,1012.3,15,18,180,0.0,0,0.0,0
2026-02-27 20:53:07,1,62,21.3,94,11.5,1012.3,16,21,244,0.0,0,0.0,0
2026-02-27 20:54:08,1,62,21.3,95,11.5,1012.4,10,21,151,0.0,0,0.0,0
2026-02-27 20:55:09,1,62,21.3,95,11.5,1012.2,11,14,206,0.0,0,0.0,0
2026-02-27 20:56:10,1,62,21.3,95,11.5,1012.4,6,14,220,0.0,0,0.0,0
2026-02-27 20:57:11,1,62,21.2,95,11.4,1012.4,15,18,216,0.0,0,0.0,0
2026-02-27 20:58:12,1,62,21.2,95,11.4,1012.4,7,18,183,0.0,0,0.0,0
2026-02-27 20:59:13,1,62,21.2,95,11.4,1012.5,8,18,142,0.0,0,0.0,0
2026-02-27 21:00:14,1,62,21.2,95,11.4,1012.5,12,16,262,0.0,0,0.0,0
2026-02-27 21:01:15,1,62,21.2,95,11.4,1012.4,11,16,250,0.0,0,0.0,0
2026-02-27 21:02:16,1,62,21.2,95,11.3,1012.6,8,14,175,0.0,0,0.0,0
2026-02-27 21:03:17,1,62,21.1,96,11.3,1012.5,11,14,185,0.0,0,0.0,0
2026-02-27 21:04:18,1,62,21.1,96,11.3,1012.5,15,18,175,0.0,0,0.0,0
2026-02-27 21:05:19,1,62,21.1,96,11.3,1012.4,9,18,253,0.0,0,0.0,0
2026-02-27 21:06:20,1,62,21.1,96,11.3,1012.5,7,14,235,0.0,0,0.0,0
2026-02-27 21:07:21,1,62,21.1,96,11.3,1012.5,9,12,205,0.0,0,0.0,0
2026-02-27 21:08:22,1,62,21.1,96,11.3,1012.6,8,14,170,0.0,0,0.0,0
2026-02-27 21:09:23,1,62,21.0,96,11.3,1012.5,11,14,174,0.0,0,0.0,0
2026-02-27 21:10:24,1,62,21.0,96,11.3,1012.4,9,14,156,0.0,0,0.0,0
2026-02-27 21:11:25,1,62,21.0,96,11.3,1012.5,11,16,205,0.0,0,0.0,0
2026-02-27 21:12:26,1,62,21.0,96,11.3,1012.2,10,16,199,0.0,0,0.0,0
2026-02-27 21:13:27,1,62,20.9,96,11.3,1012.4,8,16,208,0.0,0,0.0,0
2026-02-27 21:14:28,1,62,20.9,96,11.3,1012.5,7,11,193,0.0,0,0.0,0
2026-02-27 21:15:29,1,62,20.9,96,11.3,1012.2,10,18,149,0.0,0,0.0,0
2026-02-27 21:16:30,1,62,20.9,96,11.3,1012.5,7,18,209,0.0,0,0.0,0
2026-02-27 21:17:31,1,62,20.9,96,11.3,1012.4,8,16,205,0.0,0,0.0,0
2026-02-27 21:18:32,1,62,20.9,96,11.3,1012.4,7,16,216,0.0,0,0.0,0
2026-02-27 21:19:33,1,62,20.8,96,11.3,1012.3,8,14,194,0.0,0,0.0,0
2026-02-27 21:20:34,1,62,20.8,96,11.3,1012.3,11,14,162,0.0,0,0.0,0
2026-02-27 21:21:35,1,62,20.8,96,11.2,1012.4,7,14,182,0.0,0,0.0,0
2026-02-27 21:22:36,1,62,20.8,96,11.2,1012.4,7,16,208,0.0,0,0.0,0
2026-02-27 21:23:37,1,62,20.8,96,11.3,1012.3,7,14,228,0.0,0,0.0,0
2026-02-27 21:24:38,1,62,20.7,96,11.3,1012.2,5,14,184,0.0,0,0.0,0
2026-02-27 21:25:39,1,62,20.7,96,11.3,1012.1,6,9,260,0.0,0,0.0,0
2026-02-27 21:26:40,1,62,20.7,96,11.2,1012.2,5,11,149,0.0,0,0.0,0
2026-02-27 21:27:41,1,62,20.7,96,11.2,1012.1,5,11,132,0.0,0,0.0,0
2026-02-27 21:28:42,1,62,20.6,96,11.2,1012.3,7,11,230,0.0,0,0.0,0
2026-02-27 21:29:43,1,62,20.7,97,11.2,1012.2,7,11,181,0.0,0,0.0,0
2026-02-27 21:30:44,1,62,20.6,97,11.2,1012.2,9,11,146,0.0,0,0.0,0
2026-02-27 21:31:45,1,62,20.6,97,11.2,1012.2,6,11,172,0.0,0,0.0,0
2026-02-27 21:32:46,1,62,20.6,97,11.2,1012.3,11,12,176,0.0,0,0.0,0
2026-02-27 21:33:47,1,63,20.6,97,11.2,1012.3,3,12,206,0.0,0,0.0,0
2026-02-27 21:34:48,1,63,20.6,97,11.2,1012.1,6,11,174,0.0,0,0.0,0
2026-02-27 21:35:49,1,63,20.6,97,11.2,1012.3,4,11,217,0.0,0,0.0,0
2026-02-27 21:36:50,1,63,20.5,97,11.2,1012.3,6,9,129,0.0,0,0.0,0
2026-02-27 21:37:51,1,63,20.5,97,11.2,1012.2,9,12,198,0.0,0,0.0,0
2026-02-27 21:38:52,1,63,20.5,97,11.2,1012.3,8,12,195,0.0,0,0.0,0
2026-02-27 21:39:53,1,63,20.5,97,11.2,1012.3,10,14,149,0.0,0,0.0,0
2026-02-27 21:40:54,1,63,20.5,97,11.2,1012.2,12,16,179,0.0,0,0.0,0
2026-02-27 21:41:55,1,63,20.5,97,11.3,1012.3,7,16,145,0.0,0,0.0,0
2026-02-27 21:42:56,1,63,20.5,97,11.3,1012.2,9,16,171,0.0,0,0.0,0
2026-02-27 21:43:57,1,63,20.5,97,11.3,1012.3,12,16,213,0.0,0,0.0,0
2026-02-27 21:44:58,1,63,20.5,97,11.3,1012.3,7,14,223,0.0,0,0.0,0
2026-02-27 21:45:59,1,63,20.5,97,11.3,1012.3,8,14,203,0.0,0,0.0,0
2026-02-27 21:47:00,1,63,20.4,97,11.3,1012.3,9,12,184,0.0,0,0.0,0
2026-02-27 21:48:01,1,63,20.4,97,11.3,1012.3,16,18,182,0.0,0,0.0,0
2026-02-27 21:49:02,1,63,20.4,97,11.3,1012.3,8,18,186,0.0,0,0.0,0
2026-02-27 21:50:03,1,63,20.4,97,11.3,1012.3,11,16,201,0.0,0,0.0,0
2026-02-27 21:51:04,1,63,20.4,97,11.3,1012.4,11,21,193,0.0,0,0.0,0
2026-02-27 21:52:05,1,63,20.4,97,11.3,1012.2,8,21,221,0.0,0,0.0,0
2026-02-27 21:53:06,1,63,20.4,97,11.4,1012.3,11,16,143,0.0,0,0.0,0
2026-02-27 21:54:07,1,63,20.4,97,11.4,1012.2,14,16,177,0.0,0,0.0,0
2026-02-27 21:55:08,1,63,20.4,96,11.4,1012.2,16,18,210,0.0,0,0.0,0
2026-02-27 21:56:09,1,63,20.4,96,11.4,1012.1,14,18,166,0.0,0,0.0,0
2026-02-27 21:57:10,1,63,20.4,96,11.4,1012.2,14,16,168,0.0,0,0.0,0
2026-02-27 21:58:11,1,63,20.4,96,11.4,1012.1,10,16,213,0.0,0,0.0,0
2026-02-27 21:59:12,1,63,20.4,96,11.4,1012.3,16,20,193,0.0,0,0.0,0
2026-02-27 22:00:13,1,63,20.4,96,11.4,1012.2,8,20,216,0.0,0,0.0,0
2026-02-27 22:01:14,1,64,20.4,96,11.4,1012.3,9,18,218,0.0,0,0.0,0
2026-02-27 22:02:15,1,63,20.4,96,11.4,1012.3,9,21,146,0.0,0,0.0,0
2026-02-27 22:03:16,1,63,20.4,96,11.4,1012.2,12,14,174,0.0,0,0.0,0
2026-02-27 22:04:17,1,63,20.3,96,11.4,1012.2,11,14,138,0.0,0,0.0,0
2026-02-27 22:05:18,1,63,20.3,96,11.4,1012.2,9,16,217,0.0,0,0.0,0
2026-02-27 22:06:19,1,63,20.3,96,11.4,1012.1,15,20,167,0.0,0,0.0,0
2026-02-27 22:07:20,1,63,20.3,96,11.4,1012.2,10,18,190,0.0,0,0.0,0
2026-02-27 22:08:21,1,63,20.3,96,11.4,1012.2,14,18,156,0.0,0,0.0,0
2026-02-27 22:09:22,1,63,20.3,96,11.4,1012.1,10,18,140,0.0,0,0.0,0
2026-02-27 22:10:23,1,63,20.3,96,11.4,1012.1,14,16,225,0.0,0,0.0,0
2026-02-27 22:11:24,1,64,20.3,95,11.4,1012.1,8,16,212,0.0,0,0.0,0
2026-02-27 22:12:25,1,64,20.3,95,11.4,1012.4,9,14,185,0.0,0,0.0,0
2026-02-27 22:13:26,1,64,20.3,95,11.4,1012.1,14,16,184,0.0,0,0.0,0
2026-02-27 22:14:27,1,64,20.3,95,11.4,1012.1,8,16,210,0.0,0,0.0,0
2026-02-27 22:15:28,1,64,20.3,95,11.4,1012.2,7,12,119,0.0,0,0.0,0
2026-02-27 22:16:29,1,64,20.3,95,11.4,1012.2,7,12,159,0.0,0,0.0,0
2026-02-27 22:17:30,1,64,20.3,95,11.4,1012.1,9,11,239,0.0,0,0.0,0
2026-02-27 22:18:31,1,64,20.3,96,11.4,1012.2,10,25,182,0.0,0,0.0,0
2026-02-27 22:19:32,1,64,20.3,96,11.3,1012.3,12,16,209,0.0,0,0.0,0
2026-02-27 22:20:33,1,64,20.3,96,11.3,1012.2,10,14,182,0.0,0,0.0,0
2026-02-27 22:21:34,1,64,20.3,96,11.3,1012.2,7,12,182,0.0,0,0.0,0
2026-02-27 22:22:35,1,64,20.3,96,11.3,1012.2,10,12,182,0.0,0,0.0,0
2026-02-27 22:23:36,1,64,20.3,96,11.3,1012.2,16,20,215,0.0,0,0.0,0
2026-02-27 22:24:37,1,64,20.3,96,11.3,1012.2,9,20,193,0.0,0,0.0,0
2026-02-27 22:25:38,1,64,20.3,96,11.3,1012.1,6,14,157,0.0,0,0.0,0
2026-02-27 22:26:39,1,64,20.3,96,11.3,1012.1,6,12,201,0.0,0,0.0,0
2026-02-27 22:27:40,1,64,20.3,96,11.3,1012.1,12,14,134,0.0,0,0.0,0
2026-02-27 22:28:41,1,64,20.3,96,11.3,1012.1,10,18,149,0.0,0,0.0,0
2026-02-27 22:29:42,1,64,20.3,96,11.2,1012.2,13,18,185,0.0,0,0.0,0
2026-02-27 22:30:43,1,64,20.3,96,11.3,1012.2,11,16,189,0.0,0,0.0,0
2026-02-27 22:31:44,1,64,20.3,96,11.2,1012.2,9,14,161,0.0,0,0.0,0
2026-02-27 22:32:45,1,64,20.3,96,11.2,1012.2,10,18,335,0.0,0,0.0,0
2026-02-27 22:33:46,1,64,20.3,96,11.2,1012.1,10,18,252,0.0,0,0.0,0
2026-02-27 22:34:47,1,64,20.2,96,11.2,1012.2,9,14,161,0.0,0,0.0,0
2026-02-27 22:35:48,1,64,20.2,96,11.2,1012.0,10,16,238,0.0,0,0.0,0
2026-02-27 22:36:49,1,64,20.3,96,11.2,1012.2,11,16,271,0.0,0,0.0,0
2026-02-27 22:37:50,1,64,20.3,97,11.2,1012.3,14,14,264,0.0,0,0.0,0
2026-02-27 22:38:51,1,64,20.3,96,11.2,1012.3,12,18,249,0.0,0,0.0,0
2026-02-27 22:39:52,1,64,20.3,97,11.2,1012.1,10,18,190,0.0,0,0.0,0
2026-02-27 22:40:53,1,64,20.2,97,11.2,1012.2,11,14,119,0.0,0,0.0,0
2026-02-27 22:41:54,1,64,20.2,97,11.2,1012.2,8,14,162,0.0,0,0.0,0
2026-02-27 22:42:55,1,64,20.2,97,11.2,1012.2,8,14,182,0.0,0,0.0,0
2026-02-27 22:43:56,1,64,20.2,97,11.2,1012.2,8,14,173,0.0,0,0.0,0
2026-02-27 22:44:57,1,64,20.2,97,11.2,1012.0,14,18,166,0.0,0,0.0,0
2026-02-27 22:45:58,1,64,20.2,97,11.2,1012.1,9,18,164,0.0,0,0.0,0
2026-02-27 22:46:59,1,64,20.2,97,11.2,1012.2,7,12,179,0.0,0,0.0,0
2026-02-27 22:48:00,1,64,20.2,97,11.2,1012.0,17,23,286,0.0,0,0.0,0
2026-02-27 22:49:01,1,64,20.2,97,11.2,1012.1,8,23,170,0.0,0,0.0,0
2026-02-27 22:50:02,1,64,20.2,97,11.2,1012.1,9,11,220,0.0,0,0.0,0
2026-02-27 22:51:03,1,64,20.2,97,11.2,1012.1,9,16,137,0.0,0,0.0,0
2026-02-27 22:52:04,1,64,20.2,97,11.2,1011.9,12,16,197,0.0,0,0.0,0
2026-02-27 22:53:05,1,64,20.2,97,11.2,1012.1,8,16,213,0.0,0,0.0,0
2026-02-27 22:54:06,1,64,20.2,97,11.2,1012.0,10,16,177,0.0,0,0.0,0
2026-02-27 22:55:07,1,64,20.2,97,11.3,1012.1,12,14,207,0.0,0,0.0,0
2026-02-27 22:56:08,1,64,20.2,97,11.3,1012.3,9,14,175,0.0,0,0.0,0
2026-02-27 22:57:09,1,64,20.2,97,11.3,1012.1,11,14,236,0.0,0,0.0,0
2026-02-27 22:58:10,1,64,20.2,97,11.3,1012.2,14,16,223,0.0,0,0.0,0
2026-02-27 22:59:11,1,64,20.2,97,11.3,1012.1,11,16,225,0.0,0,0.0,0
2026-02-27 23:00:12,1,64,20.2,97,11.3,1012.0,8,23,188,0.0,0,0.0,0
2026-02-27 23:01:13,1,64,20.2,97,11.3,1012.1,15,23,163,0.0,0,0.0,0
2026-02-27 23:02:14,1,64,20.2,97,11.3,1012.0,10,20,244,0.0,0,0.0,0
2026-02-27 23:03:15,1,64,20.2,97,11.3,1012.0,11,14,197,0.0,0,0.0,0
2026-02-27 23:04:16,1,64,20.2,96,11.3,1012.1,7,14,238,0.0,0,0.0,0
2026-02-27 23:05:17,1,64,20.2,96,11.3,1011.9,11,14,212,0.0,0,0.0,0
2026-02-27 23:06:18,1,64,20.2,96,11.3,1012.1,7,14,134,0.0,0,0.0,0
2026-02-27 23:07:19,1,64,20.2,96,11.3,1012.1,8,11,199,0.0,0,0.0,0
2026-02-27 23:08:20,1,64,20.2,96,11.3,1012.1,5,11,234,0.0,0,0.0,0
2026-02-27 23:09:21,1,64,20.2,96,11.3,1012.2,7,11,140,0.0,0,0.0,0
2026-02-27 23:10:22,1,64,20.2,96,11.3,1012.1,15,18,191,0.0,0,0.0,0
2026-02-27 23:11:23,1,64,20.2,96,11.3,1012.1,10,18,232,0.0,0,0.0,0
2026-02-27 23:12:24,1,64,20.2,96,11.3,1012.1,15,18,183,0.0,0,0.0,0
2026-02-27 23:13:25,1,64,20.2,96,11.3,1012.2,9,18,186,0.0,0,0.0,0
2026-02-27 23:14:26,1,64,20.2,96,11.3,1012.2,9,16,208,0.0,0,0.0,0
2026-02-27 23:15:27,1,64,20.2,96,11.3,1012.2,11,14,193,0.0,0,0.0,0
2026-02-27 23:16:28,1,64,20.2,96,11.3,1012.1,9,12,227,0.0,0,0.0,0
2026-02-27 23:17:29,1,64,20.2,96,11.3,1012.2,17,20,205,0.0,0,0.0,0
2026-02-27 23:18:30,1,64,20.2,96,11.3,1012.0,9,20,214,0.0,0,0.0,0
2026-02-27 23:19:31,1,64,20.1,96,11.4,1012.1,9,14,199,0.0,0,0.0,0
2026-02-27 23:20:32,1,64,20.2,96,11.4,1012.0,9,14,286,0.0,0,0.0,0
2026-02-27 23:21:33,1,64,20.1,96,11.4,1012.4,10,12,248,0.0,0,0.0,0
2026-02-27 23:22:34,1,64,20.1,96,11.4,1012.1,14,18,248,0.0,0,0.0,0
2026-02-27 23:23:35,1,64,20.1,96,11.4,1012.3,16,20,241,0.0,0,0.0,0
2026-02-27 23:24:36,1,64,20.2,96,11.4,1012.1,7,21,157,0.0,0,0.0,0
2026-02-27 23:25:37,1,64,20.1,96,11.4,1012.1,16,18,204,0.0,0,0.0,0
2026-02-27 23:26:38,1,64,20.1,96,11.4,1012.1,14,20,203,0.0,0,0.0,0
2026-02-27 23:27:39,1,64,20.1,96,11.4,1012.1,10,20,191,0.0,0,0.0,0
2026-02-27 23:28:40,1,64,20.1,96,11.4,1012.1,11,16,164,0.0,0,0.0,0
2026-02-27 23:29:41,1,64,20.2,96,11.5,1012.2,6,18,217,0.0,0,0.0,0
2026-02-27 23:30:42,1,64,20.1,95,11.5,1012.1,8,18,144,0.0,0,0.0,0
2026-02-27 23:31:43,1,64,20.1,95,11.5,1012.1,14,18,193,0.0,0,0.0,0
2026-02-27 23:32:44,1,64,20.1,95,11.5,1012.2,9,16,199,0.0,0,0.0,0
2026-02-27 23:33:45,1,64,20.1,95,11.5,1012.2,7,14,178,0.0,0,0.0,0
2026-02-27 23:34:46,1,64,20.1,95,11.5,1012.1,10,21,213,0.0,0,0.0,0
2026-02-27 23:35:47,1,64,20.1,95,11.5,1012.1,9,21,137,0.0,0,0.0,0
2026-02-27 23:36:48,1,64,20.1,95,11.5,1012.3,16,21,226,0.0,0,0.0,0
2026-02-27 23:37:49,1,64,20.1,95,11.5,1012.1,11,20,201,0.0,0,0.0,0
2026-02-27 23:38:50,1,64,20.1,95,11.6,1012.2,14,20,158,0.0,0,0.0,0
2026-02-27 23:39:51,1,64,20.1,95,11.6,1012.3,7,18,173,0.0,0,0.0,0
2026-02-27 23:40:52,1,64,20.1,95,11.6,1012.2,23,29,213,0.0,0,0.0,0
2026-02-27 23:41:53,1,64,20.1,95,11.6,1012.2,16,29,202,0.0,0,0.0,0
2026-02-27 23:42:54,1,64,20.1,94,11.6,1012.1,14,25,159,0.0,0,0.0,0
2026-02-27 23:43:55,1,64,20.0,94,11.7,1012.3,9,18,310,0.0,0,0.0,0
2026-02-27 23:44:56,1,64,20.0,94,11.7,1012.2,7,18,200,0.0,0,0.0,0
2026-02-27 23:45:57,1,64,20.0,94,11.7,1012.2,11,18,202,0.0,0,0.0,0
2026-02-27 23:46:58,1,64,20.0,94,11.7,1012.2,12,16,246,0.0,0,0.0,0
2026-02-27 23:47:59,1,64,20.1,94,11.7,1012.3,14,16,179,0.0,0,0.0,0
2026-02-27 23:49:00,1,64,20.0,94,11.7,1012.3,8,16,220,0.0,0,0.0,0
2026-02-27 23:50:01,1,64,20.0,94,11.7,1012.3,11,18,152,0.0,0,0.0,0
2026-02-27 23:51:02,1,64,20.0,94,11.7,1012.2,14,20,176,0.0,0,0.0,0
2026-02-27 23:52:03,1,64,20.0,94,11.7,1012.2,11,20,180,0.0,0,0.0,0
2026-02-27 23:53:04,1,64,20.0,94,11.7,1012.1,12,14,179,0.0,0,0.0,0
2026-02-27 23:54:05,1,64,20.0,94,11.7,1012.1,7,16,169,0.0,0,0.0,0
2026-02-27 23:55:06,1,64,20.0,94,11.7,1012.4,10,16,206,0.0,0,0.0,0
2026-02-27 23:56:07,1,64,20.0,94,11.7,1012.1,9,14,254,0.0,0,0.0,0
2026-02-27 23:57:08,1,64,20.0,94,11.7,1012.3,12,18,188,0.0,0,0.0,0
2026-02-27 23:58:09,1,64,20.0,94,11.7,1012.1,10,18,233,0.0,0,0.0,0
2026-02-27 23:59:10,1,64,20.0,94,11.7,1012.0,6,18,199,0.0,0,0.0,0
