2024-11-19 00:03:01,5,52,14.9,97,5.7,1011.7,1.0,1.7,3,21.0,0
2024-11-19 00:08:01,5,52,14.9,98,5.7,1011.6,0.3,1.0,4,21.3,0
2024-11-19 00:13:01,5,52,14.9,98,5.7,1011.4,1.0,2.0,4,21.6,0
2024-11-19 00:18:01,5,52,14.9,98,5.7,1011.3,0.3,0.7,3,21.6,0
2024-11-19 00:23:01,5,52,14.9,98,5.8,1011.0,1.4,2.7,2,21.9,0
2024-11-19 00:28:01,5,52,14.9,98,5.8,1010.8,0.7,1.7,10,21.9,0
2024-11-19 00:33:01,5,52,14.9,99,5.8,1010.8,1.7,3.1,5,22.2,0
2024-11-19 00:38:01,5,53,14.9,99,5.8,1010.4,1.4,2.0,4,22.2,0
2024-11-19 00:43:01,5,53,14.9,99,5.8,1010.1,0.7,2.0,4,22.5,0
2024-11-19 00:48:01,5,53,14.9,99,5.9,1009.9,1.0,2.0,10,22.5,0
2024-11-19 00:53:01,5,53,14.9,99,5.9,1009.7,1.7,2.7,5,22.5,0
2024-11-19 00:58:01,5,53,14.9,99,5.9,1009.6,1.0,2.0,5,22.5,0
2024-11-19 01:03:01,5,53,14.9,99,5.9,1009.5,1.4,2.0,5,22.5,0
2024-11-19 01:08:01,5,53,14.9,99,5.9,1009.3,1.0,1.7,4,22.5,0
2024-11-19 01:13:01,5,53,14.9,99,5.9,1008.9,2.0,3.7,3,22.5,0
2024-11-19 01:18:01,5,54,14.9,99,5.9,1008.6,1.0,2.0,6,22.5,0
2024-11-19 01:23:01,5,54,14.9,99,5.9,1008.5,1.7,2.7,11,22.5,0
2024-11-19 01:28:01,5,54,14.9,99,5.9,1008.4,1.4,2.0,6,22.5,0
2024-11-19 01:33:01,5,54,14.9,99,5.9,1008.2,1.7,2.7,5,22.5,0
2024-11-19 01:38:01,5,54,14.9,99,5.9,1008.0,1.7,3.1,6,22.5,0
2024-11-19 01:43:01,5,54,14.9,99,5.9,1007.6,1.0,2.0,4,22.5,0
2024-11-19 01:48:01,5,54,14.4,99,5.9,1007.5,0.7,1.0,4,22.5,0
2024-11-19 01:53:01,5,54,14.4,99,5.9,1007.1,1.0,2.0,4,22.8,0
2024-11-19 01:58:01,5,54,14.4,99,5.9,1006.9,2.0,3.7,5,22.8,0
2024-11-19 02:03:01,5,54,14.4,99,5.9,1006.7,1.4,4.1,5,22.8,0
2024-11-19 02:08:01,5,54,14.4,99,5.8,1006.5,2.0,4.1,3,23.1,0
2024-11-19 02:13:01,5,54,14.4,99,5.8,1006.1,1.4,3.1,4,23.1,0
2024-11-19 02:18:01,5,54,14.4,99,5.8,1005.8,2.4,4.8,7,23.1,0
2024-11-19 02:23:01,5,54,14.4,99,5.8,1005.6,2.0,4.1,3,23.1,0
2024-11-19 02:28:01,5,54,14.4,99,5.8,1005.2,0.7,1.7,3,23.1,0
2024-11-19 02:33:01,5,54,14.4,99,5.8,1005.0,1.7,2.7,15,23.1,0
2024-11-19 02:38:01,5,54,14.4,99,5.8,1005.0,0.7,1.0,4,23.1,0
2024-11-19 02:43:01,5,54,14.4,99,5.8,1004.6,2.4,4.1,3,23.7,0
2024-11-19 02:48:01,5,54,14.4,99,5.8,1004.5,1.0,2.0,5,24.0,0
2024-11-19 02:53:01,5,54,14.4,99,5.8,1004.3,1.0,2.0,5,24.3,0
2024-11-19 02:58:01,5,54,14.4,99,5.8,1004.0,0.7,1.0,15,24.9,0
2024-11-19 03:03:01,5,54,14.4,99,5.9,1003.8,0.7,2.0,5,25.2,0
2024-11-19 03:08:01,5,54,14.4,99,5.9,1003.6,1.7,3.1,3,25.8,0
2024-11-19 03:13:01,5,54,14.4,99,5.9,1003.1,1.4,3.7,2,25.8,0
2024-11-19 03:18:01,5,54,14.4,99,5.9,1003.1,0.0,0.7,5,26.1,0
2024-11-19 03:23:01,5,54,14.4,99,6.0,1003.1,1.4,3.1,6,26.4,0
2024-11-19 03:28:01,5,54,14.4,99,6.0,1002.8,0.7,1.7,7,26.7,0
2024-11-19 03:33:01,5,54,14.4,99,6.0,1002.7,1.0,1.7,4,26.7,0
2024-11-19 03:38:01,5,55,14.4,99,6.1,1002.5,1.0,2.0,7,27.0,0
2024-11-19 03:43:01,5,55,14.4,99,6.1,1002.3,1.0,1.7,6,27.0,0
2024-11-19 03:48:01,5,55,14.4,99,6.2,1002.0,1.4,2.0,5,27.3,0
2024-11-19 03:53:01,5,55,14.4,99,6.2,1001.8,1.7,2.0,5,27.3,0
2024-11-19 03:58:01,5,55,14.4,99,6.3,1001.6,1.0,1.7,2,27.3,0
2024-11-19 04:03:01,5,55,14.4,99,6.4,1001.5,0.0,1.0,2,27.3,0
2024-11-19 04:08:01,5,55,14.4,99,6.5,1001.4,1.0,1.7,4,27.3,0
2024-11-19 04:13:01,5,56,14.4,99,6.6,1001.1,1.0,2.0,4,27.3,0
2024-11-19 04:18:01,5,56,14.4,99,6.7,1001.0,0.7,1.7,4,27.3,0
2024-11-19 04:23:01,5,56,14.4,99,6.7,1000.8,0.0,0.7,2,27.3,0
2024-11-19 04:28:01,5,56,14.4,99,6.9,1000.7,0.7,1.0,6,27.3,0
2024-11-19 04:33:01,5,57,14.4,99,6.9,1000.6,0.3,1.7,4,27.3,0
2024-11-19 04:38:01,5,57,14.4,99,7.0,1000.2,0.7,1.0,5,27.3,0
2024-11-19 04:43:01,5,57,14.4,99,7.1,1000.2,0.3,0.7,3,27.6,0
2024-11-19 04:48:01,5,57,14.4,99,7.3,1000.0,0.7,1.0,8,27.6,0
2024-11-19 04:53:01,5,58,14.4,99,7.4,999.8,1.0,1.7,8,27.6,0
2024-11-19 04:58:01,5,58,14.4,99,7.6,999.8,0.7,1.7,6,27.6,0
2024-11-19 05:03:01,5,58,14.4,99,7.8,999.8,1.0,2.0,9,27.6,0
2024-11-19 05:08:01,5,59,14.4,99,8.5,999.5,2.4,3.1,8,27.9,0
2024-11-19 05:13:01,5,59,14.4,99,8.9,999.2,2.0,3.1,9,27.9,0
2024-11-19 05:18:01,5,60,14.4,99,9.3,999.2,3.1,4.8,11,27.9,0
2024-11-19 05:23:01,5,60,14.4,99,9.7,999.1,3.1,4.8,10,27.9,0
2024-11-19 05:28:01,5,61,14.4,99,10.0,999.0,3.7,5.8,13,28.2,0
2024-11-19 05:33:01,5,61,14.4,99,10.2,998.9,2.7,4.1,12,28.2,0
2024-11-19 05:38:01,5,61,14.4,99,10.4,998.7,3.7,4.8,12,28.2,0
2024-11-19 05:43:01,5,62,14.9,99,10.6,998.6,3.1,4.8,0,28.2,0
2024-11-19 05:48:01,5,62,14.9,99,10.8,998.5,6.1,7.8,8,28.2,0
2024-11-19 05:53:01,5,62,14.9,99,10.9,998.3,4.8,7.8,12,28.2,0
2024-11-19 05:58:01,5,63,14.9,99,11.0,998.3,6.1,8.2,9,28.2,0
2024-11-19 06:03:01,5,63,14.9,99,11.0,998.4,5.1,6.8,10,28.2,0
2024-11-19 06:08:01,5,63,14.9,99,11.1,998.0,5.1,7.1,11,28.2,0
2024-11-19 06:13:01,5,63,14.9,99,11.2,998.1,4.4,7.8,15,28.2,0
2024-11-19 06:18:01,5,64,14.9,98,11.2,998.1,4.1,7.1,11,28.2,0
2024-11-19 06:23:01,5,64,14.9,97,11.4,998.3,3.7,6.1,13,28.2,0
2024-11-19 06:28:01,5,63,15.0,97,11.4,998.2,4.1,6.1,12,28.2,0
2024-11-19 06:33:01,5,63,15.0,97,11.4,998.3,4.8,6.1,12,28.5,0
2024-11-19 06:38:01,5,63,15.0,97,11.4,998.1,4.8,6.8,11,28.5,0
2024-11-19 06:43:01,5,63,15.0,96,11.4,998.3,6.5,9.2,12,28.5,0
2024-11-19 06:48:01,5,63,15.0,95,11.4,998.3,5.1,9.2,12,28.5,0
2024-11-19 06:53:01,5,63,15.1,95,11.3,998.4,2.0,4.1,11,28.5,0
2024-11-19 06:58:01,5,63,15.1,96,10.8,998.5,2.4,4.1,5,28.5,0
2024-11-19 07:03:01,5,63,15.1,95,10.7,998.6,3.7,5.1,13,28.5,0
2024-11-19 07:08:01,5,63,15.1,92,10.7,998.6,3.1,5.1,14,28.5,0
2024-11-19 07:13:01,5,63,15.1,92,10.6,998.5,4.4,9.9,12,28.5,0
2024-11-19 07:18:01,5,62,15.1,92,10.6,998.7,4.8,6.8,10,28.5,0
2024-11-19 07:23:01,5,62,15.2,92,10.6,998.6,3.7,6.1,12,28.5,0
2024-11-19 07:28:01,5,62,15.2,92,10.5,998.6,5.8,10.9,11,28.5,0
2024-11-19 07:33:01,5,62,15.2,92,10.4,998.9,6.1,9.2,14,28.5,0
2024-11-19 07:38:01,5,62,15.2,93,10.3,999.2,2.7,5.8,13,28.5,0
2024-11-19 07:43:01,5,62,15.2,93,8.2,999.4,1.7,3.1,3,28.5,0
2024-11-19 07:48:01,5,61,15.2,95,6.9,999.6,2.7,4.8,4,28.5,0
2024-11-19 07:53:01,5,61,15.2,96,6.3,999.7,2.0,3.1,1,28.5,0
2024-11-19 07:58:01,5,61,15.2,97,5.9,1000.0,1.0,2.0,0,28.5,0
2024-11-19 08:03:01,5,60,15.2,98,5.6,1000.1,2.0,3.1,15,28.5,0
2024-11-19 08:08:01,5,60,15.2,98,5.2,1000.1,1.7,3.1,1,28.5,0
2024-11-19 08:13:01,5,60,15.2,98,5.1,1000.1,2.0,3.7,1,28.5,0
2024-11-19 08:18:01,5,60,15.3,98,4.8,1000.0,3.1,4.1,1,28.5,0
2024-11-19 08:23:01,5,61,15.5,98,4.6,1000.1,2.4,4.1,14,28.5,0
2024-11-19 08:28:01,5,61,15.5,99,4.7,1000.2,1.7,3.1,2,28.5,0
2024-11-19 08:33:01,5,62,15.5,99,4.5,1000.2,1.4,3.7,2,28.5,0
2024-11-19 08:38:01,5,62,15.5,99,4.2,1000.1,1.4,3.7,4,28.5,0
2024-11-19 08:43:01,5,62,15.5,99,4.0,1000.2,3.1,4.1,2,28.5,0
2024-11-19 08:48:01,5,62,15.5,99,4.0,1000.1,1.4,2.7,1,28.5,0
2024-11-19 08:53:01,5,62,15.5,99,3.7,1000.1,2.0,2.7,1,28.5,0
2024-11-19 08:58:01,5,61,15.5,99,3.8,1000.2,2.0,3.1,2,28.5,0
2024-11-19 09:03:01,5,61,15.5,99,3.7,1000.2,1.7,3.1,3,28.5,0
2024-11-19 09:08:01,5,61,15.5,99,3.7,1000.2,0.3,1.7,1,28.5,0
2024-11-19 09:13:01,5,61,15.5,99,3.7,1000.3,1.0,3.7,2,28.5,0
2024-11-19 09:18:01,5,60,15.5,99,3.5,1000.5,1.7,3.1,1,28.5,0
2024-11-19 09:23:01,5,60,15.5,99,3.6,1000.4,1.7,2.7,3,28.5,0
2024-11-19 09:28:01,5,60,15.5,99,3.5,1000.6,2.7,4.8,0,28.5,0
2024-11-19 09:33:01,5,60,15.5,99,3.4,1000.7,2.7,4.8,3,28.5,0
2024-11-19 09:38:01,5,59,15.5,99,3.5,1000.6,2.4,4.1,1,28.5,0
2024-11-19 09:43:01,5,58,15.5,99,3.5,1000.7,1.7,3.7,1,28.5,0
2024-11-19 09:48:01,5,58,15.5,98,3.5,1000.8,2.0,3.7,0,28.5,0
2024-11-19 09:53:01,5,57,15.5,98,3.4,1000.6,2.4,3.7,1,28.5,0
2024-11-19 09:58:01,5,57,15.5,98,3.3,1000.7,2.0,4.1,2,28.5,0
2024-11-19 10:03:01,5,57,15.5,98,3.4,1000.6,2.7,3.7,0,28.5,0
2024-11-19 10:08:01,5,56,15.5,98,3.5,1000.7,1.4,3.1,1,28.5,0
2024-11-19 10:13:01,5,56,15.3,98,3.5,1000.8,1.4,3.1,2,28.5,0
2024-11-19 10:18:01,5,56,15.3,98,3.5,1000.6,1.0,2.0,1,28.5,0
2024-11-19 10:23:01,5,56,15.3,98,3.5,1000.6,2.4,3.7,0,28.5,0
2024-11-19 10:28:01,5,56,15.2,98,3.3,1000.6,2.7,3.7,0,28.8,0
2024-11-19 10:33:01,5,55,15.2,98,3.4,1000.6,1.4,2.0,0,28.8,0
2024-11-19 10:38:01,5,55,15.2,98,3.4,1000.7,1.4,2.7,2,28.8,0
2024-11-19 10:43:01,5,55,15.2,98,3.4,1000.8,1.7,2.7,1,28.8,0
2024-11-19 10:48:01,5,55,15.2,99,3.5,1000.8,1.0,2.0,3,29.1,0
2024-11-19 10:53:01,5,55,15.2,99,3.3,1000.9,2.0,3.1,1,29.1,0
2024-11-19 10:58:01,5,55,15.2,99,3.4,1000.9,1.7,2.7,0,29.1,0
2024-11-19 11:03:01,5,55,15.1,99,3.5,1001.0,1.0,2.0,2,29.1,0
2024-11-19 11:08:01,5,55,15.2,99,3.3,1000.9,2.0,3.7,0,29.1,0
2024-11-19 11:13:01,5,55,15.2,99,3.3,1000.9,1.4,3.1,2,29.4,0
2024-11-19 11:18:01,5,55,15.2,99,3.3,1001.0,1.4,2.0,2,29.4,0
2024-11-19 11:23:01,5,54,15.2,99,3.3,1001.0,1.4,2.0,2,29.4,0
2024-11-19 11:28:01,5,54,15.2,99,3.3,1001.1,2.0,3.1,1,29.7,0
2024-11-19 11:33:01,5,54,15.2,99,3.2,1001.0,1.4,2.7,15,29.7,0
2024-11-19 11:38:01,5,54,15.1,99,3.1,1001.1,2.4,4.8,15,30.0,0
2024-11-19 11:43:01,5,53,15.2,99,3.2,1000.9,0.7,1.7,2,30.0,0
2024-11-19 11:48:01,5,53,15.2,99,3.1,1001.0,2.4,3.7,1,30.0,0
2024-11-19 11:53:01,5,53,15.1,99,3.2,1001.0,0.7,1.7,1,30.0,0
2024-11-19 11:58:01,5,53,15.1,99,3.2,1000.9,1.0,2.7,1,30.3,0
2024-11-19 12:03:01,5,53,15.1,99,3.3,1000.9,0.7,1.7,2,30.3,0
2024-11-19 12:08:01,5,53,15.1,99,3.3,1001.0,1.0,1.7,1,30.3,0
2024-11-19 12:13:01,5,53,15.1,99,3.3,1001.1,1.4,2.7,2,30.3,0
2024-11-19 12:18:01,5,53,15.1,99,3.4,1001.0,1.0,1.7,3,30.6,0
2024-11-19 12:23:01,5,53,15.1,99,3.5,1001.1,1.0,3.7,15,30.6,0
2024-11-19 12:28:01,5,53,15.1,99,3.4,1000.9,1.0,2.0,2,30.6,0
2024-11-19 12:33:01,5,53,15.1,99,3.4,1001.1,1.7,2.0,1,30.6,0
2024-11-19 12:38:01,5,53,15.1,99,3.5,1001.3,1.0,2.0,2,30.6,0
2024-11-19 12:43:01,5,53,15.1,99,3.5,1001.2,1.4,2.7,0,30.6,0
2024-11-19 12:48:01,5,53,15.1,99,3.5,1001.4,2.0,3.1,0,30.6,0
2024-11-19 12:53:01,5,53,15.1,99,3.7,1001.4,1.4,2.7,1,30.6,0
2024-11-19 12:58:01,5,53,15.1,99,3.8,1001.5,0.7,1.7,1,30.6,0
2024-11-19 13:03:01,5,52,15.1,99,3.8,1001.5,1.4,2.7,15,30.6,0
2024-11-19 13:08:01,5,52,15.1,99,3.9,1001.4,1.0,2.0,1,30.6,0
2024-11-19 13:13:01,5,52,15.1,99,4.0,1001.6,0.7,1.7,1,30.6,0
2024-11-19 13:18:01,5,52,15.1,99,4.0,1001.6,1.4,2.7,2,30.6,0
2024-11-19 13:23:01,5,53,15.1,99,3.9,1001.8,0.7,1.0,2,30.6,0
2024-11-19 13:28:01,5,53,15.1,99,3.9,1001.7,1.0,3.1,1,30.6,0
2024-11-19 13:33:01,5,53,15.1,98,3.8,1001.8,2.0,3.7,1,30.6,0
2024-11-19 13:38:01,5,54,15.1,98,4.0,1001.7,1.4,2.0,14,30.6,0
2024-11-19 13:43:01,5,54,15.1,98,4.0,1002.0,0.7,1.7,2,30.6,0
2024-11-19 13:48:01,5,54,15.1,98,4.0,1002.0,1.0,2.7,15,30.6,0
2024-11-19 13:53:01,5,54,15.1,97,4.0,1001.9,1.0,2.0,0,30.6,0
2024-11-19 13:58:01,5,53,15.1,97,4.0,1002.0,1.0,1.7,2,30.6,0
2024-11-19 14:03:01,5,53,15.1,97,4.2,1002.1,0.3,1.0,1,30.6,0
2024-11-19 14:08:01,5,53,15.1,97,4.4,1002.3,0.7,1.0,15,30.6,0
2024-11-19 14:13:01,5,53,15.1,96,4.6,1002.4,0.7,1.7,1,30.6,0
2024-11-19 14:18:01,5,53,15.1,96,4.6,1002.3,1.4,2.7,1,30.6,0
2024-11-19 14:23:01,5,53,15.2,96,4.6,1002.2,0.7,1.0,13,30.6,0
2024-11-19 14:28:01,5,54,15.2,95,4.7,1002.2,0.3,1.0,1,30.6,0
2024-11-19 14:33:01,5,54,15.2,95,4.8,1002.2,0.3,1.0,0,30.6,0
2024-11-19 14:38:01,5,55,15.2,95,4.6,1002.3,1.4,2.7,0,30.6,0
2024-11-19 14:43:01,5,55,15.2,95,4.7,1002.3,0.7,1.0,15,30.6,0
2024-11-19 14:48:01,5,55,15.2,95,4.6,1002.4,1.7,3.1,15,30.6,0
2024-11-19 14:53:01,5,55,15.2,95,4.5,1002.5,0.7,1.7,1,30.6,0
2024-11-19 14:58:01,5,55,15.2,94,4.5,1002.6,1.7,2.7,0,30.6,0
2024-11-19 15:03:01,5,55,15.2,94,4.5,1002.8,1.0,2.0,15,30.6,0
2024-11-19 15:08:01,5,55,15.3,94,4.5,1002.6,1.0,1.7,15,30.6,0
2024-11-19 15:13:01,5,55,15.3,95,4.6,1002.6,0.0,0.7,0,30.6,0
2024-11-19 15:18:01,5,55,15.5,95,4.5,1002.7,0.3,1.0,0,30.6,0
2024-11-19 15:23:01,5,55,15.5,95,4.5,1002.6,0.0,0.7,15,30.6,0
2024-11-19 15:28:01,5,56,15.5,95,4.4,1002.7,0.3,0.7,15,30.6,0
2024-11-19 15:33:01,5,56,15.5,95,4.3,1002.8,1.0,1.7,15,30.6,0
2024-11-19 15:38:01,5,56,15.5,95,4.3,1002.9,0.0,0.0,13,30.6,0
2024-11-19 15:43:01,5,56,15.5,95,4.2,1002.7,0.0,0.0,0,30.6,0
2024-11-19 15:48:01,5,56,15.5,96,4.0,1002.8,0.0,0.0,15,30.6,0
2024-11-19 15:53:01,5,56,15.5,96,4.1,1002.9,0.0,0.7,14,30.6,0
2024-11-19 15:58:01,5,56,15.5,96,4.1,1002.9,1.0,1.7,15,30.6,0
2024-11-19 16:03:01,5,56,15.5,96,4.1,1003.1,0.3,1.0,14,30.6,0
2024-11-19 16:08:01,5,56,15.5,96,4.1,1003.1,0.3,0.7,14,30.6,0
2024-11-19 16:13:01,5,56,15.5,96,4.0,1003.1,0.0,0.7,14,30.6,0
2024-11-19 16:18:01,5,56,15.5,96,4.1,1003.3,0.3,0.7,12,30.6,0
2024-11-19 16:23:01,5,56,15.5,96,4.2,1003.2,0.3,0.7,13,30.6,0
2024-11-19 16:28:01,5,56,15.5,96,4.1,1003.2,0.7,1.0,13,30.6,0
2024-11-19 16:33:01,5,56,15.5,96,4.0,1003.3,0.7,1.0,13,30.6,0
2024-11-19 16:38:01,5,53,15.5,96,4.0,1003.6,0.7,1.0,14,30.6,0
2024-11-19 16:43:01,5,52,15.2,96,3.9,1003.7,0.7,1.7,14,30.6,0
2024-11-19 16:48:01,5,51,15.2,96,4.0,1003.8,1.0,1.7,13,30.6,0
2024-11-19 16:53:01,5,50,15.1,97,4.0,1004.0,0.3,0.7,14,30.6,0
2024-11-19 16:58:01,5,50,15.0,97,4.0,1004.1,0.7,1.0,13,30.6,0
2024-11-19 17:03:01,5,51,14.9,97,4.0,1004.2,0.3,0.7,12,30.6,0
2024-11-19 17:08:01,5,51,14.9,97,4.0,1004.2,0.7,1.7,14,30.6,0
2024-11-19 17:13:01,5,52,14.9,97,4.1,1004.2,0.7,1.0,13,30.6,0
2024-11-19 17:18:01,5,53,14.9,97,4.1,1004.2,0.7,1.0,14,30.6,0
2024-11-19 17:23:01,5,52,14.9,97,4.2,1004.3,0.0,0.7,14,30.6,0
2024-11-19 17:28:01,5,51,14.9,97,4.2,1004.2,0.7,1.0,13,30.6,0
2024-11-19 17:33:01,5,51,14.9,97,4.2,1004.2,0.7,1.7,13,30.6,0
2024-11-19 17:38:01,5,51,14.9,97,4.2,1004.3,0.7,1.0,14,30.6,0
2024-11-19 17:43:01,5,51,14.9,97,4.1,1004.3,0.3,0.7,14,30.6,0
2024-11-19 17:48:01,5,51,14.9,97,4.1,1004.4,0.0,0.7,15,30.6,0
2024-11-19 17:53:01,5,50,14.9,97,4.0,1004.5,0.0,0.7,14,30.6,0
2024-11-19 17:58:01,5,50,14.4,97,4.0,1004.6,0.7,1.0,14,30.6,0
2024-11-19 18:03:01,5,50,14.4,97,4.0,1004.7,0.7,1.0,13,30.6,0
2024-11-19 18:08:01,5,51,14.4,97,4.0,1004.8,0.3,0.7,15,30.6,0
2024-11-19 18:13:01,5,51,14.4,97,4.0,1004.8,1.0,1.7,14,30.6,0
2024-11-19 18:18:01,5,52,14.4,97,4.1,1004.8,1.4,2.0,15,30.6,0
2024-11-19 18:23:01,5,52,14.4,97,4.2,1004.8,0.7,1.7,13,30.6,0
2024-11-19 18:28:01,5,53,14.9,96,4.3,1005.1,1.4,2.7,15,30.6,0
2024-11-19 18:33:01,5,53,14.9,96,4.4,1005.0,0.3,1.7,0,30.6,0
2024-11-19 18:38:01,5,53,14.9,96,4.4,1005.1,1.0,2.7,0,30.6,0
2024-11-19 18:43:01,5,53,14.9,96,4.2,1005.1,0.7,1.7,3,30.6,0
2024-11-19 18:48:01,5,52,14.9,96,4.2,1005.0,0.7,1.7,0,30.9,0
2024-11-19 18:53:01,5,52,14.9,95,4.1,1005.0,1.7,3.1,1,30.9,0
2024-11-19 18:58:01,5,52,14.9,95,4.0,1005.1,1.0,1.7,1,30.9,0
2024-11-19 19:03:01,5,52,14.9,95,4.0,1004.9,1.0,1.7,2,30.9,0
2024-11-19 19:08:01,5,51,14.9,95,3.8,1004.9,0.7,1.0,1,30.9,0
2024-11-19 19:13:01,5,51,14.9,95,3.7,1004.9,1.4,2.0,1,30.9,0
2024-11-19 19:18:01,5,51,14.9,95,3.7,1005.1,0.3,1.0,2,30.9,0
2024-11-19 19:23:01,5,51,14.9,95,3.7,1005.0,0.3,0.7,0,30.9,0
2024-11-19 19:28:01,5,51,14.9,95,3.6,1005.2,0.0,0.0,0,30.9,0
2024-11-19 19:33:01,5,51,14.9,95,3.6,1005.3,0.0,0.0,0,30.9,0
2024-11-19 19:38:01,5,51,14.9,96,3.5,1005.3,0.3,0.7,14,30.9,0
2024-11-19 19:43:01,5,51,14.9,96,3.5,1005.1,0.7,0.7,15,30.9,0
2024-11-19 19:48:01,5,50,14.9,96,3.4,1005.2,1.0,1.7,13,30.9,0
2024-11-19 19:53:01,5,50,14.9,96,3.5,1005.3,0.0,0.7,14,30.9,0
2024-11-19 19:58:01,5,49,14.4,96,3.4,1005.4,0.0,0.0,1,30.9,0
2024-11-19 20:03:01,5,48,14.4,97,3.7,1005.4,1.0,1.7,9,30.9,0
2024-11-19 20:08:01,5,48,14.4,97,3.6,1005.3,1.0,1.7,12,30.9,0
2024-11-19 20:13:01,5,48,14.4,97,3.6,1005.7,0.7,1.0,13,30.9,0
2024-11-19 20:18:01,5,48,14.4,97,3.5,1005.8,0.7,1.0,14,30.9,0
2024-11-19 20:23:01,5,48,14.4,97,3.6,1006.0,0.7,1.0,15,30.9,0
2024-11-19 20:28:01,5,48,14.4,97,3.6,1005.9,0.0,0.0,0,30.9,0
2024-11-19 20:33:01,5,48,14.3,97,3.6,1005.9,0.0,0.0,0,30.9,0
2024-11-19 20:38:01,5,48,14.2,97,3.5,1006.1,0.0,0.0,0,30.9,0
2024-11-19 20:43:01,5,48,14.2,97,3.6,1006.2,0.0,0.0,0,30.9,0
2024-11-19 20:48:01,5,48,14.1,97,3.6,1006.2,0.0,0.0,1,30.9,0
2024-11-19 20:53:01,5,48,14.0,97,3.5,1006.4,0.3,0.7,14,30.9,0
2024-11-19 20:58:01,5,48,14.0,97,3.6,1006.5,0.7,0.7,13,30.9,0
2024-11-19 21:03:01,5,49,13.9,97,3.6,1006.5,0.3,0.7,13,30.9,0
2024-11-19 21:08:01,5,49,13.8,97,3.7,1006.5,1.0,2.0,11,30.9,0
2024-11-19 21:13:01,5,49,13.8,97,3.8,1006.6,1.4,1.7,11,30.9,0
2024-11-19 21:18:01,5,50,13.7,97,3.8,1006.5,1.0,1.7,9,30.9,0
2024-11-19 21:23:01,5,50,13.7,97,3.9,1006.6,1.0,1.7,9,30.9,0
2024-11-19 21:28:01,5,50,13.6,97,3.9,1006.7,1.4,2.0,12,30.9,0
2024-11-19 21:33:01,5,51,13.6,97,3.7,1006.7,0.7,1.0,12,30.9,0
2024-11-19 21:38:01,5,51,13.6,97,3.8,1006.9,0.7,1.0,11,30.9,0
2024-11-19 21:43:01,5,51,13.6,97,3.8,1006.8,2.4,2.7,12,30.9,0
2024-11-19 21:48:01,5,52,13.6,97,3.8,1006.7,1.4,2.7,11,30.9,0
2024-11-19 21:53:01,5,52,13.7,96,3.9,1006.7,1.7,2.0,11,30.9,0
2024-11-19 21:58:01,5,52,13.7,95,4.0,1006.7,1.0,1.7,9,30.9,0
2024-11-19 22:03:01,5,52,13.8,95,4.0,1006.7,1.0,1.7,10,30.9,0
2024-11-19 22:08:01,5,52,13.8,94,4.0,1006.6,1.0,1.7,9,30.9,0
2024-11-19 22:13:01,5,52,13.9,94,4.1,1006.8,0.7,1.0,11,30.9,0
2024-11-19 22:18:01,5,51,13.9,94,3.9,1006.9,0.7,1.0,13,30.9,0
2024-11-19 22:23:01,5,51,13.9,94,3.9,1007.0,1.0,2.0,0,30.9,0
2024-11-19 22:28:01,5,50,13.9,93,4.1,1007.3,2.7,5.1,13,30.9,0
2024-11-19 22:33:01,5,50,13.9,91,4.5,1007.4,1.0,2.7,14,30.9,0
2024-11-19 22:38:01,5,51,13.9,91,4.4,1007.4,1.0,2.0,0,30.9,0
2024-11-19 22:43:01,5,51,13.9,91,4.4,1007.5,1.7,3.1,0,30.9,0
2024-11-19 22:48:01,5,51,14.0,91,4.3,1007.2,0.7,1.0,0,31.2,0
2024-11-19 22:53:01,5,51,14.0,92,4.3,1007.5,1.0,1.7,15,31.2,0
2024-11-19 22:58:01,5,51,14.1,92,4.3,1007.6,1.7,2.7,14,31.2,0
2024-11-19 23:03:01,5,51,14.2,92,4.1,1007.3,1.4,2.7,0,31.5,0
2024-11-19 23:08:01,5,51,14.2,93,3.9,1007.3,1.4,2.7,13,31.5,0
2024-11-19 23:13:01,5,51,14.3,93,3.9,1007.5,1.0,1.7,13,31.5,0
2024-11-19 23:18:01,5,52,14.3,94,3.8,1007.4,0,0.7,12,31.5,0
2024-11-19 23:23:02,5,52,14.4,94,3.8,1007.4,0.3,1.0,12,31.5,0
2024-11-19 23:28:02,5,52,14.4,94,3.7,1007.2,0.7,1.0,12,31.5,0
2024-11-19 23:33:02,5,52,14.4,94,3.7,1007.0,1.4,1.7,9,31.5,0
2024-11-19 23:38:02,5,52,14.4,94,3.7,1006.9,1.4,1.7,10,31.5,0
2024-11-19 23:43:02,5,52,14.4,94,3.7,1007.1,1.0,1.7,11,31.5,0
2024-11-19 23:48:02,5,52,14.4,94,3.7,1007.1,1.0,2.0,11,31.5,0
2024-11-19 23:53:02,5,52,14.4,94,3.7,1007.4,2.4,3.1,12,31.5,0
2024-11-19 23:58:02,5,52,14.4,95,3.8,1007.6,2.7,4.1,12,31.8,0
