2024-11-25 00:03:52,5,55,17.3,66,17.0,1007.7,7.5,10.2,9,68.7,0
2024-11-25 00:08:52,5,55,17.3,66,17.0,1007.6,5.8,8.8,7,68.7,0
2024-11-25 00:13:52,5,55,17.3,66,16.9,1007.8,3.7,6.1,7,68.7,0
2024-11-25 00:18:52,5,55,17.4,66,16.9,1007.7,6.8,9.2,9,68.7,0
2024-11-25 00:23:52,5,55,17.4,66,17.0,1007.5,6.5,10.2,9,68.7,0
2024-11-25 00:28:52,5,55,17.4,66,16.8,1007.6,5.4,7.8,7,68.7,0
2024-11-25 00:33:52,5,55,17.4,65,17.0,1007.5,5.4,8.2,6,68.7,0
2024-11-25 00:38:52,5,55,17.4,65,16.9,1007.3,7.1,11.9,9,68.7,0
2024-11-25 00:43:52,5,55,17.4,65,16.9,1007.4,5.4,7.8,9,68.7,0
2024-11-25 00:48:52,5,55,17.4,66,16.8,1007.3,6.8,11.2,9,68.7,0
2024-11-25 00:53:52,5,55,17.4,65,16.8,1007.3,9.2,12.2,7,68.7,0
2024-11-25 00:58:52,5,55,17.4,66,16.7,1007.3,6.8,10.9,9,68.7,0
2024-11-25 01:03:52,5,54,17.4,65,16.8,1007.3,8.2,11.9,9,68.7,0
2024-11-25 01:08:52,5,54,17.4,65,16.8,1007.2,7.1,10.2,8,68.7,0
2024-11-25 01:13:52,5,54,17.4,65,16.8,1007.2,7.1,10.2,9,68.7,0
2024-11-25 01:18:52,5,54,17.4,65,16.7,1007.1,6.8,8.8,7,68.7,0
2024-11-25 01:23:52,5,54,17.4,65,16.7,1007.3,6.5,9.9,6,68.7,0
2024-11-25 01:28:52,5,54,17.4,65,16.7,1007.2,5.8,9.9,9,68.7,0
2024-11-25 01:33:52,5,54,17.4,65,16.7,1007.1,6.5,9.2,9,68.7,0
2024-11-25 01:38:52,5,54,17.3,65,16.6,1007.1,4.8,7.1,7,68.7,0
2024-11-25 01:43:52,5,54,17.3,65,16.7,1007.2,5.4,8.2,7,68.7,0
2024-11-25 01:48:52,5,54,17.4,64,16.8,1007.1,5.4,8.2,9,68.7,0
2024-11-25 01:53:52,5,54,17.4,64,16.8,1007.2,5.8,10.9,8,68.7,0
2024-11-25 01:58:52,5,54,17.4,65,16.7,1006.9,6.5,10.2,9,68.7,0
2024-11-25 02:03:52,5,54,17.4,65,16.6,1007.2,6.1,8.8,9,68.7,0
2024-11-25 02:08:52,5,54,17.4,64,16.8,1006.9,8.5,10.9,8,68.7,0
2024-11-25 02:13:52,5,54,17.4,64,16.8,1006.8,7.8,10.2,9,68.7,0
2024-11-25 02:18:52,5,54,17.4,65,16.6,1006.9,7.1,9.9,6,68.7,0
2024-11-25 02:23:52,5,54,17.4,65,16.6,1006.7,6.1,11.9,7,68.7,0
2024-11-25 02:28:52,5,54,17.4,66,16.5,1006.9,6.8,10.2,9,68.7,0
2024-11-25 02:33:52,5,54,17.4,66,16.6,1006.8,6.5,8.8,9,68.7,0
2024-11-25 02:38:52,5,54,17.4,67,16.4,1006.8,4.4,6.8,8,68.7,0
2024-11-25 02:43:52,5,54,17.4,66,16.6,1006.7,4.4,7.1,7,68.7,0
2024-11-25 02:48:52,5,54,17.4,66,16.7,1006.4,7.1,10.2,10,68.7,0
2024-11-25 02:53:52,5,54,17.3,66,16.7,1006.6,6.5,8.2,8,68.7,0
2024-11-25 02:58:52,5,54,17.3,66,16.6,1006.4,7.1,9.9,7,68.7,0
2024-11-25 03:03:52,5,54,17.3,65,16.7,1006.6,6.8,11.2,8,68.7,0
2024-11-25 03:08:52,5,54,17.3,65,16.7,1006.3,7.5,10.2,10,68.7,0
2024-11-25 03:13:52,5,54,17.4,65,16.8,1006.3,7.5,10.2,9,68.7,0
2024-11-25 03:18:52,5,54,17.4,65,16.8,1006.2,7.8,11.9,11,68.7,0
2024-11-25 03:23:52,5,54,17.4,65,16.7,1006.2,5.8,7.8,10,68.7,0
2024-11-25 03:28:52,5,54,17.4,65,16.7,1006.2,6.1,9.2,10,68.7,0
2024-11-25 03:33:52,5,54,17.4,65,16.8,1006.0,6.5,9.9,9,68.7,0
2024-11-25 03:38:52,5,54,17.4,64,16.9,1005.8,8.2,11.2,7,68.7,0
2024-11-25 03:43:52,5,54,17.4,65,16.8,1005.9,6.1,7.8,9,68.7,0
2024-11-25 03:48:52,5,54,17.4,65,16.9,1005.7,7.5,11.2,10,68.7,0
2024-11-25 03:53:52,5,54,17.4,66,16.6,1005.9,5.4,8.8,5,68.7,0
2024-11-25 03:58:52,5,54,17.4,66,16.7,1005.9,5.4,8.2,6,68.7,0
2024-11-25 04:03:52,5,54,17.4,66,16.7,1006.0,7.1,10.2,6,68.7,0
2024-11-25 04:08:52,5,54,17.4,67,16.5,1005.9,5.1,7.8,6,68.7,0
2024-11-25 04:13:52,5,54,17.4,68,16.6,1005.8,7.1,12.9,9,68.7,0
2024-11-25 04:18:52,5,54,17.4,67,16.6,1005.7,7.1,10.2,6,68.7,0
2024-11-25 04:23:52,5,54,17.4,67,16.6,1005.7,6.5,9.9,6,68.7,0
2024-11-25 04:28:52,5,54,17.4,66,16.7,1005.6,6.5,11.2,6,68.7,0
2024-11-25 04:33:52,5,54,17.4,66,16.8,1005.5,6.5,11.2,10,68.7,0
2024-11-25 04:38:52,5,54,17.4,65,16.9,1005.6,7.5,10.2,8,68.7,0
2024-11-25 04:43:52,5,54,17.4,65,17.1,1005.5,9.9,12.9,8,68.7,0
2024-11-25 04:48:52,5,54,17.4,66,16.8,1005.5,5.1,8.2,8,68.7,0
2024-11-25 04:53:52,5,54,17.4,65,17.0,1005.6,6.5,8.2,7,68.7,0
2024-11-25 04:58:52,5,54,17.4,65,17.1,1005.5,8.2,12.9,9,68.7,0
2024-11-25 05:03:52,5,54,17.4,65,17.0,1005.3,7.8,11.9,9,68.7,0
2024-11-25 05:08:52,5,54,17.4,66,16.9,1005.4,5.8,7.8,8,68.7,0
2024-11-25 05:13:52,5,54,17.5,66,17.1,1005.2,7.8,11.2,8,68.7,0
2024-11-25 05:18:52,5,54,17.5,67,16.7,1005.5,5.4,8.2,7,68.7,0
2024-11-25 05:23:52,5,54,17.5,68,16.6,1005.6,5.4,9.2,9,68.7,0
2024-11-25 05:28:52,5,54,17.5,70,16.3,1005.3,6.8,10.9,7,68.7,0
2024-11-25 05:33:52,5,54,17.5,71,16.1,1005.5,5.1,7.8,7,68.7,0
2024-11-25 05:38:52,5,54,17.5,70,16.3,1005.3,7.5,10.2,9,68.7,0
2024-11-25 05:43:52,5,55,17.5,70,16.2,1005.3,6.8,10.2,6,68.7,0
2024-11-25 05:48:52,5,55,17.5,70,16.2,1005.3,6.8,10.2,10,68.7,0
2024-11-25 05:53:52,5,55,17.5,71,16.0,1005.3,5.8,9.2,9,68.7,0
2024-11-25 05:58:52,5,55,17.5,70,16.3,1005.4,6.8,10.2,8,68.7,0
2024-11-25 06:03:52,5,55,17.5,71,16.2,1005.2,7.1,9.9,8,68.7,0
2024-11-25 06:08:52,5,55,17.5,72,16.0,1005.3,5.1,8.2,9,68.7,0
2024-11-25 06:13:52,5,55,17.5,72,16.0,1005.2,4.4,7.8,5,68.7,0
2024-11-25 06:18:52,5,55,17.5,69,16.4,1005.2,6.5,9.2,10,68.7,0
2024-11-25 06:23:52,5,55,17.5,70,16.4,1005.1,6.1,9.9,9,68.7,0
2024-11-25 06:28:52,5,55,17.5,69,16.4,1005.2,7.1,8.2,8,68.7,0
2024-11-25 06:33:52,5,55,17.5,70,16.4,1005.4,5.1,6.8,9,68.7,0
2024-11-25 06:38:52,5,55,17.5,70,16.2,1005.3,4.8,6.1,9,68.7,0
2024-11-25 06:43:52,5,55,17.5,70,16.4,1005.4,6.1,8.8,9,68.7,0
2024-11-25 06:48:52,5,56,17.5,69,16.4,1005.4,5.8,8.2,8,68.7,0
2024-11-25 06:53:52,5,56,17.5,70,16.3,1005.4,5.8,8.8,9,68.7,0
2024-11-25 06:58:52,5,56,17.5,70,16.4,1005.3,6.5,9.9,7,68.7,0
2024-11-25 07:03:52,5,56,17.5,69,16.5,1005.5,6.1,10.2,8,68.7,0
2024-11-25 07:08:52,5,56,17.5,70,16.4,1005.4,4.4,6.1,10,68.7,0
2024-11-25 07:13:52,5,56,17.6,70,16.5,1005.4,7.5,10.2,10,68.7,0
2024-11-25 07:18:52,5,56,17.6,71,16.3,1005.4,6.1,8.2,8,68.7,0
2024-11-25 07:23:52,5,56,17.6,71,16.4,1005.4,5.4,8.2,8,68.7,0
2024-11-25 07:28:52,5,56,17.6,71,16.3,1005.4,5.8,7.8,8,68.7,0
2024-11-25 07:33:52,5,56,17.6,72,16.2,1005.4,4.1,6.1,11,68.7,0
2024-11-25 07:38:52,5,56,17.6,72,16.2,1005.6,4.8,6.8,7,68.7,0
2024-11-25 07:43:52,5,56,17.6,71,16.3,1005.7,6.1,8.8,7,68.7,0
2024-11-25 07:48:52,5,56,17.6,71,16.4,1005.8,8.5,11.9,7,68.7,0
2024-11-25 07:53:52,5,56,17.6,73,16.0,1006.0,5.8,8.2,7,68.7,0
2024-11-25 07:58:52,5,56,17.5,76,15.5,1006.5,4.1,6.1,15,68.7,0
2024-11-25 08:03:52,5,57,17.5,81,14.5,1006.6,4.8,7.8,12,68.7,0
2024-11-25 08:08:52,5,57,17.5,86,13.7,1006.6,2.7,5.8,12,68.7,0
2024-11-25 08:13:52,5,58,17.5,89,13.3,1006.7,2.0,4.1,13,68.7,0
2024-11-25 08:18:52,5,58,17.5,90,13.2,1007.1,1.0,2.7,14,68.7,0
2024-11-25 08:23:52,5,58,17.5,91,13.0,1006.9,2.4,5.1,11,68.7,0
2024-11-25 08:28:52,5,58,17.4,91,12.8,1006.9,1.4,3.1,13,68.7,0
2024-11-25 08:33:52,5,59,17.4,92,12.6,1007.0,1.7,2.7,15,68.7,0
2024-11-25 08:38:52,5,59,17.5,92,12.5,1007.1,1.7,3.1,12,68.7,0
2024-11-25 08:43:52,5,59,17.5,92,12.5,1007.0,1.7,3.1,14,68.7,0
2024-11-25 08:48:52,5,59,17.6,93,12.4,1007.0,1.7,2.0,11,68.7,0
2024-11-25 08:53:52,5,59,17.7,94,12.2,1007.1,3.1,4.1,12,68.7,0
2024-11-25 08:58:52,5,59,17.8,94,12.1,1007.0,2.0,3.1,11,68.7,0
2024-11-25 09:03:52,5,59,17.8,95,12.0,1006.9,1.4,2.7,12,68.7,0
2024-11-25 09:08:52,5,60,17.9,96,11.6,1007.0,3.4,5.1,12,68.7,0
2024-11-25 09:13:52,5,60,17.9,97,11.5,1007.0,2.0,3.7,12,69.0,0
2024-11-25 09:18:52,5,60,17.9,97,11.4,1006.9,1.7,2.7,11,69.0,0
2024-11-25 09:23:52,5,60,17.9,97,11.2,1007.0,1.4,3.1,11,69.3,0
2024-11-25 09:28:52,5,60,17.9,98,10.9,1007.1,3.7,5.1,11,69.6,0
2024-11-25 09:33:52,5,61,17.9,98,10.8,1007.3,4.4,5.8,11,69.6,0
2024-11-25 09:38:52,5,61,17.8,98,10.7,1007.3,4.4,6.1,12,69.6,0
2024-11-25 09:43:52,5,61,17.8,98,10.8,1007.6,4.1,5.8,11,69.9,0
2024-11-25 09:48:52,5,61,17.8,98,10.7,1007.7,2.7,4.1,9,69.9,0
2024-11-25 09:53:52,5,61,17.8,98,10.7,1007.7,2.7,4.1,9,69.9,0
2024-11-25 09:58:52,5,61,17.7,98,10.8,1007.8,2.7,3.7,10,69.9,0
2024-11-25 10:03:52,5,61,17.7,98,10.7,1007.8,2.4,3.7,10,69.9,0
2024-11-25 10:08:52,5,61,17.7,98,10.7,1007.8,3.4,4.8,11,70.2,0
2024-11-25 10:13:52,5,61,17.7,98,10.5,1008.0,4.1,6.1,11,70.2,0
2024-11-25 10:18:52,5,61,17.6,98,10.4,1008.1,4.4,6.8,10,70.2,0
2024-11-25 10:23:52,5,61,17.6,98,10.4,1008.0,5.1,7.8,11,70.5,0
2024-11-25 10:28:52,5,60,17.6,98,10.4,1008.2,2.4,3.7,11,70.5,0
2024-11-25 10:33:52,5,60,17.6,98,10.2,1008.1,3.7,4.8,10,70.5,0
2024-11-25 10:38:52,5,60,17.6,98,10.2,1008.0,2.7,4.1,12,70.5,0
2024-11-25 10:43:52,5,60,17.7,97,10.0,1008.1,4.8,6.8,12,70.5,0
2024-11-25 10:48:52,5,60,17.7,97,10.1,1008.1,3.1,4.1,0,70.5,0
2024-11-25 10:53:52,5,59,17.7,97,10.2,1008.1,3.1,4.8,10,70.5,0
2024-11-25 10:58:52,5,59,17.6,97,10.1,1008.2,3.1,4.1,11,70.5,0
2024-11-25 11:03:52,5,59,17.5,97,10.2,1008.3,1.4,2.0,11,70.5,0
2024-11-25 11:08:52,5,59,17.5,97,10.1,1008.3,2.7,4.8,12,70.5,0
2024-11-25 11:13:52,5,59,17.5,97,10.2,1008.4,2.0,3.1,11,70.5,0
2024-11-25 11:18:52,5,59,17.5,97,10.0,1008.5,3.4,4.8,11,70.5,0
2024-11-25 11:23:52,5,59,17.4,97,9.9,1008.6,2.7,4.1,10,70.8,0
2024-11-25 11:28:52,5,59,17.4,97,9.9,1008.7,2.4,4.1,8,70.8,0
2024-11-25 11:33:52,5,59,17.4,97,9.9,1008.7,3.7,5.1,10,70.8,0
2024-11-25 11:38:52,5,59,17.4,97,9.9,1008.9,2.7,3.7,12,70.8,0
2024-11-25 11:43:52,5,59,17.4,97,9.8,1008.7,2.7,4.1,9,71.1,0
2024-11-25 11:48:52,5,59,17.4,97,9.8,1008.7,2.4,3.1,7,71.1,0
2024-11-25 11:53:52,5,59,17.3,97,9.8,1008.8,2.4,3.1,9,71.1,0
2024-11-25 11:58:52,5,59,17.3,97,9.8,1009.0,3.1,4.8,7,71.1,0
2024-11-25 12:03:52,5,59,17.3,97,9.8,1009.0,3.1,4.1,9,71.4,0
2024-11-25 12:08:52,5,58,17.3,97,9.8,1009.0,3.4,4.1,12,71.4,0
2024-11-25 12:13:52,5,58,17.3,97,9.8,1008.9,3.1,4.8,10,71.4,0
2024-11-25 12:18:52,5,58,17.3,97,9.9,1008.9,2.0,3.1,10,71.4,0
2024-11-25 12:23:52,5,58,17.2,97,9.7,1008.6,2.7,3.7,9,71.4,0
2024-11-25 12:28:52,5,59,17.1,97,9.9,1008.7,2.0,2.7,10,71.4,0
2024-11-25 12:33:52,5,59,17.1,97,9.8,1008.8,2.7,4.8,8,71.4,0
2024-11-25 12:38:52,5,59,17.1,97,9.8,1008.8,2.4,3.1,9,71.4,0
2024-11-25 12:43:52,5,59,17.1,98,9.9,1009.0,2.4,3.1,10,71.7,0
2024-11-25 12:48:52,5,59,17.1,98,9.8,1009.0,3.4,4.1,10,71.7,0
2024-11-25 12:53:52,5,59,17.1,97,9.8,1009.2,3.7,5.1,8,71.7,0
2024-11-25 12:58:52,5,59,17.1,97,9.8,1009.1,3.7,4.8,11,71.7,0
2024-11-25 13:03:52,5,59,17.1,97,9.8,1009.2,2.7,3.7,9,71.7,0
2024-11-25 13:08:52,5,59,17.1,97,9.8,1009.5,3.4,5.1,10,71.7,0
2024-11-25 13:13:52,5,59,17.1,97,9.8,1009.6,4.1,6.8,9,71.7,0
2024-11-25 13:18:52,5,59,17.1,97,9.8,1009.7,3.7,5.1,8,72.0,0
2024-11-25 13:23:52,5,59,17.1,97,9.8,1009.8,4.1,5.8,10,72.0,0
2024-11-25 13:28:52,5,59,17.0,97,9.7,1010.0,4.4,5.8,9,72.0,0
2024-11-25 13:33:52,5,59,17.0,97,9.7,1009.9,3.7,6.1,8,72.0,0
2024-11-25 13:38:52,5,59,17.0,97,9.7,1009.9,3.7,4.8,10,72.0,0
2024-11-25 13:43:52,5,58,17.0,97,9.7,1010.1,3.1,3.7,8,72.0,0
2024-11-25 13:48:52,5,58,17.0,97,9.6,1009.9,3.7,6.8,7,72.0,0
2024-11-25 13:53:52,5,58,17.0,97,9.7,1009.9,3.4,4.8,8,72.0,0
2024-11-25 13:58:52,5,58,17.0,96,9.7,1010.0,2.7,3.7,8,72.0,0
2024-11-25 14:03:52,5,58,17.0,97,9.7,1010.3,3.7,5.1,11,72.0,0
2024-11-25 14:08:52,5,58,17.0,97,9.7,1010.4,3.1,4.1,7,72.0,0
2024-11-25 14:13:52,5,58,17.0,97,9.7,1010.7,2.7,3.7,12,72.0,0
2024-11-25 14:18:52,5,58,17.0,97,9.7,1010.7,3.4,5.1,8,72.0,0
2024-11-25 14:23:52,5,58,17.0,97,9.7,1010.6,2.7,3.7,7,72.0,0
2024-11-25 14:28:52,5,58,17.0,97,9.7,1010.6,3.4,4.1,9,72.0,0
2024-11-25 14:33:52,5,58,17.0,96,9.7,1011.0,3.1,4.1,7,72.0,0
2024-11-25 14:38:53,5,59,16.9,96,9.7,1010.9,3.4,4.8,9,72.0,0
2024-11-25 14:43:53,5,59,16.9,96,9.8,1010.9,3.1,4.1,9,72.0,0
2024-11-25 14:48:53,5,59,16.9,96,9.8,1011.1,4.1,6.1,8,72.0,0
2024-11-25 14:53:53,5,59,16.9,95,9.8,1011.1,3.7,5.1,8,72.0,0
2024-11-25 14:58:53,5,59,16.9,96,9.8,1011.4,3.7,5.8,8,72.0,0
2024-11-25 15:03:53,5,59,16.9,96,9.9,1011.5,2.7,4.1,8,72.0,0
2024-11-25 15:08:53,5,59,16.9,96,9.9,1011.7,2.4,3.7,9,72.0,0
2024-11-25 15:13:53,5,59,16.9,95,9.9,1011.7,3.4,4.8,14,72.0,0
2024-11-25 15:18:53,5,59,16.9,95,9.9,1011.5,4.1,5.8,11,72.0,0
2024-11-25 15:23:53,5,59,16.9,95,9.9,1011.7,4.4,7.1,11,72.0,0
2024-11-25 15:28:53,5,59,16.9,95,10.0,1011.7,3.1,4.1,7,72.0,0
2024-11-25 15:33:53,5,59,16.9,95,10.0,1011.8,4.8,7.1,9,72.0,0
2024-11-25 15:38:53,5,59,16.9,95,10.0,1011.9,4.4,8.2,10,72.0,0
2024-11-25 15:43:53,5,59,16.9,95,10.0,1012.1,4.1,8.8,8,72.0,0
2024-11-25 15:48:53,5,59,16.9,94,10.2,1011.9,4.1,6.1,9,72.0,0
2024-11-25 15:53:53,5,59,16.9,94,10.2,1012.1,4.4,6.8,12,72.0,0
2024-11-25 15:58:53,5,59,16.9,95,10.1,1012.2,4.1,7.8,11,72.0,0
2024-11-25 16:03:53,5,59,16.9,95,10.1,1012.3,3.1,4.8,11,72.0,0
2024-11-25 16:08:53,5,59,16.9,95,10.1,1012.3,3.4,4.1,10,72.0,0
2024-11-25 16:13:53,5,59,16.9,95,10.1,1012.5,4.4,6.8,8,72.0,0
2024-11-25 16:18:53,5,60,16.9,95,10.1,1012.5,3.4,4.8,8,72.0,0
2024-11-25 16:23:53,5,59,17.0,95,10.1,1012.5,2.7,3.7,6,72.0,0
2024-11-25 16:28:53,5,59,17.0,95,10.0,1012.5,3.4,4.8,10,72.0,0
2024-11-25 16:33:53,5,59,17.0,95,10.0,1012.5,3.4,4.8,11,72.0,0
2024-11-25 16:38:53,5,59,17.0,95,10.0,1012.4,5.8,8.2,9,72.0,0
2024-11-25 16:43:53,5,59,17.0,95,10.1,1012.6,4.1,5.1,11,72.0,0
2024-11-25 16:48:53,5,59,17.1,95,10.0,1012.6,4.1,6.1,11,72.0,0
2024-11-25 16:53:53,5,59,17.1,95,10.0,1012.6,5.4,7.8,9,72.0,0
2024-11-25 16:58:53,5,59,17.1,95,9.9,1012.8,5.1,7.1,11,72.0,0
2024-11-25 17:03:53,5,59,17.1,95,9.9,1012.8,5.1,7.1,8,72.0,0
2024-11-25 17:08:53,5,59,17.1,95,9.8,1012.9,5.4,7.8,8,72.0,0
2024-11-25 17:13:53,5,59,17.1,95,9.8,1013.3,3.4,4.8,11,72.0,0
2024-11-25 17:18:53,5,59,17.1,95,9.8,1013.4,4.1,5.1,8,72.0,0
2024-11-25 17:23:53,5,59,17.1,95,9.7,1013.4,3.4,5.1,10,72.0,0
2024-11-25 17:28:53,5,59,17.1,96,9.8,1013.5,3.7,5.8,11,72.0,0
2024-11-25 17:33:53,5,59,17.1,95,9.8,1013.5,3.7,5.1,12,72.0,0
2024-11-25 17:38:53,5,58,17.1,95,9.7,1013.8,3.4,4.8,9,72.0,0
2024-11-25 17:43:53,5,58,17.1,95,9.8,1013.8,3.1,4.8,9,72.0,0
2024-11-25 17:48:53,5,58,17.1,96,9.7,1013.9,3.7,4.8,10,72.0,0
2024-11-25 17:53:53,5,58,17.1,96,9.7,1013.9,4.4,5.8,10,72.0,0
2024-11-25 17:58:53,5,58,17.1,96,9.7,1014.0,3.7,4.8,10,72.0,0
2024-11-25 18:03:53,5,58,17.0,96,9.6,1014.2,3.7,5.8,11,72.0,0
2024-11-25 18:08:53,5,58,17.0,96,9.6,1014.3,3.4,4.8,10,72.0,0
2024-11-25 18:13:53,5,58,17.0,96,9.6,1014.3,3.4,5.1,10,72.0,0
2024-11-25 18:18:53,5,58,17.0,96,9.6,1014.2,4.1,5.1,12,72.0,0
2024-11-25 18:23:53,5,58,17.0,96,9.6,1014.3,4.8,7.1,8,72.0,0
2024-11-25 18:28:53,5,59,16.9,95,9.6,1014.3,5.1,7.1,11,72.0,0
2024-11-25 18:33:53,5,59,16.9,95,9.6,1014.5,4.1,5.1,12,72.0,0
2024-11-25 18:38:53,5,59,16.9,95,9.7,1014.5,3.7,4.8,14,72.0,0
2024-11-25 18:43:53,5,58,17.0,95,9.6,1014.6,4.4,5.8,12,72.0,0
2024-11-25 18:48:53,5,58,17.0,95,9.7,1014.6,4.4,6.8,10,72.0,0
2024-11-25 18:53:53,5,58,17.0,95,9.6,1014.8,4.1,6.1,11,72.0,0
2024-11-25 18:58:53,5,58,17.0,95,9.6,1014.9,3.4,5.1,9,72.0,0
2024-11-25 19:03:53,5,59,16.9,95,9.6,1015.1,3.1,5.1,12,72.0,0
2024-11-25 19:08:53,5,59,16.9,95,9.4,1015.1,2.7,4.1,10,72.0,0
2024-11-25 19:13:53,5,58,16.9,95,9.4,1015.1,4.1,6.1,12,72.0,0
2024-11-25 19:18:53,5,58,16.9,95,9.3,1015.0,2.7,3.7,10,72.0,0
2024-11-25 19:23:53,5,58,16.9,95,9.3,1015.0,2.4,4.1,6,72.0,0
2024-11-25 19:28:52,5,58,16.9,95,9.2,1014.9,2.7,4.1,9,72.0,0
2024-11-25 19:33:52,5,57,16.8,94,9.2,1015.0,3.1,4.8,5,72.0,0
2024-11-25 19:38:52,5,57,16.8,94,9.2,1015.2,3.1,4.8,11,72.0,0
2024-11-25 19:43:52,5,57,16.8,94,9.2,1015.5,2.0,3.1,11,72.0,0
2024-11-25 19:48:52,5,57,16.8,93,9.1,1015.7,2.4,3.7,11,72.0,0
2024-11-25 19:53:52,5,56,16.8,93,9.1,1015.7,2.4,3.1,9,72.0,0
2024-11-25 19:58:52,5,56,16.8,93,9.1,1016.0,3.7,5.8,8,72.0,0
2024-11-25 20:03:52,5,56,16.8,92,9.1,1016.0,3.1,4.1,10,72.0,0
2024-11-25 20:08:52,5,56,16.8,92,9.2,1016.1,3.1,4.8,9,72.0,0
2024-11-25 20:13:52,5,55,16.8,92,9.2,1016.1,3.1,4.1,10,72.0,0
2024-11-25 20:18:52,5,55,16.8,91,9.3,1016.2,3.4,4.8,10,72.0,0
2024-11-25 20:23:52,5,56,16.8,91,9.2,1016.3,3.7,5.8,11,72.0,0
2024-11-25 20:28:52,5,56,16.8,92,9.2,1016.3,4.1,5.8,11,72.0,0
2024-11-25 20:33:52,5,56,16.8,91,9.2,1016.3,4.1,5.8,10,72.0,0
2024-11-25 20:38:52,5,56,16.8,92,9.2,1016.5,5.4,7.1,11,72.0,0
2024-11-25 20:43:52,5,56,16.7,92,9.1,1016.4,3.4,4.8,9,72.0,0
2024-11-25 20:48:52,5,56,16.7,92,8.9,1016.4,2.4,3.7,10,72.0,0
2024-11-25 20:53:52,5,55,16.7,92,8.9,1016.5,3.7,5.8,13,72.0,0
2024-11-25 20:58:52,5,55,16.7,92,8.9,1016.6,4.1,5.8,11,72.0,0
2024-11-25 21:03:52,5,55,16.7,92,8.9,1016.7,3.1,4.1,11,72.0,0
2024-11-25 21:08:52,5,55,16.7,92,8.9,1016.7,3.4,6.1,12,72.0,0
2024-11-25 21:13:52,5,55,16.7,92,8.8,1016.6,3.4,4.8,11,72.0,0
2024-11-25 21:18:52,5,55,16.7,92,8.7,1016.6,3.7,6.8,11,72.0,0
2024-11-25 21:23:52,5,55,16.7,92,8.7,1016.7,2.4,4.1,8,72.0,0
2024-11-25 21:28:52,5,54,16.7,92,8.7,1016.7,3.1,4.1,11,72.0,0
2024-11-25 21:33:52,5,54,16.7,92,8.7,1016.9,3.4,4.8,10,72.0,0
2024-11-25 21:38:52,5,54,16.7,92,8.6,1017.1,3.4,5.8,10,72.0,0
2024-11-25 21:43:52,5,54,16.7,92,8.6,1017.1,3.7,5.1,10,72.0,0
2024-11-25 21:48:52,5,54,16.6,92,8.6,1017.2,3.1,5.1,10,72.0,0
2024-11-25 21:53:52,5,54,16.6,92,8.6,1017.4,2.4,3.1,12,72.0,0
2024-11-25 21:58:52,5,54,16.6,92,8.5,1017.4,2.7,4.8,11,72.0,0
2024-11-25 22:03:52,5,54,16.6,92,8.5,1017.6,3.1,4.8,9,72.0,0
2024-11-25 22:08:52,5,54,16.6,92,8.5,1017.6,2.4,3.7,11,72.0,0
2024-11-25 22:13:52,5,54,16.6,92,8.4,1017.8,3.4,6.1,12,72.0,0
2024-11-25 22:18:52,5,54,16.6,92,8.5,1017.7,2.7,3.7,11,72.0,0
2024-11-25 22:23:52,5,54,16.6,92,8.4,1017.8,2.7,4.1,11,72.0,0
2024-11-25 22:28:52,5,54,16.6,93,8.4,1018.0,3.1,4.1,11,72.0,0
2024-11-25 22:33:52,5,54,16.5,93,8.4,1018.1,3.7,4.8,11,72.0,0
2024-11-25 22:38:52,5,54,16.5,93,8.4,1018.3,3.1,5.1,11,72.0,0
2024-11-25 22:43:52,5,54,16.5,93,8.5,1018.3,3.4,4.8,12,72.0,0
2024-11-25 22:48:52,5,54,16.5,93,8.5,1018.4,3.1,4.1,10,72.0,0
2024-11-25 22:53:52,5,54,16.5,93,8.4,1018.4,2.0,3.1,10,72.0,0
2024-11-25 22:58:52,5,54,16.4,93,8.4,1018.4,3.4,4.8,11,72.0,0
2024-11-25 23:03:52,5,53,16.4,93,8.4,1018.7,2.7,4.1,11,72.0,0
2024-11-25 23:08:52,5,53,16.4,93,8.4,1018.7,3.1,3.7,7,72.0,0
2024-11-25 23:13:52,5,54,16.4,93,8.4,1018.8,3.7,5.1,13,72.0,0
2024-11-25 23:18:52,5,54,16.4,93,8.4,1019.0,3.1,4.1,11,72.0,0
2024-11-25 23:23:52,5,53,16.4,93,8.5,1019.1,3.4,5.8,10,72.0,0
2024-11-25 23:28:52,5,53,16.3,93,8.4,1019.2,3.1,4.8,12,72.0,0
2024-11-25 23:33:52,5,53,16.3,93,8.4,1019.3,3.1,4.1,9,72.0,0
2024-11-25 23:38:52,5,53,16.3,93,8.4,1019.4,3.4,4.8,9,72.0,0
2024-11-25 23:43:52,5,53,16.3,93,8.4,1019.5,3.1,4.1,11,72.0,0
2024-11-25 23:48:52,5,53,16.3,93,8.4,1019.5,2.7,5.1,9,72.0,0
2024-11-25 23:53:52,5,53,16.2,93,8.5,1019.5,3.4,4.8,12,72.0,0
2024-11-25 23:58:52,5,53,16.2,92,8.5,1019.6,3.4,5.1,9,72.0,0
