2024-11-20 00:03:02,5,53,14.4,95,3.9,1007.8,1.4,2.7,0,31.8,0
2024-11-20 00:08:02,5,53,14.4,95,3.8,1007.6,2.0,3.1,11,32.1,0
2024-11-20 00:13:02,5,53,14.4,95,3.7,1007.3,0.0,0.7,4,32.1,0
2024-11-20 00:18:02,5,53,14.4,95,3.7,1007.1,1.0,1.0,8,32.1,0
2024-11-20 00:23:02,5,53,14.4,95,3.7,1007.2,1.0,1.0,11,32.1,0
2024-11-20 00:28:02,5,53,14.4,95,3.7,1007.2,0.0,0.7,0,32.1,0
2024-11-20 00:33:02,5,53,14.4,95,3.7,1007.3,0.3,1.0,15,32.4,0
2024-11-20 00:38:02,5,53,14.4,96,3.6,1007.2,1.0,1.7,0,32.4,0
2024-11-20 00:43:02,5,53,14.4,96,3.6,1007.2,0.7,1.0,12,32.4,0
2024-11-20 00:48:02,5,53,14.4,95,3.7,1007.1,1.0,1.0,12,32.4,0
2024-11-20 00:53:02,5,53,14.4,94,3.8,1007.0,1.4,2.0,11,32.4,0
2024-11-20 00:58:02,5,53,14.4,94,3.9,1007.4,1.7,2.0,11,32.4,0
2024-11-20 01:03:02,5,53,14.4,94,3.9,1007.3,1.4,2.0,10,32.4,0
2024-11-20 01:08:02,5,53,14.9,94,3.9,1007.1,0.3,1.7,11,32.4,0
2024-11-20 01:13:02,5,53,14.4,94,4.0,1007.2,1.7,2.0,13,32.4,0
2024-11-20 01:18:02,5,53,14.9,93,4.3,1007.5,2.7,4.1,14,32.4,0
2024-11-20 01:23:02,5,53,14.9,92,4.5,1007.6,1.7,3.1,13,32.4,0
2024-11-20 01:28:02,5,53,14.9,91,4.4,1007.5,0.7,1.7,1,32.4,0
2024-11-20 01:33:02,5,53,14.9,92,4.2,1007.5,1.4,2.7,15,32.4,0
2024-11-20 01:38:02,5,53,14.9,93,4.0,1007.7,1.7,3.1,14,32.4,0
2024-11-20 01:43:02,5,53,14.9,93,3.9,1007.5,0.3,1.0,15,32.4,0
2024-11-20 01:48:02,5,53,14.9,93,3.9,1007.7,0.3,0.7,1,32.4,0
2024-11-20 01:53:02,5,53,14.9,94,3.8,1007.6,1.0,2.0,0,32.4,0
2024-11-20 01:58:02,5,53,14.9,94,3.8,1008.1,1.4,2.7,15,32.4,0
2024-11-20 02:03:02,5,53,14.9,94,3.8,1007.9,0.7,2.0,9,32.4,0
2024-11-20 02:08:02,5,53,14.9,94,3.7,1007.9,1.0,2.0,13,32.4,0
2024-11-20 02:13:02,5,53,14.9,94,3.7,1007.7,1.0,1.7,13,32.4,0
2024-11-20 02:18:02,5,53,14.9,94,3.7,1007.4,1.7,2.7,9,32.4,0
2024-11-20 02:23:02,5,53,14.9,93,3.8,1007.3,2.4,3.7,12,32.7,0
2024-11-20 02:28:02,5,53,14.9,93,3.8,1007.3,2.4,3.1,12,32.7,0
2024-11-20 02:33:02,5,53,14.9,92,3.9,1007.3,2.4,4.1,10,32.7,0
2024-11-20 02:38:02,5,53,14.9,92,4.0,1007.6,1.7,2.7,13,32.7,0
2024-11-20 02:43:02,5,53,14.9,92,4.1,1008.0,2.4,3.7,14,32.7,0
2024-11-20 02:48:02,5,53,14.9,91,4.3,1008.0,0.7,1.7,0,32.7,0
2024-11-20 02:53:02,5,53,14.9,92,4.3,1007.8,2.0,3.7,14,32.7,0
2024-11-20 02:58:02,5,53,14.9,92,4.2,1007.7,0.3,0.7,0,32.7,0
2024-11-20 03:03:02,5,53,14.9,92,4.1,1007.7,0.0,0.0,0,32.7,0
2024-11-20 03:08:02,5,53,14.9,93,4.0,1007.8,0.3,0.7,2,32.7,0
2024-11-20 03:13:02,5,53,14.9,93,3.7,1008.3,0.7,1.7,1,32.7,0
2024-11-20 03:18:02,5,53,14.9,94,3.2,1008.3,2.0,4.8,12,33.3,0
2024-11-20 03:23:02,5,53,14.9,93,3.4,1008.4,2.4,4.1,9,33.6,0
2024-11-20 03:28:02,5,53,14.9,93,3.4,1008.1,0.3,1.7,1,33.6,0
2024-11-20 03:33:02,5,53,14.9,93,3.4,1008.3,1.4,2.0,13,33.9,0
2024-11-20 03:38:02,5,53,14.9,94,3.3,1008.2,0.3,1.0,14,33.9,0
2024-11-20 03:43:02,5,53,14.9,94,3.3,1008.1,0.3,1.0,0,33.9,0
2024-11-20 03:48:02,5,53,14.9,94,3.3,1008.3,0.3,0.7,15,33.9,0
2024-11-20 03:53:02,5,53,14.9,95,3.3,1008.1,0.7,1.0,14,33.9,0
2024-11-20 03:58:02,5,53,14.9,94,3.4,1008.3,1.7,3.7,14,33.9,0
2024-11-20 04:03:02,5,53,14.9,94,3.5,1008.2,2.7,4.1,14,33.9,0
2024-11-20 04:08:02,5,53,14.9,92,3.7,1008.1,1.4,2.7,13,33.9,0
2024-11-20 04:13:02,5,53,14.9,92,3.8,1008.2,1.4,2.0,12,33.9,0
2024-11-20 04:18:02,5,53,14.9,93,3.9,1008.2,1.4,2.0,14,33.9,0
2024-11-20 04:23:02,5,53,14.9,93,4.0,1008.4,3.4,5.8,6,33.9,0
2024-11-20 04:28:02,5,53,14.9,92,4.1,1008.2,1.7,3.1,13,34.2,0
2024-11-20 04:33:02,5,53,14.9,93,4.0,1008.2,2.0,3.1,14,34.5,0
2024-11-20 04:38:02,5,53,14.9,94,3.9,1008.3,0.3,1.0,14,34.5,0
2024-11-20 04:43:02,5,53,14.9,95,3.8,1008.3,1.7,2.0,12,34.5,0
2024-11-20 04:48:02,5,53,14.9,95,3.8,1008.2,2.0,4.1,12,34.5,0
2024-11-20 04:53:02,5,53,14.9,95,3.7,1008.4,1.0,2.0,12,34.5,0
2024-11-20 04:58:02,5,53,14.9,96,3.7,1008.5,1.4,2.0,13,34.5,0
2024-11-20 05:03:02,5,53,14.9,96,3.6,1008.5,1.4,2.0,14,34.8,0
2024-11-20 05:08:02,5,53,14.9,96,3.6,1008.7,2.0,3.1,13,34.8,0
2024-11-20 05:13:02,5,53,14.9,96,3.5,1008.6,1.4,2.0,14,35.4,0
2024-11-20 05:18:02,5,53,14.9,97,3.6,1008.7,1.7,2.0,13,35.4,0
2024-11-20 05:23:02,5,53,14.9,97,3.5,1008.5,0.3,0.7,13,35.4,0
2024-11-20 05:28:02,5,53,14.9,97,3.6,1008.3,0.0,0.0,14,35.4,0
2024-11-20 05:33:02,5,53,14.9,97,3.4,1008.3,0.0,0.7,14,35.4,0
2024-11-20 05:38:02,5,53,14.9,97,3.5,1008.4,0.0,0.0,14,35.4,0
2024-11-20 05:43:02,5,54,14.9,98,3.6,1008.5,1.0,1.7,12,35.4,0
2024-11-20 05:48:02,5,54,14.9,98,3.8,1008.7,2.4,4.1,14,35.4,0
2024-11-20 05:53:02,5,54,14.9,97,3.9,1008.7,3.1,5.1,15,35.4,0
2024-11-20 05:58:02,5,54,14.9,96,4.0,1008.8,1.0,1.7,15,35.4,0
2024-11-20 06:03:02,5,54,14.9,96,4.1,1008.7,1.0,2.0,14,35.4,0
2024-11-20 06:08:02,5,53,14.9,96,4.1,1008.6,1.4,2.0,14,35.4,0
2024-11-20 06:13:02,5,53,14.9,96,4.2,1008.6,1.4,2.7,15,35.4,0
2024-11-20 06:18:02,5,53,14.9,95,4.3,1008.9,2.0,3.7,13,35.4,0
2024-11-20 06:23:02,5,53,14.9,95,4.4,1008.9,2.0,2.7,13,35.4,0
2024-11-20 06:28:02,5,53,14.9,94,4.4,1009.0,1.7,2.0,15,35.4,0
2024-11-20 06:33:02,5,53,14.9,94,4.3,1009.1,1.7,3.7,13,35.4,0
2024-11-20 06:38:02,5,52,14.9,93,4.3,1009.0,0.7,1.7,14,35.4,0
2024-11-20 06:43:02,5,51,14.9,93,4.4,1009.3,1.4,2.7,12,35.4,0
2024-11-20 06:48:02,5,51,14.9,92,4.4,1009.4,0.7,1.0,12,35.4,0
2024-11-20 06:53:02,5,50,14.4,92,4.3,1009.5,0.7,1.0,12,35.4,0
2024-11-20 06:58:02,5,49,14.4,92,4.4,1009.7,1.4,2.0,11,35.4,0
2024-11-20 07:03:02,5,49,14.4,92,4.5,1009.8,1.4,2.7,11,35.4,0
2024-11-20 07:08:02,5,49,14.4,92,4.5,1009.9,2.0,2.7,12,35.4,0
2024-11-20 07:13:02,5,49,14.4,91,4.4,1009.9,2.0,2.7,13,35.4,0
2024-11-20 07:18:02,5,49,14.4,91,4.5,1010.0,3.1,4.8,11,35.4,0
2024-11-20 07:23:02,5,48,14.4,90,4.4,1010.2,4.4,8.2,11,35.4,0
2024-11-20 07:28:02,5,48,14.4,89,4.7,1010.6,4.1,7.8,13,35.4,0
2024-11-20 07:33:02,5,49,14.4,89,4.6,1010.8,4.8,7.8,13,35.4,0
2024-11-20 07:38:02,5,50,14.4,91,4.3,1010.9,2.7,5.1,6,35.7,0
2024-11-20 07:43:02,5,50,14.4,92,4.0,1011.0,4.1,6.8,0,35.7,0
2024-11-20 07:48:02,5,51,14.4,92,3.9,1011.2,4.1,6.1,0,35.7,0
2024-11-20 07:53:02,5,51,14.4,92,4.0,1011.2,4.4,6.8,13,35.7,0
2024-11-20 07:58:02,5,51,14.4,92,3.9,1011.2,2.0,4.1,14,36.0,0
2024-11-20 08:03:02,5,51,14.4,92,3.8,1011.4,1.7,3.1,13,36.0,0
2024-11-20 08:08:02,5,51,14.4,93,3.8,1011.3,1.4,2.7,15,36.3,0
2024-11-20 08:13:02,5,51,14.4,94,3.8,1011.1,0.7,1.7,14,36.6,0
2024-11-20 08:18:02,5,51,14.4,94,3.7,1011.3,1.4,2.7,0,36.6,0
2024-11-20 08:23:02,5,51,14.4,95,3.7,1011.3,1.0,1.7,14,36.6,0
2024-11-20 08:28:02,5,51,14.4,95,3.6,1011.2,0.3,0.7,0,36.9,0
2024-11-20 08:33:02,5,51,14.4,95,3.7,1011.3,1.0,2.0,1,36.9,0
2024-11-20 08:38:02,5,52,14.4,96,3.0,1011.5,1.7,3.1,15,37.2,0
2024-11-20 08:43:02,5,51,14.4,96,2.8,1011.4,1.7,3.1,0,37.2,0
2024-11-20 08:48:02,5,52,14.4,96,2.6,1011.2,1.0,2.0,15,37.5,0
2024-11-20 08:53:02,5,52,14.4,97,2.6,1011.3,0.7,1.7,14,37.8,0
2024-11-20 08:58:02,5,52,14.4,97,2.6,1011.4,1.4,1.7,11,37.8,0
2024-11-20 09:03:02,5,52,14.4,97,2.6,1011.4,0.3,1.0,15,37.8,0
2024-11-20 09:08:02,5,52,14.4,97,2.7,1011.4,0.7,1.0,13,38.1,0
2024-11-20 09:13:02,5,52,14.9,98,2.5,1011.4,0.7,1.7,7,38.4,0
2024-11-20 09:18:02,5,52,14.9,98,2.5,1011.3,1.7,2.0,12,38.4,0
2024-11-20 09:23:02,5,52,14.9,98,2.3,1011.5,1.0,1.7,11,38.7,0
2024-11-20 09:28:02,5,52,14.9,98,2.5,1011.6,0.7,1.0,13,39.0,0
2024-11-20 09:33:02,5,52,14.9,98,2.3,1011.7,0.7,1.0,7,39.0,0
2024-11-20 09:38:02,5,52,14.9,98,2.2,1011.6,1.7,2.7,8,39.6,0
2024-11-20 09:43:02,5,52,14.9,98,2.0,1011.7,1.7,2.0,8,40.2,0
2024-11-20 09:48:02,5,52,14.9,98,2.0,1011.7,1.0,1.7,10,40.5,0
2024-11-20 09:53:02,5,53,14.9,98,2.0,1011.7,0.7,1.0,9,40.5,0
2024-11-20 09:58:02,5,53,14.9,99,2.1,1011.8,1.7,2.0,12,40.5,0
2024-11-20 10:03:02,5,54,14.9,99,2.1,1011.9,0.7,1.0,12,40.8,0
2024-11-20 10:08:02,5,54,14.9,99,1.8,1012.1,1.0,1.7,12,41.4,0
2024-11-20 10:13:02,5,54,14.9,99,1.5,1012.2,1.4,2.0,11,41.7,0
2024-11-20 10:18:02,5,54,14.9,99,1.3,1011.9,0.7,1.0,6,42.3,0
2024-11-20 10:23:02,5,53,14.9,99,1.5,1011.9,1.0,1.0,9,42.3,0
2024-11-20 10:28:02,5,53,14.9,99,1.7,1012.1,1.7,2.0,10,42.3,0
2024-11-20 10:33:02,5,53,14.9,99,1.9,1012.1,1.7,2.0,9,42.6,0
2024-11-20 10:38:02,5,53,14.9,99,1.9,1012.0,2.7,3.7,11,42.6,0
2024-11-20 10:43:02,5,53,14.9,99,1.9,1012.2,3.7,4.8,9,42.6,0
2024-11-20 10:48:02,5,52,14.9,99,2.1,1012.1,2.4,3.7,11,42.6,0
2024-11-20 10:53:02,5,52,14.9,99,2.0,1012.2,3.4,5.1,11,42.6,0
2024-11-20 10:58:02,5,52,14.9,99,1.7,1012.5,3.1,4.8,10,42.9,0
2024-11-20 11:03:02,5,52,14.9,99,1.6,1012.3,2.4,3.1,8,43.2,0
2024-11-20 11:08:02,5,52,14.4,99,1.7,1012.1,2.4,3.7,8,43.5,0
2024-11-20 11:13:02,5,52,14.4,99,1.8,1012.1,2.7,3.7,8,43.8,0
2024-11-20 11:18:02,5,52,14.4,99,1.9,1012.1,2.0,4.1,11,43.8,0
2024-11-20 11:23:02,5,53,14.9,99,1.9,1011.9,3.1,4.1,8,43.8,0
2024-11-20 11:28:02,5,53,14.9,99,2.2,1011.8,2.4,3.7,7,43.8,0
2024-11-20 11:33:02,5,53,14.9,99,2.4,1011.6,1.4,2.7,6,43.8,0
2024-11-20 11:38:02,5,53,14.9,99,2.6,1011.6,1.4,2.0,12,43.8,0
2024-11-20 11:43:02,5,53,14.9,99,3.0,1011.4,2.7,4.1,15,43.8,0
2024-11-20 11:48:02,5,53,14.9,98,3.2,1011.4,1.7,3.1,12,43.8,0
2024-11-20 11:53:02,5,53,14.9,98,3.3,1011.5,1.7,2.0,11,43.8,0
2024-11-20 11:58:02,5,53,14.9,97,3.5,1011.7,5.1,8.2,11,43.8,0
2024-11-20 12:03:02,5,53,14.9,92,3.6,1011.7,5.1,7.1,13,44.1,0
2024-11-20 12:08:02,5,53,14.9,89,3.7,1011.8,3.7,6.8,14,44.1,0
2024-11-20 12:13:02,5,52,14.9,89,3.8,1011.7,1.4,2.7,15,44.1,0
2024-11-20 12:18:02,5,52,14.9,91,3.7,1011.7,2.0,3.7,0,44.1,0
2024-11-20 12:23:02,5,52,14.9,91,3.8,1011.7,1.4,2.0,13,44.1,0
2024-11-20 12:28:02,5,52,14.9,92,3.9,1011.9,0.7,1.7,15,44.1,0
2024-11-20 12:33:02,5,52,14.9,92,4.2,1011.9,0.3,1.7,13,44.1,0
2024-11-20 12:38:02,5,52,14.9,92,4.2,1011.8,0.7,1.7,15,44.1,0
2024-11-20 12:43:02,5,52,14.9,92,4.4,1011.7,0.7,1.0,14,44.1,0
2024-11-20 12:48:02,5,52,14.9,91,4.7,1011.7,2.4,4.1,14,44.1,0
2024-11-20 12:53:02,5,52,14.9,89,5.2,1011.7,1.7,3.7,5,44.1,0
2024-11-20 12:58:02,5,52,14.9,85,5.3,1011.7,3.1,4.8,11,44.1,0
2024-11-20 13:03:02,5,52,14.9,82,5.4,1011.9,5.4,8.8,13,44.1,0
2024-11-20 13:08:02,5,52,14.9,80,5.6,1011.8,4.1,7.1,11,44.1,0
2024-11-20 13:13:02,5,52,14.9,79,5.8,1011.9,4.1,7.8,12,44.1,0
2024-11-20 13:18:02,5,52,14.9,80,5.9,1011.9,3.4,5.8,14,44.1,0
2024-11-20 13:23:02,5,51,14.9,80,6.2,1011.9,2.4,3.1,14,44.1,0
2024-11-20 13:28:02,5,51,14.9,77,6.1,1012.0,4.8,8.8,1,44.1,0
2024-11-20 13:33:02,5,51,14.9,77,6.3,1012.0,4.8,7.8,14,44.1,0
2024-11-20 13:38:02,5,51,14.9,77,6.3,1012.0,5.1,7.1,13,44.1,0
2024-11-20 13:43:02,5,51,14.9,75,6.7,1012.1,4.1,6.8,0,44.1,0
2024-11-20 13:48:02,5,51,14.9,75,6.6,1012.0,3.7,8.2,13,44.1,0
2024-11-20 13:53:02,5,51,14.9,74,6.7,1011.8,3.1,5.8,11,44.1,0
2024-11-20 13:58:02,5,50,14.9,74,6.6,1011.9,4.1,7.1,2,44.1,0
2024-11-20 14:03:02,5,50,14.9,74,6.5,1011.9,3.1,6.1,13,44.1,0
2024-11-20 14:08:02,5,49,14.9,74,6.3,1011.9,3.7,6.8,13,44.1,0
2024-11-20 14:13:02,5,49,14.9,74,6.5,1012.0,3.4,5.8,13,44.1,0
2024-11-20 14:18:02,5,48,14.9,74,6.2,1012.0,3.4,5.8,15,44.1,0
2024-11-20 14:23:02,5,48,14.9,73,6.4,1011.9,4.1,6.8,14,44.1,0
2024-11-20 14:28:02,5,47,14.9,74,6.1,1012.0,3.4,6.8,1,44.1,0
2024-11-20 14:33:02,5,47,14.9,73,6.0,1011.9,5.1,8.2,15,44.1,0
2024-11-20 14:38:02,5,47,14.9,73,5.8,1011.7,3.4,6.1,13,44.1,0
2024-11-20 14:43:02,5,47,14.9,73,6.0,1011.7,3.4,4.1,13,44.1,0
2024-11-20 14:48:03,5,47,14.9,74,5.9,1011.7,1.7,3.1,10,44.1,0
2024-11-20 14:53:03,5,47,14.9,74,5.7,1011.6,3.4,5.1,1,44.1,0
2024-11-20 14:58:03,5,48,14.9,75,5.5,1011.6,2.0,4.1,11,44.1,0
2024-11-20 15:03:03,5,48,14.9,76,5.3,1011.6,4.1,7.1,11,44.1,0
2024-11-20 15:08:03,5,48,14.9,76,5.3,1011.4,3.1,5.8,11,44.1,0
2024-11-20 15:13:03,5,48,14.9,76,5.2,1011.5,3.7,7.8,13,44.1,0
2024-11-20 15:18:03,5,48,14.9,76,5.1,1011.5,4.1,6.8,13,44.1,0
2024-11-20 15:23:03,5,48,14.9,76,5.1,1011.4,3.1,5.8,11,44.1,0
2024-11-20 15:28:03,5,48,14.9,75,5.0,1011.4,2.7,5.1,13,44.1,0
2024-11-20 15:33:03,5,48,14.9,75,4.9,1011.4,3.1,5.8,12,44.1,0
2024-11-20 15:38:03,5,47,14.9,74,4.9,1011.5,3.7,6.1,2,44.1,0
2024-11-20 15:43:03,5,47,14.9,75,4.8,1011.3,1.4,3.7,12,44.1,0
2024-11-20 15:48:03,5,47,14.9,75,4.8,1011.2,3.4,5.1,11,44.1,0
2024-11-20 15:53:03,5,47,14.9,75,4.8,1011.2,2.7,4.8,12,44.1,0
2024-11-20 15:58:03,5,47,14.9,75,4.8,1011.1,4.1,5.8,12,44.1,0
2024-11-20 16:03:03,5,47,14.9,76,4.7,1011.2,2.4,3.1,14,44.1,0
2024-11-20 16:08:03,5,45,14.9,77,4.7,1010.8,3.1,5.1,12,44.1,0
2024-11-20 16:13:03,5,43,14.4,77,4.8,1010.8,3.7,5.1,12,44.1,0
2024-11-20 16:18:03,5,43,14.4,76,4.8,1010.6,4.8,7.1,12,44.1,0
2024-11-20 16:23:03,5,42,14.4,77,4.7,1010.5,4.8,7.1,10,44.1,0
2024-11-20 16:28:03,5,42,14.4,78,4.7,1010.5,3.1,4.1,10,44.1,0
2024-11-20 16:33:03,5,42,14.4,79,4.6,1010.6,2.4,3.1,11,44.1,0
2024-11-20 16:38:03,5,42,14.4,80,4.5,1010.6,4.8,8.2,6,44.1,0
2024-11-20 16:43:03,5,42,14.4,86,3.8,1010.6,3.7,5.8,10,44.1,0
2024-11-20 16:48:03,5,42,14.4,88,3.5,1011.0,6.1,10.2,11,44.4,0
2024-11-20 16:53:03,5,43,14.4,92,3.0,1010.5,4.4,5.8,11,44.7,0
2024-11-20 16:58:03,5,44,14.4,94,3.0,1010.4,3.7,5.1,11,45.0,0
2024-11-20 17:03:03,5,44,14.4,95,3.0,1010.3,5.1,6.8,15,45.0,0
2024-11-20 17:08:03,5,45,14.4,96,3.0,1010.1,3.1,4.1,11,45.0,0
2024-11-20 17:13:03,5,45,14.4,96,3.0,1009.9,6.1,8.2,10,45.0,0
2024-11-20 17:18:03,5,46,14.3,96,3.0,1009.9,4.4,5.1,11,45.0,0
2024-11-20 17:23:03,5,46,14.3,96,3.0,1009.9,2.4,3.7,8,45.0,0
2024-11-20 17:28:03,5,46,14.3,96,3.0,1009.9,5.1,7.1,11,45.0,0
2024-11-20 17:33:03,5,46,14.2,96,3.0,1009.9,4.8,6.1,12,45.0,0
2024-11-20 17:38:03,5,46,14.2,96,2.9,1009.8,5.1,8.8,10,45.0,0
2024-11-20 17:43:03,5,46,14.2,96,2.5,1009.8,5.4,8.2,9,45.0,0
2024-11-20 17:48:03,5,46,14.2,97,2.3,1009.5,3.1,4.1,10,45.0,0
2024-11-20 17:53:03,5,47,14.3,97,2.2,1009.5,4.1,5.8,8,45.3,0
2024-11-20 17:58:03,5,49,14.4,98,2.3,1009.2,2.0,3.1,7,45.3,0
2024-11-20 18:03:03,5,50,14.4,98,2.6,1009.1,1.0,1.7,7,45.3,0
2024-11-20 18:08:03,5,51,14.9,98,2.7,1009.0,0.7,1.7,9,45.3,0
2024-11-20 18:13:03,5,51,14.9,98,2.6,1008.9,2.0,2.7,9,45.3,0
2024-11-20 18:18:03,5,51,15.0,98,2.6,1008.7,1.7,2.0,8,45.3,0
2024-11-20 18:23:03,5,51,15.1,98,2.6,1008.5,2.0,2.7,8,45.3,0
2024-11-20 18:28:03,5,51,15.1,98,2.7,1008.4,2.0,2.7,7,45.3,0
2024-11-20 18:33:03,5,51,15.2,98,2.7,1008.3,2.0,2.7,7,45.3,0
2024-11-20 18:38:03,5,51,15.3,98,2.9,1008.5,0.7,0.7,9,45.3,0
2024-11-20 18:43:03,5,51,15.5,98,3.0,1008.5,0.7,1.7,12,45.3,0
2024-11-20 18:48:03,5,51,15.5,98,3.0,1008.7,0.7,1.0,13,45.3,0
2024-11-20 18:53:03,5,52,15.6,98,3.0,1008.8,0.3,0.7,15,45.3,0
2024-11-20 18:58:03,5,52,15.6,98,3.0,1008.8,0.0,0.0,15,45.3,0
2024-11-20 19:03:03,5,52,15.6,98,3.0,1008.9,0.3,1.0,13,45.3,0
2024-11-20 19:08:03,5,53,15.7,98,2.9,1008.9,0.0,0.0,15,45.3,0
2024-11-20 19:13:03,5,53,15.7,98,2.8,1009.1,1.0,1.7,15,45.3,0
2024-11-20 19:18:03,5,53,15.7,98,2.7,1009.1,1.0,2.0,14,45.3,0
2024-11-20 19:23:03,5,53,15.7,98,2.8,1009.1,0.7,1.7,15,45.3,0
2024-11-20 19:28:03,5,54,15.7,99,2.8,1009.2,1.0,2.0,14,45.3,0
2024-11-20 19:33:03,5,54,15.7,99,2.8,1009.3,0.7,2.0,15,45.3,0
2024-11-20 19:38:03,5,53,15.6,99,2.8,1009.5,1.0,2.7,15,45.3,0
2024-11-20 19:43:03,5,53,15.6,98,2.8,1009.6,1.0,1.7,1,45.3,0
2024-11-20 19:48:03,5,53,15.6,98,2.9,1009.9,1.0,2.7,13,45.3,0
2024-11-20 19:53:03,5,53,15.6,98,2.9,1010.0,1.0,2.0,15,45.3,0
2024-11-20 19:58:03,5,53,15.5,98,3.0,1010.2,1.0,2.0,0,45.3,0
2024-11-20 20:03:03,5,52,15.5,98,3.0,1010.3,1.0,2.7,14,45.3,0
2024-11-20 20:08:03,5,52,15.5,98,3.1,1010.4,1.4,2.7,1,45.3,0
2024-11-20 20:13:03,5,52,15.5,98,3.2,1010.8,1.0,2.0,15,45.3,0
2024-11-20 20:18:03,5,52,15.5,97,3.3,1010.9,2.0,5.1,0,45.6,0
2024-11-20 20:23:03,5,50,15.3,97,3.2,1011.1,2.7,5.8,14,45.6,0
2024-11-20 20:28:03,5,50,15.2,96,3.1,1011.2,3.1,6.1,0,45.9,0
2024-11-20 20:33:03,5,48,15.1,96,3.1,1011.3,1.7,2.7,13,45.9,0
2024-11-20 20:38:03,5,47,15.0,96,3.0,1011.6,2.4,3.1,15,46.2,0
2024-11-20 20:43:03,5,48,14.9,96,3.0,1011.7,2.0,3.1,0,46.2,0
2024-11-20 20:48:03,5,49,14.9,96,2.9,1011.9,1.7,2.7,12,46.2,0
2024-11-20 20:53:03,5,51,14.9,96,2.9,1011.9,1.0,2.7,0,46.2,0
2024-11-20 20:58:03,5,51,14.9,97,2.8,1012.0,1.4,2.7,15,46.2,0
2024-11-20 21:03:03,5,51,14.9,97,2.8,1012.4,1.7,2.7,0,46.2,0
2024-11-20 21:08:03,5,51,14.9,97,2.9,1012.5,1.4,2.7,15,46.2,0
2024-11-20 21:13:03,5,51,14.9,97,2.9,1012.5,1.0,2.0,0,46.2,0
2024-11-20 21:18:03,5,51,14.9,97,2.8,1012.5,1.7,4.1,15,46.2,0
2024-11-20 21:23:03,5,51,14.9,97,2.8,1012.6,1.4,2.0,12,46.2,0
2024-11-20 21:28:03,5,52,14.9,97,2.9,1012.7,1.4,2.7,15,46.2,0
2024-11-20 21:33:03,5,52,14.9,97,2.9,1012.7,1.0,3.1,0,46.5,0
2024-11-20 21:38:03,5,52,14.9,97,2.9,1012.8,1.4,2.7,15,46.8,0
2024-11-20 21:43:03,5,52,14.9,97,2.7,1012.8,2.7,4.1,2,47.1,0
2024-11-20 21:48:03,5,52,14.9,97,2.4,1013.0,1.0,1.7,0,47.1,0
2024-11-20 21:53:03,5,52,14.9,97,2.2,1013.1,1.7,3.7,14,47.4,0
2024-11-20 21:58:03,5,52,14.9,97,1.7,1013.0,1.0,1.7,14,48.0,0
2024-11-20 22:03:03,5,53,14.9,98,1.6,1013.0,0.7,1.0,0,48.3,0
2024-11-20 22:08:03,5,52,15.0,98,1.6,1013.2,0.7,1.7,1,48.6,0
2024-11-20 22:13:03,5,52,15.0,98,1.5,1013.2,1.0,2.7,0,48.9,0
2024-11-20 22:18:03,5,52,15.0,98,1.5,1013.1,1.0,1.7,15,48.9,0
2024-11-20 22:23:03,5,53,15.0,98,1.5,1013.0,0.7,1.0,15,48.9,0
2024-11-20 22:28:03,5,53,15.0,98,1.5,1013.0,0.7,1.0,2,48.9,0
2024-11-20 22:33:03,5,53,15.0,99,1.6,1013.1,1.0,1.7,1,48.9,0
2024-11-20 22:38:03,5,53,15.1,99,1.6,1013.2,0.7,1.0,14,49.2,0
2024-11-20 22:43:03,5,54,15.1,99,1.6,1013.3,0.3,1.0,1,49.2,0
2024-11-20 22:48:03,5,54,15.1,99,1.5,1013.2,0.7,2.0,14,49.2,0
2024-11-20 22:53:03,5,54,15.1,99,1.6,1013.3,0.7,1.7,15,49.2,0
2024-11-20 22:58:03,5,54,15.1,99,1.7,1013.1,0.7,1.0,12,49.2,0
2024-11-20 23:03:03,5,54,15.1,99,1.6,1013.1,0.7,1.0,11,49.2,0
2024-11-20 23:08:03,5,54,15.1,99,1.6,1013.1,0.7,0.7,6,49.2,0
2024-11-20 23:13:03,5,54,15.1,99,1.6,1013.0,0,0,6,49.2,0
2024-11-20 23:18:03,5,54,15.2,99,1.6,1012.9,0,0.7,5,49.2,0
2024-11-20 23:23:03,5,54,15.2,99,1.4,1012.8,0,0,4,49.2,0
2024-11-20 23:28:03,5,54,15.2,99,1.5,1012.9,0,0,5,49.2,0
2024-11-20 23:33:03,5,54,15.2,99,1.5,1012.7,0.7,0.7,3,49.2,0
2024-11-20 23:38:03,5,54,15.2,99,1.5,1012.7,0.3,0.7,3,49.2,0
2024-11-20 23:43:03,5,54,15.2,99,1.4,1012.8,0,0,3,49.2,0
2024-11-20 23:48:03,5,55,15.2,99,1.4,1012.9,0,0,2,49.2,0
2024-11-20 23:53:03,5,55,15.2,99,1.5,1013.0,0.7,1.0,15,49.2,0
2024-11-20 23:58:03,5,55,15.2,99,1.7,1013.7,4.8,6.8,12,49.5,0
