2024-05-23 00:02:00,5,58,21.8,89,13.7,1016.0,1.0,1.7,8,4980.9,0
2024-05-23 00:07:00,5,58,21.8,89,13.7,1016.0,1.0,1.7,8,4980.9,0
2024-05-23 00:12:00,5,58,21.8,89,13.5,1016.0,0.7,1.7,13,4980.9,0
2024-05-23 00:17:00,5,58,21.8,89,13.5,1016.1,0.7,1.0,11,4980.9,0
2024-05-23 00:22:00,5,58,21.7,89,13.4,1016.0,0.3,1.0,11,4980.9,0
2024-05-23 00:27:00,5,58,21.7,90,13.4,1016.0,0.3,0.7,10,4980.9,0
2024-05-23 00:32:00,5,58,21.7,90,13.3,1016.1,0.0,0.7,6,4980.9,0
2024-05-23 00:37:00,5,58,21.6,90,13.2,1016.2,0.3,1.0,11,4980.9,0
2024-05-23 00:42:00,5,58,21.6,90,13.1,1016.1,0.3,0.7,6,4980.9,0
2024-05-23 00:47:00,5,59,21.5,91,13.1,1016.2,0.0,0.0,8,4980.9,0
2024-05-23 00:52:00,5,59,21.5,91,13.1,1016.1,0.3,1.0,8,4980.9,0
2024-05-23 00:57:00,5,59,21.5,91,13.1,1016.3,0.3,1.7,9,4980.9,0
2024-05-23 01:02:00,5,59,21.5,91,13.1,1016.2,0.0,0.7,12,4980.9,0
2024-05-23 01:07:00,5,59,21.5,91,13.0,1016.3,0.3,0.7,11,4980.9,0
2024-05-23 01:12:00,5,59,21.4,91,13.0,1016.2,0.3,0.7,10,4980.9,0
2024-05-23 01:17:00,5,59,21.3,91,13.0,1016.3,0.3,0.7,7,4980.9,0
2024-05-23 01:22:00,5,59,21.3,91,13.1,1016.5,0.7,1.7,9,4980.9,0
2024-05-23 01:27:00,5,59,21.3,91,13.0,1016.3,0.3,1.0,8,4980.9,0
2024-05-23 01:32:00,5,59,21.3,91,13.1,1016.3,0.3,0.7,8,4980.9,0
2024-05-23 01:37:00,5,59,21.3,91,13.3,1016.3,1.0,2.7,7,4980.9,0
2024-05-23 01:42:00,5,59,21.3,90,13.4,1016.4,1.0,1.7,8,4980.9,0
2024-05-23 01:47:00,5,59,21.2,89,13.5,1016.4,1.0,1.7,9,4980.9,0
2024-05-23 01:52:00,5,59,21.2,89,13.6,1016.6,1.4,2.7,6,4980.9,0
2024-05-23 01:57:00,5,59,21.2,89,13.6,1016.6,1.4,2.0,7,4980.9,0
2024-05-23 02:02:00,5,59,21.2,89,13.6,1016.6,0.3,1.0,15,4980.9,0
2024-05-23 02:07:00,5,59,21.2,89,13.6,1016.5,1.4,2.0,7,4980.9,0
2024-05-23 02:12:00,5,59,21.2,90,13.6,1016.4,0.7,1.7,11,4980.9,0
2024-05-23 02:17:00,5,59,21.2,90,13.5,1016.5,1.0,2.7,9,4980.9,0
2024-05-23 02:22:00,5,59,21.2,90,13.5,1016.7,0.7,1.7,8,4980.9,0
2024-05-23 02:27:00,5,59,21.2,90,13.5,1016.7,0.7,1.7,8,4980.9,0
2024-05-23 02:32:00,5,59,21.2,90,13.5,1016.7,0.3,1.0,7,4980.9,0
2024-05-23 02:37:00,5,59,21.2,90,13.5,1016.6,1.0,2.0,8,4980.9,0
2024-05-23 02:42:00,5,59,21.2,90,13.5,1016.6,0.0,1.0,7,4980.9,0
2024-05-23 02:47:00,5,59,21.2,90,13.6,1016.8,0.7,1.7,5,4980.9,0
2024-05-23 02:52:00,5,59,21.2,90,13.6,1016.8,1.4,2.7,7,4980.9,0
2024-05-23 02:57:00,5,59,21.2,90,13.6,1016.7,0.7,1.7,5,4980.9,0
2024-05-23 03:02:00,5,59,21.2,89,13.7,1016.7,0.7,1.0,7,4980.9,0
2024-05-23 03:07:00,5,59,21.2,89,13.7,1016.7,1.4,2.0,7,4980.9,0
2024-05-23 03:12:00,5,59,21.1,89,13.8,1016.8,1.0,1.7,10,4980.9,0
2024-05-23 03:17:00,5,59,21.1,89,13.8,1016.8,1.4,2.0,6,4980.9,0
2024-05-23 03:22:00,5,59,21.1,90,13.8,1016.9,0.3,0.7,8,4980.9,0
2024-05-23 03:27:00,5,59,21.1,90,13.8,1016.9,1.4,2.7,6,4980.9,0
2024-05-23 03:32:00,5,59,21.1,89,13.8,1016.8,1.4,2.0,5,4980.9,0
2024-05-23 03:37:00,5,59,21.1,90,13.8,1017.0,0.0,0.7,8,4980.9,0
2024-05-23 03:42:00,5,59,21.1,90,13.8,1016.9,0.7,1.0,9,4980.9,0
2024-05-23 03:47:00,5,59,21.1,90,13.9,1016.8,0.0,0.0,9,4980.9,0
2024-05-23 03:52:00,5,59,21.1,90,13.8,1016.9,0.3,0.7,8,4980.9,0
2024-05-23 03:57:00,5,59,21.1,90,13.7,1016.9,0.0,0.7,8,4980.9,0
2024-05-23 04:02:00,5,59,21.1,90,13.7,1016.9,0.3,0.7,7,4980.9,0
2024-05-23 04:07:00,5,59,21.1,90,13.6,1016.9,0.7,1.7,5,4980.9,0
2024-05-23 04:12:00,5,59,21.1,90,13.7,1017.1,0.3,1.0,7,4980.9,0
2024-05-23 04:17:00,5,59,21.1,90,13.7,1017.0,0.3,1.0,7,4980.9,0
2024-05-23 04:22:00,5,59,21.1,91,13.7,1017.1,0.7,1.0,7,4980.9,0
2024-05-23 04:27:00,5,59,21.1,91,13.6,1017.2,1.0,1.7,8,4980.9,0
2024-05-23 04:32:00,5,59,21.1,91,13.6,1017.4,0.0,0.0,9,4980.9,0
2024-05-23 04:37:00,5,59,21.1,91,13.6,1017.3,0.7,1.7,9,4980.9,0
2024-05-23 04:42:00,5,59,21.1,91,13.6,1017.3,0.7,1.7,9,4980.9,0
2024-05-23 04:47:00,5,59,21.0,91,13.6,1017.4,0.3,1.0,10,4980.9,0
2024-05-23 04:52:00,5,59,21.0,91,13.7,1017.5,0.3,1.0,8,4980.9,0
2024-05-23 04:57:00,5,59,21.0,91,13.7,1017.5,0.3,1.0,8,4980.9,0
2024-05-23 05:02:00,5,59,21.1,91,13.7,1017.6,0.3,1.0,4,4980.9,0
2024-05-23 05:07:00,5,59,21.1,91,13.8,1017.7,0.3,1.0,10,4980.9,0
2024-05-23 05:12:00,5,59,21.1,91,13.9,1017.7,0.0,0.7,11,4980.9,0
2024-05-23 05:17:00,5,60,21.1,91,13.9,1017.8,0.3,1.0,8,4980.9,0
2024-05-23 05:22:00,5,60,21.0,91,13.9,1017.9,0.0,0.7,11,4980.9,0
2024-05-23 05:27:00,5,61,21.1,90,13.9,1017.7,1.0,2.0,5,4980.9,0
2024-05-23 05:32:00,5,62,21.1,90,14.0,1017.8,0.3,0.7,7,4980.9,0
2024-05-23 05:37:00,5,62,21.1,90,14.0,1017.7,0.7,1.0,10,4980.9,0
2024-05-23 05:42:00,5,61,21.1,90,14.1,1017.7,1.0,2.0,10,4980.9,0
2024-05-23 05:47:00,5,61,21.2,89,14.2,1017.8,1.4,2.7,10,4980.9,0
2024-05-23 05:52:00,5,61,21.2,90,14.3,1017.7,0.3,1.7,9,4980.9,0
2024-05-23 05:57:00,5,61,21.2,90,14.4,1017.8,0.3,1.0,12,4980.9,0
2024-05-23 06:02:00,5,61,21.3,89,14.4,1017.7,0.0,0.7,13,4980.9,0
2024-05-23 06:07:00,5,61,21.3,89,14.4,1017.6,0.7,1.7,5,4980.9,0
2024-05-23 06:12:00,5,61,21.4,89,14.4,1017.7,0.3,1.0,9,4980.9,0
2024-05-23 06:17:00,5,61,21.4,89,14.5,1017.7,0.7,1.7,6,4980.9,0
2024-05-23 06:22:00,5,61,21.5,89,14.6,1017.7,0.7,1.0,9,4980.9,0
2024-05-23 06:27:00,5,61,21.5,89,14.6,1017.7,0.0,0.7,6,4980.9,0
2024-05-23 06:32:00,5,61,21.5,89,14.7,1017.8,0.7,1.0,9,4980.9,0
2024-05-23 06:37:00,5,60,21.5,88,14.8,1017.8,0.3,0.7,9,4980.9,0
2024-05-23 06:42:00,5,61,21.5,88,14.9,1017.9,0.3,1.0,8,4980.9,0
2024-05-23 06:47:00,5,61,21.5,88,15.0,1017.9,0.3,0.7,10,4980.9,0
2024-05-23 06:52:00,5,60,21.5,87,15.0,1017.9,0.7,1.7,8,4980.9,0
2024-05-23 06:57:00,5,60,21.5,87,15.0,1018.0,0.7,1.7,6,4980.9,0
2024-05-23 07:02:00,5,60,21.5,87,15.0,1017.9,1.4,2.7,9,4980.9,0
2024-05-23 07:07:00,5,60,21.5,87,15.2,1017.9,0.3,0.7,12,4980.9,0
2024-05-23 07:12:00,5,60,21.5,87,15.2,1017.9,1.0,2.7,9,4980.9,0
2024-05-23 07:17:00,5,60,21.5,86,15.2,1017.9,1.7,2.7,7,4980.9,0
2024-05-23 07:22:00,5,60,21.6,87,15.3,1018.0,0.7,1.7,8,4980.9,0
2024-05-23 07:27:00,5,60,21.6,86,15.4,1018.0,1.0,1.7,6,4980.9,0
2024-05-23 07:32:00,5,60,21.7,85,15.6,1017.9,0.7,1.0,14,4980.9,0
2024-05-23 07:37:00,5,59,21.7,84,15.5,1017.9,1.4,2.7,5,4980.9,0
2024-05-23 07:42:00,5,59,21.7,84,15.6,1017.7,1.4,2.0,4,4980.9,0
2024-05-23 07:47:00,5,59,21.8,84,16.0,1017.8,0.7,1.7,7,4980.9,0
2024-05-23 07:52:00,5,59,21.9,84,16.1,1017.8,0.7,1.7,12,4980.9,0
2024-05-23 07:57:00,5,58,22.0,83,16.1,1017.7,1.4,2.7,8,4980.9,0
2024-05-23 08:02:00,5,58,22.1,84,16.2,1017.8,0.3,1.0,7,4980.9,0
2024-05-23 08:07:00,5,57,22.1,83,16.0,1017.7,0.7,1.7,6,4980.9,0
2024-05-23 08:12:00,5,57,22.1,83,16.1,1017.9,0.3,1.0,6,4980.9,0
2024-05-23 08:17:00,5,57,22.1,83,16.3,1018.0,0.3,1.0,3,4980.9,0
2024-05-23 08:22:00,5,57,22.2,83,16.1,1017.8,1.0,2.0,7,4980.9,0
2024-05-23 08:27:00,5,57,22.2,82,15.9,1017.9,1.7,2.7,6,4980.9,0
2024-05-23 10:07:39,5,55,23.0,76,18.6,1017.6,0.7,1.7,11,4980.9,0
2024-05-23 10:12:39,5,55,23.1,76,18.0,1017.5,1.4,2.0,8,4980.9,0
2024-05-23 10:17:39,5,55,23.1,78,17.9,1017.4,0.3,1.7,3,4980.9,0
2024-05-23 10:22:39,5,55,23.1,78,18.0,1017.6,1.0,2.0,7,4980.9,0
2024-05-23 10:27:39,5,55,23.1,76,18.8,1017.5,0.3,1.0,6,4980.9,0
2024-05-23 10:32:39,5,54,23.1,76,18.5,1017.4,0.3,0.7,5,4980.9,0
2024-05-23 10:37:39,5,54,23.1,76,18.6,1017.4,0.7,1.0,7,4980.9,0
2024-05-23 10:42:39,5,54,23.1,76,18.2,1017.4,1.0,2.0,5,4980.9,0
2024-05-23 10:47:39,5,54,23.1,76,17.7,1017.6,0.7,2.0,6,4980.9,0
2024-05-23 10:52:39,5,54,23.0,77,17.7,1017.7,0.3,1.7,7,4980.9,0
2024-05-23 10:57:39,5,54,23.0,78,17.8,1017.7,1.0,1.7,6,4980.9,0
2024-05-23 11:02:39,5,54,23.0,78,18.0,1017.7,0.7,1.0,6,4980.9,0
2024-05-23 11:07:39,5,54,23.0,76,17.8,1017.6,1.4,2.7,9,4980.9,0
2024-05-23 11:12:39,5,54,23.0,76,18.2,1017.5,0.3,0.7,5,4980.9,0
2024-05-23 11:17:39,5,54,23.0,73,19.3,1017.5,1.0,2.0,3,4980.9,0
2024-05-23 11:22:39,5,54,23.0,73,19.3,1017.5,0.7,1.0,7,4980.9,0
2024-05-23 11:27:39,5,54,23.0,75,19.0,1017.3,0.3,1.0,4,4980.9,0
2024-05-23 11:32:39,5,54,23.1,71,19.8,1017.5,2.0,2.7,6,4980.9,0
2024-05-23 11:37:39,5,54,23.1,70,19.9,1017.5,1.4,2.0,4,4980.9,0
2024-05-23 11:42:39,5,54,23.1,72,19.0,1017.4,1.0,2.0,7,4980.9,0
2024-05-23 11:47:39,5,54,23.1,72,18.8,1017.4,0.7,1.7,7,4980.9,0
2024-05-23 11:52:39,5,54,23.1,73,18.7,1017.4,1.0,2.0,11,4980.9,0
2024-05-23 11:57:39,5,54,23.1,72,19.6,1017.3,0.7,1.0,9,4980.9,0
2024-05-23 12:02:39,5,54,23.1,71,19.9,1017.3,1.4,2.7,8,4980.9,0
2024-05-23 12:07:39,5,54,23.1,71,19.5,1017.3,1.0,1.7,7,4980.9,0
2024-05-23 12:12:39,5,54,23.1,69,19.9,1017.3,1.4,3.1,5,4980.9,0
2024-05-23 12:17:39,5,54,23.2,69,20.4,1017.2,1.0,2.0,3,4980.9,0
2024-05-23 12:22:39,5,54,23.2,69,20.1,1017.3,1.0,2.0,7,4980.9,0
2024-05-23 12:27:39,5,53,23.3,69,20.1,1017.2,1.0,1.7,7,4980.9,0
2024-05-23 12:32:39,5,53,23.3,69,20.2,1017.2,1.0,2.0,9,4980.9,0
2024-05-23 12:37:39,5,53,23.3,69,20.3,1017.1,1.0,2.7,7,4980.9,0
2024-05-23 12:42:39,5,53,23.3,69,20.6,1017.1,0.3,0.7,9,4980.9,0
2024-05-23 12:47:39,5,53,23.3,70,19.5,1017.0,1.0,2.0,9,4980.9,0
2024-05-23 12:52:39,5,53,23.3,71,19.8,1017.2,0.3,0.7,7,4980.9,0
2024-05-23 12:57:39,5,53,23.3,70,19.7,1017.2,0.7,1.0,6,4980.9,0
2024-05-23 13:02:39,5,53,23.3,71,19.1,1017.1,1.7,3.1,6,4980.9,0
2024-05-23 13:07:39,5,53,23.3,74,18.8,1017.3,1.4,3.1,13,4980.9,0
2024-05-23 13:12:39,5,53,23.2,74,18.7,1017.4,1.4,2.7,6,4980.9,0
2024-05-23 13:17:39,5,53,23.2,77,18.6,1017.6,1.0,2.0,6,4980.9,0
2024-05-23 13:22:39,5,53,23.1,78,18.6,1017.5,0.7,1.7,4,4980.9,0
2024-05-23 13:27:39,5,53,23.1,76,18.9,1017.4,0.7,2.0,5,4980.9,0
2024-05-23 13:32:39,5,53,23.1,72,19.8,1017.5,1.0,2.0,7,4980.9,0
2024-05-23 13:37:39,5,53,23.1,69,20.1,1017.4,0.7,1.7,10,4980.9,0
2024-05-23 13:42:39,5,53,23.1,65,20.1,1017.4,1.7,2.7,6,4980.9,0
2024-05-23 13:47:39,5,53,23.2,64,20.7,1017.3,0.7,1.0,5,4980.9,0
2024-05-23 13:52:39,5,53,23.2,62,21.0,1017.3,0.7,2.0,13,4980.9,0
2024-05-23 13:57:39,5,53,23.3,64,20.8,1017.3,0.3,1.0,5,4980.9,0
2024-05-23 14:02:39,5,53,23.3,67,20.4,1017.4,2.0,2.7,6,4980.9,0
2024-05-23 14:07:39,5,53,23.3,68,20.4,1017.2,0.7,1.0,6,4980.9,0
2024-05-23 14:12:39,5,53,23.3,66,21.0,1017.3,1.0,1.7,8,4980.9,0
2024-05-23 14:17:39,5,53,23.3,67,20.7,1017.4,1.4,3.1,7,4980.9,0
2024-05-23 14:22:39,5,53,23.3,69,19.8,1017.4,0.7,2.0,5,4980.9,0
2024-05-23 14:27:39,5,53,23.3,71,19.6,1017.3,1.4,2.7,8,4980.9,0
2024-05-23 14:32:39,5,53,23.3,72,19.3,1017.6,1.0,1.7,3,4980.9,0
2024-05-23 14:37:39,5,53,23.3,72,19.5,1017.6,0.0,0.7,14,4980.9,0
2024-05-23 14:42:39,5,53,23.3,72,19.6,1017.6,1.0,1.7,6,4980.9,0
2024-05-23 14:47:39,5,53,23.3,71,20.1,1017.6,0.3,1.0,12,4980.9,0
2024-05-23 14:52:39,5,53,23.3,72,20.4,1017.6,0.7,1.7,10,4980.9,0
2024-05-23 14:57:39,5,53,23.4,69,20.9,1017.6,0.3,1.7,4,4980.9,0
2024-05-23 15:02:39,5,53,23.4,69,21.0,1017.7,0.7,1.7,4,4980.9,0
2024-05-23 15:07:39,5,53,23.4,69,20.6,1017.4,0.3,1.0,8,4980.9,0
2024-05-23 15:12:39,5,53,23.4,70,19.9,1017.5,0.7,1.7,6,4980.9,0
2024-05-23 15:17:39,5,54,23.4,71,20.2,1017.6,0.0,0.0,10,4980.9,0
2024-05-23 15:22:39,5,54,23.4,71,19.5,1017.6,1.0,2.0,6,4980.9,0
2024-05-23 15:27:39,5,54,23.4,72,19.4,1017.7,0.3,1.0,4,4980.9,0
2024-05-23 15:32:39,5,54,23.4,73,19.1,1017.8,1.4,2.7,7,4980.9,0
2024-05-23 15:37:39,5,54,23.4,74,18.7,1017.9,1.0,1.7,4,4980.9,0
2024-05-23 15:42:39,5,54,23.3,75,18.6,1018.0,0.3,1.0,8,4980.9,0
2024-05-23 15:47:39,5,54,23.3,80,18.2,1018.0,1.4,2.7,6,4980.9,0
2024-05-23 15:52:39,5,54,23.2,85,17.5,1018.2,0.7,2.0,7,4980.9,0
2024-05-23 15:57:39,5,54,23.1,87,17.2,1018.1,0.0,1.0,4,4980.9,0
2024-05-23 16:02:39,5,54,23.1,89,17.1,1018.2,0.0,0.7,7,4981.2,0
2024-05-23 16:07:39,5,54,23.1,89,16.7,1018.3,1.0,2.0,4,4981.2,0
2024-05-23 16:12:39,5,54,23.1,89,16.8,1018.2,0.0,0.7,6,4981.2,0
2024-05-23 16:17:39,5,55,23.1,89,16.6,1018.4,0.0,0.7,8,4981.2,0
2024-05-23 16:22:39,5,55,23.1,90,16.8,1018.4,0.0,0.7,6,4981.2,0
2024-05-23 16:27:39,5,55,23.1,90,16.8,1018.4,0.3,1.0,5,4981.2,0
2024-05-23 16:32:39,5,55,23.0,91,17.0,1018.3,0.0,0.7,3,4981.2,0
2024-05-23 16:37:39,5,56,23.0,90,16.8,1018.3,0.0,0.0,5,4981.2,0
2024-05-23 16:42:39,5,56,23.0,90,16.7,1018.3,0.0,0.7,5,4981.2,0
2024-05-23 16:47:39,5,56,23.0,89,16.6,1018.4,0.0,0.7,7,4981.2,0
2024-05-23 16:52:39,5,56,23.0,88,16.6,1018.3,0.3,1.0,5,4981.2,0
2024-05-23 16:57:39,5,56,23.0,88,16.7,1018.6,0.0,0.7,5,4981.2,0
2024-05-23 17:02:38,5,55,22.9,87,16.9,1018.6,0.0,0.0,5,4981.2,0
2024-05-23 17:07:38,5,55,22.9,87,16.9,1018.6,0.0,0.0,5,4981.2,0
2024-05-23 17:12:38,5,55,22.9,86,16.9,1018.7,0.3,0.7,7,4981.2,0
2024-05-23 17:17:38,5,55,22.9,86,17.0,1018.6,0.3,0.7,7,4981.2,0
2024-05-23 17:22:38,5,55,22.8,86,17.0,1018.7,0.0,0.0,7,4981.2,0
2024-05-23 17:27:38,5,55,22.8,85,17.1,1018.7,0.0,0.0,4,4981.2,0
2024-05-23 17:32:38,5,56,22.7,85,17.2,1018.8,0.0,0.7,5,4981.2,0
2024-05-23 17:37:38,5,56,22.7,85,17.4,1018.8,0.0,0.0,7,4981.2,0
2024-05-23 17:42:38,5,56,22.7,84,17.6,1018.7,0.3,0.7,4,4981.2,0
2024-05-23 17:47:38,5,56,22.7,83,17.8,1018.9,0.0,0.7,8,4981.2,0
2024-05-23 17:52:38,5,56,22.7,83,17.7,1018.9,0.3,0.7,8,4981.2,0
2024-05-23 17:57:38,5,56,22.7,83,17.8,1018.9,0.0,0.7,8,4981.2,0
2024-05-23 18:02:38,5,56,22.7,83,17.8,1018.8,0.0,0.0,9,4981.2,0
2024-05-23 18:07:38,5,56,22.7,83,17.5,1018.8,0.0,0.0,6,4981.2,0
2024-05-23 18:12:38,5,56,22.7,83,17.4,1018.8,0.7,1.0,5,4981.2,0
2024-05-23 18:17:38,5,56,22.7,84,17.5,1018.9,0.0,0.0,5,4981.2,0
2024-05-23 18:22:38,5,56,22.7,83,17.4,1019.0,0.0,0.7,6,4981.2,0
2024-05-23 18:27:38,5,56,22.7,83,17.4,1018.8,0.3,0.7,5,4981.2,0
2024-05-23 18:32:38,5,56,22.7,83,17.4,1018.9,0.0,0.0,5,4981.2,0
2024-05-23 18:37:38,5,56,22.6,83,17.4,1019.0,0.0,0.0,5,4981.2,0
2024-05-23 18:42:38,5,56,22.6,84,17.2,1019.1,0.3,0.7,5,4981.2,0
2024-05-23 18:47:38,5,56,22.6,84,17.1,1019.0,0.0,0.0,5,4981.2,0
2024-05-23 18:52:38,5,56,22.6,84,17.0,1019.1,0.0,0.0,5,4981.2,0
2024-05-23 18:57:38,5,56,22.6,85,17.0,1019.1,0.0,0.0,5,4981.2,0
2024-05-23 19:02:38,5,56,22.5,86,16.9,1019.3,0.0,0.0,5,4981.2,0
2024-05-23 19:07:38,5,57,22.5,86,16.7,1019.5,0.0,0.0,5,4981.2,0
2024-05-23 19:12:38,5,57,22.4,86,16.6,1019.4,0.0,0.0,5,4981.2,0
2024-05-23 19:17:38,5,57,22.3,86,16.6,1019.5,0.0,0.0,5,4981.2,0
2024-05-23 19:22:38,5,57,22.3,86,16.6,1019.7,0.0,0.0,5,4981.2,0
2024-05-23 19:27:38,5,57,22.3,86,16.5,1019.8,0.0,0.0,5,4981.2,0
2024-05-23 19:32:38,5,58,22.3,86,16.4,1019.7,0.0,0.0,5,4981.2,0
2024-05-23 19:37:38,5,58,22.3,87,16.4,1019.9,0.0,0.0,5,4981.2,0
2024-05-23 19:42:38,5,58,22.2,88,16.3,1020.0,0.0,0.0,5,4981.2,0
2024-05-23 19:47:38,5,58,22.2,89,16.0,1020.1,0.0,0.0,5,4981.2,0
2024-05-23 19:52:38,5,58,22.2,89,15.8,1020.1,0.0,0.0,5,4981.2,0
2024-05-23 19:57:38,5,58,22.2,89,15.7,1020.3,0.0,0.0,5,4981.2,0
2024-05-23 20:02:38,5,58,22.2,90,15.6,1020.4,0.0,0.0,5,4981.2,0
2024-05-23 20:07:38,5,59,22.2,90,15.4,1020.5,0.0,0.0,5,4981.2,0
2024-05-23 20:12:38,5,59,22.1,91,15.2,1020.4,0.0,0.0,5,4981.2,0
2024-05-23 20:17:38,5,59,22.1,92,15.1,1020.6,0.0,0.0,5,4981.2,0
2024-05-23 20:22:38,5,59,22.1,92,15.0,1020.6,0.0,0.0,5,4981.2,0
2024-05-23 20:27:38,5,60,22.1,93,14.9,1020.6,0.0,0.0,5,4981.2,0
2024-05-23 20:32:38,5,60,22.1,93,14.8,1020.7,0.0,0.0,5,4981.2,0
2024-05-23 20:37:38,5,60,22.1,93,14.8,1020.7,0.0,0.0,5,4981.2,0
2024-05-23 20:42:38,5,60,22.1,94,14.8,1020.6,0.0,0.0,5,4981.2,0
2024-05-23 20:47:38,5,60,22.1,94,14.7,1020.7,0.0,0.0,5,4981.2,0
2024-05-23 20:52:38,5,60,22.1,94,14.7,1020.7,0.0,0.0,5,4981.2,0
2024-05-23 20:57:38,5,60,22.0,94,14.7,1020.7,0.0,0.0,5,4981.2,0
2024-05-23 21:02:38,5,61,21.9,94,14.6,1020.8,0.0,0.0,5,4981.2,0
2024-05-23 21:07:38,5,61,21.9,95,14.6,1020.9,0.0,0.0,5,4981.2,0
2024-05-23 21:12:38,5,61,21.9,95,14.6,1021.0,0.0,0.0,5,4981.2,0
2024-05-23 21:17:38,5,61,21.9,95,14.5,1020.9,0.0,0.0,5,4981.2,0
2024-05-23 21:22:38,5,61,21.9,95,14.5,1021.0,0.0,0.0,5,4981.2,0
2024-05-23 21:27:38,5,61,21.9,96,14.4,1021.1,0.0,0.0,5,4981.2,0
2024-05-23 21:32:38,5,61,21.9,96,14.4,1021.2,0.0,0.0,5,4981.2,0
2024-05-23 21:37:38,5,61,21.9,96,14.4,1021.0,0.0,0.0,5,4981.2,0
2024-05-23 21:42:38,5,61,21.9,96,14.3,1021.1,0.0,0.0,5,4981.2,0
2024-05-23 21:47:38,5,61,21.9,96,14.3,1021.1,0.0,0.0,5,4981.2,0
2024-05-23 21:52:38,5,61,21.8,96,14.2,1021.1,0.0,0.0,5,4981.2,0
2024-05-23 21:57:38,5,61,21.8,96,14.2,1021.1,0.0,0.0,5,4981.2,0
2024-05-23 22:02:38,5,62,21.8,96,14.1,1021.0,0.0,0.0,5,4981.2,0
2024-05-23 22:07:38,5,62,21.8,96,13.8,1021.1,0.0,0.0,5,4981.2,0
2024-05-23 22:12:38,5,62,21.8,96,13.7,1021.2,0.0,0.0,5,4981.2,0
2024-05-23 22:17:38,5,62,21.8,96,13.8,1021.2,0.0,0.0,5,4981.2,0
2024-05-23 22:22:38,5,62,21.8,96,13.7,1021.2,0.0,0.0,5,4981.2,0
2024-05-23 22:27:38,5,62,21.8,96,13.6,1021.3,0.0,0.0,5,4981.2,0
2024-05-23 22:32:38,5,62,21.8,97,13.5,1021.3,0.0,0.0,5,4981.2,0
2024-05-23 22:37:38,5,62,21.8,97,13.5,1021.2,0.0,0.0,5,4981.2,0
2024-05-23 22:42:38,5,62,21.8,97,13.4,1021.4,0.0,0.0,5,4981.2,0
2024-05-23 22:47:38,5,62,21.7,97,13.3,1021.4,0.0,0.0,5,4981.2,0
2024-05-23 22:52:38,5,62,21.7,97,13.2,1021.3,0.0,0.0,5,4981.2,0
2024-05-23 22:57:38,5,62,21.7,97,13.1,1021.5,0.0,0.0,5,4981.2,0
2024-05-23 23:02:38,5,62,21.7,97,13.0,1021.4,0.0,0.0,5,4981.2,0
2024-05-23 23:07:38,5,62,21.7,97,13.0,1021.5,0,0,5,4981.2,0
2024-05-23 23:12:38,5,62,21.7,97,13.0,1021.4,0,0,5,4981.2,0
2024-05-23 23:17:38,5,62,21.7,97,13.0,1021.4,0,0,5,4981.2,0
2024-05-23 23:22:38,5,62,21.7,97,12.8,1021.5,0,0,5,4981.2,0
2024-05-23 23:27:38,5,62,21.7,97,12.8,1021.5,0,0,5,4981.2,0
2024-05-23 23:32:38,5,62,21.7,98,12.9,1021.6,0,0,5,4981.2,0
2024-05-23 23:37:38,5,62,21.7,98,12.9,1021.7,0,0,5,4981.2,0
2024-05-23 23:42:38,5,62,21.6,98,12.8,1021.7,0,0,5,4981.2,0
2024-05-23 23:47:38,5,62,21.6,98,12.8,1021.8,0,0,5,4981.2,0
2024-05-23 23:52:38,5,62,21.6,98,12.8,1021.8,0,0,5,4981.2,0
2024-05-23 23:57:38,5,62,21.6,98,12.7,1021.9,0,0,5,4981.2,0
