2024-05-22 00:02:00,5,64,22.5,99,14.8,1008.6,0.0,0.0,2,4980.0,0
2024-05-22 00:07:00,5,64,22.5,99,14.8,1008.6,0.0,0.0,2,4980.0,0
2024-05-22 00:12:00,5,64,22.5,99,14.7,1008.5,0.0,0.0,3,4980.0,0
2024-05-22 00:17:00,5,64,22.4,99,14.6,1008.5,0.0,0.0,3,4980.0,0
2024-05-22 00:22:00,5,64,22.4,99,14.6,1008.4,0.0,0.0,3,4980.3,0
2024-05-22 00:27:00,5,64,22.3,99,14.5,1008.4,0.0,0.0,3,4980.3,0
2024-05-22 00:32:00,5,64,22.3,99,14.5,1008.4,0.0,0.0,3,4980.3,0
2024-05-22 00:37:00,5,64,22.3,99,14.4,1008.6,0.0,0.0,3,4980.3,0
2024-05-22 00:42:00,5,64,22.3,99,14.5,1008.6,0.0,0.0,3,4980.3,0
2024-05-22 00:47:00,5,64,22.3,99,14.5,1008.5,0.0,0.0,3,4980.3,0
2024-05-22 00:52:00,5,64,22.3,99,14.5,1008.7,0.0,0.0,3,4980.3,0
2024-05-22 00:57:00,5,64,22.2,99,14.6,1008.4,0.0,0.0,3,4980.6,0
2024-05-22 01:02:00,5,64,22.2,99,14.6,1008.5,0.0,0.0,3,4980.6,0
2024-05-22 01:07:00,5,64,22.2,99,14.6,1008.3,0.0,0.0,3,4980.6,0
2024-05-22 01:12:00,5,64,22.2,99,14.6,1008.5,0.0,0.0,3,4980.6,0
2024-05-22 01:17:00,5,64,22.2,99,14.6,1008.5,0.0,0.0,3,4980.9,0
2024-05-22 01:22:00,5,64,22.2,99,14.5,1008.4,0.0,0.0,3,4980.9,0
2024-05-22 01:27:00,5,64,22.2,99,14.6,1008.4,0.0,0.0,3,4980.9,0
2024-05-22 01:32:00,5,64,22.1,99,14.6,1008.3,0.0,0.0,3,4980.9,0
2024-05-22 01:37:00,5,64,22.1,99,14.5,1008.4,0.0,0.0,3,4980.9,0
2024-05-22 01:42:00,5,64,22.1,99,14.5,1008.4,0.0,0.0,3,4980.9,0
2024-05-22 01:47:00,5,64,22.1,99,14.5,1008.5,0.0,0.0,3,4980.9,0
2024-05-22 01:52:00,5,64,22.0,99,14.4,1008.4,0.0,0.0,3,4980.9,0
2024-05-22 01:57:00,5,64,22.0,99,14.4,1008.3,0.0,0.0,3,4980.9,0
2024-05-22 02:02:00,5,64,22.0,99,14.3,1008.3,0.0,0.0,3,4980.9,0
2024-05-22 02:07:00,5,64,22.0,99,14.4,1008.4,0.0,0.0,3,4980.9,0
2024-05-22 02:12:00,5,64,22.0,99,14.4,1008.4,0.0,0.0,3,4980.9,0
2024-05-22 02:17:00,5,65,21.9,99,14.4,1008.5,0.0,0.0,3,4980.9,0
2024-05-22 02:22:00,5,65,21.9,99,14.5,1008.4,0.0,0.0,3,4980.9,0
2024-05-22 02:27:00,5,65,21.9,99,14.4,1008.4,0.0,0.0,3,4980.9,0
2024-05-22 02:32:00,5,65,21.9,99,14.4,1008.4,0.0,0.0,3,4980.9,0
2024-05-22 02:37:00,5,65,21.9,99,14.5,1008.6,0.0,0.0,3,4980.9,0
2024-05-22 02:42:00,5,65,21.9,99,14.5,1008.5,0.7,1.0,4,4980.9,0
2024-05-22 02:47:00,5,65,21.9,99,14.5,1008.3,0.0,0.0,6,4980.9,0
2024-05-22 02:52:00,5,65,21.9,99,14.4,1008.4,0.7,1.0,9,4980.9,0
2024-05-22 02:57:00,5,65,21.9,99,14.4,1008.3,0.7,1.7,5,4980.9,0
2024-05-22 03:02:00,5,65,21.8,99,14.4,1008.3,0.7,1.0,5,4980.9,0
2024-05-22 03:07:00,5,65,21.8,99,14.4,1008.4,0.3,1.0,7,4980.9,0
2024-05-22 03:12:00,5,65,21.8,99,14.3,1008.5,0.0,0.7,6,4980.9,0
2024-05-22 03:17:00,5,65,21.8,99,14.2,1008.4,0.7,1.7,10,4980.9,0
2024-05-22 03:22:00,5,65,21.8,99,14.3,1008.2,0.3,0.7,7,4980.9,0
2024-05-22 03:27:00,5,65,21.8,99,14.3,1008.4,0.3,0.7,9,4980.9,0
2024-05-22 03:32:00,5,65,21.8,99,14.2,1008.4,1.0,1.7,5,4980.9,0
2024-05-22 03:37:00,5,65,21.7,99,14.2,1008.3,0.0,0.7,6,4980.9,0
2024-05-22 03:42:00,5,65,21.7,99,14.2,1008.4,0.3,0.7,5,4980.9,0
2024-05-22 03:47:00,5,65,21.7,99,14.2,1008.5,0.3,0.7,6,4980.9,0
2024-05-22 03:52:00,5,65,21.7,99,14.2,1008.5,0.7,1.7,6,4980.9,0
2024-05-22 03:57:00,5,65,21.7,99,14.2,1008.5,0.7,2.0,6,4980.9,0
2024-05-22 04:02:00,5,65,21.7,99,14.2,1008.7,1.0,2.0,6,4980.9,0
2024-05-22 04:07:00,5,65,21.7,99,14.1,1008.7,0.7,1.7,6,4980.9,0
2024-05-22 04:12:00,5,65,21.7,99,14.0,1008.9,1.0,2.0,8,4980.9,0
2024-05-22 04:17:00,5,65,21.7,99,14.1,1008.9,0.3,0.7,7,4980.9,0
2024-05-22 04:22:00,5,65,21.7,99,14.0,1009.0,1.4,2.0,9,4980.9,0
2024-05-22 04:27:00,5,65,21.7,99,14.0,1009.0,0.3,0.7,5,4980.9,0
2024-05-22 04:32:00,5,65,21.7,99,14.0,1009.0,0.3,0.7,5,4980.9,0
2024-05-22 04:37:00,5,65,21.6,99,13.8,1009.0,1.7,2.7,7,4980.9,0
2024-05-22 04:42:00,5,65,21.6,99,13.9,1008.9,0.7,1.0,6,4980.9,0
2024-05-22 04:47:00,5,65,21.6,99,13.9,1009.0,0.3,1.7,5,4980.9,0
2024-05-22 04:52:00,5,65,21.6,99,13.9,1009.0,0.3,1.0,6,4980.9,0
2024-05-22 04:57:00,5,65,21.6,99,13.9,1009.0,0.7,2.0,9,4980.9,0
2024-05-22 05:02:00,5,65,21.6,99,13.9,1009.1,1.0,2.0,7,4980.9,0
2024-05-22 05:07:00,5,65,21.6,99,13.8,1009.2,1.0,1.7,8,4980.9,0
2024-05-22 05:12:00,5,65,21.6,99,13.8,1009.2,1.0,2.0,7,4980.9,0
2024-05-22 05:17:00,5,65,21.6,99,13.7,1009.4,1.0,1.7,6,4980.9,0
2024-05-22 05:22:00,5,65,21.5,99,13.8,1009.3,0.7,1.0,5,4980.9,0
2024-05-22 05:27:00,5,65,21.6,99,13.8,1009.5,0.3,1.0,6,4980.9,0
2024-05-22 05:32:00,5,65,21.5,99,13.8,1009.4,0.7,1.7,8,4980.9,0
2024-05-22 05:37:00,5,64,21.5,99,13.9,1009.4,0.3,1.0,5,4980.9,0
2024-05-22 05:42:00,5,64,21.6,99,14.0,1009.5,0.3,1.7,10,4980.9,0
2024-05-22 05:47:00,5,64,21.6,99,14.0,1009.4,1.0,1.7,7,4980.9,0
2024-05-22 05:52:00,5,64,21.6,99,14.0,1009.4,0.7,1.7,6,4980.9,0
2024-05-22 05:57:00,5,64,21.6,99,13.9,1009.5,0.7,1.0,6,4980.9,0
2024-05-22 06:02:00,5,64,21.6,99,13.9,1009.4,0.7,1.7,6,4980.9,0
2024-05-22 06:07:00,5,64,21.7,98,14.1,1009.6,0.3,0.7,4,4980.9,0
2024-05-22 06:12:00,5,64,21.7,98,14.2,1009.6,0.7,1.0,8,4980.9,0
2024-05-22 06:17:00,5,64,21.7,97,14.2,1009.7,0.7,1.0,8,4980.9,0
2024-05-22 06:22:00,5,64,21.8,96,14.4,1009.7,1.0,1.7,7,4980.9,0
2024-05-22 06:27:00,5,64,21.8,95,14.6,1009.6,0.3,1.0,10,4980.9,0
2024-05-22 06:32:00,5,63,21.9,94,14.5,1009.6,1.7,3.7,8,4980.9,0
2024-05-22 06:37:00,5,63,21.9,93,14.6,1009.6,1.4,3.1,1,4980.9,0
2024-05-22 06:42:00,5,63,21.9,93,14.8,1009.6,0.3,0.7,11,4980.9,0
2024-05-22 06:47:00,5,62,22.1,93,14.8,1009.7,1.7,3.7,7,4980.9,0
2024-05-22 06:52:00,5,62,22.1,93,14.8,1009.6,0.7,1.7,10,4980.9,0
2024-05-22 06:57:00,5,62,22.1,93,14.8,1009.6,0.7,1.7,12,4980.9,0
2024-05-22 07:02:00,5,63,22.2,93,14.8,1009.5,1.0,1.7,9,4980.9,0
2024-05-22 07:07:00,5,62,22.2,93,14.8,1009.6,1.4,2.0,9,4980.9,0
2024-05-22 07:12:00,5,62,22.2,93,14.8,1009.5,0.7,2.0,7,4980.9,0
2024-05-22 07:17:00,5,62,22.3,92,15.0,1009.6,0.7,1.0,8,4980.9,0
2024-05-22 07:22:00,5,62,22.3,92,15.1,1009.6,0.7,1.0,5,4980.9,0
2024-05-22 07:27:00,5,61,22.3,92,15.1,1009.6,1.7,3.1,6,4980.9,0
2024-05-22 07:32:00,5,61,22.5,91,15.1,1009.5,1.4,2.7,8,4980.9,0
2024-05-22 07:37:00,5,61,22.5,91,15.3,1009.6,0.7,1.7,4,4980.9,0
2024-05-22 07:42:00,5,61,22.6,91,15.3,1009.4,0.7,2.0,10,4980.9,0
2024-05-22 07:47:00,5,61,22.6,91,15.2,1009.6,1.4,2.7,8,4980.9,0
2024-05-22 07:52:00,5,60,22.6,91,15.2,1009.6,1.0,2.0,9,4980.9,0
2024-05-22 07:57:00,5,60,22.7,91,15.2,1009.6,1.4,2.7,7,4980.9,0
2024-05-22 08:02:00,5,60,22.7,90,15.2,1009.6,1.0,2.0,6,4980.9,0
2024-05-22 08:07:00,5,60,22.7,91,15.2,1009.6,0.7,1.7,7,4980.9,0
2024-05-22 08:12:00,5,60,22.7,91,15.4,1009.6,0.0,0.7,8,4980.9,0
2024-05-22 08:17:00,5,59,22.7,91,15.3,1009.8,0.7,1.7,6,4980.9,0
2024-05-22 08:22:00,5,59,22.6,91,15.2,1009.9,0.7,1.7,6,4980.9,0
2024-05-22 08:27:00,5,59,22.6,91,14.9,1010.0,1.7,3.1,8,4980.9,0
2024-05-22 08:32:00,5,59,22.6,91,15.0,1010.0,1.0,2.0,7,4980.9,0
2024-05-22 08:37:00,5,58,22.6,92,15.2,1010.1,0.3,1.0,10,4980.9,0
2024-05-22 08:42:00,5,58,22.5,92,15.1,1010.2,1.0,2.7,11,4980.9,0
2024-05-22 08:47:00,5,58,22.5,91,15.0,1010.3,1.0,2.0,2,4980.9,0
2024-05-22 08:52:00,5,58,22.5,92,14.9,1010.4,0.7,1.7,8,4980.9,0
2024-05-22 08:57:00,5,58,22.5,92,15.0,1010.4,0.3,0.7,7,4980.9,0
2024-05-22 09:02:00,5,58,22.4,92,15.1,1010.4,0.7,1.0,3,4980.9,0
2024-05-22 09:07:00,5,58,22.4,91,15.2,1010.4,0.7,1.7,1,4980.9,0
2024-05-22 09:12:00,5,58,22.4,90,15.3,1010.4,0.3,1.0,4,4980.9,0
2024-05-22 09:17:00,5,58,22.4,90,15.2,1010.4,1.4,3.1,10,4980.9,0
2024-05-22 09:22:00,5,58,22.4,89,15.2,1010.6,1.0,2.7,7,4980.9,0
2024-05-22 09:27:00,5,58,22.3,89,15.2,1010.7,1.4,2.7,6,4980.9,0
2024-05-22 09:32:00,5,58,22.3,89,15.3,1010.7,0.7,1.7,7,4980.9,0
2024-05-22 09:37:00,5,57,22.3,89,15.3,1010.8,1.0,2.0,8,4980.9,0
2024-05-22 09:42:00,5,57,22.3,89,15.5,1010.9,0.7,1.0,10,4980.9,0
2024-05-22 09:47:00,5,57,22.3,88,15.6,1010.9,0.7,2.7,6,4980.9,0
2024-05-22 09:52:00,5,57,22.3,87,15.9,1010.9,0.7,2.0,11,4980.9,0
2024-05-22 09:57:00,5,57,22.3,86,16.1,1011.0,0.7,2.0,7,4980.9,0
2024-05-22 10:02:00,5,57,22.3,85,16.4,1011.0,1.0,3.7,11,4980.9,0
2024-05-22 10:07:00,5,57,22.4,85,16.4,1011.0,1.4,2.0,7,4980.9,0
2024-05-22 10:12:00,5,57,22.5,85,16.6,1011.0,0.3,0.7,7,4980.9,0
2024-05-22 10:17:00,5,57,22.5,83,16.6,1011.0,1.0,1.7,8,4980.9,0
2024-05-22 10:22:00,5,57,22.6,83,16.5,1011.0,1.4,3.1,10,4980.9,0
2024-05-22 10:27:00,5,56,22.6,83,16.5,1011.0,1.4,2.7,10,4980.9,0
2024-05-22 10:32:00,5,56,22.6,82,16.6,1011.1,2.0,5.1,5,4980.9,0
2024-05-22 10:37:00,5,56,22.6,83,16.8,1011.1,0.3,0.7,2,4980.9,0
2024-05-22 10:42:00,5,56,22.7,82,17.3,1011.1,0.7,1.7,8,4980.9,0
2024-05-22 10:47:00,5,56,22.7,80,17.3,1011.0,1.7,3.1,10,4980.9,0
2024-05-22 10:52:00,5,56,22.9,81,17.1,1011.0,1.0,2.0,5,4980.9,0
2024-05-22 10:57:00,5,56,22.9,80,17.2,1010.9,0.7,1.7,7,4980.9,0
2024-05-22 11:02:00,5,57,23.0,79,17.2,1010.9,1.4,2.7,6,4980.9,0
2024-05-22 11:07:00,5,57,23.0,80,17.5,1010.9,0.0,0.7,6,4980.9,0
2024-05-22 11:12:00,5,57,23.0,80,17.1,1010.9,0.7,2.0,7,4980.9,0
2024-05-22 11:17:00,5,56,23.0,81,16.9,1011.0,0.7,2.0,6,4980.9,0
2024-05-22 11:22:00,5,56,23.0,82,16.6,1011.1,1.0,1.0,11,4980.9,0
2024-05-22 11:27:00,5,56,23.0,82,16.7,1011.3,1.0,2.0,9,4980.9,0
2024-05-22 11:32:00,5,55,22.9,81,16.7,1011.3,1.4,2.0,5,4980.9,0
2024-05-22 11:37:00,5,55,22.9,81,16.6,1011.4,1.0,1.7,7,4980.9,0
2024-05-22 11:42:00,5,54,22.8,82,16.9,1011.5,0.7,2.0,11,4980.9,0
2024-05-22 11:47:00,5,54,22.7,81,17.0,1011.4,1.0,1.7,5,4980.9,0
2024-05-22 11:52:00,5,54,22.7,81,16.8,1011.4,0.7,1.7,15,4980.9,0
2024-05-22 11:57:00,5,54,22.7,82,16.5,1011.5,0.7,1.7,10,4980.9,0
2024-05-22 12:02:00,5,54,22.6,84,16.4,1011.6,1.0,2.7,6,4980.9,0
2024-05-22 12:07:00,5,54,22.6,84,16.4,1011.8,0.3,1.0,7,4980.9,0
2024-05-22 12:12:00,5,54,22.6,84,16.7,1011.8,0.7,1.0,6,4980.9,0
2024-05-22 12:17:00,5,54,22.6,82,17.5,1011.7,0.7,1.0,11,4980.9,0
2024-05-22 12:22:00,5,54,22.6,79,17.9,1011.7,1.4,2.0,11,4980.9,0
2024-05-22 12:27:00,5,54,22.7,79,17.6,1011.7,1.4,2.7,9,4980.9,0
2024-05-22 12:32:00,5,54,22.7,79,17.4,1011.7,0.7,1.7,11,4980.9,0
2024-05-22 12:37:00,5,54,22.7,79,17.9,1011.8,0.3,1.0,7,4980.9,0
2024-05-22 12:42:00,5,54,22.7,77,18.5,1011.7,1.4,2.7,7,4980.9,0
2024-05-22 12:47:00,5,54,22.8,76,18.4,1011.6,0.7,2.0,6,4980.9,0
2024-05-22 12:52:00,5,54,22.8,75,18.6,1011.5,1.0,1.7,0,4980.9,0
2024-05-22 12:57:00,5,54,22.9,75,18.8,1011.5,1.0,2.0,11,4980.9,0
2024-05-22 13:02:00,5,54,22.9,74,19.0,1011.6,1.4,3.7,11,4980.9,0
2024-05-22 13:07:00,5,55,23.0,74,18.4,1011.5,2.0,3.7,5,4980.9,0
2024-05-22 13:12:00,5,55,23.0,74,18.6,1011.6,1.0,2.0,6,4980.9,0
2024-05-22 13:17:00,5,55,23.0,74,18.9,1011.5,1.4,2.0,11,4980.9,0
2024-05-22 13:22:00,5,55,23.0,72,19.3,1011.5,1.7,2.7,8,4980.9,0
2024-05-22 13:27:00,5,55,23.0,71,19.9,1011.5,1.4,2.7,8,4980.9,0
2024-05-22 13:32:00,5,55,23.1,73,19.5,1011.5,0.3,0.7,9,4980.9,0
2024-05-22 13:37:00,5,55,23.1,72,19.4,1011.5,2.0,4.1,9,4980.9,0
2024-05-22 13:42:00,5,55,23.1,74,19.1,1011.5,0.3,1.0,1,4980.9,0
2024-05-22 13:47:00,5,54,23.1,73,19.1,1011.4,1.0,2.7,9,4980.9,0
2024-05-22 13:52:00,5,54,23.1,73,20.0,1011.4,0.3,0.7,12,4980.9,0
2024-05-22 13:57:00,5,54,23.2,71,20.1,1011.4,0.3,1.0,7,4980.9,0
2024-05-22 14:02:00,5,54,23.3,70,20.0,1011.5,0.3,1.0,5,4980.9,0
2024-05-22 14:07:00,5,54,23.3,70,19.6,1011.5,1.0,3.1,7,4980.9,0
2024-05-22 14:12:00,5,54,23.3,70,20.2,1011.3,1.0,2.7,11,4980.9,0
2024-05-22 14:17:00,5,54,23.3,68,20.1,1011.4,1.4,3.1,7,4980.9,0
2024-05-22 14:22:00,5,54,23.3,69,20.5,1011.3,1.0,2.0,7,4980.9,0
2024-05-22 14:27:00,5,54,23.3,66,20.4,1011.3,1.7,3.1,11,4980.9,0
2024-05-22 14:32:00,5,54,23.3,66,20.8,1011.2,1.0,2.7,11,4980.9,0
2024-05-22 14:37:00,5,54,23.3,65,21.0,1011.3,1.4,2.0,7,4980.9,0
2024-05-22 14:42:00,5,54,23.4,65,21.0,1011.3,1.0,2.7,7,4980.9,0
2024-05-22 14:47:00,5,54,23.4,64,21.0,1011.3,1.4,2.0,5,4980.9,0
2024-05-22 14:52:00,5,54,23.4,63,20.8,1011.3,1.4,3.1,7,4980.9,0
2024-05-22 14:57:00,5,54,23.4,64,20.9,1011.3,1.0,2.0,9,4980.9,0
2024-05-22 15:02:00,5,54,23.5,67,20.4,1011.1,0.7,2.0,12,4980.9,0
2024-05-22 15:07:00,5,54,23.6,67,20.2,1011.2,1.4,2.7,5,4980.9,0
2024-05-22 15:12:00,5,54,23.6,68,19.8,1011.3,0.7,1.7,8,4980.9,0
2024-05-22 15:17:00,5,53,23.6,68,19.7,1011.4,0.7,2.0,8,4980.9,0
2024-05-22 15:22:00,5,54,23.6,67,20.2,1011.3,1.4,2.0,7,4980.9,0
2024-05-22 15:27:00,5,54,23.6,69,20.0,1011.2,1.4,2.0,6,4980.9,0
2024-05-22 15:32:00,5,54,23.6,68,19.5,1011.3,1.4,2.7,7,4980.9,0
2024-05-22 15:37:00,5,54,23.7,69,19.5,1011.3,1.0,1.7,5,4980.9,0
2024-05-22 15:42:00,5,53,23.7,68,19.7,1011.3,0.3,0.7,9,4980.9,0
2024-05-22 15:47:00,5,53,23.7,68,19.5,1011.3,1.0,2.0,14,4980.9,0
2024-05-22 15:52:00,5,53,23.7,68,19.6,1011.2,0.7,1.0,3,4980.9,0
2024-05-22 15:57:00,5,54,23.7,67,20.0,1011.2,1.7,3.1,7,4980.9,0
2024-05-22 16:02:00,5,54,23.7,69,19.4,1011.2,1.0,2.7,4,4980.9,0
2024-05-22 16:07:00,5,54,23.7,73,19.0,1011.6,1.7,3.1,5,4980.9,0
2024-05-22 16:12:00,5,54,23.6,74,18.7,1011.5,1.0,1.7,5,4980.9,0
2024-05-22 16:17:00,5,54,23.6,74,18.8,1011.6,2.4,4.1,9,4980.9,0
2024-05-22 16:22:00,5,55,23.6,76,18.6,1011.7,1.4,3.1,8,4980.9,0
2024-05-22 16:27:00,5,55,23.6,75,18.4,1011.8,2.0,3.7,9,4980.9,0
2024-05-22 16:32:00,5,56,23.6,75,18.3,1011.8,1.0,2.0,5,4980.9,0
2024-05-22 16:37:00,5,55,23.6,74,18.6,1011.8,1.0,2.7,8,4980.9,0
2024-05-22 16:42:00,5,55,23.6,73,18.5,1011.8,1.4,2.0,7,4980.9,0
2024-05-22 16:47:00,5,55,23.6,73,18.4,1011.7,1.0,2.0,7,4980.9,0
2024-05-22 16:52:00,5,55,23.6,74,18.2,1011.7,0.7,1.0,9,4980.9,0
2024-05-22 16:57:00,5,55,23.6,75,18.0,1011.7,1.0,1.7,8,4980.9,0
2024-05-22 17:02:00,5,55,23.6,75,17.7,1011.7,1.0,2.7,9,4980.9,0
2024-05-22 17:07:00,5,55,23.6,76,17.6,1011.7,0.3,1.0,6,4980.9,0
2024-05-22 17:12:00,5,54,23.6,76,17.5,1011.7,0.7,1.0,15,4980.9,0
2024-05-22 17:17:00,5,54,23.6,77,17.6,1011.8,0.3,0.7,9,4980.9,0
2024-05-22 17:22:00,5,54,23.6,76,17.6,1011.9,1.4,2.0,10,4980.9,0
2024-05-22 17:27:00,5,54,23.6,76,17.6,1011.8,0.7,1.0,8,4980.9,0
2024-05-22 17:32:00,5,53,23.5,75,17.6,1011.9,0.3,1.0,8,4980.9,0
2024-05-22 17:37:00,5,53,23.4,75,17.6,1011.9,0.7,1.0,7,4980.9,0
2024-05-22 17:42:00,5,55,23.4,76,17.8,1012.0,0.0,0.0,5,4980.9,0
2024-05-22 17:47:00,5,55,23.4,76,17.8,1012.0,0.3,1.0,9,4980.9,0
2024-05-22 17:52:00,5,55,23.4,76,17.7,1012.1,1.4,2.7,8,4980.9,0
2024-05-22 17:57:00,5,55,23.4,76,17.6,1012.1,0.3,1.0,12,4980.9,0
2024-05-22 18:02:00,5,55,23.4,76,17.5,1012.1,1.4,2.7,13,4980.9,0
2024-05-22 18:07:00,5,55,23.4,77,17.6,1012.2,0.3,0.7,11,4980.9,0
2024-05-22 18:12:00,5,55,23.4,76,17.4,1012.3,1.4,2.0,8,4980.9,0
2024-05-22 18:17:00,5,55,23.4,77,17.4,1012.4,0.3,1.0,11,4980.9,0
2024-05-22 18:22:00,5,55,23.4,77,17.3,1012.4,0.3,0.7,7,4980.9,0
2024-05-22 18:27:00,5,55,23.4,77,17.2,1012.3,0.7,2.0,12,4980.9,0
2024-05-22 18:32:00,5,55,23.3,78,17.1,1012.4,0.7,1.0,6,4980.9,0
2024-05-22 18:37:00,5,55,23.3,77,17.2,1012.5,0.0,0.7,9,4980.9,0
2024-05-22 18:42:00,5,56,23.3,77,17.3,1012.5,0.7,1.0,8,4980.9,0
2024-05-22 18:47:00,5,56,23.3,77,17.3,1012.7,0.3,1.0,8,4980.9,0
2024-05-22 18:52:00,5,56,23.3,76,17.3,1012.7,1.0,1.7,7,4980.9,0
2024-05-22 18:57:00,5,56,23.3,76,17.3,1012.6,0.0,0.7,4,4980.9,0
2024-05-22 19:02:00,5,56,23.2,76,17.3,1012.8,1.0,1.7,8,4980.9,0
2024-05-22 19:07:00,5,56,23.2,76,17.2,1012.8,1.0,1.7,6,4980.9,0
2024-05-22 19:12:00,5,56,23.2,77,17.1,1012.9,0.3,1.0,5,4980.9,0
2024-05-22 19:17:00,5,56,23.1,76,17.0,1013.1,0.3,1.0,11,4980.9,0
2024-05-22 19:22:00,5,56,23.1,76,16.9,1013.1,0.0,0.0,4,4980.9,0
2024-05-22 19:27:00,5,56,23.1,76,16.8,1013.3,1.0,2.0,7,4980.9,0
2024-05-22 19:32:00,5,56,23.1,76,16.8,1013.5,0.7,2.0,7,4980.9,0
2024-05-22 19:37:00,5,56,23.1,76,16.7,1013.5,1.0,2.7,7,4980.9,0
2024-05-22 19:42:00,5,55,23.0,77,16.5,1013.6,0.0,0.7,7,4980.9,0
2024-05-22 19:47:00,5,55,23.0,78,16.4,1013.8,1.4,1.7,7,4980.9,0
2024-05-22 19:52:00,5,54,22.9,79,16.3,1013.8,0.0,0.7,6,4980.9,0
2024-05-22 19:57:00,5,54,22.8,80,16.1,1014.0,0.0,0.7,8,4980.9,0
2024-05-22 20:02:00,5,53,22.7,80,16.1,1014.0,0.3,1.7,6,4980.9,0
2024-05-22 20:07:00,5,53,22.7,81,15.9,1014.3,0.0,0.7,7,4980.9,0
2024-05-22 20:12:00,5,53,22.6,82,15.8,1014.4,1.0,1.7,7,4980.9,0
2024-05-22 20:17:00,5,53,22.6,81,15.8,1014.6,0.7,1.7,8,4980.9,0
2024-05-22 20:22:00,5,54,22.6,81,15.7,1014.6,0.3,0.7,7,4980.9,0
2024-05-22 20:27:00,5,54,22.5,81,15.6,1014.7,0.0,0.7,7,4980.9,0
2024-05-22 20:32:00,5,55,22.5,81,15.6,1014.9,0.3,1.0,7,4980.9,0
2024-05-22 20:37:00,5,55,22.5,81,15.6,1014.7,1.0,1.7,9,4980.9,0
2024-05-22 20:42:00,5,55,22.5,81,15.5,1015.0,1.4,2.0,5,4980.9,0
2024-05-22 20:47:00,5,55,22.4,80,15.5,1014.9,0.7,1.7,5,4980.9,0
2024-05-22 20:52:00,5,55,22.4,81,15.4,1014.9,0.3,0.7,7,4980.9,0
2024-05-22 20:57:00,5,56,22.4,81,15.3,1014.9,0.3,1.0,7,4980.9,0
2024-05-22 21:02:00,5,56,22.3,81,15.3,1014.9,0.3,1.7,9,4980.9,0
2024-05-22 21:07:00,5,56,22.3,81,15.3,1014.9,0.3,1.0,9,4980.9,0
2024-05-22 21:12:00,5,56,22.3,81,15.3,1015.1,0.3,0.7,9,4980.9,0
2024-05-22 21:17:00,5,56,22.3,81,15.2,1015.1,0.3,0.7,5,4980.9,0
2024-05-22 21:22:00,5,56,22.3,82,15.2,1015.1,0.3,0.7,7,4980.9,0
2024-05-22 21:27:00,5,56,22.3,82,15.2,1015.2,0.3,1.0,5,4980.9,0
2024-05-22 21:32:00,5,56,22.3,82,15.2,1015.2,0.7,1.7,8,4980.9,0
2024-05-22 21:37:00,5,56,22.2,83,15.1,1015.2,0.0,0.7,8,4980.9,0
2024-05-22 21:42:00,5,56,22.2,84,14.9,1015.3,0.0,0.0,10,4980.9,0
2024-05-22 21:47:00,5,56,22.2,85,14.6,1015.3,0.0,0.0,7,4980.9,0
2024-05-22 21:52:00,5,56,22.2,86,14.6,1015.4,0.3,0.7,10,4980.9,0
2024-05-22 21:57:00,5,56,22.2,85,14.6,1015.4,0.0,0.0,6,4980.9,0
2024-05-22 22:02:00,5,56,22.2,85,14.7,1015.5,0.7,1.7,9,4980.9,0
2024-05-22 22:07:00,5,56,22.2,84,14.7,1015.4,0.3,0.7,7,4980.9,0
2024-05-22 22:12:00,5,56,22.2,84,14.7,1015.6,0.3,1.0,10,4980.9,0
2024-05-22 22:17:00,5,56,22.1,85,14.6,1015.6,0.7,1.0,9,4980.9,0
2024-05-22 22:22:00,5,56,22.1,86,14.5,1015.7,0.7,1.7,9,4980.9,0
2024-05-22 22:27:00,5,56,22.1,86,14.3,1015.6,0.0,0.0,15,4980.9,0
2024-05-22 22:32:00,5,57,22.1,87,14.2,1015.5,0.0,0.0,15,4980.9,0
2024-05-22 22:37:00,5,57,22.1,88,14.0,1015.8,0.0,0.0,15,4980.9,0
2024-05-22 22:42:00,5,57,22.0,88,13.9,1015.8,0.0,0.0,15,4980.9,0
2024-05-22 22:47:00,5,57,22.0,89,13.8,1015.8,0.0,0.0,8,4980.9,0
2024-05-22 22:52:00,5,58,21.9,89,13.7,1015.9,0.3,0.7,8,4980.9,0
2024-05-22 22:57:00,5,58,21.9,89,13.7,1015.9,0.0,0.0,8,4980.9,0
2024-05-22 23:02:00,5,58,21.9,89,13.8,1015.9,0.0,0.7,8,4980.9,0
2024-05-22 23:07:00,5,58,21.9,88,14.0,1015.9,0.7,1.0,9,4980.9,0
2024-05-22 23:12:00,5,58,21.9,88,13.9,1016.0,0.7,1.0,8,4980.9,0
2024-05-22 23:17:00,5,58,21.9,88,13.9,1015.9,0,0,10,4980.9,0
2024-05-22 23:22:00,5,58,21.9,88,13.9,1015.8,0.3,1.0,8,4980.9,0
2024-05-22 23:27:00,5,58,21.9,88,13.9,1015.9,0.7,1.7,6,4980.9,0
2024-05-22 23:32:00,5,58,21.9,88,13.9,1015.8,1.0,1.7,9,4980.9,0
2024-05-22 23:37:00,5,58,21.9,88,13.9,1015.9,0.3,1.0,11,4980.9,0
2024-05-22 23:42:00,5,58,21.8,88,13.8,1015.9,0,0.7,8,4980.9,0
2024-05-22 23:47:00,5,58,21.8,88,13.7,1015.9,0.7,1.0,7,4980.9,0
2024-05-22 23:52:00,5,58,21.8,88,13.7,1015.9,0.7,1.0,8,4980.9,0
2024-05-22 23:57:00,5,58,21.8,88,13.7,1016.0,1.0,1.7,11,4980.9,0
