2024-05-13 00:02:00,5,54,23.7,78,18.9,1012.8,0.0,0.7,8,4911.6,0
2024-05-13 00:07:00,5,54,23.7,78,18.9,1012.9,0.0,0.7,8,4911.6,0
2024-05-13 00:12:00,5,54,23.7,78,18.8,1013.0,0.0,0.0,8,4911.6,0
2024-05-13 00:17:00,5,54,23.7,79,18.8,1012.9,0.0,0.0,8,4911.6,0
2024-05-13 00:22:00,5,54,23.7,79,18.8,1012.9,0.0,0.0,8,4911.6,0
2024-05-13 00:27:00,5,55,23.6,79,18.7,1012.9,0.0,0.0,8,4911.6,0
2024-05-13 00:32:00,5,55,23.6,80,18.7,1013.0,0.0,0.0,8,4911.6,0
2024-05-13 00:37:00,5,55,23.6,80,18.6,1013.2,0.0,0.0,8,4911.6,0
2024-05-13 00:42:00,5,55,23.6,80,18.6,1013.1,0.0,0.0,7,4911.6,0
2024-05-13 00:47:00,5,55,23.6,81,18.6,1013.2,0.3,0.7,8,4911.6,0
2024-05-13 00:52:00,5,55,23.6,81,18.5,1013.2,0.0,0.0,9,4911.6,0
2024-05-13 00:57:00,5,55,23.6,82,18.5,1013.2,0.0,0.0,8,4911.6,0
2024-05-13 01:02:00,5,55,23.6,82,18.4,1013.2,0.0,0.0,8,4911.6,0
2024-05-13 01:07:00,5,55,23.6,82,18.3,1013.2,0.0,0.7,8,4911.6,0
2024-05-13 01:12:00,5,55,23.5,81,18.3,1013.4,0.0,0.0,7,4911.6,0
2024-05-13 01:17:00,5,55,23.5,81,18.3,1013.5,0.0,0.0,7,4911.6,0
2024-05-13 01:22:00,5,55,23.5,81,18.3,1013.5,0.0,0.0,7,4911.6,0
2024-05-13 01:27:00,5,55,23.4,81,18.4,1013.5,0.0,0.0,9,4911.6,0
2024-05-13 01:32:00,5,55,23.4,82,18.3,1013.5,0.0,0.0,9,4911.6,0
2024-05-13 01:37:00,5,55,23.4,82,18.2,1013.6,0.0,0.0,7,4911.6,0
2024-05-13 01:42:00,5,56,23.4,82,18.2,1013.7,0.0,0.0,9,4911.6,0
2024-05-13 01:47:00,5,56,23.4,83,18.1,1013.6,0.0,0.0,9,4911.6,0
2024-05-13 01:52:00,5,56,23.4,83,18.1,1013.7,0.0,0.0,9,4911.6,0
2024-05-13 01:57:00,5,56,23.4,84,18.0,1013.7,0.0,0.7,9,4911.6,0
2024-05-13 02:02:00,5,56,23.4,84,17.9,1013.6,0.0,0.0,9,4911.6,0
2024-05-13 02:07:00,5,56,23.4,84,17.8,1013.6,0.0,0.0,9,4911.6,0
2024-05-13 02:12:00,5,56,23.4,85,17.7,1013.6,0.0,0.0,9,4911.6,0
2024-05-13 02:17:00,5,56,23.3,85,17.6,1013.6,0.0,0.0,9,4911.6,0
2024-05-13 02:22:00,5,56,23.3,86,17.5,1013.7,0.0,0.0,9,4911.6,0
2024-05-13 02:27:00,5,56,23.3,86,17.4,1013.7,0.0,0.0,9,4911.6,0
2024-05-13 02:32:00,5,56,23.3,86,17.3,1013.5,0.0,0.0,9,4911.6,0
2024-05-13 02:37:00,5,56,23.3,87,17.2,1013.7,0.0,0.0,9,4911.6,0
2024-05-13 02:42:00,5,57,23.2,87,17.0,1013.7,0.0,0.0,9,4911.6,0
2024-05-13 02:47:00,5,57,23.2,88,16.9,1013.7,0.0,0.0,9,4911.6,0
2024-05-13 02:52:00,5,57,23.1,88,16.7,1013.6,0.0,0.0,9,4911.6,0
2024-05-13 02:57:00,5,57,23.1,88,16.5,1013.8,0.0,0.0,9,4911.6,0
2024-05-13 03:02:00,5,57,23.1,89,16.5,1013.7,0.0,0.0,9,4911.6,0
2024-05-13 03:07:00,5,57,23.1,89,16.3,1013.6,0.0,0.0,9,4911.6,0
2024-05-13 03:12:00,5,57,23.1,90,16.3,1013.7,0.0,0.0,9,4911.6,0
2024-05-13 03:17:00,5,57,23.1,90,16.2,1013.8,0.0,0.0,9,4911.6,0
2024-05-13 03:22:00,5,57,23.0,91,16.2,1013.8,0.0,0.0,9,4911.6,0
2024-05-13 03:27:00,5,57,23.0,91,16.1,1013.9,0.0,0.0,9,4911.6,0
2024-05-13 03:32:00,5,57,23.0,91,16.1,1013.9,0.0,0.0,9,4911.6,0
2024-05-13 03:37:00,5,57,23.0,91,16.2,1014.0,0.0,0.0,9,4911.6,0
2024-05-13 03:42:00,5,57,23.0,91,16.3,1013.9,0.0,0.0,9,4911.6,0
2024-05-13 03:47:00,5,57,23.0,91,16.3,1014.0,0.0,0.0,9,4911.6,0
2024-05-13 03:52:00,5,58,23.0,91,16.4,1014.1,0.0,0.0,9,4911.6,0
2024-05-13 03:57:00,5,58,23.0,91,16.4,1014.1,0.0,0.0,10,4911.6,0
2024-05-13 04:02:00,5,58,23.0,91,16.4,1014.0,0.0,0.0,10,4911.6,0
2024-05-13 04:07:00,5,58,23.0,91,16.5,1014.0,0.0,0.0,10,4911.6,0
2024-05-13 04:12:00,5,57,22.9,91,16.5,1014.1,0.0,0.0,10,4911.6,0
2024-05-13 04:17:00,5,58,22.9,91,16.5,1014.0,0.0,0.0,10,4911.6,0
2024-05-13 04:22:00,5,58,22.9,91,16.6,1014.0,0.0,0.0,10,4911.6,0
2024-05-13 04:27:00,5,58,22.9,90,16.7,1014.1,0.0,0.0,10,4911.6,0
2024-05-13 04:32:00,5,58,22.9,90,16.7,1014.2,0.0,0.0,10,4911.6,0
2024-05-13 04:37:00,5,58,22.9,90,16.8,1014.1,0.0,0.0,10,4911.6,0
2024-05-13 04:42:00,5,58,22.9,90,16.9,1014.1,0.0,0.0,10,4911.6,0
2024-05-13 04:47:00,5,58,23.0,90,17.0,1014.2,0.0,0.0,10,4911.6,0
2024-05-13 04:52:00,5,58,23.0,89,17.0,1014.2,0.0,0.0,10,4911.6,0
2024-05-13 04:57:00,5,58,23.0,89,17.0,1014.2,0.0,0.0,10,4911.6,0
2024-05-13 05:02:00,5,58,23.0,89,17.4,1014.1,0.0,0.0,10,4911.6,0
2024-05-13 05:07:00,5,58,23.0,88,17.4,1014.0,0.0,0.0,9,4911.6,0
2024-05-13 05:12:00,5,58,23.0,88,17.4,1014.0,0.0,0.0,10,4911.6,0
2024-05-13 05:17:00,5,58,23.1,88,17.4,1014.1,0.0,0.0,10,4911.6,0
2024-05-13 05:22:00,5,58,23.1,88,17.5,1014.0,0.0,0.7,10,4911.6,0
2024-05-13 05:27:00,5,58,23.1,87,17.5,1014.0,0.0,0.7,9,4911.6,0
2024-05-13 05:32:00,5,58,23.2,86,18.1,1014.0,0.0,0.0,9,4911.6,0
2024-05-13 05:37:00,5,58,23.3,85,18.4,1013.8,0.0,0.0,10,4911.6,0
2024-05-13 05:42:00,5,58,23.4,84,18.8,1013.6,0.3,0.7,10,4911.6,0
2024-05-13 05:47:00,5,58,23.6,83,19.2,1013.4,0.0,0.0,10,4911.6,0
2024-05-13 05:52:00,5,58,23.8,82,19.2,1013.3,0.3,1.0,13,4911.6,0
2024-05-13 05:57:00,5,58,23.9,82,19.3,1013.2,0.3,1.7,11,4911.6,0
2024-05-13 06:02:00,5,57,24.1,80,19.7,1012.9,0.3,0.7,10,4911.6,0
2024-05-13 06:07:00,5,57,24.4,79,20.0,1012.8,0.0,0.0,10,4911.6,0
2024-05-13 06:12:00,5,56,24.4,80,19.9,1012.6,0.0,0.7,9,4911.6,0
2024-05-13 06:17:00,5,56,24.6,79,20.0,1012.4,0.0,0.7,9,4911.6,0
2024-05-13 06:22:00,5,55,24.7,79,19.9,1012.2,0.0,1.0,9,4911.6,0
2024-05-13 06:27:00,5,55,24.7,79,19.8,1012.2,1.0,1.7,9,4911.6,0
2024-05-13 06:32:00,5,54,24.7,79,20.0,1012.3,0.0,0.7,4,4911.6,0
2024-05-13 06:37:00,5,54,24.7,78,20.0,1012.2,0.7,1.0,10,4911.6,0
2024-05-13 06:42:00,5,54,24.7,78,20.2,1012.2,0.3,1.0,8,4911.6,0
2024-05-13 06:47:00,5,54,24.7,78,20.3,1012.2,0.7,1.7,8,4911.6,0
2024-05-13 06:52:00,5,54,24.7,78,20.3,1012.3,0.7,1.0,10,4911.6,0
2024-05-13 06:57:00,5,54,24.6,77,20.5,1012.2,0.3,0.7,12,4911.6,0
2024-05-13 07:02:00,5,54,24.6,77,20.6,1012.3,0.3,1.0,11,4911.6,0
2024-05-13 07:07:00,5,54,24.5,77,20.9,1012.5,0.0,0.0,9,4911.6,0
2024-05-13 07:12:00,5,54,24.4,76,21.3,1012.6,0.0,0.0,9,4911.6,0
2024-05-13 07:17:00,5,54,24.4,76,21.0,1012.7,0.3,1.0,10,4911.6,0
2024-05-13 07:22:00,5,54,24.4,77,21.0,1012.7,0.3,1.7,10,4911.6,0
2024-05-13 07:27:00,5,54,24.4,76,21.2,1012.7,0.3,1.0,10,4911.6,0
2024-05-13 07:32:00,5,54,24.4,75,21.6,1012.6,0.0,0.7,8,4911.6,0
2024-05-13 07:37:00,5,54,24.4,75,21.7,1012.6,0.3,0.7,12,4911.6,0
2024-05-13 07:42:00,5,54,24.3,75,21.6,1012.7,0.3,1.0,6,4911.6,0
2024-05-13 07:47:00,5,54,24.3,76,21.5,1012.7,0.3,1.0,9,4911.6,0
2024-05-13 07:52:00,5,55,24.3,76,21.6,1012.7,0.3,1.7,3,4911.6,0
2024-05-13 07:57:00,5,55,24.3,75,21.9,1012.7,0.3,0.7,5,4911.6,0
2024-05-13 08:02:00,5,55,24.4,75,21.6,1012.6,0.3,1.0,6,4911.6,0
2024-05-13 08:07:00,5,56,24.3,75,21.9,1012.6,0.7,1.0,11,4911.6,0
2024-05-13 08:12:00,5,56,24.3,74,22.3,1012.5,0.3,1.0,5,4911.6,0
2024-05-13 08:17:00,5,57,24.3,75,22.0,1012.5,0.3,1.0,9,4911.6,0
2024-05-13 08:22:00,5,57,24.4,74,22.2,1012.4,0.3,0.7,8,4911.6,0
2024-05-13 08:27:00,5,57,24.4,74,22.3,1012.4,0.3,0.7,14,4911.6,0
2024-05-13 08:32:00,5,57,24.4,73,22.4,1012.4,0.3,1.0,9,4911.6,0
2024-05-13 08:37:00,5,57,24.4,74,22.6,1012.4,0.3,0.7,7,4911.6,0
2024-05-13 08:42:00,5,57,24.5,73,22.9,1012.3,0.3,1.0,13,4911.6,0
2024-05-13 08:47:00,5,57,24.6,73,22.8,1012.2,0.3,1.0,12,4911.6,0
2024-05-13 08:52:00,5,57,24.6,73,23.0,1012.2,0.3,1.0,13,4911.6,0
2024-05-13 08:57:00,5,56,24.6,71,23.1,1012.1,0.7,1.7,9,4911.6,0
2024-05-13 09:02:00,5,56,24.7,71,23.2,1012.1,0.3,1.7,9,4911.6,0
2024-05-13 09:07:00,5,56,24.7,71,22.8,1012.1,0.7,1.7,9,4911.6,0
2024-05-13 09:12:00,5,56,24.7,70,23.3,1012.0,0.7,1.0,12,4911.6,0
2024-05-13 09:17:00,5,56,24.7,70,23.8,1011.9,0.0,0.7,10,4911.6,0
2024-05-13 09:22:00,5,56,24.7,70,23.9,1012.0,0.3,1.0,9,4911.6,0
2024-05-13 09:27:00,5,56,24.8,69,24.1,1012.0,0.3,0.7,5,4911.6,0
2024-05-13 09:32:00,5,56,24.8,71,23.8,1011.9,0.3,0.7,13,4911.6,0
2024-05-13 09:37:00,5,56,24.9,70,23.8,1011.7,0.3,0.7,2,4911.6,0
2024-05-13 09:42:00,5,56,24.9,70,23.9,1011.8,0.3,1.0,11,4911.6,0
2024-05-13 09:47:00,5,56,24.9,69,24.0,1011.7,0.0,0.0,9,4911.6,0
2024-05-13 09:52:00,5,55,25.0,70,24.0,1011.7,0.3,1.0,12,4911.6,0
2024-05-13 09:57:00,5,55,25.0,66,24.7,1011.6,0.7,1.0,15,4911.6,0
2024-05-13 10:02:00,5,55,25.0,66,24.3,1011.7,0.3,1.0,8,4911.6,0
2024-05-13 10:07:00,5,55,25.0,66,24.2,1011.5,1.0,1.7,8,4911.6,0
2024-05-13 10:12:00,5,55,25.0,65,24.7,1011.6,0.3,1.0,9,4911.6,0
2024-05-13 10:17:00,5,55,25.0,65,24.8,1011.6,0.7,1.0,10,4911.6,0
2024-05-13 10:22:00,5,54,25.0,64,24.8,1011.6,0.3,1.7,7,4911.6,0
2024-05-13 10:27:00,5,54,25.0,65,24.5,1011.5,0.7,1.7,9,4911.6,0
2024-05-13 10:32:00,5,54,25.0,65,24.6,1011.4,0.7,1.7,6,4911.6,0
2024-05-13 10:37:00,5,54,25.0,66,24.6,1011.4,0.3,1.0,12,4911.6,0
2024-05-13 10:42:00,5,54,25.0,64,25.1,1011.4,0.3,0.7,7,4911.6,0
2024-05-13 10:47:00,5,54,25.0,64,25.0,1011.4,0.7,1.7,11,4911.6,0
2024-05-13 10:52:00,5,54,25.0,65,25.5,1011.3,0.3,1.0,12,4911.6,0
2024-05-13 10:57:00,5,54,25.0,64,25.3,1011.2,0.3,1.0,12,4911.6,0
2024-05-13 11:02:00,5,54,25.0,65,25.1,1011.2,0.7,1.7,2,4911.6,0
2024-05-13 11:07:00,5,54,25.0,67,24.1,1011.2,0.3,1.0,13,4911.6,0
2024-05-13 11:12:00,5,54,25.1,65,25.1,1011.1,0.3,1.0,12,4911.6,0
2024-05-13 11:17:00,5,54,25.1,64,25.5,1011.2,0.3,1.7,5,4911.6,0
2024-05-13 11:22:00,5,54,25.1,62,25.8,1011.2,0.3,1.0,2,4911.6,0
2024-05-13 11:27:00,5,54,25.1,63,25.8,1011.0,0.7,2.0,10,4911.6,0
2024-05-13 11:32:00,5,54,25.1,63,25.8,1011.0,0.3,1.0,11,4911.6,0
2024-05-13 11:37:00,5,54,25.1,63,26.0,1010.9,0.3,0.7,11,4911.6,0
2024-05-13 11:42:00,5,54,25.1,64,25.5,1010.8,1.0,1.7,7,4911.6,0
2024-05-13 11:47:00,5,54,25.1,64,25.3,1010.7,0.3,1.0,7,4911.6,0
2024-05-13 11:52:00,5,54,25.1,68,24.0,1010.8,0.3,1.0,6,4911.6,0
2024-05-13 11:57:00,5,54,25.1,70,23.5,1010.7,0.7,1.0,6,4911.6,0
2024-05-13 12:02:00,5,54,25.1,70,23.6,1010.8,0.7,1.7,8,4911.6,0
2024-05-13 12:07:00,5,54,25.1,69,23.7,1010.7,1.0,2.0,6,4911.6,0
2024-05-13 12:12:00,5,54,25.1,70,23.4,1010.8,1.0,1.7,7,4911.6,0
2024-05-13 12:17:00,5,54,25.1,70,23.6,1010.6,0.3,0.7,5,4911.6,0
2024-05-13 12:22:00,5,54,25.1,70,23.5,1010.5,0.7,1.0,6,4911.6,0
2024-05-13 12:27:00,5,54,25.1,68,23.8,1010.4,1.0,1.7,9,4911.6,0
2024-05-13 12:32:00,5,54,25.1,70,23.0,1010.4,0.7,1.7,5,4911.6,0
2024-05-13 12:37:00,5,54,25.1,71,23.0,1010.5,0.7,1.0,7,4911.6,0
2024-05-13 12:42:00,5,53,25.1,72,22.7,1010.4,1.0,1.7,7,4911.6,0
2024-05-13 12:47:00,5,54,25.1,73,22.6,1010.4,0.3,0.7,5,4911.6,0
2024-05-13 12:52:00,5,54,25.1,71,23.5,1010.4,0.3,1.7,5,4911.6,0
2024-05-13 12:57:00,5,54,25.1,70,23.8,1010.4,0.7,1.0,5,4911.6,0
2024-05-13 13:02:00,5,54,25.1,70,24.2,1010.2,0.3,1.0,2,4911.6,0
2024-05-13 13:07:00,5,54,25.1,69,23.7,1010.1,0.7,1.0,6,4911.6,0
2024-05-13 13:12:00,5,54,25.1,69,24.0,1010.0,0.0,0.0,5,4911.6,0
2024-05-13 13:17:00,5,54,25.1,69,24.1,1010.0,0.0,0.7,3,4911.6,0
2024-05-13 13:22:00,5,54,25.1,67,25.0,1009.9,0.3,0.7,4,4911.6,0
2024-05-13 13:27:00,5,54,25.1,66,26.0,1009.9,0.0,1.0,6,4911.6,0
2024-05-13 13:32:00,5,54,25.1,61,25.6,1009.8,0.7,1.7,11,4911.6,0
2024-05-13 13:37:00,5,53,25.1,65,25.0,1009.9,0.0,0.7,10,4911.6,0
2024-05-13 13:42:00,5,53,25.1,67,24.0,1009.8,1.0,2.0,7,4911.6,0
2024-05-13 13:47:00,5,53,25.1,69,24.1,1009.9,0.0,0.0,4,4911.6,0
2024-05-13 13:52:00,5,53,25.1,71,23.9,1009.8,0.0,0.7,11,4911.6,0
2024-05-13 13:57:00,5,54,25.1,74,23.4,1009.9,0.0,0.0,12,4911.6,0
2024-05-13 14:02:00,5,55,25.1,74,23.1,1009.9,0.3,1.7,12,4911.6,0
2024-05-13 14:07:00,5,55,25.1,70,23.2,1009.9,0.3,0.7,6,4911.6,0
2024-05-13 14:12:00,5,54,25.1,69,23.3,1009.9,0.3,1.0,8,4911.6,0
2024-05-13 14:17:00,5,54,25.1,69,23.1,1009.8,1.0,1.7,10,4911.6,0
2024-05-13 14:22:00,5,53,25.1,67,24.1,1009.6,0.0,0.0,6,4911.6,0
2024-05-13 14:27:00,5,53,25.1,61,25.1,1009.5,0.3,0.7,3,4911.6,0
2024-05-13 14:32:00,5,52,25.1,60,25.7,1009.4,0.3,0.7,15,4911.6,0
2024-05-13 14:37:00,5,51,25.1,60,25.8,1009.3,0.7,1.7,8,4911.6,0
2024-05-13 14:42:00,5,51,25.1,60,26.1,1009.2,0.3,0.7,7,4911.6,0
2024-05-13 14:47:00,5,51,25.1,60,26.0,1009.2,0.7,1.0,7,4911.6,0
2024-05-13 14:52:00,5,51,25.1,62,25.7,1009.2,0.3,0.7,12,4911.6,0
2024-05-13 14:57:00,5,51,25.1,59,24.9,1009.1,1.0,2.0,9,4911.6,0
2024-05-13 15:02:00,5,51,25.1,59,25.3,1009.1,0.7,1.0,12,4911.6,0
2024-05-13 15:07:00,5,50,25.1,61,25.0,1009.2,0.3,0.7,12,4911.6,0
2024-05-13 15:12:00,5,50,25.1,63,24.3,1009.1,1.0,1.7,12,4911.6,0
2024-05-13 15:17:00,5,50,25.1,64,24.3,1009.2,0.3,0.7,10,4911.6,0
2024-05-13 15:22:00,5,50,25.1,64,24.0,1009.1,0.7,1.7,4,4911.6,0
2024-05-13 15:27:00,5,51,25.1,64,24.5,1009.1,0.0,0.7,8,4911.6,0
2024-05-13 15:32:00,5,51,25.1,63,24.8,1009.0,0.3,1.0,8,4911.6,0
2024-05-13 15:37:00,5,51,25.1,63,24.3,1008.9,0.7,2.0,6,4911.6,0
2024-05-13 15:42:00,5,51,25.1,64,24.7,1008.8,0.0,0.0,3,4911.6,0
2024-05-13 15:47:00,5,51,25.1,63,24.5,1008.7,1.0,1.7,5,4911.6,0
2024-05-13 15:52:00,5,51,25.1,63,24.6,1008.7,0.7,1.0,8,4911.6,0
2024-05-13 15:57:00,5,51,25.1,64,24.6,1008.6,0.3,0.7,11,4911.6,0
2024-05-13 16:02:00,5,51,25.1,63,24.7,1008.6,0.3,1.0,9,4911.6,0
2024-05-13 16:07:00,5,51,25.1,62,24.4,1008.6,1.0,2.7,6,4911.6,0
2024-05-13 16:12:00,5,51,25.2,63,24.6,1008.5,0.3,0.7,6,4911.6,0
2024-05-13 16:17:00,5,51,25.2,63,24.7,1008.4,0.7,2.0,7,4911.6,0
2024-05-13 16:22:00,5,51,25.2,62,24.6,1008.3,0.7,1.7,5,4911.6,0
2024-05-13 16:27:00,5,51,25.2,61,24.9,1008.3,0.3,1.0,11,4911.6,0
2024-05-13 16:32:00,5,50,25.2,62,24.8,1008.1,0.0,0.0,9,4911.6,0
2024-05-13 16:37:00,5,50,25.2,62,24.4,1008.2,0.3,1.0,9,4911.6,0
2024-05-13 16:42:00,5,50,25.2,62,24.2,1008.1,0.3,0.7,10,4911.6,0
2024-05-13 16:47:00,5,50,25.2,64,24.1,1008.1,0.0,0.7,12,4911.6,0
2024-05-13 16:52:00,5,50,25.2,66,24.1,1008.0,0.0,0.7,11,4911.6,0
2024-05-13 16:57:00,5,50,25.1,65,23.7,1008.0,0.3,1.7,11,4911.6,0
2024-05-13 17:02:00,5,50,25.1,66,23.7,1008.1,0.7,1.7,1,4911.6,0
2024-05-13 17:07:00,5,50,25.1,66,23.7,1008.0,0.0,0.7,1,4911.6,0
2024-05-13 17:12:00,5,50,25.1,66,23.7,1008.1,0.3,1.7,12,4911.6,0
2024-05-13 17:17:00,5,50,25.1,67,23.9,1008.0,0.3,1.0,3,4911.6,0
2024-05-13 17:22:00,5,50,25.1,66,24.0,1008.2,0.0,0.0,15,4911.6,0
2024-05-13 17:27:00,5,50,25.1,66,23.9,1008.1,0.0,0.0,14,4911.6,0
2024-05-13 17:32:00,5,50,25.1,65,23.8,1008.1,0.3,1.0,14,4911.6,0
2024-05-13 17:37:00,5,50,25.1,65,23.8,1008.2,0.3,1.0,14,4911.6,0
2024-05-13 17:42:00,5,50,25.1,64,23.9,1008.0,0.7,1.0,10,4911.6,0
2024-05-13 17:47:00,5,50,25.1,64,23.9,1008.1,0.3,0.7,9,4911.6,0
2024-05-13 17:52:00,5,50,25.1,65,23.6,1008.0,0.3,1.0,14,4911.6,0
2024-05-13 17:57:00,5,50,25.1,65,23.5,1008.1,0.0,0.7,10,4911.6,0
2024-05-13 18:02:00,5,50,25.1,65,23.3,1008.2,0.3,1.0,5,4911.6,0
2024-05-13 18:07:00,5,50,25.1,65,23.3,1008.2,0.0,0.0,6,4911.6,0
2024-05-13 18:12:00,5,50,25.1,66,23.3,1008.2,0.0,0.7,11,4911.6,0
2024-05-13 18:17:00,5,50,25.1,67,23.1,1008.2,0.0,0.0,13,4911.6,0
2024-05-13 18:22:00,5,50,25.1,67,22.9,1008.2,0.0,0.7,4,4911.6,0
2024-05-13 18:27:00,5,50,25.1,68,22.8,1008.1,0.0,0.0,13,4911.6,0
2024-05-13 18:32:00,5,50,25.1,69,22.7,1008.2,0.3,0.7,13,4911.6,0
2024-05-13 18:37:00,5,50,25.1,70,22.6,1008.4,0.0,0.0,12,4911.6,0
2024-05-13 18:42:00,5,50,25.1,70,22.4,1008.4,0.0,0.7,6,4911.6,0
2024-05-13 18:47:00,5,50,25.1,71,22.2,1008.4,0.0,0.0,5,4911.6,0
2024-05-13 18:52:00,5,51,25.1,71,22.1,1008.4,0.0,0.0,14,4911.6,0
2024-05-13 18:57:00,5,51,25.1,72,21.9,1008.5,0.0,0.7,4,4911.6,0
2024-05-13 19:02:00,5,51,25.1,73,21.7,1008.4,0.0,0.0,15,4911.6,0
2024-05-13 19:07:00,5,51,25.0,73,21.7,1008.5,0.0,0.0,14,4911.6,0
2024-05-13 19:12:00,5,51,25.0,73,21.5,1008.5,0.0,0.0,13,4911.6,0
2024-05-13 19:17:00,5,51,25.0,74,21.4,1008.5,0.3,1.0,14,4911.6,0
2024-05-13 19:22:00,5,52,24.9,74,21.3,1008.5,0.3,1.0,15,4911.6,0
2024-05-13 19:27:00,5,52,24.9,74,21.2,1008.6,0.0,0.7,14,4911.6,0
2024-05-13 19:32:00,5,52,24.8,74,21.1,1008.6,0.0,0.0,14,4911.6,0
2024-05-13 19:37:00,5,52,24.8,75,21.1,1008.8,0.0,0.0,14,4911.6,0
2024-05-13 19:42:00,5,52,24.7,75,21.0,1008.9,0.0,0.7,14,4911.6,0
2024-05-13 19:47:00,5,52,24.7,75,20.9,1008.9,0.0,0.0,14,4911.6,0
2024-05-13 19:52:00,5,52,24.7,76,20.9,1009.0,0.0,0.7,14,4911.6,0
2024-05-13 19:57:00,5,52,24.7,76,20.9,1009.0,0.0,0.0,15,4911.6,0
2024-05-13 20:02:00,5,53,24.7,77,20.8,1009.0,0.0,0.7,15,4911.6,0
2024-05-13 20:07:00,5,53,24.7,78,20.7,1009.1,0.0,0.0,15,4911.6,0
2024-05-13 20:12:00,5,53,24.7,79,20.5,1009.1,0.0,0.0,15,4911.6,0
2024-05-13 20:17:00,5,53,24.7,80,20.4,1009.0,0.0,0.0,14,4911.6,0
2024-05-13 20:22:00,5,53,24.6,80,20.2,1009.1,0.0,0.0,14,4911.6,0
2024-05-13 20:27:00,5,54,24.6,81,20.1,1009.0,0.0,0.0,1,4911.6,0
2024-05-13 20:32:00,5,54,24.6,82,20.0,1009.0,0.0,0.0,15,4911.6,0
2024-05-13 20:37:00,5,54,24.6,82,20.0,1009.1,0.0,0.0,14,4911.6,0
2024-05-13 20:42:00,5,54,24.5,82,20.0,1009.2,0.0,0.0,15,4911.6,0
2024-05-13 20:47:00,5,55,24.5,83,20.0,1009.1,0.0,0.7,14,4911.6,0
2024-05-13 20:52:00,5,55,24.5,83,19.9,1009.1,0.0,0.0,14,4911.6,0
2024-05-13 20:57:00,5,55,24.4,83,19.8,1009.1,0.0,0.0,14,4911.6,0
2024-05-13 21:02:00,5,55,24.4,84,19.7,1009.1,0.0,0.7,14,4911.6,0
2024-05-13 21:07:00,5,55,24.4,84,19.6,1009.1,0.0,0.0,5,4911.6,0
2024-05-13 21:12:00,5,55,24.4,84,19.5,1009.1,0.0,0.0,5,4911.6,0
2024-05-13 21:17:00,5,56,24.3,85,19.4,1009.1,0.0,0.0,14,4911.6,0
2024-05-13 21:22:00,5,56,24.2,85,19.3,1009.2,0.0,0.0,14,4911.6,0
2024-05-13 21:27:00,5,56,24.2,85,19.2,1009.1,0.0,0.0,10,4911.6,0
2024-05-13 21:32:00,5,56,24.1,85,19.1,1009.2,0.0,0.0,10,4911.6,0
2024-05-13 21:37:00,5,56,24.1,85,19.2,1009.3,0.0,0.0,13,4911.6,0
2024-05-13 21:42:00,5,56,24.1,86,19.0,1009.2,0.0,0.0,14,4911.6,0
2024-05-13 21:47:00,5,56,24.1,86,19.1,1009.1,0.0,0.0,14,4911.6,0
2024-05-13 21:52:00,5,56,24.0,86,19.0,1009.3,0.0,0.0,13,4911.6,0
2024-05-13 21:57:00,5,56,24.0,86,18.9,1009.2,0.0,0.0,14,4911.6,0
2024-05-13 22:02:00,5,56,24.0,86,18.8,1009.2,0.0,0.0,14,4911.6,0
2024-05-13 22:07:00,5,58,23.9,87,18.6,1009.3,0.0,0.0,14,4911.6,0
2024-05-13 22:12:00,5,58,23.8,88,18.6,1009.2,0.0,0.0,14,4911.6,0
2024-05-13 22:17:00,5,58,23.8,88,18.6,1009.3,0.0,0.0,14,4911.6,0
2024-05-13 22:22:00,5,58,23.8,88,18.7,1009.4,0.0,0.0,15,4911.6,0
2024-05-13 22:27:00,5,58,23.8,87,18.6,1009.5,0.0,0.0,14,4911.6,0
2024-05-13 22:32:00,5,58,23.8,88,18.5,1009.3,0.0,0.0,0,4911.6,0
2024-05-13 22:37:00,5,58,23.7,88,18.4,1009.4,0.0,0.0,14,4911.6,0
2024-05-13 22:42:00,5,58,23.7,88,18.2,1009.4,0.0,0.0,14,4911.6,0
2024-05-13 22:47:00,5,59,23.7,89,18.2,1009.4,0.0,0.0,14,4911.6,0
2024-05-13 22:52:00,5,59,23.6,89,18.1,1009.4,0.0,0.0,14,4911.6,0
2024-05-13 22:57:00,5,59,23.6,90,18.0,1009.3,0.0,0.0,14,4911.6,0
2024-05-13 23:02:00,5,59,23.6,90,18.0,1009.4,0.0,0.0,14,4911.6,0
2024-05-13 23:07:00,5,59,23.6,90,18.0,1009.4,0,0,14,4911.6,0
2024-05-13 23:12:00,5,59,23.6,90,17.9,1009.4,0,0,14,4911.6,0
2024-05-13 23:17:00,5,60,23.4,90,17.9,1009.2,0,0,15,4911.6,0
2024-05-13 23:22:00,5,60,23.4,90,17.8,1009.2,0,0,15,4911.6,0
2024-05-13 23:27:00,5,61,23.4,91,17.6,1009.1,0,0,15,4911.6,0
2024-05-13 23:32:00,5,61,23.4,91,17.5,1009.1,0,0,14,4911.6,0
2024-05-13 23:37:00,5,61,23.4,91,17.6,1009.1,0,0,14,4911.6,0
2024-05-13 23:42:00,5,61,23.4,91,17.6,1008.9,0,0,14,4911.6,0
2024-05-13 23:47:00,5,61,23.4,91,17.6,1008.9,0,0,14,4911.6,0
2024-05-13 23:52:00,5,61,23.4,91,17.5,1008.8,0,0,14,4911.6,0
2024-05-13 23:57:00,5,61,23.4,91,17.4,1008.7,0,0,14,4911.6,0
