2019-06-05 00:00:01,5,60,22.9,86,16.8,1008.6,1.7,3.4,6,616.8,0
2019-06-05 00:05:01,5,60,22.9,86,16.8,1008.6,1.7,3.4,6,616.8,0
2019-06-05 00:10:01,5,60,22.9,87,16.6,1008.7,1.4,2.0,6,616.8,0
2019-06-05 00:15:01,5,59,22.9,87,16.6,1008.6,0.7,1.0,10,616.8,0
2019-06-05 00:20:01,5,59,22.8,87,16.6,1008.8,0.3,0.7,4,616.8,0
2019-06-05 00:25:01,5,59,22.8,88,16.5,1008.8,0.0,0.7,6,616.8,0
2019-06-05 00:30:01,5,59,22.7,88,16.4,1009.0,0.7,1.4,8,616.8,0
2019-06-05 00:35:01,5,59,22.7,88,16.3,1009.1,0.3,0.7,10,616.8,0
2019-06-05 00:40:01,5,59,22.7,89,16.2,1009.1,0.0,0.7,12,616.8,0
2019-06-05 00:45:01,5,59,22.7,89,16.2,1009.1,0.0,0.3,2,616.8,0
2019-06-05 00:50:01,5,59,22.7,89,16.2,1009.1,0.3,1.7,8,616.8,0
2019-06-05 00:55:01,5,59,22.7,89,16.2,1009.2,0.3,2.0,8,616.8,0
2019-06-05 01:00:01,5,59,22.6,89,16.1,1009.0,0.0,0.3,10,616.8,0
2019-06-05 01:05:01,5,59,22.6,90,16.1,1008.9,0.0,0.0,6,616.8,0
2019-06-05 01:10:01,5,59,22.6,90,16.1,1009.3,0.0,1.0,8,616.8,0
2019-06-05 01:15:01,5,59,22.6,90,16.1,1009.6,0.0,0.0,12,616.8,0
2019-06-05 01:20:01,5,59,22.6,90,16.0,1009.7,0.0,0.3,8,616.8,0
2019-06-05 01:25:01,5,59,22.6,90,16.0,1009.6,0.3,1.0,8,616.8,0
2019-06-05 01:30:01,5,59,22.5,90,16.1,1009.6,0.7,1.4,14,616.8,0
2019-06-05 01:35:01,5,59,22.5,90,16.0,1009.8,0.3,1.0,10,616.8,0
2019-06-05 01:40:01,5,59,22.5,90,16.0,1009.7,0.3,1.0,8,616.8,0
2019-06-05 01:45:01,5,59,22.5,90,16.0,1009.6,0.0,0.0,8,616.8,0
2019-06-05 01:50:01,5,59,22.5,90,16.0,1009.8,0.7,1.4,8,616.8,0
2019-06-05 01:55:01,5,59,22.4,91,16.0,1009.9,0.0,0.0,8,616.8,0
2019-06-05 02:00:01,5,59,22.4,92,15.9,1009.8,0.0,0.0,10,616.8,0
2019-06-05 02:05:01,5,60,22.4,92,15.9,1010.0,0.0,0.0,10,616.8,0
2019-06-05 02:10:01,5,60,22.3,92,15.8,1010.0,0.3,1.4,10,616.8,0
2019-06-05 02:15:01,5,60,22.3,92,15.8,1010.0,0.0,0.0,2,616.8,0
2019-06-05 02:20:01,5,60,22.3,92,15.8,1010.1,0.0,0.0,8,616.8,0
2019-06-05 02:25:01,5,60,22.3,92,15.7,1009.8,0.0,0.0,10,616.8,0
2019-06-05 02:30:01,5,60,22.3,92,15.7,1009.8,0.0,0.3,10,616.8,0
2019-06-05 02:35:01,5,60,22.3,92,15.6,1009.9,0.0,0.0,14,616.8,0
2019-06-05 02:40:01,5,60,22.3,92,15.5,1009.9,0.0,0.0,10,616.8,0
2019-06-05 02:45:01,5,60,22.2,93,15.5,1009.7,0.0,0.0,8,616.8,0
2019-06-05 02:50:01,5,60,22.2,93,15.4,1009.4,0.0,0.0,8,616.8,0
2019-06-05 02:55:01,5,60,22.2,93,15.4,1009.2,0.0,0.0,8,616.8,0
2019-06-05 03:00:01,5,60,22.2,93,15.4,1009.4,0.0,0.0,8,616.8,0
2019-06-05 03:05:01,5,60,22.2,93,15.4,1009.2,0.0,0.0,8,616.8,0
2019-06-05 03:10:01,5,60,22.2,93,15.3,1009.5,0.0,0.0,8,616.8,0
2019-06-05 03:15:01,5,60,22.1,93,15.3,1009.6,0.0,0.0,4,616.8,0
2019-06-05 03:20:01,5,60,22.1,93,15.2,1009.7,0.0,0.0,10,616.8,0
2019-06-05 03:25:01,5,60,22.1,93,15.2,1009.8,0.0,0.0,10,616.8,0
2019-06-05 03:30:01,5,60,22.1,94,15.3,1009.7,0.0,0.0,12,616.8,0
2019-06-05 03:35:01,5,60,22.1,94,15.3,1009.8,0.0,0.0,10,616.8,0
2019-06-05 03:40:01,5,60,22.1,94,15.4,1010.0,0.0,0.3,12,616.8,0
2019-06-05 03:45:01,5,60,22.0,94,15.4,1010.0,0.0,0.0,12,616.8,0
2019-06-05 03:50:01,5,60,22.0,94,15.4,1010.0,0.0,0.0,12,616.8,0
2019-06-05 03:55:01,5,60,22.0,94,15.5,1010.1,0.0,0.3,14,616.8,0
2019-06-05 04:00:01,5,60,22.0,95,15.6,1010.4,0.0,0.0,10,616.8,0
2019-06-05 04:05:01,5,60,22.0,95,15.6,1010.4,0.0,0.0,10,616.8,0
2019-06-05 04:10:01,5,60,22.0,95,15.7,1010.5,0.0,0.0,12,616.8,0
2019-06-05 04:15:01,5,60,22.0,95,15.7,1010.7,0.0,0.0,10,616.8,0
2019-06-05 04:20:01,5,61,21.9,95,15.8,1010.7,0.0,0.0,8,616.8,0
2019-06-05 04:25:01,5,61,21.9,95,15.8,1010.6,0.0,0.0,12,616.8,0
2019-06-05 04:30:01,5,61,21.9,95,15.9,1010.6,0.0,0.0,10,616.8,0
2019-06-05 04:35:01,5,60,22.0,94,16.1,1010.7,0.0,0.3,12,616.8,0
2019-06-05 04:40:01,5,60,22.0,94,16.2,1010.7,0.0,0.0,12,616.8,0
2019-06-05 04:45:01,5,60,22.0,94,16.3,1010.9,0.0,0.3,2,616.8,0
2019-06-05 04:50:01,5,60,22.0,94,16.4,1011.0,0.0,0.3,10,616.8,0
2019-06-05 04:55:01,5,60,22.1,94,16.5,1010.9,0.0,0.3,4,616.8,0
2019-06-05 05:00:01,5,60,22.1,94,16.5,1010.9,0.0,0.0,0,616.8,0
2019-06-05 05:05:01,5,60,22.1,94,16.6,1011.0,0.0,0.0,12,616.8,0
2019-06-05 05:10:01,5,60,22.1,93,16.6,1011.0,0.3,1.0,4,616.8,0
2019-06-05 05:15:01,5,60,22.1,93,16.6,1011.0,0.3,1.0,12,616.8,0
2019-06-05 05:20:01,5,60,22.1,93,16.6,1010.9,0.0,0.3,2,616.8,0
2019-06-05 05:25:01,5,61,22.1,93,16.5,1011.0,0.0,0.3,4,616.8,0
2019-06-05 05:30:01,5,61,22.1,93,16.6,1010.8,0.0,0.0,8,616.8,0
2019-06-05 05:35:01,5,61,22.0,92,16.5,1011.0,0.3,0.7,10,616.8,0
2019-06-05 05:40:01,5,61,22.0,92,16.5,1011.3,0.3,1.4,8,616.8,0
2019-06-05 05:45:01,5,61,22.0,92,16.5,1011.5,0.3,1.0,12,616.8,0
2019-06-05 05:50:01,5,61,22.0,92,16.5,1011.5,0.7,1.0,10,616.8,0
2019-06-05 05:55:01,5,61,22.0,92,16.5,1011.6,0.0,0.0,14,616.8,0
2019-06-05 06:00:01,5,61,22.0,92,16.5,1011.2,0.0,0.0,0,617.1,0
2019-06-05 06:05:01,5,61,22.0,92,16.5,1011.3,0.0,0.0,0,617.1,0
2019-06-05 06:10:01,5,61,22.0,92,16.5,1011.6,0.7,1.0,9,617.1,0
2019-06-05 06:15:01,5,61,22.0,92,16.5,1011.7,0.3,1.0,8,617.1,0
2019-06-05 06:20:01,5,61,22.0,92,16.6,1012.0,0.7,1.4,10,617.1,0
2019-06-05 06:25:01,5,61,22.0,92,16.6,1012.1,0.3,0.3,4,617.1,0
2019-06-05 06:30:01,5,61,22.0,92,16.6,1012.1,0.3,0.7,8,617.1,0
2019-06-05 06:35:01,5,61,22.0,92,16.6,1012.2,0.3,1.0,0,617.4,0
2019-06-05 06:40:01,5,61,22.0,92,16.7,1012.4,0.3,0.7,8,617.4,0
2019-06-05 06:45:01,5,61,22.1,92,16.7,1012.4,0.3,1.0,14,617.4,0
2019-06-05 06:50:01,5,61,22.1,92,16.8,1012.4,0.7,1.4,12,617.4,0
2019-06-05 06:55:01,5,61,22.1,92,16.7,1012.5,0.3,0.7,14,617.4,0
2019-06-05 07:00:01,5,61,22.1,92,16.7,1012.4,0.0,0.3,8,617.4,0
2019-06-05 07:05:01,5,61,22.1,92,16.6,1012.3,0.0,0.7,10,617.4,0
2019-06-05 07:10:01,5,61,22.1,92,16.6,1012.3,0.3,0.7,8,617.4,0
2019-06-05 07:15:01,5,61,22.1,92,16.5,1012.4,0.3,1.0,10,617.4,0
2019-06-05 07:20:01,5,61,22.1,92,16.4,1012.4,0.3,1.0,10,617.4,0
2019-06-05 07:25:01,5,61,22.1,92,16.4,1012.6,0.7,1.0,10,617.4,0
2019-06-05 07:30:01,5,61,22.1,92,16.3,1012.5,0.0,0.0,8,617.4,0
2019-06-05 07:35:01,5,61,22.0,92,16.3,1012.5,0.0,0.0,12,617.7,0
2019-06-05 07:40:01,5,62,22.1,92,16.4,1012.4,0.0,0.0,12,617.7,0
2019-06-05 07:45:01,5,63,22.1,92,16.3,1012.4,0.0,0.0,0,617.7,0
2019-06-05 07:50:01,5,63,22.0,92,16.3,1012.2,0.0,0.3,8,618.0,0
2019-06-05 07:55:01,5,64,22.0,92,16.2,1012.2,0.0,0.0,10,618.0,0
2019-06-05 08:00:01,5,64,22.1,92,16.2,1012.1,0.0,0.0,10,618.0,0
2019-06-05 08:05:01,5,64,22.1,92,16.2,1012.3,0.0,0.0,10,618.0,0
2019-06-05 08:10:01,5,64,22.1,92,16.1,1012.3,0.0,0.3,10,618.3,0
2019-06-05 08:15:01,5,64,22.1,92,16.1,1012.4,0.0,0.0,12,618.3,0
2019-06-05 08:20:01,5,65,22.2,92,16.1,1012.3,0.0,0.7,10,618.3,0
2019-06-05 08:25:01,5,66,22.1,93,16.1,1012.3,0.0,0.0,9,618.3,0
2019-06-05 08:30:01,5,67,22.2,92,16.1,1012.3,0.0,0.7,6,618.3,0
2019-06-05 08:35:01,5,68,22.2,93,16.1,1012.4,1.0,1.7,8,618.3,0
2019-06-05 08:40:01,5,68,22.2,93,16.1,1012.4,0.0,0.0,12,618.3,0
2019-06-05 08:45:01,5,68,22.2,93,16.1,1012.1,0.0,0.0,14,618.3,0
2019-06-05 08:50:01,5,67,22.2,93,16.1,1012.1,0.7,1.4,10,618.3,0
2019-06-05 08:55:01,5,67,22.2,93,16.0,1012.0,0.3,1.0,2,618.6,0
2019-06-05 09:00:01,5,67,22.3,93,16.0,1012.1,0.0,1.0,10,618.6,0
2019-06-05 09:05:01,5,67,22.3,93,16.1,1012.3,0.0,0.3,8,618.6,0
2019-06-05 09:10:01,5,68,22.3,93,16.1,1012.3,0.3,1.4,8,618.9,0
2019-06-05 09:15:01,5,68,22.3,93,16.1,1012.4,0.7,1.0,8,618.9,0
2019-06-05 09:20:01,5,68,22.3,93,16.2,1012.3,0.3,0.7,12,618.9,0
2019-06-05 09:25:01,5,68,22.3,93,16.2,1012.2,0.3,0.7,10,618.9,0
2019-06-05 09:30:01,5,67,22.3,93,16.2,1012.4,0.0,1.0,0,618.9,0
2019-06-05 09:35:01,5,67,22.3,93,16.1,1012.5,0.7,1.0,10,618.9,0
2019-06-05 09:40:01,5,67,22.3,93,16.0,1012.5,0.7,1.4,12,618.9,0
2019-06-05 09:45:01,5,67,22.3,94,15.8,1012.5,0.7,1.0,6,618.9,0
2019-06-05 09:50:01,5,67,22.3,94,15.9,1012.5,0.0,0.0,12,618.9,0
2019-06-05 09:55:01,5,67,22.3,93,16.0,1012.5,0.0,0.0,12,618.9,0
2019-06-05 10:00:01,5,67,22.3,93,16.1,1012.5,1.0,1.7,10,618.9,0
2019-06-05 10:05:01,5,67,22.3,93,16.1,1012.4,1.0,1.7,10,618.9,0
2019-06-05 10:10:01,5,67,22.3,94,16.5,1012.5,0.3,0.7,6,618.9,0
2019-06-05 10:15:01,5,67,22.5,93,17.1,1012.5,0.0,0.7,2,619.2,0
2019-06-05 10:20:01,5,67,22.6,93,17.1,1012.5,0.3,1.0,10,619.2,0
2019-06-05 10:25:01,5,66,22.6,92,17.3,1012.5,0.3,0.7,10,619.2,0
2019-06-05 10:30:01,5,66,22.7,92,17.2,1012.5,0.3,1.0,8,619.2,0
2019-06-05 10:35:01,5,66,22.7,92,16.9,1012.3,0.0,0.3,8,619.2,0
2019-06-05 10:40:01,5,65,22.7,91,16.9,1012.4,0.3,0.7,14,619.2,0
2019-06-05 10:45:01,5,65,22.7,90,17.1,1012.5,0.0,0.0,12,619.2,0
2019-06-05 10:50:01,5,66,22.7,90,17.3,1012.2,0.0,0.0,0,619.2,0
2019-06-05 10:55:01,5,65,22.7,90,17.5,1012.0,0.3,1.0,4,619.2,0
2019-06-05 11:00:01,5,65,22.8,90,17.5,1012.3,0.0,0.0,8,619.2,0
2019-06-05 11:05:01,5,65,22.8,89,17.5,1012.0,0.0,0.3,12,619.2,0
2019-06-05 11:10:01,5,67,22.9,89,17.6,1012.2,0.3,1.4,12,619.2,0
2019-06-05 11:15:01,5,67,22.9,89,17.6,1012.2,0.0,0.0,14,619.2,0
2019-06-05 11:20:01,5,66,23.0,88,17.5,1012.1,0.0,0.0,10,619.2,0
2019-06-05 11:25:01,5,66,23.0,88,17.3,1012.1,0.0,0.0,0,619.2,0
2019-06-05 11:30:01,5,66,23.0,88,17.2,1012.1,0.0,0.3,10,619.2,0
2019-06-05 11:35:01,5,66,23.0,88,17.1,1012.0,0.0,0.0,2,619.2,0
2019-06-05 11:40:01,5,65,23.0,87,17.1,1012.1,0.3,1.0,14,619.2,0
2019-06-05 11:45:01,5,65,23.0,88,16.9,1012.0,0.0,0.0,12,619.2,0
2019-06-05 11:50:01,5,65,23.0,88,16.9,1012.1,0.3,0.7,10,619.2,0
2019-06-05 11:55:01,5,65,23.0,87,17.2,1011.9,0.0,0.0,10,619.2,0
2019-06-05 12:00:01,5,65,23.0,87,17.5,1012.0,0.0,0.3,10,619.2,0
2019-06-05 12:05:01,5,65,23.0,87,17.5,1012.0,0.0,0.3,10,619.2,0
2019-06-05 12:10:01,5,65,23.0,86,17.8,1011.9,0.0,0.0,0,619.2,0
2019-06-05 12:15:01,5,65,23.0,85,17.9,1012.1,0.0,0.0,12,619.2,0
2019-06-05 12:20:01,5,65,23.0,84,17.8,1012.2,0.0,0.0,10,619.2,0
2019-06-05 12:25:01,5,65,23.0,83,17.7,1012.2,0.0,0.0,10,619.2,0
2019-06-05 12:30:01,5,65,23.0,83,17.6,1012.2,0.0,0.0,12,619.2,0
2019-06-05 12:35:01,5,65,23.0,83,17.5,1012.0,0.0,0.0,4,619.2,0
2019-06-05 12:40:01,5,65,23.0,83,17.4,1012.1,0.0,0.0,12,619.2,0
2019-06-05 12:45:01,5,65,22.9,84,17.5,1012.2,0.0,0.0,10,619.2,0
2019-06-05 12:50:01,5,65,22.9,84,17.4,1012.1,0.0,0.3,6,619.2,0
2019-06-05 12:55:01,5,65,22.9,84,17.5,1012.1,0.0,0.0,0,619.2,0
2019-06-05 13:00:01,5,65,22.9,84,17.6,1012.3,0.0,0.0,12,619.2,0
2019-06-05 13:05:01,5,65,22.9,84,17.6,1012.2,0.0,0.0,12,619.2,0
2019-06-05 13:10:01,5,65,22.9,83,17.6,1012.4,0.0,0.0,14,619.2,0
2019-06-05 13:15:01,5,65,22.9,83,17.6,1012.3,0.0,0.3,8,619.2,0
2019-06-05 13:20:01,5,65,22.8,82,17.6,1012.0,0.3,0.7,2,619.2,0
2019-06-05 13:25:01,5,65,22.8,82,17.6,1012.2,0.0,0.3,8,619.2,0
2019-06-05 13:30:01,5,65,22.8,82,17.6,1012.3,0.0,0.0,10,619.2,0
2019-06-05 13:35:01,5,65,22.8,81,17.5,1012.1,0.0,0.0,8,619.2,0
2019-06-05 13:40:01,5,65,22.7,81,17.6,1012.2,0.0,0.0,8,619.2,0
2019-06-05 13:45:01,5,65,22.7,82,17.8,1012.3,0.0,0.3,0,619.2,0
2019-06-05 13:50:01,5,65,22.8,83,18.0,1012.2,0.0,0.0,0,619.2,0
2019-06-05 13:55:01,5,65,22.7,82,18.1,1012.0,0.0,0.0,8,619.2,0
2019-06-05 14:00:01,5,65,22.8,82,18.3,1012.0,0.0,0.0,4,619.2,0
2019-06-05 14:05:01,5,66,22.9,82,18.3,1011.9,0.0,0.0,4,619.2,0
2019-06-05 14:10:01,5,66,23.0,81,19.7,1011.6,0.0,0.7,4,619.2,0
2019-06-05 14:15:01,5,64,23.0,76,20.0,1011.6,0.0,0.0,6,619.2,0
2019-06-05 14:20:01,5,61,22.9,74,19.7,1011.6,0.0,0.0,2,619.2,0
2019-06-05 14:25:01,5,60,22.9,74,19.8,1011.5,0.0,0.0,4,619.2,0
2019-06-05 14:30:01,5,60,22.9,73,19.9,1011.4,0.0,0.0,4,619.2,0
2019-06-05 14:35:01,5,60,22.7,71,20.0,1011.4,0.3,1.0,2,619.2,0
2019-06-05 14:40:01,5,59,22.7,71,20.0,1011.4,0.0,0.0,0,619.2,0
2019-06-05 14:45:01,5,60,22.7,71,20.2,1011.3,0.0,0.7,14,619.2,0
2019-06-05 14:50:01,5,59,22.7,70,20.3,1011.3,0.0,0.0,8,619.2,0
2019-06-05 14:55:01,5,59,22.8,69,20.2,1011.2,0.3,0.7,12,619.2,0
2019-06-05 15:00:01,5,59,22.9,68,20.0,1011.1,0.3,1.4,13,619.2,0
2019-06-05 15:05:01,5,59,22.9,70,19.9,1011.1,0.0,0.0,2,619.2,0
2019-06-05 15:10:01,5,59,22.9,69,20.0,1011.1,0.0,0.7,8,619.2,0
2019-06-05 15:15:01,5,59,22.9,70,19.9,1011.2,0.0,0.0,2,619.2,0
2019-06-05 15:20:01,5,59,22.9,70,19.7,1011.1,0.3,1.4,2,619.2,0
2019-06-05 15:25:01,5,59,22.9,70,19.3,1011.2,0.0,0.7,6,619.2,0
2019-06-05 15:30:01,5,58,22.9,71,19.3,1011.1,0.7,1.4,8,619.2,0
2019-06-05 15:35:01,5,58,22.9,71,19.1,1011.1,0.7,1.0,4,619.2,0
2019-06-05 15:40:01,5,58,22.8,71,19.1,1011.0,0.3,0.7,14,619.2,0
2019-06-05 15:45:01,5,58,22.8,72,19.0,1011.0,0.0,0.0,10,619.2,0
2019-06-05 15:50:01,5,58,22.7,72,19.0,1011.0,0.0,0.0,4,619.2,0
2019-06-05 15:55:01,5,58,22.8,72,19.0,1010.9,0.0,0.0,2,619.2,0
2019-06-05 16:00:01,5,58,22.7,73,18.8,1010.9,0.7,1.4,2,619.2,0
2019-06-05 16:05:01,5,58,22.7,73,18.8,1010.9,0.7,1.4,2,619.2,0
2019-06-05 16:10:01,5,58,22.7,73,18.3,1010.8,0.7,1.4,2,619.2,0
2019-06-05 16:15:01,5,58,22.7,74,18.4,1010.9,0.3,0.7,4,619.2,0
2019-06-05 16:20:01,5,58,22.7,74,18.6,1011.0,0.7,1.0,2,619.2,0
2019-06-05 16:25:01,5,58,22.7,74,18.4,1010.9,0.7,1.4,0,619.2,0
2019-06-05 16:30:01,5,58,22.6,74,18.4,1010.9,1.0,1.7,0,619.2,0
2019-06-05 16:35:01,5,58,22.6,74,18.2,1010.9,0.7,1.4,0,619.2,0
2019-06-05 16:40:01,5,58,22.6,75,18.1,1010.9,1.0,1.7,0,619.2,0
2019-06-05 16:45:01,5,58,22.6,77,17.9,1010.9,0.7,1.4,13,619.2,0
2019-06-05 16:50:01,5,59,22.6,77,17.8,1010.9,1.0,1.7,0,619.2,0
2019-06-05 16:55:01,5,59,22.6,77,17.7,1011.1,1.0,1.4,0,619.2,0
2019-06-05 17:00:01,5,60,22.7,78,17.7,1010.9,0.7,1.0,0,619.2,0
2019-06-05 17:05:01,5,60,22.7,77,17.7,1010.9,1.0,2.0,4,619.2,0
2019-06-05 17:10:01,5,60,22.7,77,17.5,1010.9,1.0,1.7,2,619.2,0
2019-06-05 17:15:01,5,60,22.7,76,17.6,1010.7,0.7,1.4,14,619.2,0
2019-06-05 17:20:01,5,60,22.8,76,17.7,1010.6,0.7,1.4,15,619.2,0
2019-06-05 17:25:01,5,60,22.9,76,17.7,1010.6,0.3,1.0,14,619.2,0
2019-06-05 17:30:01,5,59,22.9,75,17.7,1010.3,1.4,2.0,14,619.2,0
2019-06-05 17:35:01,5,60,23.0,74,17.6,1010.2,0.7,2.0,0,619.2,0
2019-06-05 17:40:01,5,61,23.0,74,17.6,1010.1,0.3,1.0,4,619.2,0
2019-06-05 17:45:01,5,62,23.0,74,17.5,1010.0,1.4,2.4,14,619.2,0
2019-06-05 17:50:01,5,63,23.0,74,17.4,1009.9,1.4,2.4,0,619.2,0
2019-06-05 17:55:01,5,62,23.0,74,17.2,1009.9,0.7,1.7,0,619.2,0
2019-06-05 18:00:01,5,59,23.0,74,17.0,1009.9,0.7,1.4,14,619.2,0
2019-06-05 18:05:01,5,58,22.9,74,17.0,1010.1,0.7,1.4,14,619.2,0
2019-06-05 18:10:01,5,58,22.8,75,16.6,1009.9,0.7,1.4,2,619.2,0
2019-06-05 18:15:01,5,58,22.7,75,16.4,1009.8,1.7,2.7,10,619.2,0
2019-06-05 18:20:01,5,58,22.7,76,16.3,1010.0,1.4,2.4,4,619.2,0
2019-06-05 18:25:01,5,58,22.7,76,16.2,1009.9,1.4,2.4,12,619.2,0
2019-06-05 18:30:01,5,57,22.7,76,16.2,1009.8,0.7,1.7,6,619.2,0
2019-06-05 18:35:01,5,57,22.7,76,16.2,1009.8,1.0,1.4,2,619.2,0
2019-06-05 18:40:01,5,57,22.6,76,16.2,1009.6,1.4,2.0,2,619.2,0
2019-06-05 18:45:01,5,57,22.6,76,16.2,1009.7,1.0,2.4,0,619.2,0
2019-06-05 18:50:01,5,56,22.6,75,16.1,1009.5,1.4,2.7,0,619.2,0
2019-06-05 18:55:01,5,56,22.6,75,16.1,1009.5,1.4,2.7,2,619.2,0
2019-06-05 19:00:01,5,56,22.6,75,16.0,1009.5,1.0,1.7,0,619.2,0
2019-06-05 19:05:01,5,56,22.5,76,15.9,1009.4,0.7,2.0,14,619.2,0
2019-06-05 19:10:01,5,55,22.5,76,15.8,1009.3,1.4,2.7,0,619.2,0
2019-06-05 19:15:01,5,55,22.5,75,15.8,1009.5,0.7,1.7,2,619.2,0
2019-06-05 19:20:01,5,55,22.4,75,15.6,1009.5,1.7,3.7,0,619.2,0
2019-06-05 19:25:01,5,55,22.3,74,15.5,1009.6,2.0,3.1,0,619.2,0
2019-06-05 19:30:01,5,55,22.3,74,15.4,1009.4,1.4,2.7,2,619.2,0
2019-06-05 19:35:01,5,54,22.3,73,15.3,1009.5,2.4,3.4,2,619.2,0
2019-06-05 19:40:01,5,54,22.2,72,15.3,1009.7,1.0,2.0,1,619.2,0
2019-06-05 19:45:01,5,54,22.2,71,15.2,1009.6,1.4,2.0,9,619.2,0
2019-06-05 19:50:01,5,53,22.2,71,15.2,1009.4,2.0,2.7,13,619.2,0
2019-06-05 19:55:01,5,53,22.2,68,15.1,1009.4,1.7,3.1,2,619.2,0
2019-06-05 20:00:01,5,53,22.1,66,15.1,1009.4,2.0,3.1,2,619.2,0
2019-06-05 20:05:01,5,53,22.1,66,15.1,1009.0,2.0,3.1,2,619.2,0
2019-06-05 20:10:01,5,52,22.1,67,15.1,1008.9,1.4,2.0,2,619.2,0
2019-06-05 20:15:01,5,52,22.0,68,15.0,1009.1,1.7,2.7,2,619.2,0
2019-06-05 20:20:01,5,52,22.0,69,15.0,1009.1,1.4,2.4,0,619.2,0
2019-06-05 20:25:01,5,53,21.9,70,15.0,1008.4,2.0,2.4,,619.2,2048
2019-06-05 20:30:01,5,53,21.9,72,14.9,1008.2,1.4,2.0,2,619.2,0
2019-06-05 20:35:01,5,53,21.9,72,14.9,1008.7,0.7,1.7,0,619.2,0
2019-06-05 20:40:01,5,53,21.9,74,14.9,1008.7,1.0,2.0,14,619.8,0
2019-06-05 20:45:01,5,52,21.9,77,14.3,1008.1,1.4,3.1,0,620.4,0
2019-06-05 20:50:01,5,52,21.9,82,13.8,1007.6,0.7,1.4,4,621.9,0
2019-06-05 20:55:01,5,53,21.8,85,13.3,1009.0,0.3,1.0,8,623.4,0
2019-06-05 21:00:01,5,53,21.8,87,13.2,1009.0,1.4,2.4,0,625.8,0
2019-06-05 21:05:01,5,53,21.8,89,12.8,1008.3,2.0,3.4,10,626.1,0
2019-06-05 21:10:01,5,53,21.7,90,12.5,1009.2,0.0,0.7,8,626.1,0
2019-06-05 21:15:01,5,54,21.7,91,12.5,1009.6,0.3,1.7,4,626.1,0
2019-06-05 21:20:01,5,54,21.7,92,12.4,1012.4,2.7,5.4,14,626.4,0
2019-06-05 21:25:01,5,54,21.7,93,12.5,1010.9,3.1,5.1,2,626.7,0
2019-06-05 21:30:01,5,54,21.7,94,12.2,1010.2,0.3,0.7,10,628.5,0
2019-06-05 21:35:01,5,55,21.6,94,12.0,1010.6,1.4,2.4,8,628.8,0
2019-06-05 21:40:01,5,55,21.5,94,12.0,1011.8,1.4,2.4,6,629.1,0
2019-06-05 21:45:01,5,55,21.5,96,11.9,1012.6,1.7,3.1,11,629.1,0
2019-06-05 21:50:01,5,55,21.5,96,11.7,1012.0,2.0,3.1,6,629.1,0
2019-06-05 21:55:01,5,55,21.5,96,11.7,1011.9,1.4,3.1,6,629.1,0
2019-06-05 22:00:01,5,55,21.4,96,11.6,1011.5,1.0,2.7,8,629.1,0
2019-06-05 22:05:01,5,55,21.4,97,11.7,1011.0,1.4,2.4,8,629.1,0
2019-06-05 22:10:01,5,55,21.3,97,11.8,1010.5,2.0,3.4,0,629.1,0
2019-06-05 22:15:01,5,56,21.3,98,11.9,1010.1,1.0,2.0,14,629.1,0
2019-06-05 22:20:01,5,56,21.3,98,11.8,1009.7,0.7,3.7,4,629.1,0
2019-06-05 22:25:01,5,56,21.3,98,11.8,1009.8,0.3,1.4,14,629.1,0
2019-06-05 22:30:01,5,56,21.3,98,11.7,1009.8,1.0,1.4,14,629.1,0
2019-06-05 22:35:01,5,56,21.2,98,11.6,1008.6,1.0,1.7,4,629.1,0
2019-06-05 22:40:01,5,56,21.2,98,11.6,1008.8,0.3,1.7,0,629.1,0
2019-06-05 22:45:01,5,56,21.2,98,11.5,1009.1,1.4,2.4,10,629.1,0
2019-06-05 22:50:01,5,56,21.2,98,11.5,1010.2,0.7,1.4,2,629.1,0
2019-06-05 22:55:01,5,56,21.2,98,11.4,1010.2,0.3,1.4,4,629.4,0
2019-06-05 23:00:01,5,56,21.2,98,11.4,1010.3,0.7,2.0,2,629.4,0
2019-06-05 23:05:01,5,56,21.1,98,11.3,1010.3,0,0.7,4,629.4,0
2019-06-05 23:10:01,5,56,21.1,98,11.4,1009.9,0.7,1.4,12,629.7,0
2019-06-05 23:15:01,5,56,21.1,98,11.4,1010.5,0.7,1.4,0,629.7,0
2019-06-05 23:20:01,5,56,21.1,98,11.4,1010.3,0.3,1.0,0,630.0,0
2019-06-05 23:25:01,5,56,21.1,98,11.4,1010.1,0.7,1.0,2,630.0,0
2019-06-05 23:30:01,5,56,21.1,98,11.4,1009.4,0.7,1.7,2,630.3,0
2019-06-05 23:35:01,5,56,21.1,98,11.4,1009.2,1.0,1.4,0,630.3,0
2019-06-05 23:40:01,5,56,21.1,98,11.4,1009.9,0,1.0,10,630.6,0
2019-06-05 23:45:01,5,56,21.0,98,11.4,1010.9,1.4,2.0,8,630.9,0
2019-06-05 23:50:01,5,57,21.0,98,11.4,1011.3,0.7,1.0,8,630.9,0
2019-06-05 23:55:01,5,57,21.0,98,11.5,1012.3,1.7,3.1,8,630.9,0
