2019-06-21 00:02:00,5,56,21.9,82,13.4,1020.5,0.0,0.0,8,694.2,0
2019-06-21 00:07:00,5,56,21.9,82,13.4,1020.6,0.0,0.0,8,694.2,0
2019-06-21 00:12:00,5,56,21.9,82,13.5,1020.5,0.7,1.7,8,694.2,0
2019-06-21 00:17:00,5,56,21.9,82,13.5,1020.5,0.7,1.4,8,694.2,0
2019-06-21 00:22:00,5,56,21.9,81,13.6,1020.6,0.3,1.4,8,694.2,0
2019-06-21 00:27:00,5,56,21.9,80,13.6,1020.5,0.7,1.4,8,694.2,0
2019-06-21 00:32:00,5,56,21.9,79,13.7,1020.6,0.7,1.7,8,694.2,0
2019-06-21 00:37:00,5,56,21.8,78,13.7,1020.6,0.7,2.7,8,694.2,0
2019-06-21 00:42:00,5,56,21.8,78,13.7,1020.6,0.7,1.0,8,694.2,0
2019-06-21 00:47:00,5,56,21.8,78,13.7,1020.8,0.7,1.7,12,694.2,0
2019-06-21 00:52:00,5,56,21.8,78,13.7,1020.7,0.7,1.4,12,694.2,0
2019-06-21 00:57:00,5,56,21.8,78,13.6,1020.9,0.7,2.0,8,694.2,0
2019-06-21 01:02:00,5,56,21.8,78,13.6,1020.8,0.7,1.0,8,694.2,0
2019-06-21 01:07:00,5,56,21.7,78,13.6,1020.9,0.7,2.0,8,694.2,0
2019-06-21 01:12:00,5,56,21.7,79,13.6,1020.9,0.0,0.3,12,694.2,0
2019-06-21 01:17:00,5,56,21.7,79,13.5,1020.8,1.0,2.4,2,694.2,0
2019-06-21 01:22:00,5,56,21.7,79,13.5,1021.0,1.0,1.4,8,694.2,0
2019-06-21 01:27:00,5,56,21.7,80,13.4,1020.9,0.3,1.0,9,694.2,0
2019-06-21 01:32:00,5,56,21.7,81,13.3,1020.9,0.0,0.3,4,694.2,0
2019-06-21 01:37:00,5,56,21.7,81,13.3,1021.1,0.0,0.0,12,694.2,0
2019-06-21 01:42:00,5,57,21.7,82,13.3,1021.0,0.0,0.0,6,694.2,0
2019-06-21 01:47:00,5,57,21.7,82,13.2,1021.0,0.0,0.0,6,694.2,0
2019-06-21 01:52:00,5,57,21.6,82,13.2,1021.1,0.7,1.0,8,694.2,0
2019-06-21 01:57:00,5,57,21.6,82,13.2,1021.2,0.3,1.4,6,694.2,0
2019-06-21 02:02:00,5,57,21.6,83,13.2,1021.2,0.3,0.7,8,694.2,0
2019-06-21 02:07:00,5,57,21.6,83,13.2,1021.2,0.3,0.7,8,694.2,0
2019-06-21 02:12:00,5,57,21.5,83,13.1,1021.1,0.7,1.7,14,694.2,0
2019-06-21 02:17:00,5,57,21.5,83,13.1,1021.2,0.3,1.4,8,694.2,0
2019-06-21 02:22:00,5,57,21.5,84,13.0,1021.3,0.3,1.0,8,694.2,0
2019-06-21 02:27:00,5,57,21.5,84,13.0,1021.2,0.3,1.7,8,694.2,0
2019-06-21 02:32:00,5,57,21.5,84,12.9,1021.3,0.0,1.0,8,694.2,0
2019-06-21 02:37:00,5,57,21.5,84,12.9,1021.3,0.3,0.7,14,694.2,0
2019-06-21 02:42:00,5,57,21.5,85,12.9,1021.3,1.0,2.0,8,694.2,0
2019-06-21 02:47:00,5,57,21.5,85,12.8,1021.4,0.3,1.0,8,694.2,0
2019-06-21 02:52:00,5,57,21.4,85,12.8,1021.5,0.0,1.0,6,694.2,0
2019-06-21 02:57:00,5,58,21.4,85,12.8,1021.5,0.3,1.0,8,694.2,0
2019-06-21 03:02:00,5,58,21.4,86,12.8,1021.4,1.0,1.7,10,694.2,0
2019-06-21 03:07:00,5,58,21.3,87,12.8,1021.5,0.3,1.0,4,694.2,0
2019-06-21 03:12:00,5,58,21.3,87,12.8,1021.5,0.0,0.7,6,694.2,0
2019-06-21 03:17:00,5,58,21.3,87,12.8,1021.5,0.7,1.0,6,694.2,0
2019-06-21 03:22:00,5,58,21.3,87,12.7,1021.5,0.0,0.0,8,694.2,0
2019-06-21 03:27:00,5,58,21.3,88,12.7,1021.6,0.3,1.0,6,694.2,0
2019-06-21 03:32:00,5,58,21.3,88,12.7,1021.7,0.0,0.0,4,694.2,0
2019-06-21 03:37:00,5,58,21.3,88,12.6,1021.6,0.0,0.3,8,694.2,0
2019-06-21 03:42:00,5,58,21.3,88,12.6,1021.7,0.7,1.7,8,694.2,0
2019-06-21 03:47:00,5,58,21.3,88,12.6,1021.8,0.3,1.0,10,694.2,0
2019-06-21 03:52:00,5,58,21.3,89,12.6,1021.8,0.3,0.7,8,694.2,0
2019-06-21 03:57:00,5,58,21.3,89,12.6,1021.9,0.0,0.0,10,694.2,0
2019-06-21 04:02:00,5,58,21.3,89,12.6,1022.0,0.3,0.7,8,694.2,0
2019-06-21 04:07:00,5,58,21.3,89,12.6,1021.9,0.3,0.7,8,694.2,0
2019-06-21 04:12:00,5,59,21.3,90,12.7,1021.9,0.0,0.0,8,694.2,0
2019-06-21 04:17:00,5,59,21.3,90,12.9,1022.0,0.3,0.7,4,694.2,0
2019-06-21 04:22:00,5,59,21.2,90,13.0,1022.0,0.0,0.7,2,694.2,0
2019-06-21 04:27:00,5,59,21.2,90,13.1,1021.9,0.3,1.0,8,694.2,0
2019-06-21 04:32:00,5,59,21.2,91,13.2,1022.1,0.0,0.0,14,694.2,0
2019-06-21 04:37:00,5,59,21.2,91,13.3,1022.1,0.3,1.0,8,694.2,0
2019-06-21 04:42:00,5,59,21.2,91,13.4,1022.1,0.0,0.0,8,694.2,0
2019-06-21 04:47:00,5,59,21.2,91,13.4,1022.2,0.3,1.0,8,694.2,0
2019-06-21 04:52:00,5,60,21.2,91,13.5,1022.2,0.0,0.0,10,694.2,0
2019-06-21 04:57:00,5,60,21.2,91,13.6,1022.2,1.0,2.4,6,694.2,0
2019-06-21 05:02:00,5,60,21.2,91,13.6,1022.3,0.0,0.3,8,694.2,0
2019-06-21 05:07:00,5,60,21.3,91,13.7,1022.3,0.7,1.4,8,694.2,0
2019-06-21 05:12:00,5,60,21.3,91,13.8,1022.2,0.3,0.7,4,694.2,0
2019-06-21 05:17:00,5,60,21.3,91,13.9,1022.2,0.0,1.0,8,694.2,0
2019-06-21 05:22:00,5,60,21.3,91,13.9,1022.3,1.0,2.0,10,694.2,0
2019-06-21 05:27:00,5,60,21.3,90,14.0,1022.4,0.7,1.0,10,694.2,0
2019-06-21 05:32:00,5,60,21.3,90,14.0,1022.4,1.4,2.0,10,694.2,0
2019-06-21 05:37:00,5,60,21.3,90,14.1,1022.2,1.0,1.4,9,694.2,0
2019-06-21 05:42:00,5,60,21.3,90,14.3,1022.4,0.3,1.0,14,694.2,0
2019-06-21 05:47:00,5,60,21.3,90,14.3,1022.4,1.0,1.7,10,694.2,0
2019-06-21 05:52:00,5,59,21.3,89,14.6,1022.5,1.0,1.7,6,694.2,0
2019-06-21 05:57:00,5,59,21.3,89,14.6,1022.4,1.0,1.7,8,694.2,0
2019-06-21 06:02:00,5,59,21.3,88,14.6,1022.5,0.7,1.4,8,694.2,0
2019-06-21 06:07:00,5,59,21.4,88,14.6,1022.6,0.7,1.4,8,694.2,0
2019-06-21 06:12:00,5,59,21.4,86,15.0,1022.6,1.4,2.4,10,694.2,0
2019-06-21 06:17:00,5,59,21.5,86,15.2,1022.6,0.3,1.0,8,694.2,0
2019-06-21 06:22:00,5,59,21.5,85,15.3,1022.7,2.7,4.1,8,694.2,0
2019-06-21 06:27:00,5,59,21.5,84,15.2,1022.7,2.0,4.1,10,694.2,0
2019-06-21 06:32:00,5,59,21.5,84,15.3,1022.7,1.0,1.4,6,694.2,0
2019-06-21 06:37:00,5,59,21.5,84,15.4,1022.8,0.7,1.7,8,694.2,0
2019-06-21 06:42:00,5,59,21.5,84,15.5,1022.9,1.4,2.7,4,694.2,0
2019-06-21 06:47:00,5,59,21.5,83,15.7,1022.8,0.3,1.4,10,694.2,0
2019-06-21 06:52:00,5,59,21.6,82,16.2,1022.8,1.4,2.7,6,694.2,0
2019-06-21 06:57:00,5,59,21.6,80,16.3,1022.8,0.0,1.0,8,694.2,0
2019-06-21 07:02:00,5,59,21.7,80,16.8,1022.9,0.3,0.7,6,694.2,0
2019-06-21 07:07:00,5,59,21.7,78,17.6,1022.8,1.0,1.7,10,694.2,0
2019-06-21 07:12:00,5,59,21.7,77,17.2,1022.8,0.3,2.0,8,694.2,0
2019-06-21 07:17:00,5,59,21.8,76,17.2,1022.9,1.0,2.0,10,694.2,0
2019-06-21 07:22:00,5,59,21.8,76,17.3,1022.9,1.4,2.0,8,694.2,0
2019-06-21 07:27:00,5,59,21.8,75,17.1,1022.8,1.0,1.4,12,694.2,0
2019-06-21 07:32:00,5,59,21.9,76,17.6,1022.7,0.3,1.0,8,694.2,0
2019-06-21 07:37:00,5,59,21.9,74,18.6,1022.9,1.0,2.4,6,694.2,0
2019-06-21 07:42:00,5,59,21.9,71,18.6,1022.8,1.4,2.4,10,694.2,0
2019-06-21 07:47:00,5,58,22.0,71,18.3,1022.8,0.3,1.4,12,694.2,0
2019-06-21 07:52:00,5,58,22.1,70,18.9,1022.6,0.7,1.4,8,694.2,0
2019-06-21 07:57:00,5,58,22.1,68,18.6,1022.7,1.0,1.7,8,694.2,0
2019-06-21 08:02:00,5,58,22.2,69,18.7,1022.6,1.4,1.7,10,694.2,0
2019-06-21 08:07:00,5,58,22.2,69,18.7,1022.5,1.4,1.7,10,694.2,0
2019-06-21 08:12:00,5,58,22.2,67,19.0,1022.4,1.0,2.4,8,694.2,0
2019-06-21 08:17:00,5,58,22.3,67,19.7,1022.4,1.0,2.0,8,694.2,0
2019-06-21 08:22:00,5,58,22.3,64,19.7,1022.5,1.7,3.1,8,694.2,0
2019-06-21 08:27:00,5,58,22.3,64,20.0,1022.4,0.7,1.4,10,694.2,0
2019-06-21 08:32:00,5,58,22.3,63,20.5,1022.5,1.0,2.0,10,694.2,0
2019-06-21 08:37:00,5,58,22.4,62,20.8,1022.4,1.7,2.4,8,694.2,0
2019-06-21 08:42:00,5,58,22.4,61,20.7,1022.5,1.0,2.4,8,694.2,0
2019-06-21 08:47:00,5,58,22.5,60,20.1,1022.4,2.0,4.4,10,694.2,0
2019-06-21 08:52:00,5,58,22.5,63,19.3,1022.4,1.0,1.7,8,694.2,0
2019-06-21 08:57:00,5,58,22.5,63,19.2,1022.3,1.4,2.4,6,694.2,0
2019-06-21 09:02:00,5,58,22.5,63,19.3,1022.5,0.0,0.7,8,694.2,0
2019-06-21 09:07:00,5,58,22.5,64,18.6,1022.5,1.0,1.7,8,694.2,0
2019-06-21 09:12:00,5,58,22.5,65,18.3,1022.5,0.7,1.4,8,694.2,0
2019-06-21 09:17:00,5,57,22.6,65,18.3,1022.5,0.7,1.4,10,694.2,0
2019-06-21 09:22:00,5,57,22.5,66,18.3,1022.5,2.0,2.7,10,694.2,0
2019-06-21 09:27:00,5,57,22.5,66,18.1,1022.6,1.0,1.4,10,694.2,0
2019-06-21 09:32:00,5,57,22.5,66,18.2,1022.5,1.0,1.7,6,694.2,0
2019-06-21 09:37:00,5,57,22.5,66,19.1,1022.6,1.4,2.0,8,694.2,0
2019-06-21 09:42:00,5,57,22.6,60,20.3,1022.5,1.0,1.4,10,694.2,0
2019-06-21 09:47:00,5,57,22.6,54,20.8,1022.6,2.4,3.4,9,694.2,0
2019-06-21 09:52:00,5,57,22.6,54,21.0,1022.5,1.0,1.7,10,694.2,0
2019-06-21 09:57:00,5,57,22.6,55,20.4,1022.6,1.4,2.0,7,694.2,0
2019-06-21 10:02:00,5,57,22.6,57,20.0,1022.7,1.0,2.0,10,694.2,0
2019-06-21 10:07:00,5,57,22.6,57,20.0,1022.8,1.0,2.0,10,694.2,0
2019-06-21 10:12:00,5,57,22.7,62,19.3,1022.6,2.4,4.1,10,694.2,0
2019-06-21 10:17:00,5,57,22.7,61,19.9,1022.7,0.7,1.4,6,694.2,0
2019-06-21 10:22:00,5,56,22.6,61,19.4,1022.6,1.4,2.0,8,694.2,0
2019-06-21 10:27:00,5,55,22.6,61,19.1,1022.8,0.7,1.0,4,694.2,0
2019-06-21 10:32:00,5,54,22.6,62,19.3,1022.9,1.4,2.7,2,694.2,0
2019-06-21 10:37:00,5,54,22.5,61,19.5,1022.8,1.0,3.1,2,694.2,0
2019-06-21 10:42:00,5,54,22.5,59,19.5,1023.0,0.7,2.0,8,694.2,0
2019-06-21 10:47:00,5,53,22.5,57,19.5,1023.0,1.4,2.4,8,694.2,0
2019-06-21 10:52:00,5,53,22.4,55,20.4,1022.9,1.4,2.0,8,694.2,0
2019-06-21 10:57:00,5,53,22.4,55,20.4,1023.0,2.0,2.7,6,694.2,0
2019-06-21 11:02:00,5,53,22.4,56,20.3,1023.1,1.0,1.4,4,694.2,0
2019-06-21 11:07:00,5,53,22.3,57,19.9,1023.1,0.7,1.4,6,694.2,0
2019-06-21 11:12:00,5,53,22.3,56,20.5,1023.2,2.0,3.4,8,694.2,0
2019-06-21 11:17:00,5,53,22.3,54,20.4,1023.2,0.7,1.4,8,694.2,0
2019-06-21 11:22:00,5,53,22.3,55,20.3,1023.4,2.4,3.4,7,694.2,0
2019-06-21 11:27:00,5,52,22.3,54,19.9,1023.4,1.7,2.7,6,694.2,0
2019-06-21 11:32:00,5,52,22.3,52,19.5,1023.4,2.4,3.4,8,694.2,0
2019-06-21 11:37:00,5,52,22.3,53,19.7,1023.4,1.4,2.7,8,694.2,0
2019-06-21 11:42:00,5,51,22.3,49,20.5,1023.4,1.0,1.7,2,694.2,0
2019-06-21 11:47:00,5,51,22.3,43,21.3,1023.4,1.4,2.4,2,694.2,0
2019-06-21 11:52:00,5,51,22.3,40,21.1,1023.4,1.0,1.7,0,694.2,0
2019-06-21 11:57:00,5,50,22.4,41,21.3,1023.4,3.4,5.1,8,694.2,0
2019-06-21 12:02:00,5,50,22.4,43,21.1,1023.4,1.7,2.4,10,694.2,0
2019-06-21 12:07:00,5,50,22.4,43,21.1,1023.5,1.7,2.4,10,694.2,0
2019-06-21 12:12:00,5,50,22.5,39,21.6,1023.6,1.4,3.1,8,694.2,0
2019-06-21 12:17:00,5,50,22.5,39,21.9,1023.6,2.0,3.7,4,694.2,0
2019-06-21 12:22:00,5,49,22.5,40,21.9,1023.6,1.4,2.4,8,694.2,0
2019-06-21 12:27:00,5,49,22.6,36,22.2,1023.6,1.0,1.7,10,694.2,0
2019-06-21 12:32:00,5,49,22.6,35,22.4,1023.7,2.4,4.4,6,694.2,0
2019-06-21 12:37:00,5,49,22.6,35,21.8,1023.7,1.7,4.4,8,694.2,0
2019-06-21 12:42:00,5,49,22.6,38,21.8,1023.7,1.4,3.1,8,694.2,0
2019-06-21 12:47:00,5,49,22.6,38,22.0,1023.7,1.4,3.1,8,694.2,0
2019-06-21 12:52:00,5,48,22.6,37,21.9,1023.7,2.0,3.4,6,694.2,0
2019-06-21 12:57:00,5,48,22.6,38,22.2,1023.8,0.7,2.0,12,694.2,0
2019-06-21 13:02:00,5,48,22.7,33,22.6,1023.7,1.0,1.7,4,694.2,0
2019-06-21 13:07:00,5,48,22.7,36,22.5,1023.7,1.0,1.7,10,694.2,0
2019-06-21 13:12:00,5,41,22.7,38,22.5,1023.9,2.4,3.1,12,694.2,0
2019-06-21 13:17:00,5,40,22.6,38,22.0,1023.8,0.7,1.0,14,694.2,0
2019-06-21 13:22:00,5,40,22.6,40,21.9,1024.0,1.4,2.0,10,694.2,0
2019-06-21 13:27:00,5,42,22.5,39,22.0,1024.0,1.4,2.0,2,694.2,0
2019-06-21 13:32:00,5,44,22.5,40,21.8,1024.1,1.4,2.7,9,694.2,0
2019-06-21 13:37:00,5,45,22.5,40,21.7,1024.0,3.4,5.4,8,694.2,0
2019-06-21 13:42:00,5,46,22.6,41,21.7,1024.0,2.4,4.1,2,694.2,0
2019-06-21 13:47:00,5,46,22.6,42,21.7,1024.0,2.7,4.1,8,694.2,0
2019-06-21 13:52:00,5,46,22.6,39,22.0,1024.1,1.0,2.4,2,694.2,0
2019-06-21 13:57:00,5,46,22.6,39,22.0,1024.0,1.4,1.7,6,694.2,0
2019-06-21 14:02:00,5,46,22.6,40,22.2,1023.9,1.7,3.1,2,694.2,0
2019-06-21 14:07:00,5,47,22.6,40,22.2,1024.0,1.7,3.1,2,694.2,0
2019-06-21 14:12:00,5,47,22.7,39,22.1,1024.1,2.7,3.4,8,694.2,0
2019-06-21 14:17:00,5,47,22.7,41,21.7,1023.9,1.7,2.4,8,694.2,0
2019-06-21 14:22:00,5,47,22.7,41,22.1,1023.9,1.7,3.1,14,694.2,0
2019-06-21 14:27:00,5,48,22.7,42,21.9,1023.8,1.0,2.4,6,694.2,0
2019-06-21 14:32:00,5,48,22.8,40,22.2,1023.8,1.0,2.0,6,694.2,0
2019-06-21 14:37:00,5,47,22.9,38,22.2,1023.9,1.0,1.7,2,694.2,0
2019-06-21 14:42:00,5,46,22.9,37,22.5,1023.9,1.0,1.7,4,694.2,0
2019-06-21 14:47:00,5,45,22.9,34,22.5,1023.9,0.3,0.7,8,694.2,0
2019-06-21 14:52:00,5,44,22.9,31,22.6,1024.0,1.4,2.7,15,694.2,0
2019-06-21 14:57:00,5,43,22.9,30,22.3,1024.1,1.7,2.7,8,694.2,0
2019-06-21 15:02:00,5,42,22.8,30,22.1,1024.0,0.7,1.4,10,694.2,0
2019-06-21 15:07:00,5,42,22.8,37,22.0,1024.1,0.7,1.4,6,694.2,0
2019-06-21 15:12:00,5,41,22.8,35,22.3,1024.1,0.7,1.4,6,694.2,0
2019-06-21 15:17:00,5,41,22.9,37,22.6,1024.0,1.7,2.4,6,694.2,0
2019-06-21 15:22:00,5,42,22.9,39,22.5,1024.0,1.7,2.0,2,694.2,0
2019-06-21 15:27:00,5,43,22.9,39,23.0,1024.0,2.7,3.7,8,694.2,0
2019-06-21 15:32:00,5,43,23.0,37,23.0,1023.9,1.4,2.0,4,694.2,0
2019-06-21 15:37:00,5,44,23.0,37,22.7,1023.9,1.4,2.7,2,694.2,0
2019-06-21 15:42:00,5,44,23.0,33,22.2,1023.9,1.0,2.4,0,694.2,0
2019-06-21 15:47:00,5,44,23.0,38,22.4,1023.9,1.7,3.4,6,694.2,0
2019-06-21 15:52:00,5,45,23.0,36,22.3,1023.9,1.0,1.7,6,694.2,0
2019-06-21 15:57:00,5,45,23.0,37,22.5,1023.9,0.3,1.4,8,694.2,0
2019-06-21 16:02:00,5,45,23.0,36,22.7,1024.0,0.7,1.4,4,694.2,0
2019-06-21 16:07:00,5,45,23.0,36,22.7,1023.9,0.7,1.4,4,694.2,0
2019-06-21 16:12:00,5,45,23.1,45,20.8,1024.1,1.0,1.7,2,694.2,0
2019-06-21 16:17:00,5,46,23.1,45,21.3,1024.1,1.7,3.1,4,694.2,0
2019-06-21 16:22:00,5,47,23.1,44,21.0,1024.1,0.7,1.4,14,694.2,0
2019-06-21 16:27:00,5,48,23.1,46,20.7,1024.0,0.3,1.0,6,694.2,0
2019-06-21 16:32:00,5,48,23.1,47,20.5,1024.0,0.7,1.0,4,694.2,0
2019-06-21 16:37:00,5,48,23.2,47,20.3,1024.1,1.4,2.0,0,694.2,0
2019-06-21 16:42:00,5,49,23.2,49,19.8,1024.1,1.0,2.0,8,694.2,0
2019-06-21 16:47:00,5,49,23.2,50,19.5,1024.1,0.3,1.0,6,694.2,0
2019-06-21 16:52:00,5,50,23.3,50,19.5,1024.1,0.0,0.3,10,694.2,0
2019-06-21 16:57:00,5,50,23.3,50,19.6,1024.1,0.0,0.0,0,694.2,0
2019-06-21 17:02:00,5,50,23.3,49,19.5,1024.1,1.0,1.7,6,694.2,0
2019-06-21 17:07:00,5,50,23.3,50,19.3,1024.1,1.0,2.4,0,694.2,0
2019-06-21 17:12:00,5,50,23.3,51,19.3,1024.2,0.3,1.0,2,694.2,0
2019-06-21 17:17:00,5,51,23.3,51,19.2,1024.3,1.0,1.4,0,694.2,0
2019-06-21 17:22:00,5,51,23.3,51,19.0,1024.2,1.0,2.4,2,694.2,0
2019-06-21 17:27:00,5,51,23.3,52,18.6,1024.2,0.7,1.4,14,694.2,0
2019-06-21 17:32:00,5,51,23.3,52,18.3,1024.3,0.7,1.4,1,694.2,0
2019-06-21 17:37:00,5,51,23.3,53,18.3,1024.2,0.7,1.0,0,694.2,0
2019-06-21 17:42:00,5,52,23.3,53,18.3,1024.3,1.4,2.7,5,694.2,0
2019-06-21 17:47:00,5,52,23.3,52,18.3,1024.4,0.7,1.7,2,694.2,0
2019-06-21 17:52:00,5,52,23.3,52,18.3,1024.3,0.3,0.7,0,694.2,0
2019-06-21 17:57:00,5,52,23.3,53,18.3,1024.4,0.7,1.4,2,694.2,0
2019-06-21 18:02:00,5,52,23.3,53,18.3,1024.4,1.0,2.0,4,694.2,0
2019-06-21 18:07:00,5,52,23.3,53,18.1,1024.5,1.0,1.7,4,694.2,0
2019-06-21 18:12:00,5,52,23.3,52,18.0,1024.5,1.0,1.7,2,694.2,0
2019-06-21 18:17:00,5,51,23.3,53,17.9,1024.5,0.3,1.0,4,694.2,0
2019-06-21 18:22:00,5,51,23.3,53,17.9,1024.6,0.7,1.4,4,694.2,0
2019-06-21 18:27:00,5,51,23.3,53,17.9,1024.7,0.7,0.7,0,694.2,0
2019-06-21 18:32:00,5,51,23.3,53,17.8,1024.7,1.0,1.4,2,694.2,0
2019-06-21 18:37:00,5,51,23.2,52,17.7,1024.8,2.0,3.4,0,694.2,0
2019-06-21 18:42:00,5,51,23.2,51,17.6,1024.7,1.0,2.0,14,694.2,0
2019-06-21 18:47:00,5,50,23.1,51,17.5,1024.8,0.0,0.3,2,694.2,0
2019-06-21 18:52:00,5,50,23.1,52,17.4,1024.9,0.3,1.4,8,694.2,0
2019-06-21 18:57:00,5,50,23.1,52,17.3,1024.8,0.7,2.0,6,694.2,0
2019-06-21 19:02:00,5,49,23.1,52,17.2,1024.8,0.0,0.0,14,694.2,0
2019-06-21 19:07:00,5,48,23.0,53,17.1,1025.0,0.3,1.4,12,694.2,0
2019-06-21 19:12:00,5,48,23.0,54,17.1,1025.0,1.7,2.4,13,694.2,0
2019-06-21 19:17:00,5,48,23.0,55,17.0,1025.2,0.3,1.4,4,694.2,0
2019-06-21 19:22:00,5,48,23.0,56,16.9,1025.2,0.0,0.3,14,694.2,0
2019-06-21 19:27:00,5,49,23.0,56,16.8,1025.2,0.3,1.4,0,694.2,0
2019-06-21 19:32:00,5,49,22.9,56,16.7,1025.4,0.7,1.0,0,694.2,0
2019-06-21 19:37:00,5,49,22.9,57,16.6,1025.3,1.0,1.7,14,694.2,0
2019-06-21 19:42:00,5,49,22.8,57,16.5,1025.4,0.3,1.4,14,694.2,0
2019-06-21 19:47:00,5,49,22.7,58,16.4,1025.6,0.0,0.0,0,694.2,0
2019-06-21 19:52:00,5,49,22.7,58,16.2,1025.6,0.3,1.4,14,694.2,0
2019-06-21 19:57:00,5,49,22.7,59,16.1,1025.7,1.0,1.7,0,694.2,0
2019-06-21 20:02:00,5,49,22.6,59,16.1,1025.9,0.0,0.7,2,694.2,0
2019-06-21 20:07:00,5,49,22.6,59,16.1,1025.8,0.0,0.7,2,694.2,0
2019-06-21 20:12:00,5,49,22.6,60,15.9,1025.8,0.3,1.4,0,694.2,0
2019-06-21 20:17:00,5,49,22.5,60,15.8,1026.1,0.0,0.0,0,694.2,0
2019-06-21 20:22:00,5,49,22.4,60,15.7,1026.2,0.0,0.0,2,694.2,0
2019-06-21 20:27:00,5,50,22.3,60,15.6,1026.2,0.0,0.0,2,694.2,0
2019-06-21 20:32:00,5,50,22.3,61,15.5,1026.3,0.0,0.0,4,694.2,0
2019-06-21 20:37:00,5,50,22.3,61,15.5,1026.3,1.4,2.7,2,694.2,0
2019-06-21 20:42:00,5,50,22.3,62,15.4,1026.4,0.3,1.4,0,694.2,0
2019-06-21 20:47:00,5,50,22.3,62,15.4,1026.5,0.0,0.7,0,694.2,0
2019-06-21 20:52:00,5,50,22.2,63,15.3,1026.6,0.3,0.7,0,694.2,0
2019-06-21 20:57:00,5,51,22.2,63,15.2,1026.6,0.0,0.0,1,694.2,0
2019-06-21 21:02:00,5,51,22.2,64,15.2,1026.7,0.0,0.0,2,694.2,0
2019-06-21 21:07:00,5,51,22.2,64,15.1,1026.7,1.0,1.4,2,694.2,0
2019-06-21 21:12:00,5,51,22.2,65,15.0,1026.8,0.0,0.0,2,694.2,0
2019-06-21 21:17:00,5,51,22.2,66,15.0,1026.9,0.0,0.0,10,694.2,0
2019-06-21 21:22:00,5,51,22.2,67,14.9,1026.9,0.0,0.7,0,694.2,0
2019-06-21 21:27:00,5,51,22.2,68,14.9,1027.0,0.3,0.7,2,694.2,0
2019-06-21 21:32:00,5,52,22.1,68,14.7,1027.1,0.0,0.0,2,694.2,0
2019-06-21 21:37:00,5,52,22.1,69,14.7,1027.2,0.0,0.0,0,694.2,0
2019-06-21 21:42:00,5,52,22.1,69,14.6,1027.2,0.0,0.0,2,694.2,0
2019-06-21 21:47:00,5,52,22.1,70,14.6,1027.3,0.0,1.0,2,694.2,0
2019-06-21 21:52:00,5,52,22.0,70,14.6,1027.3,0.3,1.4,6,694.2,0
2019-06-21 21:57:00,5,52,22.0,71,14.3,1027.4,0.0,0.0,2,694.2,0
2019-06-21 22:02:00,5,53,21.9,71,14.3,1027.5,0.0,0.0,0,694.2,0
2019-06-21 22:07:00,5,53,21.9,71,14.3,1027.4,1.0,1.7,2,694.2,0
2019-06-21 22:12:00,5,53,21.9,72,14.3,1027.5,0.0,0.0,0,694.2,0
2019-06-21 22:17:00,5,53,21.9,72,14.3,1027.6,0.0,0.3,0,694.2,0
2019-06-21 22:22:00,5,53,21.8,72,14.2,1027.5,0.3,1.0,0,694.2,0
2019-06-21 22:27:00,5,54,21.8,73,14.1,1027.5,0.0,0.0,2,694.2,0
2019-06-21 22:32:00,5,54,21.8,73,14.1,1027.6,0.0,0.3,2,694.2,0
2019-06-21 22:37:00,5,54,21.8,73,14.0,1027.7,0.3,0.7,0,694.2,0
2019-06-21 22:42:00,5,54,21.8,73,14.0,1027.6,0.0,0.0,2,694.2,0
2019-06-21 22:47:00,5,54,21.8,75,13.9,1027.7,0.0,0.7,0,694.2,0
2019-06-21 22:52:00,5,54,21.7,75,13.9,1027.8,0.0,0.7,4,694.2,0
2019-06-21 22:57:00,5,54,21.7,75,13.9,1027.7,0.0,0.0,4,694.2,0
2019-06-21 23:02:00,5,54,21.7,76,13.8,1027.9,0.0,0.7,0,694.2,0
2019-06-21 23:07:00,5,54,21.7,76,13.8,1027.8,0,0,14,694.2,0
2019-06-21 23:12:00,5,54,21.7,76,13.7,1027.9,0.3,0.7,0,694.2,0
2019-06-21 23:17:00,5,54,21.6,76,13.6,1027.9,0,0,0,694.2,0
2019-06-21 23:22:00,5,54,21.6,77,13.6,1028.0,0,0,4,694.2,0
2019-06-21 23:27:00,5,55,21.6,77,13.5,1027.9,0,0.7,0,694.2,0
2019-06-21 23:32:00,5,55,21.5,77,13.5,1027.9,0,0,12,694.2,0
2019-06-21 23:37:00,5,55,21.5,78,13.5,1027.8,0,0,4,694.2,0
2019-06-21 23:42:00,5,55,21.5,78,13.4,1028.0,0,0,14,694.2,0
2019-06-21 23:47:00,5,55,21.5,78,13.4,1027.9,0,0,2,694.2,0
2019-06-21 23:52:00,5,55,21.5,78,13.3,1028.0,0,0,8,694.2,0
2019-06-21 23:57:00,5,55,21.5,78,13.3,1028.0,0,0,0,694.2,0
