2019-06-16 00:00:00,5,63,21.1,93,14.0,1022.3,0.0,0.0,2,680.1,0
2019-06-16 00:05:00,5,63,21.1,93,14.0,1022.5,0.0,0.0,2,680.1,0
2019-06-16 00:10:00,5,63,21.1,94,13.7,1022.5,0.0,0.0,8,680.1,0
2019-06-16 00:15:00,5,63,21.1,94,13.6,1022.5,0.0,0.0,8,680.1,0
2019-06-16 00:20:00,5,63,21.1,94,13.5,1022.5,0.0,0.0,8,680.1,0
2019-06-16 00:25:00,5,63,21.0,94,13.5,1022.4,0.0,0.0,8,680.1,0
2019-06-16 00:30:00,5,63,21.0,94,13.3,1022.5,0.0,0.0,8,680.1,0
2019-06-16 00:35:00,5,63,21.0,94,13.2,1022.5,0.0,0.0,8,680.1,0
2019-06-16 00:40:00,5,63,21.0,94,13.2,1022.5,0.0,0.0,8,680.1,0
2019-06-16 00:45:00,5,64,20.9,95,13.3,1022.6,0.0,0.0,10,680.1,0
2019-06-16 00:50:00,5,64,20.9,95,13.2,1022.5,0.0,0.0,10,680.1,0
2019-06-16 00:55:00,5,64,20.9,95,13.1,1022.5,0.0,0.0,10,680.1,0
2019-06-16 01:00:00,5,64,20.9,95,13.0,1022.4,0.0,0.0,10,680.1,0
2019-06-16 01:05:00,5,64,20.8,95,13.0,1022.5,0.0,0.0,10,680.1,0
2019-06-16 01:10:00,5,64,20.7,95,13.0,1022.5,0.0,0.0,10,680.1,0
2019-06-16 01:15:00,5,64,20.7,95,13.0,1022.4,0.0,0.0,10,680.1,0
2019-06-16 01:20:00,5,64,20.7,95,13.2,1022.4,0.0,0.0,8,680.1,0
2019-06-16 01:25:00,5,64,20.7,95,13.2,1022.4,0.0,0.0,8,680.1,0
2019-06-16 01:30:00,5,64,20.7,96,13.2,1022.5,0.0,0.0,0,680.1,0
2019-06-16 01:35:00,5,64,20.7,96,13.2,1022.4,0.0,0.0,0,680.1,0
2019-06-16 01:40:00,5,64,20.7,96,13.3,1022.4,0.0,0.0,2,680.1,0
2019-06-16 01:45:00,5,64,20.7,96,13.2,1022.5,0.0,0.0,0,680.1,0
2019-06-16 01:50:00,5,64,20.7,96,13.2,1022.4,0.0,0.0,0,680.1,0
2019-06-16 01:55:00,5,64,20.6,96,13.2,1022.3,0.0,0.0,14,680.1,0
2019-06-16 02:00:00,5,64,20.6,96,13.2,1022.5,0.0,0.0,2,680.1,0
2019-06-16 02:05:00,5,64,20.6,96,13.2,1022.5,0.0,0.0,2,680.1,0
2019-06-16 02:10:00,5,64,20.6,96,13.4,1022.5,0.0,0.0,12,680.1,0
2019-06-16 02:15:00,5,64,20.6,96,13.5,1022.5,0.0,0.0,2,680.1,0
2019-06-16 02:20:00,5,64,20.6,97,13.6,1022.7,0.0,0.0,0,680.1,0
2019-06-16 02:25:00,5,64,20.6,97,13.7,1022.8,0.0,0.0,2,680.1,0
2019-06-16 02:30:00,5,64,20.5,97,13.8,1022.8,0.0,0.0,8,680.1,0
2019-06-16 02:35:00,5,64,20.5,97,13.9,1022.8,0.7,1.0,8,680.1,0
2019-06-16 02:40:00,5,64,20.5,96,14.0,1022.9,0.0,0.3,12,680.1,0
2019-06-16 02:45:00,5,64,20.5,96,14.1,1023.1,0.0,1.4,8,680.1,0
2019-06-16 02:50:00,5,64,20.5,96,14.1,1023.1,0.0,0.7,12,680.1,0
2019-06-16 02:55:00,5,64,20.5,96,14.1,1023.2,0.0,0.7,10,680.1,0
2019-06-16 03:00:00,5,65,20.5,96,14.1,1023.1,0.0,1.0,8,680.1,0
2019-06-16 03:05:00,5,65,20.5,96,14.1,1023.1,0.3,1.4,10,680.1,0
2019-06-16 03:10:00,5,65,20.5,96,14.1,1023.2,0.0,0.7,4,680.1,0
2019-06-16 03:15:00,5,65,20.5,96,14.1,1023.2,0.3,0.7,14,680.1,0
2019-06-16 03:20:00,5,65,20.5,96,14.2,1023.2,0.0,0.7,10,680.1,0
2019-06-16 03:25:00,5,65,20.5,95,14.2,1023.3,0.0,0.7,12,680.1,0
2019-06-16 03:30:00,5,65,20.5,95,14.2,1023.3,0.0,0.0,8,680.1,0
2019-06-16 03:35:00,5,65,20.5,95,14.2,1023.2,0.0,0.3,10,680.1,0
2019-06-16 03:40:00,5,65,20.5,95,14.2,1023.3,0.3,1.0,10,680.1,0
2019-06-16 03:45:00,5,65,20.5,95,14.2,1023.2,0.3,1.0,10,680.1,0
2019-06-16 03:50:00,5,65,20.5,95,14.2,1023.2,1.4,2.0,8,680.1,0
2019-06-16 03:55:00,5,65,20.5,95,14.2,1023.3,0.0,0.0,12,680.1,0
2019-06-16 04:00:00,5,65,20.5,94,14.2,1023.3,0.3,1.0,8,680.1,0
2019-06-16 04:05:00,5,65,20.5,94,14.2,1023.2,0.3,1.0,8,680.1,0
2019-06-16 04:10:00,5,65,20.5,94,14.2,1023.3,0.3,1.0,10,680.1,0
2019-06-16 04:15:00,5,65,20.5,93,14.2,1023.3,0.0,0.0,10,680.1,0
2019-06-16 04:20:00,5,65,20.5,93,14.5,1023.3,0.3,0.7,8,680.1,0
2019-06-16 04:25:00,5,65,20.5,93,14.6,1023.3,1.4,1.7,8,680.1,0
2019-06-16 04:30:00,5,65,20.5,92,14.9,1023.3,0.7,1.4,8,680.1,0
2019-06-16 04:35:00,5,64,20.5,91,15.0,1023.3,0.7,1.4,6,680.1,0
2019-06-16 04:40:00,5,64,20.5,90,15.1,1023.3,1.0,1.7,4,680.1,0
2019-06-16 04:45:00,5,64,20.5,89,15.5,1023.4,1.4,2.4,9,680.1,0
2019-06-16 04:50:00,5,64,20.5,86,16.6,1023.4,1.7,3.1,8,680.1,0
2019-06-16 04:55:00,5,64,20.6,81,17.3,1023.4,1.4,2.0,8,680.1,0
2019-06-16 05:00:00,5,64,20.6,79,17.7,1023.3,1.4,2.4,10,680.1,0
2019-06-16 05:05:00,5,64,20.7,75,18.2,1023.3,0.7,1.0,10,680.1,0
2019-06-16 05:10:00,5,64,20.9,74,18.6,1023.2,1.4,2.4,8,680.1,0
2019-06-16 05:15:00,5,64,20.9,72,18.2,1023.1,0.7,1.7,10,680.1,0
2019-06-16 05:20:00,5,63,21.0,72,17.8,1023.1,0.7,1.4,2,680.1,0
2019-06-16 05:25:00,5,62,21.0,73,17.3,1023.2,1.0,1.7,10,680.1,0
2019-06-16 05:30:00,5,62,21.1,75,17.1,1023.3,0.7,1.4,2,680.1,0
2019-06-16 05:35:00,5,62,21.1,76,17.0,1023.2,0.7,2.4,10,680.1,0
2019-06-16 05:40:00,5,62,21.1,75,17.0,1023.3,0.7,2.0,10,680.1,0
2019-06-16 05:45:00,5,62,21.2,76,17.5,1023.3,0.3,1.0,14,680.1,0
2019-06-16 05:50:00,5,62,21.3,74,18.6,1023.0,1.0,2.0,10,680.1,0
2019-06-16 05:55:00,5,62,21.5,71,18.2,1023.0,2.0,3.1,8,680.1,0
2019-06-16 06:00:00,5,61,21.5,71,17.7,1023.0,1.4,2.0,6,680.1,0
2019-06-16 06:05:00,5,61,21.5,71,17.7,1022.8,1.4,2.0,6,680.1,0
2019-06-16 06:10:00,5,61,21.6,73,17.3,1022.8,0.7,1.7,8,680.1,0
2019-06-16 06:15:00,5,61,21.6,74,17.4,1022.7,0.7,1.4,10,680.1,0
2019-06-16 06:20:00,5,61,21.7,74,17.3,1022.8,0.7,1.7,8,680.1,0
2019-06-16 06:25:00,5,60,21.7,74,17.1,1023.0,1.0,1.7,8,680.1,0
2019-06-16 06:30:00,5,60,21.7,74,17.1,1022.9,0.7,1.0,8,680.1,0
2019-06-16 06:35:00,5,61,21.9,74,18.5,1022.9,1.0,1.7,10,680.1,0
2019-06-16 06:40:00,5,60,22.2,70,19.2,1022.4,1.4,2.4,10,680.1,0
2019-06-16 06:45:00,5,60,22.5,68,19.8,1022.1,0.7,1.7,8,680.1,0
2019-06-16 06:50:00,5,59,22.9,65,19.2,1021.9,1.4,2.7,8,680.1,0
2019-06-16 06:55:00,5,59,23.1,68,18.9,1021.6,0.7,1.4,6,680.1,0
2019-06-16 07:00:00,5,59,23.3,67,19.4,1021.5,2.0,2.7,8,680.1,0
2019-06-16 07:05:00,5,57,23.4,65,19.5,1021.5,1.7,2.4,8,680.1,0
2019-06-16 07:10:00,5,57,23.3,66,19.9,1021.6,2.0,4.1,10,680.1,0
2019-06-16 07:15:00,5,57,23.1,65,19.8,1021.8,2.0,3.4,0,680.1,0
2019-06-16 07:20:00,5,57,23.1,65,19.1,1022.0,2.0,3.4,6,680.1,0
2019-06-16 07:25:00,5,56,22.9,67,18.5,1022.2,1.0,1.7,9,680.1,0
2019-06-16 07:30:00,5,56,22.7,69,18.2,1022.5,1.0,1.7,6,680.1,0
2019-06-16 07:35:00,5,56,22.6,70,18.5,1022.6,0.0,0.0,12,680.1,0
2019-06-16 07:40:00,5,56,22.4,70,18.8,1022.8,1.0,2.0,8,680.1,0
2019-06-16 07:45:00,5,56,22.3,69,19.2,1022.8,1.4,2.4,6,680.1,0
2019-06-16 07:50:00,5,57,22.2,68,19.5,1023.0,2.4,4.1,6,680.1,0
2019-06-16 07:55:00,5,57,22.1,67,19.2,1023.1,1.0,2.4,10,680.1,0
2019-06-16 08:00:00,5,57,22.1,68,19.7,1023.3,0.7,1.7,10,680.1,0
2019-06-16 08:05:00,5,58,22.0,68,19.7,1023.4,0.7,1.7,10,680.1,0
2019-06-16 08:10:00,5,59,21.9,64,19.9,1023.4,1.7,2.4,10,680.1,0
2019-06-16 08:15:00,5,59,21.9,64,19.9,1023.4,1.7,2.7,8,680.1,0
2019-06-16 08:20:00,5,59,21.9,65,19.1,1023.4,0.3,1.0,8,680.1,0
2019-06-16 08:25:00,5,59,21.9,69,18.7,1023.4,1.0,2.4,2,680.1,0
2019-06-16 08:30:00,5,59,21.9,70,19.7,1023.5,1.7,2.0,11,680.1,0
2019-06-16 08:35:00,5,59,21.9,65,20.6,1023.5,1.0,2.0,10,680.1,0
2019-06-16 08:40:00,5,59,21.9,62,21.0,1023.5,1.4,2.7,14,680.1,0
2019-06-16 08:45:00,5,60,21.9,62,20.4,1023.5,1.0,1.7,15,680.1,0
2019-06-16 08:50:00,5,60,21.9,64,20.2,1023.6,1.4,2.4,15,680.1,0
2019-06-16 08:55:00,5,60,21.9,66,19.7,1023.7,2.0,2.7,8,680.1,0
2019-06-16 09:00:00,5,60,21.9,66,19.8,1023.8,1.7,2.4,8,680.1,0
2019-06-16 09:05:00,5,60,21.9,66,19.4,1023.8,1.7,2.7,13,680.1,0
2019-06-16 09:10:00,5,60,21.9,67,19.1,1023.9,2.0,3.1,13,680.1,0
2019-06-16 09:15:00,5,60,21.9,71,18.5,1023.8,1.0,2.0,8,680.1,0
2019-06-16 09:20:00,5,60,21.9,72,18.2,1023.9,1.0,2.0,6,680.1,0
2019-06-16 09:25:00,5,60,21.9,72,18.2,1023.9,1.4,2.0,14,680.1,0
2019-06-16 09:30:00,5,60,21.8,71,19.3,1024.0,1.4,3.1,8,680.1,0
2019-06-16 09:35:00,5,60,21.8,69,19.2,1024.1,2.0,3.7,12,680.1,0
2019-06-16 09:40:00,5,60,21.8,69,19.3,1024.1,0.7,1.0,10,680.1,0
2019-06-16 09:45:00,5,60,21.8,68,19.6,1024.2,2.0,3.7,10,680.1,0
2019-06-16 09:50:00,5,60,21.8,68,19.7,1024.0,1.0,3.4,10,680.1,0
2019-06-16 09:55:00,5,60,21.9,65,20.4,1024.2,2.0,3.4,8,680.1,0
2019-06-16 10:00:00,5,60,21.9,65,20.8,1024.3,1.4,2.4,8,680.1,0
2019-06-16 10:05:00,5,61,21.9,65,20.8,1024.3,1.4,2.4,8,680.1,0
2019-06-16 10:10:00,5,60,22.0,62,21.5,1024.1,2.4,3.4,8,680.1,0
2019-06-16 10:15:00,5,60,22.1,59,21.0,1024.2,1.7,2.7,8,680.1,0
2019-06-16 10:20:00,5,59,22.1,61,20.9,1024.1,1.0,1.7,12,680.1,0
2019-06-16 10:25:00,5,59,22.1,59,21.3,1024.2,1.4,2.4,0,680.1,0
2019-06-16 10:30:00,5,59,22.2,59,21.5,1024.2,2.0,3.4,0,680.1,0
2019-06-16 10:35:00,5,58,22.2,59,21.4,1024.1,1.4,1.7,10,680.1,0
2019-06-16 10:40:00,5,58,22.2,57,21.9,1024.0,1.4,2.0,10,680.1,0
2019-06-16 10:45:00,5,58,22.3,56,22.0,1024.0,1.0,2.4,6,680.1,0
2019-06-16 10:50:00,5,58,22.3,57,21.9,1024.0,1.0,1.7,10,680.1,0
2019-06-16 10:55:00,5,58,22.3,55,21.9,1023.9,2.0,3.1,8,680.1,0
2019-06-16 11:00:00,5,58,22.3,56,21.2,1024.0,1.7,2.4,8,680.1,0
2019-06-16 11:05:00,5,57,22.3,58,20.6,1024.0,1.7,3.1,10,680.1,0
2019-06-16 11:10:00,5,57,22.3,61,20.1,1024.1,1.4,2.0,8,680.1,0
2019-06-16 11:15:00,5,57,22.3,64,19.9,1024.2,1.0,2.0,14,680.1,0
2019-06-16 11:20:00,5,58,22.3,64,19.9,1024.1,1.7,2.7,8,680.1,0
2019-06-16 11:25:00,5,58,22.2,64,19.9,1024.1,1.0,1.7,11,680.1,0
2019-06-16 11:30:00,5,58,22.2,63,19.6,1024.2,0.7,1.0,12,680.1,0
2019-06-16 11:35:00,5,58,22.3,63,19.8,1024.3,0.7,2.0,8,680.1,0
2019-06-16 11:40:00,5,58,22.3,61,19.9,1024.1,1.7,3.4,14,680.1,0
2019-06-16 11:45:00,5,58,22.3,60,20.1,1024.1,1.7,2.7,1,680.1,0
2019-06-16 11:50:00,5,58,22.5,59,20.1,1024.1,1.7,3.1,8,680.1,0
2019-06-16 11:55:00,5,57,22.6,59,20.1,1024.0,1.0,1.7,6,680.1,0
2019-06-16 12:00:00,5,57,22.6,60,20.1,1023.9,1.7,2.7,8,680.1,0
2019-06-16 12:05:00,5,57,22.6,60,20.1,1023.8,1.7,2.7,8,680.1,0
2019-06-16 12:10:00,5,56,22.7,60,20.3,1023.8,1.7,2.4,8,680.1,0
2019-06-16 12:15:00,5,56,22.7,59,20.4,1023.7,1.4,2.4,8,680.1,0
2019-06-16 12:20:00,5,56,22.7,60,20.5,1023.7,1.4,1.7,8,680.1,0
2019-06-16 12:25:00,5,56,22.8,58,20.5,1023.5,1.7,3.4,9,680.1,0
2019-06-16 12:30:00,5,56,22.9,56,21.4,1023.5,1.4,2.4,8,680.1,0
2019-06-16 12:35:00,5,56,23.0,55,21.8,1023.5,1.7,2.7,8,680.1,0
2019-06-16 12:40:00,5,56,23.0,53,22.0,1023.5,2.0,4.4,8,680.1,0
2019-06-16 12:45:00,5,56,23.0,54,22.2,1023.5,1.0,1.7,2,680.1,0
2019-06-16 12:50:00,5,56,23.0,52,22.2,1023.4,0.3,1.0,8,680.1,0
2019-06-16 12:55:00,5,56,23.0,51,22.4,1023.4,1.7,4.8,10,680.1,0
2019-06-16 13:00:00,5,56,23.0,50,22.5,1023.4,2.4,3.4,6,680.1,0
2019-06-16 13:05:00,5,56,23.0,50,22.7,1023.3,1.7,2.4,8,680.1,0
2019-06-16 13:10:00,5,56,23.1,50,22.9,1023.3,1.7,3.4,0,680.1,0
2019-06-16 13:15:00,5,56,23.1,50,22.7,1023.3,1.4,1.7,4,680.1,0
2019-06-16 13:20:00,5,56,23.1,50,22.9,1023.2,1.7,2.7,6,680.1,0
2019-06-16 13:25:00,5,56,23.1,51,23.0,1023.2,0.7,1.7,8,680.1,0
2019-06-16 13:30:00,5,55,23.1,47,23.1,1023.2,2.0,3.1,8,680.1,0
2019-06-16 13:35:00,5,56,23.1,48,23.1,1023.3,1.4,2.4,14,680.1,0
2019-06-16 13:40:00,5,56,23.2,47,23.5,1023.2,2.4,3.7,10,680.1,0
2019-06-16 13:45:00,5,57,23.3,46,23.7,1023.2,1.4,2.0,8,680.1,0
2019-06-16 13:50:00,5,57,23.4,47,23.1,1023.2,2.0,3.4,10,680.1,0
2019-06-16 13:55:00,5,56,23.4,48,22.9,1023.2,2.7,4.1,8,680.1,0
2019-06-16 14:00:00,5,55,23.4,48,22.5,1023.2,2.0,2.7,10,680.1,0
2019-06-16 14:05:00,5,54,23.4,48,22.5,1023.2,2.0,2.7,10,680.1,0
2019-06-16 14:10:00,5,53,23.3,51,21.6,1023.3,1.0,1.7,6,680.1,0
2019-06-16 14:15:00,5,53,23.3,52,21.6,1023.2,1.0,1.7,10,680.1,0
2019-06-16 14:20:00,5,53,23.3,50,22.8,1023.2,1.0,1.7,10,680.1,0
2019-06-16 14:25:00,5,53,23.3,49,22.8,1023.2,1.7,2.0,10,680.1,0
2019-06-16 14:30:00,5,53,23.3,50,22.4,1023.3,1.4,2.4,4,680.1,0
2019-06-16 14:35:00,5,53,23.3,50,22.8,1023.3,2.0,3.4,6,680.1,0
2019-06-16 14:40:00,5,53,23.3,49,23.5,1023.1,1.4,2.4,9,680.1,0
2019-06-16 14:45:00,5,53,23.3,48,23.7,1023.1,1.0,2.0,8,680.1,0
2019-06-16 14:50:00,5,53,23.3,47,24.4,1023.2,1.4,2.0,6,680.1,0
2019-06-16 14:55:00,5,54,23.3,46,24.3,1023.0,1.7,3.4,8,680.1,0
2019-06-16 15:00:00,5,53,23.3,48,23.5,1023.2,2.0,4.1,14,680.1,0
2019-06-16 15:05:00,5,53,23.3,48,23.1,1023.2,0.7,1.0,6,680.1,0
2019-06-16 15:10:00,5,53,23.2,47,23.8,1023.2,1.4,2.7,4,680.1,0
2019-06-16 15:15:00,5,53,23.2,45,24.1,1023.3,1.7,2.4,8,680.1,0
2019-06-16 15:20:00,5,54,23.2,45,24.3,1023.3,1.0,1.7,8,680.1,0
2019-06-16 15:25:00,5,54,23.2,44,24.4,1023.2,1.4,2.7,6,680.1,0
2019-06-16 15:30:00,5,54,23.3,44,24.1,1023.0,1.4,2.0,8,680.1,0
2019-06-16 15:35:00,5,55,23.3,45,24.4,1023.2,0.7,1.4,12,680.1,0
2019-06-16 15:40:00,5,55,23.3,45,24.3,1023.0,1.7,2.4,4,680.1,0
2019-06-16 15:45:00,5,55,23.3,46,24.0,1023.1,0.7,1.0,10,680.1,0
2019-06-16 15:50:00,5,55,23.3,48,23.2,1023.0,0.0,1.0,9,680.1,0
2019-06-16 15:55:00,5,55,23.3,49,23.2,1023.0,1.0,2.0,10,680.1,0
2019-06-16 16:00:00,5,55,23.3,48,23.5,1023.0,1.0,2.0,8,680.1,0
2019-06-16 16:05:00,5,56,23.3,48,23.5,1022.9,1.0,2.0,8,680.1,0
2019-06-16 16:10:00,5,56,23.3,49,22.8,1022.9,1.0,1.4,10,680.1,0
2019-06-16 16:15:00,5,56,23.4,50,22.9,1023.1,1.4,2.4,8,680.1,0
2019-06-16 16:20:00,5,56,23.4,48,23.5,1023.0,2.0,3.7,6,680.1,0
2019-06-16 16:25:00,5,55,23.4,47,23.2,1023.0,0.7,1.0,8,680.1,0
2019-06-16 16:30:00,5,55,23.4,49,22.8,1023.0,0.7,1.0,4,680.1,0
2019-06-16 16:35:00,5,55,23.4,50,22.5,1022.9,1.0,1.7,10,680.1,0
2019-06-16 16:40:00,5,54,23.4,49,22.4,1023.0,0.0,0.7,6,680.1,0
2019-06-16 16:45:00,5,54,23.4,49,22.3,1023.0,1.7,3.1,10,680.1,0
2019-06-16 16:50:00,5,54,23.4,50,22.1,1023.0,1.7,3.1,8,680.1,0
2019-06-16 16:55:00,5,54,23.4,51,21.9,1023.0,0.7,1.0,14,680.1,0
2019-06-16 17:00:00,5,54,23.4,51,21.9,1023.0,1.0,2.0,8,680.1,0
2019-06-16 17:05:00,5,54,23.4,52,21.8,1023.0,2.0,3.4,8,680.1,0
2019-06-16 17:10:00,5,54,23.4,53,21.9,1023.1,1.7,2.7,10,680.1,0
2019-06-16 17:15:00,5,54,23.3,53,21.8,1023.1,0.7,1.4,8,680.1,0
2019-06-16 17:20:00,5,54,23.3,53,21.8,1023.1,1.4,2.4,10,680.1,0
2019-06-16 17:25:00,5,54,23.3,54,21.6,1023.1,1.4,2.0,8,680.1,0
2019-06-16 17:30:00,5,54,23.3,54,21.5,1023.2,0.7,1.0,8,680.1,0
2019-06-16 17:35:00,5,55,23.4,55,21.7,1023.2,0.3,0.7,10,680.1,0
2019-06-16 17:40:00,5,55,23.4,54,21.9,1023.1,1.4,2.0,6,680.1,0
2019-06-16 17:45:00,5,55,23.4,54,21.7,1023.2,0.0,0.0,14,680.1,0
2019-06-16 17:50:00,5,55,23.4,55,21.6,1023.1,0.7,1.4,10,680.1,0
2019-06-16 17:55:00,5,55,23.4,54,21.5,1023.1,2.0,3.1,10,680.1,0
2019-06-16 18:02:00,5,55,23.4,54,21.3,1023.2,0.3,0.7,8,680.1,0
2019-06-16 18:05:00,5,54,23.4,54,21.3,1023.2,0.3,0.7,8,680.1,0
2019-06-16 18:10:00,5,54,23.3,56,21.0,1023.2,0.7,1.0,10,680.1,0
2019-06-16 18:15:00,5,54,23.3,58,20.9,1023.2,1.0,1.4,8,680.1,0
2019-06-16 18:20:00,5,54,23.3,59,20.8,1023.3,0.3,1.0,7,680.1,0
2019-06-16 18:25:00,5,54,23.2,60,20.6,1023.4,0.7,1.4,4,680.1,0
2019-06-16 18:30:00,5,54,23.1,60,20.4,1023.5,1.4,2.4,8,680.1,0
2019-06-16 18:35:00,5,54,23.1,61,20.3,1023.5,0.7,1.0,10,680.1,0
2019-06-16 18:40:00,5,54,23.1,61,20.3,1023.5,1.7,2.0,10,680.1,0
2019-06-16 18:45:00,5,55,23.1,62,20.2,1023.7,1.0,1.4,6,680.1,0
2019-06-16 18:50:00,5,55,23.1,63,20.0,1023.8,1.0,1.7,10,680.1,0
2019-06-16 18:55:00,5,55,23.0,65,19.7,1023.7,1.0,2.0,8,680.1,0
2019-06-16 19:02:00,5,55,23.0,66,19.4,1023.8,0.7,1.7,4,680.1,0
2019-06-16 19:05:00,5,55,23.0,67,19.3,1024.0,1.0,1.7,4,680.1,0
2019-06-16 19:10:00,5,55,23.0,67,19.3,1024.0,0.3,1.4,8,680.1,0
2019-06-16 19:15:00,5,56,23.0,66,19.1,1024.1,2.0,2.7,6,680.1,0
2019-06-16 19:20:00,5,55,22.9,67,19.0,1024.2,0.3,1.0,8,680.1,0
2019-06-16 19:25:00,5,55,22.9,67,19.0,1024.1,0.0,0.0,6,680.1,0
2019-06-16 19:30:00,5,55,22.9,67,18.9,1024.2,0.7,1.0,8,680.1,0
2019-06-16 19:35:00,5,55,22.8,68,18.6,1024.3,0.3,1.0,10,680.1,0
2019-06-16 19:40:00,5,55,22.7,68,18.3,1024.2,0.7,1.0,6,680.1,0
2019-06-16 19:45:00,5,55,22.7,69,18.3,1024.4,0.0,0.0,4,680.1,0
2019-06-16 19:50:00,5,55,22.7,69,18.3,1024.4,1.0,2.0,8,680.1,0
2019-06-16 19:55:00,5,55,22.6,69,18.2,1024.6,0.3,0.7,6,680.1,0
2019-06-16 20:00:00,5,55,22.6,69,18.1,1024.6,0.3,1.0,6,680.1,0
2019-06-16 20:05:00,5,57,22.6,69,18.1,1024.7,0.3,1.0,6,680.1,0
2019-06-16 20:10:00,5,57,22.6,69,18.0,1024.7,0.3,0.7,4,680.1,0
2019-06-16 20:15:00,5,57,22.6,69,18.1,1024.8,0.0,0.0,4,680.1,0
2019-06-16 20:20:00,5,57,22.6,68,18.0,1024.9,0.7,1.0,4,680.1,0
2019-06-16 20:25:00,5,57,22.6,67,18.0,1024.8,0.3,1.0,6,680.1,0
2019-06-16 20:30:00,5,57,22.5,67,18.0,1025.0,0.3,1.4,8,680.1,0
2019-06-16 20:35:00,5,57,22.5,66,18.0,1024.8,0.0,0.3,2,680.1,0
2019-06-16 20:40:00,5,57,22.5,67,17.9,1024.9,0.3,0.7,8,680.1,0
2019-06-16 20:45:00,5,57,22.5,68,17.8,1025.0,0.0,0.0,2,680.1,0
2019-06-16 20:50:00,5,57,22.5,68,17.7,1024.9,0.0,0.0,2,680.1,0
2019-06-16 20:55:00,5,57,22.5,68,17.6,1025.0,0.0,0.0,2,680.1,0
2019-06-16 21:00:00,5,57,22.5,68,17.5,1024.9,0.0,0.3,4,680.1,0
2019-06-16 21:05:00,5,57,22.4,68,17.4,1024.9,0,0,6,680.1,0
2019-06-16 21:10:00,5,57,22.4,69,17.3,1024.9,0,0,4,680.1,0
2019-06-16 21:15:00,5,57,22.4,69,17.1,1024.8,0,0,4,680.1,0
2019-06-16 21:20:00,5,57,22.3,69,17.0,1025.0,0,0,8,680.1,0
