2018-04-10 00:00:01,5,62,20.6,89,11.2,1005.3,0.3,0.7,4,63.6,0
2018-04-10 00:05:01,5,62,20.5,89,11.2,1005.3,0.3,0.7,4,63.6,0
2018-04-10 00:10:01,5,62,20.5,89,11.2,1005.4,0.0,0.0,4,63.6,0
2018-04-10 00:15:01,5,62,20.5,89,11.3,1005.4,0.0,0.0,0,63.6,0
2018-04-10 00:20:01,5,62,20.5,89,11.4,1005.4,0.0,0.3,12,63.6,0
2018-04-10 00:25:01,5,62,20.5,89,11.4,1005.4,0.3,1.0,14,63.6,0
2018-04-10 00:30:01,5,62,20.4,89,11.5,1005.4,0.0,0.0,6,63.6,0
2018-04-10 00:35:01,5,62,20.4,89,11.5,1005.5,0.0,0.0,4,63.6,0
2018-04-10 00:40:01,5,62,20.4,89,11.5,1005.3,0.0,0.0,0,63.6,0
2018-04-10 00:45:01,5,62,20.4,89,11.5,1005.3,0.0,0.0,14,63.6,0
2018-04-10 00:50:01,5,62,20.4,89,11.5,1005.2,0.0,0.0,0,63.6,0
2018-04-10 00:55:01,5,62,20.4,89,11.5,1005.4,0.0,0.7,6,63.6,0
2018-04-10 01:00:01,5,62,20.3,89,11.4,1005.5,0.0,0.3,8,63.6,0
2018-04-10 01:03:01,5,62,20.3,89,11.4,1005.5,0.0,0.3,8,63.6,0
2018-04-10 01:08:01,5,62,20.3,89,11.3,1005.5,0.0,0.0,8,63.6,0
2018-04-10 01:13:01,5,62,20.3,89,11.2,1005.5,0.0,0.0,8,63.6,0
2018-04-10 01:18:01,5,61,20.3,89,11.1,1005.6,0.0,0.0,8,63.6,0
2018-04-10 01:23:01,5,61,20.3,89,11.0,1005.7,0.0,0.0,0,63.6,0
2018-04-10 01:30:00,5,61,20.3,90,10.9,1005.7,0.0,0.0,0,63.6,0
2018-04-10 01:35:00,5,61,20.3,90,10.7,1005.7,0.0,0.0,0,63.6,0
2018-04-10 01:40:00,5,61,20.2,90,10.6,1005.8,0.0,0.0,0,63.6,0
2018-04-10 01:45:00,5,61,20.2,90,10.7,1005.9,0.0,0.3,14,63.6,0
2018-04-10 01:50:00,5,61,20.2,90,10.9,1005.8,0.0,0.0,10,63.6,0
2018-04-10 01:55:00,5,61,20.1,90,11.0,1005.9,0.0,0.3,8,63.6,0
2018-04-10 02:00:00,5,61,20.1,90,11.1,1006.0,0.0,0.3,2,63.6,0
2018-04-10 02:05:00,5,61,20.1,90,11.1,1006.1,0.0,0.3,2,63.6,0
2018-04-10 02:10:00,5,61,20.1,91,11.3,1006.0,0.0,0.0,12,63.6,0
2018-04-10 02:15:00,5,61,20.1,91,11.2,1006.0,0.0,0.3,8,63.6,0
2018-04-10 02:20:00,5,61,20.1,91,11.3,1006.2,0.0,0.0,10,63.6,0
2018-04-10 02:25:00,5,61,20.1,91,11.3,1006.2,0.0,0.7,6,63.6,0
2018-04-10 02:30:00,5,61,20.1,91,11.3,1006.4,0.0,0.7,12,63.6,0
2018-04-10 02:35:00,5,61,20.1,91,11.4,1006.3,0.0,0.7,12,63.6,0
2018-04-10 02:40:00,5,61,20.0,92,11.5,1006.2,0.0,0.3,8,63.6,0
2018-04-10 02:45:00,5,61,20.0,92,11.6,1006.2,0.0,0.7,12,63.6,0
2018-04-10 02:50:00,5,61,20.0,92,11.7,1006.1,0.0,0.7,6,63.6,0
2018-04-10 02:55:00,5,61,20.0,92,11.8,1006.1,0.0,0.0,10,63.6,0
2018-04-10 03:00:00,5,61,20.0,92,11.9,1006.2,0.0,0.0,12,63.6,0
2018-04-10 03:05:00,5,61,20.0,91,12.0,1006.2,0.3,1.0,6,63.6,0
2018-04-10 03:10:00,5,61,20.0,91,12.0,1006.2,0.7,1.0,0,63.6,0
2018-04-10 03:15:00,5,61,20.0,91,12.1,1006.3,0.7,2.0,6,63.6,0
2018-04-10 03:20:00,5,62,19.9,91,12.2,1006.3,0.7,1.0,12,63.6,0
2018-04-10 03:25:00,5,62,19.9,91,12.2,1006.2,0.0,0.7,12,63.6,0
2018-04-10 03:30:00,5,62,19.9,91,12.2,1006.3,0.0,0.7,8,63.6,0
2018-04-10 03:35:00,5,62,19.8,91,12.3,1006.5,0.0,0.0,12,63.6,0
2018-04-10 03:40:00,5,62,19.8,91,12.2,1006.5,0.3,0.7,6,63.6,0
2018-04-10 03:45:00,5,62,19.8,91,12.3,1006.6,0.0,0.3,4,63.6,0
2018-04-10 03:50:00,5,62,19.8,91,12.3,1006.7,0.0,0.7,6,63.6,0
2018-04-10 03:55:00,5,62,19.8,91,12.3,1006.6,0.0,0.7,14,63.6,0
2018-04-10 04:00:00,5,62,19.8,90,12.3,1006.7,0.0,0.7,12,63.6,0
2018-04-10 04:05:00,5,62,19.8,90,12.3,1006.7,0.0,0.7,12,63.6,0
2018-04-10 04:10:00,5,62,19.8,90,12.3,1006.7,0.0,0.0,12,63.6,0
2018-04-10 04:15:00,5,62,19.8,90,12.2,1006.7,0.0,0.0,12,63.6,0
2018-04-10 04:20:00,5,62,19.8,90,12.1,1006.9,0.0,0.7,14,63.6,0
2018-04-10 04:25:00,5,62,19.8,90,12.1,1007.0,0.0,0.0,10,63.6,0
2018-04-10 04:30:00,5,62,19.8,90,12.1,1007.0,0.0,0.7,12,63.6,0
2018-04-10 04:35:00,5,62,19.8,90,12.1,1006.9,0.7,1.0,6,63.6,0
2018-04-10 04:40:00,5,62,19.8,90,12.0,1007.0,0.3,1.0,12,63.6,0
2018-04-10 04:45:00,5,62,19.8,90,12.0,1006.9,0.0,0.0,12,63.6,0
2018-04-10 04:50:00,5,62,19.8,91,11.9,1007.0,0.0,0.0,12,63.6,0
2018-04-10 04:55:00,5,62,19.8,91,11.8,1007.1,0.0,0.0,12,63.6,0
2018-04-10 05:00:00,5,62,19.8,91,11.7,1007.1,0.0,0.0,12,63.6,0
2018-04-10 05:05:00,5,62,19.7,91,11.7,1007.2,0.0,0.0,12,63.6,0
2018-04-10 05:10:00,5,62,19.7,91,11.6,1007.1,0.0,0.0,12,63.6,0
2018-04-10 05:15:00,5,62,19.7,91,11.6,1007.3,0.0,0.0,12,63.6,0
2018-04-10 05:20:00,5,62,19.7,91,11.6,1007.4,0.0,0.0,12,63.6,0
2018-04-10 05:25:00,5,62,19.7,91,11.6,1007.4,0.0,0.0,12,63.6,0
2018-04-10 05:30:00,5,62,19.7,91,11.6,1007.4,0.0,0.0,12,63.6,0
2018-04-10 05:35:00,5,62,19.7,91,11.6,1007.3,0.0,0.0,0,63.6,0
2018-04-10 05:40:00,5,63,19.8,91,11.7,1007.4,0.0,0.0,2,63.6,0
2018-04-10 05:45:00,5,63,19.8,91,11.8,1007.5,0.0,0.0,0,63.6,0
2018-04-10 05:50:00,5,62,20.0,90,12.1,1007.5,0.0,0.3,2,63.6,0
2018-04-10 05:55:00,5,61,20.1,90,12.3,1007.4,0.3,0.7,15,63.6,0
2018-04-10 06:00:00,5,61,20.1,89,12.5,1007.3,0.0,0.3,0,63.6,0
2018-04-10 06:05:00,5,61,20.2,89,12.5,1007.4,0.0,0.3,0,63.6,0
2018-04-10 06:10:00,5,61,20.2,88,12.5,1007.4,0.0,0.0,4,63.6,0
2018-04-10 06:15:00,5,61,20.2,88,12.5,1007.4,0.0,0.0,10,63.6,0
2018-04-10 06:20:00,5,61,20.3,88,12.5,1007.5,0.0,0.3,2,63.6,0
2018-04-10 06:25:00,5,61,20.3,87,12.6,1007.7,0.0,0.3,12,63.6,0
2018-04-10 06:30:00,5,61,20.3,86,12.6,1007.7,0.3,0.7,0,63.6,0
2018-04-10 06:35:00,5,61,20.3,86,12.7,1007.7,0.3,0.7,6,63.6,0
2018-04-10 06:40:00,5,61,20.4,85,13.0,1007.6,0.3,0.7,0,63.6,0
2018-04-10 06:45:00,5,61,20.5,85,13.2,1007.6,0.3,1.0,4,63.6,0
2018-04-10 06:50:00,5,61,20.6,85,13.8,1007.6,0.3,1.0,12,63.6,0
2018-04-10 06:55:00,5,61,20.7,82,14.0,1007.7,0.3,1.0,2,63.6,0
2018-04-10 07:00:00,5,61,20.8,81,14.2,1007.8,0.0,0.7,10,63.6,0
2018-04-10 07:05:00,5,61,20.9,81,14.5,1007.6,0.3,1.0,4,63.6,0
2018-04-10 07:10:00,5,59,21.1,80,14.7,1007.6,0.0,0.7,10,63.6,0
2018-04-10 07:15:00,5,59,21.2,79,14.9,1007.5,0.3,1.4,14,63.6,0
2018-04-10 07:20:00,5,59,21.3,77,15.2,1007.5,0.3,1.4,4,63.6,0
2018-04-10 07:25:00,5,59,21.5,75,15.5,1007.4,0.0,0.7,2,63.6,0
2018-04-10 07:30:00,5,59,21.6,74,15.6,1007.3,0.7,1.7,2,63.6,0
2018-04-10 07:35:00,5,58,21.7,73,15.9,1007.1,0.3,0.7,1,63.6,0
2018-04-10 07:40:00,5,58,21.9,71,16.3,1007.2,1.0,2.0,12,63.6,0
2018-04-10 07:45:00,5,57,22.0,70,16.2,1007.0,0.0,0.7,6,63.6,0
2018-04-10 07:50:00,5,57,22.2,69,16.2,1006.9,0.7,1.4,15,63.6,0
2018-04-10 07:55:00,5,56,22.3,69,16.5,1006.7,0.3,1.0,2,63.6,0
2018-04-10 08:00:00,5,56,22.6,66,17.5,1006.4,0.7,1.4,14,63.6,0
2018-04-10 08:05:00,5,56,22.9,66,17.5,1005.9,0.7,1.4,14,63.6,0
2018-04-10 08:10:00,5,56,23.2,64,18.5,1005.5,0.3,1.4,0,63.6,0
2018-04-10 08:15:00,5,56,23.6,62,18.9,1005.6,0.0,0.3,8,63.6,0
2018-04-10 08:20:00,5,55,23.7,59,18.4,1005.5,0.7,1.4,8,63.6,0
2018-04-10 08:25:00,5,55,23.7,60,17.7,1005.4,0.3,0.7,14,63.6,0
2018-04-10 08:30:00,5,54,23.7,61,17.8,1005.2,0.3,1.0,0,63.6,0
2018-04-10 08:35:00,5,53,24.0,61,19.0,1005.1,0.7,1.4,2,63.6,0
2018-04-10 08:40:00,5,53,24.0,55,19.2,1005.1,0.3,0.7,0,63.6,0
2018-04-10 08:45:00,5,53,24.2,57,19.7,1005.1,0.7,1.7,12,63.6,0
2018-04-10 08:50:00,5,52,24.3,55,19.6,1005.1,0.0,0.3,8,63.6,0
2018-04-10 08:55:00,5,52,24.2,56,18.9,1005.3,0.3,1.0,10,63.6,0
2018-04-10 09:00:00,5,52,24.0,57,18.3,1005.3,0.3,0.7,8,63.6,0
2018-04-10 09:05:00,5,53,23.7,58,17.9,1005.5,0.7,1.0,14,63.6,0
2018-04-10 09:10:00,5,53,23.6,59,17.5,1005.8,0.7,1.0,0,63.6,0
2018-04-10 09:15:00,5,53,23.4,60,17.5,1006.0,0.7,1.7,2,63.6,0
2018-04-10 09:20:00,5,53,23.2,60,17.8,1006.0,0.3,0.7,14,63.6,0
2018-04-10 09:25:00,5,53,23.3,60,18.6,1006.2,0.7,1.4,0,63.6,0
2018-04-10 09:30:00,5,53,23.3,58,18.7,1006.2,0.7,2.0,6,63.6,0
2018-04-10 09:35:00,5,53,23.4,57,19.1,1006.1,0.7,1.7,4,63.6,0
2018-04-10 09:40:00,5,53,23.4,55,19.3,1006.0,1.4,2.4,12,63.6,0
2018-04-10 09:45:00,5,53,23.5,55,19.6,1006.2,1.0,1.7,6,63.6,0
2018-04-10 09:50:00,5,53,23.5,54,19.7,1006.2,1.4,2.4,4,63.6,0
2018-04-10 09:55:00,5,53,23.4,53,19.5,1006.2,0.3,1.0,0,63.6,0
2018-04-10 10:00:00,5,53,23.3,53,19.1,1006.4,0.7,1.4,10,63.6,0
2018-04-10 10:05:00,5,53,23.2,53,19.1,1006.4,0.7,1.4,10,63.6,0
2018-04-10 10:10:00,5,53,23.2,56,18.9,1006.6,1.0,1.4,10,63.6,0
2018-04-10 10:15:00,5,53,23.0,56,18.9,1006.6,0.3,0.7,6,63.6,0
2018-04-10 10:20:00,5,52,22.9,56,19.0,1006.9,0.7,1.4,4,63.6,0
2018-04-10 10:25:00,5,52,22.9,56,19.2,1006.8,1.0,1.7,6,63.6,0
2018-04-10 10:30:00,5,52,22.8,55,19.4,1007.0,0.7,1.4,8,63.6,0
2018-04-10 10:35:00,5,52,22.9,53,20.1,1006.9,1.0,1.7,6,63.6,0
2018-04-10 10:40:00,5,52,22.9,53,20.0,1006.9,1.0,2.0,0,63.6,0
2018-04-10 10:45:00,5,51,22.9,52,20.1,1006.9,1.0,1.7,4,63.6,0
2018-04-10 10:50:00,5,51,22.9,52,20.3,1007.0,0.3,0.7,0,63.6,0
2018-04-10 10:55:00,5,51,22.9,52,20.5,1007.0,1.4,2.4,14,63.6,0
2018-04-10 11:00:00,5,51,22.9,52,20.2,1007.0,0.7,1.4,2,63.6,0
2018-04-10 11:05:00,5,53,23.0,51,20.2,1007.1,0.7,1.7,2,63.6,0
2018-04-10 11:10:00,5,51,22.9,52,20.1,1007.1,0.7,1.4,4,63.6,0
2018-04-10 11:15:00,5,53,23.0,52,20.1,1007.1,1.0,2.0,6,63.6,0
2018-04-10 11:20:00,5,51,22.9,51,20.2,1007.2,0.3,1.4,0,63.6,0
2018-04-10 11:25:00,5,51,22.9,53,19.9,1007.2,1.4,2.4,2,63.6,0
2018-04-10 11:30:00,5,51,22.9,53,19.6,1007.2,1.0,2.0,10,63.6,0
2018-04-10 11:35:00,5,51,22.8,53,19.4,1007.3,0.7,1.0,2,63.6,0
2018-04-10 11:40:00,5,51,22.7,53,19.3,1007.3,0.3,1.0,10,63.6,0
2018-04-10 11:45:00,5,51,22.7,53,19.3,1007.4,0.7,1.4,6,63.6,0
2018-04-10 11:50:00,5,51,22.6,53,19.2,1007.4,0.7,2.0,0,63.6,0
2018-04-10 11:55:00,5,51,22.6,53,19.1,1007.5,0.3,1.4,4,63.6,0
2018-04-10 12:00:00,5,52,22.6,54,18.9,1007.5,0.3,1.0,4,63.6,0
2018-04-10 12:05:00,5,52,22.6,54,18.9,1007.6,0.3,1.0,4,63.6,0
2018-04-10 12:10:00,5,52,22.5,54,19.1,1007.6,0.7,1.4,2,63.6,0
2018-04-10 12:15:00,5,52,22.5,53,19.2,1007.6,0.7,1.4,14,63.6,0
2018-04-10 12:20:00,5,52,22.5,55,18.9,1007.7,1.0,2.0,14,63.6,0
2018-04-10 12:25:00,5,52,22.4,54,18.7,1007.6,0.7,1.4,10,63.6,0
2018-04-10 12:30:00,5,52,22.4,55,18.7,1007.6,0.7,1.4,6,63.6,0
2018-04-10 12:35:00,5,52,22.4,54,18.9,1007.5,0.7,1.4,14,63.6,0
2018-04-10 12:40:00,5,52,22.3,53,18.8,1007.5,1.0,1.7,0,63.6,0
2018-04-10 12:45:00,5,51,22.3,54,18.8,1007.5,0.7,1.7,4,63.6,0
2018-04-10 12:50:00,5,51,22.3,54,18.9,1007.6,1.4,2.7,2,63.6,0
2018-04-10 12:55:00,5,51,22.3,54,18.9,1007.7,0.7,1.4,12,63.6,0
2018-04-10 13:00:00,5,52,22.3,53,19.2,1007.7,0.7,1.0,4,63.6,0
2018-04-10 13:05:00,5,52,22.3,53,19.4,1007.7,0.3,1.0,12,63.6,0
2018-04-10 13:10:00,5,52,22.3,52,19.7,1007.6,0.7,1.0,2,63.6,0
2018-04-10 13:15:00,5,52,22.3,51,20.2,1007.6,0.7,1.4,0,63.6,0
2018-04-10 13:20:00,5,52,22.3,49,20.5,1007.6,0.7,2.0,6,63.6,0
2018-04-10 13:25:00,5,52,22.3,47,20.3,1007.7,1.0,1.7,8,63.6,0
2018-04-10 13:30:00,5,52,22.3,47,20.4,1007.7,0.3,0.7,12,63.6,0
2018-04-10 13:35:00,5,52,22.3,46,20.7,1007.6,0.3,1.0,2,63.6,0
2018-04-10 13:40:00,5,52,22.3,45,20.6,1007.6,0.7,1.0,4,63.6,0
2018-04-10 13:45:00,5,52,22.3,45,20.6,1007.6,0.3,0.7,10,63.6,0
2018-04-10 13:50:00,5,52,22.3,44,21.0,1007.6,0.3,1.0,0,63.6,0
2018-04-10 13:55:00,5,52,22.3,44,21.6,1007.6,0.7,1.7,4,63.6,0
2018-04-10 14:00:00,5,52,22.3,44,21.5,1007.6,0.7,1.7,6,63.6,0
2018-04-10 14:05:00,5,52,22.3,44,21.5,1007.5,0.7,1.7,6,63.6,0
2018-04-10 14:10:00,5,52,22.3,43,21.4,1007.5,0.3,0.7,6,63.6,0
2018-04-10 14:15:00,5,52,22.3,42,21.5,1007.5,0.7,1.4,0,63.6,0
2018-04-10 14:20:00,5,52,22.3,42,21.2,1007.5,1.0,1.7,4,63.6,0
2018-04-10 14:25:00,5,52,22.3,44,20.8,1007.5,0.7,1.4,13,63.6,0
2018-04-10 14:30:00,5,52,22.3,45,20.8,1007.5,0.3,1.0,4,63.6,0
2018-04-10 14:35:00,5,52,22.3,45,21.0,1007.5,1.0,2.4,0,63.6,0
2018-04-10 14:40:00,5,51,22.3,44,21.1,1007.3,1.0,2.0,2,63.6,0
2018-04-10 14:45:00,5,51,22.3,44,21.2,1007.4,0.7,1.4,0,63.6,0
2018-04-10 14:50:00,5,51,22.3,43,21.6,1007.5,0.7,1.0,6,63.6,0
2018-04-10 14:55:00,5,52,22.3,42,21.8,1007.4,0.7,1.0,4,63.6,0
2018-04-10 15:00:00,5,52,22.4,42,21.5,1007.3,0.7,1.7,8,63.6,0
2018-04-10 15:05:00,5,52,22.4,42,21.2,1007.4,0.3,1.4,0,63.6,0
2018-04-10 15:10:00,5,52,22.4,42,21.0,1007.5,0.7,1.0,6,63.6,0
2018-04-10 15:15:00,5,52,22.4,44,20.8,1007.4,0.7,1.0,12,63.6,0
2018-04-10 15:20:00,5,52,22.4,45,20.6,1007.4,0.7,2.0,10,63.6,0
2018-04-10 15:25:00,5,52,22.4,45,20.3,1007.4,0.3,1.0,14,63.6,0
2018-04-10 15:30:00,5,52,22.3,46,20.1,1007.5,0.3,1.0,2,63.6,0
2018-04-10 15:35:00,5,52,22.3,47,20.0,1007.5,0.7,1.4,8,63.6,0
2018-04-10 15:40:00,5,52,22.3,48,19.8,1007.7,0.7,1.0,4,63.6,0
2018-04-10 15:45:00,5,52,22.3,49,19.7,1007.6,1.0,1.4,4,63.6,0
2018-04-10 15:50:00,5,52,22.2,50,19.7,1007.7,0.3,1.0,0,63.6,0
2018-04-10 15:55:00,5,53,22.2,50,19.6,1007.7,0.7,1.0,2,63.6,0
2018-04-10 16:00:00,5,53,22.2,50,19.5,1007.7,0.3,0.7,2,63.6,0
2018-04-10 16:05:00,5,53,22.2,50,19.5,1007.6,0.3,0.7,2,63.6,0
2018-04-10 16:10:00,5,53,22.2,51,19.4,1007.6,0.7,1.4,14,63.6,0
2018-04-10 16:15:00,5,53,22.2,52,19.3,1007.7,0.3,0.7,14,63.6,0
2018-04-10 16:20:00,5,53,22.2,52,19.2,1007.8,0.3,1.0,6,63.6,0
2018-04-10 16:25:00,5,53,22.2,51,19.2,1007.8,0.3,1.0,4,63.6,0
2018-04-10 16:30:00,5,53,22.2,51,19.1,1007.9,0.3,0.7,2,63.6,0
2018-04-10 16:35:00,5,53,22.2,51,19.1,1007.9,0.3,1.0,6,63.6,0
2018-04-10 16:40:00,5,54,22.2,51,19.1,1007.9,0.0,0.3,8,63.6,0
2018-04-10 16:45:00,5,54,22.1,51,19.0,1008.0,0.3,1.0,2,63.6,0
2018-04-10 16:50:00,5,54,22.1,52,18.9,1008.0,0.3,1.0,2,63.6,0
2018-04-10 16:55:00,5,54,22.1,53,18.7,1008.1,0.0,0.7,2,63.6,0
2018-04-10 17:00:00,5,54,22.0,53,18.6,1008.1,0.0,0.0,4,63.6,0
2018-04-10 17:05:00,5,54,22.0,53,18.5,1008.1,0.0,0.3,0,63.6,0
2018-04-10 17:10:00,5,55,21.9,53,18.4,1008.1,0.0,0.0,2,63.6,0
2018-04-10 17:15:00,5,55,21.9,53,18.3,1008.3,0.0,0.3,0,63.6,0
2018-04-10 17:20:00,5,55,21.9,53,18.2,1008.3,0.0,0.0,12,63.6,0
2018-04-10 17:25:00,5,55,21.9,53,18.2,1008.4,0.0,0.3,14,63.6,0
2018-04-10 17:30:00,5,55,21.8,53,18.2,1008.3,0.0,0.0,2,63.6,0
2018-04-10 17:35:00,5,56,21.8,54,18.1,1008.4,0.0,0.0,0,63.6,0
2018-04-10 17:40:00,5,56,21.8,54,18.0,1008.4,0.0,0.0,6,63.6,0
2018-04-10 17:45:00,5,56,21.8,54,18.0,1008.5,0.0,0.0,0,63.6,0
2018-04-10 17:50:00,5,56,21.8,56,17.9,1008.5,0.0,0.0,4,63.6,0
2018-04-10 17:55:00,5,56,21.8,56,17.8,1008.5,0.0,0.0,2,63.6,0
2018-04-10 18:00:00,5,57,21.8,57,17.7,1008.4,0.0,0.0,0,63.6,0
2018-04-10 18:05:00,5,57,21.8,57,17.7,1008.4,0.0,0.0,0,63.6,0
2018-04-10 18:10:00,5,58,21.7,58,17.5,1008.5,0.0,0.0,0,63.6,0
2018-04-10 18:15:00,5,58,21.7,59,17.4,1008.5,0.0,0.0,0,63.6,0
2018-04-10 18:20:00,5,58,21.7,59,17.2,1008.5,0.0,0.0,0,63.6,0
2018-04-10 18:25:00,5,58,21.7,60,17.0,1008.7,0.0,0.0,0,63.6,0
2018-04-10 18:30:00,5,59,21.7,61,16.9,1008.7,0.0,0.0,0,63.6,0
2018-04-10 18:35:00,5,59,21.7,61,16.9,1008.8,0.0,0.0,0,63.6,0
2018-04-10 18:40:00,5,59,21.7,62,16.7,1009.0,0.0,0.0,14,63.6,0
2018-04-10 18:45:00,5,59,21.7,62,16.7,1009.0,0.0,0.0,0,63.6,0
2018-04-10 18:50:00,5,59,21.7,63,16.6,1009.1,0.0,0.0,0,63.6,0
2018-04-10 18:55:00,5,59,21.6,63,16.5,1009.1,0.0,0.0,0,63.6,0
2018-04-10 19:00:00,5,59,21.6,63,16.4,1009.2,0.0,0.0,8,63.6,0
2018-04-10 19:05:00,5,59,21.6,64,16.4,1009.1,0.0,0.0,10,63.6,0
2018-04-10 19:10:00,5,59,21.6,64,16.4,1009.2,0.0,0.0,8,63.6,0
2018-04-10 19:15:00,5,59,21.6,65,16.4,1009.1,0.0,0.0,2,63.6,0
2018-04-10 19:20:00,5,59,21.6,65,16.3,1009.1,0.0,0.0,0,63.6,0
2018-04-10 19:25:00,5,59,21.6,66,16.1,1009.2,0.0,0.0,0,63.6,0
2018-04-10 19:30:00,5,59,21.7,67,16.1,1009.1,0.0,0.0,12,63.6,0
2018-04-10 19:35:00,5,59,21.7,67,16.0,1009.1,0.0,0.0,0,63.6,0
2018-04-10 19:40:00,5,59,21.7,68,16.1,1009.1,0.0,0.0,2,63.6,0
2018-04-10 19:45:00,5,59,21.7,67,16.1,1009.1,0.0,0.0,2,63.6,0
2018-04-10 19:50:00,5,59,21.7,68,16.2,1008.9,0.3,0.7,0,63.6,0
2018-04-10 19:55:00,5,59,21.7,68,16.3,1008.9,0.0,0.3,2,63.6,0
2018-04-10 20:00:00,5,59,21.7,68,16.3,1008.9,0.0,0.7,2,63.6,0
2018-04-10 20:05:00,5,59,21.7,68,16.3,1008.9,0.0,0.7,2,63.6,0
2018-04-10 20:10:00,5,60,21.7,69,16.4,1008.9,0.0,0.3,0,63.6,0
2018-04-10 20:15:00,5,60,21.7,69,16.5,1008.9,0.7,1.4,2,63.6,0
2018-04-10 20:20:00,5,60,21.7,69,16.6,1008.9,0.0,0.0,0,63.6,0
2018-04-10 20:25:00,5,60,21.7,69,16.6,1008.9,0.0,0.3,0,63.6,0
2018-04-10 20:30:00,5,60,21.8,69,16.5,1008.8,0.0,0.3,0,63.6,0
2018-04-10 20:35:00,5,60,21.8,69,16.5,1008.7,0.0,0.0,2,63.6,0
2018-04-10 20:40:00,5,60,21.8,70,16.5,1008.6,0.3,0.7,0,63.6,0
2018-04-10 20:45:00,5,60,21.8,70,16.4,1008.5,0.0,0.3,6,63.6,0
2018-04-10 20:50:00,5,60,21.7,71,16.4,1008.5,0.0,0.0,2,63.6,0
2018-04-10 20:55:00,5,59,21.7,71,16.3,1008.2,0.0,0.0,4,63.6,0
2018-04-10 21:00:00,5,59,21.7,72,16.2,1008.2,0.3,0.7,6,63.6,0
2018-04-10 21:05:00,5,59,21.7,73,16.1,1008.2,0.0,0.7,4,63.6,0
2018-04-10 21:10:00,5,59,21.7,74,16.0,1008.4,0.0,0.0,0,63.6,0
2018-04-10 21:15:00,5,59,21.7,74,16.0,1008.0,0.0,0.3,4,63.6,0
2018-04-10 21:20:00,5,59,21.7,77,15.9,1007.8,0.3,1.0,2,63.6,0
2018-04-10 21:25:00,5,59,21.7,78,15.8,1007.7,0.0,0.3,4,63.6,0
2018-04-10 21:30:00,5,59,21.7,79,15.7,1008.1,0.3,1.0,12,63.9,0
2018-04-10 21:35:00,5,60,21.6,80,15.7,1008.4,0.3,1.0,12,63.9,0
2018-04-10 21:40:00,5,60,21.6,81,15.4,1008.3,1.7,2.7,6,64.2,0
2018-04-10 21:45:00,5,60,21.5,83,14.5,1008.8,2.0,3.7,8,64.5,0
2018-04-10 21:50:00,5,60,21.5,85,13.4,1008.9,1.4,2.7,12,65.1,0
2018-04-10 21:55:00,5,60,21.5,87,12.9,1008.6,3.1,5.1,8,66.6,0
2018-04-10 22:00:00,5,60,21.5,88,12.4,1008.5,2.7,4.4,10,66.9,0
2018-04-10 22:05:00,5,60,21.4,88,12.4,1008.4,2.7,4.4,10,66.9,0
2018-04-10 22:10:00,5,60,21.3,91,11.7,1010.0,1.0,2.0,14,66.9,0
2018-04-10 22:15:00,5,60,21.3,92,11.8,1010.3,1.0,2.0,8,68.1,0
2018-04-10 22:20:00,5,60,21.3,92,12.0,1009.4,1.4,2.4,8,70.2,0
2018-04-10 22:25:00,5,60,21.2,93,12.0,1010.2,1.0,2.4,6,70.2,0
2018-04-10 22:30:00,5,60,21.2,94,12.0,1011.3,0.7,1.0,2,70.5,0
2018-04-10 22:35:00,5,60,21.1,94,12.0,1012.0,0.7,1.7,4,70.5,0
2018-04-10 22:40:00,5,60,21.1,95,12.0,1011.0,1.7,2.7,10,70.8,0
2018-04-10 22:45:00,5,60,21.1,95,12.0,1009.8,1.0,1.7,8,71.4,0
2018-04-10 22:50:00,5,60,21.0,97,11.9,1009.5,2.0,3.1,2,71.4,0
2018-04-10 22:55:00,5,60,21.0,97,11.9,1011.2,0.7,1.7,8,71.4,0
2018-04-10 23:00:00,5,61,21.0,97,11.9,1011.3,0.3,1.0,8,71.4,0
2018-04-10 23:05:00,5,61,21.0,97,11.9,1011.1,0.3,1.4,10,71.7,0
2018-04-10 23:10:00,5,62,20.9,97,12.0,1010.9,0.7,2.0,8,72.0,0
2018-04-10 23:15:00,5,62,20.9,97,12.0,1009.9,2.4,2.7,12,72.3,0
2018-04-10 23:20:00,5,62,20.9,98,11.9,1009.4,2.7,5.1,10,72.6,0
2018-04-10 23:25:00,5,62,20.8,98,11.9,1009.3,2.7,3.4,10,72.6,0
2018-04-10 23:30:00,5,61,20.7,98,11.9,1009.1,2.4,4.1,10,72.6,0
2018-04-10 23:35:00,5,62,20.7,98,11.8,1009.1,0.3,1.0,8,72.6,0
2018-04-10 23:40:00,5,62,20.6,98,11.8,1009.2,1.4,2.0,8,72.6,0
2018-04-10 23:45:00,5,62,20.6,98,11.8,1009.3,0.3,1.0,2,72.6,0
2018-04-10 23:50:00,5,62,20.6,98,11.8,1009.3,0.3,1.7,6,72.6,0
2018-04-10 23:55:00,5,62,20.6,98,11.8,1009.3,0.3,1.4,7,72.6,0
