2018-04-04 00:02:01,5,61,19.1,87,10.0,1007.7,0.7,1.7,8,58.5,0
2018-04-04 00:07:01,5,61,19.1,87,10.0,1007.8,0.7,1.7,8,58.5,0
2018-04-04 00:12:01,5,61,19.1,87,10.0,1007.8,0.3,0.7,14,58.5,0
2018-04-04 00:17:01,5,61,19.0,87,10.1,1007.9,0.7,1.4,10,58.5,0
2018-04-04 00:22:01,5,61,19.0,87,10.1,1007.9,0.7,1.4,8,58.5,0
2018-04-04 00:27:01,5,61,19.0,87,10.1,1007.9,1.4,2.0,12,58.5,0
2018-04-04 00:32:01,5,61,19.0,87,10.1,1007.9,0.7,2.0,8,58.5,0
2018-04-04 00:37:01,5,61,19.0,87,10.1,1007.9,1.0,2.4,14,58.5,0
2018-04-04 00:42:01,5,61,19.0,87,10.1,1007.8,1.4,1.7,12,58.5,0
2018-04-04 00:47:01,5,62,18.9,87,10.1,1007.8,0.7,1.4,4,58.5,0
2018-04-04 00:52:01,5,62,18.9,86,10.0,1007.8,0.7,1.4,6,58.5,0
2018-04-04 00:57:01,5,62,18.9,86,10.0,1007.7,0.3,1.0,12,58.5,0
2018-04-04 01:02:01,5,62,18.9,87,9.9,1007.5,0.0,0.7,8,58.5,0
2018-04-04 01:07:01,5,62,18.9,87,9.7,1007.8,0.0,0.3,12,58.5,0
2018-04-04 01:12:01,5,62,18.8,87,9.5,1007.7,0.3,0.7,4,58.5,0
2018-04-04 01:17:01,5,62,18.8,87,9.4,1007.8,0.0,0.3,14,58.5,0
2018-04-04 01:22:01,5,62,18.8,86,9.3,1007.9,0.0,0.0,14,58.5,0
2018-04-04 01:27:01,5,62,18.8,86,9.2,1008.0,0.3,0.3,14,58.5,0
2018-04-04 01:32:01,5,62,18.8,86,9.2,1008.0,0.3,1.4,6,58.5,0
2018-04-04 01:37:01,5,62,18.6,86,9.1,1008.1,0.0,0.7,12,58.5,0
2018-04-04 01:42:00,5,62,18.6,86,9.0,1008.3,0.0,0.0,12,58.5,0
2018-04-04 01:47:00,5,62,18.6,86,9.1,1008.1,0.0,0.3,12,58.5,0
2018-04-04 01:52:00,5,62,18.6,87,9.1,1008.1,0.0,0.0,12,58.5,0
2018-04-04 01:57:00,5,62,18.5,87,9.2,1008.1,0.0,1.0,8,58.5,0
2018-04-04 02:02:00,5,62,18.5,87,9.2,1008.0,0.0,0.7,12,58.5,0
2018-04-04 02:07:00,5,62,18.5,87,9.2,1008.0,0.0,0.7,12,58.5,0
2018-04-04 02:12:00,5,62,18.5,87,9.2,1008.0,0.0,0.3,0,58.5,0
2018-04-04 02:17:00,5,62,18.5,87,9.3,1008.1,0.0,0.0,8,58.5,0
2018-04-04 02:22:00,5,62,18.5,87,9.2,1008.3,0.7,1.4,12,58.5,0
2018-04-04 02:27:00,5,62,18.5,87,9.2,1008.2,0.0,0.3,12,58.5,0
2018-04-04 02:32:00,5,62,18.4,87,9.1,1008.2,0.0,0.0,12,58.5,0
2018-04-04 02:37:00,5,62,18.4,87,9.0,1008.1,0.3,0.7,12,58.5,0
2018-04-04 02:42:00,5,62,18.4,87,8.9,1008.2,0.3,0.7,8,58.5,0
2018-04-04 02:47:00,5,62,18.4,87,8.8,1008.1,0.3,1.0,12,58.5,0
2018-04-04 02:52:00,5,62,18.4,87,8.6,1008.1,0.7,1.0,2,58.5,0
2018-04-04 02:57:00,5,62,18.4,87,8.6,1008.0,0.0,0.7,2,58.5,0
2018-04-04 03:02:00,5,62,18.4,87,8.5,1008.0,0.3,0.7,12,58.5,0
2018-04-04 03:07:00,5,61,18.3,87,8.4,1008.0,0.3,0.7,6,58.5,0
2018-04-04 03:12:00,5,61,18.3,87,8.4,1008.0,0.7,1.0,11,58.5,0
2018-04-04 03:17:00,5,61,18.3,87,8.3,1008.1,0.3,1.0,10,58.5,0
2018-04-04 03:22:00,5,61,18.3,87,8.3,1007.9,0.7,1.7,4,58.5,0
2018-04-04 03:27:00,5,61,18.3,87,8.3,1008.0,0.0,0.0,12,58.5,0
2018-04-04 03:32:00,5,61,18.3,87,8.3,1008.1,0.0,0.7,8,58.5,0
2018-04-04 03:37:00,5,61,18.3,87,8.2,1008.1,0.0,0.0,12,58.5,0
2018-04-04 03:42:00,5,62,18.3,87,8.2,1008.0,0.0,0.0,12,58.5,0
2018-04-04 03:47:00,5,62,18.3,87,8.0,1008.0,0.0,0.0,14,58.5,0
2018-04-04 03:52:00,5,61,18.4,87,8.0,1008.0,0.0,0.0,12,58.5,0
2018-04-04 03:57:00,5,61,18.5,87,8.0,1007.8,0.0,0.7,14,58.5,0
2018-04-04 04:02:00,5,61,18.5,87,8.0,1007.8,0.0,0.0,12,58.5,0
2018-04-04 04:07:00,5,61,18.6,87,8.0,1007.7,0.0,0.0,12,58.5,0
2018-04-04 04:12:00,5,61,18.6,88,7.8,1007.8,0.0,0.0,6,58.5,0
2018-04-04 04:17:00,5,60,18.6,88,7.8,1007.6,0.0,0.0,12,58.5,0
2018-04-04 04:22:00,5,60,18.6,88,7.8,1007.6,0.3,1.0,12,58.5,0
2018-04-04 04:27:00,5,60,18.7,88,7.8,1007.5,0.0,0.0,12,58.5,0
2018-04-04 04:32:00,5,61,18.8,88,7.8,1007.4,0.0,0.0,12,58.5,0
2018-04-04 04:37:00,5,61,18.8,88,7.8,1007.4,0.0,0.0,14,58.5,0
2018-04-04 04:42:00,5,61,18.8,88,7.8,1007.5,0.3,1.0,12,58.5,0
2018-04-04 04:47:00,5,61,18.9,88,7.8,1007.2,1.0,1.4,12,58.5,0
2018-04-04 04:52:00,5,60,19.0,88,7.8,1007.1,0.0,0.3,12,58.5,0
2018-04-04 04:57:00,5,60,19.1,88,7.8,1007.1,0.0,0.0,12,58.5,0
2018-04-04 05:02:00,5,61,19.2,88,7.8,1007.0,0.0,0.0,12,58.5,0
2018-04-04 05:07:00,5,60,19.3,88,7.7,1006.8,0.0,0.0,10,58.5,0
2018-04-04 05:12:00,5,60,19.6,88,7.7,1006.6,0.0,0.0,12,58.5,0
2018-04-04 05:17:00,5,60,19.9,88,7.6,1006.4,0.0,0.0,10,58.5,0
2018-04-04 05:22:00,5,59,20.2,88,7.6,1005.9,0.0,0.0,3,58.5,0
2018-04-04 05:27:00,5,58,20.5,88,7.6,1005.7,0.0,0.0,14,58.5,0
2018-04-04 05:32:00,5,57,20.7,88,7.7,1005.3,0.0,0.0,12,58.5,0
2018-04-04 05:37:00,5,56,21.0,88,7.7,1005.1,0.0,0.0,14,58.5,0
2018-04-04 05:42:00,5,55,21.1,88,7.8,1004.9,0.0,0.0,12,58.5,0
2018-04-04 05:47:00,5,55,21.2,88,7.8,1004.7,0.0,0.0,12,58.5,0
2018-04-04 05:52:00,5,55,21.3,88,7.8,1004.4,0.7,1.4,6,58.5,0
2018-04-04 05:57:00,5,54,21.4,88,7.8,1004.5,0.0,0.0,12,58.5,0
2018-04-04 06:02:00,5,54,21.5,88,7.8,1004.3,0.0,0.0,12,58.5,0
2018-04-04 06:07:00,5,54,21.5,88,7.8,1004.1,0.0,0.0,12,58.5,0
2018-04-04 06:12:00,5,54,21.5,87,8.0,1004.5,0.0,0.0,12,58.5,0
2018-04-04 06:17:00,5,54,21.5,87,8.0,1004.5,0.0,1.0,12,58.5,0
2018-04-04 06:22:00,5,53,21.3,87,8.1,1004.4,0.0,0.3,12,58.5,0
2018-04-04 06:27:00,5,53,21.3,87,8.3,1004.5,0.0,0.0,12,58.5,0
2018-04-04 06:32:00,5,53,21.2,87,8.5,1004.4,0.3,1.4,2,58.8,0
2018-04-04 06:37:00,5,53,21.2,87,8.7,1004.5,0.0,0.3,12,58.8,0
2018-04-04 06:42:00,5,53,21.1,87,8.7,1004.5,0.3,1.7,6,58.8,0
2018-04-04 06:47:00,5,53,21.1,87,8.6,1004.7,0.0,1.0,8,58.8,0
2018-04-04 06:52:00,5,55,20.9,87,8.7,1004.7,0.0,0.0,14,58.8,0
2018-04-04 06:57:00,5,55,20.9,87,8.8,1004.8,0.0,0.0,12,58.8,0
2018-04-04 07:02:00,5,55,20.7,87,8.8,1004.9,0.3,1.4,12,58.8,0
2018-04-04 07:07:00,5,55,20.6,87,8.8,1005.0,0.0,0.0,12,58.8,0
2018-04-04 07:12:00,5,55,20.6,87,8.8,1005.0,0.0,0.0,6,58.8,0
2018-04-04 07:17:00,5,55,20.5,87,8.9,1005.0,0.0,0.0,0,58.8,0
2018-04-04 07:22:00,5,55,20.4,86,9.0,1005.1,0.0,0.0,14,58.8,0
2018-04-04 07:27:00,5,55,20.4,86,9.1,1005.1,0.0,1.0,2,58.8,0
2018-04-04 07:32:00,5,55,20.3,86,9.2,1005.2,0.0,0.0,0,58.8,0
2018-04-04 07:37:00,5,56,20.3,86,9.5,1005.0,0.0,0.0,14,58.8,0
2018-04-04 07:42:00,5,56,20.3,86,9.7,1004.8,0.0,0.7,12,58.8,0
2018-04-04 07:47:00,5,56,20.2,86,9.8,1005.0,1.0,1.4,12,58.8,0
2018-04-04 07:52:00,5,56,20.2,85,10.0,1005.1,0.0,0.7,8,58.8,0
2018-04-04 07:57:00,5,56,20.2,85,10.2,1005.0,1.0,1.4,12,58.8,0
2018-04-04 08:02:00,5,56,20.2,84,10.3,1004.8,0.3,0.7,6,58.8,0
2018-04-04 08:07:00,5,56,20.2,84,10.3,1004.8,0.3,0.7,6,58.8,0
2018-04-04 08:12:00,5,56,20.2,84,10.8,1004.9,1.0,2.0,8,58.8,0
2018-04-04 08:17:00,5,56,20.2,83,10.9,1004.9,1.4,2.0,2,58.8,0
2018-04-04 08:22:00,5,56,20.3,82,11.0,1004.9,1.7,2.7,10,58.8,0
2018-04-04 08:27:00,5,56,20.4,82,11.8,1004.8,1.4,2.0,2,58.8,0
2018-04-04 08:32:00,5,56,20.6,80,12.2,1004.6,1.0,1.7,14,58.8,0
2018-04-04 08:37:00,5,56,20.7,78,12.5,1004.3,1.0,1.7,8,58.8,0
2018-04-04 08:42:00,5,55,21.1,76,13.0,1003.8,1.0,1.7,10,58.8,0
2018-04-04 08:47:00,5,54,21.5,72,14.0,1003.5,1.0,2.4,8,58.8,0
2018-04-04 08:52:00,5,54,21.8,70,14.3,1003.4,1.7,2.4,12,58.8,0
2018-04-04 08:57:00,5,53,21.9,68,13.8,1003.3,1.0,2.7,8,58.8,0
2018-04-04 09:02:00,5,52,21.9,69,13.1,1003.3,1.0,2.4,8,58.8,0
2018-04-04 09:07:00,5,52,21.8,70,12.6,1003.5,1.4,2.7,8,58.8,0
2018-04-04 09:12:00,5,52,21.8,71,12.4,1003.7,1.0,1.4,10,58.8,0
2018-04-04 09:17:00,5,52,21.7,72,12.4,1003.7,1.0,1.7,2,58.8,0
2018-04-04 09:22:00,5,52,21.5,73,12.5,1003.7,1.0,1.7,0,58.8,0
2018-04-04 09:27:00,5,52,21.5,73,12.6,1003.7,1.0,1.4,2,58.8,0
2018-04-04 09:32:00,5,52,21.3,72,12.6,1003.9,1.7,2.4,12,58.8,0
2018-04-04 09:37:00,5,52,21.3,72,12.7,1003.8,1.4,2.0,9,58.8,0
2018-04-04 09:42:00,5,52,21.2,72,12.9,1003.7,0.7,1.4,8,58.8,0
2018-04-04 09:47:00,5,53,21.3,72,13.6,1003.7,0.7,1.4,8,58.8,0
2018-04-04 09:52:00,5,53,21.3,71,14.2,1003.7,2.0,3.1,15,58.8,0
2018-04-04 09:57:00,5,53,21.3,68,14.5,1003.6,1.0,1.7,10,58.8,0
2018-04-04 10:02:00,5,53,21.4,68,14.6,1003.8,1.4,1.7,8,58.8,0
2018-04-04 10:07:00,5,53,21.4,68,14.6,1003.5,1.4,1.7,8,58.8,0
2018-04-04 10:12:00,5,52,21.4,66,14.6,1003.4,1.7,3.4,12,58.8,0
2018-04-04 10:17:00,5,52,21.4,65,14.8,1003.4,2.4,4.1,6,58.8,0
2018-04-04 10:22:00,5,52,21.3,65,14.7,1003.3,1.7,3.1,8,58.8,0
2018-04-04 10:27:00,5,52,21.3,64,14.6,1003.4,1.4,2.7,10,58.8,0
2018-04-04 10:32:00,5,52,21.2,65,14.4,1003.5,1.0,1.7,0,58.8,0
2018-04-04 10:37:00,5,52,21.2,65,14.3,1003.6,1.4,2.4,10,58.8,0
2018-04-04 10:42:00,5,52,21.1,66,14.2,1003.6,1.4,2.7,10,58.8,0
2018-04-04 10:47:00,5,52,21.1,65,14.0,1003.7,1.0,2.0,14,58.8,0
2018-04-04 10:52:00,5,52,21.0,67,13.8,1003.8,1.4,2.4,8,58.8,0
2018-04-04 10:57:00,5,53,20.9,67,13.7,1003.7,1.4,2.0,10,58.8,0
2018-04-04 11:02:00,5,53,20.8,68,13.7,1003.9,1.0,1.7,8,58.8,0
2018-04-04 11:07:00,5,54,20.7,68,13.7,1003.9,0.7,1.0,14,58.8,0
2018-04-04 11:12:00,5,54,20.7,68,13.7,1004.0,1.4,2.4,2,58.8,0
2018-04-04 11:17:00,5,54,20.7,68,13.7,1004.1,1.7,3.7,8,58.8,0
2018-04-04 11:22:00,5,54,20.6,68,13.8,1004.0,1.0,1.4,14,58.8,0
2018-04-04 11:27:00,5,54,20.6,68,14.2,1003.9,1.0,1.7,2,58.8,0
2018-04-04 11:32:00,5,54,20.6,67,14.4,1003.9,0.7,1.4,14,58.8,0
2018-04-04 11:37:00,5,54,20.6,67,14.6,1003.9,1.7,2.7,10,58.8,0
2018-04-04 11:42:00,5,55,20.5,66,14.4,1004.0,0.7,1.0,2,58.8,0
2018-04-04 11:47:00,5,55,20.5,66,14.3,1004.1,0.7,1.4,6,58.8,0
2018-04-04 11:52:00,5,55,20.5,67,14.2,1004.1,1.0,2.4,8,58.8,0
2018-04-04 11:57:00,5,55,20.4,67,14.2,1004.1,0.7,1.7,2,58.8,0
2018-04-04 12:02:00,5,55,20.4,67,14.1,1004.2,1.7,2.7,10,58.8,0
2018-04-04 12:07:00,5,55,20.4,67,14.1,1004.1,1.7,2.7,10,58.8,0
2018-04-04 12:12:00,5,55,20.3,67,13.9,1004.2,0.7,1.4,10,58.8,0
2018-04-04 12:17:00,5,55,20.3,67,14.0,1004.3,1.0,2.0,4,58.8,0
2018-04-04 12:22:00,5,55,20.3,67,14.1,1004.3,1.7,2.4,8,58.8,0
2018-04-04 12:27:00,5,55,20.3,66,14.1,1004.3,1.4,2.4,10,58.8,0
2018-04-04 12:32:00,5,55,20.3,67,14.3,1004.1,1.0,2.4,8,58.8,0
2018-04-04 12:37:00,5,56,20.3,67,14.8,1004.2,1.0,1.7,14,58.8,0
2018-04-04 12:42:00,5,56,20.3,65,15.0,1004.0,1.0,2.0,8,58.8,0
2018-04-04 12:47:00,5,56,20.3,65,15.0,1004.0,0.7,1.7,14,58.8,0
2018-04-04 12:52:00,5,56,20.3,65,15.0,1004.0,0.7,1.4,14,58.8,0
2018-04-04 12:57:00,5,56,20.3,65,15.1,1003.9,1.0,1.7,,58.8,2048
2018-04-04 13:02:00,5,55,20.3,65,15.2,1003.8,0.3,0.7,4,58.8,0
2018-04-04 13:07:00,5,56,20.4,62,16.2,1003.8,1.0,1.7,10,58.8,0
2018-04-04 13:12:00,5,55,20.4,60,16.2,1003.7,2.0,3.1,10,58.8,0
2018-04-04 13:17:00,5,55,20.4,60,16.0,1003.6,1.0,2.0,8,58.8,0
2018-04-04 13:22:00,5,55,20.4,61,15.9,1003.8,1.0,2.0,8,58.8,0
2018-04-04 13:27:00,5,55,20.4,61,15.6,1003.7,0.3,1.4,9,58.8,0
2018-04-04 13:32:00,5,55,20.4,62,15.5,1003.7,1.7,2.7,8,58.8,0
2018-04-04 13:37:00,5,55,20.4,61,15.3,1003.6,1.7,3.4,10,58.8,0
2018-04-04 13:42:00,5,55,20.4,61,15.2,1003.7,0.3,1.0,10,58.8,0
2018-04-04 13:47:00,5,55,20.4,62,15.3,1003.5,0.7,1.0,14,58.8,0
2018-04-04 13:52:00,5,55,20.4,62,15.5,1003.6,1.0,2.0,9,58.8,0
2018-04-04 13:57:00,5,55,20.4,60,15.4,1003.5,1.7,3.1,10,58.8,0
2018-04-04 14:02:00,5,55,20.4,60,15.4,1003.4,0.7,1.0,12,58.8,0
2018-04-04 14:07:00,5,55,20.4,60,15.4,1003.4,0.7,1.0,12,58.8,0
2018-04-04 14:12:00,5,55,20.4,54,15.4,1003.4,1.0,2.4,2,58.8,0
2018-04-04 14:17:00,5,55,20.4,54,15.5,1003.3,2.7,3.7,8,58.8,0
2018-04-04 14:22:00,5,55,20.4,54,15.4,1003.3,0.7,1.0,14,58.8,0
2018-04-04 14:27:00,5,55,20.3,54,15.1,1003.5,1.0,1.7,6,58.8,0
2018-04-04 14:32:00,5,55,20.3,58,14.7,1004.2,2.0,2.7,10,58.8,0
2018-04-04 14:37:00,5,55,20.3,64,12.5,1004.2,1.0,2.7,8,61.8,0
2018-04-04 14:42:00,5,56,20.3,71,10.9,1004.0,1.0,1.7,2,61.8,0
2018-04-04 14:47:00,5,56,20.4,75,10.3,1003.8,0.7,1.0,10,61.8,0
2018-04-04 14:52:00,5,56,20.6,77,10.1,1003.7,0.7,1.4,6,61.8,0
2018-04-04 14:57:00,5,56,20.8,79,10.1,1003.5,0.3,1.0,12,61.8,0
2018-04-04 15:02:00,5,55,21.1,80,10.2,1003.3,2.4,3.4,8,62.1,0
2018-04-04 15:07:00,5,54,21.2,81,10.4,1003.3,2.0,3.4,8,62.1,0
2018-04-04 15:12:00,5,54,21.3,80,10.6,1003.6,3.1,4.8,8,62.4,0
2018-04-04 15:17:00,5,54,21.4,78,10.6,1003.2,2.4,4.1,10,62.7,0
2018-04-04 15:22:00,5,53,21.5,78,10.3,1003.0,2.0,3.1,1,62.7,0
2018-04-04 15:27:00,5,53,21.6,79,10.1,1003.5,2.7,4.4,10,63.0,0
2018-04-04 15:32:00,5,53,21.6,80,10.0,1003.3,2.0,3.7,8,63.0,0
2018-04-04 15:37:00,5,54,21.7,80,10.0,1003.4,1.0,3.1,6,63.0,0
2018-04-04 15:42:00,5,53,21.7,80,10.2,1003.1,2.0,3.1,8,63.0,0
2018-04-04 15:47:00,5,53,21.7,80,10.3,1002.8,2.0,3.7,8,63.0,0
2018-04-04 15:52:00,5,53,21.7,79,10.3,1002.6,2.7,3.7,8,63.0,0
2018-04-04 15:57:00,5,53,21.7,78,10.3,1002.1,0.7,1.4,10,63.0,0
2018-04-04 16:02:00,5,53,21.7,78,10.3,1002.2,1.0,2.4,4,63.0,0
2018-04-04 16:07:00,5,54,21.7,78,10.3,1002.2,1.0,2.4,4,63.0,0
2018-04-04 16:12:00,5,54,21.8,78,10.4,1002.3,1.7,3.4,8,63.0,0
2018-04-04 16:17:00,5,55,21.8,78,10.6,1002.3,1.7,2.4,6,63.0,0
2018-04-04 16:22:00,5,55,21.9,77,10.6,1002.3,2.0,3.7,6,63.0,0
2018-04-04 16:27:00,5,54,21.9,75,10.8,1002.2,1.4,2.0,12,63.0,0
2018-04-04 16:32:00,5,54,21.9,75,10.9,1002.1,1.4,2.0,8,63.0,0
2018-04-04 16:37:00,5,54,21.9,74,10.9,1002.1,1.7,3.1,10,63.0,0
2018-04-04 16:42:00,5,54,21.9,72,11.0,1002.1,2.0,3.4,8,63.0,0
2018-04-04 16:47:00,5,54,21.8,72,11.1,1002.3,1.4,2.0,8,63.0,0
2018-04-04 16:52:00,5,54,21.8,72,11.1,1002.3,1.0,1.7,10,63.0,0
2018-04-04 16:57:00,5,54,21.7,71,11.2,1002.3,2.0,2.4,10,63.0,0
2018-04-04 17:02:00,5,54,21.7,71,11.2,1002.4,1.7,2.7,8,63.0,0
2018-04-04 17:07:00,5,55,21.6,71,11.2,1002.6,0.7,1.4,14,63.0,0
2018-04-04 17:12:00,5,55,21.5,70,11.2,1002.7,1.0,1.4,12,63.0,0
2018-04-04 17:17:00,5,55,21.5,70,11.2,1002.9,0.3,0.7,6,63.0,0
2018-04-04 17:22:00,5,55,21.3,71,11.2,1002.9,1.0,1.7,14,63.0,0
2018-04-04 17:27:00,5,56,21.3,71,11.1,1002.9,0.0,0.7,12,63.0,0
2018-04-04 17:32:00,5,56,21.2,71,11.1,1003.0,0.7,1.7,9,63.0,0
2018-04-04 17:37:00,5,56,21.2,71,11.1,1003.0,0.3,0.7,12,63.0,0
2018-04-04 17:42:00,5,56,21.2,71,11.1,1003.0,0.3,0.7,12,63.0,0
2018-04-04 17:47:00,5,57,21.1,71,11.0,1003.1,0.0,0.3,12,63.0,0
2018-04-04 17:52:00,5,57,21.1,72,10.9,1003.2,0.0,0.7,12,63.0,0
2018-04-04 17:57:00,5,57,21.0,72,10.8,1003.2,0.0,0.7,8,63.0,0
2018-04-04 18:02:00,5,57,21.0,72,10.8,1003.2,0.0,0.0,12,63.0,0
2018-04-04 18:07:00,5,58,20.9,72,10.8,1003.2,0.0,0.0,12,63.0,0
2018-04-04 18:12:00,5,58,20.9,73,10.4,1003.4,0.0,0.3,12,63.0,0
2018-04-04 18:17:00,5,58,20.7,73,10.4,1003.4,0.0,0.0,12,63.0,0
2018-04-04 18:22:00,5,58,20.7,74,10.3,1003.3,0.0,0.0,12,63.0,0
2018-04-04 18:27:00,5,58,20.7,75,10.2,1003.5,0.0,0.0,2,63.0,0
2018-04-04 18:32:00,5,59,20.6,75,10.2,1003.4,0.0,0.0,10,63.0,0
2018-04-04 18:37:00,5,59,20.6,75,10.1,1003.5,0.0,0.0,0,63.0,0
2018-04-04 18:42:00,5,59,20.6,76,10.1,1003.5,0.0,0.0,12,63.0,0
2018-04-04 18:47:00,5,59,20.5,77,10.0,1003.5,0.0,0.0,12,63.0,0
2018-04-04 18:52:00,5,59,20.5,77,10.0,1003.8,0.0,0.0,8,63.0,0
2018-04-04 18:57:00,5,59,20.5,77,10.0,1003.6,0.0,0.0,12,63.0,0
2018-04-04 19:02:00,5,59,20.5,79,9.9,1003.7,0.0,0.0,12,63.0,0
2018-04-04 19:07:00,5,60,20.5,79,9.8,1003.7,0.0,0.0,12,63.0,0
2018-04-04 19:12:00,5,60,20.5,79,9.8,1003.8,0.0,0.0,12,63.0,0
2018-04-04 19:17:00,5,60,20.5,80,9.7,1003.9,0.0,0.0,12,63.0,0
2018-04-04 19:22:00,5,60,20.5,80,9.8,1004.0,0.0,0.0,12,63.0,0
2018-04-04 19:27:00,5,60,20.5,80,10.0,1004.2,0.0,0.7,12,63.0,0
2018-04-04 19:32:00,5,59,20.5,80,10.0,1004.5,0.7,1.7,8,63.0,0
2018-04-04 19:37:00,5,59,20.5,80,10.2,1004.4,1.4,1.7,8,63.0,0
2018-04-04 19:42:00,5,59,20.4,80,10.3,1004.6,0.3,1.4,6,63.0,0
2018-04-04 19:47:00,5,59,20.4,79,10.4,1004.5,0.0,0.0,8,63.0,0
2018-04-04 19:52:00,5,59,20.4,79,10.4,1004.5,0.0,0.3,8,63.0,0
2018-04-04 19:57:00,5,59,20.4,78,10.3,1004.7,0.0,0.0,8,63.0,0
2018-04-04 20:02:00,5,59,20.3,78,10.2,1004.7,0.0,0.0,8,63.0,0
2018-04-04 20:07:00,5,60,20.3,78,10.2,1004.6,0.0,0.0,8,63.0,0
2018-04-04 20:12:00,5,60,20.3,78,10.2,1004.7,0.0,0.7,10,63.0,0
2018-04-04 20:17:00,5,60,20.3,77,10.3,1004.6,0.0,0.7,12,63.0,0
2018-04-04 20:22:00,5,60,20.3,76,10.3,1004.7,0.3,0.7,12,63.0,0
2018-04-04 20:27:00,5,60,20.2,75,10.3,1004.8,0.3,1.0,10,63.0,0
2018-04-04 20:32:00,5,60,20.2,74,10.3,1004.9,1.0,1.4,8,63.0,0
2018-04-04 20:37:00,5,60,20.1,73,10.3,1004.9,0.7,1.0,10,63.0,0
2018-04-04 20:42:00,5,60,20.1,72,10.3,1004.8,0.7,1.4,14,63.0,0
2018-04-04 20:47:00,5,60,20.1,72,10.3,1004.8,2.7,3.7,14,63.0,0
2018-04-04 20:52:00,5,60,20.1,72,10.3,1004.9,0.7,2.0,10,63.0,0
2018-04-04 20:57:00,5,60,20.1,72,10.3,1005.0,0.7,1.4,12,63.0,0
2018-04-04 21:02:00,5,60,20.1,72,10.3,1005.0,1.0,2.0,12,63.0,0
2018-04-04 21:07:00,5,60,20.0,72,10.3,1005.1,0.7,2.0,7,63.0,0
2018-04-04 21:12:00,5,60,20.0,72,10.3,1005.1,0.7,1.7,14,63.0,0
2018-04-04 21:17:00,5,60,20.0,72,10.3,1005.0,0.3,0.7,12,63.0,0
2018-04-04 21:22:00,5,60,20.0,72,10.3,1005.2,0.3,1.4,12,63.0,0
2018-04-04 21:27:00,5,61,19.9,73,10.3,1005.2,0.3,0.7,12,63.0,0
2018-04-04 21:32:00,5,61,19.8,73,10.2,1005.3,0.7,1.0,12,63.0,0
2018-04-04 21:37:00,5,61,19.8,73,10.2,1005.2,0.7,1.7,0,63.0,0
2018-04-04 21:42:00,5,61,19.8,73,10.2,1005.3,0.7,1.7,12,63.0,0
2018-04-04 21:47:00,5,61,19.8,73,10.1,1005.3,1.0,1.4,14,63.0,0
2018-04-04 21:52:00,5,61,19.8,74,10.1,1005.4,1.0,2.0,12,63.0,0
2018-04-04 21:57:00,5,61,19.7,74,10.2,1005.4,0.7,2.0,2,63.0,0
2018-04-04 22:02:00,5,61,19.7,74,10.2,1005.4,0.3,1.4,12,63.0,0
2018-04-04 22:07:00,5,61,19.7,74,10.2,1005.3,0.3,1.4,12,63.0,0
2018-04-04 22:12:00,5,61,19.7,73,10.1,1005.4,0.7,1.4,14,63.0,0
2018-04-04 22:17:00,5,61,19.7,73,10.1,1005.4,0.7,2.0,12,63.0,0
2018-04-04 22:22:00,5,61,19.7,73,10.1,1005.5,0.7,1.7,12,63.0,0
2018-04-04 22:27:00,5,61,19.7,73,10.0,1005.5,0.3,1.4,12,63.0,0
2018-04-04 22:32:00,5,61,19.7,74,9.8,1005.6,0.3,0.7,0,63.0,0
2018-04-04 22:37:00,5,61,19.6,75,9.8,1005.6,0.7,1.7,10,63.0,0
2018-04-04 22:42:00,5,61,19.6,75,9.7,1005.7,0.3,1.4,14,63.0,0
2018-04-04 22:47:00,5,61,19.6,75,9.7,1005.7,0.3,0.7,2,63.0,0
2018-04-04 22:52:00,5,61,19.6,76,9.7,1005.6,0.7,1.4,12,63.0,0
2018-04-04 22:57:00,5,61,19.6,76,9.7,1005.7,0.3,0.7,0,63.0,0
2018-04-04 23:02:00,5,61,19.6,76,9.7,1005.6,1.7,2.4,8,63.0,0
2018-04-04 23:07:00,5,61,19.5,77,9.7,1005.7,1.0,2.0,12,63.0,0
2018-04-04 23:12:00,5,61,19.5,77,9.8,1005.7,1.0,2.0,10,63.0,0
2018-04-04 23:17:00,5,61,19.5,77,9.8,1005.7,0.7,1.4,10,63.0,0
2018-04-04 23:22:00,5,61,19.5,77,9.8,1005.7,0.7,1.4,10,63.0,0
2018-04-04 23:27:00,5,61,19.4,77,9.8,1005.8,1.0,1.4,2,63.0,0
2018-04-04 23:32:00,5,61,19.4,77,9.8,1005.8,1.0,1.7,8,63.0,0
2018-04-04 23:37:00,5,61,19.4,77,9.8,1005.8,1.4,3.1,10,63.0,0
2018-04-04 23:42:00,5,61,19.4,77,9.8,1005.7,1.4,2.0,10,63.0,0
2018-04-04 23:47:00,5,61,19.3,76,10.0,1005.9,1.4,2.0,10,63.0,0
2018-04-04 23:52:00,5,61,19.3,76,10.0,1006.0,1.4,3.4,8,63.0,0
2018-04-04 23:57:00,5,61,19.3,76,10.0,1006.2,1.7,3.1,8,63.0,0
