2025-03-17 00:00:42,1,57,12.4,84,6.2,1024.6,1,1,39,0.0,0,0.0,0
2025-03-17 00:01:43,1,57,12.3,84,6.2,1024.8,0,3,24,0.0,0,0.0,0
2025-03-17 00:02:44,1,57,12.4,84,6.2,1024.7,1,3,29,0.0,0,0.0,0
2025-03-17 00:03:45,1,57,12.3,84,6.2,1024.6,1,3,25,0.0,0,0.0,0
2025-03-17 00:04:46,1,57,12.3,83,6.2,1024.8,1,3,23,0.0,0,0.0,0
2025-03-17 00:05:47,1,57,12.4,83,6.2,1024.7,3,5,51,0.0,0,0.0,0
2025-03-17 00:06:48,1,57,12.4,83,6.2,1024.8,3,7,30,0.0,0,0.0,0
2025-03-17 00:07:49,1,57,12.3,83,6.2,1024.7,3,7,17,0.0,0,0.0,0
2025-03-17 00:08:50,1,57,12.4,82,6.2,1024.7,1,5,20,0.0,0,0.0,0
2025-03-17 00:09:51,1,57,12.3,82,6.2,1024.6,1,3,21,0.0,0,0.0,0
2025-03-17 00:10:52,1,57,12.3,82,6.3,1024.8,0,3,21,0.0,0,0.0,0
2025-03-17 00:11:53,1,57,12.3,82,6.3,1024.7,0,9,24,0.0,0,0.0,0
2025-03-17 00:12:54,1,57,12.3,82,6.3,1024.7,0,5,24,0.0,0,0.0,0
2025-03-17 00:13:55,1,57,12.4,81,6.3,1024.8,0,3,24,0.0,0,0.0,0
2025-03-17 00:14:56,1,57,12.3,81,6.3,1024.6,5,9,42,0.0,0,0.0,0
2025-03-17 00:15:57,1,57,12.4,81,6.3,1024.7,0,9,27,0.0,0,0.0,0
2025-03-17 00:16:58,1,57,12.3,81,6.3,1024.9,4,7,24,0.0,0,0.0,0
2025-03-17 00:17:59,1,57,12.4,81,6.3,1024.9,2,5,22,0.0,0,0.0,0
2025-03-17 00:19:00,1,57,12.3,81,6.3,1024.7,5,7,39,0.0,0,0.0,0
2025-03-17 00:20:01,1,57,12.4,81,6.3,1024.9,3,7,358,0.0,0,0.0,0
2025-03-17 00:21:02,1,57,12.3,81,6.3,1024.9,2,5,32,0.0,0,0.0,0
2025-03-17 00:22:03,1,57,12.3,81,6.3,1024.9,2,5,36,0.0,0,0.0,0
2025-03-17 00:23:04,1,57,12.3,81,6.3,1024.9,1,3,35,0.0,0,0.0,0
2025-03-17 00:24:05,1,57,12.3,81,6.3,1024.9,2,3,27,0.0,0,0.0,0
2025-03-17 00:25:06,1,57,12.3,81,6.3,1025.0,3,3,9,0.0,0,0.0,0
2025-03-17 00:26:07,1,57,12.3,81,6.3,1025.0,5,9,17,0.0,0,0.0,0
2025-03-17 00:27:08,1,57,12.3,82,6.3,1024.8,4,9,21,0.0,0,0.0,0
2025-03-17 00:28:09,1,57,12.3,82,6.3,1024.9,1,7,3,0.0,0,0.0,0
2025-03-17 00:29:10,1,57,12.3,82,6.3,1024.9,0,5,13,0.0,0,0.0,0
2025-03-17 00:30:11,1,57,12.3,82,6.3,1025.0,2,3,25,0.0,0,0.0,0
2025-03-17 00:31:12,1,57,12.3,82,6.3,1024.9,0,3,25,0.0,0,0.0,0
2025-03-17 00:32:13,1,57,12.4,82,6.3,1025.0,5,5,345,0.0,0,0.0,0
2025-03-17 00:33:14,1,57,12.3,82,6.3,1024.9,1,7,24,0.0,0,0.0,0
2025-03-17 00:34:15,1,57,12.3,83,6.3,1024.9,1,7,11,0.0,0,0.0,0
2025-03-17 00:35:16,1,57,12.3,83,6.3,1025.0,1,3,41,0.0,0,0.0,0
2025-03-17 00:36:17,1,57,12.3,83,6.3,1024.7,0,3,28,0.0,0,0.0,0
2025-03-17 00:37:18,1,57,12.3,83,6.3,1024.7,0,1,11,0.0,0,0.0,0
2025-03-17 00:38:19,1,57,12.3,83,6.3,1025.0,2,5,12,0.0,0,0.0,0
2025-03-17 00:39:20,1,57,12.3,83,6.3,1024.9,0,3,2,0.0,0,0.0,0
2025-03-17 00:40:21,1,57,12.3,83,6.3,1025.0,0,3,3,0.0,0,0.0,0
2025-03-17 00:41:22,1,57,12.3,83,6.3,1025.1,2,3,36,0.0,0,0.0,0
2025-03-17 00:42:23,1,57,12.3,83,6.3,1025.0,3,7,5,0.0,0,0.0,0
2025-03-17 00:43:24,1,57,12.3,83,6.3,1024.9,0,5,5,0.0,0,0.0,0
2025-03-17 00:44:25,1,57,12.3,83,6.3,1024.9,1,5,43,0.0,0,0.0,0
2025-03-17 00:45:26,1,57,12.3,83,6.3,1025.0,0,5,45,0.0,0,0.0,0
2025-03-17 00:46:27,1,57,12.3,83,6.3,1024.8,3,5,26,0.0,0,0.0,0
2025-03-17 00:47:28,1,57,12.3,83,6.3,1025.0,0,5,22,0.0,0,0.0,0
2025-03-17 00:48:29,1,57,12.3,83,6.3,1024.9,2,3,15,0.0,0,0.0,0
2025-03-17 00:49:30,1,57,12.3,83,6.3,1024.9,1,5,23,0.0,0,0.0,0
2025-03-17 00:50:31,1,57,12.3,83,6.3,1024.9,2,5,39,0.0,0,0.0,0
2025-03-17 00:51:32,1,57,12.3,83,6.2,1024.9,2,5,10,0.0,0,0.0,0
2025-03-17 00:52:33,1,57,12.3,82,6.2,1024.9,0,7,19,0.0,0,0.0,0
2025-03-17 00:53:34,1,57,12.3,82,6.2,1024.9,3,7,33,0.0,0,0.0,0
2025-03-17 00:54:35,1,57,12.3,82,6.2,1024.9,4,7,35,0.0,0,0.0,0
2025-03-17 00:55:36,1,57,12.3,82,6.2,1024.8,0,7,9,0.0,0,0.0,0
2025-03-17 00:56:37,1,57,12.3,82,6.2,1024.8,0,7,22,0.0,0,0.0,0
2025-03-17 00:57:38,1,57,12.3,82,6.2,1024.8,3,5,15,0.0,0,0.0,0
2025-03-17 00:58:39,1,57,12.3,82,6.2,1024.9,1,5,3,0.0,0,0.0,0
2025-03-17 00:59:40,1,57,12.3,82,6.2,1024.8,2,5,21,0.0,0,0.0,0
2025-03-17 01:00:41,1,57,12.3,82,6.2,1024.9,0,3,13,0.0,0,0.0,0
2025-03-17 01:01:42,1,57,12.4,82,6.2,1025.0,1,3,349,0.0,0,0.0,0
2025-03-17 01:02:43,1,57,12.3,82,6.2,1024.9,7,9,36,0.0,0,0.0,0
2025-03-17 01:03:44,1,57,12.3,82,6.2,1025.0,0,9,37,0.0,0,0.0,0
2025-03-17 01:04:45,1,57,12.3,82,6.2,1024.9,1,3,38,0.0,0,0.0,0
2025-03-17 01:05:46,1,57,12.3,81,6.2,1025.0,2,5,26,0.0,0,0.0,0
2025-03-17 01:06:47,1,57,12.3,82,6.2,1025.0,1,5,26,0.0,0,0.0,0
2025-03-17 01:07:48,1,57,12.3,81,6.2,1024.8,2,3,30,0.0,0,0.0,0
2025-03-17 01:08:49,1,57,12.3,81,6.2,1024.9,3,3,1,0.0,0,0.0,0
2025-03-17 01:09:50,1,57,12.3,82,6.2,1025.0,0,5,30,0.0,0,0.0,0
2025-03-17 01:10:51,1,57,12.3,81,6.2,1024.9,0,7,10,0.0,0,0.0,0
2025-03-17 01:11:52,1,57,12.3,81,6.2,1024.8,1,5,42,0.0,0,0.0,0
2025-03-17 01:12:53,1,57,12.3,81,6.2,1025.0,2,3,37,0.0,0,0.0,0
2025-03-17 01:13:54,1,57,12.3,81,6.2,1024.8,7,9,48,0.0,0,0.0,0
2025-03-17 01:14:55,1,57,12.3,81,6.1,1024.9,7,9,32,0.0,0,0.0,0
2025-03-17 01:15:56,1,57,12.3,81,6.1,1025.0,8,14,12,0.0,0,0.0,0
2025-03-17 01:16:57,1,57,12.3,81,6.1,1024.9,3,14,21,0.0,0,0.0,0
2025-03-17 01:17:58,1,57,12.3,81,6.1,1024.9,3,9,17,0.0,0,0.0,0
2025-03-17 01:18:59,1,57,12.3,81,6.1,1024.9,4,11,43,0.0,0,0.0,0
2025-03-17 01:20:00,1,57,12.3,81,6.1,1024.9,7,12,13,0.0,0,0.0,0
2025-03-17 01:21:01,1,57,12.3,81,6.1,1024.8,6,11,23,0.0,0,0.0,0
2025-03-17 01:22:02,1,57,12.3,81,6.1,1025.0,3,7,39,0.0,0,0.0,0
2025-03-17 01:23:03,1,57,12.3,81,6.1,1025.0,5,7,60,0.0,0,0.0,0
2025-03-17 01:24:04,1,57,12.3,81,6.1,1025.0,1,7,43,0.0,0,0.0,0
2025-03-17 01:25:05,1,57,12.3,81,6.1,1025.0,7,9,31,0.0,0,0.0,0
2025-03-17 01:26:06,1,57,12.3,81,6.1,1024.8,4,9,29,0.0,0,0.0,0
2025-03-17 01:27:07,1,57,12.3,81,6.1,1024.9,1,5,29,0.0,0,0.0,0
2025-03-17 01:28:08,1,57,12.3,81,6.1,1025.0,3,7,42,0.0,0,0.0,0
2025-03-17 01:29:09,1,57,12.3,81,6.1,1025.0,2,7,23,0.0,0,0.0,0
2025-03-17 01:30:10,1,57,12.3,81,6.1,1025.0,6,9,45,0.0,0,0.0,0
2025-03-17 01:31:11,1,57,12.3,81,6.1,1025.0,5,9,24,0.0,0,0.0,0
2025-03-17 01:32:12,1,57,12.3,81,6.1,1025.1,5,11,20,0.0,0,0.0,0
2025-03-17 01:33:13,1,57,12.3,81,6.1,1025.0,2,11,58,0.0,0,0.0,0
2025-03-17 01:34:14,1,57,12.3,81,6.1,1025.1,4,9,28,0.0,0,0.0,0
2025-03-17 01:35:15,1,57,12.3,81,6.1,1024.9,4,12,33,0.0,0,0.0,0
2025-03-17 01:36:16,1,57,12.3,81,6.0,1025.0,7,12,44,0.0,0,0.0,0
2025-03-17 01:37:17,1,57,12.3,81,6.0,1025.1,3,11,42,0.0,0,0.0,0
2025-03-17 01:38:18,1,57,12.3,81,6.0,1024.9,4,9,29,0.0,0,0.0,0
2025-03-17 01:39:19,1,57,12.3,80,6.0,1025.1,7,11,18,0.0,0,0.0,0
2025-03-17 01:40:20,1,57,12.3,80,6.0,1025.1,7,11,38,0.0,0,0.0,0
2025-03-17 01:41:21,1,56,12.3,80,6.0,1024.9,6,11,17,0.0,0,0.0,0
2025-03-17 01:42:22,1,56,12.3,80,6.0,1025.0,6,11,28,0.0,0,0.0,0
2025-03-17 01:43:23,1,56,12.3,80,5.9,1025.1,5,12,51,0.0,0,0.0,0
2025-03-17 01:44:24,1,56,12.3,80,5.9,1025.1,5,12,9,0.0,0,0.0,0
2025-03-17 01:45:25,1,56,12.3,79,5.9,1025.1,7,12,31,0.0,0,0.0,0
2025-03-17 01:46:26,1,56,12.3,79,5.9,1025.2,3,12,19,0.0,0,0.0,0
2025-03-17 01:47:27,1,56,12.3,79,5.9,1025.1,6,12,49,0.0,0,0.0,0
2025-03-17 01:48:28,1,56,12.3,79,5.9,1025.2,9,14,17,0.0,0,0.0,0
2025-03-17 01:49:29,1,56,12.3,79,5.9,1024.9,3,14,37,0.0,0,0.0,0
2025-03-17 01:50:30,1,56,12.3,78,5.9,1025.0,6,11,13,0.0,0,0.0,0
2025-03-17 01:51:31,1,56,12.3,78,5.9,1025.1,10,14,17,0.0,0,0.0,0
2025-03-17 01:52:32,1,56,12.3,77,5.8,1025.0,9,16,0,0.0,0,0.0,0
2025-03-17 01:53:33,1,56,12.3,77,5.8,1025.1,9,16,44,0.0,0,0.0,0
2025-03-17 01:54:34,1,56,12.3,77,5.8,1025.1,7,16,35,0.0,0,0.0,0
2025-03-17 01:55:35,1,56,12.3,77,5.8,1025.0,7,11,26,0.0,0,0.0,0
2025-03-17 01:56:36,1,56,12.3,77,5.8,1025.0,5,11,33,0.0,0,0.0,0
2025-03-17 01:57:37,1,56,12.3,77,5.8,1025.1,9,12,61,0.0,0,0.0,0
2025-03-17 01:58:38,1,56,12.3,77,5.8,1025.2,11,16,33,0.0,0,0.0,0
2025-03-17 01:59:39,1,56,12.3,77,5.8,1025.1,8,16,3,0.0,0,0.0,0
2025-03-17 02:00:40,1,56,12.3,77,5.8,1025.0,6,12,54,0.0,0,0.0,0
2025-03-17 02:01:41,1,56,12.2,76,5.8,1025.0,9,12,28,0.0,0,0.0,0
2025-03-17 02:02:42,1,56,12.3,76,5.8,1024.9,3,11,31,0.0,0,0.0,0
2025-03-17 02:03:43,1,56,12.3,76,5.7,1025.0,4,11,42,0.0,0,0.0,0
2025-03-17 02:04:44,1,56,12.3,76,5.7,1025.0,2,14,25,0.0,0,0.0,0
2025-03-17 02:05:45,1,56,12.3,76,5.7,1025.1,9,11,36,0.0,0,0.0,0
2025-03-17 02:06:46,1,56,12.2,76,5.7,1025.1,3,12,36,0.0,0,0.0,0
2025-03-17 02:07:47,1,56,12.3,76,5.7,1025.0,1,11,32,0.0,0,0.0,0
2025-03-17 02:08:48,1,55,12.3,76,5.7,1025.0,6,9,57,0.0,0,0.0,0
2025-03-17 02:09:49,1,55,12.2,76,5.7,1025.1,7,14,34,0.0,0,0.0,0
2025-03-17 02:10:50,1,55,12.2,76,5.6,1025.1,6,16,333,0.0,0,0.0,0
2025-03-17 02:11:51,1,55,12.2,76,5.6,1025.0,3,16,17,0.0,0,0.0,0
2025-03-17 02:12:52,1,55,12.2,76,5.6,1024.9,4,7,57,0.0,0,0.0,0
2025-03-17 02:13:53,1,55,12.2,76,5.6,1024.9,9,11,32,0.0,0,0.0,0
2025-03-17 02:14:54,1,55,12.2,76,5.6,1024.9,4,11,4,0.0,0,0.0,0
2025-03-17 02:15:55,1,55,12.2,76,5.5,1025.0,2,7,23,0.0,0,0.0,0
2025-03-17 02:16:56,1,55,12.2,76,5.5,1025.0,5,11,26,0.0,0,0.0,0
2025-03-17 02:17:57,1,55,12.2,76,5.5,1024.9,5,11,3,0.0,0,0.0,0
2025-03-17 02:18:58,1,55,12.2,76,5.5,1025.1,6,11,14,0.0,0,0.0,0
2025-03-17 02:19:59,1,55,12.2,76,5.5,1025.0,7,11,29,0.0,0,0.0,0
2025-03-17 02:21:00,1,55,12.2,76,5.5,1025.0,7,11,27,0.0,0,0.0,0
2025-03-17 02:22:01,1,55,12.2,76,5.4,1025.0,8,12,25,0.0,0,0.0,0
2025-03-17 02:23:02,1,55,12.2,76,5.4,1025.1,10,12,33,0.0,0,0.0,0
2025-03-17 02:24:03,1,55,12.2,76,5.4,1024.9,10,14,51,0.0,0,0.0,0
2025-03-17 02:25:04,1,55,12.2,76,5.4,1025.1,8,14,37,0.0,0,0.0,0
2025-03-17 02:26:05,1,55,12.2,76,5.4,1024.9,7,16,41,0.0,0,0.0,0
2025-03-17 02:27:06,1,55,12.2,76,5.4,1025.1,3,16,58,0.0,0,0.0,0
2025-03-17 02:28:07,1,55,12.2,76,5.4,1025.1,7,12,36,0.0,0,0.0,0
2025-03-17 02:29:08,1,55,12.2,76,5.4,1024.9,5,12,30,0.0,0,0.0,0
2025-03-17 02:30:09,1,55,12.2,76,5.4,1025.1,5,9,21,0.0,0,0.0,0
2025-03-17 02:31:10,1,55,12.2,75,5.4,1025.1,10,12,41,0.0,0,0.0,0
2025-03-17 02:32:11,1,55,12.2,76,5.4,1025.0,3,12,45,0.0,0,0.0,0
2025-03-17 02:33:12,1,55,12.2,76,5.4,1024.9,2,9,4,0.0,0,0.0,0
2025-03-17 02:34:13,1,55,12.2,76,5.4,1025.1,6,11,22,0.0,0,0.0,0
2025-03-17 02:35:14,1,55,12.2,76,5.3,1025.0,11,14,32,0.0,0,0.0,0
2025-03-17 02:36:15,1,55,12.2,76,5.3,1025.2,6,14,20,0.0,0,0.0,0
2025-03-17 02:37:16,1,55,12.2,75,5.3,1025.0,11,18,4,0.0,0,0.0,0
2025-03-17 02:38:17,1,55,12.2,75,5.3,1025.0,13,18,24,0.0,0,0.0,0
2025-03-17 02:39:18,1,55,12.2,75,5.3,1024.8,11,16,40,0.0,0,0.0,0
2025-03-17 02:40:19,1,54,12.2,75,5.3,1025.0,6,12,32,0.0,0,0.0,0
2025-03-17 02:41:20,1,54,12.2,75,5.3,1025.0,2,11,39,0.0,0,0.0,0
2025-03-17 02:42:21,1,54,12.2,75,5.3,1025.0,6,9,46,0.0,0,0.0,0
2025-03-17 02:43:22,1,54,12.2,76,5.3,1024.9,4,12,48,0.0,0,0.0,0
2025-03-17 02:44:23,1,55,12.2,76,5.3,1025.0,4,12,2,0.0,0,0.0,0
2025-03-17 02:45:24,1,55,12.2,76,5.3,1025.2,1,7,39,0.0,0,0.0,0
2025-03-17 02:46:25,1,55,12.2,76,5.3,1025.0,7,12,27,0.0,0,0.0,0
2025-03-17 02:47:26,1,55,12.2,76,5.2,1025.0,2,12,13,0.0,0,0.0,0
2025-03-17 02:48:27,1,55,12.2,76,5.2,1025.0,3,9,39,0.0,0,0.0,0
2025-03-17 02:49:28,1,55,12.2,76,5.2,1025.1,7,12,15,0.0,0,0.0,0
2025-03-17 02:50:29,1,55,12.2,76,5.2,1025.1,6,12,38,0.0,0,0.0,0
2025-03-17 02:51:30,1,54,12.2,76,5.2,1025.0,9,12,37,0.0,0,0.0,0
2025-03-17 02:52:32,1,54,12.2,76,5.2,1024.9,2,12,9,0.0,0,0.0,0
2025-03-17 02:53:33,1,54,12.2,76,5.2,1025.0,8,12,39,0.0,0,0.0,0
2025-03-17 02:54:34,1,54,12.2,76,5.2,1025.1,7,11,12,0.0,0,0.0,0
2025-03-17 02:55:35,1,54,12.2,76,5.2,1025.1,8,11,27,0.0,0,0.0,0
2025-03-17 02:56:36,1,54,12.2,76,5.2,1025.1,2,11,48,0.0,0,0.0,0
2025-03-17 02:57:37,1,54,12.2,76,5.2,1025.1,4,7,27,0.0,0,0.0,0
2025-03-17 02:58:38,1,54,12.2,76,5.2,1024.9,1,11,28,0.0,0,0.0,0
2025-03-17 02:59:39,1,54,12.2,76,5.2,1025.0,0,7,288,0.0,0,0.0,0
2025-03-17 03:00:40,1,54,12.2,76,5.2,1025.1,2,9,17,0.0,0,0.0,0
2025-03-17 03:01:41,1,54,12.2,76,5.2,1025.0,3,9,12,0.0,0,0.0,0
2025-03-17 03:02:42,1,54,12.2,76,5.2,1025.0,4,11,359,0.0,0,0.0,0
2025-03-17 03:03:43,1,54,12.2,76,5.1,1025.1,5,11,54,0.0,0,0.0,0
2025-03-17 03:04:44,1,54,12.2,76,5.1,1025.0,3,9,62,0.0,0,0.0,0
2025-03-17 03:05:45,1,54,12.2,75,5.1,1025.0,3,11,46,0.0,0,0.0,0
2025-03-17 03:06:46,1,54,12.2,76,5.1,1025.0,7,9,49,0.0,0,0.0,0
2025-03-17 03:07:47,1,54,12.2,75,5.1,1025.0,4,11,49,0.0,0,0.0,0
2025-03-17 03:08:48,1,54,12.2,76,5.1,1025.0,4,9,18,0.0,0,0.0,0
2025-03-17 03:09:49,1,54,12.2,76,5.1,1025.1,0,7,12,0.0,0,0.0,0
2025-03-17 03:10:50,1,54,12.2,76,5.1,1025.1,5,9,52,0.0,0,0.0,0
2025-03-17 03:11:51,1,54,12.2,76,5.1,1025.0,1,9,31,0.0,0,0.0,0
2025-03-17 03:12:52,1,54,12.2,75,5.1,1025.0,5,7,49,0.0,0,0.0,0
2025-03-17 03:13:53,1,54,12.2,75,5.1,1025.3,4,9,15,0.0,0,0.0,0
2025-03-17 03:14:54,1,54,12.2,76,5.1,1025.1,1,9,57,0.0,0,0.0,0
2025-03-17 03:15:55,1,54,12.2,75,5.1,1025.0,3,9,53,0.0,0,0.0,0
2025-03-17 03:16:56,1,54,12.2,75,5.1,1025.1,2,9,22,0.0,0,0.0,0
2025-03-17 03:17:57,1,54,12.2,75,5.1,1025.0,3,7,25,0.0,0,0.0,0
2025-03-17 03:18:58,1,54,12.2,75,5.1,1025.1,3,7,41,0.0,0,0.0,0
2025-03-17 03:19:59,1,54,12.2,75,5.1,1025.0,5,9,14,0.0,0,0.0,0
2025-03-17 03:21:00,1,54,12.2,75,5.0,1025.1,2,11,29,0.0,0,0.0,0
2025-03-17 03:22:01,1,54,12.2,75,5.0,1025.1,1,11,23,0.0,0,0.0,0
2025-03-17 03:23:02,1,54,12.1,75,5.0,1025.0,3,5,33,0.0,0,0.0,0
2025-03-17 03:24:03,1,54,12.2,75,5.0,1025.1,3,9,38,0.0,0,0.0,0
2025-03-17 03:25:04,1,54,12.2,76,5.0,1025.0,0,9,37,0.0,0,0.0,0
2025-03-17 03:26:05,1,54,12.2,75,5.0,1025.1,0,5,44,0.0,0,0.0,0
2025-03-17 03:27:06,1,54,12.1,75,5.0,1025.1,5,11,46,0.0,0,0.0,0
2025-03-17 03:28:07,1,54,12.2,75,5.0,1025.1,7,11,44,0.0,0,0.0,0
2025-03-17 03:29:08,1,54,12.2,75,5.0,1025.2,4,9,18,0.0,0,0.0,0
2025-03-17 03:30:09,1,54,12.2,76,5.0,1025.0,3,9,28,0.0,0,0.0,0
2025-03-17 03:31:10,1,54,12.2,76,5.0,1025.0,1,7,9,0.0,0,0.0,0
2025-03-17 03:32:11,1,54,12.2,76,5.0,1025.1,4,7,19,0.0,0,0.0,0
2025-03-17 03:33:12,1,54,12.1,76,5.0,1025.3,1,5,17,0.0,0,0.0,0
2025-03-17 03:34:13,1,54,12.1,76,5.0,1025.2,0,5,27,0.0,0,0.0,0
2025-03-17 03:35:14,1,54,12.2,76,5.0,1025.2,3,7,31,0.0,0,0.0,0
2025-03-17 03:36:15,1,54,12.1,76,5.0,1025.0,3,7,19,0.0,0,0.0,0
2025-03-17 03:37:16,1,54,12.2,76,5.0,1025.2,3,7,33,0.0,0,0.0,0
2025-03-17 03:38:17,1,54,12.1,76,5.0,1025.1,5,11,18,0.0,0,0.0,0
2025-03-17 03:39:18,1,54,12.1,76,5.0,1025.1,6,11,35,0.0,0,0.0,0
2025-03-17 03:40:19,1,54,12.1,76,5.0,1025.1,1,9,41,0.0,0,0.0,0
2025-03-17 03:41:20,1,54,12.1,76,4.9,1025.2,2,5,20,0.0,0,0.0,0
2025-03-17 03:42:21,1,54,12.1,76,5.0,1025.2,1,5,14,0.0,0,0.0,0
2025-03-17 03:43:22,1,53,12.2,76,4.9,1025.0,3,5,34,0.0,0,0.0,0
2025-03-17 03:44:23,1,53,12.1,76,5.0,1025.2,2,7,39,0.0,0,0.0,0
2025-03-17 03:45:24,1,54,12.1,76,4.9,1025.0,3,9,52,0.0,0,0.0,0
2025-03-17 03:46:25,1,54,12.1,76,4.9,1025.2,1,9,51,0.0,0,0.0,0
2025-03-17 03:47:26,1,54,12.1,76,4.9,1025.1,2,3,33,0.0,0,0.0,0
2025-03-17 03:48:27,1,53,12.1,76,4.9,1025.2,3,7,25,0.0,0,0.0,0
2025-03-17 03:49:28,1,53,12.1,76,4.9,1025.1,3,7,11,0.0,0,0.0,0
2025-03-17 03:50:29,1,53,12.2,76,4.9,1025.2,1,7,21,0.0,0,0.0,0
2025-03-17 03:51:30,1,53,12.1,76,4.9,1025.2,2,5,356,0.0,0,0.0,0
2025-03-17 03:52:31,1,53,12.2,76,4.9,1025.3,3,5,29,0.0,0,0.0,0
2025-03-17 03:53:32,1,53,12.1,76,4.9,1025.2,3,11,48,0.0,0,0.0,0
2025-03-17 03:54:33,1,53,12.1,76,4.9,1025.2,1,11,41,0.0,0,0.0,0
2025-03-17 03:55:34,1,53,12.1,76,4.9,1025.2,2,9,56,0.0,0,0.0,0
2025-03-17 03:56:35,1,53,12.1,76,4.9,1025.1,4,11,329,0.0,0,0.0,0
2025-03-17 03:57:36,1,53,12.1,75,4.9,1025.2,5,11,47,0.0,0,0.0,0
2025-03-17 03:58:37,1,53,12.1,75,4.9,1025.3,3,9,22,0.0,0,0.0,0
2025-03-17 03:59:38,1,53,12.1,75,4.9,1025.3,1,9,16,0.0,0,0.0,0
2025-03-17 04:00:39,1,53,12.1,75,4.9,1025.2,0,5,43,0.0,0,0.0,0
2025-03-17 04:01:40,1,53,12.1,76,4.9,1025.2,0,3,47,0.0,0,0.0,0
2025-03-17 04:02:41,1,53,12.1,76,4.9,1025.2,2,7,27,0.0,0,0.0,0
2025-03-17 04:03:42,1,53,12.1,76,4.8,1025.1,0,7,24,0.0,0,0.0,0
2025-03-17 04:04:43,1,53,12.1,75,4.8,1025.3,4,7,43,0.0,0,0.0,0
2025-03-17 04:05:44,1,53,12.1,75,4.8,1025.1,7,11,29,0.0,0,0.0,0
2025-03-17 04:06:45,1,53,12.1,75,4.8,1025.3,4,11,30,0.0,0,0.0,0
2025-03-17 04:07:46,1,53,12.1,75,4.8,1025.2,2,7,21,0.0,0,0.0,0
2025-03-17 04:08:47,1,53,12.1,76,4.8,1025.2,0,3,36,0.0,0,0.0,0
2025-03-17 04:09:48,1,53,12.1,76,4.8,1025.1,0,3,67,0.0,0,0.0,0
2025-03-17 04:10:49,1,53,12.1,76,4.8,1025.1,4,7,49,0.0,0,0.0,0
2025-03-17 04:11:50,1,53,12.1,75,4.8,1025.4,6,9,37,0.0,0,0.0,0
2025-03-17 04:12:51,1,53,12.1,75,4.8,1025.3,5,9,34,0.0,0,0.0,0
2025-03-17 04:13:52,1,53,12.1,76,4.8,1025.4,1,5,51,0.0,0,0.0,0
2025-03-17 04:14:53,1,53,12.1,75,4.8,1025.3,3,11,23,0.0,0,0.0,0
2025-03-17 04:15:54,1,53,12.1,75,4.7,1025.3,4,11,33,0.0,0,0.0,0
2025-03-17 04:16:55,1,53,12.1,75,4.7,1025.3,2,7,47,0.0,0,0.0,0
2025-03-17 04:17:56,1,53,12.1,75,4.7,1025.4,5,9,14,0.0,0,0.0,0
2025-03-17 04:18:57,1,53,12.1,75,4.7,1025.2,2,9,11,0.0,0,0.0,0
2025-03-17 04:19:58,1,53,12.1,75,4.7,1025.5,0,5,22,0.0,0,0.0,0
2025-03-17 04:20:59,1,53,12.1,76,4.7,1025.6,2,5,24,0.0,0,0.0,0
2025-03-17 04:22:00,1,53,12.1,76,4.7,1025.4,2,7,26,0.0,0,0.0,0
2025-03-17 04:23:01,1,53,12.1,76,4.7,1025.4,1,7,28,0.0,0,0.0,0
2025-03-17 04:24:02,1,53,12.1,75,4.7,1025.5,3,7,25,0.0,0,0.0,0
2025-03-17 04:25:03,1,53,12.1,75,4.7,1025.5,4,5,30,0.0,0,0.0,0
2025-03-17 04:26:04,1,53,12.1,76,4.7,1025.4,0,5,39,0.0,0,0.0,0
2025-03-17 04:27:05,1,53,12.1,76,4.7,1025.4,0,3,14,0.0,0,0.0,0
2025-03-17 04:28:06,1,53,12.1,76,4.7,1025.5,1,3,37,0.0,0,0.0,0
2025-03-17 04:29:07,1,53,12.1,76,4.7,1025.4,1,3,24,0.0,0,0.0,0
2025-03-17 04:30:08,1,53,12.1,76,4.7,1025.4,0,3,42,0.0,0,0.0,0
2025-03-17 04:31:09,1,53,12.1,75,4.6,1025.4,1,3,21,0.0,0,0.0,0
2025-03-17 04:32:10,1,53,12.1,75,4.6,1025.4,4,7,15,0.0,0,0.0,0
2025-03-17 04:33:11,1,53,12.1,75,4.6,1025.4,3,7,23,0.0,0,0.0,0
2025-03-17 04:34:12,1,53,12.1,75,4.6,1025.4,1,9,16,0.0,0,0.0,0
2025-03-17 04:35:13,1,53,12.1,75,4.6,1025.7,2,3,32,0.0,0,0.0,0
2025-03-17 04:36:14,1,53,12.1,75,4.6,1025.5,0,3,28,0.0,0,0.0,0
2025-03-17 04:37:15,1,53,12.1,75,4.6,1025.4,0,1,28,0.0,0,0.0,0
2025-03-17 04:38:16,1,53,12.1,75,4.6,1025.6,2,3,38,0.0,0,0.0,0
2025-03-17 04:39:17,1,52,12.1,75,4.6,1025.6,2,5,354,0.0,0,0.0,0
2025-03-17 04:40:18,1,52,12.1,75,4.6,1025.6,3,5,21,0.0,0,0.0,0
2025-03-17 04:41:19,1,52,12.1,75,4.6,1025.5,3,7,53,0.0,0,0.0,0
2025-03-17 04:42:20,1,52,12.1,75,4.6,1025.5,2,7,30,0.0,0,0.0,0
2025-03-17 04:43:21,1,52,12.1,75,4.6,1025.7,0,3,19,0.0,0,0.0,0
2025-03-17 04:44:22,1,52,12.1,75,4.6,1025.6,1,1,27,0.0,0,0.0,0
2025-03-17 04:45:23,1,52,12.1,75,4.6,1025.5,0,5,26,0.0,0,0.0,0
2025-03-17 04:46:24,1,52,12.1,75,4.5,1025.6,2,3,44,0.0,0,0.0,0
2025-03-17 04:47:25,1,52,12.1,75,4.5,1025.7,5,5,19,0.0,0,0.0,0
2025-03-17 04:48:26,1,52,12.1,75,4.5,1025.5,3,5,25,0.0,0,0.0,0
2025-03-17 04:49:27,1,52,12.0,75,4.5,1025.8,3,5,42,0.0,0,0.0,0
2025-03-17 04:50:28,1,52,12.1,75,4.5,1025.8,2,5,43,0.0,0,0.0,0
2025-03-17 04:51:29,1,52,12.1,75,4.5,1025.6,3,5,28,0.0,0,0.0,0
2025-03-17 04:52:30,1,52,12.1,74,4.5,1025.6,3,5,38,0.0,0,0.0,0
2025-03-17 04:53:31,1,52,12.1,74,4.5,1025.7,7,11,21,0.0,0,0.0,0
2025-03-17 04:54:32,1,52,12.1,74,4.5,1025.8,3,11,39,0.0,0,0.0,0
2025-03-17 04:55:33,1,52,12.1,74,4.5,1025.6,5,9,44,0.0,0,0.0,0
2025-03-17 04:56:34,1,52,12.1,74,4.5,1025.7,0,9,19,0.0,0,0.0,0
2025-03-17 04:57:35,1,52,12.0,74,4.5,1025.6,2,5,43,0.0,0,0.0,0
2025-03-17 04:58:36,1,52,12.1,74,4.5,1025.7,7,9,35,0.0,0,0.0,0
2025-03-17 04:59:37,1,52,12.1,74,4.5,1025.7,3,9,48,0.0,0,0.0,0
2025-03-17 05:00:38,1,52,12.0,74,4.5,1025.9,8,11,49,0.0,0,0.0,0
2025-03-17 05:01:39,1,52,12.0,74,4.5,1025.7,4,11,26,0.0,0,0.0,0
2025-03-17 05:02:40,1,52,12.0,74,4.5,1025.7,2,7,40,0.0,0,0.0,0
2025-03-17 05:03:41,1,52,12.0,74,4.4,1025.7,4,7,47,0.0,0,0.0,0
2025-03-17 05:04:42,1,52,12.0,74,4.4,1025.6,2,5,34,0.0,0,0.0,0
2025-03-17 05:05:43,1,52,12.0,74,4.4,1025.7,5,7,53,0.0,0,0.0,0
2025-03-17 05:06:44,1,52,12.0,74,4.4,1025.7,3,7,23,0.0,0,0.0,0
2025-03-17 05:07:45,1,52,12.1,74,4.4,1025.6,0,5,36,0.0,0,0.0,0
2025-03-17 05:08:46,1,52,12.0,74,4.4,1025.6,7,11,37,0.0,0,0.0,0
2025-03-17 05:09:47,1,52,12.0,74,4.4,1025.7,3,11,359,0.0,0,0.0,0
2025-03-17 05:10:48,1,52,12.0,74,4.4,1025.7,3,7,43,0.0,0,0.0,0
2025-03-17 05:11:49,1,52,12.0,74,4.4,1025.7,0,5,42,0.0,0,0.0,0
2025-03-17 05:12:50,1,52,12.0,74,4.4,1025.7,3,3,55,0.0,0,0.0,0
2025-03-17 05:13:51,1,52,12.0,74,4.4,1025.7,3,9,60,0.0,0,0.0,0
2025-03-17 05:14:52,1,52,12.0,74,4.4,1025.8,7,9,44,0.0,0,0.0,0
2025-03-17 05:15:53,1,52,12.0,74,4.4,1025.7,3,9,21,0.0,0,0.0,0
2025-03-17 05:16:54,1,52,12.1,74,4.4,1025.9,3,7,24,0.0,0,0.0,0
2025-03-17 05:17:55,1,52,12.0,74,4.4,1025.8,2,5,35,0.0,0,0.0,0
2025-03-17 05:18:56,1,52,12.0,74,4.4,1025.7,3,5,40,0.0,0,0.0,0
2025-03-17 05:19:57,1,52,12.0,74,4.4,1025.8,5,9,50,0.0,0,0.0,0
2025-03-17 05:20:58,1,52,12.0,74,4.4,1025.9,4,11,34,0.0,0,0.0,0
2025-03-17 05:21:59,1,52,12.0,74,4.4,1025.8,2,11,30,0.0,0,0.0,0
2025-03-17 05:23:00,1,52,12.0,74,4.4,1025.7,4,7,23,0.0,0,0.0,0
2025-03-17 05:24:01,1,52,12.0,74,4.4,1025.7,4,7,33,0.0,0,0.0,0
2025-03-17 05:25:02,1,52,12.0,74,4.4,1026.0,1,7,29,0.0,0,0.1,0
2025-03-17 05:26:03,1,52,12.0,74,4.4,1025.9,1,5,44,0.0,0,0.1,0
2025-03-17 05:27:04,1,52,12.0,74,4.4,1025.8,1,5,42,0.0,0,0.1,0
2025-03-17 05:28:05,1,51,12.0,74,4.4,1025.8,2,7,35,0.0,0,0.1,0
2025-03-17 05:29:06,1,51,12.0,74,4.4,1025.7,3,7,46,0.0,0,0.1,0
2025-03-17 05:30:07,1,51,12.0,74,4.4,1025.7,3,5,29,0.0,0,0.1,0
2025-03-17 05:31:08,1,51,12.0,73,4.4,1025.8,4,5,17,0.0,0,0.1,0
2025-03-17 05:32:09,1,51,12.0,74,4.4,1025.8,0,5,39,0.0,0,0.2,0
2025-03-17 05:33:10,1,51,12.0,74,4.4,1025.8,6,9,30,0.0,0,0.2,0
2025-03-17 05:34:11,1,51,12.0,73,4.4,1025.8,0,9,20,0.0,0,0.2,0
2025-03-17 05:35:12,1,51,12.0,73,4.4,1025.9,3,7,35,0.0,0,0.3,0
2025-03-17 05:36:13,1,51,12.0,73,4.4,1025.9,3,7,39,0.0,0,0.4,0
2025-03-17 05:37:14,1,51,12.0,73,4.4,1025.9,4,7,51,0.0,0,0.4,0
2025-03-17 05:38:15,1,51,12.0,73,4.4,1025.9,2,7,18,0.0,0,0.5,0
2025-03-17 05:39:16,1,51,12.0,73,4.4,1026.1,1,5,40,0.0,0,0.6,0
2025-03-17 05:40:17,1,51,12.0,73,4.4,1026.1,1,5,30,0.0,0,0.7,0
2025-03-17 05:41:18,1,51,12.0,73,4.4,1025.9,2,5,49,0.0,0,0.8,0
2025-03-17 05:42:19,1,51,12.0,73,4.4,1026.1,1,5,32,0.0,0,0.9,0
2025-03-17 05:43:20,1,51,12.0,73,4.4,1025.8,4,9,46,0.0,0,1.1,0
2025-03-17 05:44:21,1,51,12.0,73,4.4,1026.0,4,9,48,0.0,0,1.2,0
2025-03-17 05:45:22,1,51,12.0,74,4.4,1026.0,2,7,27,0.0,0,1.3,0
2025-03-17 05:46:23,1,51,12.0,74,4.3,1026.1,4,5,41,0.0,0,1.5,0
2025-03-17 05:47:24,1,51,12.0,74,4.3,1025.9,1,5,35,0.0,0,1.7,0
2025-03-17 05:48:25,1,51,12.0,74,4.3,1026.2,2,3,39,0.0,0,1.9,0
2025-03-17 05:49:26,1,51,12.0,74,4.3,1026.0,3,5,22,0.0,0,2.0,0
2025-03-17 05:50:27,1,51,12.0,74,4.3,1026.0,2,5,24,0.0,0,2.2,0
2025-03-17 05:51:28,1,51,12.0,74,4.3,1026.0,3,5,33,0.0,0,2.4,0
2025-03-17 05:52:29,1,51,12.0,74,4.4,1026.1,4,7,46,0.0,0,2.7,0
2025-03-17 05:53:30,1,51,12.0,74,4.4,1026.1,4,5,43,0.0,0,3.0,0
2025-03-17 05:54:31,1,51,12.0,74,4.4,1026.0,3,7,34,0.0,0,3.2,0
2025-03-17 05:55:32,1,51,12.0,74,4.4,1026.2,4,9,60,0.0,0,3.5,0
2025-03-17 05:56:33,1,51,12.0,74,4.4,1026.1,6,9,28,0.0,0,3.8,0
2025-03-17 05:57:34,1,51,12.0,74,4.4,1026.1,3,9,27,0.0,0,4.0,0
2025-03-17 05:58:35,1,51,12.0,75,4.4,1026.2,5,9,52,0.0,0,4.3,0
2025-03-17 05:59:36,1,51,12.0,75,4.4,1026.1,4,9,41,0.0,0,4.6,0
2025-03-17 06:00:37,1,51,12.0,75,4.4,1026.0,3,9,38,0.0,0,4.8,0
2025-03-17 06:01:38,1,51,12.0,75,4.4,1026.1,3,7,50,0.0,0,5.0,0
2025-03-17 06:02:39,1,51,12.0,75,4.4,1026.0,1,5,27,0.0,0,5.3,0
2025-03-17 06:03:40,1,51,12.0,75,4.4,1025.9,5,7,47,0.0,0,5.6,0
2025-03-17 06:04:41,1,51,12.0,75,4.4,1026.1,6,9,45,0.0,0,6.0,0
2025-03-17 06:05:42,1,51,12.0,75,4.4,1026.2,3,9,46,0.0,0,6.4,0
2025-03-17 06:06:43,1,51,12.0,75,4.4,1026.0,6,9,36,0.0,0,7.1,0
2025-03-17 06:07:44,1,51,12.0,76,4.4,1026.1,7,11,33,0.0,0,7.8,0
2025-03-17 06:08:45,1,51,12.0,76,4.4,1026.3,5,11,10,0.0,0,8.3,0
2025-03-17 06:09:46,1,51,12.0,76,4.4,1026.0,4,11,50,0.0,0,8.7,0
2025-03-17 06:10:47,1,51,12.0,76,4.5,1026.0,10,12,355,0.0,0,9.1,0
2025-03-17 06:11:48,1,51,12.0,76,4.5,1026.2,7,12,39,0.0,0,9.4,0
2025-03-17 06:12:49,1,51,12.0,76,4.5,1026.1,3,9,24,0.0,0,9.6,0
2025-03-17 06:13:50,1,51,11.9,77,4.5,1026.2,9,14,36,0.0,0,9.7,0
2025-03-17 06:14:51,1,51,11.9,77,4.5,1026.1,3,14,24,0.0,0,9.8,0
2025-03-17 06:15:52,1,51,12.0,77,4.5,1026.1,6,14,58,0.0,0,9.8,0
2025-03-17 06:16:53,1,51,12.0,77,4.5,1026.1,6,11,44,0.0,0,9.8,0
2025-03-17 06:17:54,1,51,12.0,77,4.5,1026.1,3,7,54,0.0,0,9.9,0
2025-03-17 06:18:55,1,51,11.9,77,4.5,1026.1,6,11,27,0.0,0,10.2,0
2025-03-17 06:19:56,1,51,11.9,77,4.5,1026.2,6,11,34,0.0,0,10.5,0
2025-03-17 06:20:57,1,51,11.9,77,4.5,1026.1,5,9,39,0.0,0,11.2,0
2025-03-17 06:21:58,1,51,12.0,77,4.5,1026.1,3,9,44,0.0,0,11.4,0
2025-03-17 06:22:59,1,51,11.9,78,4.5,1026.2,3,7,39,0.0,0,11.4,0
2025-03-17 06:24:00,1,51,12.0,78,4.6,1026.2,2,7,37,0.0,0,11.3,0
2025-03-17 06:25:01,1,51,11.9,78,4.6,1026.1,2,7,38,0.0,0,11.8,0
2025-03-17 06:26:02,1,51,12.0,78,4.6,1026.1,6,9,17,0.0,0,12.7,0
2025-03-17 06:27:03,1,51,12.0,78,4.6,1026.2,7,9,37,0.0,0,13.0,0
2025-03-17 06:28:04,1,51,12.0,78,4.6,1026.1,4,9,26,0.0,0,13.7,0
2025-03-17 06:29:05,1,51,12.0,78,4.6,1026.1,3,7,21,0.0,0,14.6,0
2025-03-17 06:30:06,1,51,12.0,78,4.6,1026.2,2,9,46,0.0,0,15.6,0
2025-03-17 06:31:07,1,51,12.0,78,4.6,1026.2,5,11,55,0.0,0,16.1,0
2025-03-17 06:32:08,1,51,12.0,78,4.6,1026.2,5,11,29,0.0,0,16.1,0
2025-03-17 06:33:09,1,51,12.0,78,4.6,1026.2,3,11,27,0.0,0,16.0,0
2025-03-17 06:34:10,1,52,12.0,78,4.6,1026.2,3,7,20,0.0,0,16.2,0
2025-03-17 06:35:11,1,52,12.0,78,4.7,1026.2,4,7,47,0.0,0,16.8,0
2025-03-17 06:36:12,1,52,12.0,78,4.7,1026.3,3,9,56,0.0,0,17.0,0
2025-03-17 06:37:13,1,52,12.0,78,4.7,1026.2,5,9,51,0.0,0,16.8,0
2025-03-17 06:38:14,1,52,12.0,78,4.7,1026.2,5,7,50,0.0,0,16.9,0
2025-03-17 06:39:15,1,52,12.0,78,4.8,1026.4,1,7,79,0.0,0,17.4,0
2025-03-17 06:40:16,1,52,12.0,78,4.8,1026.4,2,7,22,0.0,0,18.1,0
2025-03-17 06:41:17,1,52,12.0,78,4.8,1026.2,2,9,66,0.0,0,18.8,0
2025-03-17 06:42:18,1,52,12.0,78,4.8,1026.2,5,9,41,0.0,0,19.0,0
2025-03-17 06:43:19,1,52,12.0,78,4.9,1026.3,4,7,6,0.0,0,19.2,0
2025-03-17 06:44:20,1,52,12.0,78,4.9,1026.3,4,7,12,0.0,0,19.5,0
2025-03-17 06:45:21,1,52,12.0,78,4.9,1026.4,5,9,31,0.0,0,19.9,0
2025-03-17 06:46:22,1,52,12.0,78,4.9,1026.4,5,11,37,0.0,0,20.3,0
2025-03-17 06:47:23,1,52,12.0,78,4.9,1026.5,7,11,28,0.0,0,21.3,0
2025-03-17 06:48:24,1,52,12.0,78,4.9,1026.4,3,11,35,0.0,0,22.3,0
2025-03-17 06:49:25,1,52,12.0,78,4.9,1026.5,4,11,45,0.0,0,23.3,0
2025-03-17 06:50:26,1,52,12.0,78,4.9,1026.3,5,9,56,0.0,0,25.0,0
2025-03-17 06:51:27,1,52,12.0,78,4.9,1026.6,5,9,58,0.0,0,26.1,0
2025-03-17 06:52:29,1,52,12.0,78,4.9,1026.4,2,9,47,0.0,0,27.6,0
2025-03-17 06:53:30,1,52,12.0,78,4.9,1026.5,1,5,43,0.0,0,29.9,0
2025-03-17 06:54:31,1,52,12.0,78,4.9,1026.5,1,7,62,0.0,0,31.4,0
2025-03-17 06:55:32,1,52,12.0,78,5.0,1026.6,1,7,48,0.0,0,33.3,0
2025-03-17 06:56:33,1,52,12.0,78,5.0,1026.5,0,9,29,0.0,0,34.6,0
2025-03-17 06:57:34,1,52,12.0,78,5.0,1026.6,5,9,38,0.0,0,35.2,0
2025-03-17 06:58:35,1,52,12.0,78,5.0,1026.6,3,7,46,0.0,0,36.0,0
2025-03-17 06:59:36,1,52,12.0,78,5.0,1026.6,2,7,19,0.0,0,36.6,0
2025-03-17 07:00:37,1,52,12.0,78,5.0,1026.5,3,7,37,0.0,0,37.0,0
2025-03-17 07:01:38,1,52,12.0,78,5.0,1026.5,8,11,38,0.0,0,38.7,0
2025-03-17 07:02:39,1,52,12.0,78,5.0,1026.6,5,11,26,0.0,0,41.6,0
2025-03-17 07:03:40,1,52,12.0,78,5.0,1026.4,4,7,29,0.0,0,45.1,0
2025-03-17 07:04:41,1,52,12.0,78,5.0,1026.7,7,12,45,0.0,0,49.2,0
2025-03-17 07:05:42,1,52,12.0,78,5.0,1026.7,5,12,68,0.0,0,51.7,0
2025-03-17 07:06:43,1,52,12.0,78,5.0,1026.7,6,11,41,0.0,0,51.9,0
2025-03-17 07:07:44,1,52,12.0,78,5.0,1026.5,8,12,49,0.0,0,49.8,0
2025-03-17 07:08:45,1,52,12.0,78,5.1,1026.5,5,12,27,0.0,0,50.7,0
2025-03-17 07:09:46,1,52,12.0,78,5.1,1026.6,4,7,42,0.0,0,53.9,0
2025-03-17 07:10:47,1,52,12.0,78,5.1,1026.6,4,12,65,0.0,0,56.6,0
2025-03-17 07:11:48,1,52,12.0,78,5.1,1026.7,3,7,12,0.0,0,60.7,0
2025-03-17 07:12:49,1,52,12.0,78,5.1,1026.7,1,12,53,0.0,0,64.9,0
2025-03-17 07:13:50,1,52,12.0,78,5.1,1026.9,4,7,43,0.0,0,67.1,0
2025-03-17 07:14:51,1,52,12.0,78,5.1,1026.8,7,12,50,0.0,0,65.4,0
2025-03-17 07:15:52,1,52,12.0,78,5.1,1026.7,7,14,37,0.0,0,64.0,0
2025-03-17 07:16:53,1,52,12.0,78,5.1,1026.6,7,14,47,0.0,0,64.7,0
2025-03-17 07:17:54,1,52,12.0,78,5.1,1026.6,9,12,50,0.0,0,66.8,0
2025-03-17 07:18:55,1,52,12.0,79,5.1,1026.8,3,11,46,0.0,0,69.0,0
2025-03-17 07:19:56,1,52,12.0,79,5.1,1026.7,3,14,29,0.0,0,73.3,0
2025-03-17 07:20:57,1,52,12.0,79,5.1,1026.7,8,14,59,0.0,0,77.3,0
2025-03-17 07:21:58,1,52,12.0,79,5.1,1026.8,3,12,12,0.0,0,80.1,0
2025-03-17 07:22:59,1,52,12.0,79,5.1,1027.0,4,12,48,0.0,0,83.6,0
2025-03-17 07:24:00,1,52,12.0,78,5.1,1026.9,11,14,56,0.0,0,85.4,0
2025-03-17 07:25:01,1,52,12.0,79,5.1,1027.0,8,14,28,0.0,0,84.8,0
2025-03-17 07:26:02,1,52,12.0,79,5.1,1026.9,5,14,45,0.0,0,84.7,0
2025-03-17 07:27:03,1,52,12.0,79,5.1,1027.0,5,12,41,0.0,0,86.4,0
2025-03-17 07:28:04,1,52,12.0,79,5.1,1026.9,6,12,23,0.0,0,89.6,0
2025-03-17 07:29:05,1,52,12.0,79,5.1,1026.9,0,9,13,0.0,0,93.4,0
2025-03-17 07:30:06,1,52,12.0,79,5.1,1026.8,7,12,56,0.0,0,104.0,1
2025-03-17 07:31:07,1,52,12.0,79,5.1,1026.8,1,12,61,0.0,0,95.6,0
2025-03-17 07:32:08,1,52,12.0,79,5.2,1027.1,7,12,24,0.0,0,105.1,1
2025-03-17 07:33:09,1,52,12.0,79,5.2,1027.1,6,11,38,0.0,0,96.9,0
2025-03-17 07:34:10,1,52,12.0,79,5.2,1026.9,0,9,52,0.0,0,97.2,0
2025-03-17 07:35:11,1,52,12.0,79,5.2,1026.9,6,7,33,0.0,0,101.8,0
2025-03-17 07:36:12,1,52,12.0,79,5.2,1027.1,7,11,71,0.0,0,113.1,1
2025-03-17 07:37:13,1,52,12.0,79,5.2,1027.0,8,12,38,0.0,0,122.8,1
2025-03-17 07:38:14,1,52,12.0,79,5.2,1027.0,6,12,67,0.0,0,146.6,1
2025-03-17 07:39:15,1,53,12.0,79,5.2,1027.0,7,12,54,0.0,0,148.7,1
2025-03-17 07:40:16,1,53,12.1,79,5.2,1027.2,5,14,60,0.0,0,157.1,1
2025-03-17 07:41:17,1,53,12.1,79,5.3,1027.0,5,9,26,0.0,0,157.9,1
2025-03-17 07:42:18,1,53,12.1,79,5.4,1026.9,2,7,90,0.0,0,152.5,1
2025-03-17 07:43:19,1,53,12.1,79,5.5,1027.1,7,14,40,0.0,0,146.8,1
2025-03-17 07:44:20,1,53,12.1,79,5.6,1027.1,7,14,56,0.0,0,142.2,1
2025-03-17 07:45:21,1,53,12.1,78,5.7,1027.1,11,16,40,0.0,0,139.7,1
2025-03-17 07:46:22,1,53,12.1,78,5.7,1027.3,5,16,43,0.0,0,141.0,1
2025-03-17 07:47:23,1,53,12.1,78,5.7,1027.2,6,12,45,0.0,0,146.4,1
2025-03-17 07:48:24,1,53,12.1,78,5.7,1027.3,6,11,22,0.0,0,148.7,1
2025-03-17 07:49:25,1,53,12.2,78,5.7,1027.2,1,11,78,0.0,0,150.3,1
2025-03-17 07:50:26,1,53,12.2,77,5.8,1027.3,7,16,58,0.0,0,150.2,1
2025-03-17 07:51:27,1,53,12.2,77,5.9,1027.2,8,14,35,0.0,0,152.6,1
2025-03-17 07:52:29,1,53,12.2,77,5.9,1027.2,4,12,51,0.0,0,157.7,1
2025-03-17 07:53:30,1,53,12.2,77,5.9,1027.4,4,14,23,0.0,0,158.7,1
2025-03-17 07:54:31,1,53,12.2,77,5.9,1027.3,8,14,31,0.0,0,147.2,1
2025-03-17 07:55:32,1,53,12.2,77,5.9,1027.2,12,16,7,0.0,0,163.3,1
2025-03-17 07:56:33,1,53,12.2,77,5.8,1027.2,2,16,40,0.0,0,163.3,1
2025-03-17 07:57:34,1,53,12.2,77,5.8,1027.1,8,14,67,0.0,0,167.9,1
2025-03-17 07:58:35,1,53,12.3,77,5.9,1027.2,6,14,42,0.0,0,170.3,1
2025-03-17 07:59:36,1,53,12.3,77,5.9,1027.3,7,11,5,0.0,0,171.7,1
2025-03-17 08:00:37,1,53,12.3,76,6.0,1027.4,8,14,50,0.0,0,174.6,1
2025-03-17 08:01:38,1,53,12.3,76,6.0,1027.3,6,14,47,0.0,0,155.7,1
2025-03-17 08:02:39,1,53,12.3,76,6.0,1027.3,6,12,41,0.0,0,178.9,1
2025-03-17 08:03:40,1,53,12.3,76,6.0,1027.4,6,12,47,0.0,0,178.5,1
2025-03-17 08:04:41,1,53,12.3,76,6.0,1027.4,7,12,55,0.0,0,180.8,1
2025-03-17 08:05:42,1,53,12.3,77,6.0,1027.2,4,12,51,0.0,0,183.7,1
2025-03-17 08:06:43,1,53,12.4,76,6.1,1027.3,3,11,123,0.0,0,188.5,1
2025-03-17 08:07:44,1,53,12.4,76,6.1,1027.3,12,20,32,0.0,0,182.5,1
2025-03-17 08:08:45,1,53,12.4,76,6.1,1027.4,6,20,20,0.0,0,163.6,1
2025-03-17 08:09:46,1,53,12.4,77,6.0,1027.5,10,16,34,0.0,0,136.8,1
2025-03-17 08:10:47,1,53,12.4,76,6.0,1027.2,10,18,41,0.0,0,141.9,1
2025-03-17 08:11:48,1,53,12.4,77,6.0,1027.4,4,16,43,0.0,0,149.8,1
2025-03-17 08:12:49,1,53,12.4,77,5.9,1027.3,6,14,48,0.0,0,167.7,1
2025-03-17 08:13:50,1,53,12.4,77,5.8,1027.5,11,20,56,0.0,0,169.7,1
2025-03-17 08:14:51,1,53,12.4,77,5.8,1027.3,14,18,34,0.0,0,194.7,1
2025-03-17 08:15:52,1,53,12.4,77,5.7,1027.4,7,18,82,0.0,0,140.8,1
2025-03-17 08:16:53,1,53,12.4,77,5.7,1027.4,10,16,52,0.0,0,178.6,1
2025-03-17 08:17:54,1,53,12.4,78,5.7,1027.5,6,16,30,0.0,0,147.4,1
2025-03-17 08:18:55,1,53,12.4,77,5.7,1027.4,9,21,6,0.0,0,150.8,1
2025-03-17 08:19:56,1,53,12.4,78,5.7,1027.5,10,21,89,0.0,0,179.7,1
2025-03-17 08:20:57,1,53,12.4,78,5.7,1027.4,8,14,24,0.0,0,178.6,1
2025-03-17 08:21:58,1,53,12.4,77,5.7,1027.4,7,14,13,0.0,0,163.8,1
2025-03-17 08:22:59,1,53,12.4,78,5.7,1027.4,6,14,59,0.0,0,187.2,1
2025-03-17 08:24:00,1,53,12.4,77,5.7,1027.5,8,12,69,0.0,0,171.8,1
2025-03-17 08:25:01,1,53,12.4,78,5.7,1027.5,3,12,49,0.0,0,175.1,1
2025-03-17 08:26:02,1,53,12.4,77,5.7,1027.6,8,12,71,0.0,0,173.5,1
2025-03-17 08:27:03,1,53,12.4,78,5.7,1027.6,5,12,39,0.0,0,173.2,1
2025-03-17 08:28:04,1,53,12.4,78,5.7,1027.7,7,16,53,0.0,0,170.2,1
2025-03-17 08:29:05,1,53,12.4,78,5.7,1027.6,10,14,55,0.0,0,176.9,1
2025-03-17 08:30:06,1,53,12.4,77,5.8,1027.6,5,12,22,0.0,0,171.4,1
2025-03-17 08:31:07,1,53,12.4,77,5.8,1027.6,7,12,44,0.0,0,166.8,1
2025-03-17 08:32:08,1,53,12.4,77,5.8,1027.6,6,12,17,0.0,0,164.3,1
2025-03-17 08:33:09,1,53,12.4,77,5.8,1027.6,8,12,42,0.0,0,162.0,1
2025-03-17 08:34:10,1,53,12.4,77,5.8,1027.7,9,12,44,0.0,0,162.6,1
2025-03-17 08:35:11,1,53,12.4,77,5.8,1027.7,10,20,41,0.0,0,167.7,1
2025-03-17 08:36:12,1,53,12.4,77,5.8,1027.5,6,20,22,0.0,0,171.1,1
2025-03-17 08:37:13,1,53,12.4,77,5.8,1027.6,6,12,66,0.0,0,172.3,1
2025-03-17 08:38:14,1,53,12.4,77,5.7,1027.6,5,16,30,0.0,0,174.3,1
2025-03-17 08:39:15,1,53,12.4,77,5.7,1027.7,7,12,32,0.0,0,177.5,1
2025-03-17 08:40:16,1,53,12.4,77,5.7,1027.6,7,12,45,0.0,0,171.7,1
2025-03-17 08:41:17,1,53,12.4,77,5.7,1027.7,8,14,50,0.0,0,166.1,1
2025-03-17 08:42:18,1,53,12.4,78,5.7,1027.6,5,11,10,0.0,0,173.9,1
2025-03-17 08:43:19,1,53,12.4,78,5.7,1027.7,4,11,68,0.0,0,224.3,2
2025-03-17 08:44:20,1,53,12.4,78,5.8,1027.7,7,11,36,0.0,0,303.3,2
2025-03-17 08:45:21,1,53,12.4,78,5.9,1027.6,2,11,47,0.0,0,254.1,2
2025-03-17 08:46:22,1,53,12.4,77,6.0,1027.7,9,11,38,0.0,0,174.6,1
2025-03-17 08:47:23,1,53,12.4,76,6.1,1027.6,8,11,70,0.0,0,184.2,1
2025-03-17 08:48:24,1,53,12.5,76,6.1,1027.8,8,12,54,0.0,0,213.1,2
2025-03-17 08:49:25,1,53,12.5,76,6.1,1027.7,6,16,52,0.0,0,177.2,1
2025-03-17 08:50:26,1,53,12.5,77,6.0,1027.8,6,16,53,0.0,0,229.0,2
2025-03-17 08:51:27,1,53,12.5,77,6.0,1027.6,9,11,30,0.0,0,183.7,1
2025-03-17 08:52:28,1,54,12.5,76,6.1,1027.7,6,12,65,0.0,0,184.4,1
2025-03-17 08:53:29,1,54,12.5,77,6.1,1027.7,3,12,69,0.0,0,309.5,3
2025-03-17 08:54:30,1,54,12.5,76,6.1,1027.8,7,11,10,0.0,0,167.7,1
2025-03-17 08:55:31,1,54,12.5,76,6.3,1027.9,6,12,46,0.0,0,162.8,1
2025-03-17 08:56:32,1,54,12.5,76,6.3,1027.7,4,12,57,0.0,0,170.5,1
2025-03-17 08:57:33,1,54,12.5,76,6.2,1027.8,5,11,43,0.0,0,302.1,2
2025-03-17 08:58:34,1,54,12.5,76,6.2,1027.6,2,7,61,0.0,0,293.5,2
2025-03-17 08:59:35,1,54,12.5,76,6.3,1027.8,6,11,52,0.0,0,293.6,2
2025-03-17 09:00:36,1,54,12.6,75,6.4,1027.7,6,12,51,0.0,0,297.1,2
2025-03-17 09:01:37,1,54,12.6,75,6.5,1027.8,3,12,28,0.0,0,295.3,2
2025-03-17 09:02:38,1,54,12.6,75,6.5,1027.8,2,12,69,0.0,0,295.4,2
2025-03-17 09:03:39,1,54,12.6,74,6.6,1027.8,2,9,35,0.0,0,305.4,2
2025-03-17 09:04:40,1,54,12.6,74,6.8,1027.8,3,11,12,0.0,0,308.9,3
2025-03-17 09:05:41,1,54,12.6,73,6.8,1027.8,10,14,358,0.0,0,308.7,3
2025-03-17 09:06:42,1,54,12.6,73,6.9,1027.8,9,14,44,0.0,0,307.6,2
2025-03-17 09:07:43,1,54,12.7,73,6.8,1027.8,9,12,51,0.0,0,306.5,2
2025-03-17 09:08:44,1,54,12.7,74,6.8,1027.7,5,11,14,0.0,0,293.7,2
2025-03-17 09:09:45,1,54,12.7,73,6.8,1027.8,5,16,56,0.0,0,300.9,2
2025-03-17 09:10:46,1,54,12.7,74,6.8,1027.9,5,11,59,0.0,0,314.7,3
2025-03-17 09:11:47,1,54,12.7,73,6.9,1027.7,4,9,53,0.0,0,311.8,3
2025-03-17 09:12:48,1,54,12.8,73,6.9,1027.7,3,9,26,0.0,0,323.2,3
2025-03-17 09:13:49,1,54,12.8,73,7.1,1027.8,8,11,60,0.0,0,323.5,3
2025-03-17 09:14:50,1,54,12.8,73,7.1,1027.8,1,11,62,0.0,0,326.0,3
2025-03-17 09:15:51,1,54,12.8,72,7.2,1027.6,3,9,61,0.0,0,335.8,3
2025-03-17 09:16:52,1,54,12.8,72,7.3,1027.8,5,9,31,0.0,0,337.6,3
2025-03-17 09:17:53,1,55,12.8,71,7.5,1027.7,3,9,50,0.0,0,340.8,3
2025-03-17 09:18:54,1,55,12.9,71,7.5,1027.8,4,12,42,0.0,0,338.8,3
2025-03-17 09:19:55,1,55,12.9,71,7.5,1028.0,4,12,23,0.0,0,344.4,3
2025-03-17 09:20:56,1,55,12.9,71,7.5,1027.9,7,12,19,0.0,0,349.4,3
2025-03-17 09:21:57,1,55,12.9,71,7.5,1027.7,7,12,47,0.0,0,345.1,3
2025-03-17 09:22:58,1,55,12.9,71,7.5,1027.7,6,14,47,0.0,0,337.9,3
2025-03-17 09:23:59,1,55,12.9,71,7.5,1028.0,6,14,25,0.0,0,349.6,3
2025-03-17 09:25:00,1,55,12.9,71,7.4,1027.8,7,12,84,0.0,0,351.5,3
2025-03-17 09:26:01,1,55,13.0,71,7.4,1027.7,6,12,46,0.0,0,345.6,3
2025-03-17 09:27:02,1,55,13.0,71,7.4,1027.7,5,12,16,0.0,0,350.7,3
2025-03-17 09:28:03,1,55,13.0,71,7.4,1027.7,8,12,7,0.0,0,355.9,3
2025-03-17 09:29:04,1,55,13.0,71,7.5,1027.8,10,12,19,0.0,0,366.9,3
2025-03-17 09:30:05,1,55,13.0,71,7.5,1027.8,5,12,48,0.0,0,376.1,3
2025-03-17 09:31:06,1,55,13.0,72,7.5,1027.9,1,9,54,0.0,0,372.9,3
2025-03-17 09:32:07,1,55,13.1,71,7.6,1027.8,2,9,37,0.0,0,370.4,3
2025-03-17 09:33:08,1,55,13.1,70,7.8,1027.9,6,9,35,0.0,0,370.5,3
2025-03-17 09:34:09,1,56,13.1,69,8.0,1027.6,7,14,19,0.0,0,381.4,3
2025-03-17 09:35:10,1,56,13.1,69,8.0,1027.6,6,14,25,0.0,0,388.8,3
2025-03-17 09:36:11,1,56,13.1,69,7.9,1027.9,6,12,55,0.0,0,380.5,3
2025-03-17 09:37:12,1,56,13.1,69,7.9,1027.8,5,14,12,0.0,0,373.4,3
2025-03-17 09:38:13,1,56,13.1,69,7.9,1027.9,9,14,39,0.0,0,372.1,3
2025-03-17 09:39:14,1,56,13.2,70,7.8,1028.0,5,14,44,0.0,0,367.4,3
2025-03-17 09:40:15,1,56,13.2,69,7.8,1028.0,4,12,22,0.0,0,377.7,3
2025-03-17 09:41:16,1,56,13.2,69,7.8,1027.9,10,14,33,0.0,0,380.8,3
2025-03-17 09:42:17,1,57,13.2,69,7.9,1027.9,6,14,91,0.0,0,397.8,3
2025-03-17 09:43:18,1,57,13.2,69,8.0,1027.8,10,14,46,0.0,0,391.8,3
2025-03-17 09:44:19,1,57,13.3,68,8.0,1027.9,4,18,19,0.0,0,391.2,3
2025-03-17 09:45:20,1,57,13.3,68,8.0,1027.9,5,14,17,0.0,0,399.1,3
2025-03-17 09:46:21,1,57,13.3,68,8.0,1027.9,4,14,70,0.0,0,406.0,3
2025-03-17 09:47:22,1,57,13.3,68,8.0,1027.9,7,11,75,0.0,0,429.1,4
2025-03-17 09:48:23,1,57,13.3,68,8.0,1027.9,5,11,39,0.0,0,450.5,4
2025-03-17 09:49:24,1,57,13.4,68,8.2,1027.9,5,11,64,0.0,0,456.2,4
2025-03-17 09:50:25,1,57,13.3,67,8.3,1028.0,5,9,61,0.0,0,422.9,4
2025-03-17 09:51:26,1,58,13.4,67,8.5,1027.8,7,12,51,0.0,0,402.4,3
2025-03-17 09:52:27,1,58,13.4,66,8.5,1027.9,10,14,42,0.0,0,401.7,3
2025-03-17 09:53:28,1,58,13.4,67,8.5,1027.8,5,14,64,0.0,0,402.7,3
2025-03-17 09:54:29,1,58,13.4,66,8.5,1027.9,7,11,41,0.0,0,408.7,3
2025-03-17 09:55:30,1,58,13.5,67,8.5,1027.9,8,11,40,0.0,0,416.8,4
2025-03-17 09:56:31,1,58,13.5,67,8.4,1027.9,7,14,33,0.0,0,420.5,4
2025-03-17 09:57:32,1,58,13.5,67,8.4,1027.9,3,14,355,0.0,0,207.2,2
2025-03-17 09:58:33,1,58,13.5,67,8.4,1028.0,3,9,33,0.0,0,329.7,3
2025-03-17 09:59:34,1,58,13.5,67,8.4,1027.9,1,7,41,0.0,0,271.9,2
2025-03-17 10:00:35,1,58,13.5,67,8.4,1027.9,8,11,65,0.0,0,321.3,3
2025-03-17 10:01:36,1,58,13.5,67,8.4,1027.9,3,11,32,0.0,0,153.9,1
2025-03-17 10:02:37,1,58,13.5,67,8.3,1027.9,7,12,25,0.0,0,420.8,4
2025-03-17 10:03:38,1,59,13.5,68,8.2,1028.0,4,12,71,0.0,0,429.5,4
2025-03-17 10:04:39,1,59,13.5,68,8.2,1027.9,4,12,13,0.0,0,433.0,4
2025-03-17 10:05:40,1,59,13.5,67,8.3,1027.9,10,14,49,0.0,0,439.5,4
2025-03-17 10:06:41,1,59,13.6,67,8.4,1027.9,6,14,43,0.0,0,224.1,2
2025-03-17 10:07:42,1,59,13.6,67,8.4,1027.9,5,11,45,0.0,0,454.0,4
2025-03-17 10:08:43,1,59,13.6,67,8.4,1027.8,8,12,49,0.0,0,397.2,3
2025-03-17 10:09:44,1,59,13.6,67,8.4,1028.1,11,18,47,0.0,0,506.6,4
2025-03-17 10:10:45,1,59,13.6,67,8.4,1027.9,7,18,25,0.0,0,506.0,4
2025-03-17 10:11:46,1,59,13.6,67,8.4,1028.0,1,12,40,0.0,0,478.9,4
2025-03-17 10:12:47,1,59,13.6,67,8.4,1027.9,6,9,55,0.0,0,450.7,4
2025-03-17 10:13:48,1,59,13.6,66,8.5,1027.9,4,11,25,0.0,0,507.0,4
2025-03-17 10:14:49,1,59,13.6,66,8.8,1028.0,9,12,50,0.0,0,540.4,5
2025-03-17 10:15:50,1,59,13.7,66,8.8,1028.0,3,12,37,0.0,0,545.0,5
2025-03-17 10:16:51,1,59,13.7,66,8.9,1027.7,4,11,36,0.0,0,542.1,5
2025-03-17 10:17:52,1,59,13.7,66,8.9,1028.0,5,11,27,0.0,0,527.3,5
2025-03-17 10:18:53,1,59,13.7,66,9.0,1028.0,5,9,20,0.0,0,509.7,4
2025-03-17 10:19:54,1,59,13.7,66,9.0,1028.0,1,7,42,0.0,0,130.0,1
2025-03-17 10:20:55,1,59,13.7,65,9.2,1028.0,6,14,62,0.0,0,144.4,1
2025-03-17 10:21:56,1,59,13.7,64,9.2,1028.1,3,14,52,0.0,0,146.5,1
2025-03-17 10:22:57,1,59,13.7,65,9.1,1028.0,7,11,43,0.0,0,113.3,1
2025-03-17 10:23:58,1,59,13.7,65,8.8,1027.9,9,14,86,0.0,0,110.5,1
2025-03-17 10:24:59,1,59,13.7,66,8.6,1028.1,7,16,27,0.0,0,417.3,4
2025-03-17 10:26:00,1,59,13.7,67,8.4,1028.0,6,11,51,0.0,0,120.1,1
2025-03-17 10:27:01,1,59,13.6,66,8.4,1028.0,9,12,50,0.0,0,117.8,1
2025-03-17 10:28:02,1,59,13.7,66,8.4,1028.0,10,12,40,0.0,0,481.0,4
2025-03-17 10:29:03,1,59,13.6,66,8.4,1028.0,6,14,357,0.0,0,416.4,4
2025-03-17 10:30:04,1,59,13.7,66,8.4,1028.1,8,16,50,0.0,0,153.5,1
2025-03-17 10:31:05,1,59,13.6,66,8.4,1028.1,4,16,12,0.0,0,96.0,0
2025-03-17 10:32:06,1,59,13.6,65,8.4,1028.0,8,14,73,0.0,0,93.2,0
2025-03-17 10:33:07,1,59,13.6,65,8.4,1028.1,8,14,35,0.0,0,102.8,1
2025-03-17 10:34:08,1,59,13.6,66,8.4,1028.0,9,12,23,0.0,0,432.8,4
2025-03-17 10:35:09,1,59,13.6,66,8.3,1028.0,9,14,33,0.0,0,270.1,2
2025-03-17 10:36:10,1,59,13.6,66,8.3,1028.1,5,14,37,0.0,0,161.7,1
2025-03-17 10:37:11,1,59,13.6,66,8.3,1028.1,9,14,47,0.0,0,132.1,1
2025-03-17 10:38:12,1,59,13.6,66,8.3,1027.9,8,14,70,0.0,0,131.6,1
2025-03-17 10:39:13,1,59,13.5,65,8.3,1028.1,6,12,46,0.0,0,495.2,4
2025-03-17 10:40:14,1,59,13.6,66,8.3,1028.1,4,12,22,0.0,0,125.3,1
2025-03-17 10:41:15,1,59,13.5,66,8.2,1028.0,3,12,53,0.0,0,160.9,1
2025-03-17 10:42:16,1,59,13.5,66,8.3,1028.0,8,14,36,0.0,0,578.4,5
2025-03-17 10:43:17,1,59,13.5,66,8.3,1027.9,4,14,42,0.0,0,584.1,5
2025-03-17 10:44:18,1,59,13.5,65,8.4,1028.0,6,12,18,0.0,0,589.7,5
2025-03-17 10:45:19,1,59,13.5,64,8.6,1028.0,6,11,29,0.0,0,208.8,2
2025-03-17 10:46:20,1,59,13.5,64,8.6,1028.1,6,11,54,0.0,0,147.9,1
2025-03-17 10:47:21,1,60,13.5,64,8.8,1028.0,7,11,15,0.0,0,110.7,1
2025-03-17 10:48:22,1,60,13.5,63,8.8,1027.8,9,14,61,0.0,0,385.8,3
2025-03-17 10:49:23,1,60,13.5,64,8.8,1028.0,7,14,52,0.0,0,444.0,4
2025-03-17 10:50:24,1,60,13.5,64,8.7,1028.0,7,14,71,0.0,0,211.8,2
2025-03-17 10:51:25,1,60,13.5,64,8.7,1028.0,12,18,50,0.0,0,117.8,1
2025-03-17 10:52:26,1,60,13.5,65,8.7,1028.1,7,18,67,0.0,0,485.4,4
2025-03-17 10:53:27,1,60,13.5,65,8.6,1028.1,4,14,43,0.0,0,491.2,4
2025-03-17 10:54:28,1,60,13.5,64,8.6,1028.1,6,16,54,0.0,0,144.2,1
2025-03-17 10:55:29,1,60,13.6,63,8.7,1028.1,6,9,49,0.0,0,174.9,1
2025-03-17 10:56:30,1,60,13.5,63,8.9,1028.0,10,12,48,0.0,0,550.3,5
2025-03-17 10:57:31,1,60,13.5,63,9.0,1028.1,7,12,41,0.0,0,569.1,5
2025-03-17 10:58:32,1,60,13.5,63,9.0,1028.0,5,12,30,0.0,0,570.8,5
2025-03-17 10:59:33,1,60,13.5,63,9.0,1027.8,1,12,24,0.0,0,586.7,5
2025-03-17 11:00:34,1,60,13.6,64,9.1,1027.7,4,9,69,0.0,0,584.7,5
2025-03-17 11:01:35,1,60,13.6,63,9.3,1027.9,7,11,29,0.0,0,554.3,5
2025-03-17 11:02:36,1,60,13.6,61,9.6,1027.9,6,14,65,0.0,0,531.5,5
2025-03-17 11:03:37,1,60,13.6,61,9.7,1027.9,9,14,57,0.0,0,553.6,5
2025-03-17 11:04:38,1,60,13.6,60,9.7,1027.8,8,14,81,0.0,0,157.8,1
2025-03-17 11:05:39,1,60,13.6,59,9.8,1027.9,15,20,26,0.0,0,187.8,1
2025-03-17 11:06:40,1,60,13.6,60,9.8,1027.9,5,20,61,0.0,0,389.7,3
2025-03-17 11:07:41,1,60,13.6,60,9.5,1027.9,6,20,22,0.0,0,131.2,1
2025-03-17 11:08:42,1,60,13.6,60,9.3,1027.9,5,16,54,0.0,0,123.1,1
2025-03-17 11:09:43,1,60,13.6,59,9.3,1028.0,11,16,56,0.0,0,133.1,1
2025-03-17 11:10:44,1,60,13.6,60,9.0,1028.0,11,14,66,0.0,0,350.2,3
2025-03-17 11:11:45,1,60,13.6,60,8.8,1027.9,2,14,18,0.0,0,123.3,1
2025-03-17 11:12:46,1,60,13.6,60,8.7,1028.0,11,16,56,0.0,0,147.0,1
2025-03-17 11:13:47,1,60,13.6,60,8.7,1028.0,10,18,75,0.0,0,535.0,5
2025-03-17 11:14:48,1,60,13.6,60,8.7,1028.0,5,18,61,0.0,0,545.8,5
2025-03-17 11:15:49,1,60,13.6,60,8.8,1028.0,3,14,84,0.0,0,586.2,5
2025-03-17 11:16:50,1,60,13.6,60,8.9,1028.0,5,14,60,0.0,0,576.2,5
2025-03-17 11:17:51,1,60,13.6,60,9.0,1027.9,0,12,46,0.0,0,490.4,4
2025-03-17 11:18:52,1,60,13.6,59,9.1,1027.9,3,14,86,0.0,0,387.8,3
2025-03-17 11:19:53,1,61,13.6,59,9.4,1028.0,9,16,48,0.0,0,566.8,5
2025-03-17 11:20:54,1,61,13.6,58,9.5,1028.0,10,18,32,0.0,0,585.0,5
2025-03-17 11:21:55,1,61,13.6,59,9.5,1027.9,7,18,27,0.0,0,567.0,5
2025-03-17 11:22:56,1,61,13.6,59,9.5,1027.9,5,18,140,0.0,0,141.6,1
2025-03-17 11:23:57,1,61,13.7,59,9.5,1028.0,11,18,49,0.0,0,541.5,5
2025-03-17 11:24:58,1,61,13.7,59,9.5,1028.2,9,21,39,0.0,0,533.3,5
2025-03-17 11:25:59,1,61,13.7,58,9.5,1027.9,8,21,67,0.0,0,528.8,5
2025-03-17 11:27:00,1,61,13.7,58,9.5,1028.0,11,16,39,0.0,0,491.0,4
2025-03-17 11:28:01,1,61,13.7,57,9.5,1028.1,2,14,33,0.0,0,527.0,5
2025-03-17 11:29:02,1,61,13.7,55,9.6,1027.9,4,12,75,0.0,0,508.7,4
2025-03-17 11:30:03,1,61,13.7,55,9.8,1027.9,4,11,104,0.0,0,517.4,5
2025-03-17 11:31:04,1,61,13.7,55,9.9,1028.0,7,11,79,0.0,0,518.3,5
2025-03-17 11:32:05,1,61,13.7,54,9.9,1027.9,10,21,78,0.0,0,520.9,5
2025-03-17 11:33:06,1,61,13.7,53,10.0,1028.0,9,21,28,0.0,0,530.8,5
2025-03-17 11:34:07,1,61,13.7,54,9.9,1028.0,6,20,28,0.0,0,525.7,5
2025-03-17 11:35:08,1,61,13.7,54,9.8,1027.9,6,11,55,0.0,0,528.9,5
2025-03-17 11:36:09,1,61,13.8,53,9.8,1027.9,4,16,301,0.0,0,524.3,5
2025-03-17 11:37:10,1,61,13.8,54,9.8,1027.9,2,16,85,0.0,0,343.2,3
2025-03-17 11:38:11,1,61,13.8,53,9.8,1028.0,4,11,28,0.0,0,100.2,0
2025-03-17 11:39:12,1,61,13.8,53,9.9,1027.8,6,11,22,0.0,0,531.5,5
2025-03-17 11:40:13,1,61,13.8,52,9.9,1027.9,5,12,48,0.0,0,538.1,5
2025-03-17 11:41:14,1,61,13.8,51,10.1,1027.8,11,20,54,0.0,0,176.3,1
2025-03-17 11:42:15,1,61,13.8,52,10.1,1028.0,3,20,71,0.0,0,141.6,1
2025-03-17 11:43:16,1,61,13.8,51,10.0,1027.9,1,7,43,0.0,0,571.1,5
2025-03-17 11:44:17,1,61,13.8,51,10.0,1028.0,3,21,25,0.0,0,560.8,5
2025-03-17 11:45:18,1,61,13.8,52,10.0,1027.9,5,14,47,0.0,0,228.6,2
2025-03-17 11:46:19,1,61,13.8,52,9.9,1027.9,1,12,67,0.0,0,558.0,5
2025-03-17 11:47:20,1,61,13.8,52,10.0,1027.9,6,12,60,0.0,0,148.3,1
2025-03-17 11:48:21,1,61,13.8,52,10.0,1027.9,4,11,13,0.0,0,126.5,1
2025-03-17 11:49:22,1,61,13.8,51,10.1,1028.0,5,9,335,0.0,0,532.5,5
2025-03-17 11:50:23,1,61,13.8,51,10.1,1028.0,10,14,95,0.0,0,561.0,5
2025-03-17 11:51:24,1,61,13.8,51,10.1,1027.9,4,14,50,0.0,0,158.7,1
2025-03-17 11:52:25,1,61,13.8,51,10.1,1027.9,7,11,9,0.0,0,165.8,1
2025-03-17 11:53:26,1,61,13.8,51,10.1,1027.9,7,12,75,0.0,0,551.4,5
2025-03-17 11:54:27,1,61,13.8,51,10.1,1027.8,4,18,43,0.0,0,534.2,5
2025-03-17 11:55:28,1,61,13.8,50,10.0,1027.9,6,16,23,0.0,0,545.8,5
2025-03-17 11:56:29,1,61,13.8,50,10.0,1028.0,5,16,21,0.0,0,525.0,5
2025-03-17 11:57:30,1,61,13.8,50,10.0,1027.9,7,12,26,0.0,0,524.7,5
2025-03-17 11:58:31,1,61,13.8,50,10.0,1027.9,2,12,66,0.0,0,513.2,5
2025-03-17 11:59:32,1,61,13.8,50,10.0,1027.9,10,16,17,0.0,0,509.0,4
2025-03-17 12:00:33,1,61,13.8,50,10.1,1028.1,5,16,34,0.0,0,506.9,4
2025-03-17 12:01:34,1,61,13.8,50,10.1,1027.9,2,16,25,0.0,0,510.4,4
2025-03-17 12:02:35,1,61,13.8,50,10.1,1027.9,4,25,99,0.0,0,512.4,4
2025-03-17 12:03:36,1,61,13.8,50,10.0,1027.8,4,23,133,0.0,0,502.4,4
2025-03-17 12:04:37,1,61,13.8,50,10.0,1027.8,9,21,24,0.0,0,508.9,4
2025-03-17 12:05:38,1,61,13.9,51,10.0,1028.1,5,21,24,0.0,0,513.2,5
2025-03-17 12:06:39,1,61,13.9,50,9.9,1027.8,7,14,21,0.0,0,517.5,5
2025-03-17 12:07:40,1,61,13.8,49,9.9,1028.0,3,14,26,0.0,0,518.6,5
2025-03-17 12:08:41,1,61,13.9,50,10.0,1027.8,8,14,15,0.0,0,505.5,4
2025-03-17 12:09:42,1,60,13.9,50,10.1,1027.9,3,14,323,0.0,0,509.7,4
2025-03-17 12:10:43,1,60,13.9,50,10.2,1028.0,3,12,40,0.0,0,514.4,5
2025-03-17 12:11:44,1,60,13.9,49,10.3,1027.8,2,11,26,0.0,0,521.5,5
2025-03-17 12:12:45,1,60,13.9,49,10.6,1027.9,6,7,11,0.0,0,523.1,5
2025-03-17 12:13:46,1,60,13.9,48,10.8,1028.0,7,12,143,0.0,0,524.1,5
2025-03-17 12:14:47,1,60,13.9,49,10.8,1028.0,4,12,63,0.0,0,525.1,5
2025-03-17 12:15:48,1,60,13.9,49,10.8,1027.9,7,11,36,0.0,0,531.5,5
2025-03-17 12:16:49,1,60,13.9,49,10.7,1028.0,17,21,45,0.0,0,543.2,5
2025-03-17 12:17:50,1,60,14.0,48,10.7,1027.8,6,21,59,0.0,0,547.3,5
2025-03-17 12:18:51,1,60,14.0,47,10.7,1028.0,6,16,23,0.0,0,552.9,5
2025-03-17 12:19:52,1,60,14.0,47,10.9,1027.8,6,12,277,0.0,0,543.3,5
2025-03-17 12:20:53,1,60,14.0,45,11.0,1027.8,8,12,87,0.0,0,535.7,5
2025-03-17 12:21:54,1,60,14.0,43,11.1,1027.7,3,12,60,0.0,0,536.6,5
2025-03-17 12:22:55,1,60,14.0,44,11.1,1027.8,7,14,83,0.0,0,528.1,5
2025-03-17 12:23:56,1,60,14.0,43,11.1,1027.9,8,20,32,0.0,0,307.9,3
2025-03-17 12:24:57,1,60,14.0,44,11.1,1027.9,5,20,23,0.0,0,530.0,5
2025-03-17 12:25:58,1,60,14.0,45,10.8,1028.0,12,16,57,0.0,0,534.4,5
2025-03-17 12:26:59,1,60,14.0,46,10.7,1027.8,11,16,42,0.0,0,541.9,5
2025-03-17 12:28:00,1,60,14.0,44,10.7,1027.8,18,25,100,0.0,0,556.3,5
2025-03-17 12:29:01,1,60,14.0,45,10.6,1027.8,6,25,70,0.0,0,567.0,5
2025-03-17 12:30:02,1,60,14.0,46,10.5,1027.8,6,14,66,0.0,0,575.9,5
2025-03-17 12:31:03,1,60,14.0,45,10.6,1027.9,8,14,58,0.0,0,579.7,5
2025-03-17 12:32:04,1,60,14.0,45,10.7,1027.9,13,18,70,0.0,0,572.4,5
2025-03-17 12:33:05,1,60,14.1,46,10.8,1027.7,4,18,229,0.0,0,549.9,5
2025-03-17 12:34:06,1,60,14.1,46,10.9,1027.8,3,14,74,0.0,0,529.2,5
2025-03-17 12:35:07,1,60,14.1,45,11.1,1027.9,2,23,78,0.0,0,529.5,5
2025-03-17 12:36:08,1,60,14.1,45,11.1,1027.9,13,23,52,0.0,0,154.4,1
2025-03-17 12:37:09,1,60,14.1,44,11.1,1027.9,14,23,33,0.0,0,145.9,1
2025-03-17 12:38:10,1,60,14.1,45,11.0,1027.7,14,21,30,0.0,0,144.4,1
2025-03-17 12:39:11,1,60,14.1,46,10.6,1027.7,12,23,73,0.0,0,137.9,1
2025-03-17 12:40:12,1,60,14.0,47,10.4,1027.9,7,23,20,0.0,0,139.1,1
2025-03-17 12:41:13,1,60,14.0,47,10.3,1027.8,7,16,52,0.0,0,331.3,3
2025-03-17 12:42:14,1,60,14.0,48,10.3,1027.8,9,16,70,0.0,0,156.8,1
2025-03-17 12:43:15,1,60,14.0,48,10.2,1028.0,6,14,48,0.0,0,556.7,5
2025-03-17 12:44:16,1,60,14.0,47,10.2,1027.8,17,23,22,0.0,0,552.2,5
2025-03-17 12:45:17,1,60,14.0,47,10.2,1027.8,12,23,87,0.0,0,548.3,5
2025-03-17 12:46:18,1,60,14.0,46,10.4,1027.8,9,18,352,0.0,0,546.4,5
2025-03-17 12:47:19,1,60,14.0,46,10.4,1027.9,16,21,62,0.0,0,508.6,4
2025-03-17 12:48:20,1,60,14.0,47,10.5,1027.7,11,21,39,0.0,0,211.3,2
2025-03-17 12:49:21,1,60,14.0,48,10.4,1027.8,9,21,76,0.0,0,126.7,1
2025-03-17 12:50:22,1,60,14.0,48,10.3,1027.8,9,23,35,0.0,0,115.3,1
2025-03-17 12:51:23,1,60,14.0,48,10.2,1027.7,9,16,42,0.0,0,236.4,2
2025-03-17 12:52:24,1,60,14.0,47,10.2,1027.7,5,16,51,0.0,0,488.2,4
2025-03-17 12:53:25,1,60,14.0,47,10.2,1027.6,4,11,59,0.0,0,481.8,4
2025-03-17 12:54:26,1,60,14.0,47,10.3,1027.8,4,9,42,0.0,0,119.3,1
2025-03-17 12:55:27,1,60,14.0,47,10.3,1027.6,4,9,41,0.0,0,119.1,1
2025-03-17 12:56:28,1,60,14.0,46,10.3,1027.6,2,11,16,0.0,0,128.9,1
2025-03-17 12:57:29,1,60,14.0,46,10.3,1027.7,5,9,30,0.0,0,482.5,4
2025-03-17 12:58:30,1,60,14.0,46,10.4,1027.7,6,14,117,0.0,0,488.2,4
2025-03-17 12:59:31,1,60,14.0,45,10.4,1027.7,12,14,48,0.0,0,488.2,4
2025-03-17 13:00:32,1,60,14.0,45,10.5,1027.6,8,18,19,0.0,0,155.9,1
2025-03-17 13:01:33,1,59,14.0,45,10.5,1027.6,6,14,24,0.0,0,429.2,4
2025-03-17 13:02:34,1,59,14.0,45,10.5,1027.7,4,20,51,0.0,0,322.4,3
2025-03-17 13:03:35,1,60,14.0,44,10.5,1027.7,5,14,33,0.0,0,409.1,3
2025-03-17 13:04:36,1,59,14.0,44,10.5,1027.7,7,14,23,0.0,0,404.5,3
2025-03-17 13:05:37,1,59,14.0,45,10.4,1027.6,6,18,56,0.0,0,431.2,4
2025-03-17 13:06:38,1,59,14.0,45,10.4,1027.5,8,18,47,0.0,0,439.5,4
2025-03-17 13:07:39,1,60,14.0,45,10.4,1027.6,6,20,52,0.0,0,438.7,4
2025-03-17 13:08:40,1,59,14.0,44,10.4,1027.6,3,25,111,0.0,0,441.8,4
2025-03-17 13:09:41,1,59,14.0,44,10.5,1027.7,3,25,61,0.0,0,443.9,4
2025-03-17 13:10:42,1,59,14.0,44,10.5,1027.5,12,16,49,0.0,0,438.9,4
2025-03-17 13:11:43,1,59,14.0,44,10.5,1027.6,8,16,37,0.0,0,443.6,4
2025-03-17 13:12:44,1,59,14.0,44,10.5,1027.6,9,12,37,0.0,0,450.6,4
2025-03-17 13:13:45,1,59,14.0,44,10.5,1027.4,11,18,42,0.0,0,446.3,4
2025-03-17 13:14:46,1,59,14.0,44,10.6,1027.6,5,18,7,0.0,0,439.7,4
2025-03-17 13:15:47,1,59,14.0,43,10.6,1027.4,12,18,62,0.0,0,435.7,4
2025-03-17 13:16:48,1,59,14.0,43,10.7,1027.5,7,18,76,0.0,0,434.9,4
2025-03-17 13:17:49,1,59,14.0,44,10.8,1027.6,12,20,24,0.0,0,430.2,4
2025-03-17 13:18:50,1,59,14.0,44,10.8,1027.7,5,20,57,0.0,0,426.4,4
2025-03-17 13:19:51,1,60,14.0,43,10.8,1027.6,12,21,39,0.0,0,422.8,4
2025-03-17 13:20:52,1,60,14.0,43,10.8,1027.6,14,23,24,0.0,0,419.8,4
2025-03-17 13:21:53,1,60,14.0,43,10.7,1027.5,16,21,58,0.0,0,418.7,4
2025-03-17 13:22:54,1,60,14.0,44,10.7,1027.4,10,31,22,0.0,0,417.2,4
2025-03-17 13:23:55,1,60,14.0,44,10.5,1027.7,10,31,57,0.0,0,418.3,4
2025-03-17 13:24:56,1,60,14.0,44,10.4,1027.5,6,16,52,0.0,0,417.0,4
2025-03-17 13:25:57,1,60,14.0,44,10.4,1027.4,5,18,49,0.0,0,416.0,4
2025-03-17 13:26:58,1,60,14.0,44,10.4,1027.5,6,16,39,0.0,0,411.6,4
2025-03-17 13:27:59,1,60,14.0,44,10.4,1027.5,17,23,91,0.0,0,407.7,3
2025-03-17 13:29:00,1,60,14.0,43,10.4,1027.7,6,23,34,0.0,0,404.0,3
2025-03-17 13:30:01,1,60,14.0,43,10.4,1027.4,7,16,24,0.0,0,405.6,3
2025-03-17 13:31:02,1,60,14.0,43,10.5,1027.5,7,12,40,0.0,0,409.0,3
2025-03-17 13:32:03,1,60,14.0,43,10.5,1027.5,6,18,42,0.0,0,407.8,3
2025-03-17 13:33:04,1,60,14.0,43,10.6,1027.5,8,18,40,0.0,0,416.2,4
2025-03-17 13:34:05,1,60,14.0,44,10.6,1027.2,11,18,32,0.0,0,245.0,2
2025-03-17 13:35:06,1,60,14.0,44,10.6,1027.5,3,20,71,0.0,0,402.5,3
2025-03-17 13:36:07,1,60,14.0,43,10.6,1027.3,11,20,67,0.0,0,394.5,3
2025-03-17 13:37:08,1,60,14.1,44,10.6,1027.3,6,16,40,0.0,0,389.8,3
2025-03-17 13:38:09,1,60,14.1,44,10.6,1027.3,11,16,94,0.0,0,399.0,3
2025-03-17 13:39:10,1,60,14.1,44,10.6,1027.3,11,16,4,0.0,0,397.7,3
2025-03-17 13:40:11,1,60,14.1,43,10.8,1027.5,14,20,70,0.0,0,395.8,3
2025-03-17 13:41:12,1,60,14.1,43,10.8,1027.4,10,20,21,0.0,0,399.1,3
2025-03-17 13:42:13,1,60,14.1,44,10.8,1027.3,13,18,52,0.0,0,398.3,3
2025-03-17 13:43:14,1,60,14.1,44,10.7,1027.3,12,21,47,0.0,0,399.2,3
2025-03-17 13:44:15,1,60,14.1,44,10.7,1027.4,13,21,50,0.0,0,397.4,3
2025-03-17 13:45:16,1,60,14.1,44,10.7,1027.5,11,20,27,0.0,0,390.6,3
2025-03-17 13:46:17,1,60,14.1,45,10.7,1027.3,2,16,42,0.0,0,388.2,3
2025-03-17 13:47:18,1,60,14.1,45,10.6,1027.4,1,12,22,0.0,0,383.3,3
2025-03-17 13:48:19,1,60,14.1,44,10.6,1027.4,4,12,321,0.0,0,380.3,3
2025-03-17 13:49:20,1,60,14.1,44,10.7,1027.3,11,12,55,0.0,0,382.0,3
2025-03-17 13:50:21,1,60,14.1,45,10.7,1027.2,0,14,36,0.0,0,382.4,3
2025-03-17 13:51:22,1,60,14.1,44,10.8,1027.3,4,5,37,0.0,0,380.4,3
2025-03-17 13:52:23,1,60,14.1,44,10.9,1027.3,3,5,80,0.0,0,378.6,3
2025-03-17 13:53:24,1,60,14.1,43,11.0,1027.3,5,12,1,0.0,0,375.1,3
2025-03-17 13:54:25,1,60,14.1,43,11.0,1027.3,9,14,26,0.0,0,380.9,3
2025-03-17 13:55:26,1,60,14.1,43,11.0,1027.3,5,14,36,0.0,0,371.3,3
2025-03-17 13:56:27,1,60,14.1,44,11.0,1027.2,7,11,49,0.0,0,377.9,3
2025-03-17 13:57:28,1,60,14.1,44,11.0,1027.3,4,11,17,0.0,0,374.9,3
2025-03-17 13:58:29,1,60,14.1,44,11.0,1027.1,11,14,44,0.0,0,367.1,3
2025-03-17 13:59:30,1,60,14.1,44,11.1,1027.4,9,16,50,0.0,0,366.4,3
2025-03-17 14:00:31,1,60,14.1,43,11.2,1027.3,11,18,76,0.0,0,369.9,3
2025-03-17 14:01:32,1,60,14.1,42,11.1,1027.4,11,16,21,0.0,0,366.3,3
2025-03-17 14:02:33,1,60,14.1,43,11.0,1027.1,12,20,24,0.0,0,363.3,3
2025-03-17 14:03:34,1,60,14.1,44,10.9,1027.2,5,20,74,0.0,0,361.3,3
2025-03-17 14:04:35,1,60,14.1,44,10.8,1027.1,7,16,52,0.0,0,361.0,3
2025-03-17 14:05:36,1,60,14.1,44,10.8,1027.2,1,12,323,0.0,0,359.1,3
2025-03-17 14:06:37,1,60,14.1,44,10.8,1027.1,4,9,46,0.0,0,348.8,3
2025-03-17 14:07:38,1,60,14.1,43,11.0,1027.3,6,9,46,0.0,0,342.3,3
2025-03-17 14:08:39,1,60,14.1,43,11.2,1027.2,3,9,6,0.0,0,347.7,3
2025-03-17 14:09:40,1,59,14.1,42,11.4,1027.4,1,12,107,0.0,0,349.1,3
2025-03-17 14:10:41,1,59,14.1,42,11.5,1027.1,3,9,33,0.0,0,347.8,3
2025-03-17 14:11:42,1,59,14.0,42,11.5,1027.3,3,14,53,0.0,0,347.6,3
2025-03-17 14:12:43,1,58,14.1,42,11.4,1027.3,7,12,79,0.0,0,344.8,3
2025-03-17 14:13:44,1,58,14.0,42,11.3,1027.1,8,21,67,0.0,0,343.9,3
2025-03-17 14:14:45,1,58,14.0,42,11.3,1027.2,3,21,6,0.0,0,346.9,3
2025-03-17 14:15:46,1,58,14.0,43,11.1,1027.1,8,11,55,0.0,0,344.6,3
2025-03-17 14:16:47,1,57,14.0,43,11.0,1027.0,3,11,330,0.0,0,342.6,3
2025-03-17 14:17:48,1,57,14.0,43,11.0,1027.2,4,12,19,0.0,0,342.0,3
2025-03-17 14:18:49,1,57,14.0,43,11.0,1027.3,2,14,353,0.0,0,338.7,3
2025-03-17 14:19:50,1,56,14.0,43,11.0,1027.2,4,12,48,0.0,0,337.5,3
2025-03-17 14:20:51,1,56,14.0,43,11.0,1027.1,4,12,44,0.0,0,336.4,3
2025-03-17 14:21:52,1,56,13.9,43,11.1,1027.1,6,11,78,0.0,0,331.5,3
2025-03-17 14:22:53,1,56,13.9,43,11.1,1027.2,2,9,25,0.0,0,333.6,3
2025-03-17 14:23:54,1,56,13.9,43,11.1,1027.2,7,11,35,0.0,0,331.9,3
2025-03-17 14:24:55,1,55,13.9,42,11.1,1027.3,7,14,17,0.0,0,324.8,3
2025-03-17 14:25:56,1,55,13.9,42,11.1,1027.3,8,16,46,0.0,0,325.3,3
2025-03-17 14:26:57,1,55,13.9,42,11.1,1027.2,6,16,43,0.0,0,324.4,3
2025-03-17 14:27:58,1,55,13.9,42,11.0,1027.3,7,16,122,0.0,0,324.3,3
2025-03-17 14:28:59,1,55,13.9,42,11.0,1027.2,8,16,33,0.0,0,321.0,3
2025-03-17 14:30:00,1,54,13.9,42,11.1,1027.2,8,14,58,0.0,0,318.8,3
2025-03-17 14:31:01,1,54,13.9,42,11.1,1027.1,6,14,12,0.0,0,316.4,3
2025-03-17 14:32:02,1,54,13.8,41,11.1,1027.4,10,16,55,0.0,0,314.3,3
2025-03-17 14:33:03,1,54,13.8,41,11.1,1027.1,12,21,46,0.0,0,312.4,3
2025-03-17 14:34:04,1,54,13.8,41,11.1,1027.2,7,20,24,0.0,0,311.8,3
2025-03-17 14:35:05,1,54,13.8,41,11.0,1027.3,3,14,48,0.0,0,307.9,3
2025-03-17 14:36:06,1,54,13.8,41,11.0,1027.3,11,16,26,0.0,0,303.1,2
2025-03-17 14:37:07,1,54,13.8,41,10.9,1027.3,8,16,45,0.0,0,303.6,2
2025-03-17 14:38:08,1,54,13.8,42,10.8,1027.2,2,12,357,0.0,0,300.9,2
2025-03-17 14:39:09,1,54,13.8,42,10.8,1027.2,3,12,32,0.0,0,297.9,2
2025-03-17 14:40:10,1,54,13.8,41,10.8,1027.2,5,12,44,0.0,0,294.7,2
2025-03-17 14:41:11,1,54,13.8,41,11.0,1027.2,8,12,15,0.0,0,293.2,2
2025-03-17 14:42:12,1,54,13.8,42,11.0,1027.0,2,12,46,0.0,0,293.2,2
2025-03-17 14:43:13,1,54,13.8,42,11.1,1027.3,7,11,8,0.0,0,292.8,2
2025-03-17 14:44:14,1,54,13.8,42,11.1,1027.1,9,20,55,0.0,0,289.3,2
2025-03-17 14:45:15,1,55,13.8,42,11.0,1027.2,5,20,39,0.0,0,285.4,2
2025-03-17 14:46:16,1,55,13.8,42,11.0,1027.3,8,21,59,0.0,0,283.2,2
2025-03-17 14:47:17,1,55,13.8,41,11.0,1027.2,8,23,74,0.0,0,280.6,2
2025-03-17 14:48:18,1,55,13.8,41,10.9,1027.2,9,23,38,0.0,0,279.5,2
2025-03-17 14:49:19,1,55,13.8,41,10.8,1027.1,14,20,46,0.0,0,276.4,2
2025-03-17 14:50:20,1,55,13.8,41,10.8,1027.1,5,20,33,0.0,0,274.9,2
2025-03-17 14:51:21,1,55,13.8,41,10.8,1027.1,6,14,32,0.0,0,272.6,2
2025-03-17 14:52:22,1,55,13.8,41,10.8,1027.1,7,14,41,0.0,0,271.3,2
2025-03-17 14:53:23,1,55,13.8,41,10.8,1027.2,3,12,54,0.0,0,269.2,2
2025-03-17 14:54:24,1,55,13.8,40,10.8,1027.2,7,11,11,0.0,0,266.7,2
2025-03-17 14:55:25,1,55,13.8,40,10.9,1027.2,7,18,18,0.0,0,261.1,2
2025-03-17 14:56:26,1,55,13.8,40,11.0,1027.2,8,21,356,0.0,0,261.8,2
2025-03-17 14:57:27,1,55,13.8,40,10.9,1027.1,10,21,52,0.0,0,260.7,2
2025-03-17 14:58:28,1,56,13.8,40,10.8,1026.9,7,14,50,0.0,0,258.8,2
2025-03-17 14:59:29,1,56,13.8,41,10.7,1027.1,0,14,55,0.0,0,256.4,2
2025-03-17 15:00:30,1,56,13.8,40,10.8,1027.3,11,14,79,0.0,0,254.4,2
2025-03-17 15:01:31,1,56,13.7,40,10.8,1027.2,10,18,37,0.0,0,253.6,2
2025-03-17 15:02:32,1,56,13.8,41,10.7,1027.3,5,18,53,0.0,0,251.4,2
2025-03-17 15:03:33,1,56,13.7,41,10.7,1027.3,6,11,34,0.0,0,248.7,2
2025-03-17 15:04:34,1,56,13.7,41,10.7,1027.1,5,11,11,0.0,0,244.3,2
2025-03-17 15:05:35,1,56,13.7,41,10.7,1027.3,14,16,48,0.0,0,243.1,2
2025-03-17 15:06:36,1,56,13.7,41,10.7,1027.1,8,18,46,0.0,0,241.2,2
2025-03-17 15:07:37,1,56,13.7,41,10.7,1027.1,10,18,60,0.0,0,237.6,2
2025-03-17 15:08:38,1,56,13.7,41,10.7,1027.1,5,16,22,0.0,0,236.7,2
2025-03-17 15:09:39,1,56,13.7,41,10.7,1027.2,3,11,77,0.0,0,233.3,2
2025-03-17 15:10:40,1,56,13.7,41,10.7,1027.1,12,16,84,0.0,0,232.8,2
2025-03-17 15:11:41,1,56,13.7,41,10.7,1027.2,1,16,78,0.0,0,228.6,2
2025-03-17 15:12:42,1,56,13.7,41,10.7,1027.3,5,9,45,0.0,0,222.7,2
2025-03-17 15:13:43,1,56,13.7,41,10.8,1027.1,9,14,41,0.0,0,220.8,2
2025-03-17 15:14:44,1,56,13.7,40,10.8,1027.1,6,14,44,0.0,0,223.4,2
2025-03-17 15:15:45,1,56,13.7,40,10.8,1027.2,5,21,92,0.0,0,220.9,2
2025-03-17 15:16:46,1,56,13.7,40,10.7,1026.9,9,21,98,0.0,0,218.3,2
2025-03-17 15:17:47,1,56,13.7,40,10.6,1027.1,5,16,37,0.0,0,216.2,2
2025-03-17 15:18:48,1,56,13.7,40,10.6,1027.2,6,12,65,0.0,0,214.5,2
2025-03-17 15:19:49,1,56,13.7,40,10.6,1027.0,4,12,75,0.0,0,213.0,2
2025-03-17 15:20:50,1,57,13.7,40,10.6,1027.0,5,9,62,0.0,0,210.0,2
2025-03-17 15:21:51,1,57,13.7,40,10.6,1027.1,3,11,26,0.0,0,209.4,2
2025-03-17 15:22:52,1,57,13.7,41,10.6,1027.1,6,11,69,0.0,0,206.5,2
2025-03-17 15:23:55,1,57,13.7,41,10.7,1027.1,10,16,49,0.0,0,204.1,1
2025-03-17 15:24:54,1,57,13.7,40,10.8,1027.2,6,16,356,0.0,0,202.3,1
2025-03-17 15:25:55,1,57,13.6,40,10.8,1027.0,10,23,54,0.0,0,200.2,1
2025-03-17 15:26:56,1,57,13.7,40,10.7,1027.1,11,23,16,0.0,0,199.1,1
2025-03-17 15:27:57,1,57,13.7,40,10.6,1027.0,13,20,66,0.0,0,197.0,1
2025-03-17 15:28:58,1,57,13.7,40,10.6,1027.1,11,20,45,0.0,0,195.3,1
2025-03-17 15:29:59,1,57,13.7,40,10.5,1027.0,10,14,28,0.0,0,193.1,1
2025-03-17 15:31:00,1,57,13.7,40,10.5,1027.1,7,12,36,0.0,0,191.2,1
2025-03-17 15:32:01,1,57,13.7,40,10.5,1027.2,7,12,36,0.0,0,189.5,1
2025-03-17 15:33:02,1,57,13.6,40,10.5,1027.1,9,14,32,0.0,0,187.3,1
2025-03-17 15:34:03,1,57,13.7,40,10.5,1027.0,7,16,25,0.0,0,185.1,1
2025-03-17 15:35:04,1,57,13.7,40,10.5,1027.1,6,16,27,0.0,0,183.3,1
2025-03-17 15:36:05,1,57,13.6,40,10.5,1026.9,8,14,43,0.0,0,183.3,1
2025-03-17 15:37:06,1,57,13.7,40,10.5,1027.1,4,14,10,0.0,0,180.4,1
2025-03-17 15:38:07,1,57,13.6,40,10.5,1027.0,9,12,105,0.0,0,178.1,1
2025-03-17 15:39:08,1,57,13.6,40,10.6,1027.0,7,12,77,0.0,0,175.7,1
2025-03-17 15:40:09,1,57,13.6,40,10.6,1026.9,4,12,35,0.0,0,173.4,1
2025-03-17 15:41:10,1,57,13.6,39,10.7,1026.9,7,11,66,0.0,0,170.9,1
2025-03-17 15:42:11,1,57,13.6,40,10.7,1026.7,3,12,45,0.0,0,170.2,1
2025-03-17 15:43:12,1,57,13.6,40,10.6,1026.9,8,16,59,0.0,0,168.0,1
2025-03-17 15:44:13,1,57,13.6,41,10.4,1026.8,9,16,28,0.0,0,165.7,1
2025-03-17 15:45:14,1,57,13.6,41,10.4,1027.0,15,21,42,0.0,0,163.6,1
2025-03-17 15:46:15,1,57,13.6,41,10.4,1027.0,6,21,40,0.0,0,162.3,1
2025-03-17 15:47:16,1,57,13.6,41,10.4,1026.8,1,11,29,0.0,0,160.6,1
2025-03-17 15:48:17,1,57,13.6,41,10.5,1026.9,9,12,39,0.0,0,158.0,1
2025-03-17 15:49:18,1,57,13.6,41,10.6,1026.9,3,12,31,0.0,0,156.2,1
2025-03-17 15:50:19,1,57,13.6,40,10.6,1026.8,6,11,38,0.0,0,154.2,1
2025-03-17 15:51:20,1,57,13.6,40,10.7,1026.9,2,9,343,0.0,0,151.7,1
2025-03-17 15:52:21,1,57,13.6,40,10.7,1026.9,5,7,355,0.0,0,150.1,1
2025-03-17 15:53:22,1,57,13.6,39,10.7,1026.9,8,12,343,0.0,0,148.6,1
2025-03-17 15:54:23,1,57,13.6,38,10.8,1026.9,7,12,17,0.0,0,146.5,1
2025-03-17 15:55:24,1,57,13.6,38,10.8,1027.0,5,11,140,0.0,0,143.5,1
2025-03-17 15:56:25,1,57,13.6,38,10.8,1027.0,5,11,108,0.0,0,141.9,1
2025-03-17 15:57:26,1,57,13.6,38,10.7,1027.0,11,14,17,0.0,0,140.2,1
2025-03-17 15:58:27,1,57,13.6,38,10.7,1027.0,14,18,39,0.0,0,137.7,1
2025-03-17 15:59:28,1,57,13.6,38,10.6,1027.1,5,18,38,0.0,0,135.0,1
2025-03-17 16:00:29,1,57,13.6,39,10.4,1027.0,1,9,37,0.0,0,133.5,1
2025-03-17 16:01:30,1,57,13.6,39,10.4,1027.0,10,14,22,0.0,0,131.8,1
2025-03-17 16:02:31,1,57,13.6,38,10.3,1026.9,10,18,61,0.0,0,130.3,1
2025-03-17 16:03:32,1,57,13.6,39,10.3,1026.8,2,18,353,0.0,0,127.8,1
2025-03-17 16:04:33,1,57,13.6,39,10.3,1027.0,5,14,45,0.0,0,125.4,1
2025-03-17 16:05:34,1,57,13.6,39,10.3,1026.9,9,20,59,0.0,0,123.2,1
2025-03-17 16:06:35,1,57,13.5,39,10.3,1027.0,5,20,83,0.0,0,121.2,1
2025-03-17 16:07:36,1,57,13.5,39,10.2,1027.0,6,14,44,0.0,0,118.7,1
2025-03-17 16:08:37,1,57,13.6,39,10.1,1027.1,3,14,83,0.0,0,117.0,1
2025-03-17 16:09:38,1,58,13.5,39,10.1,1027.1,9,12,37,0.0,0,114.7,1
2025-03-17 16:10:39,1,58,13.6,39,10.2,1027.0,3,12,38,0.0,0,110.1,1
2025-03-17 16:11:40,1,58,13.5,39,10.2,1026.9,12,21,57,0.0,0,110.4,1
2025-03-17 16:12:41,1,57,13.5,39,10.2,1026.9,8,21,43,0.0,0,108.4,1
2025-03-17 16:13:42,1,58,13.5,38,10.2,1027.1,13,20,51,0.0,0,107.2,1
2025-03-17 16:14:43,1,58,13.6,38,10.1,1027.1,10,18,29,0.0,0,105.2,1
2025-03-17 16:15:44,1,58,13.5,39,10.1,1027.0,10,18,92,0.0,0,103.0,1
2025-03-17 16:16:45,1,58,13.5,39,10.0,1026.8,3,18,6,0.0,0,100.7,0
2025-03-17 16:17:46,1,58,13.5,39,10.0,1026.8,2,9,83,0.0,0,98.0,0
2025-03-17 16:18:47,1,58,13.5,39,10.0,1027.2,4,9,69,0.0,0,96.6,0
2025-03-17 16:19:48,1,58,13.5,39,10.1,1027.0,7,11,68,0.0,0,94.3,0
2025-03-17 16:20:49,1,58,13.5,39,10.1,1027.1,7,14,41,0.0,0,92.1,0
2025-03-17 16:21:50,1,58,13.5,38,10.2,1027.1,7,21,40,0.0,0,90.5,0
2025-03-17 16:22:51,1,58,13.5,38,10.2,1027.3,11,18,77,0.0,0,88.4,0
2025-03-17 16:23:52,1,58,13.5,39,10.1,1027.1,6,18,333,0.0,0,86.3,0
2025-03-17 16:24:53,1,57,13.5,39,10.0,1027.1,7,14,42,0.0,0,84.5,0
2025-03-17 16:25:54,1,57,13.5,40,10.0,1027.0,7,12,56,0.0,0,82.3,0
2025-03-17 16:26:55,1,57,13.5,39,10.0,1027.2,5,12,71,0.0,0,80.4,0
2025-03-17 16:27:56,1,57,13.5,39,10.1,1027.1,7,11,62,0.0,0,78.8,0
2025-03-17 16:28:57,1,57,13.5,38,10.1,1027.0,9,16,37,0.0,0,77.1,0
2025-03-17 16:29:58,1,57,13.5,38,10.1,1027.2,9,16,28,0.0,0,75.7,0
2025-03-17 16:30:59,1,57,13.5,39,10.1,1027.2,9,18,58,0.0,0,74.3,0
2025-03-17 16:32:00,1,57,13.5,38,10.1,1027.2,11,18,108,0.0,0,72.6,0
2025-03-17 16:33:01,1,56,13.5,39,10.1,1027.2,12,20,24,0.0,0,70.6,0
2025-03-17 16:34:02,1,56,13.5,38,10.0,1027.2,16,21,67,0.0,0,68.9,0
2025-03-17 16:35:03,1,56,13.5,39,10.0,1027.2,11,21,28,0.0,0,67.5,0
2025-03-17 16:36:04,1,56,13.4,39,9.9,1027.2,11,21,32,0.0,0,65.6,0
2025-03-17 16:37:05,1,56,13.4,40,9.9,1027.2,7,21,39,0.0,0,63.7,0
2025-03-17 16:38:06,1,56,13.5,39,9.8,1027.1,6,16,51,0.0,0,61.4,0
2025-03-17 16:39:07,1,56,13.4,39,9.8,1027.1,8,18,64,0.0,0,59.1,0
2025-03-17 16:40:08,1,55,13.4,40,9.8,1027.2,12,18,36,0.0,0,56.7,0
2025-03-17 16:41:09,1,55,13.4,39,9.8,1027.2,11,18,62,0.0,0,54.7,0
2025-03-17 16:42:10,1,55,13.4,39,9.8,1027.1,11,20,26,0.0,0,52.2,0
2025-03-17 16:43:11,1,55,13.4,39,9.7,1027.1,10,18,61,0.0,0,49.9,0
2025-03-17 16:44:12,1,55,13.4,39,9.7,1027.1,12,18,43,0.0,0,47.8,0
2025-03-17 16:45:13,1,55,13.4,39,9.7,1027.1,15,27,48,0.0,0,46.1,0
2025-03-17 16:46:14,1,54,13.4,38,9.7,1027.1,9,27,21,0.0,0,44.9,0
2025-03-17 16:47:15,1,54,13.4,39,9.6,1027.1,4,14,39,0.0,0,43.6,0
2025-03-17 16:48:16,1,54,13.4,39,9.7,1027.0,8,16,20,0.0,0,42.6,0
2025-03-17 16:49:17,1,54,13.4,39,9.7,1027.1,12,20,66,0.0,0,41.5,0
2025-03-17 16:50:18,1,54,13.3,39,9.7,1027.2,6,20,46,0.0,0,40.6,0
2025-03-17 16:51:19,1,54,13.3,39,9.6,1027.1,13,18,69,0.0,0,39.7,0
2025-03-17 16:52:20,1,54,13.3,39,9.6,1027.1,8,18,351,0.0,0,39.1,0
2025-03-17 16:53:21,1,54,13.3,39,9.6,1027.0,6,18,21,0.0,0,38.3,0
2025-03-17 16:54:22,1,54,13.3,39,9.5,1027.1,11,16,40,0.0,0,37.5,0
2025-03-17 16:55:23,1,54,13.3,39,9.5,1027.3,10,18,63,0.0,0,36.8,0
2025-03-17 16:56:24,1,53,13.3,39,9.5,1027.3,14,18,77,0.0,0,36.0,0
2025-03-17 16:57:25,1,53,13.3,39,9.4,1027.1,8,16,53,0.0,0,35.5,0
2025-03-17 16:58:26,1,53,13.3,39,9.4,1027.1,11,20,50,0.0,0,34.8,0
2025-03-17 16:59:27,1,53,13.3,40,9.4,1027.2,8,18,22,0.0,0,34.0,0
2025-03-17 17:00:28,1,53,13.3,39,9.3,1027.2,11,18,55,0.0,0,33.4,0
2025-03-17 17:01:29,1,53,13.3,39,9.3,1027.1,13,18,47,0.0,0,32.7,0
2025-03-17 17:02:30,1,53,13.3,39,9.3,1027.0,9,23,61,0.0,0,32.1,0
2025-03-17 17:03:31,1,53,13.3,39,9.3,1027.2,11,23,91,0.0,0,31.5,0
2025-03-17 17:04:32,1,53,13.3,39,9.2,1027.1,11,20,54,0.0,0,30.8,0
2025-03-17 17:05:33,1,53,13.3,39,9.2,1027.2,14,16,20,0.0,0,30.1,0
2025-03-17 17:06:34,1,53,13.3,39,9.2,1027.1,8,16,35,0.0,0,29.5,0
2025-03-17 17:07:35,1,53,13.3,39,9.2,1027.1,14,21,48,0.0,0,29.0,0
2025-03-17 17:08:36,1,52,13.3,39,9.2,1027.1,9,23,34,0.0,0,28.3,0
2025-03-17 17:09:37,1,52,13.3,39,9.1,1027.2,11,23,28,0.0,0,27.7,0
2025-03-17 17:10:38,1,52,13.3,40,9.1,1027.1,12,20,27,0.0,0,27.0,0
2025-03-17 17:11:39,1,52,13.3,39,9.1,1027.1,12,18,92,0.0,0,26.3,0
2025-03-17 17:12:40,1,52,13.3,40,9.1,1027.2,9,18,47,0.0,0,25.6,0
2025-03-17 17:13:41,1,52,13.3,40,9.0,1027.2,8,18,60,0.0,0,25.1,0
2025-03-17 17:14:42,1,52,13.3,40,9.0,1027.2,9,11,65,0.0,0,24.4,0
2025-03-17 17:15:43,1,52,13.3,40,9.0,1027.2,12,14,55,0.0,0,23.7,0
2025-03-17 17:16:44,1,52,13.2,40,9.0,1027.1,10,14,46,0.0,0,23.0,0
2025-03-17 17:17:45,1,52,13.3,40,9.0,1027.3,14,21,41,0.0,0,22.4,0
2025-03-17 17:18:46,1,52,13.2,40,8.9,1027.2,14,21,34,0.0,0,21.8,0
2025-03-17 17:19:47,1,52,13.3,40,8.9,1027.3,15,20,29,0.0,0,21.1,0
2025-03-17 17:20:48,1,52,13.3,40,8.8,1027.3,12,20,67,0.0,0,20.4,0
2025-03-17 17:21:49,1,52,13.3,40,8.8,1027.2,6,18,39,0.0,0,19.6,0
2025-03-17 17:22:50,1,52,13.3,40,8.8,1027.3,8,16,47,0.0,0,18.9,0
2025-03-17 17:23:51,1,52,13.3,40,8.7,1027.4,14,20,32,0.0,0,18.4,0
2025-03-17 17:24:52,1,51,13.3,40,8.7,1027.3,13,20,35,0.0,0,17.7,0
2025-03-17 17:25:53,1,52,13.3,40,8.7,1027.4,13,23,49,0.0,0,17.0,0
2025-03-17 17:26:54,1,52,13.3,40,8.6,1027.4,8,20,63,0.0,0,16.3,0
2025-03-17 17:27:55,1,51,13.3,41,8.6,1027.3,13,16,44,0.0,0,15.7,0
2025-03-17 17:28:56,1,52,13.3,41,8.6,1027.4,7,20,78,0.0,0,15.0,0
2025-03-17 17:29:57,1,52,13.3,40,8.6,1027.4,11,20,44,0.0,0,14.5,0
2025-03-17 17:30:58,1,52,13.3,40,8.6,1027.4,6,16,24,0.0,0,13.8,0
2025-03-17 17:31:59,1,52,13.3,40,8.6,1027.4,12,16,60,0.0,0,13.2,0
2025-03-17 17:33:00,1,52,13.3,40,8.5,1027.5,7,16,67,0.0,0,12.5,0
2025-03-17 17:34:01,1,52,13.3,41,8.5,1027.3,9,16,45,0.0,0,11.9,0
2025-03-17 17:35:02,1,52,13.3,42,8.5,1027.5,9,12,52,0.0,0,11.4,0
2025-03-17 17:36:03,1,52,13.3,41,8.4,1027.4,7,14,34,0.0,0,10.8,0
2025-03-17 17:37:04,1,52,13.3,41,8.4,1027.4,13,20,80,0.0,0,10.2,0
2025-03-17 17:38:05,1,52,13.3,42,8.4,1027.5,8,20,72,0.0,0,9.5,0
2025-03-17 17:39:06,1,52,13.3,42,8.3,1027.3,7,20,29,0.0,0,8.9,0
2025-03-17 17:40:07,1,52,13.3,41,8.3,1027.4,12,20,15,0.0,0,8.4,0
2025-03-17 17:41:08,1,52,13.3,42,8.2,1027.4,13,20,36,0.0,0,8.0,0
2025-03-17 17:42:09,1,52,13.3,42,8.2,1027.4,8,20,40,0.0,0,7.4,0
2025-03-17 17:43:10,1,52,13.3,42,8.2,1027.4,11,21,56,0.0,0,6.9,0
2025-03-17 17:44:11,1,52,13.3,42,8.2,1027.5,10,21,44,0.0,0,6.3,0
2025-03-17 17:45:12,1,52,13.3,42,8.1,1027.5,14,18,33,0.0,0,5.8,0
2025-03-17 17:46:13,1,52,13.3,42,8.1,1027.6,9,18,92,0.0,0,5.5,0
2025-03-17 17:47:14,1,52,13.3,42,8.1,1027.5,11,18,38,0.0,0,5.0,0
2025-03-17 17:48:15,1,52,13.3,43,8.0,1027.6,12,18,54,0.0,0,4.6,0
2025-03-17 17:49:16,1,52,13.3,43,8.0,1027.6,8,18,59,0.0,0,4.1,0
2025-03-17 17:50:17,1,52,13.3,43,7.9,1027.6,7,12,28,0.0,0,3.7,0
2025-03-17 17:51:18,1,52,13.3,43,7.9,1027.6,9,20,46,0.0,0,3.5,0
2025-03-17 17:52:19,1,52,13.3,44,7.9,1027.7,6,20,41,0.0,0,3.1,0
2025-03-17 17:53:20,1,52,13.3,44,7.9,1027.5,11,14,81,0.0,0,2.8,0
2025-03-17 17:54:21,1,52,13.3,44,7.8,1027.5,7,16,47,0.0,0,2.5,0
2025-03-17 17:55:22,1,52,13.3,44,7.8,1027.5,11,16,40,0.0,0,2.2,0
2025-03-17 17:56:23,1,52,13.3,44,7.8,1027.6,10,16,48,0.0,0,2.0,0
2025-03-17 17:57:24,1,52,13.3,44,7.8,1027.5,6,12,41,0.0,0,1.7,0
2025-03-17 17:58:25,1,52,13.3,44,7.8,1027.4,7,16,20,0.0,0,1.5,0
2025-03-17 17:59:26,1,52,13.2,44,7.7,1027.6,11,16,21,0.0,0,1.3,0
2025-03-17 18:00:27,1,52,13.3,44,7.7,1027.7,9,20,35,0.0,0,1.1,0
2025-03-17 18:01:28,1,52,13.2,44,7.7,1027.5,13,20,52,0.0,0,1.0,0
2025-03-17 18:02:29,1,52,13.2,44,7.6,1027.7,12,20,48,0.0,0,0.8,0
2025-03-17 18:03:30,1,52,13.2,44,7.6,1027.7,8,20,21,0.0,0,0.7,0
2025-03-17 18:04:31,1,53,13.2,45,7.6,1027.7,11,16,42,0.0,0,0.6,0
2025-03-17 18:05:32,1,53,13.2,45,7.6,1027.7,3,16,30,0.0,0,0.5,0
2025-03-17 18:06:33,1,54,13.2,45,7.5,1027.7,9,16,10,0.0,0,0.4,0
2025-03-17 18:07:34,1,54,13.3,45,7.5,1027.7,12,18,39,0.0,0,0.4,0
2025-03-17 18:08:35,1,54,13.2,45,7.5,1027.7,8,18,31,0.0,0,0.3,0
2025-03-17 18:09:36,1,54,13.2,45,7.5,1027.8,10,16,39,0.0,0,0.2,0
2025-03-17 18:10:37,1,54,13.3,45,7.5,1027.8,7,14,42,0.0,0,0.2,0
2025-03-17 18:11:38,1,55,13.3,45,7.5,1027.6,9,16,40,0.0,0,0.2,0
2025-03-17 18:12:39,1,55,13.3,45,7.5,1027.7,11,18,40,0.0,0,0.1,0
2025-03-17 18:13:40,1,55,13.3,45,7.5,1027.7,5,18,61,0.0,0,0.1,0
2025-03-17 18:14:41,1,55,13.3,45,7.5,1027.8,7,12,14,0.0,0,0.1,0
2025-03-17 18:15:42,1,54,13.3,46,7.4,1028.0,5,14,43,0.0,0,0.1,0
2025-03-17 18:16:43,1,54,13.3,46,7.4,1027.7,6,14,17,0.0,0,0.1,0
2025-03-17 18:17:44,1,54,13.3,45,7.4,1027.8,9,12,49,0.0,0,0.1,0
2025-03-17 18:18:45,1,54,13.3,45,7.4,1027.9,9,16,76,0.0,0,0.1,0
2025-03-17 18:19:46,1,54,13.3,46,7.4,1027.9,7,16,52,0.0,0,0.0,0
2025-03-17 18:20:47,1,53,13.2,45,7.4,1027.9,13,18,49,0.0,0,0.0,0
2025-03-17 18:21:48,1,53,13.3,45,7.3,1027.9,11,16,51,0.0,0,0.0,0
2025-03-17 18:22:49,1,53,13.2,45,7.3,1027.7,10,16,73,0.0,0,0.0,0
2025-03-17 18:23:50,1,53,13.2,45,7.3,1027.9,9,16,61,0.0,0,0.0,0
2025-03-17 18:24:51,1,53,13.2,45,7.3,1027.8,8,16,83,0.0,0,0.0,0
2025-03-17 18:25:52,1,53,13.2,46,7.3,1027.9,8,16,33,0.0,0,0.0,0
2025-03-17 18:26:53,1,53,13.2,45,7.2,1027.9,10,20,14,0.0,0,0.0,0
2025-03-17 18:27:54,1,53,13.2,46,7.2,1027.8,7,20,29,0.0,0,0.0,0
2025-03-17 18:28:55,1,53,13.2,46,7.2,1027.9,7,18,28,0.0,0,0.0,0
2025-03-17 18:29:56,1,53,13.2,46,7.2,1027.8,7,14,37,0.0,0,0.0,0
2025-03-17 18:30:57,1,52,13.2,46,7.2,1027.9,7,14,70,0.0,0,0.0,0
2025-03-17 18:31:58,1,52,13.2,46,7.1,1027.9,6,14,69,0.0,0,0.0,0
2025-03-17 18:32:59,1,52,13.2,46,7.1,1028.0,6,14,9,0.0,0,0.0,0
2025-03-17 18:34:00,1,52,13.2,46,7.1,1028.0,8,14,30,0.0,0,0.0,0
2025-03-17 18:35:01,1,52,13.2,46,7.0,1028.0,9,14,34,0.0,0,0.0,0
2025-03-17 18:36:02,1,52,13.2,46,7.0,1027.9,10,16,85,0.0,0,0.0,0
2025-03-17 18:37:03,1,52,13.2,46,7.0,1028.1,11,14,34,0.0,0,0.0,0
2025-03-17 18:38:04,1,52,13.2,46,7.0,1028.1,3,14,35,0.0,0,0.0,0
2025-03-17 18:39:05,1,52,13.2,47,7.0,1027.9,6,14,32,0.0,0,0.0,0
2025-03-17 18:40:06,1,52,13.2,47,6.9,1028.0,9,16,63,0.0,0,0.0,0
2025-03-17 18:41:07,1,52,13.2,47,6.9,1027.9,9,16,53,0.0,0,0.0,0
2025-03-17 18:42:08,1,52,13.2,47,6.9,1027.9,10,16,46,0.0,0,0.0,0
2025-03-17 18:43:09,1,52,13.2,47,6.9,1027.9,9,14,44,0.0,0,0.0,0
2025-03-17 18:44:10,1,52,13.2,47,6.9,1027.9,11,14,37,0.0,0,0.0,0
2025-03-17 18:45:11,1,52,13.2,47,6.8,1028.0,12,16,61,0.0,0,0.0,0
2025-03-17 18:46:12,1,51,13.2,47,6.8,1028.0,13,16,81,0.0,0,0.0,0
2025-03-17 18:47:13,1,51,13.2,47,6.8,1028.2,10,18,70,0.0,0,0.0,0
2025-03-17 18:48:14,1,51,13.2,48,6.8,1028.0,10,18,76,0.0,0,0.0,0
2025-03-17 18:49:15,1,51,13.2,47,6.8,1028.1,9,14,69,0.0,0,0.0,0
2025-03-17 18:50:16,1,51,13.2,48,6.8,1028.0,3,12,72,0.0,0,0.0,0
2025-03-17 18:51:17,1,51,13.2,48,6.8,1028.2,11,16,91,0.0,0,0.0,0
2025-03-17 18:52:18,1,51,13.2,48,6.7,1028.1,10,16,52,0.0,0,0.0,0
2025-03-17 18:53:19,1,51,13.2,48,6.7,1028.0,13,18,72,0.0,0,0.0,0
2025-03-17 18:54:20,1,51,13.2,48,6.7,1028.0,9,18,56,0.0,0,0.0,0
2025-03-17 18:55:21,1,51,13.2,47,6.7,1027.9,4,18,52,0.0,0,0.0,0
2025-03-17 18:56:22,1,51,13.2,48,6.7,1028.2,11,18,38,0.0,0,0.0,0
2025-03-17 18:57:23,1,51,13.2,48,6.7,1028.1,6,16,42,0.0,0,0.0,0
2025-03-17 18:58:24,1,51,13.2,48,6.6,1028.1,7,16,29,0.0,0,0.0,0
2025-03-17 18:59:25,1,51,13.2,48,6.6,1028.0,5,14,57,0.0,0,0.0,0
2025-03-17 19:00:26,1,51,13.2,48,6.6,1028.1,9,16,27,0.0,0,0.0,0
2025-03-17 19:01:27,1,51,13.2,48,6.6,1028.0,7,16,13,0.0,0,0.0,0
2025-03-17 19:02:28,1,51,13.2,49,6.6,1028.3,10,18,68,0.0,0,0.0,0
2025-03-17 19:03:29,1,51,13.2,49,6.6,1028.2,11,18,49,0.0,0,0.0,0
2025-03-17 19:04:30,1,51,13.2,48,6.5,1028.2,13,18,53,0.0,0,0.0,0
2025-03-17 19:05:31,1,51,13.2,48,6.5,1028.3,6,18,32,0.0,0,0.0,0
2025-03-17 19:06:32,1,51,13.2,49,6.5,1028.2,11,14,43,0.0,0,0.0,0
2025-03-17 19:07:33,1,51,13.2,48,6.5,1028.3,12,14,45,0.0,0,0.0,0
2025-03-17 19:08:34,1,51,13.2,48,6.5,1028.2,11,16,37,0.0,0,0.0,0
2025-03-17 19:09:35,1,51,13.2,48,6.5,1028.3,7,18,56,0.0,0,0.0,0
2025-03-17 19:10:36,1,51,13.2,48,6.5,1028.3,11,14,56,0.0,0,0.0,0
2025-03-17 19:11:37,1,51,13.2,48,6.4,1028.3,6,16,51,0.0,0,0.0,0
2025-03-17 19:12:38,1,51,13.2,48,6.4,1028.3,11,16,33,0.0,0,0.0,0
2025-03-17 19:13:39,1,51,13.2,49,6.4,1028.3,4,16,44,0.0,0,0.0,0
2025-03-17 19:14:40,1,51,13.2,49,6.4,1028.4,7,11,14,0.0,0,0.0,0
2025-03-17 19:15:41,1,51,13.2,49,6.4,1028.2,12,18,102,0.0,0,0.0,0
2025-03-17 19:16:42,1,51,13.2,49,6.4,1028.3,6,18,34,0.0,0,0.0,0
2025-03-17 19:17:43,1,51,13.2,49,6.4,1028.2,6,12,17,0.0,0,0.0,0
2025-03-17 19:18:44,1,51,13.1,49,6.3,1028.2,12,16,56,0.0,0,0.0,0
2025-03-17 19:19:45,1,51,13.2,49,6.3,1028.1,9,16,36,0.0,0,0.0,0
2025-03-17 19:20:46,1,50,13.2,49,6.3,1028.2,2,12,31,0.0,0,0.0,0
2025-03-17 19:21:47,1,50,13.2,49,6.3,1028.2,8,16,41,0.0,0,0.0,0
2025-03-17 19:22:48,1,50,13.1,49,6.3,1028.3,7,16,67,0.0,0,0.0,0
2025-03-17 19:23:49,1,50,13.1,49,6.2,1028.3,10,12,61,0.0,0,0.0,0
2025-03-17 19:24:50,1,50,13.1,49,6.2,1028.1,7,12,29,0.0,0,0.0,0
2025-03-17 19:25:51,1,50,13.1,49,6.2,1028.2,9,14,55,0.0,0,0.0,0
2025-03-17 19:26:52,1,50,13.1,50,6.2,1028.2,6,14,37,0.0,0,0.0,0
2025-03-17 19:27:53,1,50,13.1,50,6.2,1028.3,7,12,38,0.0,0,0.0,0
2025-03-17 19:28:54,1,50,13.1,50,6.1,1028.2,11,12,52,0.0,0,0.0,0
2025-03-17 19:29:55,1,50,13.1,50,6.1,1028.2,6,12,41,0.0,0,0.0,0
2025-03-17 19:30:56,1,50,13.1,50,6.1,1028.3,6,9,42,0.0,0,0.0,0
2025-03-17 19:31:57,1,50,13.1,50,6.1,1028.2,5,9,19,0.0,0,0.0,0
2025-03-17 19:32:58,1,50,13.1,51,6.0,1028.3,6,11,52,0.0,0,0.0,0
2025-03-17 19:33:59,1,50,13.1,50,6.0,1028.4,3,11,74,0.0,0,0.0,0
2025-03-17 19:35:00,1,50,13.1,50,6.0,1028.3,6,11,51,0.0,0,0.0,0
2025-03-17 19:36:01,1,50,13.1,50,6.0,1028.2,8,12,50,0.0,0,0.0,0
2025-03-17 19:37:02,1,50,13.1,50,6.0,1028.2,6,12,74,0.0,0,0.0,0
2025-03-17 19:38:03,1,50,13.1,50,6.0,1028.4,6,12,72,0.0,0,0.0,0
2025-03-17 19:39:04,1,50,13.1,50,5.9,1028.2,7,11,113,0.0,0,0.0,0
2025-03-17 19:40:05,1,50,13.1,50,5.9,1028.4,10,14,68,0.0,0,0.0,0
2025-03-17 19:41:06,1,50,13.1,50,6.0,1028.4,4,14,36,0.0,0,0.0,0
2025-03-17 19:42:07,1,50,13.1,50,6.0,1028.5,7,12,39,0.0,0,0.0,0
2025-03-17 19:43:08,1,50,13.1,49,5.9,1028.5,9,14,55,0.0,0,0.0,0
2025-03-17 19:44:09,1,50,13.1,49,5.9,1028.3,8,14,17,0.0,0,0.0,0
2025-03-17 19:45:10,1,50,13.1,49,5.9,1028.3,8,16,58,0.0,0,0.0,0
2025-03-17 19:46:11,1,50,13.1,49,6.0,1028.3,7,16,19,0.0,0,0.0,0
2025-03-17 19:47:12,1,50,13.1,50,6.0,1028.3,6,11,39,0.0,0,0.0,0
2025-03-17 19:48:13,1,50,13.1,50,5.9,1028.3,3,11,24,0.0,0,0.0,0
2025-03-17 19:49:14,1,50,13.0,50,5.9,1028.3,7,14,22,0.0,0,0.0,0
2025-03-17 19:50:15,1,50,13.1,50,5.9,1028.4,6,14,83,0.0,0,0.0,0
2025-03-17 19:51:16,1,50,13.1,50,5.9,1028.3,3,14,29,0.0,0,0.0,0
2025-03-17 19:52:17,1,50,13.0,50,5.9,1028.4,2,14,37,0.0,0,0.0,0
2025-03-17 19:53:18,1,49,13.1,51,5.8,1028.5,7,11,25,0.0,0,0.0,0
2025-03-17 19:54:19,1,49,13.0,51,5.8,1028.4,4,11,48,0.0,0,0.0,0
2025-03-17 19:55:20,1,49,13.1,51,5.7,1028.5,3,9,24,0.0,0,0.0,0
2025-03-17 19:56:21,1,49,13.0,51,5.7,1028.5,5,11,26,0.0,0,0.0,0
2025-03-17 19:57:22,1,49,13.0,51,5.7,1028.4,3,11,30,0.0,0,0.0,0
2025-03-17 19:58:23,1,49,13.0,51,5.6,1028.4,1,9,26,0.0,0,0.0,0
2025-03-17 19:59:24,1,49,13.0,51,5.6,1028.4,4,7,38,0.0,0,0.0,0
2025-03-17 20:00:25,1,49,13.0,51,5.5,1028.3,2,7,16,0.0,0,0.0,0
2025-03-17 20:01:26,1,49,13.0,51,5.5,1028.4,4,7,37,0.0,0,0.0,0
2025-03-17 20:02:27,1,49,13.0,51,5.5,1028.3,3,7,44,0.0,0,0.0,0
2025-03-17 20:03:28,1,49,13.0,51,5.5,1028.4,2,7,41,0.0,0,0.0,0
2025-03-17 20:04:29,1,49,13.0,51,5.4,1028.5,5,7,59,0.0,0,0.0,0
2025-03-17 20:05:30,1,49,13.0,51,5.3,1028.4,4,9,80,0.0,0,0.0,0
2025-03-17 20:06:31,1,49,13.0,52,5.3,1028.4,5,7,47,0.0,0,0.0,0
2025-03-17 20:07:32,1,49,13.0,51,5.3,1028.4,8,9,39,0.0,0,0.0,0
2025-03-17 20:08:33,1,49,13.0,52,5.3,1028.4,7,9,18,0.0,0,0.0,0
2025-03-17 20:09:34,1,49,13.0,52,5.3,1028.3,6,11,47,0.0,0,0.0,0
2025-03-17 20:10:35,1,49,13.0,52,5.3,1028.3,2,11,42,0.0,0,0.0,0
2025-03-17 20:11:36,1,49,13.0,52,5.3,1028.4,4,9,43,0.0,0,0.0,0
2025-03-17 20:12:37,1,49,13.0,52,5.3,1028.4,5,11,14,0.0,0,0.0,0
2025-03-17 20:13:38,1,49,13.0,52,5.3,1028.3,5,11,39,0.0,0,0.0,0
2025-03-17 20:14:39,1,49,13.0,51,5.3,1028.4,6,11,36,0.0,0,0.0,0
2025-03-17 20:15:40,1,49,13.0,52,5.2,1028.5,5,7,57,0.0,0,0.0,0
2025-03-17 20:16:41,1,49,13.0,52,5.2,1028.4,4,7,56,0.0,0,0.0,0
2025-03-17 20:17:42,1,49,13.0,52,5.2,1028.4,8,9,30,0.0,0,0.0,0
2025-03-17 20:18:43,1,49,13.0,52,5.2,1028.7,2,9,10,0.0,0,0.0,0
2025-03-17 20:19:44,1,49,13.0,52,5.2,1028.6,4,7,35,0.0,0,0.0,0
2025-03-17 20:20:45,1,49,13.0,52,5.2,1028.5,5,11,35,0.0,0,0.0,0
2025-03-17 20:21:46,1,49,13.0,52,5.1,1028.4,4,7,18,0.0,0,0.0,0
2025-03-17 20:22:47,1,49,13.0,52,5.1,1028.6,2,7,57,0.0,0,0.0,0
2025-03-17 20:23:48,1,49,13.0,52,5.1,1028.5,0,7,30,0.0,0,0.0,0
2025-03-17 20:24:49,1,49,13.0,52,5.1,1028.5,2,5,37,0.0,0,0.0,0
2025-03-17 20:25:50,1,49,13.0,52,5.1,1028.5,2,7,40,0.0,0,0.0,0
2025-03-17 20:26:51,1,49,13.0,52,5.0,1028.6,2,5,31,0.0,0,0.0,0
2025-03-17 20:27:52,1,49,13.0,52,5.0,1028.5,3,5,48,0.0,0,0.0,0
2025-03-17 20:28:53,1,48,13.0,53,5.0,1028.6,5,9,35,0.0,0,0.0,0
2025-03-17 20:29:54,1,48,13.0,53,5.0,1028.7,2,9,55,0.0,0,0.0,0
2025-03-17 20:30:55,1,48,13.0,53,4.9,1028.5,4,7,45,0.0,0,0.0,0
2025-03-17 20:31:56,1,48,13.0,53,4.9,1028.5,5,9,43,0.0,0,0.0,0
2025-03-17 20:32:57,1,48,13.0,52,4.9,1028.7,2,9,38,0.0,0,0.0,0
2025-03-17 20:33:58,1,48,13.0,52,4.9,1028.6,2,9,52,0.0,0,0.0,0
2025-03-17 20:34:59,1,48,13.0,53,4.9,1028.5,2,9,18,0.0,0,0.0,0
2025-03-17 20:36:00,1,48,13.0,53,4.9,1028.6,3,9,40,0.0,0,0.0,0
2025-03-17 20:37:01,1,48,13.0,53,4.9,1028.2,5,9,54,0.0,0,0.0,0
2025-03-17 20:38:02,1,48,13.0,53,4.8,1028.5,7,11,41,0.0,0,0.0,0
2025-03-17 20:39:03,1,48,13.0,53,4.8,1028.6,3,11,30,0.0,0,0.0,0
2025-03-17 20:40:04,1,48,12.9,53,4.8,1028.5,3,5,23,0.0,0,0.0,0
2025-03-17 20:41:05,1,48,12.9,53,4.8,1028.6,2,5,34,0.0,0,0.0,0
2025-03-17 20:42:06,1,48,12.9,53,4.8,1028.7,3,9,45,0.0,0,0.0,0
2025-03-17 20:43:07,1,47,12.9,53,4.8,1028.6,3,9,26,0.0,0,0.0,0
2025-03-17 20:44:08,1,47,12.9,53,4.8,1028.7,3,9,48,0.0,0,0.0,0
2025-03-17 20:45:09,1,47,12.9,53,4.8,1028.7,0,9,18,0.0,0,0.0,0
2025-03-17 20:46:10,1,47,12.9,53,4.8,1028.7,4,7,40,0.0,0,0.0,0
2025-03-17 20:47:11,1,47,12.9,53,4.7,1028.5,2,5,31,0.0,0,0.0,0
2025-03-17 20:48:12,1,48,12.9,54,4.7,1028.7,5,9,22,0.0,0,0.0,0
2025-03-17 20:49:13,1,47,12.9,53,4.7,1028.7,4,9,38,0.0,0,0.0,0
2025-03-17 20:50:14,1,48,12.9,53,4.7,1028.6,2,7,49,0.0,0,0.0,0
2025-03-17 20:51:15,1,48,12.9,53,4.7,1028.6,4,7,39,0.0,0,0.0,0
2025-03-17 20:52:17,1,48,12.9,53,4.7,1028.6,4,9,52,0.0,0,0.0,0
2025-03-17 20:53:18,1,47,12.9,53,4.7,1028.6,6,11,17,0.0,0,0.0,0
2025-03-17 20:54:19,1,47,12.9,53,4.7,1028.6,5,11,50,0.0,0,0.0,0
2025-03-17 20:55:20,1,47,12.9,53,4.7,1028.8,4,9,27,0.0,0,0.0,0
2025-03-17 20:56:21,1,48,12.9,53,4.7,1028.4,4,11,38,0.0,0,0.0,0
2025-03-17 20:57:22,1,48,12.9,53,4.7,1028.6,1,9,36,0.0,0,0.0,0
2025-03-17 20:58:23,1,48,12.9,53,4.7,1028.6,3,5,42,0.0,0,0.0,0
2025-03-17 20:59:24,1,47,12.9,53,4.7,1028.7,6,12,44,0.0,0,0.0,0
2025-03-17 21:00:25,1,47,12.9,52,4.6,1028.8,5,12,23,0.0,0,0.0,0
2025-03-17 21:01:26,1,47,12.9,52,4.6,1028.7,4,11,27,0.0,0,0.0,0
2025-03-17 21:02:27,1,47,12.9,53,4.6,1028.7,5,9,40,0.0,0,0.0,0
2025-03-17 21:03:28,1,47,12.9,53,4.6,1028.6,4,9,17,0.0,0,0.0,0
2025-03-17 21:04:29,1,47,12.9,53,4.5,1028.7,3,9,49,0.0,0,0.0,0
2025-03-17 21:05:30,1,47,12.9,54,4.5,1028.7,2,7,24,0.0,0,0.0,0
2025-03-17 21:06:31,1,47,12.9,54,4.5,1028.7,4,7,50,0.0,0,0.0,0
2025-03-17 21:07:32,1,47,12.9,54,4.4,1028.7,4,7,27,0.0,0,0.0,0
2025-03-17 21:08:33,1,47,12.9,54,4.4,1028.7,3,7,53,0.0,0,0.0,0
2025-03-17 21:09:34,1,47,12.9,54,4.4,1028.7,2,7,44,0.0,0,0.0,0
2025-03-17 21:10:35,1,47,12.9,53,4.4,1028.6,4,7,52,0.0,0,0.0,0
2025-03-17 21:11:36,1,47,12.9,53,4.4,1028.7,5,7,56,0.0,0,0.0,0
2025-03-17 21:12:37,1,47,12.9,54,4.4,1028.7,6,11,60,0.0,0,0.0,0
2025-03-17 21:13:38,1,47,12.9,53,4.4,1028.6,5,11,35,0.0,0,0.0,0
2025-03-17 21:14:39,1,47,12.9,54,4.4,1028.5,5,11,31,0.0,0,0.0,0
2025-03-17 21:15:40,1,47,12.9,54,4.4,1028.7,3,12,22,0.0,0,0.0,0
2025-03-17 21:16:41,1,47,12.9,53,4.4,1028.7,9,12,35,0.0,0,0.0,0
2025-03-17 21:17:42,1,47,12.9,54,4.4,1028.6,3,12,47,0.0,0,0.0,0
2025-03-17 21:18:43,1,47,12.9,54,4.4,1028.6,2,9,51,0.0,0,0.0,0
2025-03-17 21:19:44,1,47,12.9,54,4.4,1028.7,7,12,26,0.0,0,0.0,0
2025-03-17 21:20:45,1,46,12.8,54,4.4,1028.7,2,12,51,0.0,0,0.0,0
2025-03-17 21:21:46,1,46,12.8,54,4.3,1028.8,6,11,58,0.0,0,0.0,0
2025-03-17 21:22:47,1,46,12.8,54,4.3,1028.7,3,11,35,0.0,0,0.0,0
2025-03-17 21:23:48,1,46,12.9,54,4.3,1028.7,6,11,45,0.0,0,0.0,0
2025-03-17 21:24:49,1,46,12.8,54,4.3,1028.6,0,11,31,0.0,0,0.0,0
2025-03-17 21:25:50,1,46,12.8,54,4.3,1028.8,1,7,24,0.0,0,0.0,0
2025-03-17 21:26:51,1,46,12.8,54,4.3,1028.7,8,14,37,0.0,0,0.0,0
2025-03-17 21:27:52,1,46,12.8,53,4.3,1028.7,2,14,48,0.0,0,0.0,0
2025-03-17 21:28:53,1,46,12.8,53,4.3,1028.9,7,11,47,0.0,0,0.0,0
2025-03-17 21:29:54,1,46,12.8,53,4.3,1028.8,6,11,57,0.0,0,0.0,0
2025-03-17 21:30:55,1,46,12.8,53,4.2,1028.7,7,9,39,0.0,0,0.0,0
2025-03-17 21:31:56,1,46,12.8,54,4.2,1028.8,3,9,37,0.0,0,0.0,0
2025-03-17 21:32:57,1,46,12.8,53,4.2,1028.5,6,9,32,0.0,0,0.0,0
2025-03-17 21:33:58,1,46,12.8,53,4.2,1028.6,7,11,42,0.0,0,0.0,0
2025-03-17 21:34:59,1,46,12.8,53,4.2,1028.8,3,11,43,0.0,0,0.0,0
2025-03-17 21:36:00,1,45,12.8,53,4.2,1028.7,7,11,44,0.0,0,0.0,0
2025-03-17 21:37:01,1,45,12.8,53,4.2,1028.7,7,11,43,0.0,0,0.0,0
2025-03-17 21:38:02,1,45,12.8,54,4.2,1028.8,6,11,36,0.0,0,0.0,0
2025-03-17 21:39:03,1,45,12.8,54,4.2,1028.7,7,11,38,0.0,0,0.0,0
2025-03-17 21:40:04,1,46,12.8,54,4.2,1028.8,4,9,32,0.0,0,0.0,0
2025-03-17 21:41:05,1,46,12.8,54,4.2,1028.6,5,9,13,0.0,0,0.0,0
2025-03-17 21:42:06,1,46,12.8,54,4.1,1028.7,9,11,104,0.0,0,0.0,0
2025-03-17 21:43:07,1,46,12.8,54,4.1,1028.6,3,11,30,0.0,0,0.0,0
2025-03-17 21:44:08,1,46,12.8,54,4.2,1028.6,3,11,39,0.0,0,0.0,0
2025-03-17 21:45:09,1,46,12.8,54,4.2,1028.6,8,11,38,0.0,0,0.0,0
2025-03-17 21:46:10,1,45,12.8,54,4.1,1028.6,4,11,40,0.0,0,0.0,0
2025-03-17 21:47:11,1,45,12.8,54,4.1,1028.6,3,7,58,0.0,0,0.0,0
2025-03-17 21:48:12,1,45,12.8,54,4.1,1028.9,5,14,53,0.0,0,0.0,0
2025-03-17 21:49:13,1,45,12.8,54,4.1,1028.6,5,14,63,0.0,0,0.0,0
2025-03-17 21:50:14,1,45,12.8,54,4.1,1028.7,6,14,39,0.0,0,0.0,0
2025-03-17 21:51:15,1,45,12.8,54,4.1,1028.7,6,11,27,0.0,0,0.0,0
2025-03-17 21:52:16,1,45,12.8,54,4.1,1028.7,7,12,56,0.0,0,0.0,0
2025-03-17 21:53:17,1,45,12.8,54,4.0,1028.8,5,12,68,0.0,0,0.0,0
2025-03-17 21:54:18,1,45,12.8,54,4.0,1028.7,5,16,63,0.0,0,0.0,0
2025-03-17 21:55:19,1,45,12.8,53,4.0,1028.6,14,18,55,0.0,0,0.0,0
2025-03-17 21:56:20,1,45,12.8,54,4.0,1028.8,7,18,19,0.0,0,0.0,0
2025-03-17 21:57:21,1,45,12.8,54,4.0,1028.8,4,14,32,0.0,0,0.0,0
2025-03-17 21:58:22,1,45,12.8,54,4.0,1028.7,4,14,46,0.0,0,0.0,0
2025-03-17 21:59:23,1,45,12.8,54,4.0,1028.8,11,16,26,0.0,0,0.0,0
2025-03-17 22:00:24,1,45,12.7,54,4.0,1028.6,5,16,49,0.0,0,0.0,0
2025-03-17 22:01:25,1,45,12.8,54,3.9,1028.7,6,11,40,0.0,0,0.0,0
2025-03-17 22:02:26,1,44,12.7,54,3.9,1028.8,10,11,42,0.0,0,0.0,0
2025-03-17 22:03:27,1,44,12.7,54,3.9,1028.8,11,16,51,0.0,0,0.0,0
2025-03-17 22:04:28,1,44,12.7,54,3.9,1028.7,6,16,26,0.0,0,0.0,0
2025-03-17 22:05:29,1,44,12.7,54,3.8,1028.8,5,14,67,0.0,0,0.0,0
2025-03-17 22:06:30,1,44,12.7,54,3.8,1028.7,7,14,48,0.0,0,0.0,0
2025-03-17 22:07:31,1,44,12.7,54,3.8,1028.6,9,14,37,0.0,0,0.0,0
2025-03-17 22:08:32,1,44,12.7,55,3.8,1028.7,5,14,51,0.0,0,0.0,0
2025-03-17 22:09:33,1,44,12.7,54,3.8,1028.7,8,12,65,0.0,0,0.0,0
2025-03-17 22:10:34,1,44,12.7,54,3.8,1028.8,9,16,52,0.0,0,0.0,0
2025-03-17 22:11:35,1,44,12.7,54,3.8,1028.7,6,12,57,0.0,0,0.0,0
2025-03-17 22:12:36,1,44,12.7,55,3.8,1028.7,8,12,41,0.0,0,0.0,0
2025-03-17 22:13:37,1,44,12.7,55,3.7,1028.6,6,14,27,0.0,0,0.0,0
2025-03-17 22:14:38,1,44,12.7,55,3.7,1028.7,7,12,59,0.0,0,0.0,0
2025-03-17 22:15:39,1,44,12.7,55,3.7,1028.7,5,12,46,0.0,0,0.0,0
2025-03-17 22:16:40,1,44,12.7,55,3.7,1028.6,12,21,68,0.0,0,0.0,0
2025-03-17 22:17:41,1,44,12.7,54,3.7,1028.6,8,21,87,0.0,0,0.0,0
2025-03-17 22:18:42,1,44,12.7,54,3.7,1028.6,8,16,61,0.0,0,0.0,0
2025-03-17 22:19:43,1,44,12.7,55,3.7,1028.6,8,16,50,0.0,0,0.0,0
2025-03-17 22:20:44,1,44,12.7,55,3.7,1028.6,8,12,43,0.0,0,0.0,0
2025-03-17 22:21:45,1,44,12.7,55,3.7,1028.6,8,14,33,0.0,0,0.0,0
2025-03-17 22:22:46,1,44,12.7,54,3.7,1028.6,7,18,37,0.0,0,0.0,0
2025-03-17 22:23:47,1,44,12.7,55,3.6,1028.7,7,12,54,0.0,0,0.0,0
2025-03-17 22:24:48,1,44,12.6,54,3.6,1028.5,7,18,62,0.0,0,0.0,0
2025-03-17 22:25:49,1,44,12.7,54,3.6,1028.5,7,16,31,0.0,0,0.0,0
2025-03-17 22:26:50,1,43,12.7,54,3.6,1028.4,6,14,40,0.0,0,0.0,0
2025-03-17 22:27:51,1,43,12.7,54,3.6,1028.5,7,14,39,0.0,0,0.0,0
2025-03-17 22:28:52,1,43,12.7,54,3.6,1028.5,8,14,131,0.0,0,0.0,0
2025-03-17 22:29:53,1,43,12.7,54,3.6,1028.3,12,16,31,0.0,0,0.0,0
2025-03-17 22:30:54,1,43,12.7,55,3.6,1028.4,5,16,24,0.0,0,0.0,0
2025-03-17 22:31:55,1,43,12.7,55,3.6,1028.6,7,14,47,0.0,0,0.0,0
2025-03-17 22:32:56,1,43,12.7,55,3.6,1028.4,6,16,11,0.0,0,0.0,0
2025-03-17 22:33:57,1,43,12.7,55,3.6,1028.3,7,14,77,0.0,0,0.0,0
2025-03-17 22:34:58,1,43,12.7,55,3.5,1028.5,7,14,57,0.0,0,0.0,0
2025-03-17 22:35:59,1,43,12.6,55,3.5,1028.4,9,18,61,0.0,0,0.0,0
2025-03-17 22:37:00,1,43,12.6,55,3.5,1028.3,10,14,81,0.0,0,0.0,0
2025-03-17 22:38:01,1,43,12.6,55,3.5,1028.2,10,14,44,0.0,0,0.0,0
2025-03-17 22:39:02,1,43,12.6,55,3.5,1028.4,8,14,30,0.0,0,0.0,0
2025-03-17 22:40:03,1,43,12.6,55,3.5,1028.4,8,14,52,0.0,0,0.0,0
2025-03-17 22:41:04,1,43,12.6,55,3.5,1028.3,6,14,18,0.0,0,0.0,0
2025-03-17 22:42:05,1,43,12.6,55,3.5,1028.3,6,12,34,0.0,0,0.0,0
2025-03-17 22:43:06,1,43,12.6,55,3.5,1028.4,7,14,41,0.0,0,0.0,0
2025-03-17 22:44:07,1,43,12.6,55,3.4,1028.4,8,14,52,0.0,0,0.0,0
2025-03-17 22:45:08,1,43,12.6,55,3.4,1028.4,8,14,28,0.0,0,0.0,0
2025-03-17 22:46:09,1,43,12.6,56,3.4,1028.3,6,14,39,0.0,0,0.0,0
2025-03-17 22:47:10,1,43,12.6,55,3.4,1028.3,10,14,23,0.0,0,0.0,0
2025-03-17 22:48:11,1,43,12.6,55,3.4,1028.1,9,14,31,0.0,0,0.0,0
2025-03-17 22:49:12,1,43,12.6,56,3.4,1028.4,7,11,41,0.0,0,0.0,0
2025-03-17 22:50:13,1,43,12.6,55,3.4,1028.3,8,16,31,0.0,0,0.0,0
2025-03-17 22:51:14,1,43,12.6,55,3.4,1028.4,8,12,37,0.0,0,0.0,0
2025-03-17 22:52:15,1,43,12.6,55,3.4,1028.3,3,12,31,0.0,0,0.0,0
2025-03-17 22:53:16,1,43,12.6,55,3.4,1028.2,6,14,85,0.0,0,0.0,0
2025-03-17 22:54:17,1,43,12.6,55,3.4,1028.4,4,14,57,0.0,0,0.0,0
2025-03-17 22:55:18,1,43,12.6,56,3.4,1028.2,6,14,58,0.0,0,0.0,0
2025-03-17 22:56:19,1,42,12.6,55,3.4,1028.4,10,18,33,0.0,0,0.0,0
2025-03-17 22:57:20,1,43,12.6,55,3.4,1028.3,6,18,72,0.0,0,0.0,0
2025-03-17 22:58:21,1,42,12.6,55,3.5,1028.2,10,16,30,0.0,0,0.0,0
2025-03-17 22:59:22,1,42,12.6,55,3.5,1028.3,8,16,38,0.0,0,0.0,0
2025-03-17 23:00:23,1,42,12.6,55,3.5,1028.3,10,12,51,0.0,0,0.0,0
2025-03-17 23:01:24,1,42,12.6,56,3.5,1028.3,5,12,27,0.0,0,0.0,0
2025-03-17 23:02:25,1,42,12.6,55,3.5,1028.1,5,14,60,0.0,0,0.0,0
2025-03-17 23:03:26,1,42,12.6,55,3.5,1028.2,10,14,42,0.0,0,0.0,0
2025-03-17 23:04:27,1,42,12.6,56,3.5,1028.3,5,14,49,0.0,0,0.0,0
2025-03-17 23:05:28,1,42,12.6,56,3.5,1028.2,7,11,39,0.0,0,0.0,0
2025-03-17 23:06:29,1,42,12.6,56,3.5,1028.3,7,12,57,0.0,0,0.0,0
2025-03-17 23:07:30,1,42,12.6,56,3.5,1028.3,8,12,65,0.0,0,0.0,0
2025-03-17 23:08:31,1,42,12.6,56,3.5,1028.2,4,12,29,0.0,0,0.0,0
2025-03-17 23:09:32,1,42,12.6,56,3.5,1028.1,4,14,84,0.0,0,0.0,0
2025-03-17 23:10:33,1,42,12.6,56,3.5,1028.2,7,14,24,0.0,0,0.0,0
2025-03-17 23:11:34,1,42,12.6,56,3.5,1028.2,3,9,28,0.0,0,0.0,0
2025-03-17 23:12:35,1,42,12.6,56,3.5,1028.2,5,11,34,0.0,0,0.0,0
2025-03-17 23:13:36,1,42,12.6,56,3.5,1028.3,5,12,33,0.0,0,0.0,0
2025-03-17 23:14:37,1,42,12.6,56,3.5,1028.2,5,12,32,0.0,0,0.0,0
2025-03-17 23:15:38,1,42,12.6,55,3.5,1028.2,4,14,17,0.0,0,0.0,0
2025-03-17 23:16:39,1,42,12.6,55,3.5,1028.2,3,12,53,0.0,0,0.0,0
2025-03-17 23:17:40,1,42,12.6,56,3.5,1028.3,2,12,27,0.0,0,0.0,0
2025-03-17 23:18:41,1,42,12.6,55,3.6,1028.2,4,9,39,0.0,0,0.0,0
2025-03-17 23:19:42,1,42,12.6,56,3.6,1028.2,9,12,32,0.0,0,0.0,0
2025-03-17 23:20:43,1,42,12.6,56,3.6,1028.3,6,12,37,0.0,0,0.0,0
2025-03-17 23:21:44,1,42,12.6,56,3.6,1028.3,2,12,66,0.0,0,0.0,0
2025-03-17 23:22:45,1,42,12.6,55,3.6,1028.2,5,9,45,0.0,0,0.0,0
2025-03-17 23:23:46,1,42,12.5,53,3.7,1028.2,2,11,52,0.0,0,0.0,0
2025-03-17 23:24:47,1,42,12.5,53,3.8,1028.1,2,9,27,0.0,0,0.0,0
2025-03-17 23:25:48,1,42,12.6,53,3.9,1028.3,9,14,37,0.0,0,0.0,0
2025-03-17 23:26:49,1,42,12.6,53,4.0,1028.2,7,14,62,0.0,0,0.0,0
2025-03-17 23:27:50,1,42,12.6,52,4.0,1028.3,3,12,51,0.0,0,0.0,0
2025-03-17 23:28:51,1,42,12.6,52,4.1,1028.4,7,12,37,0.0,0,0.0,0
2025-03-17 23:29:52,1,42,12.6,52,4.1,1028.4,8,12,67,0.0,0,0.0,0
2025-03-17 23:30:53,1,42,12.6,52,4.2,1028.3,3,12,96,0.0,0,0.0,0
2025-03-17 23:31:57,1,42,12.6,51,4.2,1028.4,4,11,32,0.0,0,0.0,0
2025-03-17 23:32:55,1,42,12.6,52,4.2,1028.4,11,16,50,0.0,0,0.0,0
2025-03-17 23:33:56,1,42,12.6,52,4.2,1028.5,6,16,25,0.0,0,0.0,0
2025-03-17 23:34:57,1,42,12.6,52,4.2,1028.2,5,12,46,0.0,0,0.0,0
2025-03-17 23:35:58,1,42,12.6,52,4.2,1028.3,5,12,110,0.0,0,0.0,0
2025-03-17 23:36:59,1,42,12.6,51,4.2,1028.3,5,18,56,0.0,0,0.0,0
2025-03-17 23:38:00,1,42,12.6,51,4.2,1028.2,7,18,77,0.0,0,0.0,0
2025-03-17 23:39:01,1,42,12.6,51,4.2,1028.4,5,11,57,0.0,0,0.0,0
2025-03-17 23:40:02,1,42,12.6,51,4.2,1028.3,5,12,51,0.0,0,0.0,0
2025-03-17 23:41:03,1,42,12.6,51,4.2,1028.4,7,12,34,0.0,0,0.0,0
2025-03-17 23:42:04,1,42,12.6,52,4.1,1028.3,8,14,70,0.0,0,0.0,0
2025-03-17 23:43:05,1,42,12.6,51,4.1,1028.2,5,14,330,0.0,0,0.0,0
2025-03-17 23:44:06,1,42,12.6,51,4.1,1028.2,11,16,53,0.0,0,0.0,0
2025-03-17 23:45:07,1,42,12.6,51,4.2,1028.3,6,16,57,0.0,0,0.0,0
2025-03-17 23:46:08,1,42,12.6,51,4.2,1028.4,1,11,51,0.0,0,0.0,0
2025-03-17 23:47:09,1,42,12.6,51,4.2,1028.4,7,12,58,0.0,0,0.0,0
2025-03-17 23:48:10,1,42,12.6,51,4.1,1028.3,5,12,33,0.0,0,0.0,0
2025-03-17 23:49:11,1,42,12.6,51,4.1,1028.3,6,12,39,0.0,0,0.0,0
2025-03-17 23:50:12,1,42,12.6,51,4.1,1028.4,2,9,354,0.0,0,0.0,0
2025-03-17 23:51:13,1,42,12.6,51,4.1,1028.1,6,11,59,0.0,0,0.0,0
2025-03-17 23:52:14,1,42,12.6,51,4.1,1028.2,7,12,26,0.0,0,0.0,0
2025-03-17 23:53:15,1,42,12.6,51,4.1,1028.2,1,12,64,0.0,0,0.0,0
2025-03-17 23:54:16,1,41,12.6,51,4.0,1028.4,2,9,56,0.0,0,0.0,0
2025-03-17 23:55:17,1,41,12.6,51,4.0,1028.3,5,11,90,0.0,0,0.0,0
2025-03-17 23:56:18,1,41,12.6,51,4.0,1028.3,3,11,54,0.0,0,0.0,0
2025-03-17 23:57:19,1,41,12.5,51,4.0,1028.4,9,12,81,0.0,0,0.0,0
2025-03-17 23:58:20,1,41,12.6,51,4.0,1028.4,0,12,49,0.0,0,0.0,0
2025-03-17 23:59:21,1,41,12.6,52,3.9,1028.3,2,7,336,0.0,0,0.0,0
