2025-03-31 00:00:21,1,57,15.5,76,8.0,1022.1,7,11,4,0.0,0,0.0,0
2025-03-31 00:01:22,1,57,15.5,76,8.0,1022.4,8,16,357,0.0,0,0.0,0
2025-03-31 00:02:23,1,57,15.5,76,8.0,1022.2,6,25,17,0.0,0,0.0,0
2025-03-31 00:03:24,1,57,15.5,76,8.0,1022.3,5,21,17,0.0,0,0.0,0
2025-03-31 00:04:25,1,57,15.5,76,8.0,1022.3,10,21,18,0.0,0,0.0,0
2025-03-31 00:05:26,1,57,15.5,76,8.0,1022.2,9,18,355,0.0,0,0.0,0
2025-03-31 00:06:27,1,57,15.5,76,8.0,1022.2,5,16,334,0.0,0,0.0,0
2025-03-31 00:07:28,1,56,15.5,76,8.0,1022.2,3,9,31,0.0,0,0.0,0
2025-03-31 00:08:29,1,56,15.5,76,8.0,1022.2,6,16,23,0.0,0,0.0,0
2025-03-31 00:09:30,1,56,15.5,76,8.0,1022.2,2,12,40,0.0,0,0.0,0
2025-03-31 00:10:31,1,57,15.5,76,8.0,1022.0,1,11,15,0.0,0,0.0,0
2025-03-31 00:11:32,1,56,15.5,76,7.9,1022.2,7,11,45,0.0,0,0.0,0
2025-03-31 00:12:33,1,57,15.5,76,7.9,1022.3,5,16,80,0.0,0,0.0,0
2025-03-31 00:13:34,1,56,15.5,76,7.9,1022.2,2,12,47,0.0,0,0.0,0
2025-03-31 00:14:35,1,56,15.5,76,7.9,1022.1,8,12,21,0.0,0,0.0,0
2025-03-31 00:15:36,1,57,15.5,77,7.9,1022.2,5,11,17,0.0,0,0.0,0
2025-03-31 00:16:37,1,57,15.5,77,7.8,1022.0,2,14,55,0.0,0,0.0,0
2025-03-31 00:17:38,1,57,15.5,77,7.8,1022.2,6,11,342,0.0,0,0.0,0
2025-03-31 00:18:39,1,57,15.5,77,7.8,1022.3,2,9,36,0.0,0,0.0,0
2025-03-31 00:19:40,1,57,15.5,77,7.8,1022.2,0,5,5,0.0,0,0.0,0
2025-03-31 00:20:41,1,57,15.5,77,7.7,1022.4,0,5,301,0.0,0,0.0,0
2025-03-31 00:21:42,1,57,15.5,77,7.7,1022.4,6,9,13,0.0,0,0.0,0
2025-03-31 00:22:43,1,57,15.5,77,7.7,1022.2,7,12,5,0.0,0,0.0,0
2025-03-31 00:23:44,1,57,15.5,77,7.7,1022.1,5,12,28,0.0,0,0.0,0
2025-03-31 00:24:45,1,57,15.5,77,7.7,1022.2,3,11,5,0.0,0,0.0,0
2025-03-31 00:25:46,1,57,15.5,77,7.7,1022.4,3,11,40,0.0,0,0.0,0
2025-03-31 00:26:47,1,57,15.5,78,7.7,1022.3,5,12,49,0.0,0,0.0,0
2025-03-31 00:27:48,1,57,15.5,78,7.7,1022.1,6,12,38,0.0,0,0.0,0
2025-03-31 00:28:49,1,57,15.5,78,7.7,1022.3,4,11,9,0.0,0,0.0,0
2025-03-31 00:29:50,1,57,15.5,78,7.6,1022.2,7,11,13,0.0,0,0.0,0
2025-03-31 00:30:51,1,57,15.5,78,7.6,1022.2,10,14,8,0.0,0,0.0,0
2025-03-31 00:31:52,1,57,15.5,78,7.6,1022.2,4,14,46,0.0,0,0.0,0
2025-03-31 00:32:53,1,57,15.5,78,7.6,1022.2,2,11,2,0.0,0,0.0,0
2025-03-31 00:33:54,1,57,15.5,78,7.6,1022.3,4,7,17,0.0,0,0.0,0
2025-03-31 00:34:55,1,57,15.5,79,7.6,1022.2,2,12,355,0.0,0,0.0,0
2025-03-31 00:35:56,1,57,15.5,79,7.6,1022.4,1,12,353,0.0,0,0.0,0
2025-03-31 00:36:57,1,57,15.5,79,7.5,1022.2,2,5,283,0.0,0,0.0,0
2025-03-31 00:37:58,1,57,15.5,79,7.5,1022.4,3,7,357,0.0,0,0.0,0
2025-03-31 00:38:59,1,57,15.5,79,7.5,1022.5,4,7,334,0.0,0,0.0,0
2025-03-31 00:40:00,1,57,15.5,79,7.5,1022.5,3,7,345,0.0,0,0.0,0
2025-03-31 00:41:01,1,57,15.5,79,7.5,1022.5,7,11,293,0.0,0,0.0,0
2025-03-31 00:42:02,1,57,15.5,79,7.6,1022.4,4,11,7,0.0,0,0.0,0
2025-03-31 00:43:03,1,57,15.5,79,7.6,1022.4,2,7,356,0.0,0,0.0,0
2025-03-31 00:44:04,1,57,15.5,79,7.6,1022.4,3,11,5,0.0,0,0.0,0
2025-03-31 00:45:05,1,57,15.5,79,7.6,1022.4,4,7,14,0.0,0,0.0,0
2025-03-31 00:46:06,1,57,15.5,79,7.6,1022.5,4,9,350,0.0,0,0.0,0
2025-03-31 00:47:07,1,57,15.5,79,7.6,1022.3,6,12,43,0.0,0,0.0,0
2025-03-31 00:48:08,1,57,15.5,80,7.6,1022.6,7,14,26,0.0,0,0.0,0
2025-03-31 00:49:09,1,57,15.5,80,7.6,1022.5,3,12,358,0.0,0,0.0,0
2025-03-31 00:50:10,1,57,15.5,80,7.6,1022.5,9,12,8,0.0,0,0.0,0
2025-03-31 00:51:11,1,57,15.5,80,7.6,1022.5,2,14,6,0.0,0,0.0,0
2025-03-31 00:52:12,1,57,15.5,80,7.6,1022.6,5,11,19,0.0,0,0.0,0
2025-03-31 00:53:13,1,57,15.5,80,7.6,1022.6,7,14,12,0.0,0,0.0,0
2025-03-31 00:54:14,1,57,15.5,80,7.6,1022.6,7,14,3,0.0,0,0.0,0
2025-03-31 00:55:15,1,57,15.5,80,7.6,1022.8,5,12,357,0.0,0,0.0,0
2025-03-31 00:56:16,1,57,15.5,80,7.6,1022.7,6,12,332,0.0,0,0.0,0
2025-03-31 00:57:17,1,57,15.5,80,7.7,1022.8,10,12,6,0.0,0,0.0,0
2025-03-31 00:58:18,1,57,15.5,80,7.7,1022.8,6,12,232,0.0,0,0.0,0
2025-03-31 00:59:19,1,57,15.5,80,7.7,1022.7,8,14,332,0.0,0,0.0,0
2025-03-31 01:00:20,1,57,15.5,80,7.7,1022.6,1,14,16,0.0,0,0.0,0
2025-03-31 01:01:21,1,57,15.5,80,7.7,1022.8,2,9,12,0.0,0,0.0,0
2025-03-31 01:02:22,1,57,15.5,79,7.7,1022.7,9,11,11,0.0,0,0.0,0
2025-03-31 01:03:23,1,57,15.4,80,7.7,1022.9,6,11,1,0.0,0,0.0,0
2025-03-31 01:04:24,1,57,15.5,79,7.7,1022.8,9,12,40,0.0,0,0.0,0
2025-03-31 01:05:25,1,57,15.5,79,7.7,1022.7,3,16,345,0.0,0,0.0,0
2025-03-31 01:06:26,1,57,15.5,79,7.7,1022.7,3,16,4,0.0,0,0.0,0
2025-03-31 01:07:27,1,57,15.5,80,7.7,1022.6,3,9,12,0.0,0,0.0,0
2025-03-31 01:08:28,1,57,15.5,80,7.7,1022.8,5,11,358,0.0,0,0.0,0
2025-03-31 01:09:29,1,57,15.4,80,7.7,1022.7,5,11,347,0.0,0,0.0,0
2025-03-31 01:10:30,1,57,15.5,80,7.7,1022.7,1,11,354,0.0,0,0.0,0
2025-03-31 01:11:31,1,57,15.5,80,7.7,1022.7,3,7,5,0.0,0,0.0,0
2025-03-31 01:12:32,1,57,15.5,80,7.7,1022.7,2,9,10,0.0,0,0.0,0
2025-03-31 01:13:33,1,57,15.5,80,7.6,1022.6,0,7,318,0.0,0,0.0,0
2025-03-31 01:14:34,1,57,15.5,80,7.6,1022.9,3,7,350,0.0,0,0.0,0
2025-03-31 01:15:35,1,57,15.5,80,7.6,1022.9,0,7,6,0.0,0,0.0,0
2025-03-31 01:16:36,1,57,15.4,80,7.6,1022.9,3,7,43,0.0,0,0.0,0
2025-03-31 01:17:37,1,57,15.5,80,7.6,1022.9,5,7,354,0.0,0,0.0,0
2025-03-31 01:18:38,1,57,15.5,80,7.6,1022.9,6,9,347,0.0,0,0.0,0
2025-03-31 01:19:39,1,57,15.5,80,7.6,1022.9,7,12,318,0.0,0,0.0,0
2025-03-31 01:20:40,1,57,15.5,80,7.6,1022.9,11,14,35,0.0,0,0.0,0
2025-03-31 01:21:41,1,57,15.5,80,7.6,1023.0,2,14,344,0.0,0,0.0,0
2025-03-31 01:22:42,1,57,15.5,80,7.6,1022.9,5,9,19,0.0,0,0.0,0
2025-03-31 01:23:43,1,57,15.5,80,7.6,1022.9,6,9,343,0.0,0,0.0,0
2025-03-31 01:24:44,1,57,15.5,80,7.7,1022.8,3,9,311,0.0,0,0.0,0
2025-03-31 01:25:45,1,57,15.4,80,7.7,1023.0,3,9,339,0.0,0,0.0,0
2025-03-31 01:26:46,1,57,15.5,80,7.7,1022.8,8,12,25,0.0,0,0.0,0
2025-03-31 01:27:47,1,57,15.5,80,7.7,1022.9,6,12,12,0.0,0,0.0,0
2025-03-31 01:28:48,1,57,15.5,80,7.7,1022.9,2,11,43,0.0,0,0.0,0
2025-03-31 01:29:49,1,57,15.5,80,7.6,1022.7,2,11,16,0.0,0,0.0,0
2025-03-31 01:30:50,1,57,15.5,80,7.6,1022.8,1,9,14,0.0,0,0.0,0
2025-03-31 01:31:51,1,57,15.5,80,7.6,1022.9,4,7,46,0.0,0,0.0,0
2025-03-31 01:32:52,1,57,15.5,80,7.6,1022.8,10,16,6,0.0,0,0.0,0
2025-03-31 01:33:53,1,57,15.5,80,7.6,1022.9,7,16,42,0.0,0,0.0,0
2025-03-31 01:34:54,1,57,15.5,80,7.6,1022.8,5,14,11,0.0,0,0.0,0
2025-03-31 01:35:55,1,57,15.5,80,7.6,1022.9,3,12,329,0.0,0,0.0,0
2025-03-31 01:36:56,1,57,15.5,80,7.6,1023.0,3,9,22,0.0,0,0.0,0
2025-03-31 01:37:57,1,57,15.5,80,7.6,1023.1,2,9,343,0.0,0,0.0,0
2025-03-31 01:38:58,1,57,15.5,80,7.6,1022.8,1,9,327,0.0,0,0.0,0
2025-03-31 01:39:59,1,57,15.5,80,7.6,1023.0,4,11,357,0.0,0,0.0,0
2025-03-31 01:41:00,1,57,15.5,80,7.7,1022.9,1,11,10,0.0,0,0.0,0
2025-03-31 01:42:01,1,57,15.5,80,7.7,1023.2,3,5,30,0.0,0,0.0,0
2025-03-31 01:43:02,1,57,15.5,80,7.7,1023.2,2,5,6,0.0,0,0.0,0
2025-03-31 01:44:03,1,57,15.5,80,7.7,1023.0,3,7,347,0.0,0,0.0,0
2025-03-31 01:45:04,1,57,15.5,80,7.7,1022.9,4,7,316,0.0,0,0.0,0
2025-03-31 01:46:05,1,57,15.5,80,7.7,1022.9,3,7,43,0.0,0,0.0,0
2025-03-31 01:47:06,1,57,15.5,80,7.7,1023.1,2,7,345,0.0,0,0.0,0
2025-03-31 01:48:07,1,57,15.5,80,7.7,1023.0,3,9,281,0.0,0,0.0,0
2025-03-31 01:49:08,1,57,15.5,80,7.7,1023.0,2,9,6,0.0,0,0.0,0
2025-03-31 01:50:09,1,57,15.5,80,7.7,1023.1,4,7,41,0.0,0,0.0,0
2025-03-31 01:51:10,1,57,15.5,80,7.7,1023.1,7,12,335,0.0,0,0.0,0
2025-03-31 01:52:11,1,57,15.5,80,7.7,1023.1,2,12,28,0.0,0,0.0,0
2025-03-31 01:53:12,1,57,15.5,80,7.7,1023.1,2,9,12,0.0,0,0.0,0
2025-03-31 01:54:13,1,57,15.5,80,7.7,1023.0,3,7,36,0.0,0,0.0,0
2025-03-31 01:55:14,1,57,15.5,80,7.7,1022.9,5,16,17,0.0,0,0.0,0
2025-03-31 01:56:15,1,57,15.4,80,7.7,1023.0,4,16,356,0.0,0,0.0,0
2025-03-31 01:57:16,1,57,15.5,80,7.7,1022.9,0,7,3,0.0,0,0.0,0
2025-03-31 01:58:17,1,57,15.5,80,7.6,1023.1,2,11,60,0.0,0,0.0,0
2025-03-31 01:59:18,1,57,15.5,80,7.6,1023.0,6,11,17,0.0,0,0.0,0
2025-03-31 02:00:19,1,57,15.5,80,7.6,1023.0,6,11,24,0.0,0,0.0,0
2025-03-31 02:01:20,1,57,15.5,80,7.6,1022.9,8,14,27,0.0,0,0.0,0
2025-03-31 02:02:21,1,57,15.5,80,7.6,1022.7,6,14,318,0.0,0,0.0,0
2025-03-31 02:03:22,1,57,15.5,80,7.6,1022.9,8,12,26,0.0,0,0.0,0
2025-03-31 02:04:23,1,57,15.5,80,7.6,1023.1,5,12,7,0.0,0,0.0,0
2025-03-31 02:05:24,1,57,15.5,80,7.6,1022.8,6,11,351,0.0,0,0.0,0
2025-03-31 02:06:25,1,57,15.5,80,7.6,1022.9,2,12,18,0.0,0,0.0,0
2025-03-31 02:07:26,1,57,15.5,80,7.6,1022.9,1,11,24,0.0,0,0.0,0
2025-03-31 02:08:27,1,57,15.5,80,7.6,1023.0,2,5,25,0.0,0,0.0,0
2025-03-31 02:09:28,1,57,15.5,80,7.6,1023.0,3,9,41,0.0,0,0.0,0
2025-03-31 02:10:29,1,57,15.4,80,7.6,1022.9,0,9,22,0.0,0,0.0,0
2025-03-31 02:11:30,1,57,15.4,80,7.6,1022.9,2,14,9,0.0,0,0.0,0
2025-03-31 02:12:31,1,57,15.5,80,7.6,1022.8,9,14,47,0.0,0,0.0,0
2025-03-31 02:13:32,1,57,15.5,80,7.6,1022.6,11,16,0,0.0,0,0.0,0
2025-03-31 02:14:33,1,57,15.5,80,7.6,1022.8,4,16,21,0.0,0,0.0,0
2025-03-31 02:15:34,1,57,15.5,80,7.6,1022.8,8,9,17,0.0,0,0.0,0
2025-03-31 02:16:35,1,57,15.5,79,7.6,1022.9,8,14,353,0.0,0,0.0,0
2025-03-31 02:17:36,1,57,15.5,79,7.6,1023.0,4,14,19,0.0,0,0.0,0
2025-03-31 02:18:37,1,57,15.5,79,7.6,1023.0,4,16,9,0.0,0,0.0,0
2025-03-31 02:19:38,1,57,15.5,79,7.6,1022.8,3,12,15,0.0,0,0.0,0
2025-03-31 02:20:39,1,57,15.4,79,7.6,1023.0,5,11,20,0.0,0,0.0,0
2025-03-31 02:21:40,1,57,15.4,79,7.6,1023.0,5,9,346,0.0,0,0.0,0
2025-03-31 02:22:41,1,57,15.5,79,7.6,1023.1,4,14,340,0.0,0,0.0,0
2025-03-31 02:23:42,1,57,15.4,79,7.6,1022.9,8,11,49,0.0,0,0.0,0
2025-03-31 02:24:43,1,57,15.5,80,7.6,1022.8,14,18,44,0.0,0,0.0,0
2025-03-31 02:25:44,1,57,15.5,80,7.6,1022.9,3,18,12,0.0,0,0.0,0
2025-03-31 02:26:45,1,57,15.4,80,7.6,1023.1,3,9,20,0.0,0,0.0,0
2025-03-31 02:27:46,1,57,15.5,80,7.6,1022.9,2,9,35,0.0,0,0.0,0
2025-03-31 02:28:47,1,57,15.5,80,7.6,1022.9,10,16,352,0.0,0,0.0,0
2025-03-31 02:29:48,1,57,15.4,79,7.6,1023.0,12,16,15,0.0,0,0.0,0
2025-03-31 02:30:49,1,57,15.4,79,7.6,1023.1,3,16,19,0.0,0,0.0,0
2025-03-31 02:31:50,1,57,15.5,79,7.6,1023.0,3,7,29,0.0,0,0.0,0
2025-03-31 02:32:51,1,57,15.5,79,7.6,1022.9,2,11,346,0.0,0,0.0,0
2025-03-31 02:33:52,1,57,15.5,79,7.6,1023.2,4,18,21,0.0,0,0.0,0
2025-03-31 02:34:53,1,57,15.5,79,7.6,1023.1,4,18,0,0.0,0,0.0,0
2025-03-31 02:35:54,1,57,15.4,79,7.6,1023.3,2,11,357,0.0,0,0.0,0
2025-03-31 02:36:55,1,57,15.4,79,7.6,1022.9,3,11,20,0.0,0,0.0,0
2025-03-31 02:37:56,1,57,15.5,79,7.6,1023.2,7,11,22,0.0,0,0.0,0
2025-03-31 02:38:57,1,57,15.4,79,7.6,1022.9,5,12,20,0.0,0,0.0,0
2025-03-31 02:39:58,1,57,15.5,79,7.6,1023.1,3,11,298,0.0,0,0.0,0
2025-03-31 02:40:59,1,57,15.4,79,7.6,1023.0,1,7,310,0.0,0,0.0,0
2025-03-31 02:42:00,1,57,15.5,79,7.6,1022.9,7,9,37,0.0,0,0.0,0
2025-03-31 02:43:01,1,57,15.5,79,7.6,1022.9,6,14,48,0.0,0,0.0,0
2025-03-31 02:44:02,1,57,15.4,79,7.6,1023.1,2,14,337,0.0,0,0.0,0
2025-03-31 02:45:03,1,57,15.4,79,7.6,1023.1,1,11,357,0.0,0,0.0,0
2025-03-31 02:46:04,1,57,15.4,79,7.6,1023.2,7,14,14,0.0,0,0.0,0
2025-03-31 02:47:05,1,57,15.5,78,7.6,1023.2,7,14,11,0.0,0,0.0,0
2025-03-31 02:48:06,1,57,15.4,78,7.6,1023.2,6,14,294,0.0,0,0.0,0
2025-03-31 02:49:07,1,57,15.4,78,7.6,1023.4,5,9,65,0.0,0,0.0,0
2025-03-31 02:50:08,1,57,15.4,78,7.7,1023.4,4,12,20,0.0,0,0.0,0
2025-03-31 02:51:09,1,57,15.4,78,7.7,1023.3,8,18,312,0.0,0,0.0,0
2025-03-31 02:52:10,1,57,15.4,78,7.7,1023.2,10,23,4,0.0,0,0.0,0
2025-03-31 02:53:11,1,57,15.5,78,7.7,1023.4,2,23,31,0.0,0,0.0,0
2025-03-31 02:54:12,1,57,15.4,78,7.7,1023.1,1,14,42,0.0,0,0.0,0
2025-03-31 02:55:13,1,57,15.4,78,7.7,1023.4,3,12,12,0.0,0,0.0,0
2025-03-31 02:56:14,1,57,15.4,78,7.7,1023.3,4,14,34,0.0,0,0.0,0
2025-03-31 02:57:15,1,57,15.4,78,7.7,1023.4,6,14,351,0.0,0,0.0,0
2025-03-31 02:58:16,1,57,15.4,79,7.7,1023.3,1,11,24,0.0,0,0.0,0
2025-03-31 02:59:17,1,57,15.4,79,7.7,1023.3,1,9,11,0.0,0,0.0,0
2025-03-31 03:00:18,1,57,15.4,79,7.7,1023.4,3,11,350,0.0,0,0.0,0
2025-03-31 03:01:19,1,57,15.4,79,7.7,1023.2,2,11,345,0.0,0,0.0,0
2025-03-31 03:02:20,1,57,15.4,79,7.7,1023.3,0,7,350,0.0,0,0.0,0
2025-03-31 03:03:21,1,57,15.4,79,7.7,1023.3,5,11,325,0.0,0,0.0,0
2025-03-31 03:04:22,1,57,15.4,78,7.7,1023.3,1,11,16,0.0,0,0.0,0
2025-03-31 03:05:23,1,57,15.4,78,7.7,1023.3,9,14,81,0.0,0,0.0,0
2025-03-31 03:06:24,1,57,15.4,78,7.7,1023.3,6,14,264,0.0,0,0.0,0
2025-03-31 03:07:25,1,57,15.4,78,7.6,1023.1,1,11,359,0.0,0,0.0,0
2025-03-31 03:08:26,1,57,15.4,78,7.6,1023.4,6,12,26,0.0,0,0.0,0
2025-03-31 03:09:27,1,57,15.5,78,7.6,1023.4,2,12,54,0.0,0,0.0,0
2025-03-31 03:10:28,1,57,15.4,78,7.6,1023.2,3,12,51,0.0,0,0.0,0
2025-03-31 03:11:29,1,57,15.4,78,7.6,1023.3,7,11,331,0.0,0,0.0,0
2025-03-31 03:12:30,1,57,15.4,78,7.6,1023.4,11,18,53,0.0,0,0.0,0
2025-03-31 03:13:31,1,57,15.4,78,7.6,1023.2,9,18,24,0.0,0,0.0,0
2025-03-31 03:14:32,1,57,15.4,78,7.6,1023.2,7,16,62,0.0,0,0.0,0
2025-03-31 03:15:33,1,57,15.4,78,7.6,1023.4,4,11,24,0.0,0,0.0,0
2025-03-31 03:16:34,1,57,15.4,78,7.6,1023.3,3,11,23,0.0,0,0.0,0
2025-03-31 03:17:35,1,57,15.4,78,7.6,1023.3,2,9,29,0.0,0,0.0,0
2025-03-31 03:18:36,1,57,15.4,79,7.6,1023.3,1,5,319,0.0,0,0.0,0
2025-03-31 03:19:37,1,57,15.4,79,7.6,1023.5,7,9,5,0.0,0,0.0,0
2025-03-31 03:20:38,1,57,15.4,79,7.6,1023.5,2,9,269,0.0,0,0.0,0
2025-03-31 03:21:39,1,57,15.4,79,7.6,1023.3,3,9,29,0.0,0,0.0,0
2025-03-31 03:22:40,1,57,15.4,79,7.6,1023.3,1,9,345,0.0,0,0.0,0
2025-03-31 03:23:41,1,57,15.4,79,7.6,1023.3,0,9,353,0.0,0,0.0,0
2025-03-31 03:24:42,1,57,15.4,79,7.6,1023.3,0,3,334,0.0,0,0.0,0
2025-03-31 03:25:43,1,57,15.4,79,7.6,1023.5,3,11,294,0.0,0,0.0,0
2025-03-31 03:26:44,1,57,15.4,78,7.6,1023.3,10,12,340,0.0,0,0.0,0
2025-03-31 03:27:45,1,57,15.4,78,7.5,1023.4,3,12,46,0.0,0,0.0,0
2025-03-31 03:28:46,1,57,15.4,78,7.5,1023.4,2,12,357,0.0,0,0.0,0
2025-03-31 03:29:47,1,57,15.4,78,7.5,1023.4,3,12,2,0.0,0,0.0,0
2025-03-31 03:30:48,1,57,15.4,78,7.5,1023.5,3,9,9,0.0,0,0.0,0
2025-03-31 03:31:49,1,57,15.4,78,7.5,1023.4,2,12,342,0.0,0,0.0,0
2025-03-31 03:32:50,1,57,15.4,78,7.5,1023.5,3,12,3,0.0,0,0.0,0
2025-03-31 03:33:51,1,57,15.4,78,7.5,1023.5,3,11,296,0.0,0,0.0,0
2025-03-31 03:34:52,1,57,15.4,77,7.5,1023.6,6,9,5,0.0,0,0.0,0
2025-03-31 03:35:53,1,57,15.4,77,7.6,1023.6,6,11,355,0.0,0,0.0,0
2025-03-31 03:36:54,1,57,15.4,77,7.6,1023.5,3,12,13,0.0,0,0.0,0
2025-03-31 03:37:55,1,57,15.4,77,7.6,1023.7,8,12,10,0.0,0,0.0,0
2025-03-31 03:38:56,1,57,15.4,77,7.6,1023.6,9,14,29,0.0,0,0.0,0
2025-03-31 03:39:57,1,57,15.4,77,7.6,1023.6,6,14,54,0.0,0,0.0,0
2025-03-31 03:40:58,1,57,15.4,77,7.6,1023.5,4,9,57,0.0,0,0.0,0
2025-03-31 03:41:59,1,57,15.4,77,7.6,1023.7,5,14,15,0.0,0,0.0,0
2025-03-31 03:43:00,1,57,15.4,77,7.5,1023.5,3,14,332,0.0,0,0.0,0
2025-03-31 03:44:01,1,57,15.4,77,7.6,1023.5,0,3,331,0.0,0,0.0,0
2025-03-31 03:45:02,1,57,15.4,77,7.5,1023.5,3,7,3,0.0,0,0.0,0
2025-03-31 03:46:03,1,57,15.4,78,7.5,1023.7,5,11,6,0.0,0,0.0,0
2025-03-31 03:47:04,1,57,15.4,77,7.5,1023.9,11,18,359,0.0,0,0.0,0
2025-03-31 03:48:05,1,57,15.4,77,7.5,1023.6,2,18,49,0.0,0,0.0,0
2025-03-31 03:49:06,1,57,15.4,77,7.5,1023.9,4,12,304,0.0,0,0.0,0
2025-03-31 03:50:07,1,57,15.4,77,7.5,1023.8,2,14,315,0.0,0,0.0,0
2025-03-31 03:51:08,1,57,15.4,77,7.5,1023.7,0,12,66,0.0,0,0.0,0
2025-03-31 03:52:09,1,57,15.4,77,7.5,1023.7,4,12,245,0.0,0,0.0,0
2025-03-31 03:53:10,1,57,15.4,77,7.5,1023.7,5,11,9,0.0,0,0.0,0
2025-03-31 03:54:11,1,57,15.4,77,7.5,1023.7,10,14,24,0.0,0,0.0,0
2025-03-31 03:55:12,1,57,15.4,77,7.5,1023.7,8,14,27,0.0,0,0.0,0
2025-03-31 03:56:13,1,57,15.4,77,7.5,1023.5,5,14,3,0.0,0,0.0,0
2025-03-31 03:57:14,1,57,15.4,77,7.5,1023.6,2,14,36,0.0,0,0.0,0
2025-03-31 03:58:15,1,57,15.4,77,7.5,1023.7,2,11,26,0.0,0,0.0,0
2025-03-31 03:59:16,1,57,15.4,77,7.5,1023.8,3,11,347,0.0,0,0.0,0
2025-03-31 04:00:17,1,57,15.4,77,7.5,1023.7,3,11,63,0.0,0,0.0,0
2025-03-31 04:01:18,1,57,15.4,77,7.5,1023.8,3,12,33,0.0,0,0.0,0
2025-03-31 04:02:19,1,57,15.4,77,7.5,1024.0,3,12,36,0.0,0,0.0,0
2025-03-31 04:03:20,1,57,15.4,77,7.5,1023.8,3,11,21,0.0,0,0.0,0
2025-03-31 04:04:21,1,57,15.4,77,7.5,1023.9,6,11,62,0.0,0,0.0,0
2025-03-31 04:05:22,1,57,15.4,77,7.5,1023.8,3,11,54,0.0,0,0.0,0
2025-03-31 04:06:23,1,57,15.4,77,7.5,1023.8,8,11,23,0.0,0,0.0,0
2025-03-31 04:07:24,1,57,15.4,77,7.5,1023.7,6,14,352,0.0,0,0.0,0
2025-03-31 04:08:25,1,57,15.4,77,7.5,1023.7,0,14,355,0.0,0,0.0,0
2025-03-31 04:09:26,1,57,15.4,78,7.5,1023.9,4,7,353,0.0,0,0.0,0
2025-03-31 04:10:27,1,57,15.4,77,7.5,1023.7,5,11,53,0.0,0,0.0,0
2025-03-31 04:11:28,1,57,15.4,77,7.5,1023.9,4,14,50,0.0,0,0.0,0
2025-03-31 04:12:29,1,57,15.4,77,7.5,1023.9,4,16,7,0.0,0,0.0,0
2025-03-31 04:13:30,1,57,15.4,77,7.6,1023.9,3,14,0,0.0,0,0.0,0
2025-03-31 04:14:31,1,57,15.4,77,7.6,1024.0,7,9,16,0.0,0,0.0,0
2025-03-31 04:15:32,1,57,15.4,77,7.6,1023.8,9,14,343,0.0,0,0.0,0
2025-03-31 04:16:33,1,57,15.4,76,7.6,1023.7,7,14,6,0.0,0,0.0,0
2025-03-31 04:17:34,1,57,15.4,76,7.6,1024.0,8,14,8,0.0,0,0.0,0
2025-03-31 04:18:35,1,57,15.4,76,7.6,1023.9,7,16,40,0.0,0,0.0,0
2025-03-31 04:19:36,1,57,15.4,76,7.6,1023.8,10,14,12,0.0,0,0.0,0
2025-03-31 04:20:37,1,57,15.4,76,7.6,1024.0,3,14,311,0.0,0,0.0,0
2025-03-31 04:21:38,1,57,15.4,76,7.6,1024.0,5,7,353,0.0,0,0.0,0
2025-03-31 04:22:39,1,57,15.4,76,7.6,1023.9,2,7,282,0.0,0,0.0,0
2025-03-31 04:23:40,1,57,15.4,76,7.6,1024.0,3,9,287,0.0,0,0.0,0
2025-03-31 04:24:41,1,57,15.4,76,7.6,1023.9,6,11,288,0.0,0,0.0,0
2025-03-31 04:25:42,1,57,15.4,75,7.6,1023.9,4,12,23,0.0,0,0.0,0
2025-03-31 04:26:43,1,57,15.4,75,7.6,1023.9,3,14,193,0.0,0,0.0,0
2025-03-31 04:27:44,1,57,15.4,75,7.6,1023.9,7,12,359,0.0,0,0.0,0
2025-03-31 04:28:45,1,57,15.4,75,7.6,1023.9,6,12,313,0.0,0,0.0,0
2025-03-31 04:29:46,1,57,15.4,75,7.6,1023.8,3,12,1,0.0,0,0.0,0
2025-03-31 04:30:47,1,57,15.4,75,7.6,1024.0,7,9,24,0.0,0,0.0,0
2025-03-31 04:31:48,1,57,15.4,75,7.6,1023.9,3,9,23,0.0,0,0.0,0
2025-03-31 04:32:49,1,57,15.4,75,7.6,1023.9,4,11,308,0.0,0,0.0,0
2025-03-31 04:33:50,1,57,15.4,75,7.6,1024.1,3,11,32,0.0,0,0.0,0
2025-03-31 04:34:51,1,57,15.4,75,7.6,1023.9,2,11,16,0.0,0,0.0,0
2025-03-31 04:35:52,1,57,15.4,75,7.6,1024.0,7,11,41,0.0,0,0.0,0
2025-03-31 04:36:53,1,57,15.4,75,7.6,1024.0,3,14,4,0.0,0,0.0,0
2025-03-31 04:37:54,1,57,15.4,75,7.6,1024.0,2,14,9,0.0,0,0.0,0
2025-03-31 04:38:55,1,57,15.4,75,7.6,1024.0,3,11,25,0.0,0,0.0,0
2025-03-31 04:39:56,1,57,15.4,75,7.6,1024.0,0,12,12,0.0,0,0.0,0
2025-03-31 04:40:57,1,57,15.4,75,7.6,1024.0,2,12,67,0.0,0,0.0,0
2025-03-31 04:41:58,1,57,15.4,75,7.6,1024.1,7,12,15,0.0,0,0.0,0
2025-03-31 04:42:59,1,57,15.4,76,7.6,1024.0,4,12,20,0.0,0,0.0,0
2025-03-31 04:44:00,1,57,15.4,76,7.6,1024.0,4,11,35,0.0,0,0.0,0
2025-03-31 04:45:01,1,57,15.4,76,7.6,1024.0,1,11,2,0.0,0,0.0,0
2025-03-31 04:46:02,1,57,15.4,76,7.6,1024.1,4,7,46,0.0,0,0.0,0
2025-03-31 04:47:03,1,57,15.4,76,7.6,1024.1,9,12,67,0.0,0,0.0,0
2025-03-31 04:48:04,1,57,15.4,75,7.6,1024.2,4,12,21,0.0,0,0.0,0
2025-03-31 04:49:05,1,57,15.4,75,7.6,1024.0,3,18,49,0.0,0,0.0,0
2025-03-31 04:50:06,1,57,15.4,76,7.6,1024.1,7,16,7,0.0,0,0.0,0
2025-03-31 04:51:07,1,57,15.4,76,7.6,1024.1,6,11,30,0.0,0,0.0,0
2025-03-31 04:52:08,1,57,15.4,76,7.6,1024.3,7,11,12,0.0,0,0.0,0
2025-03-31 04:53:09,1,57,15.4,76,7.6,1024.1,5,11,43,0.0,0,0.1,0
2025-03-31 04:54:10,1,57,15.4,76,7.6,1024.1,2,9,78,0.0,0,0.1,0
2025-03-31 04:55:11,1,57,15.4,76,7.6,1024.1,1,11,33,0.0,0,0.1,0
2025-03-31 04:56:12,1,57,15.4,76,7.6,1024.0,4,11,48,0.0,0,0.1,0
2025-03-31 04:57:13,1,57,15.4,76,7.6,1024.0,4,9,56,0.0,0,0.1,0
2025-03-31 04:58:14,1,57,15.4,76,7.6,1024.0,3,9,18,0.0,0,0.1,0
2025-03-31 04:59:15,1,57,15.4,76,7.6,1024.2,5,9,24,0.0,0,0.1,0
2025-03-31 05:00:16,1,57,15.4,76,7.6,1024.0,3,9,30,0.0,0,0.2,0
2025-03-31 05:01:17,1,57,15.4,76,7.6,1024.0,3,9,22,0.0,0,0.2,0
2025-03-31 05:02:18,1,57,15.4,76,7.6,1024.0,1,7,45,0.0,0,0.2,0
2025-03-31 05:03:19,1,57,15.4,76,7.6,1024.2,2,7,13,0.0,0,0.3,0
2025-03-31 05:04:20,1,57,15.4,76,7.6,1024.2,0,3,6,0.0,0,0.3,0
2025-03-31 05:05:21,1,57,15.4,76,7.6,1024.2,2,3,20,0.0,0,0.4,0
2025-03-31 05:06:22,1,57,15.4,76,7.6,1024.2,3,5,6,0.0,0,0.5,0
2025-03-31 05:07:23,1,57,15.4,76,7.6,1024.1,2,5,35,0.0,0,0.6,0
2025-03-31 05:08:24,1,57,15.4,76,7.6,1024.4,5,7,28,0.0,0,0.8,0
2025-03-31 05:09:25,1,57,15.4,76,7.6,1024.2,5,9,21,0.0,0,0.9,0
2025-03-31 05:10:26,1,57,15.4,76,7.6,1024.2,1,9,357,0.0,0,1.1,0
2025-03-31 05:11:27,1,57,15.4,76,7.6,1024.3,5,11,42,0.0,0,1.2,0
2025-03-31 05:12:28,1,57,15.4,77,7.6,1024.1,0,11,47,0.0,0,1.4,0
2025-03-31 05:13:29,1,57,15.4,77,7.6,1024.1,3,3,6,0.0,0,1.6,0
2025-03-31 05:14:30,1,57,15.4,77,7.6,1024.3,2,3,1,0.0,0,1.6,0
2025-03-31 05:15:31,1,57,15.4,77,7.6,1024.3,0,3,7,0.0,0,1.8,0
2025-03-31 05:16:32,1,57,15.4,77,7.6,1024.5,1,7,25,0.0,0,1.9,0
2025-03-31 05:17:33,1,57,15.4,76,7.6,1024.5,5,11,53,0.0,0,2.1,0
2025-03-31 05:18:34,1,57,15.4,76,7.6,1024.3,2,12,303,0.0,0,2.2,0
2025-03-31 05:19:35,1,57,15.4,76,7.6,1024.3,3,14,131,0.0,0,2.4,0
2025-03-31 05:20:36,1,57,15.4,76,7.6,1024.4,3,14,304,0.0,0,2.7,0
2025-03-31 05:21:37,1,57,15.4,76,7.6,1024.4,6,9,12,0.0,0,3.0,0
2025-03-31 05:22:38,1,57,15.4,76,7.6,1024.3,0,9,347,0.0,0,3.4,0
2025-03-31 05:23:39,1,57,15.4,76,7.6,1024.4,3,7,18,0.0,0,3.7,0
2025-03-31 05:24:40,1,57,15.4,75,7.6,1024.3,5,12,24,0.0,0,4.1,0
2025-03-31 05:25:41,1,57,15.4,75,7.6,1024.4,6,12,17,0.0,0,4.2,0
2025-03-31 05:26:42,1,57,15.4,75,7.6,1024.4,4,11,268,0.0,0,4.5,0
2025-03-31 05:27:43,1,57,15.4,75,7.6,1024.4,4,14,12,0.0,0,4.8,0
2025-03-31 05:28:44,1,57,15.4,75,7.6,1024.4,5,14,71,0.0,0,5.1,0
2025-03-31 05:29:45,1,57,15.4,75,7.6,1024.5,5,9,29,0.0,0,5.2,0
2025-03-31 05:30:46,1,57,15.4,75,7.6,1024.6,3,7,25,0.0,0,5.2,0
2025-03-31 05:31:47,1,57,15.4,75,7.6,1024.6,1,7,37,0.0,0,5.6,0
2025-03-31 05:32:48,1,57,15.4,75,7.6,1024.5,5,12,23,0.0,0,6.2,0
2025-03-31 05:33:49,1,57,15.4,75,7.6,1024.5,2,12,6,0.0,0,7.0,0
2025-03-31 05:34:50,1,57,15.4,76,7.6,1024.3,4,5,20,0.0,0,7.6,0
2025-03-31 05:35:51,1,57,15.3,76,7.7,1024.5,3,11,305,0.0,0,8.2,0
2025-03-31 05:36:52,1,57,15.4,76,7.7,1024.5,5,11,31,0.0,0,8.8,0
2025-03-31 05:37:53,1,57,15.4,76,7.6,1024.6,1,9,15,0.0,0,9.4,0
2025-03-31 05:38:54,1,57,15.4,76,7.6,1024.8,6,9,23,0.0,0,10.1,0
2025-03-31 05:39:55,1,57,15.4,76,7.6,1024.6,2,9,25,0.0,0,10.9,0
2025-03-31 05:40:56,1,57,15.4,76,7.6,1024.6,1,7,336,0.0,0,11.3,0
2025-03-31 05:41:57,1,57,15.4,76,7.6,1024.8,5,7,56,0.0,0,11.8,0
2025-03-31 05:42:58,1,57,15.4,76,7.6,1024.6,2,9,32,0.0,0,12.3,0
2025-03-31 05:43:59,1,57,15.4,76,7.6,1024.7,3,5,26,0.0,0,12.7,0
2025-03-31 05:45:00,1,57,15.4,76,7.6,1024.7,2,5,33,0.0,0,13.4,0
2025-03-31 05:46:01,1,57,15.4,76,7.6,1024.8,2,7,299,0.0,0,13.6,0
2025-03-31 05:47:02,1,57,15.4,76,7.6,1024.8,6,11,28,0.0,0,13.9,0
2025-03-31 05:48:03,1,57,15.4,76,7.7,1024.8,2,11,335,0.0,0,14.7,0
2025-03-31 05:49:04,1,57,15.4,76,7.7,1024.8,3,5,347,0.0,0,15.3,0
2025-03-31 05:50:05,1,57,15.4,76,7.7,1024.7,3,9,15,0.0,0,15.4,0
2025-03-31 05:51:06,1,57,15.4,76,7.7,1025.0,0,7,77,0.0,0,15.3,0
2025-03-31 05:52:07,1,57,15.4,76,7.7,1025.1,1,7,8,0.0,0,14.6,0
2025-03-31 05:53:08,1,57,15.4,76,7.7,1025.0,0,7,345,0.0,0,14.5,0
2025-03-31 05:54:09,1,57,15.4,75,7.7,1024.9,3,5,32,0.0,0,14.8,0
2025-03-31 05:55:10,1,57,15.4,75,7.7,1025.0,2,5,5,0.0,0,15.2,0
2025-03-31 05:56:11,1,57,15.4,75,7.7,1025.1,2,9,12,0.0,0,15.8,0
2025-03-31 05:57:12,1,57,15.4,75,7.7,1024.9,0,11,79,0.0,0,16.0,0
2025-03-31 05:58:13,1,57,15.4,75,7.7,1024.9,1,11,343,0.0,0,16.7,0
2025-03-31 05:59:14,1,57,15.4,76,7.7,1025.0,6,9,28,0.0,0,18.7,0
2025-03-31 06:00:15,1,57,15.3,75,7.7,1025.0,1,9,311,0.0,0,20.2,0
2025-03-31 06:01:16,1,57,15.4,76,7.7,1025.1,1,7,6,0.0,0,21.6,0
2025-03-31 06:02:17,1,57,15.4,76,7.8,1025.0,2,5,9,0.0,0,23.0,0
2025-03-31 06:03:18,1,57,15.4,75,7.8,1025.1,3,7,328,0.0,0,24.6,0
2025-03-31 06:04:19,1,57,15.3,76,7.8,1024.9,2,7,27,0.0,0,28.2,0
2025-03-31 06:05:20,1,57,15.4,75,7.8,1025.2,2,5,30,0.0,0,29.2,0
2025-03-31 06:06:21,1,57,15.4,75,7.8,1025.3,1,5,32,0.0,0,28.3,0
2025-03-31 06:07:22,1,57,15.4,75,7.8,1025.1,2,11,5,0.0,0,29.3,0
2025-03-31 06:08:23,1,57,15.4,75,7.8,1025.2,5,11,295,0.0,0,31.4,0
2025-03-31 06:09:24,1,57,15.4,75,7.8,1025.1,4,11,7,0.0,0,31.7,0
2025-03-31 06:10:25,1,57,15.4,75,7.8,1025.1,6,11,12,0.0,0,29.1,0
2025-03-31 06:11:26,1,57,15.4,75,7.8,1025.3,6,11,19,0.0,0,27.0,0
2025-03-31 06:12:27,1,57,15.3,75,7.8,1025.2,1,9,337,0.0,0,27.2,0
2025-03-31 06:13:28,1,57,15.4,75,7.8,1025.2,5,11,344,0.0,0,27.9,0
2025-03-31 06:14:29,1,57,15.3,75,7.8,1025.1,0,11,26,0.0,0,28.3,0
2025-03-31 06:15:30,1,57,15.4,75,7.8,1025.2,6,9,353,0.0,0,30.1,0
2025-03-31 06:16:31,1,57,15.4,75,7.8,1025.2,1,9,0,0.0,0,32.1,0
2025-03-31 06:17:32,1,57,15.4,75,7.8,1025.2,0,5,355,0.0,0,35.0,0
2025-03-31 06:18:33,1,57,15.4,75,7.8,1025.2,3,9,3,0.0,0,39.5,0
2025-03-31 06:19:34,1,57,15.4,74,7.8,1025.1,3,12,15,0.0,0,42.2,0
2025-03-31 06:20:35,1,57,15.4,74,7.8,1025.2,8,16,27,0.0,0,47.0,0
2025-03-31 06:21:36,1,57,15.4,74,7.8,1025.2,3,16,14,0.0,0,52.8,0
2025-03-31 06:22:37,1,57,15.3,74,7.8,1025.0,3,9,3,0.0,0,56.7,0
2025-03-31 06:23:38,1,57,15.4,74,7.8,1025.2,5,12,33,0.0,0,55.4,0
2025-03-31 06:24:39,1,57,15.4,73,7.8,1025.1,4,11,61,0.0,0,57.4,0
2025-03-31 06:25:40,1,57,15.4,73,7.8,1025.5,12,14,30,0.0,0,61.7,0
2025-03-31 06:26:41,1,57,15.4,73,7.8,1025.2,7,14,248,0.0,0,64.2,0
2025-03-31 06:27:42,1,57,15.4,73,7.8,1025.5,6,14,359,0.0,0,61.8,0
2025-03-31 06:28:43,1,57,15.3,73,7.8,1025.3,8,14,20,0.0,0,58.7,0
2025-03-31 06:29:44,1,57,15.3,73,7.8,1025.3,2,12,29,0.0,0,57.6,0
2025-03-31 06:30:45,1,57,15.4,73,7.8,1025.2,3,7,355,0.0,0,58.7,0
2025-03-31 06:31:46,1,57,15.4,73,7.8,1025.3,2,7,348,0.0,0,58.3,0
2025-03-31 06:32:47,1,57,15.3,73,7.9,1025.2,4,7,307,0.0,0,53.8,0
2025-03-31 06:33:48,1,57,15.3,73,7.9,1025.4,6,12,14,0.0,0,51.7,0
2025-03-31 06:34:49,1,57,15.4,72,7.9,1025.2,3,12,18,0.0,0,50.6,0
2025-03-31 06:35:50,1,57,15.4,73,7.9,1025.3,3,7,348,0.0,0,50.7,0
2025-03-31 06:36:51,1,57,15.4,72,7.9,1025.3,3,9,36,0.0,0,53.5,0
2025-03-31 06:37:52,1,57,15.4,72,7.9,1025.2,6,9,5,0.0,0,56.2,0
2025-03-31 06:38:53,1,57,15.4,72,7.9,1025.4,0,9,13,0.0,0,58.4,0
2025-03-31 06:39:54,1,57,15.4,73,7.9,1025.3,1,9,4,0.0,0,63.1,0
2025-03-31 06:40:55,1,57,15.4,72,7.9,1025.3,7,14,2,0.0,0,65.3,0
2025-03-31 06:41:56,1,57,15.4,72,7.9,1025.5,5,14,13,0.0,0,63.4,0
2025-03-31 06:42:57,1,57,15.3,72,7.9,1025.3,2,14,304,0.0,0,61.2,0
2025-03-31 06:43:58,1,57,15.3,72,7.9,1025.6,3,14,342,0.0,0,62.1,0
2025-03-31 06:44:59,1,57,15.3,73,7.9,1025.4,6,14,321,0.0,0,64.3,0
2025-03-31 06:46:00,1,57,15.4,72,7.9,1025.4,8,12,26,0.0,0,65.9,0
2025-03-31 06:47:01,1,57,15.4,72,7.9,1025.4,0,12,355,0.0,0,67.6,0
2025-03-31 06:48:02,1,57,15.4,72,7.9,1025.5,6,9,42,0.0,0,69.1,0
2025-03-31 06:49:03,1,57,15.4,72,7.9,1025.7,6,9,13,0.0,0,71.5,0
2025-03-31 06:50:04,1,57,15.4,72,8.0,1025.4,4,9,19,0.0,0,76.5,0
2025-03-31 06:51:05,1,57,15.4,72,8.0,1025.4,7,16,42,0.0,0,78.8,0
2025-03-31 06:52:06,1,57,15.4,72,7.9,1025.6,1,16,3,0.0,0,76.5,0
2025-03-31 06:53:07,1,57,15.3,72,8.0,1025.4,2,7,353,0.0,0,75.5,0
2025-03-31 06:54:08,1,57,15.3,72,8.0,1025.6,7,12,0,0.0,0,77.9,0
2025-03-31 06:55:09,1,57,15.4,72,8.0,1025.6,9,20,285,0.0,0,80.8,0
2025-03-31 06:56:10,1,57,15.4,72,8.0,1025.5,8,20,13,0.0,0,86.4,0
2025-03-31 06:57:11,1,57,15.4,72,8.0,1025.6,3,11,11,0.0,0,86.0,0
2025-03-31 06:58:12,1,57,15.3,72,8.0,1025.6,7,11,346,0.0,0,86.9,0
2025-03-31 06:59:13,1,57,15.3,72,8.0,1025.6,3,12,317,0.0,0,88.1,0
2025-03-31 07:00:14,1,57,15.3,72,8.0,1025.7,3,9,358,0.0,0,93.6,0
2025-03-31 07:01:15,1,57,15.4,72,8.0,1025.5,2,11,18,0.0,0,107.5,1
2025-03-31 07:02:16,1,57,15.3,72,8.0,1025.5,1,11,303,0.0,0,156.9,1
2025-03-31 07:03:17,1,57,15.3,73,8.1,1025.4,2,11,30,0.0,0,117.1,1
2025-03-31 07:04:18,1,56,15.4,72,8.2,1025.6,3,9,344,0.0,0,116.4,1
2025-03-31 07:05:19,1,56,15.4,72,8.3,1025.6,2,7,329,0.0,0,108.3,1
2025-03-31 07:06:20,1,56,15.3,72,8.4,1025.6,1,7,300,0.0,0,114.8,1
2025-03-31 07:07:21,1,56,15.4,71,8.4,1025.6,2,9,24,0.0,0,111.4,1
2025-03-31 07:08:22,1,56,15.3,71,8.4,1025.6,3,12,15,0.0,0,121.5,1
2025-03-31 07:09:23,1,56,15.3,72,8.4,1025.5,2,12,18,0.0,0,120.7,1
2025-03-31 07:10:25,1,56,15.4,71,8.4,1025.7,7,11,12,0.0,0,112.2,1
2025-03-31 07:11:26,1,56,15.4,71,8.4,1025.7,2,11,353,0.0,0,109.0,1
2025-03-31 07:12:27,1,56,15.4,71,8.4,1025.7,10,14,41,0.0,0,108.8,1
2025-03-31 07:13:28,1,56,15.4,71,8.4,1025.8,4,14,328,0.0,0,117.8,1
2025-03-31 07:14:29,1,56,15.4,71,8.4,1025.8,6,9,351,0.0,0,130.2,1
2025-03-31 07:15:30,1,56,15.3,71,8.4,1025.7,2,14,351,0.0,0,105.2,1
2025-03-31 07:16:31,1,56,15.4,71,8.4,1025.8,9,14,31,0.0,0,126.4,1
2025-03-31 07:17:32,1,56,15.4,71,8.4,1025.6,11,14,355,0.0,0,113.3,1
2025-03-31 07:18:33,1,56,15.4,71,8.3,1025.6,6,14,13,0.0,0,93.0,0
2025-03-31 07:19:34,1,56,15.4,71,8.3,1025.7,7,12,20,0.0,0,83.9,0
2025-03-31 07:20:35,1,56,15.4,71,8.3,1025.7,6,12,30,0.0,0,69.0,0
2025-03-31 07:21:36,1,56,15.4,71,8.3,1025.7,6,12,299,0.0,0,69.7,0
2025-03-31 07:22:37,1,56,15.4,71,8.3,1025.7,5,12,12,0.0,0,92.2,0
2025-03-31 07:23:38,1,56,15.4,71,8.2,1025.8,9,16,13,0.0,0,83.5,0
2025-03-31 07:24:39,1,56,15.4,72,8.2,1025.6,1,14,343,0.0,0,87.1,0
2025-03-31 07:25:40,1,56,15.4,71,8.2,1025.8,5,18,26,0.0,0,141.1,1
2025-03-31 07:26:41,1,56,15.4,71,8.2,1025.9,4,18,317,0.0,0,92.9,0
2025-03-31 07:27:42,1,56,15.4,72,8.2,1025.8,5,12,29,0.0,0,94.0,0
2025-03-31 07:28:43,1,56,15.4,71,8.2,1025.8,7,12,41,0.0,0,106.2,1
2025-03-31 07:29:44,1,57,15.4,71,8.2,1025.9,7,14,39,0.0,0,105.3,1
2025-03-31 07:30:45,1,57,15.4,72,8.2,1025.9,1,14,29,0.0,0,109.1,1
2025-03-31 07:31:46,1,57,15.4,72,8.2,1026.0,3,7,30,0.0,0,97.3,0
2025-03-31 07:32:47,1,57,15.4,72,8.2,1025.9,4,9,15,0.0,0,94.3,0
2025-03-31 07:33:48,1,57,15.4,72,8.3,1026.0,3,9,10,0.0,0,115.0,1
2025-03-31 07:34:49,1,57,15.4,72,8.3,1026.1,3,9,16,0.0,0,135.2,1
2025-03-31 07:35:50,1,57,15.4,72,8.3,1026.1,2,9,9,0.0,0,94.6,0
2025-03-31 07:36:51,1,57,15.4,71,8.3,1026.1,2,7,13,0.0,0,101.5,0
2025-03-31 07:37:52,1,57,15.5,71,8.3,1026.0,8,14,35,0.0,0,115.2,1
2025-03-31 07:38:53,1,57,15.5,71,8.3,1026.2,7,14,14,0.0,0,113.8,1
2025-03-31 07:39:54,1,57,15.4,72,8.3,1026.2,3,11,46,0.0,0,226.2,2
2025-03-31 07:40:55,1,57,15.4,71,8.4,1026.3,6,9,37,0.0,0,225.1,2
2025-03-31 07:41:56,1,57,15.5,71,8.4,1026.2,6,14,28,0.0,0,226.2,2
2025-03-31 07:42:57,1,57,15.5,71,8.5,1026.1,6,14,28,0.0,0,218.7,2
2025-03-31 07:43:58,1,57,15.5,71,8.6,1026.2,6,18,3,0.0,0,233.0,2
2025-03-31 07:44:59,1,57,15.5,71,8.6,1026.2,5,18,351,0.0,0,236.9,2
2025-03-31 07:46:00,1,57,15.5,71,8.7,1026.2,1,7,10,0.0,0,240.9,2
2025-03-31 07:47:01,1,57,15.5,70,8.7,1026.2,0,5,3,0.0,0,233.3,2
2025-03-31 07:48:02,1,57,15.5,70,8.9,1026.2,10,14,9,0.0,0,245.1,2
2025-03-31 07:49:03,1,57,15.5,69,9.1,1026.2,7,14,47,0.0,0,247.8,2
2025-03-31 07:50:04,1,57,15.5,69,9.1,1026.2,7,14,35,0.0,0,254.2,2
2025-03-31 07:51:05,1,57,15.5,68,9.1,1026.3,7,16,38,0.0,0,256.5,2
2025-03-31 07:52:06,1,57,15.5,69,9.2,1026.3,6,16,76,0.0,0,258.6,2
2025-03-31 07:53:07,1,57,15.6,68,9.2,1025.9,8,16,17,0.0,0,259.8,2
2025-03-31 07:54:08,1,57,15.5,68,9.2,1026.0,10,14,8,0.0,0,260.4,2
2025-03-31 07:55:09,1,57,15.6,68,9.2,1026.1,7,14,339,0.0,0,266.3,2
2025-03-31 07:56:10,1,57,15.5,68,9.2,1026.0,4,12,342,0.0,0,271.6,2
2025-03-31 07:57:11,1,56,15.6,69,9.2,1026.0,2,12,18,0.0,0,276.6,2
2025-03-31 07:58:12,1,56,15.6,68,9.3,1026.1,7,11,287,0.0,0,281.2,2
2025-03-31 07:59:13,1,56,15.6,67,9.4,1026.1,9,12,298,0.0,0,288.0,2
2025-03-31 08:00:14,1,56,15.6,68,9.5,1026.1,2,12,22,0.0,0,285.4,2
2025-03-31 08:01:15,1,56,15.6,67,9.6,1026.2,4,11,344,0.0,0,284.6,2
2025-03-31 08:02:16,1,56,15.6,67,9.8,1026.1,1,11,318,0.0,0,284.3,2
2025-03-31 08:03:17,1,56,15.6,67,9.8,1026.3,6,9,359,0.0,0,289.9,2
2025-03-31 08:04:18,1,56,15.6,67,9.8,1026.0,2,9,37,0.0,0,293.1,2
2025-03-31 08:05:19,1,56,15.6,67,9.9,1026.2,1,7,8,0.0,0,294.0,2
2025-03-31 08:06:20,1,56,15.6,66,9.9,1026.2,7,9,14,0.0,0,308.4,3
2025-03-31 08:07:21,1,56,15.6,66,10.0,1026.3,4,9,326,0.0,0,310.1,3
2025-03-31 08:08:22,1,56,15.6,67,10.0,1026.2,2,5,286,0.0,0,322.1,3
2025-03-31 08:09:23,1,57,15.6,66,10.0,1026.3,2,5,337,0.0,0,325.1,3
2025-03-31 08:10:24,1,57,15.6,67,10.0,1026.2,0,7,336,0.0,0,326.4,3
2025-03-31 08:11:25,1,58,15.7,66,10.1,1026.2,4,7,18,0.0,0,324.1,3
2025-03-31 08:12:26,1,58,15.7,65,10.4,1026.2,0,7,24,0.0,0,327.8,3
2025-03-31 08:13:27,1,59,15.7,66,10.5,1026.2,2,3,320,0.0,0,342.2,3
2025-03-31 08:14:28,1,59,15.7,64,10.7,1026.5,2,5,355,0.0,0,358.0,3
2025-03-31 08:15:29,1,59,15.7,63,10.9,1026.5,11,14,53,0.0,0,367.0,3
2025-03-31 08:16:30,1,59,15.7,64,10.9,1026.4,7,14,38,0.0,0,367.0,3
2025-03-31 08:17:31,1,58,15.8,64,10.7,1026.3,7,11,348,0.0,0,346.8,3
2025-03-31 08:18:32,1,58,15.8,65,10.5,1026.4,2,12,24,0.0,0,263.9,2
2025-03-31 08:19:33,1,58,15.8,65,10.4,1026.5,5,11,2,0.0,0,166.8,1
2025-03-31 08:20:34,1,58,15.8,65,10.3,1026.6,7,11,358,0.0,0,122.9,1
2025-03-31 08:21:35,1,58,15.8,65,10.2,1026.5,2,12,314,0.0,0,271.4,2
2025-03-31 08:22:36,1,58,15.8,66,10.2,1026.5,2,5,314,0.0,0,103.5,1
2025-03-31 08:23:37,1,58,15.8,64,10.3,1026.3,7,14,0,0.0,0,154.1,1
2025-03-31 08:24:38,1,58,15.8,65,10.3,1026.5,7,14,354,0.0,0,357.9,3
2025-03-31 08:25:39,1,58,15.8,65,10.3,1026.6,2,14,294,0.0,0,166.6,1
2025-03-31 08:26:40,1,58,15.8,65,10.3,1026.3,4,9,301,0.0,0,108.7,1
2025-03-31 08:27:41,1,58,15.8,64,10.3,1026.7,15,18,304,0.0,0,123.1,1
2025-03-31 08:28:42,1,57,15.8,64,10.3,1026.6,4,18,3,0.0,0,108.4,1
2025-03-31 08:29:43,1,57,15.8,65,10.2,1026.4,10,18,348,0.0,0,125.2,1
2025-03-31 08:30:44,1,57,15.8,66,9.9,1026.6,0,14,23,0.0,0,282.2,2
2025-03-31 08:31:45,1,57,15.8,66,9.7,1026.7,6,14,10,0.0,0,162.4,1
2025-03-31 08:32:46,1,57,15.7,67,9.7,1026.6,2,14,70,0.0,0,245.2,2
2025-03-31 08:33:47,1,57,15.7,67,9.6,1026.5,2,7,343,0.0,0,145.4,1
2025-03-31 08:34:48,1,57,15.7,67,9.6,1026.6,7,14,345,0.0,0,126.1,1
2025-03-31 08:35:49,1,57,15.7,67,9.6,1026.6,5,14,347,0.0,0,141.7,1
2025-03-31 08:36:50,1,57,15.7,67,9.6,1026.7,13,18,10,0.0,0,386.9,3
2025-03-31 08:37:51,1,57,15.7,67,9.6,1026.5,4,18,249,0.0,0,162.0,1
2025-03-31 08:38:52,1,56,15.7,67,9.6,1026.6,6,11,26,0.0,0,155.3,1
2025-03-31 08:39:53,1,56,15.7,67,9.6,1026.7,4,9,57,0.0,0,367.1,3
2025-03-31 08:40:54,1,56,15.7,67,9.6,1026.6,1,9,358,0.0,0,131.2,1
2025-03-31 08:41:55,1,56,15.7,66,9.6,1026.6,3,9,11,0.0,0,208.0,2
2025-03-31 08:42:56,1,56,15.7,66,9.7,1026.7,4,9,9,0.0,0,343.0,3
2025-03-31 08:43:57,1,56,15.7,66,9.7,1026.5,1,11,30,0.0,0,353.5,3
2025-03-31 08:44:58,1,56,15.7,65,9.8,1026.6,7,11,49,0.0,0,347.0,3
2025-03-31 08:45:59,1,56,15.7,65,9.9,1026.6,3,11,24,0.0,0,346.5,3
2025-03-31 08:47:00,1,56,15.7,65,10.0,1026.7,4,9,80,0.0,0,348.2,3
2025-03-31 08:48:01,1,56,15.7,65,10.1,1026.6,3,9,30,0.0,0,352.5,3
2025-03-31 08:49:02,1,56,15.7,64,10.2,1026.6,8,11,15,0.0,0,352.6,3
2025-03-31 08:50:03,1,56,15.7,64,10.2,1026.6,12,16,21,0.0,0,355.1,3
2025-03-31 08:51:04,1,56,15.7,64,10.4,1026.7,9,16,30,0.0,0,363.2,3
2025-03-31 08:52:05,1,56,15.7,62,10.4,1026.6,7,12,43,0.0,0,361.0,3
2025-03-31 08:53:06,1,56,15.7,63,10.4,1026.7,1,12,63,0.0,0,361.1,3
2025-03-31 08:54:07,1,56,15.7,62,10.5,1026.7,8,14,23,0.0,0,360.8,3
2025-03-31 08:55:08,1,56,15.7,62,10.6,1026.6,6,14,35,0.0,0,357.6,3
2025-03-31 08:56:09,1,56,15.8,62,10.7,1026.8,6,11,39,0.0,0,357.7,3
2025-03-31 08:57:10,1,56,15.8,62,10.7,1026.8,1,9,25,0.0,0,354.2,3
2025-03-31 08:58:11,1,56,15.8,61,10.8,1026.6,5,9,10,0.0,0,366.6,3
2025-03-31 08:59:12,1,56,15.8,61,11.0,1026.7,2,11,11,0.0,0,366.6,3
2025-03-31 09:00:13,1,56,15.8,61,11.0,1026.6,5,11,25,0.0,0,366.6,3
2025-03-31 09:01:14,1,56,15.8,62,10.9,1026.6,5,9,19,0.0,0,366.5,3
2025-03-31 09:02:15,1,56,15.8,62,10.9,1026.6,1,7,330,0.0,0,366.5,3
2025-03-31 09:03:16,1,56,15.9,61,10.9,1026.6,7,11,0,0.0,0,366.5,3
2025-03-31 09:04:17,1,56,15.9,61,11.1,1026.5,1,11,51,0.0,0,367.9,3
2025-03-31 09:05:18,1,56,15.9,61,11.2,1026.4,2,9,8,0.0,0,368.9,3
2025-03-31 09:06:19,1,56,15.9,61,11.3,1026.5,2,7,344,0.0,0,379.8,3
2025-03-31 09:07:20,1,56,15.9,60,11.4,1026.4,4,16,306,0.0,0,385.5,3
2025-03-31 09:08:21,1,56,15.9,60,11.5,1026.7,7,16,50,0.0,0,384.7,3
2025-03-31 09:09:22,1,56,15.9,60,11.5,1026.6,7,16,12,0.0,0,381.4,3
2025-03-31 09:10:23,1,56,15.9,61,11.4,1026.4,2,11,324,0.0,0,387.6,3
2025-03-31 09:11:24,1,56,15.9,61,11.3,1026.6,7,9,66,0.0,0,397.4,3
2025-03-31 09:12:25,1,56,15.9,60,11.4,1026.6,9,14,339,0.0,0,136.1,1
2025-03-31 09:13:26,1,56,16.0,60,11.4,1026.8,8,14,24,0.0,0,97.8,0
2025-03-31 09:14:27,1,56,15.9,61,11.4,1026.6,2,14,28,0.0,0,390.0,3
2025-03-31 09:15:28,1,56,16.0,61,11.1,1026.5,5,9,3,0.0,0,398.2,3
2025-03-31 09:16:29,1,56,16.0,61,11.1,1026.6,4,9,295,0.0,0,410.5,4
2025-03-31 09:17:30,1,56,16.0,62,11.1,1026.7,3,9,31,0.0,0,419.5,4
2025-03-31 09:18:31,1,56,16.0,62,11.1,1026.6,2,7,300,0.0,0,418.6,4
2025-03-31 09:19:32,1,56,16.0,60,11.3,1026.7,5,7,12,0.0,0,425.6,4
2025-03-31 09:20:33,1,56,16.0,60,11.6,1026.6,3,7,347,0.0,0,439.5,4
2025-03-31 09:21:34,1,56,16.0,61,11.6,1026.7,2,9,9,0.0,0,454.5,4
2025-03-31 09:22:35,1,56,16.0,60,11.7,1026.7,2,7,33,0.0,0,470.1,4
2025-03-31 09:23:36,1,56,16.0,60,11.8,1026.6,3,7,354,0.0,0,464.4,4
2025-03-31 09:24:37,1,56,16.0,60,11.8,1026.6,3,7,35,0.0,0,465.4,4
2025-03-31 09:25:38,1,56,16.0,60,11.9,1026.6,6,7,357,0.0,0,470.1,4
2025-03-31 09:26:39,1,56,16.0,59,11.9,1026.7,1,12,358,0.0,0,399.7,3
2025-03-31 09:27:40,1,57,16.1,59,12.1,1026.6,6,16,21,0.0,0,443.9,4
2025-03-31 09:28:41,1,57,16.1,58,12.1,1026.8,7,20,15,0.0,0,105.0,1
2025-03-31 09:29:42,1,57,16.1,58,12.1,1026.9,8,20,26,0.0,0,126.5,1
2025-03-31 09:30:43,1,57,16.1,60,12.0,1026.8,5,14,348,0.0,0,432.7,4
2025-03-31 09:31:44,1,57,16.1,60,11.7,1026.9,1,7,83,0.0,0,428.6,4
2025-03-31 09:32:45,1,57,16.1,59,11.7,1026.7,10,12,59,0.0,0,429.1,4
2025-03-31 09:33:46,1,57,16.1,59,11.8,1026.8,4,12,17,0.0,0,439.4,4
2025-03-31 09:34:47,1,57,16.1,59,11.8,1026.8,9,11,281,0.0,0,452.0,4
2025-03-31 09:35:48,1,57,16.1,60,11.8,1026.8,2,12,338,0.0,0,459.8,4
2025-03-31 09:36:49,1,57,16.1,58,11.8,1026.9,7,14,300,0.0,0,482.1,4
2025-03-31 09:37:50,1,57,16.1,58,11.9,1026.9,6,14,287,0.0,0,468.2,4
2025-03-31 09:38:51,1,57,16.1,57,11.9,1026.9,6,14,28,0.0,0,348.1,3
2025-03-31 09:39:52,1,57,16.1,57,12.1,1026.9,2,14,336,0.0,0,109.8,1
2025-03-31 09:40:53,1,57,16.2,58,12.1,1026.9,2,9,261,0.0,0,449.3,4
2025-03-31 09:41:54,1,57,16.1,58,12.1,1027.0,1,11,321,0.0,0,455.4,4
2025-03-31 09:42:55,1,57,16.1,56,12.3,1027.0,4,9,18,0.0,0,474.0,4
2025-03-31 09:43:56,1,57,16.2,56,12.6,1026.9,6,9,347,0.0,0,466.6,4
2025-03-31 09:44:57,1,57,16.2,56,12.6,1026.9,3,9,20,0.0,0,123.2,1
2025-03-31 09:45:58,1,57,16.2,57,12.6,1027.0,0,9,8,0.0,0,218.4,2
2025-03-31 09:46:59,1,57,16.2,57,12.5,1026.9,5,11,10,0.0,0,509.6,4
2025-03-31 09:48:00,1,57,16.2,57,12.4,1027.1,2,12,29,0.0,0,506.8,4
2025-03-31 09:49:01,1,57,16.2,58,12.2,1027.1,3,12,8,0.0,0,185.3,1
2025-03-31 09:50:02,1,57,16.2,59,11.9,1027.0,4,7,0,0.0,0,160.7,1
2025-03-31 09:51:03,1,57,16.2,59,11.7,1027.1,7,9,319,0.0,0,518.5,5
2025-03-31 09:52:04,1,57,16.2,58,11.7,1027.0,6,18,297,0.0,0,135.2,1
2025-03-31 09:53:05,1,57,16.2,58,11.8,1027.0,2,18,24,0.0,0,133.3,1
2025-03-31 09:54:06,1,57,16.2,58,11.8,1027.1,4,12,22,0.0,0,395.6,3
2025-03-31 09:55:07,1,57,16.2,58,11.8,1027.0,9,12,16,0.0,0,518.9,5
2025-03-31 09:56:08,1,57,16.2,58,11.8,1027.1,1,12,33,0.0,0,170.5,1
2025-03-31 09:57:09,1,57,16.2,58,11.8,1027.0,2,9,27,0.0,0,519.2,5
2025-03-31 09:58:10,1,57,16.2,58,11.8,1027.0,6,7,49,0.0,0,531.9,5
2025-03-31 09:59:11,1,57,16.2,57,12.0,1027.0,5,11,268,0.0,0,550.2,5
2025-03-31 10:00:12,1,57,16.2,58,12.1,1026.9,0,9,357,0.0,0,566.7,5
2025-03-31 10:01:13,1,57,16.3,56,12.3,1027.0,5,9,345,0.0,0,235.4,2
2025-03-31 10:02:14,1,57,16.3,56,12.5,1027.0,7,11,58,0.0,0,242.1,2
2025-03-31 10:03:15,1,57,16.3,56,12.5,1027.0,12,21,52,0.0,0,219.8,2
2025-03-31 10:04:16,1,57,16.3,56,12.5,1027.1,7,21,24,0.0,0,172.9,1
2025-03-31 10:05:17,1,57,16.3,57,12.2,1027.1,6,11,357,0.0,0,432.0,4
2025-03-31 10:06:18,1,57,16.3,57,12.1,1027.1,5,12,310,0.0,0,379.1,3
2025-03-31 10:07:19,1,57,16.3,57,12.0,1027.1,5,12,342,0.0,0,608.8,5
2025-03-31 10:08:20,1,57,16.3,58,12.0,1027.1,5,9,28,0.0,0,481.4,4
2025-03-31 10:09:21,1,57,16.3,58,12.0,1027.0,0,7,310,0.0,0,427.3,4
2025-03-31 10:10:22,1,57,16.3,57,12.1,1027.0,2,5,288,0.0,0,195.0,1
2025-03-31 10:11:23,1,57,16.3,57,12.3,1027.1,4,11,12,0.0,0,143.3,1
2025-03-31 10:12:24,1,57,16.3,57,12.3,1027.1,7,11,347,0.0,0,131.4,1
2025-03-31 10:13:25,1,56,16.3,57,12.3,1027.0,5,11,6,0.0,0,120.9,1
2025-03-31 10:14:26,1,56,16.3,56,12.2,1027.4,14,20,18,0.0,0,118.3,1
2025-03-31 10:15:27,1,56,16.3,58,12.2,1027.2,5,20,29,0.0,0,169.5,1
2025-03-31 10:16:28,1,56,16.3,58,11.8,1027.1,3,12,24,0.0,0,180.1,1
2025-03-31 10:17:29,1,56,16.2,59,11.7,1027.2,1,9,40,0.0,0,611.2,5
2025-03-31 10:18:30,1,56,16.3,59,11.7,1027.3,2,9,359,0.0,0,274.3,2
2025-03-31 10:19:31,1,57,16.3,58,11.9,1027.1,8,12,29,0.0,0,506.2,4
2025-03-31 10:20:32,1,57,16.3,57,12.1,1027.3,10,14,353,0.0,0,229.6,2
2025-03-31 10:21:33,1,57,16.2,58,12.1,1027.3,8,14,39,0.0,0,552.5,5
2025-03-31 10:22:34,1,57,16.3,58,11.9,1027.3,2,14,256,0.0,0,159.3,1
2025-03-31 10:23:35,1,57,16.3,57,11.8,1027.1,11,16,37,0.0,0,545.7,5
2025-03-31 10:24:36,1,57,16.3,57,11.8,1027.2,3,16,319,0.0,0,574.9,5
2025-03-31 10:25:37,1,57,16.3,57,12.0,1027.3,8,12,336,0.0,0,601.9,5
2025-03-31 10:26:38,1,57,16.3,56,12.1,1027.2,8,14,38,0.0,0,629.7,6
2025-03-31 10:27:39,1,57,16.3,55,12.2,1027.1,11,18,66,0.0,0,650.0,6
2025-03-31 10:28:40,1,57,16.3,56,12.2,1027.1,11,18,14,0.0,0,239.9,2
2025-03-31 10:29:41,1,57,16.3,55,12.1,1027.1,8,14,19,0.0,0,183.9,1
2025-03-31 10:30:42,1,57,16.4,57,12.0,1027.0,6,11,34,0.0,0,176.1,1
2025-03-31 10:31:43,1,57,16.3,57,12.0,1026.9,8,12,2,0.0,0,195.1,1
2025-03-31 10:32:44,1,57,16.3,57,12.1,1027.2,12,20,12,0.0,0,199.0,1
2025-03-31 10:33:45,1,57,16.3,57,12.1,1027.3,13,20,344,0.0,0,200.9,1
2025-03-31 10:34:46,1,57,16.3,58,12.1,1027.1,3,18,295,0.0,0,390.5,3
2025-03-31 10:35:47,1,57,16.3,59,11.9,1027.1,6,14,17,0.0,0,201.5,1
2025-03-31 10:36:48,1,57,16.3,58,11.8,1027.3,3,16,341,0.0,0,183.8,1
2025-03-31 10:37:49,1,57,16.3,58,11.8,1027.3,6,16,299,0.0,0,281.3,2
2025-03-31 10:38:50,1,57,16.3,58,11.8,1027.1,16,20,6,0.0,0,643.2,6
2025-03-31 10:39:51,1,57,16.3,58,11.8,1027.1,11,20,348,0.0,0,360.0,3
2025-03-31 10:40:52,1,57,16.3,59,11.7,1027.2,11,20,30,0.0,0,188.7,1
2025-03-31 10:41:53,1,57,16.3,59,11.7,1027.1,10,16,9,0.0,0,157.4,1
2025-03-31 10:42:54,1,57,16.3,58,11.7,1027.2,12,16,27,0.0,0,147.4,1
2025-03-31 10:43:55,1,57,16.3,59,11.7,1027.1,4,16,0,0.0,0,148.7,1
2025-03-31 10:44:56,1,57,16.3,60,11.6,1027.3,5,9,15,0.0,0,115.5,1
2025-03-31 10:45:57,1,57,16.3,59,11.6,1027.2,3,11,349,0.0,0,116.2,1
2025-03-31 10:46:58,1,57,16.3,59,11.6,1027.3,5,14,342,0.0,0,134.4,1
2025-03-31 10:47:59,1,57,16.3,59,11.6,1027.3,1,14,61,0.0,0,584.9,5
2025-03-31 10:49:00,1,57,16.3,58,11.6,1027.3,8,16,24,0.0,0,586.7,5
2025-03-31 10:50:01,1,57,16.3,59,11.7,1027.1,2,16,351,0.0,0,599.6,5
2025-03-31 10:51:02,1,57,16.3,58,11.7,1027.1,1,9,299,0.0,0,552.4,5
2025-03-31 10:52:03,1,57,16.3,58,11.8,1027.0,4,9,27,0.0,0,649.0,6
2025-03-31 10:53:04,1,57,16.3,57,12.0,1027.0,8,14,341,0.0,0,652.0,6
2025-03-31 10:54:05,1,57,16.3,56,12.3,1027.1,7,14,20,0.0,0,403.8,3
2025-03-31 10:55:06,1,57,16.3,57,12.4,1026.9,2,12,15,0.0,0,222.0,2
2025-03-31 10:56:07,1,57,16.3,57,12.4,1027.0,2,12,327,0.0,0,201.8,1
2025-03-31 10:57:08,1,57,16.3,57,12.4,1027.0,2,5,2,0.0,0,634.0,6
2025-03-31 10:58:09,1,57,16.3,57,12.4,1026.9,0,5,12,0.0,0,503.4,4
2025-03-31 10:59:10,1,57,16.3,56,12.6,1027.1,2,12,39,0.0,0,206.3,2
2025-03-31 11:00:11,1,57,16.3,55,12.7,1027.0,14,18,33,0.0,0,182.7,1
2025-03-31 11:01:12,1,57,16.3,56,12.7,1027.1,8,18,53,0.0,0,156.9,1
2025-03-31 11:02:13,1,57,16.3,56,12.7,1027.1,2,14,29,0.0,0,144.8,1
2025-03-31 11:03:14,1,57,16.3,56,12.5,1027.0,3,14,43,0.0,0,140.2,1
2025-03-31 11:04:15,1,57,16.3,57,12.2,1026.9,2,14,30,0.0,0,173.5,1
2025-03-31 11:05:16,1,57,16.3,57,11.9,1026.9,5,12,45,0.0,0,586.5,5
2025-03-31 11:06:17,1,57,16.3,57,11.8,1027.1,3,11,11,0.0,0,591.5,5
2025-03-31 11:07:18,1,57,16.3,57,11.8,1027.0,5,11,1,0.0,0,603.1,5
2025-03-31 11:08:19,1,57,16.3,57,11.8,1027.2,8,12,1,0.0,0,617.4,6
2025-03-31 11:09:20,1,57,16.3,57,11.9,1027.0,1,12,18,0.0,0,635.4,6
2025-03-31 11:10:21,1,57,16.3,57,12.0,1027.2,5,11,346,0.0,0,534.3,5
2025-03-31 11:11:22,1,57,16.3,56,12.1,1027.0,12,18,170,0.0,0,679.9,6
2025-03-31 11:12:23,1,57,16.3,56,12.3,1027.1,3,18,345,0.0,0,343.4,3
2025-03-31 11:13:24,1,57,16.3,56,12.4,1027.0,5,12,342,0.0,0,211.6,2
2025-03-31 11:14:25,1,57,16.4,54,12.6,1027.0,8,11,47,0.0,0,634.5,6
2025-03-31 11:15:26,1,56,16.4,54,12.7,1027.0,5,14,243,0.0,0,228.2,2
2025-03-31 11:16:27,1,56,16.4,54,12.7,1027.1,7,14,39,0.0,0,155.2,1
2025-03-31 11:17:28,1,56,16.4,55,12.6,1027.1,8,12,327,0.0,0,602.8,5
2025-03-31 11:18:29,1,56,16.4,56,12.5,1027.0,6,12,23,0.0,0,595.9,5
2025-03-31 11:19:30,1,56,16.4,55,12.3,1027.1,13,16,28,0.0,0,588.1,5
2025-03-31 11:20:31,1,56,16.4,56,12.3,1027.1,5,16,41,0.0,0,613.5,5
2025-03-31 11:21:32,1,56,16.4,56,12.3,1027.1,3,7,47,0.0,0,620.1,6
2025-03-31 11:22:33,1,56,16.4,56,12.3,1026.9,4,7,19,0.0,0,614.6,5
2025-03-31 11:23:34,1,56,16.4,56,12.5,1027.2,7,11,40,0.0,0,633.0,6
2025-03-31 11:24:35,1,56,16.4,55,12.6,1027.0,7,18,333,0.0,0,642.6,6
2025-03-31 11:25:36,1,56,16.4,53,12.8,1027.0,9,18,38,0.0,0,207.4,2
2025-03-31 11:26:37,1,56,16.4,53,12.8,1027.1,12,14,18,0.0,0,469.3,4
2025-03-31 11:27:38,1,56,16.4,54,12.7,1027.0,8,16,32,0.0,0,626.7,6
2025-03-31 11:28:39,1,56,16.4,55,12.6,1027.0,6,12,24,0.0,0,660.4,6
2025-03-31 11:29:40,1,56,16.4,55,12.6,1027.1,5,11,52,0.0,0,665.7,6
2025-03-31 11:30:41,1,56,16.4,55,12.7,1027.1,6,9,1,0.0,0,648.1,6
2025-03-31 11:31:42,1,56,16.4,53,13.1,1027.3,6,16,344,0.0,0,412.9,4
2025-03-31 11:32:43,1,56,16.4,53,13.4,1027.1,9,16,45,0.0,0,147.7,1
2025-03-31 11:33:44,1,56,16.5,53,13.4,1027.3,5,16,33,0.0,0,143.7,1
2025-03-31 11:34:45,1,56,16.5,53,13.4,1027.1,7,16,44,0.0,0,144.1,1
2025-03-31 11:35:46,1,56,16.5,54,13.2,1027.2,2,12,339,0.0,0,140.5,1
2025-03-31 11:36:47,1,56,16.5,55,12.8,1027.0,2,9,334,0.0,0,244.1,2
2025-03-31 11:37:48,1,56,16.4,55,12.6,1027.2,8,14,56,0.0,0,605.9,5
2025-03-31 11:38:49,1,56,16.4,56,12.6,1027.0,9,16,343,0.0,0,601.8,5
2025-03-31 11:39:50,1,56,16.4,56,12.4,1027.2,12,20,5,0.0,0,606.2,5
2025-03-31 11:40:51,1,56,16.4,56,12.4,1027.2,8,20,54,0.0,0,618.5,6
2025-03-31 11:41:52,1,56,16.4,56,12.3,1027.1,4,14,38,0.0,0,604.5,5
2025-03-31 11:42:53,1,56,16.4,56,12.3,1027.0,10,12,39,0.0,0,561.1,5
2025-03-31 11:43:54,1,56,16.5,54,12.5,1026.9,7,18,51,0.0,0,167.6,1
2025-03-31 11:44:55,1,56,16.5,54,12.7,1027.1,10,18,41,0.0,0,528.2,5
2025-03-31 11:45:56,1,56,16.5,54,12.7,1027.3,9,16,24,0.0,0,581.5,5
2025-03-31 11:46:57,1,56,16.5,55,12.7,1027.1,8,18,48,0.0,0,569.1,5
2025-03-31 11:47:58,1,56,16.5,55,12.7,1026.9,1,18,4,0.0,0,562.6,5
2025-03-31 11:48:59,1,56,16.5,54,12.8,1027.1,6,12,27,0.0,0,564.3,5
2025-03-31 11:50:00,1,56,16.5,54,12.9,1027.1,12,14,31,0.0,0,576.6,5
2025-03-31 11:51:01,1,56,16.5,55,12.9,1027.1,4,16,6,0.0,0,586.5,5
2025-03-31 11:52:02,1,56,16.5,55,12.8,1027.1,5,12,285,0.0,0,602.7,5
2025-03-31 11:53:03,1,56,16.5,54,12.8,1027.2,2,9,356,0.0,0,602.1,5
2025-03-31 11:54:04,1,56,16.5,55,13.0,1027.1,2,9,313,0.0,0,618.5,6
2025-03-31 11:55:05,1,56,16.5,53,13.1,1027.3,11,20,349,0.0,0,571.6,5
2025-03-31 11:56:06,1,56,16.5,53,13.2,1027.2,5,20,27,0.0,0,184.5,1
2025-03-31 11:57:07,1,56,16.5,53,13.3,1026.9,4,12,308,0.0,0,560.5,5
2025-03-31 11:58:08,1,56,16.5,52,13.3,1027.0,4,12,8,0.0,0,417.4,4
2025-03-31 11:59:09,1,56,16.5,52,13.3,1027.2,6,11,341,0.0,0,585.9,5
2025-03-31 12:00:10,1,56,16.5,53,13.2,1027.0,6,9,21,0.0,0,586.5,5
2025-03-31 12:01:11,1,56,16.6,52,13.1,1027.2,6,11,310,0.0,0,575.9,5
2025-03-31 12:02:12,1,55,16.5,53,13.1,1027.3,3,12,59,0.0,0,523.6,5
2025-03-31 12:03:13,1,55,16.5,52,13.2,1027.2,2,12,47,0.0,0,172.6,1
2025-03-31 12:04:14,1,55,16.6,51,13.4,1027.0,6,14,37,0.0,0,519.6,5
2025-03-31 12:05:15,1,55,16.6,52,13.4,1027.2,9,16,28,0.0,0,586.5,5
2025-03-31 12:06:16,1,55,16.6,52,13.2,1027.3,8,16,52,0.0,0,586.7,5
2025-03-31 12:07:17,1,55,16.6,52,13.1,1027.3,6,16,343,0.0,0,594.3,5
2025-03-31 12:08:18,1,55,16.6,51,13.1,1027.2,5,16,15,0.0,0,623.8,6
2025-03-31 12:09:19,1,55,16.6,52,13.1,1027.2,1,16,7,0.0,0,634.7,6
2025-03-31 12:10:20,1,55,16.6,53,13.0,1027.2,0,9,60,0.0,0,259.7,2
2025-03-31 12:11:21,1,55,16.6,52,13.1,1027.2,2,5,25,0.0,0,651.6,6
2025-03-31 12:12:22,1,55,16.6,51,13.4,1027.2,11,18,52,0.0,0,659.2,6
2025-03-31 12:13:23,1,55,16.6,51,13.7,1027.0,10,18,37,0.0,0,653.2,6
2025-03-31 12:14:24,1,55,16.6,52,13.7,1027.2,7,18,5,0.0,0,200.4,1
2025-03-31 12:15:25,1,55,16.6,53,13.5,1027.1,9,16,31,0.0,0,185.2,1
2025-03-31 12:16:26,1,55,16.6,53,13.3,1027.2,1,16,29,0.0,0,429.5,4
2025-03-31 12:17:27,1,55,16.6,52,13.3,1027.2,5,12,78,0.0,0,184.6,1
2025-03-31 12:18:28,1,55,16.6,53,13.3,1027.3,4,9,59,0.0,0,187.3,1
2025-03-31 12:19:29,1,55,16.6,53,13.3,1027.2,8,14,28,0.0,0,375.5,3
2025-03-31 12:20:30,1,55,16.6,52,13.3,1027.2,8,14,31,0.0,0,172.8,1
2025-03-31 12:21:31,1,55,16.6,53,13.2,1027.2,6,12,341,0.0,0,616.8,6
2025-03-31 12:22:32,1,55,16.5,54,13.0,1027.2,7,11,2,0.0,0,594.7,5
2025-03-31 12:23:33,1,55,16.5,53,13.0,1027.2,5,11,16,0.0,0,643.1,6
2025-03-31 12:24:34,1,55,16.5,54,13.1,1027.1,5,11,50,0.0,0,639.0,6
2025-03-31 12:25:35,1,55,16.5,53,13.1,1027.0,7,12,0,0.0,0,543.5,5
2025-03-31 12:26:36,1,55,16.5,54,13.2,1027.4,1,12,292,0.0,0,183.6,1
2025-03-31 12:27:37,1,55,16.5,53,13.1,1027.3,13,16,22,0.0,0,161.3,1
2025-03-31 12:28:38,1,55,16.5,53,13.1,1027.1,11,16,74,0.0,0,157.4,1
2025-03-31 12:29:39,1,55,16.5,53,13.1,1027.2,8,16,328,0.0,0,157.6,1
2025-03-31 12:30:40,1,55,16.5,53,13.0,1027.3,3,16,31,0.0,0,513.0,4
2025-03-31 12:31:41,1,55,16.5,53,12.9,1027.0,5,7,29,0.0,0,181.7,1
2025-03-31 12:32:42,1,55,16.5,53,12.9,1027.1,6,11,13,0.0,0,604.3,5
2025-03-31 12:33:43,1,55,16.5,53,13.0,1027.2,2,11,331,0.0,0,598.0,5
2025-03-31 12:34:44,1,55,16.5,53,13.0,1027.1,2,7,47,0.0,0,591.0,5
2025-03-31 12:35:45,1,55,16.5,52,13.2,1027.2,3,9,13,0.0,0,590.7,5
2025-03-31 12:36:46,1,55,16.5,51,13.4,1027.2,1,9,3,0.0,0,595.0,5
2025-03-31 12:37:47,1,55,16.5,51,13.5,1027.2,3,9,51,0.0,0,595.8,5
2025-03-31 12:38:48,1,55,16.5,51,13.6,1027.1,2,7,55,0.0,0,587.8,5
2025-03-31 12:39:49,1,55,16.5,51,13.6,1027.0,9,12,43,0.0,0,255.0,2
2025-03-31 12:40:50,1,55,16.5,52,13.5,1027.2,6,12,48,0.0,0,171.9,1
2025-03-31 12:41:51,1,55,16.5,52,13.6,1027.2,5,12,30,0.0,0,155.1,1
2025-03-31 12:42:52,1,55,16.5,52,13.6,1027.1,8,12,33,0.0,0,149.7,1
2025-03-31 12:43:53,1,55,16.5,53,13.6,1027.1,1,12,272,0.0,0,155.0,1
2025-03-31 12:44:54,1,55,16.5,53,13.5,1027.0,3,7,342,0.0,0,181.0,1
2025-03-31 12:45:55,1,55,16.5,52,13.5,1027.2,9,12,7,0.0,0,567.3,5
2025-03-31 12:46:56,1,55,16.5,52,13.5,1027.2,9,12,16,0.0,0,548.0,5
2025-03-31 12:47:57,1,55,16.5,54,13.3,1027.0,0,12,40,0.0,0,544.0,5
2025-03-31 12:48:58,1,55,16.5,53,13.3,1027.1,1,5,326,0.0,0,538.4,5
2025-03-31 12:49:59,1,55,16.5,52,13.4,1026.8,5,7,271,0.0,0,538.3,5
2025-03-31 12:51:00,1,55,16.5,51,13.6,1026.8,9,11,320,0.0,0,546.9,5
2025-03-31 12:52:01,1,55,16.5,50,13.9,1027.0,2,11,299,0.0,0,556.5,5
2025-03-31 12:53:02,1,55,16.5,49,14.0,1027.0,3,9,19,0.0,0,576.0,5
2025-03-31 12:54:03,1,55,16.5,49,14.1,1027.0,0,9,330,0.0,0,298.7,2
2025-03-31 12:55:04,1,55,16.5,48,14.2,1027.1,6,9,14,0.0,0,590.6,5
2025-03-31 12:56:05,1,55,16.5,48,14.3,1026.9,2,9,306,0.0,0,586.0,5
2025-03-31 12:57:06,1,55,16.5,49,14.3,1027.0,0,9,15,0.0,0,425.4,4
2025-03-31 12:58:07,1,55,16.5,49,14.0,1027.0,1,9,16,0.0,0,486.3,4
2025-03-31 12:59:08,1,55,16.5,50,14.0,1026.9,9,12,5,0.0,0,549.7,5
2025-03-31 13:00:09,1,55,16.5,50,13.9,1027.1,8,16,24,0.0,0,536.6,5
2025-03-31 13:01:10,1,55,16.5,50,13.9,1027.0,9,16,19,0.0,0,526.5,5
2025-03-31 13:02:11,1,55,16.5,50,13.7,1027.0,5,12,12,0.0,0,532.6,5
2025-03-31 13:03:12,1,55,16.5,49,13.7,1027.0,7,12,22,0.0,0,541.2,5
2025-03-31 13:04:13,1,55,16.5,49,13.9,1027.1,2,12,53,0.0,0,558.6,5
2025-03-31 13:05:14,1,55,16.6,48,14.0,1027.1,7,12,18,0.0,0,578.0,5
2025-03-31 13:06:15,1,55,16.5,49,14.0,1026.9,6,12,16,0.0,0,586.2,5
2025-03-31 13:07:16,1,55,16.5,50,14.0,1027.0,6,11,61,0.0,0,588.2,5
2025-03-31 13:08:17,1,55,16.6,51,13.9,1027.0,7,12,323,0.0,0,580.6,5
2025-03-31 13:09:18,1,55,16.6,51,13.9,1027.0,1,12,5,0.0,0,572.5,5
2025-03-31 13:10:19,1,55,16.6,50,13.9,1026.9,3,7,38,0.0,0,559.6,5
2025-03-31 13:11:20,1,55,16.5,50,14.2,1026.9,4,7,24,0.0,0,520.1,5
2025-03-31 13:12:21,1,55,16.6,50,14.3,1026.9,3,9,11,0.0,0,445.0,4
2025-03-31 13:13:22,1,55,16.6,49,14.4,1027.1,7,11,19,0.0,0,170.3,1
2025-03-31 13:14:23,1,55,16.6,48,14.5,1026.9,8,11,24,0.0,0,140.7,1
2025-03-31 13:15:24,1,55,16.6,49,14.5,1026.9,6,11,50,0.0,0,529.2,5
2025-03-31 13:16:25,1,55,16.6,49,14.2,1026.9,8,11,43,0.0,0,131.3,1
2025-03-31 13:17:26,1,55,16.6,49,14.2,1026.7,0,11,0,0.0,0,109.5,1
2025-03-31 13:18:27,1,55,16.6,49,14.1,1026.9,12,18,33,0.0,0,120.2,1
2025-03-31 13:19:28,1,55,16.6,50,14.1,1026.8,2,16,44,0.0,0,511.6,4
2025-03-31 13:20:29,1,55,16.5,50,13.7,1027.0,2,12,37,0.0,0,527.2,5
2025-03-31 13:21:30,1,55,16.5,51,13.7,1026.9,1,7,12,0.0,0,546.1,5
2025-03-31 13:22:31,1,55,16.5,50,13.7,1026.9,5,7,36,0.0,0,563.2,5
2025-03-31 13:23:32,1,55,16.5,49,13.9,1026.8,3,7,20,0.0,0,568.1,5
2025-03-31 13:24:33,1,55,16.5,50,14.1,1026.9,2,7,41,0.0,0,566.0,5
2025-03-31 13:25:34,1,55,16.5,49,14.3,1026.8,0,5,53,0.0,0,560.0,5
2025-03-31 13:26:35,1,55,16.5,49,14.6,1026.9,0,3,60,0.0,0,277.5,2
2025-03-31 13:27:36,1,55,16.5,48,14.8,1026.8,4,7,336,0.0,0,548.5,5
2025-03-31 13:28:37,1,55,16.5,48,15.1,1026.9,8,12,66,0.0,0,540.7,5
2025-03-31 13:29:38,1,55,16.5,48,15.1,1027.0,13,14,20,0.0,0,516.9,5
2025-03-31 13:30:39,1,55,16.5,49,15.1,1027.0,5,16,355,0.0,0,135.8,1
2025-03-31 13:31:40,1,55,16.5,50,14.7,1026.9,6,14,27,0.0,0,121.2,1
2025-03-31 13:32:41,1,55,16.5,51,14.3,1027.0,4,16,37,0.0,0,111.4,1
2025-03-31 13:33:42,1,55,16.5,51,14.1,1026.8,5,16,350,0.0,0,133.2,1
2025-03-31 13:34:43,1,55,16.5,51,13.8,1026.8,0,7,17,0.0,0,457.8,4
2025-03-31 13:35:44,1,55,16.5,51,13.8,1026.8,4,7,50,0.0,0,470.6,4
2025-03-31 13:36:45,1,55,16.5,51,13.8,1026.8,3,9,34,0.0,0,465.0,4
2025-03-31 13:37:46,1,55,16.5,50,13.8,1026.8,9,12,28,0.0,0,461.7,4
2025-03-31 13:38:47,1,55,16.5,50,13.9,1026.8,2,12,51,0.0,0,459.2,4
2025-03-31 13:39:48,1,55,16.5,50,13.9,1026.7,4,9,28,0.0,0,461.5,4
2025-03-31 13:40:49,1,55,16.5,49,13.9,1026.8,2,9,338,0.0,0,469.2,4
2025-03-31 13:41:50,1,54,16.5,48,14.1,1026.6,1,9,32,0.0,0,473.0,4
2025-03-31 13:42:51,1,55,16.5,48,14.2,1026.7,1,7,31,0.0,0,472.7,4
2025-03-31 13:43:52,1,55,16.5,47,14.3,1026.8,9,12,31,0.0,0,470.3,4
2025-03-31 13:44:53,1,55,16.5,47,14.4,1026.7,8,16,38,0.0,0,478.1,4
2025-03-31 13:45:54,1,55,16.5,47,14.5,1026.6,7,16,51,0.0,0,132.7,1
2025-03-31 13:46:55,1,55,16.5,47,14.4,1026.7,7,12,27,0.0,0,168.3,1
2025-03-31 13:47:56,1,55,16.5,48,14.2,1026.7,7,12,10,0.0,0,113.3,1
2025-03-31 13:48:57,1,55,16.5,49,14.2,1026.7,2,12,34,0.0,0,127.9,1
2025-03-31 13:49:58,1,55,16.5,49,14.1,1026.8,11,12,338,0.0,0,114.7,1
2025-03-31 13:50:59,1,55,16.5,49,14.0,1026.8,12,18,35,0.0,0,127.7,1
2025-03-31 13:52:00,1,47,16.4,50,13.8,1026.8,16,20,16,0.0,0,460.0,4
2025-03-31 13:53:01,1,47,16.4,50,13.6,1026.8,2,20,2,0.0,0,451.4,4
2025-03-31 13:54:02,1,47,16.1,51,13.4,1026.7,8,12,32,0.0,0,444.0,4
2025-03-31 13:55:03,1,47,15.9,50,13.4,1026.7,11,14,62,0.0,0,444.6,4
2025-03-31 13:56:04,1,49,15.8,50,13.4,1026.7,5,14,359,0.0,0,443.9,4
2025-03-31 13:57:05,1,50,15.7,50,13.4,1026.6,3,7,56,0.0,0,446.1,4
2025-03-31 13:58:06,1,51,15.6,50,13.5,1026.8,3,9,21,0.0,0,447.5,4
2025-03-31 13:59:07,1,51,15.6,50,13.7,1026.8,5,9,58,0.0,0,456.4,4
2025-03-31 14:00:08,1,51,15.5,50,13.8,1026.7,3,9,27,0.0,0,467.8,4
2025-03-31 14:01:09,1,53,15.5,51,13.8,1026.7,0,7,347,0.0,0,480.8,4
2025-03-31 14:02:10,1,52,15.5,49,14.0,1026.6,2,9,25,0.0,0,488.5,4
2025-03-31 14:03:11,1,51,15.4,49,14.2,1026.8,2,14,26,0.0,0,497.2,4
2025-03-31 14:04:12,1,50,15.4,48,14.3,1026.8,1,9,18,0.0,0,493.8,4
2025-03-31 14:05:13,1,52,15.4,48,14.5,1026.8,0,5,18,0.0,0,488.5,4
2025-03-31 14:06:14,1,53,15.3,49,14.5,1026.8,7,11,329,0.0,0,488.6,4
2025-03-31 14:07:15,1,54,15.4,49,14.5,1026.7,9,11,330,0.0,0,488.4,4
2025-03-31 14:08:16,1,55,15.4,49,14.5,1026.8,2,14,307,0.0,0,488.3,4
2025-03-31 14:09:17,1,56,15.5,49,14.6,1026.8,7,12,23,0.0,0,488.3,4
2025-03-31 14:10:18,1,56,15.5,49,14.6,1026.8,3,12,0,0.0,0,497.5,4
2025-03-31 14:11:19,1,57,15.6,49,14.7,1026.7,8,11,342,0.0,0,245.1,2
2025-03-31 14:12:20,1,57,15.6,48,14.8,1026.7,8,11,312,0.0,0,436.9,4
2025-03-31 14:13:21,1,58,15.7,49,14.8,1026.7,7,11,308,0.0,0,499.6,4
2025-03-31 14:14:22,1,58,15.8,50,14.6,1026.8,7,11,330,0.0,0,489.1,4
2025-03-31 14:15:23,1,58,15.8,51,14.4,1026.8,7,14,37,0.0,0,488.3,4
2025-03-31 14:16:24,1,58,15.9,51,14.1,1026.7,6,16,15,0.0,0,223.8,2
2025-03-31 14:17:25,1,58,15.9,50,14.1,1027.0,9,16,16,0.0,0,173.2,1
2025-03-31 14:18:26,1,58,15.9,51,14.1,1026.7,1,14,39,0.0,0,458.4,4
2025-03-31 14:19:27,1,59,16.0,51,14.0,1026.8,6,9,336,0.0,0,437.9,4
2025-03-31 14:20:28,1,59,16.0,51,14.0,1026.6,8,16,354,0.0,0,426.2,4
2025-03-31 14:21:29,1,59,16.0,50,14.2,1026.7,9,16,3,0.0,0,132.9,1
2025-03-31 14:22:30,1,59,16.0,50,14.2,1026.7,9,14,224,0.0,0,135.6,1
2025-03-31 14:23:31,1,59,16.1,51,14.1,1026.6,5,14,29,0.0,0,419.4,4
2025-03-31 14:24:32,1,59,16.1,51,13.9,1026.7,6,11,36,0.0,0,141.8,1
2025-03-31 14:25:33,1,59,16.2,51,13.9,1026.6,9,12,351,0.0,0,132.7,1
2025-03-31 14:26:34,1,59,16.2,52,13.8,1026.7,10,14,301,0.0,0,149.5,1
2025-03-31 14:27:35,1,59,16.2,52,13.8,1026.7,3,14,328,0.0,0,218.1,2
2025-03-31 14:28:36,1,59,16.2,52,13.8,1026.7,3,9,331,0.0,0,418.6,4
2025-03-31 14:29:37,1,59,16.2,52,13.8,1026.9,4,11,11,0.0,0,410.4,3
2025-03-31 14:30:38,1,59,16.3,52,13.9,1026.8,3,11,354,0.0,0,417.7,4
2025-03-31 14:31:39,1,59,16.3,53,13.9,1026.6,6,11,11,0.0,0,411.5,4
2025-03-31 14:32:40,1,59,16.3,52,13.9,1026.9,4,14,321,0.0,0,412.5,4
2025-03-31 14:33:41,1,59,16.3,51,13.9,1026.8,6,11,21,0.0,0,408.4,3
2025-03-31 14:34:42,1,59,16.3,52,13.8,1026.7,0,9,344,0.0,0,418.6,4
2025-03-31 14:35:43,1,59,16.3,52,13.8,1026.8,2,9,282,0.0,0,169.2,1
2025-03-31 14:36:44,1,59,16.4,51,13.9,1026.8,2,9,26,0.0,0,211.2,2
2025-03-31 14:37:45,1,59,16.4,51,14.0,1026.7,2,9,11,0.0,0,199.0,1
2025-03-31 14:38:46,1,59,16.4,50,14.1,1026.5,5,7,36,0.0,0,422.0,4
2025-03-31 14:39:47,1,59,16.4,51,14.2,1026.8,1,7,46,0.0,0,397.8,3
2025-03-31 14:40:48,1,59,16.4,51,14.2,1026.7,11,16,62,0.0,0,404.6,3
2025-03-31 14:41:49,1,59,16.4,51,14.2,1026.7,1,16,264,0.0,0,160.9,1
2025-03-31 14:42:50,1,59,16.4,51,14.4,1026.7,6,9,28,0.0,0,142.0,1
2025-03-31 14:43:51,1,59,16.4,51,14.4,1026.8,1,9,339,0.0,0,131.4,1
2025-03-31 14:44:52,1,59,16.5,51,14.4,1026.8,1,7,34,0.0,0,126.3,1
2025-03-31 14:45:53,1,59,16.5,51,14.3,1026.8,9,11,4,0.0,0,138.0,1
2025-03-31 14:46:54,1,59,16.5,52,14.2,1026.8,6,12,38,0.0,0,138.0,1
2025-03-31 14:47:55,1,59,16.5,52,14.0,1026.8,6,12,48,0.0,0,381.3,3
2025-03-31 14:48:56,1,59,16.5,53,13.8,1026.7,5,12,20,0.0,0,386.3,3
2025-03-31 14:49:57,1,60,16.5,53,13.7,1026.8,7,9,18,0.0,0,391.6,3
2025-03-31 14:50:58,1,60,16.5,52,13.7,1026.5,5,11,22,0.0,0,397.4,3
2025-03-31 14:51:59,1,60,16.5,53,13.7,1026.7,6,9,28,0.0,0,389.3,3
2025-03-31 14:53:00,1,60,16.5,53,13.7,1026.7,2,9,34,0.0,0,398.7,3
2025-03-31 14:54:01,1,60,16.5,52,13.8,1026.7,3,7,23,0.0,0,387.6,3
2025-03-31 14:55:02,1,60,16.5,52,13.9,1026.7,3,7,42,0.0,0,277.6,2
2025-03-31 14:56:03,1,60,16.6,52,14.0,1026.6,2,16,50,0.0,0,371.6,3
2025-03-31 14:57:04,1,60,16.5,52,14.0,1026.8,6,12,26,0.0,0,354.9,3
2025-03-31 14:58:05,1,60,16.5,52,14.0,1026.7,10,16,52,0.0,0,221.5,2
2025-03-31 14:59:06,1,60,16.6,52,14.0,1026.6,6,16,42,0.0,0,225.0,2
2025-03-31 15:00:07,1,60,16.6,52,13.9,1026.7,0,14,291,0.0,0,111.0,1
2025-03-31 15:01:08,1,60,16.6,51,13.9,1026.8,6,9,13,0.0,0,113.6,1
2025-03-31 15:02:09,1,60,16.6,52,13.8,1026.6,3,9,36,0.0,0,218.3,2
2025-03-31 15:03:10,1,60,16.6,52,13.8,1026.6,0,9,18,0.0,0,80.0,0
2025-03-31 15:04:11,1,60,16.6,51,13.8,1026.5,4,9,41,0.0,0,76.7,0
2025-03-31 15:05:12,1,60,16.6,51,13.9,1026.6,3,9,5,0.0,0,78.2,0
2025-03-31 15:06:13,1,60,16.6,51,13.9,1026.5,7,11,30,0.0,0,84.3,0
2025-03-31 15:07:14,1,60,16.6,51,13.8,1026.5,5,11,47,0.0,0,314.6,3
2025-03-31 15:08:15,1,60,16.6,51,13.6,1026.6,2,7,44,0.0,0,309.6,3
2025-03-31 15:09:16,1,60,16.6,52,13.6,1026.6,6,12,48,0.0,0,312.9,3
2025-03-31 15:10:17,1,60,16.6,52,13.6,1026.8,2,9,65,0.0,0,318.9,3
2025-03-31 15:11:18,1,60,16.6,52,13.7,1026.5,7,12,35,0.0,0,320.7,3
2025-03-31 15:12:19,1,60,16.6,52,13.7,1026.7,8,16,33,0.0,0,319.9,3
2025-03-31 15:13:20,1,60,16.6,53,13.7,1026.6,3,16,17,0.0,0,322.6,3
2025-03-31 15:14:21,1,60,16.6,53,13.6,1026.5,2,9,26,0.0,0,328.7,3
2025-03-31 15:15:22,1,60,16.6,52,13.7,1026.7,2,7,40,0.0,0,340.1,3
2025-03-31 15:16:23,1,60,16.6,52,13.8,1026.7,5,9,36,0.0,0,337.2,3
2025-03-31 15:17:24,1,60,16.6,52,13.9,1026.5,4,11,3,0.0,0,335.7,3
2025-03-31 15:18:25,1,60,16.6,53,14.1,1026.5,4,11,318,0.0,0,325.7,3
2025-03-31 15:19:26,1,60,16.6,52,14.1,1026.6,0,11,32,0.0,0,311.4,3
2025-03-31 15:20:27,1,60,16.6,51,14.2,1026.7,6,11,52,0.0,0,292.7,2
2025-03-31 15:21:28,1,60,16.6,51,14.5,1026.7,12,16,354,0.0,0,121.1,1
2025-03-31 15:22:29,1,60,16.6,51,14.5,1026.8,4,16,10,0.0,0,100.6,0
2025-03-31 15:23:30,1,60,16.6,53,14.2,1026.8,2,11,45,0.0,0,139.7,1
2025-03-31 15:24:31,1,60,16.6,53,13.9,1026.8,10,14,33,0.0,0,270.7,2
2025-03-31 15:25:32,1,60,16.6,53,13.7,1026.7,3,12,29,0.0,0,79.8,0
2025-03-31 15:26:33,1,60,16.6,53,13.7,1026.9,12,16,8,0.0,0,265.7,2
2025-03-31 15:27:34,1,60,16.6,53,13.6,1026.9,7,16,4,0.0,0,264.2,2
2025-03-31 15:28:35,1,60,16.6,54,13.4,1026.8,3,14,289,0.0,0,263.0,2
2025-03-31 15:29:36,1,60,16.6,54,13.2,1026.7,2,7,19,0.0,0,263.4,2
2025-03-31 15:30:37,1,60,16.6,54,13.2,1026.7,5,9,54,0.0,0,264.3,2
2025-03-31 15:31:38,1,60,16.6,54,13.4,1026.8,5,16,43,0.0,0,260.2,2
2025-03-31 15:32:39,1,60,16.6,55,13.4,1026.8,2,16,101,0.0,0,253.2,2
2025-03-31 15:33:40,1,60,16.6,54,13.4,1026.6,6,14,5,0.0,0,249.6,2
2025-03-31 15:34:41,1,60,16.6,54,13.4,1026.7,8,14,7,0.0,0,247.0,2
2025-03-31 15:35:42,1,60,16.6,54,13.3,1026.8,9,16,96,0.0,0,244.6,2
2025-03-31 15:36:43,1,60,16.6,55,13.3,1026.7,3,16,29,0.0,0,243.8,2
2025-03-31 15:37:44,1,60,16.6,54,13.3,1026.8,8,12,42,0.0,0,236.1,2
2025-03-31 15:38:45,1,59,16.6,54,13.4,1026.9,11,12,51,0.0,0,234.8,2
2025-03-31 15:39:46,1,59,16.5,55,13.4,1026.7,8,16,3,0.0,0,234.3,2
2025-03-31 15:40:47,1,60,16.6,55,13.3,1026.8,9,16,11,0.0,0,233.3,2
2025-03-31 15:41:48,1,60,16.6,55,13.2,1026.7,7,14,25,0.0,0,232.1,2
2025-03-31 15:42:49,1,60,16.6,55,13.2,1026.8,4,16,19,0.0,0,234.2,2
2025-03-31 15:43:50,1,60,16.6,55,13.2,1026.8,6,16,351,0.0,0,234.7,2
2025-03-31 15:44:51,1,60,16.6,56,13.2,1026.7,1,9,325,0.0,0,233.7,2
2025-03-31 15:45:52,1,60,16.6,55,13.2,1026.6,3,7,280,0.0,0,232.4,2
2025-03-31 15:46:53,1,61,16.7,55,13.3,1026.7,9,12,14,0.0,0,231.2,2
2025-03-31 15:47:54,1,61,16.7,55,13.4,1026.8,9,18,1,0.0,0,234.3,2
2025-03-31 15:48:55,1,61,16.7,54,13.4,1026.8,5,18,31,0.0,0,225.8,2
2025-03-31 15:49:56,1,61,16.7,55,13.4,1026.7,9,16,46,0.0,0,220.2,2
2025-03-31 15:50:57,1,61,16.7,55,13.4,1026.6,5,11,18,0.0,0,223.7,2
2025-03-31 15:51:58,1,62,16.8,55,13.4,1026.7,7,11,15,0.0,0,219.0,2
2025-03-31 15:52:59,1,62,16.8,54,13.4,1026.6,13,16,33,0.0,0,199.2,1
2025-03-31 15:54:00,1,62,16.8,55,13.4,1026.8,4,16,28,0.0,0,197.2,1
2025-03-31 15:55:01,1,62,16.8,55,13.2,1026.8,6,16,23,0.0,0,202.4,1
2025-03-31 15:56:02,1,63,16.8,55,13.1,1026.7,6,14,28,0.0,0,121.6,1
2025-03-31 15:57:03,1,63,16.8,55,13.2,1026.6,0,14,359,0.0,0,195.6,1
2025-03-31 15:58:04,1,63,16.8,55,13.2,1026.6,11,14,43,0.0,0,195.7,1
2025-03-31 15:59:05,1,64,16.8,55,13.4,1026.8,4,14,320,0.0,0,191.4,1
2025-03-31 16:00:06,1,64,16.8,55,13.4,1026.7,9,16,341,0.0,0,189.5,1
2025-03-31 16:01:07,1,64,16.8,54,13.5,1026.7,11,14,359,0.0,0,185.8,1
2025-03-31 16:02:08,1,64,16.8,55,13.5,1026.7,5,14,10,0.0,0,183.4,1
2025-03-31 16:03:09,1,65,16.8,55,13.4,1026.7,4,18,24,0.0,0,180.8,1
2025-03-31 16:04:10,1,65,16.8,55,13.4,1026.7,1,18,7,0.0,0,176.2,1
2025-03-31 16:05:11,1,65,16.8,55,13.4,1026.6,2,12,35,0.0,0,173.8,1
2025-03-31 16:06:12,1,65,16.8,54,13.5,1026.6,15,18,27,0.0,0,172.7,1
2025-03-31 16:07:13,1,65,16.8,55,13.5,1026.7,11,18,23,0.0,0,170.5,1
2025-03-31 16:08:14,1,65,16.8,55,13.3,1026.7,6,16,356,0.0,0,167.9,1
2025-03-31 16:09:15,1,65,16.8,55,13.3,1026.9,6,12,123,0.0,0,163.0,1
2025-03-31 16:10:16,1,65,16.8,55,13.2,1026.7,7,12,38,0.0,0,66.1,0
2025-03-31 16:11:17,1,65,16.8,56,13.2,1026.7,8,11,15,0.0,0,162.9,1
2025-03-31 16:12:18,1,65,16.7,56,13.0,1026.8,5,16,14,0.0,0,160.7,1
2025-03-31 16:13:19,1,65,16.7,56,12.9,1026.7,4,14,14,0.0,0,162.3,1
2025-03-31 16:14:20,1,65,16.7,57,12.8,1026.8,6,9,11,0.0,0,159.0,1
2025-03-31 16:15:21,1,65,16.7,57,12.8,1026.7,2,12,51,0.0,0,146.6,1
2025-03-31 16:16:22,1,65,16.7,56,12.8,1026.7,2,12,12,0.0,0,160.4,1
2025-03-31 16:17:23,1,65,16.7,56,13.0,1026.7,6,9,7,0.0,0,160.4,1
2025-03-31 16:18:24,1,65,16.7,56,13.0,1026.7,1,9,70,0.0,0,164.9,1
2025-03-31 16:19:25,1,65,16.7,56,13.0,1026.6,4,7,15,0.0,0,164.7,1
2025-03-31 16:20:26,1,65,16.6,56,13.1,1026.7,9,14,21,0.0,0,163.2,1
2025-03-31 16:21:27,1,65,16.6,57,13.1,1026.8,2,14,11,0.0,0,163.9,1
2025-03-31 16:22:28,1,65,16.6,56,13.1,1026.8,5,14,36,0.0,0,165.6,1
2025-03-31 16:23:29,1,65,16.6,57,13.0,1026.7,7,11,37,0.0,0,162.5,1
2025-03-31 16:24:30,1,65,16.6,57,13.0,1026.9,3,11,73,0.0,0,152.6,1
2025-03-31 16:25:31,1,65,16.6,56,13.0,1026.7,4,12,219,0.0,0,78.6,0
2025-03-31 16:26:32,1,65,16.6,57,13.0,1026.8,12,16,34,0.0,0,78.8,0
2025-03-31 16:27:33,1,65,16.6,58,13.0,1026.8,4,16,17,0.0,0,77.5,0
2025-03-31 16:28:34,1,65,16.6,58,12.8,1026.7,6,18,18,0.0,0,71.9,0
2025-03-31 16:29:35,1,65,16.6,59,12.6,1026.8,7,16,90,0.0,0,69.6,0
2025-03-31 16:30:36,1,65,16.6,59,12.5,1026.7,9,11,325,0.0,0,73.0,0
2025-03-31 16:31:37,1,65,16.6,59,12.5,1026.8,3,14,15,0.0,0,79.8,0
2025-03-31 16:32:38,1,65,16.6,59,12.5,1026.7,3,9,20,0.0,0,64.7,0
2025-03-31 16:33:39,1,65,16.6,59,12.5,1026.8,4,7,284,0.0,0,89.3,0
2025-03-31 16:34:40,1,65,16.6,59,12.5,1026.9,3,7,43,0.0,0,104.8,1
2025-03-31 16:35:41,1,65,16.5,59,12.6,1026.9,5,12,48,0.0,0,123.9,1
2025-03-31 16:36:42,1,65,16.5,58,12.7,1026.9,6,18,24,0.0,0,59.6,0
2025-03-31 16:37:43,1,64,16.5,59,12.6,1026.9,12,18,30,0.0,0,59.9,0
2025-03-31 16:38:44,1,64,16.5,59,12.5,1027.0,7,18,28,0.0,0,81.5,0
2025-03-31 16:39:45,1,64,16.5,60,12.4,1026.9,3,18,51,0.0,0,58.2,0
2025-03-31 16:40:46,1,64,16.5,60,12.3,1026.8,7,12,28,0.0,0,120.3,1
2025-03-31 16:41:47,1,64,16.5,60,12.2,1026.6,2,12,23,0.0,0,117.6,1
2025-03-31 16:42:48,1,64,16.5,60,12.2,1026.8,4,12,18,0.0,0,113.6,1
2025-03-31 16:43:49,1,64,16.5,60,12.2,1026.8,12,16,49,0.0,0,107.5,1
2025-03-31 16:44:50,1,64,16.5,60,12.2,1027.0,8,16,14,0.0,0,72.1,0
2025-03-31 16:45:51,1,64,16.5,60,12.2,1026.7,3,12,34,0.0,0,98.1,0
2025-03-31 16:46:52,1,64,16.5,60,12.2,1026.7,8,11,36,0.0,0,102.3,0
2025-03-31 16:47:53,1,64,16.5,60,12.2,1026.9,4,12,28,0.0,0,96.3,0
2025-03-31 16:48:54,1,64,16.4,60,12.3,1026.9,5,12,42,0.0,0,101.3,0
2025-03-31 16:49:55,1,64,16.5,60,12.3,1026.9,9,14,354,0.0,0,92.5,0
2025-03-31 16:50:56,1,64,16.5,60,12.3,1026.9,4,14,70,0.0,0,97.8,0
2025-03-31 16:51:57,1,64,16.5,60,12.3,1027.1,1,9,29,0.0,0,97.8,0
2025-03-31 16:52:58,1,64,16.5,60,12.3,1027.0,0,9,222,0.0,0,103.0,1
2025-03-31 16:53:59,1,64,16.4,60,12.4,1026.9,2,7,26,0.0,0,95.4,0
2025-03-31 16:55:00,1,64,16.4,60,12.5,1026.9,3,7,9,0.0,0,96.6,0
2025-03-31 16:56:01,1,64,16.4,60,12.5,1027.0,4,14,36,0.0,0,93.0,0
2025-03-31 16:57:02,1,64,16.4,60,12.5,1027.0,3,14,37,0.0,0,78.8,0
2025-03-31 16:58:03,1,64,16.4,59,12.5,1026.9,9,12,42,0.0,0,79.2,0
2025-03-31 16:59:04,1,64,16.4,59,12.6,1026.8,4,12,19,0.0,0,53.5,0
2025-03-31 17:00:05,1,64,16.4,59,12.6,1027.0,9,12,9,0.0,0,54.5,0
2025-03-31 17:01:06,1,64,16.4,60,12.4,1027.0,10,14,47,0.0,0,56.2,0
2025-03-31 17:02:07,1,64,16.4,60,12.3,1026.8,8,14,39,0.0,0,54.1,0
2025-03-31 17:03:08,1,64,16.4,61,12.1,1027.0,2,12,39,0.0,0,52.6,0
2025-03-31 17:04:09,1,64,16.4,61,12.1,1026.9,4,11,351,0.0,0,61.4,0
2025-03-31 17:05:10,1,64,16.4,61,12.0,1027.0,8,11,31,0.0,0,58.0,0
2025-03-31 17:06:11,1,64,16.3,62,12.0,1027.0,0,11,100,0.0,0,41.6,0
2025-03-31 17:07:12,1,64,16.3,62,11.9,1027.0,3,9,28,0.0,0,39.6,0
2025-03-31 17:08:13,1,64,16.3,62,11.9,1027.1,6,11,43,0.0,0,39.0,0
2025-03-31 17:09:14,1,64,16.3,62,11.9,1026.9,3,14,24,0.0,0,39.3,0
2025-03-31 17:10:15,1,63,16.4,62,11.8,1026.9,6,12,43,0.0,0,53.0,0
2025-03-31 17:11:16,1,63,16.3,62,11.7,1027.0,6,12,14,0.0,0,53.2,0
2025-03-31 17:12:17,1,64,16.3,63,11.7,1027.0,0,9,3,0.0,0,52.8,0
2025-03-31 17:13:18,1,64,16.3,62,11.8,1027.1,1,5,17,0.0,0,41.8,0
2025-03-31 17:14:19,1,64,16.3,60,11.9,1027.2,5,12,61,0.0,0,41.8,0
2025-03-31 17:15:20,1,64,16.3,60,11.9,1027.2,8,14,24,0.0,0,41.6,0
2025-03-31 17:16:21,1,64,16.3,60,11.9,1027.1,4,14,359,0.0,0,41.8,0
2025-03-31 17:17:22,1,64,16.3,60,11.8,1027.0,7,14,10,0.0,0,46.4,0
2025-03-31 17:18:23,1,64,16.3,61,11.6,1027.1,12,14,43,0.0,0,48.9,0
2025-03-31 17:19:24,1,63,16.3,61,11.5,1027.1,8,14,38,0.0,0,39.9,0
2025-03-31 17:20:25,1,63,16.3,61,11.5,1027.1,5,14,44,0.0,0,42.8,0
2025-03-31 17:21:26,1,63,16.3,61,11.4,1027.1,7,14,47,0.0,0,37.7,0
2025-03-31 17:22:27,1,63,16.3,61,11.4,1027.2,9,12,47,0.0,0,40.4,0
2025-03-31 17:23:28,1,63,16.3,62,11.4,1027.2,4,14,39,0.0,0,39.9,0
2025-03-31 17:24:29,1,63,16.3,62,11.4,1027.2,6,14,30,0.0,0,39.0,0
2025-03-31 17:25:30,1,63,16.3,62,11.4,1027.3,5,18,59,0.0,0,35.9,0
2025-03-31 17:26:31,1,63,16.3,62,11.3,1027.3,5,14,6,0.0,0,32.4,0
2025-03-31 17:27:32,1,63,16.3,62,11.3,1027.3,4,9,25,0.0,0,31.6,0
2025-03-31 17:28:33,1,63,16.3,62,11.2,1027.3,7,12,8,0.0,0,34.5,0
2025-03-31 17:29:34,1,63,16.3,62,11.2,1027.2,2,12,26,0.0,0,32.4,0
2025-03-31 17:30:35,1,63,16.3,63,11.2,1027.3,4,9,26,0.0,0,32.1,0
2025-03-31 17:31:36,1,63,16.3,63,11.2,1027.3,3,9,30,0.0,0,30.1,0
2025-03-31 17:32:37,1,63,16.3,63,11.2,1027.2,7,11,33,0.0,0,29.4,0
2025-03-31 17:33:38,1,63,16.3,63,11.2,1027.1,6,14,46,0.0,0,29.2,0
2025-03-31 17:34:39,1,63,16.3,63,11.1,1027.2,10,14,66,0.0,0,28.0,0
2025-03-31 17:35:40,1,63,16.3,63,11.0,1027.4,4,12,12,0.0,0,27.4,0
2025-03-31 17:36:41,1,63,16.3,64,11.0,1027.3,6,9,12,0.0,0,26.6,0
2025-03-31 17:37:42,1,63,16.3,64,11.0,1027.3,12,14,52,0.0,0,25.9,0
2025-03-31 17:38:43,1,63,16.3,64,11.0,1027.5,12,18,53,0.0,0,24.9,0
2025-03-31 17:39:44,1,63,16.3,64,10.8,1027.2,11,16,25,0.0,0,24.0,0
2025-03-31 17:40:45,1,62,16.3,64,10.8,1027.3,7,16,16,0.0,0,23.2,0
2025-03-31 17:41:46,1,62,16.3,64,10.8,1027.5,7,16,36,0.0,0,22.3,0
2025-03-31 17:42:47,1,62,16.3,64,10.7,1027.2,13,16,38,0.0,0,21.7,0
2025-03-31 17:43:48,1,62,16.3,65,10.7,1027.4,11,16,15,0.0,0,21.0,0
2025-03-31 17:44:49,1,62,16.3,65,10.7,1027.4,9,14,352,0.0,0,20.1,0
2025-03-31 17:45:50,1,62,16.3,65,10.6,1027.4,3,12,20,0.0,0,19.2,0
2025-03-31 17:46:51,1,62,16.3,65,10.6,1027.4,9,12,2,0.0,0,18.4,0
2025-03-31 17:47:52,1,62,16.3,65,10.6,1027.4,5,12,53,0.0,0,17.5,0
2025-03-31 17:48:53,1,62,16.3,65,10.6,1027.4,2,9,14,0.0,0,17.0,0
2025-03-31 17:49:54,1,62,16.3,65,10.6,1027.4,5,7,43,0.0,0,16.3,0
2025-03-31 17:50:55,1,62,16.3,65,10.6,1027.5,1,7,71,0.0,0,15.7,0
2025-03-31 17:51:56,1,62,16.2,65,10.6,1027.4,5,14,21,0.0,0,15.0,0
2025-03-31 17:52:57,1,62,16.2,65,10.6,1027.4,3,14,26,0.0,0,14.4,0
2025-03-31 17:53:58,1,62,16.3,65,10.5,1027.6,4,7,35,0.0,0,13.8,0
2025-03-31 17:54:59,1,62,16.3,66,10.5,1027.5,9,12,26,0.0,0,13.2,0
2025-03-31 17:56:00,1,61,16.2,66,10.4,1027.3,7,12,35,0.0,0,12.5,0
2025-03-31 17:57:01,1,61,16.2,66,10.4,1027.3,6,12,27,0.0,0,11.8,0
2025-03-31 17:58:02,1,61,16.3,66,10.3,1027.3,6,9,25,0.0,0,11.1,0
2025-03-31 17:59:03,1,61,16.2,67,10.3,1027.5,3,12,28,0.0,0,10.5,0
2025-03-31 18:00:04,1,61,16.3,67,10.2,1027.5,7,11,34,0.0,0,10.0,0
2025-03-31 18:01:05,1,61,16.3,67,10.2,1027.5,4,14,42,0.0,0,9.3,0
2025-03-31 18:02:06,1,61,16.2,67,10.2,1027.5,5,9,29,0.0,0,8.7,0
2025-03-31 18:03:07,1,61,16.2,67,10.1,1027.7,5,12,358,0.0,0,8.1,0
2025-03-31 18:04:08,1,61,16.2,67,10.1,1027.6,8,12,20,0.0,0,7.5,0
2025-03-31 18:05:09,1,61,16.2,67,10.1,1027.5,6,16,47,0.0,0,7.0,0
2025-03-31 18:06:10,1,61,16.2,67,10.0,1027.5,5,12,44,0.0,0,6.5,0
2025-03-31 18:07:11,1,61,16.2,67,10.0,1027.7,2,9,33,0.0,0,6.0,0
2025-03-31 18:08:12,1,61,16.2,67,9.9,1027.6,6,11,13,0.0,0,5.5,0
2025-03-31 18:09:13,1,61,16.2,67,9.9,1027.5,7,11,339,0.0,0,5.1,0
2025-03-31 18:10:14,1,61,16.2,67,9.9,1027.6,10,14,358,0.0,0,4.7,0
2025-03-31 18:11:15,1,61,16.2,67,9.8,1027.6,6,14,38,0.0,0,4.3,0
2025-03-31 18:12:16,1,61,16.2,66,9.8,1027.7,9,12,58,0.0,0,3.9,0
2025-03-31 18:13:17,1,60,16.2,66,9.7,1027.7,4,14,19,0.0,0,3.5,0
2025-03-31 18:14:18,1,60,16.2,66,9.7,1027.6,9,16,52,0.0,0,3.1,0
2025-03-31 18:15:19,1,60,16.2,66,9.7,1027.6,6,16,37,0.0,0,2.8,0
2025-03-31 18:16:20,1,60,16.2,66,9.6,1027.6,3,12,53,0.0,0,2.6,0
2025-03-31 18:17:21,1,60,16.2,66,9.6,1027.7,3,9,36,0.0,0,2.3,0
2025-03-31 18:18:22,1,60,16.2,66,9.6,1027.6,6,9,44,0.0,0,2.0,0
2025-03-31 18:19:23,1,60,16.2,66,9.6,1027.8,5,12,77,0.0,0,1.8,0
2025-03-31 18:20:24,1,60,16.2,66,9.5,1027.7,5,12,50,0.0,0,1.6,0
2025-03-31 18:21:25,1,60,16.2,67,9.5,1027.7,1,9,12,0.0,0,1.4,0
2025-03-31 18:22:26,1,60,16.2,67,9.5,1027.6,1,7,31,0.0,0,1.2,0
2025-03-31 18:23:27,1,60,16.2,67,9.5,1027.6,6,9,61,0.0,0,1.1,0
2025-03-31 18:24:28,1,60,16.2,67,9.5,1027.7,6,12,26,0.0,0,0.9,0
2025-03-31 18:25:29,1,60,16.2,66,9.5,1027.7,1,12,41,0.0,0,0.8,0
2025-03-31 18:26:30,1,60,16.2,67,9.4,1027.7,4,12,2,0.0,0,0.7,0
2025-03-31 18:27:31,1,60,16.2,66,9.4,1027.9,5,7,37,0.0,0,0.6,0
2025-03-31 18:28:32,1,60,16.2,66,9.4,1027.8,1,7,14,0.0,0,0.5,0
2025-03-31 18:29:33,1,60,16.2,66,9.3,1027.7,1,3,33,0.0,0,0.4,0
2025-03-31 18:30:34,1,60,16.2,66,9.3,1027.7,2,7,22,0.0,0,0.3,0
2025-03-31 18:31:35,1,60,16.2,66,9.3,1027.7,4,7,41,0.0,0,0.3,0
2025-03-31 18:32:36,1,60,16.2,65,9.3,1027.8,1,7,26,0.0,0,0.2,0
2025-03-31 18:33:37,1,60,16.2,65,9.2,1027.8,7,9,18,0.0,0,0.2,0
2025-03-31 18:34:38,1,60,16.2,65,9.2,1027.8,2,12,14,0.0,0,0.2,0
2025-03-31 18:35:39,1,59,16.2,65,9.2,1027.8,2,12,31,0.0,0,0.1,0
2025-03-31 18:36:40,1,59,16.2,65,9.1,1027.8,2,7,40,0.0,0,0.1,0
2025-03-31 18:37:41,1,59,16.2,65,9.1,1027.7,3,5,41,0.0,0,0.1,0
2025-03-31 18:38:42,1,59,16.2,65,9.1,1027.8,5,7,10,0.0,0,0.1,0
2025-03-31 18:39:43,1,59,16.2,65,9.0,1027.9,5,9,22,0.0,0,0.1,0
2025-03-31 18:40:44,1,59,16.2,65,9.0,1028.0,2,11,42,0.0,0,0.1,0
2025-03-31 18:41:45,1,59,16.1,65,9.0,1027.7,5,11,35,0.0,0,0.1,0
2025-03-31 18:42:46,1,59,16.1,65,9.0,1027.8,2,7,33,0.0,0,0.1,0
2025-03-31 18:43:47,1,59,16.1,65,8.9,1027.9,5,7,11,0.0,0,0.0,0
2025-03-31 18:44:48,1,59,16.1,65,8.9,1028.0,3,7,7,0.0,0,0.0,0
2025-03-31 18:45:49,1,59,16.1,65,8.9,1027.9,5,7,23,0.0,0,0.0,0
2025-03-31 18:46:50,1,59,16.1,65,8.9,1027.9,6,12,28,0.0,0,0.0,0
2025-03-31 18:47:51,1,59,16.1,65,8.9,1027.8,6,12,15,0.0,0,0.0,0
2025-03-31 18:48:52,1,59,16.1,65,8.9,1027.9,4,11,35,0.0,0,0.0,0
2025-03-31 18:49:53,1,59,16.1,65,8.9,1027.8,3,11,41,0.0,0,0.0,0
2025-03-31 18:50:54,1,59,16.1,65,8.9,1027.9,6,11,44,0.0,0,0.0,0
2025-03-31 18:51:55,1,59,16.1,65,8.8,1027.9,2,9,9,0.0,0,0.0,0
2025-03-31 18:52:56,1,59,16.1,66,8.8,1027.9,1,9,3,0.0,0,0.0,0
2025-03-31 18:53:57,1,58,16.1,66,8.8,1028.0,3,9,32,0.0,0,0.0,0
2025-03-31 18:54:58,1,58,16.1,66,8.8,1027.8,5,9,28,0.0,0,0.0,0
2025-03-31 18:55:59,1,58,16.1,66,8.7,1027.8,6,9,25,0.0,0,0.0,0
2025-03-31 18:57:00,1,58,16.1,66,8.7,1027.8,0,9,30,0.0,0,0.0,0
2025-03-31 18:58:01,1,58,16.1,66,8.7,1027.9,1,7,24,0.0,0,0.0,0
2025-03-31 18:59:02,1,58,16.1,66,8.7,1027.9,2,11,12,0.0,0,0.0,0
2025-03-31 19:00:03,1,58,16.1,66,8.7,1027.9,4,11,21,0.0,0,0.0,0
2025-03-31 19:01:04,1,58,16.1,67,8.7,1027.8,3,7,12,0.0,0,0.0,0
2025-03-31 19:02:05,1,58,16.1,67,8.6,1027.7,2,7,37,0.0,0,0.0,0
2025-03-31 19:03:06,1,58,16.1,67,8.6,1028.0,3,5,16,0.0,0,0.0,0
2025-03-31 19:04:07,1,58,16.1,67,8.6,1027.9,1,5,15,0.0,0,0.0,0
2025-03-31 19:05:08,1,58,16.1,68,8.6,1028.0,1,5,1,0.0,0,0.0,0
2025-03-31 19:06:09,1,58,16.1,68,8.6,1027.9,1,5,36,0.0,0,0.0,0
2025-03-31 19:07:10,1,58,16.1,68,8.5,1027.9,1,5,17,0.0,0,0.0,0
2025-03-31 19:08:11,1,58,16.1,68,8.5,1028.1,2,7,21,0.0,0,0.0,0
2025-03-31 19:09:12,1,58,16.0,69,8.5,1028.0,6,11,14,0.0,0,0.0,0
2025-03-31 19:10:13,1,58,16.0,69,8.4,1027.9,3,11,34,0.0,0,0.0,0
2025-03-31 19:11:14,1,58,16.0,69,8.4,1027.8,4,7,7,0.0,0,0.0,0
2025-03-31 19:12:15,1,58,16.0,69,8.3,1028.0,2,12,35,0.0,0,0.0,0
2025-03-31 19:13:16,1,58,16.0,69,8.3,1028.0,2,12,34,0.0,0,0.0,0
2025-03-31 19:14:17,1,57,16.0,69,8.3,1028.1,5,7,30,0.0,0,0.0,0
2025-03-31 19:15:18,1,57,16.0,69,8.3,1028.2,1,7,18,0.0,0,0.0,0
2025-03-31 19:16:19,1,57,16.0,69,8.2,1028.0,4,11,60,0.0,0,0.0,0
2025-03-31 19:17:20,1,57,16.0,70,8.2,1028.2,11,20,65,0.0,0,0.0,0
2025-03-31 19:18:21,1,57,16.0,70,8.2,1028.2,3,20,38,0.0,0,0.0,0
2025-03-31 19:19:22,1,57,16.0,70,8.2,1028.0,6,9,64,0.0,0,0.0,0
2025-03-31 19:20:23,1,57,16.0,70,8.2,1028.1,5,12,29,0.0,0,0.0,0
2025-03-31 19:21:24,1,57,16.0,70,8.1,1027.9,5,12,56,0.0,0,0.0,0
2025-03-31 19:22:25,1,57,16.0,70,8.1,1028.0,3,9,39,0.0,0,0.0,0
2025-03-31 19:23:26,1,57,16.0,71,8.1,1028.2,6,9,44,0.0,0,0.0,0
2025-03-31 19:24:27,1,57,16.0,71,8.1,1028.1,5,11,19,0.0,0,0.0,0
2025-03-31 19:25:28,1,57,16.0,71,8.1,1028.1,6,11,23,0.0,0,0.0,0
2025-03-31 19:26:29,1,57,16.0,71,8.1,1028.0,0,11,21,0.0,0,0.0,0
2025-03-31 19:27:30,1,57,16.0,71,8.0,1028.1,6,9,26,0.0,0,0.0,0
2025-03-31 19:28:31,1,57,16.0,71,8.0,1028.0,2,11,38,0.0,0,0.0,0
2025-03-31 19:29:32,1,57,16.0,71,8.0,1028.0,3,7,58,0.0,0,0.0,0
2025-03-31 19:30:33,1,57,16.0,72,8.0,1028.0,0,11,38,0.0,0,0.0,0
2025-03-31 19:31:34,1,57,16.0,72,8.0,1028.0,5,11,30,0.0,0,0.0,0
2025-03-31 19:32:35,1,57,16.0,72,7.9,1028.1,3,9,16,0.0,0,0.0,0
2025-03-31 19:33:36,1,57,16.0,72,7.9,1028.0,1,7,27,0.0,0,0.0,0
2025-03-31 19:34:37,1,57,16.0,73,7.9,1028.0,1,3,36,0.0,0,0.0,0
2025-03-31 19:35:38,1,57,16.0,73,7.9,1028.2,0,3,32,0.0,0,0.0,0
2025-03-31 19:36:39,1,57,16.0,73,7.9,1028.0,4,7,52,0.0,0,0.0,0
2025-03-31 19:37:40,1,57,16.0,73,7.9,1028.2,7,11,41,0.0,0,0.0,0
2025-03-31 19:38:41,1,57,16.0,73,7.8,1028.2,1,11,39,0.0,0,0.0,0
2025-03-31 19:39:42,1,57,16.0,73,7.8,1028.2,1,11,66,0.0,0,0.0,0
2025-03-31 19:40:43,1,57,16.0,74,7.8,1028.2,5,7,39,0.0,0,0.0,0
2025-03-31 19:41:44,1,57,16.0,74,7.8,1028.1,0,7,23,0.0,0,0.0,0
2025-03-31 19:42:45,1,57,16.0,74,7.8,1028.1,3,5,57,0.0,0,0.0,0
2025-03-31 19:43:46,1,57,16.0,74,7.7,1028.2,3,9,55,0.0,0,0.0,0
2025-03-31 19:44:47,1,57,16.0,74,7.7,1028.2,3,9,38,0.0,0,0.0,0
2025-03-31 19:45:48,1,57,16.0,75,7.7,1028.2,7,11,38,0.0,0,0.0,0
2025-03-31 19:46:49,1,54,16.0,75,7.7,1028.3,3,11,20,0.0,0,0.0,0
2025-03-31 19:47:50,1,52,15.9,75,7.7,1028.2,10,14,12,0.0,0,0.0,0
2025-03-31 19:48:51,1,53,15.8,76,7.7,1028.2,1,14,48,0.0,0,0.0,0
2025-03-31 19:49:52,1,52,15.7,76,7.7,1028.2,2,11,34,0.0,0,0.0,0
2025-03-31 19:50:53,1,53,15.5,75,7.7,1028.2,3,7,13,0.0,0,0.0,0
2025-03-31 19:51:54,1,53,15.5,76,7.7,1028.3,8,21,35,0.0,0,0.0,0
2025-03-31 19:52:55,1,54,15.4,76,7.7,1028.4,8,21,28,0.0,0,0.0,0
2025-03-31 19:53:56,1,54,15.4,76,7.7,1028.2,2,11,61,0.0,0,0.0,0
2025-03-31 19:54:57,1,54,15.4,77,7.6,1028.1,9,12,29,0.0,0,0.0,0
2025-03-31 19:55:58,1,54,15.4,77,7.6,1028.2,8,12,38,0.0,0,0.0,0
2025-03-31 19:56:59,1,55,15.4,77,7.6,1028.2,13,16,30,0.0,0,0.0,0
2025-03-31 19:58:00,1,55,15.5,77,7.6,1028.0,4,16,3,0.0,0,0.0,0
2025-03-31 19:59:01,1,55,15.5,77,7.6,1028.0,4,12,42,0.0,0,0.0,0
2025-03-31 20:00:02,1,55,15.5,77,7.6,1028.1,8,14,24,0.0,0,0.0,0
2025-03-31 20:01:03,1,55,15.5,77,7.6,1028.3,8,16,43,0.0,0,0.0,0
2025-03-31 20:02:04,1,55,15.5,77,7.6,1028.2,6,16,12,0.0,0,0.0,0
2025-03-31 20:03:05,1,55,15.5,77,7.5,1028.2,10,12,23,0.0,0,0.0,0
2025-03-31 20:04:06,1,55,15.5,77,7.5,1028.1,6,12,47,0.0,0,0.0,0
2025-03-31 20:05:07,1,55,15.5,77,7.5,1028.2,7,12,25,0.0,0,0.0,0
2025-03-31 20:06:08,1,55,15.5,78,7.5,1028.3,7,12,21,0.0,0,0.0,0
2025-03-31 20:07:09,1,55,15.6,78,7.5,1028.1,5,12,44,0.0,0,0.0,0
2025-03-31 20:08:10,1,55,15.6,78,7.5,1028.1,9,11,53,0.0,0,0.0,0
2025-03-31 20:09:11,1,55,15.6,78,7.5,1028.2,6,12,26,0.0,0,0.0,0
2025-03-31 20:10:13,1,55,15.6,78,7.5,1028.1,1,9,29,0.0,0,0.0,0
2025-03-31 20:11:14,1,55,15.6,78,7.5,1028.1,1,9,45,0.0,0,0.0,0
2025-03-31 20:12:15,1,55,15.6,78,7.4,1028.3,3,9,10,0.0,0,0.0,0
2025-03-31 20:13:16,1,55,15.6,78,7.4,1028.3,1,9,17,0.0,0,0.0,0
2025-03-31 20:14:17,1,55,15.6,78,7.4,1028.1,4,9,13,0.0,0,0.0,0
2025-03-31 20:15:18,1,55,15.6,79,7.4,1028.1,1,9,36,0.0,0,0.0,0
2025-03-31 20:16:19,1,55,15.6,78,7.4,1028.3,3,7,21,0.0,0,0.0,0
2025-03-31 20:17:20,1,55,15.6,78,7.4,1028.3,2,5,3,0.0,0,0.0,0
2025-03-31 20:18:21,1,55,15.6,79,7.4,1028.3,5,9,46,0.0,0,0.0,0
2025-03-31 20:19:22,1,55,15.7,79,7.3,1028.3,2,12,45,0.0,0,0.0,0
2025-03-31 20:20:23,1,55,15.6,79,7.3,1028.3,2,12,52,0.0,0,0.0,0
2025-03-31 20:21:24,1,55,15.7,79,7.3,1028.2,3,5,42,0.0,0,0.0,0
2025-03-31 20:22:25,1,55,15.6,79,7.3,1028.3,6,11,19,0.0,0,0.0,0
2025-03-31 20:23:26,1,55,15.6,79,7.3,1028.3,3,11,36,0.0,0,0.0,0
2025-03-31 20:24:27,1,55,15.6,79,7.2,1028.3,2,7,42,0.0,0,0.0,0
2025-03-31 20:25:28,1,55,15.6,79,7.2,1028.3,1,7,20,0.0,0,0.0,0
2025-03-31 20:26:29,1,55,15.6,79,7.2,1028.4,2,7,20,0.0,0,0.0,0
2025-03-31 20:27:30,1,55,15.6,79,7.2,1028.3,3,7,20,0.0,0,0.0,0
2025-03-31 20:28:31,1,55,15.6,79,7.2,1028.3,3,7,37,0.0,0,0.0,0
2025-03-31 20:29:32,1,55,15.6,79,7.2,1028.3,3,5,32,0.0,0,0.0,0
2025-03-31 20:30:33,1,55,15.6,79,7.2,1028.2,4,7,33,0.0,0,0.0,0
2025-03-31 20:31:34,1,55,15.6,79,7.2,1028.3,5,7,53,0.0,0,0.0,0
2025-03-31 20:32:35,1,55,15.6,79,7.1,1028.4,3,9,20,0.0,0,0.0,0
2025-03-31 20:33:36,1,55,15.6,79,7.1,1028.3,2,9,35,0.0,0,0.0,0
2025-03-31 20:34:37,1,55,15.6,79,7.1,1028.3,4,7,35,0.0,0,0.0,0
2025-03-31 20:35:38,1,55,15.6,79,7.1,1028.4,1,9,10,0.0,0,0.0,0
2025-03-31 20:36:39,1,55,15.6,79,7.1,1028.3,7,12,31,0.0,0,0.0,0
2025-03-31 20:37:40,1,55,15.6,79,7.1,1028.3,3,12,36,0.0,0,0.0,0
2025-03-31 20:38:41,1,55,15.6,79,7.1,1028.2,4,7,18,0.0,0,0.0,0
2025-03-31 20:39:42,1,54,15.6,79,7.1,1028.4,3,7,33,0.0,0,0.0,0
2025-03-31 20:40:43,1,54,15.6,79,7.1,1028.2,4,11,39,0.0,0,0.0,0
2025-03-31 20:41:44,1,54,15.6,79,7.1,1028.2,8,11,17,0.0,0,0.0,0
2025-03-31 20:42:45,1,54,15.6,79,7.1,1028.2,8,12,24,0.0,0,0.0,0
2025-03-31 20:43:46,1,54,15.6,79,7.0,1028.4,6,11,29,0.0,0,0.0,0
2025-03-31 20:44:47,1,54,15.6,79,7.0,1028.2,8,14,41,0.0,0,0.0,0
2025-03-31 20:45:48,1,54,15.6,79,7.0,1028.4,7,14,30,0.0,0,0.0,0
2025-03-31 20:46:49,1,54,15.6,79,7.0,1028.4,1,11,52,0.0,0,0.0,0
2025-03-31 20:47:50,1,54,15.6,79,7.0,1028.4,2,9,22,0.0,0,0.0,0
2025-03-31 20:48:51,1,54,15.6,79,7.0,1028.3,5,9,33,0.0,0,0.0,0
2025-03-31 20:49:52,1,54,15.6,79,7.0,1028.3,0,7,53,0.0,0,0.0,0
2025-03-31 20:50:53,1,54,15.6,79,7.0,1028.3,8,11,32,0.0,0,0.0,0
2025-03-31 20:51:54,1,54,15.6,79,6.9,1028.3,3,11,53,0.0,0,0.0,0
2025-03-31 20:52:55,1,54,15.6,80,6.9,1028.2,6,12,35,0.0,0,0.0,0
2025-03-31 20:53:56,1,54,15.6,80,6.9,1028.3,5,12,28,0.0,0,0.0,0
2025-03-31 20:54:57,1,54,15.6,80,6.9,1028.3,5,9,41,0.0,0,0.0,0
2025-03-31 20:55:58,1,54,15.6,80,6.9,1028.3,7,12,28,0.0,0,0.0,0
2025-03-31 20:56:59,1,54,15.6,80,6.9,1028.3,12,14,62,0.0,0,0.0,0
2025-03-31 20:58:00,1,54,15.6,80,6.8,1028.2,5,14,21,0.0,0,0.0,0
2025-03-31 20:59:01,1,54,15.6,80,6.8,1028.2,3,12,21,0.0,0,0.0,0
2025-03-31 21:00:02,1,54,15.5,80,6.8,1028.4,7,12,23,0.0,0,0.0,0
2025-03-31 21:01:03,1,54,15.5,80,6.8,1028.2,7,12,21,0.0,0,0.0,0
2025-03-31 21:02:04,1,54,15.6,80,6.7,1028.3,6,12,39,0.0,0,0.0,0
2025-03-31 21:03:05,1,54,15.6,80,6.7,1028.4,11,12,34,0.0,0,0.0,0
2025-03-31 21:04:06,1,54,15.5,81,6.7,1028.2,6,12,49,0.0,0,0.0,0
2025-03-31 21:05:07,1,54,15.5,80,6.7,1028.2,6,12,34,0.0,0,0.0,0
2025-03-31 21:06:08,1,54,15.5,81,6.7,1028.4,4,7,19,0.0,0,0.0,0
2025-03-31 21:07:09,1,54,15.5,81,6.7,1028.2,7,9,22,0.0,0,0.0,0
2025-03-31 21:08:10,1,54,15.5,81,6.7,1028.3,5,9,48,0.0,0,0.0,0
2025-03-31 21:09:11,1,54,15.5,81,6.6,1028.2,7,11,20,0.0,0,0.0,0
2025-03-31 21:10:13,1,54,15.5,81,6.6,1028.3,2,11,33,0.0,0,0.0,0
2025-03-31 21:11:14,1,54,15.5,81,6.6,1028.2,2,11,22,0.0,0,0.0,0
2025-03-31 21:12:15,1,54,15.5,81,6.6,1028.3,7,12,29,0.0,0,0.0,0
2025-03-31 21:13:16,1,54,15.5,81,6.5,1028.2,5,12,53,0.0,0,0.0,0
2025-03-31 21:14:17,1,54,15.5,81,6.5,1028.1,3,7,359,0.0,0,0.0,0
2025-03-31 21:15:18,1,54,15.5,81,6.5,1028.3,4,9,31,0.0,0,0.0,0
2025-03-31 21:16:19,1,54,15.5,82,6.5,1028.2,5,9,29,0.0,0,0.0,0
2025-03-31 21:17:20,1,54,15.5,82,6.5,1028.1,1,9,39,0.0,0,0.0,0
2025-03-31 21:18:21,1,54,15.5,82,6.5,1028.3,3,5,23,0.0,0,0.0,0
2025-03-31 21:19:22,1,54,15.5,82,6.5,1028.1,3,9,29,0.0,0,0.0,0
2025-03-31 21:20:23,1,54,15.5,82,6.4,1028.1,3,11,41,0.0,0,0.0,0
2025-03-31 21:21:24,1,54,15.5,82,6.4,1028.2,1,11,33,0.0,0,0.0,0
2025-03-31 21:22:25,1,54,15.5,82,6.4,1028.2,2,5,44,0.0,0,0.0,0
2025-03-31 21:23:26,1,54,15.5,82,6.4,1028.2,6,9,26,0.0,0,0.0,0
2025-03-31 21:24:27,1,54,15.5,82,6.4,1028.1,3,9,32,0.0,0,0.0,0
2025-03-31 21:25:28,1,54,15.5,82,6.4,1028.1,0,7,27,0.0,0,0.0,0
2025-03-31 21:26:29,1,54,15.5,82,6.4,1028.2,7,11,30,0.0,0,0.0,0
2025-03-31 21:27:30,1,54,15.4,82,6.3,1028.0,0,9,27,0.0,0,0.0,0
2025-03-31 21:28:31,1,54,15.5,83,6.3,1028.1,7,9,22,0.0,0,0.0,0
2025-03-31 21:29:32,1,54,15.5,83,6.3,1028.2,3,11,61,0.0,0,0.0,0
2025-03-31 21:30:33,1,54,15.5,83,6.3,1028.0,3,12,20,0.0,0,0.0,0
2025-03-31 21:31:34,1,54,15.5,83,6.3,1028.1,5,11,29,0.0,0,0.0,0
2025-03-31 21:32:35,1,54,15.5,83,6.3,1028.2,6,11,35,0.0,0,0.0,0
2025-03-31 21:33:36,1,54,15.5,83,6.3,1028.1,2,7,38,0.0,0,0.0,0
2025-03-31 21:34:37,1,54,15.5,83,6.3,1028.0,2,3,37,0.0,0,0.0,0
2025-03-31 21:35:38,1,54,15.4,83,6.3,1028.1,2,3,6,0.0,0,0.0,0
2025-03-31 21:36:39,1,54,15.4,83,6.3,1028.1,1,5,30,0.0,0,0.0,0
2025-03-31 21:37:40,1,54,15.5,83,6.2,1028.1,3,5,32,0.0,0,0.0,0
2025-03-31 21:38:41,1,54,15.4,83,6.2,1028.2,1,7,35,0.0,0,0.0,0
2025-03-31 21:39:42,1,53,15.4,83,6.2,1028.2,3,5,30,0.0,0,0.0,0
2025-03-31 21:40:43,1,53,15.4,83,6.2,1028.2,1,5,33,0.0,0,0.0,0
2025-03-31 21:41:44,1,53,15.4,83,6.2,1028.2,3,7,44,0.0,0,0.0,0
2025-03-31 21:42:45,1,53,15.4,84,6.2,1028.2,6,9,21,0.0,0,0.0,0
2025-03-31 21:43:46,1,53,15.4,83,6.2,1028.2,2,9,20,0.0,0,0.0,0
2025-03-31 21:44:47,1,53,15.4,83,6.2,1028.2,1,5,17,0.0,0,0.0,0
2025-03-31 21:45:48,1,53,15.4,83,6.2,1028.0,1,5,52,0.0,0,0.0,0
2025-03-31 21:46:49,1,53,15.4,84,6.1,1028.3,1,7,24,0.0,0,0.0,0
2025-03-31 21:47:50,1,53,15.4,84,6.1,1028.0,2,5,17,0.0,0,0.0,0
2025-03-31 21:48:51,1,53,15.4,84,6.1,1028.2,4,11,358,0.0,0,0.0,0
2025-03-31 21:49:52,1,53,15.4,84,6.1,1028.1,2,7,40,0.0,0,0.0,0
2025-03-31 21:50:53,1,53,15.4,84,6.1,1028.2,3,9,43,0.0,0,0.0,0
2025-03-31 21:51:54,1,53,15.4,84,6.1,1028.3,5,9,36,0.0,0,0.0,0
2025-03-31 21:52:55,1,53,15.4,84,6.1,1028.2,2,7,28,0.0,0,0.0,0
2025-03-31 21:53:56,1,53,15.4,84,6.0,1028.1,5,7,39,0.0,0,0.0,0
2025-03-31 21:54:57,1,53,15.4,84,6.0,1028.3,3,7,73,0.0,0,0.0,0
2025-03-31 21:55:58,1,53,15.4,84,6.0,1028.3,4,12,44,0.0,0,0.0,0
2025-03-31 21:56:59,1,53,15.4,84,6.0,1028.4,9,12,14,0.0,0,0.0,0
2025-03-31 21:58:00,1,53,15.4,84,6.0,1028.3,3,11,29,0.0,0,0.0,0
2025-03-31 21:59:01,1,53,15.4,84,6.0,1028.3,6,9,20,0.0,0,0.0,0
2025-03-31 22:00:02,1,53,15.4,84,6.0,1028.2,5,9,40,0.0,0,0.0,0
2025-03-31 22:01:03,1,53,15.4,84,6.0,1028.1,1,7,17,0.0,0,0.0,0
2025-03-31 22:02:04,1,53,15.4,84,6.0,1028.2,2,7,0,0.0,0,0.0,0
2025-03-31 22:03:05,1,53,15.3,84,6.0,1028.3,3,7,26,0.0,0,0.0,0
2025-03-31 22:04:06,1,53,15.3,84,6.0,1028.1,2,7,21,0.0,0,0.0,0
2025-03-31 22:05:07,1,53,15.3,84,6.0,1028.4,0,7,30,0.0,0,0.0,0
2025-03-31 22:06:08,1,53,15.3,84,6.0,1028.2,0,5,13,0.0,0,0.0,0
2025-03-31 22:07:09,1,53,15.3,85,6.0,1028.3,6,7,35,0.0,0,0.0,0
2025-03-31 22:08:10,1,53,15.3,85,6.0,1028.1,2,9,32,0.0,0,0.0,0
2025-03-31 22:09:11,1,53,15.3,85,5.9,1028.2,7,12,29,0.0,0,0.0,0
2025-03-31 22:10:12,1,53,15.3,85,5.9,1028.2,5,12,45,0.0,0,0.0,0
2025-03-31 22:11:13,1,53,15.3,85,5.9,1028.1,6,9,31,0.0,0,0.0,0
2025-03-31 22:12:14,1,53,15.3,85,6.0,1028.2,7,9,33,0.0,0,0.0,0
2025-03-31 22:13:15,1,53,15.3,85,6.0,1028.3,3,12,43,0.0,0,0.0,0
2025-03-31 22:14:16,1,53,15.3,85,6.0,1028.2,4,11,38,0.0,0,0.0,0
2025-03-31 22:15:17,1,53,15.3,85,6.0,1028.2,1,7,2,0.0,0,0.0,0
2025-03-31 22:16:18,1,53,15.3,85,6.0,1028.3,6,12,19,0.0,0,0.0,0
2025-03-31 22:17:19,1,53,15.3,85,6.0,1028.2,6,12,26,0.0,0,0.0,0
2025-03-31 22:18:20,1,53,15.3,85,6.0,1028.4,8,11,26,0.0,0,0.0,0
2025-03-31 22:19:21,1,53,15.3,85,6.0,1028.3,5,11,2,0.0,0,0.0,0
2025-03-31 22:20:22,1,53,15.3,85,6.0,1028.2,4,11,24,0.0,0,0.0,0
2025-03-31 22:21:23,1,53,15.3,85,6.0,1028.3,3,11,26,0.0,0,0.0,0
2025-03-31 22:22:24,1,53,15.3,85,6.0,1028.3,6,9,33,0.0,0,0.0,0
2025-03-31 22:23:25,1,53,15.3,85,6.0,1028.4,7,9,27,0.0,0,0.0,0
2025-03-31 22:24:26,1,53,15.3,85,6.0,1028.2,4,12,10,0.0,0,0.0,0
2025-03-31 22:25:27,1,53,15.3,85,6.0,1028.3,5,9,15,0.0,0,0.0,0
2025-03-31 22:26:28,1,53,15.3,85,6.0,1028.2,3,7,0,0.0,0,0.0,0
2025-03-31 22:27:29,1,53,15.3,85,6.0,1028.3,3,7,21,0.0,0,0.0,0
2025-03-31 22:28:30,1,53,15.3,85,6.0,1028.3,2,9,41,0.0,0,0.0,0
2025-03-31 22:29:31,1,53,15.3,85,5.9,1028.2,4,12,53,0.0,0,0.0,0
2025-03-31 22:30:32,1,53,15.3,85,5.9,1028.3,3,7,62,0.0,0,0.0,0
2025-03-31 22:31:33,1,53,15.3,85,5.9,1028.3,6,7,12,0.0,0,0.0,0
2025-03-31 22:32:34,1,53,15.3,85,5.9,1028.2,5,11,34,0.0,0,0.0,0
2025-03-31 22:33:35,1,53,15.3,85,5.9,1028.1,4,9,27,0.0,0,0.0,0
2025-03-31 22:34:36,1,53,15.3,85,5.9,1028.1,9,11,23,0.0,0,0.0,0
2025-03-31 22:35:37,1,53,15.3,85,5.9,1028.3,5,12,20,0.0,0,0.0,0
2025-03-31 22:36:38,1,53,15.3,85,5.9,1028.3,1,12,39,0.0,0,0.0,0
2025-03-31 22:37:39,1,53,15.3,85,5.9,1028.1,3,9,21,0.0,0,0.0,0
2025-03-31 22:38:40,1,53,15.3,85,5.9,1028.1,5,7,37,0.0,0,0.0,0
2025-03-31 22:39:41,1,53,15.3,85,5.9,1028.0,0,7,18,0.0,0,0.0,0
2025-03-31 22:40:42,1,53,15.3,85,5.9,1028.1,6,11,17,0.0,0,0.0,0
2025-03-31 22:41:43,1,53,15.3,85,5.8,1028.0,2,11,33,0.0,0,0.0,0
2025-03-31 22:42:44,1,53,15.3,85,5.8,1028.1,5,7,34,0.0,0,0.0,0
2025-03-31 22:43:45,1,53,15.3,85,5.8,1028.2,2,7,11,0.0,0,0.0,0
2025-03-31 22:44:46,1,53,15.3,85,5.8,1028.0,5,7,38,0.0,0,0.0,0
2025-03-31 22:45:47,1,53,15.3,85,5.8,1028.1,4,9,26,0.0,0,0.0,0
2025-03-31 22:46:48,1,53,15.3,85,5.8,1028.0,2,9,30,0.0,0,0.0,0
2025-03-31 22:47:49,1,53,15.3,85,5.8,1028.1,3,7,22,0.0,0,0.0,0
2025-03-31 22:48:50,1,53,15.2,85,5.8,1028.0,3,7,341,0.0,0,0.0,0
2025-03-31 22:49:51,1,53,15.2,85,5.8,1028.0,3,7,23,0.0,0,0.0,0
2025-03-31 22:50:52,1,53,15.3,85,5.8,1028.1,2,7,32,0.0,0,0.0,0
2025-03-31 22:51:53,1,53,15.2,86,5.7,1028.1,7,11,19,0.0,0,0.0,0
2025-03-31 22:52:54,1,53,15.2,86,5.7,1028.0,8,12,28,0.0,0,0.0,0
2025-03-31 22:53:55,1,53,15.2,86,5.7,1028.0,9,12,25,0.0,0,0.0,0
2025-03-31 22:54:56,1,53,15.2,86,5.7,1028.0,5,12,25,0.0,0,0.0,0
2025-03-31 22:55:57,1,53,15.2,86,5.7,1027.9,8,11,26,0.0,0,0.0,0
2025-03-31 22:56:58,1,53,15.2,86,5.7,1028.0,4,11,46,0.0,0,0.0,0
2025-03-31 22:57:59,1,53,15.2,86,5.7,1028.1,3,7,31,0.0,0,0.0,0
2025-03-31 22:59:00,1,53,15.2,86,5.7,1028.1,3,9,31,0.0,0,0.0,0
2025-03-31 23:00:01,1,53,15.2,86,5.7,1028.0,2,7,29,0.0,0,0.0,0
2025-03-31 23:01:02,1,53,15.2,86,5.7,1028.0,7,9,30,0.0,0,0.0,0
2025-03-31 23:02:03,1,53,15.2,86,5.7,1028.1,5,9,45,0.0,0,0.0,0
2025-03-31 23:03:04,1,53,15.2,86,5.7,1028.2,3,9,346,0.0,0,0.0,0
2025-03-31 23:04:05,1,53,15.2,86,5.7,1028.0,1,9,29,0.0,0,0.0,0
2025-03-31 23:05:06,1,53,15.2,86,5.7,1028.1,7,9,53,0.0,0,0.0,0
2025-03-31 23:06:07,1,53,15.2,86,5.7,1027.9,5,12,40,0.0,0,0.0,0
2025-03-31 23:07:08,1,53,15.2,86,5.7,1027.9,3,12,38,0.0,0,0.0,0
2025-03-31 23:08:09,1,53,15.2,86,5.6,1028.0,5,9,15,0.0,0,0.0,0
2025-03-31 23:09:10,1,53,15.2,86,5.6,1028.1,7,9,41,0.0,0,0.0,0
2025-03-31 23:10:11,1,53,15.2,86,5.6,1028.1,4,9,28,0.0,0,0.0,0
2025-03-31 23:11:12,1,53,15.2,86,5.6,1027.8,6,11,46,0.0,0,0.0,0
2025-03-31 23:12:13,1,53,15.2,86,5.6,1028.0,3,9,32,0.0,0,0.0,0
2025-03-31 23:13:14,1,53,15.2,86,5.6,1028.0,2,9,45,0.0,0,0.0,0
2025-03-31 23:14:15,1,53,15.2,86,5.6,1028.1,3,5,39,0.0,0,0.0,0
2025-03-31 23:15:16,1,53,15.2,86,5.6,1028.0,1,7,44,0.0,0,0.0,0
2025-03-31 23:16:17,1,53,15.2,87,5.6,1027.9,3,7,44,0.0,0,0.0,0
2025-03-31 23:17:18,1,53,15.2,87,5.6,1028.0,4,7,33,0.0,0,0.0,0
2025-03-31 23:18:19,1,53,15.2,87,5.6,1028.0,1,7,18,0.0,0,0.0,0
2025-03-31 23:19:20,1,53,15.2,87,5.6,1027.9,5,11,17,0.0,0,0.0,0
2025-03-31 23:20:21,1,53,15.2,87,5.6,1027.8,6,11,34,0.0,0,0.0,0
2025-03-31 23:21:22,1,53,15.2,87,5.6,1028.0,2,9,20,0.0,0,0.0,0
2025-03-31 23:22:23,1,53,15.2,87,5.6,1027.9,5,9,0,0.0,0,0.0,0
2025-03-31 23:23:24,1,53,15.2,87,5.6,1028.0,1,9,7,0.0,0,0.0,0
2025-03-31 23:24:25,1,53,15.2,87,5.6,1028.0,6,11,41,0.0,0,0.0,0
2025-03-31 23:25:26,1,53,15.2,87,5.6,1027.8,5,11,39,0.0,0,0.0,0
2025-03-31 23:26:27,1,53,15.2,87,5.5,1028.0,6,11,62,0.0,0,0.0,0
2025-03-31 23:27:28,1,53,15.1,87,5.5,1028.2,3,11,40,0.0,0,0.0,0
2025-03-31 23:28:29,1,53,15.2,87,5.5,1028.0,3,11,24,0.0,0,0.0,0
2025-03-31 23:29:30,1,53,15.2,87,5.5,1027.9,5,7,40,0.0,0,0.0,0
2025-03-31 23:30:31,1,53,15.1,87,5.5,1027.7,0,9,40,0.0,0,0.0,0
2025-03-31 23:31:32,1,53,15.1,87,5.5,1028.0,5,7,27,0.0,0,0.0,0
2025-03-31 23:32:33,1,53,15.1,87,5.5,1027.8,7,9,35,0.0,0,0.0,0
2025-03-31 23:33:34,1,53,15.1,87,5.5,1027.9,4,9,28,0.0,0,0.0,0
2025-03-31 23:34:35,1,53,15.1,87,5.5,1027.7,2,7,2,0.0,0,0.0,0
2025-03-31 23:35:36,1,53,15.1,87,5.5,1028.0,2,7,16,0.0,0,0.0,0
2025-03-31 23:36:37,1,53,15.1,87,5.5,1027.8,4,7,54,0.0,0,0.0,0
2025-03-31 23:37:38,1,53,15.1,87,5.5,1027.9,3,7,24,0.0,0,0.0,0
2025-03-31 23:38:39,1,53,15.1,87,5.5,1027.8,1,5,33,0.0,0,0.0,0
2025-03-31 23:39:40,1,53,15.1,87,5.5,1027.8,6,7,28,0.0,0,0.0,0
2025-03-31 23:40:41,1,53,15.1,87,5.5,1027.9,5,7,57,0.0,0,0.0,0
2025-03-31 23:41:42,1,53,15.1,87,5.5,1027.9,4,7,42,0.0,0,0.0,0
2025-03-31 23:42:43,1,53,15.1,87,5.5,1027.9,3,5,50,0.0,0,0.0,0
2025-03-31 23:43:44,1,53,15.1,87,5.5,1028.0,4,7,37,0.0,0,0.0,0
2025-03-31 23:44:45,1,53,15.1,87,5.5,1028.0,4,7,19,0.0,0,0.0,0
2025-03-31 23:45:46,1,53,15.1,88,5.5,1027.9,2,9,47,0.0,0,0.0,0
2025-03-31 23:46:47,1,53,15.1,87,5.5,1027.9,3,7,31,0.0,0,0.0,0
2025-03-31 23:47:48,1,53,15.1,87,5.5,1027.9,5,7,41,0.0,0,0.0,0
2025-03-31 23:48:49,1,53,15.1,87,5.5,1027.9,3,7,27,0.0,0,0.0,0
2025-03-31 23:49:50,1,53,15.1,87,5.5,1028.0,1,7,38,0.0,0,0.0,0
2025-03-31 23:50:51,1,53,15.1,87,5.5,1027.9,4,5,40,0.0,0,0.0,0
2025-03-31 23:51:52,1,53,15.1,87,5.4,1027.9,3,5,47,0.0,0,0.0,0
2025-03-31 23:52:53,1,53,15.1,88,5.4,1028.0,7,9,36,0.0,0,0.0,0
2025-03-31 23:53:54,1,53,15.1,88,5.4,1028.1,2,11,38,0.0,0,0.0,0
2025-03-31 23:54:55,1,53,15.1,87,5.4,1027.8,1,9,26,0.0,0,0.0,0
2025-03-31 23:55:56,1,53,15.1,87,5.4,1027.9,2,5,34,0.0,0,0.0,0
2025-03-31 23:56:57,1,53,15.1,87,5.4,1027.9,3,5,48,0.0,0,0.0,0
2025-03-31 23:57:58,1,53,15.1,87,5.4,1028.0,3,7,48,0.0,0,0.0,0
2025-03-31 23:58:59,1,53,15.1,88,5.4,1028.0,3,7,32,0.0,0,0.0,0
