2022-01-03 00:03:01,5,66,19.5,89,10.2,1016.9,1.4,4.1,12,2049.9,0
2022-01-03 00:08:01,5,65,19.5,89,10.2,1016.9,1.0,2.0,1,2049.9,0
2022-01-03 00:13:01,5,66,19.4,89,10.1,1017.0,1.0,1.7,14,2049.9,0
2022-01-03 00:18:01,5,66,19.4,88,10.1,1016.9,0.7,1.7,8,2049.9,0
2022-01-03 00:23:01,5,65,19.3,88,10.1,1017.0,2.4,3.7,3,2049.9,0
2022-01-03 00:28:01,5,65,19.3,88,10.2,1016.9,1.7,4.1,5,2049.9,0
2022-01-03 00:33:01,5,65,19.3,87,10.2,1017.1,1.7,3.1,11,2049.9,0
2022-01-03 00:38:01,5,65,19.2,87,10.2,1017.0,2.0,4.8,7,2049.9,0
2022-01-03 00:43:01,5,64,19.2,87,10.3,1017.1,2.7,5.8,7,2049.9,0
2022-01-03 00:48:01,5,64,19.1,88,10.2,1017.1,1.4,2.0,10,2049.9,0
2022-01-03 00:53:01,5,64,19.1,88,10.2,1017.3,1.4,3.1,7,2049.9,0
2022-01-03 00:58:01,5,64,19.1,88,10.1,1017.3,2.4,4.1,7,2049.9,0
2022-01-03 01:03:01,5,64,19.0,89,10.1,1017.3,1.7,3.7,3,2049.9,0
2022-01-03 01:08:01,5,64,19.0,89,10.2,1017.5,2.4,3.7,6,2049.9,0
2022-01-03 01:13:01,5,65,19.0,89,10.1,1017.5,1.0,2.0,7,2049.9,0
2022-01-03 01:18:01,5,64,19.0,89,10.1,1017.7,1.0,3.1,7,2049.9,0
2022-01-03 01:23:01,5,66,18.9,89,10.1,1017.6,1.7,3.7,7,2049.9,0
2022-01-03 01:28:01,5,65,18.8,89,10.1,1017.7,1.7,3.1,9,2049.9,0
2022-01-03 01:33:01,5,65,18.8,89,10.0,1017.7,1.7,3.1,5,2049.9,0
2022-01-03 01:38:01,5,65,18.8,89,10.1,1017.8,1.7,3.1,8,2049.9,0
2022-01-03 01:43:01,5,65,18.8,89,10.0,1017.7,2.0,6.8,9,2049.9,0
2022-01-03 01:48:01,5,65,18.7,89,10.0,1017.8,1.4,3.7,13,2049.9,0
2022-01-03 01:53:01,5,65,18.7,89,9.9,1017.7,1.7,3.1,5,2049.9,0
2022-01-03 01:58:01,5,65,18.7,89,9.9,1017.8,1.0,1.7,14,2049.9,0
2022-01-03 02:03:01,5,65,18.7,89,9.9,1018.0,2.0,3.7,6,2049.9,0
2022-01-03 02:08:01,5,65,18.7,89,9.9,1018.0,1.7,3.1,9,2049.9,0
2022-01-03 02:13:01,5,65,18.6,88,10.0,1018.0,1.4,3.1,5,2049.9,0
2022-01-03 02:18:01,5,65,18.6,88,10.0,1017.9,1.4,2.0,9,2049.9,0
2022-01-03 02:23:01,5,65,18.6,88,9.9,1018.0,1.0,1.7,8,2049.9,0
2022-01-03 02:28:01,5,65,18.6,89,9.9,1018.0,1.4,2.7,7,2049.9,0
2022-01-03 02:33:01,5,65,18.6,89,9.9,1018.1,1.7,3.1,7,2049.9,0
2022-01-03 02:38:01,5,65,18.6,89,9.9,1018.2,0.7,1.7,4,2049.9,0
2022-01-03 02:43:00,5,65,18.5,89,9.9,1018.1,1.7,4.8,15,2049.9,0
2022-01-03 02:48:00,5,65,18.5,89,9.9,1018.2,1.7,5.1,6,2049.9,0
2022-01-03 02:53:00,5,65,18.5,89,9.9,1018.2,2.0,3.7,6,2049.9,0
2022-01-03 02:58:00,5,65,18.5,89,9.9,1018.2,2.4,4.1,11,2049.9,0
2022-01-03 03:03:00,5,65,18.4,89,10.0,1018.3,1.0,2.0,12,2049.9,0
2022-01-03 03:08:00,5,65,18.4,89,10.1,1018.3,0.7,1.7,6,2049.9,0
2022-01-03 03:13:00,5,65,18.4,89,10.0,1018.2,1.0,2.0,7,2049.9,0
2022-01-03 03:18:00,5,65,18.4,89,9.9,1018.2,1.4,2.7,7,2049.9,0
2022-01-03 03:23:00,5,65,18.4,88,10.0,1018.3,1.7,4.1,8,2049.9,0
2022-01-03 03:28:00,5,65,18.4,88,10.0,1018.2,1.4,2.7,11,2049.9,0
2022-01-03 03:33:00,5,65,18.4,88,9.9,1018.3,1.4,2.7,8,2049.9,0
2022-01-03 03:38:00,5,65,18.4,88,9.9,1018.3,0.7,1.7,9,2049.9,0
2022-01-03 03:43:00,5,65,18.3,88,9.9,1018.2,1.7,2.7,7,2049.9,0
2022-01-03 03:48:00,5,65,18.3,88,9.8,1018.2,1.0,1.7,1,2049.9,0
2022-01-03 03:53:00,5,65,18.3,89,9.7,1018.3,1.4,4.1,8,2049.9,0
2022-01-03 03:58:00,5,65,18.3,89,9.8,1018.3,1.0,2.7,10,2049.9,0
2022-01-03 04:03:00,5,65,18.3,89,9.7,1018.2,1.7,2.7,8,2049.9,0
2022-01-03 04:08:00,5,65,18.3,89,9.7,1018.0,1.4,2.7,7,2049.9,0
2022-01-03 04:13:00,5,65,18.3,89,9.6,1018.1,0.3,1.0,11,2049.9,0
2022-01-03 04:18:00,5,65,18.3,89,9.6,1018.0,1.7,2.7,1,2049.9,0
2022-01-03 04:23:00,5,65,18.3,90,9.6,1018.0,2.4,3.7,7,2049.9,0
2022-01-03 04:28:00,5,65,18.3,90,9.5,1017.9,1.0,2.7,10,2049.9,0
2022-01-03 04:33:00,5,65,18.1,90,9.4,1017.9,1.0,1.7,7,2049.9,0
2022-01-03 04:38:00,5,65,18.2,90,9.5,1018.1,1.7,3.1,9,2049.9,0
2022-01-03 04:43:00,5,65,18.1,90,9.4,1018.0,1.0,2.0,6,2049.9,0
2022-01-03 04:48:00,5,65,18.1,90,9.4,1018.0,1.0,2.0,5,2049.9,0
2022-01-03 04:53:00,5,65,18.1,90,9.5,1017.9,1.7,3.1,7,2049.9,0
2022-01-03 04:58:00,5,65,18.1,90,9.5,1018.0,1.0,2.0,8,2049.9,0
2022-01-03 05:03:00,5,65,18.1,90,9.5,1018.0,1.4,2.7,13,2049.9,0
2022-01-03 05:08:00,5,65,18.0,89,9.5,1017.9,1.0,2.0,9,2049.9,0
2022-01-03 05:13:00,5,65,18.0,89,9.6,1018.0,0.7,2.7,11,2049.9,0
2022-01-03 05:18:00,5,65,18.0,89,9.6,1018.1,1.4,2.0,11,2049.9,0
2022-01-03 05:23:00,5,65,18.0,89,9.7,1018.0,1.4,2.0,9,2049.9,0
2022-01-03 05:28:00,5,65,18.0,89,9.7,1017.9,1.7,2.7,5,2049.9,0
2022-01-03 05:33:00,5,65,18.0,90,9.6,1018.0,0.7,1.0,10,2049.9,0
2022-01-03 05:38:00,5,65,18.0,90,9.6,1017.9,2.7,4.8,7,2049.9,0
2022-01-03 05:43:00,5,65,17.9,89,9.5,1017.9,1.0,3.1,4,2049.9,0
2022-01-03 05:48:00,5,65,17.9,90,9.6,1017.9,1.7,3.7,4,2049.9,0
2022-01-03 05:53:00,5,65,17.9,90,9.6,1017.9,1.7,4.1,7,2049.9,0
2022-01-03 05:58:00,5,65,17.9,89,9.7,1017.9,2.0,5.1,10,2049.9,0
2022-01-03 06:03:00,5,65,17.9,89,9.7,1017.9,1.4,2.7,8,2049.9,0
2022-01-03 06:08:00,5,65,17.9,89,9.7,1017.8,2.0,4.8,2,2049.9,0
2022-01-03 06:13:00,5,65,17.9,89,9.7,1017.9,2.0,4.1,8,2049.9,0
2022-01-03 06:18:00,5,65,17.8,89,9.7,1017.9,2.4,4.1,6,2049.9,0
2022-01-03 06:23:00,5,65,17.8,89,9.8,1018.0,2.4,4.1,6,2049.9,0
2022-01-03 06:28:00,5,65,17.8,89,9.8,1017.9,1.0,2.0,4,2049.9,0
2022-01-03 06:33:00,5,65,17.8,89,9.9,1017.8,2.4,4.1,8,2049.9,0
2022-01-03 06:38:00,5,65,17.8,89,9.8,1017.9,2.0,4.1,7,2049.9,0
2022-01-03 06:43:00,5,65,17.8,89,9.8,1017.9,1.4,2.0,8,2049.9,0
2022-01-03 06:48:00,5,64,17.8,89,9.8,1017.8,1.0,1.7,8,2049.9,0
2022-01-03 06:53:00,5,65,17.8,89,9.8,1017.9,1.4,3.1,12,2049.9,0
2022-01-03 06:58:00,5,65,17.8,89,9.8,1017.8,1.0,2.0,9,2049.9,0
2022-01-03 07:03:00,5,65,17.8,89,9.8,1017.8,1.0,2.7,13,2049.9,0
2022-01-03 07:08:00,5,64,17.7,89,9.8,1017.9,1.4,2.7,9,2049.9,0
2022-01-03 07:13:00,5,65,17.7,89,9.8,1017.8,1.7,3.1,8,2049.9,0
2022-01-03 07:18:00,5,65,17.7,89,9.8,1017.8,1.4,2.7,7,2049.9,0
2022-01-03 07:23:00,5,65,17.7,89,9.7,1017.9,1.4,2.0,6,2049.9,0
2022-01-03 07:28:00,5,65,17.7,89,9.8,1018.0,2.0,3.1,7,2049.9,0
2022-01-03 07:33:00,5,65,17.7,89,9.8,1017.8,1.4,2.7,7,2049.9,0
2022-01-03 07:38:00,5,65,17.7,89,9.8,1017.9,2.0,4.8,6,2049.9,0
2022-01-03 07:43:00,5,66,17.8,89,9.8,1017.9,1.7,4.1,6,2049.9,0
2022-01-03 07:48:00,5,65,18.0,89,9.8,1017.9,1.4,4.1,7,2049.9,0
2022-01-03 07:53:00,5,65,18.1,89,9.8,1017.6,1.4,3.1,8,2049.9,0
2022-01-03 07:58:00,5,65,18.5,89,9.7,1017.5,1.7,2.7,6,2049.9,0
2022-01-03 08:03:00,5,65,18.8,89,9.7,1017.0,0.7,1.0,7,2049.9,0
2022-01-03 08:08:00,5,64,19.1,89,9.6,1016.7,2.0,3.1,10,2049.9,0
2022-01-03 08:13:00,5,64,19.3,89,9.7,1016.4,1.4,2.7,11,2049.9,0
2022-01-03 08:18:00,5,62,20.4,89,9.7,1016.3,1.7,2.7,8,2049.9,0
2022-01-03 08:23:00,5,62,20.6,89,9.6,1015.9,1.0,2.0,5,2049.9,0
2022-01-03 08:28:00,5,62,20.8,89,9.6,1015.7,1.4,2.7,9,2049.9,0
2022-01-03 08:33:00,5,60,21.0,89,9.6,1015.7,1.7,2.7,6,2049.9,0
2022-01-03 08:38:00,5,60,21.1,89,9.6,1015.7,1.4,2.0,10,2049.9,0
2022-01-03 08:43:00,5,60,21.1,89,9.7,1015.5,2.0,4.1,10,2049.9,0
2022-01-03 08:48:00,5,60,21.2,89,9.6,1015.6,1.0,2.7,12,2049.9,0
2022-01-03 08:53:00,5,60,21.2,89,9.7,1015.4,2.0,4.1,6,2049.9,0
2022-01-03 08:58:00,5,60,21.3,90,9.6,1015.3,1.0,2.0,11,2049.9,0
2022-01-03 09:03:00,5,60,21.3,90,9.6,1015.2,1.7,2.7,8,2049.9,0
2022-01-03 09:08:00,5,60,21.3,90,9.6,1015.2,0.7,1.7,11,2049.9,0
2022-01-03 09:13:00,5,60,21.3,90,9.6,1015.2,1.7,2.7,11,2049.9,0
2022-01-03 09:18:00,5,60,21.3,89,9.7,1015.1,0.7,1.7,1,2049.9,0
2022-01-03 09:23:00,5,59,21.3,89,9.8,1015.1,1.0,2.0,7,2049.9,0
2022-01-03 09:28:00,5,59,21.3,89,9.8,1015.1,1.0,2.7,10,2049.9,0
2022-01-03 09:33:00,5,59,21.3,89,9.9,1015.1,1.0,2.0,10,2049.9,0
2022-01-03 09:38:00,5,59,21.3,89,9.9,1015.2,2.4,5.1,6,2049.9,0
2022-01-03 09:43:00,5,59,21.3,89,9.9,1015.2,1.7,2.7,3,2049.9,0
2022-01-03 09:48:00,5,59,21.2,89,9.9,1015.2,1.7,3.7,7,2049.9,0
2022-01-03 09:53:00,5,59,21.2,89,9.9,1015.1,1.0,2.0,5,2049.9,0
2022-01-03 09:58:00,5,59,21.2,89,9.9,1015.4,1.4,3.1,11,2049.9,0
2022-01-03 10:03:00,5,59,21.1,89,10.0,1015.2,1.0,1.0,11,2049.9,0
2022-01-03 10:08:00,5,60,21.1,89,9.9,1015.3,0.7,1.7,12,2049.9,0
2022-01-03 10:13:00,5,59,21.1,89,10.0,1015.3,0.7,1.7,9,2049.9,0
2022-01-03 10:18:00,5,60,21.0,89,10.0,1015.5,0.7,1.7,11,2049.9,0
2022-01-03 10:23:00,5,60,21.0,89,10.1,1015.5,1.4,2.7,6,2049.9,0
2022-01-03 10:28:00,5,59,20.9,89,10.1,1015.3,1.0,2.0,14,2049.9,0
2022-01-03 10:33:00,5,57,20.7,89,10.1,1015.3,0.7,1.7,3,2049.9,0
2022-01-03 10:38:00,5,57,20.6,89,10.1,1015.5,1.7,3.7,7,2049.9,0
2022-01-03 10:43:00,5,57,20.5,88,10.1,1015.5,0.7,1.7,12,2049.9,0
2022-01-03 10:48:00,5,57,19.6,88,10.2,1015.5,0.7,1.7,7,2049.9,0
2022-01-03 10:53:00,5,58,19.5,88,10.3,1015.6,0.7,1.7,1,2049.9,0
2022-01-03 10:58:00,5,58,19.5,88,10.5,1015.5,0.7,1.0,7,2049.9,0
2022-01-03 11:03:00,5,58,19.4,87,10.7,1015.4,0.7,1.7,15,2049.9,0
2022-01-03 11:08:00,5,59,19.4,87,10.7,1015.6,1.4,3.1,6,2049.9,0
2022-01-03 11:13:00,5,59,19.3,87,10.8,1015.5,2.0,4.1,8,2049.9,0
2022-01-03 11:18:00,5,59,19.5,87,10.8,1015.5,2.0,3.7,10,2049.9,0
2022-01-03 11:23:00,5,59,19.6,87,10.9,1015.3,1.7,3.7,9,2049.9,0
2022-01-03 11:28:00,5,59,19.7,87,10.8,1015.0,1.4,2.7,8,2049.9,0
2022-01-03 11:33:00,5,58,20.6,86,10.8,1015.0,2.4,5.8,8,2049.9,0
2022-01-03 11:38:00,5,57,20.9,86,10.8,1014.7,1.7,2.7,7,2049.9,0
2022-01-03 11:43:00,5,58,21.0,86,10.8,1014.5,1.7,3.1,12,2049.9,0
2022-01-03 11:48:00,5,58,21.2,86,10.7,1014.3,1.4,2.7,9,2049.9,0
2022-01-03 11:53:00,5,58,21.3,87,10.6,1014.0,1.0,2.0,10,2049.9,0
2022-01-03 11:58:00,5,58,21.5,87,10.5,1013.8,2.0,3.1,8,2049.9,0
2022-01-03 12:03:00,5,57,21.7,87,10.5,1013.4,1.0,2.0,6,2049.9,0
2022-01-03 12:08:00,5,58,21.7,87,10.5,1013.3,0.3,2.0,8,2049.9,0
2022-01-03 12:13:00,5,57,21.8,87,10.4,1013.0,1.4,3.1,5,2049.9,0
2022-01-03 12:18:00,5,57,21.8,87,10.4,1012.9,1.0,2.7,8,2049.9,0
2022-01-03 12:23:00,5,57,21.9,87,10.4,1012.9,1.4,2.0,7,2049.9,0
2022-01-03 12:28:00,5,56,21.9,87,10.4,1012.8,2.0,4.1,8,2049.9,0
2022-01-03 12:33:00,5,56,21.9,87,10.5,1012.9,1.0,2.7,9,2049.9,0
2022-01-03 12:38:00,5,56,21.9,87,10.4,1012.8,2.0,3.7,13,2049.9,0
2022-01-03 12:43:00,5,56,21.8,87,10.5,1012.9,1.7,2.7,9,2049.9,0
2022-01-03 12:48:00,5,56,21.8,87,10.4,1012.7,0.7,1.7,8,2049.9,0
2022-01-03 12:53:00,5,57,21.7,87,10.5,1012.7,1.4,2.0,3,2049.9,0
2022-01-03 12:58:00,5,57,21.7,87,10.5,1012.6,2.0,3.7,9,2049.9,0
2022-01-03 13:03:00,5,57,21.7,87,10.5,1012.8,1.0,2.0,7,2049.9,0
2022-01-03 13:08:00,5,57,21.7,87,10.5,1012.7,2.0,4.1,7,2049.9,0
2022-01-03 13:13:00,5,57,21.7,86,10.5,1012.4,0.7,1.7,3,2049.9,0
2022-01-03 13:18:00,5,57,21.7,86,10.6,1012.4,2.0,3.1,8,2049.9,0
2022-01-03 13:23:00,5,57,21.7,86,10.6,1012.4,1.4,3.7,8,2049.9,0
2022-01-03 13:28:00,5,57,21.6,86,10.6,1012.4,1.7,3.7,13,2049.9,0
2022-01-03 13:33:00,5,57,21.6,85,10.5,1012.3,1.0,1.7,10,2049.9,0
2022-01-03 13:38:00,5,57,21.6,85,10.5,1012.3,1.0,2.0,6,2049.9,0
2022-01-03 13:43:00,5,57,21.6,85,10.4,1012.4,0.7,2.0,5,2049.9,0
2022-01-03 13:48:00,5,57,21.5,85,10.4,1012.3,1.0,2.7,8,2049.9,0
2022-01-03 13:53:00,5,57,21.5,85,10.3,1012.0,1.4,2.7,6,2049.9,0
2022-01-03 13:58:00,5,57,21.6,85,10.3,1012.3,1.4,3.1,9,2049.9,0
2022-01-03 14:03:00,5,57,21.6,85,10.3,1012.1,1.0,2.7,14,2049.9,0
2022-01-03 14:08:00,5,57,21.6,85,10.2,1012.1,1.0,2.7,6,2049.9,0
2022-01-03 14:13:00,5,57,21.6,86,10.1,1012.0,1.4,2.0,8,2049.9,0
2022-01-03 14:18:00,5,57,21.6,86,10.1,1012.1,1.0,2.7,8,2049.9,0
2022-01-03 14:23:00,5,57,21.6,86,10.1,1011.9,1.4,2.7,11,2049.9,0
2022-01-03 14:28:00,5,57,21.6,86,10.0,1011.9,0.7,1.0,5,2049.9,0
2022-01-03 14:33:00,5,57,21.6,86,10.0,1012.0,1.0,2.0,6,2049.9,0
2022-01-03 14:38:00,5,57,21.6,86,10.0,1011.9,1.0,2.0,11,2049.9,0
2022-01-03 14:43:00,5,58,21.6,87,9.9,1011.9,0.7,1.7,7,2049.9,0
2022-01-03 14:48:00,5,59,21.5,87,9.9,1011.9,0.7,1.7,7,2049.9,0
2022-01-03 14:53:00,5,59,21.5,87,9.9,1011.9,0.3,1.0,7,2049.9,0
2022-01-03 14:58:00,5,59,21.6,87,9.9,1011.8,2.0,3.1,8,2049.9,0
2022-01-03 15:03:00,5,59,21.6,87,9.8,1011.9,0.7,2.0,7,2049.9,0
2022-01-03 15:08:00,5,59,21.6,87,9.8,1011.7,1.4,2.7,8,2049.9,0
2022-01-03 15:13:00,5,59,21.5,87,9.8,1011.8,0.7,1.7,6,2049.9,0
2022-01-03 15:18:00,5,59,21.5,87,9.7,1011.8,1.4,2.0,6,2049.9,0
2022-01-03 15:23:00,5,59,21.5,87,9.8,1011.7,0.7,1.7,6,2049.9,0
2022-01-03 15:28:00,5,59,21.5,87,9.8,1011.8,0.7,1.7,9,2049.9,0
2022-01-03 15:33:00,5,59,21.5,87,9.7,1011.8,1.0,2.0,5,2049.9,0
2022-01-03 15:38:00,5,59,21.5,87,9.8,1011.8,1.0,1.7,11,2049.9,0
2022-01-03 15:43:00,5,59,21.4,87,9.8,1011.8,0.3,1.0,6,2049.9,0
2022-01-03 15:48:00,5,59,21.3,87,9.8,1012.0,1.0,2.0,8,2049.9,0
2022-01-03 15:53:00,5,59,21.3,87,9.8,1011.9,1.0,2.0,7,2049.9,0
2022-01-03 15:58:00,5,59,21.3,88,9.7,1011.8,1.4,2.0,6,2049.9,0
2022-01-03 16:03:00,5,59,21.3,88,9.7,1011.7,1.0,2.0,6,2049.9,0
2022-01-03 16:08:00,5,60,21.2,88,9.7,1011.7,0.3,1.0,6,2049.9,0
2022-01-03 16:13:00,5,60,21.2,88,9.6,1011.8,0.7,1.7,4,2049.9,0
2022-01-03 16:18:00,5,60,21.2,88,9.5,1011.8,0.7,1.0,12,2049.9,0
2022-01-03 16:23:00,5,58,21.2,88,9.5,1011.4,0.7,1.0,7,2049.9,0
2022-01-03 16:28:00,5,54,21.2,89,9.4,1011.4,0.7,2.0,7,2049.9,0
2022-01-03 16:33:00,5,53,21.0,89,9.4,1011.5,0.7,1.7,5,2049.9,0
2022-01-03 16:38:00,5,54,20.9,89,9.3,1011.6,1.0,1.7,5,2049.9,0
2022-01-03 16:43:00,5,54,20.7,89,9.3,1011.7,0.0,0.7,7,2049.9,0
2022-01-03 16:48:00,5,54,20.5,89,9.3,1011.9,0.7,1.0,7,2049.9,0
2022-01-03 16:53:00,5,54,20.4,89,9.3,1011.8,1.0,1.7,9,2049.9,0
2022-01-03 16:58:00,5,55,19.6,89,9.3,1011.9,0.7,1.0,9,2049.9,0
2022-01-03 17:03:00,5,55,19.5,89,9.3,1011.8,0.3,1.0,6,2049.9,0
2022-01-03 17:08:00,5,56,19.4,89,9.4,1011.9,1.0,2.0,7,2049.9,0
2022-01-03 17:13:00,5,57,19.5,89,9.4,1011.6,1.7,4.1,7,2049.9,0
2022-01-03 17:18:00,5,57,19.5,89,9.4,1011.7,0.7,2.7,7,2049.9,0
2022-01-03 17:23:00,5,57,19.6,89,9.4,1011.6,0.3,1.0,9,2049.9,0
2022-01-03 17:28:00,5,57,19.6,89,9.4,1011.3,0.3,1.0,11,2049.9,0
2022-01-03 17:33:00,5,57,19.7,89,9.5,1011.2,1.0,1.7,8,2049.9,0
2022-01-03 17:38:00,5,56,19.7,89,9.5,1011.2,1.4,2.7,10,2049.9,0
2022-01-03 17:43:00,5,55,20.6,89,9.6,1011.1,1.0,2.0,3,2049.9,0
2022-01-03 17:48:00,5,56,19.8,89,9.5,1011.1,0.3,1.0,3,2049.9,0
2022-01-03 17:53:00,5,56,19.7,89,9.5,1011.0,1.4,2.0,8,2049.9,0
2022-01-03 17:58:00,5,56,19.7,89,9.5,1011.1,0.7,1.7,7,2049.9,0
2022-01-03 18:03:00,5,56,19.7,89,9.5,1011.1,0.3,1.0,8,2049.9,0
2022-01-03 18:08:00,5,56,19.7,89,9.5,1011.1,0.7,1.7,8,2049.9,0
2022-01-03 18:13:00,5,57,19.6,90,9.5,1011.1,0.7,1.0,5,2049.9,0
2022-01-03 18:18:00,5,60,19.7,90,9.4,1010.8,0.3,0.7,9,2049.9,0
2022-01-03 18:23:00,5,62,19.9,90,9.4,1010.7,0.7,2.0,7,2049.9,0
2022-01-03 18:28:00,5,62,20.7,90,9.4,1010.4,1.0,1.7,8,2049.9,0
2022-01-03 18:33:00,5,62,20.8,90,9.4,1010.4,1.4,2.7,7,2049.9,0
2022-01-03 18:38:00,5,62,20.9,90,9.4,1010.4,0.7,1.7,5,2049.9,0
2022-01-03 18:43:00,5,62,20.9,90,9.4,1010.1,1.0,2.0,5,2049.9,0
2022-01-03 18:48:00,5,61,21.0,91,9.3,1010.2,1.0,2.0,9,2049.9,0
2022-01-03 18:53:00,5,61,21.0,91,9.2,1010.2,0.0,0.7,9,2049.9,0
2022-01-03 18:58:00,5,61,21.0,91,9.3,1010.1,0.7,1.0,9,2049.9,0
2022-01-03 19:03:00,5,61,21.0,91,9.2,1010.0,0.7,1.7,10,2049.9,0
2022-01-03 19:08:00,5,62,21.0,91,9.3,1009.8,1.0,2.0,6,2049.9,0
2022-01-03 19:13:00,5,62,21.0,91,9.4,1010.1,1.7,3.7,7,2049.9,0
2022-01-03 19:18:00,5,62,20.9,91,9.4,1010.0,1.0,1.7,5,2049.9,0
2022-01-03 19:23:00,5,62,20.9,91,9.4,1010.0,1.0,2.0,5,2049.9,0
2022-01-03 19:28:00,5,63,20.9,91,9.4,1010.0,0.3,1.0,7,2049.9,0
2022-01-03 19:33:00,5,63,20.9,91,9.4,1009.9,1.0,2.0,8,2049.9,0
2022-01-03 19:38:00,5,64,20.9,91,9.5,1009.8,1.4,2.7,7,2049.9,0
2022-01-03 19:43:00,5,63,21.1,91,9.5,1009.6,1.0,2.0,9,2049.9,0
2022-01-03 19:48:00,5,62,21.2,91,9.5,1009.4,0.3,1.0,6,2049.9,0
2022-01-03 19:53:00,5,62,21.3,91,9.5,1008.9,1.0,1.7,8,2049.9,0
2022-01-03 19:58:00,5,62,21.5,91,9.4,1008.9,0.3,0.7,7,2049.9,0
2022-01-03 20:03:00,5,61,21.6,91,9.4,1008.6,1.0,1.7,2,2049.9,0
2022-01-03 20:08:00,5,61,21.7,91,9.4,1008.3,0.7,1.0,6,2049.9,0
2022-01-03 20:13:00,5,61,21.8,91,9.4,1008.3,0.3,1.0,9,2049.9,0
2022-01-03 20:18:00,5,60,21.8,91,9.4,1008.1,1.0,2.0,8,2049.9,0
2022-01-03 20:23:00,5,60,21.8,91,9.5,1008.1,1.0,2.0,9,2049.9,0
2022-01-03 20:28:00,5,60,21.8,91,9.5,1008.1,1.7,3.1,8,2049.9,0
2022-01-03 20:33:00,5,60,21.8,91,9.5,1008.0,0.7,1.7,8,2049.9,0
2022-01-03 20:38:00,5,60,21.8,91,9.5,1007.9,1.0,2.7,11,2049.9,0
2022-01-03 20:43:00,5,60,21.8,91,9.5,1007.9,0.3,1.0,11,2049.9,0
2022-01-03 20:48:00,5,60,21.8,90,9.6,1007.9,1.0,2.7,11,2049.9,0
2022-01-03 20:53:00,5,61,21.8,90,9.6,1007.8,0.7,2.0,5,2049.9,0
2022-01-03 20:58:00,5,61,21.7,90,9.6,1007.9,0.3,0.7,12,2049.9,0
2022-01-03 21:03:00,5,61,21.7,90,9.6,1008.0,0.7,1.0,6,2049.9,0
2022-01-03 21:08:00,5,61,21.7,90,9.6,1007.9,0.3,1.7,5,2049.9,0
2022-01-03 21:13:00,5,61,21.7,90,9.6,1008.0,1.0,1.7,8,2049.9,0
2022-01-03 21:18:00,5,61,21.6,90,9.6,1008.0,1.4,3.7,6,2049.9,0
2022-01-03 21:23:00,5,61,21.6,90,9.6,1008.0,0.7,2.0,5,2049.9,0
2022-01-03 21:28:00,5,61,21.5,90,9.5,1007.9,0.3,1.0,6,2049.9,0
2022-01-03 21:33:00,5,61,21.5,90,9.5,1007.9,0.7,1.0,9,2049.9,0
2022-01-03 21:38:00,5,61,21.5,90,9.5,1008.0,0.3,1.7,7,2049.9,0
2022-01-03 21:43:00,5,61,21.3,90,9.5,1008.0,0.7,1.0,9,2049.9,0
2022-01-03 21:48:00,5,61,21.3,90,9.5,1008.0,0.3,0.7,8,2049.9,0
2022-01-03 21:53:00,5,61,21.2,91,9.4,1007.9,0.7,1.7,10,2049.9,0
2022-01-03 21:58:00,5,62,21.2,91,9.4,1007.9,0.7,1.7,5,2049.9,0
2022-01-03 22:03:00,5,62,21.2,91,9.4,1007.8,1.4,2.0,7,2049.9,0
2022-01-03 22:08:00,5,62,21.1,91,9.3,1007.8,0.3,1.0,12,2049.9,0
2022-01-03 22:13:00,5,62,21.1,91,9.3,1007.9,1.0,2.0,3,2049.9,0
2022-01-03 22:18:00,5,62,21.1,91,9.3,1007.9,0.3,1.0,9,2049.9,0
2022-01-03 22:23:00,5,62,21.0,91,9.3,1007.8,0.7,2.7,7,2049.9,0
2022-01-03 22:28:00,5,62,21.0,92,9.3,1007.7,1.0,2.0,7,2049.9,0
2022-01-03 22:33:00,5,63,20.9,91,9.2,1007.8,1.0,2.0,8,2049.9,0
2022-01-03 22:38:00,5,63,20.9,91,9.3,1007.9,1.0,2.0,0,2049.9,0
2022-01-03 22:43:00,5,62,20.8,91,9.2,1007.9,0.7,1.7,9,2049.9,0
2022-01-03 22:48:00,5,62,20.7,91,9.3,1007.8,1.0,2.7,4,2049.9,0
2022-01-03 22:53:00,5,63,20.7,91,9.3,1007.9,0.7,2.0,7,2049.9,0
2022-01-03 22:58:00,5,63,20.7,91,9.3,1007.9,1.0,2.7,8,2049.9,0
2022-01-03 23:03:00,5,63,20.6,91,9.3,1007.8,1.7,3.1,6,2049.9,0
2022-01-03 23:08:00,5,63,20.6,91,9.2,1007.7,1.0,2.7,8,2049.9,0
2022-01-03 23:13:00,5,63,20.6,91,9.2,1007.7,1.7,3.1,8,2049.9,0
2022-01-03 23:18:00,5,63,20.6,91,9.2,1007.8,0.7,1.0,9,2049.9,0
2022-01-03 23:23:00,5,63,20.6,91,9.1,1007.6,1.0,1.0,7,2049.9,0
2022-01-03 23:28:00,5,64,19.7,91,9.1,1007.4,0.3,1.0,9,2049.9,0
2022-01-03 23:33:00,5,64,19.7,92,9.0,1007.6,1.0,3.1,6,2049.9,0
2022-01-03 23:38:00,5,64,19.7,92,9.0,1007.6,0.7,1.7,10,2049.9,0
2022-01-03 23:43:00,5,64,19.7,92,9.0,1007.7,1.0,2.0,7,2049.9,0
2022-01-03 23:48:00,5,64,19.6,92,9.0,1007.5,1.0,3.1,8,2049.9,0
2022-01-03 23:53:00,5,64,19.6,92,9.0,1007.4,0.7,1.0,9,2049.9,0
2022-01-03 23:58:00,5,64,19.6,92,9.0,1007.4,1.7,2.7,7,2049.9,0
