2022-01-14 00:01:01,5,62,17.9,99,3.5,1045.5,0.3,1.0,8,2090.4,0
2022-01-14 00:06:01,5,62,17.9,99,3.6,1045.5,0.0,0.7,9,2090.4,0
2022-01-14 00:11:01,5,62,17.9,99,3.5,1045.5,0.7,2.0,9,2090.4,0
2022-01-14 00:16:01,5,62,17.8,99,3.5,1045.4,0.7,1.0,10,2090.4,0
2022-01-14 00:21:01,5,62,17.8,99,3.5,1045.2,0.3,1.0,7,2090.4,0
2022-01-14 00:26:01,5,62,17.8,99,3.5,1045.4,1.0,1.7,10,2090.4,0
2022-01-14 00:31:01,5,62,17.8,99,3.5,1045.3,0.7,2.0,8,2090.4,0
2022-01-14 00:36:01,5,62,17.8,99,3.5,1045.2,1.0,1.7,7,2090.4,0
2022-01-14 00:41:01,5,62,17.7,99,3.5,1045.2,0.7,1.0,6,2090.4,0
2022-01-14 00:46:01,5,62,17.7,99,3.5,1045.3,0.3,0.7,9,2090.4,0
2022-01-14 00:51:01,5,61,17.7,99,3.5,1045.3,1.0,1.7,10,2090.4,0
2022-01-14 00:56:01,5,61,17.6,99,3.5,1045.4,0.3,1.0,8,2090.4,0
2022-01-14 01:01:01,5,61,17.5,99,3.5,1045.3,0.0,0.7,7,2090.4,0
2022-01-14 01:06:01,5,61,17.5,99,3.4,1045.4,0.0,0.0,7,2090.4,0
2022-01-14 01:11:01,5,61,17.4,99,3.4,1045.3,0.3,1.0,7,2090.4,0
2022-01-14 01:16:01,5,61,17.4,99,3.4,1045.3,0.0,0.7,7,2090.4,0
2022-01-14 01:21:01,5,60,17.3,99,3.3,1045.3,0.0,0.7,7,2090.4,0
2022-01-14 01:26:01,5,61,17.3,99,3.3,1045.4,0.3,1.0,9,2090.4,0
2022-01-14 01:31:01,5,61,17.3,99,3.3,1045.4,0.0,0.0,7,2090.4,0
2022-01-14 01:36:01,5,61,17.2,99,3.2,1045.4,0.7,1.0,7,2090.4,0
2022-01-14 01:41:01,5,60,17.1,99,3.2,1045.3,0.0,0.7,7,2090.4,0
2022-01-14 01:46:01,5,60,17.1,99,3.2,1045.4,0.7,1.7,7,2090.4,0
2022-01-14 01:51:01,5,61,17.1,99,3.2,1045.4,0.3,1.0,7,2090.4,0
2022-01-14 01:56:01,5,60,17.0,99,3.1,1045.3,0.7,1.7,7,2090.4,0
2022-01-14 02:01:01,5,61,17.0,99,3.1,1045.2,0.3,1.0,10,2090.4,0
2022-01-14 02:06:01,5,60,17.0,99,3.1,1045.3,0.0,0.7,11,2090.4,0
2022-01-14 02:11:01,5,61,16.9,99,3.1,1045.3,0.0,0.0,10,2090.4,0
2022-01-14 02:16:01,5,61,16.9,99,3.1,1045.5,0.7,1.7,9,2090.4,0
2022-01-14 02:21:02,5,61,16.9,99,3.1,1045.5,0.0,0.7,9,2090.4,0
2022-01-14 02:26:02,5,61,16.8,99,3.1,1045.5,0.7,2.0,8,2090.4,0
2022-01-14 02:31:02,5,61,16.8,99,3.1,1045.5,0.7,1.0,6,2090.4,0
2022-01-14 02:36:02,5,61,16.8,99,3.0,1045.5,0.7,1.7,7,2090.4,0
2022-01-14 02:41:02,5,61,16.8,99,3.0,1045.5,0.3,1.0,7,2090.4,0
2022-01-14 02:46:02,5,61,16.7,99,3.0,1045.7,0.7,1.0,7,2090.4,0
2022-01-14 02:51:02,5,61,16.7,99,3.0,1045.6,0.0,0.7,5,2090.4,0
2022-01-14 02:56:02,5,61,16.7,99,3.0,1045.7,0.7,1.0,3,2090.4,0
2022-01-14 03:01:02,5,61,16.6,99,3.0,1045.9,0.0,0.7,7,2090.4,0
2022-01-14 03:06:02,5,61,16.6,99,3.1,1045.9,0.0,0.7,6,2090.4,0
2022-01-14 03:11:02,5,61,16.6,99,3.1,1045.8,0.3,1.0,9,2090.4,0
2022-01-14 03:16:02,5,61,16.5,99,3.1,1045.8,0.3,1.0,7,2090.4,0
2022-01-14 03:21:02,5,61,16.5,99,3.2,1045.9,0.0,0.7,6,2090.4,0
2022-01-14 03:26:02,5,61,16.5,99,3.2,1045.9,0.3,0.7,8,2090.4,0
2022-01-14 03:31:02,5,61,16.5,99,3.2,1045.8,0.3,0.7,6,2090.4,0
2022-01-14 03:36:02,5,61,16.5,99,3.2,1045.8,0.3,0.7,6,2090.4,0
2022-01-14 03:41:02,5,61,16.4,99,3.2,1045.8,0.0,0.0,5,2090.4,0
2022-01-14 03:46:02,5,61,16.4,99,3.2,1045.8,0.3,1.0,6,2090.4,0
2022-01-14 03:51:02,5,61,16.4,99,3.2,1045.6,0.0,0.7,7,2090.4,0
2022-01-14 03:56:02,5,61,16.4,99,3.2,1045.8,0.3,1.0,5,2090.4,0
2022-01-14 04:01:02,5,61,16.4,99,3.2,1045.6,0.0,0.7,6,2090.4,0
2022-01-14 04:06:02,5,60,16.3,99,3.1,1045.6,0.0,0.7,7,2090.4,0
2022-01-14 04:11:02,5,60,16.3,99,3.1,1045.7,0.7,1.0,8,2090.4,0
2022-01-14 04:16:02,5,60,16.3,99,3.0,1045.5,0.0,0.7,9,2090.4,0
2022-01-14 04:21:02,5,60,16.3,99,3.0,1045.5,0.3,1.0,7,2090.4,0
2022-01-14 04:26:02,5,60,16.2,99,2.9,1045.7,0.0,0.0,6,2090.4,0
2022-01-14 04:31:02,5,60,16.2,99,2.9,1045.5,0.0,0.0,7,2090.4,0
2022-01-14 04:36:02,5,60,16.2,99,2.9,1045.5,0.0,0.0,9,2090.4,0
2022-01-14 04:41:02,5,60,16.2,99,2.9,1045.6,0.0,0.7,5,2090.4,0
2022-01-14 04:46:02,5,60,16.1,99,2.8,1045.6,0.7,1.7,7,2090.4,0
2022-01-14 04:51:02,5,60,16.1,99,2.9,1045.7,0.0,0.0,5,2090.4,0
2022-01-14 04:56:02,5,60,16.1,99,2.8,1045.7,0.0,0.7,10,2090.4,0
2022-01-14 05:01:02,5,60,16.1,99,2.8,1045.5,0.0,1.0,7,2090.4,0
2022-01-14 05:06:02,5,60,16.1,99,2.7,1045.5,0.3,1.0,9,2090.4,0
2022-01-14 05:11:02,5,60,16.1,99,2.6,1045.2,0.7,1.0,6,2090.4,0
2022-01-14 05:16:02,5,60,16.0,99,2.6,1045.3,0.3,1.0,5,2090.4,0
2022-01-14 05:21:02,5,60,16.0,99,2.6,1045.3,0.3,0.7,7,2090.4,0
2022-01-14 05:26:02,5,60,16.0,99,2.7,1045.2,0.0,0.7,10,2090.4,0
2022-01-14 05:31:02,5,60,16.0,99,2.6,1045.0,0.0,0.7,8,2090.4,0
2022-01-14 05:36:02,5,60,16.0,99,2.6,1045.1,0.0,0.7,7,2090.4,0
2022-01-14 05:41:02,5,61,15.9,99,2.6,1045.1,0.0,0.7,7,2090.4,0
2022-01-14 05:46:02,5,61,15.9,99,2.7,1045.3,0.0,0.7,9,2090.4,0
2022-01-14 05:51:02,5,61,15.9,99,2.7,1045.2,0.3,0.7,6,2090.4,0
2022-01-14 05:56:02,5,61,15.9,99,2.7,1045.3,0.0,0.7,8,2090.4,0
2022-01-14 06:01:02,5,61,15.9,99,2.6,1045.3,0.3,1.0,8,2090.4,0
2022-01-14 06:06:02,5,61,15.9,99,2.6,1045.4,0.0,0.0,10,2090.4,0
2022-01-14 06:11:02,5,61,15.9,99,2.5,1045.3,0.3,1.0,7,2090.4,0
2022-01-14 06:16:02,5,61,15.9,99,2.5,1045.4,0.0,0.7,6,2090.4,0
2022-01-14 06:21:02,5,61,15.9,99,2.5,1045.4,0.0,0.0,6,2090.4,0
2022-01-14 06:26:02,5,61,15.8,99,2.5,1045.4,0.0,0.0,6,2090.4,0
2022-01-14 06:31:02,5,61,15.8,99,2.5,1045.5,0.3,0.7,7,2090.4,0
2022-01-14 06:36:02,5,61,15.9,99,2.5,1045.3,0.0,0.0,9,2090.4,0
2022-01-14 06:41:02,5,61,15.9,99,2.5,1045.4,0.3,1.0,7,2090.4,0
2022-01-14 06:46:02,5,61,15.9,99,2.5,1045.3,0.0,0.0,7,2090.4,0
2022-01-14 06:51:02,5,61,15.9,99,2.5,1045.3,0.0,0.7,6,2090.4,0
2022-01-14 06:56:02,5,60,16.0,99,2.4,1045.4,0.0,1.0,7,2090.4,0
2022-01-14 07:01:02,5,61,16.2,99,2.3,1045.1,0.3,1.0,7,2090.4,0
2022-01-14 07:06:02,5,61,16.4,99,2.3,1044.9,0.3,1.0,7,2090.4,0
2022-01-14 07:11:02,5,61,16.8,99,2.4,1044.4,0.3,1.0,7,2090.4,0
2022-01-14 07:16:02,5,60,17.2,99,2.4,1044.0,0.3,1.0,9,2090.4,0
2022-01-14 07:21:02,5,59,17.8,99,2.4,1043.7,0.7,1.0,7,2090.4,0
2022-01-14 07:26:02,5,59,18.3,99,2.4,1043.3,0.0,0.7,6,2090.7,0
2022-01-14 07:31:02,5,57,18.7,99,2.3,1042.9,0.3,1.0,8,2090.7,0
2022-01-14 07:36:02,5,54,19.1,99,2.3,1042.6,0.0,0.0,7,2090.7,0
2022-01-14 07:41:02,5,53,20.2,99,2.3,1042.3,0.0,0.0,7,2090.7,0
2022-01-14 07:46:02,5,53,20.5,99,2.4,1042.1,0.0,0.0,9,2090.7,0
2022-01-14 07:51:02,5,52,20.6,99,2.4,1042.1,0.0,0.0,7,2090.7,0
2022-01-14 07:56:02,5,51,20.7,99,2.4,1041.9,0.0,0.0,7,2090.7,0
2022-01-14 08:01:02,5,51,20.7,99,2.5,1041.7,0.0,0.0,7,2090.7,0
2022-01-14 08:06:02,5,51,20.8,99,2.4,1041.7,0.0,0.0,5,2090.7,0
2022-01-14 08:11:02,5,51,20.9,99,2.3,1041.7,0.3,0.7,7,2090.7,0
2022-01-14 08:16:02,5,51,20.9,99,2.4,1041.5,0.0,0.7,10,2090.7,0
2022-01-14 08:21:02,5,52,20.8,99,2.3,1041.6,0.0,0.7,8,2090.7,0
2022-01-14 08:26:02,5,52,20.8,99,2.4,1041.6,0.0,0.0,7,2090.7,0
2022-01-14 08:31:02,5,52,20.8,99,2.3,1041.6,0.0,0.0,9,2090.7,0
2022-01-14 08:36:02,5,52,20.7,99,2.3,1041.5,0.3,1.0,6,2090.7,0
2022-01-14 08:41:02,5,52,20.7,99,2.4,1041.7,0.0,0.0,5,2090.7,0
2022-01-14 08:46:02,5,52,20.7,99,2.5,1041.6,0.0,0.7,6,2090.7,0
2022-01-14 08:51:02,5,53,20.6,99,2.4,1041.8,0.0,0.0,6,2090.7,0
2022-01-14 08:56:02,5,53,20.6,99,2.5,1042.0,0.0,0.0,6,2090.7,0
2022-01-14 09:01:02,5,53,20.5,99,2.5,1041.9,0.0,0.0,5,2090.7,0
2022-01-14 09:06:02,5,53,20.5,99,2.5,1042.2,0.0,0.0,5,2090.7,0
2022-01-14 09:11:02,5,54,19.6,99,2.6,1042.1,0.0,0.0,6,2090.7,0
2022-01-14 09:16:02,5,54,19.6,99,2.6,1042.3,0.0,0.0,6,2090.7,0
2022-01-14 09:21:02,5,55,19.5,99,2.6,1042.2,0.0,0.0,6,2090.7,0
2022-01-14 09:26:02,5,55,19.3,99,2.7,1042.2,0.0,0.7,8,2090.7,0
2022-01-14 09:31:02,5,55,19.3,99,2.8,1042.2,0.0,0.7,8,2090.7,0
2022-01-14 09:36:02,5,55,19.2,99,2.7,1042.3,0.0,0.0,7,2090.7,0
2022-01-14 09:41:02,5,55,19.1,99,2.8,1042.5,0.0,0.0,7,2090.7,0
2022-01-14 09:46:02,5,55,19.0,99,2.8,1042.6,0.0,0.0,6,2090.7,0
2022-01-14 09:51:02,5,56,18.9,99,2.8,1042.8,0.0,0.0,6,2090.7,0
2022-01-14 09:56:02,5,56,18.8,99,3.1,1042.9,0.0,0.0,5,2090.7,0
2022-01-14 10:01:02,5,54,18.5,99,3.1,1043.4,0.0,0.0,6,2090.7,0
2022-01-14 10:06:02,5,54,18.1,99,3.1,1043.5,0.0,0.0,8,2090.7,0
2022-01-14 10:11:02,5,53,17.9,99,3.2,1043.8,0.0,0.0,7,2090.7,0
2022-01-14 10:16:02,5,54,17.7,99,3.3,1044.0,0.0,0.0,7,2090.7,0
2022-01-14 10:21:02,5,54,17.5,99,3.4,1044.2,0.0,0.0,6,2090.7,0
2022-01-14 10:26:02,5,59,17.6,99,3.5,1044.1,0.0,0.0,8,2090.7,0
2022-01-14 10:31:02,5,60,17.8,99,3.5,1043.9,0.0,0.0,11,2090.7,0
2022-01-14 10:36:02,5,61,18.1,99,3.5,1043.6,0.0,0.0,9,2090.7,0
2022-01-14 10:41:02,5,60,18.6,99,3.5,1043.2,0.0,0.0,7,2090.7,0
2022-01-14 10:46:02,5,58,19.1,99,3.6,1042.7,0.0,0.0,8,2090.7,0
2022-01-14 10:51:02,5,57,19.5,99,3.5,1042.4,0.0,0.0,7,2090.7,0
2022-01-14 10:56:02,5,56,20.6,99,3.7,1042.0,0.0,0.0,6,2090.7,0
2022-01-14 11:01:02,5,55,21.0,99,3.7,1041.7,0.0,0.0,6,2090.7,0
2022-01-14 11:06:02,5,54,21.2,99,3.8,1041.5,0.0,0.0,6,2090.7,0
2022-01-14 11:11:02,5,53,21.3,99,3.9,1041.3,0.0,0.0,6,2090.7,0
2022-01-14 11:16:02,5,53,21.5,99,3.9,1041.0,0.0,0.0,11,2090.7,0
2022-01-14 11:21:02,5,53,21.5,99,3.8,1040.9,0.0,0.0,10,2090.7,0
2022-01-14 11:26:02,5,53,21.6,99,3.9,1040.8,0.0,0.0,7,2090.7,0
2022-01-14 11:31:02,5,52,21.6,99,3.9,1040.8,0.0,0.7,11,2090.7,0
2022-01-14 11:36:02,5,52,21.6,99,4.0,1040.6,0.0,0.7,6,2090.7,0
2022-01-14 11:41:02,5,52,21.6,99,4.0,1040.7,0.0,0.0,9,2090.7,0
2022-01-14 11:46:02,5,52,21.5,99,4.2,1040.8,0.0,0.0,10,2090.7,0
2022-01-14 11:51:02,5,52,21.5,99,4.2,1040.7,0.0,0.7,8,2090.7,0
2022-01-14 11:56:02,5,52,21.4,99,4.2,1040.9,0.0,0.0,5,2090.7,0
2022-01-14 12:01:02,5,52,21.3,99,4.2,1041.0,0.0,0.0,4,2090.7,0
2022-01-14 12:06:02,5,52,21.1,99,4.2,1041.1,0.0,0.0,8,2090.7,0
2022-01-14 12:11:02,5,52,21.1,99,4.2,1041.2,0.0,0.0,5,2090.7,0
2022-01-14 12:16:02,5,53,21.0,99,4.3,1041.2,0.0,0.0,6,2090.7,0
2022-01-14 12:21:02,5,53,21.0,99,4.3,1041.3,0.0,0.0,6,2090.7,0
2022-01-14 12:26:02,5,54,21.0,99,4.4,1041.3,0.0,0.0,7,2090.7,0
2022-01-14 12:31:02,5,54,21.1,99,4.5,1041.1,0.0,0.0,8,2090.7,0
2022-01-14 12:36:02,5,54,21.2,99,4.5,1040.9,0.0,0.0,7,2090.7,0
2022-01-14 12:41:02,5,53,21.2,99,4.5,1040.8,0.0,0.0,6,2090.7,0
2022-01-14 12:46:02,5,53,21.3,99,4.5,1040.7,0.0,0.0,6,2090.7,0
2022-01-14 12:51:02,5,53,21.3,99,4.6,1040.6,0.0,0.0,6,2090.7,0
2022-01-14 12:56:02,5,53,21.4,99,4.8,1040.4,0.0,0.0,7,2090.7,0
2022-01-14 13:01:02,5,53,21.4,99,4.8,1040.5,0.0,0.0,7,2090.7,0
2022-01-14 13:06:02,5,53,21.3,99,4.8,1040.4,0.0,0.0,7,2090.7,0
2022-01-14 13:11:02,5,53,21.3,99,4.8,1040.4,0.0,0.0,6,2090.7,0
2022-01-14 13:16:02,5,53,21.3,99,4.8,1040.4,0.0,0.0,6,2090.7,0
2022-01-14 13:21:02,5,53,21.3,99,4.8,1040.5,0.0,0.0,6,2090.7,0
2022-01-14 13:26:02,5,53,21.2,99,4.9,1040.5,0.0,0.0,6,2090.7,0
2022-01-14 13:31:02,5,53,21.2,99,5.0,1040.5,0.0,0.0,6,2090.7,0
2022-01-14 13:36:02,5,53,21.1,99,5.0,1040.5,0.0,0.0,6,2090.7,0
2022-01-14 13:41:02,5,53,21.0,99,5.0,1040.7,0.0,0.0,6,2090.7,0
2022-01-14 13:46:02,5,54,20.9,99,5.0,1040.7,0.0,0.0,6,2090.7,0
2022-01-14 13:51:02,5,55,20.9,99,5.1,1040.8,0.0,0.0,6,2090.7,0
2022-01-14 13:56:02,5,55,20.7,99,5.2,1040.7,0.0,0.0,6,2090.7,0
2022-01-14 14:01:02,5,55,20.7,99,5.1,1041.0,0.0,0.0,5,2090.7,0
2022-01-14 14:06:02,5,55,20.6,99,5.2,1041.0,0.0,0.0,5,2090.7,0
2022-01-14 14:11:02,5,55,20.5,99,5.2,1041.1,0.0,0.0,5,2090.7,0
2022-01-14 14:16:02,5,55,20.5,99,5.1,1041.1,0.0,0.0,6,2090.7,0
2022-01-14 14:21:02,5,56,19.6,99,5.2,1041.2,0.0,0.0,6,2090.7,0
2022-01-14 14:26:02,5,56,19.5,99,5.2,1041.1,0.0,0.0,7,2090.7,0
2022-01-14 14:31:02,5,56,19.3,99,5.2,1041.2,0.0,0.0,6,2090.7,0
2022-01-14 14:36:02,5,56,19.3,99,5.3,1041.3,0.0,0.0,6,2090.7,0
2022-01-14 14:41:02,5,56,19.2,99,5.3,1041.4,0.0,0.0,6,2090.7,0
2022-01-14 14:46:02,5,56,19.1,99,5.3,1041.4,0.0,0.0,5,2090.7,0
2022-01-14 14:51:02,5,56,19.1,99,5.3,1041.6,0.0,0.0,10,2090.7,0
2022-01-14 14:56:02,5,56,19.0,99,5.3,1041.7,0.0,0.0,10,2090.7,0
2022-01-14 15:01:02,5,57,18.9,99,5.2,1041.8,0.0,0.0,10,2090.7,0
2022-01-14 15:06:02,5,57,18.8,99,5.3,1041.9,0.0,0.0,10,2090.7,0
2022-01-14 15:11:02,5,57,18.7,99,5.3,1042.0,0.0,0.0,10,2090.7,0
2022-01-14 15:16:02,5,57,18.7,99,5.2,1042.0,0.0,0.0,5,2090.7,0
2022-01-14 15:21:02,5,58,18.6,99,5.1,1042.0,0.0,0.0,5,2090.7,0
2022-01-14 15:26:02,5,58,18.6,99,5.2,1042.2,0.0,0.0,5,2090.7,0
2022-01-14 15:31:02,5,59,18.6,99,5.2,1042.2,0.0,0.0,5,2090.7,0
2022-01-14 15:36:02,5,59,18.5,99,5.2,1042.2,0.0,0.0,5,2090.7,0
2022-01-14 15:41:02,5,60,18.5,99,5.1,1042.1,0.0,0.0,5,2090.7,0
2022-01-14 15:46:02,5,60,18.4,99,5.0,1042.5,0.0,0.0,5,2090.7,0
2022-01-14 15:51:02,5,57,18.3,99,5.0,1042.3,0.0,0.0,5,2090.7,0
2022-01-14 15:56:02,5,55,18.0,99,5.0,1042.6,0.0,0.0,5,2090.7,0
2022-01-14 16:01:02,5,56,17.8,99,5.1,1042.6,0.0,0.0,5,2090.7,0
2022-01-14 16:06:02,5,57,17.7,99,5.1,1042.8,0.0,0.0,5,2090.7,0
2022-01-14 16:11:02,5,57,17.6,99,5.1,1042.9,0.0,0.0,5,2090.7,0
2022-01-14 16:16:02,5,57,17.5,99,5.1,1042.9,0.0,0.0,5,2090.7,0
2022-01-14 16:21:02,5,57,17.4,99,5.1,1042.7,0.0,0.0,5,2090.7,0
2022-01-14 16:26:02,5,57,17.3,99,5.1,1042.8,0.0,0.0,5,2090.7,0
2022-01-14 16:31:02,5,57,17.3,99,5.3,1042.9,0.0,0.0,5,2090.7,0
2022-01-14 16:36:02,5,57,17.2,99,5.2,1043.1,0.0,0.0,5,2090.7,0
2022-01-14 16:41:02,5,57,17.1,99,5.2,1043.0,0.0,0.0,5,2090.7,0
2022-01-14 16:46:02,5,56,17.1,99,5.1,1042.9,0.0,0.0,5,2090.7,0
2022-01-14 16:51:02,5,56,17.1,99,5.2,1042.9,0.0,0.0,5,2090.7,0
2022-01-14 16:56:02,5,56,17.1,99,5.0,1042.9,0.0,0.0,5,2090.7,0
2022-01-14 17:01:02,5,59,17.2,99,5.0,1043.1,0.0,0.0,5,2090.7,0
2022-01-14 17:06:02,5,60,17.5,99,5.0,1042.8,0.0,0.0,5,2090.7,0
2022-01-14 17:11:02,5,61,17.8,99,5.0,1042.7,0.0,0.0,5,2090.7,0
2022-01-14 17:16:02,5,62,18.0,99,5.0,1042.3,0.0,0.0,5,2090.7,0
2022-01-14 17:21:02,5,61,18.3,99,5.1,1042.2,0.0,0.0,5,2090.7,0
2022-01-14 17:26:02,5,61,18.5,99,5.1,1042.1,0.0,0.0,5,2090.7,0
2022-01-14 17:31:02,5,61,18.7,99,5.0,1041.8,0.0,0.0,5,2090.7,0
2022-01-14 17:36:02,5,60,19.0,99,5.1,1041.4,0.0,0.0,5,2090.7,0
2022-01-14 17:41:02,5,59,19.3,99,5.1,1041.1,0.0,0.0,5,2090.7,0
2022-01-14 17:46:02,5,58,19.6,99,5.0,1040.9,0.0,0.0,5,2090.7,0
2022-01-14 17:51:02,5,57,20.5,99,5.0,1040.7,0.0,0.0,5,2090.7,0
2022-01-14 17:56:02,5,56,20.6,99,5.0,1040.5,0.0,0.0,7,2090.7,0
2022-01-14 18:01:02,5,55,20.7,99,4.8,1040.4,0.0,0.0,6,2090.7,0
2022-01-14 18:06:02,5,55,20.8,99,4.9,1040.2,0.0,0.0,6,2090.7,0
2022-01-14 18:11:02,5,55,20.8,99,4.9,1040.2,0.0,0.0,5,2090.7,0
2022-01-14 18:16:02,5,56,20.9,99,4.9,1040.2,0.0,0.0,5,2090.7,0
2022-01-14 18:21:02,5,56,20.9,99,4.9,1040.1,0.0,0.0,4,2090.7,0
2022-01-14 18:26:02,5,56,20.9,99,4.9,1040.2,0.0,0.0,5,2090.7,0
2022-01-14 18:31:02,5,57,20.9,99,4.9,1040.1,0.0,0.0,5,2090.7,0
2022-01-14 18:36:02,5,56,20.9,99,4.8,1040.3,0.0,0.7,15,2090.7,0
2022-01-14 18:41:02,5,57,20.9,99,4.8,1040.1,0.0,0.0,14,2090.7,0
2022-01-14 18:46:02,5,57,20.8,99,4.8,1040.1,0.0,0.0,3,2090.7,0
2022-01-14 18:51:02,5,57,20.7,99,4.8,1040.1,0.0,0.0,4,2090.7,0
2022-01-14 18:56:02,5,57,20.7,99,4.8,1040.1,0.0,0.7,4,2090.7,0
2022-01-14 19:01:02,5,58,19.9,99,4.7,1040.1,0.0,0.0,2,2090.7,0
2022-01-14 19:06:02,5,58,19.7,99,4.7,1040.1,0.0,0.0,0,2090.7,0
2022-01-14 19:11:02,5,58,19.7,99,4.7,1040.2,0.3,1.0,3,2090.7,0
2022-01-14 19:16:02,5,57,19.6,99,4.7,1040.3,0.0,0.7,0,2090.7,0
2022-01-14 19:21:02,5,58,19.5,99,4.7,1040.3,0.0,0.0,15,2090.7,0
2022-01-14 19:26:02,5,58,19.3,99,4.7,1040.5,0.0,0.7,12,2090.7,0
2022-01-14 19:31:02,5,58,19.3,99,4.6,1040.6,0.0,0.0,3,2090.7,0
2022-01-14 19:36:03,5,59,19.3,99,4.6,1040.7,0.0,0.0,3,2090.7,0
2022-01-14 19:41:03,5,59,19.2,99,4.5,1040.5,0.3,1.0,5,2090.7,0
2022-01-14 19:46:03,5,59,19.2,99,4.5,1040.4,0.0,0.7,14,2090.7,0
2022-01-14 19:51:03,5,60,19.3,99,4.5,1040.4,0.0,0.0,3,2090.7,0
2022-01-14 19:56:03,5,61,19.5,99,4.5,1040.2,0.0,0.0,11,2090.7,0
2022-01-14 20:01:03,5,60,19.7,99,4.5,1040.1,0.0,0.7,12,2090.7,0
2022-01-14 20:06:03,5,60,19.9,99,4.5,1039.9,0.0,0.0,12,2090.7,0
2022-01-14 20:11:03,5,59,20.7,99,4.4,1039.6,0.0,0.0,1,2090.7,0
2022-01-14 20:16:03,5,57,20.7,99,4.4,1039.5,0.0,0.0,3,2090.7,0
2022-01-14 20:21:03,5,58,20.9,99,4.4,1039.4,0.0,1.0,11,2090.7,0
2022-01-14 20:26:03,5,57,20.9,99,4.4,1039.4,0.0,0.7,5,2090.7,0
2022-01-14 20:31:03,5,56,21.0,99,4.4,1039.4,0.0,0.0,3,2090.7,0
2022-01-14 20:36:03,5,56,21.0,99,4.4,1039.4,0.0,0.0,3,2090.7,0
2022-01-14 20:41:03,5,56,20.9,99,4.3,1039.4,0.0,0.0,1,2090.7,0
2022-01-14 20:46:03,5,57,20.9,99,4.4,1039.4,0.0,0.7,3,2090.7,0
2022-01-14 20:51:03,5,57,20.9,99,4.4,1039.2,0.0,0.0,3,2090.7,0
2022-01-14 20:56:03,5,57,20.9,99,4.4,1039.5,0.0,0.0,4,2090.7,0
2022-01-14 21:01:03,5,57,20.8,99,4.4,1039.4,0.0,0.7,3,2090.7,0
2022-01-14 21:06:03,5,56,20.7,99,4.4,1039.5,0.0,0.7,3,2090.7,0
2022-01-14 21:11:03,5,57,19.9,99,4.3,1039.5,0.0,0.7,4,2090.7,0
2022-01-14 21:16:03,5,57,19.8,99,4.3,1039.6,0.0,0.0,4,2090.7,0
2022-01-14 21:21:03,5,57,19.7,99,4.3,1039.6,0.0,0.7,3,2090.7,0
2022-01-14 21:26:03,5,57,19.6,99,4.3,1039.8,0.0,0.7,4,2090.7,0
2022-01-14 21:31:03,5,57,19.6,99,4.3,1039.8,0.0,0.7,6,2090.7,0
2022-01-14 21:36:03,5,58,19.5,99,4.3,1039.8,0.0,0.0,4,2090.7,0
2022-01-14 21:41:03,5,58,19.4,99,4.2,1039.9,0.0,0.7,3,2090.7,0
2022-01-14 21:46:03,5,58,19.3,99,4.2,1039.9,0.0,0.0,14,2090.7,0
2022-01-14 21:51:03,5,58,19.2,99,4.2,1040.0,0.0,0.7,3,2090.7,0
2022-01-14 21:56:03,5,59,19.2,99,4.2,1040.0,0.0,0.0,15,2090.7,0
2022-01-14 22:01:03,5,58,19.1,99,4.1,1039.9,0.0,0.7,11,2090.7,0
2022-01-14 22:06:03,5,59,19.1,99,4.2,1040.1,0.0,0.0,11,2090.7,0
2022-01-14 22:11:03,5,59,19.1,99,4.2,1040.0,0.0,0.0,11,2090.7,0
2022-01-14 22:16:03,5,60,19.0,99,4.2,1040.1,0.0,0.0,11,2090.7,0
2022-01-14 22:21:03,5,61,18.9,99,4.1,1040.0,0.0,0.0,11,2090.7,0
2022-01-14 22:26:03,5,61,18.9,99,4.0,1040.0,0.0,0.7,14,2090.7,0
2022-01-14 22:31:03,5,60,18.8,99,4.0,1040.1,0.0,0.7,3,2090.7,0
2022-01-14 22:36:03,5,60,18.8,99,4.0,1040.1,0.0,0.0,3,2090.7,0
2022-01-14 22:41:03,5,60,18.7,99,4.0,1040.3,0.0,0.7,3,2090.7,0
2022-01-14 22:46:03,5,61,18.6,99,4.0,1040.4,0.0,0.0,3,2090.7,0
2022-01-14 22:51:03,5,61,18.6,99,4.0,1040.3,0.0,0.7,2,2090.7,0
2022-01-14 22:56:03,5,61,18.6,99,4.0,1040.1,0.3,0.7,11,2090.7,0
2022-01-14 23:01:03,5,61,18.6,99,4.0,1040.3,0.0,0.0,3,2090.7,0
2022-01-14 23:06:03,5,60,18.5,99,4.1,1040.3,0,0,12,2090.7,0
2022-01-14 23:11:03,5,60,18.4,99,4.0,1040.3,0.3,0.7,3,2090.7,0
2022-01-14 23:16:03,5,61,18.4,99,4.0,1040.4,0,0,3,2090.7,0
2022-01-14 23:21:03,5,61,18.3,99,4.0,1040.4,0,0,3,2090.7,0
2022-01-14 23:26:03,5,60,18.1,99,3.9,1040.4,0.3,0.7,14,2090.7,0
2022-01-14 23:31:03,5,60,18.1,99,3.9,1040.5,0,0,4,2090.7,0
2022-01-14 23:36:03,5,60,18.0,99,3.8,1040.5,0,0.7,14,2090.7,0
2022-01-14 23:41:03,5,60,18.0,99,3.7,1040.4,0.3,1.0,0,2090.7,0
2022-01-14 23:46:03,5,60,17.9,99,3.8,1040.5,0,0,3,2090.7,0
2022-01-14 23:51:03,5,60,17.9,99,3.8,1040.5,0,0,2,2090.7,0
2022-01-14 23:56:03,5,60,17.8,99,3.7,1040.6,0,0,15,2090.7,0
