2022-01-11 00:02:00,5,58,15.9,97,0.8,1038.7,0.0,0.0,9,2088.0,0
2022-01-11 00:07:00,5,59,16.0,97,0.8,1038.7,0.0,0.0,7,2088.0,0
2022-01-11 00:12:00,5,59,16.2,97,0.8,1038.8,0.0,0.0,11,2088.0,0
2022-01-11 00:17:00,5,59,16.3,97,0.9,1038.9,0.3,1.0,10,2088.0,0
2022-01-11 00:22:00,5,59,16.3,97,0.9,1038.8,0.0,0.7,6,2088.0,0
2022-01-11 00:27:00,5,59,16.4,97,0.9,1038.7,0.0,0.7,7,2088.0,0
2022-01-11 00:32:00,5,59,16.4,97,0.9,1038.6,0.0,0.0,13,2088.0,0
2022-01-11 00:37:00,5,59,16.5,97,0.9,1038.6,0.3,1.0,7,2088.0,0
2022-01-11 00:42:00,5,59,16.5,97,1.0,1038.6,0.0,0.7,6,2088.0,0
2022-01-11 00:47:00,5,59,16.5,97,1.0,1038.5,0.3,0.7,7,2088.0,0
2022-01-11 00:52:00,5,59,16.5,97,0.9,1038.6,0.7,1.7,7,2088.0,0
2022-01-11 00:57:00,5,58,16.5,97,1.0,1038.9,0.3,1.0,9,2088.0,0
2022-01-11 01:02:00,5,58,16.5,97,1.0,1039.0,0.3,1.0,12,2088.0,0
2022-01-11 01:07:00,5,58,16.5,97,1.0,1038.9,0.3,1.0,12,2088.0,0
2022-01-11 01:12:00,5,58,16.4,97,0.9,1038.8,0.3,1.0,10,2088.0,0
2022-01-11 01:17:00,5,58,16.4,97,1.0,1038.8,0.7,1.0,11,2088.0,0
2022-01-11 01:22:00,5,58,16.4,96,1.0,1038.8,0.3,1.0,8,2088.0,0
2022-01-11 01:27:00,5,58,16.4,96,1.0,1038.9,0.3,1.0,11,2088.0,0
2022-01-11 01:32:00,5,58,16.4,96,0.9,1038.8,0.3,1.0,11,2088.0,0
2022-01-11 01:37:00,5,58,16.4,96,0.9,1038.8,0.3,1.0,12,2088.0,0
2022-01-11 01:42:00,5,58,16.3,96,0.9,1039.0,0.3,1.0,10,2088.0,0
2022-01-11 01:47:00,5,58,16.3,96,0.9,1039.2,0.7,1.7,5,2088.0,0
2022-01-11 01:52:01,5,58,16.3,96,1.0,1039.2,0.0,0.0,11,2088.0,0
2022-01-11 01:57:01,5,58,16.2,96,1.0,1039.3,0.0,0.0,9,2088.0,0
2022-01-11 02:02:01,5,58,16.2,96,0.9,1039.3,0.3,0.7,12,2088.0,0
2022-01-11 02:07:01,5,58,16.2,96,0.9,1039.3,0.0,0.0,12,2088.0,0
2022-01-11 02:12:01,5,58,16.1,96,0.9,1039.4,0.3,0.7,10,2088.0,0
2022-01-11 02:17:01,5,58,16.1,96,0.8,1039.4,0.7,1.7,11,2088.0,0
2022-01-11 02:22:01,5,58,16.1,96,0.9,1039.5,0.3,1.0,10,2088.0,0
2022-01-11 02:27:01,5,59,16.1,95,0.9,1039.6,0.0,0.7,8,2088.0,0
2022-01-11 02:32:01,5,58,16.1,95,0.9,1039.5,0.3,1.0,10,2088.0,0
2022-01-11 02:37:01,5,58,16.0,95,1.0,1039.6,0.0,0.7,6,2088.0,0
2022-01-11 02:42:01,5,58,16.0,95,1.0,1039.5,0.0,0.7,12,2088.0,0
2022-01-11 02:47:01,5,58,16.0,95,0.9,1039.6,0.0,0.0,13,2088.0,0
2022-01-11 02:52:01,5,59,16.0,95,1.0,1039.5,0.0,0.7,6,2088.0,0
2022-01-11 02:57:01,5,58,16.0,95,1.0,1039.6,0.3,0.7,12,2088.0,0
2022-01-11 03:02:01,5,59,15.9,95,1.0,1039.7,0.7,1.0,6,2088.0,0
2022-01-11 03:07:01,5,60,15.9,95,1.0,1039.7,0.0,0.7,5,2088.0,0
2022-01-11 03:12:01,5,59,15.9,95,1.0,1039.7,0.0,0.7,4,2088.0,0
2022-01-11 03:17:01,5,59,15.9,95,1.0,1039.7,0.3,0.7,9,2088.0,0
2022-01-11 03:22:01,5,60,15.8,95,1.0,1039.9,0.3,0.7,8,2088.0,0
2022-01-11 03:27:01,5,59,15.8,95,1.0,1039.9,0.3,1.0,10,2088.0,0
2022-01-11 03:32:01,5,59,15.8,95,1.0,1040.0,0.3,0.7,12,2088.0,0
2022-01-11 03:37:01,5,60,15.8,95,1.0,1040.0,0.0,0.0,10,2088.0,0
2022-01-11 03:42:01,5,59,15.8,95,1.0,1040.1,0.0,0.7,10,2088.0,0
2022-01-11 03:47:01,5,59,15.7,95,1.0,1040.1,0.3,1.0,12,2088.0,0
2022-01-11 03:52:01,5,59,15.7,95,1.1,1040.1,0.0,0.7,8,2088.0,0
2022-01-11 03:57:01,5,59,15.7,95,1.0,1039.9,0.3,1.0,13,2088.0,0
2022-01-11 04:02:01,5,59,15.7,95,1.0,1040.1,0.3,0.7,8,2088.0,0
2022-01-11 04:07:01,5,59,15.6,95,1.0,1040.1,0.3,1.0,5,2088.0,0
2022-01-11 04:12:01,5,59,15.6,95,1.0,1040.0,0.3,1.0,8,2088.0,0
2022-01-11 04:17:01,5,59,15.6,95,0.9,1040.1,0.0,0.0,5,2088.0,0
2022-01-11 04:22:01,5,59,15.6,95,0.9,1040.1,0.3,0.7,7,2088.0,0
2022-01-11 04:27:01,5,59,15.6,95,0.9,1040.2,0.3,0.7,12,2088.0,0
2022-01-11 04:32:01,5,59,15.6,95,0.8,1040.0,0.3,1.0,5,2088.0,0
2022-01-11 04:37:01,5,59,15.5,95,0.8,1040.1,0.3,1.0,13,2088.0,0
2022-01-11 04:42:01,5,59,15.5,95,0.8,1040.2,0.3,1.7,13,2088.0,0
2022-01-11 04:47:01,5,59,15.5,95,0.8,1040.4,0.0,0.7,12,2088.0,0
2022-01-11 04:52:01,5,59,15.5,95,0.8,1040.3,0.0,0.7,10,2088.0,0
2022-01-11 04:57:01,5,59,15.5,95,0.8,1040.4,0.3,0.7,12,2088.0,0
2022-01-11 05:02:01,5,59,15.5,95,0.8,1040.4,0.7,1.0,8,2088.0,0
2022-01-11 05:07:01,5,59,15.5,95,0.7,1040.4,0.0,0.7,12,2088.0,0
2022-01-11 05:12:01,5,60,15.3,95,0.7,1040.4,0.0,0.7,6,2088.0,0
2022-01-11 05:17:01,5,60,15.5,95,0.7,1040.5,0.3,1.0,11,2088.0,0
2022-01-11 05:22:01,5,60,15.5,95,0.7,1040.6,0.0,0.7,7,2088.0,0
2022-01-11 05:27:01,5,60,15.5,95,0.7,1040.7,0.0,0.0,8,2088.0,0
2022-01-11 05:32:01,5,60,15.5,95,0.7,1040.5,0.0,0.0,6,2088.0,0
2022-01-11 05:37:01,5,60,15.5,95,0.7,1040.5,0.0,0.7,7,2088.0,0
2022-01-11 05:42:01,5,59,15.5,95,0.7,1040.5,0.0,0.7,10,2088.0,0
2022-01-11 05:47:01,5,59,15.5,95,0.7,1040.7,0.0,0.7,9,2088.0,0
2022-01-11 05:52:01,5,60,15.5,95,0.7,1040.8,0.0,0.0,13,2088.0,0
2022-01-11 05:57:01,5,60,15.5,95,0.7,1040.8,0.0,0.0,4,2088.0,0
2022-01-11 06:02:01,5,59,15.6,95,0.7,1040.7,0.3,1.0,7,2088.0,0
2022-01-11 06:07:01,5,59,15.6,95,0.7,1040.6,0.3,0.7,14,2088.0,0
2022-01-11 06:12:01,5,59,15.6,95,0.7,1040.6,0.3,1.0,11,2088.0,0
2022-01-11 06:17:01,5,59,15.6,95,0.7,1040.8,0.0,0.7,11,2088.0,0
2022-01-11 06:22:01,5,59,15.6,95,0.7,1040.7,0.0,0.0,0,2088.0,0
2022-01-11 06:27:01,5,59,15.6,95,0.6,1040.8,0.3,1.0,7,2088.0,0
2022-01-11 06:32:01,5,59,15.6,95,0.6,1040.7,0.3,0.7,10,2088.0,0
2022-01-11 06:37:01,5,58,15.6,95,0.6,1040.7,0.3,0.7,7,2088.0,0
2022-01-11 06:42:01,5,58,15.5,95,0.6,1040.8,0.3,1.0,8,2088.0,0
2022-01-11 06:47:01,5,58,15.5,95,0.6,1040.8,0.3,1.0,11,2088.0,0
2022-01-11 06:52:01,5,58,15.5,95,0.6,1040.9,0.0,0.7,8,2088.0,0
2022-01-11 06:57:01,5,59,15.5,95,0.6,1041.1,0.0,0.0,6,2088.0,0
2022-01-11 07:02:01,5,59,15.5,95,0.6,1041.2,0.3,0.7,7,2088.0,0
2022-01-11 07:07:01,5,58,15.5,95,0.7,1041.1,0.0,0.7,11,2088.0,0
2022-01-11 07:12:01,5,59,15.5,94,0.7,1041.2,0.0,0.7,10,2088.0,0
2022-01-11 07:17:01,5,59,15.5,94,0.7,1041.1,0.3,0.7,1,2088.0,0
2022-01-11 07:22:01,5,59,15.6,94,0.7,1041.2,0.0,0.0,10,2088.0,0
2022-01-11 07:27:01,5,59,15.7,94,0.7,1040.9,0.3,1.0,8,2088.0,0
2022-01-11 07:32:01,5,58,16.0,94,0.8,1040.9,0.3,0.7,6,2088.0,0
2022-01-11 07:37:01,5,57,16.2,94,0.8,1040.6,0.7,1.0,8,2088.0,0
2022-01-11 07:42:01,5,56,16.3,94,0.8,1040.5,0.7,1.0,11,2088.0,0
2022-01-11 07:47:01,5,56,16.5,94,0.9,1040.3,0.0,0.7,7,2088.0,0
2022-01-11 07:52:01,5,57,16.8,93,0.9,1040.1,0.7,1.0,12,2088.0,0
2022-01-11 07:57:01,5,56,17.0,93,0.9,1039.9,0.3,1.0,9,2088.0,0
2022-01-11 08:02:01,5,56,17.4,93,0.9,1039.8,0.3,1.0,7,2088.0,0
2022-01-11 08:07:01,5,56,17.7,93,0.9,1039.4,0.3,1.0,11,2088.0,0
2022-01-11 08:12:01,5,56,17.9,93,1.0,1039.2,0.3,1.0,4,2088.0,0
2022-01-11 08:17:01,5,54,18.3,93,1.0,1039.0,0.3,0.7,10,2088.0,0
2022-01-11 08:22:01,5,54,18.6,93,1.0,1038.7,0.0,0.7,1,2088.0,0
2022-01-11 08:27:01,5,54,19.8,93,1.1,1038.3,0.3,1.0,11,2088.0,0
2022-01-11 08:32:01,5,53,20.1,92,1.1,1038.1,0.0,0.7,0,2088.0,0
2022-01-11 08:37:01,5,52,20.3,92,1.1,1037.9,0.3,0.7,10,2088.0,0
2022-01-11 08:42:01,5,52,20.4,92,1.2,1037.6,0.0,0.7,12,2088.0,0
2022-01-11 08:47:01,5,52,20.4,92,1.3,1037.6,0.3,1.0,11,2088.0,0
2022-01-11 08:52:01,5,52,20.5,92,1.4,1037.6,0.3,0.7,13,2088.0,0
2022-01-11 08:57:01,5,52,20.5,92,1.4,1037.6,0.3,1.0,6,2088.0,0
2022-01-11 09:02:01,5,52,20.5,92,1.4,1037.6,0.0,0.7,15,2088.0,0
2022-01-11 09:07:01,5,52,20.4,91,1.4,1037.6,0.0,0.7,8,2088.0,0
2022-01-11 09:12:01,5,52,20.4,91,1.5,1037.8,0.0,0.7,15,2088.0,0
2022-01-11 09:17:01,5,51,20.3,91,1.5,1038.0,0.3,1.0,12,2088.0,0
2022-01-11 09:22:01,5,53,19.3,90,1.6,1038.3,0.0,0.7,12,2088.0,0
2022-01-11 09:27:01,5,53,19.3,90,1.6,1038.3,0.0,0.7,9,2088.0,0
2022-01-11 09:32:01,5,53,19.2,90,1.7,1038.5,0.3,1.0,8,2088.0,0
2022-01-11 09:37:01,5,53,19.1,90,1.7,1038.6,0.0,0.7,10,2088.0,0
2022-01-11 09:42:01,5,53,19.0,89,1.7,1038.7,0.0,0.7,12,2088.0,0
2022-01-11 09:47:01,5,54,18.8,89,1.7,1038.7,0.3,0.7,10,2088.0,0
2022-01-11 09:52:01,5,54,18.7,89,1.8,1039.0,0.3,1.0,11,2088.0,0
2022-01-11 09:57:01,5,54,18.6,89,1.8,1039.0,0.0,0.7,12,2088.0,0
2022-01-11 10:02:01,5,54,18.6,89,1.9,1039.3,0.3,1.0,11,2088.0,0
2022-01-11 10:07:01,5,54,18.5,89,1.9,1039.3,0.0,0.7,6,2088.0,0
2022-01-11 10:12:01,5,55,18.4,89,1.9,1039.5,0.0,0.7,10,2088.0,0
2022-01-11 10:17:01,5,54,18.3,89,1.9,1039.5,0.0,0.7,12,2088.0,0
2022-01-11 10:22:01,5,55,18.2,88,2.0,1039.6,0.0,0.7,13,2088.0,0
2022-01-11 10:27:01,5,55,18.1,88,2.0,1039.6,0.0,0.7,11,2088.0,0
2022-01-11 10:32:01,5,56,18.3,88,2.1,1039.7,0.0,0.7,6,2088.0,0
2022-01-11 10:37:01,5,56,18.5,88,2.2,1039.5,0.3,1.0,8,2088.0,0
2022-01-11 10:42:01,5,56,18.7,88,2.4,1039.1,0.3,0.7,11,2088.0,0
2022-01-11 10:47:01,5,54,19.0,88,2.5,1038.9,0.3,1.0,11,2088.0,0
2022-01-11 10:52:01,5,54,19.3,87,2.7,1038.6,0.3,0.7,11,2088.0,0
2022-01-11 10:57:01,5,54,20.5,87,3.1,1038.3,0.7,1.0,10,2088.0,0
2022-01-11 11:02:01,5,53,20.9,86,3.4,1037.9,0.7,1.7,5,2088.0,0
2022-01-11 11:07:01,5,51,21.1,85,3.5,1037.8,1.0,2.0,11,2088.0,0
2022-01-11 11:12:01,5,50,21.3,84,3.8,1037.3,0.3,1.0,9,2088.0,0
2022-01-11 11:17:01,5,44,21.3,84,4.0,1037.1,0.3,0.7,13,2088.0,0
2022-01-11 11:22:01,5,43,21.1,83,4.0,1037.3,0.3,0.7,12,2088.0,0
2022-01-11 11:27:01,5,44,20.9,83,4.0,1037.4,0.7,1.7,8,2088.0,0
2022-01-11 11:32:01,5,43,20.6,83,4.1,1037.6,0.3,0.7,6,2088.0,0
2022-01-11 11:37:01,5,43,20.5,83,4.2,1037.9,0.3,1.0,3,2088.0,0
2022-01-11 11:42:01,5,43,19.3,83,4.2,1038.1,0.3,0.7,7,2088.0,0
2022-01-11 11:47:01,5,44,19.1,83,4.1,1038.4,0.0,0.7,6,2088.0,0
2022-01-11 11:52:01,5,47,19.0,83,4.1,1038.7,0.0,0.7,11,2088.0,0
2022-01-11 11:57:01,5,51,19.1,83,4.1,1038.7,0.0,0.0,4,2088.0,0
2022-01-11 12:02:01,5,52,19.2,83,4.1,1038.8,0.3,1.7,7,2088.0,0
2022-01-11 12:07:01,5,52,19.3,83,4.2,1038.7,0.3,1.0,8,2088.0,0
2022-01-11 12:12:01,5,52,19.4,83,4.3,1038.6,0.0,0.7,9,2088.0,0
2022-01-11 12:17:01,5,52,19.5,83,4.4,1038.6,0.0,0.0,7,2088.0,0
2022-01-11 12:22:01,5,52,19.5,83,4.5,1038.5,0.0,0.0,10,2088.0,0
2022-01-11 12:27:01,5,52,19.4,83,4.9,1038.5,0.0,0.7,8,2088.0,0
2022-01-11 12:32:01,5,52,19.4,82,5.6,1038.5,0.0,0.7,6,2088.0,0
2022-01-11 12:37:01,5,52,19.4,80,5.8,1038.4,0.3,1.0,9,2088.0,0
2022-01-11 12:42:01,5,52,19.3,79,6.4,1038.5,0.3,0.7,5,2088.0,0
2022-01-11 12:47:01,5,52,19.3,77,6.5,1038.5,0.3,2.0,9,2088.0,0
2022-01-11 12:52:01,5,52,19.3,75,6.8,1038.6,0.7,1.0,8,2088.0,0
2022-01-11 12:57:01,5,52,19.2,75,7.1,1038.6,0.7,1.7,10,2088.0,0
2022-01-11 13:02:01,5,52,19.2,73,6.9,1038.5,1.4,2.7,8,2088.0,0
2022-01-11 13:07:01,5,52,19.2,73,6.6,1038.6,1.4,2.7,7,2088.0,0
2022-01-11 13:12:01,5,52,19.1,74,6.3,1038.6,0.3,1.7,7,2088.0,0
2022-01-11 13:17:01,5,52,19.1,74,6.3,1038.6,0.7,1.0,6,2088.0,0
2022-01-11 13:22:01,5,53,19.0,74,6.3,1038.6,0.7,1.0,12,2088.0,0
2022-01-11 13:27:01,5,53,19.0,74,6.2,1038.7,0.7,1.0,3,2088.0,0
2022-01-11 13:32:01,5,54,18.9,73,6.0,1038.7,1.0,2.0,8,2088.0,0
2022-01-11 13:37:01,5,54,18.8,74,5.9,1038.8,0.7,1.7,9,2088.0,0
2022-01-11 13:42:01,5,54,18.8,74,5.9,1038.8,0.7,1.0,5,2088.0,0
2022-01-11 13:47:01,5,54,18.7,74,5.9,1038.9,0.7,1.0,11,2088.0,0
2022-01-11 13:52:01,5,54,18.7,74,5.9,1039.1,0.0,0.7,7,2088.0,0
2022-01-11 13:57:01,5,55,18.6,73,5.9,1039.0,0.7,1.7,13,2088.0,0
2022-01-11 14:02:01,5,55,18.6,73,6.0,1039.1,0.3,1.0,6,2088.0,0
2022-01-11 14:07:01,5,55,18.5,73,5.9,1039.3,0.3,0.7,6,2088.0,0
2022-01-11 14:12:01,5,55,18.5,73,6.0,1039.3,0.3,1.0,7,2088.0,0
2022-01-11 14:17:01,5,55,18.5,73,6.0,1039.4,0.3,1.0,7,2088.0,0
2022-01-11 14:22:01,5,54,18.4,73,6.1,1039.5,0.3,1.0,8,2088.0,0
2022-01-11 14:27:01,5,54,18.3,73,6.1,1039.5,0.3,0.7,9,2088.0,0
2022-01-11 14:32:01,5,55,18.3,73,6.1,1039.5,0.3,1.0,8,2088.0,0
2022-01-11 14:37:01,5,55,18.3,74,6.1,1039.8,0.0,0.7,10,2088.0,0
2022-01-11 14:42:01,5,55,18.2,73,6.0,1039.8,0.0,0.0,8,2088.0,0
2022-01-11 14:47:01,5,55,18.1,74,6.1,1039.9,0.3,0.7,8,2088.0,0
2022-01-11 14:52:01,5,55,18.1,75,6.0,1039.9,0.0,0.0,8,2088.0,0
2022-01-11 14:57:01,5,55,18.0,75,6.0,1039.9,0.0,0.0,8,2088.0,0
2022-01-11 15:02:01,5,55,18.0,76,6.1,1039.8,0.0,0.7,7,2088.0,0
2022-01-11 15:07:01,5,55,17.9,75,6.1,1040.0,0.0,0.7,10,2088.0,0
2022-01-11 15:12:01,5,55,17.9,76,6.0,1039.9,0.0,0.0,9,2088.0,0
2022-01-11 15:17:01,5,55,17.9,75,6.0,1040.1,0.3,0.7,10,2088.0,0
2022-01-11 15:22:01,5,55,17.8,75,6.0,1040.0,0.3,1.0,11,2088.0,0
2022-01-11 15:27:01,5,55,17.8,75,6.0,1040.1,0.0,0.7,10,2088.0,0
2022-01-11 15:32:01,5,56,17.8,76,5.8,1040.0,0.0,0.7,9,2088.0,0
2022-01-11 15:37:01,5,56,17.8,77,5.7,1040.1,0.0,0.7,9,2088.0,0
2022-01-11 15:42:01,5,55,17.8,76,5.7,1040.1,0.0,0.0,8,2088.0,0
2022-01-11 15:47:01,5,55,17.9,76,5.6,1040.1,0.0,0.7,10,2088.0,0
2022-01-11 15:52:01,5,55,17.9,76,5.5,1040.2,0.0,0.0,6,2088.0,0
2022-01-11 15:57:01,5,55,17.9,75,5.6,1040.2,0.3,1.0,11,2088.0,0
2022-01-11 16:02:01,5,54,17.9,75,5.5,1040.3,0.0,0.7,12,2088.0,0
2022-01-11 16:07:01,5,55,17.9,76,5.4,1040.4,0.0,0.0,13,2088.0,0
2022-01-11 16:12:01,5,54,17.9,76,5.4,1040.5,0.0,0.0,11,2088.0,0
2022-01-11 16:17:01,5,55,17.9,77,5.2,1040.6,0.0,0.0,12,2088.0,0
2022-01-11 16:22:01,5,55,17.9,77,5.2,1040.6,0.0,0.0,11,2088.0,0
2022-01-11 16:27:01,5,55,17.9,77,5.1,1040.5,0.0,0.0,6,2088.0,0
2022-01-11 16:32:01,5,56,18.0,78,5.0,1040.6,0.0,0.0,6,2088.0,0
2022-01-11 16:37:01,5,56,18.1,78,5.0,1040.5,0.0,0.7,9,2088.0,0
2022-01-11 16:42:01,5,56,18.4,78,4.9,1040.3,0.0,0.7,6,2088.0,0
2022-01-11 16:47:01,5,56,18.7,79,4.8,1040.1,0.0,0.0,5,2088.0,0
2022-01-11 16:52:01,5,54,19.0,79,4.7,1039.7,0.0,0.0,5,2088.0,0
2022-01-11 16:57:01,5,54,19.2,80,4.6,1039.5,0.0,0.0,12,2088.0,0
2022-01-11 17:02:01,5,54,19.4,80,4.5,1039.3,0.0,0.0,7,2088.0,0
2022-01-11 17:07:01,5,54,19.6,79,4.7,1039.0,0.0,0.7,6,2088.0,0
2022-01-11 17:12:01,5,46,19.6,79,4.6,1039.1,0.0,0.0,9,2088.0,0
2022-01-11 17:17:01,5,45,19.3,80,4.5,1039.2,0.0,0.0,6,2088.0,0
2022-01-11 17:22:01,5,45,19.1,80,4.4,1039.3,0.0,0.0,5,2088.0,0
2022-01-11 17:27:01,5,45,19.0,81,4.3,1039.5,0.0,0.0,5,2088.0,0
2022-01-11 17:32:01,5,47,18.9,81,4.2,1039.7,0.0,0.0,6,2088.0,0
2022-01-11 17:37:01,5,46,18.8,81,4.3,1039.7,0.0,0.0,5,2088.0,0
2022-01-11 17:42:01,5,46,18.8,82,4.2,1039.7,0.0,0.0,5,2088.0,0
2022-01-11 17:47:01,5,45,18.6,82,3.9,1040.0,0.0,0.0,5,2088.0,0
2022-01-11 17:52:01,5,46,18.5,83,3.7,1040.1,0.0,0.0,5,2088.0,0
2022-01-11 17:57:01,5,46,18.5,83,3.6,1040.1,0.0,0.0,5,2088.0,0
2022-01-11 18:02:01,5,48,18.4,84,3.4,1040.3,0.0,0.0,5,2088.0,0
2022-01-11 18:07:01,5,52,18.5,84,3.2,1040.4,0.0,0.0,5,2088.0,0
2022-01-11 18:12:01,5,54,18.8,84,3.3,1040.3,0.0,0.0,5,2088.0,0
2022-01-11 18:17:01,5,53,19.1,83,3.6,1040.1,0.0,0.0,5,2088.0,0
2022-01-11 18:22:01,5,53,19.2,83,3.6,1039.8,0.0,0.0,5,2088.0,0
2022-01-11 18:27:01,5,53,19.3,83,3.6,1039.9,0.3,1.7,6,2088.0,0
2022-01-11 18:32:01,5,53,19.5,82,3.9,1039.8,0.3,1.0,10,2088.0,0
2022-01-11 18:37:01,5,54,19.6,81,4.0,1039.8,0.0,0.0,9,2088.0,0
2022-01-11 18:42:01,5,54,19.6,81,4.1,1039.7,0.0,0.7,5,2088.0,0
2022-01-11 18:47:01,5,54,19.7,81,4.0,1039.8,0.3,1.7,7,2088.0,0
2022-01-11 18:52:01,5,54,19.7,80,4.2,1039.7,0.3,1.0,11,2088.0,0
2022-01-11 18:57:01,5,54,19.7,80,4.2,1039.7,0.0,0.7,11,2088.0,0
2022-01-11 19:02:01,5,54,20.6,81,4.2,1039.7,0.3,0.7,9,2088.0,0
2022-01-11 19:07:01,5,54,20.6,81,4.2,1039.5,0.3,1.0,6,2088.0,0
2022-01-11 19:12:01,5,54,20.7,81,4.2,1039.5,0.3,1.0,10,2088.0,0
2022-01-11 19:17:01,5,54,20.7,82,4.2,1039.6,0.3,1.0,9,2088.0,0
2022-01-11 19:22:01,5,54,20.7,81,4.3,1039.6,0.3,0.7,6,2088.0,0
2022-01-11 19:27:01,5,54,20.7,82,4.2,1039.7,0.0,0.0,6,2088.0,0
2022-01-11 19:32:01,5,54,20.7,81,4.4,1039.7,0.7,1.0,7,2088.0,0
2022-01-11 19:37:01,5,54,20.7,81,4.4,1039.6,0.3,1.0,10,2088.0,0
2022-01-11 19:42:01,5,54,20.7,82,4.4,1039.7,0.3,1.0,5,2088.0,0
2022-01-11 19:47:01,5,53,20.7,82,4.4,1039.8,0.7,1.0,10,2088.0,0
2022-01-11 19:52:01,5,54,20.7,82,4.4,1039.8,0.3,0.7,11,2088.0,0
2022-01-11 19:57:01,5,54,20.7,82,4.5,1040.0,0.7,1.0,8,2088.0,0
2022-01-11 20:02:01,5,54,20.6,82,4.5,1040.0,1.4,2.7,11,2088.0,0
2022-01-11 20:07:01,5,54,20.6,82,4.5,1040.0,0.7,1.7,8,2088.0,0
2022-01-11 20:12:01,5,54,20.6,83,4.4,1040.1,0.3,0.7,7,2088.0,0
2022-01-11 20:17:01,5,55,19.8,83,4.5,1040.2,0.3,1.0,5,2088.0,0
2022-01-11 20:22:01,5,55,19.7,83,4.5,1040.3,0.3,1.7,8,2088.0,0
2022-01-11 20:27:01,5,55,19.7,83,4.5,1040.4,0.7,1.0,10,2088.0,0
2022-01-11 20:32:01,5,55,19.7,83,4.5,1040.3,0.3,0.7,11,2088.0,0
2022-01-11 20:37:01,5,55,19.6,84,4.5,1040.3,1.4,2.7,7,2088.0,0
2022-01-11 20:42:01,5,56,19.6,85,4.4,1040.4,0.3,1.0,6,2088.0,0
2022-01-11 20:47:01,5,56,19.5,86,4.3,1040.5,0.0,0.7,6,2088.0,0
2022-01-11 20:52:01,5,56,19.5,86,4.3,1040.6,0.0,0.7,5,2088.0,0
2022-01-11 20:57:01,5,57,19.4,88,4.2,1040.6,0.0,0.7,8,2088.0,0
2022-01-11 21:02:01,5,57,19.3,89,4.0,1040.7,0.3,0.7,11,2088.0,0
2022-01-11 21:07:01,5,55,19.3,89,3.9,1040.7,0.3,0.7,6,2088.0,0
2022-01-11 21:12:01,5,53,19.1,89,3.9,1041.1,0.3,1.0,7,2088.0,0
2022-01-11 21:17:01,5,53,18.8,89,3.9,1041.2,0.0,0.7,6,2088.0,0
2022-01-11 21:22:01,5,55,18.6,89,3.9,1041.6,0.3,1.0,6,2088.0,0
2022-01-11 21:27:01,5,58,18.6,89,3.9,1041.7,0.3,1.0,9,2088.0,0
2022-01-11 21:32:01,5,58,18.6,89,3.8,1041.5,0.3,1.0,10,2088.0,0
2022-01-11 21:37:01,5,59,18.7,89,3.8,1041.6,0.3,1.0,7,2088.0,0
2022-01-11 21:42:01,5,59,18.7,89,3.8,1041.6,0.0,0.0,6,2088.0,0
2022-01-11 21:47:01,5,58,18.7,89,3.9,1041.6,0.7,1.0,7,2088.0,0
2022-01-11 21:52:01,5,59,18.7,89,3.8,1041.6,0.7,1.7,9,2088.0,0
2022-01-11 21:57:01,5,59,18.7,89,3.8,1041.5,0.0,0.7,5,2088.0,0
2022-01-11 22:02:01,5,59,18.7,90,3.8,1041.8,0.3,1.0,7,2088.0,0
2022-01-11 22:07:01,5,59,18.7,90,3.8,1041.8,0.3,0.7,7,2088.0,0
2022-01-11 22:12:01,5,59,18.6,91,3.6,1041.8,0.7,1.7,7,2088.0,0
2022-01-11 22:17:01,5,60,18.6,92,3.6,1041.9,0.3,1.0,8,2088.0,0
2022-01-11 22:22:01,5,60,18.6,93,3.5,1042.0,0.3,1.0,5,2088.3,0
2022-01-11 22:27:01,5,60,18.6,93,3.4,1042.0,1.0,2.0,7,2088.3,0
2022-01-11 22:32:01,5,60,18.6,94,3.4,1042.0,0.3,0.7,6,2088.3,0
2022-01-11 22:37:01,5,60,18.6,94,3.4,1042.0,0.0,0.7,6,2088.3,0
2022-01-11 22:42:01,5,60,18.5,94,3.3,1041.9,0.3,0.7,5,2088.3,0
2022-01-11 22:47:01,5,60,18.5,94,3.3,1041.9,0.3,1.0,8,2088.3,0
2022-01-11 22:52:01,5,60,18.5,95,3.3,1041.8,0.7,1.0,4,2088.3,0
2022-01-11 22:57:01,5,61,18.5,95,3.3,1042.0,0.3,0.7,7,2088.3,0
2022-01-11 23:02:01,5,61,18.4,95,3.3,1042.0,0.3,1.0,10,2088.3,0
2022-01-11 23:07:01,5,60,18.4,95,3.3,1042.1,0,0.7,10,2088.3,0
2022-01-11 23:12:01,5,60,18.3,95,3.3,1042.1,0,0.7,7,2088.3,0
2022-01-11 23:17:01,5,60,18.3,95,3.3,1042.3,0.7,2.0,9,2088.3,0
2022-01-11 23:22:01,5,60,18.2,95,3.3,1042.3,0,0.7,8,2088.3,0
2022-01-11 23:27:01,5,60,18.1,96,3.3,1042.4,0.3,1.0,9,2088.3,0
2022-01-11 23:32:01,5,60,18.1,96,3.3,1042.6,0,0,8,2088.3,0
2022-01-11 23:37:01,5,59,18.0,96,3.3,1042.9,0.7,1.0,7,2088.3,0
2022-01-11 23:42:01,5,59,17.9,96,3.3,1043.0,0,0.7,8,2088.3,0
2022-01-11 23:47:01,5,59,17.8,96,3.3,1042.9,0,0.7,10,2088.3,0
2022-01-11 23:52:01,5,59,17.8,96,3.3,1043.0,0.3,0.7,7,2088.3,0
2022-01-11 23:57:01,5,59,17.7,96,3.3,1043.1,0.3,1.7,9,2088.3,0
