2022-01-23 00:01:02,5,62,18.7,91,5.6,1042.4,0.0,0.7,5,2099.1,0
2022-01-23 00:06:02,5,62,18.6,92,5.6,1042.5,0.0,0.0,6,2099.1,0
2022-01-23 00:11:02,5,63,18.6,91,5.6,1042.6,0.3,0.7,6,2099.1,0
2022-01-23 00:16:02,5,63,18.5,91,5.7,1042.5,0.3,0.7,6,2099.1,0
2022-01-23 00:21:02,5,63,18.5,91,5.6,1042.5,0.7,1.0,7,2099.1,0
2022-01-23 00:26:02,5,62,18.4,91,5.7,1042.6,0.0,0.0,7,2099.1,0
2022-01-23 00:31:02,5,62,18.4,91,5.6,1042.7,0.0,0.0,10,2099.1,0
2022-01-23 00:36:02,5,62,18.3,91,5.7,1042.7,0.3,1.0,6,2099.1,0
2022-01-23 00:41:02,5,62,18.3,91,5.7,1042.8,0.0,0.7,7,2099.1,0
2022-01-23 00:46:02,5,62,18.1,91,5.6,1042.8,0.3,0.7,7,2099.1,0
2022-01-23 00:51:02,5,63,18.1,91,5.6,1042.7,0.0,0.0,6,2099.1,0
2022-01-23 00:56:02,5,62,18.0,91,5.6,1042.7,0.3,1.0,5,2099.1,0
2022-01-23 01:01:02,5,62,18.0,91,5.6,1042.7,0.0,0.7,7,2099.1,0
2022-01-23 01:06:02,5,62,18.0,91,5.6,1042.7,0.0,0.7,7,2099.1,0
2022-01-23 01:11:02,5,62,17.9,91,5.6,1042.7,0.0,0.0,6,2099.1,0
2022-01-23 01:16:02,5,62,17.9,91,5.7,1042.7,0.0,0.0,7,2099.1,0
2022-01-23 01:21:02,5,62,17.8,91,5.6,1042.8,0.3,0.7,7,2099.1,0
2022-01-23 01:26:02,5,62,17.8,91,5.6,1042.8,0.0,0.0,3,2099.1,0
2022-01-23 01:31:02,5,62,17.8,91,5.6,1042.9,0.0,0.0,1,2099.1,0
2022-01-23 01:36:02,5,62,17.7,91,5.5,1043.0,0.0,0.0,1,2099.1,0
2022-01-23 01:41:02,5,62,17.7,92,5.6,1043.0,0.0,0.0,1,2099.1,0
2022-01-23 01:46:02,5,62,17.7,92,5.6,1043.3,0.0,0.0,1,2099.1,0
2022-01-23 01:51:02,5,62,17.6,92,5.5,1043.3,0.0,0.0,1,2099.1,0
2022-01-23 01:56:02,5,62,17.6,92,5.6,1043.2,0.0,0.0,1,2099.1,0
2022-01-23 02:01:02,5,62,17.6,92,5.6,1043.3,0.0,0.7,2,2099.1,0
2022-01-23 02:06:02,5,62,17.5,92,5.6,1043.3,0.0,0.0,3,2099.1,0
2022-01-23 02:11:02,5,62,17.5,92,5.6,1043.5,0.0,0.0,4,2099.1,0
2022-01-23 02:16:02,5,62,17.5,92,5.6,1043.4,0.0,0.0,5,2099.1,0
2022-01-23 02:21:02,5,62,17.4,92,5.6,1043.4,0.0,0.0,3,2099.1,0
2022-01-23 02:26:02,5,62,17.4,92,5.6,1043.5,0.0,0.0,3,2099.1,0
2022-01-23 02:31:02,5,62,17.4,92,5.6,1043.4,0.0,0.7,4,2099.1,0
2022-01-23 02:36:02,5,62,17.4,92,5.6,1043.4,0.0,0.0,5,2099.1,0
2022-01-23 02:41:02,5,62,17.3,92,5.6,1043.2,0.0,0.0,5,2099.1,0
2022-01-23 02:46:02,5,62,17.3,92,5.6,1043.2,0.0,0.0,3,2099.1,0
2022-01-23 02:51:02,5,62,17.3,92,5.6,1043.1,0.0,0.0,5,2099.1,0
2022-01-23 02:56:02,5,62,17.3,92,5.6,1043.2,0.0,0.0,3,2099.1,0
2022-01-23 03:01:02,5,62,17.2,92,5.6,1043.4,0.0,0.0,2,2099.1,0
2022-01-23 03:06:02,5,62,17.2,92,5.6,1043.3,0.3,0.7,5,2099.1,0
2022-01-23 03:11:02,5,62,17.1,92,5.6,1043.3,0.0,0.0,5,2099.1,0
2022-01-23 03:16:02,5,62,17.1,92,5.6,1043.2,0.0,0.0,5,2099.1,0
2022-01-23 03:21:01,5,62,17.1,92,5.7,1043.3,0.7,1.0,6,2099.1,0
2022-01-23 03:26:01,5,62,17.1,92,5.7,1043.3,0.0,0.0,5,2099.1,0
2022-01-23 03:31:01,5,62,17.0,92,5.7,1043.4,0.7,0.7,6,2099.1,0
2022-01-23 03:36:01,5,62,17.0,92,5.7,1043.5,0.0,0.7,6,2099.1,0
2022-01-23 03:41:01,5,62,17.0,92,5.7,1043.6,0.0,0.0,2,2099.1,0
2022-01-23 03:46:01,5,62,17.0,93,5.6,1043.7,0.0,0.0,2,2099.1,0
2022-01-23 03:51:01,5,63,16.9,93,5.6,1043.6,0.0,0.0,2,2099.1,0
2022-01-23 03:56:01,5,63,16.9,93,5.6,1043.6,0.0,0.7,4,2099.1,0
2022-01-23 04:01:01,5,63,16.9,93,5.6,1043.7,0.0,0.0,4,2099.1,0
2022-01-23 04:06:01,5,62,16.9,93,5.6,1043.8,0.0,0.0,4,2099.1,0
2022-01-23 04:11:01,5,62,16.9,93,5.7,1043.9,0.0,0.7,5,2099.1,0
2022-01-23 04:16:01,5,62,16.8,93,5.6,1043.8,0.0,0.7,5,2099.1,0
2022-01-23 04:21:01,5,62,16.8,93,5.6,1043.9,0.0,0.0,4,2099.1,0
2022-01-23 04:26:01,5,62,16.8,93,5.6,1043.9,0.0,0.0,4,2099.1,0
2022-01-23 04:31:01,5,62,16.8,93,5.6,1044.0,0.0,0.0,5,2099.1,0
2022-01-23 04:36:01,5,62,16.7,93,5.6,1044.0,0.0,0.0,5,2099.1,0
2022-01-23 04:41:01,5,62,16.7,93,5.6,1044.2,0.0,0.0,5,2099.1,0
2022-01-23 04:46:01,5,62,16.7,93,5.6,1044.1,0.0,0.0,3,2099.1,0
2022-01-23 04:51:01,5,62,16.7,93,5.6,1044.2,0.0,0.0,3,2099.1,0
2022-01-23 04:56:01,5,62,16.6,93,5.6,1044.2,0.0,0.0,3,2099.1,0
2022-01-23 05:01:01,5,62,16.6,93,5.6,1044.2,0.0,0.0,3,2099.1,0
2022-01-23 05:06:01,5,62,16.6,93,5.6,1044.1,0.0,0.0,3,2099.1,0
2022-01-23 05:11:01,5,62,16.6,93,5.6,1044.1,0.0,0.0,3,2099.1,0
2022-01-23 05:16:01,5,62,16.6,93,5.6,1044.1,0.0,0.0,3,2099.1,0
2022-01-23 05:21:01,5,62,16.5,94,5.6,1044.0,0.0,0.0,3,2099.1,0
2022-01-23 05:26:01,5,61,16.5,94,5.6,1044.2,0.0,0.0,3,2099.1,0
2022-01-23 05:31:01,5,61,16.5,94,5.6,1044.2,0.0,0.0,4,2099.1,0
2022-01-23 05:36:01,5,61,16.5,94,5.6,1044.2,0.0,0.0,3,2099.1,0
2022-01-23 05:41:01,5,61,16.5,94,5.6,1044.2,0.0,0.0,4,2099.1,0
2022-01-23 05:46:01,5,61,16.4,94,5.6,1044.2,0.0,0.0,4,2099.1,0
2022-01-23 05:51:01,5,61,16.4,94,5.6,1044.3,0.0,0.0,3,2099.1,0
2022-01-23 05:56:01,5,61,16.4,94,5.5,1044.3,0.0,0.0,3,2099.1,0
2022-01-23 06:01:01,5,61,16.4,94,5.5,1044.4,0.0,0.0,3,2099.1,0
2022-01-23 06:06:01,5,61,16.4,94,5.5,1044.4,0.0,0.0,3,2099.1,0
2022-01-23 06:11:01,5,61,16.3,94,5.5,1044.4,0.0,0.0,3,2099.1,0
2022-01-23 06:16:01,5,61,16.3,94,5.6,1044.5,0.0,0.0,3,2099.1,0
2022-01-23 06:21:01,5,61,16.3,94,5.6,1044.4,0.0,0.0,3,2099.1,0
2022-01-23 06:26:01,5,61,16.3,94,5.5,1044.5,0.0,0.0,3,2099.1,0
2022-01-23 06:31:01,5,61,16.3,94,5.5,1044.5,0.0,0.0,3,2099.1,0
2022-01-23 06:36:01,5,61,16.3,94,5.5,1044.5,0.0,0.0,3,2099.1,0
2022-01-23 06:41:01,5,61,16.2,94,5.5,1044.5,0.0,0.0,3,2099.1,0
2022-01-23 06:46:01,5,61,16.2,94,5.5,1044.6,0.0,0.0,3,2099.1,0
2022-01-23 06:51:01,5,61,16.2,94,5.5,1044.6,0.0,0.0,4,2099.1,0
2022-01-23 06:56:01,5,61,16.2,94,5.5,1044.8,0.0,0.0,3,2099.1,0
2022-01-23 07:01:01,5,61,16.2,94,5.5,1044.8,0.0,0.7,6,2099.1,0
2022-01-23 07:06:01,5,61,16.2,94,5.5,1044.8,0.0,0.0,5,2099.1,0
2022-01-23 07:11:01,5,61,16.1,94,5.6,1044.9,0.0,0.0,5,2099.1,0
2022-01-23 07:16:01,5,61,16.1,94,5.6,1045.0,0.0,0.0,5,2099.1,0
2022-01-23 07:21:01,5,61,16.1,94,5.5,1045.0,0.0,0.0,3,2099.1,0
2022-01-23 07:26:01,5,61,16.1,94,5.5,1045.1,0.0,0.0,2,2099.1,0
2022-01-23 07:31:01,5,61,16.1,94,5.5,1045.0,0.0,0.0,2,2099.1,0
2022-01-23 07:36:01,5,61,16.2,94,5.5,1045.1,0.0,0.0,2,2099.1,0
2022-01-23 07:41:01,5,61,16.2,94,5.6,1045.2,0.0,0.0,2,2099.1,0
2022-01-23 07:46:01,5,61,16.2,94,5.6,1045.3,0.0,0.0,2,2099.1,0
2022-01-23 07:51:01,5,61,16.3,94,5.6,1045.3,0.0,0.0,2,2099.1,0
2022-01-23 07:56:01,5,61,16.3,94,5.6,1045.3,0.0,0.0,2,2099.1,0
2022-01-23 08:01:01,5,61,16.3,94,5.5,1045.2,0.0,0.0,2,2099.1,0
2022-01-23 08:06:01,5,61,16.3,94,5.5,1045.2,0.0,0.0,2,2099.1,0
2022-01-23 08:11:01,5,61,16.3,94,5.5,1045.2,0.0,0.0,2,2099.1,0
2022-01-23 08:16:01,5,61,16.3,94,5.6,1045.3,0.0,0.0,1,2099.1,0
2022-01-23 08:21:01,5,61,16.3,94,5.6,1045.3,0.0,0.0,1,2099.1,0
2022-01-23 08:26:01,5,60,16.3,94,5.6,1045.3,0.0,0.0,1,2099.1,0
2022-01-23 08:31:01,5,60,16.3,94,5.6,1045.4,0.0,0.0,1,2099.1,0
2022-01-23 08:36:01,5,60,16.3,94,5.6,1045.4,0.0,0.0,1,2099.1,0
2022-01-23 08:41:01,5,60,16.3,94,5.6,1045.4,0.0,0.0,1,2099.1,0
2022-01-23 08:46:01,5,60,16.3,94,5.6,1045.4,0.0,0.0,1,2099.1,0
2022-01-23 08:51:01,5,60,16.3,94,5.6,1045.5,0.0,0.0,1,2099.1,0
2022-01-23 08:56:01,5,60,16.2,94,5.7,1045.5,0.0,0.0,1,2099.1,0
2022-01-23 09:01:01,5,60,16.2,94,5.7,1045.6,0.0,0.0,1,2099.1,0
2022-01-23 09:07:01,6,60,16.2,94,5.7,1045.6,0.0,0.0,1,2099.1,0
2022-01-23 09:12:01,5,60,16.2,94,5.7,1045.7,0.0,0.0,1,2099.1,0
2022-01-23 09:17:01,5,61,16.2,94,5.8,1045.6,0.0,0.0,1,2099.1,0
2022-01-23 09:22:01,5,62,16.2,94,5.8,1045.6,0.0,0.0,1,2099.1,0
2022-01-23 09:27:01,5,63,16.3,94,5.8,1045.5,0.0,0.0,1,2099.1,0
2022-01-23 09:32:01,5,63,16.4,93,5.9,1045.5,0.0,0.0,1,2099.1,0
2022-01-23 09:37:01,5,63,16.7,93,5.9,1045.2,0.0,0.0,1,2099.1,0
2022-01-23 09:42:01,5,63,17.0,93,5.9,1044.9,0.0,0.0,1,2099.1,0
2022-01-23 09:47:01,5,62,17.5,93,5.9,1044.6,0.0,0.0,1,2099.1,0
2022-01-23 09:52:01,5,62,18.0,93,5.9,1044.1,0.0,0.7,5,2099.1,0
2022-01-23 09:57:01,5,61,18.5,93,6.0,1043.7,0.0,0.0,5,2099.1,0
2022-01-23 10:02:01,5,59,19.1,92,6.0,1043.1,0.0,0.0,5,2099.1,0
2022-01-23 10:07:01,5,57,20.4,92,6.1,1042.6,0.0,0.0,5,2099.1,0
2022-01-23 10:12:01,5,56,20.7,92,6.1,1042.3,0.0,0.0,5,2099.1,0
2022-01-23 10:17:01,5,54,21.1,92,6.2,1041.8,0.0,0.0,5,2099.1,0
2022-01-23 10:22:01,5,54,21.3,91,6.2,1041.6,0.0,0.0,5,2099.1,0
2022-01-23 10:27:01,5,54,21.5,91,6.3,1041.3,0.0,0.0,6,2099.1,0
2022-01-23 10:32:01,5,54,21.7,91,6.4,1041.2,0.0,0.0,6,2099.1,0
2022-01-23 10:37:01,5,53,21.7,91,6.4,1041.1,0.0,0.7,6,2099.1,0
2022-01-23 10:43:01,6,53,21.8,91,6.5,1040.9,0.0,0.0,6,2099.1,0
2022-01-23 10:48:01,5,53,21.8,91,6.5,1041.0,0.0,0.0,6,2099.1,0
2022-01-23 10:53:01,5,53,21.8,90,6.5,1041.0,0.0,0.0,6,2099.1,0
2022-01-23 10:59:01,6,53,21.8,90,6.5,1041.0,0.0,0.0,6,2099.1,0
2022-01-23 11:04:01,5,53,21.7,90,6.6,1040.8,0.3,0.7,6,2099.1,0
2022-01-23 11:09:01,5,53,21.7,89,6.6,1040.9,0.0,0.0,6,2099.1,0
2022-01-23 11:15:01,6,53,21.7,89,6.7,1040.8,0.0,0.7,6,2099.1,0
2022-01-23 11:20:01,5,53,21.7,89,6.7,1040.8,0.3,0.7,6,2099.1,0
2022-01-23 11:25:01,5,53,21.7,88,6.7,1040.8,0.0,0.7,6,2099.1,0
2022-01-23 11:31:01,6,54,21.7,88,6.8,1040.7,0.0,0.0,7,2099.1,0
2022-01-23 11:36:01,5,54,21.7,88,6.9,1040.8,0.0,0.0,7,2099.1,0
2022-01-23 11:41:01,5,54,21.7,88,6.9,1040.8,0.0,0.7,7,2099.1,0
2022-01-23 11:47:01,6,54,21.7,88,6.9,1040.6,0.0,0.0,7,2099.1,0
2022-01-23 11:52:01,5,53,21.7,88,6.9,1040.7,0.0,0.0,7,2099.1,0
2022-01-23 11:57:01,5,53,21.6,88,7.0,1040.7,0.0,0.0,7,2099.1,0
2022-01-23 12:03:01,6,53,21.5,88,6.9,1040.7,0.0,0.7,9,2099.1,0
2022-01-23 12:08:01,5,54,21.5,88,6.9,1040.8,0.0,0.7,7,2099.1,0
2022-01-23 12:13:01,5,54,21.5,88,6.8,1040.6,0.0,0.0,9,2099.1,0
2022-01-23 12:19:01,6,54,21.5,88,6.9,1040.8,0.3,0.7,8,2099.1,0
2022-01-23 12:24:01,5,54,21.5,88,6.9,1040.7,0.0,0.0,7,2099.1,0
2022-01-23 12:29:01,5,54,21.5,87,6.9,1040.7,0.0,0.0,7,2099.1,0
2022-01-23 12:35:01,6,54,21.5,87,6.9,1040.6,0.0,0.0,7,2099.1,0
2022-01-23 12:40:01,5,54,21.5,86,6.9,1040.7,0.3,0.7,7,2099.1,0
2022-01-23 12:45:01,5,54,21.5,85,6.8,1040.6,0.0,0.7,7,2099.1,0
2022-01-23 12:51:01,6,54,21.4,85,6.8,1040.6,0.3,0.7,7,2099.1,0
2022-01-23 12:56:01,5,54,21.3,85,6.8,1040.6,0.0,0.7,6,2099.1,0
2022-01-23 13:01:01,5,54,21.3,85,6.9,1040.7,0.0,0.7,7,2099.1,0
2022-01-23 13:07:02,6,55,21.3,85,6.9,1040.7,0.3,0.7,6,2099.1,0
2022-01-23 13:12:02,5,55,21.3,85,6.9,1040.8,0.0,0.7,7,2099.1,0
2022-01-23 13:17:02,5,55,21.3,85,6.9,1040.7,0.0,0.0,7,2099.1,0
2022-01-23 13:23:02,6,55,21.3,85,6.9,1040.8,0.0,0.7,7,2099.1,0
2022-01-23 13:28:02,5,55,21.3,85,6.9,1040.7,0.0,0.7,6,2099.1,0
2022-01-23 13:33:02,5,55,21.3,85,6.9,1040.7,0.0,0.0,4,2099.1,0
2022-01-23 13:39:02,6,55,21.3,85,6.9,1040.7,0.0,0.7,5,2099.1,0
2022-01-23 13:44:02,5,55,21.3,85,6.9,1040.6,0.0,0.0,5,2099.1,0
2022-01-23 13:49:02,5,55,21.3,85,6.8,1040.5,0.0,0.0,6,2099.1,0
2022-01-23 13:55:02,6,54,21.2,86,6.8,1040.7,0.3,1.0,6,2099.1,0
2022-01-23 14:00:02,5,55,21.2,86,6.8,1040.5,0.0,0.7,2,2099.1,0
2022-01-23 14:05:02,5,55,21.2,86,6.8,1040.6,0.7,1.0,6,2099.1,0
2022-01-23 14:11:02,6,55,21.2,86,6.7,1040.7,0.7,1.0,6,2099.1,0
2022-01-23 14:16:02,5,55,21.2,86,6.7,1040.6,0.3,1.0,6,2099.1,0
2022-01-23 14:21:02,5,54,21.2,86,6.7,1040.6,0.0,0.7,6,2099.1,0
2022-01-23 14:27:02,6,55,21.2,86,6.7,1040.6,0.0,0.0,6,2099.1,0
2022-01-23 14:32:02,5,55,21.2,86,6.7,1040.5,0.0,0.7,4,2099.1,0
2022-01-23 14:37:02,5,55,21.3,86,6.7,1040.4,0.3,0.7,5,2099.1,0
2022-01-23 14:43:02,6,54,21.3,86,6.7,1040.4,0.3,0.7,5,2099.1,0
2022-01-23 14:48:02,5,55,21.5,86,6.7,1040.4,0.3,0.7,5,2099.1,0
2022-01-23 14:53:02,5,55,21.5,85,6.7,1040.3,0.0,0.7,6,2099.1,0
2022-01-23 14:59:02,6,55,21.5,86,6.6,1040.4,0.0,0.0,4,2099.1,0
2022-01-23 15:04:02,5,56,21.5,86,6.6,1040.2,0.0,0.0,5,2099.1,0
2022-01-23 15:09:02,5,56,21.5,86,6.6,1040.0,0.0,0.7,5,2099.1,0
2022-01-23 15:14:02,5,56,21.5,86,6.6,1040.0,0.0,0.0,5,2099.1,0
2022-01-23 15:19:02,5,57,21.5,86,6.6,1040.1,0.0,0.7,5,2099.1,0
2022-01-23 15:24:02,5,57,21.5,86,6.5,1040.1,0.0,0.0,5,2099.1,0
2022-01-23 15:29:02,5,57,21.5,86,6.6,1040.1,0.0,0.0,5,2099.1,0
2022-01-23 15:34:02,5,57,21.5,86,6.6,1040.1,0.0,0.0,5,2099.1,0
2022-01-23 15:39:02,5,57,21.5,86,6.6,1040.0,0.0,0.0,5,2099.1,0
2022-01-23 15:44:02,5,57,21.5,86,6.6,1040.2,0.0,0.0,5,2099.1,0
2022-01-23 15:49:02,5,58,21.4,86,6.5,1040.2,0.0,0.0,5,2099.1,0
2022-01-23 15:54:02,5,58,21.3,87,6.5,1040.3,0.0,0.0,5,2099.1,0
2022-01-23 15:59:02,5,59,21.3,87,6.4,1040.3,0.0,0.0,5,2099.1,0
2022-01-23 16:04:02,5,59,21.3,87,6.4,1040.4,0.0,0.0,5,2099.1,0
2022-01-23 16:09:02,5,59,21.3,87,6.4,1040.3,0.0,0.0,5,2099.1,0
2022-01-23 16:14:02,5,59,21.4,87,6.4,1040.3,0.0,0.0,5,2099.1,0
2022-01-23 16:19:02,5,59,21.5,87,6.3,1040.2,0.0,0.0,5,2099.1,0
2022-01-23 16:24:02,5,59,21.5,88,6.3,1040.2,0.0,0.0,5,2099.1,0
2022-01-23 16:29:02,5,59,21.5,88,6.3,1040.1,0.0,0.0,5,2099.1,0
2022-01-23 16:34:02,5,58,21.5,88,6.3,1040.2,0.0,0.0,5,2099.1,0
2022-01-23 16:39:02,5,55,21.5,88,6.3,1040.1,0.0,0.0,5,2099.1,0
2022-01-23 16:44:02,5,52,21.3,88,6.2,1040.3,0.0,0.0,5,2099.1,0
2022-01-23 16:49:02,5,50,21.0,89,6.3,1040.7,0.0,0.0,5,2099.1,0
2022-01-23 16:54:02,5,52,20.6,88,6.2,1040.9,0.0,0.0,5,2099.1,0
2022-01-23 16:59:02,5,52,20.4,88,6.2,1041.3,0.0,0.0,5,2099.1,0
2022-01-23 17:04:02,5,52,19.4,88,6.2,1041.5,0.0,0.0,5,2099.1,0
2022-01-23 17:09:02,5,52,19.3,88,6.1,1041.5,0.0,0.0,5,2099.1,0
2022-01-23 17:14:02,5,52,19.2,88,6.2,1041.7,0.0,0.0,5,2099.1,0
2022-01-23 17:19:02,5,52,19.2,88,6.2,1041.7,0.0,0.0,5,2099.1,0
2022-01-23 17:24:02,5,53,19.2,89,6.1,1041.6,0.0,0.0,5,2099.1,0
2022-01-23 17:29:02,5,53,19.2,89,6.1,1041.8,0.0,0.0,5,2099.1,0
2022-01-23 17:34:02,5,53,19.3,89,6.1,1041.7,0.0,0.0,5,2099.1,0
2022-01-23 17:39:02,5,54,19.3,89,6.2,1041.7,0.0,0.0,5,2099.1,0
2022-01-23 17:44:02,5,54,19.5,89,6.1,1041.6,0.0,0.0,5,2099.1,0
2022-01-23 17:49:02,5,53,19.5,89,6.0,1041.4,0.0,0.0,5,2099.1,0
2022-01-23 17:54:02,5,54,19.6,90,6.0,1041.3,0.0,0.0,5,2099.1,0
2022-01-23 17:59:02,5,56,19.8,90,6.0,1041.2,0.0,0.0,5,2099.1,0
2022-01-23 18:04:02,5,55,20.7,90,6.0,1041.0,0.0,0.0,5,2099.1,0
2022-01-23 18:09:02,5,55,20.9,90,6.0,1040.9,0.0,0.0,5,2099.1,0
2022-01-23 18:14:02,5,54,21.1,90,6.0,1040.7,0.0,0.0,5,2099.1,0
2022-01-23 18:19:02,5,54,21.2,90,6.0,1040.7,0.0,0.0,5,2099.1,0
2022-01-23 18:24:02,5,54,21.3,90,6.0,1040.6,0.0,0.0,5,2099.1,0
2022-01-23 18:29:02,5,54,21.3,90,5.9,1040.5,0.0,0.0,5,2099.1,0
2022-01-23 18:34:02,5,54,21.3,90,5.9,1040.5,0.0,0.0,5,2099.1,0
2022-01-23 18:39:02,5,54,21.3,90,5.9,1040.5,0.0,0.0,5,2099.1,0
2022-01-23 18:44:02,5,54,21.2,90,5.9,1040.6,0.0,0.0,5,2099.1,0
2022-01-23 18:49:02,5,54,21.2,90,5.9,1040.7,0.0,0.0,5,2099.1,0
2022-01-23 18:54:02,5,54,21.1,90,5.9,1040.7,0.0,0.0,5,2099.1,0
2022-01-23 18:59:02,5,55,21.0,90,5.9,1040.8,0.0,0.0,5,2099.1,0
2022-01-23 19:04:02,5,55,21.0,90,5.8,1040.9,0.0,0.0,5,2099.1,0
2022-01-23 19:09:02,5,56,20.9,90,5.8,1040.8,0.0,0.0,5,2099.1,0
2022-01-23 19:14:02,5,57,20.7,90,5.8,1040.8,0.0,0.0,5,2099.1,0
2022-01-23 19:19:02,5,57,20.7,90,5.7,1040.9,0.0,0.0,5,2099.1,0
2022-01-23 19:24:02,5,57,20.6,89,5.6,1041.0,0.0,0.0,5,2099.1,0
2022-01-23 19:29:02,5,58,19.8,89,5.6,1041.1,0.0,0.0,5,2099.1,0
2022-01-23 19:34:02,5,58,19.7,88,5.7,1041.1,0.0,0.0,5,2099.1,0
2022-01-23 19:39:02,5,58,19.7,87,5.7,1041.1,0.0,0.0,5,2099.1,0
2022-01-23 19:44:02,5,58,19.6,86,5.7,1041.2,0.0,0.0,5,2099.1,0
2022-01-23 19:49:02,5,59,19.6,86,5.8,1041.2,0.0,0.0,5,2099.1,0
2022-01-23 19:54:02,5,60,19.6,86,5.8,1041.3,0.0,0.0,5,2099.1,0
2022-01-23 19:59:02,5,60,19.6,85,5.7,1041.2,0.0,0.0,5,2099.1,0
2022-01-23 20:04:02,5,60,19.6,84,5.8,1041.2,0.0,0.0,5,2099.1,0
2022-01-23 20:09:02,5,61,19.6,83,5.8,1041.2,0.0,0.0,5,2099.1,0
2022-01-23 20:14:02,5,61,19.6,83,5.8,1041.2,0.0,0.0,5,2099.1,0
2022-01-23 20:19:02,5,60,19.6,83,5.8,1041.3,0.0,0.0,5,2099.1,0
2022-01-23 20:24:02,5,60,19.6,83,5.8,1041.2,0.0,0.0,5,2099.1,0
2022-01-23 20:29:02,5,60,19.6,83,5.8,1041.2,0.0,0.0,5,2099.1,0
2022-01-23 20:34:02,5,60,19.6,83,5.8,1041.1,0.0,0.7,5,2099.1,0
2022-01-23 20:39:02,5,60,19.6,82,5.9,1040.9,0.0,0.0,5,2099.1,0
2022-01-23 20:44:02,5,59,19.6,81,5.9,1041.0,0.0,0.0,5,2099.1,0
2022-01-23 20:49:02,5,59,19.6,81,5.8,1041.0,0.0,0.0,5,2099.1,0
2022-01-23 20:54:02,5,59,19.6,81,5.8,1041.2,0.0,0.0,5,2099.1,0
2022-01-23 20:59:02,5,59,19.6,81,5.8,1041.1,0.0,0.0,5,2099.1,0
2022-01-23 21:04:02,5,59,19.5,82,5.8,1041.2,0.0,0.0,5,2099.1,0
2022-01-23 21:09:02,5,59,19.5,82,5.8,1040.9,0.0,0.0,5,2099.1,0
2022-01-23 21:14:02,5,59,19.5,83,5.8,1041.1,0.0,0.0,5,2099.1,0
2022-01-23 21:19:02,5,58,19.4,83,5.7,1041.1,0.0,0.0,5,2099.1,0
2022-01-23 21:24:02,5,58,19.4,82,5.7,1041.1,0.0,0.0,5,2099.1,0
2022-01-23 21:29:02,5,59,19.3,82,5.8,1041.1,0.0,0.0,5,2099.1,0
2022-01-23 21:34:02,5,58,19.3,82,5.7,1041.3,0.0,0.0,5,2099.1,0
2022-01-23 21:39:02,5,58,19.3,83,5.8,1041.3,0.0,0.0,5,2099.1,0
2022-01-23 21:44:02,5,58,19.2,83,5.6,1041.3,0.0,0.0,5,2099.1,0
2022-01-23 21:49:02,5,58,19.2,82,5.8,1041.2,0.0,0.0,5,2099.1,0
2022-01-23 21:54:02,5,58,19.1,83,5.7,1041.2,0.0,0.0,5,2099.1,0
2022-01-23 21:59:02,5,58,19.1,82,5.7,1041.2,0.0,0.0,5,2099.1,0
2022-01-23 22:04:02,5,59,19.1,82,5.7,1041.4,0.0,0.0,5,2099.1,0
2022-01-23 22:09:02,5,59,19.1,82,5.7,1041.4,0.0,0.0,5,2099.1,0
2022-01-23 22:14:02,5,59,19.0,82,5.6,1041.5,0.0,0.0,6,2099.1,0
2022-01-23 22:19:02,5,59,19.0,82,5.6,1041.6,0.0,0.0,6,2099.1,0
2022-01-23 22:24:02,5,59,19.0,83,5.5,1041.5,0.0,0.0,6,2099.1,0
2022-01-23 22:29:02,5,60,18.8,83,5.6,1041.6,0.0,0.0,6,2099.1,0
2022-01-23 22:34:02,5,61,18.8,83,5.6,1041.6,0.0,0.0,6,2099.1,0
2022-01-23 22:39:02,5,61,18.8,83,5.6,1041.6,0.0,0.0,6,2099.1,0
2022-01-23 22:44:02,5,61,18.7,83,5.5,1041.7,0.0,0.0,6,2099.1,0
2022-01-23 22:49:02,5,61,18.7,83,5.5,1041.6,0.0,0.0,6,2099.1,0
2022-01-23 22:54:02,5,61,18.6,83,5.6,1041.8,0.0,0.0,6,2099.1,0
2022-01-23 22:59:02,5,62,18.6,83,5.6,1041.8,0.0,0.0,6,2099.1,0
2022-01-23 23:04:02,5,61,18.6,83,5.7,1041.9,0.0,0.0,6,2099.1,0
2022-01-23 23:09:02,5,60,18.6,82,5.7,1042.0,0,0,6,2099.1,0
2022-01-23 23:14:02,5,61,18.5,83,5.7,1042.0,0,0,6,2099.1,0
2022-01-23 23:19:02,5,61,18.5,83,5.7,1041.9,0,0,6,2099.1,0
2022-01-23 23:24:02,5,61,18.4,84,5.6,1042.0,0,0,6,2099.1,0
2022-01-23 23:29:02,5,61,18.4,84,5.6,1042.0,0,0,6,2099.1,0
2022-01-23 23:34:02,5,61,18.4,84,5.6,1042.0,0,0,6,2099.1,0
2022-01-23 23:39:02,5,61,18.3,85,5.5,1042.0,0,0,6,2099.1,0
2022-01-23 23:44:02,5,61,18.3,84,5.5,1042.1,0,0,6,2099.1,0
2022-01-23 23:49:02,5,61,18.3,84,5.5,1042.2,0,0,6,2099.1,0
2022-01-23 23:54:02,5,61,18.1,84,5.5,1042.3,0,0,6,2099.1,0
2022-01-23 23:59:02,5,61,18.1,84,5.6,1042.3,0,0,6,2099.1,0
