2024-06-02 00:01:01,5,63,20.8,88,13.5,1028.0,1.0,2.7,13,5039.1,0
2024-06-02 00:06:01,5,63,20.7,88,13.5,1028.0,1.0,2.7,13,5039.1,0
2024-06-02 00:11:01,5,62,20.7,87,13.4,1028.1,1.4,2.7,0,5039.1,0
2024-06-02 00:16:01,5,62,20.7,87,13.4,1028.1,1.0,2.0,3,5039.1,0
2024-06-02 00:21:01,5,62,20.6,86,13.4,1028.1,0.7,1.7,13,5039.1,0
2024-06-02 00:26:01,5,62,20.6,87,13.4,1028.1,1.0,2.0,15,5039.1,0
2024-06-02 00:31:01,5,61,20.6,86,13.3,1028.2,1.4,2.7,15,5039.1,0
2024-06-02 00:36:01,5,61,20.6,86,13.3,1028.3,0.7,1.7,2,5039.1,0
2024-06-02 00:41:01,5,61,20.5,86,13.3,1028.3,1.4,2.7,14,5039.1,0
2024-06-02 00:46:01,5,61,20.5,86,13.3,1028.2,1.0,2.0,15,5039.1,0
2024-06-02 00:51:01,5,61,20.5,86,13.3,1028.3,0.3,1.0,5,5039.1,0
2024-06-02 00:56:01,5,61,20.5,86,13.3,1028.3,0.0,0.7,15,5039.1,0
2024-06-02 01:01:00,5,61,20.5,86,13.2,1028.3,1.0,2.0,0,5039.1,0
2024-06-02 01:06:00,5,61,20.4,86,13.2,1028.3,1.4,3.1,15,5039.1,0
2024-06-02 01:11:00,5,60,20.4,86,13.2,1028.3,1.4,3.1,14,5039.1,0
2024-06-02 01:16:00,5,60,20.4,86,13.2,1028.4,0.7,1.7,13,5039.1,0
2024-06-02 01:21:00,5,60,20.4,86,13.2,1028.4,0.3,0.7,7,5039.1,0
2024-06-02 01:26:00,5,60,20.3,87,13.2,1028.5,0.0,0.0,14,5039.1,0
2024-06-02 01:31:00,5,60,20.3,87,13.2,1028.4,0.3,0.7,2,5039.1,0
2024-06-02 01:36:00,5,60,20.3,87,13.2,1028.5,0.3,1.0,14,5039.1,0
2024-06-02 01:41:00,5,60,20.3,87,13.1,1028.5,0.7,1.7,3,5039.1,0
2024-06-02 01:46:00,5,60,20.3,87,13.2,1028.6,0.3,1.0,13,5039.1,0
2024-06-02 01:51:00,5,60,20.3,87,13.1,1028.7,0.7,1.0,15,5039.1,0
2024-06-02 01:56:00,5,60,20.3,88,13.1,1028.7,1.0,2.0,0,5039.1,0
2024-06-02 02:01:00,5,60,20.3,88,13.1,1028.6,0.7,1.7,3,5039.1,0
2024-06-02 02:06:00,5,60,20.3,88,13.2,1028.6,0.0,0.7,2,5039.1,0
2024-06-02 02:11:00,5,60,20.2,88,13.1,1028.6,0.3,1.0,15,5039.1,0
2024-06-02 02:16:00,5,60,20.2,88,13.1,1028.6,0.3,0.7,1,5039.1,0
2024-06-02 02:21:00,5,60,20.2,88,13.1,1028.5,0.0,0.0,0,5039.1,0
2024-06-02 02:26:00,5,60,20.2,88,13.1,1028.6,0.7,1.0,5,5039.1,0
2024-06-02 02:31:00,5,60,20.1,87,13.1,1028.7,0.7,1.0,14,5039.1,0
2024-06-02 02:36:00,5,60,20.1,87,13.1,1028.6,1.0,1.7,0,5039.1,0
2024-06-02 02:41:00,5,60,20.1,87,13.2,1028.7,0.0,0.7,2,5039.1,0
2024-06-02 02:46:00,5,60,20.1,87,13.1,1028.6,0.3,1.0,15,5039.1,0
2024-06-02 02:51:00,5,60,20.1,87,13.1,1028.7,0.7,2.0,15,5039.1,0
2024-06-02 02:56:00,5,60,20.1,87,13.1,1028.6,0.3,1.0,15,5039.1,0
2024-06-02 03:01:00,5,60,20.1,86,13.1,1028.7,0.3,1.0,4,5039.1,0
2024-06-02 03:06:00,5,60,20.1,86,13.1,1028.7,0.3,1.0,14,5039.1,0
2024-06-02 03:11:00,5,60,20.1,86,13.1,1028.8,0.0,0.7,2,5039.1,0
2024-06-02 03:16:00,5,60,20.0,86,13.1,1028.8,0.0,0.7,0,5039.1,0
2024-06-02 03:21:00,5,60,20.0,86,13.1,1028.8,0.7,2.0,15,5039.1,0
2024-06-02 03:26:00,5,60,20.0,86,13.1,1028.8,0.7,2.0,13,5039.1,0
2024-06-02 03:31:00,5,60,20.0,86,13.1,1028.9,0.3,1.0,0,5039.1,0
2024-06-02 03:36:00,5,60,20.0,86,13.1,1029.0,0.3,1.0,0,5039.1,0
2024-06-02 03:41:00,5,60,20.0,86,13.1,1029.0,0.3,0.7,2,5039.1,0
2024-06-02 03:46:00,5,60,20.0,86,13.1,1029.1,0.7,1.0,0,5039.1,0
2024-06-02 03:51:00,5,60,20.0,87,13.1,1029.0,0.7,1.0,0,5039.1,0
2024-06-02 03:56:00,5,60,20.0,86,13.1,1029.2,0.7,2.0,1,5039.1,0
2024-06-02 04:01:00,5,60,20.0,86,13.2,1029.2,0.7,1.7,0,5039.1,0
2024-06-02 04:06:00,5,61,19.9,86,13.2,1029.1,0.3,0.7,0,5039.1,0
2024-06-02 04:11:00,5,61,19.9,86,13.2,1029.1,0.0,0.0,0,5039.1,0
2024-06-02 04:16:00,5,61,19.8,86,13.2,1029.2,0.3,0.7,2,5039.1,0
2024-06-02 04:21:00,5,61,19.0,86,13.2,1029.2,0.3,1.0,13,5039.1,0
2024-06-02 04:26:00,5,61,19.8,86,13.2,1029.2,0.3,1.0,2,5039.1,0
2024-06-02 04:31:00,5,61,19.0,86,13.2,1029.3,0.3,1.0,0,5039.1,0
2024-06-02 04:36:00,5,61,19.8,87,13.2,1029.3,0.3,1.0,15,5039.1,0
2024-06-02 04:41:00,5,61,19.0,87,13.2,1029.3,0.3,0.7,2,5039.1,0
2024-06-02 04:46:00,5,61,19.8,87,13.3,1029.3,0.0,0.0,2,5039.1,0
2024-06-02 04:51:00,5,61,19.8,86,13.2,1029.4,0.3,0.7,1,5039.1,0
2024-06-02 04:56:00,5,61,19.8,86,13.3,1029.5,0.3,1.0,14,5039.1,0
2024-06-02 05:01:00,5,60,19.0,86,13.3,1029.5,0.3,0.7,15,5039.1,0
2024-06-02 05:06:00,5,61,19.8,86,13.3,1029.6,0.3,0.7,13,5039.1,0
2024-06-02 05:11:00,5,60,19.0,86,13.3,1029.6,0.7,1.7,0,5039.1,0
2024-06-02 05:16:00,5,60,19.0,85,13.4,1029.6,0.3,1.0,12,5039.1,0
2024-06-02 05:21:00,5,60,19.0,85,13.4,1029.7,0.7,1.7,2,5039.1,0
2024-06-02 05:26:00,5,60,19.0,85,13.5,1029.7,0.7,1.0,11,5039.1,0
2024-06-02 05:31:00,5,60,19.1,84,13.6,1029.8,0.3,1.0,0,5039.1,0
2024-06-02 05:36:00,5,60,19.1,84,13.7,1029.7,0.3,0.7,13,5039.1,0
2024-06-02 05:41:00,5,60,19.1,83,13.7,1029.7,1.0,1.7,13,5039.1,0
2024-06-02 05:46:00,5,60,19.1,83,13.6,1029.7,0.7,1.7,15,5039.1,0
2024-06-02 05:51:00,5,60,19.1,83,13.6,1029.7,0.3,1.0,1,5039.1,0
2024-06-02 05:56:00,5,59,19.1,84,13.6,1029.8,0.7,1.0,0,5039.1,0
2024-06-02 06:01:00,5,59,19.1,84,13.6,1029.8,0.3,0.7,0,5039.1,0
2024-06-02 06:06:00,5,59,19.1,84,13.6,1029.8,0.3,0.7,14,5039.1,0
2024-06-02 06:11:00,5,59,19.1,84,13.7,1030.0,0.3,0.7,0,5039.1,0
2024-06-02 06:16:00,5,59,19.1,84,13.8,1029.9,0.0,1.7,13,5039.1,0
2024-06-02 06:21:00,5,59,19.2,83,13.6,1030.0,1.0,1.7,1,5039.1,0
2024-06-02 06:26:00,5,59,19.2,84,13.6,1030.2,0.3,0.7,14,5039.1,0
2024-06-02 06:31:00,5,59,19.2,84,13.6,1030.1,0.3,1.0,13,5039.1,0
2024-06-02 06:36:00,5,59,19.2,84,13.7,1030.2,0.3,1.0,13,5039.1,0
2024-06-02 06:41:00,5,59,19.2,83,13.7,1030.3,0.3,0.7,14,5039.1,0
2024-06-02 06:46:00,5,59,19.2,83,13.7,1030.2,0.0,0.7,0,5039.1,0
2024-06-02 06:51:00,5,59,19.2,83,13.7,1030.2,0.7,1.7,14,5039.1,0
2024-06-02 06:56:00,5,59,19.2,83,13.8,1030.1,0.7,1.0,14,5039.1,0
2024-06-02 07:01:00,5,59,19.2,83,13.8,1030.1,0.3,1.0,14,5039.1,0
2024-06-02 07:06:00,5,59,19.2,83,13.9,1030.2,0.3,0.7,15,5039.1,0
2024-06-02 07:11:00,5,59,19.2,84,13.9,1030.3,0.3,1.0,13,5039.1,0
2024-06-02 07:16:00,5,59,19.2,83,13.8,1030.3,1.0,2.0,14,5039.1,0
2024-06-02 07:21:00,5,59,19.2,83,14.0,1030.1,1.0,3.1,14,5039.1,0
2024-06-02 07:26:00,5,59,19.2,83,14.1,1030.1,0.7,1.0,0,5039.1,0
2024-06-02 07:31:00,5,59,19.3,83,14.2,1030.2,0.3,1.0,14,5039.1,0
2024-06-02 07:36:00,5,59,19.3,83,14.2,1030.2,0.3,0.7,15,5039.1,0
2024-06-02 07:41:00,5,59,19.3,83,14.4,1030.3,0.7,2.0,15,5039.1,0
2024-06-02 07:46:00,5,59,19.3,82,14.4,1030.1,0.3,1.0,14,5039.1,0
2024-06-02 07:51:00,5,60,19.4,82,14.3,1030.1,0.7,1.7,2,5039.1,0
2024-06-02 07:56:00,5,60,19.5,82,14.4,1030.1,1.0,1.7,15,5039.1,0
2024-06-02 08:01:00,5,61,19.6,81,14.4,1030.0,0.7,1.7,15,5039.1,0
2024-06-02 08:06:00,5,61,19.6,80,14.5,1030.0,0.7,2.0,13,5039.1,0
2024-06-02 08:11:00,5,60,20.5,80,14.7,1029.9,0.7,2.0,14,5039.1,0
2024-06-02 08:16:00,5,60,20.5,79,14.8,1029.9,1.0,2.0,14,5039.1,0
2024-06-02 08:21:00,5,60,20.6,79,15.1,1029.8,1.0,2.0,2,5039.1,0
2024-06-02 08:26:00,5,60,20.6,78,15.0,1029.7,1.0,2.7,14,5039.1,0
2024-06-02 08:31:00,5,59,20.7,79,15.3,1029.7,0.7,2.0,2,5039.1,0
2024-06-02 08:36:00,5,59,20.7,79,15.2,1029.6,0.7,2.0,2,5039.1,0
2024-06-02 08:41:00,5,59,20.7,79,15.1,1029.6,0.7,1.0,13,5039.1,0
2024-06-02 08:46:00,5,59,20.7,79,15.1,1029.7,0.7,1.7,13,5039.1,0
2024-06-02 08:51:00,5,58,20.8,80,15.1,1029.6,0.3,1.0,14,5039.1,0
2024-06-02 08:56:00,5,58,20.9,79,15.5,1029.8,0.3,1.0,2,5039.1,0
2024-06-02 09:01:00,5,58,20.9,78,15.3,1029.5,1.7,3.1,14,5039.1,0
2024-06-02 09:06:00,5,58,20.9,79,15.2,1029.5,0.3,1.0,5,5039.1,0
2024-06-02 09:11:00,5,58,20.9,79,15.3,1029.5,0.0,0.7,2,5039.1,0
2024-06-02 09:16:00,5,57,21.0,79,15.3,1029.4,0.3,1.0,14,5039.1,0
2024-06-02 09:21:00,5,57,21.0,79,15.1,1029.6,0.7,1.7,2,5039.1,0
2024-06-02 09:26:00,5,57,20.9,79,15.0,1029.4,0.7,1.7,14,5039.1,0
2024-06-02 09:31:00,5,56,21.0,81,15.0,1029.5,0.0,0.7,14,5039.1,0
2024-06-02 09:36:00,5,56,21.0,80,15.0,1029.5,0.7,1.0,15,5039.1,0
2024-06-02 09:41:00,5,56,21.0,80,15.2,1029.4,0.3,1.0,13,5039.1,0
2024-06-02 09:46:00,5,56,21.0,79,15.4,1029.5,0.7,1.7,14,5039.1,0
2024-06-02 09:51:00,5,56,21.0,79,15.5,1029.5,0.3,1.7,1,5039.1,0
2024-06-02 09:56:00,5,56,21.0,78,15.2,1029.4,0.3,1.7,0,5039.1,0
2024-06-02 10:01:00,5,56,21.0,79,15.3,1029.4,0.7,1.7,13,5039.1,0
2024-06-02 10:06:00,5,56,21.0,78,15.3,1029.4,0.3,1.7,13,5039.1,0
2024-06-02 10:11:00,5,56,21.0,78,15.3,1029.5,0.3,1.0,1,5039.1,0
2024-06-02 10:16:00,5,56,21.0,78,15.4,1029.5,0.7,1.7,3,5039.1,0
2024-06-02 10:21:00,5,56,21.0,77,15.4,1029.3,0.7,1.7,15,5039.1,0
2024-06-02 10:26:00,5,55,21.1,76,15.7,1029.3,0.3,1.7,13,5039.1,0
2024-06-02 10:31:00,5,55,21.1,76,15.5,1029.1,1.4,2.7,3,5039.1,0
2024-06-02 10:36:00,5,55,21.1,75,16.2,1029.3,0.7,1.7,14,5039.1,0
2024-06-02 10:41:00,5,55,21.2,75,16.2,1029.4,0.0,0.7,13,5039.1,0
2024-06-02 10:46:00,5,55,21.2,76,16.0,1029.4,0.7,1.7,14,5039.1,0
2024-06-02 10:51:00,5,55,21.2,74,16.4,1029.3,0.7,2.0,15,5039.1,0
2024-06-02 10:56:00,5,55,21.2,74,16.0,1029.3,1.0,1.7,14,5039.1,0
2024-06-02 11:01:00,5,55,21.2,74,16.3,1029.1,0.3,0.7,1,5039.1,0
2024-06-02 11:06:00,5,55,21.3,73,16.4,1029.1,1.0,2.0,4,5039.1,0
2024-06-02 11:11:00,5,55,21.3,71,16.9,1028.9,0.7,1.0,12,5039.1,0
2024-06-02 11:16:00,5,55,21.4,72,17.0,1028.9,0.3,0.7,15,5039.1,0
2024-06-02 11:21:00,5,55,21.4,71,17.1,1028.9,0.3,1.0,14,5039.1,0
2024-06-02 11:26:00,5,55,21.5,71,17.0,1028.9,0.7,2.0,1,5039.1,0
2024-06-02 11:31:00,5,55,21.5,70,17.2,1028.9,0.7,1.7,2,5039.1,0
2024-06-02 11:36:00,5,55,21.5,69,17.3,1028.8,0.3,1.0,1,5039.1,0
2024-06-02 11:41:00,5,55,21.6,70,17.2,1028.7,0.3,1.0,14,5039.1,0
2024-06-02 11:46:00,5,53,21.6,68,17.9,1028.7,0.3,1.0,0,5039.1,0
2024-06-02 11:51:00,5,53,21.6,69,17.5,1028.6,0.7,1.0,4,5039.1,0
2024-06-02 11:56:00,5,53,21.7,67,17.6,1028.4,0.7,3.1,2,5039.1,0
2024-06-02 12:01:00,5,53,21.7,66,17.8,1028.5,0.7,1.7,1,5039.1,0
2024-06-02 12:06:00,5,53,21.7,68,18.2,1028.5,0.7,1.0,1,5039.1,0
2024-06-02 12:11:00,5,53,21.7,66,17.9,1028.4,0.7,1.0,2,5039.1,0
2024-06-02 12:16:00,5,53,21.7,64,18.2,1028.4,1.0,3.1,0,5039.1,0
2024-06-02 12:21:00,5,53,21.7,65,18.3,1028.4,0.7,1.7,1,5039.1,0
2024-06-02 12:26:00,5,53,21.7,65,18.4,1028.3,0.7,2.7,0,5039.1,0
2024-06-02 12:31:00,5,52,21.7,67,17.9,1028.2,0.7,2.0,3,5039.1,0
2024-06-02 12:36:00,5,52,21.7,65,18.9,1028.2,0.7,1.0,15,5039.1,0
2024-06-02 12:41:00,5,52,21.7,63,19.0,1028.2,0.7,1.7,12,5039.1,0
2024-06-02 12:46:00,5,52,21.7,65,18.1,1028.2,1.0,2.7,0,5039.1,0
2024-06-02 12:51:00,5,52,21.7,64,18.1,1028.2,1.4,2.7,15,5039.1,0
2024-06-02 12:56:00,5,52,21.7,67,17.7,1028.2,0.7,1.7,3,5039.1,0
2024-06-02 13:01:00,5,52,21.7,66,17.9,1028.3,0.7,2.0,4,5039.1,0
2024-06-02 13:06:00,5,52,21.7,66,17.8,1028.2,1.0,2.0,15,5039.1,0
2024-06-02 13:11:00,5,52,21.7,66,18.3,1028.2,0.7,1.7,15,5039.1,0
2024-06-02 13:16:00,5,52,21.7,64,19.2,1028.3,0.7,1.0,14,5039.1,0
2024-06-02 13:21:00,5,52,21.7,65,18.1,1028.2,0.7,1.0,9,5039.1,0
2024-06-02 13:26:00,5,52,21.7,66,18.2,1028.3,0.7,1.7,14,5039.1,0
2024-06-02 13:31:00,5,52,21.7,65,18.2,1028.2,0.7,1.0,15,5039.1,0
2024-06-02 13:36:00,5,52,21.7,65,18.7,1028.3,0.7,1.7,2,5039.1,0
2024-06-02 13:41:00,5,52,21.7,63,19.0,1028.2,0.3,1.0,5,5039.1,0
2024-06-02 13:46:00,5,52,21.7,66,18.6,1028.3,1.0,3.1,14,5039.1,0
2024-06-02 13:51:00,5,52,21.7,65,18.4,1028.2,1.0,2.0,12,5039.1,0
2024-06-02 13:56:00,5,52,21.7,65,18.2,1028.2,1.0,1.7,0,5039.1,0
2024-06-02 14:01:00,5,52,21.8,65,18.7,1028.1,0.7,1.7,14,5039.1,0
2024-06-02 14:06:00,5,52,21.8,63,18.8,1028.0,1.0,2.0,1,5039.1,0
2024-06-02 14:11:00,5,52,21.8,64,18.1,1028.1,1.4,2.7,1,5039.1,0
2024-06-02 14:16:00,5,52,21.8,64,18.9,1027.9,0.7,1.7,15,5039.1,0
2024-06-02 14:21:00,5,52,21.8,63,19.1,1028.0,0.7,1.7,4,5039.1,0
2024-06-02 14:26:00,5,52,21.9,63,19.0,1027.9,0.3,1.7,1,5039.1,0
2024-06-02 14:31:00,5,52,21.9,64,18.7,1028.0,1.0,1.7,15,5039.1,0
2024-06-02 14:36:00,5,52,21.9,63,19.1,1028.0,1.0,1.7,3,5039.1,0
2024-06-02 14:41:00,5,52,21.9,64,18.3,1028.0,1.4,2.0,15,5039.1,0
2024-06-02 14:46:00,5,52,21.9,64,18.2,1027.8,0.7,2.0,2,5039.1,0
2024-06-02 14:51:00,5,52,21.9,62,18.6,1027.7,1.0,2.0,4,5039.1,0
2024-06-02 14:56:00,5,52,21.9,64,18.6,1027.7,1.0,2.0,1,5039.1,0
2024-06-02 15:01:00,5,52,21.9,65,17.8,1027.7,1.0,1.7,13,5039.1,0
2024-06-02 15:06:00,5,51,22.0,66,17.9,1027.6,0.7,1.7,2,5039.1,0
2024-06-02 15:11:00,5,51,22.0,66,17.8,1027.6,0.7,1.0,15,5039.1,0
2024-06-02 15:16:00,5,51,22.1,66,18.4,1027.5,0.7,1.7,0,5039.1,0
2024-06-02 15:21:00,5,51,22.1,65,18.4,1027.5,0.7,1.7,15,5039.1,0
2024-06-02 15:26:00,5,51,22.1,65,18.2,1027.5,0.7,2.0,3,5039.1,0
2024-06-02 15:31:00,5,51,22.1,66,18.2,1027.5,0.7,1.7,5,5039.1,0
2024-06-02 15:36:00,5,51,22.2,65,17.9,1027.3,1.0,3.1,4,5039.1,0
2024-06-02 15:41:00,5,51,22.2,67,17.3,1027.4,1.4,2.0,13,5039.1,0
2024-06-02 15:46:00,5,51,22.2,67,17.5,1027.2,0.3,1.0,6,5039.1,0
2024-06-02 15:51:00,5,50,22.2,66,17.4,1027.4,0.7,1.0,0,5039.1,0
2024-06-02 15:56:00,5,49,22.2,68,17.2,1027.3,0.7,1.0,0,5039.1,0
2024-06-02 16:01:00,5,49,22.2,67,17.7,1027.2,0.3,0.7,3,5039.1,0
2024-06-02 16:06:00,5,49,22.2,69,16.8,1027.3,1.7,3.1,14,5039.1,0
2024-06-02 16:11:00,5,50,22.2,68,17.0,1027.4,1.4,2.7,11,5039.1,0
2024-06-02 16:16:00,5,50,22.2,69,16.6,1027.2,1.0,1.7,6,5039.1,0
2024-06-02 16:21:00,5,50,22.2,70,16.8,1027.2,0.7,2.0,4,5039.1,0
2024-06-02 16:26:00,5,50,22.3,70,16.1,1027.2,0.7,2.0,13,5039.1,0
2024-06-02 16:31:00,5,50,22.3,71,16.2,1027.2,0.7,1.7,2,5039.1,0
2024-06-02 16:36:00,5,50,22.3,71,16.4,1027.2,0.0,0.0,15,5039.1,0
2024-06-02 16:41:00,5,50,22.3,70,16.0,1027.1,1.0,2.0,14,5039.1,0
2024-06-02 16:46:00,5,50,22.3,71,16.0,1027.0,1.0,2.0,15,5039.1,0
2024-06-02 16:51:00,5,50,22.4,71,16.2,1026.9,0.3,1.0,14,5039.1,0
2024-06-02 16:56:00,5,50,22.4,72,15.7,1026.9,0.7,1.0,13,5039.1,0
2024-06-02 17:01:00,5,50,22.5,71,15.5,1026.9,1.0,3.7,13,5039.1,0
2024-06-02 17:06:00,5,50,22.6,71,15.7,1027.1,0.3,1.0,15,5039.1,0
2024-06-02 17:11:00,5,50,22.6,72,15.3,1027.0,1.0,2.7,14,5039.1,0
2024-06-02 17:16:00,5,50,22.6,72,15.2,1027.0,0.3,1.7,14,5039.1,0
2024-06-02 17:21:00,5,50,22.6,73,15.2,1026.9,0.3,1.0,2,5039.1,0
2024-06-02 17:26:00,5,50,22.6,73,15.2,1027.1,1.0,1.7,15,5039.1,0
2024-06-02 17:31:00,5,50,22.7,73,14.7,1026.9,1.0,1.7,0,5039.1,0
2024-06-02 17:36:00,5,50,22.7,74,14.5,1027.0,1.0,1.7,4,5039.1,0
2024-06-02 17:41:00,5,50,22.7,75,14.4,1027.0,0.7,1.7,0,5039.1,0
2024-06-02 17:46:00,5,50,22.6,75,14.4,1027.1,1.0,2.7,2,5039.1,0
2024-06-02 17:51:00,5,50,22.6,74,14.3,1027.2,1.0,2.0,11,5039.1,0
2024-06-02 17:56:00,5,50,22.6,74,14.3,1027.2,0.7,1.0,0,5039.1,0
2024-06-02 18:01:00,5,50,22.5,74,14.4,1027.2,0.0,1.0,3,5039.1,0
2024-06-02 18:06:00,5,50,22.5,74,14.3,1027.3,0.3,1.0,15,5039.1,0
2024-06-02 18:11:00,5,50,22.4,75,14.2,1027.4,0.3,1.0,1,5039.1,0
2024-06-02 18:16:00,5,50,22.3,75,14.2,1027.5,1.0,2.0,2,5039.1,0
2024-06-02 18:21:00,5,50,22.3,75,14.3,1027.6,0.3,1.0,5,5039.1,0
2024-06-02 18:26:00,5,50,22.2,74,14.1,1027.7,1.0,2.0,0,5039.1,0
2024-06-02 18:31:00,5,50,22.2,75,13.9,1027.7,1.0,2.0,1,5039.1,0
2024-06-02 18:36:00,5,50,22.1,75,13.8,1027.7,0.7,1.0,1,5039.1,0
2024-06-02 18:41:00,5,50,22.1,76,13.7,1027.8,1.0,1.7,1,5039.1,0
2024-06-02 18:46:00,5,50,22.0,76,13.7,1028.0,0.3,1.0,1,5039.1,0
2024-06-02 18:51:00,5,51,21.9,77,13.9,1027.8,0.0,0.7,0,5039.1,0
2024-06-02 18:56:00,5,51,21.9,76,13.9,1027.9,1.0,2.0,15,5039.1,0
2024-06-02 19:01:00,5,51,21.8,76,13.9,1028.0,0.7,1.0,14,5039.1,0
2024-06-02 19:06:00,5,51,21.8,75,13.9,1027.9,0.3,0.7,12,5039.1,0
2024-06-02 19:11:00,5,51,21.7,75,13.9,1028.0,0.3,0.7,15,5039.1,0
2024-06-02 19:16:00,5,51,21.7,75,14.0,1028.0,0.3,1.0,2,5039.1,0
2024-06-02 19:21:00,5,51,21.7,76,14.1,1028.2,0.3,1.0,2,5039.1,0
2024-06-02 19:26:00,5,51,21.6,75,14.0,1028.2,0.0,0.7,0,5039.1,0
2024-06-02 19:31:00,5,51,21.5,76,13.9,1028.3,0.3,1.0,15,5039.1,0
2024-06-02 19:36:00,5,51,21.5,76,13.9,1028.4,0.3,1.0,1,5039.1,0
2024-06-02 19:41:00,5,51,21.5,76,13.9,1028.4,0.3,1.0,3,5039.1,0
2024-06-02 19:46:00,5,51,21.5,77,13.9,1028.5,0.7,1.0,15,5039.1,0
2024-06-02 19:51:00,5,51,21.4,77,13.9,1028.6,0.0,0.7,14,5039.1,0
2024-06-02 19:56:00,5,51,21.3,77,13.9,1028.6,0.3,1.0,15,5039.1,0
2024-06-02 20:01:00,5,51,21.3,77,13.9,1028.8,0.0,0.0,0,5039.1,0
2024-06-02 20:06:00,5,51,21.3,78,13.8,1028.8,0.3,0.7,0,5039.1,0
2024-06-02 20:11:00,5,51,21.3,76,13.7,1028.7,0.3,0.7,14,5039.1,0
2024-06-02 20:16:00,5,51,21.3,76,13.8,1028.8,0.7,1.0,5,5039.1,0
2024-06-02 20:21:00,5,51,21.2,76,13.8,1028.8,0.3,1.0,0,5039.1,0
2024-06-02 20:26:00,5,51,21.2,77,13.8,1028.6,0.3,1.0,3,5039.1,0
2024-06-02 20:31:00,5,51,21.2,78,13.8,1028.8,0.0,1.0,3,5039.1,0
2024-06-02 20:36:00,5,51,21.2,78,13.8,1028.7,0.7,1.0,1,5039.1,0
2024-06-02 20:41:00,5,52,21.2,78,13.7,1028.6,0.7,1.0,12,5039.1,0
2024-06-02 20:46:00,5,52,21.2,79,13.7,1028.6,0.7,1.7,14,5039.1,0
2024-06-02 20:51:00,5,52,21.2,79,13.6,1028.7,0.0,0.0,14,5039.1,0
2024-06-02 20:56:00,5,52,21.1,79,13.6,1028.8,0.7,1.7,0,5039.1,0
2024-06-02 21:01:00,5,52,21.1,79,13.6,1028.8,0.0,0.0,0,5039.1,0
2024-06-02 21:06:00,5,52,21.1,80,13.5,1028.6,0.0,0.7,0,5039.1,0
2024-06-02 21:11:00,5,52,21.1,80,13.4,1028.6,0.7,1.0,15,5039.1,0
2024-06-02 21:16:00,5,52,21.1,80,13.4,1028.7,0.0,1.0,0,5039.1,0
2024-06-02 21:21:00,5,52,21.1,79,13.4,1028.7,0.7,1.7,2,5039.1,0
2024-06-02 21:26:00,5,52,21.1,78,13.4,1028.6,0.3,1.0,2,5039.1,0
2024-06-02 21:31:00,5,52,21.1,78,13.4,1028.7,0.3,1.0,0,5039.1,0
2024-06-02 21:36:00,5,52,21.1,78,13.4,1028.7,0.7,1.7,2,5039.1,0
2024-06-02 21:41:00,5,52,21.0,78,13.4,1028.5,0.3,1.0,15,5039.1,0
2024-06-02 21:46:00,5,52,21.0,78,13.4,1028.6,0.0,0.7,14,5039.1,0
2024-06-02 21:51:00,5,52,21.0,78,13.3,1028.5,0.3,1.0,14,5039.1,0
2024-06-02 21:56:00,5,52,21.0,78,13.3,1028.5,0.3,1.0,14,5039.1,0
2024-06-02 22:01:00,5,52,21.0,78,13.2,1028.6,0.0,0.0,1,5039.1,0
2024-06-02 22:06:00,5,52,21.0,77,13.2,1028.5,0.3,0.7,13,5039.1,0
2024-06-02 22:11:00,5,53,20.9,78,13.2,1028.6,0.0,0.0,2,5039.1,0
2024-06-02 22:16:00,5,52,20.9,78,13.3,1028.6,0.0,0.0,1,5039.1,0
2024-06-02 22:21:00,5,53,20.9,78,13.2,1028.7,0.0,0.7,14,5039.1,0
2024-06-02 22:26:00,5,53,20.9,79,13.2,1028.6,0.0,0.0,14,5039.1,0
2024-06-02 22:31:00,5,53,20.9,79,13.2,1028.6,0.3,0.7,2,5039.1,0
2024-06-02 22:36:00,5,53,20.9,79,13.1,1028.4,0.7,1.7,1,5039.1,0
2024-06-02 22:41:00,5,53,20.8,80,13.1,1028.3,0.0,0.7,14,5039.1,0
2024-06-02 22:46:00,5,53,20.8,79,13.0,1028.2,0.0,0.0,14,5039.1,0
2024-06-02 22:51:00,5,53,20.8,80,12.8,1028.4,0.3,1.0,14,5039.1,0
2024-06-02 22:56:00,5,53,20.8,80,12.7,1028.3,0.0,0.0,15,5039.1,0
2024-06-02 23:01:00,5,53,20.7,80,12.4,1028.2,0.0,0.0,15,5039.1,0
2024-06-02 23:06:00,5,53,20.7,81,12.3,1028.3,0,0,15,5039.1,0
2024-06-02 23:11:00,5,53,20.7,81,12.2,1028.3,0,0,15,5039.1,0
2024-06-02 23:16:00,5,53,20.7,82,12.0,1028.2,0,0,15,5039.1,0
2024-06-02 23:21:00,5,52,20.7,82,11.9,1028.2,0,0,14,5039.1,0
2024-06-02 23:26:00,5,53,20.6,83,11.9,1028.1,0,0,14,5039.1,0
2024-06-02 23:31:00,5,53,20.6,84,11.7,1028.2,0,0,13,5039.1,0
2024-06-02 23:36:00,5,53,20.6,85,11.5,1028.1,0,0,13,5039.1,0
2024-06-02 23:41:00,5,53,20.6,86,11.3,1028.1,0,0,13,5039.1,0
2024-06-02 23:46:00,5,53,20.5,87,11.2,1028.1,0,0,13,5039.1,0
2024-06-02 23:51:00,5,53,20.5,88,11.0,1028.2,0,0,13,5039.1,0
2024-06-02 23:56:00,5,53,20.5,88,10.9,1028.1,0,0,13,5039.1,0
