2022-04-07 00:00:02,5,60,18.3,87,9.9,997.6,1.0,1.7,14,2316.9,0
2022-04-07 00:06:02,6,60,18.2,87,9.9,997.3,1.0,1.7,14,2316.9,0
2022-04-07 00:11:02,5,60,18.1,86,10.0,997.4,1.4,3.1,8,2316.9,0
2022-04-07 00:16:02,5,60,18.1,86,10.0,997.4,2.0,3.7,7,2316.9,0
2022-04-07 00:21:02,5,59,18.0,86,10.1,997.4,2.0,3.7,14,2316.9,0
2022-04-07 00:26:02,5,60,18.0,87,9.9,997.3,1.7,3.1,9,2316.9,0
2022-04-07 00:31:01,5,60,18.0,88,9.8,997.4,2.4,3.7,8,2316.9,0
2022-04-07 00:36:01,5,60,17.9,89,9.6,997.4,2.0,3.7,8,2316.9,0
2022-04-07 00:41:01,5,60,17.9,90,9.5,997.2,1.0,1.7,12,2316.9,0
2022-04-07 00:46:01,5,60,17.9,90,9.4,997.3,2.0,3.7,7,2316.9,0
2022-04-07 00:51:01,5,60,17.8,91,9.3,997.2,1.4,2.7,10,2317.2,0
2022-04-07 00:56:01,5,60,17.8,92,9.2,997.1,1.7,3.7,10,2317.5,0
2022-04-07 01:01:01,5,60,17.8,93,9.1,996.9,1.7,3.1,12,2318.1,0
2022-04-07 01:06:01,5,60,17.7,93,9.0,996.9,1.0,2.0,6,2318.4,0
2022-04-07 01:11:01,5,60,17.7,94,9.0,996.9,2.4,5.8,7,2318.4,0
2022-04-07 01:16:01,5,60,17.7,93,9.0,996.6,1.7,3.1,10,2318.4,0
2022-04-07 01:21:01,5,60,17.7,92,9.2,996.8,2.4,4.1,6,2318.4,0
2022-04-07 01:26:01,5,60,17.6,91,9.4,996.5,1.7,5.1,8,2318.4,0
2022-04-07 01:31:01,5,60,17.6,90,9.4,996.4,2.0,4.8,10,2318.4,0
2022-04-07 01:36:01,5,60,17.6,90,9.5,996.4,1.7,4.1,8,2318.4,0
2022-04-07 01:41:01,5,59,17.5,90,9.5,996.4,1.4,2.0,12,2318.4,0
2022-04-07 01:46:01,5,60,17.5,89,9.5,996.2,2.0,3.7,6,2318.4,0
2022-04-07 01:51:01,5,60,17.5,89,9.6,996.0,1.4,2.7,7,2318.4,0
2022-04-07 01:56:01,5,59,17.5,89,9.5,996.0,2.0,6.1,8,2318.4,0
2022-04-07 02:01:01,5,59,17.4,89,9.6,996.1,3.7,6.1,10,2318.4,0
2022-04-07 02:06:01,5,59,17.4,88,9.7,996.0,1.7,3.7,7,2318.4,0
2022-04-07 02:11:01,5,59,17.4,89,9.6,995.8,2.0,3.1,11,2318.4,0
2022-04-07 02:16:01,5,59,17.4,89,9.6,995.9,2.7,6.8,5,2318.4,0
2022-04-07 02:21:01,5,59,17.3,88,9.6,995.8,1.4,2.7,12,2318.4,0
2022-04-07 02:26:01,5,59,17.3,88,9.6,995.6,2.7,4.8,9,2318.4,0
2022-04-07 02:31:01,5,59,17.3,88,9.6,995.5,1.7,3.1,14,2318.4,0
2022-04-07 02:36:01,5,59,17.3,88,9.7,995.5,2.7,5.1,11,2318.4,0
2022-04-07 02:41:01,5,59,17.3,87,9.7,995.5,1.4,2.7,10,2318.4,0
2022-04-07 02:46:01,5,59,17.3,87,9.7,995.3,2.4,5.1,10,2318.4,0
2022-04-07 02:51:01,5,59,17.3,87,9.7,995.2,2.0,3.7,6,2318.4,0
2022-04-07 02:56:01,5,59,17.2,87,9.8,995.2,2.0,4.1,6,2318.4,0
2022-04-07 03:01:01,5,59,17.2,86,9.8,995.0,2.0,5.1,7,2318.4,0
2022-04-07 03:06:01,5,59,17.1,86,9.9,995.0,1.7,2.7,9,2318.4,0
2022-04-07 03:11:01,5,59,17.1,86,9.9,995.0,1.4,2.7,11,2318.4,0
2022-04-07 03:16:01,5,59,17.1,87,9.8,995.0,1.4,2.7,7,2318.4,0
2022-04-07 03:21:01,5,59,17.1,89,9.6,994.8,1.7,3.7,8,2318.4,0
2022-04-07 03:26:01,5,59,17.1,90,9.4,994.6,2.0,3.1,9,2318.4,0
2022-04-07 03:31:01,5,59,17.1,90,9.4,994.5,1.0,2.7,6,2318.7,0
2022-04-07 03:36:01,5,59,17.1,91,9.3,994.4,1.4,3.7,1,2318.7,0
2022-04-07 03:41:01,5,59,17.1,90,9.4,994.3,1.0,2.0,7,2318.7,0
2022-04-07 03:46:01,5,59,17.0,89,9.5,994.2,2.4,4.8,7,2318.7,0
2022-04-07 03:51:01,5,59,17.0,89,9.4,993.8,1.4,3.1,11,2318.7,0
2022-04-07 03:56:01,5,59,17.0,89,9.5,993.6,2.0,4.1,10,2318.7,0
2022-04-07 04:01:01,5,59,17.0,87,9.6,993.4,1.0,2.7,11,2318.7,0
2022-04-07 04:06:01,5,59,17.0,86,9.7,993.2,2.4,3.7,7,2318.7,0
2022-04-07 04:11:01,5,59,17.0,85,9.8,993.2,3.1,5.8,4,2318.7,0
2022-04-07 04:16:01,5,59,16.9,85,9.8,993.1,1.4,3.1,7,2318.7,0
2022-04-07 04:21:01,5,59,16.9,85,9.8,992.8,1.0,2.7,1,2319.0,0
2022-04-07 04:26:01,5,59,16.9,86,9.7,992.9,2.7,4.1,11,2319.0,0
2022-04-07 04:31:01,5,59,16.9,85,9.7,992.6,1.7,2.7,9,2319.0,0
2022-04-07 04:36:01,5,59,16.9,86,9.6,992.4,2.0,3.7,7,2319.0,0
2022-04-07 04:41:01,5,59,16.9,86,9.6,992.3,2.4,4.8,10,2319.3,0
2022-04-07 04:46:01,5,59,16.9,87,9.6,992.1,2.4,4.1,8,2319.3,0
2022-04-07 04:51:01,5,59,16.8,88,9.4,992.1,1.7,3.7,9,2319.3,0
2022-04-07 04:56:01,5,59,16.8,89,9.2,992.0,1.7,3.1,10,2319.3,0
2022-04-07 05:01:01,5,59,16.8,90,9.1,991.9,1.4,2.7,14,2319.3,0
2022-04-07 05:06:01,5,59,16.8,91,9.1,991.8,2.4,4.1,13,2319.6,0
2022-04-07 05:11:01,5,59,16.8,91,9.1,991.7,2.0,3.1,10,2319.6,0
2022-04-07 05:16:01,5,60,16.7,91,9.1,991.6,2.4,3.7,12,2319.6,0
2022-04-07 05:21:01,5,59,16.7,91,9.1,991.6,1.7,3.7,9,2319.6,0
2022-04-07 05:26:01,5,60,16.7,91,9.1,991.4,1.7,3.1,11,2319.9,0
2022-04-07 05:31:01,5,60,16.7,91,9.1,991.1,2.7,5.1,7,2319.9,0
2022-04-07 05:36:01,5,60,16.7,91,9.2,991.0,1.4,2.7,1,2319.9,0
2022-04-07 05:41:01,5,60,16.7,91,9.1,991.1,2.4,4.1,9,2319.9,0
2022-04-07 05:46:01,5,60,16.6,92,9.1,991.1,1.4,2.7,9,2320.2,0
2022-04-07 05:51:01,5,60,16.6,92,9.0,991.0,1.7,3.1,14,2320.5,0
2022-04-07 05:56:01,5,60,16.6,92,9.1,990.9,1.4,2.7,3,2321.1,0
2022-04-07 06:01:01,5,60,16.6,92,9.0,990.9,1.7,2.7,10,2321.7,0
2022-04-07 06:06:01,5,60,16.6,92,9.0,990.8,1.7,3.7,9,2321.7,0
2022-04-07 06:11:01,5,60,16.6,91,7.6,992.4,2.7,5.1,2,2322.0,0
2022-04-07 06:16:01,5,62,16.6,93,5.4,992.0,1.4,3.1,6,2324.7,0
2022-04-07 06:21:01,5,62,16.6,95,5.4,992.1,1.0,2.7,4,2326.5,0
2022-04-07 06:26:01,5,62,16.7,95,5.4,991.9,1.4,2.7,6,2326.8,0
2022-04-07 06:31:01,5,62,16.7,96,5.4,991.7,0.3,1.0,4,2327.1,0
2022-04-07 06:36:01,5,62,16.7,96,5.5,991.7,0.3,1.0,6,2327.4,0
2022-04-07 06:41:01,5,63,16.8,96,5.7,991.6,0.3,0.7,7,2327.7,0
2022-04-07 06:46:01,5,62,17.0,96,5.8,991.4,0.3,0.7,5,2328.0,0
2022-04-07 06:51:01,5,63,17.3,96,5.9,991.2,0.3,1.0,4,2328.3,0
2022-04-07 06:56:01,5,63,17.6,96,6.0,990.8,0.7,1.7,4,2328.6,0
2022-04-07 07:01:01,5,63,18.0,96,6.1,990.3,0.0,0.7,4,2328.9,0
2022-04-07 07:06:01,5,62,18.4,96,6.2,989.7,0.3,1.0,2,2329.5,0
2022-04-07 07:11:01,5,61,18.7,96,6.1,989.2,0.3,1.0,8,2329.8,0
2022-04-07 07:16:01,5,59,19.0,96,6.1,988.5,0.3,0.7,7,2330.4,0
2022-04-07 07:21:01,5,58,19.2,96,6.1,988.6,0.3,1.7,1,2331.0,0
2022-04-07 07:26:01,5,58,19.5,96,6.2,988.6,0.3,0.7,3,2331.6,0
2022-04-07 07:31:01,5,57,20.4,96,6.2,988.4,0.7,1.7,7,2331.6,0
2022-04-07 07:36:01,5,56,20.5,96,6.2,988.0,0.3,1.0,8,2331.9,0
2022-04-07 07:41:01,5,54,20.6,96,6.2,987.5,1.7,4.8,9,2332.2,0
2022-04-07 07:46:01,5,54,20.6,96,6.3,987.3,1.0,1.7,0,2332.2,0
2022-04-07 07:51:01,5,54,20.6,96,6.5,987.3,1.0,2.0,7,2332.2,0
2022-04-07 07:56:01,5,54,20.6,96,6.7,987.2,1.0,2.0,10,2332.2,0
2022-04-07 08:01:01,5,54,20.6,96,6.9,987.2,1.0,2.0,7,2332.2,0
2022-04-07 08:06:01,5,54,20.6,96,7.1,987.3,0.7,1.0,11,2332.2,0
2022-04-07 08:11:01,5,54,20.6,95,7.2,987.3,1.4,2.7,5,2332.2,0
2022-04-07 08:16:01,5,54,20.7,95,7.4,987.3,1.7,4.1,10,2332.2,0
2022-04-07 08:22:01,6,55,20.9,94,8.1,987.0,1.4,2.0,11,2332.2,0
2022-04-07 08:27:01,5,54,21.1,93,7.9,986.9,1.4,2.7,7,2332.2,0
2022-04-07 08:32:01,5,52,21.3,93,8.2,986.7,1.4,2.7,8,2332.2,0
2022-04-07 08:37:01,5,52,21.4,91,8.4,986.8,2.4,4.8,9,2332.2,0
2022-04-07 08:42:01,5,52,21.6,90,8.8,986.7,2.0,5.1,8,2332.2,0
2022-04-07 08:47:01,5,52,21.6,89,9.0,986.8,0.7,2.0,8,2332.2,0
2022-04-07 08:52:01,5,52,21.7,88,9.0,986.7,2.0,3.7,10,2332.2,0
2022-04-07 08:57:01,5,51,21.7,86,9.1,986.6,2.7,5.1,9,2332.2,0
2022-04-07 09:02:01,5,51,21.6,86,9.5,986.8,2.0,3.7,7,2332.2,0
2022-04-07 09:07:01,5,51,21.6,83,9.5,986.8,2.0,4.1,15,2332.2,0
2022-04-07 09:12:01,5,51,21.7,81,9.9,986.7,2.0,4.1,6,2332.2,0
2022-04-07 09:17:01,5,51,21.7,81,10.1,986.7,2.7,7.1,12,2332.2,0
2022-04-07 09:22:01,5,51,21.8,78,10.6,986.6,2.4,5.1,9,2332.2,0
2022-04-07 09:27:01,5,51,21.8,78,10.2,986.8,2.4,4.8,5,2332.2,0
2022-04-07 09:32:01,5,51,21.9,79,10.5,986.8,2.0,3.7,6,2332.2,0
2022-04-07 09:37:01,5,51,21.9,77,10.1,986.9,3.1,5.1,6,2332.2,0
2022-04-07 09:42:01,5,51,21.9,76,10.4,986.8,1.7,4.8,9,2332.2,0
2022-04-07 09:47:01,5,51,21.9,76,10.4,987.0,2.0,4.1,6,2332.2,0
2022-04-07 09:52:01,5,51,21.9,74,10.6,987.0,3.1,5.1,5,2332.2,0
2022-04-07 09:57:01,5,50,21.9,76,10.5,987.2,1.7,4.8,6,2332.2,0
2022-04-07 10:02:01,5,51,21.8,75,10.4,987.3,1.7,2.0,7,2332.2,0
2022-04-07 10:07:01,5,51,21.8,75,10.1,987.4,1.4,2.0,11,2332.2,0
2022-04-07 10:12:01,5,50,21.8,75,10.0,987.5,2.0,4.8,11,2332.2,0
2022-04-07 10:17:01,5,51,21.7,74,10.0,987.6,3.1,6.8,3,2332.2,0
2022-04-07 10:22:01,5,51,21.7,75,10.0,987.7,2.4,3.7,7,2332.2,0
2022-04-07 10:27:01,5,51,21.7,75,10.0,987.7,1.7,3.1,4,2332.2,0
2022-04-07 10:32:01,5,51,21.6,74,10.0,988.0,2.7,5.1,3,2332.2,0
2022-04-07 10:37:01,5,51,21.6,73,10.0,988.0,3.1,6.8,7,2332.2,0
2022-04-07 10:42:01,5,50,21.6,73,10.1,987.9,0.7,2.0,7,2332.2,0
2022-04-07 10:47:01,5,50,21.5,73,10.2,988.0,2.4,5.1,6,2332.2,0
2022-04-07 10:52:01,5,50,21.5,73,10.0,988.1,3.4,7.1,14,2332.2,0
2022-04-07 10:57:01,5,50,21.5,72,10.1,988.3,1.7,3.1,10,2332.2,0
2022-04-07 11:02:01,5,50,21.5,71,10.1,988.3,3.4,9.9,10,2332.2,0
2022-04-07 11:07:01,5,50,21.4,71,10.4,988.5,2.4,5.1,9,2332.2,0
2022-04-07 11:12:01,5,51,21.4,69,11.1,988.2,2.4,5.1,6,2332.2,0
2022-04-07 11:17:01,5,50,21.5,69,11.3,988.3,1.7,4.1,3,2332.2,0
2022-04-07 11:22:01,5,45,21.5,68,11.3,988.4,2.4,7.1,2,2332.2,0
2022-04-07 11:27:01,5,43,21.3,67,11.2,988.5,4.8,9.2,15,2332.2,0
2022-04-07 11:32:01,5,48,21.3,66,11.3,988.5,5.8,10.2,6,2332.2,0
2022-04-07 11:37:01,5,50,21.5,66,11.7,988.6,3.4,8.2,10,2332.2,0
2022-04-07 11:42:01,5,50,21.5,66,11.4,988.7,4.1,9.2,13,2332.2,0
2022-04-07 11:47:01,5,51,21.7,66,11.3,988.2,2.7,6.1,9,2332.2,0
2022-04-07 11:52:01,5,50,21.8,65,11.2,988.4,3.4,7.1,8,2332.2,0
2022-04-07 11:57:01,5,51,21.9,66,11.5,988.3,3.4,5.8,1,2332.2,0
2022-04-07 12:02:01,5,49,22.1,65,11.5,988.2,2.0,4.1,5,2332.2,0
2022-04-07 12:07:01,5,49,22.2,64,11.7,988.1,1.7,3.1,4,2332.2,0
2022-04-07 12:12:01,5,49,22.3,63,11.8,987.9,2.7,5.1,8,2332.2,0
2022-04-07 12:17:01,5,49,22.3,61,11.8,988.0,4.1,7.8,6,2332.2,0
2022-04-07 12:22:01,5,48,22.4,62,11.9,988.0,2.7,6.1,9,2332.2,0
2022-04-07 12:27:01,5,49,22.5,64,11.7,988.0,2.0,6.1,11,2332.2,0
2022-04-07 12:32:01,5,49,22.6,63,12.1,988.0,2.0,4.1,6,2332.2,0
2022-04-07 12:37:01,5,48,22.6,62,12.4,988.0,1.4,3.7,15,2332.2,0
2022-04-07 12:42:01,5,48,22.6,61,12.3,988.0,2.4,5.1,10,2332.2,0
2022-04-07 12:47:01,5,48,22.6,61,12.5,988.1,3.1,5.8,8,2332.2,0
2022-04-07 12:52:01,5,48,22.6,61,12.3,988.0,3.1,6.8,8,2332.2,0
2022-04-07 12:57:01,5,48,22.6,59,12.6,988.4,4.1,9.2,9,2332.2,0
2022-04-07 13:02:01,5,47,22.5,60,12.3,988.4,3.1,7.1,8,2332.2,0
2022-04-07 13:07:01,5,48,22.5,61,12.5,988.3,2.7,5.8,3,2332.2,0
2022-04-07 13:12:01,5,48,22.5,62,11.7,988.5,2.7,4.8,14,2332.2,0
2022-04-07 13:17:01,5,48,22.4,64,12.2,988.5,2.4,5.1,7,2332.2,0
2022-04-07 13:22:01,5,48,22.3,65,12.2,988.6,2.4,3.7,5,2332.2,0
2022-04-07 13:27:01,5,48,22.3,65,13.0,988.8,2.0,4.8,9,2332.2,0
2022-04-07 13:32:01,5,48,22.3,65,12.8,989.0,2.4,4.8,10,2332.2,0
2022-04-07 13:37:01,5,48,22.2,64,12.4,989.0,2.0,4.1,5,2332.2,0
2022-04-07 13:42:01,5,48,22.2,64,12.5,989.2,1.4,2.7,3,2332.2,0
2022-04-07 13:47:01,5,48,22.1,66,11.8,989.3,1.7,4.1,7,2332.2,0
2022-04-07 13:52:01,5,49,22.1,66,12.6,989.4,2.4,4.1,15,2332.2,0
2022-04-07 13:57:01,5,49,22.0,67,12.1,989.6,2.0,3.1,7,2332.2,0
2022-04-07 14:02:01,5,49,21.9,68,12.3,989.4,1.7,3.1,6,2332.2,0
2022-04-07 14:07:01,5,45,21.8,68,12.2,989.7,3.4,6.1,8,2332.2,0
2022-04-07 14:12:01,5,45,21.7,67,11.9,989.7,5.1,7.1,9,2332.2,0
2022-04-07 14:17:01,5,44,21.5,68,11.6,990.0,3.1,5.1,9,2332.2,0
2022-04-07 14:22:01,5,45,21.3,68,11.4,990.5,2.7,4.8,7,2332.2,0
2022-04-07 14:27:01,5,45,21.1,69,11.3,990.5,3.1,5.1,7,2332.2,0
2022-04-07 14:32:01,5,46,21.1,69,11.3,990.5,4.1,8.8,11,2332.2,0
2022-04-07 14:37:01,5,46,20.9,68,11.3,991.1,1.4,2.7,5,2332.2,0
2022-04-07 14:42:01,5,46,20.7,67,11.3,991.1,3.1,6.1,7,2332.2,0
2022-04-07 14:47:01,5,51,20.7,68,11.3,991.1,3.4,5.8,5,2332.2,0
2022-04-07 14:52:01,5,50,20.7,69,11.2,990.9,3.1,6.1,7,2332.2,0
2022-04-07 14:57:01,5,47,20.6,69,11.2,991.2,1.7,2.7,13,2332.2,0
2022-04-07 15:02:01,5,46,20.5,69,11.2,991.4,2.7,4.1,8,2332.2,0
2022-04-07 15:07:01,5,47,20.4,69,11.3,991.6,1.7,4.1,14,2332.2,0
2022-04-07 15:12:01,5,46,20.3,68,11.4,991.5,2.0,3.7,6,2332.2,0
2022-04-07 15:18:01,6,46,19.4,68,11.3,991.3,2.0,5.8,4,2332.2,0
2022-04-07 15:23:01,5,46,19.3,68,11.2,991.7,2.0,3.7,13,2332.2,0
2022-04-07 15:28:01,5,46,19.3,69,11.2,991.9,2.7,5.1,10,2332.2,0
2022-04-07 15:34:01,6,47,19.2,69,11.2,992.0,2.4,6.1,8,2332.2,0
2022-04-07 15:39:01,5,47,19.2,68,11.2,992.0,2.4,5.8,6,2332.2,0
2022-04-07 15:44:01,5,46,19.2,68,11.1,992.0,3.1,6.8,4,2332.2,0
2022-04-07 15:50:01,6,46,19.2,68,11.0,992.2,2.7,4.1,6,2332.2,0
2022-04-07 15:55:01,5,47,19.2,69,10.9,992.3,2.4,5.1,6,2332.2,0
2022-04-07 16:00:01,5,52,19.3,69,10.9,992.1,2.7,4.1,11,2332.2,0
2022-04-07 16:05:01,5,52,19.6,69,10.9,992.0,1.7,4.8,4,2332.2,0
2022-04-07 16:10:01,5,52,20.6,68,10.9,991.8,2.7,6.8,2,2332.2,0
2022-04-07 16:15:01,5,51,20.7,67,10.9,991.6,3.1,4.8,12,2332.2,0
2022-04-07 16:20:01,5,51,20.9,66,10.9,991.7,3.1,5.8,9,2332.2,0
2022-04-07 16:26:01,6,51,21.0,68,10.8,992.4,1.7,3.1,8,2332.2,0
2022-04-07 16:31:01,5,51,21.1,82,7.5,992.7,1.4,5.1,12,2333.1,0
2022-04-07 16:36:01,5,51,21.1,86,7.0,992.6,1.4,3.1,7,2333.4,0
2022-04-07 16:41:01,5,52,21.1,88,7.0,992.5,0.7,1.7,9,2333.4,0
2022-04-07 16:46:01,5,52,21.1,88,7.2,992.2,1.4,3.1,1,2333.4,0
2022-04-07 16:51:01,5,52,21.1,86,7.5,992.3,1.7,3.1,8,2333.7,0
2022-04-07 16:56:01,5,52,21.1,85,7.7,992.4,2.0,5.1,8,2333.7,0
2022-04-07 17:01:01,5,52,21.0,85,7.9,992.5,0.7,3.1,10,2333.7,0
2022-04-07 17:06:01,5,53,21.0,84,8.2,992.8,1.7,5.8,5,2333.7,0
2022-04-07 17:11:01,5,53,20.9,83,8.3,992.7,2.0,4.8,5,2333.7,0
2022-04-07 17:16:01,5,54,20.9,83,8.4,992.8,1.0,2.7,14,2333.7,0
2022-04-07 17:22:01,6,54,20.7,81,8.7,992.9,2.0,3.1,13,2333.7,0
2022-04-07 17:27:01,5,54,20.7,82,8.7,993.2,1.0,2.0,5,2333.7,0
2022-04-07 17:32:01,5,54,20.7,82,8.8,993.3,1.0,2.7,6,2333.7,0
2022-04-07 17:38:01,6,56,20.6,82,9.0,993.6,1.0,2.0,6,2333.7,0
2022-04-07 17:43:01,5,55,20.6,81,9.2,993.6,1.0,2.0,7,2333.7,0
2022-04-07 17:48:01,5,56,19.7,81,9.3,993.7,1.0,1.7,10,2333.7,0
2022-04-07 17:54:01,6,56,19.7,77,9.6,994.0,1.0,2.7,11,2333.7,0
2022-04-07 17:59:01,5,57,19.6,76,9.6,994.3,2.0,4.1,15,2333.7,0
2022-04-07 18:04:01,5,56,19.6,74,9.7,994.4,1.7,3.7,5,2333.7,0
2022-04-07 18:10:01,6,55,19.5,74,9.7,994.3,1.7,4.1,3,2333.7,0
2022-04-07 18:15:01,5,55,19.3,73,9.7,994.5,2.7,6.1,2,2333.7,0
2022-04-07 18:20:01,5,56,19.3,73,9.8,994.8,1.7,2.7,6,2333.7,0
2022-04-07 18:26:01,6,55,19.3,73,9.7,995.0,1.4,3.7,2,2333.7,0
2022-04-07 18:31:01,5,55,19.3,73,9.7,995.1,2.7,4.1,6,2333.7,0
2022-04-07 18:36:01,5,55,19.3,73,9.6,995.3,1.7,4.1,3,2333.7,0
2022-04-07 18:42:01,6,55,19.2,75,9.1,995.7,1.7,3.7,7,2333.7,0
2022-04-07 18:47:01,5,55,19.2,76,8.7,995.5,1.4,2.7,6,2333.7,0
2022-04-07 18:52:01,5,55,19.2,76,8.6,995.7,1.7,4.1,12,2333.7,0
2022-04-07 18:58:01,6,55,19.2,76,8.6,996.0,1.4,2.7,15,2333.7,0
2022-04-07 19:03:01,5,55,19.2,75,8.6,996.0,1.7,3.7,10,2333.7,0
2022-04-07 19:08:01,5,55,19.1,74,8.7,996.2,1.4,3.1,5,2333.7,0
2022-04-07 19:14:01,6,54,19.1,74,8.8,996.4,2.4,5.1,5,2333.7,0
2022-04-07 19:19:01,5,55,19.0,75,8.9,996.9,2.0,3.1,6,2333.7,0
2022-04-07 19:24:01,5,55,19.0,76,8.5,997.3,1.4,3.7,2,2333.7,0
2022-04-07 19:30:01,6,55,19.0,79,8.0,997.7,1.7,3.7,15,2333.7,0
2022-04-07 19:35:01,5,57,18.9,82,7.7,998.0,2.0,4.1,4,2333.7,0
2022-04-07 19:40:01,5,56,18.8,84,7.2,998.1,2.0,3.7,14,2334.0,0
2022-04-07 19:46:01,6,56,18.8,86,7.0,998.1,1.7,3.7,5,2334.0,0
2022-04-07 19:51:01,5,56,18.8,86,7.0,998.4,1.4,2.7,8,2334.3,0
2022-04-07 19:56:01,5,57,18.8,87,7.0,998.5,0.7,2.0,2,2334.3,0
2022-04-07 20:02:01,6,56,18.7,88,7.0,998.4,1.4,3.1,14,2334.3,0
2022-04-07 20:07:01,5,57,18.7,88,7.0,998.7,1.7,5.1,0,2334.3,0
2022-04-07 20:12:01,5,57,18.7,88,7.1,998.9,0.7,2.0,12,2334.3,0
2022-04-07 20:18:01,6,57,18.6,88,7.1,999.1,1.0,3.1,10,2334.3,0
2022-04-07 20:23:01,5,57,18.6,88,7.1,999.4,1.7,3.1,1,2334.6,0
2022-04-07 20:28:01,5,57,18.6,88,6.9,999.6,1.0,1.7,5,2334.6,0
2022-04-07 20:34:01,6,57,18.6,88,6.8,999.7,1.4,3.7,6,2334.6,0
2022-04-07 20:39:01,5,58,18.5,88,6.9,999.9,1.0,1.7,5,2334.6,0
2022-04-07 20:44:01,5,58,18.5,87,6.9,1000.0,1.0,1.7,6,2334.6,0
2022-04-07 20:50:01,6,57,18.5,86,7.2,1000.2,0.3,1.0,2,2334.6,0
2022-04-07 20:55:01,5,58,18.5,86,7.1,1000.5,1.0,2.0,6,2334.9,0
2022-04-07 21:00:01,5,57,18.5,87,7.0,1000.4,1.4,2.7,3,2334.9,0
2022-04-07 21:06:01,6,57,18.4,87,6.9,1000.5,1.4,2.0,4,2334.9,0
2022-04-07 21:11:01,5,57,18.4,87,6.9,1000.5,1.0,2.7,11,2334.9,0
2022-04-07 21:16:01,5,57,18.4,87,6.9,1000.6,0.3,1.7,3,2334.9,0
2022-04-07 21:22:02,6,58,18.3,85,7.1,1000.9,1.4,2.0,2,2334.9,0
2022-04-07 21:27:02,5,58,18.3,84,7.2,1001.1,1.4,3.7,0,2334.9,0
2022-04-07 21:32:02,5,58,18.3,83,7.2,1001.3,2.0,3.7,1,2334.9,0
2022-04-07 21:38:02,6,58,18.3,83,7.2,1001.5,0.7,1.7,1,2334.9,0
2022-04-07 21:43:02,5,58,18.2,83,7.3,1001.6,0.7,1.7,7,2334.9,0
2022-04-07 21:48:02,5,58,18.2,84,7.2,1001.6,0.7,1.7,5,2334.9,0
2022-04-07 21:54:02,6,58,18.1,82,7.3,1001.7,1.0,3.1,14,2334.9,0
2022-04-07 21:59:02,5,58,18.1,82,7.3,1001.8,0.3,1.0,1,2334.9,0
2022-04-07 22:04:02,5,58,18.1,82,7.3,1002.0,0.7,1.0,1,2334.9,0
2022-04-07 22:10:02,6,58,18.1,83,7.2,1002.2,0.7,1.7,3,2334.9,0
2022-04-07 22:15:02,5,58,18.1,83,7.1,1002.2,1.7,4.1,1,2334.9,0
2022-04-07 22:20:02,5,58,18.0,82,7.2,1002.4,1.7,3.1,8,2334.9,0
2022-04-07 22:25:02,5,58,18.0,82,7.2,1002.5,1.4,4.8,10,2334.9,0
2022-04-07 22:30:02,5,58,18.0,83,7.1,1002.9,1.0,2.7,5,2334.9,0
2022-04-07 22:35:02,5,58,18.0,81,7.0,1002.9,1.0,2.0,2,2334.9,0
2022-04-07 22:40:02,5,58,18.0,82,6.9,1003.1,0.7,1.7,15,2334.9,0
2022-04-07 22:45:02,5,57,18.0,82,6.9,1003.2,1.4,2.7,2,2334.9,0
2022-04-07 22:50:02,5,58,17.9,82,6.8,1003.3,0.7,2.0,5,2334.9,0
2022-04-07 22:55:02,5,58,17.9,82,6.6,1003.6,1.7,2.7,13,2334.9,0
2022-04-07 23:00:02,5,58,17.9,82,6.6,1003.7,2.0,3.1,15,2334.9,0
2022-04-07 23:05:02,5,58,17.9,82,6.6,1003.9,1.4,3.7,8,2334.9,0
2022-04-07 23:10:02,5,58,17.8,82,6.6,1004.0,1.0,2.0,4,2334.9,0
2022-04-07 23:15:02,5,58,17.8,82,6.6,1004.1,1.7,3.7,3,2334.9,0
2022-04-07 23:20:02,5,58,17.8,82,6.7,1004.3,0.7,1.7,12,2334.9,0
2022-04-07 23:25:02,5,57,17.7,82,6.7,1004.3,1.4,3.1,4,2334.9,0
2022-04-07 23:30:02,5,57,17.7,82,6.7,1004.5,1.0,1.7,4,2334.9,0
2022-04-07 23:35:02,5,57,17.7,82,6.6,1004.6,1.4,2.7,11,2334.9,0
2022-04-07 23:40:02,5,57,17.7,81,6.5,1004.7,1.0,2.0,4,2334.9,0
2022-04-07 23:45:02,5,57,17.6,81,6.5,1004.8,1.0,2.7,0,2334.9,0
2022-04-07 23:50:02,5,58,17.6,79,6.5,1004.9,1.4,3.1,1,2334.9,0
2022-04-07 23:55:02,5,57,17.6,80,6.5,1005.0,1.0,2.0,12,2334.9,0
