2019-08-17 00:02:00,5,61,23.1,85,17.4,1010.7,0.0,0.0,0,770.4,0
2019-08-17 00:07:00,5,61,23.1,85,17.4,1010.7,0.0,0.0,0,770.4,0
2019-08-17 00:12:00,5,62,23.0,85,17.4,1010.6,0.7,2.0,10,770.4,0
2019-08-17 00:17:00,5,62,23.0,85,17.3,1010.6,0.0,0.0,12,770.4,0
2019-08-17 00:22:00,5,62,23.0,85,17.3,1010.7,0.0,0.3,13,770.4,0
2019-08-17 00:27:00,5,62,23.0,85,17.3,1010.7,0.0,0.0,8,770.4,0
2019-08-17 00:32:00,5,62,23.0,86,17.3,1010.7,0.0,0.0,14,770.4,0
2019-08-17 00:37:00,5,62,23.0,86,17.3,1010.6,0.0,0.0,10,770.4,0
2019-08-17 00:42:00,5,62,23.0,86,17.2,1010.6,0.0,0.0,0,770.4,0
2019-08-17 00:47:00,5,62,23.0,86,17.3,1010.4,0.3,0.7,8,770.4,0
2019-08-17 00:52:00,5,62,23.0,86,17.4,1010.3,0.0,0.7,0,770.4,0
2019-08-17 00:57:00,5,62,23.0,85,17.4,1010.3,0.0,0.3,10,770.4,0
2019-08-17 01:02:00,5,60,22.9,85,17.5,1010.2,0.0,0.0,0,770.4,0
2019-08-17 01:07:00,5,60,22.9,84,17.6,1010.2,0.0,0.7,6,770.4,0
2019-08-17 01:12:00,5,60,22.9,84,17.6,1010.2,0.0,0.3,10,770.4,0
2019-08-17 01:17:00,5,60,22.9,84,17.7,1010.2,0.7,1.4,6,770.4,0
2019-08-17 01:22:00,5,60,22.9,83,17.7,1010.2,0.3,1.0,12,770.4,0
2019-08-17 01:27:00,5,60,22.9,83,17.7,1010.0,0.3,1.0,10,770.4,0
2019-08-17 01:32:00,5,60,22.9,83,17.7,1010.0,0.0,0.0,0,770.4,0
2019-08-17 01:37:00,5,61,22.9,83,17.7,1010.1,0.0,0.3,10,770.4,0
2019-08-17 01:42:00,5,61,22.9,83,17.7,1010.0,0.0,0.0,12,770.4,0
2019-08-17 01:47:00,5,61,22.8,83,17.7,1010.0,0.0,0.0,6,770.4,0
2019-08-17 01:52:00,5,60,22.8,83,17.6,1009.9,0.0,0.3,2,770.4,0
2019-08-17 01:57:00,5,61,22.8,83,17.6,1010.0,0.7,1.4,4,770.4,0
2019-08-17 02:02:00,5,61,22.8,83,17.6,1009.9,0.0,0.0,8,770.4,0
2019-08-17 02:07:00,5,61,22.8,83,17.6,1009.8,0.0,0.0,8,770.4,0
2019-08-17 02:12:00,5,61,22.8,83,17.6,1009.9,0.0,1.0,0,770.4,0
2019-08-17 02:17:00,5,61,22.7,83,17.6,1009.6,0.0,0.0,10,770.4,0
2019-08-17 02:22:00,5,61,22.7,83,17.6,1009.7,0.7,1.7,0,770.4,0
2019-08-17 02:27:00,5,61,22.7,83,17.6,1009.5,0.7,1.7,0,770.4,0
2019-08-17 02:32:00,5,61,22.7,82,17.6,1009.6,0.3,1.0,10,770.4,0
2019-08-17 02:37:00,5,61,22.7,82,17.7,1009.6,1.0,1.7,10,770.4,0
2019-08-17 02:42:00,5,61,22.7,82,17.7,1009.6,0.7,2.7,10,770.4,0
2019-08-17 02:47:00,5,61,22.7,82,17.7,1009.6,1.4,2.0,8,770.4,0
2019-08-17 02:52:00,5,61,22.7,82,17.7,1009.6,1.7,2.7,10,770.4,0
2019-08-17 02:58:00,6,61,22.7,82,17.6,1009.7,0.7,1.7,10,770.4,0
2019-08-17 03:03:00,5,61,22.7,82,17.6,1009.6,0.7,1.7,8,770.4,0
2019-08-17 03:08:00,5,61,22.7,82,17.6,1009.7,1.4,2.4,14,770.4,0
2019-08-17 03:13:00,5,61,22.7,82,17.6,1009.6,1.0,2.4,6,770.4,0
2019-08-17 03:18:00,5,61,22.7,82,17.6,1009.6,1.7,2.4,5,770.4,0
2019-08-17 03:23:00,5,61,22.7,82,17.6,1009.6,2.7,5.4,8,770.4,0
2019-08-17 03:28:00,5,61,22.7,83,17.5,1009.6,1.4,2.7,8,770.4,0
2019-08-17 03:33:00,5,61,22.7,84,17.4,1009.5,1.0,2.4,4,770.4,0
2019-08-17 03:38:00,5,61,22.7,84,17.3,1009.4,1.7,3.7,8,770.4,0
2019-08-17 03:43:00,5,61,22.6,85,17.2,1009.4,2.0,4.1,12,770.4,0
2019-08-17 03:48:00,5,61,22.6,86,17.2,1009.6,1.4,3.1,8,770.4,0
2019-08-17 03:53:00,5,61,22.6,86,17.2,1009.5,1.4,2.4,8,770.4,0
2019-08-17 03:58:00,5,61,22.6,87,17.2,1009.5,1.7,3.4,10,770.4,0
2019-08-17 04:03:00,5,61,22.6,87,17.2,1009.4,0.7,1.7,10,770.4,0
2019-08-17 04:08:00,5,61,22.6,87,17.2,1009.5,0.7,1.7,10,770.4,0
2019-08-17 04:14:00,6,61,22.6,88,17.1,1009.5,1.0,1.7,10,770.4,0
2019-08-17 04:19:00,5,61,22.6,88,17.1,1009.5,1.0,1.7,4,770.4,0
2019-08-17 04:24:00,5,61,22.6,88,17.1,1009.5,2.0,3.7,6,770.4,0
2019-08-17 04:31:00,6,61,22.6,88,17.1,1009.4,1.0,1.7,6,770.4,0
2019-08-17 04:35:00,5,61,22.6,89,17.0,1009.4,1.4,3.7,8,770.4,0
2019-08-17 04:40:00,5,61,22.6,89,17.0,1009.5,1.0,1.7,5,770.4,0
2019-08-17 04:46:00,6,61,22.6,89,17.0,1009.5,2.0,3.7,8,770.4,0
2019-08-17 04:51:00,5,61,22.6,90,17.0,1009.6,1.0,1.7,10,770.4,0
2019-08-17 04:56:00,5,61,22.6,90,17.0,1009.6,1.7,3.1,6,770.4,0
2019-08-17 05:02:00,6,61,22.6,90,17.0,1009.6,1.7,3.1,0,770.4,0
2019-08-17 05:07:00,5,61,22.6,90,17.1,1009.5,1.0,2.4,4,770.4,0
2019-08-17 05:12:00,5,61,22.6,90,17.0,1009.6,2.0,3.1,8,770.4,0
2019-08-17 05:18:00,6,61,22.6,90,17.0,1009.6,1.4,2.7,2,770.4,0
2019-08-17 05:23:00,5,62,22.6,90,17.0,1009.6,1.4,2.4,4,770.4,0
2019-08-17 05:28:00,5,62,22.5,90,17.0,1009.5,0.7,1.4,14,770.4,0
2019-08-17 05:34:00,6,62,22.5,91,17.0,1009.5,1.4,2.0,6,770.4,0
2019-08-17 05:39:00,5,62,22.5,91,17.0,1009.5,0.3,0.7,10,770.4,0
2019-08-17 05:44:00,5,62,22.5,91,17.1,1009.4,0.3,0.7,0,770.4,0
2019-08-17 05:50:00,6,62,22.5,91,17.1,1009.6,1.7,3.1,14,770.4,0
2019-08-17 05:55:00,5,62,22.5,90,17.1,1009.6,1.4,3.1,8,770.4,0
2019-08-17 06:00:00,5,62,22.5,90,17.2,1009.6,0.0,1.4,6,770.4,0
2019-08-17 06:05:00,5,62,22.5,90,17.2,1009.7,0.0,1.4,6,770.4,0
2019-08-17 06:10:00,5,62,22.5,90,17.2,1009.7,1.7,2.7,8,770.4,0
2019-08-17 06:15:00,5,62,22.5,90,17.3,1009.6,0.3,0.7,8,770.4,0
2019-08-17 06:20:00,5,62,22.5,90,17.4,1009.8,0.3,1.0,10,770.4,0
2019-08-17 06:35:00,6,62,22.5,90,17.5,1009.7,1.4,3.1,10,770.4,0
2019-08-17 06:41:01,5,62,22.6,89,17.6,1009.8,1.0,2.0,10,770.4,0
2019-08-17 06:46:01,5,62,22.6,89,17.7,1009.7,1.4,2.4,8,770.4,0
2019-08-17 06:51:01,5,62,22.6,89,17.8,1009.7,0.3,0.7,0,770.4,0
2019-08-17 06:56:01,5,62,22.6,89,17.9,1009.8,0.3,1.7,2,770.4,0
2019-08-17 07:01:01,5,62,22.6,89,17.9,1009.8,1.0,1.7,10,770.4,0
2019-08-17 07:06:01,5,62,22.6,89,17.9,1009.9,1.7,3.1,8,770.4,0
2019-08-17 07:11:01,5,62,22.6,89,17.9,1009.7,1.0,1.7,8,770.4,0
2019-08-17 07:16:01,5,62,22.6,89,17.9,1009.7,1.0,2.0,6,770.4,0
2019-08-17 07:21:01,5,62,22.6,89,18.0,1009.7,0.7,1.4,6,770.4,0
2019-08-17 07:26:01,5,62,22.6,89,18.1,1009.7,1.7,2.7,8,770.4,0
2019-08-17 07:31:01,5,63,22.6,89,18.1,1009.9,1.4,2.7,6,770.4,0
2019-08-17 07:36:01,5,63,22.6,89,18.2,1009.8,1.7,2.4,0,770.4,0
2019-08-17 07:42:01,6,64,22.6,88,18.2,1009.9,1.0,1.7,10,770.4,0
2019-08-17 07:47:01,5,64,22.6,88,18.2,1010.0,1.4,2.4,10,770.4,0
2019-08-17 07:52:01,5,64,22.6,88,18.2,1009.8,2.0,3.1,10,770.4,0
2019-08-17 07:57:01,5,65,22.6,88,18.2,1009.8,1.7,2.7,10,770.4,0
2019-08-17 08:02:01,5,65,22.6,87,18.2,1009.7,2.0,3.4,8,770.4,0
2019-08-17 08:07:01,5,65,22.6,87,18.2,1009.7,2.0,3.4,8,770.4,0
2019-08-17 08:12:01,5,64,22.7,87,18.5,1009.9,0.7,1.4,12,770.4,0
2019-08-17 08:17:01,5,65,22.7,87,18.5,1009.9,1.0,2.7,6,770.4,0
2019-08-17 08:22:01,5,65,22.7,88,18.2,1009.9,1.7,2.4,10,770.7,0
2019-08-17 08:27:01,5,64,22.7,89,18.1,1010.0,1.0,2.0,10,770.7,0
2019-08-17 08:32:01,5,64,22.7,90,18.0,1010.1,1.0,1.7,8,770.7,0
2019-08-17 08:37:01,5,64,22.7,91,18.0,1010.1,1.0,1.7,14,771.0,0
2019-08-17 08:42:01,5,64,22.7,90,17.9,1009.9,1.0,2.4,10,771.0,0
2019-08-17 08:47:01,5,64,22.7,91,17.9,1009.9,0.7,1.0,4,771.0,0
2019-08-17 08:52:01,5,64,22.8,91,17.9,1009.8,0.7,1.4,12,771.0,0
2019-08-17 08:57:01,5,64,22.8,93,18.0,1009.9,1.0,1.4,12,771.0,0
2019-08-17 09:02:01,5,64,22.9,93,18.0,1010.0,1.0,1.7,6,771.0,0
2019-08-17 09:07:01,5,64,22.9,94,18.0,1009.9,0.7,1.4,8,771.0,0
2019-08-17 09:12:01,5,64,22.9,94,18.0,1009.9,0.7,1.4,14,771.0,0
2019-08-17 09:17:01,5,64,22.9,94,18.0,1009.8,0.7,1.7,8,771.0,0
2019-08-17 09:22:01,5,64,22.9,94,18.1,1009.8,0.7,1.7,10,771.0,0
2019-08-17 09:27:01,5,64,22.9,94,18.2,1009.8,1.4,2.7,6,771.0,0
2019-08-17 09:32:01,5,65,23.0,94,18.2,1009.8,1.4,2.0,10,771.0,0
2019-08-17 09:37:01,5,65,23.0,94,18.2,1009.7,1.7,4.1,10,771.0,0
2019-08-17 09:42:01,5,65,23.0,95,18.2,1009.7,1.0,1.4,8,771.0,0
2019-08-17 09:47:01,5,65,23.0,95,18.5,1009.8,2.0,2.7,10,771.3,0
2019-08-17 09:52:01,5,65,23.0,95,18.5,1009.9,0.3,0.7,14,771.3,0
2019-08-17 09:57:01,5,65,23.0,95,18.5,1009.8,0.3,1.0,4,771.3,0
2019-08-17 10:02:01,5,65,23.1,95,18.5,1009.8,1.4,2.0,10,771.3,0
2019-08-17 10:07:01,5,65,23.1,95,18.5,1009.7,1.4,2.0,10,771.3,0
2019-08-17 10:12:01,5,65,23.1,95,18.5,1009.6,0.7,1.4,4,771.3,0
2019-08-17 10:17:01,5,65,23.1,95,18.5,1009.7,0.7,1.4,10,771.3,0
2019-08-17 10:22:01,5,66,23.1,95,18.6,1009.5,0.3,0.7,9,771.3,0
2019-08-17 10:27:01,5,65,23.1,95,18.8,1009.6,1.0,1.4,10,771.3,0
2019-08-17 10:32:01,5,65,23.1,95,18.9,1009.6,0.7,2.0,10,771.3,0
2019-08-17 10:37:01,5,65,23.2,95,18.9,1009.6,0.3,1.0,11,771.3,0
2019-08-17 10:42:01,5,65,23.2,95,18.9,1009.6,0.7,1.4,12,771.3,0
2019-08-17 10:47:01,5,65,23.2,94,19.0,1009.6,0.3,1.0,4,771.3,0
2019-08-17 10:52:01,5,65,23.2,94,19.1,1009.6,1.4,2.0,10,771.3,0
2019-08-17 10:57:01,5,65,23.3,94,19.1,1009.7,1.4,1.7,10,771.3,0
2019-08-17 11:02:01,5,65,23.3,93,19.0,1009.6,1.4,2.0,10,771.3,0
2019-08-17 11:07:01,5,65,23.3,94,18.9,1009.6,1.0,1.7,4,771.3,0
2019-08-17 11:12:01,5,65,23.3,94,18.9,1009.5,0.7,1.7,8,771.3,0
2019-08-17 11:17:01,5,66,23.3,93,19.0,1009.5,0.7,1.4,8,771.3,0
2019-08-17 11:22:01,5,67,23.3,93,19.3,1009.3,0.3,1.0,10,771.3,0
2019-08-17 11:27:01,5,66,23.3,93,19.4,1009.3,0.7,1.4,10,771.3,0
2019-08-17 11:32:01,5,66,23.3,93,19.3,1009.4,1.4,2.7,8,771.3,0
2019-08-17 11:37:01,5,66,23.3,93,19.5,1009.1,0.7,1.0,10,771.3,0
2019-08-17 11:42:01,5,66,23.4,93,19.7,1009.2,1.0,2.0,6,771.3,0
2019-08-17 11:47:01,5,66,23.4,92,19.7,1009.2,0.3,0.7,12,771.3,0
2019-08-17 11:52:01,5,66,23.4,92,19.7,1009.3,1.0,1.7,9,771.3,0
2019-08-17 11:57:01,5,65,23.4,92,19.7,1009.2,0.3,1.4,8,771.3,0
2019-08-17 12:02:01,5,65,23.4,92,19.7,1009.1,0.3,1.0,10,771.3,0
2019-08-17 12:07:01,5,65,23.4,92,19.7,1009.0,0.3,1.0,10,771.3,0
2019-08-17 12:12:01,5,65,23.4,92,19.6,1009.0,1.0,2.7,8,771.3,0
2019-08-17 12:17:01,5,65,23.4,92,19.7,1009.0,1.0,1.7,0,771.3,0
2019-08-17 12:22:01,5,65,23.4,92,19.9,1008.8,0.7,1.4,10,771.3,0
2019-08-17 12:27:01,5,65,23.4,91,20.2,1008.8,1.0,1.7,8,771.3,0
2019-08-17 12:32:01,5,65,23.4,90,20.6,1008.6,0.7,1.7,8,771.3,0
2019-08-17 12:37:01,5,65,23.5,88,21.0,1008.6,1.7,2.7,4,771.3,0
2019-08-17 12:42:01,5,65,23.6,85,21.0,1008.6,1.4,2.4,6,771.3,0
2019-08-17 12:47:01,5,65,23.6,84,21.0,1008.6,0.7,1.4,10,771.3,0
2019-08-17 12:52:01,5,65,23.6,85,20.9,1008.4,0.3,0.7,0,771.3,0
2019-08-17 12:57:01,5,65,23.6,85,20.8,1008.4,0.3,0.7,14,771.3,0
2019-08-17 13:02:01,5,65,23.6,85,20.6,1008.5,1.0,1.7,14,771.3,0
2019-08-17 13:07:01,5,65,23.6,85,20.5,1008.6,1.7,2.4,9,771.6,0
2019-08-17 13:12:01,5,65,23.6,86,20.0,1008.6,1.4,2.0,8,772.2,0
2019-08-17 13:17:01,5,65,23.6,88,19.7,1008.6,1.4,1.7,8,773.7,0
2019-08-17 13:22:01,5,65,23.6,90,19.4,1008.6,2.0,2.7,8,774.0,0
2019-08-17 13:27:01,5,65,23.6,91,19.1,1008.7,1.4,2.0,8,774.0,0
2019-08-17 13:32:01,5,65,23.6,93,18.9,1008.7,1.4,2.4,8,774.3,0
2019-08-17 13:37:01,5,65,23.6,93,18.6,1008.9,2.0,3.7,10,774.3,0
2019-08-17 13:42:01,5,65,23.6,94,18.5,1008.8,1.4,2.0,10,774.3,0
2019-08-17 13:47:01,5,65,23.6,94,18.2,1008.8,0.0,0.3,6,774.3,0
2019-08-17 13:52:01,5,65,23.6,94,18.2,1008.8,1.0,1.7,8,774.6,0
2019-08-17 13:57:01,5,66,23.6,94,18.2,1008.8,1.0,1.4,8,774.6,0
2019-08-17 14:02:01,5,66,23.6,95,18.2,1008.8,0.0,0.0,6,774.6,0
2019-08-17 14:07:01,5,66,23.6,95,18.2,1008.9,0.0,0.0,6,774.6,0
2019-08-17 14:12:01,5,66,23.6,95,18.1,1008.9,1.0,2.0,6,774.9,0
2019-08-17 14:17:01,5,66,23.5,95,18.1,1009.2,1.7,2.7,8,775.2,0
2019-08-17 14:22:01,5,66,23.5,96,18.0,1009.3,2.4,3.4,6,775.2,0
2019-08-17 14:27:01,5,66,23.4,95,17.8,1009.3,1.7,3.1,8,775.8,0
2019-08-17 14:32:01,5,66,23.4,95,17.6,1009.6,2.0,3.7,0,775.8,0
2019-08-17 14:37:01,5,66,23.4,95,17.3,1009.4,2.4,5.1,8,776.1,0
2019-08-17 14:42:01,5,66,23.4,95,17.1,1009.3,1.0,2.0,8,776.1,0
2019-08-17 14:47:01,5,66,23.4,95,17.1,1009.2,0.0,0.3,0,776.1,0
2019-08-17 14:52:01,5,66,23.4,95,17.1,1009.2,1.4,3.1,8,776.1,0
2019-08-17 14:57:01,5,66,23.4,95,17.0,1009.4,0.0,0.7,8,776.1,0
2019-08-17 15:02:01,5,66,23.4,95,17.0,1009.5,1.0,1.4,10,776.1,0
2019-08-17 15:07:01,5,66,23.3,95,17.1,1009.2,0.0,0.0,14,776.1,0
2019-08-17 15:12:01,5,66,23.3,95,17.2,1009.2,1.0,1.4,8,776.1,0
2019-08-17 15:17:01,5,66,23.3,95,17.3,1009.4,0.3,1.0,10,776.1,0
2019-08-17 15:22:01,5,66,23.3,95,17.5,1009.3,0.0,0.7,12,776.1,0
2019-08-17 15:27:01,5,66,23.3,95,17.6,1009.2,0.0,0.3,8,776.1,0
2019-08-17 15:32:01,5,66,23.3,95,17.9,1008.9,0.0,0.0,6,776.1,0
2019-08-17 15:37:01,5,66,23.3,95,18.1,1009.0,0.3,1.4,10,776.1,0
2019-08-17 15:42:01,5,66,23.3,95,18.2,1009.3,0.3,0.7,8,776.1,0
2019-08-17 15:47:01,5,66,23.3,95,18.2,1009.3,0.0,0.0,10,776.1,0
2019-08-17 15:52:01,5,66,23.3,96,18.2,1009.4,0.7,1.4,8,776.1,0
2019-08-17 15:57:01,5,66,23.3,96,18.5,1009.4,0.7,1.4,8,776.1,0
2019-08-17 16:02:01,5,67,23.3,96,18.5,1009.5,0.7,1.4,8,776.1,0
2019-08-17 16:07:01,5,67,23.3,96,18.5,1009.2,0.7,1.4,8,776.1,0
2019-08-17 16:12:01,5,67,23.3,96,18.6,1009.3,1.0,1.4,2,776.1,0
2019-08-17 16:17:01,5,68,23.3,96,18.9,1009.2,1.0,1.4,6,776.1,0
2019-08-17 16:22:01,5,68,23.3,95,19.0,1009.3,0.7,1.0,10,776.1,0
2019-08-17 16:27:01,5,69,23.3,94,19.0,1009.5,1.0,1.7,8,776.1,0
2019-08-17 16:32:01,5,70,23.3,94,19.1,1009.3,0.7,1.4,2,776.1,0
2019-08-17 16:37:01,5,71,23.4,94,19.1,1009.2,1.4,1.7,8,776.1,0
2019-08-17 16:42:01,5,71,23.4,93,19.0,1009.2,0.7,1.4,10,776.1,0
2019-08-17 16:47:01,5,72,23.4,92,19.0,1009.3,1.4,2.4,6,776.1,0
2019-08-17 16:52:01,5,72,23.4,92,18.9,1009.2,0.3,1.0,8,776.1,0
2019-08-17 16:57:01,5,71,23.4,92,18.9,1009.3,0.7,1.4,8,776.1,0
2019-08-17 17:02:01,5,71,23.4,90,18.9,1009.2,1.0,1.4,10,776.1,0
2019-08-17 17:07:01,5,71,23.4,89,18.9,1009.1,0.7,1.4,8,776.1,0
2019-08-17 17:12:01,5,70,23.5,88,18.9,1009.1,0.7,1.0,10,776.1,0
2019-08-17 17:17:01,5,70,23.6,88,18.9,1009.2,1.0,1.7,8,776.1,0
2019-08-17 17:22:01,5,70,23.6,87,18.9,1009.2,0.3,0.7,6,776.1,0
2019-08-17 17:27:01,5,70,23.6,87,18.8,1009.2,0.3,1.0,10,776.1,0
2019-08-17 17:32:01,5,69,23.6,86,18.6,1008.8,1.0,2.0,6,776.1,0
2019-08-17 17:37:01,5,68,23.6,86,18.6,1008.9,1.0,1.7,6,776.1,0
2019-08-17 17:42:01,5,68,23.6,86,18.5,1009.3,1.0,1.7,4,776.1,0
2019-08-17 17:47:01,5,68,23.6,86,18.5,1009.4,1.0,2.0,8,776.1,0
2019-08-17 17:52:01,5,67,23.6,86,18.5,1009.4,0.3,1.7,8,776.1,0
2019-08-17 17:57:01,5,67,23.6,86,18.5,1009.3,0.7,1.7,6,776.1,0
2019-08-17 18:02:01,5,67,23.6,86,18.2,1009.3,0.7,1.4,8,776.1,0
2019-08-17 18:07:01,5,67,23.6,86,18.2,1009.2,0.7,1.4,8,776.1,0
2019-08-17 18:12:01,5,67,23.6,86,18.2,1009.1,0.0,0.0,6,776.1,0
2019-08-17 18:17:01,5,67,23.6,87,18.2,1009.0,0.3,1.0,10,776.1,0
2019-08-17 18:22:01,5,67,23.6,87,18.1,1008.9,0.0,0.0,10,776.1,0
2019-08-17 18:27:01,5,67,23.6,87,18.1,1009.1,0.0,0.3,10,776.1,0
2019-08-17 18:32:01,5,67,23.6,88,18.0,1009.2,0.0,0.0,10,776.1,0
2019-08-17 18:37:01,5,67,23.5,88,17.9,1009.2,0.0,0.0,2,776.1,0
2019-08-17 18:42:01,5,67,23.6,88,17.8,1009.4,0.0,0.0,0,776.1,0
2019-08-17 18:47:01,5,67,23.5,88,17.8,1009.5,0.0,0.0,12,776.1,0
2019-08-17 18:52:01,5,67,23.6,88,17.7,1009.3,0.0,0.0,6,776.1,0
2019-08-17 18:57:01,5,67,23.6,89,17.6,1009.0,0.0,0.3,10,776.1,0
2019-08-17 19:02:01,5,67,23.5,89,17.6,1009.2,0.3,0.7,10,776.1,0
2019-08-17 19:07:01,5,67,23.5,89,17.5,1009.0,0.0,0.0,8,776.1,0
2019-08-17 19:12:01,5,67,23.4,89,17.5,1009.4,0.0,0.7,8,776.1,0
2019-08-17 19:17:01,5,66,23.4,90,17.5,1009.7,0.0,0.0,6,776.1,0
2019-08-17 19:22:01,5,66,23.4,90,17.5,1009.7,0.3,0.7,14,776.1,0
2019-08-17 19:27:01,5,66,23.4,90,17.4,1009.6,0.0,0.7,10,776.1,0
2019-08-17 19:32:01,5,66,23.4,90,17.3,1009.5,0.3,1.0,10,776.1,0
2019-08-17 19:37:01,5,66,23.3,90,17.2,1009.7,0.3,1.0,10,776.1,0
2019-08-17 19:42:01,5,66,23.3,90,17.2,1009.8,1.0,1.4,4,776.1,0
2019-08-17 19:47:01,5,66,23.2,89,17.2,1010.0,1.0,2.4,8,776.1,0
2019-08-17 19:52:01,5,66,23.1,89,17.2,1010.0,0.7,1.4,10,776.1,0
2019-08-17 19:57:01,5,66,23.1,88,17.2,1010.0,0.3,1.0,12,776.1,0
2019-08-17 20:02:01,5,66,23.1,88,17.1,1009.9,0.3,0.7,8,776.1,0
2019-08-17 20:07:01,5,66,23.1,88,17.1,1010.0,0.3,0.7,8,776.1,0
2019-08-17 20:12:01,5,66,23.1,88,16.9,1010.2,0.7,1.0,8,776.1,0
2019-08-17 20:17:01,5,66,23.0,88,16.9,1010.1,0.0,0.0,4,776.1,0
2019-08-17 20:22:01,5,66,23.0,88,16.8,1010.2,0.0,0.0,10,776.1,0
2019-08-17 20:27:01,5,66,23.0,88,16.7,1010.3,0.0,0.0,10,776.1,0
2019-08-17 20:32:01,5,66,23.0,88,16.7,1010.3,0.0,0.0,6,776.1,0
2019-08-17 20:37:01,5,66,22.9,88,16.6,1010.1,0.0,0.0,14,776.1,0
2019-08-17 20:42:01,5,65,22.9,89,16.6,1010.0,0.3,1.0,14,776.1,0
2019-08-17 20:47:01,5,65,22.9,89,16.6,1010.1,0.3,0.7,8,776.1,0
2019-08-17 20:52:01,5,65,22.8,89,16.6,1010.1,0.0,0.7,6,776.1,0
2019-08-17 20:57:01,5,65,22.7,89,16.7,1010.2,0.0,0.3,6,776.1,0
2019-08-17 21:02:01,5,65,22.7,89,16.6,1010.1,0.0,0.0,10,776.1,0
2019-08-17 21:07:01,5,65,22.7,89,16.6,1009.8,0.0,0.0,8,776.1,0
2019-08-17 21:12:01,5,65,22.7,89,16.5,1009.8,0.3,0.7,8,776.1,0
2019-08-17 21:17:01,5,65,22.7,90,16.6,1009.9,0.0,1.0,8,776.1,0
2019-08-17 21:22:01,5,65,22.7,90,16.6,1010.1,0.7,1.0,8,776.1,0
2019-08-17 21:27:01,5,65,22.7,90,16.7,1010.2,0.0,0.0,10,776.1,0
2019-08-17 21:32:01,5,65,22.7,90,16.7,1010.0,0.3,0.7,10,776.1,0
2019-08-17 21:37:01,5,65,22.6,90,16.6,1010.3,0.7,1.0,12,776.1,0
2019-08-17 21:42:01,5,65,22.6,90,16.7,1010.3,0.7,1.0,10,776.1,0
2019-08-17 21:47:01,5,65,22.6,90,16.7,1010.3,0.0,0.7,14,776.1,0
2019-08-17 21:52:01,5,65,22.6,90,16.7,1010.2,0.3,0.7,8,776.1,0
2019-08-17 21:57:01,5,65,22.6,90,16.6,1010.2,0.0,0.0,10,776.1,0
2019-08-17 22:02:01,5,65,22.6,89,16.6,1010.3,0.3,1.0,10,776.1,0
2019-08-17 22:07:01,5,65,22.6,89,16.6,1010.3,0.3,1.0,10,776.1,0
2019-08-17 22:12:01,5,65,22.6,89,16.6,1010.5,1.0,1.4,12,776.1,0
2019-08-17 22:17:01,5,65,22.5,89,16.6,1010.3,0.0,0.0,4,776.1,0
2019-08-17 22:22:01,5,65,22.6,89,16.5,1010.6,0.7,1.4,4,776.1,0
2019-08-17 22:27:01,5,65,22.5,88,16.5,1010.5,0.3,0.7,14,776.1,0
2019-08-17 22:32:01,5,65,22.5,88,16.5,1010.5,0.0,0.0,8,776.1,0
2019-08-17 22:37:01,5,65,22.5,88,16.5,1010.3,0.7,1.7,4,776.1,0
2019-08-17 22:42:01,5,65,22.5,87,16.4,1010.4,1.0,1.4,10,776.1,0
2019-08-17 22:47:01,5,65,22.5,87,16.5,1010.3,0.0,0.0,10,776.1,0
2019-08-17 22:52:01,5,65,22.5,87,16.4,1010.2,0.7,1.0,8,776.1,0
2019-08-17 22:57:01,5,65,22.5,87,16.4,1010.1,0.0,0.0,6,776.1,0
2019-08-17 23:02:01,5,65,22.4,87,16.3,1010.0,0.0,0.3,9,776.1,0
2019-08-17 23:07:01,5,65,22.3,87,16.3,1010.2,0.7,2.4,10,776.1,0
2019-08-17 23:12:01,5,65,22.3,87,16.3,1010.3,1.0,1.7,8,776.1,0
2019-08-17 23:17:01,5,64,22.3,87,16.4,1010.4,0.3,1.0,10,776.1,0
2019-08-17 23:22:01,5,64,22.3,87,16.4,1010.4,1.4,2.7,8,776.1,0
2019-08-17 23:27:01,5,64,22.3,87,16.4,1010.5,0.3,1.0,8,776.1,0
2019-08-17 23:32:01,5,64,22.3,87,16.4,1010.4,0.7,1.4,10,776.1,0
2019-08-17 23:37:01,5,64,22.3,87,16.5,1010.4,0,0.7,10,776.1,0
2019-08-17 23:42:01,5,64,22.3,86,16.5,1010.5,1.0,1.7,8,776.1,0
2019-08-17 23:47:01,5,64,22.3,86,16.5,1010.5,0.7,1.4,6,776.1,0
2019-08-17 23:52:01,5,64,22.3,86,16.4,1010.4,0.7,1.0,8,776.1,0
2019-08-17 23:57:01,5,64,22.3,86,16.4,1010.3,0,0.7,8,776.1,0
