2019-08-28 00:00:00,5,64,25.3,82,21.3,1013.2,0.0,0.0,8,780.6,0
2019-08-28 00:05:00,5,64,25.3,82,21.3,1013.0,0.0,0.0,8,780.6,0
2019-08-28 00:10:00,5,64,25.3,82,21.2,1013.0,0.0,0.0,8,780.6,0
2019-08-28 00:15:00,5,64,25.3,82,21.2,1013.1,0.0,0.0,8,780.6,0
2019-08-28 00:20:00,5,64,25.3,82,21.1,1013.2,0.0,0.0,8,780.6,0
2019-08-28 00:25:00,5,64,25.3,83,21.0,1013.1,0.0,0.0,8,780.6,0
2019-08-28 00:30:00,5,64,25.3,83,21.0,1013.2,0.0,0.0,8,780.6,0
2019-08-28 00:35:00,5,64,25.3,83,21.0,1013.1,0.0,0.0,8,780.6,0
2019-08-28 00:40:00,5,65,25.3,83,21.0,1013.2,0.0,0.0,8,780.6,0
2019-08-28 00:45:00,5,65,25.3,83,21.0,1013.1,0.0,0.0,8,780.6,0
2019-08-28 00:50:00,5,65,25.3,84,20.9,1013.0,0.0,0.0,8,780.6,0
2019-08-28 00:55:00,5,65,25.3,84,20.9,1013.0,0.0,0.0,8,780.6,0
2019-08-28 01:00:00,5,65,25.3,84,20.9,1012.8,0.0,0.0,8,780.6,0
2019-08-28 01:05:00,5,65,25.3,84,20.9,1012.7,0.0,0.0,8,780.6,0
2019-08-28 01:10:00,5,65,25.3,83,20.9,1012.8,0.0,0.0,8,780.6,0
2019-08-28 01:15:00,5,65,25.3,83,20.9,1012.8,0.0,0.0,8,780.6,0
2019-08-28 01:20:00,5,65,25.3,83,20.9,1012.8,0.0,0.0,8,780.6,0
2019-08-28 01:25:00,5,64,25.3,83,20.8,1012.7,0.0,0.0,8,780.6,0
2019-08-28 01:30:00,5,64,25.3,82,20.8,1012.8,0.0,0.0,8,780.6,0
2019-08-28 01:35:00,5,64,25.3,82,20.8,1012.8,0.0,0.0,8,780.6,0
2019-08-28 01:40:00,5,64,25.3,82,20.7,1012.6,0.0,0.0,8,780.6,0
2019-08-28 01:45:00,5,64,25.3,82,20.6,1012.6,0.0,0.0,8,780.6,0
2019-08-28 01:50:00,5,64,25.3,82,20.6,1012.6,0.0,0.0,8,780.6,0
2019-08-28 01:55:00,5,64,25.3,82,20.6,1012.6,0.0,0.0,8,780.6,0
2019-08-28 02:00:00,5,64,25.3,82,20.5,1012.5,0.0,0.0,8,780.6,0
2019-08-28 02:05:00,5,64,25.3,82,20.5,1012.5,0.0,0.0,8,780.6,0
2019-08-28 02:10:00,5,64,25.3,81,20.4,1012.5,0.0,0.0,8,780.6,0
2019-08-28 02:15:00,5,64,25.3,81,20.4,1012.4,0.0,0.0,8,780.6,0
2019-08-28 02:20:00,5,64,25.3,81,20.4,1012.6,0.0,0.0,8,780.6,0
2019-08-28 02:25:00,5,64,25.3,81,20.3,1012.5,0.0,0.0,8,780.6,0
2019-08-28 02:30:00,5,64,25.3,81,20.2,1012.7,0.0,0.0,8,780.6,0
2019-08-28 02:35:00,5,64,25.3,81,20.2,1012.6,0.0,0.0,8,780.6,0
2019-08-28 02:40:00,5,64,25.3,80,20.2,1012.7,0.0,0.0,8,780.6,0
2019-08-28 02:45:00,5,64,25.3,80,20.1,1012.7,0.0,0.0,4,780.6,0
2019-08-28 02:50:00,5,64,25.3,80,20.1,1012.7,0.0,0.0,4,780.6,0
2019-08-28 02:55:00,5,64,25.3,80,20.1,1012.6,0.0,0.0,6,780.6,0
2019-08-28 03:00:00,5,64,25.3,80,20.1,1012.5,0.0,0.0,6,780.6,0
2019-08-28 03:05:00,5,64,25.3,80,20.1,1012.5,0.0,0.0,8,780.6,0
2019-08-28 03:10:00,5,64,25.3,79,20.1,1012.6,0.0,0.0,6,780.6,0
2019-08-28 03:15:00,5,64,25.3,79,20.1,1012.5,0.0,0.0,6,780.6,0
2019-08-28 03:20:00,5,64,25.3,79,20.1,1012.6,0.0,0.0,6,780.6,0
2019-08-28 03:25:00,5,63,25.3,79,20.0,1012.6,0.0,0.0,4,780.6,0
2019-08-28 03:30:00,5,63,25.3,79,20.0,1012.4,0.0,0.0,8,780.6,0
2019-08-28 03:35:00,5,63,25.3,80,19.9,1012.5,0.0,0.0,8,780.6,0
2019-08-28 03:40:00,5,63,25.3,81,19.8,1012.5,0.0,0.0,8,780.6,0
2019-08-28 03:45:00,5,63,25.3,81,19.8,1012.5,0.0,0.0,8,780.6,0
2019-08-28 03:50:00,5,63,25.3,81,19.7,1012.5,0.0,0.0,8,780.6,0
2019-08-28 03:55:00,5,63,25.3,81,19.6,1012.5,0.0,0.0,8,780.6,0
2019-08-28 04:00:00,5,63,25.3,81,19.5,1012.6,0.0,0.0,8,780.6,0
2019-08-28 04:05:00,5,63,25.3,81,19.5,1012.7,0.0,0.0,8,780.6,0
2019-08-28 04:10:00,5,63,25.3,81,19.3,1012.6,0.0,0.0,8,780.6,0
2019-08-28 04:15:00,5,63,25.3,81,19.3,1012.6,0.0,0.0,8,780.6,0
2019-08-28 04:20:00,5,63,25.3,82,19.2,1012.7,0.0,0.0,8,780.6,0
2019-08-28 04:25:00,5,63,25.3,82,19.1,1012.6,0.0,0.0,8,780.6,0
2019-08-28 04:30:00,5,63,25.3,82,19.1,1012.8,0.0,0.0,8,780.6,0
2019-08-28 04:35:00,5,63,25.3,83,19.0,1012.9,0.0,0.0,2,780.6,0
2019-08-28 04:40:00,5,63,25.3,83,19.0,1013.0,0.0,0.0,12,780.6,0
2019-08-28 04:45:00,5,63,25.3,83,19.2,1013.1,0.0,0.7,14,780.6,0
2019-08-28 04:50:00,5,62,25.3,83,19.4,1013.1,0.0,0.0,6,780.6,0
2019-08-28 04:55:00,5,62,25.3,83,19.5,1013.1,0.0,0.0,10,780.6,0
2019-08-28 05:00:00,5,62,25.3,83,19.5,1013.1,0.0,0.0,8,780.6,0
2019-08-28 05:05:00,5,62,25.3,83,19.5,1013.1,0.0,0.0,8,780.6,0
2019-08-28 05:10:00,5,62,25.3,83,19.7,1013.1,0.0,0.0,2,780.6,0
2019-08-28 05:15:00,5,62,25.2,83,19.7,1013.2,0.0,0.0,10,780.6,0
2019-08-28 05:20:00,5,62,25.2,83,19.9,1013.2,0.0,0.0,8,780.6,0
2019-08-28 05:25:00,5,62,25.2,82,20.0,1013.3,0.0,0.0,6,780.6,0
2019-08-28 05:30:00,5,62,25.2,82,20.1,1013.2,0.0,0.0,6,780.6,0
2019-08-28 05:35:00,5,62,25.3,82,20.4,1013.2,0.0,0.0,6,780.6,0
2019-08-28 05:40:00,5,62,25.2,82,20.7,1013.3,0.0,0.0,8,780.6,0
2019-08-28 05:45:00,5,62,25.3,80,21.2,1013.3,0.0,0.0,10,780.6,0
2019-08-28 05:50:00,5,62,25.3,80,21.6,1013.3,0.0,0.0,6,780.6,0
2019-08-28 05:55:00,5,62,25.3,79,21.6,1013.4,0.0,0.0,0,780.6,0
2019-08-28 06:00:00,5,62,25.3,79,21.6,1013.3,0.0,0.0,10,780.6,0
2019-08-28 06:05:00,5,62,25.3,79,21.6,1013.4,0.0,0.0,10,780.6,0
2019-08-28 06:10:00,5,62,25.3,78,22.0,1013.6,2.0,3.4,8,780.6,0
2019-08-28 06:15:00,5,62,25.3,78,22.3,1013.6,1.7,3.7,6,780.6,0
2019-08-28 06:20:00,5,62,25.3,78,22.2,1013.7,1.4,2.0,7,780.6,0
2019-08-28 06:25:00,5,61,26.1,79,22.2,1013.9,1.7,2.7,6,780.6,0
2019-08-28 06:30:00,5,61,26.1,79,22.3,1013.9,2.0,3.4,8,780.6,0
2019-08-28 06:35:00,5,61,26.1,78,22.4,1014.0,1.4,3.1,8,780.6,0
2019-08-28 06:40:00,5,61,26.1,78,22.3,1014.0,1.4,2.4,1,780.6,0
2019-08-28 06:45:00,5,61,26.1,78,22.3,1014.0,1.7,4.1,10,780.6,0
2019-08-28 06:50:00,5,61,26.1,76,22.3,1013.9,2.0,5.1,14,780.6,0
2019-08-28 06:55:00,5,61,26.1,73,22.5,1014.0,2.0,3.4,8,780.6,0
2019-08-28 07:00:00,5,60,26.1,71,22.6,1013.9,0.7,3.4,8,780.6,0
2019-08-28 07:05:00,5,61,25.3,70,22.7,1013.9,2.0,4.1,6,780.6,0
2019-08-28 07:10:00,5,60,26.1,70,23.0,1013.9,1.4,1.7,6,780.6,0
2019-08-28 07:15:00,5,59,26.1,68,23.1,1013.8,1.4,2.4,6,780.6,0
2019-08-28 07:20:00,5,59,26.1,67,23.2,1013.9,0.7,1.4,8,780.6,0
2019-08-28 07:25:00,5,59,26.1,66,23.2,1014.0,1.7,3.1,8,780.6,0
2019-08-28 07:30:00,5,59,26.1,65,23.5,1014.0,2.0,3.4,8,780.6,0
2019-08-28 07:35:00,5,58,26.1,64,23.5,1013.9,1.4,2.7,6,780.6,0
2019-08-28 07:40:00,5,57,26.1,63,23.5,1014.0,1.7,2.7,6,780.6,0
2019-08-28 07:45:00,5,57,26.1,63,23.5,1013.8,1.4,2.7,4,780.6,0
2019-08-28 07:50:00,5,57,26.1,62,23.6,1013.8,0.7,1.0,6,780.6,0
2019-08-28 07:55:00,5,56,26.1,62,23.7,1013.8,0.7,1.0,8,780.6,0
2019-08-28 08:00:00,5,56,26.1,63,23.8,1013.5,1.0,2.0,13,780.6,0
2019-08-28 08:05:00,5,57,26.1,63,23.8,1013.4,1.0,2.0,13,780.6,0
2019-08-28 08:10:00,5,57,26.1,63,23.7,1013.4,0.3,1.4,6,780.6,0
2019-08-28 08:15:00,5,57,26.1,64,23.5,1013.4,0.7,1.0,0,780.6,0
2019-08-28 08:20:00,5,58,25.3,64,23.5,1013.2,0.0,0.0,0,780.6,0
2019-08-28 08:25:00,5,58,25.3,65,23.2,1013.3,0.0,0.0,0,780.6,0
2019-08-28 08:30:00,5,59,25.3,66,23.2,1013.2,0.0,0.3,6,780.6,0
2019-08-28 08:35:00,5,59,25.3,67,23.2,1013.0,0.0,0.0,4,780.6,0
2019-08-28 08:40:00,5,59,26.1,67,23.2,1013.0,0.3,1.0,2,780.6,0
2019-08-28 08:45:00,5,59,26.1,67,23.5,1013.2,0.0,0.3,14,780.6,0
2019-08-28 08:50:00,5,59,26.1,66,24.1,1013.0,0.0,0.0,4,780.6,0
2019-08-28 08:55:00,5,59,26.1,64,24.5,1013.1,0.0,0.0,8,780.6,0
2019-08-28 09:00:00,5,59,26.1,63,24.7,1013.0,0.0,0.0,4,780.6,0
2019-08-28 09:05:00,5,59,26.2,61,25.0,1013.0,0.0,0.0,6,780.6,0
2019-08-28 09:10:00,5,59,26.2,61,25.2,1012.9,0.0,0.0,8,780.6,0
2019-08-28 09:15:00,5,59,26.2,61,25.4,1013.4,1.0,1.7,10,780.6,0
2019-08-28 09:20:00,5,59,26.2,61,25.3,1013.4,1.7,3.1,10,780.6,0
2019-08-28 09:25:00,5,59,26.3,61,25.6,1013.4,2.7,4.1,8,780.6,0
2019-08-28 09:30:00,5,59,26.3,60,26.2,1013.3,0.7,2.0,8,780.6,0
2019-08-28 09:35:00,5,59,26.4,59,26.7,1013.1,0.3,1.0,8,780.6,0
2019-08-28 09:40:00,5,59,26.5,57,27.2,1013.1,0.7,1.7,10,780.6,0
2019-08-28 09:45:00,5,59,26.5,57,27.5,1013.0,0.0,0.0,10,780.6,0
2019-08-28 09:50:00,5,59,26.5,54,27.6,1013.1,1.4,2.0,8,780.6,0
2019-08-28 09:55:00,5,59,26.6,53,27.2,1013.0,0.3,0.7,12,780.6,0
2019-08-28 10:00:00,5,59,26.6,54,27.2,1012.9,1.4,2.0,10,780.6,0
2019-08-28 10:05:00,5,58,26.6,54,27.2,1012.9,1.4,2.0,10,780.6,0
2019-08-28 10:10:00,5,58,26.7,54,27.2,1012.9,1.4,2.0,10,780.6,0
2019-08-28 10:15:00,5,58,26.7,53,26.7,1012.8,1.4,2.0,10,780.6,0
2019-08-28 10:20:00,5,57,26.7,54,26.7,1013.0,1.4,2.4,8,780.6,0
2019-08-28 10:25:00,5,57,26.7,54,26.4,1013.0,1.0,2.0,8,780.6,0
2019-08-28 10:30:00,5,57,26.7,55,26.3,1013.0,0.7,1.4,6,780.6,0
2019-08-28 10:35:00,5,57,26.7,57,26.3,1013.0,1.7,2.7,8,780.6,0
2019-08-28 10:40:00,5,57,26.8,59,25.8,1013.0,0.7,1.4,10,780.6,0
2019-08-28 10:45:00,5,57,26.8,60,25.8,1013.1,1.4,2.4,0,780.6,0
2019-08-28 10:50:00,5,57,26.8,61,25.8,1013.1,1.7,3.1,8,780.6,0
2019-08-28 10:55:00,5,57,26.8,61,25.8,1013.0,1.7,2.0,6,780.6,0
2019-08-28 11:00:00,5,57,26.8,60,26.1,1013.0,1.7,3.1,10,780.6,0
2019-08-28 11:05:00,5,57,27.3,60,26.4,1012.9,0.7,1.4,8,780.6,0
2019-08-28 11:10:00,5,57,27.3,59,27.0,1012.9,1.4,2.0,6,780.6,0
2019-08-28 11:15:00,5,56,27.5,58,27.5,1012.7,1.0,1.4,6,780.6,0
2019-08-28 11:20:00,5,56,27.5,58,27.6,1012.8,1.0,2.0,4,780.6,0
2019-08-28 11:25:00,5,57,27.5,58,27.2,1012.7,1.0,1.7,4,780.6,0
2019-08-28 11:30:00,5,57,27.5,58,27.0,1012.8,2.0,3.1,10,780.6,0
2019-08-28 11:35:00,5,58,27.5,60,26.7,1012.9,1.7,2.4,11,780.6,0
2019-08-28 11:40:00,5,58,27.5,61,26.6,1012.7,1.4,2.7,6,780.6,0
2019-08-28 11:45:00,5,58,27.5,62,26.7,1012.9,1.7,3.1,8,780.6,0
2019-08-28 11:50:00,5,58,27.5,62,26.7,1012.8,1.0,2.0,8,780.6,0
2019-08-28 11:55:00,5,58,27.5,60,27.1,1012.8,1.7,2.4,9,780.6,0
2019-08-28 12:00:00,5,59,27.5,60,27.1,1012.9,1.0,2.0,6,780.6,0
2019-08-28 12:05:00,5,59,27.5,60,27.1,1012.8,1.0,2.0,6,780.6,0
2019-08-28 12:10:00,5,59,27.5,60,27.1,1012.8,0.7,1.4,5,780.6,0
2019-08-28 12:15:00,5,59,27.5,60,27.1,1012.9,1.4,2.0,8,780.6,0
2019-08-28 12:20:00,5,59,27.6,60,27.2,1012.9,0.3,1.0,12,780.6,0
2019-08-28 12:25:00,5,59,27.6,59,27.6,1012.8,0.7,1.7,6,780.6,0
2019-08-28 12:30:00,5,59,27.6,58,27.6,1012.7,1.0,2.4,8,780.6,0
2019-08-28 12:35:00,5,59,27.6,59,27.2,1012.7,0.7,1.7,8,780.6,0
2019-08-28 12:40:00,5,59,27.6,61,26.9,1012.9,1.0,2.4,6,780.6,0
2019-08-28 12:45:00,5,59,27.6,61,26.8,1012.8,0.3,1.7,4,780.6,0
2019-08-28 12:50:00,5,59,27.6,60,27.1,1012.8,1.0,1.4,4,780.6,0
2019-08-28 12:55:00,5,59,27.6,59,27.3,1012.8,1.0,1.4,14,780.6,0
2019-08-28 13:00:00,5,59,27.6,59,27.5,1012.8,0.7,1.0,14,780.6,0
2019-08-28 13:05:00,5,59,27.6,59,27.4,1012.8,0.0,1.0,6,780.6,0
2019-08-28 13:10:00,5,59,27.6,58,27.4,1012.8,1.4,2.4,2,780.6,0
2019-08-28 13:15:00,5,59,27.6,58,27.6,1012.7,0.7,1.7,4,780.6,0
2019-08-28 13:20:00,5,59,27.6,59,27.8,1012.6,0.7,1.7,2,780.6,0
2019-08-28 13:25:00,5,59,27.6,55,28.1,1012.7,1.7,3.7,11,780.6,0
2019-08-28 13:30:00,5,59,27.6,56,28.0,1012.6,0.3,1.4,6,780.6,0
2019-08-28 13:35:00,5,59,27.6,54,28.3,1012.7,2.0,3.4,8,780.6,0
2019-08-28 13:40:00,5,59,27.8,53,28.1,1012.6,0.3,1.4,0,780.6,0
2019-08-28 13:45:00,5,59,27.8,55,28.8,1012.6,0.3,1.0,2,780.6,0
2019-08-28 13:50:00,5,59,27.8,53,29.4,1012.5,1.4,2.0,8,780.6,0
2019-08-28 13:55:00,5,59,27.8,52,29.9,1012.6,1.4,2.0,13,780.6,0
2019-08-28 14:00:00,5,59,27.8,52,29.3,1012.7,2.4,3.7,6,780.6,0
2019-08-28 14:05:00,5,59,27.8,52,29.3,1012.5,2.4,3.7,6,780.6,0
2019-08-28 14:10:00,5,59,27.9,54,28.9,1012.6,0.3,1.4,2,780.6,0
2019-08-28 14:15:00,5,59,27.9,51,29.4,1012.6,2.0,3.4,8,780.6,0
2019-08-28 14:20:00,5,59,27.9,52,29.2,1012.6,1.0,1.7,4,780.6,0
2019-08-28 14:25:00,5,59,27.9,52,29.2,1012.6,1.4,2.4,14,780.6,0
2019-08-28 14:30:00,5,59,27.8,52,28.9,1012.6,1.0,1.7,6,780.6,0
2019-08-28 14:35:00,5,59,27.9,52,28.6,1012.6,1.4,2.4,6,780.6,0
2019-08-28 14:40:00,5,59,27.8,52,28.2,1012.7,1.4,2.4,10,780.6,0
2019-08-28 14:45:00,5,58,27.8,52,28.2,1012.6,0.7,1.4,6,780.6,0
2019-08-28 14:50:00,5,58,27.8,52,28.2,1012.7,1.4,2.0,13,780.6,0
2019-08-28 14:55:00,5,58,27.8,52,28.1,1012.5,1.0,2.4,8,780.6,0
2019-08-28 15:00:00,5,58,27.8,51,27.9,1012.6,0.3,1.0,4,780.6,0
2019-08-28 15:05:00,5,58,27.8,52,27.9,1012.6,0.7,1.0,8,780.6,0
2019-08-28 15:10:00,5,57,27.8,52,27.6,1012.7,0.7,1.4,6,780.6,0
2019-08-28 15:15:00,5,57,27.8,54,27.6,1012.8,0.3,1.0,0,780.6,0
2019-08-28 15:20:00,5,57,27.8,54,27.6,1012.7,0.7,1.4,2,780.6,0
2019-08-28 15:25:00,5,56,27.8,55,27.6,1012.7,0.3,1.0,14,780.6,0
2019-08-28 15:30:00,5,57,27.8,56,27.5,1012.7,0.7,1.7,8,780.6,0
2019-08-28 15:35:00,5,57,27.8,56,27.7,1012.7,1.0,1.7,6,780.6,0
2019-08-28 15:40:00,5,57,27.8,55,27.8,1012.7,0.3,1.0,6,780.6,0
2019-08-28 15:45:00,5,57,27.8,54,27.9,1012.7,1.0,1.4,8,780.6,0
2019-08-28 15:50:00,5,58,27.8,55,27.6,1012.7,0.3,0.7,6,780.6,0
2019-08-28 15:55:00,5,58,27.8,57,27.5,1012.7,1.4,1.7,8,780.6,0
2019-08-28 16:00:00,5,58,27.8,57,27.3,1012.6,0.3,1.0,2,780.6,0
2019-08-28 16:05:00,5,58,27.8,57,27.3,1012.6,0.3,1.0,2,780.6,0
2019-08-28 16:10:00,5,58,27.8,58,27.3,1012.6,0.7,1.0,2,780.6,0
2019-08-28 16:15:00,5,58,27.8,58,27.3,1012.6,0.3,1.0,6,780.6,0
2019-08-28 16:20:00,5,59,27.8,58,27.1,1012.4,0.0,0.3,2,780.6,0
2019-08-28 16:25:00,5,59,27.8,58,27.0,1012.4,0.0,0.0,0,780.6,0
2019-08-28 16:30:00,5,59,27.8,59,27.0,1012.4,0.3,0.7,6,780.6,0
2019-08-28 16:35:00,5,59,27.8,59,27.0,1012.3,0.0,0.0,2,780.6,0
2019-08-28 16:40:00,5,59,27.8,60,26.9,1012.3,0.0,1.0,2,780.6,0
2019-08-28 16:45:00,5,59,27.8,60,26.6,1012.2,0.0,0.0,6,780.6,0
2019-08-28 16:50:00,5,59,27.8,60,26.6,1012.2,0.0,0.0,6,780.6,0
2019-08-28 16:55:00,5,59,27.8,60,26.6,1012.1,0.0,0.0,8,780.6,0
2019-08-28 17:00:00,5,59,27.8,61,26.5,1012.1,0.0,0.7,6,780.6,0
2019-08-28 17:05:00,5,59,27.8,61,26.3,1012.2,0.0,0.0,6,780.6,0
2019-08-28 17:10:00,5,59,27.8,61,26.3,1012.2,0.0,0.0,12,780.6,0
2019-08-28 17:15:00,5,59,27.8,61,26.2,1012.2,0.3,0.7,10,780.6,0
2019-08-28 17:20:00,5,59,27.8,61,26.0,1012.2,0.0,0.0,2,780.6,0
2019-08-28 17:25:00,5,59,27.8,63,25.9,1012.4,0.0,0.3,0,780.6,0
2019-08-28 17:30:00,5,59,27.8,63,25.8,1012.4,0.3,1.4,4,780.6,0
2019-08-28 17:35:00,5,59,27.6,63,25.6,1012.6,0.3,1.4,2,780.6,0
2019-08-28 17:40:00,5,59,27.6,63,25.4,1012.7,0.0,0.3,2,780.6,0
2019-08-28 17:45:00,5,58,27.6,63,25.3,1012.8,0.7,1.7,6,780.6,0
2019-08-28 17:50:00,5,58,27.6,63,25.1,1012.9,0.3,1.7,4,780.6,0
2019-08-28 17:55:00,5,58,27.5,65,24.9,1013.0,0.7,1.4,6,780.6,0
2019-08-28 18:00:00,5,58,27.5,65,24.6,1013.1,1.4,2.0,2,780.6,0
2019-08-28 18:05:00,5,58,27.4,65,24.6,1013.2,1.4,2.0,2,780.6,0
2019-08-28 18:10:00,5,58,27.4,64,24.0,1013.3,1.4,2.4,10,780.6,0
2019-08-28 18:15:00,5,58,27.4,64,23.6,1013.3,0.7,1.4,8,780.6,0
2019-08-28 18:20:00,5,58,27.3,64,23.2,1013.5,0.7,1.7,4,780.6,0
2019-08-28 18:25:00,5,58,27.3,64,23.2,1013.5,0.0,0.0,4,780.6,0
2019-08-28 18:30:00,5,58,27.2,64,23.2,1013.6,0.7,1.0,0,780.6,0
2019-08-28 18:35:00,5,58,27.2,64,23.2,1013.5,0.3,1.0,6,780.6,0
2019-08-28 18:40:00,5,59,26.8,64,23.1,1013.6,1.0,2.4,8,780.6,0
2019-08-28 18:45:00,5,60,26.8,64,23.0,1013.7,0.3,0.7,0,780.6,0
2019-08-28 18:50:00,5,60,26.8,64,22.9,1013.8,1.0,1.7,8,780.6,0
2019-08-28 18:55:00,5,60,26.8,65,22.8,1014.0,0.3,1.0,0,780.6,0
2019-08-28 19:00:00,5,60,26.8,66,22.7,1014.0,0.0,0.3,2,780.6,0
2019-08-28 19:05:00,5,60,26.8,66,22.7,1014.0,0.3,1.4,10,780.6,0
2019-08-28 19:10:00,5,61,26.7,67,22.6,1014.1,1.0,1.7,8,780.6,0
2019-08-28 19:15:00,5,61,26.7,68,22.5,1014.3,0.0,1.7,8,780.6,0
2019-08-28 19:20:00,5,60,26.7,69,22.5,1014.4,0.0,0.0,2,780.6,0
2019-08-28 19:25:00,5,59,26.7,69,22.4,1014.4,0.0,0.7,8,780.6,0
2019-08-28 19:30:00,5,58,26.6,70,22.3,1014.6,1.0,2.0,10,780.6,0
2019-08-28 19:35:00,5,58,26.5,71,22.2,1014.6,1.0,1.7,6,780.6,0
2019-08-28 19:40:00,5,58,26.4,71,22.1,1014.7,1.0,2.0,10,780.6,0
2019-08-28 19:45:00,5,58,26.3,72,22.0,1014.6,0.0,0.0,6,780.6,0
2019-08-28 19:50:00,5,58,26.3,74,21.9,1014.7,0.0,0.0,8,780.6,0
2019-08-28 19:55:00,5,58,26.3,75,21.8,1014.8,0.0,0.0,6,780.6,0
2019-08-28 20:00:00,5,58,26.2,75,21.8,1014.9,1.4,2.0,6,780.6,0
2019-08-28 20:05:00,5,59,26.2,75,21.8,1015.0,1.4,2.0,6,780.6,0
2019-08-28 20:10:00,5,59,26.2,78,21.6,1015.1,1.0,1.4,6,780.6,0
2019-08-28 20:15:00,5,59,26.2,78,21.5,1015.2,0.0,0.3,6,780.6,0
2019-08-28 20:20:00,5,59,26.2,78,21.5,1015.3,0.0,0.3,8,780.6,0
2019-08-28 20:25:00,5,59,26.2,78,21.4,1015.3,0.7,1.4,8,780.6,0
2019-08-28 20:30:00,5,60,26.2,77,21.4,1015.4,0.0,0.3,6,780.6,0
2019-08-28 20:35:00,5,60,26.2,77,21.4,1015.4,0.0,0.0,12,780.6,0
2019-08-28 20:40:00,5,59,26.2,76,21.3,1015.4,0.0,0.0,8,780.6,0
2019-08-28 20:45:00,5,59,26.2,76,21.3,1015.4,0.0,0.0,6,780.6,0
2019-08-28 20:50:00,5,59,26.2,76,21.3,1015.5,0.0,0.7,6,780.6,0
2019-08-28 20:55:00,5,59,26.2,76,21.2,1015.6,0.0,0.0,8,780.6,0
2019-08-28 21:00:00,5,60,25.4,76,21.2,1015.7,0.7,1.4,8,780.6,0
2019-08-28 21:05:00,5,60,25.4,76,21.2,1015.9,0.3,1.4,8,780.6,0
2019-08-28 21:10:00,5,60,25.4,76,21.1,1015.8,0.0,0.0,4,780.6,0
2019-08-28 21:15:00,5,60,25.4,76,21.1,1015.9,0.0,0.0,6,780.6,0
2019-08-28 21:20:00,5,60,25.3,76,21.0,1016.1,0.3,1.0,8,780.6,0
2019-08-28 21:25:00,5,59,25.3,76,21.0,1016.0,0.0,0.0,2,780.6,0
2019-08-28 21:30:00,5,59,25.3,76,21.0,1016.2,0.7,1.4,8,780.6,0
2019-08-28 21:35:00,5,59,25.3,77,20.9,1016.3,0.0,0.0,6,780.6,0
2019-08-28 21:40:00,5,59,25.3,77,20.9,1016.5,0.7,1.0,6,780.6,0
2019-08-28 21:45:00,5,60,25.3,78,20.8,1016.5,0.7,1.0,10,780.6,0
2019-08-28 21:50:00,5,60,25.2,78,20.8,1016.8,0.0,0.0,6,780.6,0
2019-08-28 21:55:00,5,61,25.2,79,20.7,1016.8,0.0,1.0,6,780.6,0
2019-08-28 22:00:00,5,61,25.1,80,20.6,1016.8,0.0,0.0,6,780.6,0
2019-08-28 22:05:00,5,61,25.0,80,20.6,1016.9,0.0,0.0,6,780.6,0
2019-08-28 22:10:00,5,61,25.0,80,20.6,1017.0,0.0,0.3,6,780.6,0
2019-08-28 22:15:00,5,61,25.0,80,20.6,1016.9,0.0,0.0,10,780.6,0
2019-08-28 22:20:00,5,62,24.8,80,20.5,1017.2,0.7,1.0,8,780.6,0
2019-08-28 22:25:00,5,62,24.8,80,20.5,1017.2,0.0,0.0,6,780.6,0
2019-08-28 22:30:00,5,63,24.8,81,20.5,1017.3,0.3,1.0,8,780.6,0
2019-08-28 22:35:00,5,63,24.7,81,20.4,1017.4,0.0,0.0,8,780.6,0
2019-08-28 22:40:00,5,63,24.7,81,20.4,1017.5,1.0,1.7,4,780.6,0
2019-08-28 22:45:00,5,63,24.7,81,20.3,1017.4,0.7,1.4,6,780.6,0
2019-08-28 22:50:00,5,63,24.6,81,20.3,1017.5,1.0,2.0,6,780.6,0
2019-08-28 22:55:00,5,62,24.5,81,20.3,1017.5,0.0,0.0,8,780.6,0
2019-08-28 23:00:00,5,62,24.5,81,20.3,1017.5,0.3,0.7,4,780.6,0
2019-08-28 23:05:00,5,62,24.5,80,20.3,1017.6,1.0,2.0,4,780.6,0
2019-08-28 23:10:00,5,62,24.5,80,20.3,1017.6,0.7,1.0,6,780.6,0
2019-08-28 23:15:00,5,62,24.5,80,20.2,1017.6,0.3,1.0,6,780.6,0
2019-08-28 23:20:00,5,62,24.4,81,20.2,1017.8,1.0,1.4,6,780.6,0
2019-08-28 23:25:00,5,62,24.4,81,20.2,1017.9,0,0,8,780.6,0
2019-08-28 23:30:00,5,62,24.4,81,20.2,1017.7,0,0.3,8,780.6,0
2019-08-28 23:35:00,5,62,24.4,81,20.1,1017.8,0,0,8,780.6,0
2019-08-28 23:40:00,5,63,24.2,81,20.1,1017.8,0,0.3,8,780.6,0
2019-08-28 23:45:00,5,63,24.2,81,20.1,1017.9,0,0.3,6,780.6,0
2019-08-28 23:50:00,5,63,24.2,81,20.1,1017.9,0,0,8,780.6,0
2019-08-28 23:55:00,5,63,24.2,81,20.0,1018.0,0,0,8,780.6,0
