2023-08-11 00:03:01,5,60,23.3,87,17.4,1022.7,0.0,0.0,15,3792.6,0
2023-08-11 00:08:01,5,60,23.3,87,17.3,1022.8,0.0,0.0,15,3792.6,0
2023-08-11 00:13:01,5,60,23.3,88,17.3,1022.8,0.0,0.0,15,3792.6,0
2023-08-11 00:18:01,5,60,23.3,88,17.1,1022.8,0.0,0.0,15,3792.6,0
2023-08-11 00:23:01,5,60,23.2,88,17.1,1022.8,0.0,0.0,15,3792.6,0
2023-08-11 00:28:01,5,60,23.2,89,17.0,1022.8,0.0,0.0,15,3792.6,0
2023-08-11 00:33:01,5,60,23.2,89,16.9,1022.7,0.0,0.0,15,3792.6,0
2023-08-11 00:38:01,5,60,23.2,89,16.9,1022.7,0.0,0.0,15,3792.6,0
2023-08-11 00:43:01,5,61,23.2,89,16.8,1022.6,0.0,0.0,15,3792.6,0
2023-08-11 00:48:01,5,61,23.1,90,16.7,1022.6,0.0,0.0,15,3792.6,0
2023-08-11 00:53:01,5,61,23.1,90,16.6,1022.6,0.0,0.0,15,3792.6,0
2023-08-11 00:58:01,5,61,23.1,90,16.6,1022.6,0.0,0.0,15,3792.6,0
2023-08-11 01:03:01,5,61,23.1,90,16.6,1022.5,0.0,0.0,15,3792.6,0
2023-08-11 01:08:01,5,61,23.1,90,16.8,1022.7,0.0,0.0,15,3792.6,0
2023-08-11 01:13:01,5,61,23.1,90,16.7,1022.5,0.0,0.0,15,3792.6,0
2023-08-11 01:18:01,5,61,23.1,90,16.7,1022.5,0.0,0.0,15,3792.6,0
2023-08-11 01:23:01,5,61,23.1,90,16.7,1022.6,0.0,0.0,15,3792.6,0
2023-08-11 01:28:01,5,61,23.1,90,16.7,1022.4,0.0,0.0,15,3792.6,0
2023-08-11 01:33:01,5,61,23.0,90,16.6,1022.5,0.0,0.0,15,3792.6,0
2023-08-11 01:38:01,5,61,23.0,90,16.6,1022.4,0.0,0.0,15,3792.6,0
2023-08-11 01:43:01,5,61,23.0,90,16.6,1022.4,0.0,0.0,15,3792.6,0
2023-08-11 01:48:01,5,61,23.0,90,16.6,1022.4,0.0,0.0,15,3792.6,0
2023-08-11 01:53:01,5,61,23.0,90,16.6,1022.5,0.0,0.0,15,3792.6,0
2023-08-11 01:58:01,5,61,23.0,90,16.6,1022.4,0.0,0.0,15,3792.6,0
2023-08-11 02:03:01,5,61,23.0,90,16.7,1022.5,0.0,0.0,15,3792.6,0
2023-08-11 02:08:01,5,60,22.9,90,16.6,1022.5,0.0,0.0,15,3792.6,0
2023-08-11 02:13:01,5,60,22.9,89,16.6,1022.6,0.0,0.0,15,3792.6,0
2023-08-11 02:18:01,5,60,22.9,90,16.4,1022.6,0.0,0.0,15,3792.6,0
2023-08-11 02:23:01,5,60,22.9,90,16.4,1022.6,0.0,0.0,15,3792.6,0
2023-08-11 02:28:01,5,60,22.9,90,16.4,1022.7,0.0,0.0,15,3792.6,0
2023-08-11 02:33:01,5,60,22.8,90,16.4,1022.6,0.0,0.0,15,3792.6,0
2023-08-11 02:38:01,5,60,22.8,90,16.3,1022.5,0.0,0.0,15,3792.6,0
2023-08-11 02:43:01,5,60,22.7,90,16.3,1022.5,0.0,0.0,15,3792.6,0
2023-08-11 02:48:01,5,60,22.7,90,16.3,1022.5,0.0,0.0,15,3792.6,0
2023-08-11 02:53:01,5,60,22.7,90,16.2,1022.5,0.0,0.0,15,3792.6,0
2023-08-11 02:58:01,5,60,22.7,90,16.1,1022.6,0.0,0.0,15,3792.6,0
2023-08-11 03:03:01,5,60,22.7,90,16.1,1022.6,0.0,0.0,15,3792.6,0
2023-08-11 03:08:01,5,60,22.7,90,16.1,1022.6,0.0,0.0,15,3792.6,0
2023-08-11 03:13:01,5,60,22.7,90,16.1,1022.6,0.0,0.0,15,3792.6,0
2023-08-11 03:18:01,5,60,22.6,90,16.0,1022.6,0.0,0.0,15,3792.6,0
2023-08-11 03:23:01,5,60,22.6,90,16.0,1022.5,0.0,0.0,15,3792.6,0
2023-08-11 03:28:01,5,60,22.6,91,16.0,1022.5,0.0,0.0,15,3792.6,0
2023-08-11 03:33:01,5,60,22.6,90,16.0,1022.6,0.0,0.0,15,3792.6,0
2023-08-11 03:38:01,5,60,22.6,90,16.1,1022.6,0.0,0.0,15,3792.6,0
2023-08-11 03:43:01,5,60,22.6,90,16.0,1022.6,0.0,0.0,15,3792.6,0
2023-08-11 03:48:01,5,60,22.6,90,16.0,1022.6,0.0,0.0,15,3792.6,0
2023-08-11 03:53:01,5,60,22.5,90,16.0,1022.6,0.0,0.0,15,3792.6,0
2023-08-11 03:58:01,5,60,22.5,90,16.0,1022.5,0.0,0.0,15,3792.6,0
2023-08-11 04:03:01,5,60,22.5,90,16.0,1022.5,0.0,0.0,15,3792.6,0
2023-08-11 04:08:01,5,60,22.5,90,16.0,1022.5,0.0,0.0,15,3792.6,0
2023-08-11 04:13:01,5,60,22.5,90,16.0,1022.3,0.0,0.0,15,3792.6,0
2023-08-11 04:18:01,5,60,22.5,90,16.0,1022.4,0.0,0.0,15,3792.6,0
2023-08-11 04:23:01,5,60,22.4,89,16.1,1022.4,0.0,0.0,15,3792.6,0
2023-08-11 04:28:01,5,60,22.4,89,16.2,1022.2,0.0,0.0,15,3792.6,0
2023-08-11 04:33:01,5,60,22.4,89,16.3,1022.2,0.0,0.0,0,3792.6,0
2023-08-11 04:38:01,5,60,22.4,88,16.3,1022.3,0.0,0.0,0,3792.6,0
2023-08-11 04:43:01,5,60,22.4,88,16.3,1022.3,0.0,0.0,15,3792.6,0
2023-08-11 04:48:01,5,60,22.3,88,16.4,1022.2,0.0,0.0,15,3792.6,0
2023-08-11 04:53:01,5,60,22.4,88,16.5,1022.2,0.0,0.0,14,3792.6,0
2023-08-11 04:58:01,5,60,22.4,88,16.5,1022.3,0.0,0.0,15,3792.6,0
2023-08-11 05:03:01,5,60,22.4,88,16.6,1022.2,0.0,0.0,15,3792.6,0
2023-08-11 05:08:01,5,60,22.4,88,16.6,1022.3,0.0,0.0,15,3792.6,0
2023-08-11 05:13:01,5,60,22.4,88,16.7,1022.1,0.0,0.0,15,3792.6,0
2023-08-11 05:18:01,5,60,22.4,87,17.2,1022.3,0.0,0.0,15,3792.6,0
2023-08-11 05:23:01,5,60,22.5,86,17.7,1022.3,0.0,0.0,15,3792.6,0
2023-08-11 05:28:01,5,60,22.5,85,18.5,1022.1,0.0,0.0,15,3792.6,0
2023-08-11 05:33:01,5,60,22.5,82,19.0,1022.1,0.0,0.0,3,3792.6,0
2023-08-11 05:38:01,5,60,22.6,81,18.9,1022.0,0.0,0.7,11,3792.6,0
2023-08-11 05:43:01,5,60,22.7,80,18.9,1021.9,0.0,0.0,13,3792.6,0
2023-08-11 05:48:01,5,60,22.9,80,19.3,1021.8,0.0,0.0,8,3792.6,0
2023-08-11 05:53:01,5,62,23.0,79,19.2,1021.6,0.0,0.0,8,3792.6,0
2023-08-11 05:58:01,5,61,23.1,79,19.4,1021.6,0.0,0.7,9,3792.6,0
2023-08-11 06:03:01,5,61,23.4,79,19.5,1021.5,0.0,0.0,8,3792.6,0
2023-08-11 06:08:01,5,61,23.5,79,19.8,1021.5,0.0,0.0,7,3792.6,0
2023-08-11 06:13:01,5,61,23.6,79,19.8,1021.3,0.3,0.7,8,3792.6,0
2023-08-11 06:18:01,5,60,23.7,78,19.9,1021.3,0.0,0.0,8,3792.6,0
2023-08-11 06:23:01,5,60,23.8,78,20.5,1021.2,0.0,0.0,8,3792.6,0
2023-08-11 06:28:01,5,60,23.8,76,21.0,1021.1,0.0,0.0,7,3792.6,0
2023-08-11 06:33:01,5,60,23.8,75,21.1,1021.1,0.0,0.0,10,3792.6,0
2023-08-11 06:38:01,5,60,23.9,75,21.4,1021.1,0.0,0.0,8,3792.6,0
2023-08-11 06:43:01,5,58,24.0,74,21.8,1021.1,0.0,0.0,7,3792.6,0
2023-08-11 06:48:01,5,58,24.0,72,21.9,1021.0,0.0,0.7,7,3792.6,0
2023-08-11 06:53:01,5,59,23.9,73,22.3,1021.0,0.0,0.0,8,3792.6,0
2023-08-11 06:58:01,5,59,23.9,73,22.4,1021.0,0.0,0.0,9,3792.6,0
2023-08-11 07:03:01,5,60,23.9,73,22.5,1021.0,0.0,0.0,6,3792.6,0
2023-08-11 07:08:01,5,60,23.9,73,22.4,1021.0,0.0,0.0,8,3792.6,0
2023-08-11 07:13:01,5,60,23.9,73,22.5,1021.0,0.0,0.7,8,3792.6,0
2023-08-11 07:18:01,5,60,23.9,73,22.9,1021.1,0.0,0.0,7,3792.6,0
2023-08-11 07:23:01,5,60,24.0,70,22.8,1021.1,0.3,0.7,8,3792.6,0
2023-08-11 07:28:01,5,60,24.0,70,23.1,1021.0,0.0,0.7,7,3792.6,0
2023-08-11 07:33:01,5,60,24.0,71,23.0,1021.0,0.0,0.7,7,3792.6,0
2023-08-11 07:38:01,5,60,24.1,70,23.1,1020.9,0.0,0.0,13,3792.6,0
2023-08-11 07:43:01,5,60,24.1,70,23.1,1020.9,0.3,0.7,7,3792.6,0
2023-08-11 07:48:01,5,60,24.1,69,23.2,1020.9,0.7,1.0,7,3792.6,0
2023-08-11 07:53:01,5,60,24.1,68,23.7,1020.7,0.0,0.7,7,3792.6,0
2023-08-11 07:58:01,5,59,24.1,67,23.8,1020.7,0.7,1.7,10,3792.6,0
2023-08-11 08:03:01,5,59,24.2,69,23.8,1020.7,0.3,1.0,8,3792.6,0
2023-08-11 08:08:01,5,59,24.2,69,23.7,1020.7,0.3,1.0,7,3792.6,0
2023-08-11 08:13:01,5,59,24.2,68,23.6,1020.8,0.7,1.7,7,3792.6,0
2023-08-11 08:18:01,5,59,24.2,67,24.5,1020.8,0.0,0.7,1,3792.6,0
2023-08-11 08:23:01,5,59,24.3,66,24.8,1020.8,0.3,0.7,8,3792.6,0
2023-08-11 08:28:01,5,59,24.3,66,25.1,1020.8,0.0,0.7,7,3792.6,0
2023-08-11 08:33:01,5,59,24.3,65,25.1,1020.7,0.0,0.7,9,3792.6,0
2023-08-11 08:38:01,5,59,24.3,67,24.7,1020.7,0.7,1.7,7,3792.6,0
2023-08-11 08:43:01,5,59,24.3,67,24.9,1020.8,0.7,1.0,7,3792.6,0
2023-08-11 08:48:01,5,59,24.3,67,25.0,1020.8,0.7,1.0,11,3792.6,0
2023-08-11 08:53:01,5,59,24.3,67,25.0,1020.7,0.3,0.7,7,3792.6,0
2023-08-11 08:58:01,5,59,24.3,66,25.5,1020.7,0.3,1.0,8,3792.6,0
2023-08-11 09:03:01,5,60,24.3,63,25.7,1020.7,1.0,1.7,5,3792.6,0
2023-08-11 09:08:01,5,60,24.4,65,25.5,1020.6,0.0,0.7,7,3792.6,0
2023-08-11 09:13:01,5,60,24.4,63,25.8,1020.6,0.7,1.7,6,3792.6,0
2023-08-11 09:18:01,5,60,24.4,64,25.5,1020.6,1.4,2.0,6,3792.6,0
2023-08-11 09:23:01,5,60,24.4,63,25.6,1020.6,0.7,1.7,5,3792.6,0
2023-08-11 09:28:01,5,60,24.4,64,26.1,1020.5,0.0,0.7,3,3792.6,0
2023-08-11 09:33:01,5,60,24.4,63,26.3,1020.6,0.0,0.7,10,3792.6,0
2023-08-11 09:38:01,5,60,24.5,62,26.3,1020.5,0.7,1.0,4,3792.6,0
2023-08-11 09:43:01,5,60,24.5,63,26.7,1020.6,0.3,1.0,5,3792.6,0
2023-08-11 09:48:01,5,60,24.6,63,26.1,1020.6,1.4,2.0,7,3792.6,0
2023-08-11 09:53:01,5,60,24.6,63,26.2,1020.6,0.7,1.7,10,3792.6,0
2023-08-11 09:58:01,5,60,24.6,62,26.5,1020.4,0.7,1.7,8,3792.6,0
2023-08-11 10:03:01,5,60,24.6,63,26.5,1020.5,0.7,1.7,7,3792.6,0
2023-08-11 10:08:01,5,60,24.6,62,26.8,1020.5,0.7,1.7,7,3792.6,0
2023-08-11 10:13:01,5,60,24.7,61,27.2,1020.4,0.3,1.0,5,3792.6,0
2023-08-11 10:18:01,5,60,24.7,60,28.0,1020.3,0.7,1.0,6,3792.6,0
2023-08-11 10:23:01,5,60,24.7,60,27.5,1020.4,1.4,2.7,9,3792.6,0
2023-08-11 10:28:01,5,60,24.7,60,27.7,1020.2,0.3,0.7,0,3792.6,0
2023-08-11 10:33:01,5,60,24.7,60,27.7,1020.1,1.0,1.7,8,3792.6,0
2023-08-11 10:38:01,5,60,24.7,61,27.7,1020.2,0.3,1.0,6,3792.6,0
2023-08-11 10:43:01,5,61,24.7,60,27.6,1020.1,1.4,2.7,5,3792.6,0
2023-08-11 10:48:01,5,60,24.7,61,27.8,1020.3,0.0,0.7,8,3792.6,0
2023-08-11 10:53:01,5,60,24.7,59,28.0,1020.2,1.0,2.0,6,3792.6,0
2023-08-11 10:58:01,5,61,24.7,60,28.4,1020.1,0.3,1.0,11,3792.6,0
2023-08-11 11:03:01,5,61,24.8,58,28.4,1020.1,1.0,2.0,8,3792.6,0
2023-08-11 11:08:01,5,61,24.9,60,27.8,1020.3,1.4,2.0,6,3792.6,0
2023-08-11 11:13:01,5,61,24.8,62,27.7,1020.1,0.7,1.7,13,3792.6,0
2023-08-11 11:18:01,5,61,24.8,60,28.4,1020.1,0.7,1.7,7,3792.6,0
2023-08-11 11:23:01,5,61,24.9,59,28.2,1020.2,0.7,1.0,9,3792.6,0
2023-08-11 11:28:01,5,61,24.9,60,28.1,1020.1,0.3,1.0,6,3792.6,0
2023-08-11 11:33:01,5,61,24.9,62,27.5,1020.2,1.0,2.0,10,3792.6,0
2023-08-11 11:38:01,5,61,24.9,64,27.2,1020.3,1.0,1.7,8,3792.6,0
2023-08-11 11:43:01,5,61,24.9,64,27.1,1020.3,1.4,3.1,7,3792.6,0
2023-08-11 11:48:01,5,61,24.9,65,26.6,1020.2,1.7,2.7,7,3792.6,0
2023-08-11 11:53:01,5,61,24.9,63,27.1,1020.1,1.7,2.0,7,3792.6,0
2023-08-11 11:58:01,5,60,25.0,62,27.8,1020.1,1.0,2.7,6,3792.6,0
2023-08-11 12:03:01,5,60,25.0,63,27.4,1020.2,1.7,3.7,5,3792.6,0
2023-08-11 12:08:01,5,60,25.0,65,27.2,1020.0,0.3,1.7,7,3792.6,0
2023-08-11 12:13:01,5,60,25.0,65,27.3,1020.0,0.7,1.7,5,3792.6,0
2023-08-11 12:18:01,5,60,25.0,64,27.0,1020.0,1.7,2.7,7,3792.6,0
2023-08-11 12:23:01,5,60,25.0,64,27.6,1020.0,0.7,1.0,4,3792.6,0
2023-08-11 12:28:01,5,60,25.0,64,27.7,1020.1,0.3,1.0,5,3792.6,0
2023-08-11 12:33:01,5,60,25.1,64,27.6,1020.1,0.7,1.0,5,3792.6,0
2023-08-11 12:38:01,5,60,25.1,65,26.9,1020.2,1.4,2.7,6,3792.6,0
2023-08-11 12:43:01,5,60,25.1,66,26.8,1020.2,0.7,1.7,7,3792.6,0
2023-08-11 12:48:01,5,60,25.1,65,26.9,1020.0,0.7,1.7,6,3792.6,0
2023-08-11 12:53:01,5,60,25.1,65,27.1,1020.1,0.3,1.0,6,3792.6,0
2023-08-11 12:58:01,5,60,25.1,67,26.5,1020.0,0.3,1.0,5,3792.6,0
2023-08-11 13:03:01,5,60,25.1,67,26.2,1020.1,1.7,2.7,7,3792.6,0
2023-08-11 13:08:01,5,60,25.1,68,26.3,1020.0,0.7,1.7,4,3792.6,0
2023-08-11 13:13:01,5,60,25.1,69,26.4,1020.0,1.4,2.7,5,3792.6,0
2023-08-11 13:18:01,5,60,25.1,69,26.2,1020.0,1.0,2.0,5,3792.6,0
2023-08-11 13:23:01,5,60,25.1,70,25.9,1019.9,0.7,2.0,4,3792.6,0
2023-08-11 13:28:01,5,60,25.1,70,25.8,1019.9,0.7,1.0,7,3792.6,0
2023-08-11 13:33:01,5,60,25.1,70,25.2,1019.9,1.7,3.7,8,3792.6,0
2023-08-11 13:38:01,5,60,25.1,71,24.8,1019.9,1.7,3.7,8,3792.6,0
2023-08-11 13:43:01,5,60,25.1,71,25.1,1020.0,0.7,1.7,7,3792.6,0
2023-08-11 13:48:01,5,60,25.1,71,25.3,1019.8,0.7,1.7,8,3792.6,0
2023-08-11 13:53:01,5,60,25.1,71,25.1,1020.0,1.0,2.0,7,3792.6,0
2023-08-11 13:58:01,5,60,25.1,73,24.9,1019.8,0.3,1.0,1,3792.6,0
2023-08-11 14:03:01,5,60,25.1,73,24.8,1019.9,0.7,1.7,7,3792.6,0
2023-08-11 14:08:01,5,61,25.1,73,24.8,1019.8,0.3,1.0,5,3792.6,0
2023-08-11 14:13:01,5,61,25.1,74,24.9,1019.8,0.7,1.7,4,3792.6,0
2023-08-11 14:18:01,5,61,25.1,73,25.1,1019.7,0.3,1.0,6,3792.6,0
2023-08-11 14:23:01,5,61,25.1,74,24.4,1019.8,1.0,1.7,7,3792.6,0
2023-08-11 14:28:01,5,61,25.1,76,24.1,1019.8,1.0,2.0,9,3792.6,0
2023-08-11 14:33:01,5,61,25.1,76,24.0,1019.8,1.0,2.0,7,3792.6,0
2023-08-11 14:38:01,5,61,25.1,76,24.2,1019.8,0.3,0.7,6,3792.6,0
2023-08-11 14:43:01,5,61,25.1,76,24.2,1019.7,0.7,1.7,6,3792.6,0
2023-08-11 14:48:01,5,61,25.1,76,24.5,1019.7,0.3,0.7,2,3792.6,0
2023-08-11 14:53:01,5,61,25.1,76,24.6,1019.8,0.0,0.7,5,3792.6,0
2023-08-11 14:58:01,5,61,25.1,76,24.2,1019.7,0.7,1.7,8,3792.6,0
2023-08-11 15:03:01,5,61,25.1,77,23.7,1019.8,1.0,2.0,5,3792.6,0
2023-08-11 15:08:01,5,62,25.1,78,23.7,1019.7,0.7,1.7,6,3792.6,0
2023-08-11 15:13:01,5,62,25.1,78,23.7,1019.8,1.0,2.0,8,3792.6,0
2023-08-11 15:18:01,5,62,25.1,78,23.8,1019.7,1.0,2.0,6,3792.6,0
2023-08-11 15:23:01,5,62,25.1,79,23.5,1019.7,1.0,2.0,5,3792.6,0
2023-08-11 15:28:01,5,62,25.1,79,23.5,1019.7,1.4,3.1,3,3792.6,0
2023-08-11 15:33:01,5,62,25.1,79,23.4,1019.6,0.7,1.7,7,3792.6,0
2023-08-11 15:38:01,5,62,25.1,77,23.5,1019.5,0.7,2.0,3,3792.6,0
2023-08-11 15:43:01,5,62,25.1,79,23.3,1019.5,1.0,1.7,7,3792.6,0
2023-08-11 15:48:01,5,62,25.1,79,23.3,1019.4,0.7,1.0,5,3792.6,0
2023-08-11 15:53:01,5,62,25.1,78,23.5,1019.5,0.7,1.0,6,3792.6,0
2023-08-11 15:58:01,5,62,25.1,78,23.5,1019.5,0.7,1.0,10,3792.6,0
2023-08-11 16:03:01,5,62,25.1,78,23.4,1019.3,1.0,1.7,4,3792.6,0
2023-08-11 16:08:01,5,62,25.1,78,23.4,1019.4,1.0,2.0,7,3792.6,0
2023-08-11 16:13:01,5,62,25.1,79,23.2,1019.3,1.0,2.0,4,3792.6,0
2023-08-11 16:18:01,5,62,25.1,79,23.4,1019.3,0.0,0.7,4,3792.6,0
2023-08-11 16:23:01,5,62,25.1,79,23.6,1019.1,0.3,0.7,3,3792.6,0
2023-08-11 16:28:01,5,63,25.1,79,23.6,1019.2,0.3,1.0,6,3792.6,0
2023-08-11 16:33:01,5,62,25.1,79,23.6,1019.2,0.0,1.0,4,3792.6,0
2023-08-11 16:38:01,5,63,25.1,79,23.3,1019.1,1.0,1.7,6,3792.6,0
2023-08-11 16:43:01,5,63,25.1,80,23.1,1019.2,0.3,1.0,7,3792.6,0
2023-08-11 16:48:01,5,63,25.1,80,22.9,1019.2,0.7,1.0,6,3792.6,0
2023-08-11 16:53:01,5,62,25.1,81,22.9,1019.2,0.7,1.7,4,3792.6,0
2023-08-11 16:58:01,5,62,25.1,81,22.8,1019.2,0.7,1.7,6,3792.6,0
2023-08-11 17:03:01,5,62,25.1,82,22.7,1019.3,0.3,1.0,6,3792.6,0
2023-08-11 17:08:01,5,63,25.1,82,22.7,1019.1,0.0,0.7,2,3792.6,0
2023-08-11 17:13:01,5,63,25.1,82,22.7,1019.1,0.7,1.7,8,3792.6,0
2023-08-11 17:18:01,5,63,25.1,82,22.6,1019.2,0.3,0.7,1,3792.6,0
2023-08-11 17:23:01,5,63,25.1,82,22.5,1019.1,0.7,1.0,7,3792.6,0
2023-08-11 17:28:01,5,63,25.1,81,22.4,1019.1,0.3,1.0,7,3792.6,0
2023-08-11 17:33:01,5,62,25.1,82,22.4,1019.0,0.0,1.0,2,3792.6,0
2023-08-11 17:38:01,5,62,25.1,82,22.2,1019.1,0.7,1.7,8,3792.6,0
2023-08-11 17:43:01,5,62,25.1,83,22.2,1019.1,0.3,0.7,2,3792.6,0
2023-08-11 17:48:01,5,62,25.1,83,22.1,1019.0,0.3,0.7,4,3792.6,0
2023-08-11 17:53:01,5,62,25.1,83,22.0,1019.0,0.7,1.7,12,3792.6,0
2023-08-11 17:58:01,5,62,25.1,83,21.9,1019.2,0.3,1.0,7,3792.6,0
2023-08-11 18:03:01,5,62,25.1,83,21.8,1019.2,0.7,1.7,3,3792.6,0
2023-08-11 18:08:01,5,62,25.1,83,21.7,1019.2,0.7,1.0,6,3792.6,0
2023-08-11 18:13:01,5,62,25.1,84,21.6,1019.3,0.3,0.7,7,3792.6,0
2023-08-11 18:18:01,5,62,25.1,84,21.6,1019.3,0.0,0.0,3,3792.6,0
2023-08-11 18:23:01,5,62,25.1,85,21.6,1019.5,0.3,1.0,6,3792.6,0
2023-08-11 18:28:01,5,62,25.1,86,21.5,1019.4,0.0,0.7,6,3792.6,0
2023-08-11 18:33:01,5,63,25.1,85,21.3,1019.4,1.0,2.0,8,3792.6,0
2023-08-11 18:38:01,5,63,25.1,86,21.3,1019.4,0.0,0.7,6,3792.6,0
2023-08-11 18:43:01,5,63,25.1,86,21.2,1019.3,0.7,1.0,4,3792.6,0
2023-08-11 18:48:01,5,63,25.1,86,21.1,1019.4,0.7,1.0,7,3792.6,0
2023-08-11 18:53:01,5,63,25.1,86,21.1,1019.5,0.0,0.0,7,3792.6,0
2023-08-11 18:58:01,5,63,25.1,86,21.0,1019.5,1.0,1.7,6,3792.6,0
2023-08-11 19:03:01,5,63,25.1,86,21.1,1019.5,0.0,0.0,5,3792.6,0
2023-08-11 19:08:01,5,63,25.0,86,21.1,1019.6,0.0,0.0,6,3792.6,0
2023-08-11 19:13:01,5,62,25.0,86,21.0,1019.7,0.0,0.0,5,3792.6,0
2023-08-11 19:18:01,5,63,25.0,86,21.1,1019.7,0.0,0.0,4,3792.6,0
2023-08-11 19:23:01,5,63,25.0,86,21.0,1019.6,0.0,0.0,7,3792.6,0
2023-08-11 19:28:01,5,63,25.0,86,21.0,1019.7,0.0,0.0,7,3792.6,0
2023-08-11 19:33:01,5,64,24.9,87,21.0,1019.7,0.0,0.7,6,3792.6,0
2023-08-11 19:38:01,5,64,24.8,87,20.9,1019.7,0.0,0.0,6,3792.6,0
2023-08-11 19:43:01,5,64,24.8,87,20.9,1019.7,0.0,0.0,6,3792.6,0
2023-08-11 19:48:01,5,64,24.8,87,20.9,1019.7,0.0,0.0,6,3792.6,0
2023-08-11 19:53:01,5,64,24.7,87,20.9,1019.7,0.0,0.0,6,3792.6,0
2023-08-11 19:58:01,5,64,24.7,88,20.9,1019.8,0.0,0.0,6,3792.6,0
2023-08-11 20:03:01,5,65,24.7,88,20.8,1019.9,0.0,0.0,6,3792.6,0
2023-08-11 20:08:01,5,65,24.7,88,20.8,1019.9,0.0,0.0,6,3792.6,0
2023-08-11 20:13:01,5,65,24.7,88,20.8,1019.6,0.0,0.0,6,3792.6,0
2023-08-11 20:18:01,5,65,24.6,88,20.8,1019.7,0.0,0.0,6,3792.6,0
2023-08-11 20:23:01,5,65,24.6,88,20.8,1019.8,0.0,0.7,6,3792.6,0
2023-08-11 20:28:01,5,65,24.6,88,20.7,1019.8,0.0,0.0,6,3792.6,0
2023-08-11 20:33:01,5,65,24.5,88,20.7,1019.8,0.7,1.7,7,3792.6,0
2023-08-11 20:38:01,5,65,24.4,88,20.7,1019.8,0.0,0.7,7,3792.6,0
2023-08-11 20:43:01,5,65,24.4,88,20.7,1019.8,0.0,0.0,7,3792.6,0
2023-08-11 20:48:01,5,65,24.4,88,20.6,1019.8,0.0,0.0,7,3792.6,0
2023-08-11 20:53:01,5,65,24.4,88,20.6,1019.9,0.0,0.0,7,3792.6,0
2023-08-11 20:58:01,5,65,24.4,89,20.6,1019.8,0.0,0.0,7,3792.6,0
2023-08-11 21:03:01,5,65,24.4,89,20.5,1019.8,0.0,0.0,7,3792.6,0
2023-08-11 21:08:01,5,65,24.3,89,20.5,1019.9,0.0,0.0,7,3792.6,0
2023-08-11 21:13:01,5,66,24.3,90,20.4,1019.8,0.0,0.0,7,3792.6,0
2023-08-11 21:18:01,5,66,24.3,90,20.3,1019.9,0.0,0.0,7,3792.6,0
2023-08-11 21:23:01,5,66,24.3,90,20.3,1020.0,0.0,0.0,7,3792.6,0
2023-08-11 21:28:01,5,66,24.3,91,20.2,1019.8,0.0,0.0,7,3792.6,0
2023-08-11 21:33:01,5,66,24.2,91,20.1,1019.9,0.0,0.0,7,3792.6,0
2023-08-11 21:38:01,5,66,24.1,91,20.1,1019.9,0.0,0.0,7,3792.6,0
2023-08-11 21:43:01,5,66,24.1,91,20.1,1019.9,0.0,0.0,7,3792.6,0
2023-08-11 21:48:01,5,66,24.1,91,20.0,1019.9,0.0,0.0,7,3792.6,0
2023-08-11 21:53:01,5,67,24.1,91,20.0,1020.0,0.0,0.0,7,3792.6,0
2023-08-11 21:58:01,5,67,24.1,92,19.9,1020.0,0.0,0.0,7,3792.6,0
2023-08-11 22:03:01,5,67,24.1,92,19.9,1019.9,0.0,0.0,7,3792.6,0
2023-08-11 22:08:01,5,67,24.0,92,19.8,1019.9,0.0,0.0,7,3792.6,0
2023-08-11 22:13:01,5,67,24.0,92,19.7,1020.0,0.0,0.0,7,3792.6,0
2023-08-11 22:18:01,5,67,24.0,92,19.7,1020.0,0.0,0.0,7,3792.6,0
2023-08-11 22:23:01,5,67,24.0,92,19.6,1019.9,0.0,0.0,7,3792.6,0
2023-08-11 22:28:01,5,67,24.0,92,19.6,1019.9,0.0,0.0,7,3792.6,0
2023-08-11 22:33:01,5,67,24.0,92,19.6,1020.0,0.0,0.0,7,3792.6,0
2023-08-11 22:38:01,5,67,24.0,92,19.6,1019.8,0.0,0.0,7,3792.6,0
2023-08-11 22:43:01,5,67,24.0,92,19.6,1020.0,0.0,0.0,7,3792.6,0
2023-08-11 22:48:01,5,67,24.0,92,19.6,1019.9,0.0,0.0,7,3792.6,0
2023-08-11 22:53:01,5,68,23.9,92,19.6,1019.9,0.0,0.0,7,3792.6,0
2023-08-11 22:58:01,5,68,23.9,92,19.5,1019.8,0.0,0.0,7,3792.6,0
2023-08-11 23:03:01,5,68,23.9,92,19.5,1019.8,0.0,0.0,7,3792.6,0
2023-08-11 23:08:01,5,68,23.9,92,19.5,1019.8,0,0,7,3792.6,0
2023-08-11 23:13:01,5,68,23.8,92,19.5,1019.7,0,0,7,3792.6,0
2023-08-11 23:18:01,5,68,23.8,93,19.5,1019.6,0,0,7,3792.6,0
2023-08-11 23:23:01,5,68,23.8,93,19.5,1019.6,0,0,7,3792.6,0
2023-08-11 23:28:01,5,69,23.8,93,19.5,1019.9,0,0,7,3792.6,0
2023-08-11 23:33:01,5,69,23.8,93,19.5,1019.8,0,0,7,3792.6,0
2023-08-11 23:38:01,5,69,23.8,93,19.5,1019.7,0,0,7,3792.6,0
2023-08-11 23:43:01,5,69,23.8,93,19.5,1019.8,0,0,7,3792.6,0
2023-08-11 23:48:01,5,69,23.8,93,19.5,1019.9,0,0,7,3792.6,0
2023-08-11 23:53:01,5,69,23.8,93,19.5,1019.6,0,0,7,3792.6,0
2023-08-11 23:58:01,5,69,23.8,93,19.6,1019.6,0,0,7,3792.6,0
