2023-08-28 00:02:01,5,60,22.0,95,13.9,1015.3,0.0,0.0,5,3821.7,0
2023-08-28 00:07:01,5,61,21.9,95,13.9,1015.3,0.0,0.0,5,3821.7,0
2023-08-28 00:12:01,5,61,21.9,96,13.9,1015.5,0.0,0.0,5,3821.7,0
2023-08-28 00:17:01,5,61,21.9,96,14.0,1015.5,0.0,0.0,5,3821.7,0
2023-08-28 00:22:01,5,61,21.9,96,14.0,1015.5,0.3,0.7,5,3821.7,0
2023-08-28 00:27:01,5,62,21.9,96,14.0,1015.5,0.0,0.0,5,3821.7,0
2023-08-28 00:32:01,5,62,21.9,95,13.9,1015.6,0.0,0.0,5,3821.7,0
2023-08-28 00:37:01,5,62,21.9,96,13.9,1015.6,0.0,0.0,5,3821.7,0
2023-08-28 00:42:01,5,62,21.9,96,13.8,1015.6,0.0,0.0,5,3821.7,0
2023-08-28 00:47:01,5,62,21.8,96,13.8,1015.6,0.0,0.0,5,3821.7,0
2023-08-28 00:52:01,5,62,21.8,96,13.7,1015.5,0.0,0.0,5,3821.7,0
2023-08-28 00:57:01,5,62,21.8,96,13.6,1015.5,0.0,0.0,5,3821.7,0
2023-08-28 01:02:01,5,62,21.8,96,13.6,1015.5,0.0,0.0,5,3821.7,0
2023-08-28 01:07:01,5,62,21.8,96,13.6,1015.5,0.0,0.0,5,3821.7,0
2023-08-28 01:12:01,5,62,21.8,96,13.5,1015.4,0.0,0.0,5,3821.7,0
2023-08-28 01:17:01,5,62,21.8,96,13.4,1015.4,0.0,0.0,5,3821.7,0
2023-08-28 01:22:01,5,62,21.7,96,13.4,1015.4,0.0,0.0,5,3821.7,0
2023-08-28 01:27:01,5,62,21.7,96,13.3,1015.3,0.0,0.0,5,3821.7,0
2023-08-28 01:32:01,5,62,21.7,96,13.1,1015.5,0.0,0.0,5,3821.7,0
2023-08-28 01:37:01,5,62,21.7,96,13.1,1015.5,0.0,0.0,5,3821.7,0
2023-08-28 01:42:01,5,62,21.7,97,13.2,1015.4,0.0,0.0,5,3821.7,0
2023-08-28 01:47:01,5,62,21.7,96,13.2,1015.6,0.0,0.0,5,3821.7,0
2023-08-28 01:52:01,5,62,21.6,96,13.3,1015.5,0.0,0.0,5,3821.7,0
2023-08-28 01:57:01,5,62,21.7,96,13.1,1015.6,0.0,0.0,5,3821.7,0
2023-08-28 02:02:01,5,62,21.6,97,13.1,1015.5,0.0,0.0,5,3821.7,0
2023-08-28 02:07:01,5,63,21.6,97,13.1,1015.4,0.0,0.0,5,3821.7,0
2023-08-28 02:12:01,5,63,21.6,97,13.0,1015.3,0.0,0.0,5,3821.7,0
2023-08-28 02:17:01,5,63,21.6,97,12.9,1015.3,0.0,0.0,5,3821.7,0
2023-08-28 02:22:01,5,63,21.5,97,12.9,1015.3,0.0,0.0,5,3821.7,0
2023-08-28 02:27:01,5,63,21.5,97,12.7,1015.2,0.0,0.0,5,3821.7,0
2023-08-28 02:32:01,5,63,21.5,97,12.6,1015.2,0.0,0.0,5,3821.7,0
2023-08-28 02:37:01,5,63,21.5,97,12.5,1015.2,0.0,0.0,5,3821.7,0
2023-08-28 02:42:01,5,63,21.5,97,12.8,1015.3,0.0,0.0,5,3821.7,0
2023-08-28 02:47:01,5,63,21.5,97,12.6,1015.3,0.0,0.0,5,3821.7,0
2023-08-28 02:52:01,5,63,21.5,97,12.5,1015.3,0.0,0.0,5,3821.7,0
2023-08-28 02:57:01,5,63,21.5,97,12.5,1015.3,0.0,0.0,5,3821.7,0
2023-08-28 03:02:01,5,63,21.4,97,12.3,1015.4,0.0,0.0,5,3821.7,0
2023-08-28 03:07:01,5,63,21.4,97,12.3,1015.3,0.0,0.0,5,3821.7,0
2023-08-28 03:12:01,5,63,21.4,97,12.4,1015.4,0.0,0.0,5,3821.7,0
2023-08-28 03:17:01,5,63,21.3,97,12.3,1015.4,0.0,0.0,5,3821.7,0
2023-08-28 03:22:01,5,63,21.3,97,12.2,1015.4,0.0,0.0,5,3821.7,0
2023-08-28 03:27:01,5,63,21.3,97,12.2,1015.5,0.0,0.0,5,3821.7,0
2023-08-28 03:32:01,5,63,21.3,98,12.2,1015.5,0.0,0.0,5,3821.7,0
2023-08-28 03:37:01,5,63,21.3,97,12.1,1015.7,0.0,0.0,5,3821.7,0
2023-08-28 03:42:01,5,63,21.3,97,12.1,1015.8,0.0,0.0,5,3821.7,0
2023-08-28 03:47:01,5,63,21.3,97,12.2,1015.9,0.0,0.0,5,3821.7,0
2023-08-28 03:52:01,5,63,21.3,98,12.3,1015.8,0.0,0.0,5,3821.7,0
2023-08-28 03:57:01,5,63,21.3,98,12.4,1015.9,0.0,0.0,5,3821.7,0
2023-08-28 04:02:01,5,63,21.2,98,12.5,1015.9,0.0,0.0,5,3821.7,0
2023-08-28 04:07:01,5,63,21.2,98,12.7,1016.0,0.0,0.0,5,3821.7,0
2023-08-28 04:12:01,5,63,21.2,98,12.9,1016.0,0.0,0.0,5,3821.7,0
2023-08-28 04:17:01,5,63,21.2,98,13.1,1016.0,0.0,0.0,5,3821.7,0
2023-08-28 04:22:01,5,63,21.2,98,13.1,1016.1,0.0,0.0,5,3821.7,0
2023-08-28 04:27:01,5,63,21.2,98,13.3,1016.1,0.0,0.0,5,3821.7,0
2023-08-28 04:32:01,5,63,21.2,98,13.4,1016.2,0.0,0.0,5,3821.7,0
2023-08-28 04:37:01,5,63,21.2,98,13.6,1016.2,0.0,0.0,5,3821.7,0
2023-08-28 04:42:01,5,63,21.3,98,13.8,1016.3,0.0,0.0,5,3821.7,0
2023-08-28 04:47:01,5,63,21.3,98,13.9,1016.3,0.0,0.0,5,3821.7,0
2023-08-28 04:52:01,5,63,21.3,98,13.9,1016.3,0.0,0.0,5,3821.7,0
2023-08-28 04:57:01,5,63,21.3,98,13.9,1016.4,0.0,0.0,5,3821.7,0
2023-08-28 05:02:01,5,63,21.2,98,13.9,1016.4,0.0,0.0,5,3821.7,0
2023-08-28 05:07:01,5,63,21.2,98,14.0,1016.3,0.0,0.0,5,3821.7,0
2023-08-28 05:12:01,5,64,21.2,98,14.0,1016.3,0.0,0.0,5,3821.7,0
2023-08-28 05:17:01,5,65,21.2,98,14.1,1016.3,0.0,0.0,5,3821.7,0
2023-08-28 05:22:01,5,65,21.3,98,14.1,1016.4,0.0,0.0,5,3821.7,0
2023-08-28 05:27:01,5,65,21.3,98,14.2,1016.3,0.0,0.0,5,3821.7,0
2023-08-28 05:32:01,5,65,21.3,98,14.2,1016.2,0.0,0.0,5,3821.7,0
2023-08-28 05:37:01,5,65,21.3,98,14.3,1016.3,0.0,0.0,5,3821.7,0
2023-08-28 05:42:01,5,67,21.3,98,14.4,1016.2,0.0,0.0,5,3821.7,0
2023-08-28 05:47:01,5,67,21.3,98,14.5,1016.2,0.0,0.0,5,3821.7,0
2023-08-28 05:52:01,5,67,21.4,98,14.6,1016.2,0.0,0.0,5,3821.7,0
2023-08-28 05:57:01,5,68,21.5,98,14.8,1016.1,0.0,0.0,5,3821.7,0
2023-08-28 06:02:01,5,68,21.5,98,14.8,1016.1,0.0,0.0,5,3821.7,0
2023-08-28 06:07:01,5,67,21.5,98,14.8,1016.0,0.0,0.0,5,3821.7,0
2023-08-28 06:12:01,5,67,21.6,98,14.9,1016.0,0.0,0.0,5,3821.7,0
2023-08-28 06:17:01,5,67,21.6,98,15.0,1015.8,0.0,0.0,5,3821.7,0
2023-08-28 06:22:01,5,67,21.7,98,15.2,1015.8,0.0,0.0,5,3821.7,0
2023-08-28 06:27:01,5,67,21.8,98,15.9,1015.9,0.0,0.0,5,3821.7,0
2023-08-28 06:32:01,5,66,22.1,97,16.1,1015.6,0.3,1.0,5,3821.7,0
2023-08-28 06:37:01,5,66,22.5,97,15.9,1015.3,0.3,1.0,5,3821.7,0
2023-08-28 06:42:01,5,65,22.9,97,16.3,1014.9,0.0,0.7,4,3821.7,0
2023-08-28 06:47:01,5,65,23.1,96,16.6,1014.7,0.3,1.0,5,3821.7,0
2023-08-28 06:52:01,5,64,23.5,93,17.1,1014.4,0.0,0.7,6,3821.7,0
2023-08-28 06:57:01,5,64,23.8,89,18.1,1014.1,0.0,0.7,6,3821.7,0
2023-08-28 07:02:01,5,62,24.2,85,18.4,1013.6,0.3,1.0,6,3821.7,0
2023-08-28 07:07:01,5,61,24.5,83,18.5,1013.4,1.0,1.0,2,3821.7,0
2023-08-28 07:12:01,5,61,24.7,84,18.5,1013.2,0.7,1.0,2,3821.7,0
2023-08-28 07:17:01,5,60,24.9,81,19.0,1013.0,0.3,1.0,2,3821.7,0
2023-08-28 07:22:01,5,58,25.1,80,19.2,1012.9,0.0,0.7,5,3821.7,0
2023-08-28 07:27:01,5,57,25.0,81,18.5,1013.0,0.3,0.7,1,3821.7,0
2023-08-28 07:32:01,5,57,25.0,82,18.2,1013.0,0.0,0.7,5,3821.7,0
2023-08-28 07:37:01,5,57,24.9,83,18.2,1013.2,0.0,0.0,5,3821.7,0
2023-08-28 07:42:01,5,57,24.7,83,17.9,1013.5,0.3,0.7,1,3821.7,0
2023-08-28 07:47:01,5,57,24.6,84,17.9,1013.6,0.3,0.7,1,3821.7,0
2023-08-28 07:52:01,5,58,24.4,84,17.8,1013.7,0.3,0.7,1,3821.7,0
2023-08-28 07:57:01,5,58,24.3,84,17.7,1013.9,0.3,1.0,3,3821.7,0
2023-08-28 08:02:01,5,58,24.3,84,18.1,1013.9,0.0,0.0,1,3821.7,0
2023-08-28 08:07:01,5,58,24.1,83,18.1,1014.1,0.3,1.0,5,3821.7,0
2023-08-28 08:12:01,5,58,24.1,83,18.0,1014.2,0.0,0.7,1,3821.7,0
2023-08-28 08:17:01,5,58,24.0,83,18.1,1014.3,0.0,0.0,0,3821.7,0
2023-08-28 08:22:01,5,59,23.9,82,18.1,1014.3,0.0,0.0,5,3821.7,0
2023-08-28 08:27:01,5,59,23.9,82,17.9,1014.4,0.0,0.0,0,3821.7,0
2023-08-28 08:32:01,5,60,23.9,83,17.9,1014.5,0.0,0.0,0,3821.7,0
2023-08-28 08:37:01,5,60,23.9,82,18.0,1014.4,0.0,0.0,2,3821.7,0
2023-08-28 08:42:01,5,59,24.0,81,18.7,1014.3,0.0,0.0,1,3821.7,0
2023-08-28 08:47:01,5,59,24.1,80,19.2,1014.1,0.0,0.7,1,3821.7,0
2023-08-28 08:52:01,5,59,24.3,80,18.8,1014.0,0.3,1.0,0,3821.7,0
2023-08-28 08:57:01,5,59,24.6,78,19.3,1013.8,0.7,1.0,14,3821.7,0
2023-08-28 09:02:01,5,59,24.9,76,19.8,1013.4,0.7,1.0,13,3821.7,0
2023-08-28 09:07:01,5,57,25.1,71,20.2,1013.1,0.3,0.7,1,3821.7,0
2023-08-28 09:12:01,5,56,25.1,71,20.6,1013.0,0.3,1.0,1,3821.7,0
2023-08-28 09:17:01,5,56,25.1,71,21.1,1012.8,0.0,0.7,14,3821.7,0
2023-08-28 09:22:01,5,54,26.0,67,21.6,1012.5,0.3,0.7,14,3821.7,0
2023-08-28 09:27:01,5,53,26.0,63,21.5,1012.3,0.3,1.0,11,3821.7,0
2023-08-28 09:32:01,5,53,26.0,65,21.4,1012.1,0.3,0.7,13,3821.7,0
2023-08-28 09:37:01,5,52,26.0,63,21.9,1012.1,0.0,0.0,13,3821.7,0
2023-08-28 09:42:01,5,52,26.2,65,21.3,1011.9,0.3,1.0,14,3821.7,0
2023-08-28 09:47:01,5,52,26.3,65,21.3,1011.9,0.0,0.0,14,3821.7,0
2023-08-28 09:52:01,5,51,26.5,64,21.1,1011.7,0.3,1.0,14,3821.7,0
2023-08-28 09:57:01,5,51,26.6,60,22.5,1011.6,0.0,0.0,15,3821.7,0
2023-08-28 10:02:01,5,51,26.7,58,23.2,1011.5,0.0,0.7,13,3821.7,0
2023-08-28 10:07:01,5,51,26.8,59,23.3,1011.4,0.3,0.7,13,3821.7,0
2023-08-28 10:12:01,5,50,26.7,61,22.8,1011.6,0.0,0.7,12,3821.7,0
2023-08-28 10:17:01,5,50,26.6,56,21.7,1011.7,0.7,1.7,14,3821.7,0
2023-08-28 10:22:01,5,50,26.6,60,21.2,1011.7,0.3,0.7,13,3821.7,0
2023-08-28 10:27:01,5,50,26.6,60,21.1,1011.7,0.7,1.7,4,3821.7,0
2023-08-28 10:32:01,5,50,26.4,64,20.6,1011.9,0.0,0.7,1,3821.7,0
2023-08-28 10:37:01,5,50,26.2,66,20.5,1012.0,0.3,0.7,0,3821.7,0
2023-08-28 10:42:01,5,50,26.0,67,20.1,1012.3,0.3,0.7,14,3821.7,0
2023-08-28 10:47:01,5,51,26.0,68,20.0,1012.5,0.0,0.0,14,3821.7,0
2023-08-28 10:52:01,5,51,26.0,69,20.0,1012.8,0.3,0.7,14,3821.7,0
2023-08-28 10:57:01,5,52,25.1,70,19.7,1012.8,0.0,0.7,0,3821.7,0
2023-08-28 11:02:01,5,52,25.1,70,20.1,1012.9,0.0,0.7,1,3821.7,0
2023-08-28 11:07:01,5,53,25.1,69,20.1,1013.0,0.3,0.7,1,3821.7,0
2023-08-28 11:12:01,5,53,25.1,67,20.6,1013.1,0.3,1.0,1,3821.7,0
2023-08-28 11:17:01,5,53,25.1,67,21.4,1012.9,0.0,0.7,2,3821.7,0
2023-08-28 11:22:01,5,53,25.1,63,21.6,1013.0,0.7,1.0,2,3821.7,0
2023-08-28 11:27:01,5,53,25.1,62,22.6,1013.0,0.3,1.0,1,3821.7,0
2023-08-28 11:32:01,5,53,25.1,61,22.2,1013.0,0.0,0.0,5,3821.7,0
2023-08-28 11:37:01,5,53,25.1,62,21.4,1013.1,0.3,1.0,5,3821.7,0
2023-08-28 11:42:01,5,53,25.1,63,21.6,1013.1,0.0,0.0,1,3821.7,0
2023-08-28 11:47:01,5,53,25.1,66,21.2,1013.3,0.3,1.0,1,3821.7,0
2023-08-28 11:52:01,5,53,25.1,74,19.8,1013.4,1.4,2.7,0,3821.7,0
2023-08-28 11:57:01,5,53,25.1,80,18.8,1013.5,0.3,1.0,15,3822.0,0
2023-08-28 12:02:01,5,53,25.1,82,18.8,1013.6,0.0,0.7,13,3822.0,0
2023-08-28 12:07:01,5,53,25.0,82,18.8,1013.5,0.3,0.7,0,3822.0,0
2023-08-28 12:12:01,5,53,25.0,82,19.3,1013.5,0.0,0.0,15,3822.0,0
2023-08-28 12:17:01,5,53,25.0,79,19.7,1013.5,0.0,0.7,14,3822.0,0
2023-08-28 12:22:01,5,54,25.0,73,20.2,1013.6,0.3,0.7,0,3822.0,0
2023-08-28 12:27:01,5,54,25.0,73,20.8,1013.5,0.0,0.0,0,3822.0,0
2023-08-28 12:32:01,5,54,25.0,69,20.6,1013.4,0.7,1.0,6,3822.0,0
2023-08-28 12:37:01,5,54,25.0,69,21.2,1013.5,0.0,0.0,3,3822.0,0
2023-08-28 12:42:01,5,55,24.9,67,21.7,1013.5,0.0,0.0,1,3822.0,0
2023-08-28 12:47:01,5,55,24.9,67,21.0,1013.6,0.3,0.7,13,3822.0,0
2023-08-28 12:52:01,5,55,24.9,68,20.9,1013.5,0.3,1.7,1,3822.0,0
2023-08-28 12:57:01,5,55,24.9,70,20.6,1013.6,0.7,1.0,13,3822.0,0
2023-08-28 13:02:01,5,55,24.9,70,20.6,1013.6,0.3,1.0,15,3822.0,0
2023-08-28 13:07:01,5,55,24.9,70,20.9,1013.6,0.3,1.0,0,3822.0,0
2023-08-28 13:12:01,5,55,24.9,69,21.2,1013.7,0.0,0.7,15,3822.0,0
2023-08-28 13:17:01,5,55,24.9,68,20.7,1013.7,0.3,1.0,0,3822.0,0
2023-08-28 13:22:01,5,55,24.9,69,20.8,1013.7,0.0,0.0,0,3822.0,0
2023-08-28 13:27:01,5,55,24.9,69,20.8,1013.7,0.3,1.0,14,3822.0,0
2023-08-28 13:32:01,5,55,24.9,68,20.8,1013.7,0.3,0.7,0,3822.0,0
2023-08-28 13:37:01,5,55,24.8,67,20.4,1013.7,0.7,1.0,13,3822.0,0
2023-08-28 13:42:01,5,55,24.7,67,20.4,1013.7,0.3,1.0,14,3822.0,0
2023-08-28 13:47:01,5,55,24.7,66,20.7,1013.8,0.3,0.7,0,3822.0,0
2023-08-28 13:52:01,5,55,24.7,66,20.5,1013.7,0.3,0.7,15,3822.0,0
2023-08-28 13:57:01,5,55,24.7,67,20.9,1013.8,0.3,1.0,15,3822.0,0
2023-08-28 14:02:01,5,55,24.7,66,21.0,1013.8,0.0,0.7,2,3822.0,0
2023-08-28 14:07:01,5,55,24.7,67,20.5,1013.8,0.3,1.0,2,3822.0,0
2023-08-28 14:12:01,5,55,24.7,66,20.4,1013.8,0.7,1.7,2,3822.0,0
2023-08-28 14:17:01,5,55,24.7,67,21.0,1013.9,0.0,0.0,15,3822.0,0
2023-08-28 14:22:01,5,55,24.7,65,21.4,1013.7,0.3,1.0,0,3822.0,0
2023-08-28 14:27:01,5,55,24.7,65,21.2,1013.7,0.7,1.0,0,3822.0,0
2023-08-28 14:32:01,5,55,24.7,65,20.9,1013.7,0.7,2.0,1,3822.0,0
2023-08-28 14:37:01,5,55,24.7,66,21.0,1013.8,0.0,0.7,15,3822.0,0
2023-08-28 14:42:01,5,55,24.7,66,20.4,1013.9,0.7,1.7,15,3822.0,0
2023-08-28 14:47:01,5,55,24.7,67,20.5,1013.8,0.3,1.0,13,3822.0,0
2023-08-28 14:52:01,5,55,24.7,66,21.0,1013.9,0.3,0.7,14,3822.0,0
2023-08-28 14:57:01,5,55,24.7,62,21.5,1013.8,0.7,1.7,13,3822.0,0
2023-08-28 15:02:01,5,55,24.7,63,21.6,1013.7,0.7,1.7,13,3822.0,0
2023-08-28 15:07:01,5,55,24.7,64,21.5,1013.8,0.3,1.0,11,3822.0,0
2023-08-28 15:12:01,5,55,24.8,65,21.1,1013.9,0.7,1.0,12,3822.0,0
2023-08-28 15:17:01,5,55,24.8,64,20.9,1013.9,0.3,1.0,14,3822.0,0
2023-08-28 15:22:01,5,55,24.9,64,21.2,1013.8,1.0,1.7,1,3822.0,0
2023-08-28 15:27:01,5,55,24.9,64,20.9,1013.9,0.3,1.7,15,3822.0,0
2023-08-28 15:32:01,5,55,24.9,65,20.7,1013.9,0.7,1.7,15,3822.0,0
2023-08-28 15:37:01,5,55,24.9,65,20.6,1013.9,0.7,1.7,14,3822.0,0
2023-08-28 15:42:01,5,53,25.0,66,20.6,1013.9,0.3,0.7,1,3822.0,0
2023-08-28 15:47:01,5,52,25.0,67,20.1,1013.9,0.7,1.7,14,3822.0,0
2023-08-28 15:52:01,5,52,24.9,67,20.0,1013.9,0.7,1.7,15,3822.0,0
2023-08-28 15:57:01,5,52,24.9,67,19.9,1013.9,0.7,1.0,4,3822.0,0
2023-08-28 16:02:01,5,51,24.9,67,20.0,1014.1,0.0,0.7,3,3822.0,0
2023-08-28 16:07:01,5,51,24.9,68,20.0,1014.1,0.3,1.0,1,3822.0,0
2023-08-28 16:12:01,5,51,24.9,69,19.8,1014.1,1.0,1.7,14,3822.0,0
2023-08-28 16:17:01,5,51,24.7,69,19.6,1014.3,1.0,2.0,5,3822.0,0
2023-08-28 16:22:01,5,51,24.7,69,19.6,1014.4,0.7,1.7,14,3822.0,0
2023-08-28 16:27:01,5,51,24.7,69,19.5,1014.4,0.3,2.0,13,3822.0,0
2023-08-28 16:32:01,5,50,24.7,70,19.6,1014.3,0.3,0.7,0,3822.0,0
2023-08-28 16:37:01,5,50,24.6,70,19.6,1014.4,0.7,1.0,0,3822.0,0
2023-08-28 16:42:01,5,51,24.6,70,19.6,1014.4,0.0,0.7,15,3822.0,0
2023-08-28 16:47:01,5,51,24.6,71,19.5,1014.5,0.0,0.7,15,3822.0,0
2023-08-28 16:52:01,5,51,24.6,71,19.5,1014.5,0.0,0.7,15,3822.0,0
2023-08-28 16:57:01,5,51,24.6,71,19.3,1014.5,0.3,1.7,15,3822.0,0
2023-08-28 17:02:01,5,51,24.5,72,19.2,1014.5,0.7,1.0,3,3822.0,0
2023-08-28 17:07:01,5,51,24.5,72,19.1,1014.7,1.0,2.7,15,3822.0,0
2023-08-28 17:12:01,5,51,24.4,73,19.1,1014.6,0.3,1.0,14,3822.0,0
2023-08-28 17:17:01,5,50,24.4,73,19.1,1014.6,0.7,1.7,15,3822.0,0
2023-08-28 17:22:01,5,51,24.4,73,18.9,1014.6,1.0,1.7,0,3822.0,0
2023-08-28 17:27:01,5,50,24.3,74,18.9,1014.8,0.0,0.0,3,3822.0,0
2023-08-28 17:32:01,5,50,24.3,75,18.9,1014.9,0.0,0.0,2,3822.0,0
2023-08-28 17:37:01,5,50,24.3,75,18.7,1015.0,0.3,0.7,3,3822.0,0
2023-08-28 17:42:01,5,51,24.2,75,18.6,1015.2,0.3,1.0,14,3822.0,0
2023-08-28 17:47:01,5,51,24.1,75,18.5,1015.2,0.7,1.0,15,3822.0,0
2023-08-28 17:52:01,5,51,24.1,75,18.4,1015.3,0.3,1.0,15,3822.0,0
2023-08-28 17:57:01,5,51,24.1,75,18.3,1015.2,0.0,1.0,14,3822.0,0
2023-08-28 18:02:01,5,51,24.0,76,18.2,1015.4,0.3,1.0,15,3822.0,0
2023-08-28 18:07:01,5,51,24.0,76,18.1,1015.4,0.0,0.0,15,3822.0,0
2023-08-28 18:12:01,5,52,23.8,77,18.0,1015.4,0.3,1.0,15,3822.0,0
2023-08-28 18:17:01,5,52,23.8,78,17.9,1015.6,0.3,0.7,0,3822.0,0
2023-08-28 18:22:01,5,52,23.8,78,17.8,1015.6,0.0,0.0,15,3822.0,0
2023-08-28 18:27:01,5,52,23.7,78,17.7,1015.6,0.0,0.0,14,3822.0,0
2023-08-28 18:32:01,5,53,23.7,79,17.6,1015.6,0.0,0.7,14,3822.0,0
2023-08-28 18:37:01,5,53,23.7,79,17.5,1015.8,0.3,0.7,14,3822.0,0
2023-08-28 18:42:01,5,53,23.7,80,17.5,1015.8,0.3,1.0,15,3822.0,0
2023-08-28 18:47:01,5,54,23.6,81,17.4,1015.7,0.3,1.0,14,3822.0,0
2023-08-28 18:52:01,5,54,23.6,81,17.3,1015.8,0.0,0.0,15,3822.0,0
2023-08-28 18:57:01,5,54,23.6,82,17.2,1016.0,0.0,0.7,15,3822.0,0
2023-08-28 19:02:01,5,55,23.6,82,17.2,1016.0,0.0,0.0,15,3822.0,0
2023-08-28 19:07:01,5,55,23.6,82,17.1,1015.9,0.0,0.0,15,3822.0,0
2023-08-28 19:12:01,5,55,23.5,82,17.0,1016.0,0.0,0.7,0,3822.0,0
2023-08-28 19:17:01,5,55,23.5,83,17.0,1016.0,0.0,0.7,0,3822.0,0
2023-08-28 19:22:01,5,55,23.4,83,16.9,1016.2,0.0,1.0,2,3822.0,0
2023-08-28 19:27:01,5,56,23.4,82,17.0,1016.3,0.0,0.7,15,3822.0,0
2023-08-28 19:32:01,5,55,23.4,83,16.9,1016.3,0.0,0.0,0,3822.0,0
2023-08-28 19:37:01,5,55,23.4,83,16.7,1016.3,0.0,0.0,0,3822.0,0
2023-08-28 19:42:01,5,55,23.4,83,16.7,1016.3,0.3,1.0,1,3822.0,0
2023-08-28 19:47:01,5,56,23.3,83,16.6,1016.3,0.3,0.7,1,3822.0,0
2023-08-28 19:52:01,5,56,23.3,83,16.6,1016.4,0.0,0.0,1,3822.0,0
2023-08-28 19:57:01,5,56,23.3,84,16.6,1016.5,0.0,0.7,0,3822.0,0
2023-08-28 20:02:01,5,57,23.3,84,16.5,1016.6,0.0,0.0,15,3822.0,0
2023-08-28 20:13:12,5,57,23.3,84,16.3,1016.6,0.0,0.0,15,3822.0,0
2023-08-28 20:18:12,5,57,23.3,84,16.3,1016.7,0.0,0.0,15,3822.0,0
2023-08-28 20:23:12,5,57,23.3,85,16.1,1016.7,0.0,0.0,15,3822.0,0
2023-08-28 20:28:12,5,58,23.2,85,16.1,1016.7,0.0,0.0,15,3822.0,0
2023-08-28 20:33:12,5,58,23.2,85,16.0,1016.7,0.0,0.0,15,3822.0,0
2023-08-28 20:38:12,5,57,23.1,85,15.9,1016.8,0.0,0.0,15,3822.0,0
2023-08-28 20:43:12,5,57,23.1,85,15.9,1016.8,0.0,0.0,15,3822.0,0
2023-08-28 20:48:12,5,57,23.1,86,15.8,1016.8,0.0,0.0,15,3822.0,0
2023-08-28 20:53:12,5,57,23.1,86,15.7,1016.7,0.0,0.0,15,3822.0,0
2023-08-28 20:58:12,5,57,23.1,86,15.6,1016.8,0.0,0.0,15,3822.0,0
2023-08-28 21:03:12,5,57,23.1,87,15.5,1017.0,0.0,0.0,15,3822.0,0
2023-08-28 21:08:12,5,58,23.1,87,15.5,1016.8,0.0,0.7,15,3822.0,0
2023-08-28 21:13:12,5,58,23.0,88,15.4,1016.8,0.0,0.0,15,3822.0,0
2023-08-28 21:18:12,5,58,23.0,88,15.3,1016.9,0.0,0.0,15,3822.0,0
2023-08-28 21:23:12,5,58,23.0,88,15.2,1016.7,0.0,0.0,15,3822.0,0
2023-08-28 21:28:12,5,58,23.0,89,15.1,1016.9,0.0,0.0,15,3822.0,0
2023-08-28 21:35:45,5,59,23.0,89,15.0,1016.8,0.0,0.0,15,3822.0,0
2023-08-28 21:40:45,5,59,23.0,90,14.9,1016.7,0.0,0.0,15,3822.0,0
2023-08-28 21:45:45,5,59,23.0,90,15.0,1016.6,0.0,0.0,15,3822.0,0
2023-08-28 21:50:45,5,58,22.9,90,14.9,1016.7,0.0,0.0,15,3822.0,0
2023-08-28 21:55:45,5,58,22.9,90,14.8,1016.7,0.0,0.0,15,3822.0,0
2023-08-28 22:00:45,5,58,22.9,91,14.7,1016.7,0.0,0.0,15,3822.0,0
2023-08-28 22:05:45,5,58,22.9,91,14.7,1016.7,0.0,0.0,15,3822.0,0
2023-08-28 22:10:45,5,58,22.9,91,14.6,1016.6,0.0,0.0,15,3822.0,0
2023-08-28 22:15:45,5,58,22.9,91,14.5,1016.7,0.0,0.0,15,3822.0,0
2023-08-28 22:20:45,5,58,22.8,91,14.4,1016.6,0.0,0.0,15,3822.0,0
2023-08-28 22:25:45,5,58,22.8,92,14.4,1016.8,0.0,0.0,15,3822.0,0
2023-08-28 22:30:45,5,58,22.8,92,14.4,1016.8,0.0,0.0,15,3822.0,0
2023-08-28 22:35:45,5,59,22.7,92,14.3,1016.7,0.0,0.0,15,3822.0,0
2023-08-28 22:40:45,5,59,22.7,92,14.2,1016.7,0.0,0.0,15,3822.0,0
2023-08-28 22:45:45,5,59,22.7,92,14.1,1016.6,0.0,0.0,15,3822.0,0
2023-08-28 22:50:45,5,59,22.7,93,14.2,1016.7,0.0,0.0,15,3822.0,0
2023-08-28 22:55:45,5,59,22.7,93,14.1,1016.6,0.0,0.0,15,3822.0,0
2023-08-28 23:00:45,5,59,22.7,93,14.0,1016.7,0.0,0.0,15,3822.0,0
2023-08-28 23:05:45,5,59,22.7,93,14.0,1016.6,0,0,15,3822.0,0
2023-08-28 23:10:45,5,59,22.7,93,13.9,1016.6,0,0,15,3822.0,0
2023-08-28 23:15:45,5,59,22.6,93,13.9,1016.5,0,0,15,3822.0,0
2023-08-28 23:20:45,5,59,22.6,94,13.9,1016.7,0,0,15,3822.0,0
2023-08-28 23:25:45,5,59,22.6,94,13.8,1016.6,0,0,15,3822.0,0
2023-08-28 23:30:45,5,59,22.6,94,13.7,1016.6,0,0,15,3822.0,0
2023-08-28 23:35:45,5,59,22.6,94,13.5,1016.7,0,0,15,3822.0,0
2023-08-28 23:40:45,5,59,22.6,94,13.5,1016.6,0,0,15,3822.0,0
2023-08-28 23:45:45,5,59,22.6,94,13.5,1016.5,0,0,15,3822.0,0
2023-08-28 23:50:45,5,59,22.6,94,13.4,1016.5,0,0,15,3822.0,0
2023-08-28 23:55:45,5,59,22.6,94,13.4,1016.5,0,0,15,3822.0,0
