2022-11-24 00:00:02,5,68,18.8,94,8.2,1007.6,0.7,1.7,13,2921.4,0
2022-11-24 00:05:02,5,67,19.7,94,8.2,1007.8,0.7,1.0,8,2921.4,0
2022-11-24 00:10:02,5,67,19.8,94,8.1,1007.8,0.7,1.0,11,2921.4,0
2022-11-24 00:15:02,5,67,19.8,94,8.2,1007.8,1.0,1.7,7,2921.4,0
2022-11-24 00:20:02,5,68,19.9,94,8.0,1007.5,0.0,0.7,11,2921.4,0
2022-11-24 00:25:02,5,67,20.0,94,8.0,1007.5,0.7,1.0,6,2921.4,0
2022-11-24 00:30:02,5,66,20.0,94,8.0,1007.5,0.7,1.0,9,2921.4,0
2022-11-24 00:35:02,5,66,20.0,93,8.0,1007.5,0.7,1.0,7,2921.4,0
2022-11-24 00:40:02,5,66,20.0,93,8.1,1007.5,1.0,1.0,11,2921.4,0
2022-11-24 00:45:02,5,65,20.0,93,8.1,1007.6,0.3,1.7,5,2921.4,0
2022-11-24 00:50:02,5,64,20.0,93,8.3,1007.6,1.0,1.7,7,2921.4,0
2022-11-24 00:55:02,5,64,20.0,92,8.4,1007.9,0.7,1.7,11,2921.4,0
2022-11-24 01:00:02,5,65,19.9,92,8.5,1007.9,0.7,1.7,10,2921.4,0
2022-11-24 01:05:02,5,65,19.8,92,8.5,1007.9,0.7,1.7,10,2921.4,0
2022-11-24 01:10:02,5,65,19.7,91,8.7,1008.1,0.7,1.7,6,2921.4,0
2022-11-24 01:15:02,5,66,18.8,91,8.7,1008.1,0.7,1.0,11,2921.4,0
2022-11-24 01:20:02,5,65,18.8,92,8.6,1008.1,1.0,2.7,3,2921.4,0
2022-11-24 01:25:02,5,66,18.7,92,8.7,1008.3,1.0,2.0,8,2921.4,0
2022-11-24 01:30:02,5,66,18.7,92,8.7,1008.5,0.7,1.0,5,2921.4,0
2022-11-24 01:35:02,5,66,18.6,91,8.7,1008.6,0.3,1.0,8,2921.4,0
2022-11-24 01:40:02,5,66,18.6,92,8.7,1008.8,0.7,1.7,10,2921.4,0
2022-11-24 01:45:02,5,66,18.5,91,8.7,1008.9,1.4,2.7,9,2921.4,0
2022-11-24 01:50:02,5,66,18.5,91,8.7,1008.8,0.3,1.0,12,2921.4,0
2022-11-24 01:55:02,5,66,18.4,91,8.7,1009.0,1.0,2.0,9,2921.4,0
2022-11-24 02:00:02,5,66,18.4,91,8.7,1008.9,1.0,2.0,10,2921.4,0
2022-11-24 02:05:02,5,65,18.3,90,8.8,1009.1,1.0,2.7,10,2921.4,0
2022-11-24 02:10:02,5,65,18.3,90,9.0,1009.1,1.4,2.7,11,2921.4,0
2022-11-24 02:15:02,5,66,18.1,90,8.9,1009.2,0.7,1.7,9,2921.4,0
2022-11-24 02:20:02,5,66,18.1,90,8.9,1009.5,1.4,2.7,13,2921.4,0
2022-11-24 02:25:02,5,66,18.1,89,8.8,1009.5,1.0,2.0,8,2921.4,0
2022-11-24 02:30:02,5,65,18.0,88,8.9,1009.6,0.7,1.0,9,2921.4,0
2022-11-24 02:35:02,5,66,18.0,88,8.8,1009.7,1.0,2.0,11,2921.4,0
2022-11-24 02:40:02,5,67,17.9,89,8.7,1009.7,1.0,1.7,11,2921.4,0
2022-11-24 02:45:02,5,67,17.9,89,8.7,1009.9,1.0,2.7,9,2921.4,0
2022-11-24 02:50:02,5,67,17.9,89,8.8,1009.8,1.0,2.7,10,2921.4,0
2022-11-24 02:55:02,5,67,17.8,89,8.9,1009.9,1.0,2.7,9,2921.4,0
2022-11-24 03:00:02,5,67,17.8,90,8.8,1010.1,0.7,1.0,10,2921.4,0
2022-11-24 03:05:02,5,67,17.8,90,9.0,1010.2,0.7,2.0,10,2921.4,0
2022-11-24 03:10:02,5,67,17.8,90,9.0,1010.2,0.3,1.7,7,2921.4,0
2022-11-24 03:15:02,5,67,17.7,90,9.1,1010.2,1.0,2.0,12,2921.4,0
2022-11-24 03:20:02,5,67,17.7,90,9.1,1010.4,1.7,3.1,10,2921.4,0
2022-11-24 03:25:02,5,67,17.7,90,9.0,1010.4,0.7,1.7,9,2921.4,0
2022-11-24 03:30:02,5,67,17.6,91,8.9,1010.5,0.7,1.0,9,2921.4,0
2022-11-24 03:35:02,5,67,17.6,92,8.8,1010.4,1.4,2.0,12,2921.4,0
2022-11-24 03:40:02,5,67,17.5,93,8.7,1010.6,1.0,2.0,6,2921.4,0
2022-11-24 03:45:02,5,68,17.5,93,8.6,1010.7,1.0,1.7,11,2921.4,0
2022-11-24 03:50:02,5,68,17.5,93,8.6,1010.7,1.0,2.0,11,2921.4,0
2022-11-24 03:55:02,5,67,17.5,93,8.5,1011.0,1.0,2.0,6,2921.4,0
2022-11-24 04:00:02,5,67,17.5,93,8.5,1011.0,1.0,2.7,6,2921.4,0
2022-11-24 04:05:02,5,68,17.4,93,8.3,1011.3,1.0,2.7,8,2921.4,0
2022-11-24 04:10:02,5,67,17.4,93,8.1,1011.2,1.7,3.1,7,2921.7,0
2022-11-24 04:15:02,5,68,17.4,93,8.1,1011.4,0.7,2.0,0,2921.7,0
2022-11-24 04:20:02,5,68,17.4,93,8.1,1011.4,0.3,0.7,10,2921.7,0
2022-11-24 04:25:02,5,68,17.3,94,8.1,1011.4,0.3,1.7,11,2922.0,0
2022-11-24 04:30:02,5,68,17.3,94,8.0,1011.6,0.3,1.0,7,2922.0,0
2022-11-24 04:35:02,5,68,17.3,94,7.8,1011.7,0.7,2.7,6,2922.3,0
2022-11-24 04:40:03,5,68,17.3,95,7.7,1011.8,0.3,2.0,6,2922.6,0
2022-11-24 04:45:03,5,68,17.3,95,7.5,1011.9,0.7,1.7,6,2922.6,0
2022-11-24 04:50:03,5,68,17.1,95,7.5,1012.0,0.0,0.7,8,2922.9,0
2022-11-24 04:55:03,5,68,17.1,95,7.5,1012.0,0.7,1.0,7,2922.9,0
2022-11-24 05:00:03,5,68,17.1,95,7.5,1012.1,0.3,0.7,7,2922.9,0
2022-11-24 05:05:03,5,68,17.1,95,7.6,1012.4,0.0,0.7,6,2922.9,0
2022-11-24 05:10:03,5,68,17.1,96,7.5,1012.4,0.0,0.0,5,2923.2,0
2022-11-24 05:15:03,5,68,17.1,96,7.6,1012.4,0.3,1.0,6,2923.2,0
2022-11-24 05:20:03,5,68,17.0,96,7.6,1012.5,0.7,1.7,6,2923.2,0
2022-11-24 05:25:03,5,68,17.0,96,7.6,1012.7,0.7,1.0,6,2923.2,0
2022-11-24 05:30:03,5,68,17.0,96,7.6,1012.8,0.7,1.0,5,2923.2,0
2022-11-24 05:35:03,5,68,17.0,96,7.6,1013.0,1.4,3.1,6,2923.2,0
2022-11-24 05:40:03,5,68,17.0,96,7.6,1013.0,0.0,0.0,5,2923.2,0
2022-11-24 05:45:03,5,68,17.0,96,7.5,1013.0,1.4,2.7,8,2923.2,0
2022-11-24 05:50:03,5,68,17.0,96,7.5,1013.1,0.7,1.0,7,2923.2,0
2022-11-24 05:55:03,5,69,16.9,96,7.5,1013.2,0.7,1.0,8,2923.2,0
2022-11-24 06:00:03,5,69,16.9,96,7.4,1013.2,0.0,0.7,6,2923.2,0
2022-11-24 06:05:03,5,69,16.9,96,7.3,1013.3,0.3,1.0,7,2923.2,0
2022-11-24 06:10:03,5,69,16.9,96,7.3,1013.5,0.3,0.7,7,2923.2,0
2022-11-24 06:15:03,5,69,16.8,96,7.2,1013.4,0.7,1.7,8,2923.2,0
2022-11-24 06:20:03,5,69,16.8,96,7.2,1013.6,0.3,0.7,9,2923.2,0
2022-11-24 06:25:03,5,69,16.8,96,7.1,1013.7,0.3,0.7,6,2923.2,0
2022-11-24 06:30:03,5,69,16.8,96,7.2,1013.9,0.3,0.7,7,2923.2,0
2022-11-24 06:35:03,5,69,16.8,96,7.2,1013.9,0.0,0.7,9,2923.2,0
2022-11-24 06:40:03,5,69,16.7,96,7.3,1014.1,0.3,1.0,8,2923.2,0
2022-11-24 06:45:03,5,69,16.7,96,7.3,1014.2,0.7,1.0,10,2923.2,0
2022-11-24 06:50:03,5,69,16.7,96,7.4,1014.3,0.7,1.0,6,2923.2,0
2022-11-24 06:55:03,5,70,16.7,96,7.4,1014.4,0.0,0.7,9,2923.5,0
2022-11-24 07:00:03,5,70,16.7,96,7.5,1014.4,0.0,0.0,6,2923.5,0
2022-11-24 07:05:03,5,70,16.7,96,7.5,1014.5,0.0,0.0,6,2923.5,0
2022-11-24 07:10:03,5,70,16.8,96,7.5,1014.6,0.3,1.7,5,2923.5,0
2022-11-24 07:15:03,5,70,16.8,96,7.6,1014.7,1.0,2.7,6,2923.5,0
2022-11-24 07:20:03,5,70,16.8,96,7.6,1014.5,0.7,1.7,7,2923.5,0
2022-11-24 07:25:03,5,70,16.9,96,7.5,1014.6,1.4,2.7,7,2923.5,0
2022-11-24 07:30:03,5,70,16.9,96,7.5,1014.8,0.3,1.0,7,2923.5,0
2022-11-24 07:35:01,5,70,16.9,96,7.4,1014.8,0.7,1.0,5,2923.5,0
2022-11-24 07:40:01,5,70,16.9,96,7.4,1015.0,0.3,1.0,6,2923.5,0
2022-11-24 07:45:01,5,70,16.9,96,7.5,1015.1,0.7,1.0,4,2923.5,0
2022-11-24 07:50:01,5,69,17.0,96,7.5,1015.2,0.3,1.0,9,2923.5,0
2022-11-24 07:55:01,5,69,17.0,96,7.5,1015.1,0.3,0.7,7,2923.5,0
2022-11-24 08:00:01,5,69,17.0,96,7.5,1015.2,0.7,2.0,6,2923.5,0
2022-11-24 08:05:01,5,69,17.1,96,7.6,1015.2,1.4,2.0,7,2923.5,0
2022-11-24 08:10:01,5,69,17.1,95,7.6,1015.3,0.3,1.0,7,2923.5,0
2022-11-24 08:15:01,5,69,17.1,95,7.7,1015.4,1.0,2.0,8,2923.5,0
2022-11-24 08:20:01,5,69,17.2,95,7.8,1015.4,1.0,2.0,9,2923.5,0
2022-11-24 08:25:01,5,69,17.3,95,7.9,1015.5,1.0,2.0,11,2923.5,0
2022-11-24 08:30:01,5,69,17.3,94,7.9,1015.5,0.3,1.7,8,2923.5,0
2022-11-24 08:35:01,5,69,17.3,94,8.0,1015.7,1.0,1.7,7,2923.5,0
2022-11-24 08:40:01,5,69,17.3,94,8.0,1015.6,0.3,0.7,8,2923.5,0
2022-11-24 08:45:01,5,69,17.4,94,8.0,1015.6,0.3,1.0,9,2923.5,0
2022-11-24 08:50:01,5,69,17.4,94,8.1,1015.7,0.7,1.0,6,2923.5,0
2022-11-24 08:55:01,5,70,17.5,94,8.1,1015.7,0.7,1.0,11,2923.5,0
2022-11-24 09:00:01,5,70,17.6,94,8.1,1015.7,0.3,1.0,8,2923.5,0
2022-11-24 09:05:01,5,70,17.8,93,8.2,1015.6,0.7,1.7,4,2923.5,0
2022-11-24 09:10:01,5,72,18.1,93,8.5,1015.4,0.3,0.7,10,2923.5,0
2022-11-24 09:15:01,5,71,18.5,93,8.4,1015.1,0.7,1.0,8,2923.5,0
2022-11-24 09:20:01,5,69,19.6,92,8.4,1014.9,1.0,1.7,7,2923.5,0
2022-11-24 09:25:01,5,66,20.0,92,8.5,1014.8,1.7,3.7,6,2923.5,0
2022-11-24 09:30:01,5,65,20.1,91,8.6,1014.6,0.7,1.0,5,2923.5,0
2022-11-24 09:35:01,5,64,20.3,91,8.7,1014.5,0.3,0.7,7,2923.5,0
2022-11-24 09:40:01,5,64,20.4,91,8.7,1014.5,1.0,1.7,7,2923.5,0
2022-11-24 09:45:01,5,63,20.5,91,8.6,1014.4,0.7,1.7,5,2923.5,0
2022-11-24 09:50:01,5,63,20.5,91,8.7,1014.4,0.7,1.7,11,2923.5,0
2022-11-24 09:55:01,5,62,20.6,91,8.7,1014.3,1.7,2.7,8,2923.5,0
2022-11-24 10:00:01,5,62,20.6,90,8.7,1014.4,0.3,1.0,7,2923.5,0
2022-11-24 10:05:01,5,62,20.7,90,8.8,1014.4,1.0,2.0,5,2923.5,0
2022-11-24 10:10:01,5,63,20.7,91,8.9,1014.4,0.7,1.0,11,2923.5,0
2022-11-24 10:15:01,5,63,20.9,90,8.9,1014.4,1.4,2.7,7,2923.5,0
2022-11-24 10:20:01,5,62,20.9,90,9.1,1014.4,0.7,1.7,6,2923.5,0
2022-11-24 10:25:01,5,61,20.9,90,9.1,1014.4,1.4,2.7,9,2923.5,0
2022-11-24 10:30:01,5,60,21.0,90,9.2,1014.4,0.7,1.7,7,2923.5,0
2022-11-24 10:35:01,5,60,20.9,90,9.3,1014.3,0.7,1.0,6,2923.5,0
2022-11-24 10:40:01,5,61,20.9,90,9.4,1014.5,0.7,1.7,6,2923.5,0
2022-11-24 10:45:01,5,60,20.9,90,9.5,1014.4,0.7,1.0,14,2923.5,0
2022-11-24 10:50:01,5,60,20.9,89,9.6,1014.4,1.0,3.7,4,2923.5,0
2022-11-24 10:55:01,5,60,20.8,89,9.8,1014.4,1.4,2.0,11,2923.5,0
2022-11-24 11:00:01,5,61,20.7,88,10.1,1014.4,0.7,2.0,6,2923.5,0
2022-11-24 11:05:01,5,61,20.7,88,10.2,1014.5,0.7,2.0,11,2923.5,0
2022-11-24 11:10:01,5,61,20.7,88,10.4,1014.5,0.7,2.0,6,2923.5,0
2022-11-24 11:15:01,5,61,20.6,88,10.3,1014.7,1.0,3.1,7,2923.5,0
2022-11-24 11:20:01,5,61,20.6,88,10.4,1014.7,0.3,1.0,9,2923.5,0
2022-11-24 11:25:01,5,61,20.5,87,10.4,1014.9,0.7,1.7,7,2923.5,0
2022-11-24 11:30:01,5,61,20.5,87,10.4,1014.8,1.0,2.0,8,2923.5,0
2022-11-24 11:35:01,5,61,20.4,87,10.6,1015.0,1.0,2.0,10,2923.5,0
2022-11-24 11:40:01,5,61,20.4,87,10.8,1014.9,0.3,1.0,6,2923.5,0
2022-11-24 11:45:01,5,61,20.4,87,10.9,1015.2,1.0,2.0,9,2923.5,0
2022-11-24 11:50:01,5,61,20.4,86,10.9,1015.1,1.0,2.7,9,2923.5,0
2022-11-24 11:55:01,5,61,20.3,86,11.0,1015.0,0.7,1.7,6,2923.5,0
2022-11-24 12:00:01,5,61,20.3,86,11.1,1015.2,1.0,2.0,9,2923.5,0
2022-11-24 12:05:02,5,61,20.3,85,11.1,1015.3,1.0,2.0,0,2923.5,0
2022-11-24 12:10:02,5,61,20.2,85,11.2,1015.3,1.0,1.7,7,2923.5,0
2022-11-24 12:15:02,5,61,20.2,85,11.3,1015.4,1.0,1.7,7,2923.5,0
2022-11-24 12:20:02,5,62,20.1,85,11.7,1015.4,0.3,1.0,11,2923.5,0
2022-11-24 12:25:02,5,62,20.1,85,11.7,1015.4,0.3,1.7,12,2923.5,0
2022-11-24 12:30:02,5,62,20.0,84,11.7,1015.4,1.0,2.7,12,2923.5,0
2022-11-24 12:35:02,5,62,20.0,84,11.7,1015.6,0.7,1.7,9,2923.5,0
2022-11-24 12:40:02,5,63,19.9,84,11.5,1015.7,1.4,2.0,13,2923.5,0
2022-11-24 12:45:02,5,63,19.8,84,11.5,1015.8,1.0,2.0,11,2923.5,0
2022-11-24 12:50:02,5,63,19.8,84,11.6,1015.9,0.7,1.7,11,2923.5,0
2022-11-24 12:55:02,5,63,19.7,84,11.8,1015.9,0.3,0.7,12,2923.5,0
2022-11-24 13:00:02,5,63,19.7,83,11.7,1016.0,1.0,2.0,10,2923.5,0
2022-11-24 13:05:02,5,63,19.6,83,11.7,1016.1,1.0,2.0,10,2923.5,0
2022-11-24 13:10:02,5,63,19.6,84,11.7,1016.1,0.3,1.0,4,2923.5,0
2022-11-24 13:15:02,5,64,18.7,83,11.8,1016.1,1.0,2.7,6,2923.5,0
2022-11-24 13:20:02,5,64,18.6,84,11.7,1016.1,0.7,1.0,7,2923.5,0
2022-11-24 13:25:02,5,64,18.6,84,11.7,1016.1,0.7,1.0,12,2923.5,0
2022-11-24 13:30:02,5,64,18.6,83,11.7,1016.1,0.7,1.7,9,2923.5,0
2022-11-24 13:35:02,5,64,18.5,83,11.6,1016.1,1.0,3.1,11,2923.5,0
2022-11-24 13:40:02,5,64,18.5,83,11.6,1016.1,0.7,1.7,7,2923.5,0
2022-11-24 13:45:02,5,64,18.5,84,11.3,1015.9,0.7,1.0,6,2923.5,0
2022-11-24 13:50:02,5,65,18.5,84,11.3,1016.0,0.3,0.7,12,2923.5,0
2022-11-24 13:55:02,5,65,18.5,85,11.2,1016.2,0.7,1.0,11,2923.5,0
2022-11-24 14:00:02,5,65,18.4,85,11.1,1016.0,0.0,0.7,13,2923.5,0
2022-11-24 14:05:02,5,65,18.4,86,10.9,1016.1,0.3,1.0,10,2923.5,0
2022-11-24 14:10:02,5,65,18.4,86,10.8,1016.1,0.0,0.7,10,2923.5,0
2022-11-24 14:15:02,5,65,18.4,86,10.8,1016.0,0.0,0.7,12,2923.5,0
2022-11-24 14:20:02,5,65,18.3,87,10.7,1016.1,0.3,1.0,12,2923.5,0
2022-11-24 14:25:02,5,65,18.3,87,10.7,1016.0,0.3,0.7,11,2923.5,0
2022-11-24 14:30:02,5,65,18.3,87,10.6,1016.1,1.0,1.7,8,2923.5,0
2022-11-24 14:35:02,5,65,18.3,87,10.4,1016.2,0.3,0.7,9,2923.5,0
2022-11-24 14:40:02,5,65,18.2,88,10.3,1016.1,0.3,1.7,12,2923.5,0
2022-11-24 14:45:02,5,65,18.1,88,10.2,1016.1,0.3,1.7,10,2923.5,0
2022-11-24 14:50:02,5,65,18.1,88,10.1,1016.2,0.3,1.0,11,2923.5,0
2022-11-24 14:55:02,5,65,18.1,88,10.1,1016.2,0.3,1.0,13,2923.5,0
2022-11-24 15:00:02,5,66,18.1,88,10.0,1016.3,0.7,1.0,8,2923.5,0
2022-11-24 15:05:02,5,66,18.0,88,10.0,1016.4,0.3,1.0,10,2923.5,0
2022-11-24 15:10:02,5,66,18.0,88,9.9,1016.4,0.3,0.7,11,2923.5,0
2022-11-24 15:15:02,5,66,18.0,89,9.8,1016.3,0.3,0.7,9,2923.5,0
2022-11-24 15:20:02,5,66,18.0,89,9.7,1016.3,0.3,0.7,9,2923.5,0
2022-11-24 15:25:02,5,66,18.0,90,9.5,1016.3,0.3,1.0,9,2923.5,0
2022-11-24 15:30:02,5,66,18.0,90,9.5,1016.4,0.3,0.7,11,2923.5,0
2022-11-24 15:35:02,5,67,17.9,90,9.3,1016.4,0.0,0.7,11,2923.5,0
2022-11-24 15:40:02,5,68,17.9,90,9.3,1016.4,0.3,1.0,9,2923.5,0
2022-11-24 15:45:02,5,68,17.9,91,9.2,1016.4,0.3,1.0,8,2923.5,0
2022-11-24 15:50:02,5,68,17.9,91,9.2,1016.2,0.3,1.7,11,2923.5,0
2022-11-24 15:55:02,5,68,17.9,91,9.1,1016.4,0.7,1.0,9,2923.5,0
2022-11-24 16:00:02,5,67,17.9,91,9.1,1016.2,0.3,1.0,10,2923.5,0
2022-11-24 16:05:02,5,67,17.9,91,9.1,1016.4,0.3,0.7,12,2923.5,0
2022-11-24 16:10:02,5,68,17.9,91,9.2,1016.4,0.7,1.7,12,2923.5,0
2022-11-24 16:15:02,5,67,17.9,90,9.1,1016.5,0.3,1.0,10,2923.5,0
2022-11-24 16:20:02,5,67,17.8,90,9.1,1016.3,0.3,0.7,10,2923.5,0
2022-11-24 16:25:02,5,63,17.7,91,9.0,1016.3,0.3,0.7,11,2923.5,0
2022-11-24 16:30:02,5,62,17.6,91,8.9,1016.5,0.3,0.7,9,2923.5,0
2022-11-24 16:35:02,5,62,17.6,91,8.9,1016.5,0.0,0.7,9,2923.5,0
2022-11-24 16:40:02,5,62,17.7,91,8.9,1016.5,0.0,0.7,9,2923.5,0
2022-11-24 16:45:02,5,63,17.8,91,8.8,1016.4,0.0,0.7,8,2923.5,0
2022-11-24 16:50:02,5,64,18.0,91,8.8,1016.1,0.3,0.7,10,2923.5,0
2022-11-24 16:55:02,5,65,18.3,91,8.9,1015.9,0.3,1.0,10,2923.5,0
2022-11-24 17:00:02,5,66,18.6,91,8.9,1015.8,0.7,1.7,8,2923.5,0
2022-11-24 17:05:02,5,66,19.8,91,9.0,1015.3,0.3,0.7,9,2923.5,0
2022-11-24 17:10:02,5,64,20.1,91,9.0,1015.1,0.0,0.7,10,2923.5,0
2022-11-24 17:15:02,5,63,20.3,91,9.0,1014.9,0.3,0.7,5,2923.5,0
2022-11-24 17:20:02,5,63,20.4,90,9.0,1014.7,0.7,1.0,12,2923.5,0
2022-11-24 17:25:02,5,62,20.5,90,9.0,1014.6,0.7,1.7,13,2923.5,0
2022-11-24 17:30:02,5,62,20.6,90,9.1,1014.4,0.7,1.7,9,2923.5,0
2022-11-24 17:35:02,5,62,20.6,90,9.0,1014.4,0.7,1.0,10,2923.5,0
2022-11-24 17:40:02,5,62,20.6,90,9.0,1014.2,0.7,1.0,12,2923.5,0
2022-11-24 17:45:02,5,62,20.7,90,8.9,1014.3,0.7,1.7,11,2923.5,0
2022-11-24 17:50:02,5,62,20.6,90,8.8,1014.3,0.3,1.0,14,2923.5,0
2022-11-24 17:55:02,5,62,20.6,91,8.7,1014.2,0.3,1.0,11,2923.5,0
2022-11-24 18:00:02,5,62,20.6,91,8.8,1014.3,1.0,1.7,10,2923.5,0
2022-11-24 18:05:02,5,62,20.5,90,8.7,1014.4,0.7,1.0,11,2923.5,0
2022-11-24 18:10:02,5,61,20.5,90,8.8,1014.3,0.7,1.7,6,2923.5,0
2022-11-24 18:15:02,5,58,20.4,90,8.8,1014.4,0.7,1.0,15,2923.5,0
2022-11-24 18:20:02,5,57,20.2,90,8.8,1014.6,0.7,1.7,9,2923.5,0
2022-11-24 18:25:02,5,57,20.0,90,8.7,1014.9,0.3,1.0,9,2923.5,0
2022-11-24 18:30:02,5,58,19.8,90,8.7,1014.9,0.7,1.0,14,2923.5,0
2022-11-24 18:35:02,5,58,18.7,89,8.7,1015.1,0.7,1.7,5,2923.5,0
2022-11-24 18:40:02,5,59,18.6,89,8.7,1015.2,0.7,1.7,11,2923.5,0
2022-11-24 18:45:02,5,58,18.5,89,8.7,1015.3,0.7,1.0,13,2923.5,0
2022-11-24 18:50:02,5,58,18.4,89,8.6,1015.4,0.7,1.0,12,2923.5,0
2022-11-24 18:55:02,5,61,18.3,89,8.6,1015.6,0.7,1.0,13,2923.5,0
2022-11-24 19:00:02,5,62,18.3,89,8.5,1015.7,0.3,0.7,8,2923.5,0
2022-11-24 19:05:02,5,63,18.4,89,8.5,1015.6,0.3,0.7,8,2923.5,0
2022-11-24 19:10:02,5,64,18.5,89,8.5,1015.5,0.3,1.0,11,2923.5,0
2022-11-24 19:15:02,5,64,18.5,89,8.5,1015.5,0.7,1.7,15,2923.5,0
2022-11-24 19:20:02,5,64,18.6,89,8.5,1015.3,0.7,1.7,9,2923.5,0
2022-11-24 19:25:02,5,64,18.6,89,8.6,1015.3,0.7,1.7,8,2923.5,0
2022-11-24 19:30:02,5,64,18.6,89,8.5,1015.3,0.7,1.7,11,2923.5,0
2022-11-24 19:35:02,5,64,18.6,89,8.5,1015.3,0.3,1.0,11,2923.5,0
2022-11-24 19:40:02,5,64,18.6,89,8.5,1015.2,0.7,1.7,13,2923.5,0
2022-11-24 19:45:02,5,64,18.6,89,8.5,1015.3,0.3,1.0,12,2923.5,0
2022-11-24 19:50:02,5,64,18.6,88,8.6,1015.2,0.7,1.7,9,2923.5,0
2022-11-24 19:55:02,5,64,18.6,89,8.5,1015.3,1.0,1.7,13,2923.5,0
2022-11-24 20:00:02,5,64,18.6,89,8.6,1015.1,1.0,2.0,9,2923.5,0
2022-11-24 20:05:02,5,64,18.5,89,8.6,1015.2,0.7,1.7,0,2923.5,0
2022-11-24 20:10:02,5,64,18.5,89,8.6,1015.3,1.0,2.0,6,2923.5,0
2022-11-24 20:15:02,5,64,18.5,89,8.5,1015.3,0.7,2.0,11,2923.5,0
2022-11-24 20:20:02,5,64,18.5,89,8.5,1015.3,0.7,1.0,11,2923.5,0
2022-11-24 20:25:02,5,64,18.5,90,8.5,1015.2,0.7,1.0,6,2923.5,0
2022-11-24 20:30:02,5,65,18.4,90,8.5,1015.3,0.7,1.7,0,2923.5,0
2022-11-24 20:35:02,5,65,18.4,90,8.5,1015.2,0.7,1.7,11,2923.5,0
2022-11-24 20:40:02,5,65,18.3,91,8.5,1015.2,1.0,1.7,11,2923.5,0
2022-11-24 20:45:02,5,65,18.3,91,8.5,1015.4,0.7,1.7,8,2923.5,0
2022-11-24 20:50:02,5,65,18.3,91,8.6,1015.3,0.7,1.0,10,2923.5,0
2022-11-24 20:55:02,5,65,18.3,91,8.6,1015.4,0.7,1.7,13,2923.5,0
2022-11-24 21:00:02,5,65,18.3,91,8.6,1015.3,0.3,1.0,13,2923.5,0
2022-11-24 21:05:02,5,65,18.2,91,8.6,1015.4,0.7,1.0,10,2923.5,0
2022-11-24 21:10:02,5,66,18.2,91,8.6,1015.4,1.0,1.7,11,2923.5,0
2022-11-24 21:15:02,5,66,18.1,91,8.7,1015.5,0.7,1.7,8,2923.5,0
2022-11-24 21:20:02,5,66,18.1,91,8.7,1015.6,0.3,1.0,13,2923.5,0
2022-11-24 21:25:02,5,66,18.1,91,8.7,1015.4,1.0,2.0,6,2923.5,0
2022-11-24 21:30:02,5,66,18.1,91,8.8,1015.6,1.0,1.7,10,2923.5,0
2022-11-24 21:35:02,5,66,18.1,91,8.9,1015.5,0.7,1.7,11,2923.5,0
2022-11-24 21:40:02,5,66,18.0,91,8.9,1015.4,0.3,1.0,10,2923.5,0
2022-11-24 21:45:02,5,66,18.0,91,8.9,1015.5,0.7,1.7,8,2923.5,0
2022-11-24 21:50:02,5,66,18.0,91,8.9,1015.5,0.7,1.0,7,2923.5,0
2022-11-24 21:55:02,5,66,18.0,91,8.9,1015.5,0.3,1.0,9,2923.5,0
2022-11-24 22:00:02,5,66,18.0,91,9.0,1015.5,0.7,1.0,12,2923.5,0
2022-11-24 22:05:02,5,66,18.0,91,9.0,1015.4,0.3,0.7,11,2923.5,0
2022-11-24 22:10:02,5,67,17.9,91,9.1,1015.5,0.7,1.0,9,2923.5,0
2022-11-24 22:15:02,5,67,17.9,91,9.1,1015.4,0.7,1.0,11,2923.5,0
2022-11-24 22:20:02,5,67,17.9,91,9.0,1015.5,0.7,1.0,9,2923.5,0
2022-11-24 22:25:02,5,67,17.9,91,9.1,1015.6,0.7,1.7,11,2923.5,0
2022-11-24 22:30:02,5,67,17.9,92,9.1,1015.7,0.7,1.7,11,2923.8,0
2022-11-24 22:35:02,5,68,17.9,93,9.0,1015.7,0.7,1.7,9,2924.4,0
2022-11-24 22:40:02,5,68,17.9,93,8.9,1015.7,0.3,0.7,11,2924.7,0
2022-11-24 22:45:02,5,68,17.8,94,8.8,1015.6,0.3,0.7,9,2924.7,0
2022-11-24 22:50:02,5,68,17.8,94,8.7,1015.6,0.3,1.0,9,2924.7,0
2022-11-24 22:55:02,5,68,17.8,95,8.7,1015.6,0.3,1.0,12,2925.0,0
2022-11-24 23:00:02,5,68,17.7,95,8.6,1015.6,0.3,1.0,11,2925.3,0
2022-11-24 23:05:02,5,68,17.7,95,8.6,1015.8,0.7,1.0,11,2925.6,0
2022-11-24 23:10:02,5,68,17.7,95,8.6,1015.7,0,0.7,9,2925.6,0
2022-11-24 23:15:02,5,68,17.7,95,8.6,1015.7,0.7,1.7,12,2925.9,0
2022-11-24 23:20:02,5,68,17.7,95,8.6,1015.7,0.3,0.7,9,2926.2,0
2022-11-24 23:25:02,5,68,17.6,96,8.5,1015.8,0.3,1.0,9,2926.5,0
2022-11-24 23:30:02,5,68,17.6,96,8.5,1015.7,0.7,1.7,11,2926.8,0
2022-11-24 23:35:02,5,68,17.6,96,8.5,1015.6,0,0.7,10,2927.4,0
2022-11-24 23:40:02,5,68,17.6,96,8.5,1015.6,0,0,9,2927.7,0
2022-11-24 23:45:02,5,68,17.6,96,8.5,1015.7,0,0,8,2928.0,0
2022-11-24 23:50:02,5,68,17.6,96,8.5,1015.6,0.3,0.7,9,2928.0,0
2022-11-24 23:55:02,5,68,17.6,97,8.5,1015.7,0.3,1.0,12,2928.0,0
