2022-11-07 00:01:02,5,73,18.6,92,11.3,1012.5,1.0,2.0,9,2863.2,0
2022-11-07 00:06:02,5,73,18.6,92,11.4,1012.6,0.7,1.7,12,2863.2,0
2022-11-07 00:11:02,5,73,18.6,92,11.4,1012.6,1.4,3.1,6,2863.2,0
2022-11-07 00:16:02,5,73,18.6,92,11.5,1012.6,2.4,4.1,9,2863.2,0
2022-11-07 00:21:02,5,73,18.5,92,11.3,1012.7,1.0,1.7,9,2863.2,0
2022-11-07 00:26:02,5,73,18.5,92,11.3,1012.9,1.4,3.7,11,2863.2,0
2022-11-07 00:31:02,5,73,18.5,92,11.3,1012.8,0.7,1.7,6,2863.2,0
2022-11-07 00:36:02,5,73,18.5,91,11.5,1012.8,1.7,3.7,7,2863.2,0
2022-11-07 00:41:02,5,73,18.5,91,11.5,1012.9,1.4,2.0,12,2863.2,0
2022-11-07 00:46:02,5,73,18.4,91,11.5,1013.0,1.4,2.7,2,2863.2,0
2022-11-07 00:51:02,5,73,18.4,91,11.4,1012.8,1.0,2.7,12,2863.2,0
2022-11-07 00:56:02,5,73,18.4,91,11.4,1012.9,0.7,1.7,0,2863.2,0
2022-11-07 01:01:02,5,73,18.3,91,11.4,1013.1,2.4,4.1,11,2863.2,0
2022-11-07 01:06:02,5,73,18.3,91,11.4,1013.2,1.4,3.1,9,2863.2,0
2022-11-07 01:11:02,5,73,18.3,91,11.4,1013.2,2.0,4.8,7,2863.2,0
2022-11-07 01:16:02,5,73,18.3,91,11.3,1013.3,1.0,2.0,8,2863.2,0
2022-11-07 01:21:03,5,73,18.3,91,11.4,1013.3,1.4,2.0,5,2863.2,0
2022-11-07 01:26:03,5,73,18.3,91,11.4,1013.3,1.0,2.0,10,2863.2,0
2022-11-07 01:31:03,5,73,18.2,91,11.4,1013.3,1.7,4.1,3,2863.2,0
2022-11-07 01:36:03,5,73,18.2,91,11.4,1013.5,1.0,2.7,9,2863.2,0
2022-11-07 01:41:03,5,73,18.1,92,11.4,1013.5,1.7,3.7,9,2863.2,0
2022-11-07 01:46:03,5,73,18.1,91,11.4,1013.7,1.4,2.0,5,2863.2,0
2022-11-07 01:51:03,5,73,18.1,91,11.4,1013.6,1.0,1.7,13,2863.2,0
2022-11-07 01:56:03,5,73,18.1,91,11.4,1013.7,0.7,1.0,5,2863.2,0
2022-11-07 02:01:03,5,73,18.1,92,11.4,1013.8,1.4,2.0,10,2863.2,0
2022-11-07 02:06:03,5,73,18.1,92,11.4,1013.7,0.7,1.0,11,2863.2,0
2022-11-07 02:11:03,5,73,18.1,92,11.4,1013.8,1.0,3.1,5,2863.2,0
2022-11-07 02:16:03,5,73,18.1,92,11.4,1013.8,1.0,2.0,11,2863.2,0
2022-11-07 02:21:03,5,73,18.0,92,11.4,1013.8,1.0,2.7,10,2863.2,0
2022-11-07 02:26:03,5,73,18.0,91,11.4,1013.8,1.0,1.7,4,2863.2,0
2022-11-07 02:31:03,5,73,18.0,92,11.3,1013.8,1.0,1.7,13,2863.2,0
2022-11-07 02:36:03,5,73,18.0,92,11.3,1013.6,1.7,3.1,7,2863.2,0
2022-11-07 02:41:03,5,73,18.0,92,11.3,1013.7,0.7,2.0,6,2863.2,0
2022-11-07 02:46:03,5,73,18.0,92,11.2,1013.8,0.3,1.0,8,2863.2,0
2022-11-07 02:51:03,5,73,18.0,92,11.2,1013.7,0.7,1.0,7,2863.2,0
2022-11-07 02:56:03,5,73,18.0,92,11.2,1013.8,0.7,1.7,13,2863.2,0
2022-11-07 03:01:03,5,73,18.0,92,11.3,1013.8,1.4,3.7,7,2863.2,0
2022-11-07 03:06:03,5,73,18.0,92,11.3,1013.9,0.7,1.7,10,2863.2,0
2022-11-07 03:11:03,5,73,18.0,91,11.4,1013.8,1.0,2.7,2,2863.2,0
2022-11-07 03:16:03,5,73,18.0,91,11.5,1014.0,1.0,3.1,6,2863.2,0
2022-11-07 03:21:03,5,73,18.0,91,11.6,1014.1,1.0,3.7,8,2863.2,0
2022-11-07 03:26:03,5,72,17.9,91,11.6,1014.0,1.0,2.0,6,2863.2,0
2022-11-07 03:31:03,5,72,17.9,92,11.5,1014.0,1.4,3.1,6,2863.2,0
2022-11-07 03:36:03,5,72,17.9,92,11.4,1014.1,1.0,2.0,9,2863.2,0
2022-11-07 03:41:03,5,72,17.9,92,11.5,1014.0,0.7,1.7,10,2863.2,0
2022-11-07 03:46:03,5,72,17.9,92,11.5,1014.0,0.7,1.7,8,2863.2,0
2022-11-07 03:51:03,5,72,17.9,91,11.6,1014.1,1.4,3.7,11,2863.2,0
2022-11-07 03:56:03,5,72,17.9,91,11.6,1014.0,0.3,2.0,8,2863.2,0
2022-11-07 04:01:03,5,72,17.9,91,11.7,1014.0,1.4,2.7,8,2863.2,0
2022-11-07 04:06:03,5,72,17.9,91,11.7,1014.0,0.7,1.0,9,2863.2,0
2022-11-07 04:11:03,5,72,17.9,92,11.6,1014.0,1.0,1.7,10,2863.2,0
2022-11-07 04:16:03,5,72,17.9,92,11.5,1013.9,0.7,2.0,10,2863.2,0
2022-11-07 04:21:03,5,72,17.9,92,11.5,1013.9,1.0,2.0,13,2863.5,0
2022-11-07 04:26:03,5,72,17.9,92,11.5,1014.0,1.4,3.7,11,2863.5,0
2022-11-07 04:31:03,5,72,17.8,93,11.5,1014.0,1.0,1.7,10,2863.5,0
2022-11-07 04:36:03,5,72,17.8,92,11.5,1013.9,1.4,2.0,6,2863.5,0
2022-11-07 04:41:03,5,72,17.8,93,11.4,1014.1,0.7,1.7,9,2863.5,0
2022-11-07 04:46:03,5,72,17.8,92,11.5,1014.1,1.4,3.7,8,2863.5,0
2022-11-07 04:51:03,5,72,17.8,92,11.6,1014.1,1.0,1.7,8,2863.5,0
2022-11-07 04:56:03,5,72,17.8,92,11.6,1014.3,0.3,1.0,12,2863.5,0
2022-11-07 05:01:03,5,72,17.8,92,11.6,1014.2,1.0,2.7,15,2863.5,0
2022-11-07 05:06:03,5,72,17.8,92,11.6,1014.2,0.3,1.0,13,2863.5,0
2022-11-07 05:11:03,5,72,17.8,92,11.6,1014.2,1.0,1.7,11,2863.5,0
2022-11-07 05:16:03,5,72,17.8,92,11.5,1014.2,0.7,1.7,4,2863.5,0
2022-11-07 05:21:03,5,72,17.8,93,11.5,1014.2,2.0,3.7,9,2863.8,0
2022-11-07 05:26:03,5,72,17.8,93,11.4,1014.3,1.0,2.0,5,2863.8,0
2022-11-07 05:31:03,5,72,17.7,93,11.4,1014.4,0.7,2.7,12,2863.8,0
2022-11-07 05:36:03,5,72,17.7,93,11.4,1014.4,1.0,1.7,8,2863.8,0
2022-11-07 05:41:03,5,72,17.7,93,11.4,1014.3,1.0,2.0,5,2863.8,0
2022-11-07 05:46:03,5,72,17.7,93,11.4,1014.3,1.0,2.0,7,2863.8,0
2022-11-07 05:51:03,5,72,17.7,93,11.4,1014.3,0.7,1.0,12,2863.8,0
2022-11-07 05:56:03,5,72,17.7,93,11.4,1014.2,0.7,1.7,9,2863.8,0
2022-11-07 06:01:03,5,72,17.7,93,11.4,1014.3,0.3,1.0,10,2864.1,0
2022-11-07 06:06:03,5,72,17.7,93,11.4,1014.3,0.7,1.7,8,2864.1,0
2022-11-07 06:11:03,5,74,17.8,93,11.5,1014.2,0.7,1.7,10,2864.1,0
2022-11-07 06:16:03,5,74,17.9,93,11.5,1014.1,1.0,1.7,7,2864.1,0
2022-11-07 06:21:03,5,75,18.1,92,11.6,1014.0,2.0,3.1,0,2864.1,0
2022-11-07 06:26:03,5,74,18.3,92,11.7,1013.8,0.7,1.0,9,2864.1,0
2022-11-07 06:31:03,5,74,18.5,92,11.7,1013.7,1.0,2.7,10,2864.1,0
2022-11-07 06:36:03,5,73,18.6,92,11.7,1013.7,1.7,4.1,11,2864.1,0
2022-11-07 06:41:03,5,73,18.7,92,11.7,1013.7,1.0,2.0,9,2864.1,0
2022-11-07 06:46:03,5,72,18.8,92,11.7,1013.5,1.4,2.7,8,2864.1,0
2022-11-07 06:51:03,5,72,18.9,92,11.6,1013.5,0.7,1.0,13,2864.1,0
2022-11-07 06:56:03,5,71,19.0,92,11.6,1013.3,1.4,3.1,9,2864.1,0
2022-11-07 07:01:03,5,71,19.1,92,11.7,1013.6,1.0,2.0,10,2864.1,0
2022-11-07 07:06:03,5,71,19.1,92,11.7,1013.5,1.0,2.0,10,2864.1,0
2022-11-07 07:11:03,5,71,19.1,92,11.7,1013.5,1.4,3.1,6,2864.1,0
2022-11-07 07:16:03,5,70,19.1,92,11.8,1013.5,0.7,2.7,5,2864.1,0
2022-11-07 07:21:02,5,70,19.1,92,11.8,1013.4,1.7,2.7,9,2864.1,0
2022-11-07 07:26:02,5,71,19.1,92,11.8,1013.5,0.7,2.0,11,2864.1,0
2022-11-07 07:31:02,5,71,19.1,92,11.9,1013.6,0.3,1.7,11,2864.1,0
2022-11-07 07:36:02,5,71,19.1,92,11.9,1013.8,1.0,2.7,7,2864.1,0
2022-11-07 07:41:02,5,71,19.2,92,11.9,1013.7,0.7,1.7,8,2864.1,0
2022-11-07 07:46:02,5,71,19.3,92,11.9,1013.6,0.7,1.0,11,2864.1,0
2022-11-07 07:51:02,5,70,20.2,92,12.0,1013.7,1.0,2.0,12,2864.1,0
2022-11-07 07:56:02,5,70,20.3,92,12.0,1013.5,0.7,1.0,10,2864.1,0
2022-11-07 08:01:02,5,70,20.4,92,12.1,1013.7,0.7,1.7,8,2864.1,0
2022-11-07 08:06:02,5,69,20.4,92,12.1,1013.6,0.7,2.0,15,2864.1,0
2022-11-07 08:11:02,5,69,20.5,91,12.2,1013.5,1.7,3.1,6,2864.1,0
2022-11-07 08:16:02,5,69,20.5,91,12.3,1013.5,1.7,3.1,8,2864.1,0
2022-11-07 08:21:02,5,70,20.5,91,12.4,1013.4,0.7,1.7,3,2864.1,0
2022-11-07 08:26:02,5,70,20.6,91,12.4,1013.7,1.0,2.0,10,2864.1,0
2022-11-07 08:31:02,5,70,20.6,91,12.5,1013.7,1.4,2.7,8,2864.1,0
2022-11-07 08:36:02,5,69,20.6,91,12.5,1013.8,1.0,2.0,12,2864.1,0
2022-11-07 08:41:02,5,70,20.6,91,12.5,1013.8,1.4,3.1,14,2864.1,0
2022-11-07 08:46:02,5,70,20.6,91,12.6,1013.9,0.3,1.0,12,2864.1,0
2022-11-07 08:51:02,5,70,20.6,91,12.7,1014.0,0.7,2.0,9,2864.1,0
2022-11-07 08:56:02,5,70,20.5,91,12.7,1013.9,1.0,1.7,0,2864.1,0
2022-11-07 09:01:02,5,70,20.5,90,12.8,1014.0,0.7,1.0,7,2864.1,0
2022-11-07 09:06:02,5,70,20.5,90,12.8,1014.0,1.4,2.0,8,2864.1,0
2022-11-07 09:11:02,5,70,20.5,90,12.8,1014.1,0.7,1.7,12,2864.1,0
2022-11-07 09:16:02,5,70,20.5,90,12.8,1014.1,1.4,2.7,8,2864.1,0
2022-11-07 09:21:02,5,70,20.5,91,12.8,1014.2,0.7,1.7,12,2864.1,0
2022-11-07 09:26:02,5,70,20.5,91,12.8,1014.2,2.0,3.7,9,2864.1,0
2022-11-07 09:31:02,5,70,20.5,90,12.9,1014.1,1.0,2.7,9,2864.1,0
2022-11-07 09:36:02,5,70,20.5,90,12.9,1014.3,1.4,3.1,9,2864.1,0
2022-11-07 09:41:02,5,70,20.5,90,13.0,1014.2,0.7,2.0,12,2864.1,0
2022-11-07 09:46:02,5,70,20.5,90,13.1,1014.3,1.4,3.1,11,2864.1,0
2022-11-07 09:51:02,5,70,20.6,89,13.2,1014.3,1.4,3.7,11,2864.1,0
2022-11-07 09:56:02,5,70,20.6,89,13.3,1014.2,0.7,1.7,14,2864.1,0
2022-11-07 10:01:02,5,70,20.6,89,13.4,1014.4,0.7,1.7,11,2864.1,0
2022-11-07 10:06:02,5,70,20.6,89,13.4,1014.4,0.3,1.7,7,2864.1,0
2022-11-07 10:11:02,5,70,20.6,89,13.4,1014.5,1.4,2.7,11,2864.1,0
2022-11-07 10:16:02,5,70,20.6,89,13.5,1014.4,0.7,1.0,15,2864.1,0
2022-11-07 10:21:02,5,70,20.6,88,13.5,1014.4,1.4,3.1,5,2864.1,0
2022-11-07 10:26:02,5,70,20.6,89,13.7,1014.6,0.7,1.7,12,2864.1,0
2022-11-07 10:31:02,5,70,20.7,89,13.5,1014.7,1.4,2.7,10,2864.1,0
2022-11-07 10:36:02,5,70,20.7,89,13.6,1014.6,0.7,1.0,13,2864.1,0
2022-11-07 10:41:02,5,70,20.7,89,13.6,1014.6,0.7,1.7,3,2864.1,0
2022-11-07 10:46:02,5,70,20.6,88,13.6,1014.6,1.0,2.7,4,2864.1,0
2022-11-07 10:51:02,5,70,20.6,88,13.7,1014.6,1.7,2.7,12,2864.1,0
2022-11-07 10:56:02,5,70,20.6,88,13.8,1014.5,0.7,1.7,13,2864.1,0
2022-11-07 11:01:02,5,70,20.6,87,13.8,1014.6,1.4,2.0,14,2864.1,0
2022-11-07 11:06:02,5,70,20.6,87,13.9,1014.5,1.0,2.7,6,2864.1,0
2022-11-07 11:11:02,5,70,20.6,87,13.9,1014.6,1.4,2.7,8,2864.1,0
2022-11-07 11:16:02,5,70,20.6,87,13.9,1014.7,1.0,2.7,4,2864.1,0
2022-11-07 11:21:02,5,70,20.6,87,14.0,1014.6,0.7,1.7,8,2864.1,0
2022-11-07 11:26:02,5,70,20.6,87,14.0,1014.5,0.7,1.0,5,2864.1,0
2022-11-07 11:31:02,5,70,20.6,87,14.0,1014.6,0.3,0.7,14,2864.1,0
2022-11-07 11:36:02,5,70,20.6,86,14.1,1014.4,1.7,3.1,12,2864.1,0
2022-11-07 11:41:02,5,70,20.6,86,14.2,1014.4,1.0,1.7,4,2864.1,0
2022-11-07 11:46:02,5,70,20.6,86,14.3,1014.3,0.0,0.7,7,2864.1,0
2022-11-07 11:51:02,5,70,20.6,86,14.4,1014.4,0.7,1.0,10,2864.1,0
2022-11-07 11:56:02,5,70,20.7,86,14.4,1014.6,0.3,1.7,8,2864.1,0
2022-11-07 12:01:02,5,70,20.7,86,14.5,1014.5,1.0,1.7,9,2864.1,0
2022-11-07 12:06:02,5,70,20.7,85,14.5,1014.5,1.4,2.7,8,2864.1,0
2022-11-07 12:11:02,5,70,20.7,85,14.6,1014.5,0.3,0.7,6,2864.1,0
2022-11-07 12:16:02,5,70,20.7,85,14.6,1014.4,0.7,1.0,15,2864.1,0
2022-11-07 12:21:02,5,70,20.7,85,14.4,1014.4,1.0,2.0,8,2864.1,0
2022-11-07 12:26:02,5,70,20.7,85,14.4,1014.3,0.7,1.7,11,2864.1,0
2022-11-07 12:31:02,5,70,20.7,86,14.4,1014.5,1.0,2.0,15,2864.1,0
2022-11-07 12:36:02,5,70,20.7,86,14.3,1014.4,0.7,1.7,12,2864.1,0
2022-11-07 12:41:02,5,70,20.7,85,14.4,1014.4,0.7,1.0,14,2864.1,0
2022-11-07 12:46:02,5,70,20.7,86,14.3,1014.4,1.0,1.7,5,2864.1,0
2022-11-07 12:51:02,5,70,20.6,86,14.3,1014.5,1.4,3.1,9,2864.1,0
2022-11-07 12:56:02,5,70,20.6,86,14.3,1014.4,0.0,0.7,12,2864.1,0
2022-11-07 13:01:02,5,70,20.6,86,14.4,1014.5,0.7,1.7,13,2864.1,0
2022-11-07 13:06:02,5,70,20.6,86,14.4,1014.4,1.0,2.0,10,2864.1,0
2022-11-07 13:11:02,5,70,20.6,86,14.4,1014.3,1.4,1.7,12,2864.1,0
2022-11-07 13:16:02,5,70,20.6,86,14.4,1014.3,1.4,3.1,11,2864.1,0
2022-11-07 13:21:02,5,70,20.6,85,14.5,1014.5,1.4,3.7,1,2864.1,0
2022-11-07 13:26:02,5,70,20.6,85,14.5,1014.4,1.7,2.7,8,2864.1,0
2022-11-07 13:31:02,5,70,20.6,85,14.6,1014.3,1.0,2.0,11,2864.1,0
2022-11-07 13:36:02,5,70,20.6,85,14.5,1014.3,1.0,2.0,12,2864.1,0
2022-11-07 13:41:02,5,70,20.6,86,14.5,1014.3,1.0,2.0,12,2864.1,0
2022-11-07 13:46:02,5,70,20.6,86,14.5,1014.3,1.0,2.7,6,2864.1,0
2022-11-07 13:51:02,5,70,20.6,87,14.4,1014.2,1.0,2.0,6,2864.1,0
2022-11-07 13:56:02,5,70,20.6,87,14.4,1014.3,0.3,0.7,14,2864.1,0
2022-11-07 14:01:02,5,70,20.6,88,14.3,1014.4,0.7,1.0,7,2864.1,0
2022-11-07 14:06:02,5,70,20.6,89,14.2,1014.4,0.7,2.0,9,2864.1,0
2022-11-07 14:11:02,5,70,20.6,88,14.1,1014.4,1.0,2.0,10,2864.1,0
2022-11-07 14:16:02,5,70,20.5,88,14.2,1014.4,0.7,1.0,10,2864.1,0
2022-11-07 14:21:02,5,70,20.5,89,14.1,1014.5,1.0,1.7,11,2864.1,0
2022-11-07 14:26:02,5,70,20.5,89,14.1,1014.6,0.3,1.0,6,2864.1,0
2022-11-07 14:31:02,5,70,20.4,89,14.0,1014.5,1.0,2.7,8,2864.1,0
2022-11-07 14:36:02,5,70,20.4,89,14.1,1014.7,0.3,1.0,10,2864.1,0
2022-11-07 14:41:02,5,71,19.6,90,14.0,1014.7,0.7,1.7,7,2864.1,0
2022-11-07 14:46:02,5,71,19.5,90,13.9,1014.6,0.3,0.7,7,2864.1,0
2022-11-07 14:51:02,5,71,19.5,90,13.9,1014.7,0.3,0.7,1,2864.1,0
2022-11-07 14:56:02,5,71,19.5,91,13.8,1014.6,0.3,1.0,14,2864.1,0
2022-11-07 15:01:02,5,71,19.5,91,13.8,1014.6,0.3,1.0,14,2864.1,0
2022-11-07 15:06:02,5,72,19.4,91,13.8,1014.8,0.7,1.0,11,2864.1,0
2022-11-07 15:11:02,5,72,19.3,91,13.7,1014.7,0.3,0.7,11,2864.1,0
2022-11-07 15:16:02,5,72,19.3,92,13.7,1014.7,1.0,2.0,9,2864.4,0
2022-11-07 15:21:02,5,72,19.3,92,13.6,1014.7,0.7,1.7,6,2864.4,0
2022-11-07 15:26:02,5,72,19.3,92,13.6,1014.7,0.7,1.7,11,2864.4,0
2022-11-07 15:31:02,5,72,19.3,92,13.6,1014.7,1.0,2.0,7,2864.4,0
2022-11-07 15:36:02,5,72,19.3,92,13.6,1014.7,0.7,1.0,14,2864.4,0
2022-11-07 15:41:02,5,72,19.3,92,13.5,1014.7,0.0,0.7,9,2864.4,0
2022-11-07 15:46:02,5,72,19.3,92,13.5,1014.6,0.0,0.7,13,2864.4,0
2022-11-07 15:51:02,5,72,19.3,92,13.5,1014.7,0.7,1.0,10,2864.4,0
2022-11-07 15:56:02,5,72,19.3,92,13.6,1014.9,0.7,1.0,7,2864.4,0
2022-11-07 16:01:02,5,72,19.2,92,13.6,1014.7,1.0,1.7,9,2864.4,0
2022-11-07 16:06:02,5,72,19.2,92,13.6,1014.8,0.7,1.0,9,2864.4,0
2022-11-07 16:11:02,5,72,19.2,91,13.6,1014.9,0.3,1.0,5,2864.4,0
2022-11-07 16:16:02,5,72,19.2,91,13.6,1014.8,0.3,1.7,2,2864.4,0
2022-11-07 16:21:02,5,72,19.2,91,13.7,1014.9,0.7,1.0,8,2864.4,0
2022-11-07 16:26:02,5,73,19.2,91,13.8,1015.0,1.0,2.7,11,2864.4,0
2022-11-07 16:31:02,5,73,19.2,90,13.8,1014.8,0.7,1.7,11,2864.4,0
2022-11-07 16:36:02,5,73,19.3,90,13.9,1014.7,0.7,1.0,8,2864.4,0
2022-11-07 16:41:02,5,73,19.5,89,14.0,1014.8,0.7,2.0,12,2864.4,0
2022-11-07 16:46:02,5,73,20.5,89,14.0,1014.4,0.7,1.7,10,2864.4,0
2022-11-07 16:51:02,5,70,20.6,89,14.1,1014.1,1.0,2.7,8,2864.4,0
2022-11-07 16:56:02,5,68,20.7,89,14.1,1014.1,1.0,1.7,12,2864.4,0
2022-11-07 17:01:02,5,67,20.7,89,14.1,1014.0,0.3,0.7,10,2864.4,0
2022-11-07 17:06:02,5,67,20.8,89,14.1,1013.9,1.0,2.0,7,2864.4,0
2022-11-07 17:11:02,5,66,20.9,89,14.1,1013.7,0.7,1.0,7,2864.4,0
2022-11-07 17:16:02,5,66,20.9,89,14.1,1013.7,0.7,2.0,1,2864.4,0
2022-11-07 17:21:02,5,65,20.9,89,14.2,1013.9,1.0,1.7,7,2864.4,0
2022-11-07 17:26:02,5,68,21.0,88,14.1,1013.8,0.7,2.0,7,2864.4,0
2022-11-07 17:31:02,5,69,21.1,88,14.1,1013.8,1.4,2.7,0,2864.4,0
2022-11-07 17:36:02,5,70,21.2,88,14.0,1013.7,1.0,2.0,8,2864.4,0
2022-11-07 17:41:02,5,69,21.3,88,14.1,1013.7,0.7,1.7,11,2864.4,0
2022-11-07 17:46:02,5,69,21.3,88,14.0,1013.7,0.3,1.0,5,2864.4,0
2022-11-07 17:51:02,5,69,21.3,89,13.9,1013.6,0.3,1.0,13,2864.4,0
2022-11-07 17:56:02,5,69,21.4,89,13.9,1013.6,0.7,1.7,13,2864.4,0
2022-11-07 18:01:02,5,69,21.5,88,13.9,1013.5,0.3,1.0,1,2864.4,0
2022-11-07 18:06:02,5,69,21.5,89,13.8,1013.5,0.3,0.7,1,2864.4,0
2022-11-07 18:11:02,5,69,21.5,89,13.8,1013.5,0.3,0.7,10,2864.4,0
2022-11-07 18:16:02,5,69,21.5,89,13.9,1013.4,1.0,2.7,12,2864.4,0
2022-11-07 18:21:02,5,69,21.4,89,13.9,1013.5,0.3,0.7,12,2864.4,0
2022-11-07 18:26:02,5,70,21.4,89,13.9,1013.5,0.7,2.0,14,2864.4,0
2022-11-07 18:31:02,5,70,21.3,88,14.0,1013.6,1.0,2.0,11,2864.4,0
2022-11-07 18:36:02,5,70,21.3,88,13.9,1013.7,0.3,1.0,13,2864.4,0
2022-11-07 18:41:02,5,70,21.3,89,13.8,1013.7,0.3,1.7,10,2864.4,0
2022-11-07 18:46:02,5,70,21.3,89,13.7,1013.7,0.7,2.0,7,2864.4,0
2022-11-07 18:51:02,5,70,21.2,89,13.7,1013.7,0.7,1.0,11,2864.4,0
2022-11-07 18:56:02,5,70,21.2,89,13.7,1013.9,0.0,0.0,14,2864.4,0
2022-11-07 19:01:02,5,70,21.2,89,13.6,1013.8,0.3,0.7,13,2864.4,0
2022-11-07 19:06:02,5,70,21.2,89,13.6,1013.9,0.3,0.7,13,2864.4,0
2022-11-07 19:11:02,5,70,21.1,89,13.6,1014.0,0.3,0.7,5,2864.4,0
2022-11-07 19:16:02,5,71,21.1,89,13.5,1013.9,0.3,1.0,12,2864.4,0
2022-11-07 19:21:02,5,71,21.1,89,13.5,1013.9,0.0,0.7,7,2864.4,0
2022-11-07 19:26:02,5,71,21.1,89,13.5,1013.9,0.7,1.7,10,2864.4,0
2022-11-07 19:31:02,5,71,21.0,89,13.6,1014.0,0.3,1.0,4,2864.4,0
2022-11-07 19:36:02,5,71,21.0,89,13.6,1014.0,0.7,2.0,11,2864.4,0
2022-11-07 19:41:02,5,71,21.0,89,13.6,1013.9,0.7,1.7,4,2864.4,0
2022-11-07 19:46:02,5,71,21.0,89,13.6,1014.0,0.7,1.0,7,2864.4,0
2022-11-07 19:51:02,5,71,21.0,89,13.7,1014.1,0.7,1.7,10,2864.4,0
2022-11-07 19:56:03,5,72,20.9,88,13.8,1014.1,1.4,3.1,9,2864.4,0
2022-11-07 20:01:03,5,72,20.9,88,13.7,1014.2,0.3,1.0,13,2864.4,0
2022-11-07 20:06:03,5,73,20.9,89,13.6,1014.2,0.3,1.0,12,2864.4,0
2022-11-07 20:11:03,5,73,20.9,89,13.6,1014.2,1.0,2.0,9,2864.4,0
2022-11-07 20:16:03,5,73,20.9,89,13.6,1014.2,1.0,1.7,8,2864.4,0
2022-11-07 20:21:03,5,73,20.9,89,13.6,1014.3,0.3,0.7,8,2864.4,0
2022-11-07 20:26:03,5,72,20.8,89,13.7,1014.3,0.3,0.7,13,2864.4,0
2022-11-07 20:31:03,5,73,20.7,88,13.8,1014.5,0.3,1.0,0,2864.4,0
2022-11-07 20:36:03,5,73,20.7,88,13.8,1014.4,0.7,2.0,10,2864.4,0
2022-11-07 20:41:03,5,73,20.7,88,13.8,1014.4,0.3,1.0,8,2864.4,0
2022-11-07 20:46:03,5,73,20.7,88,13.8,1014.4,0.7,1.0,11,2864.4,0
2022-11-07 20:51:03,5,73,20.7,88,13.8,1014.3,0.7,1.0,10,2864.4,0
2022-11-07 20:56:03,5,73,20.7,88,13.9,1014.5,0.3,1.0,12,2864.4,0
2022-11-07 21:01:03,5,73,20.7,88,13.9,1014.4,0.7,1.7,11,2864.4,0
2022-11-07 21:06:03,5,73,20.7,88,14.0,1014.4,0.7,1.0,11,2864.4,0
2022-11-07 21:11:03,5,73,20.7,88,13.9,1014.4,0.3,1.0,6,2864.4,0
2022-11-07 21:16:03,5,73,20.7,88,13.9,1014.3,0.7,1.0,1,2864.4,0
2022-11-07 21:21:03,5,73,20.7,88,13.9,1014.4,0.3,1.0,12,2864.4,0
2022-11-07 21:26:03,5,73,20.7,88,13.9,1014.4,0.3,1.7,11,2864.4,0
2022-11-07 21:31:03,5,72,20.7,88,13.8,1014.3,0.7,1.7,7,2864.4,0
2022-11-07 21:36:03,5,72,20.7,88,13.8,1014.3,0.7,1.0,9,2864.4,0
2022-11-07 21:41:03,5,72,20.7,88,13.9,1014.2,1.7,3.1,10,2864.4,0
2022-11-07 21:46:03,5,72,20.7,88,13.9,1014.3,1.0,1.7,11,2864.4,0
2022-11-07 21:51:03,5,72,20.7,88,13.8,1014.3,0.7,1.7,12,2864.4,0
2022-11-07 21:56:03,5,72,20.7,88,13.8,1014.4,0.0,0.7,1,2864.4,0
2022-11-07 22:01:03,5,72,20.6,88,13.8,1014.4,0.7,1.0,0,2864.4,0
2022-11-07 22:06:03,5,72,20.6,87,13.8,1014.5,0.3,1.0,5,2864.4,0
2022-11-07 22:11:03,5,72,20.6,87,13.8,1014.4,0.3,1.0,12,2864.4,0
2022-11-07 22:16:03,5,72,20.6,87,13.7,1014.4,0.3,0.7,2,2864.4,0
2022-11-07 22:21:03,5,72,20.6,87,13.7,1014.3,1.0,1.7,15,2864.4,0
2022-11-07 22:26:03,5,72,20.5,87,13.6,1014.4,0.7,1.0,3,2864.4,0
2022-11-07 22:31:03,5,72,20.5,88,13.5,1014.4,0.3,1.0,3,2864.4,0
2022-11-07 22:36:03,5,72,20.5,88,13.5,1014.4,0.3,1.0,11,2864.4,0
2022-11-07 22:41:03,5,73,20.5,88,13.3,1014.4,0.3,0.7,4,2864.4,0
2022-11-07 22:46:03,5,73,20.5,88,13.3,1014.3,0.7,1.0,15,2864.4,0
2022-11-07 22:51:03,5,72,20.4,88,13.3,1014.2,0.7,1.7,9,2864.4,0
2022-11-07 22:56:03,5,72,20.4,88,13.2,1014.2,0.3,1.0,13,2864.4,0
2022-11-07 23:01:03,5,72,20.4,88,13.2,1014.2,0.7,2.0,7,2864.4,0
2022-11-07 23:06:03,5,73,19.6,88,13.2,1014.2,0.3,1.0,7,2864.4,0
2022-11-07 23:11:03,5,73,19.5,89,13.1,1014.1,1.0,2.0,12,2864.4,0
2022-11-07 23:16:03,5,73,19.5,89,13.0,1014.2,0.7,1.0,4,2864.4,0
2022-11-07 23:21:03,5,73,19.5,89,12.9,1014.3,0.3,1.0,11,2864.4,0
2022-11-07 23:26:03,5,73,19.5,90,12.8,1014.1,0.3,1.0,7,2864.4,0
2022-11-07 23:31:03,5,73,19.5,90,12.7,1014.1,0.3,0.7,14,2864.4,0
2022-11-07 23:36:03,5,73,19.5,90,12.7,1014.1,0.3,1.0,11,2864.4,0
2022-11-07 23:41:03,5,73,19.4,90,12.7,1014.1,1.0,1.7,15,2864.4,0
2022-11-07 23:46:03,5,73,19.3,90,12.6,1014.1,0.3,1.0,11,2864.4,0
2022-11-07 23:51:03,5,73,19.3,90,12.6,1014.1,0.3,2.0,10,2864.4,0
2022-11-07 23:56:03,5,73,19.3,90,12.5,1014.1,0.3,1.0,10,2864.4,0
