2022-11-06 00:01:02,5,73,18.3,90,10.3,1020.3,0.7,1.0,14,2850.9,0
2022-11-06 00:06:02,5,73,18.3,90,10.3,1020.3,0.7,2.7,13,2850.9,0
2022-11-06 00:11:02,5,73,18.2,90,10.3,1020.2,0.0,0.7,11,2850.9,0
2022-11-06 00:16:02,5,73,18.3,90,10.3,1020.0,0.7,1.7,1,2850.9,0
2022-11-06 00:21:02,5,73,18.2,90,10.4,1020.1,0.0,0.7,14,2850.9,0
2022-11-06 00:26:02,5,73,18.2,90,10.3,1020.2,0.3,1.0,11,2850.9,0
2022-11-06 00:31:02,5,72,18.1,90,10.3,1020.1,0.7,1.0,9,2850.9,0
2022-11-06 00:36:02,5,72,18.1,90,10.3,1020.0,0.3,1.0,5,2850.9,0
2022-11-06 00:41:02,5,72,18.1,90,10.3,1019.9,0.3,0.7,13,2850.9,0
2022-11-06 00:46:02,5,72,18.1,90,10.3,1019.8,1.0,2.0,11,2850.9,0
2022-11-06 00:51:02,5,72,18.0,90,10.3,1020.0,0.0,1.0,14,2850.9,0
2022-11-06 00:56:02,5,72,18.0,90,10.3,1020.1,1.0,1.7,0,2850.9,0
2022-11-06 01:01:02,5,72,18.0,90,10.4,1020.2,0.3,1.0,3,2850.9,0
2022-11-06 01:06:02,5,72,18.0,90,10.4,1020.2,0.7,1.7,7,2850.9,0
2022-11-06 01:11:02,5,71,17.9,90,10.4,1020.1,0.7,1.7,11,2850.9,0
2022-11-06 01:16:02,5,71,17.9,90,10.4,1020.2,0.3,0.7,7,2850.9,0
2022-11-06 01:21:02,5,71,17.9,90,10.5,1020.2,1.0,2.7,10,2850.9,0
2022-11-06 01:26:02,5,71,17.9,90,10.5,1020.2,0.3,1.7,8,2850.9,0
2022-11-06 01:31:02,5,71,17.9,90,10.5,1020.2,1.0,1.7,3,2850.9,0
2022-11-06 01:36:02,5,71,17.9,90,10.5,1020.2,0.7,1.7,3,2850.9,0
2022-11-06 01:41:02,5,71,17.9,90,10.5,1020.2,0.7,1.0,11,2850.9,0
2022-11-06 01:46:02,5,71,17.8,90,10.5,1020.2,0.3,1.0,13,2850.9,0
2022-11-06 01:51:02,5,71,17.8,90,10.5,1020.0,0.3,1.0,1,2850.9,0
2022-11-06 01:56:02,5,71,17.8,90,10.5,1020.0,0.3,1.0,6,2850.9,0
2022-11-06 02:01:02,5,71,17.8,90,10.5,1019.9,1.0,2.7,8,2850.9,0
2022-11-06 02:06:02,5,71,17.8,90,10.5,1020.0,0.7,1.0,13,2850.9,0
2022-11-06 02:11:02,5,71,17.8,90,10.5,1019.9,0.7,1.0,6,2850.9,0
2022-11-06 02:16:02,5,71,17.8,90,10.5,1019.9,1.0,2.0,9,2850.9,0
2022-11-06 02:21:02,5,71,17.8,90,10.6,1019.8,0.7,1.0,8,2850.9,0
2022-11-06 02:26:02,5,71,17.8,90,10.6,1019.8,0.7,1.7,7,2850.9,0
2022-11-06 02:31:02,5,71,17.8,90,10.6,1019.8,0.7,2.0,13,2850.9,0
2022-11-06 02:36:02,5,71,17.8,90,10.6,1019.8,0.3,1.0,14,2850.9,0
2022-11-06 02:41:02,5,71,17.7,90,10.6,1019.8,0.3,1.0,5,2850.9,0
2022-11-06 02:46:02,5,71,17.7,90,10.6,1019.7,0.7,1.7,14,2850.9,0
2022-11-06 02:51:02,5,71,17.7,90,10.7,1019.6,0.3,0.7,12,2850.9,0
2022-11-06 02:56:02,5,71,17.7,90,10.7,1019.6,0.3,1.0,12,2850.9,0
2022-11-06 03:01:02,5,71,17.7,90,10.7,1019.8,0.3,1.0,0,2850.9,0
2022-11-06 03:06:02,5,71,17.7,90,10.7,1019.7,0.7,1.0,5,2850.9,0
2022-11-06 03:11:02,5,71,17.7,90,10.7,1019.6,1.0,2.7,8,2850.9,0
2022-11-06 03:16:02,5,71,17.7,90,10.8,1019.4,1.0,1.7,8,2850.9,0
2022-11-06 03:21:02,5,71,17.7,91,10.7,1019.6,0.7,1.7,10,2850.9,0
2022-11-06 03:26:02,5,70,17.7,91,10.5,1019.3,1.0,1.7,12,2850.9,0
2022-11-06 03:31:02,5,70,17.7,92,10.5,1019.3,0.3,0.7,6,2850.9,0
2022-11-06 03:36:02,5,70,17.6,92,10.5,1019.5,1.0,1.7,13,2850.9,0
2022-11-06 03:41:02,5,70,17.6,92,10.5,1019.2,0.7,1.0,2,2850.9,0
2022-11-06 03:46:02,5,70,17.6,92,10.5,1019.2,0.7,1.7,13,2850.9,0
2022-11-06 03:51:02,5,70,17.6,92,10.5,1019.2,0.7,1.0,0,2850.9,0
2022-11-06 03:56:02,5,70,17.6,92,10.6,1019.2,0.7,1.7,13,2850.9,0
2022-11-06 04:01:02,5,70,17.5,91,10.6,1019.2,0.7,1.0,9,2850.9,0
2022-11-06 04:06:02,5,71,17.6,92,10.6,1019.2,0.0,0.7,13,2850.9,0
2022-11-06 04:11:02,5,71,17.6,92,10.6,1019.1,0.7,1.0,7,2850.9,0
2022-11-06 04:16:02,5,71,17.6,91,10.6,1019.0,0.3,1.0,9,2850.9,0
2022-11-06 04:21:02,5,70,17.5,91,10.6,1018.9,1.0,2.7,11,2850.9,0
2022-11-06 04:26:02,5,70,17.5,91,10.6,1018.8,0.3,1.0,9,2850.9,0
2022-11-06 04:31:02,5,70,17.5,91,10.6,1018.9,0.3,0.7,9,2850.9,0
2022-11-06 04:36:02,5,70,17.5,91,10.6,1018.8,0.7,1.7,6,2850.9,0
2022-11-06 04:41:02,5,70,17.5,91,10.7,1018.6,1.0,2.0,13,2850.9,0
2022-11-06 04:46:02,5,71,17.5,91,10.7,1018.8,1.4,2.7,14,2850.9,0
2022-11-06 04:51:02,5,71,17.5,91,10.8,1018.7,0.3,1.0,11,2850.9,0
2022-11-06 04:56:02,5,71,17.5,91,10.7,1018.5,0.7,2.7,11,2850.9,0
2022-11-06 05:01:02,5,72,17.6,91,10.7,1018.5,0.7,1.7,15,2850.9,0
2022-11-06 05:06:02,5,72,17.7,91,10.8,1018.4,0.7,1.0,11,2850.9,0
2022-11-06 05:11:02,5,73,17.8,91,10.7,1018.2,0.7,1.7,8,2850.9,0
2022-11-06 05:16:02,5,74,18.0,91,10.7,1018.0,0.7,1.7,9,2850.9,0
2022-11-06 05:21:03,5,74,18.3,91,10.7,1017.7,0.7,1.7,11,2850.9,0
2022-11-06 05:26:03,5,74,18.7,91,10.7,1017.5,0.7,1.0,3,2851.2,0
2022-11-06 05:31:03,5,71,20.0,92,10.6,1017.1,0.3,1.0,12,2851.2,0
2022-11-06 05:36:03,5,70,20.2,93,10.5,1016.6,0.3,0.7,13,2851.5,0
2022-11-06 05:41:03,5,70,20.4,93,10.4,1016.5,0.0,0.7,7,2851.5,0
2022-11-06 05:46:03,5,69,20.6,93,10.4,1016.1,0.0,0.7,10,2851.5,0
2022-11-06 05:51:03,5,69,20.7,94,10.4,1015.9,0.0,0.7,3,2852.1,0
2022-11-06 05:56:03,5,68,20.8,94,10.3,1015.6,0.3,0.7,12,2852.7,0
2022-11-06 06:01:03,5,67,20.9,94,10.2,1015.5,0.0,0.7,12,2852.7,0
2022-11-06 06:06:03,5,67,20.9,94,10.1,1015.3,0.3,1.0,11,2852.7,0
2022-11-06 06:11:03,5,66,21.0,95,10.0,1015.4,0.3,1.0,11,2853.0,0
2022-11-06 06:16:03,5,66,21.0,95,9.9,1015.4,0.7,1.7,12,2853.0,0
2022-11-06 06:21:03,5,66,20.9,95,9.8,1015.3,0.7,1.0,12,2853.0,0
2022-11-06 06:26:03,5,66,20.9,95,9.8,1015.4,0.7,1.7,9,2853.0,0
2022-11-06 06:31:03,5,66,20.9,95,9.7,1015.5,0.7,1.0,0,2853.0,0
2022-11-06 06:36:03,5,67,20.9,95,9.7,1015.4,0.7,1.7,15,2853.0,0
2022-11-06 06:41:03,5,66,20.7,95,9.7,1015.5,0.3,1.0,6,2853.0,0
2022-11-06 06:46:03,5,67,20.7,95,9.6,1015.3,0.7,1.7,5,2853.0,0
2022-11-06 06:51:03,5,67,20.7,95,9.6,1015.4,0.7,1.7,7,2853.0,0
2022-11-06 06:56:03,5,67,20.6,95,9.7,1015.5,0.7,1.0,12,2853.0,0
2022-11-06 07:01:03,5,67,20.6,95,9.7,1015.5,0.3,1.0,7,2853.0,0
2022-11-06 07:06:01,5,67,20.5,95,9.7,1015.6,0.7,1.7,6,2853.0,0
2022-11-06 07:11:01,5,68,20.5,94,9.7,1015.5,0.3,1.0,12,2853.0,0
2022-11-06 07:16:01,5,68,20.5,94,9.7,1015.5,0.7,1.0,0,2853.0,0
2022-11-06 07:21:01,5,68,20.4,94,9.7,1015.4,0.3,2.0,8,2853.0,0
2022-11-06 07:26:01,5,67,20.4,94,9.8,1015.7,0.7,1.7,8,2853.0,0
2022-11-06 07:31:01,5,68,20.4,94,9.9,1015.8,0.3,1.0,10,2853.0,0
2022-11-06 07:36:01,5,68,20.4,93,10.0,1015.6,0.7,1.7,8,2853.0,0
2022-11-06 07:41:01,5,68,20.4,93,10.0,1015.6,0.7,1.0,10,2853.0,0
2022-11-06 07:46:01,5,68,20.4,93,10.1,1015.6,1.0,1.7,9,2853.0,0
2022-11-06 07:51:01,5,68,20.4,93,10.2,1015.6,0.3,1.7,13,2853.0,0
2022-11-06 07:56:01,5,68,20.4,92,10.3,1015.5,0.7,1.7,12,2853.0,0
2022-11-06 08:01:01,5,68,20.4,92,10.3,1015.4,0.7,1.0,8,2853.0,0
2022-11-06 08:06:01,5,69,20.4,92,10.3,1015.4,0.3,1.0,14,2853.0,0
2022-11-06 08:11:01,5,69,20.4,92,10.6,1015.4,0.7,2.0,15,2853.0,0
2022-11-06 08:16:01,5,69,20.5,91,10.7,1015.3,0.7,1.7,8,2853.0,0
2022-11-06 08:21:01,5,70,20.5,91,10.8,1015.1,0.3,1.0,12,2853.0,0
2022-11-06 08:26:01,5,70,20.5,91,10.9,1015.1,1.0,1.7,5,2853.0,0
2022-11-06 08:31:01,5,70,20.6,90,11.0,1015.0,0.7,1.7,10,2853.0,0
2022-11-06 08:36:01,5,70,20.6,90,11.1,1014.9,0.7,1.0,8,2853.0,0
2022-11-06 08:41:02,5,70,20.7,90,11.2,1014.8,0.7,1.7,11,2853.0,0
2022-11-06 08:46:02,5,70,20.7,89,11.5,1014.6,0.7,1.7,11,2853.0,0
2022-11-06 08:51:02,5,70,20.9,89,11.7,1014.4,0.7,1.0,12,2853.0,0
2022-11-06 08:56:02,5,69,21.0,89,11.8,1014.3,0.7,1.7,11,2853.0,0
2022-11-06 09:01:02,5,68,21.1,88,12.0,1014.3,0.3,1.0,11,2853.0,0
2022-11-06 09:06:02,5,67,21.2,88,12.1,1014.2,0.3,1.0,9,2853.0,0
2022-11-06 09:11:02,5,66,21.2,88,12.2,1014.1,0.3,1.0,5,2853.0,0
2022-11-06 09:16:02,5,66,21.2,88,12.2,1014.0,0.7,1.7,6,2853.0,0
2022-11-06 09:21:02,5,67,21.2,88,12.2,1013.9,0.7,1.7,8,2853.0,0
2022-11-06 09:26:02,5,66,21.1,88,12.2,1014.0,1.0,1.7,1,2853.0,0
2022-11-06 09:31:02,5,66,21.1,87,12.3,1014.0,0.7,1.7,7,2853.0,0
2022-11-06 09:36:02,5,66,21.1,87,12.4,1014.1,0.3,1.0,3,2853.0,0
2022-11-06 09:41:02,5,66,21.0,87,12.3,1014.1,1.4,2.7,10,2853.0,0
2022-11-06 09:46:02,5,66,21.0,87,12.4,1014.0,0.7,1.7,13,2853.0,0
2022-11-06 09:51:02,5,67,20.9,86,12.5,1014.1,0.7,1.7,12,2853.0,0
2022-11-06 09:56:02,5,68,20.9,86,12.6,1014.0,1.0,1.7,9,2853.0,0
2022-11-06 10:01:02,5,68,20.9,85,12.6,1013.9,1.4,2.0,8,2853.0,0
2022-11-06 10:06:02,5,68,20.9,86,12.7,1013.9,0.7,1.7,13,2853.0,0
2022-11-06 10:11:02,5,69,20.9,85,12.7,1013.8,1.0,2.0,13,2853.0,0
2022-11-06 10:16:02,5,69,20.9,85,12.8,1013.8,0.7,1.7,1,2853.0,0
2022-11-06 10:21:02,5,69,20.9,85,12.9,1013.8,0.7,1.0,2,2853.0,0
2022-11-06 10:26:02,5,69,20.9,85,12.9,1013.6,0.7,1.0,15,2853.0,0
2022-11-06 10:31:02,5,69,20.9,85,12.9,1013.6,0.7,1.7,12,2853.0,0
2022-11-06 10:36:02,5,69,20.9,84,12.9,1013.5,0.7,2.7,5,2853.0,0
2022-11-06 10:41:02,5,68,20.9,84,12.9,1013.5,0.7,1.7,7,2853.0,0
2022-11-06 10:46:02,5,68,20.8,84,12.9,1013.4,1.0,2.0,7,2853.0,0
2022-11-06 10:51:02,5,68,20.8,83,12.8,1013.4,1.4,3.7,10,2853.0,0
2022-11-06 10:56:02,5,69,20.9,83,12.8,1013.3,0.7,1.0,9,2853.0,0
2022-11-06 11:01:02,5,69,20.9,84,12.8,1013.2,0.7,1.7,12,2853.0,0
2022-11-06 11:06:02,5,69,20.8,84,12.8,1013.2,0.7,1.7,11,2853.0,0
2022-11-06 11:11:02,5,69,20.8,83,12.7,1013.2,1.7,3.1,1,2853.0,0
2022-11-06 11:16:02,5,68,20.7,83,12.7,1013.2,1.0,1.7,3,2853.0,0
2022-11-06 11:21:02,5,68,20.7,82,12.7,1013.1,1.4,2.0,13,2853.0,0
2022-11-06 11:26:02,5,68,20.7,83,12.7,1013.2,0.7,1.7,3,2853.0,0
2022-11-06 11:31:02,5,69,20.7,85,12.5,1013.1,0.7,1.7,15,2853.0,0
2022-11-06 11:36:02,5,69,20.7,87,12.2,1013.1,0.3,1.0,11,2853.3,0
2022-11-06 11:41:02,5,70,20.7,89,12.1,1013.1,0.3,0.7,14,2853.3,0
2022-11-06 11:46:02,5,70,20.6,90,11.9,1012.8,0.3,1.0,12,2853.3,0
2022-11-06 11:51:02,5,70,20.6,91,11.9,1012.7,0.0,0.7,13,2853.3,0
2022-11-06 11:56:02,5,70,20.6,91,11.8,1012.7,0.3,0.7,2,2853.3,0
2022-11-06 12:01:02,5,69,20.6,91,11.6,1012.6,0.7,1.0,15,2853.3,0
2022-11-06 12:06:02,5,69,20.6,92,11.6,1012.5,0.7,1.0,2,2853.3,0
2022-11-06 12:11:02,5,69,20.6,92,11.5,1012.3,0.3,0.7,10,2853.3,0
2022-11-06 12:16:02,5,69,20.6,91,11.4,1012.3,0.7,1.0,15,2853.3,0
2022-11-06 12:21:02,5,69,20.5,91,11.5,1012.2,0.7,1.0,11,2853.3,0
2022-11-06 12:26:02,5,69,20.5,91,11.5,1012.2,0.7,1.0,12,2853.3,0
2022-11-06 12:31:02,5,69,20.5,90,11.4,1012.1,0.7,1.0,13,2853.3,0
2022-11-06 12:36:02,5,69,20.5,90,11.4,1012.1,1.0,2.0,13,2853.3,0
2022-11-06 12:41:02,5,69,20.5,90,11.3,1012.1,1.0,1.7,9,2853.6,0
2022-11-06 12:46:02,5,69,20.5,90,11.3,1012.3,0.7,2.0,1,2853.6,0
2022-11-06 12:51:02,5,69,20.4,91,11.2,1012.3,0.7,1.7,8,2853.9,0
2022-11-06 12:56:02,5,69,20.4,91,11.1,1012.2,1.0,1.7,15,2854.2,0
2022-11-06 13:01:02,5,69,20.4,92,11.0,1012.2,0.7,1.0,5,2854.2,0
2022-11-06 13:06:02,5,69,20.4,92,10.9,1012.2,0.7,1.0,11,2854.5,0
2022-11-06 13:11:02,5,69,20.3,92,10.8,1012.2,0.7,1.0,0,2854.8,0
2022-11-06 13:16:02,5,69,20.3,93,10.7,1012.3,0.3,0.7,1,2855.1,0
2022-11-06 13:21:02,5,69,20.3,93,10.6,1012.3,0.7,1.7,11,2855.1,0
2022-11-06 13:26:02,5,69,20.2,93,10.6,1012.4,0.7,1.7,13,2855.4,0
2022-11-06 13:31:02,5,70,20.2,93,10.5,1012.4,0.7,1.7,13,2855.7,0
2022-11-06 13:36:02,5,70,20.1,94,10.5,1012.2,0.3,1.0,7,2856.0,0
2022-11-06 13:41:02,5,70,19.2,94,10.4,1012.2,0.7,1.7,13,2856.0,0
2022-11-06 13:46:02,5,70,19.2,94,10.4,1012.1,1.0,2.0,9,2856.3,0
2022-11-06 13:51:02,5,70,19.2,94,10.3,1012.2,0.3,1.0,12,2856.6,0
2022-11-06 13:56:02,5,71,19.2,94,10.3,1012.2,0.7,1.0,6,2856.6,0
2022-11-06 14:01:02,5,70,19.2,94,10.1,1012.2,0.7,1.0,12,2856.9,0
2022-11-06 14:06:02,5,70,19.1,95,10.1,1012.1,0.3,1.0,11,2857.2,0
2022-11-06 14:11:02,5,71,19.1,95,10.1,1012.2,0.7,1.7,11,2857.5,0
2022-11-06 14:16:02,5,70,19.1,95,10.0,1012.0,0.7,2.0,8,2857.5,0
2022-11-06 14:21:02,5,71,19.0,95,10.0,1012.0,0.7,1.0,6,2857.8,0
2022-11-06 14:26:02,5,71,19.0,95,9.9,1011.9,1.0,2.0,11,2858.1,0
2022-11-06 14:31:02,5,71,19.0,95,9.8,1011.8,0.7,1.0,14,2858.4,0
2022-11-06 14:36:02,5,71,19.0,95,9.7,1011.7,0.7,1.0,13,2858.7,0
2022-11-06 14:41:02,5,71,19.0,95,9.6,1011.7,0.7,2.0,5,2858.7,0
2022-11-06 14:46:02,5,72,18.9,96,9.6,1011.6,0.7,1.0,10,2859.0,0
2022-11-06 14:51:02,5,72,18.9,96,9.5,1011.6,0.7,1.7,12,2859.3,0
2022-11-06 14:56:02,5,72,18.9,96,9.3,1011.5,0.7,1.0,12,2859.6,0
2022-11-06 15:01:02,5,72,18.9,95,9.3,1011.4,0.7,1.0,14,2859.9,0
2022-11-06 15:06:02,5,72,18.8,96,9.3,1011.2,0.7,1.7,15,2859.9,0
2022-11-06 15:11:02,5,72,18.8,95,9.1,1011.1,0.7,1.7,10,2859.9,0
2022-11-06 15:16:02,5,72,18.8,95,9.2,1011.1,0.7,1.0,14,2860.2,0
2022-11-06 15:21:02,5,72,18.8,96,9.1,1011.0,0.7,1.7,13,2860.2,0
2022-11-06 15:26:02,5,72,18.8,95,8.9,1011.0,1.0,2.0,13,2860.2,0
2022-11-06 15:31:02,5,72,18.8,95,8.8,1011.0,0.7,1.7,12,2860.5,0
2022-11-06 15:36:02,5,72,18.8,95,8.8,1010.8,0.7,1.7,7,2860.5,0
2022-11-06 15:41:02,5,72,18.7,95,8.7,1010.8,0.7,1.7,7,2860.8,0
2022-11-06 15:46:02,5,72,18.7,95,8.7,1010.8,0.3,1.7,11,2860.8,0
2022-11-06 15:51:02,5,72,18.7,95,8.6,1010.7,0.7,1.0,14,2861.1,0
2022-11-06 15:56:02,5,72,18.7,95,8.5,1010.6,0.3,0.7,0,2861.4,0
2022-11-06 16:01:02,5,72,18.7,95,8.4,1010.6,1.0,1.7,14,2861.7,0
2022-11-06 16:06:02,5,72,18.7,95,8.3,1010.5,0.7,1.0,13,2861.7,0
2022-11-06 16:11:02,5,67,18.6,95,8.4,1010.6,1.0,2.0,13,2861.7,0
2022-11-06 16:16:02,5,67,18.4,95,8.4,1010.6,1.0,1.7,10,2861.7,0
2022-11-06 16:21:02,5,67,18.3,95,8.4,1010.6,0.7,1.0,10,2861.7,0
2022-11-06 16:26:02,5,66,18.0,95,8.4,1010.6,1.0,2.0,11,2862.0,0
2022-11-06 16:31:02,5,68,17.9,95,8.4,1011.0,0.7,1.7,8,2862.3,0
2022-11-06 16:36:02,5,68,17.8,95,8.4,1010.9,0.7,1.0,14,2862.3,0
2022-11-06 16:41:02,5,68,17.8,95,8.2,1010.9,1.0,1.7,9,2862.3,0
2022-11-06 16:46:02,5,68,17.7,95,8.3,1011.2,0.7,1.7,13,2862.3,0
2022-11-06 16:51:02,5,68,17.7,95,8.3,1011.0,0.7,1.0,9,2862.3,0
2022-11-06 16:56:02,5,68,17.7,95,8.2,1010.9,1.0,2.0,1,2862.3,0
2022-11-06 17:01:02,5,68,17.7,95,8.3,1011.1,0.7,1.0,14,2862.3,0
2022-11-06 17:06:02,5,69,17.7,96,8.3,1011.1,0.7,1.7,10,2862.3,0
2022-11-06 17:11:02,5,69,17.7,96,8.3,1011.2,0.3,1.0,9,2862.3,0
2022-11-06 17:16:02,5,69,17.7,96,8.3,1011.2,0.7,1.7,9,2862.3,0
2022-11-06 17:21:02,5,69,17.7,96,8.3,1011.1,1.0,2.0,10,2862.6,0
2022-11-06 17:26:02,5,70,17.7,96,8.3,1011.3,0.7,1.7,5,2862.6,0
2022-11-06 17:31:02,5,72,17.8,96,8.4,1011.3,0.7,1.0,13,2862.6,0
2022-11-06 17:36:02,5,74,17.9,96,8.4,1011.3,1.0,2.7,6,2862.6,0
2022-11-06 17:41:02,5,75,18.0,96,8.4,1011.1,1.0,2.0,8,2862.6,0
2022-11-06 17:46:02,5,75,18.1,96,8.4,1011.1,0.7,1.7,15,2862.6,0
2022-11-06 17:51:02,5,75,18.3,96,8.5,1010.9,0.7,1.0,11,2862.6,0
2022-11-06 17:56:02,5,75,18.3,96,8.5,1010.7,0.3,1.0,15,2862.6,0
2022-11-06 18:01:02,5,74,18.4,96,8.6,1010.9,0.3,0.7,8,2862.6,0
2022-11-06 18:06:02,5,75,18.4,96,8.6,1010.8,0.3,1.0,9,2862.6,0
2022-11-06 18:11:02,5,75,18.4,96,8.6,1010.9,0.7,1.0,7,2862.6,0
2022-11-06 18:16:02,5,75,18.4,96,8.7,1010.7,0.3,1.0,9,2862.6,0
2022-11-06 18:21:02,5,75,18.4,96,8.7,1010.8,0.3,0.7,11,2862.6,0
2022-11-06 18:26:02,5,76,18.4,96,8.8,1010.7,1.4,3.1,13,2862.6,0
2022-11-06 18:31:02,5,77,18.5,96,8.9,1010.6,0.3,0.7,14,2862.6,0
2022-11-06 18:36:02,5,77,18.5,95,8.9,1010.5,0.7,2.0,15,2862.6,0
2022-11-06 18:41:02,5,76,18.6,95,9.0,1010.4,1.0,1.7,9,2862.6,0
2022-11-06 18:46:02,5,76,18.6,95,9.1,1010.4,1.0,2.7,8,2862.6,0
2022-11-06 18:51:02,5,76,18.7,96,9.1,1010.3,0.3,1.0,12,2862.6,0
2022-11-06 18:56:02,5,76,18.8,96,9.1,1010.3,1.0,2.7,7,2862.6,0
2022-11-06 19:01:02,5,75,18.9,96,9.1,1010.0,1.0,2.0,9,2862.6,0
2022-11-06 19:06:02,5,74,19.0,96,9.2,1010.1,0.7,1.7,8,2862.6,0
2022-11-06 19:11:02,5,74,19.0,96,9.2,1009.8,1.0,1.7,1,2862.6,0
2022-11-06 19:16:02,5,74,19.1,96,9.3,1009.9,1.4,3.1,1,2862.6,0
2022-11-06 19:21:02,5,74,19.1,96,9.4,1010.1,0.7,1.7,11,2862.6,0
2022-11-06 19:26:02,5,74,19.1,96,9.4,1009.9,1.0,2.0,0,2862.6,0
2022-11-06 19:31:02,5,74,19.2,96,9.4,1010.0,1.0,2.0,12,2862.6,0
2022-11-06 19:36:02,5,74,19.2,95,9.5,1010.0,0.7,1.7,4,2862.6,0
2022-11-06 19:41:02,5,74,19.2,95,9.7,1010.0,2.0,3.1,12,2862.6,0
2022-11-06 19:46:02,5,73,19.2,95,9.7,1009.9,1.4,3.1,9,2862.6,0
2022-11-06 19:51:02,5,73,19.2,95,9.8,1009.9,1.0,2.0,11,2862.6,0
2022-11-06 19:56:02,5,73,19.2,95,9.9,1009.8,1.0,2.0,12,2862.6,0
2022-11-06 20:01:02,5,73,19.3,95,9.9,1010.0,0.7,1.7,3,2862.6,0
2022-11-06 20:06:02,5,73,19.3,95,10.0,1010.0,0.7,1.7,12,2862.6,0
2022-11-06 20:11:02,5,73,19.3,95,10.1,1010.0,0.7,1.7,13,2862.6,0
2022-11-06 20:16:02,5,72,20.2,95,10.1,1009.8,1.4,3.7,3,2862.6,0
2022-11-06 20:21:02,5,72,19.3,94,10.2,1009.9,0.7,1.7,9,2862.6,0
2022-11-06 20:26:02,5,72,19.3,94,10.2,1009.9,1.0,2.0,11,2862.6,0
2022-11-06 20:31:02,5,72,20.2,94,10.3,1010.0,1.4,2.7,10,2862.6,0
2022-11-06 20:36:02,5,72,19.3,94,10.3,1010.0,0.7,1.0,10,2862.6,0
2022-11-06 20:41:02,5,72,19.3,94,10.4,1010.1,1.4,3.1,12,2862.6,0
2022-11-06 20:46:02,5,72,19.3,94,10.4,1010.3,1.0,2.0,0,2862.6,0
2022-11-06 20:51:02,5,72,19.3,94,10.5,1010.4,2.0,4.1,5,2862.6,0
2022-11-06 20:56:02,5,72,19.3,93,10.5,1010.5,1.4,2.0,15,2862.6,0
2022-11-06 21:01:02,5,72,19.3,93,10.5,1010.6,1.0,2.0,8,2862.6,0
2022-11-06 21:06:02,5,72,19.3,93,10.5,1010.6,0.7,1.0,10,2862.6,0
2022-11-06 21:11:02,5,72,19.3,94,10.5,1010.5,1.0,2.0,13,2862.6,0
2022-11-06 21:16:02,5,72,19.3,93,10.5,1010.5,1.0,3.7,1,2862.6,0
2022-11-06 21:21:02,5,72,19.3,93,10.6,1010.5,1.4,3.1,5,2862.6,0
2022-11-06 21:26:02,5,71,19.3,93,10.6,1010.7,0.7,2.0,12,2862.6,0
2022-11-06 21:31:02,5,71,19.2,93,10.7,1011.1,0.7,2.0,10,2862.6,0
2022-11-06 21:36:02,5,71,19.2,94,10.8,1011.1,1.7,4.1,11,2863.2,0
2022-11-06 21:41:02,5,71,19.2,94,10.7,1011.1,1.0,2.7,3,2863.2,0
2022-11-06 21:46:02,5,71,19.1,94,10.7,1011.2,1.4,2.0,5,2863.2,0
2022-11-06 21:51:02,5,71,19.1,94,10.6,1011.1,1.4,2.7,6,2863.2,0
2022-11-06 21:56:02,5,72,19.1,94,10.7,1011.4,1.0,2.0,6,2863.2,0
2022-11-06 22:01:02,5,71,19.1,94,10.6,1011.2,1.4,2.7,8,2863.2,0
2022-11-06 22:06:02,5,71,19.1,94,10.7,1011.3,0.7,1.7,12,2863.2,0
2022-11-06 22:11:02,5,71,19.0,94,10.7,1011.4,1.4,2.7,8,2863.2,0
2022-11-06 22:16:02,5,71,19.0,94,10.7,1011.5,1.7,3.1,6,2863.2,0
2022-11-06 22:21:02,5,71,19.0,94,10.7,1011.4,1.4,2.0,10,2863.2,0
2022-11-06 22:26:02,5,73,18.9,94,10.7,1011.6,1.4,2.7,5,2863.2,0
2022-11-06 22:31:02,5,73,18.8,94,10.7,1011.5,1.4,3.1,12,2863.2,0
2022-11-06 22:36:02,5,73,18.8,94,10.8,1011.5,1.0,1.7,14,2863.2,0
2022-11-06 22:41:02,5,73,18.8,94,10.9,1011.7,1.7,3.1,6,2863.2,0
2022-11-06 22:46:02,5,73,18.8,94,10.9,1011.8,1.0,2.0,8,2863.2,0
2022-11-06 22:51:02,5,73,18.8,94,11.0,1011.9,1.7,3.1,8,2863.2,0
2022-11-06 22:56:02,5,73,18.8,93,11.1,1011.9,1.4,3.1,6,2863.2,0
2022-11-06 23:01:02,5,73,18.7,93,11.0,1012.0,0.7,1.7,10,2863.2,0
2022-11-06 23:06:02,5,73,18.7,93,11.1,1012.0,1.0,2.0,7,2863.2,0
2022-11-06 23:11:02,5,73,18.7,93,11.1,1011.9,1.4,2.7,8,2863.2,0
2022-11-06 23:16:02,5,73,18.7,93,11.1,1012.1,1.0,2.0,5,2863.2,0
2022-11-06 23:21:02,5,73,18.7,93,11.1,1012.0,1.4,3.1,4,2863.2,0
2022-11-06 23:26:02,5,73,18.7,92,11.2,1012.2,1.7,2.7,9,2863.2,0
2022-11-06 23:31:02,5,73,18.7,92,11.2,1012.2,1.7,2.7,13,2863.2,0
2022-11-06 23:36:02,5,73,18.7,92,11.4,1012.3,1.0,1.7,6,2863.2,0
2022-11-06 23:41:02,5,73,18.6,92,11.3,1012.2,0.7,1.7,11,2863.2,0
2022-11-06 23:46:02,5,73,18.6,92,11.3,1012.4,1.4,3.1,8,2863.2,0
2022-11-06 23:51:02,5,73,18.6,92,11.4,1012.4,1.0,2.7,15,2863.2,0
2022-11-06 23:56:02,5,73,18.6,92,11.3,1012.4,1.4,2.7,8,2863.2,0
