2025-08-22 00:00:03,1,43,24.1,67,15.3,1017.9,0,3,313,0.0,0,0.0,0
2025-08-22 00:01:04,1,43,24.1,67,15.3,1018.0,0,3,303,0.0,0,0.0,0
2025-08-22 00:02:05,1,43,24.1,67,15.3,1017.9,0,1,303,0.0,0,0.0,0
2025-08-22 00:03:06,1,43,24.1,67,15.3,1017.8,3,5,307,0.0,0,0.0,0
2025-08-22 00:04:07,1,43,24.1,67,15.3,1017.8,4,5,259,0.0,0,0.0,0
2025-08-22 00:05:08,1,43,24.1,67,15.3,1017.9,0,5,348,0.0,0,0.0,0
2025-08-22 00:06:09,1,43,24.1,67,15.3,1017.9,1,3,301,0.0,0,0.0,0
2025-08-22 00:07:10,1,43,24.1,67,15.3,1017.9,3,5,300,0.0,0,0.0,0
2025-08-22 00:08:11,1,43,24.1,67,15.2,1017.8,6,7,339,0.0,0,0.0,0
2025-08-22 00:09:12,1,43,24.1,67,15.3,1017.8,1,7,280,0.0,0,0.0,0
2025-08-22 00:10:13,1,43,24.1,67,15.2,1017.7,2,3,299,0.0,0,0.0,0
2025-08-22 00:11:14,1,43,24.1,67,15.2,1018.0,1,3,298,0.0,0,0.0,0
2025-08-22 00:12:15,1,43,24.1,68,15.2,1018.0,1,3,330,0.0,0,0.0,0
2025-08-22 00:13:16,1,43,24.1,68,15.2,1017.9,0,3,325,0.0,0,0.0,0
2025-08-22 00:14:17,1,43,24.1,68,15.2,1018.1,2,9,291,0.0,0,0.0,0
2025-08-22 00:15:18,1,43,24.1,68,15.2,1018.0,4,9,286,0.0,0,0.0,0
2025-08-22 00:16:19,1,43,24.1,68,15.2,1018.0,5,5,310,0.0,0,0.0,0
2025-08-22 00:17:20,1,43,24.1,68,15.2,1017.9,0,5,331,0.0,0,0.0,0
2025-08-22 00:18:21,1,43,24.1,68,15.2,1017.8,0,7,6,0.0,0,0.0,0
2025-08-22 00:19:22,1,43,24.1,68,15.1,1018.0,0,7,350,0.0,0,0.0,0
2025-08-22 00:20:23,1,43,24.1,68,15.1,1018.0,2,5,358,0.0,0,0.0,0
2025-08-22 00:21:24,1,43,24.1,67,15.1,1018.0,4,5,61,0.0,0,0.0,0
2025-08-22 00:22:25,1,43,24.1,67,15.1,1018.1,0,5,9,0.0,0,0.0,0
2025-08-22 00:23:26,1,43,24.1,67,15.1,1018.2,2,3,24,0.0,0,0.0,0
2025-08-22 00:24:27,1,43,24.0,68,15.0,1018.1,4,7,23,0.0,0,0.0,0
2025-08-22 00:25:28,1,43,24.0,67,15.0,1018.2,1,7,15,0.0,0,0.0,0
2025-08-22 00:26:29,1,43,24.0,67,15.0,1018.1,2,7,37,0.0,0,0.0,0
2025-08-22 00:27:30,1,43,24.0,67,15.0,1018.0,0,7,19,0.0,0,0.0,0
2025-08-22 00:28:31,1,43,24.0,67,15.0,1018.0,0,1,21,0.0,0,0.0,0
2025-08-22 00:29:32,1,43,24.0,67,15.0,1018.0,0,0,21,0.0,0,0.0,0
2025-08-22 00:30:33,1,43,24.0,67,15.0,1018.0,1,1,21,0.0,0,0.0,0
2025-08-22 00:31:34,1,43,24.0,68,15.0,1018.0,0,1,21,0.0,0,0.0,0
2025-08-22 00:32:35,1,43,24.0,68,14.9,1017.9,1,1,30,0.0,0,0.0,0
2025-08-22 00:33:36,1,43,24.0,68,14.8,1018.0,0,1,30,0.0,0,0.0,0
2025-08-22 00:34:37,1,43,24.0,69,14.8,1018.1,2,3,36,0.0,0,0.0,0
2025-08-22 00:35:38,1,43,24.0,69,14.7,1018.0,1,3,38,0.0,0,0.0,0
2025-08-22 00:36:39,1,43,24.0,69,14.7,1018.1,0,1,38,0.0,0,0.0,0
2025-08-22 00:37:40,1,43,24.0,69,14.6,1017.9,1,1,29,0.0,0,0.0,0
2025-08-22 00:38:41,1,43,24.0,69,14.6,1018.0,2,3,39,0.0,0,0.0,0
2025-08-22 00:39:42,1,43,24.0,69,14.6,1018.1,0,3,39,0.0,0,0.0,0
2025-08-22 00:40:43,1,43,24.0,69,14.6,1018.2,1,1,39,0.0,0,0.0,0
2025-08-22 00:41:44,1,43,24.0,69,14.6,1018.1,0,1,39,0.0,0,0.0,0
2025-08-22 00:42:45,1,43,24.0,69,14.5,1018.2,0,1,39,0.0,0,0.0,0
2025-08-22 00:43:46,1,43,24.0,69,14.5,1018.1,0,0,39,0.0,0,0.0,0
2025-08-22 00:44:47,1,43,24.0,70,14.4,1018.0,0,0,39,0.0,0,0.0,0
2025-08-22 00:45:48,1,43,24.0,70,14.4,1018.1,0,0,20,0.0,0,0.0,0
2025-08-22 00:46:49,1,43,24.0,70,14.4,1018.1,0,0,20,0.0,0,0.0,0
2025-08-22 00:47:50,1,43,24.0,70,14.4,1018.0,0,0,20,0.0,0,0.0,0
2025-08-22 00:48:51,1,43,24.0,70,14.4,1018.1,0,0,20,0.0,0,0.0,0
2025-08-22 00:49:52,1,43,24.0,70,14.3,1018.2,0,0,20,0.0,0,0.0,0
2025-08-22 00:50:53,1,43,24.0,70,14.3,1018.2,0,0,0,0.0,0,0.0,0
2025-08-22 00:51:54,1,43,24.0,70,14.3,1018.1,0,0,0,0.0,0,0.0,0
2025-08-22 00:52:55,1,43,24.0,70,14.2,1018.1,0,0,0,0.0,0,0.0,0
2025-08-22 00:53:57,1,43,24.0,71,14.2,1018.1,0,0,0,0.0,0,0.0,0
2025-08-22 00:54:58,1,43,23.9,71,14.2,1018.0,0,1,338,0.0,0,0.0,0
2025-08-22 00:55:59,1,43,24.0,71,14.2,1018.1,0,1,338,0.0,0,0.0,0
2025-08-22 00:57:00,1,43,23.9,71,14.2,1018.0,0,1,336,0.0,0,0.0,0
2025-08-22 00:58:01,1,43,23.9,71,14.2,1018.2,0,1,336,0.0,0,0.0,0
2025-08-22 00:59:02,1,43,23.9,71,14.2,1018.1,0,0,336,0.0,0,0.0,0
2025-08-22 01:00:03,1,43,24.0,71,14.2,1018.1,0,0,336,0.0,0,0.0,0
2025-08-22 01:01:04,1,43,23.9,71,14.2,1018.1,0,0,336,0.0,0,0.0,0
2025-08-22 01:02:05,1,43,23.9,71,14.2,1018.3,0,1,337,0.0,0,0.0,0
2025-08-22 01:03:06,1,43,23.9,71,14.2,1018.2,0,1,337,0.0,0,0.0,0
2025-08-22 01:04:07,1,43,23.9,71,14.2,1018.0,0,0,337,0.0,0,0.0,0
2025-08-22 01:05:08,1,43,23.9,71,14.2,1018.1,0,1,337,0.0,0,0.0,0
2025-08-22 01:06:09,1,43,23.9,72,14.2,1018.1,0,1,6,0.0,0,0.0,0
2025-08-22 01:07:10,1,43,23.9,72,14.2,1018.2,0,1,6,0.0,0,0.0,0
2025-08-22 01:08:11,1,43,23.9,72,14.2,1018.1,2,3,30,0.0,0,0.0,0
2025-08-22 01:09:12,1,43,23.9,72,14.2,1018.1,2,3,32,0.0,0,0.0,0
2025-08-22 01:10:13,1,43,23.9,73,14.2,1018.3,0,3,78,0.0,0,0.0,0
2025-08-22 01:11:14,1,43,23.9,73,14.2,1018.2,0,1,77,0.0,0,0.0,0
2025-08-22 01:12:15,1,43,23.9,73,14.2,1018.1,0,0,76,0.0,0,0.0,0
2025-08-22 01:13:16,1,43,23.9,73,14.2,1018.0,2,3,27,0.0,0,0.0,0
2025-08-22 01:14:17,1,43,23.9,73,14.2,1018.1,2,3,44,0.0,0,0.0,0
2025-08-22 01:15:18,1,43,23.9,73,14.2,1018.1,1,3,52,0.0,0,0.0,0
2025-08-22 01:16:19,1,44,23.9,73,14.2,1018.0,0,3,51,0.0,0,0.0,0
2025-08-22 01:17:20,1,44,23.9,73,14.3,1018.1,0,1,37,0.0,0,0.0,0
2025-08-22 01:18:21,1,44,23.9,73,14.3,1018.0,0,1,36,0.0,0,0.0,0
2025-08-22 01:19:22,1,44,23.9,73,14.3,1018.0,0,1,36,0.0,0,0.0,0
2025-08-22 01:20:23,1,44,23.9,73,14.3,1018.0,0,3,16,0.0,0,0.0,0
2025-08-22 01:21:24,1,44,23.9,73,14.3,1018.1,1,3,27,0.0,0,0.0,0
2025-08-22 01:22:25,1,44,23.9,73,14.3,1018.2,0,1,27,0.0,0,0.0,0
2025-08-22 01:23:26,1,44,23.9,73,14.3,1018.0,0,1,27,0.0,0,0.0,0
2025-08-22 01:24:27,1,44,23.9,73,14.3,1018.1,0,1,27,0.0,0,0.0,0
2025-08-22 01:25:28,1,44,23.9,73,14.3,1018.1,0,1,27,0.0,0,0.0,0
2025-08-22 01:26:29,1,44,23.9,73,14.4,1018.1,3,3,22,0.0,0,0.0,0
2025-08-22 01:27:30,1,44,23.9,73,14.4,1018.1,0,3,22,0.0,0,0.0,0
2025-08-22 01:28:31,1,44,23.9,73,14.4,1018.1,1,5,7,0.0,0,0.0,0
2025-08-22 01:29:32,1,44,23.9,73,14.4,1018.2,2,3,39,0.0,0,0.0,0
2025-08-22 01:30:33,1,44,23.9,73,14.4,1018.2,0,3,29,0.0,0,0.0,0
2025-08-22 01:31:34,1,44,23.9,73,14.5,1018.2,0,5,352,0.0,0,0.0,0
2025-08-22 01:32:35,1,44,23.9,73,14.5,1018.2,0,3,14,0.0,0,0.0,0
2025-08-22 01:33:36,1,44,23.9,73,14.5,1018.1,0,1,12,0.0,0,0.0,0
2025-08-22 01:34:37,1,44,23.9,73,14.5,1018.0,0,1,12,0.0,0,0.0,0
2025-08-22 01:35:38,1,44,23.9,73,14.5,1018.1,0,0,12,0.0,0,0.0,0
2025-08-22 01:36:39,1,44,23.9,73,14.6,1018.0,0,1,27,0.0,0,0.0,0
2025-08-22 01:37:40,1,44,23.9,72,14.6,1018.1,1,3,27,0.0,0,0.0,0
2025-08-22 01:38:41,1,44,23.9,72,14.6,1017.9,2,3,28,0.0,0,0.0,0
2025-08-22 01:39:42,1,44,23.9,72,14.6,1018.1,2,5,7,0.0,0,0.0,0
2025-08-22 01:40:43,1,44,23.9,72,14.7,1018.3,0,5,10,0.0,0,0.0,0
2025-08-22 01:41:44,1,44,23.9,72,14.7,1018.0,0,1,9,0.0,0,0.0,0
2025-08-22 01:42:45,1,44,23.9,72,14.7,1018.2,1,3,10,0.0,0,0.0,0
2025-08-22 01:43:46,1,44,23.8,72,14.7,1018.1,3,5,19,0.0,0,0.0,0
2025-08-22 01:44:47,1,44,23.9,72,14.7,1018.1,0,5,350,0.0,0,0.0,0
2025-08-22 01:45:48,1,44,23.9,71,14.8,1018.0,1,3,340,0.0,0,0.0,0
2025-08-22 01:46:49,1,44,23.9,71,14.8,1018.1,0,1,3,0.0,0,0.0,0
2025-08-22 01:47:50,1,44,23.9,71,14.8,1018.1,2,3,36,0.0,0,0.0,0
2025-08-22 01:48:51,1,44,23.9,71,14.8,1018.2,0,3,21,0.0,0,0.0,0
2025-08-22 01:49:52,1,44,23.9,71,14.8,1018.0,0,1,321,0.0,0,0.0,0
2025-08-22 01:50:53,1,44,23.8,71,14.8,1018.1,0,1,321,0.0,0,0.0,0
2025-08-22 01:51:54,1,44,23.9,71,14.8,1018.0,0,0,321,0.0,0,0.0,0
2025-08-22 01:52:55,1,44,23.8,71,14.8,1018.0,0,1,358,0.0,0,0.0,0
2025-08-22 01:53:56,1,44,23.9,71,14.8,1018.0,0,1,344,0.0,0,0.0,0
2025-08-22 01:54:58,1,44,23.9,71,14.8,1018.1,0,7,0,0.0,0,0.0,0
2025-08-22 01:55:59,1,44,23.8,71,14.8,1018.1,0,7,333,0.0,0,0.0,0
2025-08-22 01:57:00,1,44,23.9,71,14.8,1018.0,2,3,16,0.0,0,0.0,0
2025-08-22 01:58:01,1,44,23.9,71,14.9,1018.0,1,5,336,0.0,0,0.0,0
2025-08-22 01:59:02,1,44,23.8,71,14.9,1018.1,1,5,38,0.0,0,0.0,0
2025-08-22 02:00:03,1,44,23.8,71,14.9,1018.1,4,5,352,0.0,0,0.0,0
2025-08-22 02:01:04,1,44,23.8,71,14.9,1017.9,3,5,262,0.0,0,0.0,0
2025-08-22 02:02:05,1,44,23.8,71,15.0,1018.3,2,9,8,0.0,0,0.0,0
2025-08-22 02:03:06,1,44,23.8,71,15.0,1018.1,0,9,2,0.0,0,0.0,0
2025-08-22 02:04:07,1,44,23.9,71,15.0,1017.9,1,3,303,0.0,0,0.0,0
2025-08-22 02:05:08,1,44,23.8,71,15.0,1018.1,3,5,324,0.0,0,0.0,0
2025-08-22 02:06:09,1,44,23.8,70,15.0,1018.2,6,7,310,0.0,0,0.0,0
2025-08-22 02:07:10,1,44,23.8,70,15.1,1018.0,1,11,319,0.0,0,0.0,0
2025-08-22 02:08:11,1,44,23.8,70,15.1,1018.0,2,9,308,0.0,0,0.0,0
2025-08-22 02:09:12,1,44,23.8,70,15.1,1018.0,1,7,359,0.0,0,0.0,0
2025-08-22 02:10:13,1,44,23.9,70,15.1,1018.0,1,7,317,0.0,0,0.0,0
2025-08-22 02:11:14,1,44,23.8,70,15.1,1018.0,1,7,345,0.0,0,0.0,0
2025-08-22 02:12:15,1,44,23.8,70,15.1,1018.0,7,11,306,0.0,0,0.0,0
2025-08-22 02:13:16,1,44,23.8,70,15.1,1018.1,3,9,306,0.0,0,0.0,0
2025-08-22 02:14:17,1,44,23.9,70,15.1,1018.0,0,7,325,0.0,0,0.0,0
2025-08-22 02:15:18,1,44,23.8,70,15.1,1018.1,1,7,301,0.0,0,0.0,0
2025-08-22 02:16:19,1,44,23.9,70,15.1,1018.2,1,7,313,0.0,0,0.0,0
2025-08-22 02:17:20,1,44,23.9,70,15.1,1018.1,5,9,257,0.0,0,0.0,0
2025-08-22 02:18:21,1,44,23.8,70,15.1,1018.0,2,11,4,0.0,0,0.0,0
2025-08-22 02:19:22,1,44,23.8,69,15.1,1018.2,6,12,1,0.0,0,0.0,0
2025-08-22 02:20:23,1,44,23.8,69,15.1,1018.1,5,12,311,0.0,0,0.0,0
2025-08-22 02:21:24,1,44,23.9,69,15.1,1018.1,6,11,327,0.0,0,0.0,0
2025-08-22 02:22:25,1,44,23.9,69,15.1,1018.2,4,11,313,0.0,0,0.0,0
2025-08-22 02:23:26,1,44,23.8,69,15.2,1018.3,5,11,350,0.0,0,0.0,0
2025-08-22 02:24:27,1,44,23.9,69,15.2,1018.2,6,11,264,0.0,0,0.0,0
2025-08-22 02:25:28,1,44,23.9,69,15.2,1018.3,9,14,352,0.0,0,0.0,0
2025-08-22 02:26:29,1,44,23.9,68,15.2,1018.2,3,14,268,0.0,0,0.0,0
2025-08-22 02:27:30,1,44,23.9,68,15.2,1018.1,1,11,291,0.0,0,0.0,0
2025-08-22 02:28:31,1,44,23.9,68,15.2,1018.2,2,5,10,0.0,0,0.0,0
2025-08-22 02:29:32,1,44,23.9,67,15.2,1018.1,6,9,346,0.0,0,0.0,0
2025-08-22 02:30:33,1,44,23.9,67,15.2,1018.1,3,9,327,0.0,0,0.0,0
2025-08-22 02:31:34,1,44,23.9,67,15.2,1017.9,6,11,295,0.0,0,0.0,0
2025-08-22 02:32:35,1,44,23.9,67,15.2,1017.9,2,11,288,0.0,0,0.0,0
2025-08-22 02:33:36,1,44,23.9,67,15.2,1018.1,4,11,303,0.0,0,0.0,0
2025-08-22 02:34:37,1,44,23.8,67,15.2,1018.1,6,9,300,0.0,0,0.0,0
2025-08-22 02:35:38,1,44,23.8,67,15.2,1018.1,2,7,297,0.0,0,0.0,0
2025-08-22 02:36:39,1,44,23.9,67,15.2,1018.2,0,5,310,0.0,0,0.0,0
2025-08-22 02:37:40,1,44,23.8,67,15.2,1018.3,6,7,329,0.0,0,0.0,0
2025-08-22 02:38:41,1,44,23.9,67,15.2,1018.1,4,12,352,0.0,0,0.0,0
2025-08-22 02:39:42,1,44,23.8,67,15.2,1017.9,1,9,299,0.0,0,0.0,0
2025-08-22 02:40:43,1,44,23.8,68,15.2,1018.0,2,5,312,0.0,0,0.0,0
2025-08-22 02:41:44,1,44,23.8,68,15.3,1018.1,2,5,290,0.0,0,0.0,0
2025-08-22 02:42:45,1,44,23.8,68,15.2,1018.0,1,5,301,0.0,0,0.0,0
2025-08-22 02:43:46,1,44,23.8,68,15.2,1018.1,0,5,311,0.0,0,0.0,0
2025-08-22 02:44:47,1,44,23.8,68,15.2,1017.9,0,7,288,0.0,0,0.0,0
2025-08-22 02:45:48,1,44,23.8,68,15.2,1018.2,0,7,298,0.0,0,0.0,0
2025-08-22 02:46:49,1,44,23.9,68,15.2,1018.0,0,1,298,0.0,0,0.0,0
2025-08-22 02:47:50,1,44,23.8,68,15.2,1017.9,1,1,318,0.0,0,0.0,0
2025-08-22 02:48:51,1,44,23.8,68,15.1,1017.8,0,1,303,0.0,0,0.0,0
2025-08-22 02:49:52,1,44,23.8,69,15.1,1017.9,0,1,299,0.0,0,0.0,0
2025-08-22 02:50:53,1,44,23.8,68,15.1,1017.9,1,1,266,0.0,0,0.0,0
2025-08-22 02:51:54,1,43,23.8,68,15.2,1017.9,1,3,267,0.0,0,0.0,0
2025-08-22 02:52:55,1,44,23.9,68,15.2,1017.7,0,3,257,0.0,0,0.0,0
2025-08-22 02:53:56,1,43,23.8,68,15.2,1017.8,2,3,214,0.0,0,0.0,0
2025-08-22 02:54:57,1,44,23.8,68,15.2,1017.6,2,3,280,0.0,0,0.0,0
2025-08-22 02:55:58,1,43,23.8,68,15.2,1017.8,1,3,249,0.0,0,0.0,0
2025-08-22 02:56:59,1,43,23.8,68,15.2,1017.7,1,1,244,0.0,0,0.0,0
2025-08-22 02:58:00,1,43,23.8,68,15.2,1017.7,0,1,236,0.0,0,0.0,0
2025-08-22 02:59:01,1,43,23.8,68,15.2,1017.7,1,1,236,0.0,0,0.0,0
2025-08-22 03:00:02,1,43,23.8,68,15.2,1017.5,0,1,236,0.0,0,0.0,0
2025-08-22 03:01:03,1,43,23.8,67,15.2,1017.7,0,0,236,0.0,0,0.0,0
2025-08-22 03:02:04,1,43,23.8,67,15.2,1017.7,0,1,236,0.0,0,0.0,0
2025-08-22 03:03:05,1,43,23.8,67,15.2,1017.7,0,1,236,0.0,0,0.0,0
2025-08-22 03:04:06,1,43,23.8,67,15.2,1017.6,0,0,236,0.0,0,0.0,0
2025-08-22 03:05:07,1,43,23.8,67,15.2,1017.7,0,0,237,0.0,0,0.0,0
2025-08-22 03:06:08,1,43,23.8,67,15.2,1017.7,0,1,240,0.0,0,0.0,0
2025-08-22 03:07:09,1,44,23.8,67,15.2,1017.7,0,1,240,0.0,0,0.0,0
2025-08-22 03:08:10,1,43,23.8,67,15.2,1017.8,0,0,240,0.0,0,0.0,0
2025-08-22 03:09:11,1,43,23.8,67,15.2,1017.7,0,0,240,0.0,0,0.0,0
2025-08-22 03:10:12,1,43,23.8,67,15.2,1017.8,0,0,240,0.0,0,0.0,0
2025-08-22 03:11:13,1,43,23.8,67,15.1,1017.8,0,0,240,0.0,0,0.0,0
2025-08-22 03:12:14,1,43,23.8,67,15.1,1017.7,0,0,250,0.0,0,0.0,0
2025-08-22 03:13:15,1,43,23.8,67,15.1,1017.7,0,0,250,0.0,0,0.0,0
2025-08-22 03:14:16,1,43,23.8,67,15.1,1017.8,0,0,250,0.0,0,0.0,0
2025-08-22 03:15:17,1,43,23.8,67,15.1,1017.8,0,0,250,0.0,0,0.0,0
2025-08-22 03:16:18,1,43,23.8,67,15.1,1017.8,0,0,250,0.0,0,0.0,0
2025-08-22 03:17:19,1,43,23.8,67,15.1,1017.8,0,0,250,0.0,0,0.0,0
2025-08-22 03:18:20,1,43,23.8,67,15.1,1017.6,0,1,255,0.0,0,0.0,0
2025-08-22 03:19:21,1,43,23.7,67,15.1,1017.8,0,1,285,0.0,0,0.0,0
2025-08-22 03:20:22,1,43,23.7,67,15.1,1017.7,0,1,285,0.0,0,0.0,0
2025-08-22 03:21:23,1,43,23.8,67,15.1,1017.8,0,0,285,0.0,0,0.0,0
2025-08-22 03:22:24,1,43,23.8,67,15.1,1017.8,0,0,285,0.0,0,0.0,0
2025-08-22 03:23:25,1,43,23.8,67,15.1,1017.9,0,0,285,0.0,0,0.0,0
2025-08-22 03:24:26,1,43,23.8,67,15.1,1017.8,0,0,285,0.0,0,0.0,0
2025-08-22 03:25:27,1,43,23.8,67,15.1,1017.7,0,0,285,0.0,0,0.0,0
2025-08-22 03:26:28,1,43,23.8,67,15.2,1017.8,0,0,285,0.0,0,0.0,0
2025-08-22 03:27:29,1,43,23.7,67,15.2,1017.9,1,1,315,0.0,0,0.0,0
2025-08-22 03:28:30,1,43,23.7,67,15.2,1017.9,0,1,334,0.0,0,0.0,0
2025-08-22 03:29:31,1,43,23.8,66,15.2,1017.8,0,1,334,0.0,0,0.0,0
2025-08-22 03:30:32,1,43,23.8,66,15.2,1017.8,0,0,334,0.0,0,0.0,0
2025-08-22 03:31:33,1,43,23.8,67,15.2,1017.8,0,0,334,0.0,0,0.0,0
2025-08-22 03:32:34,1,43,23.8,67,15.2,1017.8,0,0,335,0.0,0,0.0,0
2025-08-22 03:33:35,1,43,23.7,67,15.2,1017.6,1,1,0,0.0,0,0.0,0
2025-08-22 03:34:36,1,43,23.7,66,15.2,1017.8,0,1,0,0.0,0,0.0,0
2025-08-22 03:35:37,1,43,23.8,66,15.2,1017.8,0,1,0,0.0,0,0.0,0
2025-08-22 03:36:38,1,43,23.7,67,15.2,1017.9,2,3,25,0.0,0,0.0,0
2025-08-22 03:37:39,1,43,23.7,67,15.2,1018.0,0,3,19,0.0,0,0.0,0
2025-08-22 03:38:40,1,43,23.7,67,15.2,1017.7,0,0,5,0.0,0,0.0,0
2025-08-22 03:39:41,1,43,23.7,67,15.2,1017.9,1,3,14,0.0,0,0.0,0
2025-08-22 03:40:42,1,43,23.7,67,15.2,1017.7,0,3,12,0.0,0,0.0,0
2025-08-22 03:41:43,1,43,23.7,67,15.2,1017.6,0,1,13,0.0,0,0.0,0
2025-08-22 03:42:44,1,43,23.7,67,15.2,1017.9,0,1,13,0.0,0,0.0,0
2025-08-22 03:43:45,1,43,23.7,67,15.2,1017.8,0,0,13,0.0,0,0.0,0
2025-08-22 03:44:46,1,43,23.7,67,15.2,1017.6,0,0,13,0.0,0,0.0,0
2025-08-22 03:45:47,1,43,23.7,67,15.2,1017.8,0,0,13,0.0,0,0.0,0
2025-08-22 03:46:48,1,43,23.7,67,15.2,1017.7,0,0,13,0.0,0,0.0,0
2025-08-22 03:47:49,1,43,23.7,67,15.2,1017.8,0,0,12,0.0,0,0.0,0
2025-08-22 03:48:50,1,43,23.7,67,15.2,1017.9,1,1,9,0.0,0,0.0,0
2025-08-22 03:49:51,1,43,23.7,67,15.2,1017.8,0,1,7,0.0,0,0.0,0
2025-08-22 03:50:52,1,43,23.7,67,15.2,1017.7,0,1,345,0.0,0,0.0,0
2025-08-22 03:51:53,1,43,23.7,67,15.2,1017.7,0,1,338,0.0,0,0.0,0
2025-08-22 03:52:54,1,43,23.7,67,15.2,1017.7,0,0,338,0.0,0,0.0,0
2025-08-22 03:53:55,1,43,23.7,67,15.2,1017.6,0,0,338,0.0,0,0.0,0
2025-08-22 03:54:56,1,43,23.7,67,15.2,1017.7,1,1,328,0.0,0,0.0,0
2025-08-22 03:55:57,1,43,23.7,67,15.2,1017.7,2,3,310,0.0,0,0.0,0
2025-08-22 03:56:58,1,43,23.7,67,15.2,1017.8,0,3,311,0.0,0,0.0,0
2025-08-22 03:57:59,1,43,23.7,67,15.2,1017.7,1,1,324,0.0,0,0.0,0
2025-08-22 03:59:00,1,43,23.7,67,15.1,1017.5,0,1,313,0.0,0,0.0,0
2025-08-22 04:00:01,1,43,23.7,67,15.1,1017.7,0,3,303,0.0,0,0.0,0
2025-08-22 04:01:02,1,43,23.7,67,15.2,1017.8,0,1,303,0.0,0,0.0,0
2025-08-22 04:02:03,1,43,23.7,67,15.2,1017.9,2,3,300,0.0,0,0.0,0
2025-08-22 04:03:04,1,43,23.7,67,15.2,1017.8,0,3,302,0.0,0,0.0,0
2025-08-22 04:04:05,1,43,23.7,67,15.2,1017.7,1,1,304,0.0,0,0.0,0
2025-08-22 04:05:06,1,43,23.7,67,15.2,1017.8,0,1,304,0.0,0,0.0,0
2025-08-22 04:06:07,1,43,23.7,67,15.2,1017.6,0,1,304,0.0,0,0.0,0
2025-08-22 04:07:08,1,43,23.7,67,15.2,1017.7,0,0,304,0.0,0,0.0,0
2025-08-22 04:08:09,1,43,23.7,67,15.2,1017.7,0,0,304,0.0,0,0.0,0
2025-08-22 04:09:10,1,43,23.7,67,15.2,1017.8,0,0,304,0.0,0,0.0,0
2025-08-22 04:10:11,1,43,23.7,67,15.3,1017.7,1,1,298,0.0,0,0.0,0
2025-08-22 04:11:12,1,43,23.7,67,15.3,1017.8,1,3,294,0.0,0,0.1,0
2025-08-22 04:12:13,1,43,23.7,67,15.3,1017.7,2,3,294,0.0,0,0.1,0
2025-08-22 04:13:14,1,43,23.7,68,15.3,1017.7,2,5,316,0.0,0,0.1,0
2025-08-22 04:14:15,1,43,23.7,68,15.3,1017.7,1,5,316,0.0,0,0.1,0
2025-08-22 04:15:16,1,43,23.7,68,15.3,1017.8,2,5,308,0.0,0,0.1,0
2025-08-22 04:16:17,1,43,23.7,68,15.3,1017.9,1,5,312,0.0,0,0.1,0
2025-08-22 04:17:18,1,43,23.7,68,15.3,1017.6,1,3,313,0.0,0,0.1,0
2025-08-22 04:18:19,1,43,23.7,68,15.3,1017.8,2,3,298,0.0,0,0.2,0
2025-08-22 04:19:20,1,43,23.7,68,15.3,1017.9,1,5,328,0.0,0,0.2,0
2025-08-22 04:20:21,1,43,23.7,68,15.3,1017.7,0,3,326,0.0,0,0.2,0
2025-08-22 04:21:22,1,43,23.7,68,15.3,1017.7,0,5,299,0.0,0,0.3,0
2025-08-22 04:22:23,1,43,23.7,68,15.3,1017.8,2,5,289,0.0,0,0.4,0
2025-08-22 04:23:24,1,43,23.7,68,15.3,1017.8,3,5,320,0.0,0,0.4,0
2025-08-22 04:24:25,1,43,23.7,68,15.3,1017.6,4,5,276,0.0,0,0.5,0
2025-08-22 04:25:26,1,43,23.7,68,15.3,1017.7,3,5,261,0.0,0,0.6,0
2025-08-22 04:26:27,1,43,23.7,69,15.3,1017.8,0,5,262,0.0,0,0.7,0
2025-08-22 04:27:28,1,43,23.7,69,15.3,1017.9,2,5,276,0.0,0,0.8,0
2025-08-22 04:28:29,1,43,23.7,69,15.3,1017.7,0,5,290,0.0,0,0.9,0
2025-08-22 04:29:30,1,44,23.7,69,15.3,1017.6,0,3,296,0.0,0,0.9,0
2025-08-22 04:30:31,1,44,23.7,69,15.3,1017.7,2,3,267,0.0,0,1.1,0
2025-08-22 04:31:32,1,44,23.7,70,15.3,1017.8,2,3,268,0.0,0,1.2,0
2025-08-22 04:32:33,1,44,23.7,70,15.2,1017.8,1,5,307,0.0,0,1.3,0
2025-08-22 04:33:34,1,44,23.7,70,15.2,1017.8,1,3,306,0.0,0,1.5,0
2025-08-22 04:34:35,1,44,23.7,70,15.2,1017.8,2,5,282,0.0,0,1.6,0
2025-08-22 04:35:36,1,44,23.8,70,15.2,1017.8,2,5,313,0.0,0,1.7,0
2025-08-22 04:36:37,1,44,23.8,70,15.1,1017.9,1,7,288,0.0,0,1.9,0
2025-08-22 04:37:38,1,44,23.8,71,15.1,1017.7,0,1,291,0.0,0,2.0,0
2025-08-22 04:38:39,1,44,23.8,71,15.1,1017.8,0,1,291,0.0,0,2.2,0
2025-08-22 04:39:40,1,44,23.8,71,15.1,1017.7,1,3,294,0.0,0,2.4,0
2025-08-22 04:40:41,1,44,23.8,71,15.1,1017.9,0,3,294,0.0,0,2.5,0
2025-08-22 04:41:42,1,44,23.8,71,15.1,1017.8,2,3,278,0.0,0,2.7,0
2025-08-22 04:42:43,1,44,23.8,71,15.1,1017.8,1,3,280,0.0,0,2.9,0
2025-08-22 04:43:44,1,44,23.8,71,15.1,1017.8,2,5,258,0.0,0,3.2,0
2025-08-22 04:44:45,1,44,23.8,71,15.1,1017.7,1,3,262,0.0,0,3.5,0
2025-08-22 04:45:46,1,44,23.8,71,15.1,1017.9,0,1,262,0.0,0,3.7,0
2025-08-22 04:46:47,1,44,23.8,71,15.0,1017.7,0,0,262,0.0,0,4.0,0
2025-08-22 04:47:48,1,44,23.8,71,15.0,1017.8,0,0,262,0.0,0,4.3,0
2025-08-22 04:48:49,1,44,23.8,72,15.0,1017.8,0,0,262,0.0,0,4.5,0
2025-08-22 04:49:50,1,44,23.8,72,15.0,1017.7,0,0,262,0.0,0,4.8,0
2025-08-22 04:50:51,1,44,23.8,72,15.0,1017.9,3,3,252,0.0,0,5.0,0
2025-08-22 04:51:52,1,44,23.8,72,15.0,1018.0,0,3,252,0.0,0,5.1,0
2025-08-22 04:52:53,1,44,23.8,72,15.0,1017.8,0,1,306,0.0,0,5.4,0
2025-08-22 04:53:54,1,44,23.8,72,15.0,1018.0,0,1,304,0.0,0,5.6,0
2025-08-22 04:54:55,1,44,23.8,72,15.0,1018.0,0,1,304,0.0,0,5.8,0
2025-08-22 04:55:56,1,44,23.8,72,15.0,1018.0,2,3,292,0.0,0,6.1,0
2025-08-22 04:56:57,1,44,23.8,72,15.0,1017.8,1,3,274,0.0,0,6.3,0
2025-08-22 04:57:58,1,44,23.9,73,15.0,1018.0,0,3,274,0.0,0,6.5,0
2025-08-22 04:58:59,1,44,23.8,73,15.0,1018.0,1,1,261,0.0,0,6.8,0
2025-08-22 05:00:00,1,44,23.8,73,15.0,1018.0,0,3,257,0.0,0,7.1,0
2025-08-22 05:01:01,1,45,23.9,73,15.0,1018.0,0,1,308,0.0,0,7.4,0
2025-08-22 05:02:02,1,45,23.9,73,15.0,1018.0,0,3,302,0.0,0,7.7,0
2025-08-22 05:03:03,1,45,23.8,73,15.0,1018.0,2,3,307,0.0,0,8.0,0
2025-08-22 05:04:04,1,45,23.9,73,15.0,1018.0,0,3,313,0.0,0,8.3,0
2025-08-22 05:05:05,1,45,23.8,73,15.0,1018.0,0,1,314,0.0,0,8.7,0
2025-08-22 05:06:06,1,45,23.8,73,15.0,1018.2,1,1,311,0.0,0,9.1,0
2025-08-22 05:07:07,1,45,23.9,73,15.0,1018.0,0,1,311,0.0,0,9.4,0
2025-08-22 05:08:08,1,45,23.9,73,15.0,1018.0,0,0,311,0.0,0,9.8,0
2025-08-22 05:09:09,1,45,23.9,73,15.0,1018.0,0,1,311,0.0,0,10.3,0
2025-08-22 05:10:10,1,45,23.9,73,15.0,1018.2,0,0,311,0.0,0,10.9,0
2025-08-22 05:11:11,1,45,23.9,74,15.0,1018.1,0,0,311,0.0,0,11.4,0
2025-08-22 05:12:12,1,45,23.9,73,15.0,1018.1,0,0,311,0.0,0,12.0,0
2025-08-22 05:13:13,1,45,23.9,73,15.0,1018.2,0,0,311,0.0,0,12.4,0
2025-08-22 05:14:14,1,45,23.9,74,15.0,1018.0,0,0,311,0.0,0,13.0,0
2025-08-22 05:15:15,1,45,23.9,74,15.0,1018.2,0,0,311,0.0,0,13.8,0
2025-08-22 05:16:16,1,45,23.9,74,15.0,1018.0,0,1,311,0.0,0,14.5,0
2025-08-22 05:17:17,1,45,23.9,74,15.0,1018.2,0,1,311,0.0,0,15.3,0
2025-08-22 05:18:18,1,45,23.9,74,15.0,1018.1,0,0,311,0.0,0,15.9,0
2025-08-22 05:19:19,1,45,23.9,74,15.0,1018.2,0,0,311,0.0,0,16.7,0
2025-08-22 05:20:20,1,45,23.8,74,15.0,1018.1,0,0,311,0.0,0,17.4,0
2025-08-22 05:21:21,1,45,23.9,74,15.0,1018.2,0,0,311,0.0,0,18.1,0
2025-08-22 05:22:22,1,45,23.9,74,15.0,1018.2,0,0,311,0.0,0,18.8,0
2025-08-22 05:23:23,1,45,23.9,74,15.0,1018.1,0,0,311,0.0,0,19.5,0
2025-08-22 05:24:24,1,45,23.8,74,15.0,1018.2,0,0,311,0.0,0,19.8,0
2025-08-22 05:25:25,1,45,23.8,74,15.0,1018.2,0,0,311,0.0,0,20.1,0
2025-08-22 05:26:26,1,45,23.9,73,15.0,1018.3,0,0,311,0.0,0,20.4,0
2025-08-22 05:27:27,1,45,23.8,73,15.0,1018.3,0,1,311,0.0,0,20.7,0
2025-08-22 05:28:28,1,45,23.9,73,15.0,1018.2,0,1,311,0.0,0,20.8,0
2025-08-22 05:29:29,1,45,23.8,73,15.1,1018.2,0,1,311,0.0,0,20.8,0
2025-08-22 05:30:30,1,45,23.9,73,15.1,1018.2,0,0,310,0.0,0,20.8,0
2025-08-22 05:31:31,1,45,23.8,73,15.1,1018.2,0,1,304,0.0,0,21.0,0
2025-08-22 05:32:32,1,45,23.8,73,15.1,1018.2,0,1,304,0.0,0,21.3,0
2025-08-22 05:33:33,1,45,23.9,73,15.1,1018.3,0,0,304,0.0,0,22.0,0
2025-08-22 05:34:34,1,45,23.9,73,15.1,1018.3,0,1,304,0.0,0,22.7,0
2025-08-22 05:35:35,1,45,23.9,73,15.1,1018.3,0,0,304,0.0,0,23.6,0
2025-08-22 05:36:36,1,45,23.9,73,15.2,1018.3,0,0,301,0.0,0,24.6,0
2025-08-22 05:37:37,1,45,23.9,73,15.2,1018.3,0,0,291,0.0,0,25.8,0
2025-08-22 05:38:38,1,45,23.9,73,15.2,1018.3,0,0,291,0.0,0,27.1,0
2025-08-22 05:39:39,1,45,23.8,73,15.2,1018.2,0,0,287,0.0,0,28.9,0
2025-08-22 05:40:40,1,45,23.9,73,15.2,1018.3,0,0,287,0.0,0,30.5,0
2025-08-22 05:41:41,1,45,23.9,73,15.2,1018.3,0,0,287,0.0,0,33.0,0
2025-08-22 05:42:42,1,45,23.9,73,15.2,1018.4,0,1,287,0.0,0,35.3,0
2025-08-22 05:43:43,1,45,23.8,73,15.2,1018.3,0,3,275,0.0,0,37.5,0
2025-08-22 05:44:44,1,45,23.8,73,15.3,1018.3,0,1,276,0.0,0,39.3,0
2025-08-22 05:45:45,1,45,23.9,73,15.3,1018.3,1,1,279,0.0,0,40.4,0
2025-08-22 05:46:46,1,45,23.8,73,15.3,1018.2,3,5,291,0.0,0,41.5,0
2025-08-22 05:47:47,1,45,23.9,73,15.3,1018.3,1,5,268,0.0,0,42.1,0
2025-08-22 05:48:48,1,45,23.8,73,15.3,1018.2,3,7,237,0.0,0,42.5,0
2025-08-22 05:49:49,1,45,23.8,72,15.4,1018.2,3,9,269,0.0,0,42.6,0
2025-08-22 05:50:50,1,45,23.8,72,15.4,1018.4,5,9,240,0.0,0,42.6,0
2025-08-22 05:51:51,1,45,23.9,72,15.4,1018.5,2,7,272,0.0,0,42.2,0
2025-08-22 05:52:52,1,45,23.8,72,15.4,1018.4,3,5,238,0.0,0,41.6,0
2025-08-22 05:53:53,1,45,23.8,72,15.4,1018.3,0,5,246,0.0,0,41.2,0
2025-08-22 05:54:54,1,45,23.8,72,15.4,1018.5,0,3,253,0.0,0,41.9,0
2025-08-22 05:55:55,1,45,23.9,72,15.4,1018.2,0,1,258,0.0,0,42.4,0
2025-08-22 05:56:56,1,45,23.8,72,15.4,1018.3,1,3,270,0.0,0,43.2,0
2025-08-22 05:57:57,1,45,23.9,72,15.5,1018.5,0,3,251,0.0,0,44.1,0
2025-08-22 05:58:58,1,45,23.8,72,15.5,1018.4,0,1,251,0.0,0,45.3,0
2025-08-22 05:59:59,1,45,23.8,72,15.5,1018.3,0,0,252,0.0,0,46.6,0
2025-08-22 06:01:00,1,45,23.8,72,15.5,1018.5,3,5,300,0.0,0,47.9,0
2025-08-22 06:02:01,1,45,23.9,72,15.5,1018.5,1,5,289,0.0,0,48.7,0
2025-08-22 06:03:02,1,45,23.9,72,15.5,1018.5,0,1,289,0.0,0,49.7,0
2025-08-22 06:04:03,1,45,23.8,71,15.6,1018.6,0,1,289,0.0,0,50.7,0
2025-08-22 06:05:04,1,45,23.9,71,15.6,1018.4,0,1,289,0.0,0,52.0,0
2025-08-22 06:06:05,1,45,23.8,71,15.6,1018.4,0,1,293,0.0,0,53.3,0
2025-08-22 06:07:06,1,45,23.9,71,15.6,1018.5,3,3,319,0.0,0,53.9,0
2025-08-22 06:08:07,1,45,23.9,71,15.6,1018.3,0,3,288,0.0,0,54.1,0
2025-08-22 06:09:08,1,45,23.9,72,15.7,1018.4,0,3,298,0.0,0,54.4,0
2025-08-22 06:10:09,1,45,23.9,71,15.7,1018.4,0,3,339,0.0,0,55.3,0
2025-08-22 06:11:10,1,45,23.9,71,15.7,1018.5,0,1,314,0.0,0,56.4,0
2025-08-22 06:12:11,1,45,23.8,71,15.7,1018.6,2,3,331,0.0,0,57.2,0
2025-08-22 06:13:12,1,45,23.9,72,15.7,1018.4,0,3,331,0.0,0,58.0,0
2025-08-22 06:14:13,1,45,23.9,72,15.7,1018.5,0,0,331,0.0,0,59.2,0
2025-08-22 06:15:14,1,45,23.9,72,15.7,1018.4,0,0,331,0.0,0,60.9,0
2025-08-22 06:16:15,1,45,23.9,72,15.7,1018.5,0,0,331,0.0,0,62.4,0
2025-08-22 06:17:16,1,45,23.9,72,15.7,1018.5,0,0,331,0.0,0,64.5,0
2025-08-22 06:18:17,1,45,23.9,72,15.7,1018.6,0,0,331,0.0,0,66.2,0
2025-08-22 06:19:18,1,46,23.9,72,15.8,1018.5,0,0,336,0.0,0,68.7,0
2025-08-22 06:20:19,1,45,23.9,72,15.8,1018.5,1,1,339,0.0,0,71.4,0
2025-08-22 06:21:20,1,45,23.9,72,15.8,1018.4,0,3,326,0.0,0,73.6,0
2025-08-22 06:22:21,1,46,23.8,72,15.8,1018.7,3,3,298,0.0,0,75.1,0
2025-08-22 06:23:22,1,46,23.8,72,15.8,1018.6,0,3,298,0.0,0,75.8,0
2025-08-22 06:24:23,1,46,23.8,71,15.8,1018.5,0,5,332,0.0,0,76.0,0
2025-08-22 06:25:24,1,46,23.8,71,15.8,1018.5,1,3,316,0.0,0,74.9,0
2025-08-22 06:26:25,1,46,23.9,71,15.8,1018.5,3,5,4,0.0,0,72.5,0
2025-08-22 06:27:26,1,46,23.9,72,15.8,1018.5,0,5,311,0.0,0,69.3,0
2025-08-22 06:28:27,1,46,23.9,72,15.8,1018.6,2,5,296,0.0,0,66.1,0
2025-08-22 06:29:28,1,46,23.8,72,15.8,1018.8,3,5,328,0.0,0,64.1,0
2025-08-22 06:30:29,1,46,23.9,71,15.8,1018.8,4,7,337,0.0,0,62.2,0
2025-08-22 06:31:30,1,46,23.8,71,15.8,1018.7,3,7,8,0.0,0,61.4,0
2025-08-22 06:32:31,1,46,23.9,71,15.8,1018.7,0,3,10,0.0,0,61.7,0
2025-08-22 06:33:32,1,46,23.9,71,15.8,1018.7,2,3,298,0.0,0,62.9,0
2025-08-22 06:34:33,1,46,23.9,71,15.8,1018.7,4,7,339,0.0,0,64.0,0
2025-08-22 06:35:34,1,46,23.8,71,15.8,1018.7,0,5,351,0.0,0,65.6,0
2025-08-22 06:36:35,1,46,23.9,71,15.8,1018.7,1,1,307,0.0,0,66.9,0
2025-08-22 06:37:36,1,46,23.8,71,15.9,1018.7,1,3,288,0.0,0,68.6,0
2025-08-22 06:38:37,1,46,23.8,71,15.9,1018.7,0,1,288,0.0,0,70.4,0
2025-08-22 06:39:38,1,46,23.9,71,15.9,1018.7,2,3,291,0.0,0,72.3,0
2025-08-22 06:40:39,1,46,23.8,71,15.9,1018.8,0,3,298,0.0,0,75.6,0
2025-08-22 06:41:40,1,46,23.9,70,16.0,1018.7,3,5,300,0.0,0,78.5,0
2025-08-22 06:42:41,1,46,23.9,70,16.0,1018.7,4,7,321,0.0,0,78.7,0
2025-08-22 06:43:42,1,46,23.8,70,16.0,1018.8,3,5,335,0.0,0,77.1,0
2025-08-22 06:44:43,1,46,23.9,70,16.0,1018.7,0,5,311,0.0,0,76.4,0
2025-08-22 06:45:44,1,46,23.8,70,16.0,1018.7,1,3,323,0.0,0,75.5,0
2025-08-22 06:46:45,1,46,23.9,70,16.0,1018.7,1,5,282,0.0,0,72.4,0
2025-08-22 06:47:46,1,46,23.9,70,16.0,1018.7,3,5,308,0.0,0,67.9,0
2025-08-22 06:48:47,1,46,23.9,70,16.0,1018.9,1,5,329,0.0,0,64.1,0
2025-08-22 06:49:48,1,46,23.9,70,16.0,1018.7,0,3,268,0.0,0,61.3,0
2025-08-22 06:50:49,1,46,23.9,70,16.0,1018.8,0,1,297,0.0,0,59.1,0
2025-08-22 06:51:50,1,46,23.9,70,16.0,1018.6,1,3,282,0.0,0,55.9,0
2025-08-22 06:52:51,1,46,23.8,70,16.1,1018.9,1,5,263,0.0,0,53.2,0
2025-08-22 06:53:52,1,46,23.9,71,16.1,1018.9,1,5,289,0.0,0,50.8,0
2025-08-22 06:54:53,1,46,23.9,71,16.1,1018.6,0,3,257,0.0,0,48.9,0
2025-08-22 06:55:54,1,46,23.9,71,16.1,1018.9,3,5,290,0.0,0,47.7,0
2025-08-22 06:56:55,1,46,23.9,71,16.2,1018.9,1,5,294,0.0,0,47.1,0
2025-08-22 06:57:56,1,46,23.8,71,16.2,1018.9,3,5,280,0.0,0,47.8,0
2025-08-22 06:58:57,1,46,23.9,71,16.1,1018.8,5,7,290,0.0,0,49.9,0
2025-08-22 06:59:58,1,46,23.9,72,16.1,1018.9,0,7,315,0.0,0,53.5,0
2025-08-22 07:00:59,1,46,23.9,72,16.1,1018.9,2,5,325,0.0,0,58.3,0
2025-08-22 07:02:00,1,46,23.9,73,16.1,1018.9,4,5,308,0.0,0,61.8,0
2025-08-22 07:03:01,1,46,23.9,73,16.1,1018.8,2,7,320,0.0,0,67.0,0
2025-08-22 07:04:02,1,46,23.8,74,16.0,1018.9,1,7,321,0.0,0,74.0,0
2025-08-22 07:05:03,1,46,23.9,74,16.0,1018.9,0,3,301,0.0,0,81.7,0
2025-08-22 07:06:04,1,46,23.8,74,15.9,1019.0,0,3,319,0.0,0,89.6,0
2025-08-22 07:07:05,1,46,23.9,74,15.9,1018.9,1,1,322,0.0,0,94.9,0
2025-08-22 07:08:06,1,46,23.9,74,15.8,1018.9,1,1,345,0.0,0,100.3,0
2025-08-22 07:09:07,1,46,23.9,75,15.8,1019.0,0,1,344,0.0,0,105.1,1
2025-08-22 07:10:08,1,46,23.9,75,15.8,1019.0,2,3,0,0.0,0,109.5,1
2025-08-22 07:11:09,1,46,23.9,75,15.8,1019.0,1,3,11,0.0,0,113.2,1
2025-08-22 07:12:10,1,46,23.9,75,15.8,1019.0,0,1,10,0.0,0,114.1,1
2025-08-22 07:13:11,1,46,23.9,74,15.8,1019.0,1,3,8,0.0,0,116.2,1
2025-08-22 07:14:12,1,46,23.9,74,15.8,1019.0,1,3,22,0.0,0,117.4,1
2025-08-22 07:15:13,1,46,23.9,74,15.8,1018.8,0,3,18,0.0,0,118.7,1
2025-08-22 07:16:14,1,46,23.9,74,15.8,1019.0,2,3,327,0.0,0,121.3,1
2025-08-22 07:17:15,1,46,23.9,74,15.8,1019.0,0,3,310,0.0,0,125.7,1
2025-08-22 07:18:16,1,46,23.9,74,15.8,1018.9,0,3,310,0.0,0,130.4,1
2025-08-22 07:19:17,1,46,23.9,73,15.9,1018.9,0,0,310,0.0,0,136.3,1
2025-08-22 07:20:18,1,46,23.9,73,16.0,1018.9,0,1,334,0.0,0,140.7,1
2025-08-22 07:21:19,1,46,23.9,73,16.0,1018.9,0,1,13,0.0,0,144.0,1
2025-08-22 07:22:20,1,46,23.9,73,16.0,1019.1,0,1,13,0.0,0,146.7,1
2025-08-22 07:23:21,1,46,23.9,72,16.1,1018.9,2,5,56,0.0,0,147.0,1
2025-08-22 07:24:22,1,46,23.9,71,16.1,1019.0,0,7,46,0.0,0,150.2,1
2025-08-22 07:25:23,1,46,23.9,69,16.1,1018.9,3,5,19,0.0,0,154.1,1
2025-08-22 07:26:24,1,46,23.9,69,16.1,1018.9,1,3,58,0.0,0,158.6,1
2025-08-22 07:27:25,1,46,23.9,69,16.1,1018.9,0,3,57,0.0,0,161.8,1
2025-08-22 07:28:26,1,46,23.9,69,16.2,1018.9,0,3,58,0.0,0,162.7,1
2025-08-22 07:29:27,1,46,23.9,69,16.2,1018.8,0,0,58,0.0,0,162.1,1
2025-08-22 07:30:28,1,46,23.9,69,16.3,1018.8,0,1,24,0.0,0,160.2,1
2025-08-22 07:31:29,1,46,23.9,67,16.4,1018.9,0,1,15,0.0,0,159.6,1
2025-08-22 07:32:30,1,46,23.9,67,16.4,1018.8,1,1,327,0.0,0,158.3,1
2025-08-22 07:33:31,1,46,23.9,67,16.5,1018.9,2,5,4,0.0,0,156.4,1
2025-08-22 07:34:32,1,46,23.9,66,16.5,1018.9,2,5,342,0.0,0,153.6,1
2025-08-22 07:35:33,1,45,23.9,67,16.5,1018.8,0,3,345,0.0,0,148.2,1
2025-08-22 07:36:34,1,45,23.9,67,16.5,1018.8,0,1,343,0.0,0,144.2,1
2025-08-22 07:37:35,1,45,23.9,66,16.6,1018.9,1,3,302,0.0,0,129.2,1
2025-08-22 07:38:36,1,45,23.9,65,16.6,1019.1,3,5,335,0.0,0,121.0,1
2025-08-22 07:39:37,1,45,23.9,65,16.6,1018.9,2,5,339,0.0,0,116.0,1
2025-08-22 07:40:38,1,45,23.9,65,16.6,1019.0,1,7,336,0.0,0,110.2,1
2025-08-22 07:41:39,1,45,23.9,65,16.6,1019.1,1,7,346,0.0,0,104.8,1
2025-08-22 07:42:40,1,45,23.9,65,16.6,1019.0,0,5,329,0.0,0,100.7,0
2025-08-22 07:43:41,1,45,23.9,65,16.6,1019.1,0,7,299,0.0,0,98.9,0
2025-08-22 07:44:42,1,45,23.9,64,16.6,1019.1,3,7,332,0.0,0,100.9,0
2025-08-22 07:45:43,1,45,23.9,65,16.6,1019.0,0,5,324,0.0,0,106.3,1
2025-08-22 07:46:44,1,45,23.9,65,16.6,1019.0,2,5,303,0.0,0,111.8,1
2025-08-22 07:47:45,1,45,23.9,65,16.6,1019.0,2,5,327,0.0,0,114.0,1
2025-08-22 07:48:46,1,45,23.9,65,16.6,1019.0,0,3,321,0.0,0,112.2,1
2025-08-22 07:49:47,1,45,23.9,66,16.6,1019.0,0,3,321,0.0,0,106.3,1
2025-08-22 07:50:48,1,45,23.9,65,16.6,1018.9,3,7,347,0.0,0,101.4,0
2025-08-22 07:51:49,1,45,23.9,65,16.6,1019.2,5,7,314,0.0,0,94.8,0
2025-08-22 07:52:50,1,45,23.9,66,16.6,1019.0,0,7,343,0.0,0,86.6,0
2025-08-22 07:53:51,1,45,23.9,66,16.6,1019.3,7,14,278,0.0,0,78.7,0
2025-08-22 07:54:52,1,45,23.9,65,16.6,1019.2,3,16,332,0.0,0,75.5,0
2025-08-22 07:55:53,1,45,23.9,65,16.6,1019.2,6,16,270,0.0,0,76.8,0
2025-08-22 07:56:54,1,45,23.9,65,16.5,1019.2,9,12,244,0.0,0,81.1,0
2025-08-22 07:57:55,1,45,23.9,65,16.5,1019.4,4,12,339,0.0,0,84.9,0
2025-08-22 07:58:56,1,45,23.9,66,16.4,1019.2,1,7,294,0.0,0,85.2,0
2025-08-22 07:59:57,1,45,23.9,66,16.4,1019.2,11,16,351,0.0,0,83.1,0
2025-08-22 08:00:58,1,45,23.9,66,16.4,1019.1,2,16,356,0.0,0,81.8,0
2025-08-22 08:01:59,1,45,23.9,67,16.3,1019.1,6,14,330,0.0,0,82.2,0
2025-08-22 08:03:00,1,45,23.9,67,16.2,1019.3,5,12,314,0.0,0,84.8,0
2025-08-22 08:04:01,1,45,23.9,67,16.1,1019.1,1,12,308,0.0,0,89.0,0
2025-08-22 08:05:02,1,45,23.9,67,16.0,1019.3,4,7,311,0.0,0,96.6,0
2025-08-22 08:06:03,1,45,23.9,67,16.0,1019.1,3,9,18,0.0,0,106.5,1
2025-08-22 08:07:04,1,45,23.9,67,16.0,1019.1,6,12,342,0.0,0,113.3,1
2025-08-22 08:08:05,1,45,23.9,67,16.0,1019.4,6,14,349,0.0,0,119.7,1
2025-08-22 08:09:06,1,45,23.9,67,16.0,1019.1,3,9,296,0.0,0,120.7,1
2025-08-22 08:10:07,1,45,23.9,67,16.0,1019.3,12,16,336,0.0,0,116.9,1
2025-08-22 08:11:08,1,45,23.9,67,16.0,1019.3,4,16,335,0.0,0,110.2,1
2025-08-22 08:12:09,1,45,23.8,68,15.9,1019.3,3,16,281,0.0,0,105.8,1
2025-08-22 08:13:10,1,45,23.9,68,15.8,1019.2,0,9,255,0.0,0,103.1,1
2025-08-22 08:14:11,1,45,23.9,67,15.8,1019.3,12,18,298,0.0,0,103.8,1
2025-08-22 08:15:12,1,45,23.9,67,15.8,1019.4,4,18,328,0.0,0,106.7,1
2025-08-22 08:16:13,1,45,23.8,68,15.8,1019.3,4,12,319,0.0,0,113.2,1
2025-08-22 08:17:14,1,45,23.8,69,15.8,1019.4,10,12,294,0.0,0,121.8,1
2025-08-22 08:18:15,1,45,23.8,69,15.8,1019.4,9,12,23,0.0,0,132.4,1
2025-08-22 08:19:16,1,45,23.9,70,15.7,1019.4,3,12,302,0.0,0,140.5,1
2025-08-22 08:20:17,1,45,23.9,71,15.6,1019.5,7,9,347,0.0,0,147.1,1
2025-08-22 08:21:18,1,45,23.8,71,15.6,1019.5,7,9,293,0.0,0,152.5,1
2025-08-22 08:22:19,1,45,23.8,71,15.5,1019.4,1,9,334,0.0,0,157.4,1
2025-08-22 08:23:20,1,45,23.8,71,15.5,1019.4,7,9,303,0.0,0,161.7,1
2025-08-22 08:24:21,1,45,23.8,71,15.5,1019.4,3,9,328,0.0,0,167.3,1
2025-08-22 08:25:22,1,45,23.8,71,15.5,1019.4,1,3,313,0.0,0,172.9,1
2025-08-22 08:26:23,1,45,23.8,71,15.5,1019.4,1,3,311,0.0,0,177.8,1
2025-08-22 08:27:24,1,45,23.8,71,15.5,1019.4,2,5,358,0.0,0,183.6,1
2025-08-22 08:28:25,1,45,23.8,71,15.6,1019.4,0,7,17,0.0,0,184.7,1
2025-08-22 08:29:26,1,45,23.8,70,15.7,1019.2,4,7,37,0.0,0,186.1,1
2025-08-22 08:30:27,1,45,23.8,70,15.8,1019.2,2,7,315,0.0,0,183.9,1
2025-08-22 08:31:28,1,45,23.8,70,15.8,1019.3,4,7,310,0.0,0,183.2,1
2025-08-22 08:32:29,1,45,23.9,70,15.8,1019.3,0,5,343,0.0,0,182.4,1
2025-08-22 08:33:30,1,45,23.8,69,15.8,1019.4,4,5,352,0.0,0,182.5,1
2025-08-22 08:34:31,1,45,23.8,69,15.8,1019.3,3,5,32,0.0,0,180.0,1
2025-08-22 08:35:32,1,45,23.8,69,15.8,1019.3,1,5,33,0.0,0,174.3,1
2025-08-22 08:36:33,1,45,23.8,68,15.8,1019.3,0,5,349,0.0,0,170.2,1
2025-08-22 08:37:34,1,45,23.8,69,15.8,1019.5,4,7,40,0.0,0,168.9,1
2025-08-22 08:38:35,1,45,23.9,69,15.9,1019.3,0,7,16,0.0,0,171.0,1
2025-08-22 08:39:36,1,45,23.8,69,15.9,1019.4,2,3,293,0.0,0,173.0,1
2025-08-22 08:40:37,1,45,23.8,68,16.0,1019.5,5,9,334,0.0,0,175.0,1
2025-08-22 08:41:38,1,45,23.8,68,16.1,1019.4,9,11,338,0.0,0,177.5,1
2025-08-22 08:42:39,1,45,23.8,68,16.1,1019.3,5,11,322,0.0,0,181.4,1
2025-08-22 08:43:40,1,45,23.8,69,16.1,1019.4,3,9,337,0.0,0,187.2,1
2025-08-22 08:44:41,1,45,23.8,69,16.1,1019.6,7,9,306,0.0,0,193.8,1
2025-08-22 08:45:42,1,45,23.8,69,16.2,1019.5,3,9,9,0.0,0,205.1,1
2025-08-22 08:46:43,1,45,23.8,69,16.2,1019.3,1,5,21,0.0,0,215.6,2
2025-08-22 08:47:44,1,45,23.8,69,16.2,1019.5,1,5,319,0.0,0,222.8,2
2025-08-22 08:48:45,1,45,23.9,69,16.2,1019.4,2,7,323,0.0,0,228.0,2
2025-08-22 08:49:46,1,45,23.8,69,16.2,1019.4,0,7,310,0.0,0,230.5,2
2025-08-22 08:50:47,1,45,23.8,70,16.2,1019.5,0,1,308,0.0,0,230.6,2
2025-08-22 08:51:48,1,45,23.9,68,16.3,1019.5,2,5,12,0.0,0,231.6,2
2025-08-22 08:52:49,1,45,23.8,68,16.5,1019.4,6,7,295,0.0,0,236.6,2
2025-08-22 08:53:50,1,45,23.8,69,16.5,1019.4,0,7,303,0.0,0,239.5,2
2025-08-22 08:54:52,1,45,23.8,68,16.5,1019.4,2,5,328,0.0,0,236.5,2
2025-08-22 08:55:53,1,45,23.8,68,16.5,1019.4,3,5,335,0.0,0,228.9,2
2025-08-22 08:56:54,1,45,23.8,68,16.5,1019.3,3,5,13,0.0,0,227.6,2
2025-08-22 08:57:55,1,45,23.9,68,16.5,1019.3,1,7,346,0.0,0,234.0,2
2025-08-22 08:58:56,1,45,23.8,68,16.6,1019.4,6,9,350,0.0,0,246.3,2
2025-08-22 08:59:57,1,45,23.9,68,16.5,1019.3,1,9,321,0.0,0,268.9,2
2025-08-22 09:00:58,1,45,23.8,68,16.5,1019.5,3,7,328,0.0,0,288.3,2
2025-08-22 09:01:59,1,45,23.9,69,16.5,1019.4,0,7,314,0.0,0,334.1,3
2025-08-22 09:03:00,1,45,23.8,69,16.5,1019.3,1,3,310,0.0,0,503.5,4
2025-08-22 09:04:01,1,45,23.8,68,16.6,1019.3,5,7,326,0.0,0,640.6,6
2025-08-22 09:05:02,1,45,23.9,67,16.9,1019.3,4,7,337,0.0,0,548.2,5
2025-08-22 09:06:03,1,45,23.9,67,17.0,1019.3,3,7,335,0.0,0,371.1,3
2025-08-22 09:07:04,1,45,23.9,66,17.1,1019.3,3,5,310,0.0,0,312.1,3
2025-08-22 09:08:05,1,45,23.9,66,17.3,1019.4,0,5,326,0.0,0,284.2,2
2025-08-22 09:09:06,1,45,23.9,63,17.5,1019.3,5,9,266,0.0,0,280.1,2
2025-08-22 09:10:07,1,45,23.9,63,17.8,1019.4,2,7,298,0.0,0,284.5,2
2025-08-22 09:11:08,1,45,23.9,61,17.8,1019.5,6,18,351,0.0,0,289.2,2
2025-08-22 09:12:09,1,45,23.9,61,17.8,1019.4,5,18,350,0.0,0,292.4,2
2025-08-22 09:13:10,1,45,23.9,62,17.8,1019.5,4,11,0,0.0,0,294.6,2
2025-08-22 09:14:11,1,45,23.9,62,17.7,1019.5,1,9,262,0.0,0,312.8,3
2025-08-22 09:15:12,1,45,23.9,61,17.6,1019.4,7,16,294,0.0,0,335.2,3
2025-08-22 09:16:13,1,45,23.9,61,17.7,1019.5,7,16,337,0.0,0,343.9,3
2025-08-22 09:17:14,1,45,23.9,61,17.7,1019.4,5,14,327,0.0,0,347.6,3
2025-08-22 09:18:15,1,45,23.9,61,17.6,1019.4,7,12,292,0.0,0,344.2,3
2025-08-22 09:19:16,1,45,23.9,61,17.6,1019.5,7,12,340,0.0,0,339.7,3
2025-08-22 09:20:17,1,45,23.9,61,17.6,1019.3,3,11,303,0.0,0,336.6,3
2025-08-22 09:21:18,1,45,23.9,61,17.6,1019.3,2,11,336,0.0,0,334.0,3
2025-08-22 09:22:19,1,45,23.9,61,17.7,1019.4,3,7,12,0.0,0,348.2,3
2025-08-22 09:23:20,1,45,23.9,61,17.7,1019.4,2,11,22,0.0,0,416.5,4
2025-08-22 09:24:21,1,45,23.9,61,17.8,1019.4,1,11,14,0.0,0,547.2,5
2025-08-22 09:25:22,1,45,23.9,61,17.8,1019.4,1,3,293,0.0,0,389.1,3
2025-08-22 09:26:23,1,45,23.9,60,18.0,1019.3,4,7,326,0.0,0,355.4,3
2025-08-22 09:27:25,1,45,23.9,59,18.2,1019.3,2,7,324,0.0,0,362.3,3
2025-08-22 09:28:25,1,45,23.9,59,18.4,1019.3,6,9,280,0.0,0,363.9,3
2025-08-22 09:29:26,1,45,23.9,59,18.6,1019.5,0,11,309,0.0,0,444.1,4
2025-08-22 09:30:27,1,45,23.9,58,18.7,1019.5,3,11,339,0.0,0,368.0,3
2025-08-22 09:31:28,1,45,23.9,58,18.8,1019.1,6,11,323,0.0,0,377.9,3
2025-08-22 09:32:29,1,45,23.9,58,18.8,1019.2,6,9,294,0.0,0,381.2,3
2025-08-22 09:33:30,1,45,23.9,59,18.7,1019.3,3,9,354,0.0,0,383.2,3
2025-08-22 09:34:31,1,45,23.9,58,18.7,1019.2,5,9,46,0.0,0,420.0,4
2025-08-22 09:35:32,1,45,23.9,58,18.7,1019.5,0,9,314,0.0,0,466.6,4
2025-08-22 09:36:33,1,45,23.9,57,18.7,1019.5,11,16,326,0.0,0,543.0,5
2025-08-22 09:37:34,1,45,24.0,56,18.7,1019.4,6,16,308,0.0,0,640.2,6
2025-08-22 09:38:35,1,45,23.9,55,18.7,1019.3,8,16,354,0.0,0,731.2,7
2025-08-22 09:39:36,1,45,24.0,55,18.7,1019.1,5,16,333,0.0,0,820.2,7
2025-08-22 09:40:37,1,45,24.0,53,18.8,1019.3,9,12,356,0.0,0,746.1,7
2025-08-22 09:41:38,1,45,24.0,52,18.9,1019.3,3,12,297,0.0,0,802.9,7
2025-08-22 09:42:39,1,45,24.0,53,19.1,1019.2,2,7,344,0.0,0,652.0,6
2025-08-22 09:43:40,1,45,24.0,53,19.3,1019.4,5,9,61,0.0,0,588.5,5
2025-08-22 09:44:41,1,45,24.0,53,19.6,1019.3,9,12,338,0.0,0,339.2,3
2025-08-22 09:45:42,1,45,24.0,52,19.9,1019.3,1,12,281,0.0,0,306.4,2
2025-08-22 09:46:43,1,44,24.0,51,20.0,1019.3,6,9,38,0.0,0,306.9,2
2025-08-22 09:47:44,1,44,24.0,50,20.0,1019.3,2,9,345,0.0,0,333.3,3
2025-08-22 09:48:45,1,44,24.0,52,19.9,1019.2,3,11,20,0.0,0,343.0,3
2025-08-22 09:49:46,1,44,24.1,51,19.8,1019.3,8,14,8,0.0,0,365.9,3
2025-08-22 09:50:47,1,44,24.0,53,19.6,1019.1,1,14,315,0.0,0,395.2,3
2025-08-22 09:51:48,1,44,24.0,53,19.4,1019.2,1,5,338,0.0,0,558.9,5
2025-08-22 09:52:49,1,44,24.1,53,19.4,1019.2,1,7,331,0.0,0,439.2,4
2025-08-22 09:53:50,1,44,24.1,52,19.6,1019.2,11,14,5,0.0,0,363.6,3
2025-08-22 09:54:52,1,44,24.1,53,19.7,1019.2,5,14,317,0.0,0,338.6,3
2025-08-22 09:55:53,1,44,24.1,54,19.6,1019.2,5,12,4,0.0,0,322.6,3
2025-08-22 09:56:54,1,44,24.1,54,19.4,1019.2,3,12,25,0.0,0,390.2,3
2025-08-22 09:57:55,1,44,24.1,53,19.3,1019.3,12,14,15,0.0,0,364.1,3
2025-08-22 09:58:56,1,44,24.1,54,19.3,1019.2,4,14,310,0.0,0,353.3,3
2025-08-22 09:59:57,1,44,24.1,55,19.2,1019.2,6,14,232,0.0,0,471.8,4
2025-08-22 10:00:58,1,44,24.1,55,19.1,1019.4,2,14,19,0.0,0,367.9,3
2025-08-22 10:01:59,1,44,24.1,55,19.1,1019.5,7,12,12,0.0,0,356.7,3
2025-08-22 10:03:00,1,44,24.1,55,19.1,1019.5,2,12,24,0.0,0,426.9,4
2025-08-22 10:04:01,1,44,24.1,55,19.1,1019.3,4,12,347,0.0,0,381.8,3
2025-08-22 10:05:02,1,44,24.1,56,18.9,1019.4,12,16,9,0.0,0,588.7,5
2025-08-22 10:06:03,1,44,24.1,56,18.9,1019.4,7,16,321,0.0,0,801.9,7
2025-08-22 10:07:04,1,44,24.1,56,18.9,1019.3,7,11,356,0.0,0,578.1,5
2025-08-22 10:08:05,1,44,24.1,56,19.0,1019.2,4,9,359,0.0,0,642.9,6
2025-08-22 10:09:06,1,44,24.1,56,19.1,1019.4,3,7,295,0.0,0,706.5,6
2025-08-22 10:10:07,1,44,24.1,56,19.2,1019.3,6,11,351,0.0,0,697.8,6
2025-08-22 10:11:08,1,44,24.1,56,19.4,1019.3,7,16,0,0.0,0,821.4,8
2025-08-22 10:12:09,1,44,24.1,56,19.5,1019.2,0,16,8,0.0,0,704.7,6
2025-08-22 10:13:10,1,44,24.1,56,19.5,1019.2,7,11,326,0.0,0,704.3,6
2025-08-22 10:14:11,1,44,24.2,56,19.6,1019.3,10,12,10,0.0,0,490.3,4
2025-08-22 10:15:12,1,44,24.2,56,19.8,1019.4,1,12,44,0.0,0,440.5,4
2025-08-22 10:16:13,1,44,24.2,56,19.8,1019.2,5,7,349,0.0,0,406.0,3
2025-08-22 10:17:14,1,44,24.2,57,19.7,1019.3,1,11,19,0.0,0,394.4,3
2025-08-22 10:18:15,1,44,24.2,56,19.7,1019.1,9,12,32,0.0,0,397.1,3
2025-08-22 10:19:16,1,44,24.2,56,19.8,1019.3,3,12,61,0.0,0,401.5,3
2025-08-22 10:20:17,1,44,24.2,55,19.8,1019.3,9,12,8,0.0,0,410.2,3
2025-08-22 10:21:18,1,44,24.2,55,19.9,1019.2,4,12,278,0.0,0,420.2,4
2025-08-22 10:22:19,1,44,24.2,55,19.9,1019.3,3,9,342,0.0,0,437.0,4
2025-08-22 10:23:20,1,44,24.2,55,19.9,1019.3,4,9,25,0.0,0,445.2,4
2025-08-22 10:24:21,1,44,24.2,54,19.8,1019.3,7,11,33,0.0,0,575.0,5
2025-08-22 10:25:22,1,44,24.2,54,19.8,1019.3,4,11,18,0.0,0,526.9,5
2025-08-22 10:26:23,1,44,24.2,54,19.8,1019.3,6,12,353,0.0,0,477.7,4
2025-08-22 10:27:24,1,44,24.2,54,19.8,1019.4,6,12,28,0.0,0,510.2,4
2025-08-22 10:28:25,1,44,24.2,54,19.8,1019.2,10,14,44,0.0,0,490.2,4
2025-08-22 10:29:26,1,44,24.2,55,19.8,1019.3,6,14,357,0.0,0,436.7,4
2025-08-22 10:30:27,1,44,24.2,55,19.6,1019.3,8,14,22,0.0,0,461.5,4
2025-08-22 10:31:28,1,44,24.2,55,19.5,1019.4,5,14,9,0.0,0,390.3,3
2025-08-22 10:32:29,1,44,24.2,55,19.4,1019.4,4,14,326,0.0,0,406.2,3
2025-08-22 10:33:30,1,44,24.2,55,19.3,1019.2,2,14,289,0.0,0,406.9,3
2025-08-22 10:34:31,1,44,24.2,56,19.3,1019.3,2,9,2,0.0,0,420.4,4
2025-08-22 10:35:32,1,44,24.2,55,19.4,1019.4,10,14,8,0.0,0,424.9,4
2025-08-22 10:36:33,1,44,24.2,55,19.5,1019.4,14,20,349,0.0,0,416.7,4
2025-08-22 10:37:34,1,44,24.2,56,19.4,1019.2,7,20,6,0.0,0,411.3,4
2025-08-22 10:38:35,1,44,24.2,56,19.2,1019.3,12,16,10,0.0,0,387.9,3
2025-08-22 10:39:36,1,44,24.2,56,19.2,1019.5,9,16,303,0.0,0,403.1,3
2025-08-22 10:40:37,1,44,24.2,56,19.1,1019.3,7,16,316,0.0,0,490.3,4
2025-08-22 10:41:38,1,44,24.2,56,19.0,1019.2,7,18,29,0.0,0,436.0,4
2025-08-22 10:42:39,1,44,24.2,56,19.0,1019.4,5,18,22,0.0,0,416.7,4
2025-08-22 10:43:40,1,44,24.2,56,19.1,1019.3,4,16,343,0.0,0,396.0,3
2025-08-22 10:44:41,1,44,24.2,55,19.2,1019.3,5,12,351,0.0,0,406.4,3
2025-08-22 10:45:42,1,44,24.2,55,19.3,1019.2,8,12,310,0.0,0,301.1,2
2025-08-22 10:46:43,1,44,24.2,54,19.3,1019.5,12,18,355,0.0,0,267.5,2
2025-08-22 10:47:44,1,44,24.2,56,19.2,1019.3,6,18,22,0.0,0,256.5,2
2025-08-22 10:48:45,1,44,24.2,58,18.9,1019.5,9,18,57,0.0,0,245.1,2
2025-08-22 10:49:46,1,44,24.2,60,18.8,1019.4,10,16,19,0.0,0,240.1,2
2025-08-22 10:50:47,1,44,24.2,62,18.7,1019.6,14,21,19,0.0,0,245.3,2
2025-08-22 10:51:48,1,44,24.2,63,18.5,1019.7,9,21,49,0.0,0,260.7,2
2025-08-22 10:53:50,1,44,24.2,64,18.0,1019.5,13,20,37,0.0,0,286.3,2
2025-08-22 10:54:51,1,44,24.2,65,17.9,1019.5,8,20,49,0.0,0,294.5,2
2025-08-22 10:55:52,1,44,24.1,65,17.9,1019.6,9,20,346,0.0,0,293.1,2
2025-08-22 10:56:53,1,44,24.1,66,17.9,1019.5,4,18,42,0.0,0,304.5,2
2025-08-22 10:57:54,1,44,24.1,66,17.9,1019.5,12,16,350,0.0,0,322.3,3
2025-08-22 10:58:55,1,45,24.1,67,17.9,1019.4,1,16,45,0.0,0,333.2,3
2025-08-22 10:59:56,1,45,24.1,67,17.7,1019.4,3,7,5,0.0,0,588.2,5
2025-08-22 11:00:57,1,45,24.2,67,17.7,1019.4,9,14,340,0.0,0,379.6,3
2025-08-22 11:01:58,1,45,24.1,67,17.7,1019.5,11,20,351,0.0,0,368.7,3
2025-08-22 11:02:59,1,45,24.1,67,17.7,1019.5,5,20,39,0.0,0,472.7,4
2025-08-22 11:04:00,1,45,24.1,67,17.7,1019.5,5,12,336,0.0,0,338.9,3
2025-08-22 11:05:01,1,45,24.1,67,17.7,1019.4,5,12,31,0.0,0,316.5,3
2025-08-22 11:06:02,1,45,24.1,67,17.7,1019.4,1,11,58,0.0,0,322.6,3
2025-08-22 11:07:03,1,45,24.1,67,17.7,1019.4,3,7,351,0.0,0,329.4,3
2025-08-22 11:08:04,1,45,24.1,66,17.9,1019.4,8,12,45,0.0,0,349.9,3
2025-08-22 11:09:05,1,45,24.1,67,18.0,1019.4,1,12,14,0.0,0,370.2,3
2025-08-22 11:10:06,1,45,24.1,66,18.0,1019.5,9,12,307,0.0,0,398.1,3
2025-08-22 11:11:07,1,45,24.1,64,18.1,1019.5,5,12,358,0.0,0,408.5,3
2025-08-22 11:12:08,1,45,24.1,64,18.1,1019.4,2,12,306,0.0,0,386.6,3
2025-08-22 11:13:09,1,45,24.1,65,18.1,1019.3,0,12,28,0.0,0,401.7,3
2025-08-22 11:14:10,1,45,24.1,64,18.1,1019.5,3,7,332,0.0,0,388.6,3
2025-08-22 11:15:11,1,45,24.1,63,18.3,1019.4,2,7,1,0.0,0,363.2,3
2025-08-22 11:16:12,1,45,24.1,63,18.5,1019.4,2,9,17,0.0,0,326.4,3
2025-08-22 11:17:13,1,45,24.1,63,18.7,1019.4,3,9,355,0.0,0,311.5,3
2025-08-22 11:18:14,1,45,24.1,62,18.8,1019.4,6,9,344,0.0,0,317.4,3
2025-08-22 11:19:15,1,45,24.1,62,18.9,1019.4,2,9,17,0.0,0,327.1,3
2025-08-22 11:20:16,1,45,24.1,64,18.8,1019.3,3,7,38,0.0,0,330.1,3
2025-08-22 11:21:17,1,45,24.1,64,18.5,1019.3,0,5,3,0.0,0,327.1,3
2025-08-22 11:22:18,1,45,24.1,64,18.5,1019.5,2,7,29,0.0,0,326.6,3
2025-08-22 11:23:19,1,46,24.1,64,18.5,1019.4,7,12,11,0.0,0,320.1,3
2025-08-22 11:24:20,1,46,24.1,65,18.5,1019.4,8,20,0,0.0,0,309.2,3
2025-08-22 11:25:21,1,46,24.1,66,18.3,1019.4,3,20,53,0.0,0,294.4,2
2025-08-22 11:26:22,1,46,24.1,67,18.1,1019.4,1,9,349,0.0,0,290.7,2
2025-08-22 11:27:23,1,46,24.1,67,18.1,1019.3,6,9,19,0.0,0,294.4,2
2025-08-22 11:28:24,1,46,24.1,66,18.1,1019.3,3,9,22,0.0,0,307.9,3
2025-08-22 11:29:25,1,46,24.1,66,18.2,1019.4,6,11,28,0.0,0,308.8,3
2025-08-22 11:30:26,1,46,24.1,66,18.2,1019.4,4,11,37,0.0,0,307.2,2
2025-08-22 11:31:27,1,46,24.1,66,18.1,1019.3,7,12,34,0.0,0,308.0,3
2025-08-22 11:32:28,1,46,24.1,66,18.1,1019.2,3,12,13,0.0,0,294.2,2
2025-08-22 11:33:29,1,46,24.1,66,18.1,1019.3,3,9,44,0.0,0,285.8,2
2025-08-22 11:34:30,1,46,24.1,65,18.2,1019.4,3,7,35,0.0,0,278.6,2
2025-08-22 11:35:31,1,46,24.1,63,18.3,1019.3,9,14,44,0.0,0,275.0,2
2025-08-22 11:36:32,1,46,24.1,62,18.3,1019.3,2,14,312,0.0,0,276.3,2
2025-08-22 11:37:33,1,46,24.1,61,18.3,1019.3,1,5,3,0.0,0,286.1,2
2025-08-22 11:38:34,1,46,24.1,59,18.4,1019.3,3,7,310,0.0,0,294.4,2
2025-08-22 11:39:35,1,46,24.2,58,18.5,1019.2,7,11,333,0.0,0,294.5,2
2025-08-22 11:40:36,1,46,24.1,56,18.5,1019.3,14,20,328,0.0,0,298.6,2
2025-08-22 11:41:37,1,46,24.2,55,18.5,1019.4,13,20,357,0.0,0,310.7,3
2025-08-22 11:42:38,1,46,24.1,55,18.5,1019.2,4,18,22,0.0,0,316.9,3
2025-08-22 11:43:39,1,46,24.1,56,18.5,1019.3,2,7,327,0.0,0,322.4,3
2025-08-22 11:44:40,1,46,24.1,56,18.5,1019.3,9,12,307,0.0,0,316.9,3
2025-08-22 11:45:41,1,46,24.1,55,18.6,1019.3,12,18,307,0.0,0,304.7,2
2025-08-22 11:46:42,1,46,24.2,54,18.8,1019.4,12,18,339,0.0,0,294.1,2
2025-08-22 11:47:43,1,46,24.1,54,18.9,1019.3,3,16,356,0.0,0,286.5,2
2025-08-22 11:48:44,1,46,24.1,53,19.0,1019.3,11,16,341,0.0,0,283.2,2
2025-08-22 11:49:45,1,47,24.2,53,19.0,1019.3,8,20,349,0.0,0,284.3,2
2025-08-22 11:50:46,1,47,24.1,53,18.9,1019.4,9,21,320,0.0,0,288.2,2
2025-08-22 11:51:47,1,47,24.2,53,18.8,1019.3,11,18,5,0.0,0,294.3,2
2025-08-22 11:52:48,1,47,24.2,53,18.7,1019.5,12,18,315,0.0,0,306.5,2
2025-08-22 11:53:49,1,47,24.2,54,18.6,1019.3,5,16,332,0.0,0,325.4,3
2025-08-22 11:54:50,1,47,24.2,54,18.6,1019.3,8,12,353,0.0,0,348.6,3
2025-08-22 11:55:51,1,47,24.1,54,18.6,1019.1,1,12,242,0.0,0,398.9,3
2025-08-22 11:56:52,1,47,24.2,54,18.6,1019.2,3,9,28,0.0,0,455.7,4
2025-08-22 11:57:53,1,47,24.2,54,18.7,1019.2,6,9,298,0.0,0,626.4,6
2025-08-22 11:58:54,1,47,24.2,54,18.7,1019.1,0,9,357,0.0,0,438.8,4
2025-08-22 11:59:55,1,47,24.2,54,18.8,1019.1,5,11,302,0.0,0,420.3,4
2025-08-22 12:00:56,1,47,24.2,52,19.1,1019.2,16,23,353,0.0,0,383.5,3
2025-08-22 12:01:57,1,47,24.2,52,19.4,1019.1,5,23,340,0.0,0,355.5,3
2025-08-22 12:02:58,1,47,24.2,52,19.4,1019.0,2,12,325,0.0,0,365.6,3
2025-08-22 12:03:59,1,47,24.2,52,19.4,1019.2,5,9,253,0.0,0,367.8,3
2025-08-22 12:05:00,1,47,24.2,51,19.6,1019.1,0,9,352,0.0,0,367.9,3
2025-08-22 12:06:01,1,47,24.2,51,19.7,1019.1,5,9,17,0.0,0,367.4,3
2025-08-22 12:07:02,1,47,24.2,51,19.8,1019.2,6,11,279,0.0,0,361.1,3
2025-08-22 12:08:03,1,47,24.2,51,19.8,1019.2,6,11,303,0.0,0,362.5,3
2025-08-22 12:09:04,1,47,24.2,51,19.8,1019.1,6,11,39,0.0,0,381.5,3
2025-08-22 12:10:05,1,47,24.2,50,19.7,1019.1,10,12,6,0.0,0,415.9,4
2025-08-22 12:11:06,1,47,24.2,51,19.7,1019.2,5,12,330,0.0,0,475.7,4
2025-08-22 12:12:07,1,47,24.2,51,19.6,1019.2,6,9,349,0.0,0,500.4,4
2025-08-22 12:13:08,1,47,24.2,50,19.6,1019.2,0,12,7,0.0,0,508.6,4
2025-08-22 12:14:09,1,47,24.2,50,19.7,1018.9,10,16,309,0.0,0,673.7,6
2025-08-22 12:15:10,1,47,24.2,50,19.8,1019.1,1,16,339,0.0,0,572.0,5
2025-08-22 12:16:11,1,47,24.2,49,19.8,1019.0,2,11,335,0.0,0,530.6,5
2025-08-22 12:17:12,1,47,24.2,48,20.0,1019.0,5,9,359,0.0,0,552.8,5
2025-08-22 12:18:13,1,47,24.2,47,20.1,1019.0,3,16,48,0.0,0,552.3,5
2025-08-22 12:19:14,1,46,24.2,48,20.1,1018.8,0,7,4,0.0,0,478.1,4
2025-08-22 12:20:15,1,46,24.2,48,20.1,1018.9,1,7,300,0.0,0,479.1,4
2025-08-22 12:21:16,1,46,24.2,47,20.2,1019.1,2,7,296,0.0,0,484.0,4
2025-08-22 12:22:17,1,46,24.2,47,20.4,1018.9,3,5,314,0.0,0,444.3,4
2025-08-22 12:23:18,1,46,24.2,47,20.7,1018.9,5,7,302,0.0,0,407.7,3
2025-08-22 12:24:19,1,46,24.2,47,20.8,1018.9,7,11,341,0.0,0,368.0,3
2025-08-22 12:25:20,1,46,24.2,47,20.8,1019.0,5,11,335,0.0,0,344.4,3
2025-08-22 12:26:21,1,46,24.2,48,20.8,1018.9,6,11,10,0.0,0,323.7,3
2025-08-22 12:27:22,1,46,24.2,52,20.7,1019.1,9,14,23,0.0,0,283.2,2
2025-08-22 12:28:23,1,46,24.2,53,20.3,1019.1,4,14,0,0.0,0,239.6,2
2025-08-22 12:29:24,1,45,24.2,53,20.1,1019.0,10,12,20,0.0,0,209.9,2
2025-08-22 12:30:25,1,45,24.2,55,19.9,1019.2,6,12,343,0.0,0,195.5,1
2025-08-22 12:31:26,1,45,24.2,56,19.5,1018.9,9,11,12,0.0,0,189.6,1
2025-08-22 12:32:27,1,45,24.2,56,19.4,1019.1,10,12,45,0.0,0,187.4,1
2025-08-22 12:33:28,1,45,24.2,56,19.3,1019.1,10,14,39,0.0,0,186.9,1
2025-08-22 12:34:29,1,45,24.2,56,19.3,1018.9,3,14,52,0.0,0,181.4,1
2025-08-22 12:35:30,1,45,24.2,57,19.2,1019.0,5,12,357,0.0,0,169.8,1
2025-08-22 12:36:31,1,45,24.2,57,19.1,1019.1,2,12,41,0.0,0,159.6,1
2025-08-22 12:37:32,1,45,24.2,57,19.1,1019.2,3,11,15,0.0,0,154.2,1
2025-08-22 12:38:33,1,45,24.2,57,19.0,1019.2,3,12,20,0.0,0,155.7,1
2025-08-22 12:39:34,1,45,24.2,56,19.0,1019.1,3,5,290,0.0,0,159.6,1
2025-08-22 12:40:35,1,45,24.2,55,19.1,1019.0,9,11,23,0.0,0,159.7,1
2025-08-22 12:41:36,1,45,24.2,56,19.1,1019.2,4,12,51,0.0,0,158.1,1
2025-08-22 12:42:37,1,45,24.1,56,19.1,1019.3,1,11,328,0.0,0,152.5,1
2025-08-22 12:43:38,1,45,24.1,56,19.1,1019.1,1,5,22,0.0,0,147.2,1
2025-08-22 12:44:39,1,45,24.1,55,19.1,1019.1,2,12,345,0.0,0,144.3,1
2025-08-22 12:45:40,1,45,24.1,56,19.1,1019.0,2,5,39,0.0,0,141.4,1
2025-08-22 12:46:41,1,45,24.1,56,19.1,1019.0,0,7,342,0.0,0,140.4,1
2025-08-22 12:47:42,1,45,24.1,54,19.1,1019.0,10,12,2,0.0,0,137.1,1
2025-08-22 12:48:43,1,45,24.1,53,19.1,1019.2,10,14,340,0.0,0,130.9,1
2025-08-22 12:49:44,1,45,24.1,53,19.1,1019.1,6,14,16,0.0,0,124.6,1
2025-08-22 12:50:45,1,45,24.1,53,18.9,1019.2,5,14,356,0.0,0,117.9,1
2025-08-22 12:51:46,1,45,24.1,53,18.8,1019.2,2,12,341,0.0,0,115.7,1
2025-08-22 12:52:47,1,45,24.1,53,18.8,1019.3,10,14,329,0.0,0,115.9,1
2025-08-22 12:53:48,1,45,24.1,52,18.8,1019.0,11,18,20,0.0,0,118.3,1
2025-08-22 12:54:49,1,45,24.1,52,18.9,1019.0,7,18,301,0.0,0,119.6,1
2025-08-22 12:55:50,1,45,24.1,52,18.9,1019.1,10,12,350,0.0,0,121.4,1
2025-08-22 12:56:51,1,45,24.1,51,18.9,1019.3,10,18,11,0.0,0,123.5,1
2025-08-22 12:57:52,1,45,24.1,51,18.9,1019.3,12,18,229,0.0,0,129.3,1
2025-08-22 12:58:53,1,45,24.1,51,18.8,1019.1,8,20,19,0.0,0,138.6,1
2025-08-22 12:59:54,1,45,24.1,52,18.8,1019.3,2,18,1,0.0,0,148.1,1
2025-08-22 13:00:55,1,45,24.1,52,18.8,1019.2,11,18,5,0.0,0,163.4,1
2025-08-22 13:01:56,1,44,24.1,52,18.8,1019.1,7,18,340,0.0,0,174.6,1
2025-08-22 13:02:57,1,44,24.1,51,18.7,1019.2,6,14,311,0.0,0,177.6,1
2025-08-22 13:03:58,1,44,24.1,52,18.7,1019.2,7,14,288,0.0,0,174.3,1
2025-08-22 13:04:59,1,44,24.1,52,18.7,1019.2,14,18,343,0.0,0,174.1,1
2025-08-22 13:06:00,1,44,24.1,52,18.7,1019.1,5,18,0,0.0,0,182.5,1
2025-08-22 13:07:01,1,44,24.1,52,18.7,1019.2,11,14,310,0.0,0,193.2,1
2025-08-22 13:08:02,1,44,24.0,52,18.7,1019.1,6,14,318,0.0,0,203.6,1
2025-08-22 13:09:03,1,44,24.1,52,18.6,1019.3,4,11,1,0.0,0,214.2,2
2025-08-22 13:10:04,1,44,24.0,52,18.6,1019.2,8,11,294,0.0,0,218.5,2
2025-08-22 13:11:05,1,44,24.1,52,18.6,1019.1,6,11,327,0.0,0,216.8,2
2025-08-22 13:12:06,1,44,24.0,52,18.6,1019.0,4,9,39,0.0,0,210.2,2
2025-08-22 13:13:07,1,44,24.0,52,18.6,1019.1,9,12,355,0.0,0,207.1,2
2025-08-22 13:14:08,1,44,24.0,52,18.7,1019.1,6,12,328,0.0,0,213.8,2
2025-08-22 13:15:09,1,44,24.0,52,18.7,1019.1,2,7,358,0.0,0,226.3,2
2025-08-22 13:16:10,1,44,24.0,52,18.7,1019.1,6,7,68,0.0,0,235.2,2
2025-08-22 13:17:11,1,44,24.0,52,18.8,1019.2,5,9,12,0.0,0,245.2,2
2025-08-22 13:18:12,1,44,24.0,52,18.8,1019.1,7,16,289,0.0,0,266.5,2
2025-08-22 13:19:13,1,44,24.0,51,18.8,1019.2,3,16,3,0.0,0,292.8,2
2025-08-22 13:20:14,1,44,24.0,51,18.9,1019.1,3,11,1,0.0,0,303.9,2
2025-08-22 13:21:15,1,43,24.1,51,18.9,1019.1,3,7,330,0.0,0,308.8,3
2025-08-22 13:22:16,1,43,24.0,51,18.9,1019.0,1,5,346,0.0,0,315.8,3
2025-08-22 13:23:17,1,43,24.1,52,18.9,1019.0,8,9,323,0.0,0,296.3,2
2025-08-22 13:24:18,1,43,24.0,52,19.0,1019.0,8,12,336,0.0,0,289.8,2
2025-08-22 13:25:19,1,43,24.1,52,19.0,1019.0,1,12,301,0.0,0,297.9,2
2025-08-22 13:26:20,1,43,24.0,52,19.0,1019.1,1,7,284,0.0,0,272.2,2
2025-08-22 13:27:21,1,43,24.0,52,19.1,1018.9,3,7,54,0.0,0,256.4,2
2025-08-22 13:28:22,1,43,24.0,51,19.3,1018.9,0,5,345,0.0,0,239.6,2
2025-08-22 13:29:23,1,43,24.0,51,19.5,1018.9,2,9,18,0.0,0,227.7,2
2025-08-22 13:30:24,1,43,24.1,50,19.6,1019.0,6,11,13,0.0,0,229.4,2
2025-08-22 13:31:25,1,43,24.0,51,19.6,1018.9,1,11,48,0.0,0,235.2,2
2025-08-22 13:32:26,1,43,24.0,51,19.5,1018.9,6,9,29,0.0,0,236.4,2
2025-08-22 13:33:27,1,43,24.0,51,19.5,1018.8,6,9,51,0.0,0,232.2,2
2025-08-22 13:34:28,1,43,24.0,51,19.5,1019.0,0,9,23,0.0,0,232.4,2
2025-08-22 13:35:29,1,43,24.1,51,19.4,1018.8,1,7,339,0.0,0,240.0,2
2025-08-22 13:36:30,1,43,24.1,51,19.4,1018.9,4,9,328,0.0,0,240.8,2
2025-08-22 13:37:31,1,43,24.0,51,19.4,1018.9,8,14,276,0.0,0,243.0,2
2025-08-22 13:38:32,1,43,24.0,50,19.4,1018.9,15,23,281,0.0,0,245.3,2
2025-08-22 13:39:33,1,43,24.0,50,19.4,1018.7,3,11,338,0.0,0,257.8,2
2025-08-22 13:40:34,1,43,24.0,50,19.4,1018.7,3,11,8,0.0,0,257.6,2
2025-08-22 13:41:35,1,43,24.0,50,19.4,1018.8,0,5,6,0.0,0,250.1,2
2025-08-22 13:42:36,1,43,24.0,50,19.4,1018.8,2,9,330,0.0,0,221.5,2
2025-08-22 13:43:37,1,43,24.0,50,19.4,1018.8,1,9,310,0.0,0,197.7,1
2025-08-22 13:44:38,1,43,24.0,49,19.5,1018.8,6,9,294,0.0,0,170.3,1
2025-08-22 13:45:39,1,43,24.0,49,19.6,1018.8,2,9,353,0.0,0,155.2,1
2025-08-22 13:46:40,1,43,24.0,49,19.7,1019.0,11,14,311,0.0,0,149.5,1
2025-08-22 13:47:41,1,43,24.0,49,19.7,1018.7,8,16,297,0.0,0,144.1,1
2025-08-22 13:48:42,1,43,24.0,49,19.7,1018.9,3,12,337,0.0,0,136.6,1
2025-08-22 13:49:43,1,43,24.0,49,19.6,1018.9,9,14,34,0.0,0,127.5,1
2025-08-22 13:50:44,1,43,24.0,50,19.6,1018.9,2,14,330,0.0,0,121.3,1
2025-08-22 13:51:45,1,43,24.0,50,19.4,1018.9,5,9,47,0.0,0,119.9,1
2025-08-22 13:52:46,1,43,24.0,50,19.2,1018.9,1,11,61,0.0,0,129.7,1
2025-08-22 13:53:47,1,43,24.0,50,19.2,1018.9,2,11,296,0.0,0,155.9,1
2025-08-22 13:54:48,1,43,24.0,51,19.1,1018.8,3,7,20,0.0,0,181.7,1
2025-08-22 13:55:49,1,43,24.0,51,19.0,1019.0,2,7,335,0.0,0,206.8,2
2025-08-22 13:56:50,1,43,24.0,51,19.1,1018.9,4,11,315,0.0,0,226.0,2
2025-08-22 13:57:51,1,43,24.0,50,19.1,1018.8,3,11,54,0.0,0,247.8,2
2025-08-22 13:58:52,1,43,24.0,50,19.1,1018.7,5,11,313,0.0,0,268.6,2
2025-08-22 13:59:53,1,43,24.0,51,19.1,1019.0,3,7,314,0.0,0,279.3,2
2025-08-22 14:00:54,1,43,24.0,50,19.1,1019.0,5,7,342,0.0,0,289.9,2
2025-08-22 14:01:55,1,43,24.0,50,19.2,1018.8,8,12,359,0.0,0,294.2,2
2025-08-22 14:02:56,1,43,24.0,49,19.3,1018.8,6,12,324,0.0,0,299.6,2
2025-08-22 14:03:57,1,43,24.0,50,19.4,1018.8,0,11,271,0.0,0,301.8,2
2025-08-22 14:04:58,1,43,24.0,50,19.4,1018.8,1,7,337,0.0,0,303.9,2
2025-08-22 14:05:59,1,43,24.0,49,19.5,1018.7,1,7,349,0.0,0,303.4,2
2025-08-22 14:07:00,1,43,24.0,48,19.7,1018.6,6,9,285,0.0,0,304.4,2
2025-08-22 14:08:01,1,43,24.0,49,19.8,1018.6,3,9,301,0.0,0,303.5,2
2025-08-22 14:09:02,1,42,24.0,48,19.8,1018.6,10,12,354,0.0,0,301.2,2
2025-08-22 14:10:03,1,42,24.0,48,19.8,1018.6,7,14,323,0.0,0,286.9,2
2025-08-22 14:11:04,1,42,24.0,48,19.8,1018.8,4,14,292,0.0,0,270.1,2
2025-08-22 14:12:05,1,42,24.0,48,19.7,1018.8,3,11,335,0.0,0,251.7,2
2025-08-22 14:13:06,1,42,24.0,48,19.6,1018.8,7,9,310,0.0,0,244.2,2
2025-08-22 14:14:07,1,42,24.0,48,19.6,1018.7,6,9,42,0.0,0,234.1,2
2025-08-22 14:15:08,1,42,24.0,49,19.6,1018.7,0,9,21,0.0,0,228.2,2
2025-08-22 14:16:09,1,42,24.0,48,19.6,1018.7,6,11,326,0.0,0,223.5,2
2025-08-22 14:17:10,1,42,24.0,48,19.6,1018.6,2,11,14,0.0,0,212.3,2
2025-08-22 14:18:11,1,42,24.0,48,19.6,1018.7,6,9,331,0.0,0,202.1,1
2025-08-22 14:19:12,1,42,24.0,49,19.5,1018.6,0,9,313,0.0,0,198.9,1
2025-08-22 14:20:13,1,42,24.0,49,19.5,1018.7,2,7,323,0.0,0,200.7,1
2025-08-22 14:21:14,1,42,24.0,48,19.5,1018.7,5,7,336,0.0,0,204.0,1
2025-08-22 14:22:15,1,42,24.0,49,19.5,1018.6,0,7,339,0.0,0,208.6,2
2025-08-22 14:23:16,1,42,24.0,49,19.5,1018.6,2,3,325,0.0,0,213.6,2
2025-08-22 14:24:17,1,42,24.0,49,19.6,1018.6,3,5,296,0.0,0,216.4,2
2025-08-22 14:25:18,1,42,24.0,49,19.7,1018.7,0,5,287,0.0,0,218.8,2
2025-08-22 14:26:19,1,42,24.0,48,19.8,1018.6,6,11,344,0.0,0,226.1,2
2025-08-22 14:27:20,1,42,24.0,48,19.8,1018.8,0,11,1,0.0,0,236.2,2
2025-08-22 14:28:21,1,42,24.0,48,19.9,1018.6,1,5,318,0.0,0,255.7,2
2025-08-22 14:29:22,1,42,24.0,48,19.9,1018.7,3,7,317,0.0,0,277.2,2
2025-08-22 14:30:23,1,42,24.0,48,19.9,1018.7,1,7,339,0.0,0,312.7,3
2025-08-22 14:31:24,1,42,24.0,48,19.9,1018.5,9,12,268,0.0,0,345.9,3
2025-08-22 14:32:25,1,42,24.0,48,19.9,1018.6,7,14,344,0.0,0,364.2,3
2025-08-22 14:33:26,1,42,24.0,49,19.9,1018.7,1,14,356,0.0,0,372.9,3
2025-08-22 14:34:27,1,42,24.0,48,19.9,1018.5,2,9,28,0.0,0,409.4,3
2025-08-22 14:35:28,1,42,24.0,48,19.9,1018.3,2,12,305,0.0,0,331.5,3
2025-08-22 14:36:29,1,42,24.0,48,20.0,1018.6,0,12,44,0.0,0,335.8,3
2025-08-22 14:37:30,1,42,24.0,47,20.1,1018.5,3,5,15,0.0,0,495.0,4
2025-08-22 14:38:31,1,42,24.0,47,20.3,1018.4,2,5,306,0.0,0,314.7,3
2025-08-22 14:39:32,1,42,24.0,47,20.4,1018.5,3,11,2,0.0,0,284.5,2
2025-08-22 14:40:33,1,42,24.0,47,20.5,1018.5,7,11,13,0.0,0,272.4,2
2025-08-22 14:41:34,1,42,24.0,48,20.5,1018.4,8,11,342,0.0,0,273.2,2
2025-08-22 14:42:35,1,42,24.0,48,20.2,1018.7,3,14,310,0.0,0,276.8,2
2025-08-22 14:43:36,1,42,24.0,48,20.1,1018.4,3,11,20,0.0,0,278.9,2
2025-08-22 14:44:37,1,42,24.0,49,20.0,1018.6,0,9,337,0.0,0,292.1,2
2025-08-22 14:45:38,1,42,24.0,48,20.0,1018.4,2,12,42,0.0,0,280.5,2
2025-08-22 14:46:39,1,42,24.0,48,20.0,1018.6,2,7,25,0.0,0,270.4,2
2025-08-22 14:47:40,1,42,24.0,48,20.0,1018.4,1,5,350,0.0,0,272.8,2
2025-08-22 14:48:41,1,42,24.0,48,19.9,1018.5,1,5,344,0.0,0,304.7,2
2025-08-22 14:49:42,1,42,24.0,48,19.9,1018.7,4,7,313,0.0,0,276.7,2
2025-08-22 14:50:43,1,42,24.0,47,20.1,1018.5,3,9,304,0.0,0,268.8,2
2025-08-22 14:51:44,1,42,24.0,47,20.2,1018.5,7,11,320,0.0,0,268.8,2
2025-08-22 14:52:45,1,42,24.0,46,20.3,1018.7,8,14,305,0.0,0,319.8,3
2025-08-22 14:53:46,1,42,24.0,46,20.3,1018.6,6,14,18,0.0,0,389.0,3
2025-08-22 14:54:48,1,42,24.0,46,20.2,1018.6,3,12,333,0.0,0,367.3,3
2025-08-22 14:55:49,1,42,24.1,45,20.2,1018.4,1,12,306,0.0,0,263.1,2
2025-08-22 14:56:50,1,42,24.0,44,20.2,1018.6,3,12,334,0.0,0,238.4,2
2025-08-22 14:57:51,1,42,24.0,43,20.2,1018.5,3,11,331,0.0,0,216.8,2
2025-08-22 14:58:52,1,42,24.0,44,20.3,1018.5,1,9,316,0.0,0,199.6,1
2025-08-22 14:59:53,1,42,24.0,43,20.3,1018.7,8,12,305,0.0,0,193.8,1
2025-08-22 15:00:54,1,42,24.0,44,20.4,1018.7,4,12,5,0.0,0,196.3,1
2025-08-22 15:01:55,1,42,24.0,44,20.4,1018.5,5,12,328,0.0,0,210.7,2
2025-08-22 15:02:56,1,42,24.0,44,20.4,1018.7,8,11,312,0.0,0,230.2,2
2025-08-22 15:03:57,1,42,24.0,44,20.2,1018.7,5,11,333,0.0,0,262.8,2
2025-08-22 15:04:58,1,42,24.0,44,20.2,1018.5,8,14,348,0.0,0,401.4,3
2025-08-22 15:05:59,1,42,24.0,45,20.2,1018.4,9,14,304,0.0,0,400.3,3
2025-08-22 15:07:00,1,42,24.0,45,20.1,1018.6,4,11,209,0.0,0,367.0,3
2025-08-22 15:08:01,1,42,24.0,45,20.1,1018.7,4,11,353,0.0,0,244.8,2
2025-08-22 15:09:02,1,42,24.0,45,20.1,1018.7,6,9,283,0.0,0,193.1,1
2025-08-22 15:10:03,1,42,24.0,46,20.1,1018.7,3,11,347,0.0,0,175.1,1
2025-08-22 15:11:04,1,42,24.0,46,20.2,1018.7,5,11,293,0.0,0,163.4,1
2025-08-22 15:12:05,1,42,24.0,45,20.2,1018.6,5,9,308,0.0,0,147.2,1
2025-08-22 15:13:06,1,42,24.0,45,20.2,1018.4,3,7,332,0.0,0,133.1,1
2025-08-22 15:14:07,1,42,24.0,46,20.2,1018.6,3,5,26,0.0,0,120.9,1
2025-08-22 15:15:08,1,42,24.0,46,20.1,1018.6,3,9,57,0.0,0,113.4,1
2025-08-22 15:16:09,1,42,24.0,47,20.1,1018.4,10,16,32,0.0,0,111.7,1
2025-08-22 15:17:10,1,42,24.0,48,20.0,1018.8,5,16,30,0.0,0,113.8,1
2025-08-22 15:18:11,1,42,24.0,48,19.8,1018.5,1,14,10,0.0,0,123.1,1
2025-08-22 15:19:12,1,42,24.0,49,19.6,1018.6,3,14,337,0.0,0,137.7,1
2025-08-22 15:20:13,1,42,24.0,49,19.5,1018.9,0,5,341,0.0,0,159.1,1
2025-08-22 15:21:14,1,42,24.0,50,19.5,1018.8,10,18,324,0.0,0,173.4,1
2025-08-22 15:22:15,1,42,24.0,50,19.6,1018.6,11,18,313,0.0,0,190.4,1
2025-08-22 15:23:16,1,42,24.0,50,19.5,1018.7,10,16,354,0.0,0,239.6,2
2025-08-22 15:24:17,1,42,24.0,51,19.4,1018.7,7,16,313,0.0,0,293.8,2
2025-08-22 15:25:18,1,42,24.0,51,19.3,1018.7,3,16,25,0.0,0,242.9,2
2025-08-22 15:26:19,1,42,24.0,50,19.3,1018.8,6,9,313,0.0,0,210.2,2
2025-08-22 15:27:20,1,42,24.0,50,19.4,1018.8,5,9,346,0.0,0,192.8,1
2025-08-22 15:28:21,1,42,24.0,50,19.4,1018.9,6,9,272,0.0,0,168.2,1
2025-08-22 15:29:22,1,42,24.0,49,19.5,1018.8,0,12,14,0.0,0,160.8,1
2025-08-22 15:30:23,1,42,24.0,49,19.6,1018.7,1,7,357,0.0,0,156.9,1
2025-08-22 15:31:24,1,42,24.0,48,19.6,1018.7,5,7,23,0.0,0,156.7,1
2025-08-22 15:32:25,1,42,24.0,48,19.6,1018.9,1,9,354,0.0,0,158.2,1
2025-08-22 15:33:26,1,42,24.0,48,19.6,1018.7,5,9,333,0.0,0,160.8,1
2025-08-22 15:34:27,1,42,24.0,48,19.6,1018.7,4,14,345,0.0,0,165.5,1
2025-08-22 15:35:28,1,42,24.0,48,19.5,1018.8,3,14,47,0.0,0,170.3,1
2025-08-22 15:36:29,1,42,24.0,49,19.4,1018.8,5,16,41,0.0,0,175.9,1
2025-08-22 15:37:30,1,42,24.0,49,19.4,1018.8,11,16,19,0.0,0,179.5,1
2025-08-22 15:38:31,1,42,24.0,49,19.2,1018.6,6,16,4,0.0,0,183.9,1
2025-08-22 15:39:32,1,42,24.0,50,19.1,1018.8,5,11,356,0.0,0,187.6,1
2025-08-22 15:40:33,1,42,24.0,50,19.1,1018.8,8,14,29,0.0,0,192.4,1
2025-08-22 15:41:34,1,42,24.0,50,19.1,1018.6,9,14,348,0.0,0,197.6,1
2025-08-22 15:42:35,1,42,24.0,50,19.1,1018.5,5,12,6,0.0,0,198.5,1
2025-08-22 15:43:36,1,42,24.0,50,19.1,1018.5,5,14,38,0.0,0,198.6,1
2025-08-22 15:44:37,1,42,24.0,50,19.0,1018.6,4,11,297,0.0,0,195.9,1
2025-08-22 15:45:38,1,42,24.0,50,19.0,1018.6,8,12,23,0.0,0,193.2,1
2025-08-22 15:46:39,1,42,24.0,51,19.0,1018.6,10,14,329,0.0,0,190.3,1
2025-08-22 15:47:40,1,42,24.0,51,18.9,1018.8,7,14,14,0.0,0,187.1,1
2025-08-22 15:48:41,1,42,24.0,51,18.9,1018.6,0,11,60,0.0,0,184.2,1
2025-08-22 15:49:42,1,42,24.0,51,18.9,1018.6,3,7,323,0.0,0,183.8,1
2025-08-22 15:50:43,1,42,24.0,51,19.0,1018.5,4,7,358,0.0,0,185.6,1
2025-08-22 15:51:44,1,42,24.0,51,19.0,1018.5,5,9,245,0.0,0,188.3,1
2025-08-22 15:52:45,1,42,24.0,51,19.0,1018.6,4,9,321,0.0,0,190.3,1
2025-08-22 15:53:46,1,42,24.0,51,19.1,1018.5,5,12,14,0.0,0,189.9,1
2025-08-22 15:54:48,1,42,24.0,51,19.1,1018.6,2,12,317,0.0,0,188.6,1
2025-08-22 15:55:49,1,42,24.0,51,19.1,1018.7,2,11,355,0.0,0,184.7,1
2025-08-22 15:56:50,1,42,24.0,51,19.1,1018.7,4,11,27,0.0,0,181.3,1
2025-08-22 15:57:51,1,42,24.0,51,19.1,1018.6,1,9,327,0.0,0,176.3,1
2025-08-22 15:58:52,1,42,24.0,51,19.1,1018.6,2,12,22,0.0,0,171.3,1
2025-08-22 15:59:53,1,42,24.0,51,19.1,1018.6,3,12,337,0.0,0,167.7,1
2025-08-22 16:00:54,1,42,24.0,51,19.1,1018.7,1,7,56,0.0,0,163.4,1
2025-08-22 16:01:55,1,42,24.0,51,19.1,1018.6,0,7,12,0.0,0,159.8,1
2025-08-22 16:02:56,1,42,24.0,51,19.2,1018.8,5,9,297,0.0,0,157.0,1
2025-08-22 16:03:57,1,42,24.0,51,19.2,1018.7,9,14,9,0.0,0,154.8,1
2025-08-22 16:04:58,1,42,24.0,51,19.2,1018.7,11,18,339,0.0,0,153.9,1
2025-08-22 16:05:59,1,42,24.0,51,19.2,1018.6,4,18,12,0.0,0,153.0,1
2025-08-22 16:07:00,1,42,24.0,51,19.2,1018.6,3,14,27,0.0,0,153.3,1
2025-08-22 16:08:01,1,42,24.0,52,19.0,1018.7,3,14,346,0.0,0,154.6,1
2025-08-22 16:09:02,1,42,24.0,51,18.9,1018.6,8,12,21,0.0,0,155.2,1
2025-08-22 16:10:03,1,42,24.0,52,18.9,1018.6,2,12,46,0.0,0,155.5,1
2025-08-22 16:11:04,1,42,24.0,51,18.9,1018.7,2,11,357,0.0,0,155.4,1
2025-08-22 16:12:05,1,42,24.0,51,18.9,1018.5,2,11,49,0.0,0,155.6,1
2025-08-22 16:13:06,1,42,24.0,51,19.0,1018.7,3,7,315,0.0,0,154.3,1
2025-08-22 16:14:07,1,42,24.0,51,19.0,1018.6,2,11,292,0.0,0,153.3,1
2025-08-22 16:15:08,1,42,24.0,50,19.1,1018.6,3,7,3,0.0,0,152.6,1
2025-08-22 16:16:09,1,42,24.0,50,19.1,1018.4,1,7,35,0.0,0,153.0,1
2025-08-22 16:17:10,1,42,23.9,50,19.1,1018.6,5,9,41,0.0,0,149.7,1
2025-08-22 16:18:11,1,42,24.0,50,19.1,1018.6,6,11,259,0.0,0,148.8,1
2025-08-22 16:19:12,1,42,24.0,51,19.0,1018.6,5,12,303,0.0,0,150.6,1
2025-08-22 16:20:13,1,42,24.0,51,18.9,1018.6,3,12,22,0.0,0,157.7,1
2025-08-22 16:21:14,1,42,24.0,51,18.9,1018.7,4,7,339,0.0,0,146.2,1
2025-08-22 16:22:15,1,42,24.0,51,18.9,1018.7,6,12,36,0.0,0,144.0,1
2025-08-22 16:23:16,1,42,24.0,51,18.9,1018.7,6,12,1,0.0,0,144.3,1
2025-08-22 16:24:17,1,42,24.0,51,18.9,1018.7,4,12,1,0.0,0,142.1,1
2025-08-22 16:25:18,1,42,23.9,52,18.8,1018.9,9,12,320,0.0,0,140.8,1
2025-08-22 16:26:19,1,42,24.0,52,18.8,1018.6,6,12,8,0.0,0,138.4,1
2025-08-22 16:27:20,1,42,23.9,52,18.8,1018.6,6,11,307,0.0,0,137.5,1
2025-08-22 16:28:21,1,42,24.0,52,18.8,1018.8,4,16,0,0.0,0,136.2,1
2025-08-22 16:29:22,1,42,23.9,52,18.7,1018.8,4,12,15,0.0,0,135.1,1
2025-08-22 16:30:23,1,42,24.0,53,18.7,1018.8,6,12,312,0.0,0,133.6,1
2025-08-22 16:31:24,1,42,23.9,53,18.7,1018.8,4,7,269,0.0,0,131.6,1
2025-08-22 16:32:25,1,42,23.9,52,18.7,1018.7,7,11,348,0.0,0,129.3,1
2025-08-22 16:33:26,1,42,23.9,53,18.7,1018.5,7,11,343,0.0,0,125.8,1
2025-08-22 16:34:27,1,42,23.9,53,18.7,1018.8,4,16,327,0.0,0,119.3,1
2025-08-22 16:35:28,1,42,23.9,53,18.6,1018.7,2,11,15,0.0,0,110.8,1
2025-08-22 16:36:29,1,42,24.0,53,18.6,1018.7,0,11,27,0.0,0,102.5,0
2025-08-22 16:37:30,1,42,23.9,53,18.6,1018.9,1,7,10,0.0,0,95.0,0
2025-08-22 16:38:31,1,42,23.9,53,18.6,1018.9,5,11,341,0.0,0,90.4,0
2025-08-22 16:39:32,1,42,24.0,53,18.6,1018.7,12,16,312,0.0,0,85.0,0
2025-08-22 16:40:33,1,42,24.0,53,18.6,1018.7,7,16,343,0.0,0,80.3,0
2025-08-22 16:41:34,1,42,24.0,53,18.5,1018.7,2,12,31,0.0,0,75.8,0
2025-08-22 16:42:35,1,42,23.9,53,18.5,1018.7,5,12,1,0.0,0,72.6,0
2025-08-22 16:43:36,1,42,24.0,53,18.5,1018.7,5,14,359,0.0,0,71.6,0
2025-08-22 16:44:37,1,42,23.9,53,18.5,1018.6,2,9,19,0.0,0,72.3,0
2025-08-22 16:45:38,1,42,23.9,52,18.5,1018.7,10,12,345,0.0,0,74.0,0
2025-08-22 16:46:39,1,42,23.9,52,18.5,1018.6,5,12,306,0.0,0,75.5,0
2025-08-22 16:47:40,1,42,23.9,52,18.5,1018.7,4,11,9,0.0,0,76.8,0
2025-08-22 16:48:41,1,42,23.9,53,18.5,1018.9,5,12,15,0.0,0,77.5,0
2025-08-22 16:49:42,1,42,23.9,53,18.5,1018.7,6,12,305,0.0,0,77.2,0
2025-08-22 16:50:43,1,42,23.9,53,18.4,1018.8,6,9,264,0.0,0,75.8,0
2025-08-22 16:51:44,1,42,23.9,54,18.4,1018.7,2,11,342,0.0,0,73.3,0
2025-08-22 16:52:45,1,42,23.9,54,18.4,1018.7,4,11,0,0.0,0,68.9,0
2025-08-22 16:53:46,1,42,23.9,54,18.4,1018.9,7,11,343,0.0,0,62.8,0
2025-08-22 16:54:48,1,42,23.9,54,18.3,1018.9,6,12,14,0.0,0,57.5,0
2025-08-22 16:55:49,1,42,23.9,54,18.3,1018.8,6,12,30,0.0,0,51.0,0
2025-08-22 16:56:50,1,42,23.9,54,18.2,1018.8,9,12,42,0.0,0,45.4,0
2025-08-22 16:57:51,1,42,23.9,54,18.2,1018.9,6,12,2,0.0,0,40.3,0
2025-08-22 16:58:52,1,42,23.9,54,18.1,1018.9,7,12,13,0.0,0,36.0,0
2025-08-22 16:59:53,1,42,23.9,55,18.1,1018.9,7,12,357,0.0,0,33.4,0
2025-08-22 17:00:54,1,42,23.9,55,18.1,1018.8,0,12,233,0.0,0,30.6,0
2025-08-22 17:01:55,1,42,23.9,54,18.1,1018.8,2,12,324,0.0,0,28.4,0
2025-08-22 17:02:56,1,42,23.9,54,18.1,1018.7,4,11,11,0.0,0,27.0,0
2025-08-22 17:03:57,1,42,23.9,54,18.1,1018.8,8,11,299,0.0,0,26.4,0
2025-08-22 17:04:58,1,42,23.9,54,18.1,1018.8,5,11,289,0.0,0,26.3,0
2025-08-22 17:05:59,1,42,23.9,54,18.1,1019.0,5,14,345,0.0,0,26.6,0
2025-08-22 17:07:00,1,42,23.9,54,18.0,1018.9,7,14,3,0.0,0,27.1,0
2025-08-22 17:08:01,1,42,23.9,54,18.0,1018.9,6,12,37,0.0,0,27.4,0
2025-08-22 17:09:02,1,42,23.9,54,18.0,1018.9,6,12,340,0.0,0,27.3,0
2025-08-22 17:10:03,1,42,23.9,54,18.0,1018.8,3,11,31,0.0,0,27.0,0
2025-08-22 17:11:04,1,42,23.9,55,17.9,1018.7,1,11,6,0.0,0,26.7,0
2025-08-22 17:12:05,1,42,23.9,55,17.9,1018.9,5,11,335,0.0,0,26.0,0
2025-08-22 17:13:06,1,42,23.9,55,17.9,1018.9,3,11,18,0.0,0,25.1,0
2025-08-22 17:14:07,1,42,23.9,55,17.9,1018.9,2,9,28,0.0,0,24.3,0
2025-08-22 17:15:08,1,42,23.9,55,17.9,1018.9,0,5,61,0.0,0,23.2,0
2025-08-22 17:16:09,1,42,23.9,55,17.9,1018.8,0,3,357,0.0,0,22.4,0
2025-08-22 17:17:10,1,42,23.9,55,17.9,1018.7,4,12,316,0.0,0,21.3,0
2025-08-22 17:18:11,1,42,23.9,55,17.9,1018.8,7,11,13,0.0,0,20.2,0
2025-08-22 17:19:12,1,42,23.9,55,17.9,1018.7,4,11,330,0.0,0,19.1,0
2025-08-22 17:20:13,1,42,23.9,56,17.9,1018.8,2,5,332,0.0,0,18.1,0
2025-08-22 17:21:14,1,42,23.9,56,17.9,1018.9,1,5,344,0.0,0,17.3,0
2025-08-22 17:22:15,1,42,23.9,56,17.9,1018.8,0,5,263,0.0,0,16.3,0
2025-08-22 17:23:16,1,42,23.9,56,17.9,1018.9,5,11,343,0.0,0,15.6,0
2025-08-22 17:24:17,1,42,23.9,56,17.9,1018.9,3,11,328,0.0,0,15.5,0
2025-08-22 17:25:18,1,42,23.9,56,17.9,1018.9,9,14,326,0.0,0,15.7,0
2025-08-22 17:26:19,1,42,23.9,56,17.9,1018.9,2,14,2,0.0,0,16.0,0
2025-08-22 17:27:20,1,42,23.9,56,17.9,1018.9,5,11,11,0.0,0,16.4,0
2025-08-22 17:28:21,1,42,23.9,56,17.8,1018.9,4,11,6,0.0,0,16.9,0
2025-08-22 17:29:22,1,42,23.9,56,17.8,1018.8,3,11,320,0.0,0,17.4,0
2025-08-22 17:30:23,1,42,23.9,56,17.8,1018.8,2,7,285,0.0,0,17.8,0
2025-08-22 17:31:24,1,42,23.9,56,17.8,1018.9,4,9,4,0.0,0,18.4,0
2025-08-22 17:32:25,1,42,23.9,56,17.8,1018.9,7,16,350,0.0,0,18.9,0
2025-08-22 17:33:26,1,42,23.9,56,17.8,1018.8,7,16,345,0.0,0,19.4,0
2025-08-22 17:34:27,1,42,23.9,57,17.7,1018.7,7,12,312,0.0,0,19.7,0
2025-08-22 17:35:28,1,42,23.9,58,17.6,1019.0,7,18,323,0.0,0,19.9,0
2025-08-22 17:36:29,1,42,23.9,59,17.6,1018.9,6,21,26,0.0,0,20.0,0
2025-08-22 17:37:30,1,42,23.9,61,17.5,1019.1,14,20,335,0.0,0,19.2,0
2025-08-22 17:38:31,1,42,23.9,62,17.4,1019.1,12,20,327,0.0,0,18.4,0
2025-08-22 17:39:32,1,42,23.8,63,17.3,1018.9,7,18,300,0.0,0,17.8,0
2025-08-22 17:40:33,1,42,23.8,63,17.1,1018.9,7,14,348,0.0,0,17.1,0
2025-08-22 17:41:34,1,42,23.9,63,17.0,1018.9,9,12,82,0.0,0,15.8,0
2025-08-22 17:42:35,1,42,23.9,64,16.9,1019.1,4,14,334,0.0,0,14.5,0
2025-08-22 17:43:36,1,42,23.9,65,16.9,1018.9,13,20,18,0.0,0,13.5,0
2025-08-22 17:44:37,1,43,23.9,66,16.8,1019.1,9,20,338,0.0,0,12.2,0
2025-08-22 17:45:38,1,43,23.9,67,16.7,1019.1,5,14,306,0.0,0,11.1,0
2025-08-22 17:46:39,1,43,23.9,67,16.6,1019.1,3,12,313,0.0,0,10.3,0
2025-08-22 17:47:40,1,43,23.9,68,16.5,1019.0,6,11,26,0.0,0,9.7,0
2025-08-22 17:48:41,1,43,23.9,68,16.4,1019.2,2,11,28,0.0,0,9.4,0
2025-08-22 17:49:42,1,43,23.8,68,16.3,1019.1,3,9,321,0.0,0,9.0,0
2025-08-22 17:50:43,1,43,23.9,68,16.2,1019.0,7,12,6,0.0,0,8.7,0
2025-08-22 17:51:44,1,43,23.8,69,16.2,1019.0,7,12,29,0.0,0,8.4,0
2025-08-22 17:52:45,1,43,23.9,69,16.1,1019.0,2,14,146,0.0,0,8.2,0
2025-08-22 17:53:46,1,43,23.9,69,16.0,1019.1,6,12,2,0.0,0,8.2,0
2025-08-22 17:54:47,1,43,23.8,69,16.0,1019.1,9,12,10,0.0,0,8.2,0
2025-08-22 17:55:48,1,43,23.9,70,16.0,1019.3,4,12,9,0.0,0,8.1,0
2025-08-22 17:56:49,1,44,23.8,70,15.9,1019.1,9,18,51,0.0,0,8.2,0
2025-08-22 17:57:50,1,44,23.9,70,15.9,1019.0,3,18,49,0.0,0,8.3,0
2025-08-22 17:58:51,1,44,23.8,71,15.8,1019.4,9,11,354,0.0,0,8.7,0
2025-08-22 17:59:52,1,44,23.9,71,15.8,1019.1,8,12,15,0.0,0,9.1,0
2025-08-22 18:00:53,1,44,23.8,71,15.7,1019.3,4,14,26,0.0,0,9.9,0
2025-08-22 18:01:54,1,44,23.8,71,15.7,1019.0,2,14,18,0.0,0,10.9,0
2025-08-22 18:02:55,1,44,23.8,71,15.7,1019.1,2,7,20,0.0,0,11.8,0
2025-08-22 18:03:56,1,44,23.8,72,15.7,1019.1,3,5,273,0.0,0,12.4,0
2025-08-22 18:04:57,1,44,23.8,72,15.7,1019.1,3,7,344,0.0,0,12.3,0
2025-08-22 18:05:58,1,44,23.8,72,15.7,1019.0,1,7,12,0.0,0,11.8,0
2025-08-22 18:06:59,1,44,23.8,72,15.7,1019.0,2,7,11,0.0,0,10.8,0
2025-08-22 18:08:00,1,44,23.8,72,15.7,1019.1,1,7,0,0.0,0,9.8,0
2025-08-22 18:09:01,1,44,23.8,72,15.7,1019.1,2,11,339,0.0,0,9.2,0
2025-08-22 18:10:02,1,44,23.8,72,15.6,1019.1,0,11,49,0.0,0,9.0,0
2025-08-22 18:11:03,1,44,23.8,73,15.6,1019.2,1,3,294,0.0,0,8.9,0
2025-08-22 18:12:04,1,44,23.8,72,15.6,1019.1,1,7,7,0.0,0,8.8,0
2025-08-22 18:13:05,1,44,23.8,72,15.6,1019.4,2,5,318,0.0,0,8.3,0
2025-08-22 18:14:06,1,44,23.8,72,15.7,1019.0,3,7,11,0.0,0,7.6,0
2025-08-22 18:15:07,1,44,23.8,72,15.7,1019.3,0,7,349,0.0,0,7.1,0
2025-08-22 18:16:08,1,44,23.8,72,15.7,1019.2,2,5,7,0.0,0,6.9,0
2025-08-22 18:17:09,1,44,23.8,72,15.7,1019.1,3,7,19,0.0,0,6.9,0
2025-08-22 18:18:10,1,44,23.8,72,15.7,1019.2,6,9,328,0.0,0,7.0,0
2025-08-22 18:19:11,1,44,23.8,72,15.7,1019.0,0,9,320,0.0,0,7.2,0
2025-08-22 18:20:12,1,44,23.8,72,15.7,1019.2,5,11,333,0.0,0,7.1,0
2025-08-22 18:21:13,1,44,23.8,71,15.7,1019.1,1,9,355,0.0,0,6.8,0
2025-08-22 18:22:14,1,45,23.9,71,15.7,1019.1,0,7,343,0.0,0,6.3,0
2025-08-22 18:23:15,1,45,23.8,71,15.7,1019.1,0,1,337,0.0,0,5.8,0
2025-08-22 18:24:16,1,45,23.8,71,15.7,1019.0,0,1,337,0.0,0,5.2,0
2025-08-22 18:25:17,1,45,23.9,71,15.7,1019.0,1,7,352,0.0,0,4.7,0
2025-08-22 18:26:18,1,45,23.9,70,15.8,1019.1,6,7,323,0.0,0,4.4,0
2025-08-22 18:27:19,1,45,23.9,70,15.8,1019.0,2,7,327,0.0,0,4.2,0
2025-08-22 18:28:20,1,45,23.9,70,15.8,1019.0,0,5,342,0.0,0,3.9,0
2025-08-22 18:29:21,1,45,23.9,70,15.8,1019.0,2,7,325,0.0,0,3.6,0
2025-08-22 18:30:22,1,45,23.9,70,15.8,1019.1,2,7,314,0.0,0,3.3,0
2025-08-22 18:31:23,1,45,23.9,70,15.8,1019.1,0,5,331,0.0,0,3.1,0
2025-08-22 18:32:24,1,45,23.9,70,15.8,1019.0,2,3,331,0.0,0,3.0,0
2025-08-22 18:33:25,1,45,23.9,70,15.8,1019.1,0,3,331,0.0,0,3.0,0
2025-08-22 18:34:26,1,46,23.9,70,15.8,1019.0,0,1,329,0.0,0,3.0,0
2025-08-22 18:35:27,1,46,23.9,70,15.8,1019.1,0,1,329,0.0,0,3.0,0
2025-08-22 18:36:28,1,46,23.9,70,15.8,1019.1,0,1,332,0.0,0,3.1,0
2025-08-22 18:37:29,1,46,23.9,70,15.8,1019.0,0,1,328,0.0,0,3.1,0
2025-08-22 18:38:30,1,46,23.9,70,15.8,1019.0,2,3,289,0.0,0,3.0,0
2025-08-22 18:39:31,1,46,23.9,69,15.8,1019.0,3,3,257,0.0,0,2.8,0
2025-08-22 18:40:32,1,46,23.9,69,15.8,1019.0,2,3,258,0.0,0,2.6,0
2025-08-22 18:41:33,1,46,23.9,69,15.8,1018.9,0,3,258,0.0,0,2.4,0
2025-08-22 18:42:34,1,46,23.9,69,15.8,1018.9,0,1,258,0.0,0,2.4,0
2025-08-22 18:43:35,1,46,23.9,68,15.8,1018.9,1,3,304,0.0,0,2.3,0
2025-08-22 18:44:36,1,46,23.9,68,15.8,1018.9,0,3,310,0.0,0,2.2,0
2025-08-22 18:45:37,1,46,23.9,68,15.8,1018.9,0,0,310,0.0,0,2.2,0
2025-08-22 18:46:38,1,47,23.9,67,15.8,1019.1,1,1,310,0.0,0,2.2,0
2025-08-22 18:47:39,1,47,23.9,68,15.8,1019.1,0,1,310,0.0,0,2.2,0
2025-08-22 18:48:40,1,47,23.9,68,15.8,1018.8,1,1,282,0.0,0,2.2,0
2025-08-22 18:49:41,1,47,23.9,67,15.9,1018.9,1,1,275,0.0,0,2.2,0
2025-08-22 18:50:42,1,47,23.9,67,15.9,1018.9,2,5,266,0.0,0,2.1,0
2025-08-22 18:51:43,1,47,23.9,67,15.9,1018.9,0,3,265,0.0,0,1.9,0
2025-08-22 18:52:44,1,47,23.9,68,15.9,1018.8,0,0,265,0.0,0,1.8,0
2025-08-22 18:53:45,1,47,23.9,67,15.9,1019.1,1,1,265,0.0,0,1.6,0
2025-08-22 18:54:46,1,47,23.9,67,15.9,1018.9,0,1,265,0.0,0,1.5,0
2025-08-22 18:55:47,1,47,23.9,67,15.9,1018.9,0,0,265,0.0,0,1.3,0
2025-08-22 18:56:48,1,47,23.9,67,15.9,1019.0,0,0,265,0.0,0,1.2,0
2025-08-22 18:57:49,1,47,23.9,67,15.9,1019.0,1,1,265,0.0,0,1.1,0
2025-08-22 18:58:50,1,47,23.9,67,15.9,1018.9,0,1,265,0.0,0,1.0,0
2025-08-22 18:59:51,1,47,24.0,67,15.9,1019.0,0,1,265,0.0,0,0.9,0
2025-08-22 19:00:52,1,47,23.9,67,15.9,1019.0,0,1,265,0.0,0,0.8,0
2025-08-22 19:01:53,1,47,23.9,67,15.8,1018.8,0,1,265,0.0,0,0.7,0
2025-08-22 19:02:54,1,47,23.9,67,15.8,1018.8,0,1,265,0.0,0,0.6,0
2025-08-22 19:03:55,1,47,23.9,67,15.8,1019.0,1,1,238,0.0,0,0.5,0
2025-08-22 19:04:56,1,47,23.9,66,15.8,1018.8,0,1,238,0.0,0,0.5,0
2025-08-22 19:05:57,1,47,23.9,66,15.8,1018.8,0,1,238,0.0,0,0.4,0
2025-08-22 19:06:58,1,47,23.9,66,15.8,1018.8,0,0,238,0.0,0,0.3,0
2025-08-22 19:07:59,1,47,23.9,67,15.8,1018.7,0,0,238,0.0,0,0.3,0
2025-08-22 19:09:00,1,47,24.0,67,15.8,1018.9,0,0,238,0.0,0,0.2,0
2025-08-22 19:10:01,1,47,24.0,67,15.8,1018.8,0,0,238,0.0,0,0.2,0
2025-08-22 19:11:02,1,47,23.9,67,15.8,1018.9,0,0,238,0.0,0,0.2,0
2025-08-22 19:12:03,1,47,24.0,66,15.9,1018.8,0,0,238,0.0,0,0.1,0
2025-08-22 19:13:04,1,47,23.9,65,15.9,1018.8,0,1,238,0.0,0,0.1,0
2025-08-22 19:14:05,1,47,23.9,65,15.9,1018.6,0,0,238,0.0,0,0.1,0
2025-08-22 19:15:06,1,47,23.9,66,15.8,1018.9,0,0,238,0.0,0,0.1,0
2025-08-22 19:16:07,1,47,24.0,66,15.8,1018.7,0,0,238,0.0,0,0.1,0
2025-08-22 19:17:08,1,47,23.9,66,15.9,1018.8,0,0,238,0.0,0,0.1,0
2025-08-22 19:18:09,1,47,23.9,66,15.9,1018.8,0,1,238,0.0,0,0.1,0
2025-08-22 19:19:10,1,47,23.9,65,15.9,1018.8,1,3,233,0.0,0,0.0,0
2025-08-22 19:20:11,1,47,23.9,65,15.9,1018.7,0,3,243,0.0,0,0.0,0
2025-08-22 19:21:12,1,47,23.9,65,15.8,1018.7,0,1,254,0.0,0,0.0,0
2025-08-22 19:23:14,1,47,23.9,66,15.8,1018.7,1,3,245,0.0,0,0.0,0
2025-08-22 19:24:15,1,47,23.9,65,15.8,1018.6,0,1,245,0.0,0,0.0,0
2025-08-22 19:25:16,1,47,23.9,65,15.9,1018.8,0,0,245,0.0,0,0.0,0
2025-08-22 19:26:17,1,48,23.9,65,15.9,1018.7,0,0,245,0.0,0,0.0,0
2025-08-22 19:27:18,1,48,23.9,65,15.9,1018.6,0,0,245,0.0,0,0.0,0
2025-08-22 19:28:19,1,48,23.9,65,15.9,1018.7,0,0,245,0.0,0,0.0,0
2025-08-22 19:29:20,1,48,23.9,65,15.9,1018.8,0,0,245,0.0,0,0.0,0
2025-08-22 19:30:21,1,48,24.0,65,15.9,1018.7,0,0,245,0.0,0,0.0,0
2025-08-22 19:31:22,1,48,23.9,65,15.9,1018.7,0,0,245,0.0,0,0.0,0
2025-08-22 19:32:23,1,48,23.9,65,15.9,1018.7,0,0,245,0.0,0,0.0,0
2025-08-22 19:33:24,1,48,24.0,65,15.9,1018.8,0,1,245,0.0,0,0.0,0
2025-08-22 19:34:25,1,48,23.9,65,15.9,1018.8,0,1,245,0.0,0,0.0,0
2025-08-22 19:35:26,1,48,23.9,65,15.9,1018.7,0,0,245,0.0,0,0.0,0
2025-08-22 19:36:27,1,48,23.9,65,15.9,1018.7,0,0,245,0.0,0,0.0,0
2025-08-22 19:37:28,1,48,23.9,65,15.9,1018.8,0,0,245,0.0,0,0.0,0
2025-08-22 19:38:29,1,48,23.9,65,16.0,1018.8,0,0,245,0.0,0,0.0,0
2025-08-22 19:39:30,1,48,23.9,65,16.0,1019.0,0,0,245,0.0,0,0.0,0
2025-08-22 19:40:31,1,48,23.9,65,16.0,1019.0,1,1,247,0.0,0,0.0,0
2025-08-22 19:41:32,1,48,23.9,65,16.0,1018.9,1,1,225,0.0,0,0.0,0
2025-08-22 19:42:33,1,48,23.9,64,16.0,1018.9,1,3,224,0.0,0,0.0,0
2025-08-22 19:43:34,1,48,23.9,64,16.0,1018.8,2,3,250,0.0,0,0.0,0
2025-08-22 19:44:35,1,48,23.9,64,16.0,1018.9,2,3,249,0.0,0,0.0,0
2025-08-22 19:45:36,1,48,23.9,64,16.0,1018.9,3,5,254,0.0,0,0.0,0
2025-08-22 19:46:37,1,48,23.9,64,16.0,1018.6,2,5,251,0.0,0,0.0,0
2025-08-22 19:47:38,1,48,23.9,64,16.1,1018.8,1,3,233,0.0,0,0.0,0
2025-08-22 19:48:39,1,48,23.9,64,16.1,1018.7,2,3,259,0.0,0,0.0,0
2025-08-22 19:49:40,1,48,23.9,64,16.1,1018.8,0,3,262,0.0,0,0.0,0
2025-08-22 19:50:41,1,48,23.9,64,16.1,1018.7,0,1,262,0.0,0,0.0,0
2025-08-22 19:51:42,1,48,23.9,64,16.1,1018.8,0,0,260,0.0,0,0.0,0
2025-08-22 19:52:43,1,48,23.9,64,16.2,1018.7,0,1,260,0.0,0,0.0,0
2025-08-22 19:53:44,1,48,23.9,64,16.2,1018.8,1,1,256,0.0,0,0.0,0
2025-08-22 19:54:45,1,48,23.9,64,16.2,1018.7,1,1,255,0.0,0,0.0,0
2025-08-22 19:55:46,1,48,23.9,64,16.2,1018.8,2,3,223,0.0,0,0.0,0
2025-08-22 19:56:47,1,48,23.9,64,16.2,1018.7,1,5,208,0.0,0,0.0,0
2025-08-22 19:57:48,1,48,23.9,64,16.2,1018.8,3,5,204,0.0,0,0.0,0
2025-08-22 19:58:49,1,48,23.9,64,16.2,1018.8,3,5,242,0.0,0,0.0,0
2025-08-22 19:59:50,1,48,23.9,63,16.3,1018.7,4,5,231,0.0,0,0.0,0
2025-08-22 20:00:51,1,48,23.9,63,16.3,1018.8,3,5,253,0.0,0,0.0,0
2025-08-22 20:01:52,1,48,23.9,63,16.3,1018.7,3,7,246,0.0,0,0.0,0
2025-08-22 20:02:53,1,48,23.9,63,16.3,1018.7,4,7,268,0.0,0,0.0,0
2025-08-22 20:03:54,1,48,23.9,63,16.3,1018.5,3,5,235,0.0,0,0.0,0
2025-08-22 20:04:55,1,48,23.9,63,16.3,1018.6,2,5,254,0.0,0,0.0,0
2025-08-22 20:05:56,1,48,23.9,63,16.3,1018.6,5,5,199,0.0,0,0.0,0
2025-08-22 20:06:57,1,48,23.9,62,16.3,1018.7,4,5,187,0.0,0,0.0,0
2025-08-22 20:07:58,1,48,23.9,63,16.3,1018.7,2,5,254,0.0,0,0.0,0
2025-08-22 20:08:59,1,48,23.9,62,16.3,1018.7,3,5,205,0.0,0,0.0,0
2025-08-22 20:10:00,1,48,23.9,62,16.4,1018.7,2,5,231,0.0,0,0.0,0
2025-08-22 20:11:01,1,48,23.9,63,16.4,1018.6,2,3,244,0.0,0,0.0,0
2025-08-22 20:12:02,1,48,23.9,62,16.4,1018.6,2,3,238,0.0,0,0.0,0
2025-08-22 20:13:03,1,48,23.9,62,16.4,1018.8,5,7,244,0.0,0,0.0,0
2025-08-22 20:14:04,1,48,23.9,62,16.4,1018.5,3,7,252,0.0,0,0.0,0
2025-08-22 20:15:05,1,48,23.9,62,16.4,1018.6,3,7,243,0.0,0,0.0,0
2025-08-22 20:16:06,1,48,23.9,62,16.4,1018.7,4,5,238,0.0,0,0.0,0
2025-08-22 20:17:07,1,48,23.9,62,16.4,1018.4,3,5,270,0.0,0,0.0,0
2025-08-22 20:18:08,1,48,23.9,62,16.4,1018.7,5,7,246,0.0,0,0.0,0
2025-08-22 20:19:09,1,48,23.9,62,16.3,1018.7,5,7,236,0.0,0,0.0,0
2025-08-22 20:20:10,1,48,23.9,62,16.3,1018.7,2,7,224,0.0,0,0.0,0
2025-08-22 20:21:11,1,48,23.9,62,16.3,1018.5,6,7,236,0.0,0,0.0,0
2025-08-22 20:22:12,1,48,23.9,62,16.3,1018.6,4,9,257,0.0,0,0.0,0
2025-08-22 20:23:13,1,48,23.9,62,16.3,1018.6,6,7,270,0.0,0,0.0,0
2025-08-22 20:24:14,1,48,23.9,62,16.3,1018.7,2,7,215,0.0,0,0.0,0
2025-08-22 20:25:15,1,48,23.9,62,16.3,1018.5,4,7,193,0.0,0,0.0,0
2025-08-22 20:26:16,1,48,23.9,62,16.3,1018.7,2,5,236,0.0,0,0.0,0
2025-08-22 20:27:17,1,48,23.9,62,16.4,1018.6,3,5,189,0.0,0,0.0,0
2025-08-22 20:28:18,1,48,23.9,62,16.4,1018.8,3,5,257,0.0,0,0.0,0
2025-08-22 20:29:19,1,48,23.9,62,16.4,1018.5,2,7,234,0.0,0,0.0,0
2025-08-22 20:30:20,1,48,23.9,62,16.4,1018.7,3,7,244,0.0,0,0.0,0
2025-08-22 20:31:21,1,48,23.9,62,16.4,1018.5,4,9,219,0.0,0,0.0,0
2025-08-22 20:32:22,1,48,23.9,62,16.4,1018.5,3,9,237,0.0,0,0.0,0
2025-08-22 20:33:23,1,48,23.9,62,16.4,1018.6,6,9,249,0.0,0,0.0,0
2025-08-22 20:34:24,1,48,23.9,62,16.4,1018.6,5,9,246,0.0,0,0.0,0
2025-08-22 20:35:25,1,48,23.9,62,16.4,1018.6,6,9,269,0.0,0,0.0,0
2025-08-22 20:36:26,1,48,23.9,62,16.3,1018.5,4,7,226,0.0,0,0.0,0
2025-08-22 20:37:27,1,48,23.9,63,16.3,1018.4,3,5,265,0.0,0,0.0,0
2025-08-22 20:38:28,1,48,23.9,62,16.3,1018.5,3,5,200,0.0,0,0.0,0
2025-08-22 20:39:29,1,48,23.9,63,16.4,1018.6,3,5,233,0.0,0,0.0,0
2025-08-22 20:40:30,1,48,23.9,62,16.4,1018.7,6,7,243,0.0,0,0.0,0
2025-08-22 20:41:31,1,48,23.9,62,16.4,1018.5,3,9,234,0.0,0,0.0,0
2025-08-22 20:42:32,1,48,23.9,62,16.4,1018.5,4,9,222,0.0,0,0.0,0
2025-08-22 20:43:33,1,48,23.9,62,16.4,1018.7,4,11,194,0.0,0,0.0,0
2025-08-22 20:44:34,1,48,23.9,62,16.4,1018.7,5,11,248,0.0,0,0.0,0
2025-08-22 20:45:35,1,48,23.9,63,16.4,1018.6,7,11,271,0.0,0,0.0,0
2025-08-22 20:46:36,1,48,23.9,62,16.4,1018.6,5,9,214,0.0,0,0.0,0
2025-08-22 20:47:37,1,48,23.9,62,16.4,1018.6,4,7,187,0.0,0,0.0,0
2025-08-22 20:48:38,1,48,23.9,63,16.4,1018.7,3,7,237,0.0,0,0.0,0
2025-08-22 20:49:39,1,48,23.9,62,16.4,1018.6,5,9,275,0.0,0,0.0,0
2025-08-22 20:50:40,1,48,23.9,62,16.4,1018.7,8,11,252,0.0,0,0.0,0
2025-08-22 20:51:41,1,48,23.9,62,16.4,1018.6,3,11,241,0.0,0,0.0,0
2025-08-22 20:52:42,1,48,23.9,62,16.3,1018.7,5,9,249,0.0,0,0.0,0
2025-08-22 20:53:43,1,48,23.9,62,16.3,1018.8,3,7,206,0.0,0,0.0,0
2025-08-22 20:54:44,1,48,23.9,62,16.3,1018.5,2,5,227,0.0,0,0.0,0
2025-08-22 20:55:45,1,48,23.9,62,16.3,1018.5,4,7,254,0.0,0,0.0,0
2025-08-22 20:56:46,1,48,23.9,62,16.3,1018.5,3,7,214,0.0,0,0.0,0
2025-08-22 20:57:47,1,48,23.9,63,16.3,1018.5,5,7,260,0.0,0,0.0,0
2025-08-22 20:58:48,1,48,23.9,62,16.3,1018.5,4,7,233,0.0,0,0.0,0
2025-08-22 20:59:49,1,48,23.9,62,16.3,1018.6,3,7,219,0.0,0,0.0,0
2025-08-22 21:00:50,1,48,23.9,62,16.3,1018.4,8,9,246,0.0,0,0.0,0
2025-08-22 21:01:51,1,48,23.9,63,16.3,1018.5,4,9,239,0.0,0,0.0,0
2025-08-22 21:02:52,1,48,23.9,63,16.3,1018.5,6,7,256,0.0,0,0.0,0
2025-08-22 21:03:53,1,48,23.9,63,16.3,1018.5,5,7,269,0.0,0,0.0,0
2025-08-22 21:04:54,1,48,23.9,63,16.3,1018.6,5,9,245,0.0,0,0.0,0
2025-08-22 21:05:55,1,48,23.9,63,16.3,1018.6,7,9,233,0.0,0,0.0,0
2025-08-22 21:06:56,1,48,23.9,63,16.3,1018.4,6,9,236,0.0,0,0.0,0
2025-08-22 21:07:57,1,48,23.9,63,16.2,1018.5,6,9,214,0.0,0,0.0,0
2025-08-22 21:08:58,1,48,23.9,63,16.2,1018.5,5,9,256,0.0,0,0.0,0
2025-08-22 21:09:59,1,48,23.9,63,16.2,1018.5,4,9,233,0.0,0,0.0,0
2025-08-22 21:11:00,1,48,23.9,63,16.2,1018.5,5,9,264,0.0,0,0.0,0
2025-08-22 21:12:01,1,48,23.9,63,16.2,1018.4,10,11,233,0.0,0,0.0,0
2025-08-22 21:13:02,1,48,23.9,64,16.2,1018.5,5,11,224,0.0,0,0.0,0
2025-08-22 21:14:03,1,48,23.9,64,16.2,1018.6,6,12,235,0.0,0,0.0,0
2025-08-22 21:15:04,1,48,23.9,64,16.2,1018.6,5,12,225,0.0,0,0.0,0
2025-08-22 21:16:05,1,48,23.9,64,16.2,1018.4,6,11,247,0.0,0,0.0,0
2025-08-22 21:17:06,1,48,23.9,64,16.2,1018.6,5,11,245,0.0,0,0.0,0
2025-08-22 21:18:07,1,48,23.9,64,16.2,1018.5,5,11,250,0.0,0,0.0,0
2025-08-22 21:19:08,1,48,23.9,64,16.2,1018.6,6,9,199,0.0,0,0.0,0
2025-08-22 21:20:09,1,48,23.9,64,16.2,1018.4,6,9,233,0.0,0,0.0,0
2025-08-22 21:21:10,1,48,23.9,64,16.2,1018.4,6,9,237,0.0,0,0.0,0
2025-08-22 21:22:11,1,48,23.9,64,16.2,1018.4,7,9,248,0.0,0,0.0,0
2025-08-22 21:23:12,1,48,23.9,64,16.2,1018.3,6,9,266,0.0,0,0.0,0
2025-08-22 21:24:13,1,48,23.9,64,16.1,1018.5,5,11,234,0.0,0,0.0,0
2025-08-22 21:25:14,1,48,23.9,64,16.1,1018.4,6,9,183,0.0,0,0.0,0
2025-08-22 21:26:15,1,48,23.9,64,16.1,1018.6,5,9,186,0.0,0,0.0,0
2025-08-22 21:27:16,1,48,23.9,64,16.1,1018.5,3,9,211,0.0,0,0.0,0
2025-08-22 21:28:17,1,48,23.9,64,16.1,1018.5,3,9,188,0.0,0,0.0,0
2025-08-22 21:29:18,1,48,23.9,65,16.1,1018.3,3,9,244,0.0,0,0.0,0
2025-08-22 21:30:19,1,48,23.9,65,16.1,1018.3,3,7,213,0.0,0,0.0,0
2025-08-22 21:31:20,1,48,23.9,65,16.1,1018.4,5,9,234,0.0,0,0.0,0
2025-08-22 21:32:21,1,48,23.9,65,16.2,1018.5,5,9,207,0.0,0,0.0,0
2025-08-22 21:33:22,1,48,23.9,65,16.2,1018.2,8,9,251,0.0,0,0.0,0
2025-08-22 21:34:23,1,48,23.9,65,16.1,1018.3,5,9,253,0.0,0,0.0,0
2025-08-22 21:35:24,1,48,23.9,65,16.1,1018.4,3,11,227,0.0,0,0.0,0
2025-08-22 21:36:25,1,48,23.9,65,16.1,1018.3,6,11,246,0.0,0,0.0,0
2025-08-22 21:37:26,1,48,23.9,65,16.1,1018.3,5,9,259,0.0,0,0.0,0
2025-08-22 21:38:27,1,48,23.9,66,16.1,1018.3,3,9,209,0.0,0,0.0,0
2025-08-22 21:39:28,1,48,23.9,66,16.1,1018.1,4,7,223,0.0,0,0.0,0
2025-08-22 21:40:29,1,48,23.9,66,16.1,1018.2,2,5,223,0.0,0,0.0,0
2025-08-22 21:41:30,1,48,23.9,66,16.1,1018.3,5,7,245,0.0,0,0.0,0
2025-08-22 21:42:31,1,48,23.9,66,16.1,1018.3,3,9,214,0.0,0,0.0,0
2025-08-22 21:43:32,1,48,23.9,66,16.1,1018.3,3,7,210,0.0,0,0.0,0
2025-08-22 21:44:33,1,48,23.9,66,16.1,1018.3,2,7,212,0.0,0,0.0,0
2025-08-22 21:45:34,1,48,23.9,66,16.1,1018.3,7,7,244,0.0,0,0.0,0
2025-08-22 21:46:35,1,48,23.9,66,16.1,1018.3,3,7,254,0.0,0,0.0,0
2025-08-22 21:47:36,1,48,23.9,66,16.1,1018.4,3,7,192,0.0,0,0.0,0
2025-08-22 21:48:37,1,48,23.9,66,16.1,1018.4,3,7,259,0.0,0,0.0,0
2025-08-22 21:49:38,1,48,23.9,66,16.1,1018.4,7,11,258,0.0,0,0.0,0
2025-08-22 21:50:39,1,48,23.9,66,16.1,1018.4,3,11,253,0.0,0,0.0,0
2025-08-22 21:51:40,1,48,23.9,66,16.1,1018.4,6,9,222,0.0,0,0.0,0
2025-08-22 21:52:41,1,48,23.9,66,16.2,1018.4,4,7,231,0.0,0,0.0,0
2025-08-22 21:53:42,1,48,23.9,66,16.2,1018.4,5,7,254,0.0,0,0.0,0
2025-08-22 21:54:44,1,48,23.9,66,16.2,1018.3,8,12,233,0.0,0,0.0,0
2025-08-22 21:55:45,1,48,23.9,65,16.2,1018.4,8,14,273,0.0,0,0.0,0
2025-08-22 21:56:46,1,48,23.9,65,16.2,1018.5,2,14,250,0.0,0,0.0,0
2025-08-22 21:57:47,1,48,23.9,65,16.2,1018.4,3,11,257,0.0,0,0.0,0
2025-08-22 21:58:48,1,48,23.9,65,16.2,1018.4,2,5,242,0.0,0,0.0,0
2025-08-22 21:59:49,1,48,23.9,65,16.3,1018.4,3,5,240,0.0,0,0.0,0
2025-08-22 22:00:50,1,48,23.9,65,16.3,1018.4,5,9,264,0.0,0,0.0,0
2025-08-22 22:01:51,1,48,23.9,65,16.3,1018.5,5,9,256,0.0,0,0.0,0
2025-08-22 22:02:52,1,48,23.9,65,16.3,1018.3,6,9,250,0.0,0,0.0,0
2025-08-22 22:03:53,1,48,23.9,65,16.3,1018.4,4,9,283,0.0,0,0.0,0
2025-08-22 22:04:54,1,48,23.9,65,16.3,1018.3,3,9,237,0.0,0,0.0,0
2025-08-22 22:05:55,1,48,23.9,65,16.3,1018.4,5,7,278,0.0,0,0.0,0
2025-08-22 22:06:56,1,48,23.9,65,16.3,1018.3,9,12,271,0.0,0,0.0,0
2025-08-22 22:07:57,1,48,23.9,65,16.3,1018.5,6,12,243,0.0,0,0.0,0
2025-08-22 22:08:58,1,48,23.9,65,16.3,1018.4,6,9,240,0.0,0,0.0,0
2025-08-22 22:09:59,1,48,23.9,65,16.4,1018.4,5,9,260,0.0,0,0.0,0
2025-08-22 22:11:00,1,48,23.9,65,16.4,1018.4,9,11,255,0.0,0,0.0,0
2025-08-22 22:12:01,1,48,23.9,65,16.4,1018.3,7,12,233,0.0,0,0.0,0
2025-08-22 22:13:02,1,48,23.9,65,16.4,1018.3,7,11,284,0.0,0,0.0,0
2025-08-22 22:14:03,1,48,23.9,65,16.4,1018.2,4,11,230,0.0,0,0.0,0
2025-08-22 22:15:04,1,48,23.9,65,16.4,1018.4,7,9,264,0.0,0,0.0,0
2025-08-22 22:16:05,1,48,23.9,65,16.4,1018.3,5,9,291,0.0,0,0.0,0
2025-08-22 22:17:06,1,48,23.9,64,16.4,1018.4,12,14,254,0.0,0,0.0,0
2025-08-22 22:18:07,1,48,23.9,64,16.4,1018.3,7,14,216,0.0,0,0.0,0
2025-08-22 22:19:08,1,48,23.9,64,16.4,1018.4,7,11,253,0.0,0,0.0,0
2025-08-22 22:20:09,1,48,23.9,64,16.5,1018.4,5,11,244,0.0,0,0.0,0
2025-08-22 22:21:10,1,48,23.9,64,16.5,1018.4,6,12,215,0.0,0,0.0,0
2025-08-22 22:22:11,1,48,23.9,64,16.5,1018.4,10,14,250,0.0,0,0.0,0
2025-08-22 22:23:12,1,48,23.8,64,16.5,1018.3,8,14,241,0.0,0,0.0,0
2025-08-22 22:24:13,1,48,23.9,64,16.5,1018.2,6,11,251,0.0,0,0.0,0
2025-08-22 22:25:14,1,48,23.8,64,16.5,1018.2,9,11,244,0.0,0,0.0,0
2025-08-22 22:26:15,1,48,23.9,64,16.5,1018.3,6,12,257,0.0,0,0.0,0
2025-08-22 22:27:16,1,48,23.9,64,16.5,1018.3,3,12,266,0.0,0,0.0,0
2025-08-22 22:28:17,1,48,23.9,64,16.5,1018.1,6,9,261,0.0,0,0.0,0
2025-08-22 22:29:18,1,48,23.9,65,16.5,1018.4,6,14,240,0.0,0,0.0,0
2025-08-22 22:30:19,1,48,23.9,65,16.4,1018.3,6,12,257,0.0,0,0.0,0
2025-08-22 22:31:20,1,48,23.9,65,16.4,1018.3,6,7,284,0.0,0,0.0,0
2025-08-22 22:32:21,1,48,23.9,65,16.4,1018.1,7,9,244,0.0,0,0.0,0
2025-08-22 22:33:22,1,48,23.8,65,16.4,1018.3,6,9,248,0.0,0,0.0,0
2025-08-22 22:34:23,1,48,23.9,65,16.4,1018.2,10,14,242,0.0,0,0.0,0
2025-08-22 22:35:24,1,48,23.8,65,16.4,1018.2,6,14,248,0.0,0,0.0,0
2025-08-22 22:36:25,1,48,23.9,65,16.4,1018.2,8,14,241,0.0,0,0.0,0
2025-08-22 22:37:26,1,48,23.9,65,16.4,1018.1,5,14,215,0.0,0,0.0,0
2025-08-22 22:38:27,1,48,23.9,65,16.4,1018.1,8,11,217,0.0,0,0.0,0
2025-08-22 22:39:28,1,48,23.8,66,16.3,1018.2,7,11,249,0.0,0,0.0,0
2025-08-22 22:40:29,1,48,23.8,66,16.3,1018.2,3,11,220,0.0,0,0.0,0
2025-08-22 22:41:30,1,48,23.8,66,16.3,1018.0,9,11,265,0.0,0,0.0,0
2025-08-22 22:42:31,1,48,23.8,66,16.3,1018.0,9,12,260,0.0,0,0.0,0
2025-08-22 22:43:32,1,48,23.9,66,16.3,1018.0,7,11,246,0.0,0,0.0,0
2025-08-22 22:44:33,1,48,23.9,66,16.3,1018.0,8,12,229,0.0,0,0.0,0
2025-08-22 22:45:34,1,48,23.9,66,16.3,1018.1,6,12,230,0.0,0,0.0,0
2025-08-22 22:46:35,1,48,23.9,66,16.3,1018.0,6,9,212,0.0,0,0.0,0
2025-08-22 22:47:36,1,48,23.8,66,16.3,1018.0,8,9,251,0.0,0,0.0,0
2025-08-22 22:48:37,1,48,23.8,66,16.3,1018.1,9,12,240,0.0,0,0.0,0
2025-08-22 22:49:38,1,48,23.9,66,16.2,1018.0,7,11,248,0.0,0,0.0,0
2025-08-22 22:50:39,1,48,23.8,66,16.2,1018.0,6,9,238,0.0,0,0.0,0
2025-08-22 22:51:40,1,48,23.8,66,16.2,1017.9,6,11,230,0.0,0,0.0,0
2025-08-22 22:52:41,1,48,23.8,66,16.2,1018.0,7,11,247,0.0,0,0.0,0
2025-08-22 22:53:42,1,48,23.8,66,16.2,1018.1,3,9,206,0.0,0,0.0,0
2025-08-22 22:54:43,1,48,23.8,66,16.2,1018.0,6,9,232,0.0,0,0.0,0
2025-08-22 22:55:44,1,48,23.8,66,16.2,1018.1,7,11,264,0.0,0,0.0,0
2025-08-22 22:56:45,1,48,23.8,66,16.2,1018.1,9,14,258,0.0,0,0.0,0
2025-08-22 22:57:46,1,48,23.8,66,16.1,1018.0,11,14,248,0.0,0,0.0,0
2025-08-22 22:58:47,1,48,23.8,66,16.2,1018.0,5,14,194,0.0,0,0.0,0
2025-08-22 22:59:48,1,48,23.8,66,16.2,1018.0,6,7,231,0.0,0,0.0,0
2025-08-22 23:00:49,1,48,23.8,67,16.1,1018.0,6,7,205,0.0,0,0.0,0
2025-08-22 23:01:50,1,48,23.9,67,16.1,1018.0,5,9,210,0.0,0,0.0,0
2025-08-22 23:02:51,1,48,23.8,67,16.1,1018.1,5,9,254,0.0,0,0.0,0
2025-08-22 23:03:52,1,48,23.8,67,16.1,1017.9,5,9,232,0.0,0,0.0,0
2025-08-22 23:04:53,1,48,23.9,67,16.1,1017.9,6,9,236,0.0,0,0.0,0
2025-08-22 23:05:54,1,48,23.8,67,16.1,1018.1,10,12,256,0.0,0,0.0,0
2025-08-22 23:06:55,1,48,23.8,67,16.0,1017.9,6,12,250,0.0,0,0.0,0
2025-08-22 23:07:56,1,48,23.9,67,16.0,1017.9,4,7,231,0.0,0,0.0,0
2025-08-22 23:08:57,1,48,23.8,67,16.0,1018.1,4,5,268,0.0,0,0.0,0
2025-08-22 23:09:58,1,48,23.9,67,16.0,1018.2,4,5,238,0.0,0,0.0,0
2025-08-22 23:10:59,1,48,23.8,67,16.0,1017.9,6,14,188,0.0,0,0.0,0
2025-08-22 23:12:00,1,48,23.8,67,16.0,1017.9,6,14,236,0.0,0,0.0,0
2025-08-22 23:13:01,1,48,23.8,67,16.0,1018.0,8,11,271,0.0,0,0.0,0
2025-08-22 23:14:02,1,48,23.8,67,16.0,1017.9,3,11,247,0.0,0,0.0,0
2025-08-22 23:15:03,1,48,23.8,67,16.0,1017.9,3,7,214,0.0,0,0.0,0
2025-08-22 23:16:04,1,48,23.9,67,16.0,1017.9,4,7,233,0.0,0,0.0,0
2025-08-22 23:17:05,1,48,23.8,67,16.0,1018.0,6,7,237,0.0,0,0.0,0
2025-08-22 23:18:06,1,48,23.8,67,15.9,1017.9,6,11,200,0.0,0,0.0,0
2025-08-22 23:19:07,1,48,23.9,67,15.9,1017.8,4,11,204,0.0,0,0.0,0
2025-08-22 23:20:08,1,48,23.8,68,15.9,1017.9,5,5,227,0.0,0,0.0,0
2025-08-22 23:21:09,1,48,23.8,68,15.8,1018.0,5,9,232,0.0,0,0.0,0
2025-08-22 23:22:10,1,48,23.8,68,15.8,1017.9,5,9,218,0.0,0,0.0,0
2025-08-22 23:23:11,1,48,23.8,68,15.8,1017.9,3,7,201,0.0,0,0.0,0
2025-08-22 23:24:12,1,48,23.8,68,15.8,1017.8,5,9,195,0.0,0,0.0,0
2025-08-22 23:25:13,1,48,23.8,68,15.9,1017.8,5,9,235,0.0,0,0.0,0
2025-08-22 23:26:14,1,48,23.8,68,15.9,1018.0,5,9,231,0.0,0,0.0,0
2025-08-22 23:27:15,1,48,23.8,67,15.9,1018.0,4,7,239,0.0,0,0.0,0
2025-08-22 23:28:16,1,48,23.8,67,15.9,1017.9,3,9,235,0.0,0,0.0,0
2025-08-22 23:29:17,1,48,23.8,67,15.9,1018.0,5,9,217,0.0,0,0.0,0
2025-08-22 23:30:18,1,48,23.8,67,15.9,1017.8,8,14,221,0.0,0,0.0,0
2025-08-22 23:31:19,1,49,23.9,67,15.9,1017.7,9,14,202,0.0,0,0.0,0
2025-08-22 23:32:20,1,48,23.8,67,15.9,1017.7,3,12,229,0.0,0,0.0,0
2025-08-22 23:33:21,1,48,23.8,67,16.0,1017.9,7,11,221,0.0,0,0.0,0
2025-08-22 23:34:22,1,48,23.9,67,16.0,1017.9,6,9,268,0.0,0,0.0,0
2025-08-22 23:35:23,1,48,23.8,67,16.0,1017.8,7,9,234,0.0,0,0.0,0
2025-08-22 23:36:24,1,49,23.8,67,16.0,1018.0,9,12,285,0.0,0,0.0,0
2025-08-22 23:37:25,1,48,23.8,66,16.0,1017.9,7,12,291,0.0,0,0.0,0
2025-08-22 23:38:26,1,48,23.8,66,16.0,1017.9,4,9,280,0.0,0,0.0,0
2025-08-22 23:39:27,1,49,23.8,66,16.1,1017.8,6,9,248,0.0,0,0.0,0
2025-08-22 23:40:28,1,48,23.8,66,16.1,1017.6,2,9,232,0.0,0,0.0,0
2025-08-22 23:41:29,1,48,23.8,66,16.1,1017.8,7,11,230,0.0,0,0.0,0
2025-08-22 23:42:30,1,48,23.8,66,16.1,1017.7,6,11,278,0.0,0,0.0,0
2025-08-22 23:43:31,1,48,23.8,66,16.1,1017.8,12,14,248,0.0,0,0.0,0
2025-08-22 23:44:32,1,48,23.8,66,16.1,1017.8,14,18,257,0.0,0,0.0,0
2025-08-22 23:45:33,1,48,23.8,66,16.1,1017.7,10,18,275,0.0,0,0.0,0
2025-08-22 23:46:34,1,48,23.8,66,16.2,1017.7,8,14,258,0.0,0,0.0,0
2025-08-22 23:47:35,1,48,23.8,66,16.2,1017.9,8,12,228,0.0,0,0.0,0
2025-08-22 23:48:36,1,48,23.8,66,16.2,1017.7,12,14,254,0.0,0,0.0,0
2025-08-22 23:49:37,1,48,23.8,66,16.2,1017.7,7,12,242,0.0,0,0.0,0
2025-08-22 23:50:38,1,48,23.8,66,16.2,1017.6,3,9,269,0.0,0,0.0,0
2025-08-22 23:51:39,1,48,23.8,66,16.2,1017.7,11,12,259,0.0,0,0.0,0
2025-08-22 23:52:40,1,48,23.8,66,16.2,1017.8,6,12,257,0.0,0,0.0,0
2025-08-22 23:53:41,1,48,23.8,66,16.2,1017.6,9,12,261,0.0,0,0.0,0
2025-08-22 23:54:42,1,48,23.8,66,16.2,1017.7,5,12,270,0.0,0,0.0,0
2025-08-22 23:55:43,1,48,23.8,66,16.2,1017.8,5,11,230,0.0,0,0.0,0
2025-08-22 23:56:44,1,48,23.8,66,16.2,1017.8,7,11,270,0.0,0,0.0,0
2025-08-22 23:57:45,1,48,23.8,66,16.2,1017.6,6,9,243,0.0,0,0.0,0
2025-08-22 23:58:46,1,48,23.8,66,16.2,1017.6,5,9,241,0.0,0,0.0,0
2025-08-22 23:59:47,1,48,23.8,66,16.2,1017.6,8,11,268,0.0,0,0.0,0
