2018-11-22 00:03:00,5,56,18.6,81,3.7,1027.2,0.7,1.7,0,336.9,0
2018-11-22 00:08:00,5,56,18.6,81,3.7,1027.3,1.0,1.4,3,336.9,0
2018-11-22 00:13:00,5,56,18.5,81,3.7,1027.2,0.3,1.4,2,336.9,0
2018-11-22 00:18:00,5,56,18.5,81,3.7,1027.3,1.0,1.7,2,336.9,0
2018-11-22 00:23:00,5,55,18.4,81,3.7,1027.3,0.0,0.7,2,336.9,0
2018-11-22 00:28:00,5,55,18.4,80,3.7,1027.4,0.3,1.0,4,336.9,0
2018-11-22 00:33:00,5,55,18.4,80,3.7,1027.5,0.3,1.0,0,336.9,0
2018-11-22 00:38:00,5,55,18.3,80,3.7,1027.5,0.3,1.4,0,336.9,0
2018-11-22 00:43:00,5,55,18.3,80,3.7,1027.6,0.7,2.0,0,336.9,0
2018-11-22 00:48:00,5,55,18.2,80,3.7,1027.6,0.3,2.0,12,336.9,0
2018-11-22 00:53:00,5,55,18.2,80,3.7,1027.7,1.0,1.4,0,336.9,0
2018-11-22 00:58:00,5,55,18.1,80,3.7,1027.8,0.3,1.0,4,336.9,0
2018-11-22 01:03:00,5,55,18.1,80,3.7,1027.7,0.7,1.4,2,336.9,0
2018-11-22 01:08:00,5,55,18.1,80,3.7,1027.8,0.7,1.4,2,336.9,0
2018-11-22 01:13:00,5,55,18.0,80,3.5,1027.7,0.7,1.0,4,336.9,0
2018-11-22 01:18:00,5,55,18.0,80,3.5,1027.8,1.0,2.0,6,336.9,0
2018-11-22 01:23:00,5,55,18.0,80,3.5,1027.9,0.7,1.0,11,336.9,0
2018-11-22 01:28:00,5,55,18.0,80,3.5,1027.8,1.0,1.4,0,336.9,0
2018-11-22 01:33:00,5,55,18.0,79,3.5,1027.7,1.4,2.0,8,336.9,0
2018-11-22 01:38:00,5,55,18.0,79,3.5,1027.8,0.7,1.0,2,336.9,0
2018-11-22 01:43:00,5,55,18.0,79,3.5,1027.8,0.7,1.0,6,336.9,0
2018-11-22 01:48:00,5,54,17.9,79,3.5,1027.8,0.0,0.7,4,336.9,0
2018-11-22 01:53:00,5,54,17.9,79,3.5,1027.7,0.3,1.0,2,336.9,0
2018-11-22 01:58:00,5,54,17.9,78,3.5,1027.7,0.7,1.4,14,336.9,0
2018-11-22 02:03:00,5,54,17.9,78,3.5,1027.7,0.7,1.0,1,336.9,0
2018-11-22 02:08:00,5,54,17.9,78,3.5,1027.6,0.3,0.7,0,336.9,0
2018-11-22 02:13:00,5,54,17.9,78,3.5,1027.6,0.0,0.0,8,336.9,0
2018-11-22 02:18:00,5,54,17.9,78,3.5,1027.7,0.0,0.0,10,336.9,0
2018-11-22 02:23:00,5,54,17.9,78,3.5,1027.7,0.7,1.0,14,336.9,0
2018-11-22 02:28:00,5,54,17.9,78,3.5,1027.8,0.0,0.7,0,336.9,0
2018-11-22 02:33:00,5,54,17.9,78,3.7,1027.6,0.3,1.0,4,336.9,0
2018-11-22 02:38:00,5,54,17.9,78,3.7,1027.8,0.7,1.4,14,336.9,0
2018-11-22 02:43:00,5,54,18.0,78,3.7,1027.8,1.0,1.7,10,336.9,0
2018-11-22 02:48:00,5,54,18.0,78,3.7,1027.7,1.0,2.0,6,336.9,0
2018-11-22 02:53:00,5,54,18.0,78,3.7,1027.6,0.3,0.7,0,336.9,0
2018-11-22 02:58:00,5,54,18.0,77,3.7,1027.5,0.7,1.7,2,336.9,0
2018-11-22 03:03:00,5,54,18.0,77,3.7,1027.6,0.0,0.3,6,336.9,0
2018-11-22 03:08:00,5,54,18.0,77,3.7,1027.5,0.0,0.3,2,336.9,0
2018-11-22 03:13:00,5,54,18.0,77,3.7,1027.5,0.3,0.7,2,336.9,0
2018-11-22 03:18:00,5,54,18.0,77,3.7,1027.5,0.3,1.0,0,336.9,0
2018-11-22 03:23:00,5,54,18.0,77,3.7,1027.5,1.0,1.7,10,336.9,0
2018-11-22 03:28:00,5,54,18.0,78,3.7,1027.6,0.0,0.7,0,336.9,0
2018-11-22 03:33:00,5,54,18.0,78,3.7,1027.7,0.0,0.0,4,336.9,0
2018-11-22 03:38:00,5,54,18.0,78,3.7,1027.5,0.7,1.4,0,336.9,0
2018-11-22 03:43:00,5,54,18.0,78,3.7,1027.6,0.3,0.7,6,336.9,0
2018-11-22 03:48:00,5,54,18.0,78,3.7,1027.4,0.3,0.7,10,336.9,0
2018-11-22 03:53:00,5,54,18.0,78,3.7,1027.4,0.7,1.4,4,336.9,0
2018-11-22 03:58:00,5,54,18.1,78,3.7,1027.5,0.3,0.7,6,336.9,0
2018-11-22 04:03:00,5,54,18.1,78,3.7,1027.3,0.0,0.3,5,336.9,0
2018-11-22 04:08:00,5,54,18.1,78,3.5,1027.5,0.7,1.0,6,336.9,0
2018-11-22 04:13:00,5,54,18.1,78,3.5,1027.4,0.0,0.7,2,336.9,0
2018-11-22 04:18:00,5,54,18.1,78,3.5,1027.3,0.3,0.7,10,336.9,0
2018-11-22 04:23:00,5,54,18.3,79,3.5,1027.2,0.3,1.4,4,336.9,0
2018-11-22 04:28:00,5,54,18.5,79,3.5,1027.0,0.7,1.7,10,336.9,0
2018-11-22 04:33:00,5,53,18.8,79,3.5,1026.6,0.7,1.4,6,336.9,0
2018-11-22 04:38:00,5,52,19.1,79,3.5,1026.3,0.7,1.0,2,336.9,0
2018-11-22 04:43:00,5,52,19.6,80,3.5,1026.0,0.0,0.0,8,336.9,0
2018-11-22 04:48:00,5,51,19.8,80,3.5,1025.7,0.0,0.7,4,336.9,0
2018-11-22 04:53:00,5,50,20.1,80,3.5,1025.5,0.7,1.4,0,336.9,0
2018-11-22 04:58:00,5,50,20.3,80,3.5,1025.3,0.3,1.0,4,336.9,0
2018-11-22 05:03:00,5,49,20.4,80,3.7,1025.1,0.0,0.7,14,336.9,0
2018-11-22 05:08:00,5,48,20.5,80,3.7,1025.0,0.7,1.4,4,336.9,0
2018-11-22 05:13:00,5,48,20.5,80,3.7,1024.9,0.3,1.0,6,336.9,0
2018-11-22 05:18:00,5,48,20.5,80,3.7,1024.9,0.3,1.4,8,336.9,0
2018-11-22 05:23:00,5,48,20.5,80,3.7,1024.8,0.0,0.0,13,336.9,0
2018-11-22 05:28:00,5,48,20.5,80,3.7,1025.0,0.3,0.7,2,336.9,0
2018-11-22 05:33:00,5,48,20.4,80,3.7,1025.1,0.7,1.0,12,336.9,0
2018-11-22 05:38:00,5,49,20.3,81,3.7,1025.1,0.0,0.0,0,336.9,0
2018-11-22 05:43:00,5,49,20.3,81,3.7,1025.1,0.3,0.7,4,336.9,0
2018-11-22 05:48:00,5,49,20.2,81,3.7,1025.2,0.3,0.7,14,336.9,0
2018-11-22 05:53:00,5,49,20.1,81,3.7,1025.3,0.7,1.7,6,336.9,0
2018-11-22 05:58:00,5,49,20.0,81,3.7,1025.6,0.7,1.7,2,336.9,0
2018-11-22 06:03:00,5,51,19.8,81,3.7,1025.7,1.0,2.0,2,336.9,0
2018-11-22 06:08:00,5,51,19.7,81,3.7,1025.6,0.7,1.4,4,336.9,0
2018-11-22 06:13:00,5,51,19.7,81,3.7,1025.8,0.3,1.4,0,336.9,0
2018-11-22 06:18:00,5,51,19.6,81,3.5,1026.0,0.3,1.4,12,336.9,0
2018-11-22 06:23:00,5,51,19.6,81,3.5,1025.8,0.7,1.4,12,336.9,0
2018-11-22 06:28:00,5,51,19.8,81,3.5,1025.7,0.0,1.0,7,336.9,0
2018-11-22 06:33:00,5,50,20.0,81,3.5,1025.6,0.7,1.0,9,336.9,0
2018-11-22 06:38:00,5,50,20.2,82,3.5,1025.4,0.7,1.4,4,336.9,0
2018-11-22 06:43:00,5,50,20.5,82,3.5,1025.1,0.0,0.3,6,336.9,0
2018-11-22 06:48:00,5,50,20.7,82,3.5,1024.9,0.0,0.7,10,336.9,0
2018-11-22 06:53:00,5,50,20.9,82,3.5,1024.8,0.0,0.7,2,336.9,0
2018-11-22 06:58:00,5,49,21.1,82,3.5,1024.6,0.0,0.0,12,336.9,0
2018-11-22 07:03:00,5,49,21.2,82,3.5,1024.4,0.3,1.4,4,336.9,0
2018-11-22 07:08:00,5,49,21.3,82,3.5,1024.3,0.3,0.7,6,336.9,0
2018-11-22 07:13:00,5,49,21.3,82,3.5,1024.3,0.7,1.0,4,336.9,0
2018-11-22 07:18:00,5,48,21.4,82,3.5,1024.3,0.0,1.0,10,336.9,0
2018-11-22 07:23:00,5,47,21.3,82,3.5,1024.3,0.7,1.4,10,336.9,0
2018-11-22 07:28:00,5,47,21.3,82,3.5,1024.5,0.3,0.7,6,336.9,0
2018-11-22 07:33:00,5,46,21.2,82,3.5,1024.5,0.7,1.7,0,336.9,0
2018-11-22 07:38:00,5,46,21.1,82,3.5,1024.7,0.7,1.4,14,336.9,0
2018-11-22 07:43:00,5,46,21.0,82,3.5,1025.0,0.3,0.7,8,336.9,0
2018-11-22 07:48:00,5,48,20.8,82,3.5,1024.8,0.7,1.4,15,336.9,0
2018-11-22 07:53:00,5,48,20.7,82,3.5,1025.2,1.0,2.0,2,336.9,0
2018-11-22 07:58:00,5,48,20.6,82,3.5,1025.3,0.7,1.4,6,336.9,0
2018-11-22 08:03:00,5,50,20.5,82,3.5,1025.3,0.7,1.7,0,336.9,0
2018-11-22 08:08:00,5,50,20.4,82,3.5,1025.3,1.0,1.7,6,336.9,0
2018-11-22 08:13:00,5,50,20.3,82,3.5,1025.5,0.0,1.0,4,336.9,0
2018-11-22 08:18:00,5,50,20.2,82,3.5,1025.6,0.3,0.7,8,336.9,0
2018-11-22 08:23:00,5,51,20.1,82,3.7,1025.8,1.0,2.0,2,336.9,0
2018-11-22 08:28:00,5,51,20.0,82,3.7,1025.8,0.7,1.0,15,336.9,0
2018-11-22 08:33:00,5,51,20.0,82,3.7,1025.7,0.3,0.7,4,336.9,0
2018-11-22 08:38:00,5,52,19.8,82,3.7,1026.1,0.7,1.0,12,336.9,0
2018-11-22 08:43:00,5,52,19.7,82,3.7,1026.1,0.7,1.0,8,336.9,0
2018-11-22 08:48:00,5,52,19.7,82,3.8,1026.2,0.7,1.4,4,336.9,0
2018-11-22 08:53:00,5,53,19.8,82,3.8,1026.1,0.7,1.4,4,336.9,0
2018-11-22 08:58:00,5,52,20.0,82,3.9,1026.1,0.3,1.4,2,336.9,0
2018-11-22 09:03:00,5,52,20.3,82,3.9,1025.7,0.0,1.0,2,336.9,0
2018-11-22 09:08:00,5,52,20.6,81,4.0,1025.3,0.3,1.0,14,336.9,0
2018-11-22 09:13:00,5,52,20.9,81,4.1,1025.1,0.7,1.4,12,336.9,0
2018-11-22 09:18:00,5,51,21.1,81,4.2,1024.7,1.4,2.0,6,336.9,0
2018-11-22 09:23:00,5,50,21.3,81,4.2,1024.5,0.3,0.7,10,336.9,0
2018-11-22 09:28:00,5,50,21.5,81,4.3,1024.5,0.0,0.0,2,336.9,0
2018-11-22 09:33:00,5,50,21.6,81,4.4,1024.3,0.3,1.0,2,336.9,0
2018-11-22 09:38:00,5,50,21.7,80,4.4,1024.3,0.3,1.4,0,336.9,0
2018-11-22 09:43:00,5,49,21.7,80,4.4,1024.2,0.7,1.4,4,336.9,0
2018-11-22 09:48:00,5,45,21.7,80,4.4,1024.2,0.7,1.0,0,336.9,0
2018-11-22 09:53:00,5,44,21.6,80,4.4,1024.4,0.7,1.4,4,336.9,0
2018-11-22 09:58:00,5,43,21.5,80,4.4,1024.4,1.0,1.4,4,336.9,0
2018-11-22 10:03:00,5,43,21.4,80,4.5,1024.6,0.0,0.3,12,336.9,0
2018-11-22 10:08:00,5,43,21.3,80,4.6,1024.7,1.4,2.0,6,336.9,0
2018-11-22 10:13:00,5,44,21.2,79,4.5,1024.8,0.3,1.0,2,336.9,0
2018-11-22 10:18:00,5,44,21.1,79,4.5,1024.9,1.0,1.7,0,336.9,0
2018-11-22 10:23:00,5,45,21.0,79,4.4,1025.1,0.3,1.0,10,336.9,0
2018-11-22 10:28:00,5,47,20.9,80,4.4,1025.2,0.7,1.4,2,336.9,0
2018-11-22 10:33:00,5,48,20.8,80,4.4,1025.1,0.3,1.0,6,336.9,0
2018-11-22 10:38:00,5,49,20.7,80,4.5,1025.3,0.3,1.0,6,336.9,0
2018-11-22 10:43:00,5,50,20.6,80,4.5,1025.5,0.3,0.7,8,336.9,0
2018-11-22 10:48:00,5,50,20.6,80,4.5,1025.5,0.0,1.0,0,336.9,0
2018-11-22 10:53:00,5,50,20.5,80,4.6,1025.5,0.7,1.4,4,336.9,0
2018-11-22 10:58:00,5,50,20.5,80,4.6,1025.6,0.0,1.0,6,336.9,0
2018-11-22 11:03:00,5,50,20.4,80,4.7,1025.6,1.0,1.4,4,336.9,0
2018-11-22 11:08:00,5,50,20.3,80,4.7,1025.6,0.3,1.0,14,336.9,0
2018-11-22 11:13:00,5,51,20.3,80,4.8,1025.7,0.3,1.0,14,336.9,0
2018-11-22 11:18:00,5,51,20.2,79,4.8,1025.7,0.7,1.4,6,336.9,0
2018-11-22 11:23:00,5,51,20.2,79,4.8,1025.8,0.0,0.7,2,336.9,0
2018-11-22 11:28:00,5,52,20.1,79,4.9,1025.8,0.0,0.3,10,336.9,0
2018-11-22 11:33:00,5,53,20.1,78,5.0,1025.7,0.3,1.0,8,336.9,0
2018-11-22 11:38:00,5,53,20.1,78,5.0,1025.7,0.3,1.4,14,336.9,0
2018-11-22 11:43:00,5,53,20.3,77,5.0,1025.6,0.7,1.7,14,336.9,0
2018-11-22 11:48:00,5,52,20.4,77,5.0,1025.4,0.7,1.7,0,336.9,0
2018-11-22 11:53:00,5,52,20.5,77,5.0,1025.3,0.7,1.7,12,336.9,0
2018-11-22 11:58:00,5,52,20.5,77,5.1,1025.1,0.3,1.0,12,336.9,0
2018-11-22 12:03:00,5,51,20.6,77,5.3,1025.0,0.3,1.4,4,336.9,0
2018-11-22 12:08:00,5,51,20.7,77,5.3,1024.9,0.3,1.0,2,336.9,0
2018-11-22 12:13:00,5,51,20.7,76,5.4,1024.9,1.4,1.7,14,336.9,0
2018-11-22 12:18:00,5,51,20.7,76,5.4,1024.8,0.3,1.0,6,336.9,0
2018-11-22 12:23:00,5,51,20.7,76,5.4,1024.7,0.7,1.0,10,336.9,0
2018-11-22 12:28:00,5,51,20.7,76,5.5,1024.7,0.7,1.4,4,336.9,0
2018-11-22 12:33:00,5,51,20.7,75,5.5,1024.7,0.7,1.7,4,336.9,0
2018-11-22 12:38:00,5,51,20.7,75,5.4,1024.7,0.0,0.3,0,336.9,0
2018-11-22 12:43:00,5,51,20.6,75,5.4,1024.6,1.0,2.0,14,336.9,0
2018-11-22 12:48:00,5,51,20.6,75,5.4,1024.7,0.7,1.4,14,336.9,0
2018-11-22 12:53:00,5,51,20.5,75,5.3,1024.7,0.3,1.4,6,336.9,0
2018-11-22 12:58:00,5,51,20.4,75,5.3,1024.6,0.3,0.7,14,336.9,0
2018-11-22 13:03:00,5,51,20.4,75,5.3,1024.8,0.0,0.3,5,336.9,0
2018-11-22 13:08:00,5,51,20.3,74,5.3,1024.8,0.7,1.4,4,336.9,0
2018-11-22 13:13:00,5,51,20.2,74,5.3,1024.8,0.3,1.0,14,336.9,0
2018-11-22 13:18:00,5,51,20.1,75,5.3,1025.0,0.7,1.0,14,336.9,0
2018-11-22 13:23:00,5,51,20.1,74,5.2,1025.0,0.3,0.7,4,336.9,0
2018-11-22 13:28:00,5,51,20.0,75,5.2,1025.2,0.7,1.7,14,336.9,0
2018-11-22 13:33:00,5,51,20.0,75,5.2,1025.1,0.7,2.0,4,336.9,0
2018-11-22 13:38:00,5,51,20.0,75,5.2,1025.2,0.7,1.4,7,336.9,0
2018-11-22 13:43:00,5,51,20.0,75,5.2,1025.2,0.0,0.0,0,336.9,0
2018-11-22 13:48:00,5,51,20.1,75,5.2,1025.0,0.7,1.0,2,336.9,0
2018-11-22 13:53:00,5,51,20.2,75,5.2,1024.9,0.7,1.4,6,336.9,0
2018-11-22 13:58:00,5,51,20.3,75,5.1,1024.9,0.7,1.7,2,336.9,0
2018-11-22 14:03:00,5,51,20.4,75,5.1,1024.7,1.0,1.4,12,336.9,0
2018-11-22 14:08:00,5,51,20.4,75,5.1,1024.7,0.3,0.7,8,336.9,0
2018-11-22 14:13:00,5,51,20.5,76,5.2,1024.7,0.7,1.4,6,336.9,0
2018-11-22 14:18:00,5,51,20.5,76,5.1,1024.5,0.7,1.0,14,336.9,0
2018-11-22 14:23:00,5,51,20.5,76,5.1,1024.5,0.3,0.7,2,336.9,0
2018-11-22 14:28:00,5,51,20.5,76,5.1,1024.5,0.0,0.3,10,336.9,0
2018-11-22 14:33:00,5,51,20.4,76,5.1,1024.5,1.0,1.7,14,336.9,0
2018-11-22 14:38:00,5,51,20.4,76,5.1,1024.6,1.0,1.7,0,336.9,0
2018-11-22 14:43:00,5,51,20.3,76,5.1,1024.6,1.0,1.7,12,336.9,0
2018-11-22 14:48:00,5,51,20.3,76,5.1,1024.7,0.7,1.4,14,336.9,0
2018-11-22 14:53:00,5,51,20.3,76,5.1,1024.8,0.3,0.7,6,336.9,0
2018-11-22 14:58:00,5,52,20.3,76,5.1,1024.7,0.7,1.4,14,336.9,0
2018-11-22 15:03:00,5,52,20.2,76,5.1,1024.8,0.7,1.4,0,336.9,0
2018-11-22 15:08:00,5,52,20.2,75,5.1,1025.0,0.3,1.0,14,336.9,0
2018-11-22 15:13:00,5,52,20.1,75,5.0,1025.0,1.0,1.7,0,336.9,0
2018-11-22 15:18:00,5,52,20.1,75,5.1,1024.9,0.0,0.3,4,336.9,0
2018-11-22 15:23:00,5,52,20.3,76,5.1,1024.9,0.3,1.0,4,336.9,0
2018-11-22 15:28:00,5,52,20.3,75,5.0,1024.7,0.3,1.0,2,336.9,0
2018-11-22 15:33:00,5,52,20.4,75,5.0,1024.7,0.0,0.3,2,336.9,0
2018-11-22 15:38:00,5,51,20.4,75,5.0,1024.5,0.0,0.7,4,336.9,0
2018-11-22 15:43:00,5,51,20.5,76,4.9,1024.6,0.0,0.0,0,336.9,0
2018-11-22 15:48:00,5,51,20.5,76,4.8,1024.5,0.3,1.0,0,336.9,0
2018-11-22 15:53:00,5,51,20.5,77,4.7,1024.6,0.0,0.0,2,336.9,0
2018-11-22 15:58:00,5,51,20.5,77,4.7,1024.6,0.0,0.0,0,336.9,0
2018-11-22 16:03:00,5,51,20.5,77,4.7,1024.7,0.0,0.0,14,336.9,0
2018-11-22 16:08:00,5,52,20.5,77,4.7,1024.8,0.0,0.0,0,336.9,0
2018-11-22 16:13:00,5,52,20.5,77,4.7,1024.9,0.0,0.7,4,336.9,0
2018-11-22 16:18:00,5,51,20.4,78,4.7,1024.8,0.0,0.0,14,336.9,0
2018-11-22 16:23:00,5,51,20.3,78,4.7,1024.8,0.3,0.7,0,336.9,0
2018-11-22 16:28:00,5,50,20.2,79,4.8,1024.9,0.0,0.0,0,336.9,0
2018-11-22 16:33:00,5,50,20.1,79,4.8,1025.1,0.0,0.0,2,336.9,0
2018-11-22 16:38:00,5,50,20.1,79,4.8,1025.1,0.0,0.0,2,336.9,0
2018-11-22 16:43:00,5,51,20.1,79,4.8,1025.0,0.0,0.0,2,336.9,0
2018-11-22 16:48:00,5,51,20.2,79,4.9,1025.0,0.0,0.0,10,336.9,0
2018-11-22 16:53:00,5,52,20.3,79,4.8,1025.1,0.0,0.0,0,336.9,0
2018-11-22 16:58:00,5,53,20.4,79,4.8,1025.0,0.0,0.0,12,336.9,0
2018-11-22 17:03:00,5,54,20.4,79,4.8,1024.8,0.0,0.0,14,336.9,0
2018-11-22 17:08:00,5,54,20.5,79,4.8,1024.7,0.0,0.0,2,336.9,0
2018-11-22 17:13:00,5,54,20.5,80,4.7,1024.8,0.0,0.0,14,336.9,0
2018-11-22 17:18:00,5,54,20.6,80,4.7,1024.8,0.3,0.7,4,336.9,0
2018-11-22 17:23:00,5,54,20.6,80,4.6,1024.9,0.0,0.0,10,336.9,0
2018-11-22 17:28:00,5,55,20.6,79,4.4,1024.9,0.0,0.0,8,336.9,0
2018-11-22 17:33:00,5,54,20.6,79,4.1,1025.0,0.0,0.0,0,336.9,0
2018-11-22 17:38:00,5,54,20.5,79,4.0,1024.8,0.3,0.7,0,336.9,0
2018-11-22 17:43:00,5,55,20.5,81,3.9,1025.0,0.0,0.3,2,336.9,0
2018-11-22 17:48:00,5,58,20.5,81,3.8,1024.9,0.0,0.0,4,336.9,0
2018-11-22 17:53:00,5,58,20.4,82,3.7,1025.1,0.0,0.0,2,336.9,0
2018-11-22 17:58:00,5,58,20.4,82,3.7,1025.0,0.0,0.0,6,336.9,0
2018-11-22 18:03:00,5,58,20.3,82,3.7,1025.1,0.0,0.0,4,336.9,0
2018-11-22 18:08:00,5,58,20.3,82,3.8,1025.2,0.0,0.0,0,336.9,0
2018-11-22 18:13:00,5,58,20.3,82,3.9,1025.1,0.0,0.0,2,336.9,0
2018-11-22 18:18:00,5,59,20.2,81,4.0,1025.2,0.0,0.0,10,336.9,0
2018-11-22 18:23:00,5,59,20.1,82,4.1,1025.3,0.0,0.0,12,336.9,0
2018-11-22 18:28:00,5,59,20.1,82,4.2,1025.4,0.0,0.0,0,336.9,0
2018-11-22 18:33:00,5,59,20.1,82,4.2,1025.4,0.0,0.0,4,336.9,0
2018-11-22 18:38:00,5,59,20.0,82,4.3,1025.4,0.0,0.3,0,336.9,0
2018-11-22 18:43:00,5,59,20.0,82,4.4,1025.4,0.3,1.0,6,336.9,0
2018-11-22 18:48:00,5,60,19.8,82,4.4,1025.4,0.0,0.0,2,336.9,0
2018-11-22 18:53:00,5,60,19.8,82,4.4,1025.4,0.0,0.7,0,336.9,0
2018-11-22 18:58:00,5,60,19.8,82,4.5,1025.4,0.0,0.3,4,336.9,0
2018-11-22 19:03:00,5,61,19.8,82,4.5,1025.5,0.0,0.3,4,336.9,0
2018-11-22 19:08:00,5,61,19.8,82,4.6,1025.4,0.0,0.3,2,336.9,0
2018-11-22 19:13:00,5,60,20.0,82,4.6,1025.4,0.3,0.7,10,336.9,0
2018-11-22 19:18:00,5,60,20.1,82,4.6,1025.2,0.3,1.0,0,336.9,0
2018-11-22 19:23:00,5,59,20.3,82,4.5,1025.0,0.0,0.0,2,336.9,0
2018-11-22 19:28:00,5,58,20.5,82,4.5,1024.8,0.3,1.0,0,336.9,0
2018-11-22 19:33:00,5,58,20.7,82,4.4,1024.6,0.0,0.3,8,336.9,0
2018-11-22 19:38:00,5,57,20.9,82,4.3,1024.5,0.7,1.4,4,336.9,0
2018-11-22 19:43:00,5,55,21.0,82,4.1,1024.5,0.0,0.0,6,336.9,0
2018-11-22 19:48:00,5,55,21.1,82,4.0,1024.2,0.0,0.3,4,336.9,0
2018-11-22 19:53:00,5,55,21.1,82,4.0,1024.2,0.3,0.7,8,336.9,0
2018-11-22 19:58:00,5,55,21.1,83,3.9,1024.1,0.0,0.7,8,336.9,0
2018-11-22 20:03:00,5,55,21.1,83,3.8,1024.1,0.0,1.0,0,336.9,0
2018-11-22 20:08:00,5,55,21.1,83,3.7,1024.1,0.0,0.3,2,336.9,0
2018-11-22 20:13:00,5,55,21.1,83,3.5,1024.1,0.0,0.7,2,336.9,0
2018-11-22 20:18:00,5,55,21.0,83,3.5,1024.2,0.0,0.0,2,336.9,0
2018-11-22 20:23:00,5,55,20.9,84,3.4,1024.0,0.0,0.3,12,336.9,0
2018-11-22 20:28:00,5,56,20.9,84,3.2,1024.2,0.0,0.3,0,336.9,0
2018-11-22 20:33:00,5,56,20.8,84,3.2,1024.3,0.0,0.3,4,336.9,0
2018-11-22 20:38:00,5,56,20.7,84,3.1,1024.5,0.0,0.0,0,336.9,0
2018-11-22 20:43:00,5,56,20.7,84,3.0,1024.4,0.0,0.0,0,336.9,0
2018-11-22 20:48:00,5,56,20.6,84,3.0,1024.5,0.0,0.3,0,336.9,0
2018-11-22 20:53:00,5,56,20.6,80,2.9,1024.6,0.0,0.0,4,336.9,0
2018-11-22 20:58:00,5,56,20.6,81,2.8,1024.6,0.0,0.0,10,336.9,0
2018-11-22 21:03:00,5,56,20.5,81,2.8,1024.5,0.0,0.0,2,336.9,0
2018-11-22 21:08:00,5,56,20.5,81,2.7,1024.7,0.0,0.0,4,336.9,0
2018-11-22 21:13:00,5,56,20.4,81,2.6,1024.7,0.0,0.0,2,336.9,0
2018-11-22 21:18:00,5,56,20.3,81,2.5,1024.8,0.0,0.0,0,336.9,0
2018-11-22 21:23:00,5,56,20.3,81,2.4,1025.0,0.0,0.0,6,336.9,0
2018-11-22 21:28:00,5,56,20.2,81,2.4,1025.1,0.0,0.0,0,336.9,0
2018-11-22 21:33:00,5,56,20.1,81,2.4,1025.0,0.0,0.7,8,336.9,0
2018-11-22 21:38:00,5,56,20.1,81,2.3,1025.1,0.0,0.0,0,336.9,0
2018-11-22 21:43:00,5,57,20.0,81,2.3,1025.2,0.0,0.0,4,336.9,0
2018-11-22 21:48:00,5,57,20.0,81,2.2,1025.3,0.0,0.7,0,336.9,0
2018-11-22 21:53:00,5,58,19.9,81,2.1,1025.5,0.0,0.3,0,336.9,0
2018-11-22 21:58:00,5,58,19.8,81,2.1,1025.3,0.0,0.7,4,336.9,0
2018-11-22 22:03:00,5,58,19.8,81,2.1,1025.4,0.0,0.7,14,336.9,0
2018-11-22 22:08:00,5,58,19.7,82,2.0,1025.3,0.0,0.0,14,336.9,0
2018-11-22 22:13:00,5,58,19.6,82,2.0,1025.4,0.0,0.0,6,336.9,0
2018-11-22 22:18:00,5,58,19.6,82,2.0,1025.4,0.0,0.0,14,336.9,0
2018-11-22 22:23:00,5,58,19.5,83,1.9,1025.6,0.0,0.0,0,336.9,0
2018-11-22 22:28:00,5,58,19.5,83,1.8,1025.6,0.0,0.3,4,336.9,0
2018-11-22 22:33:00,5,58,19.4,83,1.8,1025.7,0.0,0.0,6,336.9,0
2018-11-22 22:38:00,5,58,19.3,83,1.8,1025.8,0.0,0.0,14,336.9,0
2018-11-22 22:43:00,5,58,19.2,83,1.8,1026.0,0.0,0.0,4,336.9,0
2018-11-22 22:48:00,5,58,19.2,83,1.7,1025.9,0.0,0.0,6,336.9,0
2018-11-22 22:53:00,5,58,19.1,83,1.6,1026.0,0.0,0.0,2,336.9,0
2018-11-22 22:58:00,5,58,19.1,83,1.4,1026.2,0.0,0.0,2,336.9,0
2018-11-22 23:03:00,5,58,19.1,83,1.4,1026.1,0.0,0.0,2,336.9,0
2018-11-22 23:08:00,5,58,19.0,83,1.4,1026.2,0,0,2,336.9,0
2018-11-22 23:13:00,5,58,19.0,83,1.3,1026.3,0,0,2,336.9,0
2018-11-22 23:18:00,5,58,19.0,83,1.2,1026.3,0,0,0,336.9,0
2018-11-22 23:23:00,5,59,18.9,83,1.1,1026.4,0,0,2,336.9,0
2018-11-22 23:28:00,5,59,18.8,83,1.1,1026.3,0,0,0,336.9,0
2018-11-22 23:33:00,5,59,18.8,83,1.0,1026.5,0,0,0,336.9,0
2018-11-22 23:38:00,5,59,18.8,84,0.9,1026.5,0,0,12,336.9,0
2018-11-22 23:43:00,5,59,18.6,84,0.9,1026.7,0,0,0,336.9,0
2018-11-22 23:48:00,5,59,18.5,84,1.0,1026.7,0,0,2,336.9,0
2018-11-22 23:53:00,5,58,18.5,84,1.1,1026.6,0,0,0,336.9,0
2018-11-22 23:58:00,5,58,18.4,84,1.1,1026.5,0,0,0,336.9,0
