2023-06-02 00:40:40,5,49,20.2,77,11.6,1028.2,0.3,1.0,14,3555.3,0
2023-06-02 00:45:40,5,50,20.1,78,11.7,1028.4,0.7,1.0,3,3555.3,0
2023-06-02 00:57:40,5,50,20.1,78,11.6,1028.5,0.3,1.0,15,3555.3,0
2023-06-02 01:02:40,5,50,20.1,77,11.6,1028.3,1.4,2.0,15,3555.3,0
2023-06-02 01:25:34,5,49,20.1,76,11.4,1028.5,0.3,1.0,14,3555.3,0
2023-06-02 01:30:34,5,49,20.1,76,11.4,1028.5,0.3,0.7,12,3555.3,0
2023-06-02 01:40:34,5,49,20.0,77,11.3,1028.6,1.0,2.0,14,3555.3,0
2023-06-02 01:45:34,5,49,20.0,76,11.2,1028.5,0.3,1.0,0,3555.3,0
2023-06-02 01:55:34,5,49,20.0,76,11.3,1028.5,0.0,0.7,0,3555.3,0
2023-06-02 02:00:34,5,49,20.0,76,11.3,1028.7,0.3,0.7,14,3555.3,0
2023-06-02 02:10:34,5,50,19.9,77,11.2,1028.6,0.0,0.0,14,3555.3,0
2023-06-02 02:15:34,5,50,19.9,77,11.2,1028.6,0.7,1.0,14,3555.3,0
2023-06-02 02:25:34,5,50,19.8,77,11.0,1028.8,1.0,1.7,14,3555.3,0
2023-06-02 02:30:34,5,50,19.8,77,11.0,1028.8,0.7,2.0,4,3555.3,0
2023-06-02 02:40:34,5,50,19.8,78,10.9,1028.7,0.3,1.0,0,3555.3,0
2023-06-02 02:45:34,5,50,19.8,78,11.0,1028.8,0.0,0.7,3,3555.3,0
2023-06-02 02:55:34,5,50,19.7,77,10.9,1028.8,0.7,2.0,15,3555.3,0
2023-06-02 03:01:34,6,50,19.7,78,10.9,1028.8,0.3,1.0,13,3555.3,0
2023-06-02 03:10:34,5,50,19.7,77,10.8,1028.8,0.3,1.0,1,3555.3,0
2023-06-02 03:15:34,5,50,19.7,77,10.9,1028.8,0.0,0.7,14,3555.3,0
2023-06-02 03:25:34,5,50,19.7,77,10.9,1028.6,0.7,2.0,15,3555.3,0
2023-06-02 03:30:34,5,50,19.7,77,10.9,1028.8,0.3,1.0,4,3555.3,0
2023-06-02 03:40:34,5,50,19.6,77,10.9,1028.8,0.3,1.0,0,3555.3,0
2023-06-02 03:45:34,5,50,19.6,78,10.9,1028.8,0.0,0.7,15,3555.3,0
2023-06-02 03:57:34,5,50,19.6,78,10.8,1028.7,0.7,1.7,14,3555.3,0
2023-06-02 04:02:34,5,50,19.6,78,10.8,1028.9,0.7,1.7,2,3555.3,0
2023-06-02 04:07:34,5,50,19.6,78,10.8,1029.0,0.7,1.0,0,3555.3,0
2023-06-02 04:12:34,5,50,19.6,78,10.9,1029.1,0.0,0.7,15,3555.3,0
2023-06-02 04:17:34,5,50,19.6,78,10.9,1029.0,0.7,1.7,0,3555.3,0
2023-06-02 04:25:34,5,50,19.6,78,10.9,1029.0,0.0,1.0,15,3555.3,0
2023-06-02 04:30:34,5,50,19.6,77,10.9,1029.0,1.0,2.0,14,3555.3,0
2023-06-02 04:40:59,5,50,19.6,77,10.9,1029.1,0.3,0.7,14,3555.3,0
2023-06-02 04:45:59,5,49,19.5,77,11.0,1029.1,0.3,1.7,5,3555.3,0
2023-06-02 04:50:59,5,49,19.5,77,10.9,1029.1,0.0,0.7,0,3555.3,0
2023-06-02 04:55:59,5,50,19.5,77,10.9,1029.1,0.7,3.1,11,3555.3,0
2023-06-02 05:00:59,5,49,19.5,77,11.0,1029.2,0.0,0.7,0,3555.3,0
2023-06-02 05:05:59,5,50,19.5,77,11.0,1029.2,0.7,1.7,1,3555.3,0
2023-06-02 05:10:59,5,50,19.5,77,11.0,1029.2,0.7,1.0,15,3555.3,0
2023-06-02 05:15:59,5,50,19.5,77,11.1,1029.2,0.7,1.0,15,3555.3,0
2023-06-02 05:20:59,5,50,19.5,76,11.0,1029.2,0.7,1.7,1,3555.3,0
2023-06-02 05:25:59,5,49,19.5,76,11.1,1029.2,0.7,1.7,14,3555.3,0
2023-06-02 05:30:59,5,49,19.5,76,11.1,1029.2,0.0,0.7,14,3555.3,0
2023-06-02 05:35:59,5,49,19.5,76,11.2,1029.2,0.0,0.0,2,3555.3,0
2023-06-02 05:40:59,5,49,19.6,76,11.2,1029.4,0.3,1.0,15,3555.3,0
2023-06-02 05:45:59,5,49,19.6,76,11.2,1029.3,0.7,1.0,1,3555.3,0
2023-06-02 05:50:59,5,50,19.6,76,11.2,1029.2,0.3,1.0,15,3555.3,0
2023-06-02 05:55:59,5,51,19.6,76,11.1,1029.3,1.0,2.0,0,3555.3,0
2023-06-02 06:00:59,5,51,19.6,76,11.2,1029.2,0.3,1.0,15,3555.3,0
2023-06-02 06:15:59,5,51,19.8,75,11.4,1029.1,0.7,1.7,3,3555.3,0
2023-06-02 06:20:45,5,51,19.8,75,11.4,1029.0,0.3,1.0,15,3555.3,0
2023-06-02 06:25:45,5,51,19.8,75,11.4,1029.0,0.7,1.0,15,3555.3,0
2023-06-02 06:30:45,5,50,19.9,75,11.5,1029.1,0.3,0.7,1,3555.3,0
2023-06-02 06:35:45,5,49,20.0,76,11.6,1029.0,0.0,0.0,0,3555.3,0
2023-06-02 06:40:45,5,49,20.0,75,11.6,1028.9,0.3,1.7,15,3555.3,0
2023-06-02 06:45:45,5,48,20.1,75,11.5,1028.9,0.7,1.7,13,3555.3,0
2023-06-02 06:50:45,5,48,20.1,75,11.5,1028.8,1.0,2.0,1,3555.3,0
2023-06-02 06:55:45,5,48,20.1,75,11.6,1028.8,0.0,0.7,3,3555.3,0
2023-06-02 07:00:45,5,49,20.2,75,11.8,1028.8,0.3,1.0,2,3555.3,0
2023-06-02 07:05:45,5,49,20.3,75,11.9,1028.8,0.0,0.7,14,3555.3,0
2023-06-02 07:10:45,5,47,20.3,74,11.8,1028.8,0.7,1.7,4,3555.3,0
2023-06-02 07:15:45,5,47,20.3,74,11.9,1028.8,1.0,1.7,2,3555.3,0
2023-06-02 07:20:45,5,48,20.3,74,12.0,1028.7,0.3,0.7,5,3555.3,0
2023-06-02 07:25:45,5,47,20.3,74,11.9,1028.7,0.3,1.0,1,3555.3,0
2023-06-02 07:30:45,5,47,20.3,74,12.0,1028.7,0.7,1.7,0,3555.3,0
2023-06-02 07:35:45,5,47,20.4,74,12.0,1028.7,0.7,1.0,1,3555.3,0
2023-06-02 07:40:45,5,47,20.4,74,11.9,1028.6,0.7,1.0,15,3555.3,0
2023-06-02 07:45:45,5,47,20.5,73,12.2,1028.5,0.3,0.7,0,3555.3,0
2023-06-02 07:50:45,5,46,20.6,72,12.7,1028.4,0.7,1.7,12,3555.3,0
2023-06-02 07:55:45,5,46,20.6,72,12.5,1028.4,0.7,1.7,1,3555.3,0
2023-06-02 08:00:45,5,46,20.7,72,12.6,1028.3,0.7,2.0,3,3555.3,0
2023-06-02 08:05:45,5,46,20.7,71,12.6,1028.3,1.0,1.7,14,3555.3,0
2023-06-02 08:10:45,5,46,20.8,71,12.8,1028.3,0.3,0.7,10,3555.3,0
2023-06-02 08:15:45,5,45,20.9,71,12.8,1028.1,0.3,1.7,2,3555.3,0
2023-06-02 08:20:45,5,45,20.9,71,12.8,1028.1,0.7,2.0,15,3555.3,0
2023-06-02 08:25:45,5,45,20.9,72,12.8,1028.1,0.7,1.7,0,3555.3,0
2023-06-02 08:30:45,5,44,21.0,72,12.8,1028.1,1.0,2.0,0,3555.3,0
2023-06-02 08:35:45,5,43,21.0,72,13.1,1028.1,0.0,0.7,7,3555.3,0
2023-06-02 08:40:45,5,44,21.1,70,13.4,1027.9,0.7,1.7,4,3555.3,0
2023-06-02 08:45:45,5,44,21.1,69,13.5,1027.8,0.3,1.0,4,3555.3,0
2023-06-02 08:50:45,5,43,21.2,69,13.7,1027.8,0.7,1.0,14,3555.3,0
2023-06-02 08:55:45,5,43,21.3,69,13.7,1027.6,0.7,1.7,7,3555.3,0
2023-06-02 09:00:45,5,43,21.4,67,14.3,1027.5,0.3,2.0,15,3555.3,0
2023-06-02 09:05:45,5,43,21.5,68,14.3,1027.4,0.3,0.7,11,3555.3,0
2023-06-02 09:10:45,5,43,21.5,67,14.2,1027.5,1.0,3.1,14,3555.3,0
2023-06-02 09:15:45,5,43,21.5,69,13.8,1027.4,1.0,2.7,10,3555.3,0
2023-06-02 09:20:45,5,43,21.6,68,14.1,1027.5,0.7,2.0,6,3555.3,0
2023-06-02 09:25:45,5,42,21.6,69,14.1,1027.5,0.7,3.1,3,3555.3,0
2023-06-02 09:30:45,5,42,21.6,69,14.3,1027.5,0.7,2.0,3,3555.3,0
2023-06-02 09:35:45,5,42,21.6,69,14.2,1027.4,0.3,1.7,14,3555.3,0
2023-06-02 09:40:45,5,42,21.6,71,13.9,1027.4,0.3,1.7,5,3555.3,0
2023-06-02 09:45:45,5,42,21.6,71,13.9,1027.4,0.7,1.0,11,3555.3,0
2023-06-02 09:50:45,5,41,21.6,72,13.7,1027.4,1.0,2.7,14,3555.3,0
2023-06-02 09:55:45,5,41,21.6,71,14.0,1027.4,0.7,1.7,15,3555.3,0
2023-06-02 10:00:45,5,42,21.6,72,13.6,1027.5,1.0,2.7,11,3555.3,0
2023-06-02 10:05:45,5,42,21.6,71,14.3,1027.4,0.3,1.7,3,3555.3,0
2023-06-02 10:10:45,5,42,21.6,71,14.3,1027.3,0.3,1.0,6,3555.3,0
2023-06-02 10:15:45,5,42,21.7,69,15.0,1027.2,0.7,1.7,13,3555.3,0
2023-06-02 10:20:45,5,42,21.8,68,14.7,1027.2,0.7,1.0,14,3555.3,0
2023-06-02 10:25:45,5,42,21.8,69,14.7,1027.1,1.0,2.0,7,3555.3,0
2023-06-02 10:30:45,5,42,21.9,69,14.9,1027.1,0.3,1.0,4,3555.3,0
2023-06-02 10:35:45,5,41,22.0,69,15.0,1027.0,1.0,1.7,15,3555.3,0
2023-06-02 10:40:45,5,41,22.0,70,14.7,1027.1,0.7,2.0,4,3555.3,0
2023-06-02 10:45:45,5,41,22.1,70,14.6,1027.1,0.7,1.7,14,3555.3,0
2023-06-02 10:50:45,5,41,22.1,70,14.9,1027.1,0.0,0.7,4,3555.3,0
2023-06-02 10:55:45,5,41,22.1,70,14.8,1026.9,0.7,1.7,3,3555.3,0
2023-06-02 11:00:45,5,41,22.1,70,15.2,1027.0,0.3,0.7,11,3555.3,0
2023-06-02 11:05:45,5,41,22.1,69,15.5,1027.1,0.3,1.0,15,3555.3,0
2023-06-02 11:10:45,5,41,22.1,70,15.2,1026.9,0.7,2.0,5,3555.3,0
2023-06-02 11:15:45,5,42,22.1,69,15.4,1027.0,0.7,1.7,0,3555.3,0
2023-06-02 11:20:45,5,41,22.1,70,15.3,1026.9,0.3,1.0,15,3555.3,0
2023-06-02 11:25:45,5,41,22.1,68,15.7,1027.0,0.3,0.7,9,3555.3,0
2023-06-02 11:30:45,5,41,22.0,67,16.0,1027.1,0.7,1.0,15,3555.3,0
2023-06-02 11:35:45,5,41,22.0,67,16.0,1027.1,0.3,1.0,7,3555.3,0
2023-06-02 11:40:45,5,41,22.1,69,15.7,1027.1,0.7,2.0,15,3555.3,0
2023-06-02 11:45:45,5,42,22.1,68,15.9,1027.0,0.7,2.0,0,3555.3,0
2023-06-02 11:50:45,5,42,22.1,68,15.4,1026.8,1.4,2.0,14,3555.3,0
2023-06-02 11:55:45,5,42,22.2,68,15.6,1026.9,1.0,2.0,14,3555.3,0
2023-06-02 12:00:45,5,42,22.2,67,16.2,1026.7,0.3,0.7,15,3555.3,0
2023-06-02 12:05:45,5,42,22.2,66,16.1,1026.9,0.0,0.7,14,3555.3,0
2023-06-02 12:10:45,5,42,22.3,64,17.2,1026.6,0.7,1.7,1,3555.3,0
2023-06-02 12:15:45,5,42,22.3,65,16.9,1026.7,0.3,1.0,4,3555.3,0
2023-06-02 12:20:45,5,42,22.4,64,17.2,1026.5,0.0,1.0,10,3555.3,0
2023-06-02 12:25:45,5,42,22.4,66,16.5,1026.5,0.7,1.7,15,3555.3,0
2023-06-02 12:30:45,5,42,22.5,66,16.7,1026.3,0.7,2.0,13,3555.3,0
2023-06-02 12:35:45,5,42,22.5,64,17.1,1026.3,0.7,1.7,1,3555.3,0
2023-06-02 12:40:45,5,42,22.6,65,16.8,1026.3,0.7,2.0,15,3555.3,0
2023-06-02 12:45:45,5,42,22.6,65,17.1,1026.2,0.7,1.7,15,3555.3,0
2023-06-02 12:50:45,5,42,22.6,65,17.9,1026.1,0.3,1.0,7,3555.3,0
2023-06-02 12:55:45,5,42,22.6,64,17.5,1026.2,1.0,1.7,15,3555.3,0
2023-06-02 13:00:45,5,42,22.6,65,17.7,1026.1,0.7,1.0,11,3555.3,0
2023-06-02 13:05:45,5,42,22.6,64,17.2,1026.0,0.3,1.0,1,3555.3,0
2023-06-02 13:10:45,5,42,22.6,65,17.7,1026.1,1.0,1.7,12,3555.3,0
2023-06-02 13:15:45,5,42,22.6,66,17.5,1026.0,0.7,1.7,0,3555.3,0
2023-06-02 13:20:45,5,42,22.6,66,17.3,1025.9,0.3,1.0,15,3555.3,0
2023-06-02 13:25:45,5,42,22.6,64,18.2,1025.9,0.7,1.0,12,3555.3,0
2023-06-02 13:30:45,5,43,22.6,61,19.4,1025.9,0.3,1.0,5,3555.3,0
2023-06-02 13:35:45,5,42,22.6,60,19.0,1025.9,0.7,1.7,15,3555.3,0
2023-06-02 13:40:45,5,42,22.6,60,18.7,1025.9,0.3,1.7,2,3555.3,0
2023-06-02 13:45:45,5,42,22.5,64,18.3,1026.1,0.3,1.0,15,3555.3,0
2023-06-02 13:50:45,5,42,22.4,62,17.9,1026.2,1.7,3.1,0,3555.3,0
2023-06-02 13:55:45,5,41,22.3,64,18.2,1026.2,0.7,1.0,14,3555.3,0
2023-06-02 14:00:45,5,41,22.2,64,17.8,1026.3,0.7,1.7,9,3555.3,0
2023-06-02 14:05:45,5,41,22.2,61,18.6,1026.4,0.7,1.7,14,3555.3,0
2023-06-02 14:10:45,5,41,22.1,63,18.5,1026.5,0.3,1.0,14,3555.3,0
2023-06-02 14:15:45,5,42,22.0,60,19.6,1026.4,0.7,1.0,0,3555.3,0
2023-06-02 14:20:45,5,43,21.9,61,19.7,1026.5,0.3,1.0,4,3555.3,0
2023-06-02 14:25:45,5,43,21.9,62,18.6,1026.4,1.0,2.0,11,3555.3,0
2023-06-02 14:30:45,5,43,21.8,62,18.9,1026.5,0.7,1.7,13,3555.3,0
2023-06-02 14:35:45,5,43,21.8,62,19.3,1026.5,0.7,1.0,4,3555.3,0
2023-06-02 14:40:45,5,44,21.8,61,19.0,1026.6,1.4,4.1,15,3555.3,0
2023-06-02 14:45:45,5,43,21.7,60,20.0,1026.4,0.3,2.0,13,3555.3,0
2023-06-02 14:50:45,5,44,21.7,63,18.7,1026.5,0.7,2.0,8,3555.3,0
2023-06-02 14:55:45,5,44,21.7,60,19.4,1026.5,0.7,1.7,11,3555.3,0
2023-06-02 15:00:45,5,44,21.6,59,19.7,1026.4,0.7,1.7,11,3555.3,0
2023-06-02 15:05:45,5,44,21.6,59,20.4,1026.4,0.7,1.0,3,3555.3,0
2023-06-02 15:10:45,5,44,21.6,60,19.3,1026.4,0.0,0.0,14,3555.3,0
2023-06-02 15:15:45,5,44,21.6,61,19.5,1026.3,0.7,1.0,11,3555.3,0
2023-06-02 15:20:45,5,44,21.6,60,19.7,1026.3,0.3,1.0,6,3555.3,0
2023-06-02 15:25:45,5,44,21.6,60,19.1,1026.2,0.3,1.0,13,3555.3,0
2023-06-02 15:30:45,5,45,21.6,60,19.7,1026.1,1.0,1.7,0,3555.3,0
2023-06-02 15:35:45,5,45,21.7,62,19.1,1026.2,0.3,1.0,1,3555.3,0
2023-06-02 15:40:45,5,45,21.7,63,18.6,1026.0,0.7,1.0,13,3555.3,0
2023-06-02 15:45:45,5,45,21.7,64,18.7,1025.9,1.4,2.7,0,3555.3,0
2023-06-02 15:50:45,5,45,21.8,63,19.1,1025.8,0.7,1.0,6,3555.3,0
2023-06-02 15:55:45,5,45,21.8,60,19.9,1025.7,0.3,1.0,2,3555.3,0
2023-06-02 16:00:45,5,46,21.8,60,19.9,1025.7,0.3,0.7,7,3555.3,0
2023-06-02 16:05:45,5,46,21.8,60,19.6,1025.7,0.7,2.0,6,3555.3,0
2023-06-02 16:10:45,5,46,21.9,62,19.5,1025.7,0.3,0.7,14,3555.3,0
2023-06-02 16:15:45,5,46,21.9,62,19.3,1025.6,0.7,1.7,13,3555.3,0
2023-06-02 16:20:45,5,45,22.0,60,19.0,1025.5,1.0,2.0,14,3555.3,0
2023-06-02 16:25:45,5,45,22.1,62,19.1,1025.4,0.7,2.0,13,3555.3,0
2023-06-02 16:30:45,5,45,22.1,64,19.0,1025.3,1.0,2.7,15,3555.3,0
2023-06-02 16:35:45,5,45,22.2,65,19.0,1025.2,0.3,1.0,13,3555.3,0
2023-06-02 16:40:45,5,45,22.2,64,18.6,1025.3,1.4,2.7,14,3555.3,0
2023-06-02 16:45:45,5,45,22.2,64,18.7,1025.3,1.4,2.7,3,3555.3,0
2023-06-02 16:50:45,5,45,22.2,66,18.2,1025.2,0.7,1.0,13,3555.3,0
2023-06-02 16:55:45,5,46,22.2,66,18.1,1025.3,0.3,1.0,13,3555.3,0
2023-06-02 17:00:45,5,46,22.2,65,18.3,1025.2,0.7,1.0,3,3555.3,0
2023-06-02 17:05:45,5,46,22.2,65,18.4,1025.3,0.7,1.7,13,3555.3,0
2023-06-02 17:10:45,5,46,22.2,64,18.6,1025.3,0.7,1.0,2,3555.3,0
2023-06-02 17:15:45,5,46,22.2,63,18.6,1025.2,0.7,1.0,3,3555.3,0
2023-06-02 17:20:45,5,46,22.2,63,18.4,1025.2,0.7,2.7,13,3555.3,0
2023-06-02 17:25:45,5,46,22.2,63,18.3,1025.3,1.0,2.0,14,3555.3,0
2023-06-02 17:30:45,5,47,22.2,63,18.4,1025.3,0.0,0.7,14,3555.3,0
2023-06-02 17:35:45,5,47,22.2,63,18.2,1025.3,0.7,1.7,2,3555.3,0
2023-06-02 17:40:45,5,48,22.2,62,18.2,1025.2,0.7,2.0,5,3555.3,0
2023-06-02 17:45:45,5,48,22.2,62,18.1,1025.3,0.7,1.7,13,3555.3,0
2023-06-02 17:50:45,5,48,22.2,62,18.2,1025.3,0.3,0.7,3,3555.3,0
2023-06-02 17:55:45,5,48,22.2,61,18.0,1025.4,0.3,1.0,15,3555.3,0
2023-06-02 18:00:45,5,47,22.1,61,17.9,1025.2,1.4,2.0,14,3555.3,0
2023-06-02 18:05:45,5,47,22.1,61,17.9,1025.3,0.7,1.7,15,3555.3,0
2023-06-02 18:10:45,5,47,22.1,60,17.8,1025.4,0.7,2.0,3,3555.3,0
2023-06-02 18:15:45,5,47,22.1,60,17.7,1025.3,0.7,2.0,2,3555.3,0
2023-06-02 18:20:45,5,47,22.1,60,17.7,1025.3,1.0,2.0,6,3555.3,0
2023-06-02 18:25:45,5,47,22.1,60,17.6,1025.4,0.7,1.0,14,3555.3,0
2023-06-02 18:30:45,5,45,22.0,61,17.6,1025.4,0.0,0.7,0,3555.3,0
2023-06-02 18:35:45,5,45,21.9,62,17.5,1025.5,0.3,0.7,4,3555.3,0
2023-06-02 18:40:45,5,44,21.9,62,17.4,1025.6,0.7,1.7,14,3555.3,0
2023-06-02 18:45:45,5,44,21.9,61,17.3,1025.5,0.3,1.0,14,3555.3,0
2023-06-02 18:50:45,5,43,21.8,63,17.2,1025.6,0.0,0.7,1,3555.3,0
2023-06-02 18:55:45,5,43,21.8,64,17.1,1025.7,0.7,1.0,13,3555.3,0
2023-06-02 19:00:45,5,44,21.7,66,17.0,1025.7,0.3,1.7,3,3555.3,0
2023-06-02 19:05:45,5,44,21.7,68,16.8,1025.7,1.0,3.1,3,3555.3,0
2023-06-02 19:10:45,5,45,21.6,70,16.7,1025.7,1.0,2.7,0,3555.3,0
2023-06-02 19:15:45,5,45,21.6,72,16.5,1025.7,0.3,1.7,5,3555.3,0
2023-06-02 19:20:45,5,46,21.6,73,16.4,1025.7,0.7,1.7,0,3555.3,0
2023-06-02 19:25:45,5,46,21.5,74,16.4,1025.8,0.3,1.0,13,3555.3,0
2023-06-02 19:30:45,5,47,21.5,75,16.3,1025.8,0.3,1.0,15,3555.3,0
2023-06-02 19:35:45,5,48,21.5,76,16.1,1025.9,0.7,1.0,4,3555.3,0
2023-06-02 19:40:45,5,48,21.4,77,16.0,1026.0,0.7,2.0,13,3555.3,0
2023-06-02 19:45:45,5,49,21.3,77,15.9,1026.1,0.3,1.0,9,3555.3,0
2023-06-02 19:50:45,5,49,21.3,78,15.9,1026.2,0.7,1.7,5,3555.3,0
2023-06-02 19:55:45,5,49,21.3,78,15.8,1026.3,0.0,0.7,2,3555.3,0
2023-06-02 20:00:45,5,49,21.2,79,15.7,1026.1,0.3,1.0,12,3555.3,0
2023-06-02 20:05:45,5,49,21.2,80,15.6,1026.4,1.0,2.7,2,3555.3,0
2023-06-02 20:10:45,5,50,21.2,80,15.6,1026.4,0.3,0.7,3,3555.3,0
2023-06-02 20:15:45,5,50,21.2,81,15.5,1026.5,0.7,1.7,13,3555.3,0
2023-06-02 20:20:45,5,50,21.2,81,15.4,1026.4,0.7,1.7,14,3555.3,0
2023-06-02 20:25:45,5,50,21.2,82,15.3,1026.4,0.7,1.7,1,3555.3,0
2023-06-02 20:30:45,5,50,21.1,82,15.2,1026.5,0.3,1.0,15,3555.3,0
2023-06-02 20:35:45,5,50,21.1,83,15.1,1026.5,1.0,2.0,14,3555.3,0
2023-06-02 20:40:45,5,51,21.1,83,15.1,1026.5,0.3,2.0,15,3555.3,0
2023-06-02 20:45:45,5,51,21.1,83,15.0,1026.6,0.7,2.0,13,3555.3,0
2023-06-02 20:50:45,5,51,21.1,84,14.8,1026.6,0.3,0.7,0,3555.3,0
2023-06-02 20:55:45,5,51,21.1,84,14.7,1026.9,0.3,1.0,0,3555.3,0
2023-06-02 21:00:45,5,51,21.0,85,14.7,1026.8,0.3,1.0,14,3555.3,0
2023-06-02 21:05:45,5,51,21.0,85,14.6,1026.8,0.3,0.7,15,3555.3,0
2023-06-02 21:10:45,5,51,21.0,85,14.5,1026.7,0.3,0.7,15,3555.3,0
2023-06-02 21:15:45,5,51,21.0,86,14.4,1026.8,0.0,0.7,2,3555.3,0
2023-06-02 21:20:45,5,52,21.0,86,14.3,1026.9,1.0,1.7,3,3555.3,0
2023-06-02 21:25:45,5,52,21.0,86,14.3,1026.9,0.3,0.7,14,3555.3,0
2023-06-02 21:30:45,5,53,20.9,86,14.2,1026.9,0.3,1.0,14,3555.3,0
2023-06-02 21:35:45,5,53,20.9,87,14.2,1026.9,0.3,1.0,0,3555.3,0
2023-06-02 21:40:45,5,53,20.9,87,14.1,1027.0,0.0,0.0,15,3555.3,0
2023-06-02 21:45:45,5,53,20.9,87,14.1,1026.9,0.0,0.0,1,3555.3,0
2023-06-02 21:50:45,5,53,20.9,87,14.0,1027.1,0.3,1.0,15,3555.3,0
2023-06-02 21:55:45,5,54,20.9,88,14.0,1026.9,0.3,0.7,15,3555.3,0
2023-06-02 22:00:45,5,54,20.9,88,13.9,1027.0,0.3,0.7,1,3555.3,0
2023-06-02 22:06:46,5,54,20.8,88,13.9,1027.0,0.3,0.7,1,3555.3,0
2023-06-02 22:11:46,5,54,20.7,88,13.8,1027.0,0.3,0.7,15,3555.3,0
2023-06-02 22:16:46,5,54,20.7,89,13.8,1027.0,0.3,0.7,0,3555.3,0
2023-06-02 22:21:46,5,54,20.7,89,13.7,1027.0,0.3,1.0,0,3555.3,0
2023-06-02 22:26:46,5,54,20.7,89,13.7,1027.1,0,0,15,3555.3,0
2023-06-02 22:31:46,5,54,20.7,89,13.6,1027.1,0.3,0.7,14,3555.3,0
2023-06-02 22:36:46,5,54,20.7,90,13.6,1027.2,0.7,1.0,0,3555.3,0
2023-06-02 22:41:46,5,54,20.6,90,13.5,1027.1,0.7,1.7,15,3555.3,0
2023-06-02 22:46:46,5,54,20.6,90,13.5,1027.1,0.7,2.0,1,3555.3,0
2023-06-02 22:51:46,5,54,20.6,90,13.4,1027.1,0,0.7,14,3555.3,0
2023-06-02 22:56:46,5,54,20.6,90,13.3,1027.1,0,0,14,3555.3,0
2023-06-02 23:01:46,5,54,20.5,90,13.3,1027.2,0.3,0.7,15,3555.3,0
2023-06-02 23:06:46,5,54,20.5,90,13.2,1027.2,0.3,0.7,0,3555.3,0
2023-06-02 23:11:46,5,55,20.5,91,13.1,1027.2,0.3,1.0,15,3555.3,0
2023-06-02 23:16:46,5,55,20.5,91,13.1,1027.3,0,0.7,0,3555.3,0
2023-06-02 23:21:46,5,55,20.4,91,13.1,1027.4,0.3,1.0,14,3555.3,0
2023-06-02 23:26:46,5,55,20.4,91,13.0,1027.4,0,0.7,13,3555.3,0
2023-06-02 23:31:46,5,55,20.4,91,13.0,1027.5,0,0,15,3555.3,0
2023-06-02 23:36:46,5,55,20.4,91,12.9,1027.5,0.3,0.7,14,3555.3,0
2023-06-02 23:41:46,5,55,20.3,91,12.9,1027.6,0,0,1,3555.3,0
2023-06-02 23:46:46,5,55,20.3,91,12.8,1027.5,0,0,15,3555.3,0
2023-06-02 23:51:46,5,55,20.3,91,12.7,1027.6,0,0,2,3555.3,0
2023-06-02 23:56:46,5,55,20.3,91,12.7,1027.7,0,0.7,1,3555.3,0
