2022-07-07 00:01:02,5,56,23.4,86,18.7,1023.6,0.3,1.0,5,2554.5,0
2022-07-07 00:06:02,5,57,23.4,86,18.8,1023.6,1.4,2.7,8,2554.5,0
2022-07-07 00:11:02,5,57,23.4,86,18.8,1023.5,0.0,0.7,6,2554.5,0
2022-07-07 00:16:02,5,57,23.4,86,18.8,1023.4,0.3,1.7,4,2554.5,0
2022-07-07 00:21:02,5,57,23.4,86,18.8,1023.4,1.0,1.7,8,2554.5,0
2022-07-07 00:26:02,5,57,23.4,85,18.9,1023.4,0.7,1.7,9,2554.5,0
2022-07-07 00:31:02,5,57,23.4,84,18.9,1023.4,0.0,0.7,5,2554.5,0
2022-07-07 00:36:02,5,57,23.4,84,19.0,1023.3,0.7,1.7,3,2554.5,0
2022-07-07 00:41:02,5,57,23.4,82,19.0,1023.2,0.3,1.0,3,2554.5,0
2022-07-07 00:46:02,5,56,23.4,80,19.1,1023.1,0.3,0.7,5,2554.5,0
2022-07-07 00:51:02,5,56,23.4,78,19.0,1023.1,0.3,1.0,5,2554.5,0
2022-07-07 00:56:02,5,56,23.4,75,19.2,1022.9,0.7,1.0,6,2554.5,0
2022-07-07 01:01:02,5,56,23.4,75,19.2,1023.0,1.0,1.0,2,2554.5,0
2022-07-07 01:06:02,5,56,23.4,74,19.2,1023.0,0.3,1.7,9,2554.5,0
2022-07-07 01:11:02,5,56,23.3,75,19.2,1023.0,0.0,0.0,4,2554.5,0
2022-07-07 01:16:02,5,55,23.3,74,19.2,1022.9,1.0,1.7,14,2554.5,0
2022-07-07 01:21:02,5,55,23.3,74,19.2,1023.1,1.0,1.7,1,2554.5,0
2022-07-07 01:26:02,5,55,23.3,74,19.2,1023.0,0.3,0.7,0,2554.5,0
2022-07-07 01:31:02,5,55,23.3,75,19.1,1023.0,1.7,3.7,3,2554.5,0
2022-07-07 01:36:02,5,55,23.3,76,19.0,1023.0,0.7,1.0,6,2554.5,0
2022-07-07 01:41:02,5,55,23.3,77,18.9,1023.0,0.7,1.0,0,2554.5,0
2022-07-07 01:46:02,5,55,23.3,78,18.7,1023.1,1.4,5.8,3,2554.5,0
2022-07-07 01:51:02,5,55,23.3,79,18.5,1023.0,0.3,1.0,4,2554.5,0
2022-07-07 01:56:02,5,55,23.3,80,18.4,1023.0,0.3,1.0,2,2554.5,0
2022-07-07 02:01:02,5,55,23.3,80,18.4,1023.1,1.0,2.7,6,2554.5,0
2022-07-07 02:06:02,5,56,23.2,81,18.2,1023.1,1.0,2.7,0,2554.5,0
2022-07-07 02:11:02,5,56,23.2,81,18.1,1023.1,0.7,1.0,1,2554.5,0
2022-07-07 02:16:02,5,56,23.2,81,18.1,1023.0,0.7,2.7,13,2554.5,0
2022-07-07 02:21:02,5,56,23.1,80,18.1,1023.0,2.0,5.8,15,2554.5,0
2022-07-07 02:26:02,5,56,23.1,82,17.9,1023.0,0.7,2.0,3,2554.5,0
2022-07-07 02:31:02,5,56,23.1,82,17.7,1023.0,1.7,3.7,0,2554.5,0
2022-07-07 02:36:02,5,56,23.1,83,17.7,1023.0,1.0,3.1,0,2554.5,0
2022-07-07 02:41:02,5,56,23.1,84,17.7,1023.2,0.7,1.7,4,2554.5,0
2022-07-07 02:46:02,5,56,23.1,85,17.6,1023.2,0.3,0.7,5,2554.5,0
2022-07-07 02:51:02,5,56,23.1,86,17.4,1023.1,0.3,1.0,6,2554.5,0
2022-07-07 02:56:02,5,56,23.1,86,17.4,1023.0,0.7,1.0,8,2554.5,0
2022-07-07 03:01:02,5,56,23.1,85,17.4,1023.2,1.7,2.7,6,2554.5,0
2022-07-07 03:06:02,5,56,23.1,84,17.5,1023.0,0.3,1.0,7,2554.5,0
2022-07-07 03:11:02,5,56,23.1,84,17.6,1023.0,0.7,2.0,15,2554.5,0
2022-07-07 03:16:02,5,56,23.1,84,17.6,1023.0,0.3,0.7,3,2554.5,0
2022-07-07 03:21:02,5,56,23.0,84,17.6,1022.9,0.3,1.0,4,2554.5,0
2022-07-07 03:26:02,5,56,23.0,84,17.6,1023.0,1.0,2.0,7,2554.5,0
2022-07-07 03:31:02,5,56,23.0,84,17.7,1023.0,1.0,2.7,8,2554.5,0
2022-07-07 03:36:02,5,56,23.0,85,17.3,1023.1,0.7,1.7,15,2554.5,0
2022-07-07 03:41:02,5,57,23.0,87,17.1,1023.3,0.3,0.7,3,2554.5,0
2022-07-07 03:46:02,5,57,23.0,88,16.9,1023.5,0.0,0.7,4,2554.5,0
2022-07-07 03:51:02,5,57,23.0,89,16.6,1023.3,0.7,1.7,3,2554.5,0
2022-07-07 03:56:02,5,57,23.0,89,16.4,1023.4,0.7,1.0,0,2554.5,0
2022-07-07 04:01:02,5,57,23.0,90,16.3,1023.5,0.3,1.0,5,2554.5,0
2022-07-07 04:06:02,5,57,23.0,90,16.3,1023.4,0.7,1.7,3,2554.5,0
2022-07-07 04:11:02,5,57,23.0,90,16.2,1023.4,0.3,0.7,5,2554.5,0
2022-07-07 04:16:02,5,57,22.9,90,16.2,1023.4,0.7,1.0,4,2554.5,0
2022-07-07 04:21:02,5,57,22.9,90,16.3,1023.6,0.3,0.7,3,2554.5,0
2022-07-07 04:26:02,5,57,22.9,89,16.3,1023.5,0.7,1.0,15,2554.5,0
2022-07-07 04:31:02,5,57,22.9,89,16.3,1023.6,0.7,1.0,2,2554.5,0
2022-07-07 04:36:02,5,57,22.9,89,16.4,1023.7,0.3,1.7,15,2554.5,0
2022-07-07 04:41:02,5,57,22.9,89,16.4,1023.6,0.0,0.7,6,2554.5,0
2022-07-07 04:46:02,5,57,22.9,88,16.5,1023.7,0.7,1.7,4,2554.5,0
2022-07-07 04:51:02,5,57,22.9,88,16.6,1023.7,0.3,0.7,1,2554.5,0
2022-07-07 04:56:02,5,57,22.9,87,16.7,1023.9,0.3,1.0,2,2554.5,0
2022-07-07 05:01:02,5,57,22.9,87,16.7,1023.9,0.3,0.7,0,2554.5,0
2022-07-07 05:06:02,5,57,22.9,86,16.5,1024.2,1.0,1.7,3,2554.5,0
2022-07-07 05:11:02,5,57,22.9,86,16.6,1024.4,0.7,1.7,8,2554.5,0
2022-07-07 05:16:02,5,57,22.9,85,16.6,1024.3,0.7,1.0,0,2554.5,0
2022-07-07 05:21:02,5,57,22.9,83,16.6,1024.3,0.3,0.7,1,2554.5,0
2022-07-07 05:26:02,5,56,22.9,82,16.7,1024.4,0.3,0.7,15,2554.5,0
2022-07-07 05:31:02,5,56,22.9,82,16.8,1024.4,0.0,0.7,5,2554.5,0
2022-07-07 05:36:02,5,56,22.9,81,16.8,1024.5,0.3,1.7,3,2554.5,0
2022-07-07 05:41:02,5,56,22.9,81,16.9,1024.6,0.3,0.7,1,2554.5,0
2022-07-07 05:46:02,5,56,22.9,81,16.9,1024.6,0.7,2.0,7,2554.5,0
2022-07-07 05:51:02,5,56,22.9,80,16.8,1024.7,0.3,0.7,3,2554.5,0
2022-07-07 05:56:02,5,56,23.0,81,16.7,1024.8,1.0,1.7,1,2554.5,0
2022-07-07 06:01:02,5,56,23.0,83,16.6,1024.8,0.7,1.7,14,2554.5,0
2022-07-07 06:06:02,5,56,23.0,83,16.6,1024.9,0.7,1.7,14,2554.5,0
2022-07-07 06:11:02,5,56,23.0,82,16.8,1025.0,0.3,1.7,1,2554.5,0
2022-07-07 06:16:02,5,56,23.0,81,17.0,1024.9,0.3,1.0,14,2554.5,0
2022-07-07 06:21:02,5,56,23.0,80,17.2,1025.0,0.3,1.0,3,2554.5,0
2022-07-07 06:26:02,5,56,23.0,79,17.4,1025.0,0.7,1.7,1,2554.5,0
2022-07-07 06:31:02,5,56,23.1,79,17.3,1025.1,0.7,1.7,1,2554.5,0
2022-07-07 06:36:02,5,55,23.1,80,16.8,1025.2,1.0,2.0,1,2554.5,0
2022-07-07 06:41:02,5,55,23.1,81,16.9,1025.1,1.0,1.7,0,2554.5,0
2022-07-07 06:46:02,5,55,23.1,83,16.6,1025.3,1.0,3.1,14,2554.5,0
2022-07-07 06:51:02,5,56,23.1,87,16.1,1025.3,0.7,1.7,1,2554.8,0
2022-07-07 06:56:02,5,56,23.1,88,16.3,1025.4,0.7,1.7,0,2554.8,0
2022-07-07 07:01:02,5,57,23.4,86,16.9,1025.0,0.3,1.0,2,2554.8,0
2022-07-07 07:06:02,5,57,23.7,85,17.4,1024.9,0.0,0.7,15,2554.8,0
2022-07-07 07:11:02,5,57,23.8,84,17.4,1024.8,0.3,1.0,2,2554.8,0
2022-07-07 07:16:02,5,55,24.1,84,17.4,1024.5,0.3,1.0,3,2554.8,0
2022-07-07 07:21:02,5,54,24.1,84,17.2,1024.6,0.7,1.0,2,2554.8,0
2022-07-07 07:26:02,5,54,24.1,84,16.7,1024.6,1.0,1.7,1,2554.8,0
2022-07-07 07:31:02,5,54,24.1,85,16.7,1024.6,0.7,1.0,5,2554.8,0
2022-07-07 07:36:02,5,54,24.1,85,16.9,1024.8,0.7,1.0,2,2554.8,0
2022-07-07 07:41:02,5,54,24.1,82,17.7,1024.8,0.7,2.0,15,2554.8,0
2022-07-07 07:46:02,5,54,24.2,79,17.6,1024.6,2.0,3.1,1,2554.8,0
2022-07-07 07:51:02,5,54,24.3,78,18.2,1024.7,0.3,2.0,4,2554.8,0
2022-07-07 07:56:02,5,54,24.4,76,18.3,1024.6,1.4,2.7,1,2554.8,0
2022-07-07 08:01:02,5,54,24.4,76,17.9,1024.6,0.7,1.7,10,2554.8,0
2022-07-07 08:06:02,5,54,24.4,77,17.4,1024.8,1.7,3.1,15,2554.8,0
2022-07-07 08:11:02,5,54,24.4,83,16.9,1025.0,0.7,2.7,1,2554.8,0
2022-07-07 08:16:02,5,54,24.4,85,16.6,1025.0,1.0,2.0,12,2554.8,0
2022-07-07 08:21:02,5,54,24.4,82,17.2,1025.1,1.0,2.0,11,2554.8,0
2022-07-07 08:26:02,5,54,24.3,81,17.3,1025.1,0.7,1.7,14,2554.8,0
2022-07-07 08:31:02,5,54,24.3,82,16.9,1025.0,1.0,2.0,0,2554.8,0
2022-07-07 08:36:02,5,54,24.3,82,17.3,1025.2,0.7,1.7,1,2554.8,0
2022-07-07 08:41:02,5,54,24.3,83,17.0,1025.3,0.3,1.0,13,2554.8,0
2022-07-07 08:46:02,5,54,24.3,85,16.8,1025.4,1.4,2.7,0,2554.8,0
2022-07-07 08:51:02,5,54,24.3,85,17.3,1025.4,1.0,1.7,1,2554.8,0
2022-07-07 08:56:02,5,54,24.3,82,17.5,1025.4,1.0,2.0,4,2554.8,0
2022-07-07 09:01:02,5,54,24.3,84,17.3,1025.4,0.7,1.7,1,2554.8,0
2022-07-07 09:06:02,5,54,24.4,83,17.6,1025.5,1.0,2.0,10,2554.8,0
2022-07-07 09:11:02,5,54,24.4,80,18.2,1025.6,1.0,3.1,12,2554.8,0
2022-07-07 09:16:02,5,54,24.4,78,19.0,1025.5,0.7,1.7,1,2554.8,0
2022-07-07 09:21:02,5,54,24.4,78,18.0,1025.5,1.4,2.7,13,2554.8,0
2022-07-07 09:26:02,5,54,24.4,82,18.1,1025.5,0.7,1.7,1,2554.8,0
2022-07-07 09:31:02,5,53,24.4,82,17.9,1025.7,1.0,2.0,3,2554.8,0
2022-07-07 09:36:02,5,54,24.4,83,17.7,1025.6,1.0,2.0,4,2554.8,0
2022-07-07 09:41:02,5,53,24.4,83,17.8,1025.8,0.7,1.0,2,2554.8,0
2022-07-07 09:46:02,5,54,24.4,81,17.8,1025.9,0.7,1.7,0,2554.8,0
2022-07-07 09:51:02,5,53,24.4,82,17.6,1025.9,1.0,2.0,3,2554.8,0
2022-07-07 09:56:02,5,53,24.5,81,17.8,1026.0,0.3,1.7,3,2554.8,0
2022-07-07 10:01:02,5,53,24.5,82,17.5,1026.2,1.4,2.7,0,2554.8,0
2022-07-07 10:06:02,5,53,24.4,82,17.6,1026.2,0.7,1.0,2,2554.8,0
2022-07-07 10:11:02,5,53,24.4,81,17.8,1026.3,0.7,3.1,1,2554.8,0
2022-07-07 10:16:02,5,53,24.4,79,18.1,1026.3,0.7,1.7,0,2554.8,0
2022-07-07 10:21:02,5,53,24.4,82,18.0,1026.6,0.7,1.7,13,2554.8,0
2022-07-07 10:26:02,5,53,24.4,87,17.0,1026.6,1.0,2.0,7,2555.1,0
2022-07-07 10:31:02,5,53,24.4,89,16.9,1026.7,0.7,1.7,1,2555.1,0
2022-07-07 10:36:02,5,53,24.4,89,16.8,1026.8,0.7,2.0,0,2555.1,0
2022-07-07 10:41:02,5,53,24.4,86,17.3,1026.7,0.3,1.0,0,2555.1,0
2022-07-07 10:46:02,5,53,24.4,85,17.6,1026.8,0.7,1.7,14,2555.1,0
2022-07-07 10:51:02,5,53,24.4,83,17.3,1027.0,1.4,3.1,15,2555.1,0
2022-07-07 10:56:02,5,53,24.4,83,17.6,1026.9,1.4,2.7,0,2555.1,0
2022-07-07 11:01:02,5,53,24.4,79,18.8,1027.0,1.4,3.1,1,2555.1,0
2022-07-07 11:06:02,5,53,24.4,78,18.5,1026.9,1.7,2.7,2,2555.1,0
2022-07-07 11:11:02,5,53,24.4,77,18.2,1027.1,0.7,1.7,15,2555.1,0
2022-07-07 11:16:02,5,53,24.4,81,18.2,1027.2,0.7,1.0,15,2555.1,0
2022-07-07 11:21:02,5,53,24.4,82,17.6,1027.3,0.7,1.7,1,2555.1,0
2022-07-07 11:26:02,5,54,24.4,81,18.4,1027.3,0.7,1.7,0,2555.1,0
2022-07-07 11:31:02,5,54,24.4,79,18.4,1027.3,0.7,1.7,14,2555.1,0
2022-07-07 11:36:02,5,54,24.4,81,17.8,1027.7,1.0,2.0,4,2555.1,0
2022-07-07 11:41:02,5,54,24.5,86,17.1,1027.6,1.0,1.7,2,2555.1,0
2022-07-07 11:46:02,5,54,24.5,87,17.5,1027.6,0.7,4.1,13,2555.1,0
2022-07-07 11:51:02,5,54,24.6,86,17.7,1027.6,0.7,1.7,4,2555.1,0
2022-07-07 11:56:02,5,54,24.6,85,17.7,1027.5,0.3,2.0,15,2555.1,0
2022-07-07 12:01:02,5,54,24.6,88,17.0,1027.8,1.0,1.7,0,2555.1,0
2022-07-07 12:06:02,5,54,24.6,88,16.4,1027.8,1.0,4.1,11,2555.1,0
2022-07-07 12:11:02,5,54,24.6,87,16.8,1027.8,0.3,1.0,15,2555.1,0
2022-07-07 12:16:02,5,54,24.6,85,17.4,1027.9,1.0,2.7,0,2555.1,0
2022-07-07 12:21:02,5,54,24.6,80,17.9,1027.8,1.7,3.1,3,2555.1,0
2022-07-07 12:26:02,5,54,24.6,78,18.6,1028.0,0.3,1.7,0,2555.1,0
2022-07-07 12:31:02,5,53,24.7,77,18.0,1027.8,1.7,3.1,1,2555.1,0
2022-07-07 12:36:02,5,53,24.7,76,18.3,1027.9,1.4,3.7,9,2555.1,0
2022-07-07 12:41:02,5,53,24.7,74,18.9,1028.0,0.3,0.7,15,2555.1,0
2022-07-07 12:46:02,5,52,24.7,71,18.8,1027.9,1.4,3.7,3,2555.1,0
2022-07-07 12:51:02,5,52,24.7,71,18.5,1028.1,1.0,2.0,3,2555.1,0
2022-07-07 12:56:02,5,52,24.7,71,18.7,1028.1,1.4,3.1,8,2555.1,0
2022-07-07 13:01:02,5,52,24.7,70,18.8,1028.1,1.4,4.8,2,2555.1,0
2022-07-07 13:06:02,5,51,24.8,65,19.5,1028.1,0.7,1.0,15,2555.1,0
2022-07-07 13:11:02,5,51,24.8,66,19.7,1028.2,1.0,2.7,15,2555.1,0
2022-07-07 13:16:02,5,51,24.8,64,19.9,1028.1,1.0,2.0,1,2555.1,0
2022-07-07 13:21:02,5,50,24.8,64,18.9,1028.1,2.0,4.8,4,2555.1,0
2022-07-07 13:26:02,5,49,24.8,66,18.8,1028.4,1.0,2.0,1,2555.1,0
2022-07-07 13:31:02,5,49,24.8,66,18.3,1028.3,2.0,3.1,4,2555.1,0
2022-07-07 13:36:02,5,48,24.8,66,18.7,1028.4,0.7,1.7,1,2555.1,0
2022-07-07 13:41:02,5,49,24.8,63,19.1,1028.4,1.4,3.7,1,2555.1,0
2022-07-07 13:46:02,5,49,24.8,63,19.0,1028.6,1.7,4.8,13,2555.1,0
2022-07-07 13:51:02,5,49,24.8,64,19.1,1028.4,1.0,2.0,8,2555.1,0
2022-07-07 13:56:02,5,48,24.9,65,18.8,1028.4,0.7,1.7,2,2555.1,0
2022-07-07 14:01:02,5,48,24.8,67,18.4,1028.6,1.4,2.7,0,2555.1,0
2022-07-07 14:06:02,5,48,24.9,68,18.3,1028.8,2.4,4.8,15,2555.1,0
2022-07-07 14:11:02,5,48,24.8,68,18.3,1028.8,1.7,2.7,15,2555.1,0
2022-07-07 14:16:02,5,48,24.9,68,18.6,1028.8,0.7,1.7,14,2555.1,0
2022-07-07 14:21:02,5,48,24.9,68,18.4,1029.0,1.7,3.7,3,2555.1,0
2022-07-07 14:26:02,5,48,24.9,68,18.5,1029.0,1.0,2.0,14,2555.1,0
2022-07-07 14:31:02,5,48,24.9,68,18.8,1029.0,0.3,1.0,2,2555.1,0
2022-07-07 14:36:02,5,48,24.9,69,18.6,1028.9,0.3,0.7,1,2555.1,0
2022-07-07 14:41:02,5,48,24.9,69,18.3,1029.1,1.0,2.0,2,2555.1,0
2022-07-07 14:46:02,5,48,24.8,68,18.6,1029.0,0.3,1.0,13,2555.1,0
2022-07-07 14:51:02,5,48,24.8,65,18.5,1029.0,1.0,2.0,5,2555.1,0
2022-07-07 14:56:02,5,48,24.8,64,18.5,1029.0,1.4,3.7,12,2555.1,0
2022-07-07 15:01:02,5,48,24.8,66,18.6,1029.3,0.7,2.0,14,2555.1,0
2022-07-07 15:06:02,5,48,24.8,67,18.2,1029.4,0.7,1.7,0,2555.1,0
2022-07-07 15:11:02,5,47,24.8,67,18.3,1029.3,1.0,1.7,3,2555.1,0
2022-07-07 15:16:02,5,47,24.8,65,18.1,1029.4,2.0,3.1,15,2555.1,0
2022-07-07 15:21:02,5,47,24.7,67,18.1,1029.3,0.7,1.7,15,2555.1,0
2022-07-07 15:26:02,5,47,24.7,67,17.9,1029.5,1.7,2.0,1,2555.1,0
2022-07-07 15:31:02,5,46,24.7,67,18.1,1029.6,0.7,1.7,1,2555.1,0
2022-07-07 15:36:02,5,46,24.7,67,18.4,1029.5,0.3,1.0,15,2555.1,0
2022-07-07 15:41:02,5,46,24.7,66,18.5,1029.6,0.7,2.0,1,2555.1,0
2022-07-07 15:46:02,5,46,24.7,64,18.7,1029.6,0.3,1.0,14,2555.1,0
2022-07-07 15:51:02,5,47,24.7,63,18.5,1029.6,1.4,2.7,3,2555.1,0
2022-07-07 15:56:02,5,47,24.7,64,18.1,1029.6,0.3,1.0,8,2555.1,0
2022-07-07 16:01:02,5,47,24.7,63,18.1,1029.8,1.0,1.7,0,2555.1,0
2022-07-07 16:06:02,5,47,24.7,61,18.1,1029.8,1.0,2.7,3,2555.1,0
2022-07-07 16:11:02,5,47,24.7,63,18.1,1029.7,0.3,1.0,4,2555.1,0
2022-07-07 16:16:02,5,47,24.7,63,18.0,1029.9,1.4,3.1,1,2555.1,0
2022-07-07 16:21:02,5,45,24.7,64,17.8,1029.8,1.4,2.7,14,2555.1,0
2022-07-07 16:26:02,5,44,24.7,65,18.2,1030.0,0.3,1.7,14,2555.1,0
2022-07-07 16:31:02,5,44,24.7,65,18.3,1029.9,0.7,2.0,15,2555.1,0
2022-07-07 16:36:02,5,44,24.7,64,18.3,1030.0,1.0,2.7,2,2555.1,0
2022-07-07 16:41:02,5,44,24.7,66,17.9,1030.1,0.7,1.7,5,2555.1,0
2022-07-07 16:46:02,5,44,24.6,67,17.9,1030.2,0.3,0.7,15,2555.1,0
2022-07-07 16:51:02,5,44,24.6,68,17.8,1030.2,0.7,1.7,5,2555.1,0
2022-07-07 16:56:02,5,44,24.6,69,17.7,1030.2,0.7,2.0,5,2555.1,0
2022-07-07 17:01:02,5,44,24.6,69,17.4,1030.3,1.0,3.1,0,2555.1,0
2022-07-07 17:06:02,5,44,24.6,69,17.6,1030.3,1.0,2.0,2,2555.1,0
2022-07-07 17:11:02,5,44,24.6,68,17.7,1030.3,0.7,1.7,15,2555.1,0
2022-07-07 17:16:02,5,44,24.5,66,17.3,1030.4,1.4,2.7,14,2555.1,0
2022-07-07 17:21:02,5,44,24.4,65,17.6,1030.4,1.4,2.7,5,2555.1,0
2022-07-07 17:26:02,5,44,24.4,65,17.6,1030.5,1.0,1.7,2,2555.1,0
2022-07-07 17:31:02,5,44,24.4,63,17.3,1030.4,1.7,2.7,2,2555.1,0
2022-07-07 17:36:02,5,43,24.4,65,17.3,1030.6,0.3,1.0,14,2555.1,0
2022-07-07 17:41:02,5,43,24.4,65,17.0,1030.5,1.0,1.7,3,2555.1,0
2022-07-07 17:46:02,5,43,24.4,65,17.1,1030.6,0.7,1.7,1,2555.1,0
2022-07-07 17:51:02,5,43,24.3,67,17.1,1030.6,0.7,1.7,1,2555.1,0
2022-07-07 17:56:02,5,43,24.3,68,17.2,1030.8,0.7,1.0,2,2555.1,0
2022-07-07 18:01:02,5,43,24.3,68,17.1,1030.9,0.3,1.7,3,2555.1,0
2022-07-07 18:06:02,5,43,24.2,68,17.1,1030.8,0.7,1.0,15,2555.1,0
2022-07-07 18:11:02,5,43,24.2,68,16.9,1030.9,0.7,2.7,1,2555.1,0
2022-07-07 18:16:02,5,43,24.1,67,16.8,1030.8,0.7,1.0,0,2555.1,0
2022-07-07 18:21:02,5,43,24.1,67,17.0,1031.1,0.3,1.0,2,2555.1,0
2022-07-07 18:26:02,5,43,24.1,67,17.0,1031.1,0.0,0.0,15,2555.1,0
2022-07-07 18:31:02,5,43,24.0,68,17.1,1031.2,0.0,0.7,1,2555.1,0
2022-07-07 18:36:02,5,43,24.0,69,17.0,1031.2,0.7,1.7,3,2555.1,0
2022-07-07 18:41:02,5,43,24.0,70,16.8,1031.4,1.4,2.7,14,2555.1,0
2022-07-07 18:46:02,5,43,24.0,70,16.8,1031.4,1.0,2.0,1,2555.1,0
2022-07-07 18:51:02,5,45,23.9,70,16.8,1031.5,0.3,1.0,2,2555.1,0
2022-07-07 18:56:02,5,45,23.8,71,16.7,1031.5,0.3,0.7,3,2555.1,0
2022-07-07 19:01:02,5,45,23.8,71,16.5,1031.5,0.7,1.0,3,2555.1,0
2022-07-07 19:06:02,5,45,23.8,70,16.5,1031.7,0.3,1.0,14,2555.1,0
2022-07-07 19:11:02,5,45,23.8,70,16.5,1031.9,1.0,1.7,3,2555.1,0
2022-07-07 19:16:02,5,45,23.8,71,16.5,1032.0,0.7,1.0,1,2555.1,0
2022-07-07 19:21:02,5,45,23.7,71,16.4,1032.0,0.7,1.7,11,2555.1,0
2022-07-07 19:26:02,5,45,23.7,72,16.3,1032.0,0.7,1.7,2,2555.1,0
2022-07-07 19:31:02,5,45,23.6,71,16.3,1032.1,0.3,1.7,15,2555.1,0
2022-07-07 19:36:02,5,45,23.6,71,16.3,1032.1,0.3,1.0,0,2555.1,0
2022-07-07 19:41:02,5,45,23.6,71,16.3,1032.3,0.3,1.0,15,2555.1,0
2022-07-07 19:46:02,5,45,23.6,71,16.3,1032.3,0.7,1.0,15,2555.1,0
2022-07-07 19:51:02,5,45,23.5,71,16.2,1032.4,0.7,1.7,1,2555.1,0
2022-07-07 19:56:02,5,46,23.5,71,16.3,1032.5,0.7,1.0,6,2555.1,0
2022-07-07 20:01:02,5,46,23.4,72,16.2,1032.5,0.0,0.7,0,2555.1,0
2022-07-07 20:06:02,5,46,23.4,72,16.1,1032.6,0.3,1.0,2,2555.1,0
2022-07-07 20:11:02,5,46,23.4,72,16.1,1032.8,0.7,1.0,2,2555.1,0
2022-07-07 20:16:02,5,46,23.4,72,16.1,1032.8,0.7,1.7,3,2555.1,0
2022-07-07 20:21:02,5,46,23.4,71,16.0,1032.9,0.7,1.7,0,2555.1,0
2022-07-07 20:26:02,5,47,23.4,71,16.0,1032.9,0.3,1.0,0,2555.1,0
2022-07-07 20:31:02,5,47,23.4,70,16.0,1033.0,0.3,2.0,3,2555.1,0
2022-07-07 20:36:02,5,46,23.4,70,16.0,1033.2,0.7,1.7,9,2555.1,0
2022-07-07 20:41:02,5,46,23.4,70,16.0,1033.2,0.0,0.7,1,2555.1,0
2022-07-07 20:46:02,5,46,23.4,69,16.0,1033.2,0.3,0.7,3,2555.1,0
2022-07-07 20:51:02,5,46,23.4,69,16.0,1033.2,0.3,1.0,3,2555.1,0
2022-07-07 20:56:02,5,46,23.4,69,16.0,1033.3,0.7,1.0,1,2555.1,0
2022-07-07 21:01:02,5,46,23.4,69,16.0,1033.2,0.3,1.0,2,2555.1,0
2022-07-07 21:06:02,5,46,23.4,70,16.0,1033.3,0.3,1.0,0,2555.1,0
2022-07-07 21:11:02,5,46,23.4,70,15.9,1033.2,0.3,1.0,1,2555.1,0
2022-07-07 21:16:02,5,46,23.4,70,15.9,1033.2,0.3,0.7,3,2555.1,0
2022-07-07 21:21:02,5,46,23.4,70,15.9,1033.4,0.3,2.0,0,2555.1,0
2022-07-07 21:26:02,5,46,23.4,70,15.9,1033.4,0.3,1.0,3,2555.1,0
2022-07-07 21:31:02,5,46,23.4,70,15.9,1033.6,0.3,1.0,1,2555.1,0
2022-07-07 21:36:02,5,46,23.3,71,15.9,1033.5,0.3,0.7,3,2555.1,0
2022-07-07 21:41:02,5,47,23.3,70,15.9,1033.4,0.0,0.7,0,2555.1,0
2022-07-07 21:46:02,5,47,23.3,70,15.9,1033.7,0.7,1.7,0,2555.1,0
2022-07-07 21:51:02,5,47,23.3,70,15.9,1033.8,0.7,1.7,1,2555.1,0
2022-07-07 21:56:02,5,46,23.2,70,15.9,1033.7,0.7,1.7,1,2555.1,0
2022-07-07 22:01:02,5,46,23.1,71,15.9,1033.8,0.3,1.0,0,2555.1,0
2022-07-07 22:06:02,5,46,23.1,71,15.8,1033.8,0.0,0.7,1,2555.1,0
2022-07-07 22:11:02,5,46,23.1,71,15.9,1033.9,0.7,1.7,0,2555.1,0
2022-07-07 22:16:02,5,46,23.1,71,15.8,1033.8,1.0,1.7,1,2555.1,0
2022-07-07 22:21:02,5,46,23.1,71,15.8,1033.9,0.7,1.0,0,2555.1,0
2022-07-07 22:26:02,5,47,23.1,72,15.7,1034.0,0.3,1.0,0,2555.1,0
2022-07-07 22:31:02,5,47,23.1,72,15.7,1034.0,0.0,0.7,0,2555.1,0
2022-07-07 22:36:02,5,47,23.0,72,15.6,1033.9,0.0,0.7,1,2555.1,0
2022-07-07 22:41:02,5,47,23.0,72,15.4,1033.9,0.0,0.0,1,2555.1,0
2022-07-07 22:46:02,5,47,23.0,73,15.3,1033.9,0.3,1.0,0,2555.1,0
2022-07-07 22:51:02,5,47,23.0,73,15.2,1034.0,0.0,0.0,2,2555.1,0
2022-07-07 22:56:02,5,47,23.0,73,15.1,1034.1,0.0,0.7,1,2555.1,0
2022-07-07 23:01:02,5,48,22.9,73,15.1,1034.1,0.0,0.0,2,2555.1,0
2022-07-07 23:06:02,5,48,22.9,74,15.1,1034.1,0,0.7,1,2555.1,0
2022-07-07 23:11:02,5,48,22.9,74,15.0,1034.2,0,0.7,10,2555.1,0
2022-07-07 23:16:02,5,48,22.8,75,15.0,1034.3,0,0,3,2555.1,0
2022-07-07 23:21:02,5,48,22.7,75,14.9,1034.3,0,0.7,2,2555.1,0
2022-07-07 23:26:02,5,48,22.7,75,14.8,1034.3,0,0,2,2555.1,0
2022-07-07 23:31:02,5,49,22.7,76,14.7,1034.3,0,0,2,2555.1,0
2022-07-07 23:36:02,5,49,22.7,76,14.6,1034.4,0,0,2,2555.1,0
2022-07-07 23:41:02,5,49,22.6,77,14.5,1034.5,0,0,2,2555.1,0
2022-07-07 23:46:02,5,49,22.6,77,14.3,1034.5,0,0.7,0,2555.1,0
2022-07-07 23:51:02,5,49,22.6,78,14.3,1034.7,0,0,1,2555.1,0
2022-07-07 23:56:02,5,49,22.6,78,14.2,1034.8,0,0,2,2555.1,0
