2022-07-29 00:03:01,5,48,22.7,73,16.6,1021.0,0.0,0.7,15,2559.9,0
2022-07-29 00:08:01,5,48,22.7,73,16.6,1020.9,0.3,0.7,14,2559.9,0
2022-07-29 00:13:01,5,48,22.7,74,16.5,1021.0,0.0,0.7,14,2559.9,0
2022-07-29 00:18:01,5,48,22.7,74,16.5,1020.9,0.0,0.0,2,2559.9,0
2022-07-29 00:23:01,5,48,22.7,74,16.4,1020.9,0.7,1.0,2,2559.9,0
2022-07-29 00:28:01,5,48,22.6,74,16.4,1020.8,0.0,0.0,15,2559.9,0
2022-07-29 00:33:01,5,48,22.6,74,16.3,1020.9,0.3,1.0,14,2559.9,0
2022-07-29 00:38:01,5,48,22.6,75,16.3,1020.7,0.0,0.0,14,2559.9,0
2022-07-29 00:43:01,5,48,22.6,75,16.2,1020.8,0.3,1.0,14,2559.9,0
2022-07-29 00:48:01,5,48,22.6,75,16.2,1020.8,0.0,0.0,14,2559.9,0
2022-07-29 00:53:01,5,48,22.6,75,16.1,1020.9,0.3,0.7,14,2559.9,0
2022-07-29 00:58:01,5,48,22.5,76,16.1,1020.8,0.3,1.0,14,2559.9,0
2022-07-29 01:03:01,5,48,22.5,76,16.0,1020.9,0.0,0.7,1,2559.9,0
2022-07-29 01:08:01,5,48,22.5,76,16.0,1020.7,0.3,1.0,1,2559.9,0
2022-07-29 01:13:01,5,48,22.5,76,16.0,1020.8,0.0,0.7,14,2559.9,0
2022-07-29 01:18:01,5,49,22.5,76,16.0,1020.8,0.0,0.0,15,2559.9,0
2022-07-29 01:23:01,5,49,22.4,77,15.9,1020.8,0.3,0.7,13,2559.9,0
2022-07-29 01:28:01,5,49,22.4,77,15.9,1020.7,0.0,0.7,13,2559.9,0
2022-07-29 01:33:01,5,49,22.4,77,15.9,1020.8,0.3,0.7,13,2559.9,0
2022-07-29 01:38:01,5,49,22.3,77,15.8,1020.9,0.3,0.7,15,2559.9,0
2022-07-29 01:43:01,5,49,22.3,77,15.9,1020.9,0.0,0.7,3,2559.9,0
2022-07-29 01:48:01,5,49,22.3,77,15.8,1020.8,0.0,0.7,15,2559.9,0
2022-07-29 01:53:01,5,49,22.3,77,15.8,1020.8,0.0,0.7,15,2559.9,0
2022-07-29 01:58:01,5,49,22.3,77,15.8,1020.7,0.0,0.0,0,2559.9,0
2022-07-29 02:03:01,5,49,22.3,77,15.8,1020.6,0.7,1.7,13,2559.9,0
2022-07-29 02:08:01,5,49,22.3,77,15.7,1020.8,0.3,0.7,1,2559.9,0
2022-07-29 02:13:01,5,49,22.3,77,15.7,1020.7,0.0,0.7,1,2559.9,0
2022-07-29 02:18:01,5,49,22.3,78,15.7,1020.7,0.0,0.7,14,2559.9,0
2022-07-29 02:23:01,5,49,22.3,78,15.6,1020.6,0.0,0.7,14,2559.9,0
2022-07-29 02:28:01,5,49,22.3,78,15.6,1020.7,0.0,0.0,15,2559.9,0
2022-07-29 02:33:01,5,49,22.3,78,15.6,1020.8,0.3,0.7,15,2559.9,0
2022-07-29 02:38:01,5,49,22.2,78,15.6,1020.7,0.3,1.0,15,2559.9,0
2022-07-29 02:43:01,5,49,22.2,78,15.5,1020.6,0.3,1.0,2,2559.9,0
2022-07-29 02:48:01,5,49,22.2,78,15.5,1020.7,0.0,0.7,15,2559.9,0
2022-07-29 02:53:01,5,49,22.2,78,15.4,1020.7,0.3,1.0,2,2559.9,0
2022-07-29 02:58:01,5,49,22.2,78,15.4,1020.8,0.3,1.0,14,2559.9,0
2022-07-29 03:03:01,5,49,22.2,78,15.3,1020.6,0.0,0.0,2,2559.9,0
2022-07-29 03:08:01,5,49,22.2,79,15.3,1020.7,0.3,1.0,15,2559.9,0
2022-07-29 03:13:01,5,49,22.2,79,15.3,1020.8,0.0,1.0,15,2559.9,0
2022-07-29 03:18:01,5,49,22.1,79,15.3,1020.6,0.3,1.0,3,2559.9,0
2022-07-29 03:23:01,5,49,22.1,78,15.3,1020.6,0.0,0.0,0,2559.9,0
2022-07-29 03:28:01,5,49,22.1,79,15.3,1020.5,0.3,1.0,14,2559.9,0
2022-07-29 03:33:01,5,49,22.1,79,15.3,1020.5,0.0,0.0,14,2559.9,0
2022-07-29 03:38:01,5,49,22.1,79,15.2,1020.6,0.0,0.7,14,2559.9,0
2022-07-29 03:43:01,5,49,22.1,79,15.2,1020.6,0.3,1.0,14,2559.9,0
2022-07-29 03:48:01,5,49,22.1,79,15.2,1020.6,0.0,0.0,14,2559.9,0
2022-07-29 03:53:01,5,49,22.0,79,15.2,1020.7,0.3,0.7,14,2559.9,0
2022-07-29 03:58:01,5,49,22.0,79,15.2,1020.7,0.7,1.0,14,2559.9,0
2022-07-29 04:03:01,5,49,22.0,79,15.2,1020.8,0.3,0.7,2,2559.9,0
2022-07-29 04:08:01,5,50,21.9,79,15.2,1020.8,0.0,0.0,1,2559.9,0
2022-07-29 04:13:01,5,50,21.9,79,15.2,1020.8,0.0,0.7,15,2559.9,0
2022-07-29 04:18:01,5,50,21.9,79,15.2,1020.9,0.0,0.7,14,2559.9,0
2022-07-29 04:23:01,5,50,21.9,79,15.2,1020.8,0.0,0.0,14,2559.9,0
2022-07-29 04:28:01,5,50,21.9,79,15.2,1020.7,0.3,1.0,14,2559.9,0
2022-07-29 04:33:01,5,51,21.9,79,15.2,1020.7,0.0,0.0,14,2559.9,0
2022-07-29 04:38:01,5,51,21.9,79,15.1,1020.9,0.3,1.0,15,2559.9,0
2022-07-29 04:43:01,5,51,21.9,79,15.1,1020.8,0.3,1.0,15,2559.9,0
2022-07-29 04:48:01,5,51,21.9,79,15.1,1020.9,0.0,0.0,15,2559.9,0
2022-07-29 04:53:01,5,51,21.9,79,15.1,1021.0,0.0,0.7,15,2559.9,0
2022-07-29 04:58:01,5,51,21.9,79,15.1,1020.9,0.0,0.7,15,2559.9,0
2022-07-29 05:03:01,5,51,21.9,79,15.1,1020.9,0.0,0.7,14,2559.9,0
2022-07-29 05:08:01,5,51,21.8,79,15.1,1020.9,0.0,0.7,0,2559.9,0
2022-07-29 05:13:01,5,51,21.8,79,15.1,1020.9,0.0,0.7,15,2559.9,0
2022-07-29 05:18:01,5,51,21.8,79,15.1,1021.0,0.3,0.7,14,2559.9,0
2022-07-29 05:23:01,5,51,21.8,79,15.2,1020.9,0.3,0.7,15,2559.9,0
2022-07-29 05:28:01,5,51,21.8,79,15.3,1021.0,0.0,0.0,15,2559.9,0
2022-07-29 05:33:01,5,51,21.8,79,15.4,1021.0,0.3,0.7,15,2559.9,0
2022-07-29 05:38:01,5,51,21.9,78,15.6,1021.2,0.0,0.0,2,2559.9,0
2022-07-29 05:43:01,5,51,21.9,78,15.9,1021.2,0.0,0.0,2,2559.9,0
2022-07-29 05:48:01,5,51,21.9,76,16.1,1021.1,0.7,1.0,15,2559.9,0
2022-07-29 05:53:01,5,51,21.9,76,16.1,1021.1,0.0,0.7,15,2559.9,0
2022-07-29 05:58:01,5,51,21.9,76,16.4,1021.2,0.3,0.7,15,2559.9,0
2022-07-29 06:03:01,5,50,22.1,75,16.3,1021.0,0.3,0.7,15,2559.9,0
2022-07-29 06:08:01,5,50,22.1,76,16.1,1021.1,0.0,1.0,1,2559.9,0
2022-07-29 06:13:01,5,51,22.1,76,15.8,1021.0,0.0,0.7,15,2559.9,0
2022-07-29 06:18:01,5,51,22.2,76,16.0,1021.0,0.7,1.0,15,2559.9,0
2022-07-29 06:23:01,5,50,22.2,75,16.7,1021.0,0.0,0.0,15,2559.9,0
2022-07-29 06:28:01,5,50,22.3,72,17.2,1021.0,0.7,1.7,15,2559.9,0
2022-07-29 06:33:01,5,50,22.4,70,17.8,1020.8,0.3,1.0,15,2559.9,0
2022-07-29 06:38:01,5,50,22.6,71,17.4,1020.7,0.3,1.0,14,2559.9,0
2022-07-29 06:43:01,5,50,22.7,70,18.2,1020.7,0.3,0.7,15,2559.9,0
2022-07-29 06:48:01,5,50,22.8,70,17.7,1020.6,0.7,1.7,13,2559.9,0
2022-07-29 06:53:01,5,49,22.9,71,17.5,1020.5,0.3,1.0,3,2559.9,0
2022-07-29 06:58:01,5,49,22.9,72,17.3,1020.4,0.7,1.7,15,2559.9,0
2022-07-29 07:03:01,5,50,23.0,73,17.3,1020.4,0.0,0.7,14,2559.9,0
2022-07-29 07:08:01,5,50,23.0,72,17.6,1020.5,0.3,1.7,3,2559.9,0
2022-07-29 07:13:01,5,49,23.0,70,18.0,1020.5,0.7,1.7,15,2559.9,0
2022-07-29 07:18:01,5,49,23.0,69,18.3,1020.6,0.3,1.0,14,2559.9,0
2022-07-29 07:23:01,5,49,23.1,68,18.7,1020.5,0.3,1.0,2,2559.9,0
2022-07-29 07:28:01,5,49,23.1,69,18.3,1020.7,0.3,0.7,2,2559.9,0
2022-07-29 07:33:01,5,49,23.1,68,18.8,1020.6,0.3,0.7,3,2559.9,0
2022-07-29 07:38:01,5,49,23.1,67,18.8,1020.6,0.7,1.7,15,2559.9,0
2022-07-29 07:43:01,5,49,23.1,69,18.5,1020.5,0.7,1.0,0,2559.9,0
2022-07-29 07:48:01,5,49,23.1,68,19.2,1020.5,0.3,0.7,14,2559.9,0
2022-07-29 07:53:01,5,49,23.2,67,19.2,1020.5,0.7,1.7,14,2559.9,0
2022-07-29 07:58:01,5,49,23.2,67,19.6,1020.3,0.3,0.7,14,2559.9,0
2022-07-29 08:03:01,5,49,23.3,65,20.4,1020.4,0.3,1.0,5,2559.9,0
2022-07-29 08:08:01,5,49,23.3,63,20.7,1020.3,0.3,0.7,5,2559.9,0
2022-07-29 08:13:01,5,49,23.3,64,20.8,1020.3,0.0,0.7,3,2559.9,0
2022-07-29 08:18:01,5,49,23.4,63,20.8,1020.2,0.7,1.7,14,2559.9,0
2022-07-29 08:23:01,5,49,23.4,66,20.1,1020.2,0.7,1.0,15,2559.9,0
2022-07-29 08:28:01,5,49,23.4,65,20.4,1020.2,0.7,1.0,4,2559.9,0
2022-07-29 08:33:01,5,49,23.5,65,20.2,1020.1,0.7,1.7,15,2559.9,0
2022-07-29 08:38:01,5,49,23.6,63,20.7,1019.9,0.7,1.0,14,2559.9,0
2022-07-29 08:43:01,5,49,23.6,63,21.3,1020.1,0.0,0.7,14,2559.9,0
2022-07-29 08:48:01,5,49,23.6,63,21.2,1020.1,0.3,1.0,14,2559.9,0
2022-07-29 08:53:01,5,49,23.6,63,20.8,1020.0,1.0,2.0,14,2559.9,0
2022-07-29 08:58:01,5,49,23.6,63,21.1,1020.0,0.3,0.7,1,2559.9,0
2022-07-29 09:03:01,5,50,23.7,61,21.6,1020.0,0.7,1.7,1,2559.9,0
2022-07-29 09:08:01,5,50,23.7,62,21.7,1019.9,0.0,0.7,1,2559.9,0
2022-07-29 09:13:01,5,49,23.7,62,21.4,1019.8,0.7,1.0,2,2559.9,0
2022-07-29 09:18:01,5,49,23.7,60,22.3,1019.8,0.3,0.7,15,2559.9,0
2022-07-29 09:23:01,5,49,23.8,59,22.5,1019.7,0.7,1.7,14,2559.9,0
2022-07-29 09:28:01,5,49,23.8,61,22.0,1019.7,0.3,1.0,1,2559.9,0
2022-07-29 09:33:01,5,49,23.8,60,22.5,1019.7,0.7,1.7,14,2559.9,0
2022-07-29 09:38:01,5,49,23.9,59,22.8,1019.6,0.7,1.0,15,2559.9,0
2022-07-29 09:43:01,5,48,24.0,59,23.6,1019.7,0.0,0.7,1,2559.9,0
2022-07-29 09:48:01,5,48,24.0,56,23.5,1019.5,0.7,1.7,15,2559.9,0
2022-07-29 09:53:01,5,48,24.0,57,24.0,1019.6,0.0,1.0,13,2559.9,0
2022-07-29 09:58:01,5,48,24.1,57,23.4,1019.5,1.0,2.0,13,2559.9,0
2022-07-29 10:03:01,5,48,24.1,58,22.9,1019.5,1.0,1.7,14,2559.9,0
2022-07-29 10:08:01,5,48,24.1,58,23.7,1019.4,0.3,0.7,15,2559.9,0
2022-07-29 10:13:01,5,48,24.1,57,23.4,1019.5,0.7,1.0,15,2559.9,0
2022-07-29 10:18:01,5,47,24.1,55,23.5,1019.4,1.0,2.0,0,2559.9,0
2022-07-29 10:23:01,5,47,24.2,55,23.6,1019.3,0.7,1.0,0,2559.9,0
2022-07-29 10:28:01,5,47,24.2,55,24.3,1019.3,0.7,1.0,14,2559.9,0
2022-07-29 10:33:01,5,47,24.2,54,23.7,1019.3,1.4,2.7,0,2559.9,0
2022-07-29 10:38:01,5,46,24.2,55,23.7,1019.3,0.7,1.7,15,2559.9,0
2022-07-29 10:43:01,5,46,24.3,54,24.4,1019.2,0.7,2.0,15,2559.9,0
2022-07-29 10:48:01,5,46,24.3,52,24.8,1019.2,0.7,1.7,14,2559.9,0
2022-07-29 10:53:01,5,46,24.3,50,24.8,1019.2,0.3,1.0,5,2559.9,0
2022-07-29 10:58:01,5,46,24.3,49,25.0,1019.3,0.7,2.0,0,2559.9,0
2022-07-29 11:03:01,5,46,24.3,49,24.7,1019.2,1.0,1.7,2,2559.9,0
2022-07-29 11:08:01,5,45,24.3,49,25.0,1019.1,0.3,1.0,12,2559.9,0
2022-07-29 11:13:01,5,44,24.4,47,25.4,1019.2,1.0,2.0,11,2559.9,0
2022-07-29 11:18:01,5,44,24.4,47,25.4,1019.1,0.3,0.7,14,2559.9,0
2022-07-29 11:23:01,5,44,24.4,46,25.7,1018.9,0.7,1.0,7,2559.9,0
2022-07-29 11:28:01,5,44,24.4,47,25.5,1019.0,0.3,1.0,13,2559.9,0
2022-07-29 11:33:01,5,43,24.4,48,25.3,1018.8,0.3,0.7,6,2559.9,0
2022-07-29 11:38:01,5,43,24.4,47,26.0,1019.0,0.7,1.0,13,2559.9,0
2022-07-29 11:43:01,5,44,24.4,48,25.8,1019.0,0.3,0.7,4,2559.9,0
2022-07-29 11:48:01,5,44,24.4,49,25.4,1018.9,0.3,1.0,10,2559.9,0
2022-07-29 11:53:01,5,44,24.5,48,26.0,1018.8,0.7,1.7,3,2559.9,0
2022-07-29 11:58:01,5,44,24.6,47,25.9,1018.9,0.7,1.7,15,2559.9,0
2022-07-29 12:03:01,5,44,24.6,48,25.5,1018.8,0.3,0.7,2,2559.9,0
2022-07-29 12:08:01,5,44,24.6,48,25.5,1018.8,0.7,1.0,10,2559.9,0
2022-07-29 12:13:01,5,44,24.6,49,25.2,1018.7,0.7,1.7,4,2559.9,0
2022-07-29 12:18:01,5,44,24.6,47,25.7,1018.9,1.0,2.0,0,2559.9,0
2022-07-29 12:23:01,5,44,24.6,47,26.0,1018.9,0.7,1.0,2,2559.9,0
2022-07-29 12:28:01,5,44,24.6,46,26.2,1018.8,0.3,0.7,15,2559.9,0
2022-07-29 12:33:01,5,44,24.6,47,26.2,1019.0,0.0,1.0,2,2559.9,0
2022-07-29 12:38:01,5,44,24.6,46,26.7,1018.8,0.0,0.7,0,2559.9,0
2022-07-29 12:43:01,5,44,24.6,44,27.2,1018.8,0.3,1.0,1,2559.9,0
2022-07-29 12:48:01,5,44,24.6,45,26.7,1018.8,0.3,1.0,1,2559.9,0
2022-07-29 12:53:01,5,44,24.6,45,25.8,1018.8,1.0,1.7,0,2559.9,0
2022-07-29 12:58:01,5,44,24.6,44,26.5,1018.8,0.3,1.0,6,2559.9,0
2022-07-29 13:03:01,5,44,24.6,43,27.5,1018.7,0.3,1.0,12,2559.9,0
2022-07-29 13:08:01,5,43,24.6,44,26.9,1018.7,0.3,0.7,12,2559.9,0
2022-07-29 13:13:01,5,43,24.6,44,26.8,1018.7,0.7,1.0,2,2559.9,0
2022-07-29 13:18:01,5,43,24.6,45,26.4,1018.7,0.7,1.7,1,2559.9,0
2022-07-29 13:23:01,5,43,24.6,46,25.9,1018.8,0.0,0.7,15,2559.9,0
2022-07-29 13:28:01,5,43,24.6,45,26.3,1018.8,0.0,0.7,15,2559.9,0
2022-07-29 13:33:01,5,43,24.6,45,26.5,1018.7,0.3,1.0,1,2559.9,0
2022-07-29 13:38:01,5,43,24.6,45,26.4,1018.7,1.0,1.7,2,2559.9,0
2022-07-29 13:43:01,5,43,24.6,45,26.5,1018.7,1.0,1.7,15,2559.9,0
2022-07-29 13:48:01,5,43,24.7,47,25.7,1018.8,0.3,0.7,15,2559.9,0
2022-07-29 13:53:01,5,43,24.7,46,25.8,1018.7,0.3,0.7,13,2559.9,0
2022-07-29 13:58:01,5,43,24.7,46,25.8,1018.7,0.0,0.7,4,2559.9,0
2022-07-29 14:03:01,5,43,24.7,44,26.2,1018.7,0.3,1.0,15,2559.9,0
2022-07-29 14:08:01,5,43,24.7,42,27.5,1018.6,0.3,0.7,2,2559.9,0
2022-07-29 14:13:01,5,43,24.6,42,26.8,1018.6,1.0,2.7,2,2559.9,0
2022-07-29 14:18:01,5,43,24.7,43,26.7,1018.6,0.3,1.0,14,2559.9,0
2022-07-29 14:23:01,5,42,24.7,42,27.7,1018.5,0.3,1.0,0,2559.9,0
2022-07-29 14:28:01,5,43,24.7,42,28.0,1018.5,0.7,1.7,4,2559.9,0
2022-07-29 14:33:01,5,43,24.7,41,28.6,1018.6,0.3,1.0,6,2559.9,0
2022-07-29 14:38:01,5,43,24.7,42,28.1,1018.6,0.7,1.0,1,2559.9,0
2022-07-29 14:43:01,5,43,24.7,42,28.9,1018.6,0.3,0.7,7,2559.9,0
2022-07-29 14:48:01,5,43,24.7,40,29.1,1018.6,0.3,1.0,3,2559.9,0
2022-07-29 14:53:01,5,43,24.7,41,29.0,1018.6,0.0,0.0,6,2559.9,0
2022-07-29 14:58:01,5,43,24.7,41,28.4,1018.5,0.7,2.0,1,2559.9,0
2022-07-29 15:03:01,5,43,24.7,42,27.9,1018.5,1.0,1.7,14,2559.9,0
2022-07-29 15:08:01,5,43,24.7,42,27.3,1018.6,1.0,2.0,11,2559.9,0
2022-07-29 15:13:01,5,43,24.7,41,27.9,1018.6,0.3,1.0,4,2559.9,0
2022-07-29 15:18:01,5,43,24.7,41,27.3,1018.6,1.0,1.7,2,2559.9,0
2022-07-29 15:23:01,5,43,24.8,42,27.1,1018.5,1.0,1.7,0,2559.9,0
2022-07-29 15:28:01,5,43,24.8,43,27.0,1018.5,0.3,1.0,5,2559.9,0
2022-07-29 15:33:01,5,43,24.8,43,26.8,1018.6,0.7,1.7,5,2559.9,0
2022-07-29 15:38:01,5,43,24.9,44,26.2,1018.6,1.0,2.7,3,2559.9,0
2022-07-29 15:43:01,5,43,24.9,43,26.1,1018.5,0.7,1.7,5,2559.9,0
2022-07-29 15:48:01,5,43,24.9,44,25.9,1018.5,0.7,1.0,6,2559.9,0
2022-07-29 15:53:01,5,43,24.9,45,25.6,1018.5,1.0,2.7,8,2559.9,0
2022-07-29 15:58:01,5,43,24.9,44,25.5,1018.4,0.3,0.7,4,2559.9,0
2022-07-29 16:03:01,5,42,25.0,45,25.4,1018.3,1.0,2.0,8,2559.9,0
2022-07-29 16:08:01,5,42,25.0,45,25.2,1018.4,0.7,1.0,0,2559.9,0
2022-07-29 16:13:01,5,42,25.0,46,25.0,1018.4,0.7,1.0,2,2559.9,0
2022-07-29 16:18:01,5,42,25.0,46,24.7,1018.4,0.7,1.7,2,2559.9,0
2022-07-29 16:23:01,5,42,25.0,47,24.5,1018.4,0.7,1.0,2,2559.9,0
2022-07-29 16:28:01,5,41,25.0,47,24.5,1018.3,0.7,2.0,14,2559.9,0
2022-07-29 16:33:01,5,41,25.0,46,24.4,1018.4,0.7,1.0,2,2559.9,0
2022-07-29 16:38:01,5,41,25.0,47,24.3,1018.4,0.7,1.0,0,2559.9,0
2022-07-29 16:43:01,5,41,25.0,47,24.3,1018.3,0.0,0.0,4,2559.9,0
2022-07-29 16:48:01,5,41,25.0,47,24.3,1018.5,0.3,0.7,15,2559.9,0
2022-07-29 16:53:01,5,40,25.1,48,24.2,1018.3,0.3,1.0,4,2559.9,0
2022-07-29 16:58:01,5,40,25.1,48,24.0,1018.3,1.0,1.7,1,2559.9,0
2022-07-29 17:03:01,5,40,25.1,48,23.7,1018.4,0.3,1.0,6,2559.9,0
2022-07-29 17:08:01,5,40,25.0,48,23.9,1018.4,0.3,1.0,6,2559.9,0
2022-07-29 17:13:01,5,40,25.0,48,23.9,1018.5,0.3,0.7,4,2559.9,0
2022-07-29 17:18:01,5,40,25.0,49,23.5,1018.6,0.7,1.7,0,2559.9,0
2022-07-29 17:23:01,5,40,25.0,49,23.6,1018.4,0.3,0.7,5,2559.9,0
2022-07-29 17:28:01,5,40,25.0,49,23.3,1018.5,0.7,1.7,0,2559.9,0
2022-07-29 17:33:01,5,40,25.0,49,23.3,1018.6,0.7,1.7,0,2559.9,0
2022-07-29 17:38:01,5,40,25.0,50,23.2,1018.7,0.3,1.0,1,2559.9,0
2022-07-29 17:43:01,5,40,25.0,51,23.1,1018.7,0.0,0.7,15,2559.9,0
2022-07-29 17:48:01,5,40,25.0,53,23.1,1018.7,0.3,0.7,2,2559.9,0
2022-07-29 17:53:01,5,40,25.0,53,23.0,1018.7,0.7,1.7,2,2559.9,0
2022-07-29 17:58:01,5,41,24.9,53,22.8,1018.7,0.7,1.7,0,2559.9,0
2022-07-29 18:03:01,5,41,24.9,54,22.7,1018.7,0.3,1.0,15,2559.9,0
2022-07-29 18:08:01,5,41,24.9,54,22.6,1018.7,0.3,1.0,15,2559.9,0
2022-07-29 18:13:01,5,41,24.9,54,22.5,1018.8,0.0,0.0,15,2559.9,0
2022-07-29 18:18:01,5,41,24.8,57,22.1,1018.9,0.3,1.7,4,2559.9,0
2022-07-29 18:23:01,5,42,24.8,58,21.9,1019.0,0.7,2.0,0,2559.9,0
2022-07-29 18:28:01,5,42,24.8,58,21.8,1018.9,0.3,1.0,1,2559.9,0
2022-07-29 18:33:01,5,42,24.7,59,21.7,1018.9,0.3,0.7,1,2559.9,0
2022-07-29 18:38:01,5,42,24.7,59,21.6,1018.9,0.0,1.0,2,2559.9,0
2022-07-29 18:43:01,5,42,24.7,59,21.6,1019.1,0.3,1.0,4,2559.9,0
2022-07-29 18:48:01,5,42,24.7,59,21.4,1019.2,1.0,2.0,0,2559.9,0
2022-07-29 18:53:01,5,42,24.7,59,21.3,1019.3,0.0,0.7,15,2559.9,0
2022-07-29 18:58:01,5,42,24.7,60,21.2,1019.4,0.3,0.7,15,2559.9,0
2022-07-29 19:03:01,5,42,24.6,61,21.2,1019.4,0.0,0.0,15,2559.9,0
2022-07-29 19:08:01,5,43,24.6,62,21.2,1019.6,0.0,0.7,15,2559.9,0
2022-07-29 19:13:01,5,43,24.5,63,21.0,1019.7,1.0,2.0,15,2559.9,0
2022-07-29 19:18:01,5,43,24.6,64,20.9,1019.8,0.0,0.0,15,2559.9,0
2022-07-29 19:23:01,5,43,24.5,65,20.8,1019.7,0.3,0.7,14,2559.9,0
2022-07-29 19:28:01,5,44,24.4,66,20.7,1020.0,0.3,1.0,2,2559.9,0
2022-07-29 19:33:01,5,44,24.4,67,20.6,1020.0,0.3,1.0,4,2559.9,0
2022-07-29 19:38:01,5,45,24.4,68,20.5,1020.1,0.0,0.0,15,2559.9,0
2022-07-29 19:43:01,5,45,24.4,69,20.3,1020.2,0.7,1.7,15,2559.9,0
2022-07-29 19:48:01,5,46,24.4,71,20.2,1020.3,0.3,0.7,15,2559.9,0
2022-07-29 19:53:01,5,46,24.3,72,20.1,1020.4,0.3,0.7,15,2559.9,0
2022-07-29 19:58:01,5,47,24.3,73,19.9,1020.5,0.7,1.0,3,2559.9,0
2022-07-29 20:03:01,5,47,24.3,74,19.8,1020.6,0.3,0.7,15,2559.9,0
2022-07-29 20:08:01,5,48,24.3,75,19.7,1020.8,0.3,1.0,14,2559.9,0
2022-07-29 20:13:01,5,48,24.2,77,19.5,1020.7,0.3,1.0,15,2559.9,0
2022-07-29 20:18:01,5,49,24.2,78,19.4,1020.7,0.7,1.7,5,2559.9,0
2022-07-29 20:23:01,5,50,24.1,79,19.3,1020.7,0.3,0.7,6,2559.9,0
2022-07-29 20:28:01,5,51,24.1,80,19.1,1020.9,0.0,0.0,2,2559.9,0
2022-07-29 20:33:01,5,51,24.1,80,19.0,1020.8,0.0,0.7,0,2559.9,0
2022-07-29 20:38:01,5,51,24.1,81,19.0,1020.7,0.7,1.7,1,2559.9,0
2022-07-29 20:43:01,5,51,24.1,82,18.8,1020.8,0.3,0.7,15,2559.9,0
2022-07-29 20:48:01,5,52,24.0,82,18.8,1020.8,0.0,0.0,0,2559.9,0
2022-07-29 20:53:01,5,52,24.0,83,18.7,1020.7,0.3,0.7,15,2559.9,0
2022-07-29 20:58:01,5,52,24.0,83,18.6,1020.8,0.0,0.7,0,2559.9,0
2022-07-29 21:03:01,5,53,23.9,84,18.5,1020.8,0.0,0.0,0,2559.9,0
2022-07-29 21:08:01,5,54,23.8,84,18.5,1021.0,0.0,0.7,0,2559.9,0
2022-07-29 21:13:01,5,54,23.8,85,18.4,1020.9,0.3,1.0,0,2559.9,0
2022-07-29 21:18:01,5,54,23.8,85,18.4,1021.1,0.3,0.7,0,2559.9,0
2022-07-29 21:23:01,5,54,23.8,85,18.3,1021.1,0.3,0.7,0,2559.9,0
2022-07-29 21:28:01,5,54,23.7,86,18.3,1021.0,0.7,1.0,0,2559.9,0
2022-07-29 21:33:01,5,54,23.7,86,18.2,1021.1,0.3,1.0,0,2559.9,0
2022-07-29 21:38:01,5,55,23.7,85,18.2,1021.1,0.3,1.0,15,2559.9,0
2022-07-29 21:43:01,5,55,23.6,85,18.2,1021.2,0.3,0.7,4,2559.9,0
2022-07-29 21:48:01,5,55,23.6,85,18.2,1021.3,0.0,0.7,15,2559.9,0
2022-07-29 21:53:01,5,55,23.6,85,18.1,1021.3,0.3,0.7,0,2559.9,0
2022-07-29 21:58:01,5,55,23.6,85,18.1,1021.3,0.0,0.7,15,2559.9,0
2022-07-29 22:03:01,5,55,23.6,86,18.1,1021.4,0.3,0.7,15,2559.9,0
2022-07-29 22:08:01,5,55,23.5,86,18.0,1021.4,0.3,0.7,15,2559.9,0
2022-07-29 22:13:01,5,55,23.4,86,18.0,1021.5,0.7,1.0,0,2559.9,0
2022-07-29 22:18:01,5,55,23.4,86,18.0,1021.5,0.3,1.0,0,2559.9,0
2022-07-29 22:23:01,5,55,23.4,86,17.9,1021.6,0.0,0.7,2,2559.9,0
2022-07-29 22:28:01,5,56,23.4,86,17.9,1021.7,0.0,0.0,2,2559.9,0
2022-07-29 22:33:01,5,56,23.4,86,17.9,1021.7,0.0,0.7,2,2559.9,0
2022-07-29 22:38:01,5,56,23.3,86,17.9,1021.8,0.0,0.0,2,2559.9,0
2022-07-29 22:43:01,5,56,23.3,86,17.9,1021.9,0.0,0.0,0,2559.9,0
2022-07-29 22:48:01,5,56,23.3,86,17.8,1021.9,0.0,0.7,1,2559.9,0
2022-07-29 22:53:01,5,56,23.3,85,17.8,1021.9,0.3,0.7,2,2559.9,0
2022-07-29 22:58:01,5,56,23.2,85,17.7,1022.1,0.0,0.7,0,2559.9,0
2022-07-29 23:03:01,5,57,23.2,86,17.7,1022.0,0.0,0.0,0,2559.9,0
2022-07-29 23:08:01,5,57,23.1,86,17.6,1021.9,0.3,1.0,0,2559.9,0
2022-07-29 23:13:01,5,58,23.1,86,17.5,1022.0,0,0,0,2559.9,0
2022-07-29 23:18:01,5,58,23.1,86,17.5,1022.0,0,0,14,2559.9,0
2022-07-29 23:23:01,5,58,23.1,86,17.4,1022.0,0,0,14,2559.9,0
2022-07-29 23:28:01,5,58,23.1,86,17.3,1022.0,0,0,15,2559.9,0
2022-07-29 23:33:01,5,58,23.1,86,17.3,1022.0,0,0.7,2,2559.9,0
2022-07-29 23:38:01,5,58,23.1,87,17.2,1021.9,0,0,0,2559.9,0
2022-07-29 23:43:01,5,58,23.1,87,17.2,1021.9,0.3,1.0,0,2559.9,0
2022-07-29 23:48:01,5,58,23.1,87,17.1,1021.9,0,0,1,2559.9,0
2022-07-29 23:53:01,5,58,23.1,87,17.1,1021.7,0,0,0,2559.9,0
2022-07-29 23:58:01,5,58,23.1,87,17.0,1021.8,0.3,1.0,0,2559.9,0
