2020-02-08 00:04:00,5,57,19.0,61,4.7,1026.4,0.3,0.7,9,54.0,0
2020-02-08 00:09:00,5,58,18.9,62,4.7,1026.4,0.3,0.7,11,54.0,0
2020-02-08 00:14:00,5,58,18.9,62,4.7,1026.4,0.7,1.0,9,54.0,0
2020-02-08 00:19:00,5,57,18.8,62,4.7,1026.5,0.3,0.7,11,54.0,0
2020-02-08 00:24:00,5,57,18.7,62,4.6,1026.5,0.3,1.0,9,54.0,0
2020-02-08 00:29:00,5,57,18.6,62,4.6,1026.4,0.3,1.0,11,54.0,0
2020-02-08 00:34:00,5,57,18.6,62,4.5,1026.5,1.0,1.4,3,54.0,0
2020-02-08 00:39:00,5,57,18.5,62,4.5,1026.6,0.3,0.7,11,54.0,0
2020-02-08 00:44:00,5,57,18.5,62,4.5,1026.5,0.0,0.7,10,54.0,0
2020-02-08 00:49:00,5,57,18.4,63,4.4,1026.4,0.3,1.0,2,54.0,0
2020-02-08 00:54:00,5,57,18.4,63,4.4,1026.4,0.3,0.7,2,54.0,0
2020-02-08 00:59:00,5,57,18.3,63,4.4,1026.4,0.3,0.7,1,54.0,0
2020-02-08 01:04:00,5,57,18.3,63,4.4,1026.4,0.3,1.4,5,54.0,0
2020-02-08 01:09:00,5,57,18.3,63,4.4,1026.5,0.7,1.0,11,54.0,0
2020-02-08 01:14:00,5,57,18.3,63,4.4,1026.3,0.3,0.7,2,54.0,0
2020-02-08 01:19:00,5,57,18.2,63,4.4,1026.4,0.7,1.0,9,54.0,0
2020-02-08 01:24:00,5,57,18.2,63,4.4,1026.4,1.0,1.4,2,54.0,0
2020-02-08 01:29:00,5,57,18.1,63,4.5,1026.3,0.3,0.7,1,54.0,0
2020-02-08 01:34:00,5,57,18.1,63,4.5,1026.3,0.3,0.7,7,54.0,0
2020-02-08 01:39:00,5,56,18.0,63,4.6,1026.3,0.3,0.7,2,54.0,0
2020-02-08 01:44:00,5,56,18.0,64,4.7,1026.2,0.0,0.3,11,54.0,0
2020-02-08 01:49:00,5,56,18.0,64,4.7,1026.3,0.3,0.7,2,54.0,0
2020-02-08 01:54:00,5,56,18.0,64,4.8,1026.6,0.0,0.3,7,54.0,0
2020-02-08 01:59:00,5,56,18.0,65,4.8,1026.6,0.7,1.4,2,54.0,0
2020-02-08 02:04:00,5,57,17.9,65,4.9,1026.5,1.0,1.4,11,54.0,0
2020-02-08 02:09:00,5,57,17.9,65,5.1,1026.5,0.3,1.0,9,54.0,0
2020-02-08 02:14:00,5,57,17.9,65,5.2,1026.5,0.7,1.0,6,54.0,0
2020-02-08 02:19:00,5,57,17.9,65,5.2,1026.5,0.3,0.7,4,54.0,0
2020-02-08 02:24:00,5,57,17.9,65,5.3,1026.3,0.3,0.7,9,54.0,0
2020-02-08 02:29:00,5,57,17.9,65,5.3,1026.2,0.3,0.7,2,54.0,0
2020-02-08 02:34:00,5,57,17.9,65,5.3,1026.2,0.3,0.7,11,54.0,0
2020-02-08 02:39:00,5,57,17.8,65,5.4,1026.2,0.3,0.7,11,54.0,0
2020-02-08 02:44:00,5,57,17.8,65,5.4,1026.2,0.3,1.0,6,54.0,0
2020-02-08 02:49:00,5,56,17.0,65,5.4,1026.2,0.3,0.7,1,54.0,0
2020-02-08 02:54:00,5,57,17.9,65,5.4,1026.3,0.7,1.0,6,54.0,0
2020-02-08 02:59:00,5,57,17.0,66,5.4,1026.1,0.7,1.0,4,54.0,0
2020-02-08 03:04:00,5,57,17.9,66,5.4,1026.1,0.7,1.4,11,54.0,0
2020-02-08 03:09:00,5,57,17.9,66,5.4,1025.9,0.3,0.7,1,54.0,0
2020-02-08 03:14:00,5,57,17.9,67,5.4,1025.8,0.7,1.4,2,54.0,0
2020-02-08 03:19:00,5,56,17.0,67,5.4,1026.0,1.0,1.7,2,54.0,0
2020-02-08 03:24:00,5,56,17.0,67,5.5,1025.9,0.7,1.0,1,54.0,0
2020-02-08 03:29:00,5,56,17.0,68,5.5,1025.8,0.3,0.7,2,54.0,0
2020-02-08 03:34:00,5,56,17.0,68,5.5,1025.9,0.3,0.7,11,54.0,0
2020-02-08 03:39:00,5,56,17.0,68,5.5,1025.8,0.3,1.0,9,54.0,0
2020-02-08 03:44:00,5,56,17.0,68,5.5,1025.8,0.3,0.7,11,54.0,0
2020-02-08 03:49:00,5,56,17.0,69,5.5,1025.8,0.3,0.7,1,54.0,0
2020-02-08 03:54:00,5,56,17.0,69,5.6,1025.8,0.7,1.4,1,54.0,0
2020-02-08 03:59:00,5,56,17.0,70,5.6,1025.7,0.7,1.0,9,54.0,0
2020-02-08 04:04:00,5,56,17.0,70,5.7,1025.7,0.3,0.7,2,54.0,0
2020-02-08 04:09:00,5,56,17.0,70,5.7,1025.6,0.3,0.7,4,54.0,0
2020-02-08 04:14:00,5,56,17.0,70,5.7,1025.7,0.3,0.3,2,54.0,0
2020-02-08 04:19:00,5,56,17.0,70,5.7,1025.8,0.3,0.7,9,54.0,0
2020-02-08 04:24:00,5,56,17.0,70,5.8,1025.7,0.3,1.0,11,54.0,0
2020-02-08 04:29:00,5,56,17.1,71,5.9,1025.7,0.7,1.0,1,54.0,0
2020-02-08 04:34:00,5,56,17.1,71,5.9,1025.7,0.7,1.0,11,54.0,0
2020-02-08 04:39:00,5,56,17.1,71,6.0,1025.7,0.3,0.7,2,54.0,0
2020-02-08 04:44:00,5,55,17.1,71,6.0,1025.6,1.0,1.4,11,54.0,0
2020-02-08 04:49:00,5,55,17.1,71,6.1,1025.7,0.3,0.7,9,54.0,0
2020-02-08 04:54:00,5,55,17.1,71,6.1,1025.7,1.0,1.4,1,54.0,0
2020-02-08 04:59:00,5,55,17.1,72,6.2,1025.8,1.0,1.4,11,54.0,0
2020-02-08 05:04:00,5,55,17.1,72,6.2,1025.8,1.0,1.4,6,54.0,0
2020-02-08 05:09:00,5,55,17.1,72,6.3,1025.6,0.7,1.4,2,54.0,0
2020-02-08 05:14:00,5,55,17.1,72,6.3,1025.5,0.7,1.0,9,54.0,0
2020-02-08 05:19:00,5,55,17.1,72,6.4,1025.4,0.3,1.0,2,54.0,0
2020-02-08 05:24:00,5,55,17.1,72,6.4,1025.4,1.0,1.7,1,54.0,0
2020-02-08 05:29:00,5,55,17.1,73,6.5,1025.4,0.7,1.4,2,54.0,0
2020-02-08 05:34:00,5,55,17.1,73,6.5,1025.3,0.7,1.4,2,54.0,0
2020-02-08 05:39:00,5,55,17.1,73,6.5,1025.3,1.0,1.4,2,54.0,0
2020-02-08 05:44:00,5,55,17.1,73,6.6,1025.2,0.3,1.0,1,54.0,0
2020-02-08 05:49:00,5,55,17.1,73,6.6,1025.2,0.7,1.0,1,54.0,0
2020-02-08 05:54:00,5,55,17.1,73,6.6,1025.2,0.3,0.7,11,54.0,0
2020-02-08 05:59:00,5,55,17.1,73,6.5,1025.3,0.3,0.7,4,54.0,0
2020-02-08 06:04:00,5,55,17.1,74,6.4,1025.5,0.3,0.3,6,54.0,0
2020-02-08 06:09:00,5,55,17.0,74,6.3,1025.5,0.7,1.0,7,54.0,0
2020-02-08 06:14:00,5,55,17.1,75,6.3,1025.4,0.7,1.4,2,54.0,0
2020-02-08 06:19:00,5,55,17.1,75,6.3,1025.3,1.0,1.4,1,54.0,0
2020-02-08 06:24:00,5,55,17.1,75,6.4,1025.3,0.7,1.4,2,54.0,0
2020-02-08 06:29:00,5,55,17.1,75,6.4,1025.2,0.7,1.4,7,54.0,0
2020-02-08 06:34:00,5,55,17.0,75,6.5,1025.2,0.3,1.0,2,54.0,0
2020-02-08 06:39:00,5,55,17.0,76,6.5,1025.2,0.7,1.0,5,54.0,0
2020-02-08 06:44:00,5,55,17.0,76,6.6,1025.3,0.7,1.0,4,54.0,0
2020-02-08 06:49:00,5,55,17.0,76,6.7,1025.5,0.3,0.7,1,54.0,0
2020-02-08 06:54:00,5,55,17.0,76,6.8,1025.5,0.7,1.0,1,54.0,0
2020-02-08 06:59:00,5,55,17.0,76,6.8,1025.4,0.7,1.0,2,54.0,0
2020-02-08 07:04:00,5,55,17.1,76,6.9,1025.5,0.7,1.7,1,54.0,0
2020-02-08 07:09:00,5,55,17.1,75,7.0,1025.5,1.4,1.7,9,54.0,0
2020-02-08 07:14:00,5,55,17.1,75,7.0,1025.6,1.0,1.7,1,54.0,0
2020-02-08 07:19:00,5,56,17.2,75,7.1,1025.4,1.0,1.4,6,54.0,0
2020-02-08 07:24:00,5,56,17.4,75,7.1,1025.2,1.0,1.4,2,54.0,0
2020-02-08 07:29:00,5,56,17.5,75,7.2,1025.2,1.0,1.4,2,54.0,0
2020-02-08 07:34:00,5,55,17.8,75,7.2,1025.1,0.7,1.4,1,54.0,0
2020-02-08 07:39:00,5,55,18.0,75,7.2,1024.8,0.7,1.0,1,54.0,0
2020-02-08 07:44:00,5,55,19.2,75,7.3,1024.5,0.7,1.4,1,54.0,0
2020-02-08 07:49:00,5,54,19.6,75,7.3,1024.2,0.3,0.7,1,54.0,0
2020-02-08 07:54:00,5,55,19.8,75,7.4,1024.0,0.7,1.0,2,54.0,0
2020-02-08 07:59:00,5,54,20.2,75,7.4,1023.8,1.0,1.4,1,54.0,0
2020-02-08 08:04:00,5,54,20.4,76,7.4,1023.5,0.0,0.3,6,54.0,0
2020-02-08 08:09:00,5,54,20.6,76,7.4,1023.2,0.3,0.7,7,54.0,0
2020-02-08 08:14:00,5,54,20.9,71,7.5,1023.1,0.3,0.7,6,54.0,0
2020-02-08 08:19:00,5,52,21.1,71,7.8,1022.9,1.7,2.0,6,54.0,0
2020-02-08 08:24:00,5,52,21.1,71,7.9,1022.6,0.7,1.0,1,54.0,0
2020-02-08 08:29:00,5,52,21.2,71,7.9,1022.6,0.7,1.0,6,54.0,0
2020-02-08 08:34:00,5,52,21.3,71,8.0,1022.6,1.0,1.7,1,54.0,0
2020-02-08 08:39:00,5,52,21.3,71,8.1,1022.7,1.0,1.4,6,54.0,0
2020-02-08 08:44:00,5,52,21.3,71,8.1,1022.8,0.7,1.4,6,54.0,0
2020-02-08 08:48:59,5,52,21.3,71,8.2,1022.8,1.4,1.7,1,54.0,0
2020-02-08 08:53:59,5,52,21.3,70,8.3,1022.9,0.7,1.0,1,54.0,0
2020-02-08 08:58:59,5,52,21.2,70,8.4,1022.7,1.0,1.4,1,54.0,0
2020-02-08 09:03:59,5,52,21.2,70,8.4,1022.7,0.7,1.4,7,54.0,0
2020-02-08 09:08:59,5,52,21.2,70,8.6,1022.8,0.3,0.7,1,54.0,0
2020-02-08 09:13:59,5,52,21.1,70,8.7,1022.9,0.7,1.4,1,54.0,0
2020-02-08 09:18:59,5,53,21.1,70,9.0,1022.9,1.0,1.4,6,54.0,0
2020-02-08 09:23:59,5,53,21.2,70,9.1,1022.9,0.3,0.7,6,54.0,0
2020-02-08 09:28:59,5,54,21.2,70,9.3,1022.8,0.7,1.0,1,54.0,0
2020-02-08 09:33:59,5,54,21.4,70,9.5,1022.6,0.7,1.4,8,54.0,0
2020-02-08 09:39:59,6,54,21.7,69,9.8,1022.2,1.0,1.4,1,54.0,0
2020-02-08 09:44:59,5,54,21.9,68,9.9,1022.2,1.0,1.4,1,54.0,0
2020-02-08 09:49:59,5,52,22.2,68,9.8,1021.9,0.7,1.0,8,54.0,0
2020-02-08 09:55:59,6,52,22.3,68,9.7,1021.6,1.4,1.7,7,54.0,0
2020-02-08 10:00:59,5,52,22.3,69,9.7,1021.6,1.4,2.0,8,54.0,0
2020-02-08 10:05:59,5,52,22.4,69,9.7,1021.6,1.0,1.7,6,54.0,0
2020-02-08 10:11:59,6,52,22.4,70,9.8,1021.6,1.0,1.7,7,54.0,0
2020-02-08 10:16:59,5,52,22.4,70,9.9,1021.7,0.3,0.7,1,54.0,0
2020-02-08 10:21:59,5,52,22.4,69,10.0,1021.6,1.0,1.7,7,54.0,0
2020-02-08 10:27:59,6,52,22.3,69,10.1,1021.6,1.0,1.4,1,54.0,0
2020-02-08 10:32:59,5,52,22.3,70,10.2,1021.8,0.7,1.0,7,54.0,0
2020-02-08 10:37:59,5,52,22.3,70,10.3,1021.9,1.0,2.0,1,54.0,0
2020-02-08 10:43:59,6,52,22.2,70,10.4,1022.0,2.4,3.7,6,54.0,0
2020-02-08 10:48:59,5,51,22.1,70,10.4,1022.1,1.4,2.4,4,54.0,0
2020-02-08 10:53:59,5,52,22.0,70,10.3,1022.3,1.0,1.4,2,54.0,0
2020-02-08 10:59:59,6,53,21.9,72,10.0,1022.5,1.4,1.7,2,54.0,0
2020-02-08 11:04:59,5,53,21.8,72,10.0,1022.4,1.4,1.7,2,54.0,0
2020-02-08 11:09:59,5,54,21.7,74,9.8,1022.4,1.7,2.4,6,54.0,0
2020-02-08 11:14:59,5,54,21.7,74,9.7,1022.5,1.4,2.4,2,54.0,0
2020-02-08 11:19:59,5,54,21.6,75,9.7,1022.6,0.7,1.4,2,54.0,0
2020-02-08 11:24:59,5,54,21.5,75,9.7,1022.8,1.0,2.0,6,54.0,0
2020-02-08 11:29:59,5,54,21.5,75,9.6,1022.7,1.4,1.7,1,54.0,0
2020-02-08 11:34:59,5,54,21.3,75,9.7,1022.8,1.0,2.0,6,54.0,0
2020-02-08 11:39:59,5,55,21.3,75,9.7,1023.1,0.3,1.0,2,54.0,0
2020-02-08 11:44:59,5,54,21.2,75,9.7,1023.0,1.0,1.4,1,54.0,0
2020-02-08 11:49:59,5,54,21.2,75,9.8,1023.2,1.0,1.4,1,54.0,0
2020-02-08 11:55:59,6,55,21.1,75,9.8,1023.2,0.7,1.4,1,54.0,0
2020-02-08 12:00:59,5,55,21.0,75,9.9,1023.2,0.7,1.0,2,54.0,0
2020-02-08 12:05:59,5,56,20.9,75,10.0,1023.2,1.7,2.7,6,54.0,0
2020-02-08 12:10:59,5,56,20.9,74,10.0,1023.3,1.0,1.4,2,54.0,0
2020-02-08 12:15:59,5,56,20.7,74,10.1,1023.4,1.0,1.7,1,54.0,0
2020-02-08 12:20:59,5,57,20.7,74,10.1,1023.5,1.7,2.7,7,54.0,0
2020-02-08 12:25:59,5,56,20.6,74,10.0,1023.6,2.7,3.7,7,54.0,0
2020-02-08 12:31:59,6,56,20.5,74,10.0,1023.7,1.0,1.7,1,54.0,0
2020-02-08 12:36:59,5,57,20.5,74,10.0,1023.8,1.0,1.7,6,54.0,0
2020-02-08 12:41:59,5,57,20.4,75,10.0,1023.9,1.7,3.1,7,54.0,0
2020-02-08 12:47:59,6,58,20.4,75,9.9,1023.8,1.4,2.0,6,54.0,0
2020-02-08 12:52:59,5,59,20.6,76,9.8,1023.8,1.4,2.0,1,54.0,0
2020-02-08 12:57:59,5,60,20.8,77,9.8,1023.4,1.0,1.4,6,54.0,0
2020-02-08 13:03:59,6,58,21.2,77,9.8,1023.1,1.7,2.7,1,54.0,0
2020-02-08 13:08:59,5,58,21.4,77,9.8,1022.8,1.4,2.0,6,54.0,0
2020-02-08 13:13:59,5,57,21.6,77,9.8,1022.6,1.7,2.7,7,54.0,0
2020-02-08 13:18:59,5,57,21.8,77,9.8,1022.5,2.0,3.1,7,54.0,0
2020-02-08 13:23:59,5,56,21.9,77,9.8,1022.3,2.0,2.7,6,54.0,0
2020-02-08 13:28:59,5,56,21.9,77,9.7,1022.4,2.0,3.1,6,54.0,0
2020-02-08 13:33:59,5,55,22.0,78,9.7,1022.3,2.4,3.1,7,54.0,0
2020-02-08 13:39:59,6,55,22.1,79,9.5,1022.0,1.0,1.7,1,54.0,0
2020-02-08 13:44:59,5,55,22.1,79,9.5,1022.0,1.4,2.4,4,54.0,0
2020-02-08 13:49:59,5,55,22.1,80,9.5,1022.0,1.0,1.4,7,54.0,0
2020-02-08 13:55:59,6,55,22.1,80,9.5,1021.9,1.0,1.4,7,54.0,0
2020-02-08 14:00:59,5,55,22.1,80,9.5,1021.9,2.0,2.4,1,54.0,0
2020-02-08 14:05:59,5,55,22.1,80,9.4,1022.1,1.4,2.0,6,54.0,0
2020-02-08 14:11:59,6,55,22.0,80,9.4,1022.3,1.0,1.4,6,54.0,0
2020-02-08 14:16:59,5,56,21.9,80,9.4,1022.4,1.4,1.7,1,54.0,0
2020-02-08 14:21:59,5,56,21.9,80,9.3,1022.5,1.7,2.4,6,54.0,0
2020-02-08 14:27:59,6,56,21.8,80,9.4,1022.7,1.7,2.0,6,54.0,0
2020-02-08 14:32:59,5,56,21.8,80,9.4,1022.7,2.0,2.4,6,54.0,0
2020-02-08 14:37:59,5,56,21.7,80,9.4,1022.7,1.7,2.7,6,54.0,0
2020-02-08 14:43:59,6,55,21.6,80,9.3,1022.8,1.4,2.0,7,54.0,0
2020-02-08 14:48:59,5,55,21.5,80,9.3,1023.1,1.4,2.0,6,54.0,0
2020-02-08 14:53:59,5,54,21.5,80,9.3,1023.1,1.0,1.4,7,54.0,0
2020-02-08 14:59:59,6,54,21.3,80,9.3,1023.2,1.0,1.4,6,54.0,0
2020-02-08 15:04:59,5,54,21.2,80,9.3,1023.4,1.0,1.4,6,54.0,0
2020-02-08 15:09:59,5,53,21.1,80,9.3,1023.3,0.7,1.0,6,54.0,0
2020-02-08 15:15:59,6,53,21.0,80,9.4,1023.5,1.4,2.0,6,54.0,0
2020-02-08 15:20:59,5,53,20.9,80,9.4,1023.4,1.7,2.7,6,54.0,0
2020-02-08 15:25:59,5,53,20.8,80,9.3,1023.6,0.7,1.0,6,54.0,0
2020-02-08 15:31:59,6,53,20.7,81,9.3,1023.6,0.7,1.0,7,54.0,0
2020-02-08 15:36:59,5,53,20.7,81,9.3,1023.6,0.3,0.7,1,54.0,0
2020-02-08 15:41:59,5,53,20.6,81,9.3,1023.8,0.7,1.4,7,54.0,0
2020-02-08 15:47:59,6,52,20.6,81,9.3,1024.0,1.0,1.4,7,54.0,0
2020-02-08 15:52:59,5,52,20.6,81,9.3,1023.9,0.7,1.0,8,54.0,0
2020-02-08 15:57:59,5,52,20.6,81,9.3,1023.9,0.7,1.4,1,54.0,0
2020-02-08 16:03:59,6,52,20.7,81,9.2,1023.9,0.7,1.0,1,54.0,0
2020-02-08 16:08:59,5,52,20.7,81,9.2,1023.8,0.3,1.0,6,54.0,0
2020-02-08 16:13:59,5,52,20.7,81,9.2,1023.9,0.3,0.7,7,54.0,0
2020-02-08 16:19:59,6,52,20.6,81,9.2,1023.9,0.7,1.0,5,54.0,0
2020-02-08 16:24:59,5,51,20.6,81,9.1,1024.0,0.7,1.0,1,54.0,0
2020-02-08 16:29:59,5,51,20.6,81,9.1,1023.9,1.0,1.7,7,54.0,0
2020-02-08 16:35:59,6,51,20.6,81,9.0,1024.1,0.7,1.0,1,54.0,0
2020-02-08 16:40:59,5,51,20.5,81,9.0,1024.1,0.7,1.4,6,54.0,0
2020-02-08 16:45:59,5,51,20.5,81,8.9,1024.1,0.7,1.4,1,54.0,0
2020-02-08 16:51:59,6,51,20.4,81,8.9,1024.3,0.3,0.7,1,54.0,0
2020-02-08 16:56:59,5,51,20.4,81,8.9,1024.4,0.7,1.0,6,54.0,0
2020-02-08 17:01:59,5,51,20.3,81,8.9,1024.3,1.0,1.4,6,54.0,0
2020-02-08 17:08:00,6,52,20.3,81,8.8,1024.5,0.7,1.4,2,54.0,0
2020-02-08 17:13:00,5,53,20.4,81,8.8,1024.7,0.3,0.7,1,54.0,0
2020-02-08 17:18:00,5,53,20.4,81,8.8,1024.4,0.7,1.4,1,54.0,0
2020-02-08 17:24:00,6,52,20.5,81,8.8,1024.2,0.3,0.7,1,54.0,0
2020-02-08 17:29:00,5,52,20.6,81,8.8,1024.3,1.0,1.4,6,54.0,0
2020-02-08 17:34:00,5,52,20.6,81,8.8,1024.3,0.3,0.7,1,54.0,0
2020-02-08 17:40:00,6,53,20.7,81,8.7,1024.3,0.3,0.7,1,54.0,0
2020-02-08 17:45:00,5,53,20.7,81,8.7,1024.2,1.0,1.4,6,54.0,0
2020-02-08 17:50:00,5,53,20.7,81,8.8,1024.1,0.3,1.0,2,54.0,0
2020-02-08 17:56:00,6,54,20.7,82,8.8,1024.2,0.7,1.7,2,54.0,0
2020-02-08 18:01:00,5,54,20.7,82,8.8,1024.1,0.7,1.0,6,54.0,0
2020-02-08 18:06:00,5,55,20.7,82,8.8,1024.0,0.7,1.0,1,54.0,0
2020-02-08 18:12:00,6,55,20.7,82,8.8,1024.0,1.4,1.7,6,54.0,0
2020-02-08 18:17:00,5,55,20.7,82,8.8,1023.9,0.7,1.0,2,54.0,0
2020-02-08 18:22:00,5,56,20.7,82,8.7,1024.0,0.3,0.7,2,54.0,0
2020-02-08 18:28:00,6,56,20.7,82,8.7,1024.1,0.3,0.7,2,54.0,0
2020-02-08 18:33:00,5,56,20.7,82,8.7,1024.3,0.7,1.0,6,54.0,0
2020-02-08 18:38:00,5,56,20.7,82,8.7,1024.4,1.0,1.7,2,54.0,0
2020-02-08 18:44:00,6,57,20.6,82,8.8,1024.4,1.4,2.7,4,54.0,0
2020-02-08 18:49:00,5,57,20.6,82,8.8,1024.3,1.4,1.7,6,54.0,0
2020-02-08 18:54:00,5,58,20.6,82,8.8,1024.4,1.0,1.7,6,54.0,0
2020-02-08 19:00:00,6,58,20.7,82,8.8,1024.3,0.7,1.4,6,54.0,0
2020-02-08 19:05:00,5,58,20.9,82,8.8,1024.3,0.7,1.4,6,54.0,0
2020-02-08 19:10:00,5,57,21.0,82,8.8,1024.4,1.0,2.0,7,54.0,0
2020-02-08 19:15:00,5,57,21.2,82,8.8,1024.2,1.4,2.0,1,54.0,0
2020-02-08 19:20:00,5,57,21.2,82,8.9,1024.0,0.7,1.4,2,54.0,0
2020-02-08 19:25:00,5,56,21.3,82,8.9,1024.0,1.0,1.7,1,54.0,0
2020-02-08 19:30:00,5,56,21.5,82,8.9,1023.9,0.3,1.0,7,54.0,0
2020-02-08 19:35:00,5,56,21.5,82,8.9,1023.7,1.0,1.7,2,54.0,0
2020-02-08 19:40:00,5,56,21.6,82,8.8,1023.4,1.4,2.4,6,54.0,0
2020-02-08 19:45:00,5,57,21.6,82,8.7,1023.2,1.7,3.4,2,54.0,0
2020-02-08 19:50:00,5,56,21.7,82,8.7,1023.2,0.3,1.0,6,54.0,0
2020-02-08 19:55:00,5,56,21.7,82,8.7,1023.4,1.4,1.7,2,54.0,0
2020-02-08 20:00:00,5,57,21.7,82,8.6,1023.2,0.7,1.0,1,54.0,0
2020-02-08 20:05:00,5,57,21.7,82,8.6,1023.1,0.7,1.0,2,54.0,0
2020-02-08 20:10:00,5,58,21.7,81,8.5,1023.3,1.0,1.4,1,54.0,0
2020-02-08 20:15:00,5,58,21.6,81,8.4,1023.4,0.7,1.0,2,54.0,0
2020-02-08 20:20:00,5,59,21.6,81,8.3,1023.3,0.7,1.4,1,54.0,0
2020-02-08 20:25:00,5,59,21.5,81,8.3,1023.3,0.7,1.0,6,54.0,0
2020-02-08 20:30:00,5,59,21.5,81,8.3,1023.2,1.7,2.0,1,54.0,0
2020-02-08 20:35:00,5,59,21.4,81,8.3,1023.4,0.0,0.3,1,54.0,0
2020-02-08 20:40:00,5,59,21.3,81,8.2,1023.4,2.4,3.4,1,54.0,0
2020-02-08 20:45:00,5,59,21.3,81,8.1,1023.2,1.0,2.0,1,54.0,0
2020-02-08 20:50:00,5,59,21.3,81,8.1,1023.2,1.0,1.7,7,54.0,0
2020-02-08 20:55:00,5,60,21.2,81,8.1,1023.1,0.7,1.0,2,54.0,0
2020-02-08 21:00:00,5,60,21.2,81,7.9,1023.2,0.7,1.4,1,54.0,0
2020-02-08 21:05:00,5,60,21.1,81,7.9,1023.2,0.7,1.4,1,54.0,0
2020-02-08 21:10:00,5,60,21.1,81,7.9,1023.2,1.0,1.4,1,54.0,0
2020-02-08 21:15:00,5,60,21.0,81,7.8,1023.2,1.0,1.7,6,54.0,0
2020-02-08 21:20:00,5,60,21.0,81,7.7,1023.4,0.3,1.0,6,54.0,0
2020-02-08 21:25:00,5,60,21.0,81,7.6,1023.4,0.3,0.7,1,54.0,0
2020-02-08 21:30:00,5,61,20.9,81,7.6,1023.4,0.7,1.0,1,54.0,0
2020-02-08 21:35:00,5,61,20.9,81,7.5,1023.3,0.3,1.0,6,54.0,0
2020-02-08 21:40:00,5,62,20.8,86,7.4,1023.3,0.7,1.4,1,54.0,0
2020-02-08 21:45:00,5,61,20.7,86,7.4,1023.3,0.7,1.0,2,54.0,0
2020-02-08 21:50:00,5,61,20.7,86,7.4,1023.3,0.3,1.0,1,54.0,0
2020-02-08 21:55:00,5,61,20.6,86,7.3,1023.2,1.0,1.4,4,54.0,0
2020-02-08 22:00:00,5,61,20.6,86,7.3,1023.1,0.3,0.7,1,54.0,0
2020-02-08 22:05:00,5,61,20.5,86,7.2,1023.2,0.3,1.0,2,54.0,0
2020-02-08 22:10:00,5,61,20.5,86,7.1,1023.2,0.7,1.0,1,54.0,0
2020-02-08 22:15:00,5,61,20.4,86,7.1,1023.1,0.3,1.0,1,54.0,0
2020-02-08 22:20:00,5,60,20.4,86,7.0,1023.3,0.3,0.7,1,54.0,0
2020-02-08 22:25:00,5,61,20.4,86,7.0,1023.3,0.3,0.7,4,54.0,0
2020-02-08 22:30:00,5,61,20.3,86,7.0,1023.3,0.3,0.7,1,54.0,0
2020-02-08 22:35:00,5,61,20.3,87,7.0,1023.3,0.3,1.0,1,54.0,0
2020-02-08 22:40:00,5,61,20.2,87,7.0,1023.3,0.3,0.7,7,54.0,0
2020-02-08 22:45:00,5,61,20.1,87,7.1,1023.3,0.3,1.0,5,54.0,0
2020-02-08 22:50:00,5,61,20.1,87,7.2,1023.2,0.7,1.4,1,54.0,0
2020-02-08 22:55:00,5,61,20.1,87,7.2,1023.2,0.7,1.0,1,54.0,0
2020-02-08 23:00:00,5,61,20.0,87,7.3,1023.1,0.3,0.7,1,54.0,0
2020-02-08 23:05:00,5,61,20.0,87,7.3,1023.0,0.3,0.7,1,54.0,0
2020-02-08 23:10:00,5,62,19.9,83,7.6,1023.0,0.7,1.0,1,54.0,0
2020-02-08 23:15:00,5,62,19.9,83,7.6,1023.0,0.7,1.0,1,54.0,0
2020-02-08 23:20:00,5,62,19.8,83,7.7,1023.1,0.7,1.4,1,54.0,0
2020-02-08 23:25:00,5,62,19.8,83,7.8,1023.0,1.0,1.4,6,54.0,0
2020-02-08 23:30:00,5,62,19.8,83,7.8,1023.1,1.0,2.0,1,54.0,0
2020-02-08 23:35:00,5,62,19.7,83,7.8,1023.1,1.4,2.4,6,54.0,0
2020-02-08 23:40:00,5,61,19.7,83,7.9,1023.1,0.3,0.7,6,54.0,0
2020-02-08 23:45:00,5,61,19.6,83,7.9,1023.1,0.7,1.0,1,54.0,0
2020-02-08 23:50:00,5,61,19.6,83,7.8,1023.1,0.7,1.7,4,54.0,0
2020-02-08 23:55:00,5,61,19.6,83,7.8,1023.0,1.0,1.4,6,54.0,0
