2020-02-24 00:01:01,5,59,18.8,73,5.3,1031.0,0.3,0.7,6,24.0,0
2020-02-24 00:06:01,5,59,18.6,73,5.4,1031.0,0.0,0.0,6,24.0,0
2020-02-24 00:11:01,5,58,18.6,73,5.4,1031.0,0.0,0.0,6,24.0,0
2020-02-24 00:16:01,5,58,18.6,73,5.3,1031.2,0.0,0.0,6,24.0,0
2020-02-24 00:21:01,5,58,18.6,74,5.1,1031.2,0.0,0.0,6,24.0,0
2020-02-24 00:26:01,5,58,18.5,74,5.0,1031.1,0.0,0.0,6,24.0,0
2020-02-24 00:31:01,5,58,17.7,76,4.8,1031.0,0.0,0.0,6,24.0,0
2020-02-24 00:36:01,5,58,17.7,77,4.6,1031.2,0.0,0.0,6,24.0,0
2020-02-24 00:41:01,5,58,17.7,78,4.5,1031.4,0.0,0.0,6,24.0,0
2020-02-24 00:46:01,5,58,18.4,76,4.7,1031.3,0.0,0.7,6,24.0,0
2020-02-24 00:51:01,5,58,18.4,76,4.8,1031.5,0.0,0.0,6,24.0,0
2020-02-24 00:56:01,5,58,18.4,76,4.8,1031.5,0.0,0.0,6,24.0,0
2020-02-24 01:01:01,5,58,18.4,75,4.9,1031.5,0.0,0.0,6,24.0,0
2020-02-24 01:06:01,5,58,17.5,75,4.9,1031.4,0.0,0.0,6,24.0,0
2020-02-24 01:11:01,5,58,17.5,76,4.9,1031.3,0.0,0.0,6,24.0,0
2020-02-24 01:16:01,5,58,18.3,77,4.8,1031.5,0.0,0.0,6,24.0,0
2020-02-24 01:21:01,5,58,17.5,76,4.8,1031.6,0.0,0.0,6,24.0,0
2020-02-24 01:26:01,5,58,17.4,77,4.7,1031.5,0.0,0.0,6,24.0,0
2020-02-24 01:31:01,5,58,17.4,76,4.9,1031.3,0.0,0.0,6,24.0,0
2020-02-24 01:36:01,5,58,17.4,76,5.0,1031.5,0.0,0.0,6,24.0,0
2020-02-24 01:41:01,5,58,17.4,76,4.9,1031.5,0.0,0.0,6,24.0,0
2020-02-24 01:46:01,5,58,17.4,77,4.9,1031.5,0.0,0.0,6,24.0,0
2020-02-24 01:51:01,5,58,17.4,77,5.0,1031.4,0.0,0.0,6,24.0,0
2020-02-24 01:56:01,5,58,17.3,76,5.0,1031.4,0.0,0.0,6,24.0,0
2020-02-24 02:01:01,5,58,17.3,77,5.0,1031.4,0.0,0.0,6,24.0,0
2020-02-24 02:06:01,5,58,17.3,78,4.9,1031.3,0.0,0.0,6,24.0,0
2020-02-24 02:11:01,5,58,17.3,78,4.9,1031.7,0.0,0.0,6,24.0,0
2020-02-24 02:16:01,5,58,17.3,77,5.0,1031.6,0.0,0.0,6,24.0,0
2020-02-24 02:21:01,5,58,17.3,76,5.2,1031.5,0.0,0.0,6,24.0,0
2020-02-24 02:26:01,5,58,17.3,76,5.2,1031.6,0.0,0.0,6,24.0,0
2020-02-24 02:31:01,5,58,17.2,76,5.2,1031.4,0.0,0.0,6,24.0,0
2020-02-24 02:36:01,5,58,17.2,76,5.2,1031.4,0.0,0.0,6,24.0,0
2020-02-24 02:41:01,5,58,17.1,77,5.1,1031.2,0.0,0.7,6,24.0,0
2020-02-24 02:46:01,5,58,17.1,77,5.2,1031.1,0.0,0.0,6,24.0,0
2020-02-24 02:51:01,5,58,17.1,77,5.1,1031.1,0.0,0.0,6,24.0,0
2020-02-24 02:56:01,5,58,17.1,78,5.0,1031.2,0.0,0.0,6,24.0,0
2020-02-24 03:01:01,5,58,17.1,78,5.0,1031.3,0.0,0.0,6,24.0,0
2020-02-24 03:06:01,5,58,17.1,79,5.0,1031.4,0.0,0.0,6,24.0,0
2020-02-24 03:11:01,5,58,17.1,79,4.9,1031.2,0.0,0.0,6,24.0,0
2020-02-24 03:16:01,5,57,17.1,79,4.9,1031.4,0.0,0.0,6,24.0,0
2020-02-24 03:21:01,5,57,17.1,80,4.9,1031.1,0.0,0.0,6,24.0,0
2020-02-24 03:26:01,5,57,17.1,81,4.9,1031.1,0.0,0.0,6,24.0,0
2020-02-24 03:31:01,5,57,17.0,80,4.9,1030.9,0.0,0.0,6,24.0,0
2020-02-24 03:36:01,5,57,17.0,81,5.0,1030.9,0.0,0.0,6,24.0,0
2020-02-24 03:41:01,5,57,17.0,81,5.1,1031.0,0.0,0.7,6,24.0,0
2020-02-24 03:46:01,5,57,17.0,81,5.1,1030.9,0.0,0.0,6,24.0,0
2020-02-24 03:51:01,5,57,17.0,81,5.2,1030.9,0.0,0.0,6,24.0,0
2020-02-24 03:56:01,5,57,17.0,81,5.2,1030.7,0.0,0.0,6,24.0,0
2020-02-24 04:01:01,5,58,16.9,81,5.2,1030.8,0.0,0.0,6,24.0,0
2020-02-24 04:06:01,5,58,16.9,81,5.2,1030.7,0.0,0.0,6,24.0,0
2020-02-24 04:11:01,5,58,16.9,81,5.2,1030.3,0.0,0.0,6,24.0,0
2020-02-24 04:16:01,5,58,16.9,81,5.2,1030.5,0.0,0.0,6,24.0,0
2020-02-24 04:21:01,5,58,16.9,81,5.2,1030.6,0.0,0.7,6,24.0,0
2020-02-24 04:26:01,5,59,16.9,81,5.2,1030.4,0.0,0.0,6,24.0,0
2020-02-24 04:31:01,5,59,16.9,80,5.2,1030.6,0.0,0.0,6,24.0,0
2020-02-24 04:36:01,5,59,16.9,80,5.2,1030.6,0.0,0.0,6,24.0,0
2020-02-24 04:41:01,5,59,16.9,80,5.2,1030.4,0.0,0.0,6,24.0,0
2020-02-24 04:46:01,5,59,16.9,80,5.2,1030.3,0.0,0.0,6,24.0,0
2020-02-24 04:51:01,5,58,16.9,80,5.2,1030.2,0.0,0.0,6,24.0,0
2020-02-24 04:56:01,5,58,16.9,81,5.2,1030.0,0.0,0.0,6,24.0,0
2020-02-24 05:01:01,5,57,17.0,80,5.2,1029.8,0.0,0.7,6,24.0,0
2020-02-24 05:06:01,5,57,17.0,80,5.2,1029.6,0.0,0.0,6,24.0,0
2020-02-24 05:11:01,5,57,17.0,80,5.2,1029.7,0.0,0.0,6,24.0,0
2020-02-24 05:16:01,5,58,17.2,81,5.2,1029.6,0.0,0.0,6,24.0,0
2020-02-24 05:21:01,5,58,17.5,82,5.2,1029.3,0.0,0.0,6,24.0,0
2020-02-24 05:26:01,5,57,17.8,82,5.2,1029.0,0.0,0.0,6,24.0,0
2020-02-24 05:31:01,5,56,19.1,81,5.1,1028.7,0.0,0.0,6,24.0,0
2020-02-24 05:36:01,5,55,19.6,81,5.2,1028.1,0.0,0.7,6,24.0,0
2020-02-24 05:41:01,5,53,20.0,81,5.2,1027.8,0.0,0.0,6,24.0,0
2020-02-24 05:46:01,5,52,20.3,81,5.2,1027.3,0.0,0.0,6,24.0,0
2020-02-24 05:51:01,5,52,20.5,81,5.2,1026.9,0.0,0.0,6,24.0,0
2020-02-24 05:56:01,5,51,20.7,81,5.2,1026.2,0.0,0.0,6,24.0,0
2020-02-24 06:01:01,5,51,20.9,82,5.2,1026.1,0.0,0.7,6,24.0,0
2020-02-24 06:06:01,5,50,21.0,81,5.3,1025.7,0.3,0.7,6,24.0,0
2020-02-24 06:11:01,5,50,21.0,82,5.3,1025.4,0.0,0.0,7,24.0,0
2020-02-24 06:16:01,5,50,21.1,81,5.3,1025.0,0.0,0.7,7,24.0,0
2020-02-24 06:21:01,5,50,21.1,80,5.3,1025.0,0.3,0.7,7,24.0,0
2020-02-24 06:26:01,5,50,21.1,80,5.4,1025.0,0.0,0.0,10,24.0,0
2020-02-24 06:31:01,5,50,21.1,80,5.4,1025.2,0.0,0.0,10,24.0,0
2020-02-24 06:36:01,5,51,21.1,80,5.4,1024.9,0.0,0.7,10,24.0,0
2020-02-24 06:41:01,5,51,21.1,79,5.5,1024.5,0.0,0.7,10,24.0,0
2020-02-24 06:46:01,5,51,21.0,79,5.5,1024.5,0.0,0.0,10,24.0,0
2020-02-24 06:51:01,5,51,21.0,79,5.5,1024.4,0.0,0.7,10,24.0,0
2020-02-24 06:56:01,5,51,20.9,80,5.5,1024.4,0.0,0.7,10,24.0,0
2020-02-24 07:01:01,5,52,20.8,79,5.5,1024.4,0.0,0.7,10,24.0,0
2020-02-24 07:06:01,5,52,20.7,79,5.5,1024.6,0.0,0.7,10,24.0,0
2020-02-24 07:11:01,5,52,20.6,79,5.5,1024.5,0.0,0.7,10,24.0,0
2020-02-24 07:16:01,5,53,20.5,79,5.4,1024.4,0.3,1.0,11,24.0,0
2020-02-24 07:21:01,5,53,20.5,80,5.4,1024.4,0.0,0.7,11,24.0,0
2020-02-24 07:26:01,5,53,20.4,80,5.4,1024.2,0.0,0.7,12,24.0,0
2020-02-24 07:31:01,5,53,20.3,83,5.2,1024.5,0.0,0.7,11,24.0,0
2020-02-24 07:36:01,5,53,20.2,84,5.1,1024.6,0.0,0.0,11,24.0,0
2020-02-24 07:41:01,5,53,20.1,84,5.1,1024.6,0.0,0.0,11,24.0,0
2020-02-24 07:46:01,5,53,20.0,83,5.0,1024.7,0.0,0.7,11,24.0,0
2020-02-24 07:51:01,5,53,20.0,84,5.0,1024.6,0.0,0.0,11,24.0,0
2020-02-24 07:56:01,5,54,19.8,84,5.1,1024.7,0.7,1.7,12,24.0,0
2020-02-24 08:01:01,5,54,19.8,86,5.0,1024.8,0.0,0.7,12,24.0,0
2020-02-24 08:06:01,5,54,19.7,87,5.0,1024.6,0.3,1.7,11,24.0,0
2020-02-24 08:11:01,5,54,19.6,86,5.0,1024.6,0.7,1.0,10,24.0,0
2020-02-24 08:16:01,5,54,19.5,87,5.0,1024.3,0.7,1.7,11,24.0,0
2020-02-24 08:21:01,5,54,19.4,88,4.9,1024.2,0.7,1.7,11,24.0,0
2020-02-24 08:26:01,5,54,19.3,89,4.8,1024.1,0.3,1.0,11,24.3,0
2020-02-24 08:31:01,5,55,19.3,90,4.8,1023.8,0.3,1.0,11,24.3,0
2020-02-24 08:36:01,5,55,19.2,91,4.7,1023.5,0.3,1.7,11,24.3,0
2020-02-24 08:41:01,5,55,19.1,91,4.7,1023.3,0.7,1.7,13,24.3,0
2020-02-24 08:46:01,5,55,19.1,91,4.8,1023.1,1.0,1.7,11,24.3,0
2020-02-24 08:51:01,5,56,18.1,92,4.8,1023.0,0.7,1.7,12,24.3,0
2020-02-24 08:56:01,5,56,18.9,92,4.9,1022.8,0.3,1.0,11,24.3,0
2020-02-24 09:01:01,5,56,18.0,92,4.8,1022.8,0.7,1.7,12,24.3,0
2020-02-24 09:06:01,5,57,18.9,93,4.8,1022.5,0.7,2.0,14,24.3,0
2020-02-24 09:11:01,5,57,18.1,93,4.8,1022.3,0.7,1.0,10,24.3,0
2020-02-24 09:16:01,5,58,18.4,93,4.9,1021.9,1.0,1.7,12,24.3,0
2020-02-24 09:21:01,5,58,18.6,93,4.9,1021.3,0.3,0.7,9,24.3,0
2020-02-24 09:26:01,5,57,19.8,93,5.0,1020.9,0.7,1.7,12,24.3,0
2020-02-24 09:31:01,5,55,20.0,94,5.0,1020.2,0.7,1.0,9,24.3,0
2020-02-24 09:36:01,5,54,20.3,94,5.0,1019.8,1.0,2.0,11,24.3,0
2020-02-24 09:41:01,5,54,20.4,94,5.1,1019.5,0.7,1.7,12,24.3,0
2020-02-24 09:46:01,5,54,20.5,94,5.2,1019.4,0.7,1.7,11,24.3,0
2020-02-24 09:51:01,5,54,20.6,94,5.3,1019.0,1.0,1.7,9,24.6,0
2020-02-24 09:56:01,5,54,20.6,94,5.3,1018.9,0.7,2.0,12,24.6,0
2020-02-24 10:01:01,5,54,20.7,94,5.4,1018.7,0.3,1.0,9,24.6,0
2020-02-24 10:06:01,5,54,20.7,94,5.4,1018.4,1.0,1.7,8,24.6,0
2020-02-24 10:11:01,5,55,20.8,95,5.5,1018.0,0.7,1.7,10,24.6,0
2020-02-24 10:16:01,5,55,20.8,95,5.6,1017.7,0.7,2.0,11,24.6,0
2020-02-24 10:21:01,5,56,20.8,95,5.7,1017.4,0.3,1.0,11,24.6,0
2020-02-24 10:26:01,5,56,20.8,95,5.8,1017.3,0.3,2.0,10,24.6,0
2020-02-24 10:31:01,5,56,20.8,95,5.9,1017.0,1.4,2.0,12,24.6,0
2020-02-24 10:36:01,5,56,20.7,95,6.0,1016.9,0.3,1.0,12,24.6,0
2020-02-24 10:41:01,5,56,20.7,95,6.1,1017.0,1.0,1.7,7,24.6,0
2020-02-24 10:46:01,5,57,20.6,95,6.3,1016.9,0.7,1.7,9,24.6,0
2020-02-24 10:51:01,5,56,20.6,95,6.4,1017.3,1.0,2.0,8,24.6,0
2020-02-24 10:56:01,5,56,20.5,95,6.6,1016.9,0.3,1.0,9,24.6,0
2020-02-24 11:01:01,5,57,20.5,95,6.8,1017.1,0.7,2.0,10,24.6,0
2020-02-24 11:06:01,5,57,20.5,95,7.0,1017.3,0.3,1.0,11,24.6,0
2020-02-24 11:11:01,5,57,20.4,95,7.1,1016.9,0.7,1.7,10,24.6,0
2020-02-24 11:16:01,5,57,20.4,95,7.2,1016.6,0.3,1.0,7,24.6,0
2020-02-24 11:21:01,5,57,20.3,95,7.3,1016.6,0.7,2.0,8,24.6,0
2020-02-24 11:26:01,5,57,20.3,95,7.5,1016.4,0.7,1.0,10,24.9,0
2020-02-24 11:31:01,5,57,20.4,95,7.7,1016.2,1.0,1.7,8,24.9,0
2020-02-24 11:36:01,5,57,20.5,95,7.9,1015.8,0.7,2.0,8,24.9,0
2020-02-24 11:41:01,5,57,20.7,95,8.2,1015.6,0.7,1.7,8,24.9,0
2020-02-24 11:46:01,5,55,21.0,95,8.5,1015.4,1.4,2.7,9,24.9,0
2020-02-24 11:51:01,5,54,21.2,95,8.9,1014.7,1.0,2.0,11,24.9,0
2020-02-24 11:56:01,5,54,21.5,95,9.2,1014.4,1.0,2.7,7,24.9,0
2020-02-24 12:01:01,5,54,21.7,94,9.4,1014.1,1.7,3.7,10,24.9,0
2020-02-24 12:06:01,5,54,21.8,94,9.4,1013.8,1.7,3.7,9,24.9,0
2020-02-24 12:11:01,5,53,22.0,94,9.6,1013.4,1.7,3.1,8,24.9,0
2020-02-24 12:16:01,5,52,22.2,94,9.6,1013.2,1.4,2.7,8,24.9,0
2020-02-24 12:21:01,5,52,22.2,94,9.7,1012.9,1.4,2.7,10,24.9,0
2020-02-24 12:26:01,5,52,22.3,93,10.0,1012.7,1.7,2.7,8,24.9,0
2020-02-24 12:31:01,5,52,22.3,92,10.3,1012.4,2.0,4.1,10,24.9,0
2020-02-24 12:36:01,5,52,22.3,92,10.4,1012.3,1.4,2.7,10,24.9,0
2020-02-24 12:41:01,5,53,22.3,92,10.5,1012.1,1.0,2.0,9,24.9,0
2020-02-24 12:46:01,5,53,22.3,91,10.5,1011.7,1.7,3.7,6,24.9,0
2020-02-24 12:51:01,5,53,22.3,91,10.6,1011.8,1.4,3.7,6,24.9,0
2020-02-24 12:56:01,5,53,22.3,90,10.8,1011.4,2.0,4.8,10,24.9,0
2020-02-24 13:01:01,5,53,22.2,90,10.7,1011.3,1.0,2.7,12,24.9,0
2020-02-24 13:06:01,5,52,22.2,90,10.8,1011.2,2.4,3.7,7,24.9,0
2020-02-24 13:11:01,5,53,22.1,90,10.8,1011.1,2.7,3.7,9,24.9,0
2020-02-24 13:16:01,5,54,22.1,89,10.8,1011.1,1.7,5.1,11,24.9,0
2020-02-24 13:21:01,5,55,21.9,86,11.1,1010.9,3.7,6.8,11,24.9,0
2020-02-24 13:26:01,5,55,21.9,85,11.2,1011.1,2.7,4.8,9,24.9,0
2020-02-24 13:31:01,5,53,21.8,84,11.1,1011.1,2.4,4.8,9,24.9,0
2020-02-24 13:36:01,5,54,21.7,84,11.1,1011.0,2.7,7.1,10,25.2,0
2020-02-24 13:41:01,5,54,21.7,86,10.9,1010.9,2.0,3.1,10,25.2,0
2020-02-24 13:46:01,5,54,21.6,85,10.9,1010.9,3.4,8.2,9,25.2,0
2020-02-24 13:51:01,5,55,21.5,85,10.9,1010.8,1.7,3.7,5,25.2,0
2020-02-24 13:56:01,5,55,21.4,87,10.7,1010.6,2.7,6.1,7,25.2,0
2020-02-24 14:01:01,5,55,21.3,89,10.4,1010.6,1.4,3.7,8,25.2,0
2020-02-24 14:06:01,5,55,21.2,88,10.3,1010.6,2.0,4.1,11,25.5,0
2020-02-24 14:11:01,5,55,21.2,88,10.4,1010.5,2.0,6.1,7,25.8,0
2020-02-24 14:16:01,5,56,21.1,89,10.3,1010.6,1.7,3.1,14,25.8,0
2020-02-24 14:21:01,5,56,21.1,89,10.3,1010.7,2.0,4.1,12,25.8,0
2020-02-24 14:26:01,5,56,21.0,90,10.2,1010.8,2.4,4.1,8,26.1,0
2020-02-24 14:31:01,5,57,20.9,91,10.0,1010.6,1.7,3.7,10,26.4,0
2020-02-24 14:36:01,5,57,20.8,91,10.0,1010.7,3.1,8.2,10,26.7,0
2020-02-24 14:41:01,5,57,20.7,92,9.9,1010.8,2.4,4.1,8,27.0,0
2020-02-24 14:46:01,5,57,20.6,92,9.8,1010.8,1.0,1.7,3,27.3,0
2020-02-24 14:51:01,5,57,20.6,93,9.8,1010.7,2.7,6.1,9,27.3,0
2020-02-24 14:56:01,5,57,20.6,92,9.8,1010.6,3.7,8.2,9,27.6,0
2020-02-24 15:01:01,5,57,20.5,92,9.8,1010.7,3.1,4.1,12,27.6,0
2020-02-24 15:06:01,5,57,20.5,93,9.8,1010.8,1.7,3.7,1,27.9,0
2020-02-24 15:11:01,5,58,20.4,93,9.8,1010.6,2.4,4.8,10,28.2,0
2020-02-24 15:16:01,5,58,20.3,93,9.8,1010.6,2.0,4.8,14,28.5,0
2020-02-24 15:21:01,5,58,20.3,93,9.8,1010.8,3.7,5.8,8,29.1,0
2020-02-24 15:26:01,5,58,20.2,93,9.7,1010.7,2.7,5.8,13,29.1,0
2020-02-24 15:31:01,5,58,20.2,93,9.8,1010.6,2.0,4.8,7,29.1,0
2020-02-24 15:36:01,5,58,20.1,93,9.8,1010.6,1.7,3.1,9,29.7,0
2020-02-24 15:41:01,5,58,20.1,93,9.8,1010.4,2.0,3.7,11,30.0,0
2020-02-24 15:46:01,5,58,20.1,93,9.8,1010.5,2.4,5.1,7,30.0,0
2020-02-24 15:51:01,5,59,20.0,92,9.8,1010.5,2.0,5.1,6,30.3,0
2020-02-24 15:56:01,5,59,20.0,92,9.8,1010.3,2.0,3.1,5,30.6,0
2020-02-24 16:01:01,5,59,20.0,93,9.8,1010.5,0.7,1.7,10,30.6,0
2020-02-24 16:06:01,5,59,20.0,93,9.8,1010.3,2.0,4.1,11,30.6,0
2020-02-24 16:11:01,5,59,20.0,93,9.9,1010.5,1.7,3.7,9,30.9,0
2020-02-24 16:16:01,5,59,20.0,93,9.8,1010.4,2.7,4.1,12,30.9,0
2020-02-24 16:21:01,5,59,20.0,93,9.8,1010.5,2.4,4.1,6,31.2,0
2020-02-24 16:26:01,5,59,20.0,93,9.8,1010.3,2.4,4.1,8,31.5,0
2020-02-24 16:31:01,5,59,20.1,93,9.8,1010.4,3.1,7.8,10,31.8,0
2020-02-24 16:36:01,5,60,20.1,93,9.8,1010.3,1.4,2.0,7,31.8,0
2020-02-24 16:41:01,5,60,20.1,93,9.8,1010.2,1.7,3.1,8,31.8,0
2020-02-24 16:46:01,5,60,20.2,93,9.8,1010.3,1.7,4.8,9,32.1,0
2020-02-24 16:51:01,5,60,20.2,93,9.8,1010.0,2.0,4.1,6,32.1,0
2020-02-24 16:56:01,5,60,20.3,93,9.8,1009.9,2.0,4.1,6,32.1,0
2020-02-24 17:01:01,5,59,20.3,92,9.8,1009.6,3.1,5.1,8,32.1,0
2020-02-24 17:06:01,5,58,20.3,93,9.8,1009.7,1.4,3.1,7,32.1,0
2020-02-24 17:11:01,5,58,20.3,92,9.9,1009.7,2.7,4.1,13,32.1,0
2020-02-24 17:16:01,5,58,20.4,92,9.9,1009.7,2.4,4.1,7,32.1,0
2020-02-24 17:21:01,5,57,20.4,92,9.9,1009.5,2.0,3.7,7,32.1,0
2020-02-24 17:26:01,5,57,20.4,92,9.9,1009.6,1.4,4.1,4,32.1,0
2020-02-24 17:31:01,5,57,20.4,91,9.9,1009.5,1.7,3.7,10,32.1,0
2020-02-24 17:36:01,5,58,20.4,91,10.0,1009.6,1.4,2.7,7,32.1,0
2020-02-24 17:41:01,5,58,20.5,90,10.1,1009.6,3.7,6.1,8,32.1,0
2020-02-24 17:46:01,5,59,20.5,90,10.1,1009.5,2.0,3.7,9,32.1,0
2020-02-24 17:51:01,5,60,20.5,90,10.1,1009.4,3.1,5.1,12,32.1,0
2020-02-24 17:56:01,5,60,20.6,90,10.1,1009.3,2.0,3.1,7,32.1,0
2020-02-24 18:01:01,5,60,20.6,90,10.1,1009.2,2.7,5.1,12,32.1,0
2020-02-24 18:06:01,5,60,20.6,89,10.2,1009.4,2.7,4.8,9,32.1,0
2020-02-24 18:11:01,5,60,20.7,90,10.2,1009.2,1.7,3.1,12,32.1,0
2020-02-24 18:16:01,5,61,20.7,90,10.2,1009.3,1.7,3.1,6,32.1,0
2020-02-24 18:21:01,5,61,20.7,89,10.2,1009.3,2.0,3.7,8,32.1,0
2020-02-24 18:26:01,5,61,20.7,89,10.3,1009.3,2.7,6.1,8,32.1,0
2020-02-24 18:31:01,5,61,20.9,89,10.3,1009.5,1.4,3.1,10,32.1,0
2020-02-24 18:36:01,5,60,21.1,89,10.3,1009.2,1.0,2.0,9,32.1,0
2020-02-24 18:41:01,5,60,21.4,89,10.3,1009.0,1.7,3.7,8,32.1,0
2020-02-24 18:46:01,5,59,21.6,89,10.3,1008.5,1.7,3.7,9,32.1,0
2020-02-24 18:51:01,5,59,21.8,89,10.2,1008.4,1.4,2.7,11,32.1,0
2020-02-24 18:56:01,5,57,22.0,89,10.3,1008.3,2.0,5.1,6,32.1,0
2020-02-24 19:01:01,5,57,22.2,88,10.3,1007.9,2.7,5.1,11,32.1,0
2020-02-24 19:06:01,5,56,22.3,89,10.3,1007.7,2.0,4.1,11,32.1,0
2020-02-24 19:11:01,5,56,22.3,89,10.3,1007.4,2.4,3.7,7,32.1,0
2020-02-24 19:16:01,5,55,22.3,89,10.3,1007.2,2.7,5.8,12,32.1,0
2020-02-24 19:21:01,5,55,22.4,90,10.2,1007.2,1.0,2.0,8,32.1,0
2020-02-24 19:26:01,5,55,22.4,89,10.3,1007.2,3.7,7.8,10,32.1,0
2020-02-24 19:31:01,5,55,22.4,90,10.1,1007.2,2.0,4.1,11,32.1,0
2020-02-24 19:36:01,5,56,22.3,90,10.1,1007.3,1.7,3.7,9,32.1,0
2020-02-24 19:41:01,5,56,22.3,90,10.2,1007.3,2.0,3.7,7,32.1,0
2020-02-24 19:46:01,5,56,22.3,90,10.2,1007.2,2.0,5.1,9,32.1,0
2020-02-24 19:51:01,5,56,22.2,90,10.2,1007.2,2.0,3.7,8,32.1,0
2020-02-24 19:56:01,5,57,22.2,90,10.3,1007.3,2.0,3.7,10,32.1,0
2020-02-24 20:01:01,5,58,22.1,90,10.2,1007.6,1.7,5.8,8,32.1,0
2020-02-24 20:06:01,5,58,22.0,89,10.4,1007.4,2.0,4.1,10,32.1,0
2020-02-24 20:11:01,5,59,21.9,89,10.4,1007.4,1.7,3.1,6,32.1,0
2020-02-24 20:16:01,5,59,21.9,89,10.4,1007.4,2.7,5.1,9,32.1,0
2020-02-24 20:21:01,5,59,21.8,90,10.4,1007.5,1.4,3.1,5,32.1,0
2020-02-24 20:26:01,5,59,21.8,89,10.4,1007.7,2.0,3.7,6,32.1,0
2020-02-24 20:31:01,5,60,21.8,89,10.4,1007.7,2.0,4.8,4,32.1,0
2020-02-24 20:36:01,5,60,21.7,89,10.5,1007.8,2.0,4.8,10,32.1,0
2020-02-24 20:41:01,5,60,21.7,88,10.6,1007.8,2.0,3.7,10,32.1,0
2020-02-24 20:46:01,5,60,21.6,88,10.6,1007.7,1.7,3.7,5,32.1,0
2020-02-24 20:51:01,5,60,21.6,88,10.6,1007.8,3.1,5.1,7,32.1,0
2020-02-24 20:56:01,5,60,21.5,88,10.6,1007.7,1.0,2.0,9,32.1,0
2020-02-24 21:01:01,5,60,21.5,87,10.6,1007.8,1.4,2.7,8,32.1,0
2020-02-24 21:06:01,5,61,21.4,87,10.7,1008.0,2.0,3.7,8,32.1,0
2020-02-24 21:11:01,5,61,21.3,86,10.8,1007.9,2.7,4.8,7,32.1,0
2020-02-24 21:16:01,5,61,21.3,86,10.8,1008.0,2.0,4.8,13,32.1,0
2020-02-24 21:21:01,5,61,21.2,86,10.8,1007.9,2.0,4.1,8,32.1,0
2020-02-24 21:26:01,5,61,21.2,86,10.8,1007.8,1.4,3.1,5,32.1,0
2020-02-24 21:31:01,5,61,21.2,86,10.8,1007.9,1.4,4.1,7,32.1,0
2020-02-24 21:36:01,5,62,21.1,86,10.8,1007.9,1.7,5.1,7,32.1,0
2020-02-24 21:41:01,5,62,21.1,86,10.8,1008.0,2.7,4.8,11,32.1,0
2020-02-24 21:46:01,5,62,21.1,86,10.7,1008.1,1.7,3.1,7,32.1,0
2020-02-24 21:51:01,5,62,21.0,86,10.6,1007.9,1.4,3.1,5,32.1,0
2020-02-24 21:56:01,5,62,20.9,86,10.6,1008.0,2.0,3.7,8,32.1,0
2020-02-24 22:01:01,5,62,20.9,86,10.5,1008.1,2.4,7.1,8,32.1,0
2020-02-24 22:06:01,5,63,20.9,86,10.5,1008.3,2.0,5.1,8,32.1,0
2020-02-24 22:11:01,5,63,20.9,86,10.5,1008.2,2.4,5.1,5,32.1,0
2020-02-24 22:16:01,5,63,20.8,86,10.4,1008.3,2.7,6.8,9,32.1,0
2020-02-24 22:21:01,5,64,20.7,86,10.4,1008.1,2.0,4.1,6,32.1,0
2020-02-24 22:26:01,5,64,20.7,87,10.3,1008.3,2.4,5.8,7,32.1,0
2020-02-24 22:31:01,5,64,20.7,87,10.3,1008.3,1.7,3.7,6,32.1,0
2020-02-24 22:36:01,5,64,20.7,87,10.3,1008.5,2.4,6.8,5,32.1,0
2020-02-24 22:41:01,5,64,20.6,87,10.3,1008.3,1.0,3.1,5,32.1,0
2020-02-24 22:46:01,5,63,20.6,86,10.3,1008.5,2.4,5.8,9,32.1,0
2020-02-24 22:51:01,5,63,20.5,87,10.3,1008.6,1.7,3.7,12,32.1,0
2020-02-24 22:56:01,5,62,20.5,87,10.2,1008.6,1.0,2.7,7,32.1,0
2020-02-24 23:01:01,5,62,20.4,86,10.3,1008.7,1.4,3.1,8,32.1,0
2020-02-24 23:06:01,5,62,20.4,86,10.2,1008.7,1.4,3.7,7,32.1,0
2020-02-24 23:11:01,5,62,20.3,86,10.2,1008.7,1.7,2.7,9,32.1,0
2020-02-24 23:16:01,5,62,20.3,86,10.2,1008.8,2.0,4.8,8,32.1,0
2020-02-24 23:21:01,5,62,20.2,85,10.2,1008.8,2.4,5.8,9,32.1,0
2020-02-24 23:26:01,5,62,20.1,86,10.2,1008.7,1.0,1.7,9,32.1,0
2020-02-24 23:31:01,5,62,20.1,86,10.1,1008.8,1.7,3.1,8,32.1,0
2020-02-24 23:36:01,5,61,20.1,86,10.1,1008.9,1.0,2.7,6,32.1,0
2020-02-24 23:41:01,5,61,20.1,85,10.1,1008.9,1.4,2.7,8,32.1,0
2020-02-24 23:46:01,5,61,20.0,85,10.1,1009.0,2.7,4.1,6,32.1,0
2020-02-24 23:51:01,5,61,20.0,85,10.1,1009.0,1.7,3.7,8,32.1,0
2020-02-24 23:56:01,5,62,19.9,85,10.0,1009.0,1.7,4.1,4,32.1,0
