2023-11-07 00:02:00,5,70,18.3,93,9.3,1012.1,0.7,1.0,7,4139.1,0
2023-11-07 00:07:00,5,70,18.2,93,9.5,1012.0,1.0,1.7,10,4139.1,0
2023-11-07 00:12:00,5,70,18.1,92,9.5,1012.3,1.0,2.7,9,4139.1,0
2023-11-07 00:17:00,5,70,18.1,92,9.5,1012.3,0.3,1.0,11,4139.1,0
2023-11-07 00:22:00,5,70,18.1,92,9.6,1012.3,1.0,1.7,8,4139.1,0
2023-11-07 00:27:00,5,70,18.1,92,9.5,1012.4,0.3,1.0,9,4139.1,0
2023-11-07 00:32:00,5,70,18.1,92,9.6,1012.3,0.7,1.7,6,4139.1,0
2023-11-07 00:37:00,5,70,18.1,92,9.5,1012.4,0.7,1.7,9,4139.1,0
2023-11-07 00:42:00,5,70,18.1,92,9.5,1012.5,0.7,1.7,9,4139.1,0
2023-11-07 00:47:00,5,70,18.1,92,9.5,1012.5,0.0,0.7,7,4139.1,0
2023-11-07 00:52:00,5,70,18.0,92,9.5,1012.6,0.7,1.0,7,4139.1,0
2023-11-07 00:57:00,5,70,18.0,93,9.5,1012.7,1.0,2.0,7,4139.1,0
2023-11-07 01:02:00,5,70,18.0,92,9.4,1012.7,0.3,0.7,2,4139.1,0
2023-11-07 01:07:00,5,70,18.0,92,9.4,1012.9,0.3,0.7,2,4139.1,0
2023-11-07 01:12:00,5,70,18.0,93,9.4,1012.9,0.7,1.7,7,4139.1,0
2023-11-07 01:17:00,5,69,17.9,93,9.4,1012.9,0.7,1.7,6,4139.1,0
2023-11-07 01:22:01,5,69,17.9,93,9.4,1013.1,0.7,1.0,9,4139.1,0
2023-11-07 01:27:01,5,69,17.9,93,9.3,1013.0,0.7,1.7,2,4139.1,0
2023-11-07 01:32:01,5,69,17.9,93,9.3,1013.1,0.3,1.0,7,4139.1,0
2023-11-07 01:37:01,5,69,17.9,93,9.3,1013.1,0.7,1.7,10,4139.1,0
2023-11-07 01:42:01,5,69,17.8,93,9.3,1012.9,0.3,1.0,5,4139.1,0
2023-11-07 01:47:01,5,69,17.8,93,9.3,1013.0,0.3,0.7,5,4139.1,0
2023-11-07 01:52:01,5,69,17.8,93,9.3,1013.0,0.3,0.7,10,4139.1,0
2023-11-07 01:57:01,5,69,17.8,93,9.2,1012.9,0.0,0.7,3,4139.1,0
2023-11-07 02:02:01,5,69,17.8,93,9.2,1013.0,0.3,1.0,12,4139.1,0
2023-11-07 02:07:01,5,69,17.7,93,9.2,1013.2,1.0,2.0,7,4139.1,0
2023-11-07 02:12:01,5,69,17.7,93,9.3,1013.2,0.7,1.7,12,4139.1,0
2023-11-07 02:17:01,5,69,17.7,93,9.3,1013.0,0.0,0.7,9,4139.1,0
2023-11-07 02:22:01,5,69,17.7,93,9.3,1013.0,0.0,0.0,8,4139.1,0
2023-11-07 02:27:01,5,69,17.7,93,9.3,1013.1,0.7,1.7,8,4139.1,0
2023-11-07 02:32:01,5,69,17.7,93,9.2,1013.2,0.3,0.7,11,4139.1,0
2023-11-07 02:37:01,5,69,17.7,93,9.2,1013.2,0.3,1.7,10,4139.1,0
2023-11-07 02:42:01,5,69,17.7,93,9.1,1013.3,0.7,1.0,7,4139.1,0
2023-11-07 02:47:01,5,69,17.6,93,9.1,1013.3,0.7,1.0,6,4139.1,0
2023-11-07 02:52:01,5,69,17.6,93,9.1,1013.3,0.7,1.7,11,4139.1,0
2023-11-07 02:57:01,5,69,17.6,93,9.1,1013.4,0.7,2.0,11,4139.1,0
2023-11-07 03:02:01,5,69,17.6,93,9.1,1013.5,0.7,1.7,3,4139.1,0
2023-11-07 03:07:01,5,69,17.5,93,9.0,1013.4,0.7,1.0,14,4139.1,0
2023-11-07 03:12:01,5,69,17.5,93,9.0,1013.5,0.3,1.0,10,4139.1,0
2023-11-07 03:17:01,5,69,17.5,94,8.9,1013.5,0.3,1.0,4,4139.1,0
2023-11-07 03:22:01,5,69,17.5,94,8.9,1013.4,0.7,1.7,11,4139.1,0
2023-11-07 03:27:01,5,69,17.5,94,8.8,1013.4,0.3,0.7,10,4139.1,0
2023-11-07 03:32:01,5,69,17.5,93,8.9,1013.4,0.3,0.7,7,4139.1,0
2023-11-07 03:37:01,5,69,17.5,93,8.9,1013.4,0.0,0.0,8,4139.1,0
2023-11-07 03:42:01,5,69,17.5,93,8.9,1013.4,0.7,2.0,10,4139.1,0
2023-11-07 03:47:01,5,69,17.4,93,8.9,1013.5,1.4,2.7,8,4139.1,0
2023-11-07 03:52:01,5,69,17.4,93,8.9,1013.5,0.3,1.0,9,4139.1,0
2023-11-07 03:57:01,5,69,17.4,93,8.8,1013.6,0.7,1.7,9,4139.1,0
2023-11-07 04:02:01,5,69,17.4,93,8.7,1013.6,1.0,2.0,7,4139.1,0
2023-11-07 04:07:01,5,69,17.4,93,8.6,1013.6,0.3,1.7,7,4139.1,0
2023-11-07 04:12:01,5,69,17.4,93,8.5,1013.8,0.0,0.7,7,4139.1,0
2023-11-07 04:17:01,5,69,17.4,94,8.5,1013.7,0.7,1.7,8,4139.1,0
2023-11-07 04:22:01,5,69,17.3,94,8.4,1013.8,0.3,0.7,10,4139.1,0
2023-11-07 04:27:01,5,69,17.3,94,8.4,1014.1,0.3,0.7,10,4139.1,0
2023-11-07 04:32:01,5,69,17.3,94,8.4,1013.9,0.3,1.0,11,4139.1,0
2023-11-07 04:37:01,5,69,17.3,94,8.3,1014.0,0.7,1.0,11,4139.1,0
2023-11-07 04:42:01,5,69,17.3,94,8.3,1014.0,0.3,1.7,5,4139.1,0
2023-11-07 04:47:01,5,69,17.3,94,8.1,1013.9,0.0,0.0,12,4139.1,0
2023-11-07 04:52:01,5,69,17.2,95,8.1,1014.0,0.3,0.7,8,4139.1,0
2023-11-07 04:57:01,5,69,17.2,95,8.1,1014.0,0.0,0.7,11,4139.1,0
2023-11-07 05:02:01,5,69,17.1,95,8.2,1014.1,1.0,1.7,7,4139.1,0
2023-11-07 05:07:01,5,69,17.1,95,8.1,1014.0,0.3,0.7,9,4139.1,0
2023-11-07 05:12:01,5,69,17.1,95,8.2,1014.0,1.0,2.0,5,4139.1,0
2023-11-07 05:17:01,5,69,17.1,95,8.2,1014.1,0.3,1.0,7,4139.1,0
2023-11-07 05:22:01,5,69,17.1,95,8.3,1014.0,0.0,0.7,10,4139.1,0
2023-11-07 05:27:01,5,69,17.1,94,8.2,1014.1,0.7,1.0,6,4139.1,0
2023-11-07 05:32:01,5,69,17.0,94,8.3,1014.0,0.3,1.7,6,4139.1,0
2023-11-07 05:37:01,5,69,17.0,94,8.3,1014.1,0.7,1.7,7,4139.1,0
2023-11-07 05:42:01,5,69,17.0,94,8.3,1013.9,0.7,1.7,10,4139.1,0
2023-11-07 05:47:01,5,69,17.0,94,8.3,1014.2,0.7,1.0,7,4139.1,0
2023-11-07 05:52:01,5,69,17.0,94,8.4,1014.3,1.0,1.7,8,4139.1,0
2023-11-07 05:57:01,5,69,17.0,94,8.4,1014.2,1.4,3.1,13,4139.1,0
2023-11-07 06:02:01,5,69,17.0,94,8.3,1014.3,0.7,1.0,10,4139.1,0
2023-11-07 06:07:01,5,69,17.0,94,8.3,1014.4,0.7,1.0,8,4139.1,0
2023-11-07 06:12:01,5,70,16.9,93,8.4,1014.4,0.7,1.0,5,4139.1,0
2023-11-07 06:17:01,5,70,16.9,94,8.3,1014.4,0.3,1.0,5,4139.1,0
2023-11-07 06:22:01,5,70,16.9,94,8.3,1014.4,0.3,0.7,9,4139.1,0
2023-11-07 06:27:01,5,70,16.9,94,8.2,1014.5,0.3,1.0,6,4139.1,0
2023-11-07 06:32:01,5,70,16.9,94,8.3,1014.6,0.3,1.0,9,4139.1,0
2023-11-07 06:37:01,5,70,16.9,94,8.2,1014.5,0.7,1.7,10,4139.1,0
2023-11-07 06:42:01,5,70,16.9,94,8.2,1014.7,1.0,3.1,8,4139.1,0
2023-11-07 06:47:01,5,70,16.9,94,8.2,1014.8,0.0,0.0,11,4139.1,0
2023-11-07 06:52:01,5,70,16.8,94,8.1,1014.8,0.3,0.7,7,4139.1,0
2023-11-07 06:57:01,5,70,16.8,95,8.0,1014.9,0.0,0.7,7,4139.1,0
2023-11-07 07:02:01,5,70,16.8,95,8.0,1014.8,1.0,1.7,9,4139.1,0
2023-11-07 07:07:01,5,70,16.8,95,7.9,1015.0,0.0,0.0,6,4139.1,0
2023-11-07 07:12:01,5,70,16.8,95,7.8,1014.8,0.3,0.7,7,4139.1,0
2023-11-07 07:17:01,5,70,16.8,95,7.8,1015.1,0.7,1.0,7,4139.1,0
2023-11-07 07:22:01,5,70,16.8,95,7.8,1015.0,0.3,0.7,10,4139.1,0
2023-11-07 07:27:01,5,70,16.8,95,7.9,1015.1,0.0,0.7,6,4139.1,0
2023-11-07 07:32:01,5,70,16.8,95,7.9,1015.2,0.7,1.7,13,4139.1,0
2023-11-07 07:37:01,5,70,16.8,95,8.0,1015.1,0.3,1.0,12,4139.1,0
2023-11-07 07:42:01,5,70,16.9,95,8.1,1015.2,0.3,1.7,7,4139.1,0
2023-11-07 07:47:01,5,70,17.0,94,8.2,1015.2,1.0,1.7,7,4139.1,0
2023-11-07 07:52:01,5,70,17.1,94,8.3,1015.0,0.7,1.0,3,4139.1,0
2023-11-07 07:57:01,5,71,17.4,93,8.4,1014.9,0.7,1.7,7,4139.1,0
2023-11-07 08:02:01,5,71,17.8,93,8.6,1014.6,1.0,2.0,7,4139.1,0
2023-11-07 08:07:01,5,72,18.2,92,8.7,1014.4,0.7,1.0,10,4139.1,0
2023-11-07 08:12:01,5,71,18.7,92,8.7,1013.9,1.0,2.7,5,4139.1,0
2023-11-07 08:17:01,5,68,19.1,92,8.7,1013.6,1.0,1.7,5,4139.1,0
2023-11-07 08:22:01,5,67,19.4,91,8.8,1013.1,1.0,3.1,7,4139.1,0
2023-11-07 08:27:01,5,66,20.5,91,8.9,1013.0,1.0,2.0,7,4139.1,0
2023-11-07 08:32:01,5,65,20.8,90,9.1,1012.7,0.7,2.0,6,4139.1,0
2023-11-07 08:37:01,5,64,21.1,90,9.2,1012.6,1.0,1.7,9,4139.1,0
2023-11-07 08:42:01,5,63,21.2,90,9.2,1012.3,2.0,3.1,8,4139.1,0
2023-11-07 08:47:01,5,63,21.5,90,9.2,1012.2,0.7,2.0,8,4139.1,0
2023-11-07 08:52:01,5,63,21.7,89,9.2,1011.8,2.0,3.1,7,4139.1,0
2023-11-07 08:57:01,5,62,21.9,89,9.4,1011.6,0.7,1.0,8,4139.1,0
2023-11-07 09:02:01,5,60,22.2,89,9.5,1011.5,1.0,1.0,9,4139.1,0
2023-11-07 09:07:01,5,60,22.3,89,9.5,1011.1,1.7,2.7,6,4139.1,0
2023-11-07 09:12:01,5,59,22.5,88,9.6,1011.0,0.0,0.7,7,4139.1,0
2023-11-07 09:17:01,5,59,22.6,88,9.7,1011.0,1.0,1.7,13,4139.1,0
2023-11-07 09:22:01,5,58,22.7,88,9.7,1010.9,1.7,2.7,8,4139.1,0
2023-11-07 09:27:01,5,58,22.9,88,9.8,1010.7,1.4,2.7,7,4139.1,0
2023-11-07 09:32:01,5,59,23.0,88,9.9,1010.7,1.7,3.1,7,4139.1,0
2023-11-07 09:37:01,5,58,23.0,88,10.0,1010.7,1.0,2.0,5,4139.1,0
2023-11-07 09:42:01,5,58,23.1,88,10.1,1010.7,0.7,1.0,5,4139.1,0
2023-11-07 09:47:01,5,57,23.1,87,10.0,1010.8,1.7,3.7,5,4139.1,0
2023-11-07 09:52:01,5,57,23.1,87,10.1,1010.9,0.3,1.0,10,4139.1,0
2023-11-07 09:57:01,5,57,23.1,87,10.2,1011.0,1.4,2.7,5,4139.1,0
2023-11-07 10:02:01,5,57,23.0,88,10.3,1011.0,0.7,1.7,7,4139.1,0
2023-11-07 10:07:01,5,57,23.0,87,10.3,1011.0,1.4,2.7,1,4139.1,0
2023-11-07 10:12:01,5,57,22.9,87,10.4,1011.2,1.0,2.0,6,4139.1,0
2023-11-07 10:17:01,5,57,22.7,87,10.5,1011.3,0.3,1.0,6,4139.1,0
2023-11-07 10:22:01,5,57,22.6,87,10.6,1011.4,0.7,1.0,9,4139.1,0
2023-11-07 10:27:01,5,57,22.5,86,10.5,1011.7,1.4,3.1,6,4139.1,0
2023-11-07 10:32:01,5,57,22.3,86,10.6,1011.8,2.0,4.8,10,4139.1,0
2023-11-07 10:37:01,5,57,22.2,86,10.7,1012.1,1.4,2.0,10,4139.1,0
2023-11-07 10:42:01,5,58,22.1,86,10.7,1012.1,1.0,2.0,7,4139.1,0
2023-11-07 10:47:01,5,59,21.9,86,10.8,1012.3,1.4,2.7,6,4139.1,0
2023-11-07 10:52:01,5,59,21.8,86,10.9,1012.4,0.7,1.0,7,4139.1,0
2023-11-07 10:57:01,5,59,21.7,86,11.1,1012.6,1.0,2.0,3,4139.1,0
2023-11-07 11:02:01,5,59,21.6,85,11.2,1012.6,0.7,1.7,11,4139.1,0
2023-11-07 11:07:01,5,59,21.5,85,11.2,1012.7,0.3,1.0,5,4139.1,0
2023-11-07 11:12:01,5,59,21.5,85,11.4,1013.0,1.0,3.1,11,4139.1,0
2023-11-07 11:17:01,5,59,21.5,85,11.3,1012.8,1.4,3.1,6,4139.1,0
2023-11-07 11:22:01,5,60,21.5,85,11.4,1012.9,1.4,2.7,5,4139.1,0
2023-11-07 11:27:01,5,60,21.3,85,11.4,1013.0,1.4,2.7,7,4139.1,0
2023-11-07 11:32:01,5,60,21.3,85,11.6,1013.0,1.0,1.7,5,4139.1,0
2023-11-07 11:37:01,5,60,21.3,84,11.8,1013.0,0.7,1.7,8,4139.1,0
2023-11-07 11:42:01,5,60,21.2,84,11.6,1013.1,2.0,4.8,10,4139.1,0
2023-11-07 11:47:01,5,60,21.2,84,11.7,1013.2,1.0,2.0,5,4139.1,0
2023-11-07 11:52:01,5,60,21.1,83,11.6,1013.2,2.0,3.1,5,4139.1,0
2023-11-07 11:57:01,5,60,21.1,84,11.8,1013.4,1.7,3.1,9,4139.1,0
2023-11-07 12:02:01,5,60,21.1,83,11.8,1013.3,2.0,4.1,12,4139.1,0
2023-11-07 12:07:01,5,60,21.1,83,12.0,1013.3,0.3,0.7,6,4139.1,0
2023-11-07 12:12:01,5,60,21.0,82,12.1,1013.4,2.0,3.1,6,4139.1,0
2023-11-07 12:17:01,5,60,21.0,82,12.3,1013.4,1.7,3.1,9,4139.1,0
2023-11-07 12:22:01,5,61,20.9,82,12.2,1013.5,1.7,3.7,13,4139.1,0
2023-11-07 12:27:01,5,61,20.9,82,12.4,1013.5,1.4,2.7,8,4139.1,0
2023-11-07 12:32:01,5,61,20.8,83,12.0,1013.7,2.0,3.7,6,4139.1,0
2023-11-07 12:37:01,5,61,20.7,83,11.7,1013.8,2.4,5.1,10,4139.1,0
2023-11-07 12:42:01,5,61,20.7,84,11.7,1013.7,2.4,4.8,8,4139.1,0
2023-11-07 12:47:01,5,61,20.6,84,11.8,1013.8,1.7,2.7,8,4139.1,0
2023-11-07 12:52:01,5,61,20.6,84,12.0,1013.8,0.7,1.7,6,4139.1,0
2023-11-07 12:57:01,5,61,20.6,84,12.1,1013.9,0.3,1.0,6,4139.1,0
2023-11-07 13:02:01,5,62,19.7,82,12.3,1013.8,1.0,2.7,15,4139.1,0
2023-11-07 13:07:01,5,62,19.7,82,12.2,1014.0,2.0,3.7,12,4139.1,0
2023-11-07 13:12:01,5,62,19.6,81,12.2,1013.9,1.7,3.7,6,4139.1,0
2023-11-07 13:17:01,5,62,19.6,82,11.9,1014.0,1.0,2.0,1,4139.1,0
2023-11-07 13:22:01,5,62,19.6,82,12.1,1014.0,1.0,1.7,5,4139.1,0
2023-11-07 13:27:01,5,62,19.5,82,12.2,1014.2,0.7,1.7,0,4139.1,0
2023-11-07 13:32:01,5,62,19.5,81,12.2,1014.1,1.7,2.7,9,4139.1,0
2023-11-07 13:37:01,5,62,19.3,82,12.0,1014.2,1.4,2.7,9,4139.1,0
2023-11-07 13:42:01,5,63,19.3,83,11.8,1014.4,1.0,3.1,8,4139.1,0
2023-11-07 13:47:01,5,63,19.3,83,11.7,1014.4,1.4,2.0,7,4139.1,0
2023-11-07 13:52:01,5,63,19.2,83,11.8,1014.5,0.3,1.7,7,4139.1,0
2023-11-07 13:57:01,5,63,19.2,83,11.7,1014.5,1.0,2.7,8,4139.1,0
2023-11-07 14:02:01,5,63,19.2,83,11.7,1014.5,1.4,2.7,8,4139.1,0
2023-11-07 14:07:01,5,63,19.2,83,11.5,1014.5,2.0,5.1,6,4139.1,0
2023-11-07 14:12:01,5,63,19.1,83,11.5,1014.6,1.0,2.0,7,4139.1,0
2023-11-07 14:17:01,5,63,19.1,83,11.5,1014.6,0.7,1.7,9,4139.1,0
2023-11-07 14:22:01,5,63,19.1,83,11.4,1014.6,1.7,3.7,6,4139.1,0
2023-11-07 14:27:01,5,63,19.0,82,11.5,1014.6,1.0,2.0,5,4139.1,0
2023-11-07 14:32:01,5,63,19.0,83,11.6,1014.8,0.3,1.0,5,4139.1,0
2023-11-07 14:37:01,5,63,19.0,82,11.6,1014.8,0.7,1.7,7,4139.1,0
2023-11-07 14:42:01,5,64,19.0,82,11.5,1014.8,2.0,3.1,6,4139.1,0
2023-11-07 14:47:01,5,64,19.0,82,11.4,1014.9,2.4,4.8,8,4139.1,0
2023-11-07 14:52:01,5,65,18.9,83,11.4,1015.0,1.4,2.0,8,4139.1,0
2023-11-07 14:57:01,5,65,18.8,83,11.4,1015.0,0.3,0.7,11,4139.1,0
2023-11-07 15:02:01,5,65,18.8,84,11.4,1014.9,0.3,0.7,13,4139.1,0
2023-11-07 15:07:01,5,65,18.8,84,11.3,1015.1,1.0,2.0,7,4139.1,0
2023-11-07 15:12:01,5,65,18.8,84,11.3,1015.1,0.7,1.7,13,4139.1,0
2023-11-07 15:17:01,5,65,18.7,84,11.1,1015.2,1.7,2.0,9,4139.1,0
2023-11-07 15:22:01,5,65,18.7,84,11.0,1015.1,1.0,2.0,9,4139.1,0
2023-11-07 15:27:01,5,65,18.7,84,10.9,1015.3,1.0,2.7,1,4139.1,0
2023-11-07 15:32:01,5,65,18.7,85,10.8,1015.3,0.0,0.7,12,4139.1,0
2023-11-07 15:37:01,5,65,18.6,85,10.7,1015.3,1.0,2.0,11,4139.1,0
2023-11-07 15:42:01,5,65,18.6,86,10.6,1015.4,0.3,0.7,1,4139.1,0
2023-11-07 15:47:01,5,65,18.5,86,10.6,1015.4,1.0,1.7,2,4139.1,0
2023-11-07 15:52:01,5,65,18.5,86,10.6,1015.4,1.0,2.0,8,4139.1,0
2023-11-07 15:57:01,5,65,18.5,86,10.5,1015.3,0.3,1.0,9,4139.1,0
2023-11-07 16:02:01,5,65,18.4,86,10.4,1015.3,1.0,1.7,1,4139.1,0
2023-11-07 16:07:01,5,65,18.4,86,10.3,1015.4,1.0,1.7,8,4139.1,0
2023-11-07 16:12:01,5,65,18.3,86,10.2,1015.5,1.4,2.7,11,4139.1,0
2023-11-07 16:17:01,5,66,18.3,86,10.1,1015.4,1.7,3.1,10,4139.1,0
2023-11-07 16:22:01,5,66,18.2,86,10.0,1015.5,0.3,2.0,13,4139.1,0
2023-11-07 16:27:01,5,66,18.1,87,9.9,1015.5,1.0,2.0,7,4139.1,0
2023-11-07 16:32:01,5,66,18.1,86,9.9,1015.6,1.7,2.7,6,4139.1,0
2023-11-07 16:37:01,5,66,18.1,86,9.9,1015.6,1.4,3.1,5,4139.1,0
2023-11-07 16:42:01,5,66,18.0,86,9.8,1015.8,2.0,4.1,4,4139.1,0
2023-11-07 16:47:01,5,66,18.0,86,9.8,1015.8,1.4,4.1,7,4139.1,0
2023-11-07 16:52:01,5,67,17.9,86,9.8,1015.8,1.0,2.7,6,4139.1,0
2023-11-07 16:57:01,5,67,17.9,86,9.7,1015.9,0.7,1.7,13,4139.1,0
2023-11-07 17:02:01,5,67,17.9,86,9.8,1015.9,0.7,2.7,10,4139.1,0
2023-11-07 17:07:01,5,67,17.9,87,9.7,1015.9,0.7,2.7,5,4139.1,0
2023-11-07 17:12:01,5,67,17.8,87,9.7,1016.0,0.7,2.0,7,4139.1,0
2023-11-07 17:17:01,5,67,17.8,87,9.6,1015.9,1.0,2.7,5,4139.1,0
2023-11-07 17:22:01,5,67,17.8,87,9.6,1016.1,1.0,1.7,9,4139.1,0
2023-11-07 17:27:01,5,67,17.8,87,9.5,1016.1,0.3,1.0,6,4139.1,0
2023-11-07 17:32:01,5,67,17.7,87,9.5,1016.1,1.4,3.1,1,4139.1,0
2023-11-07 17:37:01,5,67,17.7,87,9.5,1016.1,0.7,3.1,7,4139.1,0
2023-11-07 17:42:01,5,67,17.7,87,9.6,1016.3,1.0,2.7,12,4139.1,0
2023-11-07 17:47:01,5,67,17.6,87,9.5,1016.2,1.4,3.1,5,4139.1,0
2023-11-07 17:52:01,5,67,17.6,87,9.5,1016.1,0.7,1.0,2,4139.1,0
2023-11-07 17:57:01,5,67,17.5,87,9.5,1016.2,1.0,1.7,5,4139.1,0
2023-11-07 18:02:01,5,68,17.5,87,9.5,1016.5,1.0,2.0,13,4139.1,0
2023-11-07 18:07:01,5,68,17.5,87,9.4,1016.6,0.7,1.7,8,4139.1,0
2023-11-07 18:12:01,5,68,17.6,87,9.5,1016.5,0.7,3.1,7,4139.1,0
2023-11-07 18:17:01,5,68,17.7,87,9.6,1016.2,0.3,0.7,12,4139.1,0
2023-11-07 18:22:01,5,68,17.7,87,9.6,1016.2,1.0,2.0,6,4139.1,0
2023-11-07 18:27:01,5,68,17.8,88,9.6,1016.2,1.4,3.1,11,4139.1,0
2023-11-07 18:32:01,5,67,17.8,88,9.5,1016.2,1.7,3.1,5,4139.1,0
2023-11-07 18:37:01,5,67,17.9,88,9.4,1016.2,1.0,1.7,8,4139.1,0
2023-11-07 18:42:01,5,67,17.9,89,9.3,1016.2,1.4,3.1,6,4139.1,0
2023-11-07 18:47:01,5,67,17.9,90,9.3,1016.1,1.7,3.1,8,4139.1,0
2023-11-07 18:52:01,5,67,18.0,90,9.3,1016.1,1.7,3.7,9,4139.1,0
2023-11-07 18:57:01,5,67,18.1,90,9.3,1016.1,1.0,2.0,7,4139.1,0
2023-11-07 19:02:01,5,68,18.4,90,9.3,1015.9,0.7,1.0,8,4139.1,0
2023-11-07 19:07:01,5,68,18.7,90,9.4,1015.6,1.0,1.7,9,4139.1,0
2023-11-07 19:12:01,5,67,19.1,90,9.4,1015.4,0.7,1.7,8,4139.1,0
2023-11-07 19:17:01,5,66,19.3,91,9.4,1015.1,0.7,2.0,6,4139.1,0
2023-11-07 19:22:01,5,65,19.6,91,9.3,1014.9,2.0,3.7,9,4139.1,0
2023-11-07 19:27:01,5,64,20.6,92,9.3,1014.7,0.3,1.0,12,4139.1,0
2023-11-07 19:32:01,5,64,20.8,93,9.2,1014.8,0.3,0.7,7,4139.1,0
2023-11-07 19:37:01,5,62,21.0,93,9.2,1014.7,0.7,1.0,6,4139.1,0
2023-11-07 19:42:01,5,62,21.1,94,9.2,1014.7,1.0,1.7,4,4139.1,0
2023-11-07 19:47:01,5,62,21.1,95,9.1,1014.5,0.3,1.0,6,4140.0,0
2023-11-07 19:52:01,5,61,21.2,95,9.0,1014.5,1.0,1.7,7,4140.3,0
2023-11-07 19:57:01,5,61,21.2,97,8.9,1014.3,0.3,1.0,6,4140.6,0
2023-11-07 20:02:01,5,61,21.2,97,8.9,1014.2,1.0,2.0,0,4140.6,0
2023-11-07 20:07:01,5,61,21.2,97,8.8,1014.2,0.3,0.7,10,4140.6,0
2023-11-07 20:12:01,5,61,21.2,97,8.7,1014.4,0.7,1.7,10,4140.6,0
2023-11-07 20:17:01,5,61,21.2,97,8.7,1014.5,0.3,1.0,7,4140.6,0
2023-11-07 20:22:01,5,62,21.1,97,8.7,1014.5,0.0,0.7,0,4140.6,0
2023-11-07 20:27:01,5,62,21.1,97,8.7,1014.5,0.7,1.7,13,4140.6,0
2023-11-07 20:32:01,5,62,21.1,97,8.7,1014.5,0.7,1.7,10,4140.6,0
2023-11-07 20:37:01,5,63,21.0,97,8.7,1014.7,1.0,1.7,13,4140.9,0
2023-11-07 20:42:01,5,63,21.0,97,8.7,1014.6,1.4,2.7,9,4141.2,0
2023-11-07 20:47:01,5,63,21.0,97,8.6,1014.8,0.7,2.0,6,4141.2,0
2023-11-07 20:52:01,5,64,20.9,97,8.6,1014.7,0.3,1.0,10,4141.2,0
2023-11-07 20:57:01,5,64,20.8,97,8.6,1014.7,0.7,1.0,10,4141.2,0
2023-11-07 21:02:01,5,64,20.1,97,8.5,1014.7,1.0,2.0,7,4141.2,0
2023-11-07 21:07:01,5,64,20.0,97,8.5,1014.8,1.0,1.7,8,4141.2,0
2023-11-07 21:12:01,5,65,19.9,97,8.4,1014.9,1.4,2.7,11,4141.2,0
2023-11-07 21:17:01,5,65,19.9,97,8.4,1014.8,0.7,1.7,6,4141.2,0
2023-11-07 21:22:01,5,65,19.9,97,8.3,1014.9,0.7,2.0,8,4141.2,0
2023-11-07 21:27:01,5,65,19.7,97,8.4,1015.0,0.0,0.7,8,4141.2,0
2023-11-07 21:32:01,5,65,19.7,97,8.3,1015.1,0.3,1.0,7,4141.2,0
2023-11-07 21:37:01,5,65,19.6,97,8.4,1015.3,1.0,1.7,6,4141.2,0
2023-11-07 21:42:01,5,65,19.6,97,8.4,1015.3,0.7,1.0,6,4141.2,0
2023-11-07 21:47:01,5,66,19.5,97,8.4,1015.5,1.0,2.0,10,4141.2,0
2023-11-07 21:52:01,5,65,19.4,97,8.4,1015.5,0.7,1.7,5,4141.2,0
2023-11-07 21:57:01,5,65,19.3,97,8.4,1015.4,0.7,1.7,12,4141.2,0
2023-11-07 22:02:01,5,66,19.3,97,8.4,1015.5,0.3,1.0,9,4141.2,0
2023-11-07 22:07:01,5,66,19.2,97,8.5,1015.6,0.7,2.0,9,4141.2,0
2023-11-07 22:12:01,5,66,19.2,97,8.5,1015.6,0.7,2.0,5,4141.2,0
2023-11-07 22:17:01,5,66,19.1,97,8.6,1015.6,0.7,1.0,10,4141.2,0
2023-11-07 22:22:01,5,66,19.1,97,8.6,1015.8,1.0,1.7,10,4141.2,0
2023-11-07 22:27:01,5,66,19.0,97,8.6,1016.0,1.4,2.7,8,4141.2,0
2023-11-07 22:32:01,5,67,18.9,97,8.6,1016.0,0.3,1.0,6,4141.2,0
2023-11-07 22:37:01,5,67,18.8,97,8.8,1016.1,1.0,2.7,10,4141.2,0
2023-11-07 22:42:01,5,68,18.8,97,8.8,1016.2,0.7,1.7,12,4141.2,0
2023-11-07 22:47:01,5,68,18.7,97,8.9,1016.4,1.0,2.0,5,4141.2,0
2023-11-07 22:52:01,5,68,18.7,97,8.8,1016.6,0.3,0.7,3,4141.2,0
2023-11-07 22:57:01,5,68,18.6,97,8.9,1016.3,1.7,2.7,7,4141.2,0
2023-11-07 23:02:01,5,68,18.6,97,8.8,1016.4,1.0,2.7,10,4141.2,0
2023-11-07 23:07:01,5,68,18.6,97,8.8,1016.6,0.7,1.7,8,4141.2,0
2023-11-07 23:12:01,5,68,18.6,97,8.8,1016.6,1.0,2.7,8,4141.2,0
2023-11-07 23:17:01,5,68,18.6,97,8.8,1016.5,0.3,1.0,7,4141.2,0
2023-11-07 23:22:01,5,68,18.5,97,8.7,1016.6,0.7,1.0,10,4141.2,0
2023-11-07 23:27:01,5,68,18.5,97,8.7,1016.7,0.7,1.7,8,4141.2,0
2023-11-07 23:32:01,5,68,18.5,97,8.7,1016.8,0.7,1.0,5,4141.2,0
2023-11-07 23:37:01,5,68,18.4,97,8.8,1016.8,1.0,3.1,5,4141.2,0
2023-11-07 23:42:01,5,68,18.4,97,8.8,1016.9,1.0,2.7,9,4141.2,0
2023-11-07 23:47:01,5,68,18.4,97,8.9,1017.0,1.4,2.7,8,4141.2,0
2023-11-07 23:52:01,5,68,18.4,97,8.9,1016.8,1.0,2.0,10,4141.5,0
2023-11-07 23:57:01,5,69,18.4,97,8.9,1017.0,1.4,2.7,8,4141.5,0
