2022-10-22 00:01:01,5,74,20.1,94,13.8,1013.4,0.0,0.0,10,2830.2,0
2022-10-22 00:06:01,5,73,20.1,94,13.8,1013.5,0.0,0.0,10,2830.2,0
2022-10-22 00:11:01,5,74,20.1,94,13.7,1013.7,0.0,0.0,10,2830.2,0
2022-10-22 00:16:01,5,74,20.1,94,13.5,1013.7,0.0,0.0,10,2830.2,0
2022-10-22 00:21:01,5,74,20.1,94,13.7,1013.8,0.0,0.0,10,2830.2,0
2022-10-22 00:26:01,5,74,20.0,95,13.7,1013.8,0.0,0.0,10,2830.2,0
2022-10-22 00:31:01,5,74,20.0,95,13.7,1013.8,0.0,0.0,10,2830.2,0
2022-10-22 00:36:01,5,74,20.0,95,13.8,1013.8,0.0,0.0,13,2830.2,0
2022-10-22 00:41:01,5,74,20.0,95,13.8,1013.9,0.0,0.0,11,2830.2,0
2022-10-22 00:46:01,5,74,20.0,95,13.8,1013.8,0.0,0.0,11,2830.2,0
2022-10-22 00:51:01,5,75,19.9,95,13.8,1014.0,0.0,0.0,10,2830.2,0
2022-10-22 00:56:01,5,75,19.9,95,13.7,1014.0,0.0,0.0,10,2830.2,0
2022-10-22 01:01:01,5,75,19.8,95,13.7,1014.0,0.0,0.0,11,2830.2,0
2022-10-22 01:06:01,5,75,19.8,95,13.8,1014.0,0.3,0.7,11,2830.2,0
2022-10-22 01:11:01,5,75,19.8,95,13.8,1014.1,0.0,0.0,10,2830.2,0
2022-10-22 01:16:01,5,75,19.8,95,13.8,1014.2,0.0,0.7,10,2830.2,0
2022-10-22 01:21:01,5,75,19.8,94,13.8,1014.1,0.0,0.7,11,2830.2,0
2022-10-22 01:26:01,5,75,19.8,94,13.8,1014.2,0.0,0.0,4,2830.2,0
2022-10-22 01:31:01,5,75,19.7,94,13.8,1014.3,0.0,0.0,4,2830.2,0
2022-10-22 01:36:01,5,75,19.7,94,13.8,1014.3,0.0,0.0,11,2830.2,0
2022-10-22 01:41:01,5,75,19.7,94,13.9,1014.3,0.3,1.0,6,2830.2,0
2022-10-22 01:46:01,5,75,19.7,94,13.9,1014.1,0.3,0.7,10,2830.2,0
2022-10-22 01:51:01,5,75,19.7,94,13.9,1014.3,0.0,0.7,8,2830.2,0
2022-10-22 01:56:01,5,75,19.7,94,13.9,1014.1,0.0,0.7,9,2830.2,0
2022-10-22 02:01:01,5,75,19.7,93,14.0,1014.1,0.3,0.7,7,2830.2,0
2022-10-22 02:06:01,5,75,19.6,93,14.0,1014.2,0.0,0.7,10,2830.2,0
2022-10-22 02:11:01,5,75,19.6,93,14.1,1014.2,0.0,0.0,9,2830.2,0
2022-10-22 02:16:01,5,75,19.6,93,14.1,1014.2,0.0,0.0,11,2830.2,0
2022-10-22 02:21:01,5,75,19.6,93,14.2,1014.2,0.0,0.0,10,2830.2,0
2022-10-22 02:26:01,5,75,19.6,93,14.2,1014.3,0.0,0.7,10,2830.2,0
2022-10-22 02:31:01,5,75,19.6,93,14.2,1014.2,0.0,0.7,10,2830.2,0
2022-10-22 02:36:01,5,75,19.6,92,14.2,1014.2,0.0,0.7,10,2830.2,0
2022-10-22 02:41:01,5,75,19.6,92,14.1,1014.3,0.0,0.7,9,2830.2,0
2022-10-22 02:46:01,5,75,19.6,92,14.1,1014.3,0.0,0.7,7,2830.2,0
2022-10-22 02:51:01,5,75,19.6,93,14.2,1014.3,0.3,1.0,7,2830.2,0
2022-10-22 02:56:01,5,75,19.6,92,14.1,1014.2,0.0,0.0,10,2830.2,0
2022-10-22 03:01:01,5,75,19.6,93,14.1,1014.5,0.0,0.7,10,2830.2,0
2022-10-22 03:06:01,5,75,19.6,93,14.1,1014.4,0.7,1.7,11,2830.2,0
2022-10-22 03:11:01,5,75,19.6,93,14.0,1014.6,0.0,0.7,9,2830.2,0
2022-10-22 03:16:01,5,75,19.6,93,13.9,1014.5,0.0,0.0,10,2830.2,0
2022-10-22 03:21:01,5,75,19.6,93,13.9,1014.6,0.3,1.0,8,2830.2,0
2022-10-22 03:26:01,5,75,19.6,93,13.9,1014.6,0.0,0.7,11,2830.2,0
2022-10-22 03:31:01,5,75,19.5,93,13.8,1014.6,0.0,0.7,11,2830.2,0
2022-10-22 03:36:01,5,75,19.5,93,13.8,1014.6,0.0,0.7,10,2830.2,0
2022-10-22 03:41:01,5,75,19.5,93,13.8,1014.8,0.0,0.7,11,2830.2,0
2022-10-22 03:46:01,5,75,19.5,93,13.8,1014.7,0.0,0.0,10,2830.2,0
2022-10-22 03:51:01,5,75,19.5,93,13.8,1014.7,0.0,0.0,11,2830.2,0
2022-10-22 03:56:01,5,75,19.5,93,13.8,1014.8,0.3,0.7,9,2830.2,0
2022-10-22 04:01:01,5,75,19.4,93,13.8,1014.9,0.0,0.0,7,2830.2,0
2022-10-22 04:06:01,5,75,19.4,93,13.8,1014.7,0.0,0.7,7,2830.2,0
2022-10-22 04:11:01,5,75,19.4,93,13.8,1014.8,0.0,0.7,9,2830.2,0
2022-10-22 04:16:01,5,75,19.3,93,13.8,1014.9,0.0,0.7,12,2830.2,0
2022-10-22 04:21:01,5,75,19.3,93,13.7,1014.9,0.0,0.7,11,2830.2,0
2022-10-22 04:26:01,5,75,19.3,93,13.7,1015.0,0.0,0.7,11,2830.2,0
2022-10-22 04:31:01,5,75,19.3,94,13.6,1015.1,0.3,1.0,10,2830.2,0
2022-10-22 04:36:01,5,75,19.3,94,13.6,1015.0,0.0,0.0,10,2830.2,0
2022-10-22 04:41:01,5,75,19.3,94,13.6,1015.2,0.0,0.7,10,2830.2,0
2022-10-22 04:46:01,5,75,19.3,94,13.6,1015.2,0.0,0.7,11,2830.2,0
2022-10-22 04:51:01,5,75,19.3,94,13.6,1015.2,0.0,0.0,11,2830.2,0
2022-10-22 04:56:01,5,75,19.3,94,13.6,1015.2,0.0,0.7,9,2830.2,0
2022-10-22 05:01:01,5,75,19.3,94,13.5,1015.3,0.0,0.0,9,2830.2,0
2022-10-22 05:06:01,5,75,19.3,94,13.4,1015.4,0.0,0.7,9,2830.2,0
2022-10-22 05:11:01,5,75,19.3,94,13.4,1015.4,0.3,0.7,9,2830.2,0
2022-10-22 05:16:01,5,75,19.3,94,13.4,1015.4,0.0,0.0,9,2830.2,0
2022-10-22 05:21:01,5,75,19.2,94,13.4,1015.5,0.0,0.0,7,2830.2,0
2022-10-22 05:26:01,5,75,19.2,94,13.3,1015.5,0.0,0.7,7,2830.2,0
2022-10-22 05:31:01,5,75,19.2,94,13.3,1015.3,0.0,0.0,7,2830.2,0
2022-10-22 05:36:01,5,75,19.2,94,13.3,1015.4,0.0,0.0,7,2830.2,0
2022-10-22 05:41:01,5,75,18.4,94,13.2,1015.4,0.0,0.0,7,2830.2,0
2022-10-22 05:46:01,5,75,19.2,94,13.2,1015.6,0.0,0.0,7,2830.2,0
2022-10-22 05:51:01,5,75,18.4,94,13.2,1015.6,0.0,0.0,7,2830.2,0
2022-10-22 05:56:01,5,75,19.2,94,13.2,1015.7,0.0,0.7,10,2830.2,0
2022-10-22 06:01:01,5,75,18.4,94,13.3,1015.8,0.0,0.7,8,2830.2,0
2022-10-22 06:06:01,5,75,18.3,94,13.3,1015.8,0.0,0.7,10,2830.2,0
2022-10-22 06:11:01,5,75,18.3,95,13.3,1015.9,0.3,1.0,9,2830.2,0
2022-10-22 06:16:01,5,74,19.1,94,13.3,1015.9,0.0,0.0,9,2830.2,0
2022-10-22 06:21:01,5,74,19.1,94,13.4,1016.1,0.3,1.0,6,2830.2,0
2022-10-22 06:26:01,5,75,19.1,94,13.5,1016.2,0.0,0.7,11,2830.2,0
2022-10-22 06:31:01,5,75,19.1,94,13.5,1016.2,0.0,0.0,10,2830.2,0
2022-10-22 06:36:01,5,77,18.3,94,13.6,1016.1,0.0,0.0,8,2830.2,0
2022-10-22 06:41:01,5,78,18.5,93,13.7,1016.2,0.3,1.0,6,2830.2,0
2022-10-22 06:46:01,5,78,19.5,93,13.8,1016.0,0.0,0.7,7,2830.2,0
2022-10-22 06:51:01,5,78,19.7,93,13.8,1015.9,0.0,0.7,10,2830.2,0
2022-10-22 06:56:01,5,77,19.9,93,13.9,1015.8,0.3,0.7,9,2830.2,0
2022-10-22 07:01:01,5,76,20.1,93,13.9,1015.6,0.0,0.0,8,2830.2,0
2022-10-22 07:06:01,5,75,20.3,93,13.9,1015.6,0.3,0.7,7,2830.2,0
2022-10-22 07:11:01,5,74,20.4,92,14.0,1015.6,0.3,0.7,11,2830.2,0
2022-10-22 07:16:01,5,74,20.5,92,14.2,1015.5,0.3,1.0,7,2830.2,0
2022-10-22 07:21:01,5,74,20.7,92,14.4,1015.4,0.3,1.7,5,2830.2,0
2022-10-22 07:26:01,5,74,20.9,91,14.6,1015.2,0.3,1.7,12,2830.2,0
2022-10-22 07:31:01,5,73,21.1,90,14.8,1015.1,0.7,1.7,6,2830.2,0
2022-10-22 07:36:01,5,72,21.5,89,15.1,1014.8,0.3,1.0,7,2830.2,0
2022-10-22 07:41:01,5,72,21.8,89,15.2,1014.5,1.4,2.7,6,2830.2,0
2022-10-22 07:46:01,5,71,22.0,88,15.3,1014.4,1.0,2.0,8,2830.2,0
2022-10-22 07:51:01,5,70,22.3,88,15.4,1014.3,0.7,1.0,8,2830.2,0
2022-10-22 07:56:01,5,69,22.5,88,15.3,1014.2,0.7,1.0,13,2830.2,0
2022-10-22 08:01:01,5,68,22.5,88,15.3,1014.2,0.7,1.0,10,2830.2,0
2022-10-22 08:06:01,5,68,22.5,88,15.3,1014.3,1.7,3.1,8,2830.2,0
2022-10-22 08:11:01,5,68,22.5,89,15.2,1014.4,1.0,1.7,11,2830.2,0
2022-10-22 08:16:01,5,68,22.5,89,15.3,1014.5,0.7,1.7,13,2830.2,0
2022-10-22 08:21:01,5,68,22.3,89,15.3,1014.7,1.4,2.7,5,2830.2,0
2022-10-22 08:26:01,5,68,22.3,88,15.4,1014.7,1.4,2.7,11,2830.2,0
2022-10-22 08:31:01,5,68,22.3,88,15.5,1014.8,1.4,2.7,7,2830.2,0
2022-10-22 08:36:01,5,68,22.3,88,15.6,1014.9,1.0,1.7,7,2830.2,0
2022-10-22 08:41:01,5,68,22.3,88,15.6,1015.0,0.7,1.0,6,2830.2,0
2022-10-22 08:46:01,5,68,22.3,88,15.8,1014.9,0.7,2.0,5,2830.2,0
2022-10-22 08:51:01,5,68,22.4,87,15.7,1015.0,1.7,3.7,3,2830.2,0
2022-10-22 08:56:01,5,68,22.5,88,15.8,1015.1,1.0,2.7,11,2830.2,0
2022-10-22 09:01:01,5,68,22.5,87,16.2,1015.1,0.7,1.7,13,2830.2,0
2022-10-22 09:06:01,5,68,22.7,86,16.5,1015.0,1.4,2.7,7,2830.2,0
2022-10-22 09:11:01,5,68,22.7,86,16.4,1015.1,0.7,1.0,6,2830.2,0
2022-10-22 09:16:01,5,67,22.7,87,16.3,1014.9,1.0,1.7,9,2830.2,0
2022-10-22 09:21:01,5,67,22.8,85,16.7,1014.9,1.0,1.7,7,2830.2,0
2022-10-22 09:26:01,5,68,23.0,85,16.9,1014.9,0.7,1.7,6,2830.2,0
2022-10-22 09:31:01,5,67,23.0,85,16.6,1014.8,0.3,1.0,5,2830.2,0
2022-10-22 09:36:01,5,67,23.0,86,16.3,1014.9,1.0,1.7,9,2830.2,0
2022-10-22 09:41:01,5,67,23.0,86,16.4,1015.1,0.7,2.0,8,2830.2,0
2022-10-22 09:46:01,5,66,23.0,86,16.4,1015.2,1.4,2.0,8,2830.2,0
2022-10-22 09:51:01,5,66,23.0,86,16.4,1015.3,1.0,1.7,9,2830.2,0
2022-10-22 09:56:01,5,66,22.9,85,16.9,1015.3,1.0,2.0,4,2830.2,0
2022-10-22 10:01:01,5,67,22.9,85,16.9,1015.4,1.0,2.7,4,2830.2,0
2022-10-22 10:06:01,5,67,23.0,84,17.1,1015.4,0.7,1.7,6,2830.2,0
2022-10-22 10:11:01,5,67,23.0,84,17.0,1015.6,0.7,1.7,7,2830.2,0
2022-10-22 10:16:01,5,67,23.0,84,16.9,1015.6,1.0,1.7,5,2830.2,0
2022-10-22 10:21:01,5,67,22.9,84,16.9,1015.7,0.7,1.7,6,2830.2,0
2022-10-22 10:26:01,5,67,22.9,84,16.9,1015.8,1.4,2.0,7,2830.2,0
2022-10-22 10:31:01,5,67,22.9,83,17.1,1015.9,1.4,3.1,6,2830.2,0
2022-10-22 10:36:01,5,67,22.9,83,17.1,1016.0,1.4,2.0,6,2830.2,0
2022-10-22 10:41:01,5,67,22.8,83,17.0,1016.1,1.0,2.7,7,2830.2,0
2022-10-22 10:46:01,5,67,22.8,83,17.0,1016.1,0.7,2.0,8,2830.2,0
2022-10-22 10:51:01,5,67,22.7,83,17.1,1016.2,0.7,1.0,7,2830.2,0
2022-10-22 10:56:01,5,67,22.7,83,17.2,1016.2,0.7,2.0,14,2830.2,0
2022-10-22 11:01:01,5,67,22.7,83,17.0,1016.3,0.3,1.0,5,2830.2,0
2022-10-22 11:06:01,5,67,22.6,83,16.9,1016.4,1.0,2.7,8,2830.2,0
2022-10-22 11:11:01,5,67,22.6,84,16.7,1016.4,0.3,1.7,3,2830.2,0
2022-10-22 11:16:01,5,67,22.6,84,16.6,1016.5,1.0,1.7,4,2830.2,0
2022-10-22 11:21:01,5,67,22.5,84,16.7,1016.4,0.7,1.0,5,2830.2,0
2022-10-22 11:26:01,5,67,22.5,83,16.7,1016.6,1.4,1.7,4,2830.2,0
2022-10-22 11:31:01,5,67,22.5,83,16.9,1016.8,1.0,2.0,9,2830.2,0
2022-10-22 11:36:01,5,67,22.3,82,17.0,1016.8,1.4,2.7,5,2830.2,0
2022-10-22 11:41:01,5,67,22.3,82,17.0,1016.7,0.3,0.7,8,2830.2,0
2022-10-22 11:46:01,5,68,22.3,83,17.0,1016.7,1.4,3.1,8,2830.2,0
2022-10-22 11:51:01,5,68,22.3,83,17.1,1016.8,0.3,1.7,5,2830.2,0
2022-10-22 11:56:01,5,68,22.3,83,17.0,1016.8,0.7,1.7,6,2830.2,0
2022-10-22 12:01:01,5,68,22.3,84,17.1,1016.9,0.3,0.7,5,2830.2,0
2022-10-22 12:06:01,5,68,22.3,84,16.9,1016.8,0.7,1.7,5,2830.2,0
2022-10-22 12:11:01,5,68,22.3,84,17.2,1016.9,0.3,1.0,6,2830.2,0
2022-10-22 12:16:01,5,68,22.3,83,17.2,1017.0,0.7,1.0,7,2830.2,0
2022-10-22 12:21:01,5,68,22.3,83,17.4,1017.0,0.3,1.0,6,2830.2,0
2022-10-22 12:26:01,5,68,22.3,82,17.4,1017.0,1.0,1.7,12,2830.2,0
2022-10-22 12:31:01,5,68,22.3,81,17.7,1017.1,0.3,1.7,11,2830.2,0
2022-10-22 12:36:01,5,68,22.3,80,18.1,1016.9,1.4,3.1,5,2830.2,0
2022-10-22 12:41:01,5,68,22.3,80,18.1,1016.9,1.0,2.0,8,2830.2,0
2022-10-22 12:46:01,5,68,22.3,80,18.2,1016.9,0.7,1.0,9,2830.2,0
2022-10-22 12:51:01,5,68,22.3,79,18.0,1017.1,0.7,1.7,10,2830.2,0
2022-10-22 12:56:01,5,68,22.3,79,17.5,1017.0,1.7,3.1,13,2830.2,0
2022-10-22 13:01:01,5,67,22.3,80,17.4,1017.1,0.7,2.0,8,2830.2,0
2022-10-22 13:06:01,5,67,22.2,81,17.6,1017.1,0.3,1.0,5,2830.2,0
2022-10-22 13:11:01,5,67,22.2,79,17.6,1017.0,0.7,1.7,5,2830.2,0
2022-10-22 13:16:01,5,67,22.2,79,17.7,1017.0,1.0,2.0,6,2830.2,0
2022-10-22 13:21:01,5,67,22.3,78,17.9,1016.9,0.7,1.0,5,2830.2,0
2022-10-22 13:26:01,5,67,22.2,77,18.0,1017.1,1.0,1.7,8,2830.2,0
2022-10-22 13:31:01,5,67,22.2,77,18.4,1017.1,0.7,1.7,8,2830.2,0
2022-10-22 13:36:01,5,67,22.2,78,18.3,1016.9,0.7,1.0,6,2830.2,0
2022-10-22 13:41:01,5,66,22.2,77,18.3,1016.9,0.7,2.0,3,2830.2,0
2022-10-22 13:46:01,5,66,22.2,77,18.5,1017.0,0.7,1.0,5,2830.2,0
2022-10-22 13:51:01,5,66,22.2,76,18.5,1017.0,0.7,1.7,5,2830.2,0
2022-10-22 13:56:01,5,66,22.2,76,18.3,1017.0,1.4,2.7,7,2830.2,0
2022-10-22 14:01:01,5,66,22.2,77,18.1,1017.2,1.0,1.7,9,2830.2,0
2022-10-22 14:06:01,5,67,22.3,77,17.9,1017.3,1.0,2.0,9,2830.2,0
2022-10-22 14:11:01,5,67,22.3,78,17.6,1017.3,0.7,1.0,4,2830.2,0
2022-10-22 14:16:01,5,67,22.3,78,17.5,1017.3,0.7,1.0,7,2830.2,0
2022-10-22 14:21:01,5,67,22.3,79,17.5,1017.1,0.0,0.0,7,2830.2,0
2022-10-22 14:26:01,5,68,22.3,79,17.5,1017.2,0.3,1.0,5,2830.2,0
2022-10-22 14:31:01,5,68,22.3,79,17.7,1017.3,0.0,0.0,7,2830.2,0
2022-10-22 14:36:01,5,68,22.3,79,17.8,1017.2,0.3,0.7,9,2830.2,0
2022-10-22 14:41:01,5,68,22.3,79,17.7,1017.2,0.3,1.0,6,2830.2,0
2022-10-22 14:46:01,5,68,22.4,79,17.7,1017.1,0.0,0.7,6,2830.2,0
2022-10-22 14:51:01,5,68,22.4,79,17.6,1017.0,0.7,1.7,5,2830.2,0
2022-10-22 14:56:01,5,68,22.5,79,17.5,1017.0,0.3,1.0,6,2830.2,0
2022-10-22 15:01:01,5,68,22.4,80,17.4,1017.0,0.7,1.0,7,2830.2,0
2022-10-22 15:06:01,5,68,22.4,80,17.3,1017.1,0.3,1.0,7,2830.2,0
2022-10-22 15:11:01,5,68,22.4,81,17.3,1017.1,0.0,0.7,6,2830.2,0
2022-10-22 15:16:01,5,68,22.4,81,17.2,1017.2,0.3,0.7,7,2830.2,0
2022-10-22 15:21:01,5,68,22.3,81,17.2,1017.3,0.0,1.0,6,2830.2,0
2022-10-22 15:26:01,5,68,22.3,82,17.0,1017.3,0.0,0.7,6,2830.2,0
2022-10-22 15:31:01,5,66,22.2,82,17.0,1017.3,0.0,0.0,6,2830.2,0
2022-10-22 15:36:01,5,66,22.2,82,16.8,1017.3,0.0,0.0,6,2830.2,0
2022-10-22 15:41:01,5,64,22.1,83,16.7,1017.4,0.0,0.0,6,2830.2,0
2022-10-22 15:46:01,5,65,21.9,84,16.4,1017.5,0.0,0.7,7,2830.2,0
2022-10-22 15:51:01,5,66,21.9,85,16.3,1017.8,0.0,0.0,6,2830.2,0
2022-10-22 15:56:01,5,69,21.9,85,16.2,1017.9,0.0,0.0,6,2830.2,0
2022-10-22 16:01:01,5,70,21.9,86,15.9,1017.6,0.0,0.0,6,2830.2,0
2022-10-22 16:06:01,5,71,21.9,87,15.6,1017.6,0.0,0.0,6,2830.2,0
2022-10-22 16:11:01,5,71,21.9,87,15.4,1017.9,0.0,0.0,6,2830.2,0
2022-10-22 16:16:01,5,71,21.9,88,15.3,1017.7,0.0,0.0,6,2830.2,0
2022-10-22 16:21:01,5,71,21.9,89,15.1,1017.9,0.0,0.0,6,2830.2,0
2022-10-22 16:26:01,5,71,21.9,89,14.9,1017.7,0.0,0.0,6,2830.2,0
2022-10-22 16:31:01,5,71,21.9,90,14.7,1017.6,0.0,0.0,6,2830.2,0
2022-10-22 16:36:01,5,71,21.9,90,14.4,1017.6,0.0,0.0,6,2830.2,0
2022-10-22 16:41:01,5,71,21.9,91,14.2,1017.7,0.0,0.0,6,2830.2,0
2022-10-22 16:46:01,5,71,21.8,91,14.2,1017.8,0.0,0.0,6,2830.2,0
2022-10-22 16:51:01,5,71,21.8,92,14.0,1017.8,0.0,0.0,6,2830.2,0
2022-10-22 16:56:01,5,71,21.7,92,13.9,1018.1,0.0,0.0,6,2830.2,0
2022-10-22 17:01:01,5,71,21.7,92,13.9,1018.2,0.0,0.0,6,2830.2,0
2022-10-22 17:06:01,5,71,21.7,93,13.6,1018.3,0.0,0.0,6,2830.2,0
2022-10-22 17:11:01,5,71,21.7,93,13.4,1018.3,0.0,0.0,6,2830.2,0
2022-10-22 17:16:01,5,71,21.6,93,13.3,1018.2,0.0,0.0,6,2830.2,0
2022-10-22 17:21:01,5,71,21.5,93,13.3,1018.4,0.0,0.0,6,2830.2,0
2022-10-22 17:26:01,5,71,21.5,93,13.3,1018.5,0.0,0.0,6,2830.2,0
2022-10-22 17:31:01,5,71,21.4,94,13.1,1018.4,0.0,0.0,6,2830.2,0
2022-10-22 17:36:01,5,71,21.4,94,12.8,1018.6,0.0,0.0,6,2830.2,0
2022-10-22 17:41:01,5,71,21.3,94,12.7,1018.6,0.0,0.0,6,2830.2,0
2022-10-22 17:46:01,5,72,21.3,94,12.6,1018.6,0.0,0.0,6,2830.2,0
2022-10-22 17:51:01,5,72,21.3,94,12.5,1018.8,0.0,0.0,6,2830.2,0
2022-10-22 17:56:01,5,72,21.2,94,12.6,1018.8,0.0,0.0,6,2830.2,0
2022-10-22 18:01:01,5,72,21.2,94,12.3,1018.8,0.0,0.0,6,2830.2,0
2022-10-22 18:06:01,5,72,21.1,95,12.5,1018.9,0.0,0.0,6,2830.2,0
2022-10-22 18:11:01,5,72,21.1,95,12.6,1019.2,0.0,0.0,6,2830.2,0
2022-10-22 18:16:01,5,72,21.1,95,12.5,1019.3,0.0,0.0,6,2830.2,0
2022-10-22 18:21:01,5,72,21.1,95,12.3,1019.2,0.0,0.0,6,2830.2,0
2022-10-22 18:26:01,5,72,21.1,95,12.2,1019.1,0.0,0.0,6,2830.2,0
2022-10-22 18:31:01,5,73,21.1,95,12.2,1019.3,0.0,0.0,6,2830.2,0
2022-10-22 18:36:01,5,73,21.0,95,12.2,1019.3,0.0,0.0,6,2830.2,0
2022-10-22 18:41:01,5,73,21.0,95,12.0,1019.2,0.0,0.0,6,2830.2,0
2022-10-22 18:46:01,5,73,21.0,95,12.0,1019.2,0.0,0.0,6,2830.2,0
2022-10-22 18:51:01,5,73,21.0,95,11.9,1019.1,0.0,0.0,6,2830.2,0
2022-10-22 18:56:01,5,73,21.0,95,12.0,1019.1,0.0,0.0,6,2830.2,0
2022-10-22 19:01:01,5,73,21.0,95,12.0,1019.1,0.0,0.0,6,2830.2,0
2022-10-22 19:06:01,5,75,20.9,96,12.2,1019.0,0.0,0.0,6,2830.2,0
2022-10-22 19:11:01,5,75,20.9,95,12.2,1019.0,0.0,0.0,6,2830.2,0
2022-10-22 19:16:01,5,75,20.9,95,12.1,1018.9,0.0,0.0,6,2830.2,0
2022-10-22 19:21:01,5,75,20.9,95,12.0,1019.1,0.0,0.0,6,2830.2,0
2022-10-22 19:26:01,5,75,20.9,96,12.0,1019.0,0.0,0.0,6,2830.2,0
2022-10-22 19:31:01,5,75,20.9,96,12.0,1019.1,0.0,0.0,6,2830.2,0
2022-10-22 19:36:01,5,75,20.9,96,11.9,1019.2,0.0,0.0,6,2830.2,0
2022-10-22 19:41:01,5,75,20.9,96,12.1,1019.1,0.0,0.0,6,2830.2,0
2022-10-22 19:46:01,5,75,20.9,96,12.0,1019.1,0.0,0.0,6,2830.2,0
2022-10-22 19:51:01,5,75,20.9,96,12.0,1019.1,0.0,0.0,6,2830.2,0
2022-10-22 19:56:01,5,75,20.9,96,11.9,1019.1,0.0,0.0,6,2830.2,0
2022-10-22 20:01:01,5,75,20.8,96,11.9,1019.1,0.0,0.0,6,2830.2,0
2022-10-22 20:06:01,5,75,20.8,96,11.8,1019.1,0.0,0.0,6,2830.2,0
2022-10-22 20:11:01,5,75,20.8,96,11.8,1019.1,0.0,0.0,6,2830.2,0
2022-10-22 20:16:01,5,75,20.8,96,11.8,1019.1,0.0,0.0,6,2830.2,0
2022-10-22 20:21:01,5,75,20.7,96,11.8,1019.1,0.0,0.0,6,2830.2,0
2022-10-22 20:26:01,5,75,20.7,96,11.7,1019.1,0.0,0.0,6,2830.2,0
2022-10-22 20:31:01,5,75,20.7,96,11.8,1019.2,0.0,0.0,6,2830.2,0
2022-10-22 20:36:01,5,75,20.7,96,11.9,1019.2,0.0,0.0,6,2830.2,0
2022-10-22 20:41:01,5,75,20.7,96,12.0,1019.3,0.0,0.0,6,2830.2,0
2022-10-22 20:46:01,5,75,20.7,96,12.0,1019.4,0.0,0.0,6,2830.2,0
2022-10-22 20:51:01,5,75,20.7,96,11.9,1019.3,0.0,0.0,6,2830.2,0
2022-10-22 20:56:01,5,75,20.7,96,12.0,1019.5,0.0,0.0,6,2830.2,0
2022-10-22 21:01:01,5,75,20.7,96,12.2,1019.5,0.0,0.0,6,2830.2,0
2022-10-22 21:06:01,5,75,20.6,96,12.1,1019.5,0.0,0.0,6,2830.2,0
2022-10-22 21:11:01,5,75,20.6,96,12.0,1019.5,0.0,0.0,6,2830.2,0
2022-10-22 21:16:01,5,75,20.6,96,12.0,1019.4,0.0,0.0,6,2830.2,0
2022-10-22 21:21:01,5,75,20.6,96,12.0,1019.4,0.0,0.0,6,2830.2,0
2022-10-22 21:26:01,5,75,20.6,96,11.9,1019.6,0.0,0.0,6,2830.2,0
2022-10-22 21:31:01,5,75,20.6,96,12.0,1019.5,0.0,0.0,6,2830.2,0
2022-10-22 21:36:01,5,74,20.6,96,12.0,1019.5,0.0,0.0,6,2830.2,0
2022-10-22 21:41:01,5,74,20.6,96,12.0,1019.5,0.0,0.0,6,2830.2,0
2022-10-22 21:46:01,5,74,20.6,96,12.1,1019.6,0.0,0.0,6,2830.2,0
2022-10-22 21:51:01,5,74,20.5,96,12.2,1019.5,0.0,0.0,6,2830.2,0
2022-10-22 21:56:01,5,74,20.5,96,12.2,1019.5,0.0,0.0,6,2830.2,0
2022-10-22 22:01:01,5,74,20.5,96,12.2,1019.4,0.0,0.0,6,2830.2,0
2022-10-22 22:06:01,5,74,20.5,96,12.1,1019.4,0.0,0.0,6,2830.2,0
2022-10-22 22:11:01,5,74,20.5,96,12.1,1019.4,0.0,0.0,6,2830.2,0
2022-10-22 22:16:01,5,75,20.5,97,12.1,1019.4,0.0,0.0,6,2830.2,0
2022-10-22 22:21:01,5,75,20.5,97,12.1,1019.4,0.0,0.0,6,2830.2,0
2022-10-22 22:26:01,5,74,20.5,97,12.1,1019.3,0.0,0.0,6,2830.2,0
2022-10-22 22:31:01,5,74,20.5,97,12.2,1019.2,0.0,0.0,6,2830.2,0
2022-10-22 22:36:01,5,74,20.5,97,12.2,1019.3,0.0,0.0,6,2830.2,0
2022-10-22 22:41:01,5,74,20.4,97,12.1,1019.3,0.0,0.0,6,2830.2,0
2022-10-22 22:46:01,5,74,20.4,97,12.2,1019.4,0.0,0.0,6,2830.2,0
2022-10-22 22:51:01,5,74,20.4,97,12.1,1019.3,0.0,0.0,6,2830.2,0
2022-10-22 22:56:01,5,74,20.4,97,12.1,1019.4,0.0,0.0,6,2830.2,0
2022-10-22 23:01:01,5,74,20.4,97,12.2,1019.4,0.0,0.0,6,2830.2,0
2022-10-22 23:06:01,5,74,20.4,97,12.0,1019.3,0,0,6,2830.2,0
2022-10-22 23:11:01,5,74,20.3,97,11.9,1019.2,0,0,6,2830.2,0
2022-10-22 23:16:01,5,74,20.3,97,11.9,1019.2,0,0,6,2830.2,0
2022-10-22 23:21:01,5,74,20.3,97,11.8,1019.2,0,0,6,2830.2,0
2022-10-22 23:26:01,5,74,20.3,97,11.8,1019.0,0,0,6,2830.2,0
2022-10-22 23:31:01,5,74,20.2,97,11.9,1019.0,0,0,6,2830.2,0
2022-10-22 23:36:01,5,74,20.2,97,11.9,1019.0,0,0,6,2830.2,0
2022-10-22 23:41:01,5,74,20.2,97,11.8,1019.0,0,0,6,2830.2,0
2022-10-22 23:46:01,5,74,20.2,97,11.7,1019.0,0,0,6,2830.2,0
2022-10-22 23:51:01,5,74,20.2,97,11.8,1019.0,0,0,6,2830.2,0
2022-10-22 23:56:01,5,74,20.1,97,11.9,1019.1,0,0,6,2830.2,0
