2022-10-13 00:00:02,5,70,20.0,90,11.4,1024.6,0.0,0.0,6,2811.0,0
2022-10-13 00:05:02,5,70,20.0,90,11.4,1024.6,0.0,0.0,6,2811.0,0
2022-10-13 00:10:02,5,70,20.0,90,11.4,1024.5,0.3,0.7,6,2811.0,0
2022-10-13 00:15:02,5,70,20.0,90,11.4,1024.5,0.0,0.7,9,2811.0,0
2022-10-13 00:20:02,5,70,20.0,90,11.5,1024.5,0.0,0.7,9,2811.0,0
2022-10-13 00:25:02,5,70,20.0,90,11.5,1024.4,0.0,0.0,9,2811.0,0
2022-10-13 00:30:02,5,71,19.9,90,11.5,1024.5,0.0,0.0,9,2811.0,0
2022-10-13 00:35:02,5,71,19.9,90,11.6,1024.5,0.0,0.0,9,2811.0,0
2022-10-13 00:40:02,5,71,19.8,90,11.6,1024.5,0.0,0.7,9,2811.0,0
2022-10-13 00:45:02,5,71,19.8,90,11.6,1024.5,0.0,0.0,9,2811.0,0
2022-10-13 00:50:02,5,71,19.8,90,11.7,1024.7,0.0,0.0,8,2811.0,0
2022-10-13 00:55:02,5,71,19.8,90,11.8,1024.5,0.0,0.0,8,2811.0,0
2022-10-13 01:00:02,5,71,19.8,90,11.9,1024.5,0.0,0.7,8,2811.0,0
2022-10-13 01:05:02,5,71,19.8,90,11.9,1024.7,0.3,0.7,7,2811.0,0
2022-10-13 01:10:02,5,71,19.8,90,12.0,1024.6,0.0,0.0,7,2811.0,0
2022-10-13 01:15:02,5,71,19.8,90,12.0,1024.5,0.0,0.0,9,2811.0,0
2022-10-13 01:20:02,5,71,19.8,90,12.0,1024.5,0.0,0.0,9,2811.0,0
2022-10-13 01:25:02,5,71,19.7,90,12.0,1024.4,0.0,0.0,8,2811.0,0
2022-10-13 01:30:02,5,71,19.7,90,12.0,1024.5,0.0,0.0,9,2811.0,0
2022-10-13 01:35:02,5,71,19.7,90,12.1,1024.5,0.0,0.0,7,2811.0,0
2022-10-13 01:40:02,5,71,19.7,90,12.1,1024.5,0.0,0.0,7,2811.0,0
2022-10-13 01:45:02,5,71,19.7,90,12.0,1024.6,0.0,0.0,7,2811.0,0
2022-10-13 01:50:02,5,71,19.7,90,12.1,1024.4,0.0,0.0,7,2811.0,0
2022-10-13 01:55:02,5,71,19.7,90,12.2,1024.4,0.0,0.0,7,2811.0,0
2022-10-13 02:00:02,5,71,19.7,90,12.1,1024.3,0.0,0.0,7,2811.0,0
2022-10-13 02:05:02,5,71,19.7,90,12.2,1024.3,0.0,0.0,7,2811.0,0
2022-10-13 02:10:02,5,71,19.6,90,12.1,1024.1,0.0,0.0,7,2811.0,0
2022-10-13 02:15:02,5,71,19.6,90,12.1,1024.1,0.0,0.0,7,2811.0,0
2022-10-13 02:20:02,5,71,19.6,90,12.1,1024.0,0.0,0.0,9,2811.0,0
2022-10-13 02:25:02,5,71,19.6,91,12.1,1024.0,0.0,0.0,9,2811.0,0
2022-10-13 02:30:02,5,71,19.6,91,12.2,1024.1,0.0,0.7,7,2811.0,0
2022-10-13 02:35:02,5,71,19.6,91,12.2,1024.1,0.0,0.0,7,2811.0,0
2022-10-13 02:40:02,5,71,19.6,91,12.2,1024.2,0.0,0.7,7,2811.0,0
2022-10-13 02:45:02,5,71,19.6,91,12.2,1024.2,0.0,0.0,7,2811.0,0
2022-10-13 02:50:02,5,71,19.6,91,12.3,1024.2,0.0,0.7,7,2811.0,0
2022-10-13 02:55:02,5,71,19.6,92,12.4,1024.1,0.3,0.7,7,2811.0,0
2022-10-13 03:00:02,5,71,19.6,92,12.5,1023.9,0.3,0.7,6,2811.0,0
2022-10-13 03:05:02,5,71,19.5,91,12.5,1023.9,0.0,0.0,7,2811.0,0
2022-10-13 03:10:02,5,71,19.5,91,12.5,1024.0,0.0,0.0,13,2811.0,0
2022-10-13 03:15:02,5,71,19.5,92,12.5,1023.9,0.0,0.0,13,2811.0,0
2022-10-13 03:20:02,5,71,19.5,92,12.4,1023.8,0.0,0.0,12,2811.0,0
2022-10-13 03:25:02,5,71,19.5,92,12.4,1023.8,0.0,0.0,13,2811.0,0
2022-10-13 03:30:02,5,71,19.5,92,12.3,1023.7,0.0,0.0,12,2811.0,0
2022-10-13 03:35:02,5,71,19.5,92,12.3,1023.6,0.0,0.0,12,2811.0,0
2022-10-13 03:40:02,5,71,19.5,92,12.3,1023.6,0.0,0.0,12,2811.0,0
2022-10-13 03:45:02,5,71,19.5,92,12.3,1023.7,0.0,0.0,6,2811.0,0
2022-10-13 03:50:02,5,71,19.5,92,12.2,1023.8,0.0,0.7,6,2811.0,0
2022-10-13 03:55:02,5,71,19.4,92,12.2,1023.7,0.0,0.0,12,2811.0,0
2022-10-13 04:00:02,5,71,19.4,92,12.2,1023.8,0.0,0.0,6,2811.0,0
2022-10-13 04:05:02,5,71,19.4,92,12.2,1023.7,0.0,0.0,12,2811.0,0
2022-10-13 04:10:02,5,71,19.4,92,12.2,1023.7,0.0,0.0,12,2811.0,0
2022-10-13 04:15:02,5,71,19.3,92,12.2,1023.8,0.0,0.7,12,2811.0,0
2022-10-13 04:20:02,5,71,19.3,92,12.2,1023.7,0.0,0.0,12,2811.0,0
2022-10-13 04:25:02,5,71,19.3,92,12.2,1023.8,0.0,0.0,7,2811.0,0
2022-10-13 04:30:02,5,71,19.3,92,12.3,1023.8,0.7,1.0,6,2811.0,0
2022-10-13 04:35:02,5,71,19.3,92,12.4,1023.7,0.0,0.7,10,2811.0,0
2022-10-13 04:40:02,5,71,19.3,92,12.6,1023.7,0.3,1.0,8,2811.0,0
2022-10-13 04:45:02,5,71,19.3,92,12.7,1023.7,0.7,2.0,7,2811.0,0
2022-10-13 04:50:02,5,71,19.3,92,12.7,1023.7,0.7,1.7,7,2811.0,0
2022-10-13 04:55:02,5,71,19.3,92,12.8,1023.7,0.0,0.7,10,2811.0,0
2022-10-13 05:00:02,5,72,19.3,92,12.8,1023.6,0.0,0.7,7,2811.0,0
2022-10-13 05:05:02,5,72,19.3,92,12.9,1023.7,0.3,0.7,6,2811.0,0
2022-10-13 05:10:02,5,72,19.3,92,12.9,1023.6,0.3,1.0,9,2811.0,0
2022-10-13 05:15:02,5,72,19.3,92,13.0,1023.7,1.4,2.0,6,2811.0,0
2022-10-13 05:20:02,5,72,19.3,93,13.0,1023.6,0.7,1.7,6,2811.0,0
2022-10-13 05:25:02,5,72,19.3,93,13.1,1023.6,0.7,1.7,7,2811.0,0
2022-10-13 05:30:02,5,72,19.3,93,13.0,1023.8,0.3,1.0,10,2811.0,0
2022-10-13 05:35:02,5,72,19.3,94,12.9,1023.6,0.0,0.0,7,2811.0,0
2022-10-13 05:40:02,5,72,19.3,94,12.9,1023.3,0.0,0.0,7,2811.0,0
2022-10-13 05:45:02,5,72,19.3,94,12.9,1023.4,0.0,0.0,6,2811.0,0
2022-10-13 05:50:02,5,72,19.3,94,12.8,1023.2,0.0,0.0,6,2811.0,0
2022-10-13 05:55:02,5,72,19.3,94,12.8,1023.4,0.0,0.0,10,2811.0,0
2022-10-13 06:00:02,5,72,19.3,94,12.8,1023.5,0.3,1.0,6,2811.0,0
2022-10-13 06:05:02,5,72,19.3,94,12.8,1023.5,0.3,1.0,6,2811.0,0
2022-10-13 06:10:02,5,72,19.3,95,12.8,1023.3,0.0,0.7,11,2811.0,0
2022-10-13 06:15:02,5,72,19.3,95,12.7,1023.4,0.0,0.7,12,2811.0,0
2022-10-13 06:20:02,5,72,19.3,95,12.7,1023.5,0.0,0.0,6,2811.0,0
2022-10-13 06:25:02,5,72,19.3,95,12.7,1023.5,0.0,0.0,6,2811.0,0
2022-10-13 06:30:02,5,72,19.3,95,12.7,1023.5,0.0,0.0,6,2811.0,0
2022-10-13 06:35:02,5,72,19.4,95,12.7,1023.3,0.0,0.0,6,2811.0,0
2022-10-13 06:40:02,5,72,19.4,95,12.7,1023.4,0.0,0.0,6,2811.0,0
2022-10-13 06:45:02,5,72,19.4,95,12.7,1023.4,0.0,0.0,10,2811.0,0
2022-10-13 06:50:02,5,72,19.4,95,12.8,1023.3,0.3,0.7,8,2811.0,0
2022-10-13 06:55:02,5,72,19.4,95,12.7,1023.2,0.0,0.7,8,2811.0,0
2022-10-13 07:00:02,5,72,19.4,95,12.8,1023.2,0.3,1.0,7,2811.0,0
2022-10-13 07:05:02,5,72,19.5,95,12.8,1023.3,0.7,1.0,6,2811.0,0
2022-10-13 07:10:02,5,72,19.5,95,12.8,1023.2,0.0,0.0,7,2811.0,0
2022-10-13 07:15:02,5,72,19.5,95,12.9,1023.2,0.3,1.0,6,2811.0,0
2022-10-13 07:20:02,5,72,19.5,95,12.9,1023.1,0.0,0.0,10,2811.0,0
2022-10-13 07:25:02,5,72,19.5,95,13.0,1023.1,0.0,0.0,6,2811.0,0
2022-10-13 07:30:02,5,73,19.5,95,13.0,1023.1,0.7,1.0,6,2811.0,0
2022-10-13 07:35:02,5,73,19.5,95,12.9,1023.1,0.7,1.7,7,2811.0,0
2022-10-13 07:40:02,5,73,19.5,95,12.9,1023.2,1.0,2.0,6,2811.0,0
2022-10-13 07:45:02,5,73,19.6,94,13.0,1023.1,0.0,0.0,10,2811.0,0
2022-10-13 07:50:02,5,73,19.6,94,13.1,1023.2,0.0,0.0,10,2811.0,0
2022-10-13 07:55:02,5,73,19.6,94,13.1,1023.1,0.3,0.7,7,2811.0,0
2022-10-13 08:00:02,5,73,19.6,94,13.1,1023.2,0.0,0.0,7,2811.0,0
2022-10-13 08:05:02,5,73,19.6,94,13.1,1023.1,0.0,0.0,7,2811.0,0
2022-10-13 08:10:02,5,73,19.6,94,13.1,1023.0,0.0,0.0,9,2811.0,0
2022-10-13 08:15:02,5,73,19.7,94,13.2,1023.0,0.3,0.7,10,2811.0,0
2022-10-13 08:20:02,5,73,19.7,94,13.3,1022.9,0.0,0.0,7,2811.0,0
2022-10-13 08:25:02,5,73,19.8,94,13.4,1022.8,0.0,0.7,10,2811.0,0
2022-10-13 08:30:02,5,73,19.8,94,13.4,1022.8,0.0,0.0,7,2811.0,0
2022-10-13 08:35:02,5,73,19.9,93,13.5,1022.9,0.0,0.7,7,2811.0,0
2022-10-13 08:40:02,5,72,20.0,93,13.6,1022.8,0.0,0.0,9,2811.0,0
2022-10-13 08:45:02,5,72,20.0,93,13.6,1022.7,0.0,0.7,7,2811.0,0
2022-10-13 08:50:02,5,71,20.1,92,13.7,1022.6,0.3,1.7,8,2811.0,0
2022-10-13 08:55:02,5,71,20.1,92,13.7,1022.4,0.3,1.0,6,2811.0,0
2022-10-13 09:00:02,5,71,20.2,92,13.9,1022.4,0.0,0.0,9,2811.0,0
2022-10-13 09:05:02,5,71,20.2,91,13.8,1022.4,0.3,1.0,9,2811.0,0
2022-10-13 09:10:02,5,71,20.3,91,13.9,1022.2,0.0,0.0,10,2811.0,0
2022-10-13 09:15:02,5,71,20.3,91,14.0,1022.2,0.0,0.0,7,2811.0,0
2022-10-13 09:20:02,5,70,20.3,91,14.1,1022.2,0.0,0.7,9,2811.0,0
2022-10-13 09:25:02,5,70,20.3,91,14.1,1022.3,0.3,0.7,7,2811.0,0
2022-10-13 09:30:02,5,70,20.3,91,14.1,1022.2,0.3,0.7,6,2811.0,0
2022-10-13 09:35:02,5,70,20.3,90,14.1,1022.0,0.7,1.0,7,2811.0,0
2022-10-13 09:40:02,5,70,20.4,90,14.3,1022.0,0.3,0.7,7,2811.0,0
2022-10-13 09:45:02,5,70,20.4,89,14.4,1022.0,0.7,1.7,9,2811.0,0
2022-10-13 09:50:02,5,70,20.4,89,14.4,1022.0,0.3,1.0,6,2811.0,0
2022-10-13 09:55:02,5,70,20.5,88,14.4,1021.9,0.7,1.7,7,2811.0,0
2022-10-13 10:00:02,5,70,20.5,89,14.6,1021.9,0.3,0.7,10,2811.0,0
2022-10-13 10:05:02,5,70,20.5,88,14.6,1021.9,0.3,1.0,7,2811.0,0
2022-10-13 10:10:02,5,70,20.5,88,14.6,1021.8,1.0,2.0,10,2811.0,0
2022-10-13 10:15:02,5,70,20.5,87,14.7,1021.8,0.7,1.0,7,2811.0,0
2022-10-13 10:20:02,5,70,20.5,87,15.0,1021.8,0.3,0.7,9,2811.0,0
2022-10-13 10:25:02,5,69,20.5,87,15.1,1021.8,0.0,0.7,9,2811.0,0
2022-10-13 10:30:02,5,69,20.5,87,15.1,1021.7,0.0,0.7,9,2811.0,0
2022-10-13 10:35:02,5,69,20.5,87,15.0,1021.7,0.3,1.0,7,2811.0,0
2022-10-13 10:40:02,5,69,20.5,87,15.0,1021.7,0.3,1.0,8,2811.0,0
2022-10-13 10:45:02,5,69,20.5,87,15.0,1021.7,0.3,1.0,10,2811.0,0
2022-10-13 10:50:02,5,69,20.5,87,15.5,1021.6,0.3,0.7,11,2811.0,0
2022-10-13 10:55:02,5,69,20.5,86,15.4,1021.7,0.3,1.0,7,2811.0,0
2022-10-13 11:00:02,5,69,20.5,86,15.2,1021.6,0.0,0.7,11,2811.0,0
2022-10-13 11:05:02,5,69,20.5,86,15.0,1021.5,0.7,1.0,8,2811.0,0
2022-10-13 11:10:02,5,68,20.5,87,15.0,1021.7,0.0,0.7,10,2811.0,0
2022-10-13 11:15:02,5,68,20.5,87,15.0,1021.5,0.3,0.7,10,2811.0,0
2022-10-13 11:20:02,5,68,20.5,87,14.9,1021.5,0.0,0.0,10,2811.0,0
2022-10-13 11:25:02,5,68,20.5,87,14.9,1021.3,0.3,0.7,9,2811.0,0
2022-10-13 11:30:02,5,68,20.4,87,15.4,1021.5,0.0,0.0,9,2811.0,0
2022-10-13 11:35:02,5,69,20.5,86,15.5,1021.4,0.3,0.7,9,2811.0,0
2022-10-13 11:40:02,5,69,20.5,84,15.9,1021.1,0.7,1.0,8,2811.0,0
2022-10-13 11:45:02,5,69,20.5,83,16.2,1021.1,0.7,1.0,8,2811.0,0
2022-10-13 11:50:02,5,69,20.6,83,16.4,1021.0,0.7,1.0,10,2811.0,0
2022-10-13 11:55:02,5,69,20.6,83,16.4,1021.1,0.3,1.0,9,2811.0,0
2022-10-13 12:00:02,5,68,20.6,83,16.1,1020.9,0.3,0.7,10,2811.0,0
2022-10-13 12:05:02,5,68,20.6,83,16.1,1020.8,0.3,0.7,10,2811.0,0
2022-10-13 12:10:02,5,68,20.6,84,15.9,1020.9,0.3,1.0,9,2811.0,0
2022-10-13 12:15:02,5,68,20.6,85,15.6,1020.8,0.3,0.7,7,2811.0,0
2022-10-13 12:20:02,5,68,20.7,86,15.5,1020.8,0.3,1.0,11,2811.0,0
2022-10-13 12:25:02,5,68,20.7,87,15.2,1021.0,0.7,1.7,8,2811.0,0
2022-10-13 12:30:02,5,68,20.6,88,15.0,1021.0,0.3,1.0,12,2811.0,0
2022-10-13 12:35:03,5,68,20.6,88,14.8,1020.7,0.7,1.0,0,2811.0,0
2022-10-13 12:40:03,5,68,20.6,88,14.7,1020.8,0.7,1.0,7,2811.0,0
2022-10-13 12:45:03,5,68,20.6,88,14.7,1020.8,1.0,1.7,7,2811.0,0
2022-10-13 12:50:03,5,68,20.6,88,14.8,1020.8,1.0,1.7,7,2811.0,0
2022-10-13 12:55:03,5,68,20.6,89,14.9,1020.9,0.3,0.7,9,2811.0,0
2022-10-13 13:00:03,5,68,20.6,89,14.9,1020.8,0.3,0.7,8,2811.0,0
2022-10-13 13:05:03,5,67,20.6,89,14.8,1020.8,0.3,1.7,8,2811.0,0
2022-10-13 13:10:03,5,67,20.6,88,14.6,1020.8,0.7,1.0,11,2811.0,0
2022-10-13 13:15:03,5,67,20.5,88,14.6,1020.8,1.0,2.0,9,2811.0,0
2022-10-13 13:20:03,5,67,20.5,87,14.8,1020.7,0.7,1.7,5,2811.0,0
2022-10-13 13:25:03,5,67,20.5,87,14.7,1020.8,0.3,1.7,7,2811.0,0
2022-10-13 13:30:03,5,67,20.5,87,14.7,1020.8,0.7,1.7,2,2811.0,0
2022-10-13 13:35:03,5,67,20.5,87,14.7,1020.8,1.0,1.7,0,2811.0,0
2022-10-13 13:40:03,5,67,20.5,87,14.7,1020.8,1.0,1.7,7,2811.0,0
2022-10-13 13:45:03,5,67,20.5,88,14.7,1020.9,0.3,1.0,6,2811.0,0
2022-10-13 13:50:03,5,67,20.5,88,14.6,1020.8,1.0,1.7,8,2811.0,0
2022-10-13 13:55:03,5,67,20.4,89,14.5,1020.8,0.7,1.7,7,2811.0,0
2022-10-13 14:00:03,5,67,20.4,90,14.4,1020.8,1.0,1.7,7,2811.0,0
2022-10-13 14:05:03,5,67,20.4,90,14.4,1020.7,0.7,1.0,8,2811.0,0
2022-10-13 14:10:03,5,67,20.4,91,14.5,1020.7,0.3,0.7,7,2811.3,0
2022-10-13 14:15:03,5,67,20.4,91,14.4,1020.7,1.0,2.0,8,2811.3,0
2022-10-13 14:20:03,5,67,20.4,91,14.5,1020.6,0.7,1.7,6,2811.3,0
2022-10-13 14:25:03,5,67,20.4,91,14.7,1020.5,0.0,0.7,11,2811.3,0
2022-10-13 14:30:03,5,67,20.4,91,14.6,1020.5,1.4,2.7,5,2811.3,0
2022-10-13 14:35:03,5,67,20.4,91,14.6,1020.6,0.7,1.7,8,2811.3,0
2022-10-13 14:40:03,5,67,20.4,91,14.5,1020.6,1.4,2.7,9,2811.3,0
2022-10-13 14:45:03,5,67,20.4,91,14.6,1020.5,0.0,0.7,6,2811.3,0
2022-10-13 14:50:03,5,67,20.4,91,14.5,1020.4,0.3,1.0,8,2811.3,0
2022-10-13 14:55:03,5,67,20.4,91,14.6,1020.5,0.0,0.7,6,2811.3,0
2022-10-13 15:00:03,5,67,20.4,91,14.5,1020.5,0.0,0.7,6,2811.3,0
2022-10-13 15:05:03,5,67,20.3,91,14.5,1020.4,0.7,1.0,9,2811.3,0
2022-10-13 15:10:03,5,67,20.3,91,14.5,1020.6,1.0,1.7,6,2811.3,0
2022-10-13 15:15:03,5,67,20.3,91,14.5,1020.5,0.0,0.7,6,2811.3,0
2022-10-13 15:20:03,5,67,20.3,91,14.4,1020.5,0.7,1.0,5,2811.3,0
2022-10-13 15:25:03,5,67,20.3,91,14.5,1020.5,0.7,1.0,8,2811.3,0
2022-10-13 15:30:03,5,67,20.3,90,14.4,1020.6,0.7,1.7,7,2811.3,0
2022-10-13 15:35:03,5,67,20.3,90,14.5,1020.6,0.3,1.0,0,2811.3,0
2022-10-13 15:40:03,5,67,20.2,90,14.2,1020.6,0.3,1.0,1,2811.3,0
2022-10-13 15:45:03,5,67,20.2,90,14.2,1020.7,0.0,0.0,4,2811.3,0
2022-10-13 15:50:03,5,67,20.2,91,14.0,1020.6,0.3,1.0,12,2811.3,0
2022-10-13 15:55:03,5,67,20.2,91,13.8,1020.8,0.0,0.7,3,2811.3,0
2022-10-13 16:00:03,5,68,20.2,91,13.4,1020.8,0.3,0.7,0,2811.3,0
2022-10-13 16:05:03,5,68,20.2,91,13.3,1020.8,0.0,0.0,0,2811.3,0
2022-10-13 16:10:03,5,69,20.3,91,13.4,1020.7,0.0,0.0,0,2811.3,0
2022-10-13 16:15:03,5,69,20.3,91,13.3,1020.7,0.0,0.0,0,2811.3,0
2022-10-13 16:20:03,5,70,20.4,91,13.2,1020.4,0.0,0.0,3,2811.3,0
2022-10-13 16:25:03,5,69,20.6,92,13.1,1020.4,0.0,0.0,3,2811.3,0
2022-10-13 16:30:03,5,69,20.7,91,13.0,1020.3,0.0,0.0,3,2811.3,0
2022-10-13 16:35:03,5,69,20.8,91,12.9,1020.1,0.0,0.0,3,2811.3,0
2022-10-13 16:40:03,5,68,20.9,92,12.8,1020.0,0.0,0.0,3,2811.3,0
2022-10-13 16:45:03,5,67,21.0,92,12.7,1020.1,0.0,0.0,3,2811.3,0
2022-10-13 16:50:03,5,67,21.1,92,12.6,1020.2,0.0,0.0,3,2811.3,0
2022-10-13 16:55:03,5,66,21.1,92,12.6,1020.1,0.0,0.0,3,2811.3,0
2022-10-13 17:00:03,5,66,21.1,92,12.5,1020.2,0.0,0.0,3,2811.3,0
2022-10-13 17:05:03,5,66,21.2,92,12.5,1020.1,0.0,0.0,3,2811.3,0
2022-10-13 17:10:03,5,66,21.2,93,12.5,1020.1,0.0,0.0,3,2811.3,0
2022-10-13 17:15:03,5,66,21.2,93,12.5,1020.2,0.0,0.0,3,2811.3,0
2022-10-13 17:20:03,5,66,21.2,93,12.5,1020.2,0.0,0.0,3,2811.3,0
2022-10-13 17:25:03,5,66,21.2,93,12.5,1020.2,0.0,0.0,3,2811.3,0
2022-10-13 17:30:03,5,66,21.2,93,12.4,1020.2,0.0,0.0,3,2811.3,0
2022-10-13 17:35:03,5,66,21.2,93,12.4,1020.2,0.0,0.0,3,2811.3,0
2022-10-13 17:40:03,5,67,21.2,93,12.3,1020.3,0.0,0.0,3,2811.3,0
2022-10-13 17:45:03,5,67,21.2,93,12.3,1020.3,0.0,0.0,3,2811.3,0
2022-10-13 17:50:03,5,68,21.2,93,12.2,1020.3,0.0,0.0,3,2811.3,0
2022-10-13 17:55:03,5,68,21.2,93,12.2,1020.4,0.0,0.0,3,2811.3,0
2022-10-13 18:00:03,5,68,21.2,94,12.1,1020.4,0.0,0.0,3,2811.3,0
2022-10-13 18:05:03,5,68,21.2,94,12.1,1020.3,0.0,0.0,3,2811.3,0
2022-10-13 18:10:03,5,68,21.2,94,11.9,1020.5,0.0,0.0,3,2811.3,0
2022-10-13 18:15:03,5,68,21.2,94,11.9,1020.4,0.0,0.0,3,2811.3,0
2022-10-13 18:20:03,5,68,21.2,94,11.8,1020.5,0.0,0.0,3,2811.3,0
2022-10-13 18:25:03,5,68,21.2,94,11.8,1020.5,0.0,0.0,3,2811.3,0
2022-10-13 18:30:03,5,67,21.2,94,11.6,1020.6,0.0,0.0,3,2811.3,0
2022-10-13 18:35:03,5,67,21.2,94,11.6,1020.7,0.0,0.0,3,2811.3,0
2022-10-13 18:40:03,5,67,21.1,94,11.5,1020.7,0.0,0.0,3,2811.3,0
2022-10-13 18:45:03,5,67,21.1,94,11.4,1020.8,0.0,0.0,3,2811.3,0
2022-10-13 18:50:03,5,67,21.1,95,11.2,1020.7,0.0,0.0,3,2811.3,0
2022-10-13 18:55:03,5,67,21.1,95,11.0,1020.8,0.0,0.0,3,2811.3,0
2022-10-13 19:00:03,5,68,21.0,95,10.7,1020.8,0.0,0.0,3,2811.3,0
2022-10-13 19:05:03,5,68,21.0,95,10.9,1020.9,0.0,0.0,3,2811.3,0
2022-10-13 19:10:03,5,68,21.0,95,10.9,1020.8,0.0,0.0,3,2811.3,0
2022-10-13 19:15:03,5,69,20.9,95,10.8,1021.0,0.0,0.0,3,2811.3,0
2022-10-13 19:20:03,5,69,20.9,95,10.6,1020.9,0.0,0.0,3,2811.3,0
2022-10-13 19:25:03,5,69,20.9,95,10.3,1021.0,0.0,0.0,3,2811.3,0
2022-10-13 19:30:03,5,69,20.8,95,10.1,1021.1,0.0,0.0,3,2811.3,0
2022-10-13 19:35:03,5,69,20.7,95,9.9,1021.2,0.0,0.0,3,2811.3,0
2022-10-13 19:40:03,5,69,20.7,96,10.3,1021.1,0.0,0.0,3,2811.3,0
2022-10-13 19:45:03,5,69,20.7,96,10.2,1021.1,0.0,0.0,3,2811.3,0
2022-10-13 19:50:03,5,69,20.6,96,10.1,1021.3,0.0,0.0,3,2811.3,0
2022-10-13 19:55:03,5,70,20.6,96,10.2,1021.3,0.0,0.0,3,2811.3,0
2022-10-13 20:00:03,5,70,20.6,96,10.2,1021.3,0.0,0.0,3,2811.3,0
2022-10-13 20:05:03,5,70,20.6,96,10.2,1021.5,0.0,0.0,3,2811.3,0
2022-10-13 20:10:03,5,70,20.5,96,10.4,1021.4,0.0,0.0,3,2811.3,0
2022-10-13 20:15:03,5,70,20.5,96,10.4,1021.5,0.0,0.0,3,2811.3,0
2022-10-13 20:20:03,5,70,20.5,96,10.5,1021.5,0.0,0.0,3,2811.3,0
2022-10-13 20:25:03,5,70,20.5,96,10.6,1021.6,0.0,0.0,3,2811.3,0
2022-10-13 20:30:03,5,70,20.5,96,10.7,1021.5,0.0,0.0,3,2811.3,0
2022-10-13 20:35:03,5,70,20.5,96,10.8,1021.7,0.0,0.0,3,2811.3,0
2022-10-13 20:40:03,5,70,20.5,96,11.0,1021.7,0.0,0.0,3,2811.3,0
2022-10-13 20:45:03,5,70,20.4,96,11.0,1021.7,0.0,0.0,3,2811.3,0
2022-10-13 20:50:03,5,70,20.4,96,11.1,1021.7,0.0,0.0,3,2811.3,0
2022-10-13 20:55:03,5,70,20.4,96,11.1,1021.7,0.0,0.0,3,2811.3,0
2022-10-13 21:00:03,5,70,20.4,96,11.2,1021.8,0.0,0.0,3,2811.3,0
2022-10-13 21:05:03,5,70,20.4,96,11.2,1021.8,0.0,0.0,3,2811.3,0
2022-10-13 21:10:03,5,70,20.4,96,11.2,1021.7,0.0,0.0,3,2811.3,0
2022-10-13 21:15:03,5,70,20.4,96,11.2,1021.8,0.0,0.0,3,2811.3,0
2022-10-13 21:20:03,5,70,20.4,96,11.1,1021.8,0.0,0.0,3,2811.3,0
2022-10-13 21:25:03,5,70,20.4,96,11.1,1021.6,0.0,0.0,3,2811.3,0
2022-10-13 21:30:03,5,70,20.4,96,11.1,1021.4,0.0,0.0,3,2811.3,0
2022-10-13 21:35:03,5,70,20.3,96,11.2,1021.5,0.0,0.0,3,2811.3,0
2022-10-13 21:40:03,5,70,20.3,96,11.2,1021.4,0.0,0.0,3,2811.3,0
2022-10-13 21:45:03,5,70,20.3,96,11.3,1021.5,0.0,0.0,3,2811.3,0
2022-10-13 21:50:03,5,70,20.3,96,11.3,1021.6,0.0,0.0,3,2811.3,0
2022-10-13 21:55:03,5,70,20.2,96,11.2,1021.6,0.0,0.0,3,2811.3,0
2022-10-13 22:00:03,5,70,20.2,97,11.1,1021.7,0.0,0.0,3,2811.3,0
2022-10-13 22:05:03,5,70,20.1,97,11.2,1021.5,0.0,0.0,3,2811.3,0
2022-10-13 22:10:03,5,70,20.1,97,11.1,1021.5,0.0,0.0,3,2811.3,0
2022-10-13 22:15:03,5,70,20.1,97,11.1,1021.6,0.0,0.0,3,2811.3,0
2022-10-13 22:20:03,5,70,20.1,97,11.1,1021.6,0.0,0.0,3,2811.3,0
2022-10-13 22:25:03,5,70,20.0,97,11.1,1021.4,0.0,0.0,3,2811.3,0
2022-10-13 22:30:03,5,70,20.0,97,11.2,1021.6,0.0,0.0,3,2811.3,0
2022-10-13 22:35:03,5,70,20.0,97,11.3,1021.5,0.0,0.0,3,2811.3,0
2022-10-13 22:40:03,5,71,19.9,97,11.3,1021.5,0.0,0.0,3,2811.3,0
2022-10-13 22:45:03,5,71,19.8,97,11.3,1021.6,0.0,0.0,3,2811.3,0
2022-10-13 22:50:03,5,71,19.8,97,11.4,1021.5,0.0,0.0,3,2811.3,0
2022-10-13 22:55:03,5,71,19.8,97,11.5,1021.5,0.0,0.0,3,2811.3,0
2022-10-13 23:00:03,5,71,19.8,97,11.6,1021.4,0.0,0.0,3,2811.3,0
2022-10-13 23:05:03,5,71,19.7,97,11.6,1021.3,0,0,3,2811.3,0
2022-10-13 23:10:03,5,71,19.7,97,11.7,1021.3,0,0,3,2811.3,0
2022-10-13 23:15:03,5,71,19.7,97,11.7,1021.4,0,0,3,2811.3,0
2022-10-13 23:20:03,5,71,19.7,97,11.7,1021.3,0,0,3,2811.3,0
2022-10-13 23:25:03,5,71,19.7,97,11.7,1021.5,0,0,3,2811.3,0
2022-10-13 23:30:03,5,71,19.6,97,11.9,1021.5,0,0,3,2811.3,0
2022-10-13 23:35:03,5,71,19.6,97,11.9,1021.4,0,0,3,2811.3,0
2022-10-13 23:40:03,5,71,19.6,97,12.0,1021.4,0,0,3,2811.3,0
2022-10-13 23:45:03,5,71,19.6,97,11.9,1021.3,0,0,3,2811.3,0
2022-10-13 23:50:03,5,71,19.6,97,12.1,1021.5,0,0,3,2811.3,0
2022-10-13 23:55:03,5,71,19.5,97,12.1,1021.6,0,0,3,2811.3,0
