2023-04-03 00:02:00,5,64,16.7,82,4.2,1038.7,0.3,1.0,14,3421.5,0
2023-04-03 00:07:00,5,64,16.7,82,4.2,1038.8,0.3,1.0,14,3421.5,0
2023-04-03 00:12:00,5,64,16.6,81,4.1,1038.6,0.3,1.0,13,3421.5,0
2023-04-03 00:17:00,5,64,16.6,81,4.0,1038.7,0.0,0.7,4,3421.5,0
2023-04-03 00:22:00,5,64,16.6,80,4.1,1038.8,0.3,0.7,2,3421.5,0
2023-04-03 00:27:00,5,64,16.5,80,4.0,1038.9,0.0,0.7,10,3421.5,0
2023-04-03 00:32:00,5,64,16.5,80,4.0,1039.0,0.7,1.0,13,3421.5,0
2023-04-03 00:37:00,5,63,16.4,80,3.9,1039.1,0.7,2.0,12,3421.5,0
2023-04-03 00:42:01,5,63,16.4,80,3.9,1039.2,0.3,0.7,11,3421.5,0
2023-04-03 00:47:01,5,63,16.3,79,3.9,1039.2,0.3,0.7,13,3421.5,0
2023-04-03 00:52:01,5,63,16.3,79,3.8,1039.3,1.0,2.7,12,3421.5,0
2023-04-03 00:57:01,5,63,16.2,80,3.7,1039.2,0.3,0.7,10,3421.5,0
2023-04-03 01:02:01,5,63,16.2,80,3.7,1039.3,0.7,1.7,15,3421.5,0
2023-04-03 01:07:01,5,63,16.2,80,3.6,1039.3,0.7,1.7,13,3421.5,0
2023-04-03 01:12:01,5,63,16.2,80,3.5,1039.3,0.0,0.7,4,3421.5,0
2023-04-03 01:17:01,5,63,16.1,81,3.5,1039.4,0.3,1.0,13,3421.5,0
2023-04-03 01:22:01,5,63,16.1,81,3.4,1039.4,0.0,0.0,1,3421.5,0
2023-04-03 01:27:01,5,63,16.1,81,3.3,1039.6,0.0,0.7,7,3421.5,0
2023-04-03 01:32:01,5,63,16.0,81,3.4,1039.5,0.7,1.0,2,3421.5,0
2023-04-03 01:37:01,5,63,16.0,81,3.3,1039.6,0.3,1.0,6,3421.5,0
2023-04-03 01:42:01,5,63,16.0,81,3.3,1039.5,0.3,1.0,10,3421.5,0
2023-04-03 01:47:01,5,63,16.0,81,3.2,1039.6,0.0,0.0,14,3421.5,0
2023-04-03 01:52:01,5,64,15.9,82,3.1,1039.8,0.3,1.0,13,3421.5,0
2023-04-03 01:57:01,5,64,15.9,82,3.0,1039.7,0.0,0.0,14,3421.5,0
2023-04-03 02:02:01,5,64,15.9,82,3.0,1039.7,0.3,1.7,13,3421.5,0
2023-04-03 02:07:01,5,64,15.9,82,2.8,1039.8,0.0,0.0,12,3421.5,0
2023-04-03 02:12:01,5,64,15.8,83,2.8,1039.8,0.0,0.0,3,3421.5,0
2023-04-03 02:17:01,5,64,15.8,83,2.7,1040.0,0.0,0.0,2,3421.5,0
2023-04-03 02:22:01,5,64,15.8,83,2.7,1040.0,0.0,0.0,2,3421.5,0
2023-04-03 02:27:01,5,64,15.8,84,2.7,1040.0,0.0,0.0,2,3421.5,0
2023-04-03 02:32:01,5,64,15.8,84,2.7,1040.0,0.0,0.0,2,3421.5,0
2023-04-03 02:37:01,5,64,15.8,84,2.6,1040.0,0.0,0.7,3,3421.5,0
2023-04-03 02:42:01,5,64,15.7,85,2.5,1040.1,0.0,1.0,1,3421.5,0
2023-04-03 02:47:01,5,64,15.7,85,2.6,1040.1,0.0,0.0,14,3421.5,0
2023-04-03 02:52:01,5,64,15.7,85,2.5,1040.2,0.0,0.0,2,3421.5,0
2023-04-03 02:57:01,5,64,15.7,85,2.5,1040.1,0.0,0.0,13,3421.5,0
2023-04-03 03:02:01,5,65,15.7,85,2.4,1040.3,0.0,0.0,2,3421.5,0
2023-04-03 03:07:01,5,64,15.6,86,2.3,1040.3,0.0,0.0,3,3421.5,0
2023-04-03 03:12:01,5,64,15.6,86,2.2,1040.3,0.0,0.0,3,3421.5,0
2023-04-03 03:17:01,5,64,15.6,86,2.1,1040.3,0.0,0.0,3,3421.5,0
2023-04-03 03:22:01,5,65,15.6,87,2.1,1040.4,0.0,0.0,2,3421.5,0
2023-04-03 03:27:01,5,65,15.6,87,2.0,1040.4,0.0,0.0,2,3421.5,0
2023-04-03 03:32:01,5,64,15.6,87,2.1,1040.3,0.0,0.7,1,3421.5,0
2023-04-03 03:37:01,5,65,15.6,87,1.9,1040.4,0.0,0.0,2,3421.5,0
2023-04-03 03:42:01,5,65,15.6,88,2.0,1040.5,0.0,0.7,15,3421.5,0
2023-04-03 03:47:01,5,65,15.6,88,1.9,1040.5,0.0,0.0,0,3421.5,0
2023-04-03 03:52:01,5,65,15.5,88,1.8,1040.7,0.0,0.0,2,3421.5,0
2023-04-03 03:57:01,5,65,15.5,88,1.8,1040.6,0.0,0.0,3,3421.5,0
2023-04-03 04:02:01,5,65,15.5,88,1.8,1040.7,0.3,0.7,13,3421.5,0
2023-04-03 04:07:01,5,65,15.5,88,1.8,1040.8,0.0,0.0,13,3421.5,0
2023-04-03 04:12:01,5,65,15.3,88,1.7,1040.8,0.0,0.0,14,3421.5,0
2023-04-03 04:17:01,5,65,15.2,89,1.7,1040.8,0.0,0.0,1,3421.5,0
2023-04-03 04:22:01,5,65,15.2,89,1.7,1040.8,0.0,0.0,2,3421.5,0
2023-04-03 04:27:01,5,65,15.2,89,1.6,1040.8,0.0,0.0,0,3421.5,0
2023-04-03 04:32:01,5,65,15.2,89,1.6,1040.8,0.0,0.0,2,3421.5,0
2023-04-03 04:37:01,5,65,15.2,90,1.7,1040.8,0.0,0.0,2,3421.5,0
2023-04-03 04:42:01,5,65,15.1,90,1.6,1040.9,0.0,0.0,3,3421.5,0
2023-04-03 04:47:01,5,65,15.1,90,1.6,1040.9,0.0,0.0,1,3421.5,0
2023-04-03 04:52:01,5,65,15.1,90,1.5,1041.0,0.0,0.0,1,3421.5,0
2023-04-03 04:57:01,5,65,15.1,90,1.4,1041.3,0.0,0.0,1,3421.5,0
2023-04-03 05:02:01,5,65,15.1,90,1.6,1041.2,0.0,0.0,0,3421.5,0
2023-04-03 05:07:01,5,65,15.0,90,1.6,1041.2,0.0,0.0,0,3421.5,0
2023-04-03 05:12:01,5,65,15.0,90,1.5,1041.2,0.0,0.0,0,3421.5,0
2023-04-03 05:17:01,5,65,15.0,90,1.6,1041.2,0.0,0.0,0,3421.5,0
2023-04-03 05:22:01,5,65,15.0,90,1.5,1041.4,0.0,0.0,15,3421.5,0
2023-04-03 05:27:01,5,65,15.0,90,1.4,1041.4,0.0,0.0,0,3421.5,0
2023-04-03 05:32:01,5,65,15.0,91,1.3,1041.5,0.0,0.0,0,3421.5,0
2023-04-03 05:37:01,5,65,15.0,91,1.4,1041.6,0.0,0.0,0,3421.5,0
2023-04-03 05:42:01,5,66,14.9,91,1.6,1041.6,0.0,0.0,1,3421.5,0
2023-04-03 05:47:01,5,66,14.9,90,2.2,1041.5,0.0,0.0,2,3421.5,0
2023-04-03 05:52:01,5,65,15.0,90,2.8,1041.5,0.0,0.0,2,3421.5,0
2023-04-03 05:57:01,5,65,15.1,88,2.8,1041.5,0.0,0.7,0,3421.5,0
2023-04-03 06:02:01,5,64,15.2,87,3.4,1041.4,0.0,0.0,2,3421.5,0
2023-04-03 06:07:01,5,64,15.6,85,3.5,1041.2,0.3,1.0,0,3421.5,0
2023-04-03 06:12:01,5,64,15.7,84,3.7,1041.1,0.3,1.0,13,3421.5,0
2023-04-03 06:17:01,5,63,16.0,83,4.1,1040.7,0.0,0.0,1,3421.5,0
2023-04-03 06:22:01,5,63,16.3,82,4.0,1040.5,0.0,0.0,1,3421.5,0
2023-04-03 06:27:01,5,63,16.7,81,4.5,1040.1,0.0,0.7,2,3421.5,0
2023-04-03 06:32:01,5,62,17.0,81,4.7,1039.9,0.0,0.0,3,3421.5,0
2023-04-03 06:37:01,5,62,17.4,79,5.2,1039.7,0.0,0.0,1,3421.5,0
2023-04-03 06:42:01,5,61,17.7,79,4.7,1039.3,0.3,0.7,0,3421.5,0
2023-04-03 06:47:01,5,61,18.1,79,4.4,1039.2,1.0,2.0,13,3421.5,0
2023-04-03 06:52:01,5,60,18.4,79,4.8,1038.9,0.0,0.7,12,3421.5,0
2023-04-03 06:57:01,5,59,18.7,78,4.8,1038.6,0.7,1.7,9,3421.5,0
2023-04-03 07:02:01,5,58,18.9,78,4.8,1038.2,0.7,2.0,4,3421.5,0
2023-04-03 07:07:01,5,56,19.2,78,5.0,1038.1,0.7,1.0,7,3421.5,0
2023-04-03 07:12:01,5,55,20.3,77,4.9,1037.9,1.0,2.7,13,3421.5,0
2023-04-03 07:17:01,5,54,20.5,77,4.8,1037.7,0.7,2.7,13,3421.5,0
2023-04-03 07:22:01,5,54,20.7,76,5.0,1037.5,0.7,2.0,5,3421.5,0
2023-04-03 07:27:01,5,52,21.0,76,5.3,1037.4,0.7,2.7,0,3421.5,0
2023-04-03 07:32:01,5,52,21.1,76,5.3,1037.2,0.3,1.0,6,3421.5,0
2023-04-03 07:37:01,5,52,21.7,75,5.6,1036.6,0.0,0.7,4,3421.5,0
2023-04-03 07:42:01,5,50,22.5,74,6.1,1035.6,0.0,0.7,6,3421.5,0
2023-04-03 07:47:01,5,46,23.4,74,5.9,1034.9,0.3,1.0,3,3421.5,0
2023-04-03 07:52:01,5,44,24.2,74,5.9,1034.0,0.7,2.7,0,3421.5,0
2023-04-03 07:57:01,5,42,25.1,73,6.0,1033.4,0.7,1.7,11,3421.5,0
2023-04-03 08:02:01,5,40,25.4,72,6.2,1033.0,1.0,1.7,13,3421.5,0
2023-04-03 08:07:01,5,41,25.1,71,5.8,1033.6,1.0,3.7,15,3421.5,0
2023-04-03 08:12:01,5,43,24.5,71,6.6,1034.0,0.7,1.7,12,3421.5,0
2023-04-03 08:17:01,5,44,24.2,71,6.2,1034.2,1.0,4.1,5,3421.5,0
2023-04-03 08:22:01,5,45,24.0,70,6.1,1034.4,1.0,2.0,14,3421.5,0
2023-04-03 08:27:01,5,46,23.8,70,7.1,1034.6,0.3,1.0,5,3421.5,0
2023-04-03 08:32:01,5,47,23.8,69,7.1,1034.7,0.7,1.7,13,3421.5,0
2023-04-03 08:37:01,5,47,23.7,68,7.1,1034.8,0.7,1.7,13,3421.5,0
2023-04-03 08:42:01,5,47,23.7,68,6.7,1034.8,0.7,2.0,14,3421.5,0
2023-04-03 08:47:01,5,47,23.7,68,7.5,1034.8,0.3,2.0,12,3421.5,0
2023-04-03 08:52:01,5,48,23.7,65,7.7,1034.9,1.0,2.0,11,3421.5,0
2023-04-03 08:57:01,5,48,23.7,64,7.7,1035.0,0.7,2.7,8,3421.5,0
2023-04-03 09:02:01,5,49,23.8,62,7.7,1034.8,1.0,1.7,1,3421.5,0
2023-04-03 09:07:01,5,47,24.7,62,7.6,1034.0,0.7,1.0,12,3421.5,0
2023-04-03 09:12:01,5,44,25.4,60,7.5,1033.5,0.3,2.0,9,3421.5,0
2023-04-03 09:17:01,5,43,25.5,57,8.5,1033.0,0.3,1.0,2,3421.5,0
2023-04-03 09:22:01,5,41,26.3,54,7.9,1032.6,0.7,2.0,13,3421.5,0
2023-04-03 09:27:01,5,40,26.7,53,7.7,1032.4,0.7,1.7,1,3421.5,0
2023-04-03 09:32:01,5,39,26.9,52,8.6,1032.2,1.4,2.0,11,3421.5,0
2023-04-03 09:37:01,5,38,27.0,50,8.6,1031.9,0.7,1.7,10,3421.5,0
2023-04-03 09:42:01,5,38,27.0,48,9.1,1031.6,1.0,2.0,11,3421.5,0
2023-04-03 09:47:01,5,38,27.0,46,9.5,1031.6,0.7,2.0,13,3421.5,0
2023-04-03 09:52:01,5,38,27.0,42,8.8,1031.6,1.4,3.7,10,3421.5,0
2023-04-03 09:57:01,5,39,26.8,44,9.2,1031.6,0.7,1.7,1,3421.5,0
2023-04-03 10:02:01,5,39,26.6,41,9.2,1031.8,2.0,6.8,0,3421.5,0
2023-04-03 10:07:01,5,39,26.5,43,8.8,1031.7,0.7,2.7,3,3421.5,0
2023-04-03 10:12:01,5,39,26.3,38,9.1,1032.1,1.0,2.7,10,3421.5,0
2023-04-03 10:17:01,5,40,26.3,40,8.8,1032.2,1.0,2.7,12,3421.5,0
2023-04-03 10:22:01,5,40,26.2,37,8.8,1032.5,1.4,3.1,13,3421.5,0
2023-04-03 10:27:01,5,41,25.4,37,8.7,1032.7,1.0,3.1,1,3421.5,0
2023-04-03 10:32:01,5,41,25.4,37,9.4,1032.7,1.0,2.7,6,3421.5,0
2023-04-03 10:37:01,5,41,25.4,38,9.1,1032.9,1.0,2.7,5,3421.5,0
2023-04-03 10:42:01,5,41,25.4,37,9.5,1033.0,0.7,1.0,1,3421.5,0
2023-04-03 10:47:01,5,41,25.3,40,8.8,1033.0,1.4,3.1,1,3421.5,0
2023-04-03 10:52:01,5,41,25.0,38,9.4,1033.3,1.0,2.0,0,3421.5,0
2023-04-03 10:57:01,5,42,24.9,38,8.9,1033.3,1.0,2.7,11,3421.5,0
2023-04-03 11:02:01,5,42,24.7,37,8.9,1033.5,0.7,1.7,13,3421.5,0
2023-04-03 11:07:01,5,42,24.4,36,9.8,1033.7,2.0,3.1,12,3421.5,0
2023-04-03 11:12:01,5,42,24.2,39,9.6,1033.8,0.7,1.7,10,3421.5,0
2023-04-03 11:17:01,5,42,24.0,38,9.0,1034.0,1.0,2.0,13,3421.5,0
2023-04-03 11:22:01,5,42,23.7,38,9.5,1034.2,1.0,2.7,14,3421.5,0
2023-04-03 11:27:01,5,42,23.6,38,9.4,1034.2,1.0,2.0,11,3421.5,0
2023-04-03 11:32:01,5,42,23.4,39,9.1,1034.3,1.0,2.0,4,3421.5,0
2023-04-03 11:37:01,5,41,23.2,40,9.2,1034.5,1.0,2.0,10,3421.5,0
2023-04-03 11:42:01,5,41,23.0,37,10.0,1034.7,1.7,3.7,7,3421.5,0
2023-04-03 11:47:01,5,39,22.7,36,9.7,1034.7,1.4,3.1,11,3421.5,0
2023-04-03 11:52:01,5,39,22.6,36,9.8,1035.0,1.0,2.7,15,3421.5,0
2023-04-03 11:57:01,5,38,22.3,36,9.5,1035.1,1.0,2.7,15,3421.5,0
2023-04-03 12:02:01,5,38,22.2,35,9.6,1035.3,1.0,2.7,2,3421.5,0
2023-04-03 12:07:01,5,40,21.9,36,9.9,1035.2,1.4,3.7,7,3421.5,0
2023-04-03 12:12:01,5,40,21.8,36,10.1,1035.5,1.0,1.7,11,3421.5,0
2023-04-03 12:17:01,5,40,21.7,35,9.8,1035.6,0.7,1.7,5,3421.5,0
2023-04-03 12:22:01,5,40,21.6,34,10.2,1035.8,1.4,3.1,15,3421.5,0
2023-04-03 12:27:01,5,40,21.5,33,9.6,1035.7,1.0,2.0,3,3421.5,0
2023-04-03 12:32:01,5,40,21.3,34,10.5,1035.7,1.0,1.7,10,3421.5,0
2023-04-03 12:37:01,5,41,21.2,34,10.0,1035.8,1.4,3.1,15,3421.5,0
2023-04-03 12:42:01,5,41,21.1,34,10.0,1036.0,1.0,3.1,15,3421.5,0
2023-04-03 12:47:01,5,41,21.0,35,10.8,1036.1,1.0,2.7,15,3421.5,0
2023-04-03 12:52:01,5,42,20.9,36,10.2,1036.1,0.7,1.7,6,3421.5,0
2023-04-03 12:57:01,5,43,20.9,37,10.6,1036.1,1.0,2.0,13,3421.5,0
2023-04-03 13:02:01,5,43,20.7,37,10.6,1036.1,1.0,2.0,6,3421.5,0
2023-04-03 13:07:01,5,43,20.6,36,10.8,1036.2,1.0,2.0,4,3421.5,0
2023-04-03 13:12:01,5,43,20.6,37,10.3,1036.2,1.0,2.0,10,3421.5,0
2023-04-03 13:17:01,5,43,20.5,37,10.6,1036.2,1.0,3.1,3,3421.5,0
2023-04-03 13:22:01,5,43,20.5,37,10.6,1036.2,1.0,2.7,1,3421.5,0
2023-04-03 13:27:01,5,43,20.4,38,10.1,1036.4,1.0,2.7,14,3421.5,0
2023-04-03 13:32:01,5,43,20.4,39,10.0,1036.4,1.0,2.7,3,3421.5,0
2023-04-03 13:37:01,5,42,20.3,39,10.6,1036.4,0.7,1.7,13,3421.5,0
2023-04-03 13:42:01,5,43,20.3,39,10.4,1036.4,1.4,3.1,4,3421.5,0
2023-04-03 13:47:01,5,43,20.2,39,10.4,1036.5,1.7,3.1,11,3421.5,0
2023-04-03 13:52:01,5,43,20.2,39,10.6,1036.4,1.4,3.1,11,3421.5,0
2023-04-03 13:57:01,5,43,20.2,39,10.6,1036.4,0.3,1.0,14,3421.5,0
2023-04-03 14:02:01,5,43,20.1,39,10.3,1036.7,1.0,2.0,3,3421.5,0
2023-04-03 14:07:01,5,43,20.1,39,10.9,1036.7,0.7,2.0,14,3421.5,0
2023-04-03 14:12:01,5,43,20.1,40,10.3,1036.4,1.0,1.7,13,3421.5,0
2023-04-03 14:17:01,5,44,20.1,39,10.4,1036.5,1.0,1.7,4,3421.5,0
2023-04-03 14:22:01,5,45,20.1,38,10.7,1036.5,1.0,1.7,0,3421.5,0
2023-04-03 14:27:01,5,45,20.1,38,11.0,1036.4,1.7,3.1,13,3421.5,0
2023-04-03 14:32:01,5,46,20.1,39,10.8,1036.4,2.0,3.7,12,3421.5,0
2023-04-03 14:37:01,5,47,20.1,41,10.8,1036.1,0.7,1.7,12,3421.5,0
2023-04-03 14:42:01,5,47,20.1,40,10.6,1036.2,1.0,2.7,13,3421.5,0
2023-04-03 14:47:01,5,49,20.2,38,10.4,1036.3,1.4,2.7,13,3421.5,0
2023-04-03 14:52:01,5,48,20.2,40,10.3,1036.1,1.0,1.7,0,3421.5,0
2023-04-03 14:57:01,5,48,20.3,40,10.6,1036.0,1.0,1.7,15,3421.5,0
2023-04-03 15:02:01,5,48,20.3,42,10.5,1035.8,1.0,2.7,13,3421.5,0
2023-04-03 15:07:01,5,49,20.4,40,10.2,1035.9,0.7,1.7,14,3421.5,0
2023-04-03 15:12:01,5,50,20.4,41,10.5,1035.8,1.4,3.7,0,3421.5,0
2023-04-03 15:17:01,5,50,20.5,43,10.0,1035.7,1.4,4.1,11,3421.5,0
2023-04-03 15:22:01,5,49,20.5,44,9.6,1035.6,1.4,2.0,3,3421.5,0
2023-04-03 15:27:01,5,50,20.6,44,9.5,1035.7,0.7,2.0,13,3421.5,0
2023-04-03 15:32:01,5,48,20.6,44,9.5,1035.5,0.3,1.0,11,3421.5,0
2023-04-03 15:37:01,5,49,20.6,44,9.7,1035.4,0.7,1.0,10,3421.5,0
2023-04-03 15:42:01,5,50,20.7,44,9.7,1035.5,0.7,1.7,5,3421.5,0
2023-04-03 15:47:01,5,49,20.7,44,9.4,1035.5,1.0,2.0,3,3421.5,0
2023-04-03 15:52:01,5,48,20.7,45,9.4,1035.4,0.7,1.7,10,3421.5,0
2023-04-03 15:57:01,5,49,20.7,43,9.3,1035.1,1.0,5.1,13,3421.5,0
2023-04-03 16:02:01,5,49,20.9,43,9.3,1035.2,1.0,2.0,1,3421.5,0
2023-04-03 16:07:01,5,46,20.9,45,9.5,1035.0,0.3,1.0,9,3421.5,0
2023-04-03 16:12:01,5,42,20.8,45,9.2,1035.0,1.0,2.0,14,3421.5,0
2023-04-03 16:17:01,5,41,20.7,45,9.2,1035.1,1.0,2.0,7,3421.5,0
2023-04-03 16:22:01,5,41,20.6,45,9.3,1035.2,0.7,2.7,2,3421.5,0
2023-04-03 16:27:01,5,41,20.5,45,9.2,1035.4,1.0,2.7,12,3421.5,0
2023-04-03 16:32:01,5,41,20.5,46,9.1,1035.6,0.3,1.7,1,3421.5,0
2023-04-03 16:37:01,5,41,20.4,46,9.0,1035.5,0.7,1.0,12,3421.5,0
2023-04-03 16:42:01,5,43,20.4,46,9.0,1035.8,1.4,2.7,8,3421.5,0
2023-04-03 16:47:01,5,45,20.3,47,8.9,1036.0,0.7,2.0,8,3421.5,0
2023-04-03 16:52:01,5,45,20.3,47,8.8,1035.9,0.7,2.0,3,3421.5,0
2023-04-03 16:57:01,5,46,20.3,48,8.8,1035.9,1.0,2.7,10,3421.5,0
2023-04-03 17:02:01,5,46,20.2,47,8.7,1036.1,0.7,1.7,14,3421.5,0
2023-04-03 17:07:01,5,47,20.1,49,8.7,1036.1,0.3,1.7,3,3421.5,0
2023-04-03 17:12:01,5,48,20.1,49,8.5,1036.1,1.0,3.1,3,3421.5,0
2023-04-03 17:17:01,5,47,20.0,49,8.5,1036.0,0.3,1.0,4,3421.5,0
2023-04-03 17:22:01,5,49,19.9,49,8.4,1036.1,1.0,3.1,14,3421.5,0
2023-04-03 17:27:01,5,50,19.8,50,8.4,1036.3,1.0,2.0,12,3421.5,0
2023-04-03 17:32:01,5,50,19.7,51,8.3,1036.3,0.3,1.0,0,3421.5,0
2023-04-03 17:37:01,5,49,19.7,52,8.2,1036.3,0.7,1.7,12,3421.5,0
2023-04-03 17:42:01,5,51,19.6,52,8.1,1036.5,0.7,1.0,5,3421.5,0
2023-04-03 17:47:01,5,51,19.5,53,8.0,1036.7,1.4,2.0,9,3421.5,0
2023-04-03 17:52:01,5,51,19.5,54,7.9,1036.6,0.3,1.0,15,3421.5,0
2023-04-03 17:57:01,5,51,19.3,54,7.8,1036.7,0.3,0.7,5,3421.5,0
2023-04-03 18:02:01,5,51,19.3,54,7.7,1036.9,0.3,1.0,11,3421.5,0
2023-04-03 18:07:01,5,51,19.2,55,7.6,1036.8,0.7,1.7,1,3421.5,0
2023-04-03 18:12:01,5,52,18.3,55,7.5,1037.1,0.3,1.0,11,3421.5,0
2023-04-03 18:17:01,5,52,18.3,56,7.4,1037.0,0.3,1.0,3,3421.5,0
2023-04-03 18:22:01,5,53,18.3,57,7.3,1037.0,0.3,0.7,1,3421.5,0
2023-04-03 18:27:01,5,53,18.3,57,7.2,1037.0,0.7,1.7,11,3421.5,0
2023-04-03 18:32:01,5,53,18.3,58,7.0,1037.1,0.0,0.0,3,3421.5,0
2023-04-03 18:37:01,5,53,18.3,58,7.1,1037.0,0.7,1.0,4,3421.5,0
2023-04-03 18:42:01,5,53,18.3,59,7.0,1037.1,0.0,0.7,2,3421.5,0
2023-04-03 18:47:01,5,53,18.3,59,6.9,1037.2,0.3,1.0,14,3421.5,0
2023-04-03 18:52:01,5,53,18.3,60,6.8,1037.2,0.3,1.0,13,3421.5,0
2023-04-03 18:57:01,5,53,18.2,59,6.8,1037.2,1.0,1.7,1,3421.5,0
2023-04-03 19:02:01,5,53,18.2,59,6.7,1037.3,0.3,1.0,1,3421.5,0
2023-04-03 19:07:01,5,54,18.3,59,6.7,1037.3,0.3,1.0,13,3421.5,0
2023-04-03 19:12:01,5,54,18.5,58,6.7,1037.2,1.0,2.0,4,3421.5,0
2023-04-03 19:17:01,5,54,18.7,58,6.7,1036.9,0.3,1.7,13,3421.5,0
2023-04-03 19:22:01,5,54,18.9,59,6.6,1036.7,0.3,1.0,5,3421.5,0
2023-04-03 19:27:01,5,52,20.0,59,6.6,1036.7,0.3,0.7,12,3421.5,0
2023-04-03 19:32:01,5,52,20.1,59,6.5,1036.5,0.7,2.0,14,3421.5,0
2023-04-03 19:37:01,5,52,20.3,60,6.3,1036.4,0.3,1.0,10,3421.5,0
2023-04-03 19:42:01,5,51,20.3,60,6.4,1036.3,0.7,1.0,4,3421.5,0
2023-04-03 19:47:01,5,51,20.4,61,6.3,1036.3,0.7,1.7,11,3421.5,0
2023-04-03 19:52:01,5,51,20.4,61,6.2,1036.1,0.3,1.0,1,3421.5,0
2023-04-03 19:57:01,5,51,20.4,61,6.1,1036.1,0.7,1.0,10,3421.5,0
2023-04-03 20:02:01,5,51,20.4,61,6.0,1036.0,0.3,1.7,11,3421.5,0
2023-04-03 20:07:01,5,51,20.4,61,6.1,1036.0,0.3,1.7,5,3421.5,0
2023-04-03 20:12:01,5,51,20.4,61,6.0,1036.1,0.7,1.7,4,3421.5,0
2023-04-03 20:17:01,5,50,20.4,62,6.0,1036.1,0.0,0.0,2,3421.5,0
2023-04-03 20:22:01,5,50,20.3,63,5.9,1036.1,0.3,0.7,1,3421.5,0
2023-04-03 20:27:01,5,50,20.2,63,5.8,1036.4,0.0,0.0,13,3421.5,0
2023-04-03 20:32:01,5,51,20.1,64,5.6,1036.4,0.3,0.7,14,3421.5,0
2023-04-03 20:37:01,5,51,20.1,63,5.7,1036.6,0.3,1.0,2,3421.5,0
2023-04-03 20:42:01,5,51,20.0,63,5.5,1036.7,0.0,0.0,12,3421.5,0
2023-04-03 20:47:01,5,52,19.1,65,5.3,1036.9,0.0,0.0,0,3421.5,0
2023-04-03 20:52:01,5,52,19.0,65,5.2,1036.9,0.0,0.0,1,3421.5,0
2023-04-03 20:57:01,5,53,18.8,66,5.1,1036.9,0.0,0.7,12,3421.5,0
2023-04-03 21:02:01,5,53,18.8,66,4.9,1037.0,0.0,0.0,3,3421.5,0
2023-04-03 21:07:01,5,54,18.7,67,4.9,1037.0,0.0,0.7,9,3421.5,0
2023-04-03 21:12:01,5,54,18.7,66,4.9,1037.1,0.3,1.0,3,3421.5,0
2023-04-03 21:17:01,5,53,18.6,66,5.1,1037.2,0.0,0.7,2,3421.5,0
2023-04-03 21:22:01,5,53,18.5,66,5.1,1037.3,0.0,0.7,12,3421.5,0
2023-04-03 21:27:01,5,54,18.5,67,4.9,1037.2,0.3,0.7,1,3421.5,0
2023-04-03 21:32:01,5,54,18.4,67,4.8,1037.1,0.3,0.7,12,3421.5,0
2023-04-03 21:37:01,5,54,18.3,67,4.7,1037.3,0.0,0.0,10,3421.5,0
2023-04-03 21:42:01,5,54,18.2,68,4.7,1037.4,0.0,0.0,3,3421.5,0
2023-04-03 21:47:01,5,54,18.1,68,4.6,1037.5,0.0,0.7,11,3421.5,0
2023-04-03 21:52:01,5,54,18.1,68,4.6,1037.5,0.0,0.7,11,3421.5,0
2023-04-03 21:57:01,5,54,18.0,67,4.7,1037.6,0.0,0.7,11,3421.5,0
2023-04-03 22:02:01,5,54,18.0,68,4.6,1037.6,0.0,0.0,11,3421.5,0
2023-04-03 22:07:01,5,54,17.9,68,4.5,1037.6,0.0,0.0,4,3421.5,0
2023-04-03 22:12:01,5,54,17.9,68,4.4,1037.7,0.0,0.0,10,3421.5,0
2023-04-03 22:17:01,5,55,17.8,69,4.3,1037.8,0.0,0.0,10,3421.5,0
2023-04-03 22:22:01,5,55,17.8,69,4.3,1037.7,0.0,0.0,3,3421.5,0
2023-04-03 22:27:01,5,54,17.7,68,4.4,1037.7,0.0,0.0,11,3421.5,0
2023-04-03 22:32:01,5,55,17.7,68,4.4,1037.9,0.0,0.0,3,3421.5,0
2023-04-03 22:37:01,5,55,17.7,69,4.3,1037.8,0.0,0.0,3,3421.5,0
2023-04-03 22:42:01,5,55,17.6,69,4.0,1037.9,0.0,0.0,3,3421.5,0
2023-04-03 22:47:01,5,55,17.6,70,4.0,1037.8,0.0,0.0,8,3421.5,0
2023-04-03 22:52:01,5,56,17.5,70,3.9,1037.9,0.0,0.0,7,3421.5,0
2023-04-03 22:57:01,5,56,17.5,70,3.9,1037.8,0.3,1.0,11,3421.5,0
2023-04-03 23:02:01,5,56,17.5,70,3.9,1037.9,0.0,0.0,10,3421.5,0
2023-04-03 23:07:01,5,56,17.4,70,3.8,1037.7,0,0,10,3421.5,0
2023-04-03 23:12:01,5,56,17.4,71,3.7,1037.6,0,0,10,3421.5,0
2023-04-03 23:17:01,5,56,17.4,71,3.7,1037.8,0.3,0.7,10,3421.5,0
2023-04-03 23:22:01,5,56,17.4,71,3.7,1037.8,0,0,3,3421.5,0
2023-04-03 23:27:01,5,56,17.3,71,3.7,1037.8,0,0,4,3421.5,0
2023-04-03 23:32:01,5,56,17.3,71,3.7,1038.0,0,0,4,3421.5,0
2023-04-03 23:37:01,5,56,17.2,71,3.5,1038.1,0,0,4,3421.5,0
2023-04-03 23:42:01,5,56,17.1,71,3.6,1038.1,0,0.7,8,3421.5,0
2023-04-03 23:47:01,5,56,17.1,71,3.5,1038.1,0,0,4,3421.5,0
2023-04-03 23:52:01,5,56,17.0,71,3.6,1038.3,0,0,3,3421.5,0
2023-04-03 23:57:01,5,56,17.0,71,3.6,1038.4,0,0,4,3421.5,0
