2023-04-18 00:03:01,5,68,17.8,93,7.6,1034.4,0.3,1.0,15,3454.2,0
2023-04-18 00:08:01,5,68,17.8,93,7.6,1034.3,0.3,0.7,15,3454.2,0
2023-04-18 00:13:01,5,68,17.8,93,7.6,1034.3,0.0,0.0,15,3454.2,0
2023-04-18 00:18:01,5,68,17.7,93,7.5,1034.4,0.3,0.7,14,3454.2,0
2023-04-18 00:23:01,5,68,17.7,93,7.5,1034.3,0.3,0.7,0,3454.2,0
2023-04-18 00:28:01,5,68,17.7,93,7.5,1034.4,0.7,1.0,15,3454.2,0
2023-04-18 00:33:01,5,68,17.7,93,7.4,1034.4,0.0,0.7,15,3454.2,0
2023-04-18 00:38:01,5,68,17.7,93,7.4,1034.3,0.7,1.0,15,3454.2,0
2023-04-18 00:43:01,5,68,17.7,93,7.3,1034.3,0.3,0.7,14,3454.2,0
2023-04-18 00:48:01,5,68,17.7,93,7.3,1034.3,0.0,0.7,15,3454.2,0
2023-04-18 00:53:01,5,68,17.6,93,7.3,1034.3,0.3,0.7,15,3454.2,0
2023-04-18 00:58:01,5,68,17.6,92,7.2,1034.3,0.0,0.7,13,3454.2,0
2023-04-18 01:03:01,5,68,17.6,92,7.2,1034.3,0.3,1.0,4,3454.2,0
2023-04-18 01:08:01,5,67,17.5,91,7.3,1034.4,0.3,0.7,3,3454.2,0
2023-04-18 01:13:01,5,67,17.5,90,7.5,1034.4,0.3,1.0,1,3454.2,0
2023-04-18 01:18:01,5,67,17.5,89,7.5,1034.3,0.7,1.7,3,3454.2,0
2023-04-18 01:23:01,5,67,17.5,89,7.5,1034.3,0.3,0.7,1,3454.2,0
2023-04-18 01:28:01,5,66,17.4,88,7.4,1034.3,0.0,0.7,3,3454.2,0
2023-04-18 01:33:01,5,67,17.4,88,7.4,1034.3,0.3,1.0,15,3454.2,0
2023-04-18 01:38:01,5,66,17.4,88,7.3,1034.4,0.3,1.0,4,3454.2,0
2023-04-18 01:43:01,5,66,17.3,88,7.2,1034.3,0.3,1.0,12,3454.2,0
2023-04-18 01:48:01,5,66,17.3,87,7.1,1034.4,0.3,1.0,13,3454.2,0
2023-04-18 01:53:01,5,66,17.3,87,7.1,1034.4,0.3,1.0,12,3454.2,0
2023-04-18 01:58:01,5,66,17.3,85,7.1,1034.4,0.3,0.7,6,3454.2,0
2023-04-18 02:03:01,5,66,17.2,85,7.1,1034.6,0.3,1.0,4,3454.2,0
2023-04-18 02:08:01,5,66,17.1,85,6.9,1034.6,0.3,1.0,4,3454.2,0
2023-04-18 02:13:01,5,66,17.1,85,6.8,1034.5,0.3,1.0,3,3454.2,0
2023-04-18 02:18:01,5,65,17.1,84,6.7,1034.5,0.3,1.0,1,3454.2,0
2023-04-18 02:23:01,5,65,17.0,83,6.7,1034.6,0.3,0.7,0,3454.2,0
2023-04-18 02:28:01,5,65,17.0,83,6.6,1034.5,0.0,0.7,13,3454.2,0
2023-04-18 02:33:01,5,65,17.0,82,6.5,1034.6,0.3,0.7,15,3454.2,0
2023-04-18 02:38:01,5,65,17.0,82,6.4,1034.6,0.3,0.7,0,3454.2,0
2023-04-18 02:43:01,5,65,17.0,82,6.4,1034.6,0.3,2.0,3,3454.2,0
2023-04-18 02:48:01,5,66,16.9,82,6.4,1034.7,0.3,1.0,14,3454.2,0
2023-04-18 02:53:01,5,66,16.9,82,6.3,1034.7,0.3,1.0,15,3454.2,0
2023-04-18 02:58:01,5,66,16.9,83,6.2,1034.6,0.0,0.7,14,3454.2,0
2023-04-18 03:03:01,5,66,16.8,83,6.1,1034.8,0.0,0.0,14,3454.2,0
2023-04-18 03:08:01,5,66,16.8,83,6.1,1034.8,0.0,0.7,15,3454.2,0
2023-04-18 03:13:01,5,66,16.8,83,6.0,1034.7,0.3,0.7,14,3454.2,0
2023-04-18 03:18:01,5,66,16.7,83,6.0,1034.8,0.7,1.0,14,3454.2,0
2023-04-18 03:23:01,5,65,16.7,82,5.9,1034.9,0.0,0.7,14,3454.2,0
2023-04-18 03:28:01,5,65,16.7,82,5.9,1034.9,0.3,1.0,14,3454.2,0
2023-04-18 03:33:01,5,65,16.7,82,5.8,1035.1,0.7,1.0,14,3454.2,0
2023-04-18 03:38:01,5,65,16.6,82,5.8,1035.1,0.3,1.0,1,3454.2,0
2023-04-18 03:43:01,5,65,16.6,82,5.7,1035.0,0.0,0.0,14,3454.2,0
2023-04-18 03:48:01,5,65,16.6,82,5.6,1035.1,0.0,0.7,14,3454.2,0
2023-04-18 03:53:01,5,65,16.6,82,5.7,1035.1,0.3,1.0,2,3454.2,0
2023-04-18 03:58:01,5,65,16.5,82,5.6,1035.1,0.3,1.0,14,3454.2,0
2023-04-18 04:03:01,5,65,16.5,82,5.5,1035.1,0.7,2.0,13,3454.2,0
2023-04-18 04:08:01,5,65,16.5,81,5.5,1035.2,0.3,0.7,15,3454.2,0
2023-04-18 04:13:01,5,65,16.5,81,5.5,1035.3,0.3,0.7,14,3454.2,0
2023-04-18 04:18:01,5,64,16.5,81,5.5,1035.2,0.0,0.7,0,3454.2,0
2023-04-18 04:23:01,5,64,16.5,82,5.4,1035.3,0.3,0.7,0,3454.2,0
2023-04-18 04:28:01,5,64,16.4,82,5.4,1035.4,1.0,2.0,13,3454.2,0
2023-04-18 04:33:01,5,64,16.4,81,5.4,1035.4,0.3,1.0,1,3454.2,0
2023-04-18 04:38:01,5,64,16.4,81,5.4,1035.3,0.0,1.0,15,3454.2,0
2023-04-18 04:43:01,5,64,16.3,82,5.4,1035.4,0.3,1.0,3,3454.2,0
2023-04-18 04:48:01,5,64,16.3,82,5.4,1035.5,0.3,1.0,15,3454.2,0
2023-04-18 04:53:01,5,64,16.3,81,5.4,1035.6,0.7,2.7,14,3454.2,0
2023-04-18 04:58:01,5,64,16.3,81,5.4,1035.6,0.3,0.7,14,3454.2,0
2023-04-18 05:03:01,5,64,16.3,81,5.4,1035.6,0.3,0.7,13,3454.2,0
2023-04-18 05:08:01,5,64,16.3,81,5.4,1035.6,0.0,0.7,4,3454.2,0
2023-04-18 05:13:01,5,64,16.3,82,5.3,1035.8,0.7,1.7,4,3454.2,0
2023-04-18 05:18:01,5,64,16.3,82,5.3,1035.7,1.0,1.7,14,3454.2,0
2023-04-18 05:23:01,5,64,16.3,82,5.4,1035.7,0.7,1.0,1,3454.2,0
2023-04-18 05:28:01,5,64,16.3,81,5.5,1035.8,1.0,1.7,5,3454.2,0
2023-04-18 05:33:01,5,64,16.2,81,5.6,1035.9,0.0,0.0,15,3454.2,0
2023-04-18 05:38:01,5,64,16.2,81,5.7,1035.9,1.4,2.7,14,3454.2,0
2023-04-18 05:43:01,5,63,16.2,81,5.8,1035.8,0.3,0.7,2,3454.2,0
2023-04-18 05:48:01,5,63,16.2,81,5.9,1035.9,0.3,1.0,0,3454.2,0
2023-04-18 05:53:01,5,63,16.2,81,6.0,1036.0,0.0,0.7,15,3454.2,0
2023-04-18 05:58:01,5,63,16.2,81,6.1,1036.1,0.3,1.0,12,3454.2,0
2023-04-18 06:03:01,5,63,16.2,81,6.2,1036.0,0.3,0.7,14,3454.2,0
2023-04-18 06:08:01,5,63,16.2,81,6.3,1036.1,0.3,1.0,3,3454.2,0
2023-04-18 06:13:01,5,64,16.3,81,6.4,1036.0,0.3,1.0,4,3454.2,0
2023-04-18 06:18:01,5,64,16.3,81,6.5,1036.0,0.7,1.7,15,3454.2,0
2023-04-18 06:23:01,5,65,16.4,81,6.6,1035.8,0.3,0.7,1,3454.2,0
2023-04-18 06:28:01,5,65,16.4,81,6.5,1035.9,1.0,2.0,15,3454.2,0
2023-04-18 06:33:01,5,66,16.6,81,6.6,1035.7,0.3,0.7,15,3454.2,0
2023-04-18 06:38:01,5,67,16.8,81,6.6,1035.5,0.3,1.0,6,3454.2,0
2023-04-18 06:43:01,5,66,17.0,81,6.7,1035.3,0.3,1.7,2,3454.2,0
2023-04-18 06:48:01,5,66,17.3,82,6.8,1035.1,0.7,1.7,7,3454.2,0
2023-04-18 06:53:01,5,65,17.6,82,6.8,1034.9,0.3,1.0,0,3454.2,0
2023-04-18 06:58:01,5,65,17.8,82,6.8,1034.5,0.3,1.0,4,3454.2,0
2023-04-18 07:03:01,5,65,18.0,82,7.0,1034.3,0.3,1.0,13,3454.2,0
2023-04-18 07:08:01,5,64,18.3,82,7.1,1034.1,0.3,0.7,6,3454.2,0
2023-04-18 07:13:01,5,64,18.5,82,7.3,1033.9,0.3,1.0,12,3454.2,0
2023-04-18 07:18:01,5,64,18.6,81,7.3,1033.9,1.0,2.0,11,3454.2,0
2023-04-18 07:23:01,5,63,18.7,81,7.4,1033.7,1.0,2.0,6,3454.2,0
2023-04-18 07:28:01,5,62,18.8,81,7.5,1033.6,0.7,1.0,9,3454.2,0
2023-04-18 07:33:01,5,61,19.0,80,7.6,1033.6,0.7,2.0,11,3454.2,0
2023-04-18 07:38:01,5,60,19.0,80,7.6,1033.4,0.7,1.7,15,3454.2,0
2023-04-18 07:43:01,5,61,19.1,80,7.7,1033.4,0.7,1.7,3,3454.2,0
2023-04-18 07:48:01,5,60,19.2,80,7.9,1033.5,0.7,1.0,14,3454.2,0
2023-04-18 07:53:01,5,60,19.3,79,8.2,1033.3,1.0,2.0,0,3454.2,0
2023-04-18 07:58:01,5,60,19.4,79,8.4,1033.2,1.4,2.7,5,3454.2,0
2023-04-18 08:03:01,5,58,20.3,78,8.6,1033.1,1.4,2.7,11,3454.2,0
2023-04-18 08:08:01,5,57,20.4,78,8.5,1033.1,1.0,1.7,13,3454.2,0
2023-04-18 08:13:01,5,57,20.4,78,8.5,1033.0,0.7,2.7,6,3454.2,0
2023-04-18 08:18:01,5,57,20.4,78,8.6,1033.0,0.7,1.0,1,3454.2,0
2023-04-18 08:23:01,5,57,20.4,78,8.6,1033.0,1.0,1.7,11,3454.2,0
2023-04-18 08:28:01,5,57,20.5,78,8.6,1032.9,1.0,2.0,7,3454.2,0
2023-04-18 08:33:01,5,57,20.6,77,9.1,1032.9,0.3,1.0,5,3454.2,0
2023-04-18 08:38:01,5,56,20.7,76,9.3,1032.6,1.0,2.0,9,3454.2,0
2023-04-18 08:43:01,5,56,21.0,75,9.5,1032.5,0.7,1.7,6,3454.2,0
2023-04-18 08:48:01,5,57,21.1,75,9.8,1032.2,0.7,1.7,9,3454.2,0
2023-04-18 08:53:01,5,56,21.3,76,9.8,1032.1,0.7,1.7,3,3454.2,0
2023-04-18 08:58:01,5,56,21.5,75,9.8,1031.9,1.0,2.7,6,3454.2,0
2023-04-18 09:03:01,5,55,21.5,75,9.6,1032.0,0.7,1.0,0,3454.2,0
2023-04-18 09:08:01,5,53,21.5,75,9.8,1031.9,0.7,1.0,5,3454.2,0
2023-04-18 09:13:01,5,53,21.5,75,10.0,1031.9,1.0,1.7,10,3454.2,0
2023-04-18 09:18:01,5,52,21.5,75,10.2,1031.9,0.3,1.0,10,3454.2,0
2023-04-18 09:23:01,5,52,21.5,74,9.8,1032.1,1.4,3.1,12,3454.2,0
2023-04-18 09:28:01,5,51,21.4,75,10.0,1032.0,1.0,2.0,7,3454.2,0
2023-04-18 09:33:01,5,52,21.4,74,10.1,1032.1,1.4,3.1,14,3454.2,0
2023-04-18 09:38:01,5,51,21.4,74,10.1,1032.2,0.7,1.7,5,3454.2,0
2023-04-18 09:43:01,5,51,21.3,73,10.6,1032.1,0.3,1.0,11,3454.2,0
2023-04-18 09:48:01,5,51,21.3,72,10.6,1032.0,1.0,2.0,12,3454.2,0
2023-04-18 09:53:01,5,52,21.5,71,11.0,1031.9,0.7,1.7,4,3454.2,0
2023-04-18 09:58:01,5,51,21.5,72,10.7,1031.9,1.0,2.7,0,3454.2,0
2023-04-18 10:03:01,5,51,21.5,72,11.1,1031.9,1.4,2.7,12,3454.2,0
2023-04-18 10:08:01,5,52,21.5,71,11.5,1031.8,1.0,2.0,3,3454.2,0
2023-04-18 10:13:01,5,52,21.6,70,11.7,1031.8,1.0,2.0,10,3454.2,0
2023-04-18 10:18:01,5,52,21.6,69,11.8,1031.5,0.7,2.0,12,3454.2,0
2023-04-18 10:23:01,5,52,21.7,69,11.4,1031.6,0.7,1.7,7,3454.2,0
2023-04-18 10:28:01,5,52,21.7,69,11.9,1031.4,0.7,1.7,10,3454.2,0
2023-04-18 10:33:01,5,52,21.7,69,11.3,1031.4,1.0,1.7,5,3454.2,0
2023-04-18 10:38:01,5,51,21.7,69,11.6,1031.5,1.0,1.7,2,3454.2,0
2023-04-18 10:43:01,5,51,21.7,68,11.8,1031.5,0.3,1.0,2,3454.2,0
2023-04-18 10:48:01,5,50,21.6,68,11.5,1031.7,1.0,2.0,13,3454.2,0
2023-04-18 10:53:01,5,50,21.5,68,11.2,1031.6,1.4,2.7,2,3454.2,0
2023-04-18 10:58:01,5,50,21.3,67,11.3,1031.8,0.7,2.0,2,3454.2,0
2023-04-18 11:03:01,5,49,21.3,68,11.7,1031.8,1.0,1.7,13,3454.2,0
2023-04-18 11:08:01,5,50,21.2,67,11.5,1031.9,0.7,2.0,2,3454.2,0
2023-04-18 11:13:01,5,50,21.2,67,11.8,1031.8,1.0,2.0,4,3454.2,0
2023-04-18 11:18:01,5,50,21.2,67,11.8,1031.9,0.7,1.0,10,3454.2,0
2023-04-18 11:23:01,5,50,21.2,66,11.9,1031.9,1.0,3.1,9,3454.2,0
2023-04-18 11:28:01,5,50,21.1,65,11.7,1032.0,1.7,3.7,13,3454.2,0
2023-04-18 11:33:01,5,50,21.1,64,11.9,1031.9,0.7,2.0,7,3454.2,0
2023-04-18 11:38:01,5,50,21.1,65,11.7,1032.0,0.3,1.0,6,3454.2,0
2023-04-18 11:43:01,5,50,21.1,65,11.6,1031.9,0.7,4.1,3,3454.2,0
2023-04-18 11:48:01,5,51,21.1,63,12.0,1032.0,1.0,2.0,4,3454.2,0
2023-04-18 11:53:01,5,50,21.1,65,11.9,1031.8,1.0,2.0,9,3454.2,0
2023-04-18 11:58:01,5,50,21.1,65,11.8,1032.0,1.0,1.7,11,3454.2,0
2023-04-18 12:03:01,5,50,21.1,67,11.7,1031.9,0.7,1.7,14,3454.2,0
2023-04-18 12:08:01,5,51,21.2,66,12.1,1032.1,1.0,2.7,10,3454.2,0
2023-04-18 12:13:01,5,50,21.2,65,11.9,1031.8,1.4,3.1,13,3454.2,0
2023-04-18 12:18:01,5,50,21.2,66,11.6,1031.9,1.4,2.7,12,3454.2,0
2023-04-18 12:23:01,5,50,21.2,67,11.8,1032.0,0.3,1.0,14,3454.2,0
2023-04-18 12:28:01,5,50,21.1,68,11.5,1032.2,1.4,2.7,15,3454.2,0
2023-04-18 12:33:01,5,50,21.1,68,11.7,1032.1,1.0,2.0,1,3454.2,0
2023-04-18 12:38:01,5,50,21.1,68,11.7,1032.2,1.4,2.0,14,3454.2,0
2023-04-18 12:43:01,5,50,21.0,69,11.6,1032.1,0.7,1.7,10,3454.2,0
2023-04-18 12:48:01,5,50,21.0,68,11.5,1032.2,1.0,2.0,4,3454.2,0
2023-04-18 12:53:01,5,51,20.9,70,11.3,1032.2,1.0,2.7,13,3454.2,0
2023-04-18 12:58:01,5,51,20.8,70,11.6,1032.4,1.0,2.7,10,3454.2,0
2023-04-18 13:03:01,5,51,20.7,71,11.3,1032.4,1.0,2.7,13,3454.2,0
2023-04-18 13:08:01,5,51,20.6,71,11.4,1032.4,1.0,1.7,3,3454.2,0
2023-04-18 13:13:01,5,51,20.6,72,11.3,1032.6,1.0,3.1,5,3454.2,0
2023-04-18 13:18:01,5,51,20.5,72,11.4,1032.6,1.0,2.0,4,3454.2,0
2023-04-18 13:23:01,5,51,20.5,72,11.4,1032.6,1.0,2.7,11,3454.2,0
2023-04-18 13:28:01,5,52,20.5,72,11.5,1032.6,0.7,1.7,14,3454.2,0
2023-04-18 23:34:02,5,60,17.6,80,9.5,1035.0,0.7,1.0,14,3454.2,0
2023-04-18 23:39:02,5,60,17.6,79,9.6,1035.0,1.0,2.0,1,3454.2,0
2023-04-18 23:44:02,5,59,17.5,79,9.6,1035.0,1.0,1.7,3,3454.2,0
2023-04-18 23:49:02,5,60,17.5,79,9.6,1034.9,0.7,1.7,11,3454.2,0
2023-04-18 23:54:02,5,60,17.4,80,9.5,1035.0,0.7,1.0,14,3454.2,0
2023-04-18 23:59:02,5,59,17.4,80,9.5,1035.1,1.0,1.7,11,3454.2,0
