2025-11-25 00:00:33,1,61,16.9,96,5.3,996.2,0,0,20,0.0,0,0.0,0
2025-11-25 00:01:34,1,61,17.0,96,5.3,996.2,0,0,20,0.0,0,0.0,0
2025-11-25 00:02:35,1,61,17.0,96,5.3,996.2,0,0,20,0.0,0,0.0,0
2025-11-25 00:03:36,1,60,17.1,96,5.3,996.1,0,0,20,0.0,0,0.0,0
2025-11-25 00:04:37,1,60,17.1,96,5.3,996.0,0,0,20,0.0,0,0.0,0
2025-11-25 00:05:38,1,60,17.2,96,5.3,996.3,0,0,20,0.0,0,0.0,0
2025-11-25 00:06:39,1,60,17.2,96,5.3,996.3,0,0,20,0.0,0,0.0,0
2025-11-25 00:07:40,1,60,17.3,96,5.2,996.2,0,0,20,0.0,0,0.0,0
2025-11-25 00:08:41,1,60,17.3,96,5.3,996.3,0,0,20,0.0,0,0.0,0
2025-11-25 00:09:42,1,60,17.4,96,5.2,996.2,0,0,20,0.0,0,0.0,0
2025-11-25 00:10:43,1,60,17.4,96,5.2,996.2,0,0,20,0.0,0,0.0,0
2025-11-25 00:11:44,1,60,17.4,96,5.2,996.2,0,0,20,0.0,0,0.0,0
2025-11-25 00:12:45,1,59,17.5,96,5.2,996.3,0,0,20,0.0,0,0.0,0
2025-11-25 00:13:46,1,59,17.5,96,5.1,996.2,0,0,20,0.0,0,0.0,0
2025-11-25 00:14:47,1,59,17.6,96,5.1,996.3,0,0,20,0.0,0,0.0,0
2025-11-25 00:15:48,1,59,17.6,96,5.1,996.3,0,0,20,0.0,0,0.0,0
2025-11-25 00:16:49,1,59,17.6,96,5.1,996.3,0,0,20,0.0,0,0.0,0
2025-11-25 00:17:50,1,59,17.7,96,5.0,996.3,0,0,20,0.0,0,0.0,0
2025-11-25 00:18:51,1,59,17.7,96,5.0,996.3,0,0,20,0.0,0,0.0,0
2025-11-25 00:19:52,1,59,17.7,96,5.0,996.4,0,0,20,0.0,0,0.0,0
2025-11-25 00:20:53,1,59,17.7,96,5.0,996.3,0,0,20,0.0,0,0.0,0
2025-11-25 00:21:54,1,59,17.7,96,5.0,996.3,0,1,20,0.0,0,0.0,0
2025-11-25 00:22:55,1,59,17.7,96,5.0,996.4,0,1,20,0.0,0,0.0,0
2025-11-25 00:23:56,1,59,17.7,96,5.1,996.4,0,1,20,0.0,0,0.0,0
2025-11-25 00:24:57,1,58,17.7,96,5.1,996.4,0,0,20,0.0,0,0.0,0
2025-11-25 00:25:58,1,58,17.7,96,5.1,996.3,0,0,20,0.0,0,0.0,0
2025-11-25 00:26:59,1,58,17.7,96,5.1,996.4,0,0,20,0.0,0,0.0,0
2025-11-25 00:28:00,1,58,17.6,96,5.1,996.5,0,0,20,0.0,0,0.0,0
2025-11-25 00:29:01,1,58,17.6,96,5.1,996.5,0,0,20,0.0,0,0.0,0
2025-11-25 00:30:02,1,58,17.6,96,5.1,996.4,0,0,20,0.0,0,0.0,0
2025-11-25 00:31:03,1,58,17.6,96,5.0,996.5,0,0,20,0.0,0,0.0,0
2025-11-25 00:32:04,1,58,17.5,96,5.0,996.4,0,0,20,0.0,0,0.0,0
2025-11-25 00:33:05,1,58,17.5,96,4.9,996.3,0,0,20,0.0,0,0.0,0
2025-11-25 00:34:06,1,58,17.5,96,4.9,996.3,0,0,20,0.0,0,0.0,0
2025-11-25 00:35:07,1,58,17.5,96,4.9,996.4,0,0,20,0.0,0,0.0,0
2025-11-25 00:36:08,1,58,17.5,96,4.9,996.5,0,0,20,0.0,0,0.0,0
2025-11-25 00:37:09,1,59,17.4,96,4.9,996.3,0,0,20,0.0,0,0.0,0
2025-11-25 00:38:10,1,58,17.4,96,4.9,996.3,0,0,20,0.0,0,0.0,0
2025-11-25 00:39:11,1,59,17.3,96,4.9,996.5,0,0,20,0.0,0,0.0,0
2025-11-25 00:40:12,1,59,17.3,96,4.9,996.4,0,1,20,0.0,0,0.0,0
2025-11-25 00:41:13,1,59,17.3,96,4.9,996.4,1,1,20,0.0,0,0.0,0
2025-11-25 00:42:14,1,59,17.3,96,4.9,996.4,0,1,20,0.0,0,0.0,0
2025-11-25 00:43:15,1,59,17.3,96,4.9,996.2,0,1,20,0.0,0,0.0,0
2025-11-25 00:44:16,1,59,17.2,96,4.9,996.5,0,0,20,0.0,0,0.0,0
2025-11-25 00:45:17,1,59,17.2,96,4.9,996.3,0,0,20,0.0,0,0.0,0
2025-11-25 00:46:18,1,59,17.2,96,4.9,996.3,0,0,20,0.0,0,0.0,0
2025-11-25 00:47:19,1,59,17.1,96,4.9,996.3,0,0,20,0.0,0,0.0,0
2025-11-25 00:48:20,1,59,17.1,96,4.9,996.4,0,0,20,0.0,0,0.0,0
2025-11-25 00:49:21,1,59,17.1,96,4.9,996.4,0,0,20,0.0,0,0.0,0
2025-11-25 00:50:22,1,59,17.1,96,4.8,996.4,0,0,20,0.0,0,0.0,0
2025-11-25 00:51:23,1,59,17.0,96,4.8,996.4,0,0,20,0.0,0,0.0,0
2025-11-25 00:52:24,1,59,17.0,96,4.8,996.4,0,0,20,0.0,0,0.0,0
2025-11-25 00:53:25,1,59,17.0,96,4.8,996.5,0,0,20,0.0,0,0.0,0
2025-11-25 00:54:26,1,59,17.0,96,4.8,996.5,0,0,20,0.0,0,0.0,0
2025-11-25 00:55:27,1,59,16.9,96,4.8,996.5,0,0,20,0.0,0,0.0,0
2025-11-25 00:56:28,1,59,16.9,96,4.7,996.5,0,0,20,0.0,0,0.0,0
2025-11-25 00:57:29,1,59,16.9,96,4.7,996.4,0,0,20,0.0,0,0.0,0
2025-11-25 00:58:30,1,59,16.9,96,4.6,996.5,0,0,20,0.0,0,0.0,0
2025-11-25 00:59:31,1,59,16.9,96,4.6,996.6,0,1,20,0.0,0,0.0,0
2025-11-25 01:00:32,1,59,16.8,96,4.6,996.7,0,1,20,0.0,0,0.0,0
2025-11-25 01:01:33,1,59,16.8,96,4.6,996.7,0,0,20,0.0,0,0.0,0
2025-11-25 01:02:34,1,59,16.8,96,4.6,996.6,0,0,20,0.0,0,0.0,0
2025-11-25 01:03:35,1,59,16.8,96,4.6,996.6,0,0,20,0.0,0,0.0,0
2025-11-25 01:04:36,1,59,16.7,96,4.5,996.5,0,0,20,0.0,0,0.0,0
2025-11-25 01:05:37,1,59,16.7,96,4.5,996.5,0,0,20,0.0,0,0.0,0
2025-11-25 01:06:38,1,60,16.7,96,4.5,996.6,0,0,20,0.0,0,0.0,0
2025-11-25 01:07:39,1,59,16.7,96,4.5,996.6,0,0,20,0.0,0,0.0,0
2025-11-25 01:08:40,1,60,16.7,96,4.5,996.5,0,0,20,0.0,0,0.0,0
2025-11-25 01:09:41,1,60,16.6,96,4.5,996.6,0,0,20,0.0,0,0.0,0
2025-11-25 01:10:42,1,60,16.6,96,4.5,996.5,0,0,20,0.0,0,0.0,0
2025-11-25 01:11:43,1,60,16.6,96,4.4,996.6,0,0,20,0.0,0,0.0,0
2025-11-25 01:12:44,1,60,16.6,96,4.4,996.7,0,0,20,0.0,0,0.0,0
2025-11-25 01:13:45,1,60,16.6,96,4.4,996.7,0,0,20,0.0,0,0.0,0
2025-11-25 01:14:46,1,61,16.7,96,4.5,996.7,0,0,20,0.0,0,0.0,0
2025-11-25 01:15:47,1,61,16.7,97,4.5,996.8,0,0,20,0.0,0,0.0,0
2025-11-25 01:16:48,1,61,16.7,97,4.6,996.7,0,0,20,0.0,0,0.0,0
2025-11-25 01:17:49,1,61,16.8,97,4.6,996.6,0,0,20,0.0,0,0.0,0
2025-11-25 01:18:50,1,61,16.9,96,4.6,996.5,0,0,20,0.0,0,0.0,0
2025-11-25 01:19:51,1,61,17.0,96,4.6,996.5,0,0,20,0.0,0,0.0,0
2025-11-25 01:20:52,1,60,17.0,96,4.6,996.7,0,0,20,0.0,0,0.0,0
2025-11-25 01:21:53,1,60,17.1,97,4.6,996.6,0,0,20,0.0,0,0.0,0
2025-11-25 01:22:54,1,60,17.1,97,4.6,996.6,0,0,20,0.0,0,0.0,0
2025-11-25 01:23:55,1,60,17.2,96,4.6,996.7,0,0,20,0.0,0,0.0,0
2025-11-25 01:24:56,1,60,17.3,96,4.6,996.6,0,0,20,0.0,0,0.0,0
2025-11-25 01:25:57,1,60,17.3,96,4.6,996.5,0,0,20,0.0,0,0.0,0
2025-11-25 01:26:58,1,60,17.4,96,4.4,996.6,0,0,20,0.0,0,0.0,0
2025-11-25 01:27:59,1,59,17.4,96,4.4,996.7,0,0,20,0.0,0,0.0,0
2025-11-25 01:29:00,1,59,17.5,96,4.3,996.6,0,0,20,0.0,0,0.0,0
2025-11-25 01:30:01,1,59,17.5,96,4.3,996.7,0,0,20,0.0,0,0.0,0
2025-11-25 01:31:02,1,59,17.6,96,4.3,996.8,0,0,20,0.0,0,0.0,0
2025-11-25 01:32:03,1,59,17.6,96,4.3,996.9,0,0,20,0.0,0,0.0,0
2025-11-25 01:33:04,1,59,17.6,96,4.3,996.6,0,0,20,0.0,0,0.0,0
2025-11-25 01:34:05,1,59,17.7,97,4.3,996.9,0,0,20,0.0,0,0.0,0
2025-11-25 01:35:06,1,59,17.7,97,4.3,996.9,0,0,20,0.0,0,0.0,0
2025-11-25 01:36:07,1,59,17.7,96,4.3,996.9,0,0,20,0.0,0,0.0,0
2025-11-25 01:37:08,1,58,17.8,96,4.3,996.8,0,0,20,0.0,0,0.0,0
2025-11-25 01:38:09,1,58,17.8,96,4.3,996.6,0,0,20,0.0,0,0.0,0
2025-11-25 01:39:10,1,58,17.8,96,4.2,996.8,0,0,20,0.0,0,0.0,0
2025-11-25 01:40:11,1,58,17.8,96,4.2,996.8,0,0,20,0.0,0,0.0,0
2025-11-25 01:41:12,1,58,17.8,96,4.2,996.9,0,0,20,0.0,0,0.0,0
2025-11-25 01:42:13,1,58,17.8,96,4.1,996.8,0,0,20,0.0,0,0.0,0
2025-11-25 01:43:14,1,58,17.8,96,4.0,996.7,0,0,20,0.0,0,0.0,0
2025-11-25 01:44:15,1,58,17.8,96,4.0,996.8,0,0,20,0.0,0,0.0,0
2025-11-25 01:45:16,1,58,17.8,96,3.9,996.8,0,0,20,0.0,0,0.0,0
2025-11-25 01:46:17,1,58,17.8,96,3.8,996.7,0,0,20,0.0,0,0.0,0
2025-11-25 01:47:18,1,58,17.8,96,3.8,996.9,0,0,20,0.0,0,0.0,0
2025-11-25 01:48:19,1,58,17.8,96,3.7,997.0,0,0,20,0.0,0,0.0,0
2025-11-25 01:49:20,1,58,17.7,96,3.7,996.8,0,0,20,0.0,0,0.0,0
2025-11-25 01:50:21,1,58,17.7,96,3.7,996.8,0,0,20,0.0,0,0.0,0
2025-11-25 01:51:22,1,58,17.7,96,3.6,996.9,0,0,20,0.0,0,0.0,0
2025-11-25 01:52:23,1,58,17.6,96,3.6,996.8,0,0,20,0.0,0,0.0,0
2025-11-25 01:53:24,1,58,17.6,97,3.6,997.0,0,1,20,0.0,0,0.0,0
2025-11-25 01:54:25,1,58,17.6,97,3.7,997.1,0,1,20,0.0,0,0.0,0
2025-11-25 01:55:26,1,58,17.6,97,3.7,996.9,0,1,20,0.0,0,0.0,0
2025-11-25 01:56:27,1,58,17.6,97,3.8,997.1,0,1,20,0.0,0,0.0,0
2025-11-25 01:57:28,1,58,17.5,97,3.8,996.9,0,1,20,0.0,0,0.0,0
2025-11-25 01:58:29,1,58,17.5,97,3.8,997.0,0,0,20,0.0,0,0.0,0
2025-11-25 01:59:30,1,58,17.4,97,3.7,996.8,0,0,20,0.0,0,0.0,0
2025-11-25 02:00:31,1,58,17.4,97,3.7,996.9,0,0,20,0.0,0,0.0,0
2025-11-25 02:01:32,1,58,17.4,97,3.7,997.0,0,0,20,0.0,0,0.0,0
2025-11-25 02:02:33,1,58,17.4,97,3.6,996.9,0,0,20,0.0,0,0.0,0
2025-11-25 02:03:34,1,58,17.3,97,3.6,996.9,0,0,20,0.0,0,0.0,0
2025-11-25 02:04:35,1,58,17.3,96,3.6,997.1,0,0,20,0.0,0,0.0,0
2025-11-25 02:05:36,1,58,17.3,96,3.5,997.0,0,0,20,0.0,0,0.0,0
2025-11-25 02:06:37,1,58,17.2,97,3.5,997.2,0,0,20,0.0,0,0.0,0
2025-11-25 02:07:38,1,58,17.2,97,3.5,996.9,0,0,20,0.0,0,0.0,0
2025-11-25 02:08:39,1,58,17.2,96,3.4,996.9,0,0,20,0.0,0,0.0,0
2025-11-25 02:09:40,1,58,17.1,97,3.4,997.3,0,0,20,0.0,0,0.0,0
2025-11-25 02:10:41,1,58,17.1,97,3.4,997.2,0,0,20,0.0,0,0.0,0
2025-11-25 02:11:42,1,58,17.1,97,3.4,997.2,0,0,20,0.0,0,0.0,0
2025-11-25 02:12:43,1,58,17.0,97,3.4,997.1,0,0,20,0.0,0,0.0,0
2025-11-25 02:13:44,1,58,17.0,97,3.5,997.1,0,0,20,0.0,0,0.0,0
2025-11-25 02:14:45,1,59,17.0,97,3.5,997.2,0,0,20,0.0,0,0.0,0
2025-11-25 02:15:46,1,59,17.0,97,3.6,997.3,0,0,20,0.0,0,0.0,0
2025-11-25 02:16:47,1,59,16.9,97,3.6,997.2,0,0,20,0.0,0,0.0,0
2025-11-25 02:17:48,1,59,16.9,97,3.7,997.2,0,0,20,0.0,0,0.0,0
2025-11-25 02:18:49,1,59,16.9,97,3.7,997.2,0,0,19,0.0,0,0.0,0
2025-11-25 02:19:50,1,59,16.8,97,3.7,997.3,0,1,19,0.0,0,0.0,0
2025-11-25 02:20:51,1,59,16.8,97,3.6,997.2,0,0,19,0.0,0,0.0,0
2025-11-25 02:21:52,1,59,16.8,97,3.6,997.3,0,1,19,0.0,0,0.0,0
2025-11-25 02:22:53,1,59,16.8,97,3.5,997.3,0,1,17,0.0,0,0.0,0
2025-11-25 02:23:54,1,59,16.8,97,3.5,997.3,0,0,6,0.0,0,0.0,0
2025-11-25 02:24:55,1,59,16.7,97,3.5,997.3,0,0,5,0.0,0,0.0,0
2025-11-25 02:25:56,1,59,16.7,97,3.5,997.2,0,0,5,0.0,0,0.0,0
2025-11-25 02:26:57,1,59,16.7,97,3.5,997.3,0,0,5,0.0,0,0.0,0
2025-11-25 02:27:58,1,59,16.7,97,3.4,997.4,0,0,5,0.0,0,0.0,0
2025-11-25 02:28:59,1,59,16.6,97,3.4,997.5,0,0,5,0.0,0,0.0,0
2025-11-25 02:30:00,1,59,16.7,97,3.4,997.3,0,0,5,0.0,0,0.0,0
2025-11-25 02:31:01,1,59,16.6,97,3.3,997.4,0,0,5,0.0,0,0.0,0
2025-11-25 02:32:02,1,60,16.7,97,3.3,997.3,0,0,5,0.0,0,0.0,0
2025-11-25 02:33:03,1,60,16.7,97,3.3,997.4,0,0,5,0.0,0,0.0,0
2025-11-25 02:34:04,1,60,16.7,97,3.3,997.5,0,0,5,0.0,0,0.0,0
2025-11-25 02:35:05,1,60,16.8,97,3.2,997.5,0,0,5,0.0,0,0.0,0
2025-11-25 02:36:06,1,60,16.8,97,3.2,997.4,0,0,5,0.0,0,0.0,0
2025-11-25 02:37:07,1,60,16.9,97,3.1,997.4,0,0,5,0.0,0,0.0,0
2025-11-25 02:38:08,1,60,17.0,97,3.1,997.4,0,0,5,0.0,0,0.0,0
2025-11-25 02:39:09,1,60,17.1,97,3.1,997.5,0,0,5,0.0,0,0.0,0
2025-11-25 02:40:10,1,60,17.1,97,3.1,997.6,0,0,5,0.0,0,0.0,0
2025-11-25 02:41:11,1,59,17.2,97,3.1,997.4,0,0,5,0.0,0,0.0,0
2025-11-25 02:42:12,1,59,17.2,97,3.1,997.6,0,0,5,0.0,0,0.0,0
2025-11-25 02:43:13,1,59,17.3,97,3.1,997.4,0,0,5,0.0,0,0.0,0
2025-11-25 02:44:14,1,59,17.4,97,3.1,997.6,0,0,5,0.0,0,0.0,0
2025-11-25 02:45:15,1,59,17.4,97,3.0,997.6,0,0,5,0.0,0,0.0,0
2025-11-25 02:46:16,1,59,17.5,97,3.0,997.7,0,0,5,0.0,0,0.0,0
2025-11-25 02:47:17,1,59,17.5,97,3.0,997.6,0,0,5,0.0,0,0.0,0
2025-11-25 02:48:18,1,58,17.6,97,3.0,997.7,0,0,5,0.0,0,0.0,0
2025-11-25 02:49:19,1,58,17.6,97,3.0,997.5,0,0,5,0.0,0,0.0,0
2025-11-25 02:50:20,1,58,17.7,97,3.0,997.5,0,0,5,0.0,0,0.0,0
2025-11-25 02:51:21,1,58,17.7,97,2.9,997.6,0,0,5,0.0,0,0.0,0
2025-11-25 02:52:22,1,58,17.7,97,2.9,997.6,0,0,5,0.0,0,0.0,0
2025-11-25 02:53:23,1,58,17.7,97,2.9,997.7,0,0,5,0.0,0,0.0,0
2025-11-25 02:54:24,1,58,17.7,97,2.8,997.7,0,0,5,0.0,0,0.0,0
2025-11-25 02:55:25,1,58,17.8,97,2.8,997.7,0,0,5,0.0,0,0.0,0
2025-11-25 02:56:26,1,58,17.8,97,2.7,997.7,0,0,5,0.0,0,0.0,0
2025-11-25 02:57:27,1,57,17.8,97,2.7,997.6,0,0,5,0.0,0,0.0,0
2025-11-25 02:58:28,1,57,17.7,97,2.7,997.4,0,0,5,0.0,0,0.0,0
2025-11-25 02:59:29,1,57,17.7,97,2.6,997.7,0,0,5,0.0,0,0.0,0
2025-11-25 03:00:30,1,57,17.7,97,2.6,997.7,0,0,5,0.0,0,0.0,0
2025-11-25 03:01:31,1,57,17.7,97,2.5,997.7,0,0,5,0.0,0,0.0,0
2025-11-25 03:02:32,1,57,17.7,97,2.5,997.7,0,0,5,0.0,0,0.0,0
2025-11-25 03:03:33,1,57,17.6,97,2.5,997.6,0,0,5,0.0,0,0.0,0
2025-11-25 03:04:34,1,57,17.6,97,2.4,997.7,0,0,5,0.0,0,0.0,0
2025-11-25 03:05:35,1,57,17.6,97,2.4,997.6,0,0,5,0.0,0,0.0,0
2025-11-25 03:06:36,1,57,17.6,97,2.4,997.6,0,0,5,0.0,0,0.0,0
2025-11-25 03:07:37,1,57,17.6,97,2.4,997.7,0,0,5,0.0,0,0.0,0
2025-11-25 03:08:38,1,57,17.5,97,2.4,997.7,0,0,5,0.0,0,0.0,0
2025-11-25 03:09:39,1,57,17.5,97,2.4,997.7,0,0,5,0.0,0,0.0,0
2025-11-25 03:10:40,1,57,17.5,97,2.4,997.8,0,0,5,0.0,0,0.0,0
2025-11-25 03:11:41,1,57,17.4,97,2.4,997.7,0,0,5,0.0,0,0.0,0
2025-11-25 03:12:42,1,57,17.4,97,2.4,997.5,0,0,5,0.0,0,0.0,0
2025-11-25 03:13:43,1,57,17.4,97,2.4,997.5,0,0,5,0.0,0,0.0,0
2025-11-25 03:14:44,1,58,17.3,97,2.3,997.8,0,0,5,0.0,0,0.0,0
2025-11-25 03:15:45,1,58,17.3,97,2.3,997.8,0,0,5,0.0,0,0.0,0
2025-11-25 03:16:46,1,58,17.3,97,2.3,997.8,0,0,5,0.0,0,0.0,0
2025-11-25 03:17:47,1,58,17.2,97,2.3,997.7,0,0,5,0.0,0,0.0,0
2025-11-25 03:18:48,1,58,17.2,97,2.2,997.7,0,0,5,0.0,0,0.0,0
2025-11-25 03:19:49,1,58,17.1,97,2.2,997.8,0,0,5,0.0,0,0.0,0
2025-11-25 03:20:50,1,58,17.1,97,2.2,997.8,0,0,5,0.0,0,0.0,0
2025-11-25 03:21:51,1,58,17.1,97,2.2,997.7,0,0,5,0.0,0,0.0,0
2025-11-25 03:22:52,1,58,17.1,97,2.1,997.7,0,0,5,0.0,0,0.0,0
2025-11-25 03:23:53,1,58,17.0,97,2.1,997.8,0,0,5,0.0,0,0.0,0
2025-11-25 03:24:54,1,58,17.0,97,2.1,997.9,0,0,5,0.0,0,0.0,0
2025-11-25 03:25:55,1,58,17.0,97,2.1,997.6,0,0,5,0.0,0,0.0,0
2025-11-25 03:26:56,1,58,17.0,97,2.1,997.8,0,0,5,0.0,0,0.0,0
2025-11-25 03:27:57,1,58,16.9,97,2.1,997.9,0,0,5,0.0,0,0.0,0
2025-11-25 03:28:58,1,58,16.9,97,2.1,997.9,0,0,5,0.0,0,0.0,0
2025-11-25 03:29:59,1,58,16.9,97,2.0,997.8,0,0,5,0.0,0,0.0,0
2025-11-25 03:31:00,1,58,16.9,97,2.0,997.9,0,0,5,0.0,0,0.0,0
2025-11-25 03:32:01,1,58,16.8,97,2.0,998.1,0,0,5,0.0,0,0.0,0
2025-11-25 03:33:02,1,58,16.8,97,2.0,998.0,0,0,5,0.0,0,0.0,0
2025-11-25 03:34:03,1,58,16.8,97,2.0,998.0,0,0,5,0.0,0,0.0,0
2025-11-25 03:35:04,1,58,16.8,97,2.0,998.0,0,0,5,0.0,0,0.0,0
2025-11-25 03:36:05,1,58,16.8,97,2.0,997.9,0,0,5,0.0,0,0.0,0
2025-11-25 03:37:06,1,58,16.7,97,2.0,998.0,0,0,5,0.0,0,0.0,0
2025-11-25 03:38:07,1,58,16.7,97,2.0,998.1,0,0,5,0.0,0,0.0,0
2025-11-25 03:39:08,1,58,16.7,97,2.0,998.0,0,0,5,0.0,0,0.0,0
2025-11-25 03:40:09,1,59,16.7,97,2.0,998.0,0,0,5,0.0,0,0.0,0
2025-11-25 03:41:10,1,59,16.7,97,2.0,998.0,0,0,5,0.0,0,0.0,0
2025-11-25 03:42:11,1,59,16.7,97,2.0,998.2,0,0,5,0.0,0,0.0,0
2025-11-25 03:43:12,1,59,16.7,97,2.0,998.2,0,0,5,0.0,0,0.0,0
2025-11-25 03:44:13,1,59,16.7,97,2.0,998.2,0,0,5,0.0,0,0.0,0
2025-11-25 03:45:14,1,59,16.8,97,2.0,998.3,0,0,5,0.0,0,0.0,0
2025-11-25 03:46:15,1,59,16.8,97,2.0,998.3,0,0,5,0.0,0,0.0,0
2025-11-25 03:47:16,1,59,16.9,97,2.0,998.2,0,0,5,0.0,0,0.0,0
2025-11-25 03:48:17,1,59,17.0,97,1.9,998.3,0,0,5,0.0,0,0.0,0
2025-11-25 03:49:18,1,59,17.0,97,1.9,998.2,0,0,5,0.0,0,0.0,0
2025-11-25 03:50:19,1,59,17.1,97,1.9,998.2,0,0,5,0.0,0,0.0,0
2025-11-25 03:51:20,1,59,17.2,97,1.8,998.3,0,0,5,0.0,0,0.0,0
2025-11-25 03:52:21,1,59,17.3,97,1.8,998.3,0,0,5,0.0,0,0.0,0
2025-11-25 03:53:22,1,59,17.3,97,1.8,998.4,0,0,5,0.0,0,0.0,0
2025-11-25 03:54:23,1,58,17.4,97,1.8,998.4,0,0,5,0.0,0,0.0,0
2025-11-25 03:55:24,1,58,17.5,97,1.8,998.5,0,0,5,0.0,0,0.0,0
2025-11-25 03:56:25,1,58,17.5,97,1.8,998.3,0,0,5,0.0,0,0.0,0
2025-11-25 03:57:26,1,58,17.6,97,1.8,998.5,0,0,5,0.0,0,0.0,0
2025-11-25 03:58:27,1,58,17.6,97,1.8,998.5,0,0,5,0.0,0,0.0,0
2025-11-25 03:59:28,1,58,17.7,97,1.8,998.5,0,0,5,0.0,0,0.0,0
2025-11-25 04:00:29,1,58,17.7,97,1.8,998.6,0,0,5,0.0,0,0.0,0
2025-11-25 04:01:30,1,57,17.7,97,1.8,998.5,0,0,5,0.0,0,0.0,0
2025-11-25 04:02:31,1,57,17.8,97,1.8,998.5,0,0,5,0.0,0,0.0,0
2025-11-25 04:03:32,1,57,17.8,97,1.8,998.7,0,0,5,0.0,0,0.0,0
2025-11-25 04:04:33,1,57,17.8,97,1.8,998.6,0,0,5,0.0,0,0.0,0
2025-11-25 04:05:34,1,57,17.8,97,1.8,998.6,0,0,5,0.0,0,0.0,0
2025-11-25 04:06:35,1,57,17.8,97,1.8,998.7,0,0,5,0.0,0,0.0,0
2025-11-25 04:07:36,1,57,17.8,97,1.9,998.5,0,0,5,0.0,0,0.0,0
2025-11-25 04:08:37,1,57,17.8,97,1.9,998.6,0,0,5,0.0,0,0.0,0
2025-11-25 04:09:38,1,57,17.8,97,1.9,998.6,0,0,5,0.0,0,0.0,0
2025-11-25 04:10:39,1,57,17.7,97,1.9,998.7,0,0,5,0.0,0,0.0,0
2025-11-25 04:11:40,1,57,17.7,97,1.9,998.7,0,0,5,0.0,0,0.0,0
2025-11-25 04:12:41,1,57,17.7,97,1.9,998.8,0,0,5,0.0,0,0.0,0
2025-11-25 04:13:42,1,57,17.7,97,1.9,998.8,0,0,5,0.0,0,0.0,0
2025-11-25 04:14:43,1,57,17.6,97,1.9,998.6,0,0,5,0.0,0,0.0,0
2025-11-25 04:15:44,1,57,17.6,97,1.9,998.6,0,0,5,0.0,0,0.0,0
2025-11-25 04:16:45,1,57,17.6,97,1.9,998.7,0,0,5,0.0,0,0.0,0
2025-11-25 04:17:46,1,57,17.5,97,1.9,998.8,0,0,5,0.0,0,0.0,0
2025-11-25 04:18:47,1,57,17.5,97,1.9,998.7,0,0,5,0.0,0,0.0,0
2025-11-25 04:19:48,1,57,17.5,97,1.8,998.9,0,0,5,0.0,0,0.0,0
2025-11-25 04:20:49,1,57,17.4,97,1.8,998.8,0,0,5,0.0,0,0.0,0
2025-11-25 04:21:50,1,57,17.4,97,1.8,999.0,0,0,5,0.0,0,0.0,0
2025-11-25 04:22:51,1,57,17.4,97,1.8,998.9,0,0,5,0.0,0,0.0,0
2025-11-25 04:23:52,1,57,17.3,97,1.8,998.9,0,0,5,0.0,0,0.0,0
2025-11-25 04:24:53,1,57,17.3,97,1.8,998.8,0,0,5,0.0,0,0.0,0
2025-11-25 04:25:54,1,57,17.3,97,1.8,998.9,0,0,5,0.0,0,0.0,0
2025-11-25 04:26:55,1,57,17.2,97,1.8,999.0,0,0,5,0.0,0,0.0,0
2025-11-25 04:27:56,1,57,17.2,97,1.8,999.0,0,0,5,0.0,0,0.0,0
2025-11-25 04:28:57,1,57,17.2,97,1.8,998.9,0,0,5,0.0,0,0.0,0
2025-11-25 04:29:58,1,57,17.1,97,1.8,999.0,0,0,5,0.0,0,0.0,0
2025-11-25 04:30:59,1,57,17.1,97,1.8,999.0,0,0,5,0.0,0,0.0,0
2025-11-25 04:32:00,1,57,17.1,97,1.8,999.1,0,0,5,0.0,0,0.0,0
2025-11-25 04:33:01,1,57,17.1,97,1.8,999.0,0,0,5,0.0,0,0.0,0
2025-11-25 04:34:02,1,58,17.0,97,1.8,999.0,0,0,5,0.0,0,0.0,0
2025-11-25 04:35:03,1,58,17.0,97,1.9,999.1,0,0,5,0.0,0,0.0,0
2025-11-25 04:36:04,1,58,17.0,97,1.9,999.1,0,0,5,0.0,0,0.0,0
2025-11-25 04:37:05,1,58,16.9,97,1.9,998.9,0,0,5,0.0,0,0.0,0
2025-11-25 04:38:06,1,58,16.9,97,1.9,998.9,0,0,5,0.0,0,0.0,0
2025-11-25 04:39:07,1,58,16.9,97,1.9,999.0,0,0,5,0.0,0,0.0,0
2025-11-25 04:40:08,1,58,16.9,97,1.9,999.0,0,0,5,0.0,0,0.0,0
2025-11-25 04:41:09,1,58,16.9,97,1.9,999.0,0,0,5,0.0,0,0.0,0
2025-11-25 04:42:10,1,58,16.8,97,1.9,999.1,0,0,5,0.0,0,0.0,0
2025-11-25 04:43:11,1,58,16.8,97,1.8,999.0,0,0,5,0.0,0,0.0,0
2025-11-25 04:44:12,1,58,16.8,97,1.8,999.0,0,0,5,0.0,0,0.0,0
2025-11-25 04:45:13,1,58,16.7,97,1.8,999.2,0,0,5,0.0,0,0.0,0
2025-11-25 04:46:14,1,58,16.7,97,1.8,999.1,0,0,5,0.0,0,0.0,0
2025-11-25 04:47:15,1,58,16.7,97,1.8,999.1,0,0,5,0.0,0,0.0,0
2025-11-25 04:48:16,1,58,16.7,97,1.8,999.1,0,0,5,0.0,0,0.0,0
2025-11-25 04:49:17,1,58,16.7,97,1.8,999.1,0,0,5,0.0,0,0.0,0
2025-11-25 04:50:18,1,58,16.7,97,1.9,999.3,0,0,5,0.0,0,0.0,0
2025-11-25 04:51:19,1,58,16.6,97,1.9,999.1,0,0,5,0.0,0,0.0,0
2025-11-25 04:52:20,1,58,16.6,97,1.9,999.1,0,0,5,0.0,0,0.0,0
2025-11-25 04:53:21,1,58,16.6,97,1.9,999.1,0,0,5,0.0,0,0.0,0
2025-11-25 04:54:22,1,58,16.6,97,1.9,999.1,0,0,5,0.0,0,0.0,0
2025-11-25 04:55:23,1,59,16.6,97,1.9,999.2,0,0,5,0.0,0,0.0,0
2025-11-25 04:56:24,1,59,16.6,97,1.9,999.1,0,0,5,0.0,0,0.0,0
2025-11-25 04:57:25,1,59,16.6,97,1.9,999.3,0,0,5,0.0,0,0.0,0
2025-11-25 04:58:26,1,59,16.6,97,1.9,999.4,0,0,5,0.0,0,0.0,0
2025-11-25 04:59:27,1,59,16.7,97,1.9,999.3,0,0,5,0.0,0,0.0,0
2025-11-25 05:00:28,1,59,16.7,97,1.9,999.2,0,0,5,0.0,0,0.0,0
2025-11-25 05:01:29,1,59,16.8,97,1.9,999.2,0,0,5,0.0,0,0.0,0
2025-11-25 05:02:30,1,59,16.9,97,1.8,999.2,0,0,5,0.0,0,0.0,0
2025-11-25 05:03:31,1,59,17.0,97,1.8,999.2,0,0,5,0.0,0,0.0,0
2025-11-25 05:04:32,1,59,17.1,97,1.8,999.2,0,0,5,0.0,0,0.0,0
2025-11-25 05:05:33,1,59,17.2,97,1.8,999.1,0,0,5,0.0,0,0.0,0
2025-11-25 05:06:34,1,59,17.2,97,1.8,999.3,0,0,5,0.0,0,0.0,0
2025-11-25 05:07:35,1,58,17.3,97,1.8,999.3,0,0,5,0.0,0,0.0,0
2025-11-25 05:08:36,1,58,17.4,97,1.7,999.2,0,0,5,0.0,0,0.0,0
2025-11-25 05:09:37,1,58,17.5,97,1.7,999.3,0,0,5,0.0,0,0.0,0
2025-11-25 05:10:38,1,58,17.5,97,1.7,999.3,0,0,5,0.0,0,0.0,0
2025-11-25 05:11:39,1,58,17.6,97,1.6,999.3,0,0,5,0.0,0,0.0,0
2025-11-25 05:12:40,1,57,17.6,97,1.6,999.4,0,0,5,0.0,0,0.0,0
2025-11-25 05:13:41,1,57,17.7,97,1.6,999.3,0,0,5,0.0,0,0.0,0
2025-11-25 05:14:42,1,57,17.8,97,1.6,999.5,0,0,5,0.0,0,0.0,0
2025-11-25 05:15:43,1,57,17.8,97,1.6,999.5,0,0,5,0.0,0,0.0,0
2025-11-25 05:16:44,1,57,17.8,97,1.7,999.5,0,0,5,0.0,0,0.0,0
2025-11-25 05:17:45,1,57,17.8,97,1.7,999.5,0,0,5,0.0,0,0.0,0
2025-11-25 05:18:46,1,57,17.9,97,1.7,999.6,0,0,5,0.0,0,0.0,0
2025-11-25 05:19:47,1,57,17.9,97,1.8,999.6,0,0,5,0.0,0,0.0,0
2025-11-25 05:20:48,1,57,17.8,97,1.8,999.7,0,0,5,0.0,0,0.0,0
2025-11-25 05:21:49,1,56,17.8,97,1.8,999.6,0,0,5,0.0,0,0.0,0
2025-11-25 05:22:50,1,56,17.8,97,1.8,999.7,0,0,5,0.0,0,0.0,0
2025-11-25 05:23:51,1,56,17.8,97,1.8,999.6,0,0,5,0.0,0,0.0,0
2025-11-25 05:24:52,1,56,17.8,97,1.8,999.6,0,0,5,0.0,0,0.0,0
2025-11-25 05:25:53,1,56,17.8,97,1.8,999.7,0,0,5,0.0,0,0.0,0
2025-11-25 05:26:54,1,56,17.8,97,1.8,999.7,0,0,5,0.0,0,0.0,0
2025-11-25 05:27:55,1,56,17.8,97,1.8,999.6,0,0,5,0.0,0,0.0,0
2025-11-25 05:28:56,1,56,17.7,97,1.8,999.7,0,0,5,0.0,0,0.0,0
2025-11-25 05:29:57,1,56,17.7,97,1.8,999.7,0,0,5,0.0,0,0.0,0
2025-11-25 05:30:58,1,56,17.7,97,1.8,999.5,0,0,5,0.0,0,0.0,0
2025-11-25 05:31:59,1,56,17.6,97,1.9,999.5,0,0,5,0.0,0,0.0,0
2025-11-25 05:33:00,1,56,17.6,97,1.9,999.7,0,0,5,0.0,0,0.0,0
2025-11-25 05:34:01,1,56,17.5,97,1.9,999.8,0,0,5,0.0,0,0.0,0
2025-11-25 05:35:02,1,56,17.5,97,1.9,999.7,0,0,5,0.0,0,0.0,0
2025-11-25 05:36:03,1,56,17.5,97,1.8,999.9,0,0,5,0.0,0,0.0,0
2025-11-25 05:37:04,1,56,17.5,97,1.8,999.9,0,0,5,0.0,0,0.0,0
2025-11-25 05:38:05,1,57,17.4,97,1.8,999.8,0,0,5,0.0,0,0.0,0
2025-11-25 05:39:06,1,57,17.4,97,1.8,999.9,0,0,5,0.0,0,0.0,0
2025-11-25 05:40:07,1,57,17.4,97,1.8,999.8,0,0,5,0.0,0,0.0,0
2025-11-25 05:41:08,1,57,17.3,97,1.8,999.9,0,0,5,0.0,0,0.0,0
2025-11-25 05:42:09,1,57,17.3,97,1.8,1000.0,0,0,5,0.0,0,0.0,0
2025-11-25 05:43:10,1,57,17.3,97,1.8,999.9,0,0,6,0.0,0,0.0,0
2025-11-25 05:44:11,1,57,17.2,97,1.8,999.9,0,0,6,0.0,0,0.0,0
2025-11-25 05:45:12,1,57,17.2,97,1.8,999.8,0,0,6,0.0,0,0.0,0
2025-11-25 05:46:13,1,57,17.2,97,1.8,999.9,0,0,6,0.0,0,0.0,0
2025-11-25 05:47:14,1,57,17.1,97,1.8,999.9,0,0,6,0.0,0,0.0,0
2025-11-25 05:48:15,1,57,17.1,97,1.8,999.7,0,0,6,0.0,0,0.0,0
2025-11-25 05:49:16,1,57,17.1,97,1.8,999.9,0,0,6,0.0,0,0.0,0
2025-11-25 05:50:17,1,57,17.0,97,1.8,1000.0,0,0,6,0.0,0,0.0,0
2025-11-25 05:51:18,1,57,17.0,97,1.8,1000.0,0,0,6,0.0,0,0.0,0
2025-11-25 05:52:19,1,57,17.0,97,1.8,1000.0,0,1,6,0.0,0,0.0,0
2025-11-25 05:53:20,1,57,16.9,97,1.8,1000.1,1,1,6,0.0,0,0.0,0
2025-11-25 05:54:21,1,57,16.9,97,1.8,1000.2,0,1,7,0.0,0,0.0,0
2025-11-25 05:55:22,1,57,16.9,97,1.8,1000.2,1,1,15,0.0,0,0.0,0
2025-11-25 05:56:23,1,57,16.9,97,1.9,1000.1,0,1,14,0.0,0,0.0,0
2025-11-25 05:57:24,1,57,16.9,97,1.9,1000.1,0,1,17,0.0,0,0.0,0
2025-11-25 05:58:25,1,57,16.8,97,1.9,1000.3,1,1,23,0.0,0,0.0,0
2025-11-25 05:59:26,1,57,16.8,97,1.9,1000.3,0,3,32,0.0,0,0.0,0
2025-11-25 06:00:27,1,57,16.8,97,1.9,1000.3,2,3,39,0.0,0,0.0,0
2025-11-25 06:01:28,1,58,16.7,97,1.9,1000.1,1,3,39,0.0,0,0.0,0
2025-11-25 06:02:29,1,58,16.7,97,1.9,1000.4,0,1,40,0.0,0,0.0,0
2025-11-25 06:03:30,1,58,16.7,97,1.9,1000.3,1,1,39,0.0,0,0.0,0
2025-11-25 06:04:31,1,58,16.7,97,1.9,1000.4,1,1,37,0.0,0,0.0,0
2025-11-25 06:05:32,1,58,16.7,97,1.9,1000.3,1,3,25,0.0,0,0.0,0
2025-11-25 06:06:33,1,58,16.7,97,1.9,1000.3,0,3,27,0.0,0,0.0,0
2025-11-25 06:07:34,1,58,16.7,97,1.9,1000.3,0,1,26,0.0,0,0.0,0
2025-11-25 06:08:35,1,58,16.7,97,1.9,1000.3,0,1,26,0.0,0,0.0,0
2025-11-25 06:09:36,1,59,16.8,97,1.9,1000.4,0,0,26,0.0,0,0.0,0
2025-11-25 06:10:37,1,59,16.9,97,1.9,1000.3,1,3,26,0.0,0,0.0,0
2025-11-25 06:11:38,1,58,17.0,97,1.8,1000.4,0,3,26,0.0,0,0.0,0
2025-11-25 06:12:39,1,58,17.2,97,1.8,1000.6,1,1,30,0.0,0,0.0,0
2025-11-25 06:13:40,1,58,17.3,97,1.8,1000.6,0,3,36,0.0,0,0.0,0
2025-11-25 06:14:41,1,58,17.4,97,1.8,1000.3,0,3,35,0.0,0,0.0,0
2025-11-25 06:15:42,1,57,17.6,97,1.7,1000.4,3,3,43,0.0,0,0.0,0
2025-11-25 06:16:43,1,57,17.8,97,1.7,1000.4,1,3,39,0.0,0,0.0,0
2025-11-25 06:17:44,1,57,17.8,97,1.7,1000.4,3,3,42,0.0,0,0.0,0
2025-11-25 06:18:45,1,56,18.0,97,1.7,1000.5,0,3,35,0.0,0,0.0,0
2025-11-25 06:19:46,1,56,18.1,97,1.6,1000.5,0,3,36,0.0,0,0.0,0
2025-11-25 06:20:47,1,56,18.2,97,1.6,1000.5,1,1,34,0.0,0,0.0,0
2025-11-25 06:21:48,1,55,18.2,97,1.6,1000.7,2,3,31,0.0,0,0.0,0
2025-11-25 06:22:49,1,55,18.3,97,1.6,1000.7,3,3,27,0.0,0,0.0,0
2025-11-25 06:23:50,1,55,18.3,97,1.5,1000.6,2,3,33,0.0,0,0.0,0
2025-11-25 06:24:51,1,55,18.3,97,1.5,1000.8,1,3,35,0.0,0,0.0,0
2025-11-25 06:25:52,1,55,18.3,97,1.5,1000.7,1,3,35,0.0,0,0.0,0
2025-11-25 06:26:53,1,55,18.3,97,1.5,1000.6,1,1,35,0.0,0,0.0,0
2025-11-25 06:27:54,1,54,18.3,97,1.4,1000.8,0,1,35,0.0,0,0.0,0
2025-11-25 06:28:55,1,54,18.3,97,1.4,1000.7,0,0,35,0.0,0,0.0,0
2025-11-25 06:29:56,1,54,18.3,97,1.4,1000.7,0,0,35,0.0,0,0.0,0
2025-11-25 06:30:57,1,54,18.3,97,1.4,1000.7,0,0,35,0.0,0,0.0,0
2025-11-25 06:31:58,1,54,18.2,97,1.4,1000.8,0,0,35,0.0,0,0.0,0
2025-11-25 06:32:59,1,54,18.2,97,1.4,1000.6,0,0,35,0.0,0,0.0,0
2025-11-25 06:34:00,1,54,18.1,97,1.4,1000.7,0,0,35,0.0,0,0.0,0
2025-11-25 06:35:01,1,54,18.1,97,1.4,1000.7,1,1,36,0.0,0,0.0,0
2025-11-25 06:36:02,1,54,18.1,97,1.4,1000.6,1,1,35,0.0,0,0.0,0
2025-11-25 06:37:03,1,54,18.1,97,1.4,1000.8,1,3,31,0.0,0,0.0,0
2025-11-25 06:38:04,1,54,18.0,97,1.5,1000.8,0,3,29,0.0,0,0.0,0
2025-11-25 06:39:05,1,54,18.0,97,1.5,1000.9,0,3,29,0.0,0,0.0,0
2025-11-25 06:40:06,1,55,17.9,98,1.5,1001.0,1,3,29,0.0,0,0.0,0
2025-11-25 06:41:07,1,55,17.9,98,1.5,1000.9,1,3,28,0.0,0,0.0,0
2025-11-25 06:42:08,1,55,17.8,98,1.5,1000.7,0,1,28,0.0,0,0.0,0
2025-11-25 06:43:09,1,55,17.8,97,1.5,1000.9,0,1,28,0.0,0,0.0,0
2025-11-25 06:44:10,1,55,17.8,98,1.6,1000.9,1,1,28,0.0,0,0.0,0
2025-11-25 06:45:11,1,55,17.7,97,1.6,1000.8,1,1,27,0.0,0,0.0,0
2025-11-25 06:46:12,1,55,17.7,98,1.6,1001.0,0,1,27,0.0,0,0.0,0
2025-11-25 06:47:13,1,55,17.6,98,1.6,1001.0,0,1,27,0.0,0,0.0,0
2025-11-25 06:48:14,1,55,17.6,98,1.6,1001.0,2,3,27,0.0,0,0.1,0
2025-11-25 06:49:15,1,55,17.6,98,1.6,1000.9,2,3,37,0.0,0,0.1,0
2025-11-25 06:50:16,1,55,17.5,98,1.6,1001.1,1,3,32,0.0,0,0.1,0
2025-11-25 06:51:17,1,55,17.5,98,1.7,1001.1,0,3,27,0.0,0,0.1,0
2025-11-25 06:52:18,1,55,17.4,98,1.7,1000.9,0,3,28,0.0,0,0.1,0
2025-11-25 06:53:19,1,55,17.4,98,1.7,1001.0,0,1,27,0.0,0,0.1,0
2025-11-25 06:54:20,1,55,17.4,98,1.7,1000.9,0,1,27,0.0,0,0.1,0
2025-11-25 06:55:21,1,55,17.3,98,1.7,1000.9,0,0,27,0.0,0,0.2,0
2025-11-25 06:56:22,1,55,17.3,98,1.7,1001.1,0,0,27,0.0,0,0.2,0
2025-11-25 06:57:23,1,55,17.2,98,1.7,1001.2,0,1,28,0.0,0,0.3,0
2025-11-25 06:58:24,1,55,17.2,98,1.7,1000.9,0,1,28,0.0,0,0.3,0
2025-11-25 06:59:25,1,55,17.2,98,1.7,1001.1,0,0,28,0.0,0,0.3,0
2025-11-25 07:00:26,1,56,17.1,98,1.7,1001.1,0,0,28,0.0,0,0.4,0
2025-11-25 07:01:27,1,56,17.1,98,1.7,1001.2,0,0,28,0.0,0,0.5,0
2025-11-25 07:02:28,1,56,17.1,98,1.7,1001.1,0,0,28,0.0,0,0.5,0
2025-11-25 07:03:29,1,56,17.0,98,1.7,1001.3,0,0,28,0.0,0,0.6,0
2025-11-25 07:04:30,1,56,17.0,98,1.7,1001.3,0,1,25,0.0,0,0.7,0
2025-11-25 07:05:31,1,56,17.0,98,1.7,1001.4,0,1,18,0.0,0,0.8,0
2025-11-25 07:06:32,1,56,17.0,98,1.7,1001.4,3,3,21,0.0,0,0.9,0
2025-11-25 07:07:33,1,56,16.9,98,1.7,1001.5,3,5,7,0.0,0,1.0,0
2025-11-25 07:08:34,1,56,16.9,98,1.7,1001.5,2,5,20,0.0,0,1.1,0
2025-11-25 07:09:35,1,56,16.9,98,1.7,1001.4,4,5,28,0.0,0,1.2,0
2025-11-25 07:10:36,1,56,16.8,98,1.6,1001.5,1,5,33,0.0,0,1.3,0
2025-11-25 07:11:37,1,56,16.8,98,1.6,1001.6,2,3,37,0.0,0,1.5,0
2025-11-25 07:12:38,1,56,16.8,98,1.6,1001.6,1,5,32,0.0,0,1.7,0
2025-11-25 07:13:39,1,56,16.8,98,1.6,1001.6,1,3,26,0.0,0,1.9,0
2025-11-25 07:14:40,1,56,16.7,98,1.5,1001.7,3,5,29,0.0,0,2.0,0
2025-11-25 07:15:41,1,56,16.7,98,1.5,1001.6,1,5,24,0.0,0,2.2,0
2025-11-25 07:16:42,1,56,16.7,98,1.5,1001.6,0,1,24,0.0,0,2.5,0
2025-11-25 07:17:43,1,56,16.7,98,1.5,1001.6,0,0,24,0.0,0,2.7,0
2025-11-25 07:18:44,1,56,16.6,98,1.5,1001.6,0,0,24,0.0,0,2.8,0
2025-11-25 07:19:45,1,56,16.6,98,1.5,1001.6,0,1,24,0.0,0,3.0,0
2025-11-25 07:20:46,1,56,16.6,98,1.5,1001.7,1,1,24,0.0,0,3.3,0
2025-11-25 07:21:47,1,56,16.6,98,1.5,1001.6,0,1,24,0.0,0,3.6,0
2025-11-25 07:22:48,1,57,16.5,98,1.5,1001.6,0,0,24,0.0,0,3.9,0
2025-11-25 07:23:49,1,57,16.6,98,1.5,1001.7,0,0,24,0.0,0,4.2,0
2025-11-25 07:24:50,1,57,16.6,98,1.5,1001.7,0,0,24,0.0,0,4.5,0
2025-11-25 07:25:51,1,57,16.6,98,1.5,1001.7,0,0,25,0.0,0,4.9,0
2025-11-25 07:26:52,1,58,16.7,98,1.5,1001.7,1,1,27,0.0,0,5.3,0
2025-11-25 07:27:53,1,58,16.8,98,1.5,1001.8,0,1,27,0.0,0,5.7,0
2025-11-25 07:28:54,1,57,16.9,98,1.5,1001.8,0,1,29,0.0,0,6.2,0
2025-11-25 07:29:55,1,57,17.1,98,1.5,1001.9,0,1,29,0.0,0,6.5,0
2025-11-25 07:30:56,1,57,17.3,98,1.5,1001.8,0,1,28,0.0,0,6.3,0
2025-11-25 07:31:57,1,56,17.4,98,1.5,1002.0,0,1,28,0.0,0,5.8,0
2025-11-25 07:32:58,1,56,17.6,98,1.5,1002.1,1,1,16,0.0,0,5.9,0
2025-11-25 07:33:59,1,56,17.7,98,1.6,1002.0,2,3,34,0.0,0,6.3,0
2025-11-25 07:35:00,1,56,17.8,98,1.6,1002.1,2,3,7,0.0,0,6.5,0
2025-11-25 07:36:01,1,55,18.0,98,1.6,1002.3,0,3,12,0.0,0,6.9,0
2025-11-25 07:37:02,1,55,18.1,98,1.6,1002.0,1,1,34,0.0,0,7.7,0
2025-11-25 07:38:03,1,55,18.2,98,1.6,1002.1,1,5,20,0.0,0,7.7,0
2025-11-25 07:39:04,1,55,18.2,98,1.6,1002.1,0,5,16,0.0,0,7.6,0
2025-11-25 07:40:05,1,54,18.3,98,1.6,1002.2,1,3,19,0.0,0,7.6,0
2025-11-25 07:41:06,1,54,18.3,98,1.6,1002.2,0,3,19,0.0,0,6.7,0
2025-11-25 07:42:07,1,54,18.4,98,1.7,1002.0,1,3,24,0.0,0,7.0,0
2025-11-25 07:43:08,1,53,18.4,98,1.7,1002.1,1,3,24,0.0,0,7.9,0
2025-11-25 07:44:09,1,54,18.4,98,1.7,1002.3,0,3,25,0.0,0,9.2,0
2025-11-25 07:45:10,1,53,18.4,98,1.7,1002.4,0,1,25,0.0,0,10.4,0
2025-11-25 07:46:11,1,53,18.4,98,1.7,1002.3,1,1,24,0.0,0,12.2,0
2025-11-25 07:47:12,1,53,18.4,98,1.7,1002.3,0,1,24,0.0,0,13.6,0
2025-11-25 07:48:13,1,53,18.3,98,1.7,1002.3,1,1,24,0.0,0,14.9,0
2025-11-25 07:49:14,1,53,18.3,98,1.7,1002.3,0,1,24,0.0,0,16.2,0
2025-11-25 07:50:15,1,53,18.3,98,1.7,1002.3,0,0,24,0.0,0,16.3,0
2025-11-25 07:51:16,1,53,18.3,98,1.8,1002.3,0,1,24,0.0,0,16.4,0
2025-11-25 07:52:17,1,53,18.2,98,1.8,1002.3,0,0,19,0.0,0,16.9,0
2025-11-25 07:53:18,1,54,18.2,98,1.8,1002.3,0,0,19,0.0,0,18.1,0
2025-11-25 07:54:19,1,54,18.2,98,1.9,1002.2,0,0,19,0.0,0,18.8,0
2025-11-25 07:55:20,1,54,18.1,98,1.9,1002.2,0,1,19,0.0,0,20.5,0
2025-11-25 07:56:21,1,54,18.1,98,1.9,1002.3,0,1,19,0.0,0,22.4,0
2025-11-25 07:57:22,1,54,18.0,98,1.9,1002.3,0,0,19,0.0,0,24.0,0
2025-11-25 07:58:23,1,54,18.0,98,1.9,1002.4,0,1,19,0.0,0,24.9,0
2025-11-25 07:59:24,1,54,18.0,98,1.9,1002.5,0,1,19,0.0,0,25.8,0
2025-11-25 08:00:25,1,54,17.9,98,2.0,1002.5,0,1,19,0.0,0,27.2,0
2025-11-25 08:01:26,1,54,17.9,98,2.0,1002.5,0,0,19,0.0,0,28.9,0
2025-11-25 08:02:27,1,54,17.8,98,2.1,1002.5,1,1,7,0.0,0,30.0,0
2025-11-25 08:03:28,1,54,17.8,98,2.1,1002.6,1,1,351,0.0,0,30.2,0
2025-11-25 08:04:29,1,54,17.7,98,2.1,1002.5,1,3,345,0.0,0,29.4,0
2025-11-25 08:05:30,1,54,17.7,98,2.1,1002.6,0,1,345,0.0,0,28.7,0
2025-11-25 08:06:31,1,54,17.7,98,2.1,1002.6,0,1,345,0.0,0,27.8,0
2025-11-25 08:07:32,1,54,17.7,98,2.1,1002.7,0,1,345,0.0,0,27.2,0
2025-11-25 08:08:33,1,54,17.6,98,2.2,1002.7,0,1,345,0.0,0,26.6,0
2025-11-25 08:09:34,1,55,17.6,98,2.2,1002.6,0,1,343,0.0,0,29.3,0
2025-11-25 08:10:35,1,55,17.5,98,2.2,1002.6,1,3,3,0.0,0,28.7,0
2025-11-25 08:11:36,1,55,17.5,98,2.2,1002.5,1,3,2,0.0,0,28.7,0
2025-11-25 08:12:37,1,55,17.4,98,2.2,1002.5,0,1,2,0.0,0,27.9,0
2025-11-25 08:13:38,1,55,17.4,98,2.3,1002.6,0,1,2,0.0,0,27.7,0
2025-11-25 08:14:39,1,55,17.4,98,2.3,1002.5,0,1,2,0.0,0,28.3,0
2025-11-25 08:15:40,1,55,17.3,98,2.3,1002.6,0,1,2,0.0,0,32.2,0
2025-11-25 08:16:41,1,55,17.3,98,2.4,1002.5,0,0,2,0.0,0,36.5,0
2025-11-25 08:17:42,1,55,17.3,98,2.4,1002.6,0,0,2,0.0,0,35.9,0
2025-11-25 08:18:43,1,55,17.2,98,2.5,1002.8,0,0,2,0.0,0,31.9,0
2025-11-25 08:19:44,1,55,17.2,98,2.5,1002.8,0,0,2,0.0,0,29.5,0
2025-11-25 08:20:45,1,55,17.2,98,2.5,1002.7,0,0,2,0.0,0,29.0,0
2025-11-25 08:21:46,1,55,17.1,98,2.5,1002.8,0,0,2,0.0,0,29.8,0
2025-11-25 08:22:47,1,56,17.1,98,2.5,1002.8,0,0,3,0.0,0,30.5,0
2025-11-25 08:23:48,1,56,17.1,98,2.6,1002.7,0,0,3,0.0,0,30.3,0
2025-11-25 08:24:49,1,56,17.1,98,2.6,1002.8,0,0,3,0.0,0,30.6,0
2025-11-25 08:25:50,1,56,17.0,98,2.6,1002.8,0,0,3,0.0,0,30.3,0
2025-11-25 08:26:51,1,56,17.0,98,2.6,1002.9,0,0,3,0.0,0,29.7,0
2025-11-25 08:27:52,1,56,17.0,98,2.6,1003.0,2,3,20,0.0,0,32.7,0
2025-11-25 08:28:53,1,56,16.9,98,2.6,1002.8,0,3,20,0.0,0,37.4,0
2025-11-25 08:29:54,1,56,16.9,98,2.6,1003.1,0,0,20,0.0,0,41.5,0
2025-11-25 08:30:55,1,56,16.9,98,2.7,1002.9,0,0,20,0.0,0,43.0,0
2025-11-25 08:31:56,1,56,16.9,98,2.7,1003.1,0,1,20,0.0,0,43.5,0
2025-11-25 08:32:57,1,56,16.8,98,2.7,1002.9,0,1,20,0.0,0,34.1,0
2025-11-25 08:33:58,1,56,16.8,98,2.8,1003.2,0,0,20,0.0,0,29.3,0
2025-11-25 08:34:59,1,56,16.8,98,2.8,1003.2,0,0,20,0.0,0,31.5,0
2025-11-25 08:36:00,1,57,16.8,98,2.8,1003.2,0,0,17,0.0,0,33.7,0
2025-11-25 08:37:01,1,57,16.8,98,2.9,1003.2,0,1,18,0.0,0,38.0,0
2025-11-25 08:38:02,1,57,16.8,98,2.9,1003.3,1,3,14,0.0,0,37.6,0
2025-11-25 08:39:03,1,57,16.7,98,2.9,1003.1,1,5,7,0.0,0,36.4,0
2025-11-25 08:40:04,1,57,16.7,98,2.9,1003.2,0,3,8,0.0,0,32.9,0
2025-11-25 08:41:05,1,57,16.7,98,3.0,1003.2,0,1,8,0.0,0,30.0,0
2025-11-25 08:42:06,1,57,16.7,98,3.0,1003.2,0,0,7,0.0,0,28.3,0
2025-11-25 08:43:07,1,57,16.7,98,3.0,1003.3,0,1,8,0.0,0,28.1,0
2025-11-25 08:44:08,1,57,16.7,98,3.1,1003.2,0,1,353,0.0,0,27.6,0
2025-11-25 08:45:09,1,57,16.6,98,3.2,1003.2,0,1,354,0.0,0,25.8,0
2025-11-25 08:46:10,1,57,16.6,98,3.3,1003.4,0,1,7,0.0,0,22.3,0
2025-11-25 08:47:11,1,58,16.6,98,3.3,1003.2,4,5,43,0.0,0,20.0,0
2025-11-25 08:48:12,1,58,16.6,98,3.4,1003.3,0,5,348,0.0,0,18.2,0
2025-11-25 08:49:13,1,58,16.7,98,3.5,1003.5,0,9,16,0.0,0,16.8,0
2025-11-25 08:50:14,1,59,16.8,98,3.6,1003.4,8,11,2,0.0,0,20.8,0
2025-11-25 08:51:15,1,59,16.9,98,3.7,1003.4,2,11,26,0.0,0,21.4,0
2025-11-25 08:52:16,1,58,17.0,98,3.8,1003.4,1,5,43,0.0,0,22.8,0
2025-11-25 08:53:17,1,58,17.2,98,3.9,1003.3,1,9,11,0.0,0,20.7,0
2025-11-25 08:54:18,1,58,17.3,98,4.0,1003.4,2,7,5,0.0,0,19.8,0
2025-11-25 08:55:19,1,57,17.4,98,4.1,1003.4,5,9,38,0.0,0,22.4,0
2025-11-25 08:56:20,1,57,17.6,98,4.2,1003.4,3,11,55,0.0,0,24.9,0
2025-11-25 08:57:21,1,57,17.7,98,4.2,1003.6,11,18,22,0.0,0,30.2,0
2025-11-25 08:58:22,1,56,17.8,98,4.3,1003.6,5,18,22,0.0,0,26.0,0
2025-11-25 08:59:23,1,56,18.0,98,4.3,1003.6,1,9,20,0.0,0,26.2,0
2025-11-25 09:00:24,1,56,18.1,98,4.3,1003.6,2,7,15,0.0,0,30.6,0
2025-11-25 09:01:25,1,56,18.1,98,4.4,1003.5,6,11,21,0.0,0,25.4,0
2025-11-25 09:02:26,1,55,18.2,98,4.4,1003.7,8,12,341,0.0,0,27.9,0
2025-11-25 09:03:27,1,55,18.3,98,4.4,1003.7,3,12,31,0.0,0,26.7,0
2025-11-25 09:04:28,1,55,18.4,98,4.4,1003.6,0,11,47,0.0,0,21.9,0
2025-11-25 09:05:29,1,55,18.4,98,4.5,1003.7,8,11,11,0.0,0,21.3,0
2025-11-25 09:06:30,1,54,18.4,98,4.5,1003.9,8,16,48,0.0,0,16.8,0
2025-11-25 09:07:31,1,54,18.5,98,4.5,1003.7,5,16,21,0.0,0,12.8,0
2025-11-25 09:08:32,1,54,18.5,98,4.5,1003.7,4,9,27,0.0,0,12.2,0
2025-11-25 09:09:33,1,54,18.5,98,4.5,1004.1,8,16,18,0.0,0,10.9,0
2025-11-25 09:10:34,1,54,18.5,98,4.5,1004.0,7,16,27,0.0,0,10.4,0
2025-11-25 09:11:35,1,54,18.4,98,4.6,1003.9,6,14,19,0.0,0,10.1,0
2025-11-25 09:12:36,1,54,18.4,98,4.6,1004.1,6,11,68,0.0,0,11.1,0
2025-11-25 09:13:37,1,54,18.4,98,4.6,1004.1,3,12,17,0.0,0,12.7,0
2025-11-25 09:14:38,1,54,18.4,98,4.6,1004.0,10,12,30,0.0,0,13.7,0
2025-11-25 09:15:39,1,54,18.3,98,4.6,1003.9,4,11,359,0.0,0,13.7,0
2025-11-25 09:16:40,1,54,18.3,98,4.6,1004.0,0,5,36,0.0,0,16.0,0
2025-11-25 09:17:41,1,54,18.3,98,4.6,1004.1,2,5,41,0.0,0,19.2,0
2025-11-25 09:18:42,1,54,18.2,98,4.6,1004.0,3,9,38,0.0,0,21.5,0
2025-11-25 09:19:43,1,54,18.2,98,4.6,1004.0,3,9,32,0.0,0,25.4,0
2025-11-25 09:20:44,1,54,18.1,98,4.6,1004.2,6,11,14,0.0,0,26.2,0
2025-11-25 09:21:45,1,54,18.1,98,4.6,1004.2,2,11,15,0.0,0,33.1,0
2025-11-25 09:22:46,1,54,18.0,98,4.6,1004.3,0,7,31,0.0,0,38.8,0
2025-11-25 09:23:47,1,54,18.0,98,4.6,1004.3,2,5,37,0.0,0,43.7,0
2025-11-25 09:24:48,1,54,17.9,98,4.6,1004.2,2,5,40,0.0,0,34.7,0
2025-11-25 09:25:49,1,54,17.9,98,4.6,1004.3,4,5,28,0.0,0,33.3,0
2025-11-25 09:26:50,1,54,17.8,98,4.6,1004.3,4,5,39,0.0,0,26.3,0
2025-11-25 09:27:51,1,54,17.8,98,4.6,1004.4,3,12,28,0.0,0,33.7,0
2025-11-25 09:28:52,1,55,17.8,98,4.6,1004.4,6,11,24,0.0,0,32.5,0
2025-11-25 09:29:53,1,55,17.7,98,4.6,1004.5,2,11,32,0.0,0,30.8,0
2025-11-25 09:30:54,1,55,17.7,98,4.6,1004.4,4,9,16,0.0,0,27.0,0
2025-11-25 09:31:55,1,55,17.6,98,4.6,1004.4,2,5,25,0.0,0,28.6,0
2025-11-25 09:32:56,1,55,17.6,98,4.6,1004.6,4,11,38,0.0,0,34.4,0
2025-11-25 09:33:57,1,55,17.6,98,4.6,1004.5,4,11,27,0.0,0,32.0,0
2025-11-25 09:34:58,1,55,17.5,98,4.5,1004.4,6,9,25,0.0,0,38.8,0
2025-11-25 09:35:59,1,55,17.5,98,4.5,1004.6,3,7,16,0.0,0,46.2,0
2025-11-25 09:37:00,1,55,17.4,98,4.5,1004.7,8,11,29,0.0,0,48.1,0
2025-11-25 09:38:01,1,55,17.4,98,4.5,1004.6,1,9,34,0.0,0,55.2,0
2025-11-25 09:39:02,1,55,17.4,98,4.5,1004.5,1,7,33,0.0,0,53.4,0
2025-11-25 09:40:03,1,55,17.3,98,4.5,1004.7,3,7,24,0.0,0,46.8,0
2025-11-25 09:41:04,1,55,17.3,98,4.5,1004.7,2,7,66,0.0,0,41.5,0
2025-11-25 09:42:05,1,55,17.3,98,4.5,1004.7,2,5,54,0.0,0,41.9,0
2025-11-25 09:43:06,1,55,17.2,98,4.6,1004.6,4,7,31,0.0,0,56.8,0
2025-11-25 09:44:07,1,55,17.2,98,4.6,1004.7,0,7,13,0.0,0,61.1,0
2025-11-25 09:45:08,1,55,17.1,98,4.6,1004.8,4,7,28,0.0,0,59.6,0
2025-11-25 09:46:09,1,56,17.1,98,4.6,1004.8,3,7,36,0.0,0,67.4,0
2025-11-25 09:47:10,1,56,17.1,98,4.6,1004.9,3,9,36,0.0,0,72.7,0
2025-11-25 09:48:11,1,56,17.1,98,4.7,1004.7,3,5,43,0.0,0,78.0,0
2025-11-25 09:49:12,1,56,17.0,98,4.7,1004.8,3,5,42,0.0,0,84.1,0
2025-11-25 09:50:13,1,56,17.0,98,4.7,1004.7,2,5,24,0.0,0,88.0,0
2025-11-25 09:51:14,1,56,17.0,98,4.8,1004.8,2,7,22,0.0,0,86.5,0
2025-11-25 09:52:15,1,56,16.9,98,4.8,1004.7,0,3,23,0.0,0,80.0,0
2025-11-25 09:53:16,1,56,16.9,98,4.9,1005.0,1,5,27,0.0,0,65.3,0
2025-11-25 09:54:17,1,56,16.9,98,4.9,1005.0,0,9,25,0.0,0,53.5,0
2025-11-25 09:55:18,1,56,16.9,98,4.9,1005.0,3,7,38,0.0,0,39.2,0
2025-11-25 09:56:19,1,56,16.9,98,5.0,1004.9,1,5,13,0.0,0,32.0,0
2025-11-25 09:57:20,1,56,16.8,98,5.0,1005.0,3,9,68,0.0,0,29.4,0
2025-11-25 09:58:21,1,56,16.8,98,5.0,1005.1,6,9,25,0.0,0,29.5,0
2025-11-25 09:59:22,1,56,16.8,98,5.1,1005.0,7,12,35,0.0,0,31.6,0
2025-11-25 10:00:23,1,56,16.8,98,5.1,1005.0,4,12,51,0.0,0,31.3,0
2025-11-25 10:01:24,1,56,16.7,98,5.1,1005.0,3,11,1,0.0,0,31.9,0
2025-11-25 10:02:25,1,56,16.7,98,5.1,1005.2,2,5,44,0.0,0,30.7,0
2025-11-25 10:03:26,1,56,16.7,98,5.1,1004.9,9,12,20,0.0,0,30.8,0
2025-11-25 10:04:27,1,56,16.7,98,5.2,1005.2,5,12,31,0.0,0,33.5,0
2025-11-25 10:05:28,1,56,16.6,98,5.2,1005.1,4,12,26,0.0,0,36.1,0
2025-11-25 10:06:29,1,56,16.6,98,5.2,1005.2,3,12,44,0.0,0,35.7,0
2025-11-25 10:07:30,1,56,16.6,98,5.2,1005.3,3,7,36,0.0,0,32.5,0
2025-11-25 10:08:31,1,57,16.6,98,5.2,1005.4,2,7,14,0.0,0,32.3,0
2025-11-25 10:09:32,1,57,16.6,98,5.2,1005.3,5,5,38,0.0,0,34.7,0
2025-11-25 10:10:33,1,57,16.6,98,5.2,1005.3,0,5,45,0.0,0,37.1,0
2025-11-25 10:11:34,1,57,16.6,98,5.3,1005.3,5,5,29,0.0,0,40.7,0
2025-11-25 10:12:35,1,57,16.6,98,5.3,1005.3,0,5,15,0.0,0,44.4,0
2025-11-25 10:13:36,1,57,16.6,98,5.3,1005.5,2,3,20,0.0,0,47.0,0
2025-11-25 10:14:37,1,58,16.7,98,5.3,1005.3,6,9,23,0.0,0,52.8,0
2025-11-25 10:15:38,1,58,16.8,98,5.3,1005.4,1,9,23,0.0,0,60.7,0
2025-11-25 10:16:39,1,57,16.9,98,5.3,1005.3,5,9,37,0.0,0,61.8,0
2025-11-25 10:17:40,1,57,17.1,98,5.3,1005.5,10,12,38,0.0,0,63.0,0
2025-11-25 10:18:41,1,57,17.2,98,5.3,1005.5,3,12,22,0.0,0,67.0,0
2025-11-25 10:19:42,1,57,17.4,98,5.4,1005.4,3,9,23,0.0,0,75.1,0
2025-11-25 10:20:43,1,56,17.6,98,5.4,1005.5,2,5,0,0.0,0,86.5,0
2025-11-25 10:21:44,1,56,17.6,98,5.4,1005.5,2,5,15,0.0,0,93.2,0
2025-11-25 10:22:45,1,55,17.9,98,5.4,1005.5,4,5,23,0.0,0,103.8,1
2025-11-25 10:23:46,1,55,18.0,98,5.5,1005.5,2,7,20,0.0,0,108.7,1
2025-11-25 10:24:47,1,55,18.1,98,5.5,1005.4,1,11,350,0.0,0,112.5,1
2025-11-25 10:25:48,1,55,18.1,98,5.5,1005.5,5,11,13,0.0,0,116.6,1
2025-11-25 10:26:49,1,55,18.2,98,5.5,1005.5,1,7,24,0.0,0,122.6,1
2025-11-25 10:27:50,1,54,18.3,98,5.6,1005.4,3,7,14,0.0,0,129.4,1
2025-11-25 10:28:51,1,54,18.3,98,5.6,1005.5,8,12,36,0.0,0,137.2,1
2025-11-25 10:29:52,1,54,18.4,98,5.6,1005.4,1,12,43,0.0,0,142.6,1
2025-11-25 10:30:53,1,54,18.4,98,5.6,1005.5,5,11,56,0.0,0,147.0,1
2025-11-25 10:31:54,1,54,18.4,98,5.6,1005.5,7,9,35,0.0,0,147.2,1
2025-11-25 10:32:55,1,54,18.4,98,5.7,1005.5,4,11,3,0.0,0,143.0,1
2025-11-25 10:33:56,1,53,18.4,98,5.7,1005.5,6,11,36,0.0,0,136.3,1
2025-11-25 10:34:57,1,53,18.4,98,5.7,1005.4,4,9,22,0.0,0,133.5,1
2025-11-25 10:35:58,1,53,18.4,98,5.8,1005.5,5,9,45,0.0,0,133.6,1
2025-11-25 10:36:59,1,53,18.4,98,5.8,1005.6,2,9,6,0.0,0,134.3,1
2025-11-25 10:38:00,1,53,18.4,98,5.8,1005.5,1,3,41,0.0,0,131.6,1
2025-11-25 10:39:01,1,53,18.3,98,5.9,1005.5,2,5,44,0.0,0,123.6,1
2025-11-25 10:40:02,1,53,18.3,98,5.9,1005.3,5,9,67,0.0,0,119.0,1
2025-11-25 10:41:03,1,53,18.3,98,6.0,1005.5,5,11,48,0.0,0,117.0,1
2025-11-25 10:42:04,1,53,18.2,98,6.0,1005.5,0,11,49,0.0,0,115.4,1
2025-11-25 10:43:05,1,53,18.2,98,6.0,1005.5,4,7,27,0.0,0,115.9,1
2025-11-25 10:44:06,1,53,18.2,98,6.0,1005.4,3,7,6,0.0,0,118.2,1
2025-11-25 10:45:07,1,54,18.1,98,6.0,1005.5,3,5,41,0.0,0,120.9,1
2025-11-25 10:46:08,1,54,18.1,98,6.1,1005.5,7,9,38,0.0,0,122.6,1
2025-11-25 10:47:09,1,54,18.0,98,6.1,1005.4,0,9,23,0.0,0,127.3,1
2025-11-25 10:48:10,1,54,18.0,98,6.1,1005.5,0,7,355,0.0,0,133.4,1
2025-11-25 10:49:11,1,54,17.9,98,6.1,1005.6,1,7,31,0.0,0,134.8,1
2025-11-25 10:50:12,1,54,17.9,98,6.1,1005.7,2,5,49,0.0,0,130.3,1
2025-11-25 10:51:13,1,54,17.9,98,6.2,1005.4,0,5,43,0.0,0,122.8,1
2025-11-25 10:52:14,1,54,17.8,98,6.2,1005.4,0,3,40,0.0,0,113.1,1
2025-11-25 10:53:15,1,54,17.8,98,6.2,1005.4,1,3,0,0.0,0,103.0,1
2025-11-25 10:54:16,1,54,17.8,98,6.3,1005.4,0,3,38,0.0,0,95.1,0
2025-11-25 10:55:17,1,54,17.8,98,6.3,1005.4,5,7,35,0.0,0,90.9,0
2025-11-25 10:56:18,1,54,17.7,98,6.3,1005.6,7,12,349,0.0,0,91.0,0
2025-11-25 10:57:19,1,55,17.7,98,6.2,1005.6,0,12,8,0.0,0,92.1,0
2025-11-25 10:58:20,1,55,17.6,98,6.2,1005.7,0,5,44,0.0,0,94.5,0
2025-11-25 10:59:21,1,55,17.6,98,6.2,1005.6,2,3,3,0.0,0,96.4,0
2025-11-25 11:00:22,1,55,17.6,98,6.2,1005.7,0,5,25,0.0,0,97.7,0
2025-11-25 11:01:23,1,55,17.6,98,6.2,1005.6,0,3,20,0.0,0,98.2,0
2025-11-25 11:02:24,1,55,17.5,98,6.2,1005.5,5,7,25,0.0,0,98.3,0
2025-11-25 11:03:25,1,55,17.5,98,6.2,1005.6,6,9,43,0.0,0,98.2,0
2025-11-25 11:04:26,1,56,17.4,97,6.2,1005.6,3,7,17,0.0,0,98.0,0
2025-11-25 11:05:27,1,56,17.4,97,6.2,1005.5,0,5,23,0.0,0,98.3,0
2025-11-25 11:06:28,1,56,17.4,98,6.2,1005.4,1,7,21,0.0,0,100.6,0
2025-11-25 11:07:29,1,56,17.3,97,6.2,1005.6,2,9,12,0.0,0,102.6,1
2025-11-25 11:08:30,1,56,17.3,97,6.2,1005.6,5,9,20,0.0,0,105.6,1
2025-11-25 11:09:31,1,56,17.3,97,6.2,1005.8,5,9,24,0.0,0,109.1,1
2025-11-25 11:10:32,1,57,17.3,97,6.2,1005.6,3,9,299,0.0,0,113.8,1
2025-11-25 11:11:33,1,57,17.2,97,6.2,1005.7,5,7,10,0.0,0,119.8,1
2025-11-25 11:12:34,1,57,17.2,97,6.2,1005.8,4,7,2,0.0,0,123.1,1
2025-11-25 11:13:35,1,57,17.2,97,6.3,1005.8,2,7,4,0.0,0,125.4,1
2025-11-25 11:14:36,1,57,17.1,97,6.3,1005.7,3,7,327,0.0,0,126.9,1
2025-11-25 11:15:37,1,57,17.1,97,6.3,1005.9,1,9,14,0.0,0,128.0,1
2025-11-25 11:16:38,1,57,17.1,97,6.3,1005.8,1,9,20,0.0,0,131.7,1
2025-11-25 11:17:39,1,57,17.1,97,6.3,1005.7,4,12,24,0.0,0,135.6,1
2025-11-25 11:18:40,1,58,17.0,97,6.3,1005.8,4,12,16,0.0,0,138.0,1
2025-11-25 11:19:41,1,58,17.0,97,6.3,1005.7,3,7,29,0.0,0,140.4,1
2025-11-25 11:20:42,1,58,17.0,97,6.3,1005.7,4,9,4,0.0,0,135.1,1
2025-11-25 11:21:43,1,58,17.0,97,6.3,1005.7,0,9,16,0.0,0,128.0,1
2025-11-25 11:22:44,1,58,16.9,97,6.4,1005.8,5,9,356,0.0,0,122.7,1
2025-11-25 11:23:45,1,58,16.9,97,6.4,1005.8,2,9,319,0.0,0,119.0,1
2025-11-25 11:24:46,1,58,16.9,97,6.4,1005.9,6,11,16,0.0,0,116.1,1
2025-11-25 11:25:47,1,58,16.8,97,6.4,1005.9,2,11,16,0.0,0,108.1,1
2025-11-25 11:26:48,1,58,16.9,97,6.4,1005.8,6,14,316,0.0,0,100.9,0
2025-11-25 11:27:49,1,58,16.8,97,6.4,1005.9,7,14,348,0.0,0,93.3,0
2025-11-25 11:28:50,1,58,16.8,97,6.4,1005.8,4,12,349,0.0,0,88.2,0
2025-11-25 11:29:51,1,58,16.8,97,6.4,1005.8,5,12,18,0.0,0,86.1,0
2025-11-25 11:30:52,1,58,16.8,97,6.4,1005.9,4,11,2,0.0,0,82.7,0
2025-11-25 11:31:53,1,58,16.7,97,6.4,1005.8,5,12,48,0.0,0,78.4,0
2025-11-25 11:32:54,1,58,16.7,97,6.4,1005.8,1,12,340,0.0,0,73.8,0
2025-11-25 11:33:55,1,58,16.7,97,6.4,1005.9,2,11,12,0.0,0,70.3,0
2025-11-25 11:34:56,1,58,16.7,97,6.4,1005.8,3,11,11,0.0,0,68.8,0
2025-11-25 11:35:57,1,58,16.7,96,6.4,1005.8,0,7,357,0.0,0,68.0,0
2025-11-25 11:36:58,1,58,16.7,96,6.5,1005.9,9,11,14,0.0,0,68.3,0
2025-11-25 11:37:59,1,59,16.7,96,6.5,1005.8,5,11,0,0.0,0,69.3,0
2025-11-25 11:39:00,1,59,16.6,96,6.5,1005.8,1,11,9,0.0,0,70.6,0
2025-11-25 11:40:01,1,59,16.7,96,6.4,1005.9,6,11,29,0.0,0,71.1,0
2025-11-25 11:41:02,1,60,16.7,96,6.4,1006.1,2,7,12,0.0,0,71.7,0
2025-11-25 11:42:03,1,60,16.8,96,6.5,1005.9,2,7,15,0.0,0,71.5,0
2025-11-25 11:43:04,1,60,16.9,96,6.5,1005.9,4,11,21,0.0,0,67.8,0
2025-11-25 11:44:05,1,60,17.0,96,6.5,1005.9,6,11,20,0.0,0,62.8,0
2025-11-25 11:45:06,1,60,17.1,96,6.5,1005.9,3,9,353,0.0,0,60.6,0
2025-11-25 11:46:07,1,59,17.2,96,6.5,1006.1,6,11,2,0.0,0,60.9,0
2025-11-25 11:47:08,1,59,17.3,95,6.5,1006.0,3,11,0,0.0,0,61.1,0
2025-11-25 11:48:09,1,59,17.4,95,6.5,1006.0,7,9,20,0.0,0,61.6,0
2025-11-25 11:49:10,1,59,17.6,95,6.5,1006.0,5,11,33,0.0,0,62.3,0
2025-11-25 11:50:11,1,58,17.7,95,6.5,1006.0,3,9,33,0.0,0,64.6,0
2025-11-25 11:51:12,1,58,17.8,95,6.5,1006.0,7,11,15,0.0,0,65.0,0
2025-11-25 11:52:13,1,58,17.9,95,6.5,1006.0,5,11,6,0.0,0,64.0,0
2025-11-25 11:53:14,1,58,18.0,94,6.6,1006.0,5,14,33,0.0,0,64.1,0
2025-11-25 11:54:15,1,57,18.1,94,6.6,1006.0,8,11,14,0.0,0,64.3,0
2025-11-25 11:55:16,1,57,18.2,95,6.6,1006.2,2,11,6,0.0,0,64.1,0
2025-11-25 11:56:17,1,57,18.3,94,6.7,1006.1,3,7,41,0.0,0,61.9,0
2025-11-25 11:57:18,1,57,18.4,94,6.8,1006.1,1,11,70,0.0,0,62.0,0
2025-11-25 11:58:19,1,56,18.4,94,6.9,1006.0,0,5,19,0.0,0,61.1,0
2025-11-25 11:59:20,1,56,18.5,94,7.0,1006.1,0,7,20,0.0,0,65.9,0
2025-11-25 12:00:21,1,56,18.5,94,7.0,1006.1,5,7,317,0.0,0,58.7,0
2025-11-25 12:01:22,1,56,18.6,94,7.1,1006.3,2,7,45,0.0,0,56.0,0
2025-11-25 12:02:23,1,56,18.6,94,7.1,1006.1,3,9,25,0.0,0,54.8,0
2025-11-25 12:03:24,1,56,18.6,93,7.2,1005.9,1,9,6,0.0,0,56.4,0
2025-11-25 12:04:25,1,56,18.7,93,7.3,1006.1,6,11,49,0.0,0,51.4,0
2025-11-25 12:05:26,1,56,18.6,92,7.3,1005.9,10,12,2,0.0,0,49.3,0
2025-11-25 12:06:27,1,55,18.6,92,7.3,1006.2,1,16,6,0.0,0,49.0,0
2025-11-25 12:07:28,1,55,18.6,92,7.3,1006.1,8,14,47,0.0,0,47.4,0
2025-11-25 12:08:29,1,55,18.6,91,7.3,1006.0,3,14,322,0.0,0,45.9,0
2025-11-25 12:09:30,1,55,18.6,91,7.3,1006.0,5,9,21,0.0,0,44.0,0
2025-11-25 12:10:31,1,55,18.6,91,7.4,1006.2,3,9,17,0.0,0,44.1,0
2025-11-25 12:11:32,1,55,18.6,90,7.4,1006.3,5,11,22,0.0,0,44.2,0
2025-11-25 12:12:33,1,55,18.5,90,7.4,1006.1,4,14,3,0.0,0,42.8,0
2025-11-25 12:13:34,1,55,18.5,90,7.4,1006.2,2,11,309,0.0,0,41.0,0
2025-11-25 12:14:35,1,55,18.5,90,7.4,1006.2,7,14,26,0.0,0,42.1,0
2025-11-25 12:15:36,1,55,18.4,89,7.5,1006.4,9,16,339,0.0,0,41.1,0
2025-11-25 12:16:37,1,55,18.4,88,7.5,1006.2,8,20,18,0.0,0,41.1,0
2025-11-25 12:17:38,1,56,18.4,87,7.5,1006.3,6,20,340,0.0,0,40.7,0
2025-11-25 12:18:39,1,56,18.4,87,7.5,1006.2,1,16,30,0.0,0,39.5,0
2025-11-25 12:19:40,1,56,18.4,87,7.5,1006.2,6,14,50,0.0,0,40.6,0
2025-11-25 12:20:41,1,56,18.3,86,7.5,1006.2,11,14,25,0.0,0,41.1,0
2025-11-25 12:21:42,1,56,18.3,86,7.5,1006.2,9,14,77,0.0,0,40.8,0
2025-11-25 12:22:43,1,56,18.3,86,7.6,1006.4,6,12,346,0.0,0,41.5,0
2025-11-25 12:23:44,1,56,18.3,85,7.6,1006.4,5,11,32,0.0,0,41.9,0
2025-11-25 12:24:45,1,56,18.2,85,7.6,1006.3,8,12,318,0.0,0,41.8,0
2025-11-25 12:25:46,1,56,18.2,85,7.7,1006.3,14,18,42,0.0,0,42.4,0
2025-11-25 12:26:47,1,56,18.2,84,7.7,1006.3,6,18,14,0.0,0,43.0,0
2025-11-25 12:27:48,1,56,18.1,84,7.7,1006.5,6,14,32,0.0,0,43.7,0
2025-11-25 12:28:49,1,56,18.1,84,7.7,1006.5,4,9,5,0.0,0,43.9,0
2025-11-25 12:29:50,1,56,18.1,84,7.7,1006.5,1,7,23,0.0,0,55.7,0
2025-11-25 12:30:51,1,56,18.1,84,7.7,1006.5,3,11,28,0.0,0,44.7,0
2025-11-25 12:31:52,1,56,18.1,83,7.8,1006.5,7,14,334,0.0,0,45.9,0
2025-11-25 12:32:53,1,56,18.0,83,7.9,1006.4,6,12,60,0.0,0,45.7,0
2025-11-25 12:33:54,1,56,18.0,83,7.9,1006.5,5,12,347,0.0,0,47.2,0
2025-11-25 12:34:55,1,56,18.0,83,7.9,1006.5,9,12,35,0.0,0,46.2,0
2025-11-25 12:35:56,1,56,17.9,83,7.8,1006.5,9,12,17,0.0,0,48.2,0
2025-11-25 12:36:57,1,56,17.9,83,7.8,1006.5,2,12,1,0.0,0,51.1,0
2025-11-25 12:37:58,1,56,17.9,83,7.8,1006.6,9,16,44,0.0,0,49.9,0
2025-11-25 12:38:59,1,56,17.9,83,7.8,1006.5,7,16,17,0.0,0,50.7,0
2025-11-25 12:40:00,1,56,17.9,83,7.8,1006.6,10,12,52,0.0,0,50.8,0
2025-11-25 12:41:01,1,56,17.8,83,7.8,1006.5,5,12,41,0.0,0,50.9,0
2025-11-25 12:42:02,1,57,17.8,83,7.8,1006.6,7,23,357,0.0,0,50.6,0
2025-11-25 12:43:03,1,57,17.8,82,7.8,1006.6,10,23,12,0.0,0,62.2,0
2025-11-25 12:44:04,1,57,17.8,83,7.8,1006.6,2,18,21,0.0,0,68.8,0
2025-11-25 12:45:05,1,57,17.8,83,7.9,1006.7,3,11,271,0.0,0,52.4,0
2025-11-25 12:46:06,1,57,17.8,83,7.9,1006.6,1,11,334,0.0,0,61.4,0
2025-11-25 12:47:07,1,57,17.7,82,8.1,1006.6,9,12,11,0.0,0,58.9,0
2025-11-25 12:48:08,1,57,17.7,82,8.2,1006.5,5,12,32,0.0,0,57.7,0
2025-11-25 12:49:09,1,57,17.7,81,8.3,1006.7,2,7,1,0.0,0,60.0,0
2025-11-25 12:50:10,1,57,17.7,81,8.3,1006.6,4,9,21,0.0,0,62.0,0
2025-11-25 12:51:11,1,57,17.7,81,8.3,1006.6,2,9,324,0.0,0,66.8,0
2025-11-25 12:52:12,1,57,17.6,81,8.3,1006.6,3,14,58,0.0,0,72.8,0
2025-11-25 12:53:13,1,57,17.6,81,8.4,1006.7,3,7,8,0.0,0,72.5,0
2025-11-25 12:54:15,1,57,17.6,81,8.4,1006.8,2,7,257,0.0,0,91.6,0
2025-11-25 12:55:16,1,57,17.6,80,8.5,1006.7,2,12,6,0.0,0,83.9,0
2025-11-25 12:56:17,1,57,17.6,80,8.6,1006.7,6,12,48,0.0,0,85.4,0
2025-11-25 12:57:18,1,57,17.6,79,8.6,1006.6,6,9,17,0.0,0,85.2,0
2025-11-25 12:58:19,1,57,17.6,79,8.6,1006.8,5,14,359,0.0,0,61.5,0
2025-11-25 12:59:20,1,57,17.6,80,8.5,1006.6,2,14,255,0.0,0,43.6,0
2025-11-25 13:00:21,1,57,17.6,80,8.5,1006.6,6,9,347,0.0,0,42.0,0
2025-11-25 13:01:22,1,57,17.5,79,8.6,1006.6,1,9,24,0.0,0,44.1,0
2025-11-25 13:02:23,1,57,17.5,78,8.7,1006.7,6,11,26,0.0,0,68.8,0
2025-11-25 13:03:24,1,57,17.5,78,8.7,1006.7,3,11,3,0.0,0,64.2,0
2025-11-25 13:04:25,1,57,17.4,78,8.6,1006.8,9,12,7,0.0,0,81.2,0
2025-11-25 13:05:26,1,57,17.4,78,8.6,1006.9,4,14,24,0.0,0,83.8,0
2025-11-25 13:06:27,1,57,17.4,77,8.5,1006.8,10,18,1,0.0,0,83.3,0
2025-11-25 13:07:28,1,57,17.4,78,8.5,1006.8,4,18,20,0.0,0,77.4,0
2025-11-25 13:08:29,1,57,17.4,78,8.5,1006.8,3,12,29,0.0,0,51.2,0
2025-11-25 13:09:30,1,57,17.4,77,8.5,1006.8,6,11,1,0.0,0,43.5,0
2025-11-25 13:10:31,1,57,17.4,77,8.5,1006.7,2,12,12,0.0,0,46.2,0
2025-11-25 13:11:32,1,57,17.3,78,8.4,1006.9,2,12,45,0.0,0,53.6,0
2025-11-25 13:12:33,1,57,17.3,77,8.3,1006.9,9,12,29,0.0,0,57.0,0
2025-11-25 13:13:34,1,57,17.3,77,8.3,1006.8,2,12,28,0.0,0,64.9,0
2025-11-25 13:14:35,1,57,17.3,78,8.2,1006.9,6,9,354,0.0,0,57.1,0
2025-11-25 13:15:36,1,57,17.2,77,8.2,1006.9,7,12,17,0.0,0,51.6,0
2025-11-25 13:16:37,1,57,17.2,78,8.1,1006.9,3,12,14,0.0,0,43.4,0
2025-11-25 13:17:38,1,57,17.3,78,8.0,1006.9,3,11,6,0.0,0,61.5,0
2025-11-25 13:18:39,1,57,17.3,78,8.0,1006.8,1,11,351,0.0,0,63.0,0
2025-11-25 13:19:40,1,57,17.4,78,8.0,1007.0,9,14,13,0.0,0,80.5,0
2025-11-25 13:20:41,1,57,17.5,78,8.0,1006.9,9,20,357,0.0,0,76.5,0
2025-11-25 13:21:42,1,57,17.6,78,8.0,1007.0,14,21,0,0.0,0,77.3,0
2025-11-25 13:22:43,1,57,17.8,79,8.0,1007.1,2,21,46,0.0,0,69.8,0
2025-11-25 13:23:44,1,57,17.8,78,8.1,1007.1,14,18,20,0.0,0,77.7,0
2025-11-25 13:24:45,1,56,18.1,78,8.1,1007.0,8,18,356,0.0,0,68.0,0
2025-11-25 13:25:46,1,56,18.2,78,8.1,1007.0,3,18,45,0.0,0,75.9,0
2025-11-25 13:26:47,1,56,18.3,78,8.1,1006.9,2,12,30,0.0,0,72.2,0
2025-11-25 13:27:48,1,55,18.4,79,8.1,1006.8,10,16,29,0.0,0,72.3,0
2025-11-25 13:28:49,1,55,18.5,78,8.2,1007.2,6,16,3,0.0,0,73.8,0
2025-11-25 13:29:50,1,55,18.6,78,8.2,1007.1,7,18,7,0.0,0,71.0,0
2025-11-25 13:30:51,1,54,18.7,78,8.3,1007.2,10,18,24,0.0,0,72.7,0
2025-11-25 13:31:52,1,54,18.7,78,8.3,1007.1,6,12,27,0.0,0,69.4,0
2025-11-25 13:32:53,1,54,18.8,78,8.3,1007.1,4,14,8,0.0,0,69.2,0
2025-11-25 13:33:54,1,54,18.8,79,8.3,1007.0,2,9,343,0.0,0,60.2,0
2025-11-25 13:34:55,1,54,18.9,79,8.3,1007.2,0,9,21,0.0,0,55.8,0
2025-11-25 13:35:56,1,54,18.9,78,8.3,1007.1,0,11,31,0.0,0,48.6,0
2025-11-25 13:36:57,1,53,18.9,79,8.4,1006.9,1,5,30,0.0,0,42.8,0
2025-11-25 13:37:58,1,53,18.9,78,8.4,1006.9,3,7,24,0.0,0,44.5,0
2025-11-25 13:38:59,1,53,18.9,78,8.4,1007.1,7,14,9,0.0,0,48.2,0
2025-11-25 13:40:00,1,53,18.9,79,8.3,1007.1,3,14,354,0.0,0,53.1,0
2025-11-25 13:41:01,1,53,18.8,79,8.2,1007.1,5,9,43,0.0,0,49.6,0
2025-11-25 13:42:02,1,53,18.8,79,8.1,1007.1,6,20,38,0.0,0,42.4,0
2025-11-25 13:43:03,1,53,18.8,79,8.1,1007.1,5,20,308,0.0,0,38.3,0
2025-11-25 13:44:04,1,53,18.8,79,8.1,1007.0,2,20,343,0.0,0,39.4,0
2025-11-25 13:45:05,1,53,18.7,79,8.1,1007.1,4,16,33,0.0,0,42.9,0
2025-11-25 13:46:06,1,53,18.7,78,8.1,1007.1,12,14,43,0.0,0,52.6,0
2025-11-25 13:47:07,1,53,18.7,79,8.0,1007.1,2,14,40,0.0,0,55.9,0
2025-11-25 13:48:08,1,53,18.6,79,8.0,1007.1,3,12,60,0.0,0,56.0,0
2025-11-25 13:49:09,1,53,18.6,79,8.0,1007.3,9,14,59,0.0,0,56.3,0
2025-11-25 13:50:10,1,53,18.5,79,8.0,1007.1,2,14,30,0.0,0,56.4,0
2025-11-25 13:51:11,1,54,18.5,79,8.0,1007.4,10,12,14,0.0,0,56.2,0
2025-11-25 13:52:12,1,54,18.5,78,8.1,1007.2,3,12,29,0.0,0,54.6,0
2025-11-25 13:53:13,1,54,18.4,79,8.1,1007.3,3,11,321,0.0,0,51.1,0
2025-11-25 13:54:14,1,54,18.4,78,8.2,1007.1,6,9,39,0.0,0,44.4,0
2025-11-25 13:55:15,1,54,18.3,78,8.3,1007.3,2,9,18,0.0,0,52.0,0
2025-11-25 13:56:16,1,54,18.3,78,8.3,1007.3,6,9,32,0.0,0,54.5,0
2025-11-25 13:57:17,1,54,18.2,78,8.3,1007.3,6,11,3,0.0,0,61.3,0
2025-11-25 13:58:18,1,54,18.2,78,8.2,1007.2,9,16,3,0.0,0,64.9,0
2025-11-25 13:59:19,1,54,18.2,78,8.2,1007.2,1,16,348,0.0,0,77.1,0
2025-11-25 14:00:20,1,54,18.1,78,8.2,1007.4,6,11,34,0.0,0,79.1,0
2025-11-25 14:01:21,1,54,18.1,78,8.2,1007.3,6,11,37,0.0,0,52.7,0
2025-11-25 14:02:22,1,54,18.0,78,8.2,1007.2,3,12,34,0.0,0,35.9,0
2025-11-25 14:03:23,1,54,18.0,78,8.2,1007.4,10,16,354,0.0,0,41.8,0
2025-11-25 14:04:24,1,54,17.9,78,8.1,1007.4,8,18,2,0.0,0,39.8,0
2025-11-25 14:05:25,1,55,17.9,78,8.1,1007.3,10,14,337,0.0,0,40.8,0
2025-11-25 14:06:26,1,55,17.9,78,8.1,1007.4,9,18,31,0.0,0,40.4,0
2025-11-25 14:07:27,1,55,17.8,78,8.1,1007.4,1,18,51,0.0,0,42.7,0
2025-11-25 14:08:28,1,55,17.8,78,8.1,1007.3,2,9,15,0.0,0,37.7,0
2025-11-25 14:09:29,1,55,17.8,79,8.1,1007.4,1,5,17,0.0,0,36.5,0
2025-11-25 14:10:30,1,55,17.7,78,8.1,1007.5,1,9,46,0.0,0,34.5,0
2025-11-25 14:11:31,1,55,17.7,78,8.2,1007.2,10,14,19,0.0,0,34.2,0
2025-11-25 14:12:32,1,55,17.7,78,8.3,1007.4,3,14,12,0.0,0,34.2,0
2025-11-25 14:13:33,1,55,17.6,78,8.3,1007.4,1,11,340,0.0,0,32.9,0
2025-11-25 14:14:34,1,55,17.6,78,8.3,1007.3,2,11,51,0.0,0,32.4,0
2025-11-25 14:15:35,1,55,17.6,78,8.3,1007.5,8,12,34,0.0,0,32.0,0
2025-11-25 14:16:36,1,55,17.6,78,8.3,1007.4,6,12,51,0.0,0,31.7,0
2025-11-25 14:17:37,1,55,17.5,77,8.2,1007.5,5,14,20,0.0,0,31.5,0
2025-11-25 14:18:38,1,55,17.5,78,8.2,1007.6,2,14,75,0.0,0,31.5,0
2025-11-25 14:19:39,1,55,17.5,78,8.2,1007.5,6,18,355,0.0,0,30.9,0
2025-11-25 14:20:40,1,55,17.5,77,8.2,1007.7,5,18,269,0.0,0,31.1,0
2025-11-25 14:21:41,1,56,17.5,77,8.3,1007.6,1,14,20,0.0,0,30.3,0
2025-11-25 14:22:42,1,56,17.4,76,8.3,1007.5,7,12,343,0.0,0,29.3,0
2025-11-25 14:23:43,1,56,17.4,76,8.3,1007.5,2,12,332,0.0,0,26.0,0
2025-11-25 14:24:44,1,56,17.4,75,8.3,1007.7,1,12,9,0.0,0,27.2,0
2025-11-25 14:25:45,1,56,17.4,75,8.3,1007.7,3,12,7,0.0,0,28.3,0
2025-11-25 14:26:46,1,56,17.3,75,8.3,1007.6,4,16,18,0.0,0,24.4,0
2025-11-25 14:27:47,1,56,17.3,75,8.2,1007.7,4,11,336,0.0,0,24.0,0
2025-11-25 14:28:48,1,56,17.3,75,8.1,1007.6,1,9,350,0.0,0,23.7,0
2025-11-25 14:29:49,1,56,17.2,76,8.0,1007.8,6,9,54,0.0,0,23.7,0
2025-11-25 14:30:50,1,56,17.2,76,8.0,1007.7,2,11,23,0.0,0,23.3,0
2025-11-25 14:31:51,1,56,17.2,76,7.9,1007.6,9,12,13,0.0,0,25.0,0
2025-11-25 14:32:52,1,56,17.2,76,7.9,1007.7,2,12,28,0.0,0,26.1,0
2025-11-25 14:33:53,1,56,17.1,76,7.8,1007.8,7,14,19,0.0,0,26.4,0
2025-11-25 14:34:54,1,56,17.2,76,7.8,1007.7,7,11,29,0.0,0,26.2,0
2025-11-25 14:35:55,1,56,17.1,76,7.8,1007.7,1,11,9,0.0,0,25.9,0
2025-11-25 14:36:56,1,56,17.1,76,7.8,1007.8,11,14,357,0.0,0,25.8,0
2025-11-25 14:37:57,1,56,17.1,76,7.8,1007.5,7,14,3,0.0,0,25.6,0
2025-11-25 14:38:58,1,56,17.1,76,7.9,1007.7,3,12,13,0.0,0,24.6,0
2025-11-25 14:39:59,1,56,17.0,76,7.9,1007.8,1,7,321,0.0,0,25.0,0
2025-11-25 14:41:00,1,56,17.0,76,7.9,1007.7,2,9,330,0.0,0,24.8,0
2025-11-25 14:42:01,1,56,17.0,76,7.9,1007.8,10,14,8,0.0,0,24.5,0
2025-11-25 14:43:02,1,57,17.0,76,7.9,1007.9,8,14,44,0.0,0,24.1,0
2025-11-25 14:44:03,1,57,17.0,76,7.9,1008.0,4,12,340,0.0,0,23.8,0
2025-11-25 14:45:04,1,57,17.0,76,7.9,1007.7,9,12,49,0.0,0,23.5,0
2025-11-25 14:46:05,1,57,17.1,76,7.9,1007.9,5,12,14,0.0,0,22.8,0
2025-11-25 14:47:06,1,57,17.2,76,7.8,1007.9,9,14,354,0.0,0,20.9,0
2025-11-25 14:48:07,1,57,17.3,76,7.7,1007.7,2,14,60,0.0,0,20.8,0
2025-11-25 14:49:08,1,57,17.4,76,7.7,1007.9,3,12,26,0.0,0,21.8,0
2025-11-25 14:50:09,1,57,17.5,77,7.7,1007.9,4,9,35,0.0,0,21.9,0
2025-11-25 14:51:10,1,57,17.6,77,7.6,1007.9,4,9,22,0.0,0,21.1,0
2025-11-25 14:52:11,1,57,17.7,77,7.6,1007.8,2,11,346,0.0,0,21.7,0
2025-11-25 14:53:12,1,56,17.8,77,7.6,1008.0,3,16,343,0.0,0,22.1,0
2025-11-25 14:54:13,1,56,18.0,77,7.6,1008.0,4,14,9,0.0,0,22.1,0
2025-11-25 14:55:14,1,56,18.1,77,7.6,1007.9,9,18,355,0.0,0,20.5,0
2025-11-25 14:56:15,1,56,18.2,77,7.6,1007.8,2,14,8,0.0,0,19.6,0
2025-11-25 14:57:16,1,56,18.2,77,7.6,1008.2,1,5,326,0.0,0,19.4,0
2025-11-25 14:58:17,1,55,18.3,77,7.6,1008.2,3,7,326,0.0,0,19.2,0
2025-11-25 14:59:18,1,55,18.4,77,7.6,1008.1,9,12,6,0.0,0,19.0,0
2025-11-25 15:00:19,1,55,18.4,77,7.6,1008.0,4,12,15,0.0,0,18.6,0
2025-11-25 15:01:20,1,55,18.5,77,7.6,1008.2,1,12,55,0.0,0,18.5,0
2025-11-25 15:02:21,1,55,18.5,77,7.6,1008.2,5,12,34,0.0,0,18.6,0
2025-11-25 15:03:22,1,54,18.6,77,7.6,1008.3,10,20,14,0.0,0,18.7,0
2025-11-25 15:04:23,1,54,18.6,77,7.5,1008.2,4,20,326,0.0,0,18.5,0
2025-11-25 15:05:24,1,54,18.6,78,7.5,1008.2,11,14,8,0.0,0,18.4,0
2025-11-25 15:06:25,1,54,18.6,78,7.4,1008.4,3,14,351,0.0,0,18.5,0
2025-11-25 15:07:26,1,54,18.6,78,7.4,1008.3,5,11,352,0.0,0,17.8,0
2025-11-25 15:08:27,1,54,18.6,78,7.4,1008.1,6,14,0,0.0,0,16.8,0
2025-11-25 15:09:28,1,54,18.6,78,7.4,1008.2,1,11,51,0.0,0,16.8,0
2025-11-25 15:10:29,1,54,18.5,78,7.3,1008.2,9,16,40,0.0,0,16.6,0
2025-11-25 15:11:30,1,54,18.5,78,7.3,1008.3,11,16,333,0.0,0,16.3,0
2025-11-25 15:12:31,1,54,18.5,78,7.2,1008.4,5,14,24,0.0,0,16.2,0
2025-11-25 15:13:32,1,54,18.4,79,7.2,1008.2,0,11,12,0.0,0,16.1,0
2025-11-25 15:14:33,1,54,18.4,79,7.2,1008.3,4,9,17,0.0,0,16.1,0
2025-11-25 15:15:34,1,54,18.3,79,7.2,1008.3,3,9,7,0.0,0,15.9,0
2025-11-25 15:16:35,1,54,18.3,79,7.2,1008.5,4,12,337,0.0,0,15.1,0
2025-11-25 15:17:36,1,54,18.3,79,7.1,1008.2,3,12,10,0.0,0,14.6,0
2025-11-25 15:18:37,1,54,18.2,79,7.1,1008.4,7,12,342,0.0,0,13.5,0
2025-11-25 15:19:38,1,54,18.2,79,7.1,1008.5,5,12,352,0.0,0,12.6,0
2025-11-25 15:20:39,1,54,18.1,79,7.1,1008.4,5,11,8,0.0,0,11.9,0
2025-11-25 15:21:40,1,54,18.1,79,7.1,1008.5,0,7,7,0.0,0,11.0,0
2025-11-25 15:22:41,1,54,18.1,79,7.1,1008.4,1,3,23,0.0,0,10.4,0
2025-11-25 15:23:42,1,54,18.0,79,7.1,1008.5,0,5,356,0.0,0,9.7,0
2025-11-25 15:24:43,1,54,17.9,79,7.1,1008.6,0,1,22,0.0,0,9.3,0
2025-11-25 15:25:44,1,54,17.9,79,7.1,1008.6,2,9,17,0.0,0,8.7,0
2025-11-25 15:26:45,1,54,17.9,79,7.1,1008.5,3,7,355,0.0,0,8.2,0
2025-11-25 15:27:46,1,54,17.8,79,7.0,1008.8,3,5,25,0.0,0,7.6,0
2025-11-25 15:28:47,1,55,17.8,79,7.0,1008.8,0,5,335,0.0,0,7.0,0
2025-11-25 15:29:48,1,55,17.7,79,7.0,1008.7,1,3,355,0.0,0,6.6,0
2025-11-25 15:30:49,1,55,17.7,79,6.9,1008.6,1,3,335,0.0,0,6.0,0
2025-11-25 15:31:50,1,55,17.7,79,6.9,1008.6,3,7,30,0.0,0,5.5,0
2025-11-25 15:32:51,1,55,17.6,79,6.9,1008.6,4,7,322,0.0,0,5.0,0
2025-11-25 15:33:52,1,55,17.6,79,6.9,1008.6,0,7,353,0.0,0,4.6,0
2025-11-25 15:34:53,1,55,17.6,79,6.9,1008.6,4,11,271,0.0,0,4.4,0
2025-11-25 15:35:54,1,55,17.5,79,6.9,1008.7,6,11,10,0.0,0,4.0,0
2025-11-25 15:36:55,1,55,17.5,79,6.9,1008.7,3,12,3,0.0,0,3.8,0
2025-11-25 15:37:56,1,55,17.5,79,6.8,1008.7,6,11,24,0.0,0,3.5,0
2025-11-25 15:38:57,1,55,17.4,79,6.8,1008.5,3,11,18,0.0,0,3.2,0
2025-11-25 15:39:58,1,55,17.4,79,6.8,1008.8,5,11,36,0.0,0,3.0,0
2025-11-25 15:40:59,1,55,17.4,79,6.8,1008.7,8,12,7,0.0,0,2.8,0
2025-11-25 15:42:00,1,55,17.3,79,6.8,1008.8,3,12,3,0.0,0,2.5,0
2025-11-25 15:43:01,1,55,17.3,80,6.8,1008.7,2,9,15,0.0,0,2.3,0
2025-11-25 15:44:02,1,55,17.3,80,6.7,1008.7,4,12,350,0.0,0,2.1,0
2025-11-25 15:45:03,1,55,17.2,80,6.7,1008.7,1,12,245,0.0,0,1.9,0
2025-11-25 15:46:04,1,55,17.2,80,6.7,1008.7,3,9,29,0.0,0,1.7,0
2025-11-25 15:47:05,1,55,17.2,80,6.7,1008.7,6,11,19,0.0,0,1.6,0
2025-11-25 15:48:06,1,55,17.2,80,6.7,1008.7,4,12,23,0.0,0,1.4,0
2025-11-25 15:49:07,1,55,17.1,80,6.7,1008.6,1,11,40,0.0,0,1.2,0
2025-11-25 15:50:08,1,56,17.1,80,6.7,1008.8,1,9,328,0.0,0,1.1,0
2025-11-25 15:51:09,1,56,17.1,80,6.6,1008.7,1,9,341,0.0,0,1.0,0
2025-11-25 15:52:10,1,56,17.0,81,6.6,1008.6,1,3,299,0.0,0,0.9,0
2025-11-25 15:53:11,1,56,17.0,81,6.6,1008.6,1,3,288,0.0,0,0.8,0
2025-11-25 15:54:12,1,56,17.0,81,6.5,1008.8,0,5,313,0.0,0,0.7,0
2025-11-25 15:55:13,1,56,17.0,81,6.5,1008.8,1,5,14,0.0,0,0.6,0
2025-11-25 15:56:14,1,56,17.0,81,6.5,1009.0,1,5,357,0.0,0,0.5,0
2025-11-25 15:57:15,1,56,17.0,81,6.5,1009.0,0,3,9,0.0,0,0.4,0
2025-11-25 15:58:16,1,56,16.9,81,6.4,1008.9,2,5,315,0.0,0,0.4,0
2025-11-25 15:59:17,1,56,16.9,81,6.4,1008.9,0,3,346,0.0,0,0.3,0
2025-11-25 16:00:18,1,56,16.9,82,6.4,1008.8,2,3,308,0.0,0,0.3,0
2025-11-25 16:01:19,1,56,16.9,82,6.3,1008.8,1,3,4,0.0,0,0.2,0
2025-11-25 16:02:20,1,56,16.9,82,6.3,1008.8,1,3,4,0.0,0,0.2,0
2025-11-25 16:03:21,1,56,16.9,82,6.3,1008.9,0,1,353,0.0,0,0.2,0
2025-11-25 16:04:22,1,56,16.8,82,6.3,1009.0,0,1,353,0.0,0,0.1,0
2025-11-25 16:05:23,1,56,16.8,82,6.2,1008.9,0,7,313,0.0,0,0.1,0
2025-11-25 16:06:24,1,57,16.9,82,6.2,1008.8,4,7,327,0.0,0,0.1,0
2025-11-25 16:07:25,1,57,16.9,83,6.2,1008.9,1,7,356,0.0,0,0.1,0
2025-11-25 16:08:26,1,58,16.9,83,6.2,1008.9,3,11,328,0.0,0,0.1,0
2025-11-25 16:09:27,1,58,17.0,83,6.2,1008.8,1,9,2,0.0,0,0.1,0
2025-11-25 16:10:28,1,58,17.1,83,6.3,1009.1,0,3,23,0.0,0,0.1,0
2025-11-25 16:11:29,1,58,17.3,83,6.3,1008.9,0,3,8,0.0,0,0.0,0
2025-11-25 16:12:30,1,58,17.4,83,6.2,1009.0,0,3,0,0.0,0,0.0,0
2025-11-25 16:13:31,1,58,17.6,83,6.2,1009.1,1,5,20,0.0,0,0.0,0
2025-11-25 16:14:32,1,57,17.7,83,6.2,1009.2,0,5,353,0.0,0,0.0,0
2025-11-25 16:15:33,1,57,17.9,83,6.2,1009.1,1,9,56,0.0,0,0.0,0
2025-11-25 16:16:34,1,57,18.0,83,6.1,1009.1,3,9,1,0.0,0,0.0,0
2025-11-25 16:17:35,1,57,18.1,83,6.1,1009.1,5,9,346,0.0,0,0.0,0
2025-11-25 16:18:36,1,57,18.2,83,6.1,1009.2,1,9,0,0.0,0,0.0,0
2025-11-25 16:19:37,1,56,18.3,83,6.1,1009.2,1,7,358,0.0,0,0.0,0
2025-11-25 16:20:38,1,56,18.4,83,6.1,1009.0,7,11,357,0.0,0,0.0,0
2025-11-25 16:21:39,1,56,18.5,83,6.1,1009.2,2,11,311,0.0,0,0.0,0
2025-11-25 16:22:40,1,56,18.5,83,6.1,1009.2,1,5,308,0.0,0,0.0,0
2025-11-25 16:23:41,1,56,18.5,83,6.1,1009.2,6,9,27,0.0,0,0.0,0
2025-11-25 16:24:42,1,56,18.6,83,6.1,1009.4,4,9,7,0.0,0,0.0,0
2025-11-25 16:25:43,1,56,18.6,83,6.1,1009.4,6,9,8,0.0,0,0.0,0
2025-11-25 16:26:44,1,56,18.6,83,6.1,1009.4,4,9,13,0.0,0,0.0,0
2025-11-25 16:27:45,1,56,18.6,83,6.1,1009.4,3,7,18,0.0,0,0.0,0
2025-11-25 16:28:46,1,57,18.6,83,6.1,1009.4,3,14,339,0.0,0,0.0,0
2025-11-25 16:29:47,1,57,18.6,83,6.1,1009.3,0,7,349,0.0,0,0.0,0
2025-11-25 16:30:48,1,57,18.6,83,6.1,1009.6,2,3,343,0.0,0,0.0,0
2025-11-25 16:31:49,1,57,18.6,84,6.1,1009.6,0,7,7,0.0,0,0.0,0
2025-11-25 16:32:50,1,57,18.5,84,6.1,1009.5,1,3,356,0.0,0,0.0,0
2025-11-25 16:33:51,1,57,18.5,84,6.0,1009.4,2,5,325,0.0,0,0.0,0
2025-11-25 16:34:52,1,57,18.5,84,6.0,1009.5,2,5,11,0.0,0,0.0,0
2025-11-25 16:35:53,1,57,18.4,84,6.0,1009.6,4,7,267,0.0,0,0.0,0
2025-11-25 16:36:54,1,57,18.4,84,6.0,1009.6,4,7,20,0.0,0,0.0,0
2025-11-25 16:37:55,1,58,18.4,84,6.0,1009.6,2,7,328,0.0,0,0.0,0
2025-11-25 16:38:56,1,58,18.3,84,6.0,1009.6,5,16,9,0.0,0,0.0,0
2025-11-25 16:39:57,1,58,18.3,84,6.0,1009.7,3,16,16,0.0,0,0.0,0
2025-11-25 16:40:58,1,58,18.3,84,6.0,1009.8,8,12,1,0.0,0,0.0,0
2025-11-25 16:41:59,1,58,18.2,84,6.0,1009.7,4,12,325,0.0,0,0.0,0
2025-11-25 16:43:00,1,58,18.2,84,6.0,1009.8,5,7,309,0.0,0,0.0,0
2025-11-25 16:44:01,1,58,18.1,84,6.0,1009.7,5,9,3,0.0,0,0.0,0
2025-11-25 16:45:02,1,58,18.1,84,6.1,1009.7,4,11,14,0.0,0,0.0,0
2025-11-25 16:46:03,1,58,18.0,84,6.1,1009.8,4,11,293,0.0,0,0.0,0
2025-11-25 16:47:04,1,58,18.0,84,6.1,1009.9,7,9,5,0.0,0,0.0,0
2025-11-25 16:48:05,1,58,18.0,84,6.1,1009.9,0,9,357,0.0,0,0.0,0
2025-11-25 16:49:06,1,58,17.9,84,6.1,1009.9,3,9,328,0.0,0,0.0,0
2025-11-25 16:50:07,1,58,17.9,84,6.1,1009.9,2,9,33,0.0,0,0.0,0
2025-11-25 16:51:08,1,58,17.8,84,6.1,1009.8,1,12,298,0.0,0,0.0,0
2025-11-25 16:52:09,1,58,17.8,84,6.1,1009.9,5,9,333,0.0,0,0.0,0
2025-11-25 16:53:10,1,57,17.7,84,6.1,1010.0,2,9,315,0.0,0,0.0,0
2025-11-25 16:54:11,1,57,17.7,84,6.1,1009.8,0,5,27,0.0,0,0.0,0
2025-11-25 16:55:12,1,57,17.6,84,6.1,1009.8,6,11,324,0.0,0,0.0,0
2025-11-25 16:56:13,1,57,17.6,84,6.1,1009.7,6,9,335,0.0,0,0.0,0
2025-11-25 16:57:14,1,57,17.6,85,6.1,1009.9,0,9,337,0.0,0,0.0,0
2025-11-25 16:58:15,1,57,17.5,85,6.1,1009.9,1,5,17,0.0,0,0.0,0
2025-11-25 16:59:16,1,57,17.5,84,6.2,1010.0,3,5,314,0.0,0,0.0,0
2025-11-25 17:00:17,1,57,17.5,84,6.1,1010.0,2,7,336,0.0,0,0.0,0
2025-11-25 17:01:18,1,58,17.4,84,6.1,1010.0,2,11,15,0.0,0,0.0,0
2025-11-25 17:02:19,1,58,17.4,84,6.1,1010.0,1,11,6,0.0,0,0.0,0
2025-11-25 17:03:20,1,58,17.4,84,6.1,1010.1,1,5,357,0.0,0,0.0,0
2025-11-25 17:04:21,1,57,17.3,84,6.1,1010.2,0,5,2,0.0,0,0.0,0
2025-11-25 17:05:22,1,57,17.3,84,6.0,1009.9,0,3,10,0.0,0,0.0,0
2025-11-25 17:06:23,1,57,17.3,84,6.0,1010.0,0,1,11,0.0,0,0.0,0
2025-11-25 17:07:24,1,57,17.2,84,6.0,1010.0,2,3,2,0.0,0,0.0,0
2025-11-25 17:08:25,1,57,17.2,85,6.0,1010.0,1,3,7,0.0,0,0.0,0
2025-11-25 17:09:26,1,57,17.2,85,6.0,1010.1,0,3,23,0.0,0,0.0,0
2025-11-25 17:10:27,1,57,17.2,85,5.9,1010.2,1,3,20,0.0,0,0.0,0
2025-11-25 17:11:28,1,57,17.1,85,5.9,1010.1,1,3,22,0.0,0,0.0,0
2025-11-25 17:12:29,1,57,17.1,85,5.9,1010.1,3,9,355,0.0,0,0.0,0
2025-11-25 17:13:30,1,57,17.1,85,5.9,1010.2,1,9,13,0.0,0,0.0,0
2025-11-25 17:14:31,1,57,17.1,85,5.9,1010.1,1,7,357,0.0,0,0.0,0
2025-11-25 17:15:32,1,57,17.0,85,6.0,1010.2,6,9,1,0.0,0,0.0,0
2025-11-25 17:16:33,1,57,17.0,85,6.0,1010.2,0,9,1,0.0,0,0.0,0
2025-11-25 17:17:34,1,57,17.0,85,6.0,1010.2,3,5,24,0.0,0,0.0,0
2025-11-25 17:18:35,1,57,17.0,85,6.0,1010.3,0,5,19,0.0,0,0.0,0
2025-11-25 17:19:36,1,57,16.9,85,6.0,1010.3,2,7,3,0.0,0,0.0,0
2025-11-25 17:20:37,1,57,16.9,85,6.0,1010.3,0,7,348,0.0,0,0.0,0
2025-11-25 17:21:38,1,57,16.9,85,6.0,1010.3,1,3,346,0.0,0,0.0,0
2025-11-25 17:22:39,1,57,16.8,85,6.0,1010.2,2,3,21,0.0,0,0.0,0
2025-11-25 17:23:40,1,57,16.9,85,6.0,1010.2,5,9,9,0.0,0,0.0,0
2025-11-25 17:24:41,1,58,16.9,85,6.0,1010.4,0,9,30,0.0,0,0.0,0
2025-11-25 17:25:42,1,58,16.9,85,6.0,1010.4,0,5,19,0.0,0,0.0,0
2025-11-25 17:26:43,1,58,17.0,85,6.0,1010.4,3,7,34,0.0,0,0.0,0
2025-11-25 17:27:44,1,58,17.0,85,6.0,1010.4,6,11,27,0.0,0,0.0,0
2025-11-25 17:28:45,1,57,17.2,85,6.0,1010.4,0,7,28,0.0,0,0.0,0
2025-11-25 17:29:46,1,57,17.3,85,6.0,1010.5,2,5,355,0.0,0,0.0,0
2025-11-25 17:30:47,1,57,17.5,85,6.0,1010.5,2,7,2,0.0,0,0.0,0
2025-11-25 17:31:48,1,57,17.6,85,6.0,1010.5,5,7,6,0.0,0,0.0,0
2025-11-25 17:32:49,1,56,17.7,85,6.0,1010.4,0,7,337,0.0,0,0.0,0
2025-11-25 17:33:50,1,56,17.8,85,6.0,1010.6,3,5,306,0.0,0,0.0,0
2025-11-25 17:34:51,1,56,17.9,85,6.0,1010.8,7,11,4,0.0,0,0.0,0
2025-11-25 17:35:52,1,56,18.0,85,6.0,1010.6,5,11,8,0.0,0,0.0,0
2025-11-25 17:36:53,1,56,18.1,85,6.0,1010.5,3,7,15,0.0,0,0.0,0
2025-11-25 17:37:54,1,56,18.2,85,6.0,1010.5,2,9,330,0.0,0,0.0,0
2025-11-25 17:38:55,1,56,18.3,85,6.1,1010.7,5,7,15,0.0,0,0.0,0
2025-11-25 17:39:56,1,55,18.4,85,6.1,1010.5,1,9,12,0.0,0,0.0,0
2025-11-25 17:40:57,1,55,18.4,85,6.1,1010.7,6,9,296,0.0,0,0.0,0
2025-11-25 17:41:58,1,55,18.5,85,6.1,1010.6,0,7,345,0.0,0,0.0,0
2025-11-25 17:42:59,1,55,18.5,85,6.1,1010.6,1,3,346,0.0,0,0.0,0
2025-11-25 17:44:00,1,55,18.6,85,6.1,1010.6,6,9,6,0.0,0,0.0,0
2025-11-25 17:45:01,1,55,18.6,85,6.1,1010.7,2,9,293,0.0,0,0.0,0
2025-11-25 17:46:02,1,55,18.6,85,6.1,1010.9,5,7,8,0.0,0,0.0,0
2025-11-25 17:47:03,1,55,18.6,85,6.1,1010.7,3,7,0,0.0,0,0.0,0
2025-11-25 17:48:04,1,55,18.6,86,6.1,1010.7,2,7,3,0.0,0,0.0,0
2025-11-25 17:49:05,1,55,18.6,85,6.1,1010.7,0,7,8,0.0,0,0.0,0
2025-11-25 17:50:06,1,55,18.6,85,6.1,1010.7,0,5,2,0.0,0,0.0,0
2025-11-25 17:51:07,1,55,18.6,85,6.1,1010.8,0,1,2,0.0,0,0.0,0
2025-11-25 17:52:08,1,55,18.6,85,6.1,1010.8,0,1,349,0.0,0,0.0,0
2025-11-25 17:53:09,1,55,18.5,85,6.0,1010.8,1,1,313,0.0,0,0.0,0
2025-11-25 17:54:10,1,55,18.5,86,6.0,1010.7,3,7,17,0.0,0,0.0,0
2025-11-25 17:55:11,1,55,18.5,86,6.0,1010.8,0,7,11,0.0,0,0.0,0
2025-11-25 17:56:12,1,55,18.5,86,6.0,1010.9,3,5,0,0.0,0,0.0,0
2025-11-25 17:57:13,1,55,18.4,86,6.0,1010.7,0,5,340,0.0,0,0.0,0
2025-11-25 17:58:14,1,55,18.4,86,6.0,1010.8,0,1,333,0.0,0,0.0,0
2025-11-25 17:59:15,1,55,18.3,86,6.0,1010.9,3,5,358,0.0,0,0.0,0
2025-11-25 18:00:16,1,56,18.3,86,6.0,1010.8,2,5,3,0.0,0,0.0,0
2025-11-25 18:01:17,1,56,18.3,86,6.0,1010.7,3,9,305,0.0,0,0.0,0
2025-11-25 18:02:18,1,56,18.2,86,6.0,1010.9,5,7,352,0.0,0,0.0,0
2025-11-25 18:03:19,1,56,18.2,86,5.9,1011.0,0,7,353,0.0,0,0.0,0
2025-11-25 18:04:20,1,56,18.1,86,5.9,1010.9,4,7,0,0.0,0,0.0,0
2025-11-25 18:05:21,1,56,18.1,86,5.9,1011.0,2,7,22,0.0,0,0.0,0
2025-11-25 18:06:22,1,56,18.0,86,5.9,1011.1,1,5,13,0.0,0,0.0,0
2025-11-25 18:07:23,1,56,18.0,86,5.8,1011.0,3,7,8,0.0,0,0.0,0
2025-11-25 18:08:24,1,56,17.9,86,5.8,1010.9,0,7,340,0.0,0,0.0,0
2025-11-25 18:09:25,1,56,17.9,86,5.8,1011.0,2,3,334,0.0,0,0.0,0
2025-11-25 18:10:26,1,56,17.9,86,5.8,1011.0,0,7,14,0.0,0,0.0,0
2025-11-25 18:11:27,1,56,17.8,86,5.8,1011.0,3,7,7,0.0,0,0.0,0
2025-11-25 18:12:28,1,56,17.8,86,5.7,1011.0,0,9,27,0.0,0,0.0,0
2025-11-25 18:13:29,1,56,17.7,86,5.7,1011.1,1,5,2,0.0,0,0.0,0
2025-11-25 18:14:30,1,56,17.7,86,5.7,1010.9,0,7,22,0.0,0,0.0,0
2025-11-25 18:15:31,1,56,17.7,86,5.7,1011.0,0,7,14,0.0,0,0.0,0
2025-11-25 18:16:32,1,56,17.6,86,5.7,1011.2,3,7,353,0.0,0,0.0,0
2025-11-25 18:17:33,1,56,17.6,86,5.7,1011.1,0,9,7,0.0,0,0.0,0
2025-11-25 18:18:34,1,56,17.6,86,5.6,1011.1,0,7,1,0.0,0,0.0,0
2025-11-25 18:19:35,1,56,17.5,86,5.6,1011.1,1,3,11,0.0,0,0.0,0
2025-11-25 18:20:36,1,57,17.5,86,5.6,1011.1,2,5,354,0.0,0,0.0,0
2025-11-25 18:21:37,1,57,17.5,86,5.6,1011.2,5,9,29,0.0,0,0.0,0
2025-11-25 18:22:38,1,57,17.4,86,5.6,1011.3,0,9,16,0.0,0,0.0,0
2025-11-25 18:23:39,1,57,17.4,86,5.6,1011.3,2,5,8,0.0,0,0.0,0
2025-11-25 18:24:40,1,57,17.4,86,5.6,1011.2,4,11,1,0.0,0,0.0,0
2025-11-25 18:25:41,1,57,17.3,86,5.5,1011.2,1,11,338,0.0,0,0.0,0
2025-11-25 18:26:42,1,57,17.3,86,5.5,1011.4,0,7,300,0.0,0,0.0,0
2025-11-25 18:27:43,1,57,17.3,86,5.5,1011.4,3,7,354,0.0,0,0.0,0
2025-11-25 18:28:44,1,57,17.2,86,5.6,1011.3,3,5,326,0.0,0,0.0,0
2025-11-25 18:29:45,1,57,17.2,86,5.6,1011.3,2,5,322,0.0,0,0.0,0
2025-11-25 18:30:46,1,57,17.2,86,5.5,1011.4,5,7,19,0.0,0,0.0,0
2025-11-25 18:31:47,1,57,17.1,86,5.5,1011.2,0,7,356,0.0,0,0.0,0
2025-11-25 18:32:48,1,57,17.1,86,5.5,1011.3,0,5,350,0.0,0,0.0,0
2025-11-25 18:33:49,1,57,17.1,86,5.5,1011.4,0,5,4,0.0,0,0.0,0
2025-11-25 18:34:50,1,57,17.1,86,5.5,1011.3,3,5,30,0.0,0,0.0,0
2025-11-25 18:35:51,1,57,17.1,86,5.5,1011.4,1,5,5,0.0,0,0.0,0
2025-11-25 18:36:52,1,57,17.0,86,5.4,1011.3,3,5,31,0.0,0,0.0,0
2025-11-25 18:37:53,1,57,17.0,86,5.4,1011.5,1,5,356,0.0,0,0.0,0
2025-11-25 18:38:54,1,57,17.0,86,5.4,1011.5,4,7,357,0.0,0,0.0,0
2025-11-25 18:39:55,1,57,17.0,86,5.4,1011.5,7,9,22,0.0,0,0.0,0
2025-11-25 18:40:56,1,57,16.9,86,5.4,1011.4,5,9,326,0.0,0,0.0,0
2025-11-25 18:41:57,1,57,16.9,86,5.4,1011.5,3,7,47,0.0,0,0.0,0
2025-11-25 18:42:58,1,57,16.9,86,5.5,1011.5,3,9,37,0.0,0,0.0,0
2025-11-25 18:43:59,1,57,16.9,86,5.5,1011.4,2,9,357,0.0,0,0.0,0
2025-11-25 18:45:00,1,57,16.9,86,5.5,1011.4,4,7,355,0.0,0,0.0,0
2025-11-25 18:46:01,1,57,16.8,86,5.5,1011.5,0,7,350,0.0,0,0.0,0
2025-11-25 18:47:02,1,57,16.8,86,5.5,1011.4,4,9,5,0.0,0,0.0,0
2025-11-25 18:48:03,1,58,16.8,86,5.5,1011.5,5,9,342,0.0,0,0.0,0
2025-11-25 18:49:04,1,58,16.8,86,5.5,1011.5,3,9,9,0.0,0,0.0,0
2025-11-25 18:50:05,1,58,16.8,85,5.5,1011.7,4,7,12,0.0,0,0.0,0
2025-11-25 18:51:06,1,58,16.8,85,5.5,1011.6,1,7,327,0.0,0,0.0,0
2025-11-25 18:52:07,1,59,16.9,85,5.5,1011.5,1,5,1,0.0,0,0.0,0
2025-11-25 18:53:08,1,59,16.9,86,5.5,1011.5,0,5,354,0.0,0,0.0,0
2025-11-25 18:54:09,1,59,17.0,85,5.5,1011.6,0,0,354,0.0,0,0.0,0
2025-11-25 18:55:10,1,59,17.2,85,5.5,1011.5,1,5,349,0.0,0,0.0,0
2025-11-25 18:56:11,1,59,17.3,85,5.4,1011.6,1,5,348,0.0,0,0.0,0
2025-11-25 18:57:12,1,58,17.5,86,5.4,1011.7,0,7,338,0.0,0,0.0,0
2025-11-25 18:58:13,1,58,17.6,86,5.4,1011.5,1,7,317,0.0,0,0.0,0
2025-11-25 18:59:14,1,58,17.7,86,5.4,1011.7,2,9,6,0.0,0,0.0,0
2025-11-25 19:00:15,1,58,17.9,86,5.4,1011.6,2,9,4,0.0,0,0.0,0
2025-11-25 19:01:16,1,57,18.0,86,5.4,1011.5,1,5,317,0.0,0,0.0,0
2025-11-25 19:02:17,1,57,18.1,86,5.4,1011.6,0,7,353,0.0,0,0.0,0
2025-11-25 19:03:18,1,57,18.2,86,5.4,1011.7,0,7,355,0.0,0,0.0,0
2025-11-25 19:04:19,1,57,18.4,86,5.4,1011.5,0,1,354,0.0,0,0.0,0
2025-11-25 19:05:20,1,57,18.4,86,5.4,1011.7,1,3,340,0.0,0,0.0,0
2025-11-25 19:06:21,1,56,18.5,86,5.3,1011.7,1,3,351,0.0,0,0.0,0
2025-11-25 19:07:22,1,56,18.6,86,5.3,1011.7,0,3,332,0.0,0,0.0,0
2025-11-25 19:08:23,1,56,18.6,86,5.3,1011.8,4,5,308,0.0,0,0.0,0
2025-11-25 19:09:24,1,56,18.6,86,5.2,1011.8,1,7,346,0.0,0,0.0,0
2025-11-25 19:10:25,1,56,18.7,86,5.2,1011.6,1,5,358,0.0,0,0.0,0
2025-11-25 19:11:26,1,56,18.7,86,5.3,1012.0,0,5,2,0.0,0,0.0,0
2025-11-25 19:12:27,1,56,18.7,86,5.3,1011.7,1,3,9,0.0,0,0.0,0
2025-11-25 19:13:28,1,56,18.7,86,5.2,1011.9,3,5,313,0.0,0,0.0,0
2025-11-25 19:14:29,1,56,18.7,86,5.2,1011.8,0,5,4,0.0,0,0.0,0
2025-11-25 19:15:30,1,56,18.7,86,5.2,1011.8,5,7,9,0.0,0,0.0,0
2025-11-25 19:16:31,1,56,18.7,86,5.2,1011.6,2,7,356,0.0,0,0.0,0
2025-11-25 19:17:32,1,56,18.6,86,5.2,1011.8,1,7,326,0.0,0,0.0,0
2025-11-25 19:18:33,1,56,18.6,87,5.2,1012.0,1,7,344,0.0,0,0.0,0
2025-11-25 19:19:34,1,56,18.6,86,5.2,1011.9,0,7,346,0.0,0,0.0,0
2025-11-25 19:20:35,1,56,18.5,86,5.2,1011.9,0,5,349,0.0,0,0.0,0
2025-11-25 19:21:36,1,56,18.5,86,5.3,1012.0,3,5,303,0.0,0,0.0,0
2025-11-25 19:22:37,1,56,18.5,86,5.2,1012.0,1,5,306,0.0,0,0.0,0
2025-11-25 19:23:38,1,56,18.4,86,5.2,1012.0,6,11,345,0.0,0,0.0,0
2025-11-25 19:24:39,1,56,18.4,86,5.2,1012.0,3,11,315,0.0,0,0.0,0
2025-11-25 19:25:40,1,56,18.3,86,5.2,1011.9,1,5,326,0.0,0,0.0,0
2025-11-25 19:26:41,1,56,18.3,86,5.2,1011.9,6,9,340,0.0,0,0.0,0
2025-11-25 19:27:42,1,56,18.3,86,5.2,1011.9,6,11,322,0.0,0,0.0,0
2025-11-25 19:28:43,1,56,18.2,86,5.2,1012.0,1,11,320,0.0,0,0.0,0
2025-11-25 19:29:44,1,56,18.2,86,5.2,1012.0,5,7,313,0.0,0,0.0,0
2025-11-25 19:30:45,1,56,18.1,86,5.2,1012.0,0,9,350,0.0,0,0.0,0
2025-11-25 19:31:46,1,56,18.0,86,5.2,1012.0,2,5,345,0.0,0,0.0,0
2025-11-25 19:32:47,1,57,18.0,86,5.2,1012.1,0,3,351,0.0,0,0.0,0
2025-11-25 19:33:48,1,57,18.0,86,5.2,1012.1,2,5,310,0.0,0,0.0,0
2025-11-25 19:34:49,1,57,17.9,86,5.2,1012.0,0,5,5,0.0,0,0.0,0
2025-11-25 19:35:50,1,57,17.9,86,5.2,1011.9,0,7,354,0.0,0,0.0,0
2025-11-25 19:36:51,1,57,17.9,86,5.2,1012.1,0,5,353,0.0,0,0.0,0
2025-11-25 19:37:52,1,57,17.8,86,5.1,1011.9,2,5,1,0.0,0,0.0,0
2025-11-25 19:38:53,1,57,17.8,86,5.1,1012.0,5,7,343,0.0,0,0.0,0
2025-11-25 19:39:54,1,57,17.8,86,5.1,1012.0,0,7,339,0.0,0,0.0,0
2025-11-25 19:40:55,1,57,17.7,86,5.1,1012.2,1,3,295,0.0,0,0.0,0
2025-11-25 19:41:56,1,57,17.7,86,5.1,1012.1,3,5,306,0.0,0,0.0,0
2025-11-25 19:42:57,1,58,17.7,86,5.1,1012.1,0,5,306,0.0,0,0.0,0
2025-11-25 19:43:58,1,58,17.7,86,5.1,1012.0,0,1,304,0.0,0,0.0,0
2025-11-25 19:44:59,1,58,17.6,86,5.1,1012.0,0,1,310,0.0,0,0.0,0
2025-11-25 19:46:00,1,58,17.6,87,5.0,1012.1,2,7,336,0.0,0,0.0,0
2025-11-25 19:47:01,1,58,17.5,87,5.0,1012.0,1,5,322,0.0,0,0.0,0
2025-11-25 19:48:02,1,58,17.5,87,5.1,1012.1,0,3,1,0.0,0,0.0,0
2025-11-25 19:49:03,1,58,17.5,87,5.0,1012.1,2,7,354,0.0,0,0.0,0
2025-11-25 19:50:04,1,58,17.5,87,5.0,1012.1,0,7,19,0.0,0,0.0,0
2025-11-25 19:51:05,1,58,17.4,87,5.0,1012.1,0,7,11,0.0,0,0.0,0
2025-11-25 19:52:06,1,59,17.4,87,5.0,1012.1,0,3,359,0.0,0,0.0,0
2025-11-25 19:53:07,1,59,17.4,87,5.0,1012.0,0,5,341,0.0,0,0.0,0
2025-11-25 19:54:08,1,59,17.4,87,5.0,1012.2,4,7,7,0.0,0,0.0,0
2025-11-25 19:55:09,1,59,17.4,87,5.0,1012.1,0,7,354,0.0,0,0.0,0
2025-11-25 19:56:10,1,59,17.3,87,5.0,1012.2,5,9,2,0.0,0,0.0,0
2025-11-25 19:57:11,1,59,17.3,87,5.0,1012.1,3,9,329,0.0,0,0.0,0
2025-11-25 19:58:12,1,59,17.3,87,5.1,1012.2,0,7,347,0.0,0,0.0,0
2025-11-25 19:59:13,1,59,17.2,87,5.1,1012.2,0,5,347,0.0,0,0.0,0
2025-11-25 20:00:14,1,59,17.2,87,5.1,1012.0,2,9,349,0.0,0,0.0,0
2025-11-25 20:01:15,1,59,17.2,87,5.1,1012.1,1,9,4,0.0,0,0.0,0
2025-11-25 20:02:16,1,59,17.2,87,5.1,1012.1,1,9,0,0.0,0,0.0,0
2025-11-25 20:03:17,1,60,17.1,86,5.2,1012.2,0,7,359,0.0,0,0.0,0
2025-11-25 20:04:18,1,60,17.1,87,5.2,1012.0,3,9,2,0.0,0,0.0,0
2025-11-25 20:05:19,1,60,17.1,87,5.2,1012.1,5,9,293,0.0,0,0.0,0
2025-11-25 20:06:20,1,60,17.1,86,5.2,1012.3,3,9,16,0.0,0,0.0,0
2025-11-25 20:07:21,1,60,17.1,86,5.2,1012.2,2,9,354,0.0,0,0.0,0
2025-11-25 20:08:22,1,60,17.0,86,5.2,1012.2,4,9,325,0.0,0,0.0,0
2025-11-25 20:09:23,1,60,17.0,86,5.2,1012.2,1,7,338,0.0,0,0.0,0
2025-11-25 20:10:24,1,60,17.0,86,5.2,1012.1,5,7,14,0.0,0,0.0,0
2025-11-25 20:11:25,1,60,17.0,86,5.2,1012.2,3,7,350,0.0,0,0.0,0
2025-11-25 20:12:26,1,60,17.0,86,5.2,1012.2,4,9,335,0.0,0,0.0,0
2025-11-25 20:13:27,1,60,17.0,86,5.2,1012.3,2,9,352,0.0,0,0.0,0
2025-11-25 20:14:28,1,60,17.0,86,5.2,1012.1,3,9,324,0.0,0,0.0,0
2025-11-25 20:15:29,1,60,16.9,86,5.2,1012.2,1,9,328,0.0,0,0.0,0
2025-11-25 20:16:30,1,60,16.9,86,5.2,1012.2,1,7,349,0.0,0,0.0,0
2025-11-25 20:17:31,1,61,16.9,86,5.2,1012.2,6,9,6,0.0,0,0.0,0
2025-11-25 20:18:32,1,61,16.9,86,5.2,1012.3,1,9,329,0.0,0,0.0,0
2025-11-25 20:19:33,1,62,17.0,86,5.2,1012.3,1,5,358,0.0,0,0.0,0
2025-11-25 20:20:34,1,62,17.1,86,5.2,1012.3,1,7,330,0.0,0,0.0,0
2025-11-25 20:21:35,1,62,17.2,86,5.2,1012.5,7,9,352,0.0,0,0.0,0
2025-11-25 20:22:36,1,62,17.4,86,5.2,1012.3,0,9,326,0.0,0,0.0,0
2025-11-25 20:23:37,1,61,17.5,86,5.2,1012.4,2,11,349,0.0,0,0.0,0
2025-11-25 20:24:38,1,61,17.7,87,5.2,1012.2,2,11,344,0.0,0,0.0,0
2025-11-25 20:25:39,1,61,17.8,86,5.2,1012.2,1,9,357,0.0,0,0.0,0
2025-11-25 20:26:40,1,61,18.0,86,5.2,1012.5,3,9,348,0.0,0,0.0,0
2025-11-25 20:27:41,1,60,18.1,86,5.2,1012.5,4,9,358,0.0,0,0.0,0
2025-11-25 20:28:42,1,59,18.3,86,5.2,1012.3,0,7,328,0.0,0,0.0,0
2025-11-25 20:29:43,1,59,18.3,86,5.2,1012.3,2,7,7,0.0,0,0.0,0
2025-11-25 20:30:44,1,59,18.5,86,5.1,1012.5,2,3,330,0.0,0,0.0,0
2025-11-25 20:31:45,1,58,18.6,86,5.1,1012.4,0,5,340,0.0,0,0.0,0
2025-11-25 20:32:46,1,58,18.6,87,5.1,1012.4,3,5,332,0.0,0,0.0,0
2025-11-25 20:33:47,1,58,18.7,86,5.1,1012.5,1,5,354,0.0,0,0.0,0
2025-11-25 20:34:48,1,58,18.7,86,5.1,1012.6,1,1,2,0.0,0,0.0,0
2025-11-25 20:35:49,1,58,18.7,86,5.1,1012.5,0,1,331,0.0,0,0.0,0
2025-11-25 20:36:50,1,58,18.7,86,5.1,1012.4,0,3,321,0.0,0,0.0,0
2025-11-25 20:37:51,1,57,18.8,86,5.1,1012.5,0,1,325,0.0,0,0.0,0
2025-11-25 20:38:52,1,57,18.7,86,5.0,1012.4,0,1,332,0.0,0,0.0,0
2025-11-25 20:39:53,1,57,18.7,86,5.0,1012.5,0,3,317,0.0,0,0.0,0
2025-11-25 20:40:54,1,57,18.7,87,5.0,1012.4,3,5,326,0.0,0,0.0,0
2025-11-25 20:41:55,1,57,18.7,87,5.0,1012.5,1,5,293,0.0,0,0.0,0
2025-11-25 20:42:56,1,57,18.7,87,5.0,1012.6,0,3,335,0.0,0,0.0,0
2025-11-25 20:43:57,1,57,18.7,87,5.0,1012.4,4,7,350,0.0,0,0.0,0
2025-11-25 20:44:58,1,57,18.6,87,5.0,1012.6,1,7,359,0.0,0,0.0,0
2025-11-25 20:45:59,1,57,18.6,87,5.0,1012.5,1,3,310,0.0,0,0.0,0
2025-11-25 20:47:00,1,57,18.6,87,5.1,1012.4,0,7,29,0.0,0,0.0,0
2025-11-25 20:48:01,1,57,18.5,87,5.1,1012.5,1,7,351,0.0,0,0.0,0
2025-11-25 20:49:02,1,57,18.5,87,5.1,1012.5,1,9,357,0.0,0,0.0,0
2025-11-25 20:50:03,1,57,18.5,87,5.1,1012.5,2,9,14,0.0,0,0.0,0
2025-11-25 20:51:04,1,57,18.4,87,5.1,1012.4,0,5,334,0.0,0,0.0,0
2025-11-25 20:52:05,1,57,18.4,87,5.1,1012.5,1,5,0,0.0,0,0.0,0
2025-11-25 20:53:06,1,57,18.3,87,5.1,1012.5,0,3,338,0.0,0,0.0,0
2025-11-25 20:54:07,1,57,18.3,87,5.1,1012.5,0,3,350,0.0,0,0.0,0
2025-11-25 20:55:08,1,58,18.2,87,5.1,1012.5,1,3,335,0.0,0,0.0,0
2025-11-25 20:56:09,1,58,18.2,87,5.1,1012.7,3,5,14,0.0,0,0.0,0
2025-11-25 20:57:10,1,58,18.2,87,5.1,1012.4,1,9,2,0.0,0,0.0,0
2025-11-25 20:58:11,1,58,18.1,87,5.1,1012.6,0,9,1,0.0,0,0.0,0
2025-11-25 20:59:12,1,58,18.0,87,5.2,1012.5,3,9,318,0.0,0,0.0,0
2025-11-25 21:00:13,1,58,18.0,87,5.2,1012.7,0,7,341,0.0,0,0.0,0
2025-11-25 21:01:14,1,58,18.0,87,5.2,1012.6,4,7,15,0.0,0,0.0,0
2025-11-25 21:02:15,1,58,17.9,87,5.2,1012.6,0,7,10,0.0,0,0.0,0
2025-11-25 21:03:16,1,58,17.9,87,5.2,1012.5,2,5,318,0.0,0,0.0,0
2025-11-25 21:04:17,1,58,17.9,87,5.2,1012.6,3,5,347,0.0,0,0.0,0
2025-11-25 21:05:18,1,58,17.8,87,5.2,1012.8,0,7,0,0.0,0,0.0,0
2025-11-25 21:06:19,1,58,17.8,87,5.3,1012.7,1,7,16,0.0,0,0.0,0
2025-11-25 21:07:20,1,58,17.7,87,5.3,1012.8,6,9,12,0.0,0,0.0,0
2025-11-25 21:08:21,1,58,17.7,86,5.3,1012.7,5,9,36,0.0,0,0.0,0
2025-11-25 21:09:22,1,58,17.7,86,5.3,1012.9,2,9,303,0.0,0,0.0,0
2025-11-25 21:10:23,1,58,17.7,86,5.4,1012.7,0,7,336,0.0,0,0.0,0
2025-11-25 21:11:24,1,58,17.6,86,5.4,1012.8,3,9,303,0.0,0,0.0,0
2025-11-25 21:12:25,1,58,17.6,86,5.4,1012.7,3,9,340,0.0,0,0.0,0
2025-11-25 21:13:26,1,58,17.6,86,5.4,1012.8,2,7,342,0.0,0,0.0,0
2025-11-25 21:14:27,1,58,17.5,86,5.4,1013.0,3,9,351,0.0,0,0.0,0
2025-11-25 21:15:28,1,58,17.5,86,5.4,1012.7,0,9,344,0.0,0,0.0,0
2025-11-25 21:16:29,1,58,17.5,86,5.4,1012.7,3,5,344,0.0,0,0.0,0
2025-11-25 21:17:30,1,58,17.4,86,5.4,1012.8,1,5,358,0.0,0,0.0,0
2025-11-25 21:18:31,1,59,17.4,86,5.4,1012.8,2,9,294,0.0,0,0.0,0
2025-11-25 21:19:32,1,59,17.4,86,5.4,1012.9,2,9,346,0.0,0,0.0,0
2025-11-25 21:20:33,1,59,17.3,86,5.4,1012.8,2,5,21,0.0,0,0.0,0
2025-11-25 21:21:34,1,59,17.3,86,5.4,1012.8,7,11,4,0.0,0,0.0,0
2025-11-25 21:22:35,1,59,17.3,86,5.3,1012.9,2,11,324,0.0,0,0.0,0
2025-11-25 21:23:36,1,59,17.3,86,5.3,1013.0,3,5,339,0.0,0,0.0,0
2025-11-25 21:24:37,1,59,17.2,86,5.4,1012.8,2,5,15,0.0,0,0.0,0
2025-11-25 21:25:38,1,59,17.2,86,5.4,1012.8,2,7,7,0.0,0,0.0,0
2025-11-25 21:26:39,1,59,17.2,86,5.4,1013.0,1,9,21,0.0,0,0.0,0
2025-11-25 21:27:40,1,59,17.2,86,5.4,1013.0,0,9,331,0.0,0,0.0,0
2025-11-25 21:28:41,1,59,17.1,86,5.3,1013.0,4,7,323,0.0,0,0.0,0
2025-11-25 21:29:42,1,59,17.1,86,5.3,1013.0,2,9,10,0.0,0,0.0,0
2025-11-25 21:30:43,1,59,17.1,86,5.3,1012.9,2,9,328,0.0,0,0.0,0
2025-11-25 21:31:44,1,59,17.1,86,5.3,1012.9,1,5,321,0.0,0,0.0,0
2025-11-25 21:32:45,1,59,17.1,86,5.3,1012.9,3,9,330,0.0,0,0.0,0
2025-11-25 21:33:46,1,59,17.0,86,5.3,1013.0,1,7,315,0.0,0,0.0,0
2025-11-25 21:34:47,1,59,17.0,86,5.3,1012.8,0,3,10,0.0,0,0.0,0
2025-11-25 21:35:48,1,59,17.0,86,5.3,1012.9,1,3,346,0.0,0,0.0,0
2025-11-25 21:36:49,1,59,17.0,86,5.2,1012.9,1,7,17,0.0,0,0.0,0
2025-11-25 21:37:50,1,59,17.0,86,5.2,1013.1,6,11,5,0.0,0,0.0,0
2025-11-25 21:38:51,1,59,17.0,86,5.2,1013.0,3,11,299,0.0,0,0.0,0
2025-11-25 21:39:52,1,59,17.0,86,5.3,1012.9,3,7,3,0.0,0,0.0,0
2025-11-25 21:40:53,1,60,16.9,86,5.3,1012.9,3,5,14,0.0,0,0.0,0
2025-11-25 21:41:54,1,60,16.9,86,5.3,1012.9,3,5,3,0.0,0,0.0,0
2025-11-25 21:42:55,1,61,17.0,86,5.3,1012.9,1,5,337,0.0,0,0.0,0
2025-11-25 21:43:56,1,61,17.0,86,5.3,1013.1,0,3,352,0.0,0,0.0,0
2025-11-25 21:44:57,1,61,17.1,86,5.3,1013.0,1,3,328,0.0,0,0.0,0
2025-11-25 21:45:58,1,61,17.3,87,5.3,1012.9,5,9,3,0.0,0,0.0,0
2025-11-25 21:46:59,1,61,17.4,87,5.3,1013.0,3,9,32,0.0,0,0.0,0
2025-11-25 21:48:00,1,60,17.6,86,5.3,1013.0,0,5,352,0.0,0,0.0,0
2025-11-25 21:49:01,1,60,17.7,86,5.3,1012.9,2,5,344,0.0,0,0.0,0
2025-11-25 21:50:02,1,60,17.8,86,5.3,1013.1,3,5,317,0.0,0,0.0,0
2025-11-25 21:51:03,1,60,18.0,86,5.3,1012.9,1,7,337,0.0,0,0.0,0
2025-11-25 21:52:04,1,59,18.1,86,5.3,1012.9,0,7,344,0.0,0,0.0,0
2025-11-25 21:53:05,1,59,18.2,87,5.3,1013.0,2,7,328,0.0,0,0.0,0
2025-11-25 21:54:06,1,59,18.4,87,5.3,1012.9,0,7,324,0.0,0,0.0,0
2025-11-25 21:55:07,1,58,18.5,87,5.3,1012.9,0,5,325,0.0,0,0.0,0
2025-11-25 21:56:08,1,58,18.5,87,5.3,1013.0,1,3,323,0.0,0,0.0,0
2025-11-25 21:57:09,1,58,18.6,87,5.2,1012.9,1,3,8,0.0,0,0.0,0
2025-11-25 21:58:10,1,58,18.7,87,5.2,1013.0,1,3,355,0.0,0,0.0,0
2025-11-25 21:59:11,1,57,18.7,87,5.2,1013.1,0,5,12,0.0,0,0.0,0
2025-11-25 22:00:12,1,57,18.7,87,5.3,1013.0,0,3,327,0.0,0,0.0,0
2025-11-25 22:01:13,1,57,18.8,87,5.3,1012.9,0,3,322,0.0,0,0.0,0
2025-11-25 22:02:14,1,57,18.8,87,5.3,1013.0,2,3,338,0.0,0,0.0,0
2025-11-25 22:03:15,1,57,18.8,87,5.2,1013.0,0,3,337,0.0,0,0.0,0
2025-11-25 22:04:16,1,57,18.8,87,5.2,1013.0,5,9,343,0.0,0,0.0,0
2025-11-25 22:05:17,1,56,18.8,87,5.2,1013.1,0,9,318,0.0,0,0.0,0
2025-11-25 22:06:18,1,56,18.7,87,5.3,1013.1,1,5,340,0.0,0,0.0,0
2025-11-25 22:07:19,1,56,18.7,87,5.3,1012.8,3,5,336,0.0,0,0.0,0
2025-11-25 22:08:20,1,56,18.7,87,5.3,1013.0,3,5,310,0.0,0,0.0,0
2025-11-25 22:09:21,1,56,18.7,87,5.3,1013.2,5,7,357,0.0,0,0.0,0
2025-11-25 22:10:22,1,56,18.7,87,5.3,1012.9,1,7,303,0.0,0,0.0,0
2025-11-25 22:11:23,1,56,18.6,87,5.3,1013.3,0,1,316,0.0,0,0.0,0
2025-11-25 22:12:24,1,56,18.6,87,5.3,1013.0,1,5,306,0.0,0,0.0,0
2025-11-25 22:13:25,1,56,18.5,87,5.3,1013.0,2,5,348,0.0,0,0.0,0
2025-11-25 22:14:26,1,56,18.5,87,5.3,1013.1,2,5,357,0.0,0,0.0,0
2025-11-25 22:15:27,1,57,18.5,87,5.3,1013.1,2,5,350,0.0,0,0.0,0
2025-11-25 22:16:28,1,57,18.4,86,5.3,1013.1,1,5,3,0.0,0,0.0,0
2025-11-25 22:17:29,1,57,18.4,86,5.2,1013.1,1,3,352,0.0,0,0.0,0
2025-11-25 22:18:30,1,57,18.4,86,5.2,1013.1,1,3,5,0.0,0,0.0,0
2025-11-25 22:19:31,1,57,18.3,86,5.2,1012.9,2,5,313,0.0,0,0.0,0
2025-11-25 22:20:32,1,57,18.2,86,5.2,1013.1,4,5,316,0.0,0,0.0,0
2025-11-25 22:21:33,1,57,18.2,86,5.2,1013.1,3,7,348,0.0,0,0.0,0
2025-11-25 22:22:34,1,57,18.2,87,5.2,1013.2,2,7,353,0.0,0,0.0,0
2025-11-25 22:23:35,1,57,18.1,87,5.2,1013.0,2,7,349,0.0,0,0.0,0
2025-11-25 22:24:36,1,57,18.1,87,5.2,1013.1,7,9,319,0.0,0,0.0,0
2025-11-25 22:25:37,1,57,18.0,87,5.2,1013.4,2,9,301,0.0,0,0.0,0
2025-11-25 22:26:38,1,57,18.0,87,5.2,1013.2,1,7,333,0.0,0,0.0,0
2025-11-25 22:27:39,1,57,18.0,87,5.2,1013.1,0,5,328,0.0,0,0.0,0
2025-11-25 22:28:40,1,57,17.9,87,5.2,1013.3,1,5,326,0.0,0,0.0,0
2025-11-25 22:29:41,1,57,17.9,87,5.2,1013.2,5,7,331,0.0,0,0.0,0
2025-11-25 22:30:42,1,57,17.8,87,5.2,1013.3,1,7,336,0.0,0,0.0,0
2025-11-25 22:31:43,1,57,17.8,87,5.2,1013.3,0,5,353,0.0,0,0.0,0
2025-11-25 22:32:44,1,57,17.7,87,5.2,1013.1,0,3,352,0.0,0,0.0,0
2025-11-25 22:33:45,1,57,17.7,87,5.2,1013.1,0,1,342,0.0,0,0.0,0
2025-11-25 22:34:46,1,57,17.7,87,5.2,1013.4,3,5,355,0.0,0,0.0,0
2025-11-25 22:35:47,1,58,17.7,87,5.2,1013.3,0,5,334,0.0,0,0.0,0
2025-11-25 22:36:48,1,58,17.6,87,5.2,1013.3,3,5,315,0.0,0,0.0,0
2025-11-25 22:37:49,1,58,17.6,87,5.2,1013.3,0,5,350,0.0,0,0.0,0
2025-11-25 22:38:50,1,58,17.5,87,5.2,1013.3,0,5,350,0.0,0,0.0,0
2025-11-25 22:39:51,1,58,17.5,87,5.2,1013.2,1,3,2,0.0,0,0.0,0
2025-11-25 22:40:52,1,58,17.5,87,5.2,1013.3,1,5,345,0.0,0,0.0,0
2025-11-25 22:41:53,1,58,17.5,87,5.2,1013.4,3,7,12,0.0,0,0.0,0
2025-11-25 22:42:54,1,58,17.4,87,5.3,1013.4,2,7,341,0.0,0,0.0,0
2025-11-25 22:43:55,1,58,17.4,87,5.3,1013.4,0,3,347,0.0,0,0.0,0
2025-11-25 22:44:56,1,58,17.4,87,5.3,1013.3,6,9,357,0.0,0,0.0,0
2025-11-25 22:45:57,1,58,17.4,87,5.3,1013.3,3,7,18,0.0,0,0.0,0
2025-11-25 22:46:58,1,58,17.3,87,5.4,1013.4,2,7,335,0.0,0,0.0,0
2025-11-25 22:47:59,1,58,17.3,87,5.4,1013.3,0,11,308,0.0,0,0.0,0
2025-11-25 22:49:00,1,58,17.3,86,5.4,1013.3,6,7,341,0.0,0,0.0,0
2025-11-25 22:50:01,1,58,17.2,86,5.4,1013.4,1,7,340,0.0,0,0.0,0
2025-11-25 22:51:02,1,58,17.2,86,5.5,1013.2,5,9,8,0.0,0,0.0,0
2025-11-25 22:52:03,1,58,17.2,86,5.5,1013.5,8,11,358,0.0,0,0.0,0
2025-11-25 22:53:04,1,58,17.2,86,5.5,1013.5,2,11,310,0.0,0,0.0,0
2025-11-25 22:54:05,1,58,17.1,86,5.5,1013.5,2,5,324,0.0,0,0.0,0
2025-11-25 22:55:06,1,58,17.1,86,5.5,1013.4,1,7,320,0.0,0,0.0,0
2025-11-25 22:56:07,1,58,17.1,86,5.5,1013.5,0,7,308,0.0,0,0.0,0
2025-11-25 22:57:08,1,58,17.1,86,5.5,1013.5,2,5,353,0.0,0,0.0,0
2025-11-25 22:58:09,1,58,17.1,86,5.5,1013.4,1,5,333,0.0,0,0.0,0
2025-11-25 22:59:10,1,58,17.0,86,5.5,1013.4,0,5,350,0.0,0,0.0,0
2025-11-25 23:00:11,1,58,17.0,86,5.5,1013.6,3,7,347,0.0,0,0.0,0
2025-11-25 23:01:12,1,58,17.0,86,5.5,1013.6,0,7,340,0.0,0,0.0,0
2025-11-25 23:02:13,1,58,17.0,86,5.5,1013.5,2,3,321,0.0,0,0.0,0
2025-11-25 23:03:14,1,58,17.0,86,5.5,1013.6,0,7,330,0.0,0,0.0,0
2025-11-25 23:04:15,1,59,16.9,86,5.5,1013.6,0,7,26,0.0,0,0.0,0
2025-11-25 23:05:16,1,59,16.9,86,5.5,1013.6,4,7,295,0.0,0,0.0,0
2025-11-25 23:06:17,1,59,16.9,86,5.5,1013.6,2,7,4,0.0,0,0.0,0
2025-11-25 23:07:18,1,59,16.9,86,5.5,1013.7,0,3,324,0.0,0,0.0,0
2025-11-25 23:08:19,1,59,16.9,86,5.5,1013.6,1,1,310,0.0,0,0.0,0
2025-11-25 23:09:20,1,59,16.9,86,5.5,1013.6,1,5,320,0.0,0,0.0,0
2025-11-25 23:10:21,1,59,16.9,86,5.5,1013.7,1,7,329,0.0,0,0.0,0
2025-11-25 23:11:22,1,59,16.9,86,5.5,1013.7,7,9,1,0.0,0,0.0,0
2025-11-25 23:12:23,1,59,17.0,87,5.5,1013.7,1,9,339,0.0,0,0.0,0
2025-11-25 23:13:24,1,59,17.1,87,5.5,1013.7,5,5,300,0.0,0,0.0,0
2025-11-25 23:14:25,1,59,17.1,86,5.6,1013.6,0,5,318,0.0,0,0.0,0
2025-11-25 23:15:26,1,59,17.2,86,5.6,1013.4,2,7,348,0.0,0,0.0,0
2025-11-25 23:16:27,1,59,17.2,86,5.6,1013.7,2,7,322,0.0,0,0.0,0
2025-11-25 23:17:28,1,59,17.3,86,5.6,1013.8,2,7,355,0.0,0,0.0,0
2025-11-25 23:18:29,1,59,17.4,86,5.6,1013.7,2,7,335,0.0,0,0.0,0
2025-11-25 23:19:30,1,59,17.5,86,5.6,1013.7,3,7,291,0.0,0,0.0,0
2025-11-25 23:20:31,1,58,17.5,86,5.6,1013.8,2,7,340,0.0,0,0.0,0
2025-11-25 23:21:32,1,58,17.6,87,5.7,1013.8,0,5,324,0.0,0,0.0,0
2025-11-25 23:22:33,1,58,17.6,86,5.7,1013.7,0,5,343,0.0,0,0.0,0
2025-11-25 23:23:34,1,58,17.7,87,5.7,1013.8,3,5,325,0.0,0,0.0,0
2025-11-25 23:24:35,1,58,17.7,87,5.7,1013.9,2,5,341,0.0,0,0.0,0
2025-11-25 23:25:36,1,58,17.8,87,5.7,1013.8,1,7,302,0.0,0,0.0,0
2025-11-25 23:26:37,1,57,17.8,87,5.7,1013.8,0,7,302,0.0,0,0.0,0
2025-11-25 23:27:38,1,57,17.8,87,5.7,1013.8,2,3,345,0.0,0,0.0,0
2025-11-25 23:28:39,1,57,17.9,87,5.7,1013.8,2,5,356,0.0,0,0.0,0
2025-11-25 23:29:40,1,57,17.9,87,5.7,1013.9,0,5,344,0.0,0,0.0,0
2025-11-25 23:30:41,1,57,18.0,87,5.7,1014.0,1,5,0,0.0,0,0.0,0
2025-11-25 23:31:42,1,57,18.0,87,5.7,1014.0,0,5,340,0.0,0,0.0,0
2025-11-25 23:32:43,1,57,18.0,87,5.7,1013.9,1,7,300,0.0,0,0.0,0
2025-11-25 23:33:44,1,57,18.0,87,5.7,1013.9,0,7,301,0.0,0,0.0,0
2025-11-25 23:34:45,1,57,18.0,87,5.7,1013.9,2,5,13,0.0,0,0.0,0
2025-11-25 23:35:46,1,57,18.1,87,5.7,1013.9,7,9,12,0.0,0,0.0,0
2025-11-25 23:36:47,1,57,18.1,87,5.7,1013.7,3,9,1,0.0,0,0.0,0
2025-11-25 23:37:48,1,56,18.1,87,5.7,1013.8,0,5,341,0.0,0,0.0,0
2025-11-25 23:38:49,1,56,18.1,87,5.7,1014.0,6,7,0,0.0,0,0.0,0
2025-11-25 23:39:50,1,56,18.0,87,5.7,1013.9,2,7,6,0.0,0,0.0,0
2025-11-25 23:40:51,1,56,18.0,87,5.8,1014.0,0,5,349,0.0,0,0.0,0
2025-11-25 23:41:52,1,56,18.0,87,5.8,1013.9,0,3,6,0.0,0,0.0,0
2025-11-25 23:42:53,1,56,18.0,87,5.8,1013.9,1,5,314,0.0,0,0.0,0
2025-11-25 23:43:54,1,56,18.0,87,5.8,1014.0,1,5,306,0.0,0,0.0,0
2025-11-25 23:44:55,1,56,17.9,87,5.8,1013.9,2,3,334,0.0,0,0.0,0
2025-11-25 23:45:56,1,56,17.9,87,5.8,1014.0,0,3,338,0.0,0,0.0,0
2025-11-25 23:46:57,1,56,17.9,87,5.8,1014.2,0,5,347,0.0,0,0.0,0
2025-11-25 23:47:58,1,56,17.9,87,5.8,1014.0,4,7,22,0.0,0,0.0,0
2025-11-25 23:48:59,1,56,17.8,87,5.8,1014.0,2,7,351,0.0,0,0.0,0
2025-11-25 23:50:00,1,56,17.8,87,5.8,1014.0,1,9,355,0.0,0,0.0,0
2025-11-25 23:51:01,1,56,17.8,87,5.8,1014.1,2,9,4,0.0,0,0.0,0
2025-11-25 23:52:02,1,56,17.7,87,5.9,1014.2,2,5,349,0.0,0,0.0,0
2025-11-25 23:53:03,1,56,17.7,87,5.9,1014.2,1,7,20,0.0,0,0.0,0
2025-11-25 23:54:04,1,56,17.7,87,5.9,1014.0,2,7,330,0.0,0,0.0,0
2025-11-25 23:55:05,1,56,17.7,87,5.9,1014.1,4,5,5,0.0,0,0.0,0
2025-11-25 23:56:06,1,56,17.6,87,5.9,1014.1,6,7,13,0.0,0,0.0,0
2025-11-25 23:57:07,1,56,17.6,87,5.9,1014.1,4,7,28,0.0,0,0.0,0
2025-11-25 23:58:08,1,57,17.6,87,5.9,1014.1,2,7,346,0.0,0,0.0,0
2025-11-25 23:59:09,1,57,17.6,87,5.9,1014.0,5,9,345,0.0,0,0.0,0
