2025-11-26 00:00:10,1,57,17.5,87,5.9,1014.1,3,9,43,0.0,0,0.0,0
2025-11-26 00:01:11,1,57,17.5,87,6.0,1013.9,3,9,18,0.0,0,0.0,0
2025-11-26 00:02:12,1,57,17.4,87,6.0,1014.1,3,11,7,0.0,0,0.0,0
2025-11-26 00:03:13,1,57,17.4,87,6.0,1014.1,5,11,13,0.0,0,0.0,0
2025-11-26 00:04:14,1,57,17.4,87,6.0,1014.0,4,7,42,0.0,0,0.0,0
2025-11-26 00:05:15,1,57,17.4,87,6.0,1014.3,9,12,2,0.0,0,0.0,0
2025-11-26 00:06:16,1,57,17.3,87,6.0,1014.1,3,14,20,0.0,0,0.0,0
2025-11-26 00:07:17,1,57,17.3,87,6.0,1014.3,0,7,49,0.0,0,0.0,0
2025-11-26 00:08:18,1,57,17.3,87,6.0,1014.3,5,12,24,0.0,0,0.0,0
2025-11-26 00:09:19,1,57,17.3,87,6.0,1014.1,1,7,349,0.0,0,0.0,0
2025-11-26 00:10:20,1,57,17.2,87,6.0,1014.0,2,11,21,0.0,0,0.0,0
2025-11-26 00:11:21,1,57,17.2,87,6.0,1014.2,6,9,63,0.0,0,0.0,0
2025-11-26 00:12:22,1,57,17.2,86,6.0,1014.3,2,7,21,0.0,0,0.0,0
2025-11-26 00:13:23,1,57,17.2,87,6.0,1014.0,2,7,17,0.0,0,0.0,0
2025-11-26 00:14:24,1,57,17.1,87,6.0,1014.2,5,7,341,0.0,0,0.0,0
2025-11-26 00:15:25,1,57,17.1,87,6.0,1014.3,1,7,53,0.0,0,0.0,0
2025-11-26 00:16:26,1,57,17.1,87,6.0,1014.2,4,18,43,0.0,0,0.0,0
2025-11-26 00:17:27,1,57,17.1,87,6.0,1014.2,3,18,33,0.0,0,0.0,0
2025-11-26 00:18:28,1,57,17.0,87,6.0,1014.3,5,11,358,0.0,0,0.0,0
2025-11-26 00:19:29,1,57,17.0,86,6.0,1014.1,6,9,21,0.0,0,0.0,0
2025-11-26 00:20:30,1,57,17.0,87,6.0,1014.1,2,12,21,0.0,0,0.0,0
2025-11-26 00:21:31,1,57,17.0,87,6.0,1014.1,0,7,25,0.0,0,0.0,0
2025-11-26 00:22:32,1,57,16.9,87,6.0,1014.1,0,1,13,0.0,0,0.0,0
2025-11-26 00:23:33,1,57,16.9,87,5.9,1014.0,5,11,35,0.0,0,0.0,0
2025-11-26 00:24:34,1,57,16.9,87,5.9,1014.1,0,11,65,0.0,0,0.0,0
2025-11-26 00:25:35,1,57,16.9,87,5.9,1014.1,1,5,15,0.0,0,0.0,0
2025-11-26 00:26:36,1,58,16.9,87,5.9,1014.3,0,5,22,0.0,0,0.0,0
2025-11-26 00:27:37,1,58,16.9,87,5.9,1014.2,3,14,16,0.0,0,0.0,0
2025-11-26 00:28:38,1,58,16.9,87,5.8,1014.1,3,14,21,0.0,0,0.0,0
2025-11-26 00:29:39,1,58,16.9,87,5.8,1014.2,4,7,44,0.0,0,0.0,0
2025-11-26 00:30:40,1,58,17.0,87,5.8,1014.2,0,14,22,0.0,0,0.0,0
2025-11-26 00:31:41,1,58,17.0,87,5.8,1014.3,0,14,16,0.0,0,0.0,0
2025-11-26 00:32:42,1,58,17.1,87,5.8,1014.2,2,5,27,0.0,0,0.0,0
2025-11-26 00:33:43,1,58,17.1,87,5.8,1014.2,0,9,39,0.0,0,0.0,0
2025-11-26 00:34:44,1,58,17.3,87,5.7,1014.3,0,5,16,0.0,0,0.0,0
2025-11-26 00:35:45,1,58,17.3,87,5.7,1014.1,7,9,35,0.0,0,0.0,0
2025-11-26 00:36:46,1,58,17.4,87,5.7,1014.3,2,9,33,0.0,0,0.0,0
2025-11-26 00:37:47,1,58,17.4,87,5.7,1014.5,4,7,354,0.0,0,0.0,0
2025-11-26 00:38:48,1,57,17.5,87,5.7,1014.3,2,9,27,0.0,0,0.0,0
2025-11-26 00:39:49,1,57,17.5,88,5.6,1014.3,3,9,36,0.0,0,0.0,0
2025-11-26 00:40:50,1,57,17.6,88,5.6,1014.3,2,9,35,0.0,0,0.0,0
2025-11-26 00:41:51,1,57,17.6,88,5.6,1014.2,2,5,23,0.0,0,0.0,0
2025-11-26 00:42:52,1,57,17.7,88,5.5,1014.2,3,5,1,0.0,0,0.0,0
2025-11-26 00:43:53,1,57,17.7,88,5.5,1014.3,5,9,31,0.0,0,0.0,0
2025-11-26 00:44:54,1,57,17.8,88,5.5,1014.3,0,9,37,0.0,0,0.0,0
2025-11-26 00:45:55,1,57,17.8,88,5.5,1014.3,2,7,31,0.0,0,0.0,0
2025-11-26 00:46:56,1,56,17.9,88,5.5,1014.3,0,7,19,0.0,0,0.0,0
2025-11-26 00:47:57,1,56,17.9,88,5.4,1014.5,0,5,1,0.0,0,0.0,0
2025-11-26 00:48:58,1,56,17.9,88,5.4,1014.4,0,5,14,0.0,0,0.0,0
2025-11-26 00:49:59,1,56,17.9,88,5.4,1014.5,1,3,11,0.0,0,0.0,0
2025-11-26 00:51:00,1,56,17.9,88,5.3,1014.3,2,3,33,0.0,0,0.0,0
2025-11-26 00:52:01,1,56,18.0,88,5.3,1014.4,0,3,50,0.0,0,0.0,0
2025-11-26 00:53:02,1,56,18.0,88,5.3,1014.4,3,9,1,0.0,0,0.0,0
2025-11-26 00:54:03,1,56,18.0,88,5.2,1014.6,2,9,31,0.0,0,0.0,0
2025-11-26 00:55:04,1,56,18.0,89,5.2,1014.5,3,5,20,0.0,0,0.0,0
2025-11-26 00:56:05,1,56,18.0,89,5.2,1014.5,0,5,31,0.0,0,0.0,0
2025-11-26 00:57:06,1,56,18.0,89,5.1,1014.4,1,3,32,0.0,0,0.0,0
2025-11-26 00:58:07,1,56,18.0,89,5.1,1014.4,2,7,31,0.0,0,0.0,0
2025-11-26 00:59:08,1,56,17.9,89,5.1,1014.3,2,7,11,0.0,0,0.0,0
2025-11-26 01:00:09,1,56,17.9,89,5.1,1014.4,2,9,31,0.0,0,0.0,0
2025-11-26 01:01:10,1,56,17.9,89,5.1,1014.6,3,9,23,0.0,0,0.0,0
2025-11-26 01:02:11,1,56,17.9,89,5.1,1014.4,4,7,46,0.0,0,0.0,0
2025-11-26 01:03:12,1,56,17.8,89,5.1,1014.3,1,7,47,0.0,0,0.0,0
2025-11-26 01:04:13,1,56,17.8,89,5.1,1014.6,6,11,31,0.0,0,0.0,0
2025-11-26 01:05:14,1,56,17.8,89,5.1,1014.6,6,11,30,0.0,0,0.0,0
2025-11-26 01:06:15,1,56,17.7,90,5.1,1014.6,3,9,42,0.0,0,0.0,0
2025-11-26 01:07:16,1,56,17.7,90,5.1,1014.8,5,11,35,0.0,0,0.0,0
2025-11-26 01:08:17,1,56,17.7,90,5.1,1014.6,1,11,11,0.0,0,0.0,0
2025-11-26 01:09:18,1,56,17.7,90,5.1,1014.6,3,11,42,0.0,0,0.0,0
2025-11-26 01:10:19,1,56,17.6,90,5.1,1014.6,3,11,26,0.0,0,0.0,0
2025-11-26 01:11:20,1,56,17.6,90,5.1,1014.4,2,5,67,0.0,0,0.0,0
2025-11-26 01:12:21,1,56,17.6,90,5.1,1014.6,9,12,48,0.0,0,0.0,0
2025-11-26 01:13:22,1,56,17.5,90,5.1,1014.6,7,12,47,0.0,0,0.0,0
2025-11-26 01:14:23,1,56,17.5,90,5.0,1014.7,4,12,26,0.0,0,0.0,0
2025-11-26 01:15:24,1,56,17.5,90,5.0,1014.6,2,7,38,0.0,0,0.0,0
2025-11-26 01:16:25,1,56,17.5,90,5.0,1014.6,4,7,32,0.0,0,0.0,0
2025-11-26 01:17:26,1,56,17.4,90,5.0,1014.7,6,9,35,0.0,0,0.0,0
2025-11-26 01:18:27,1,56,17.4,90,5.0,1014.8,0,9,2,0.0,0,0.0,0
2025-11-26 01:19:28,1,56,17.4,90,5.0,1014.6,12,16,27,0.0,0,0.0,0
2025-11-26 01:20:29,1,56,17.4,90,5.0,1014.8,6,16,24,0.0,0,0.0,0
2025-11-26 01:21:30,1,56,17.3,90,5.0,1014.8,8,18,43,0.0,0,0.0,0
2025-11-26 01:22:31,1,56,17.3,90,5.0,1014.6,2,18,31,0.0,0,0.0,0
2025-11-26 01:23:32,1,56,17.3,90,5.0,1014.7,2,12,25,0.0,0,0.0,0
2025-11-26 01:24:33,1,56,17.2,91,5.0,1014.6,7,14,355,0.0,0,0.0,0
2025-11-26 01:25:34,1,56,17.2,91,5.0,1014.9,1,14,39,0.0,0,0.0,0
2025-11-26 01:26:35,1,56,17.2,91,5.0,1014.6,7,14,38,0.0,0,0.0,0
2025-11-26 01:27:36,1,57,17.2,91,5.0,1014.6,7,12,32,0.0,0,0.0,0
2025-11-26 01:28:37,1,57,17.1,91,4.9,1014.7,1,12,21,0.0,0,0.0,0
2025-11-26 01:29:38,1,57,17.1,91,4.9,1014.6,7,12,61,0.0,0,0.0,0
2025-11-26 01:30:39,1,57,17.1,91,4.9,1014.7,3,12,34,0.0,0,0.0,0
2025-11-26 01:31:40,1,57,17.1,91,5.0,1014.7,4,9,26,0.0,0,0.0,0
2025-11-26 01:32:41,1,57,17.0,91,5.0,1014.8,2,9,25,0.0,0,0.0,0
2025-11-26 01:33:42,1,57,17.0,91,5.0,1014.8,3,3,24,0.0,0,0.0,0
2025-11-26 01:34:43,1,57,17.0,91,5.0,1014.8,2,5,34,0.0,0,0.0,0
2025-11-26 01:35:44,1,57,17.0,91,5.0,1014.8,3,9,32,0.0,0,0.0,0
2025-11-26 01:36:45,1,57,16.9,91,5.0,1014.8,4,9,31,0.0,0,0.0,0
2025-11-26 01:37:46,1,57,16.9,91,5.0,1014.9,1,9,46,0.0,0,0.0,0
2025-11-26 01:38:47,1,57,16.9,91,5.0,1014.8,4,5,42,0.0,0,0.0,0
2025-11-26 01:39:48,1,57,16.9,91,5.0,1014.8,3,9,42,0.0,0,0.0,0
2025-11-26 01:40:49,1,57,16.9,91,5.0,1015.0,5,9,52,0.0,0,0.0,0
2025-11-26 01:41:50,1,57,16.9,91,5.0,1015.2,12,20,23,0.0,0,0.0,0
2025-11-26 01:42:51,1,58,16.9,91,5.0,1015.0,13,20,32,0.0,0,0.0,0
2025-11-26 01:43:52,1,58,16.9,91,4.9,1014.9,5,18,15,0.0,0,0.0,0
2025-11-26 01:44:53,1,58,17.0,91,4.9,1014.8,6,11,26,0.0,0,0.0,0
2025-11-26 01:45:54,1,58,17.0,91,4.9,1014.8,4,11,18,0.0,0,0.0,0
2025-11-26 01:46:55,1,58,17.1,91,4.9,1015.1,7,14,48,0.0,0,0.0,0
2025-11-26 01:47:56,1,58,17.1,92,4.9,1015.0,3,14,14,0.0,0,0.0,0
2025-11-26 01:48:57,1,57,17.2,92,4.9,1015.0,2,5,47,0.0,0,0.0,0
2025-11-26 01:49:58,1,57,17.3,92,4.9,1015.0,6,7,31,0.0,0,0.0,0
2025-11-26 01:50:59,1,57,17.3,92,4.9,1015.1,5,7,7,0.0,0,0.0,0
2025-11-26 01:52:00,1,57,17.4,92,4.9,1015.0,3,9,15,0.0,0,0.0,0
2025-11-26 01:53:01,1,57,17.5,92,4.9,1015.1,2,9,43,0.0,0,0.0,0
2025-11-26 01:54:02,1,57,17.5,92,4.9,1015.2,5,11,18,0.0,0,0.0,0
2025-11-26 01:55:03,1,57,17.6,92,4.9,1015.2,1,11,39,0.0,0,0.0,0
2025-11-26 01:56:04,1,57,17.6,92,4.9,1015.1,1,11,26,0.0,0,0.0,0
2025-11-26 01:57:05,1,57,17.7,92,4.9,1015.1,6,12,53,0.0,0,0.0,0
2025-11-26 01:58:06,1,56,17.7,92,4.9,1015.2,3,12,26,0.0,0,0.0,0
2025-11-26 01:59:07,1,56,17.8,92,5.0,1015.2,2,9,36,0.0,0,0.0,0
2025-11-26 02:00:08,1,56,17.8,92,5.0,1015.1,1,9,35,0.0,0,0.0,0
2025-11-26 02:01:09,1,56,17.9,92,5.0,1015.2,2,5,11,0.0,0,0.0,0
2025-11-26 02:02:10,1,56,17.8,92,5.0,1015.2,4,7,16,0.0,0,0.0,0
2025-11-26 02:03:11,1,56,17.9,92,5.0,1015.0,5,9,56,0.0,0,0.0,0
2025-11-26 02:04:12,1,56,17.9,92,5.0,1015.2,1,9,12,0.0,0,0.0,0
2025-11-26 02:05:13,1,56,17.9,92,5.0,1015.3,3,7,26,0.0,0,0.0,0
2025-11-26 02:06:14,1,56,18.0,92,5.0,1015.3,5,9,4,0.0,0,0.0,0
2025-11-26 02:07:15,1,55,18.0,92,5.0,1015.3,3,7,21,0.0,0,0.0,0
2025-11-26 02:08:16,1,55,18.0,92,5.0,1015.4,4,7,11,0.0,0,0.0,0
2025-11-26 02:09:17,1,55,18.0,92,5.0,1015.3,5,9,22,0.0,0,0.0,0
2025-11-26 02:10:18,1,55,18.0,92,5.0,1015.4,3,9,45,0.0,0,0.0,0
2025-11-26 02:11:19,1,55,17.9,92,5.0,1015.3,0,5,41,0.0,0,0.0,0
2025-11-26 02:12:20,1,55,17.9,92,5.0,1015.3,2,3,28,0.0,0,0.0,0
2025-11-26 02:13:21,1,55,17.9,92,5.0,1015.4,4,11,24,0.0,0,0.0,0
2025-11-26 02:14:22,1,55,17.9,92,5.0,1015.5,7,11,14,0.0,0,0.0,0
2025-11-26 02:15:23,1,55,17.9,92,5.0,1015.5,7,12,36,0.0,0,0.0,0
2025-11-26 02:16:24,1,55,17.9,92,5.0,1015.4,3,12,14,0.0,0,0.0,0
2025-11-26 02:17:25,1,55,17.8,92,5.1,1015.5,1,7,29,0.0,0,0.0,0
2025-11-26 02:18:26,1,55,17.8,92,5.1,1015.5,3,7,16,0.0,0,0.0,0
2025-11-26 02:19:27,1,55,17.8,92,5.1,1015.5,4,7,35,0.0,0,0.0,0
2025-11-26 02:20:28,1,55,17.8,92,5.1,1015.4,5,7,12,0.0,0,0.0,0
2025-11-26 02:21:29,1,55,17.7,92,5.1,1015.5,1,7,31,0.0,0,0.0,0
2025-11-26 02:22:30,1,55,17.7,92,5.1,1015.5,2,7,49,0.0,0,0.0,0
2025-11-26 02:23:31,1,55,17.7,92,5.1,1015.3,5,11,33,0.0,0,0.0,0
2025-11-26 02:24:32,1,55,17.6,92,5.1,1015.5,5,11,11,0.0,0,0.0,0
2025-11-26 02:25:33,1,55,17.6,92,5.1,1015.6,1,9,59,0.0,0,0.0,0
2025-11-26 02:26:34,1,56,17.6,92,5.1,1015.5,6,12,356,0.0,0,0.0,0
2025-11-26 02:27:35,1,56,17.5,92,5.1,1015.6,1,12,267,0.0,0,0.0,0
2025-11-26 02:28:36,1,56,17.5,92,5.1,1015.5,6,7,41,0.0,0,0.0,0
2025-11-26 02:29:37,1,56,17.5,92,5.1,1015.7,7,11,56,0.0,0,0.0,0
2025-11-26 02:30:38,1,56,17.4,92,5.1,1015.8,3,11,25,0.0,0,0.0,0
2025-11-26 02:31:39,1,56,17.4,92,5.1,1015.7,3,9,24,0.0,0,0.0,0
2025-11-26 02:32:40,1,56,17.4,92,5.1,1015.6,2,9,19,0.0,0,0.0,0
2025-11-26 02:33:41,1,56,17.3,92,5.1,1015.6,8,11,32,0.0,0,0.0,0
2025-11-26 02:34:42,1,56,17.3,92,5.1,1015.6,5,11,19,0.0,0,0.0,0
2025-11-26 02:35:43,1,56,17.3,92,5.1,1015.6,0,9,30,0.0,0,0.0,0
2025-11-26 02:36:44,1,56,17.2,92,5.1,1015.6,5,5,46,0.0,0,0.0,0
2025-11-26 02:37:45,1,56,17.2,92,5.1,1015.6,2,5,49,0.0,0,0.0,0
2025-11-26 02:38:46,1,56,17.2,92,5.1,1015.6,4,7,64,0.0,0,0.0,0
2025-11-26 02:39:47,1,56,17.1,92,5.1,1015.7,3,7,44,0.0,0,0.0,0
2025-11-26 02:40:48,1,56,17.1,92,5.1,1015.6,0,5,37,0.0,0,0.0,0
2025-11-26 02:41:49,1,56,17.1,92,5.1,1015.7,3,5,36,0.0,0,0.0,0
2025-11-26 02:42:50,1,56,17.1,92,5.1,1015.8,2,5,24,0.0,0,0.0,0
2025-11-26 02:43:51,1,56,17.1,92,5.1,1015.9,1,5,13,0.0,0,0.0,0
2025-11-26 02:44:52,1,56,17.0,92,5.1,1015.7,4,7,24,0.0,0,0.0,0
2025-11-26 02:45:53,1,56,17.0,92,5.1,1015.7,6,9,26,0.0,0,0.0,0
2025-11-26 02:46:54,1,56,17.0,92,5.1,1015.7,3,9,17,0.0,0,0.0,0
2025-11-26 02:47:55,1,57,17.0,92,5.1,1015.7,0,9,20,0.0,0,0.0,0
2025-11-26 02:48:56,1,57,16.9,92,5.1,1015.7,2,5,34,0.0,0,0.0,0
2025-11-26 02:49:57,1,57,16.9,92,5.1,1015.7,1,5,37,0.0,0,0.0,0
2025-11-26 02:50:58,1,57,16.9,92,5.0,1016.0,4,9,27,0.0,0,0.0,0
2025-11-26 02:51:59,1,57,16.9,92,5.0,1015.8,7,12,32,0.0,0,0.0,0
2025-11-26 02:53:00,1,57,16.9,92,5.0,1015.8,2,12,47,0.0,0,0.0,0
2025-11-26 02:54:01,1,57,16.9,92,5.0,1015.9,5,9,358,0.0,0,0.0,0
2025-11-26 02:55:02,1,57,16.8,92,5.0,1015.8,3,9,3,0.0,0,0.0,0
2025-11-26 02:56:03,1,57,16.8,92,5.0,1015.9,2,5,46,0.0,0,0.0,0
2025-11-26 02:57:04,1,57,16.8,92,5.0,1015.8,1,5,22,0.0,0,0.0,0
2025-11-26 02:58:05,1,57,16.9,92,5.0,1015.9,4,11,19,0.0,0,0.0,0
2025-11-26 02:59:06,1,58,16.9,92,5.0,1016.1,2,11,351,0.0,0,0.0,0
2025-11-26 03:00:07,1,58,16.9,92,5.0,1016.0,7,11,23,0.0,0,0.0,0
2025-11-26 03:01:08,1,58,17.0,92,4.9,1016.0,11,14,23,0.0,0,0.0,0
2025-11-26 03:02:09,1,58,17.1,92,4.9,1016.1,6,12,350,0.0,0,0.0,0
2025-11-26 03:03:10,1,58,17.1,92,4.9,1016.0,6,11,7,0.0,0,0.0,0
2025-11-26 03:04:11,1,57,17.2,92,4.9,1015.8,8,12,9,0.0,0,0.0,0
2025-11-26 03:05:12,1,57,17.3,92,4.9,1015.9,4,12,24,0.0,0,0.0,0
2025-11-26 03:06:13,1,57,17.3,92,4.9,1016.1,7,14,24,0.0,0,0.0,0
2025-11-26 03:07:14,1,57,17.4,92,4.9,1016.1,3,14,27,0.0,0,0.0,0
2025-11-26 03:08:15,1,57,17.4,92,4.9,1016.1,11,14,35,0.0,0,0.0,0
2025-11-26 03:09:16,1,57,17.5,92,4.8,1016.2,7,14,0,0.0,0,0.0,0
2025-11-26 03:10:17,1,57,17.5,92,4.8,1016.0,1,12,35,0.0,0,0.0,0
2025-11-26 03:11:18,1,56,17.6,92,4.8,1016.1,9,12,57,0.0,0,0.0,0
2025-11-26 03:12:19,1,56,17.7,92,4.8,1016.2,1,11,51,0.0,0,0.0,0
2025-11-26 03:13:20,1,56,17.7,92,4.8,1016.2,7,11,14,0.0,0,0.0,0
2025-11-26 03:14:21,1,56,17.7,92,4.8,1016.1,3,12,3,0.0,0,0.0,0
2025-11-26 03:15:22,1,56,17.8,92,4.8,1016.2,1,12,44,0.0,0,0.0,0
2025-11-26 03:16:23,1,56,17.8,92,4.8,1016.1,3,7,48,0.0,0,0.0,0
2025-11-26 03:17:24,1,56,17.8,92,4.9,1016.3,3,9,36,0.0,0,0.0,0
2025-11-26 03:18:25,1,56,17.9,92,4.9,1016.1,2,7,8,0.0,0,0.0,0
2025-11-26 03:19:26,1,56,17.9,92,4.9,1016.1,2,5,32,0.0,0,0.0,0
2025-11-26 03:20:27,1,56,17.9,92,4.9,1016.3,2,7,34,0.0,0,0.0,0
2025-11-26 03:21:28,1,55,17.9,92,4.9,1016.2,2,7,17,0.0,0,0.0,0
2025-11-26 03:22:29,1,55,18.0,92,4.9,1016.0,6,12,15,0.0,0,0.0,0
2025-11-26 03:23:30,1,55,18.0,92,4.9,1016.3,3,12,43,0.0,0,0.0,0
2025-11-26 03:24:31,1,55,18.0,92,4.9,1016.1,6,7,24,0.0,0,0.0,0
2025-11-26 03:25:32,1,55,18.0,92,4.9,1016.1,6,9,25,0.0,0,0.0,0
2025-11-26 03:26:33,1,55,18.0,92,4.9,1016.1,6,9,23,0.0,0,0.0,0
2025-11-26 03:27:34,1,55,18.0,92,4.9,1016.1,4,9,59,0.0,0,0.0,0
2025-11-26 03:28:35,1,55,18.0,92,4.9,1016.1,3,9,45,0.0,0,0.0,0
2025-11-26 03:29:36,1,55,18.0,92,4.9,1016.1,2,7,48,0.0,0,0.0,0
2025-11-26 03:30:37,1,55,18.0,92,4.9,1016.2,2,7,46,0.0,0,0.0,0
2025-11-26 03:31:38,1,55,18.0,92,4.9,1016.2,6,7,39,0.0,0,0.0,0
2025-11-26 03:32:39,1,55,17.9,92,4.9,1016.0,4,7,24,0.0,0,0.0,0
2025-11-26 03:33:40,1,55,17.9,92,4.9,1016.1,3,5,49,0.0,0,0.0,0
2025-11-26 03:34:41,1,55,17.9,92,4.9,1016.3,2,5,33,0.0,0,0.0,0
2025-11-26 03:35:42,1,55,17.9,92,4.9,1016.3,2,5,4,0.0,0,0.0,0
2025-11-26 03:36:43,1,55,17.8,93,4.9,1016.2,6,9,37,0.0,0,0.0,0
2025-11-26 03:37:44,1,55,17.8,93,4.9,1016.2,6,11,34,0.0,0,0.0,0
2025-11-26 03:38:45,1,55,17.8,93,4.9,1016.3,5,11,53,0.0,0,0.0,0
2025-11-26 03:39:46,1,55,17.7,93,4.9,1016.5,2,9,27,0.0,0,0.0,0
2025-11-26 03:40:47,1,55,17.7,93,4.9,1016.3,2,7,48,0.0,0,0.0,0
2025-11-26 03:41:48,1,55,17.7,93,4.9,1016.3,5,9,17,0.0,0,0.0,0
2025-11-26 03:42:49,1,55,17.6,93,4.9,1016.3,0,9,350,0.0,0,0.0,0
2025-11-26 03:43:50,1,55,17.6,93,4.9,1016.5,5,9,46,0.0,0,0.0,0
2025-11-26 03:44:51,1,55,17.6,93,4.9,1016.5,7,14,31,0.0,0,0.0,0
2025-11-26 03:45:52,1,55,17.6,93,4.8,1016.4,1,11,39,0.0,0,0.0,0
2025-11-26 03:46:53,1,55,17.5,93,4.8,1016.3,5,9,59,0.0,0,0.0,0
2025-11-26 03:47:54,1,56,17.5,93,4.8,1016.5,2,7,49,0.0,0,0.0,0
2025-11-26 03:48:55,1,56,17.4,93,4.8,1016.5,3,7,15,0.0,0,0.0,0
2025-11-26 03:49:56,1,56,17.4,93,4.8,1016.5,7,16,19,0.0,0,0.0,0
2025-11-26 03:50:57,1,56,17.4,93,4.8,1016.7,6,16,40,0.0,0,0.0,0
2025-11-26 03:51:58,1,56,17.4,93,4.8,1016.6,7,12,33,0.0,0,0.0,0
2025-11-26 03:52:59,1,56,17.3,93,4.8,1016.6,8,12,22,0.0,0,0.0,0
2025-11-26 03:54:00,1,56,17.3,93,4.7,1016.6,7,12,25,0.0,0,0.0,0
2025-11-26 03:55:01,1,56,17.3,93,4.7,1016.7,3,12,31,0.0,0,0.0,0
2025-11-26 03:56:02,1,56,17.2,93,4.7,1016.7,4,9,39,0.0,0,0.0,0
2025-11-26 03:57:03,1,56,17.2,93,4.7,1016.6,1,9,347,0.0,0,0.0,0
2025-11-26 03:58:04,1,56,17.2,93,4.7,1016.6,4,11,19,0.0,0,0.0,0
2025-11-26 03:59:05,1,56,17.1,93,4.7,1016.7,6,14,4,0.0,0,0.0,0
2025-11-26 04:00:06,1,56,17.1,93,4.7,1016.7,3,14,19,0.0,0,0.0,0
2025-11-26 04:01:07,1,56,17.1,93,4.7,1016.8,8,14,23,0.0,0,0.0,0
2025-11-26 04:02:08,1,56,17.1,93,4.7,1016.6,8,16,34,0.0,0,0.0,0
2025-11-26 04:03:09,1,56,17.1,93,4.7,1016.7,6,16,39,0.0,0,0.0,0
2025-11-26 04:04:10,1,56,17.0,93,4.7,1016.6,4,9,26,0.0,0,0.0,0
2025-11-26 04:05:11,1,56,17.0,93,4.7,1016.8,6,7,347,0.0,0,0.0,0
2025-11-26 04:06:12,1,56,17.0,93,4.7,1016.8,5,11,33,0.0,0,0.0,0
2025-11-26 04:07:13,1,56,17.0,93,4.7,1016.7,5,9,17,0.0,0,0.0,0
2025-11-26 04:08:14,1,56,16.9,93,4.7,1016.7,4,9,46,0.0,0,0.0,0
2025-11-26 04:09:15,1,56,16.9,93,4.6,1016.7,8,12,22,0.0,0,0.0,0
2025-11-26 04:10:16,1,56,16.9,93,4.6,1016.7,0,11,18,0.0,0,0.0,0
2025-11-26 04:11:17,1,56,16.9,93,4.6,1016.8,5,7,29,0.0,0,0.0,0
2025-11-26 04:12:18,1,57,16.9,93,4.6,1016.8,9,11,67,0.0,0,0.0,0
2025-11-26 04:13:19,1,57,16.8,93,4.6,1017.0,5,12,9,0.0,0,0.0,0
2025-11-26 04:14:20,1,57,16.8,93,4.6,1016.7,3,7,51,0.0,0,0.0,0
2025-11-26 04:15:21,1,57,16.8,93,4.6,1016.9,5,7,46,0.0,0,0.0,0
2025-11-26 04:16:22,1,57,16.9,93,4.6,1017.1,6,9,24,0.0,0,0.0,0
2025-11-26 04:17:23,1,57,16.9,93,4.6,1016.9,10,16,27,0.0,0,0.0,0
2025-11-26 04:18:24,1,57,16.9,93,4.6,1016.9,6,16,47,0.0,0,0.0,0
2025-11-26 04:19:25,1,57,17.0,93,4.6,1016.9,7,12,40,0.0,0,0.0,0
2025-11-26 04:20:26,1,57,17.0,93,4.6,1016.9,5,12,44,0.0,0,0.0,0
2025-11-26 04:21:27,1,57,17.1,93,4.6,1016.8,5,11,358,0.0,0,0.0,0
2025-11-26 04:22:28,1,57,17.2,93,4.5,1016.8,7,11,33,0.0,0,0.0,0
2025-11-26 04:23:29,1,57,17.3,93,4.5,1017.0,6,11,41,0.0,0,0.0,0
2025-11-26 04:24:30,1,57,17.4,93,4.5,1016.9,4,11,358,0.0,0,0.0,0
2025-11-26 04:25:31,1,57,17.4,93,4.5,1017.1,7,11,39,0.0,0,0.0,0
2025-11-26 04:26:32,1,57,17.5,93,4.5,1016.9,7,14,359,0.0,0,0.0,0
2025-11-26 04:27:33,1,56,17.5,93,4.5,1017.0,0,14,37,0.0,0,0.0,0
2025-11-26 04:28:34,1,56,17.6,93,4.5,1016.9,5,9,46,0.0,0,0.0,0
2025-11-26 04:29:35,1,56,17.6,93,4.5,1017.1,9,11,66,0.0,0,0.0,0
2025-11-26 04:30:36,1,56,17.7,93,4.5,1017.0,4,14,39,0.0,0,0.0,0
2025-11-26 04:31:37,1,56,17.7,93,4.6,1017.0,7,14,13,0.0,0,0.0,0
2025-11-26 04:32:38,1,56,17.8,93,4.6,1017.1,11,14,27,0.0,0,0.0,0
2025-11-26 04:33:39,1,56,17.8,93,4.5,1017.0,4,12,4,0.0,0,0.0,0
2025-11-26 04:34:40,1,56,17.8,94,4.5,1017.1,6,12,42,0.0,0,0.0,0
2025-11-26 04:35:41,1,56,17.9,94,4.5,1017.2,6,11,21,0.0,0,0.0,0
2025-11-26 04:36:42,1,55,17.9,94,4.5,1017.2,8,11,58,0.0,0,0.0,0
2025-11-26 04:37:43,1,55,17.9,94,4.5,1017.2,5,11,26,0.0,0,0.0,0
2025-11-26 04:38:44,1,55,18.0,94,4.5,1017.2,5,9,35,0.0,0,0.0,0
2025-11-26 04:39:45,1,55,18.0,94,4.5,1017.2,7,11,55,0.0,0,0.0,0
2025-11-26 04:40:46,1,55,18.0,94,4.5,1017.2,6,9,39,0.0,0,0.0,0
2025-11-26 04:41:47,1,55,18.0,94,4.4,1017.2,8,9,25,0.0,0,0.0,0
2025-11-26 04:42:48,1,55,18.0,94,4.4,1017.3,3,9,34,0.0,0,0.0,0
2025-11-26 04:43:49,1,55,18.0,94,4.4,1017.4,2,7,42,0.0,0,0.0,0
2025-11-26 04:44:50,1,55,18.0,94,4.4,1017.1,4,11,35,0.0,0,0.0,0
2025-11-26 04:45:51,1,55,18.0,94,4.4,1017.3,8,11,16,0.0,0,0.0,0
2025-11-26 04:46:52,1,55,18.0,94,4.3,1017.4,2,11,36,0.0,0,0.0,0
2025-11-26 04:47:53,1,55,17.9,94,4.3,1017.2,3,7,28,0.0,0,0.0,0
2025-11-26 04:48:54,1,55,17.9,94,4.3,1017.4,1,7,43,0.0,0,0.0,0
2025-11-26 04:49:55,1,55,17.9,94,4.3,1017.3,7,11,37,0.0,0,0.0,0
2025-11-26 04:50:56,1,55,17.9,94,4.3,1017.3,8,11,14,0.0,0,0.0,0
2025-11-26 04:51:57,1,55,17.8,94,4.3,1017.5,11,14,32,0.0,0,0.0,0
2025-11-26 04:52:58,1,55,17.8,94,4.3,1017.4,6,14,10,0.0,0,0.0,0
2025-11-26 04:53:59,1,55,17.8,94,4.3,1017.4,10,12,27,0.0,0,0.0,0
2025-11-26 04:55:00,1,55,17.8,94,4.3,1017.5,5,12,26,0.0,0,0.0,0
2025-11-26 04:56:01,1,55,17.7,94,4.3,1017.5,9,11,36,0.0,0,0.0,0
2025-11-26 04:57:02,1,55,17.7,94,4.2,1017.5,3,11,1,0.0,0,0.0,0
2025-11-26 04:58:03,1,55,17.7,94,4.2,1017.7,1,9,24,0.0,0,0.0,0
2025-11-26 04:59:04,1,55,17.6,94,4.2,1017.6,7,11,358,0.0,0,0.0,0
2025-11-26 05:00:05,1,55,17.6,94,4.2,1017.7,3,11,76,0.0,0,0.0,0
2025-11-26 05:01:06,1,55,17.6,94,4.2,1017.6,1,11,19,0.0,0,0.0,0
2025-11-26 05:02:07,1,55,17.5,94,4.2,1017.7,5,11,61,0.0,0,0.0,0
2025-11-26 05:03:08,1,55,17.5,94,4.2,1017.6,7,11,34,0.0,0,0.0,0
2025-11-26 05:04:09,1,55,17.5,94,4.2,1017.6,8,11,33,0.0,0,0.0,0
2025-11-26 05:05:10,1,55,17.4,94,4.2,1017.5,3,11,25,0.0,0,0.0,0
2025-11-26 05:06:11,1,55,17.4,94,4.2,1017.6,1,7,24,0.0,0,0.0,0
2025-11-26 05:07:12,1,55,17.4,94,4.2,1017.8,0,7,36,0.0,0,0.0,0
2025-11-26 05:08:13,1,55,17.3,94,4.2,1017.5,7,12,36,0.0,0,0.0,0
2025-11-26 05:09:14,1,55,17.3,94,4.2,1017.7,5,12,7,0.0,0,0.0,0
2025-11-26 05:10:15,1,55,17.3,94,4.2,1017.5,7,11,34,0.0,0,0.0,0
2025-11-26 05:11:16,1,56,17.3,94,4.2,1017.6,0,9,6,0.0,0,0.0,0
2025-11-26 05:12:17,1,56,17.2,94,4.2,1017.8,2,3,26,0.0,0,0.0,0
2025-11-26 05:13:18,1,56,17.2,94,4.2,1017.6,3,5,14,0.0,0,0.0,0
2025-11-26 05:14:19,1,56,17.2,94,4.2,1017.6,3,7,37,0.0,0,0.0,0
2025-11-26 05:15:20,1,56,17.2,94,4.2,1017.5,7,11,28,0.0,0,0.0,0
2025-11-26 05:16:21,1,56,17.1,94,4.2,1017.6,3,9,26,0.0,0,0.0,0
2025-11-26 05:17:22,1,56,17.1,94,4.2,1017.7,3,7,34,0.0,0,0.0,0
2025-11-26 05:18:23,1,56,17.1,94,4.2,1017.7,3,9,357,0.0,0,0.0,0
2025-11-26 05:19:24,1,56,17.0,94,4.2,1017.7,3,7,49,0.0,0,0.0,0
2025-11-26 05:20:25,1,56,17.0,94,4.2,1017.7,0,5,27,0.0,0,0.0,0
2025-11-26 05:21:26,1,56,17.0,94,4.2,1017.7,3,5,54,0.0,0,0.0,0
2025-11-26 05:22:27,1,56,17.0,94,4.2,1017.7,4,5,59,0.0,0,0.0,0
2025-11-26 05:23:28,1,56,16.9,94,4.2,1017.8,7,11,39,0.0,0,0.0,0
2025-11-26 05:24:29,1,56,16.9,94,4.2,1017.8,6,11,41,0.0,0,0.0,0
2025-11-26 05:25:30,1,56,16.9,94,4.2,1017.8,5,11,42,0.0,0,0.0,0
2025-11-26 05:26:31,1,56,16.9,94,4.2,1017.7,2,7,17,0.0,0,0.0,0
2025-11-26 05:27:32,1,56,16.9,95,4.2,1017.8,7,9,29,0.0,0,0.0,0
2025-11-26 05:28:33,1,56,16.9,95,4.2,1017.8,6,9,48,0.0,0,0.0,0
2025-11-26 05:29:34,1,56,16.8,95,4.2,1017.8,4,9,31,0.0,0,0.0,0
2025-11-26 05:30:35,1,57,16.8,95,4.2,1017.6,2,9,14,0.0,0,0.0,0
2025-11-26 05:31:36,1,57,16.8,95,4.2,1017.8,2,9,27,0.0,0,0.0,0
2025-11-26 05:32:37,1,57,16.9,95,4.2,1017.8,0,3,11,0.0,0,0.0,0
2025-11-26 05:33:38,1,57,16.9,95,4.3,1017.9,0,1,16,0.0,0,0.0,0
2025-11-26 05:34:39,1,57,17.0,95,4.3,1017.9,3,5,28,0.0,0,0.0,0
2025-11-26 05:35:40,1,57,17.1,95,4.3,1017.9,6,7,34,0.0,0,0.0,0
2025-11-26 05:36:41,1,57,17.4,95,4.3,1017.9,5,7,26,0.0,0,0.0,0
2025-11-26 05:37:42,1,57,17.4,95,4.3,1017.9,6,11,29,0.0,0,0.0,0
2025-11-26 05:38:43,1,57,17.7,95,4.3,1017.8,3,11,11,0.0,0,0.0,0
2025-11-26 05:39:44,1,57,17.7,94,4.3,1017.8,6,9,27,0.0,0,0.0,0
2025-11-26 05:40:45,1,56,17.9,95,4.3,1017.9,3,7,33,0.0,0,0.0,0
2025-11-26 05:41:46,1,56,18.0,95,4.3,1017.8,3,7,30,0.0,0,0.0,0
2025-11-26 05:42:47,1,55,18.1,94,4.3,1017.8,2,5,42,0.0,0,0.0,0
2025-11-26 05:43:48,1,55,18.2,94,4.3,1018.0,2,3,30,0.0,0,0.0,0
2025-11-26 05:44:49,1,55,18.2,94,4.3,1017.9,0,3,30,0.0,0,0.0,0
2025-11-26 05:45:50,1,55,18.3,94,4.3,1017.9,2,3,34,0.0,0,0.0,0
2025-11-26 05:46:51,1,55,18.3,94,4.3,1017.9,2,5,31,0.0,0,0.0,0
2025-11-26 05:47:52,1,55,18.3,94,4.3,1018.0,1,5,33,0.0,0,0.0,0
2025-11-26 05:48:53,1,54,18.4,94,4.4,1017.9,0,3,24,0.0,0,0.0,0
2025-11-26 05:49:54,1,54,18.4,94,4.4,1017.9,0,3,28,0.0,0,0.0,0
2025-11-26 05:50:55,1,54,18.4,94,4.4,1017.9,0,3,29,0.0,0,0.0,0
2025-11-26 05:51:56,1,54,18.3,94,4.4,1017.9,0,0,29,0.0,0,0.0,0
2025-11-26 05:52:57,1,54,18.3,94,4.4,1018.0,3,5,32,0.0,0,0.0,0
2025-11-26 05:53:58,1,54,18.3,94,4.4,1017.9,3,5,36,0.0,0,0.0,0
2025-11-26 05:54:59,1,54,18.3,94,4.4,1017.9,3,5,31,0.0,0,0.0,0
2025-11-26 05:56:00,1,54,18.2,94,4.4,1017.9,2,5,26,0.0,0,0.0,0
2025-11-26 05:57:01,1,54,18.2,94,4.4,1018.0,2,5,26,0.0,0,0.0,0
2025-11-26 05:58:02,1,54,18.2,94,4.4,1017.9,2,7,35,0.0,0,0.0,0
2025-11-26 05:59:03,1,54,18.2,94,4.4,1017.9,4,7,3,0.0,0,0.0,0
2025-11-26 06:00:04,1,54,18.1,94,4.4,1017.8,3,5,35,0.0,0,0.0,0
2025-11-26 06:01:05,1,54,18.1,94,4.4,1017.9,1,5,59,0.0,0,0.0,0
2025-11-26 06:02:06,1,54,18.1,94,4.4,1017.9,0,3,53,0.0,0,0.0,0
2025-11-26 06:03:07,1,54,18.0,94,4.4,1018.0,0,3,21,0.0,0,0.0,0
2025-11-26 06:04:08,1,54,18.0,94,4.4,1018.0,0,3,20,0.0,0,0.0,0
2025-11-26 06:05:09,1,54,17.9,94,4.4,1018.0,1,5,26,0.0,0,0.0,0
2025-11-26 06:06:10,1,54,17.9,94,4.5,1018.0,2,5,14,0.0,0,0.0,0
2025-11-26 06:07:11,1,54,17.8,94,4.5,1017.8,4,7,26,0.0,0,0.0,0
2025-11-26 06:08:12,1,54,17.8,94,4.5,1018.1,3,7,22,0.0,0,0.0,0
2025-11-26 06:09:13,1,54,17.8,94,4.5,1018.1,1,7,0,0.0,0,0.0,0
2025-11-26 06:10:14,1,54,17.7,94,4.5,1017.9,1,3,28,0.0,0,0.0,0
2025-11-26 06:11:15,1,55,17.7,94,4.5,1018.1,3,5,37,0.0,0,0.0,0
2025-11-26 06:12:16,1,55,17.7,94,4.5,1017.9,3,3,31,0.0,0,0.0,0
2025-11-26 06:13:17,1,55,17.6,94,4.5,1018.0,0,3,33,0.0,0,0.0,0
2025-11-26 06:14:18,1,55,17.6,94,4.5,1017.9,1,3,75,0.0,0,0.0,0
2025-11-26 06:15:19,1,55,17.5,94,4.5,1017.9,2,3,26,0.0,0,0.0,0
2025-11-26 06:16:20,1,55,17.5,94,4.5,1018.1,3,7,46,0.0,0,0.0,0
2025-11-26 06:17:21,1,55,17.5,93,4.5,1017.9,4,5,23,0.0,0,0.0,0
2025-11-26 06:18:22,1,55,17.5,93,4.5,1018.1,1,5,31,0.0,0,0.0,0
2025-11-26 06:19:23,1,55,17.4,93,4.5,1018.2,2,5,1,0.0,0,0.0,0
2025-11-26 06:20:24,1,55,17.4,93,4.5,1018.2,6,7,16,0.0,0,0.0,0
2025-11-26 06:21:25,1,55,17.4,93,4.5,1018.0,1,7,34,0.0,0,0.0,0
2025-11-26 06:22:26,1,55,17.3,93,4.5,1018.0,3,5,36,0.0,0,0.0,0
2025-11-26 06:23:27,1,56,17.3,93,4.5,1018.1,2,7,18,0.0,0,0.0,0
2025-11-26 06:24:28,1,56,17.3,93,4.5,1018.2,0,7,353,0.0,0,0.0,0
2025-11-26 06:25:29,1,56,17.2,93,4.5,1018.2,1,5,25,0.0,0,0.0,0
2025-11-26 06:26:30,1,56,17.2,93,4.5,1018.2,1,5,34,0.0,0,0.0,0
2025-11-26 06:27:31,1,56,17.2,93,4.5,1018.3,2,7,38,0.0,0,0.0,0
2025-11-26 06:28:32,1,56,17.2,93,4.5,1018.2,3,7,19,0.0,0,0.0,0
2025-11-26 06:29:33,1,56,17.2,93,4.5,1018.2,1,5,30,0.0,0,0.0,0
2025-11-26 06:30:34,1,56,17.1,93,4.5,1018.3,0,5,33,0.0,0,0.0,0
2025-11-26 06:31:35,1,56,17.1,93,4.5,1018.2,2,5,41,0.0,0,0.0,0
2025-11-26 06:32:36,1,56,17.1,93,4.5,1018.3,0,3,40,0.0,0,0.0,0
2025-11-26 06:33:37,1,56,17.1,93,4.5,1018.3,2,5,36,0.0,0,0.0,0
2025-11-26 06:34:38,1,56,17.1,93,4.5,1018.3,1,5,39,0.0,0,0.0,0
2025-11-26 06:35:39,1,56,17.0,93,4.5,1018.1,0,3,35,0.0,0,0.0,0
2025-11-26 06:36:40,1,56,17.0,93,4.5,1018.4,0,0,35,0.0,0,0.0,0
2025-11-26 06:37:41,1,56,17.0,93,4.5,1018.2,3,5,31,0.0,0,0.0,0
2025-11-26 06:38:42,1,56,17.0,93,4.5,1018.4,0,5,31,0.0,0,0.0,0
2025-11-26 06:39:43,1,56,17.0,93,4.5,1018.4,0,5,32,0.0,0,0.0,0
2025-11-26 06:40:44,1,57,16.9,92,4.5,1018.1,3,7,33,0.0,0,0.0,0
2025-11-26 06:41:45,1,57,16.9,92,4.5,1018.1,2,7,26,0.0,0,0.0,0
2025-11-26 06:42:46,1,57,16.9,92,4.5,1018.4,5,7,37,0.0,0,0.0,0
2025-11-26 06:43:47,1,57,16.9,92,4.5,1018.3,2,7,34,0.0,0,0.0,0
2025-11-26 06:44:48,1,57,16.9,92,4.5,1018.3,5,9,21,0.0,0,0.0,0
2025-11-26 06:45:49,1,57,16.9,92,4.5,1018.5,3,9,27,0.0,0,0.0,0
2025-11-26 06:46:50,1,57,16.9,92,4.4,1018.5,2,5,15,0.0,0,0.0,0
2025-11-26 06:47:51,1,58,16.9,92,4.5,1018.4,0,3,19,0.0,0,0.0,0
2025-11-26 06:48:52,1,58,16.9,92,4.5,1018.4,2,7,32,0.0,0,0.0,0
2025-11-26 06:49:53,1,58,17.0,92,4.5,1018.5,2,7,358,0.0,0,0.0,0
2025-11-26 06:50:54,1,58,17.1,92,4.5,1018.7,6,9,18,0.0,0,0.1,0
2025-11-26 06:51:55,1,58,17.2,92,4.5,1018.4,0,9,20,0.0,0,0.1,0
2025-11-26 06:52:56,1,58,17.4,92,4.5,1018.6,1,5,11,0.0,0,0.1,0
2025-11-26 06:53:57,1,58,17.5,92,4.4,1018.5,1,5,3,0.0,0,0.1,0
2025-11-26 06:54:58,1,57,17.7,92,4.4,1018.6,3,5,354,0.0,0,0.1,0
2025-11-26 06:55:59,1,57,17.8,92,4.4,1018.6,0,5,13,0.0,0,0.1,0
2025-11-26 06:57:00,1,57,17.9,92,4.4,1018.6,2,3,26,0.0,0,0.1,0
2025-11-26 06:58:01,1,57,18.0,92,4.4,1018.6,2,5,29,0.0,0,0.2,0
2025-11-26 06:59:02,1,56,18.1,92,4.4,1018.7,1,5,41,0.0,0,0.2,0
2025-11-26 07:00:03,1,56,18.3,92,4.4,1018.7,3,5,40,0.0,0,0.2,0
2025-11-26 07:01:04,1,56,18.3,92,4.4,1018.6,1,5,37,0.0,0,0.3,0
2025-11-26 07:02:05,1,55,18.4,92,4.4,1018.5,2,3,36,0.0,0,0.3,0
2025-11-26 07:03:06,1,55,18.5,91,4.4,1018.7,3,5,28,0.0,0,0.4,0
2025-11-26 07:04:07,1,55,18.5,91,4.4,1018.8,1,5,24,0.0,0,0.4,0
2025-11-26 07:05:08,1,55,18.5,91,4.4,1018.6,2,3,30,0.0,0,0.5,0
2025-11-26 07:06:09,1,55,18.6,91,4.4,1018.7,1,7,34,0.0,0,0.5,0
2025-11-26 07:07:10,1,55,18.6,91,4.4,1018.7,3,7,21,0.0,0,0.6,0
2025-11-26 07:08:11,1,55,18.6,91,4.4,1018.7,0,5,25,0.0,0,0.7,0
2025-11-26 07:09:12,1,55,18.6,91,4.4,1018.7,3,5,24,0.0,0,0.8,0
2025-11-26 07:10:13,1,55,18.6,91,4.4,1018.7,1,5,12,0.0,0,0.8,0
2025-11-26 07:11:14,1,54,18.5,91,4.4,1018.8,2,3,19,0.0,0,0.9,0
2025-11-26 07:12:15,1,55,18.5,91,4.4,1018.7,0,3,20,0.0,0,1.0,0
2025-11-26 07:13:16,1,54,18.5,91,4.4,1018.8,0,3,37,0.0,0,1.2,0
2025-11-26 07:14:17,1,55,18.5,91,4.4,1018.7,1,3,58,0.0,0,1.3,0
2025-11-26 07:15:18,1,55,18.5,91,4.4,1018.7,0,1,60,0.0,0,1.4,0
2025-11-26 07:16:19,1,55,18.4,91,4.4,1018.8,0,1,60,0.0,0,1.5,0
2025-11-26 07:17:20,1,55,18.4,91,4.4,1018.9,1,5,42,0.0,0,1.6,0
2025-11-26 07:18:21,1,55,18.4,91,4.4,1018.7,2,5,41,0.0,0,1.7,0
2025-11-26 07:19:22,1,55,18.3,91,4.4,1018.9,1,3,40,0.0,0,1.8,0
2025-11-26 07:20:23,1,55,18.3,91,4.4,1018.9,0,3,40,0.0,0,1.9,0
2025-11-26 07:21:24,1,55,18.3,91,4.4,1019.0,5,7,49,0.0,0,2.1,0
2025-11-26 07:22:25,1,55,18.2,91,4.4,1018.9,4,9,56,0.0,0,2.3,0
2025-11-26 07:23:26,1,55,18.2,91,4.4,1019.0,3,9,40,0.0,0,2.5,0
2025-11-26 07:24:27,1,55,18.1,91,4.4,1018.9,2,5,41,0.0,0,2.7,0
2025-11-26 07:25:28,1,55,18.1,91,4.3,1018.9,1,5,30,0.0,0,2.9,0
2025-11-26 07:26:29,1,55,18.1,91,4.3,1019.0,1,5,33,0.0,0,3.2,0
2025-11-26 07:27:30,1,55,18.0,91,4.3,1019.0,1,5,33,0.0,0,3.4,0
2025-11-26 07:28:31,1,55,18.0,91,4.4,1018.9,3,7,30,0.0,0,3.6,0
2025-11-26 07:29:32,1,55,17.9,91,4.4,1019.0,3,7,45,0.0,0,3.7,0
2025-11-26 07:30:33,1,55,17.9,91,4.4,1019.0,2,5,41,0.0,0,3.7,0
2025-11-26 07:31:34,1,55,17.9,91,4.4,1019.1,3,5,35,0.0,0,3.9,0
2025-11-26 07:32:35,1,55,17.8,91,4.4,1019.0,0,5,37,0.0,0,4.3,0
2025-11-26 07:33:36,1,55,17.8,91,4.4,1019.2,2,3,28,0.0,0,4.8,0
2025-11-26 07:34:37,1,55,17.8,91,4.4,1019.0,0,3,28,0.0,0,5.1,0
2025-11-26 07:35:38,1,56,17.7,91,4.4,1019.2,1,1,35,0.0,0,5.4,0
2025-11-26 07:36:39,1,56,17.7,91,4.4,1019.0,3,5,36,0.0,0,5.6,0
2025-11-26 07:37:40,1,56,17.6,91,4.4,1019.0,3,9,42,0.0,0,6.1,0
2025-11-26 07:38:41,1,56,17.6,91,4.4,1019.1,0,7,33,0.0,0,6.5,0
2025-11-26 07:39:42,1,56,17.6,91,4.4,1019.1,1,3,36,0.0,0,6.8,0
2025-11-26 07:40:43,1,56,17.5,91,4.4,1019.2,0,1,38,0.0,0,6.9,0
2025-11-26 07:41:44,1,56,17.5,91,4.4,1019.2,0,1,38,0.0,0,7.1,0
2025-11-26 07:42:45,1,56,17.5,91,4.4,1019.2,6,9,17,0.0,0,7.5,0
2025-11-26 07:43:46,1,56,17.4,91,4.4,1019.2,3,9,22,0.0,0,7.9,0
2025-11-26 07:44:47,1,56,17.4,91,4.4,1019.4,5,7,11,0.0,0,8.5,0
2025-11-26 07:45:48,1,56,17.4,91,4.3,1019.5,3,9,16,0.0,0,9.1,0
2025-11-26 07:46:49,1,56,17.3,91,4.3,1019.2,3,9,48,0.0,0,9.5,0
2025-11-26 07:47:50,1,56,17.3,91,4.3,1019.4,2,5,35,0.0,0,9.6,0
2025-11-26 07:48:51,1,56,17.3,91,4.3,1019.3,4,9,11,0.0,0,9.9,0
2025-11-26 07:49:52,1,56,17.2,91,4.3,1019.1,1,9,33,0.0,0,10.3,0
2025-11-26 07:50:53,1,56,17.2,91,4.3,1019.2,2,5,31,0.0,0,10.7,0
2025-11-26 07:51:54,1,56,17.2,91,4.3,1019.1,2,3,34,0.0,0,10.8,0
2025-11-26 07:52:55,1,56,17.2,91,4.3,1019.1,2,3,36,0.0,0,11.2,0
2025-11-26 07:53:56,1,56,17.2,91,4.3,1019.2,2,5,30,0.0,0,11.8,0
2025-11-26 07:54:57,1,57,17.1,91,4.3,1019.3,2,5,60,0.0,0,12.6,0
2025-11-26 07:55:58,1,57,17.1,91,4.3,1019.2,1,3,56,0.0,0,13.6,0
2025-11-26 07:56:59,1,57,17.1,91,4.3,1019.6,0,1,59,0.0,0,14.3,0
2025-11-26 07:58:00,1,57,17.1,91,4.3,1019.3,2,5,63,0.0,0,14.6,0
2025-11-26 07:59:01,1,57,17.0,91,4.3,1019.5,2,5,78,0.0,0,15.3,0
2025-11-26 08:00:02,1,57,17.0,91,4.3,1019.4,0,3,68,0.0,0,16.1,0
2025-11-26 08:01:03,1,57,17.0,91,4.3,1019.6,0,3,60,0.0,0,17.1,0
2025-11-26 08:02:04,1,57,17.0,91,4.3,1019.5,2,5,46,0.0,0,18.1,0
2025-11-26 08:03:05,1,57,17.0,91,4.3,1019.5,1,5,59,0.0,0,18.4,0
2025-11-26 08:04:06,1,57,16.9,91,4.3,1019.5,0,3,55,0.0,0,18.5,0
2025-11-26 08:05:07,1,57,16.9,91,4.3,1019.6,2,3,38,0.0,0,18.9,0
2025-11-26 08:06:08,1,57,16.9,91,4.3,1019.6,0,5,41,0.0,0,18.8,0
2025-11-26 08:07:09,1,57,16.9,91,4.3,1019.7,0,5,39,0.0,0,18.4,0
2025-11-26 08:08:10,1,57,16.9,91,4.3,1019.6,4,5,26,0.0,0,18.2,0
2025-11-26 08:09:11,1,57,16.9,91,4.3,1019.6,4,7,49,0.0,0,18.1,0
2025-11-26 08:10:12,1,57,16.8,91,4.3,1019.7,5,7,17,0.0,0,18.1,0
2025-11-26 08:11:13,1,57,16.9,91,4.3,1019.6,1,7,20,0.0,0,19.2,0
2025-11-26 08:12:14,1,58,16.9,91,4.3,1019.8,2,5,26,0.0,0,21.4,0
2025-11-26 08:13:15,1,58,16.9,91,4.3,1019.5,0,5,23,0.0,0,22.9,0
2025-11-26 08:14:16,1,58,17.0,91,4.3,1019.5,1,5,21,0.0,0,22.9,0
2025-11-26 08:15:17,1,58,17.1,91,4.3,1019.7,1,1,23,0.0,0,22.6,0
2025-11-26 08:16:18,1,58,17.3,91,4.3,1019.7,3,5,35,0.0,0,22.3,0
2025-11-26 08:17:19,1,58,17.4,91,4.3,1019.6,1,5,26,0.0,0,22.7,0
2025-11-26 08:18:20,1,58,17.5,91,4.3,1019.7,5,11,25,0.0,0,24.8,0
2025-11-26 08:19:21,1,57,17.7,91,4.3,1019.8,8,12,49,0.0,0,27.4,0
2025-11-26 08:20:22,1,57,17.8,91,4.3,1019.7,3,12,38,0.0,0,28.9,0
2025-11-26 08:21:23,1,57,17.9,91,4.3,1019.7,3,7,24,0.0,0,28.7,0
2025-11-26 08:22:24,1,57,18.1,91,4.3,1019.7,1,5,47,0.0,0,27.8,0
2025-11-26 08:23:25,1,56,18.2,91,4.3,1019.7,0,3,25,0.0,0,29.2,0
2025-11-26 08:24:26,1,56,18.3,91,4.3,1019.8,0,3,358,0.0,0,30.6,0
2025-11-26 08:25:27,1,56,18.4,91,4.3,1019.8,0,1,21,0.0,0,31.0,0
2025-11-26 08:26:28,1,55,18.4,91,4.3,1019.7,0,1,21,0.0,0,31.3,0
2025-11-26 08:27:29,1,55,18.5,91,4.3,1019.7,0,1,12,0.0,0,33.6,0
2025-11-26 08:28:30,1,55,18.5,91,4.3,1019.7,1,3,15,0.0,0,36.5,0
2025-11-26 08:29:31,1,55,18.6,91,4.3,1019.8,3,5,32,0.0,0,38.3,0
2025-11-26 08:30:32,1,54,18.6,91,4.3,1019.9,3,5,30,0.0,0,38.3,0
2025-11-26 08:31:33,1,54,18.6,91,4.3,1019.7,1,5,20,0.0,0,39.0,0
2025-11-26 08:32:34,1,54,18.6,91,4.3,1019.7,1,5,5,0.0,0,39.0,0
2025-11-26 08:33:35,1,54,18.6,91,4.3,1019.8,1,5,13,0.0,0,39.3,0
2025-11-26 08:34:36,1,54,18.6,91,4.3,1019.7,2,5,22,0.0,0,40.2,0
2025-11-26 08:35:37,1,54,18.6,91,4.3,1019.8,1,3,25,0.0,0,40.8,0
2025-11-26 08:36:38,1,54,18.6,91,4.3,1019.9,6,7,28,0.0,0,40.2,0
2025-11-26 08:37:39,1,54,18.5,91,4.3,1019.6,1,7,21,0.0,0,40.3,0
2025-11-26 08:38:40,1,54,18.6,91,4.3,1019.7,0,7,28,0.0,0,41.8,0
2025-11-26 08:39:41,1,54,18.5,91,4.3,1019.8,0,5,17,0.0,0,42.5,0
2025-11-26 08:40:42,1,54,18.4,91,4.3,1019.9,0,1,21,0.0,0,42.1,0
2025-11-26 08:41:43,1,54,18.4,91,4.3,1019.9,6,9,27,0.0,0,42.3,0
2025-11-26 08:42:44,1,54,18.4,91,4.3,1019.7,3,9,45,0.0,0,42.7,0
2025-11-26 08:43:45,1,54,18.3,91,4.3,1019.7,0,5,25,0.0,0,44.4,0
2025-11-26 08:44:46,1,54,18.3,91,4.3,1019.9,2,3,32,0.0,0,46.4,0
2025-11-26 08:45:47,1,54,18.3,91,4.3,1019.8,1,3,17,0.0,0,46.3,0
2025-11-26 08:46:48,1,54,18.2,91,4.3,1019.8,3,7,37,0.0,0,47.3,0
2025-11-26 08:47:49,1,54,18.2,91,4.3,1020.0,0,7,46,0.0,0,48.4,0
2025-11-26 08:48:50,1,54,18.1,91,4.3,1020.0,0,1,45,0.0,0,46.6,0
2025-11-26 08:49:51,1,54,18.1,91,4.3,1020.0,1,3,29,0.0,0,45.7,0
2025-11-26 08:50:52,1,54,18.1,91,4.3,1020.1,3,3,42,0.0,0,47.8,0
2025-11-26 08:51:53,1,54,18.0,91,4.3,1019.9,0,3,39,0.0,0,49.4,0
2025-11-26 08:52:54,1,55,18.0,91,4.3,1019.8,1,3,40,0.0,0,50.2,0
2025-11-26 08:53:55,1,55,17.9,91,4.3,1019.8,0,3,31,0.0,0,53.0,0
2025-11-26 08:54:56,1,55,17.9,91,4.4,1020.0,1,3,45,0.0,0,56.3,0
2025-11-26 08:55:57,1,55,17.8,91,4.4,1020.0,0,3,45,0.0,0,56.7,0
2025-11-26 08:56:58,1,55,17.8,91,4.4,1019.9,0,0,46,0.0,0,53.9,0
2025-11-26 08:57:59,1,55,17.8,91,4.3,1019.9,0,0,45,0.0,0,53.1,0
2025-11-26 08:59:00,1,55,17.7,91,4.3,1020.1,0,0,46,0.0,0,53.0,0
2025-11-26 09:00:01,1,55,17.7,91,4.4,1020.1,0,0,45,0.0,0,52.4,0
2025-11-26 09:01:02,1,55,17.7,91,4.4,1020.0,2,5,51,0.0,0,52.7,0
2025-11-26 09:02:03,1,55,17.6,91,4.4,1020.0,7,9,32,0.0,0,54.6,0
2025-11-26 09:03:04,1,55,17.6,91,4.3,1020.0,1,9,49,0.0,0,56.1,0
2025-11-26 09:04:05,1,55,17.6,91,4.3,1019.8,2,5,33,0.0,0,56.7,0
2025-11-26 09:05:06,1,55,17.5,91,4.3,1020.0,0,3,39,0.0,0,56.5,0
2025-11-26 09:06:07,1,55,17.5,91,4.3,1019.9,0,3,38,0.0,0,56.8,0
2025-11-26 09:07:08,1,55,17.5,91,4.3,1020.2,0,1,38,0.0,0,59.7,0
2025-11-26 09:08:09,1,55,17.4,91,4.3,1020.1,0,1,36,0.0,0,62.0,0
2025-11-26 09:09:10,1,55,17.4,91,4.3,1020.1,0,1,36,0.0,0,65.5,0
2025-11-26 09:10:11,1,56,17.4,91,4.3,1020.0,0,1,35,0.0,0,69.3,0
2025-11-26 09:11:12,1,56,17.4,91,4.4,1020.0,0,1,36,0.0,0,73.6,0
2025-11-26 09:12:13,1,56,17.3,91,4.4,1020.0,0,1,34,0.0,0,74.8,0
2025-11-26 09:13:14,1,56,17.3,91,4.4,1020.0,1,1,34,0.0,0,73.8,0
2025-11-26 09:14:15,1,56,17.3,91,4.4,1020.2,1,1,35,0.0,0,72.5,0
2025-11-26 09:15:16,1,56,17.3,91,4.5,1020.0,1,1,33,0.0,0,72.9,0
2025-11-26 09:16:17,1,56,17.2,91,4.5,1020.2,3,5,23,0.0,0,66.2,0
2025-11-26 09:17:18,1,56,17.2,91,4.5,1020.1,2,5,27,0.0,0,65.0,0
2025-11-26 09:18:19,1,56,17.2,91,4.5,1020.1,0,3,25,0.0,0,67.8,0
2025-11-26 09:19:20,1,56,17.2,91,4.5,1020.3,2,3,21,0.0,0,74.5,0
2025-11-26 09:20:21,1,56,17.2,91,4.5,1020.1,2,3,19,0.0,0,71.7,0
2025-11-26 09:21:22,1,56,17.2,90,4.5,1020.0,2,3,26,0.0,0,71.5,0
2025-11-26 09:22:23,1,56,17.1,90,4.5,1020.1,0,3,22,0.0,0,72.5,0
2025-11-26 09:23:24,1,56,17.1,91,4.5,1020.2,0,1,22,0.0,0,74.9,0
2025-11-26 09:24:25,1,56,17.1,91,4.5,1020.1,0,1,20,0.0,0,80.0,0
2025-11-26 09:25:26,1,56,17.1,90,4.6,1020.3,0,1,19,0.0,0,80.1,0
2025-11-26 09:26:27,1,56,17.1,90,4.6,1020.2,1,1,0,0.0,0,79.7,0
2025-11-26 09:27:28,1,56,17.1,90,4.6,1020.3,1,1,352,0.0,0,79.9,0
2025-11-26 09:28:29,1,56,17.0,90,4.6,1020.2,1,1,353,0.0,0,83.7,0
2025-11-26 09:29:30,1,56,17.0,90,4.6,1020.1,0,1,353,0.0,0,75.4,0
2025-11-26 09:30:31,1,56,17.0,90,4.6,1020.2,3,5,0,0.0,0,75.6,0
2025-11-26 09:31:32,1,56,17.0,90,4.6,1020.3,2,5,24,0.0,0,71.4,0
2025-11-26 09:32:33,1,57,17.0,90,4.6,1020.3,0,5,26,0.0,0,70.8,0
2025-11-26 09:33:34,1,57,17.0,90,4.6,1020.3,0,1,26,0.0,0,71.0,0
2025-11-26 09:34:35,1,57,17.0,90,4.6,1020.1,0,0,26,0.0,0,75.3,0
2025-11-26 09:35:36,1,57,17.0,90,4.6,1020.4,0,0,26,0.0,0,80.4,0
2025-11-26 09:36:37,1,57,17.0,90,4.7,1020.1,0,0,26,0.0,0,87.8,0
2025-11-26 09:37:38,1,58,17.0,91,4.7,1020.2,0,0,26,0.0,0,99.5,0
2025-11-26 09:38:39,1,58,16.9,91,4.8,1020.3,0,0,26,0.0,0,96.6,0
2025-11-26 09:39:40,1,58,16.9,90,4.9,1020.4,0,0,26,0.0,0,95.8,0
2025-11-26 09:40:41,1,59,17.0,90,4.9,1020.3,0,1,26,0.0,0,102.2,0
2025-11-26 09:41:42,1,59,17.0,90,5.0,1020.3,1,3,26,0.0,0,96.8,0
2025-11-26 09:42:43,1,60,17.2,90,5.0,1020.4,0,3,28,0.0,0,97.0,0
2025-11-26 09:43:44,1,60,17.2,90,5.0,1020.4,2,3,33,0.0,0,93.0,0
2025-11-26 09:44:45,1,59,17.5,90,5.0,1020.3,1,3,33,0.0,0,84.8,0
2025-11-26 09:45:46,1,59,17.6,90,4.9,1020.4,2,3,36,0.0,0,80.1,0
2025-11-26 09:46:47,1,59,17.7,90,4.9,1020.6,0,3,36,0.0,0,77.5,0
2025-11-26 09:47:48,1,59,17.9,90,4.9,1020.5,0,3,47,0.0,0,76.2,0
2025-11-26 09:48:49,1,58,17.9,90,4.9,1020.6,0,3,41,0.0,0,75.8,0
2025-11-26 09:49:50,1,58,18.0,90,4.9,1020.7,0,1,41,0.0,0,72.6,0
2025-11-26 09:50:51,1,58,18.1,89,4.9,1020.7,0,3,38,0.0,0,70.5,0
2025-11-26 09:51:52,1,57,18.2,90,4.9,1020.7,0,3,38,0.0,0,69.8,0
2025-11-26 09:52:53,1,57,18.2,90,4.8,1020.6,0,0,37,0.0,0,70.2,0
2025-11-26 09:53:54,1,57,18.2,90,4.9,1020.7,0,0,34,0.0,0,71.5,0
2025-11-26 09:54:55,1,57,18.3,90,4.9,1020.6,0,0,34,0.0,0,72.3,0
2025-11-26 09:55:56,1,57,18.3,90,5.0,1020.6,0,0,34,0.0,0,73.4,0
2025-11-26 09:56:57,1,57,18.3,90,5.0,1020.7,0,0,34,0.0,0,73.9,0
2025-11-26 09:57:58,1,57,18.3,90,5.1,1020.6,0,0,34,0.0,0,74.4,0
2025-11-26 09:58:59,1,57,18.3,90,5.2,1020.6,0,0,34,0.0,0,79.1,0
2025-11-26 10:00:00,1,57,18.3,89,5.2,1020.7,0,0,34,0.0,0,83.0,0
2025-11-26 10:01:01,1,57,18.3,89,5.2,1020.7,0,0,34,0.0,0,87.1,0
2025-11-26 10:02:02,1,57,18.2,90,5.2,1020.6,0,0,34,0.0,0,88.4,0
2025-11-26 10:03:03,1,57,18.2,90,5.2,1020.6,0,0,36,0.0,0,88.3,0
2025-11-26 10:04:04,1,57,18.2,90,5.3,1020.6,0,0,35,0.0,0,87.8,0
2025-11-26 10:05:05,1,57,18.2,90,5.5,1020.6,0,0,35,0.0,0,86.2,0
2025-11-26 10:06:06,1,57,18.2,90,5.6,1020.7,2,5,81,0.0,0,84.7,0
2025-11-26 10:07:07,1,57,18.2,89,5.8,1020.9,0,5,81,0.0,0,82.1,0
2025-11-26 10:08:08,1,57,18.2,89,5.8,1020.6,0,1,81,0.0,0,77.0,0
2025-11-26 10:09:09,1,57,18.2,87,6.0,1020.7,0,3,134,0.0,0,72.2,0
2025-11-26 10:10:10,1,57,18.2,87,6.0,1020.8,0,3,111,0.0,0,68.2,0
2025-11-26 10:11:11,1,57,18.2,86,6.0,1020.8,3,5,83,0.0,0,64.1,0
2025-11-26 10:12:12,1,57,18.2,86,6.1,1020.8,2,5,87,0.0,0,59.6,0
2025-11-26 10:13:13,1,57,18.2,84,6.1,1020.8,5,5,100,0.0,0,66.3,0
2025-11-26 10:14:14,1,57,18.2,84,6.1,1020.8,4,5,105,0.0,0,67.8,0
2025-11-26 10:15:15,1,57,18.2,84,6.0,1020.8,3,5,106,0.0,0,70.2,0
2025-11-26 10:16:16,1,57,18.2,84,5.8,1020.9,3,5,92,0.0,0,74.7,0
2025-11-26 10:17:17,1,57,18.2,84,5.7,1020.8,0,5,103,0.0,0,70.5,0
2025-11-26 10:18:18,1,57,18.2,85,5.7,1020.8,1,5,81,0.0,0,61.0,0
2025-11-26 10:19:19,1,57,18.1,84,5.8,1020.8,1,5,85,0.0,0,62.4,0
2025-11-26 10:20:20,1,57,18.1,84,5.8,1020.8,1,3,87,0.0,0,63.0,0
2025-11-26 10:21:21,1,57,18.1,84,5.8,1020.8,1,3,137,0.0,0,82.1,0
2025-11-26 10:22:22,1,57,18.1,83,5.7,1020.8,1,3,94,0.0,0,82.4,0
2025-11-26 10:23:23,1,57,18.1,84,5.6,1020.7,1,3,92,0.0,0,92.7,0
2025-11-26 10:24:24,1,58,18.0,85,5.6,1020.8,0,1,92,0.0,0,64.7,0
2025-11-26 10:25:25,1,58,18.0,85,5.7,1020.9,2,3,224,0.0,0,86.1,0
2025-11-26 10:26:26,1,58,18.0,83,6.0,1020.7,2,5,213,0.0,0,81.2,0
2025-11-26 10:27:27,1,58,18.0,84,6.0,1020.8,3,5,78,0.0,0,86.5,0
2025-11-26 10:28:28,1,58,18.0,84,5.9,1020.9,1,5,77,0.0,0,87.2,0
2025-11-26 10:29:29,1,58,18.0,84,5.9,1020.7,0,3,77,0.0,0,61.5,0
2025-11-26 10:30:30,1,58,18.0,84,6.0,1020.7,0,1,77,0.0,0,57.9,0
2025-11-26 10:31:31,1,58,18.0,84,6.2,1020.8,1,1,94,0.0,0,65.5,0
2025-11-26 10:32:32,1,58,18.0,82,6.3,1020.8,2,3,170,0.0,0,79.4,0
2025-11-26 10:33:33,1,58,17.9,82,6.3,1020.7,2,3,183,0.0,0,93.4,0
2025-11-26 10:34:34,1,58,17.9,82,6.1,1020.9,1,3,185,0.0,0,101.9,0
2025-11-26 10:35:35,1,58,17.9,82,6.0,1020.7,2,3,193,0.0,0,91.3,0
2025-11-26 10:36:36,1,58,17.9,83,5.9,1020.8,0,3,194,0.0,0,75.5,0
2025-11-26 10:37:37,1,58,17.9,83,5.8,1020.9,0,1,193,0.0,0,64.9,0
2025-11-26 10:38:38,1,58,17.9,83,5.8,1020.8,2,3,197,0.0,0,84.3,0
2025-11-26 10:39:39,1,58,17.9,83,5.8,1020.9,1,5,235,0.0,0,84.1,0
2025-11-26 10:40:40,1,58,17.9,83,5.8,1020.9,3,5,198,0.0,0,77.2,0
2025-11-26 10:41:41,1,58,17.9,83,5.8,1020.7,4,5,197,0.0,0,78.8,0
2025-11-26 10:42:42,1,58,17.9,83,5.7,1020.8,2,5,187,0.0,0,78.1,0
2025-11-26 10:43:43,1,58,17.9,83,5.6,1020.8,2,3,194,0.0,0,80.9,0
2025-11-26 10:44:44,1,58,17.9,83,5.6,1020.6,4,5,210,0.0,0,78.1,0
2025-11-26 10:45:45,1,58,17.9,83,5.6,1020.8,2,5,204,0.0,0,76.7,0
2025-11-26 10:46:46,1,58,17.9,83,5.6,1020.7,2,3,204,0.0,0,79.7,0
2025-11-26 10:47:47,1,58,17.9,84,5.6,1020.7,1,3,169,0.0,0,67.7,0
2025-11-26 10:48:48,1,58,17.9,83,5.7,1020.7,4,5,197,0.0,0,69.2,0
2025-11-26 10:49:49,1,58,17.9,82,5.7,1020.8,4,5,193,0.0,0,70.0,0
2025-11-26 10:50:50,1,58,17.9,83,5.6,1020.9,3,5,186,0.0,0,69.4,0
2025-11-26 10:51:51,1,58,17.9,84,5.6,1020.8,3,7,229,0.0,0,67.5,0
2025-11-26 10:52:52,1,58,17.9,84,5.6,1020.8,2,7,181,0.0,0,67.8,0
2025-11-26 10:53:53,1,58,17.9,84,5.6,1021.0,4,5,271,0.0,0,63.9,0
2025-11-26 10:54:54,1,58,17.9,84,5.6,1020.7,2,5,228,0.0,0,65.1,0
2025-11-26 10:55:55,1,58,17.9,84,5.7,1020.9,3,5,283,0.0,0,68.5,0
2025-11-26 10:56:56,1,58,17.9,84,5.7,1020.8,0,3,283,0.0,0,74.3,0
2025-11-26 10:57:57,1,58,17.9,84,5.7,1020.8,0,1,305,0.0,0,79.4,0
2025-11-26 10:58:58,1,58,17.8,84,5.8,1020.7,2,3,276,0.0,0,83.5,0
2025-11-26 10:59:59,1,58,17.8,84,6.0,1020.8,2,3,280,0.0,0,85.1,0
2025-11-26 11:01:00,1,58,17.8,83,6.1,1020.8,7,9,258,0.0,0,85.9,0
2025-11-26 11:02:01,1,58,17.8,83,6.1,1020.8,3,9,262,0.0,0,86.2,0
2025-11-26 11:03:02,1,58,17.8,82,6.0,1020.8,3,7,235,0.0,0,88.3,0
2025-11-26 11:04:03,1,58,17.8,82,6.0,1020.6,6,7,254,0.0,0,87.7,0
2025-11-26 11:05:04,1,58,17.8,82,5.9,1020.7,4,7,213,0.0,0,85.7,0
2025-11-26 11:06:05,1,59,17.8,83,5.8,1020.8,3,7,164,0.0,0,83.2,0
2025-11-26 11:07:06,1,58,17.8,84,5.8,1020.6,5,9,248,0.0,0,80.5,0
2025-11-26 11:08:07,1,58,17.8,83,5.8,1020.9,5,9,263,0.0,0,80.6,0
2025-11-26 11:09:08,1,59,17.8,83,5.8,1020.9,5,9,253,0.0,0,84.6,0
2025-11-26 11:10:09,1,59,17.8,83,5.8,1020.8,4,5,234,0.0,0,91.3,0
2025-11-26 11:11:10,1,59,17.8,83,5.8,1020.9,2,5,219,0.0,0,97.0,0
2025-11-26 11:12:11,1,59,17.8,84,5.8,1020.8,6,7,236,0.0,0,100.5,0
2025-11-26 11:13:12,1,58,17.7,84,5.8,1020.7,6,7,270,0.0,0,103.0,1
2025-11-26 11:14:13,1,58,17.7,84,5.8,1020.8,6,9,225,0.0,0,106.2,1
2025-11-26 11:15:14,1,58,17.7,84,5.8,1020.7,3,9,273,0.0,0,108.6,1
2025-11-26 11:16:15,1,58,17.7,84,5.8,1020.9,6,9,248,0.0,0,104.5,1
2025-11-26 11:17:16,1,58,17.7,83,5.8,1020.8,6,9,276,0.0,0,95.8,0
2025-11-26 11:18:17,1,58,17.6,84,5.8,1020.7,3,7,268,0.0,0,87.3,0
2025-11-26 11:19:18,1,58,17.6,84,5.7,1020.7,6,9,276,0.0,0,81.0,0
2025-11-26 11:20:19,1,58,17.6,84,5.7,1020.9,7,9,243,0.0,0,74.0,0
2025-11-26 11:21:20,1,59,17.6,83,5.7,1020.8,3,9,208,0.0,0,71.2,0
2025-11-26 11:22:21,1,59,17.5,84,5.7,1020.8,0,5,207,0.0,0,69.0,0
2025-11-26 11:23:22,1,59,17.5,84,5.6,1020.8,3,5,243,0.0,0,68.7,0
2025-11-26 11:24:23,1,59,17.5,84,5.6,1020.8,3,5,224,0.0,0,69.6,0
2025-11-26 11:25:24,1,59,17.5,85,5.6,1020.7,2,5,167,0.0,0,69.7,0
2025-11-26 11:26:25,1,59,17.5,84,5.6,1020.8,2,5,200,0.0,0,71.0,0
2025-11-26 11:27:26,1,59,17.5,84,5.6,1020.8,5,5,249,0.0,0,70.8,0
2025-11-26 11:28:27,1,60,17.5,85,5.6,1020.7,3,5,253,0.0,0,69.5,0
2025-11-26 11:29:28,1,60,17.6,85,5.6,1020.8,3,5,262,0.0,0,69.7,0
2025-11-26 11:30:29,1,60,17.7,85,5.7,1020.9,0,5,279,0.0,0,68.7,0
2025-11-26 11:31:30,1,60,17.8,85,5.9,1020.8,6,7,256,0.0,0,67.9,0
2025-11-26 11:32:31,1,60,17.9,84,5.9,1020.7,7,11,243,0.0,0,69.3,0
2025-11-26 11:33:32,1,59,18.0,83,6.0,1020.7,3,11,206,0.0,0,70.7,0
2025-11-26 11:34:33,1,59,18.2,83,6.0,1020.7,6,7,240,0.0,0,70.7,0
2025-11-26 11:35:34,1,59,18.3,83,5.9,1020.5,3,7,256,0.0,0,70.5,0
2025-11-26 11:36:35,1,58,18.4,83,5.8,1020.6,1,7,247,0.0,0,73.1,0
2025-11-26 11:37:36,1,58,18.6,84,5.8,1020.7,5,5,252,0.0,0,77.9,0
2025-11-26 11:38:37,1,58,18.7,84,5.8,1020.7,1,7,276,0.0,0,85.0,0
2025-11-26 11:39:38,1,58,18.8,84,5.9,1020.6,3,7,263,0.0,0,86.3,0
2025-11-26 11:40:39,1,57,18.8,84,6.0,1020.7,1,5,267,0.0,0,86.1,0
2025-11-26 11:41:40,1,57,18.9,83,6.1,1020.7,3,5,200,0.0,0,82.4,0
2025-11-26 11:42:41,1,57,19.0,82,6.2,1020.8,3,5,198,0.0,0,88.8,0
2025-11-26 11:43:42,1,57,19.0,82,6.1,1020.8,2,5,123,0.0,0,87.7,0
2025-11-26 11:44:43,1,56,19.0,83,6.0,1020.7,3,5,164,0.0,0,97.0,0
2025-11-26 11:45:44,1,56,19.0,83,6.0,1020.7,5,9,244,0.0,0,90.2,0
2025-11-26 11:46:45,1,56,19.0,83,6.0,1020.8,5,9,238,0.0,0,84.1,0
2025-11-26 11:47:46,1,56,19.1,83,6.0,1020.7,1,9,194,0.0,0,92.2,0
2025-11-26 11:48:47,1,56,19.1,83,6.0,1020.8,3,5,201,0.0,0,97.1,0
2025-11-26 11:49:48,1,56,19.1,82,6.0,1020.9,5,5,192,0.0,0,97.7,0
2025-11-26 11:50:49,1,55,19.0,83,6.0,1020.7,4,7,251,0.0,0,97.6,0
2025-11-26 11:51:50,1,56,19.1,83,5.9,1020.8,4,7,202,0.0,0,100.5,0
2025-11-26 11:52:51,1,55,19.0,82,5.9,1020.7,5,5,190,0.0,0,98.6,0
2025-11-26 11:53:52,1,55,19.0,83,5.9,1020.9,3,5,203,0.0,0,99.8,0
2025-11-26 11:54:53,1,55,19.0,83,5.9,1020.8,3,3,210,0.0,0,98.3,0
2025-11-26 11:55:54,1,55,19.0,82,5.9,1020.8,6,9,196,0.0,0,101.8,0
2025-11-26 11:56:55,1,55,19.0,82,5.9,1020.8,5,9,190,0.0,0,103.2,1
2025-11-26 11:57:56,1,55,18.9,82,5.9,1020.8,3,7,184,0.0,0,101.7,0
2025-11-26 11:58:57,1,55,18.9,83,5.8,1020.6,2,7,228,0.0,0,97.9,0
2025-11-26 11:59:58,1,55,18.9,82,5.9,1020.7,3,7,198,0.0,0,88.9,0
2025-11-26 12:00:59,1,55,18.9,82,5.9,1020.7,0,7,211,0.0,0,105.2,1
2025-11-26 12:02:00,1,55,18.8,83,5.9,1020.7,2,5,205,0.0,0,89.8,0
2025-11-26 12:03:01,1,55,18.8,81,6.0,1020.9,4,5,179,0.0,0,88.9,0
2025-11-26 12:04:02,1,55,18.8,81,6.0,1020.7,2,5,208,0.0,0,97.5,0
2025-11-26 12:05:03,1,55,18.8,81,6.0,1020.8,4,7,161,0.0,0,90.5,0
2025-11-26 12:06:04,1,55,18.8,81,6.0,1020.6,4,7,195,0.0,0,93.0,0
2025-11-26 12:07:05,1,55,18.7,81,6.0,1020.8,6,7,216,0.0,0,96.8,0
2025-11-26 12:08:06,1,55,18.7,81,6.0,1020.7,3,7,213,0.0,0,97.2,0
2025-11-26 12:09:07,1,55,18.7,82,6.0,1020.8,3,7,288,0.0,0,101.8,0
2025-11-26 12:10:08,1,55,18.6,82,6.0,1020.7,2,5,140,0.0,0,110.0,1
2025-11-26 12:11:09,1,55,18.6,82,6.2,1020.7,3,5,226,0.0,0,107.0,1
2025-11-26 12:12:10,1,56,18.6,81,6.4,1020.9,5,7,260,0.0,0,116.4,1
2025-11-26 12:13:11,1,56,18.6,82,6.4,1020.8,7,9,278,0.0,0,116.7,1
2025-11-26 12:14:12,1,56,18.6,80,6.6,1020.8,2,9,215,0.0,0,113.5,1
2025-11-26 12:15:13,1,56,18.5,81,6.7,1020.7,4,7,261,0.0,0,124.2,1
2025-11-26 12:16:14,1,56,18.5,82,6.8,1020.9,5,7,275,0.0,0,117.0,1
2025-11-26 12:17:15,1,56,18.5,80,6.9,1020.9,3,7,340,0.0,0,111.9,1
2025-11-26 12:18:16,1,56,18.5,79,7.1,1020.8,3,7,250,0.0,0,106.1,1
2025-11-26 12:19:17,1,56,18.4,80,7.2,1020.8,4,7,257,0.0,0,101.3,0
2025-11-26 12:20:18,1,56,18.4,79,7.2,1020.7,6,7,293,0.0,0,99.5,0
2025-11-26 12:21:19,1,56,18.4,79,7.3,1020.8,6,7,287,0.0,0,101.4,0
2025-11-26 12:22:20,1,56,18.4,79,7.3,1020.8,2,7,279,0.0,0,104.7,1
2025-11-26 12:23:21,1,56,18.4,80,7.2,1020.7,0,7,320,0.0,0,104.4,1
2025-11-26 12:24:22,1,56,18.3,80,7.2,1020.6,6,9,297,0.0,0,109.6,1
2025-11-26 12:25:23,1,56,18.3,80,7.3,1020.8,4,9,268,0.0,0,104.7,1
2025-11-26 12:26:24,1,56,18.3,79,7.3,1020.8,6,7,266,0.0,0,97.8,0
2025-11-26 12:27:25,1,56,18.3,79,7.4,1020.6,3,7,256,0.0,0,83.6,0
2025-11-26 12:28:26,1,56,18.2,79,7.4,1020.7,0,5,285,0.0,0,75.7,0
2025-11-26 12:29:27,1,56,18.2,80,7.4,1020.6,0,3,293,0.0,0,74.1,0
2025-11-26 12:30:28,1,56,18.2,79,7.4,1020.5,3,5,263,0.0,0,71.8,0
2025-11-26 12:31:29,1,57,18.1,78,7.4,1020.6,4,9,230,0.0,0,76.9,0
2025-11-26 12:32:30,1,57,18.1,78,7.4,1020.5,2,9,265,0.0,0,79.3,0
2025-11-26 12:33:31,1,57,18.1,79,7.2,1020.4,2,7,287,0.0,0,83.6,0
2025-11-26 12:34:32,1,57,18.0,79,7.1,1020.4,2,7,280,0.0,0,77.1,0
2025-11-26 12:35:33,1,57,18.0,79,7.1,1020.4,3,7,203,0.0,0,75.0,0
2025-11-26 12:36:34,1,57,18.0,78,7.1,1020.5,2,5,250,0.0,0,66.4,0
2025-11-26 12:37:35,1,57,18.0,79,6.9,1020.5,1,5,228,0.0,0,65.5,0
2025-11-26 12:38:36,1,57,18.0,80,6.8,1020.5,1,7,288,0.0,0,60.6,0
2025-11-26 12:39:37,1,57,17.9,80,6.7,1020.5,3,7,278,0.0,0,76.7,0
2025-11-26 12:40:38,1,57,17.9,81,6.7,1020.5,6,7,273,0.0,0,79.7,0
2025-11-26 12:41:39,1,57,17.9,81,6.8,1020.5,3,7,255,0.0,0,81.1,0
2025-11-26 12:42:40,1,57,17.9,81,6.8,1020.5,3,5,290,0.0,0,81.2,0
2025-11-26 12:43:41,1,57,17.9,81,6.9,1020.4,5,9,283,0.0,0,81.5,0
2025-11-26 12:44:42,1,57,17.9,80,7.2,1020.6,0,9,280,0.0,0,66.2,0
2025-11-26 12:45:43,1,57,17.9,80,7.2,1020.6,3,7,271,0.0,0,79.7,0
2025-11-26 12:46:44,1,58,17.9,79,7.3,1020.5,1,5,254,0.0,0,88.4,0
2025-11-26 12:47:45,1,58,17.9,79,7.3,1020.4,0,1,255,0.0,0,77.9,0
2025-11-26 12:48:46,1,58,17.9,79,7.4,1020.4,0,1,303,0.0,0,115.7,1
2025-11-26 12:49:47,1,58,17.9,78,7.6,1020.6,3,7,280,0.0,0,98.4,0
2025-11-26 12:50:48,1,58,17.9,78,7.7,1020.5,0,7,302,0.0,0,72.9,0
2025-11-26 12:51:49,1,58,17.9,78,7.9,1020.5,0,1,291,0.0,0,104.8,1
2025-11-26 12:52:50,1,58,17.9,77,8.1,1020.4,0,3,245,0.0,0,83.9,0
2025-11-26 12:53:51,1,58,17.9,76,8.3,1020.4,3,3,258,0.0,0,93.6,0
2025-11-26 12:54:52,1,58,17.8,76,8.4,1020.5,0,3,293,0.0,0,78.1,0
2025-11-26 12:55:53,1,58,17.8,75,8.6,1020.4,1,1,296,0.0,0,99.3,0
2025-11-26 12:56:54,1,58,17.9,75,8.7,1020.3,0,3,308,0.0,0,127.3,1
2025-11-26 12:57:55,1,58,17.9,74,8.9,1020.3,0,3,275,0.0,0,122.9,1
2025-11-26 12:58:56,1,58,17.8,73,9.0,1020.3,0,3,281,0.0,0,119.3,1
2025-11-26 12:59:57,1,58,17.8,74,9.0,1020.3,0,0,281,0.0,0,117.2,1
2025-11-26 13:00:58,1,58,17.9,73,9.0,1020.2,0,0,286,0.0,0,117.8,1
2025-11-26 13:01:59,1,58,17.8,73,9.0,1020.2,1,1,267,0.0,0,64.7,0
2025-11-26 13:03:00,1,58,17.8,73,9.1,1020.3,2,3,266,0.0,0,82.4,0
2025-11-26 13:04:01,1,58,17.8,71,9.1,1020.3,3,5,213,0.0,0,80.8,0
2025-11-26 13:05:02,1,58,17.8,71,9.2,1020.4,1,5,253,0.0,0,79.9,0
2025-11-26 13:06:03,1,58,17.9,72,8.9,1020.3,5,9,245,0.0,0,84.0,0
2025-11-26 13:07:04,1,58,17.9,74,8.6,1020.2,1,9,203,0.0,0,83.4,0
2025-11-26 13:08:05,1,58,18.0,74,8.3,1020.1,3,5,263,0.0,0,86.8,0
2025-11-26 13:09:06,1,58,18.1,75,8.1,1020.0,2,5,272,0.0,0,80.0,0
2025-11-26 13:10:07,1,58,18.2,76,7.9,1020.2,5,7,197,0.0,0,91.5,0
2025-11-26 13:11:08,1,58,18.3,76,7.8,1020.1,1,7,178,0.0,0,84.2,0
2025-11-26 13:12:09,1,58,18.4,78,7.7,1020.1,3,7,246,0.0,0,81.3,0
2025-11-26 13:13:10,1,58,18.6,76,7.7,1020.1,5,7,167,0.0,0,90.6,0
2025-11-26 13:14:11,1,57,18.7,76,7.7,1020.1,3,7,208,0.0,0,92.0,0
2025-11-26 13:15:12,1,57,18.7,76,7.6,1020.2,5,5,175,0.0,0,92.6,0
2025-11-26 13:16:13,1,57,18.8,77,7.5,1020.1,2,5,239,0.0,0,91.3,0
2025-11-26 13:17:14,1,57,18.9,77,7.3,1020.2,5,7,186,0.0,0,91.8,0
2025-11-26 13:18:15,1,57,18.9,77,7.3,1020.2,5,7,196,0.0,0,89.4,0
2025-11-26 13:19:16,1,56,18.9,79,7.1,1020.3,5,7,202,0.0,0,90.1,0
2025-11-26 13:20:17,1,56,19.0,78,7.0,1020.2,7,7,183,0.0,0,92.8,0
2025-11-26 13:21:18,1,56,19.0,79,6.9,1020.0,3,7,177,0.0,0,91.7,0
2025-11-26 13:22:19,1,56,19.0,79,6.8,1020.1,2,7,263,0.0,0,90.5,0
2025-11-26 13:23:20,1,56,19.0,79,6.8,1020.2,5,7,172,0.0,0,89.3,0
2025-11-26 13:24:21,1,56,19.0,79,6.7,1020.2,7,9,265,0.0,0,89.2,0
2025-11-26 13:25:22,1,56,19.0,78,6.8,1020.3,7,9,257,0.0,0,89.6,0
2025-11-26 13:26:23,1,56,19.0,78,6.7,1020.3,6,9,233,0.0,0,89.2,0
2025-11-26 13:27:24,1,56,18.9,78,6.8,1020.2,3,9,207,0.0,0,88.5,0
2025-11-26 13:28:25,1,56,18.9,78,6.8,1020.1,4,5,259,0.0,0,87.8,0
2025-11-26 13:29:26,1,55,18.9,78,6.8,1020.1,2,5,244,0.0,0,87.3,0
2025-11-26 13:30:27,1,55,18.9,77,6.9,1020.1,4,5,198,0.0,0,87.2,0
2025-11-26 13:31:28,1,55,18.9,78,6.9,1020.2,3,5,252,0.0,0,86.8,0
2025-11-26 13:32:29,1,55,18.8,78,6.9,1020.2,6,12,239,0.0,0,86.6,0
2025-11-26 13:33:30,1,56,18.8,78,7.1,1020.2,6,12,242,0.0,0,85.1,0
2025-11-26 13:34:31,1,56,18.8,77,7.1,1020.3,7,9,269,0.0,0,83.3,0
2025-11-26 13:35:32,1,56,18.7,78,7.1,1020.2,7,9,260,0.0,0,78.4,0
2025-11-26 13:36:33,1,56,18.7,78,7.0,1020.2,3,9,252,0.0,0,76.9,0
2025-11-26 13:37:34,1,56,18.7,78,7.0,1020.4,3,9,198,0.0,0,76.7,0
2025-11-26 13:38:35,1,56,18.6,77,7.1,1020.3,7,9,277,0.0,0,77.2,0
2025-11-26 13:39:36,1,56,18.6,77,7.1,1020.2,3,7,249,0.0,0,77.5,0
2025-11-26 13:40:37,1,56,18.6,77,7.1,1020.3,3,7,169,0.0,0,76.2,0
2025-11-26 13:41:38,1,56,18.5,78,7.0,1020.2,3,5,257,0.0,0,74.4,0
2025-11-26 13:42:39,1,56,18.5,78,7.0,1020.5,3,5,234,0.0,0,72.5,0
2025-11-26 13:43:40,1,56,18.5,78,7.1,1020.6,2,5,242,0.0,0,70.8,0
2025-11-26 13:44:41,1,56,18.4,78,7.2,1020.2,2,5,291,0.0,0,70.5,0
2025-11-26 13:45:42,1,56,18.4,78,7.2,1020.2,1,5,286,0.0,0,70.9,0
2025-11-26 13:46:43,1,56,18.4,78,7.5,1020.5,4,7,250,0.0,0,72.6,0
2025-11-26 13:47:44,1,56,18.4,77,7.7,1020.5,4,7,280,0.0,0,73.1,0
2025-11-26 13:48:45,1,56,18.3,76,7.9,1020.3,5,7,229,0.0,0,72.4,0
2025-11-26 13:49:46,1,56,18.3,75,7.9,1020.4,5,7,209,0.0,0,71.0,0
2025-11-26 13:50:47,1,56,18.2,75,7.9,1020.4,5,7,245,0.0,0,69.4,0
2025-11-26 13:51:48,1,56,18.2,76,7.8,1020.2,7,9,155,0.0,0,65.5,0
2025-11-26 13:52:49,1,56,18.2,76,7.6,1020.4,8,9,205,0.0,0,63.4,0
2025-11-26 13:53:50,1,56,18.2,78,7.3,1020.4,4,9,184,0.0,0,63.6,0
2025-11-26 13:54:51,1,56,18.1,79,7.0,1020.3,4,7,252,0.0,0,64.1,0
2025-11-26 13:55:52,1,56,18.1,80,6.8,1020.4,2,7,249,0.0,0,63.6,0
2025-11-26 13:56:53,1,56,18.1,81,6.7,1020.4,4,7,265,0.0,0,62.6,0
2025-11-26 13:57:54,1,56,18.1,80,6.8,1020.3,5,7,263,0.0,0,60.4,0
2025-11-26 13:58:55,1,56,18.0,80,7.0,1020.4,2,7,240,0.0,0,57.4,0
2025-11-26 13:59:56,1,56,18.0,79,7.1,1020.2,5,7,211,0.0,0,55.0,0
2025-11-26 14:00:57,1,57,18.0,77,7.2,1020.2,6,7,175,0.0,0,53.5,0
2025-11-26 14:01:58,1,57,18.0,77,7.2,1020.2,5,7,185,0.0,0,52.9,0
2025-11-26 14:02:59,1,57,18.0,78,7.0,1020.2,5,7,191,0.0,0,52.6,0
2025-11-26 14:04:00,1,57,18.0,80,6.7,1020.5,5,7,187,0.0,0,52.3,0
2025-11-26 14:05:01,1,57,17.9,80,6.5,1020.1,5,7,174,0.0,0,51.5,0
2025-11-26 14:06:02,1,57,17.9,81,6.4,1020.3,1,7,219,0.0,0,49.9,0
2025-11-26 14:07:03,1,57,17.9,81,6.4,1020.3,1,7,219,0.0,0,49.1,0
2025-11-26 14:08:04,1,57,17.9,81,6.4,1020.3,5,7,232,0.0,0,47.7,0
2025-11-26 14:09:05,1,57,17.9,81,6.5,1020.2,2,7,203,0.0,0,47.7,0
2025-11-26 14:10:06,1,57,17.9,81,6.5,1020.2,6,7,191,0.0,0,47.9,0
2025-11-26 14:11:07,1,57,17.9,81,6.6,1020.3,2,7,219,0.0,0,47.8,0
2025-11-26 14:12:08,1,57,17.8,81,6.7,1020.3,0,5,208,0.0,0,47.5,0
2025-11-26 14:13:09,1,57,17.8,80,6.7,1020.3,1,3,243,0.0,0,45.8,0
2025-11-26 14:14:10,1,57,17.8,80,6.9,1020.4,2,3,248,0.0,0,44.6,0
2025-11-26 14:15:11,1,57,17.8,79,7.0,1020.2,6,7,180,0.0,0,44.1,0
2025-11-26 14:16:12,1,57,17.7,79,7.0,1020.3,5,7,243,0.0,0,44.1,0
2025-11-26 14:17:13,1,57,17.7,81,6.8,1020.4,7,9,257,0.0,0,44.3,0
2025-11-26 14:18:14,1,57,17.7,80,6.8,1020.3,5,9,248,0.0,0,44.0,0
2025-11-26 14:19:15,1,57,17.7,80,6.9,1020.1,4,7,261,0.0,0,43.3,0
2025-11-26 14:20:16,1,57,17.7,79,7.0,1020.2,3,5,240,0.0,0,42.7,0
2025-11-26 14:21:17,1,57,17.7,79,7.1,1020.4,3,5,240,0.0,0,42.5,0
2025-11-26 14:22:18,1,57,17.7,80,7.1,1020.2,7,9,274,0.0,0,42.2,0
2025-11-26 14:23:19,1,57,17.7,79,7.1,1020.2,7,9,256,0.0,0,42.0,0
2025-11-26 14:24:20,1,57,17.6,79,7.1,1020.2,8,11,269,0.0,0,41.6,0
2025-11-26 14:25:21,1,58,17.6,79,7.0,1020.4,5,11,226,0.0,0,41.1,0
2025-11-26 14:26:22,1,58,17.6,79,7.0,1020.3,3,11,251,0.0,0,40.7,0
2025-11-26 14:27:23,1,58,17.6,80,6.8,1020.4,3,5,267,0.0,0,40.3,0
2025-11-26 14:28:24,1,58,17.6,80,6.7,1020.5,9,14,247,0.0,0,39.9,0
2025-11-26 14:29:25,1,58,17.6,80,6.7,1020.2,7,14,258,0.0,0,38.8,0
2025-11-26 14:30:26,1,58,17.5,81,6.6,1020.3,8,11,236,0.0,0,37.8,0
2025-11-26 14:31:27,1,58,17.5,81,6.4,1020.4,7,9,243,0.0,0,36.6,0
2025-11-26 14:32:28,1,58,17.5,82,6.3,1020.3,9,11,249,0.0,0,35.3,0
2025-11-26 14:33:29,1,58,17.5,82,6.2,1020.5,6,11,242,0.0,0,34.8,0
2025-11-26 14:34:30,1,58,17.5,82,6.2,1020.2,6,9,273,0.0,0,34.9,0
2025-11-26 14:35:31,1,58,17.5,83,6.2,1020.3,5,9,250,0.0,0,34.1,0
2025-11-26 14:36:32,1,59,17.5,83,6.2,1020.4,6,7,279,0.0,0,33.9,0
2025-11-26 14:37:33,1,59,17.6,82,6.3,1020.4,5,9,251,0.0,0,33.8,0
2025-11-26 14:38:34,1,59,17.7,82,6.4,1020.4,6,11,251,0.0,0,34.0,0
2025-11-26 14:39:35,1,59,17.8,82,6.4,1020.3,4,11,263,0.0,0,34.0,0
2025-11-26 14:40:36,1,59,17.9,82,6.4,1020.3,3,7,244,0.0,0,33.8,0
2025-11-26 14:41:37,1,58,18.0,82,6.4,1020.4,10,12,266,0.0,0,33.3,0
2025-11-26 14:42:38,1,58,18.1,81,6.4,1020.3,5,12,226,0.0,0,32.3,0
2025-11-26 14:43:39,1,58,18.2,82,6.4,1020.5,7,12,254,0.0,0,31.4,0
2025-11-26 14:44:40,1,58,18.2,82,6.4,1020.4,5,11,227,0.0,0,31.0,0
2025-11-26 14:45:41,1,58,18.3,82,6.2,1020.3,3,9,250,0.0,0,30.2,0
2025-11-26 14:46:42,1,57,18.4,83,6.2,1020.4,0,5,239,0.0,0,30.0,0
2025-11-26 14:47:43,1,57,18.4,82,6.3,1020.4,4,7,261,0.0,0,29.5,0
2025-11-26 14:48:44,1,57,18.5,82,6.3,1020.2,8,11,260,0.0,0,29.0,0
2025-11-26 14:49:45,1,57,18.5,82,6.4,1020.3,9,11,264,0.0,0,28.4,0
2025-11-26 14:50:46,1,57,18.5,82,6.4,1020.5,7,11,251,0.0,0,27.9,0
2025-11-26 14:51:47,1,57,18.5,82,6.2,1020.3,7,11,270,0.0,0,27.3,0
2025-11-26 14:52:48,1,56,18.5,83,6.2,1020.4,7,11,247,0.0,0,26.6,0
2025-11-26 14:53:49,1,56,18.5,82,6.1,1020.5,7,11,251,0.0,0,26.0,0
2025-11-26 14:54:50,1,56,18.5,82,6.1,1020.4,9,12,266,0.0,0,25.3,0
2025-11-26 14:55:51,1,56,18.5,82,6.1,1020.3,9,12,250,0.0,0,24.8,0
2025-11-26 14:56:52,1,56,18.5,82,6.1,1020.4,5,12,250,0.0,0,24.1,0
2025-11-26 14:57:53,1,56,18.4,82,6.1,1020.5,4,9,259,0.0,0,23.5,0
2025-11-26 14:58:54,1,56,18.4,83,6.0,1020.3,6,7,243,0.0,0,23.0,0
2025-11-26 14:59:55,1,56,18.4,83,6.0,1020.5,8,9,273,0.0,0,22.3,0
2025-11-26 15:00:56,1,56,18.4,83,6.0,1020.5,7,9,271,0.0,0,21.6,0
2025-11-26 15:01:57,1,56,18.3,83,5.9,1020.5,5,9,257,0.0,0,21.1,0
2025-11-26 15:02:58,1,56,18.3,83,5.9,1020.5,3,7,283,0.0,0,20.2,0
2025-11-26 15:03:59,1,56,18.3,83,5.9,1020.6,3,7,286,0.0,0,19.3,0
2025-11-26 15:05:00,1,56,18.3,83,5.9,1020.4,3,7,267,0.0,0,18.5,0
2025-11-26 15:06:01,1,56,18.2,84,5.9,1020.5,0,7,267,0.0,0,18.1,0
2025-11-26 15:07:02,1,56,18.2,84,5.8,1020.5,6,9,279,0.0,0,17.5,0
2025-11-26 15:08:03,1,56,18.2,84,5.8,1020.6,1,9,302,0.0,0,17.0,0
2025-11-26 15:09:04,1,56,18.1,84,5.8,1020.5,6,7,295,0.0,0,16.5,0
2025-11-26 15:10:05,1,56,18.1,84,5.7,1020.4,6,9,282,0.0,0,16.1,0
2025-11-26 15:11:06,1,56,18.1,84,5.7,1020.6,2,9,262,0.0,0,15.7,0
2025-11-26 15:12:07,1,56,18.0,84,5.7,1020.7,3,9,275,0.0,0,15.4,0
2025-11-26 15:13:08,1,56,18.0,85,5.7,1020.5,5,9,270,0.0,0,15.1,0
2025-11-26 15:14:09,1,57,18.0,85,5.7,1020.7,5,7,261,0.0,0,14.6,0
2025-11-26 15:15:10,1,56,17.9,85,5.7,1020.6,2,7,281,0.0,0,13.9,0
2025-11-26 15:16:11,1,57,17.9,85,5.6,1020.6,0,3,287,0.0,0,13.2,0
2025-11-26 15:17:12,1,57,17.9,85,5.6,1020.6,1,3,283,0.0,0,12.5,0
2025-11-26 15:18:13,1,57,17.9,85,5.6,1020.6,6,7,253,0.0,0,12.0,0
2025-11-26 15:19:14,1,57,17.8,85,5.6,1020.5,2,9,288,0.0,0,11.4,0
2025-11-26 15:20:15,1,57,17.8,85,5.5,1020.6,5,5,292,0.0,0,10.9,0
2025-11-26 15:21:16,1,57,17.8,85,5.5,1020.6,1,5,257,0.0,0,10.3,0
2025-11-26 15:22:17,1,57,17.7,86,5.4,1020.5,0,7,263,0.0,0,9.8,0
2025-11-26 15:23:18,1,57,17.7,86,5.4,1020.5,0,7,286,0.0,0,9.5,0
2025-11-26 15:24:19,1,57,17.7,86,5.4,1020.5,2,9,293,0.0,0,9.0,0
2025-11-26 15:25:20,1,57,17.7,86,5.4,1020.5,0,5,324,0.0,0,8.6,0
2025-11-26 15:26:21,1,57,17.6,86,5.3,1020.5,2,3,253,0.0,0,8.3,0
2025-11-26 15:27:22,1,57,17.6,86,5.3,1020.5,5,5,281,0.0,0,7.9,0
2025-11-26 15:28:23,1,57,17.6,86,5.3,1020.6,4,5,258,0.0,0,7.6,0
2025-11-26 15:29:24,1,57,17.6,86,5.3,1020.8,1,5,265,0.0,0,7.2,0
2025-11-26 15:30:25,1,57,17.5,86,5.2,1020.7,5,7,231,0.0,0,6.8,0
2025-11-26 15:31:26,1,57,17.5,86,5.2,1020.6,3,7,263,0.0,0,6.3,0
2025-11-26 15:32:27,1,57,17.5,86,5.2,1020.6,3,7,271,0.0,0,5.9,0
2025-11-26 15:33:28,1,57,17.5,87,5.1,1020.6,3,7,260,0.0,0,5.6,0
2025-11-26 15:34:29,1,57,17.4,87,5.1,1020.6,3,5,250,0.0,0,5.3,0
2025-11-26 15:35:30,1,57,17.4,87,5.1,1020.7,2,5,255,0.0,0,4.9,0
2025-11-26 15:36:31,1,57,17.4,87,5.1,1020.7,2,5,260,0.0,0,4.5,0
2025-11-26 15:37:32,1,57,17.4,87,5.1,1020.7,3,5,261,0.0,0,4.1,0
2025-11-26 15:38:33,1,57,17.4,87,5.1,1020.7,1,5,261,0.0,0,3.8,0
2025-11-26 15:39:34,1,57,17.3,87,5.1,1020.8,1,3,242,0.0,0,3.6,0
2025-11-26 15:40:35,1,57,17.3,87,5.1,1020.8,2,5,251,0.0,0,3.2,0
2025-11-26 15:41:36,1,57,17.3,87,5.1,1020.7,4,7,263,0.0,0,2.9,0
2025-11-26 15:42:37,1,57,17.3,87,5.1,1020.7,5,7,245,0.0,0,2.6,0
2025-11-26 15:43:38,1,57,17.3,87,5.1,1020.6,5,5,258,0.0,0,2.4,0
2025-11-26 15:44:39,1,57,17.3,87,5.1,1020.6,4,5,258,0.0,0,2.2,0
2025-11-26 15:45:40,1,57,17.3,88,5.1,1020.8,1,5,258,0.0,0,1.9,0
2025-11-26 15:46:41,1,58,17.3,88,5.0,1020.7,1,3,266,0.0,0,1.7,0
2025-11-26 15:47:42,1,58,17.3,88,5.1,1020.7,3,3,253,0.0,0,1.6,0
2025-11-26 15:48:43,1,58,17.3,87,5.1,1020.7,3,5,231,0.0,0,1.4,0
2025-11-26 15:49:44,1,58,17.3,87,5.0,1020.7,2,5,239,0.0,0,1.2,0
2025-11-26 15:50:45,1,58,17.5,88,5.0,1020.5,0,3,249,0.0,0,1.1,0
2025-11-26 15:51:46,1,58,17.6,88,5.0,1020.7,2,3,250,0.0,0,1.0,0
2025-11-26 15:52:47,1,58,17.7,88,5.0,1020.6,1,3,249,0.0,0,0.8,0
2025-11-26 15:53:48,1,58,17.9,88,5.0,1020.6,2,3,232,0.0,0,0.7,0
2025-11-26 15:54:49,1,57,18.0,88,5.0,1020.5,1,3,226,0.0,0,0.6,0
2025-11-26 15:55:50,1,57,18.1,88,4.9,1020.7,2,3,239,0.0,0,0.6,0
2025-11-26 15:56:51,1,57,18.2,88,4.9,1020.8,2,3,239,0.0,0,0.5,0
2025-11-26 15:57:52,1,57,18.2,88,4.9,1020.7,1,3,238,0.0,0,0.4,0
2025-11-26 15:58:53,1,56,18.3,88,4.9,1020.7,2,3,216,0.0,0,0.3,0
2025-11-26 15:59:54,1,56,18.3,88,4.8,1020.8,3,3,220,0.0,0,0.3,0
2025-11-26 16:00:55,1,56,18.4,88,4.8,1020.7,3,5,205,0.0,0,0.2,0
2025-11-26 16:01:56,1,56,18.4,88,4.8,1020.6,2,5,236,0.0,0,0.2,0
2025-11-26 16:02:57,1,56,18.4,89,4.8,1020.6,3,5,247,0.0,0,0.2,0
2025-11-26 16:03:58,1,56,18.4,89,4.8,1020.6,5,7,229,0.0,0,0.2,0
2025-11-26 16:04:59,1,55,18.5,89,4.8,1020.6,3,7,225,0.0,0,0.1,0
2025-11-26 16:06:00,1,55,18.5,89,4.8,1020.7,1,5,217,0.0,0,0.1,0
2025-11-26 16:07:01,1,55,18.5,89,4.8,1020.6,3,5,214,0.0,0,0.1,0
2025-11-26 16:08:02,1,55,18.4,89,4.8,1020.6,3,5,209,0.0,0,0.1,0
2025-11-26 16:09:03,1,55,18.4,89,4.8,1020.4,1,5,211,0.0,0,0.1,0
2025-11-26 16:10:04,1,55,18.4,89,4.7,1020.7,2,3,225,0.0,0,0.1,0
2025-11-26 16:11:05,1,55,18.4,89,4.7,1020.7,3,5,223,0.0,0,0.0,0
2025-11-26 16:12:06,1,55,18.3,89,4.7,1020.8,3,5,257,0.0,0,0.0,0
2025-11-26 16:13:07,1,55,18.3,89,4.7,1020.6,3,5,253,0.0,0,0.0,0
2025-11-26 16:14:08,1,55,18.3,89,4.7,1020.7,2,5,230,0.0,0,0.0,0
2025-11-26 16:15:09,1,55,18.3,89,4.7,1020.6,3,3,251,0.0,0,0.0,0
2025-11-26 16:16:10,1,55,18.2,89,4.7,1020.7,4,7,237,0.0,0,0.0,0
2025-11-26 16:17:11,1,55,18.2,89,4.7,1020.6,5,7,240,0.0,0,0.0,0
2025-11-26 16:18:12,1,55,18.2,89,4.7,1020.8,4,7,265,0.0,0,0.0,0
2025-11-26 16:19:13,1,55,18.2,89,4.7,1020.8,3,5,262,0.0,0,0.0,0
2025-11-26 16:20:14,1,55,18.1,89,4.8,1020.7,3,5,243,0.0,0,0.0,0
2025-11-26 16:21:15,1,55,18.1,89,4.8,1020.8,2,3,240,0.0,0,0.0,0
2025-11-26 16:22:16,1,55,18.1,89,4.8,1020.8,3,5,251,0.0,0,0.0,0
2025-11-26 16:23:17,1,55,18.0,89,4.7,1020.7,3,5,223,0.0,0,0.0,0
2025-11-26 16:24:18,1,55,18.0,89,4.7,1020.8,3,5,258,0.0,0,0.0,0
2025-11-26 16:25:19,1,55,18.0,89,4.7,1020.8,4,5,241,0.0,0,0.0,0
2025-11-26 16:26:20,1,55,17.9,89,4.7,1020.8,3,7,250,0.0,0,0.0,0
2025-11-26 16:27:21,1,55,17.9,89,4.7,1020.7,2,7,223,0.0,0,0.0,0
2025-11-26 16:28:22,1,56,17.9,89,4.7,1020.8,1,3,221,0.0,0,0.0,0
2025-11-26 16:29:23,1,56,17.8,90,4.7,1020.9,3,3,240,0.0,0,0.0,0
2025-11-26 16:30:24,1,56,17.8,90,4.7,1020.8,3,3,233,0.0,0,0.0,0
2025-11-26 16:31:25,1,56,17.8,90,4.7,1020.7,2,5,228,0.0,0,0.0,0
2025-11-26 16:32:26,1,56,17.8,90,4.6,1020.6,2,5,234,0.0,0,0.0,0
2025-11-26 16:33:27,1,56,17.7,90,4.6,1020.8,1,5,210,0.0,0,0.0,0
2025-11-26 16:34:28,1,56,17.7,90,4.6,1020.8,2,3,240,0.0,0,0.0,0
2025-11-26 16:35:29,1,56,17.7,90,4.6,1020.8,3,3,256,0.0,0,0.0,0
2025-11-26 16:36:30,1,56,17.6,90,4.6,1020.7,2,3,216,0.0,0,0.0,0
2025-11-26 16:37:31,1,56,17.6,90,4.6,1020.6,2,3,208,0.0,0,0.0,0
2025-11-26 16:38:32,1,56,17.6,90,4.6,1020.7,3,3,240,0.0,0,0.0,0
2025-11-26 16:39:33,1,56,17.6,90,4.6,1020.9,3,5,248,0.0,0,0.0,0
2025-11-26 16:40:34,1,56,17.5,90,4.6,1020.8,3,5,265,0.0,0,0.0,0
2025-11-26 16:41:35,1,56,17.5,90,4.6,1020.8,3,5,246,0.0,0,0.0,0
2025-11-26 16:42:36,1,56,17.5,90,4.6,1020.8,3,5,261,0.0,0,0.0,0
2025-11-26 16:43:37,1,56,17.5,90,4.6,1020.9,4,5,247,0.0,0,0.0,0
2025-11-26 16:44:38,1,56,17.4,90,4.6,1020.9,3,5,246,0.0,0,0.0,0
2025-11-26 16:45:39,1,56,17.4,90,4.6,1021.0,1,5,245,0.0,0,0.0,0
2025-11-26 16:46:40,1,56,17.4,90,4.6,1021.0,3,5,243,0.0,0,0.0,0
2025-11-26 16:47:41,1,56,17.4,90,4.6,1021.0,0,5,241,0.0,0,0.0,0
2025-11-26 16:48:42,1,56,17.3,90,4.5,1020.9,1,3,267,0.0,0,0.0,0
2025-11-26 16:49:43,1,56,17.3,90,4.5,1020.9,2,3,273,0.0,0,0.0,0
2025-11-26 16:50:44,1,56,17.3,90,4.5,1021.0,6,9,256,0.0,0,0.0,0
2025-11-26 16:51:45,1,56,17.3,90,4.5,1021.0,5,9,250,0.0,0,0.0,0
2025-11-26 16:52:46,1,56,17.3,90,4.5,1021.1,4,7,228,0.0,0,0.0,0
2025-11-26 16:53:47,1,56,17.2,90,4.5,1021.0,5,7,235,0.0,0,0.0,0
2025-11-26 16:54:48,1,57,17.2,90,4.5,1021.0,2,7,226,0.0,0,0.0,0
2025-11-26 16:55:49,1,57,17.2,90,4.5,1021.0,2,5,234,0.0,0,0.0,0
2025-11-26 16:56:50,1,57,17.2,90,4.5,1020.9,0,3,233,0.0,0,0.0,0
2025-11-26 16:57:51,1,57,17.2,90,4.5,1021.2,4,5,259,0.0,0,0.0,0
2025-11-26 16:58:52,1,57,17.1,90,4.5,1020.9,2,5,250,0.0,0,0.0,0
2025-11-26 16:59:53,1,57,17.1,90,4.5,1021.0,4,5,228,0.0,0,0.0,0
2025-11-26 17:00:54,1,57,17.1,90,4.4,1021.0,4,5,244,0.0,0,0.0,0
2025-11-26 17:01:55,1,57,17.1,91,4.4,1021.0,1,5,231,0.0,0,0.0,0
2025-11-26 17:02:56,1,57,17.1,90,4.4,1020.9,2,3,238,0.0,0,0.0,0
2025-11-26 17:03:57,1,58,17.2,91,4.4,1020.9,1,3,238,0.0,0,0.0,0
2025-11-26 17:07:00,1,57,17.5,91,4.4,1021.1,2,3,228,0.0,0,0.0,0
2025-11-26 17:08:01,1,57,17.7,91,4.4,1020.9,1,3,221,0.0,0,0.0,0
2025-11-26 17:09:02,1,57,17.8,91,4.4,1021.3,2,3,258,0.0,0,0.0,0
2025-11-26 17:10:03,1,57,17.9,91,4.4,1020.9,5,5,250,0.0,0,0.0,0
2025-11-26 17:11:04,1,56,18.1,91,4.4,1021.1,1,5,245,0.0,0,0.0,0
2025-11-26 17:12:05,1,56,18.2,91,4.4,1020.9,2,5,233,0.0,0,0.0,0
2025-11-26 17:13:06,1,56,18.3,91,4.4,1021.0,0,3,233,0.0,0,0.0,0
2025-11-26 17:14:07,1,55,18.4,91,4.3,1020.8,0,0,233,0.0,0,0.0,0
2025-11-26 17:17:10,1,55,18.6,91,4.3,1021.1,2,3,246,0.0,0,0.0,0
2025-11-26 17:18:11,1,54,18.7,91,4.3,1020.9,3,5,244,0.0,0,0.0,0
2025-11-26 17:19:12,1,54,18.7,91,4.3,1020.9,4,5,242,0.0,0,0.0,0
2025-11-26 17:20:13,1,54,18.7,91,4.3,1021.0,3,5,247,0.0,0,0.0,0
2025-11-26 17:21:14,1,54,18.7,91,4.3,1020.9,3,5,255,0.0,0,0.0,0
2025-11-26 17:22:15,1,54,18.7,91,4.3,1020.9,0,5,255,0.0,0,0.0,0
2025-11-26 17:23:16,1,54,18.7,91,4.3,1021.0,0,1,255,0.0,0,0.0,0
2025-11-26 17:24:17,1,54,18.7,91,4.3,1021.2,2,3,256,0.0,0,0.0,0
2025-11-26 17:39:32,1,54,18.2,92,4.3,1021.1,2,5,228,0.0,0,0.0,0
2025-11-26 17:40:33,1,54,18.2,92,4.3,1021.1,2,3,219,0.0,0,0.0,0
2025-11-26 17:41:34,1,54,18.1,92,4.3,1021.0,2,3,195,0.0,0,0.0,0
2025-11-26 17:42:35,1,54,18.1,92,4.3,1021.1,2,3,207,0.0,0,0.0,0
2025-11-26 17:43:36,1,54,18.1,92,4.3,1021.0,0,3,207,0.0,0,0.0,0
2025-11-26 17:44:37,1,54,18.0,92,4.3,1021.0,0,3,207,0.0,0,0.0,0
2025-11-26 17:45:38,1,54,18.0,92,4.3,1021.0,0,0,207,0.0,0,0.0,0
2025-11-26 17:46:39,1,54,18.0,92,4.3,1020.9,3,3,207,0.0,0,0.0,0
2025-11-26 17:47:40,1,54,18.0,92,4.3,1021.2,3,5,208,0.0,0,0.0,0
2025-11-26 17:48:41,1,55,17.9,92,4.3,1021.1,2,5,214,0.0,0,0.0,0
2025-11-26 17:49:42,1,55,17.9,92,4.3,1021.0,4,5,213,0.0,0,0.0,0
2025-11-26 17:50:43,1,55,17.9,92,4.3,1021.0,3,5,205,0.0,0,0.0,0
2025-11-26 17:51:44,1,55,17.8,92,4.3,1021.0,3,5,198,0.0,0,0.0,0
2025-11-26 17:52:45,1,55,17.7,92,4.3,1021.1,3,5,209,0.0,0,0.0,0
2025-11-26 17:53:46,1,55,17.7,92,4.3,1020.9,4,5,200,0.0,0,0.0,0
2025-11-26 17:54:47,1,55,17.7,92,4.3,1021.0,3,5,205,0.0,0,0.0,0
2025-11-26 17:55:48,1,55,17.6,92,4.3,1021.0,5,7,211,0.0,0,0.0,0
2025-11-26 17:56:49,1,55,17.6,92,4.4,1021.1,3,7,236,0.0,0,0.0,0
2025-11-26 17:57:50,1,55,17.6,92,4.4,1021.1,3,5,251,0.0,0,0.0,0
2025-11-26 17:58:51,1,55,17.6,92,4.4,1021.1,2,5,228,0.0,0,0.0,0
2025-11-26 17:59:52,1,55,17.5,92,4.4,1021.0,2,5,244,0.0,0,0.0,0
2025-11-26 18:00:53,1,55,17.5,92,4.3,1021.2,2,3,234,0.0,0,0.0,0
2025-11-26 18:01:54,1,55,17.5,92,4.3,1021.1,3,5,200,0.0,0,0.0,0
2025-11-26 18:02:55,1,55,17.5,92,4.3,1021.2,4,5,202,0.0,0,0.0,0
2025-11-26 18:03:56,1,55,17.4,92,4.3,1021.2,3,5,214,0.0,0,0.0,0
2025-11-26 18:04:57,1,56,17.5,92,4.3,1021.2,3,5,217,0.0,0,0.0,0
2025-11-26 18:05:58,1,56,17.4,92,4.3,1021.1,3,3,207,0.0,0,0.0,0
2025-11-26 18:06:59,1,56,17.4,92,4.3,1021.1,3,5,195,0.0,0,0.0,0
2025-11-26 18:08:00,1,56,17.4,92,4.3,1021.3,3,5,195,0.0,0,0.0,0
2025-11-26 18:09:01,1,56,17.4,93,4.3,1021.2,2,5,188,0.0,0,0.0,0
2025-11-26 18:10:02,1,56,17.3,92,4.3,1021.1,4,5,205,0.0,0,0.0,0
2025-11-26 18:11:03,1,56,17.3,93,4.3,1021.0,3,7,204,0.0,0,0.0,0
2025-11-26 18:12:04,1,56,17.3,93,4.3,1021.2,3,3,198,0.0,0,0.0,0
2025-11-26 18:13:05,1,56,17.3,93,4.3,1021.1,6,7,186,0.0,0,0.0,0
2025-11-26 18:14:06,1,56,17.2,93,4.3,1021.2,3,7,189,0.0,0,0.0,0
2025-11-26 18:15:07,1,56,17.2,93,4.4,1021.1,6,9,162,0.0,0,0.0,0
2025-11-26 18:16:08,1,56,17.2,93,4.4,1021.1,3,9,182,0.0,0,0.0,0
2025-11-26 18:17:09,1,56,17.2,93,4.4,1021.2,5,7,193,0.0,0,0.0,0
2025-11-26 18:18:10,1,56,17.2,93,4.4,1021.1,7,9,172,0.0,0,0.0,0
2025-11-26 18:19:11,1,56,17.2,93,4.4,1021.2,5,9,205,0.0,0,0.0,0
2025-11-26 18:20:12,1,56,17.2,93,4.4,1021.3,5,7,209,0.0,0,0.0,0
2025-11-26 18:21:13,1,57,17.2,93,4.4,1021.2,3,7,204,0.0,0,0.0,0
2025-11-26 18:22:14,1,57,17.2,93,4.4,1021.3,5,5,220,0.0,0,0.0,0
2025-11-26 18:23:15,1,57,17.3,93,4.3,1021.3,5,7,192,0.0,0,0.0,0
2025-11-26 18:24:16,1,57,17.4,93,4.3,1021.4,4,7,202,0.0,0,0.0,0
2025-11-26 18:25:17,1,57,17.5,93,4.3,1021.3,5,5,211,0.0,0,0.0,0
2025-11-26 18:26:18,1,57,17.7,93,4.3,1021.3,3,5,195,0.0,0,0.0,0
2025-11-26 18:27:19,1,57,17.8,93,4.3,1021.3,4,7,203,0.0,0,0.0,0
2025-11-26 18:28:20,1,57,17.9,93,4.3,1021.1,5,7,212,0.0,0,0.0,0
2025-11-26 18:29:21,1,56,18.1,93,4.3,1021.3,4,7,214,0.0,0,0.0,0
2025-11-26 18:30:22,1,56,18.2,93,4.3,1021.2,3,7,233,0.0,0,0.0,0
2025-11-26 18:31:23,1,56,18.3,93,4.3,1021.3,5,7,178,0.0,0,0.0,0
2025-11-26 18:32:24,1,56,18.4,93,4.3,1021.3,4,7,193,0.0,0,0.0,0
2025-11-26 18:33:25,1,55,18.5,93,4.3,1021.3,3,7,199,0.0,0,0.0,0
2025-11-26 18:34:26,1,55,18.5,93,4.3,1021.3,3,5,208,0.0,0,0.0,0
2025-11-26 18:35:27,1,55,18.6,93,4.3,1021.3,3,5,213,0.0,0,0.0,0
2025-11-26 18:36:28,1,55,18.6,93,4.3,1021.5,2,5,203,0.0,0,0.0,0
2025-11-26 18:37:29,1,55,18.7,93,4.3,1021.4,3,5,202,0.0,0,0.0,0
2025-11-26 18:38:30,1,54,18.7,93,4.3,1021.4,4,5,198,0.0,0,0.0,0
2025-11-26 18:39:31,1,54,18.7,93,4.3,1021.2,2,5,228,0.0,0,0.0,0
2025-11-26 18:40:32,1,54,18.7,93,4.3,1021.3,1,3,236,0.0,0,0.0,0
2025-11-26 18:41:33,1,54,18.7,93,4.2,1021.5,2,3,210,0.0,0,0.0,0
2025-11-26 18:42:34,1,54,18.7,93,4.3,1021.3,5,5,167,0.0,0,0.0,0
2025-11-26 18:43:35,1,54,18.6,93,4.3,1021.4,6,7,195,0.0,0,0.0,0
2025-11-26 18:44:36,1,54,18.6,93,4.3,1021.2,6,9,192,0.0,0,0.0,0
2025-11-26 18:45:37,1,54,18.6,93,4.3,1021.3,5,9,201,0.0,0,0.0,0
2025-11-26 18:46:38,1,54,18.6,93,4.3,1021.4,7,9,194,0.0,0,0.0,0
2025-11-26 18:47:39,1,54,18.6,93,4.3,1021.3,6,9,199,0.0,0,0.0,0
2025-11-26 18:48:40,1,54,18.5,93,4.3,1021.1,5,9,213,0.0,0,0.0,0
2025-11-26 18:49:41,1,54,18.5,93,4.3,1021.3,4,7,160,0.0,0,0.0,0
2025-11-26 18:50:42,1,54,18.5,93,4.3,1021.3,6,7,200,0.0,0,0.0,0
2025-11-26 18:51:43,1,54,18.4,93,4.3,1021.3,6,7,249,0.0,0,0.0,0
2025-11-26 18:52:44,1,54,18.4,93,4.3,1021.3,4,7,190,0.0,0,0.0,0
2025-11-26 18:53:45,1,54,18.3,93,4.3,1021.3,4,7,201,0.0,0,0.0,0
2025-11-26 18:54:46,1,54,18.3,93,4.3,1021.3,4,7,194,0.0,0,0.0,0
2025-11-26 18:55:47,1,54,18.2,93,4.3,1021.3,3,7,145,0.0,0,0.0,0
2025-11-26 18:56:48,1,54,18.2,93,4.3,1021.3,6,11,190,0.0,0,0.0,0
2025-11-26 18:57:49,1,55,18.2,93,4.3,1021.3,6,11,198,0.0,0,0.0,0
2025-11-26 18:58:50,1,55,18.1,93,4.3,1021.4,6,9,189,0.0,0,0.0,0
2025-11-26 18:59:51,1,55,18.1,93,4.3,1021.2,8,9,181,0.0,0,0.0,0
2025-11-26 19:00:52,1,55,18.1,93,4.3,1021.3,8,11,181,0.0,0,0.0,0
2025-11-26 19:01:53,1,55,18.0,93,4.3,1021.4,8,11,164,0.0,0,0.0,0
2025-11-26 19:02:54,1,55,18.0,93,4.3,1021.1,6,12,176,0.0,0,0.0,0
2025-11-26 19:03:55,1,55,18.0,93,4.3,1021.2,8,12,204,0.0,0,0.0,0
2025-11-26 19:04:56,1,55,17.9,93,4.3,1021.3,7,12,190,0.0,0,0.0,0
2025-11-26 19:05:57,1,55,17.9,93,4.3,1021.2,5,9,199,0.0,0,0.0,0
2025-11-26 19:06:58,1,55,17.9,93,4.2,1021.0,5,11,130,0.0,0,0.0,0
2025-11-26 19:07:59,1,55,17.8,93,4.2,1021.3,5,9,201,0.0,0,0.0,0
2025-11-26 19:09:00,1,55,17.8,93,4.2,1021.1,8,11,194,0.0,0,0.0,0
2025-11-26 19:10:01,1,55,17.7,93,4.2,1021.1,6,11,148,0.0,0,0.0,0
2025-11-26 19:11:02,1,55,17.7,93,4.2,1021.5,6,11,197,0.0,0,0.0,0
2025-11-26 19:12:03,1,55,17.7,93,4.2,1021.1,6,9,192,0.0,0,0.0,0
2025-11-26 19:13:04,1,55,17.7,94,4.2,1021.2,9,11,194,0.0,0,0.0,0
2025-11-26 19:14:05,1,55,17.6,94,4.2,1021.3,6,11,199,0.0,0,0.0,0
2025-11-26 19:15:06,1,55,17.6,94,4.2,1021.3,3,9,206,0.0,0,0.0,0
2025-11-26 19:16:07,1,55,17.6,94,4.2,1021.3,6,7,212,0.0,0,0.0,0
2025-11-26 19:17:08,1,55,17.5,94,4.2,1021.2,3,7,174,0.0,0,0.0,0
2025-11-26 19:18:09,1,55,17.5,94,4.2,1021.3,6,7,197,0.0,0,0.0,0
2025-11-26 19:19:10,1,56,17.5,94,4.2,1021.2,4,7,171,0.0,0,0.0,0
2025-11-26 19:20:11,1,56,17.5,94,4.2,1021.0,5,7,175,0.0,0,0.0,0
2025-11-26 19:21:12,1,56,17.5,94,4.1,1021.0,3,5,162,0.0,0,0.0,0
2025-11-26 19:22:13,1,56,17.4,94,4.1,1021.1,3,5,168,0.0,0,0.0,0
2025-11-26 19:23:14,1,56,17.4,94,4.1,1021.2,5,7,191,0.0,0,0.0,0
2025-11-26 19:24:15,1,56,17.4,94,4.1,1021.2,9,9,182,0.0,0,0.0,0
2025-11-26 19:25:16,1,56,17.4,94,4.2,1021.2,6,9,199,0.0,0,0.0,0
2025-11-26 19:26:17,1,56,17.3,94,4.2,1021.1,7,9,144,0.0,0,0.0,0
2025-11-26 19:27:18,1,56,17.3,94,4.2,1021.2,4,7,194,0.0,0,0.0,0
2025-11-26 19:28:19,1,56,17.3,94,4.2,1021.2,4,5,205,0.0,0,0.0,0
2025-11-26 19:29:20,1,56,17.3,94,4.2,1021.0,7,9,197,0.0,0,0.0,0
2025-11-26 19:30:21,1,56,17.3,94,4.2,1020.9,6,11,187,0.0,0,0.0,0
2025-11-26 19:31:22,1,56,17.2,94,4.2,1021.2,4,9,198,0.0,0,0.0,0
2025-11-26 19:32:23,1,56,17.2,94,4.2,1021.2,5,7,182,0.0,0,0.0,0
2025-11-26 19:33:24,1,57,17.2,94,4.2,1021.0,6,7,202,0.0,0,0.0,0
2025-11-26 19:34:25,1,58,17.2,94,4.2,1021.1,9,12,191,0.0,0,0.0,0
2025-11-26 19:35:26,1,58,17.2,94,4.2,1021.1,6,12,188,0.0,0,0.0,0
2025-11-26 19:36:27,1,58,17.2,94,4.2,1021.1,9,11,180,0.0,0,0.0,0
2025-11-26 19:37:28,1,58,17.2,94,4.3,1021.1,8,11,209,0.0,0,0.0,0
2025-11-26 19:38:29,1,58,17.2,94,4.3,1020.8,5,11,200,0.0,0,0.0,0
2025-11-26 19:39:30,1,57,17.1,94,4.3,1021.1,7,9,190,0.0,0,0.0,0
2025-11-26 19:40:31,1,58,17.2,94,4.3,1021.2,6,9,199,0.0,0,0.0,0
2025-11-26 19:41:32,1,58,17.1,94,4.3,1021.0,6,9,195,0.0,0,0.0,0
2025-11-26 19:42:33,1,59,17.2,94,4.3,1020.9,3,9,192,0.0,0,0.0,0
2025-11-26 19:43:34,1,59,17.3,94,4.3,1020.9,6,9,201,0.0,0,0.0,0
2025-11-26 19:44:35,1,59,17.4,94,4.2,1021.1,4,7,203,0.0,0,0.0,0
2025-11-26 19:45:36,1,60,17.5,94,4.2,1021.0,9,11,176,0.0,0,0.0,0
2025-11-26 19:46:37,1,59,17.7,94,4.2,1020.9,2,11,160,0.0,0,0.0,0
2025-11-26 19:47:38,1,59,17.8,94,4.2,1020.9,7,9,196,0.0,0,0.0,0
2025-11-26 19:48:39,1,59,18.0,94,4.2,1021.0,3,9,159,0.0,0,0.0,0
2025-11-26 19:49:40,1,59,18.1,94,4.2,1020.8,5,5,195,0.0,0,0.0,0
2025-11-26 19:50:41,1,59,18.3,94,4.1,1020.9,5,7,201,0.0,0,0.0,0
2025-11-26 19:51:42,1,58,18.5,94,4.1,1020.9,5,7,194,0.0,0,0.0,0
2025-11-26 19:52:43,1,58,18.5,95,4.1,1020.9,4,7,166,0.0,0,0.0,0
2025-11-26 19:53:44,1,58,18.7,95,4.1,1021.0,6,9,209,0.0,0,0.0,0
2025-11-26 19:54:45,1,58,18.7,95,4.1,1020.9,6,11,195,0.0,0,0.0,0
2025-11-26 19:55:46,1,57,18.8,95,4.1,1020.8,5,11,204,0.0,0,0.0,0
2025-11-26 19:56:47,1,57,18.8,95,4.2,1020.8,10,12,235,0.0,0,0.0,0
2025-11-26 19:57:48,1,57,18.9,95,4.2,1020.7,8,12,215,0.0,0,0.0,0
2025-11-26 19:58:49,1,57,18.9,95,4.2,1020.6,10,12,221,0.0,0,0.0,0
2025-11-26 19:59:50,1,57,18.9,95,4.2,1020.9,9,12,254,0.0,0,0.0,0
2025-11-26 20:00:51,1,57,18.9,95,4.2,1020.8,11,14,206,0.0,0,0.0,0
2025-11-26 20:01:52,1,57,18.9,95,4.2,1020.8,9,16,184,0.0,0,0.0,0
2025-11-26 20:02:53,1,57,18.9,95,4.2,1020.8,7,16,189,0.0,0,0.0,0
2025-11-26 20:03:54,1,57,18.9,95,4.2,1020.8,12,14,222,0.0,0,0.0,0
2025-11-26 20:04:55,1,57,18.9,95,4.2,1020.8,12,14,210,0.0,0,0.0,0
2025-11-26 20:05:56,1,57,18.8,95,4.2,1021.0,9,16,245,0.0,0,0.0,0
2025-11-26 20:06:57,1,57,18.8,95,4.2,1020.8,8,16,221,0.0,0,0.0,0
2025-11-26 20:07:58,1,57,18.8,95,4.1,1020.9,6,14,200,0.0,0,0.0,0
2025-11-26 20:08:59,1,57,18.8,95,4.1,1020.8,5,14,219,0.0,0,0.0,0
2025-11-26 20:10:00,1,57,18.7,95,4.1,1020.7,10,11,212,0.0,0,0.0,0
2025-11-26 20:11:01,1,57,18.7,95,4.0,1020.8,7,12,198,0.0,0,0.0,0
2025-11-26 20:12:02,1,57,18.7,95,4.0,1020.8,8,12,226,0.0,0,0.0,0
2025-11-26 20:13:03,1,57,18.6,95,4.0,1021.0,7,11,190,0.0,0,0.0,0
2025-11-26 20:14:04,1,58,18.6,95,4.0,1021.0,4,9,155,0.0,0,0.0,0
2025-11-26 20:15:05,1,58,18.6,95,4.0,1020.9,4,9,192,0.0,0,0.0,0
2025-11-26 20:16:06,1,58,18.5,95,4.0,1020.9,5,7,196,0.0,0,0.0,0
2025-11-26 20:17:07,1,58,18.5,95,3.9,1020.9,6,7,217,0.0,0,0.0,0
2025-11-26 20:18:08,1,58,18.4,95,3.9,1020.9,4,7,189,0.0,0,0.0,0
2025-11-26 20:19:09,1,58,18.4,95,3.9,1020.9,5,7,189,0.0,0,0.0,0
2025-11-26 20:20:10,1,58,18.3,95,3.9,1021.0,3,7,203,0.0,0,0.0,0
2025-11-26 20:21:11,1,58,18.3,95,3.9,1021.1,5,7,190,0.0,0,0.0,0
2025-11-26 20:22:12,1,58,18.3,95,3.9,1021.0,3,7,181,0.0,0,0.0,0
2025-11-26 20:23:13,1,58,18.3,95,3.9,1020.8,4,5,159,0.0,0,0.0,0
2025-11-26 20:24:14,1,58,18.2,95,3.9,1020.8,3,5,198,0.0,0,0.0,0
2025-11-26 20:25:15,1,58,18.2,95,3.9,1020.9,3,5,184,0.0,0,0.0,0
2025-11-26 20:26:16,1,58,18.1,95,3.9,1020.9,3,5,188,0.0,0,0.0,0
2025-11-26 20:27:17,1,58,18.1,95,3.9,1021.0,3,5,222,0.0,0,0.0,0
2025-11-26 20:28:18,1,58,18.0,95,3.9,1020.9,6,7,233,0.0,0,0.0,0
2025-11-26 20:29:19,1,58,18.0,95,3.9,1020.8,7,11,258,0.0,0,0.0,0
2025-11-26 20:30:20,1,58,18.0,95,3.9,1020.9,3,11,203,0.0,0,0.0,0
2025-11-26 20:31:21,1,58,17.9,95,3.9,1020.8,7,9,192,0.0,0,0.0,0
2025-11-26 20:32:22,1,58,17.9,95,3.9,1020.8,5,9,212,0.0,0,0.0,0
2025-11-26 20:33:23,1,58,17.9,95,3.9,1020.7,3,7,199,0.0,0,0.0,0
2025-11-26 20:34:24,1,58,17.8,95,3.9,1020.9,2,7,224,0.0,0,0.0,0
2025-11-26 20:35:25,1,58,17.8,95,3.9,1020.9,4,7,211,0.0,0,0.0,0
2025-11-26 20:36:26,1,58,17.7,95,3.8,1020.8,5,7,211,0.0,0,0.0,0
2025-11-26 20:37:27,1,58,17.7,95,3.8,1020.8,3,7,187,0.0,0,0.0,0
2025-11-26 20:38:28,1,58,17.7,95,3.8,1020.7,6,7,195,0.0,0,0.0,0
2025-11-26 20:39:29,1,58,17.7,96,3.8,1020.9,5,7,219,0.0,0,0.0,0
2025-11-26 20:40:30,1,58,17.6,96,3.8,1020.8,5,7,194,0.0,0,0.0,0
2025-11-26 20:41:31,1,58,17.6,96,3.8,1020.9,8,11,196,0.0,0,0.0,0
2025-11-26 20:42:32,1,58,17.6,96,3.8,1020.9,6,11,192,0.0,0,0.0,0
2025-11-26 20:43:33,1,58,17.5,96,3.8,1020.9,6,9,197,0.0,0,0.0,0
2025-11-26 20:44:34,1,58,17.5,96,3.8,1021.0,8,9,205,0.0,0,0.0,0
2025-11-26 20:45:35,1,58,17.5,96,3.8,1020.9,6,11,214,0.0,0,0.0,0
2025-11-26 20:46:36,1,58,17.5,96,3.8,1020.8,5,11,223,0.0,0,0.0,0
2025-11-26 20:47:37,1,59,17.4,96,3.8,1020.9,6,7,219,0.0,0,0.0,0
2025-11-26 20:48:38,1,59,17.4,96,3.8,1020.9,6,9,240,0.0,0,0.0,0
2025-11-26 20:49:39,1,59,17.4,96,3.8,1020.8,7,9,128,0.0,0,0.0,0
2025-11-26 20:50:40,1,59,17.4,96,3.8,1020.9,6,9,202,0.0,0,0.0,0
2025-11-26 20:51:41,1,59,17.4,96,3.8,1020.9,5,9,195,0.0,0,0.0,0
2025-11-26 20:52:42,1,59,17.4,96,3.8,1020.9,5,7,202,0.0,0,0.0,0
2025-11-26 20:53:43,1,59,17.3,96,3.8,1020.8,7,9,213,0.0,0,0.0,0
2025-11-26 20:54:44,1,59,17.3,96,3.8,1020.8,6,9,216,0.0,0,0.0,0
2025-11-26 20:55:45,1,59,17.2,96,3.8,1020.9,5,7,198,0.0,0,0.0,0
2025-11-26 20:56:46,1,59,17.2,96,3.8,1020.9,3,7,206,0.0,0,0.0,0
2025-11-26 20:57:47,1,59,17.2,96,3.8,1020.8,4,5,215,0.0,0,0.0,0
2025-11-26 20:58:48,1,59,17.2,96,3.8,1020.9,4,9,211,0.0,0,0.0,0
2025-11-26 20:59:49,1,59,17.2,96,3.8,1021.0,5,9,218,0.0,0,0.0,0
2025-11-26 21:00:50,1,59,17.2,96,3.8,1020.8,4,7,190,0.0,0,0.0,0
2025-11-26 21:01:51,1,59,17.2,96,3.7,1020.9,5,9,194,0.0,0,0.0,0
2025-11-26 21:02:52,1,60,17.2,96,3.7,1021.0,4,9,203,0.0,0,0.0,0
2025-11-26 21:03:53,1,60,17.2,96,3.7,1020.8,7,9,203,0.0,0,0.0,0
2025-11-26 21:04:54,1,60,17.3,96,3.7,1020.9,2,9,220,0.0,0,0.0,0
2025-11-26 21:05:55,1,60,17.4,96,3.7,1020.8,6,7,183,0.0,0,0.0,0
2025-11-26 21:06:56,1,60,17.5,96,3.7,1020.9,7,9,190,0.0,0,0.0,0
2025-11-26 21:07:57,1,60,17.7,96,3.7,1020.8,6,9,209,0.0,0,0.0,0
2025-11-26 21:08:58,1,60,17.8,96,3.6,1020.9,5,7,244,0.0,0,0.0,0
2025-11-26 21:09:59,1,59,18.0,96,3.6,1020.9,5,7,217,0.0,0,0.0,0
2025-11-26 21:11:00,1,59,18.1,96,3.6,1020.8,6,12,230,0.0,0,0.0,0
2025-11-26 21:12:01,1,59,18.3,96,3.6,1021.0,7,12,217,0.0,0,0.0,0
2025-11-26 21:13:02,1,58,18.4,96,3.5,1021.0,8,11,232,0.0,0,0.0,0
2025-11-26 21:14:03,1,58,18.4,96,3.5,1021.0,11,12,186,0.0,0,0.0,0
2025-11-26 21:15:04,1,58,18.5,96,3.4,1020.9,9,12,189,0.0,0,0.0,0
2025-11-26 21:16:05,1,58,18.6,96,3.4,1021.2,7,11,165,0.0,0,0.0,0
2025-11-26 21:17:06,1,57,18.6,96,3.4,1021.0,11,14,210,0.0,0,0.0,0
2025-11-26 21:18:07,1,57,18.7,96,3.4,1021.1,10,14,178,0.0,0,0.0,0
2025-11-26 21:19:08,1,57,18.7,96,3.3,1021.1,10,12,213,0.0,0,0.0,0
2025-11-26 21:20:09,1,57,18.7,96,3.2,1021.1,6,14,154,0.0,0,0.0,0
2025-11-26 21:21:10,1,57,18.7,96,3.2,1021.0,7,12,201,0.0,0,0.0,0
2025-11-26 21:22:11,1,57,18.7,96,3.2,1021.0,6,12,172,0.0,0,0.0,0
2025-11-26 21:23:12,1,56,18.7,96,3.2,1021.0,3,9,199,0.0,0,0.0,0
2025-11-26 21:24:13,1,56,18.7,96,3.2,1021.0,9,11,200,0.0,0,0.0,0
2025-11-26 21:25:14,1,56,18.7,96,3.2,1021.0,6,11,180,0.0,0,0.0,0
2025-11-26 21:26:15,1,56,18.7,96,3.2,1021.0,7,9,214,0.0,0,0.0,0
2025-11-26 21:27:16,1,56,18.6,96,3.2,1021.1,3,9,234,0.0,0,0.0,0
2025-11-26 21:28:17,1,56,18.6,96,3.2,1021.0,5,7,178,0.0,0,0.0,0
2025-11-26 21:29:18,1,56,18.6,96,3.2,1021.2,5,7,190,0.0,0,0.0,0
2025-11-26 21:30:19,1,56,18.6,96,3.2,1021.0,6,11,181,0.0,0,0.0,0
2025-11-26 21:31:20,1,56,18.5,96,3.2,1021.1,5,11,162,0.0,0,0.0,0
2025-11-26 21:32:21,1,56,18.5,96,3.2,1021.1,3,9,205,0.0,0,0.0,0
2025-11-26 21:33:22,1,56,18.4,96,3.2,1020.9,6,7,201,0.0,0,0.0,0
2025-11-26 21:34:23,1,56,18.4,96,3.2,1021.0,6,11,175,0.0,0,0.0,0
2025-11-26 21:35:24,1,56,18.4,96,3.2,1021.2,8,11,175,0.0,0,0.0,0
2025-11-26 21:36:25,1,56,18.3,96,3.2,1021.1,5,11,199,0.0,0,0.0,0
2025-11-26 21:37:26,1,56,18.3,96,3.1,1020.9,7,11,150,0.0,0,0.0,0
2025-11-26 21:38:27,1,57,18.3,97,3.1,1021.0,2,11,261,0.0,0,0.0,0
2025-11-26 21:39:28,1,57,18.2,97,3.2,1021.0,4,7,217,0.0,0,0.0,0
2025-11-26 21:40:29,1,57,18.2,97,3.2,1021.1,5,5,227,0.0,0,0.0,0
2025-11-26 21:41:30,1,57,18.2,97,3.2,1021.1,6,7,189,0.0,0,0.0,0
2025-11-26 21:42:31,1,57,18.1,97,3.2,1021.1,7,9,155,0.0,0,0.0,0
2025-11-26 21:43:32,1,57,18.1,97,3.3,1021.1,6,9,204,0.0,0,0.0,0
2025-11-26 21:44:33,1,57,18.0,97,3.3,1021.1,12,14,182,0.0,0,0.0,0
2025-11-26 21:45:34,1,57,18.0,97,3.3,1020.9,7,14,188,0.0,0,0.0,0
2025-11-26 21:46:35,1,56,18.0,97,3.3,1020.8,5,12,252,0.0,0,0.0,0
2025-11-26 21:47:36,1,56,17.9,97,3.3,1020.9,8,12,243,0.0,0,0.0,0
2025-11-26 21:48:37,1,57,17.9,97,3.3,1020.8,9,12,188,0.0,0,0.0,0
2025-11-26 21:49:38,1,57,17.9,97,3.3,1020.9,8,12,194,0.0,0,0.0,0
2025-11-26 21:50:39,1,57,17.8,97,3.3,1021.0,8,11,238,0.0,0,0.0,0
2025-11-26 21:51:40,1,57,17.8,97,3.3,1021.0,8,12,269,0.0,0,0.0,0
2025-11-26 21:52:41,1,57,17.8,97,3.3,1020.9,13,14,247,0.0,0,0.0,0
2025-11-26 21:53:42,1,57,17.7,97,3.3,1020.8,6,14,211,0.0,0,0.0,0
2025-11-26 21:54:43,1,57,17.7,97,3.2,1020.8,11,14,201,0.0,0,0.0,0
2025-11-26 21:55:44,1,57,17.7,97,3.2,1021.0,9,14,239,0.0,0,0.0,0
2025-11-26 21:56:45,1,57,17.6,97,3.2,1021.0,12,14,204,0.0,0,0.0,0
2025-11-26 21:57:46,1,57,17.6,97,3.2,1021.0,8,14,258,0.0,0,0.0,0
2025-11-26 21:58:47,1,57,17.6,97,3.2,1021.0,8,12,210,0.0,0,0.0,0
2025-11-26 21:59:48,1,57,17.5,97,3.2,1020.8,10,16,186,0.0,0,0.0,0
2025-11-26 22:00:49,1,57,17.5,97,3.2,1021.0,10,14,205,0.0,0,0.0,0
2025-11-26 22:01:50,1,57,17.5,97,3.2,1021.0,7,20,223,0.0,0,0.0,0
2025-11-26 22:02:51,1,57,17.5,97,3.2,1020.9,4,20,174,0.0,0,0.0,0
2025-11-26 22:03:52,1,57,17.5,97,3.2,1021.0,11,12,188,0.0,0,0.0,0
2025-11-26 22:04:53,1,57,17.4,97,3.2,1021.1,6,12,176,0.0,0,0.0,0
2025-11-26 22:05:54,1,57,17.4,97,3.2,1020.9,9,11,177,0.0,0,0.0,0
2025-11-26 22:06:55,1,57,17.4,97,3.2,1020.8,8,14,187,0.0,0,0.0,0
2025-11-26 22:07:56,1,58,17.4,97,3.2,1020.6,12,14,188,0.0,0,0.0,0
2025-11-26 22:08:57,1,58,17.4,97,3.2,1020.7,7,14,194,0.0,0,0.0,0
2025-11-26 22:09:58,1,58,17.3,97,3.1,1020.9,6,11,189,0.0,0,0.0,0
2025-11-26 22:10:59,1,58,17.3,97,3.1,1020.7,7,7,201,0.0,0,0.0,0
2025-11-26 22:12:00,1,58,17.3,97,3.1,1020.8,4,7,190,0.0,0,0.0,0
2025-11-26 22:13:01,1,58,17.3,97,3.2,1020.8,7,9,259,0.0,0,0.0,0
2025-11-26 22:14:02,1,58,17.2,97,3.2,1020.8,7,11,267,0.0,0,0.0,0
2025-11-26 22:15:03,1,58,17.2,97,3.2,1020.8,8,11,211,0.0,0,0.0,0
2025-11-26 22:16:04,1,58,17.2,97,3.2,1020.6,12,16,252,0.0,0,0.0,0
2025-11-26 22:17:05,1,58,17.2,97,3.2,1020.7,9,16,229,0.0,0,0.0,0
2025-11-26 22:18:06,1,58,17.2,97,3.1,1020.7,8,12,231,0.0,0,0.0,0
2025-11-26 22:19:07,1,59,17.2,97,3.1,1020.7,7,11,222,0.0,0,0.0,0
2025-11-26 22:20:08,1,59,17.2,97,3.1,1020.7,5,11,215,0.0,0,0.0,0
2025-11-26 22:21:09,1,59,17.3,97,3.1,1020.7,7,9,227,0.0,0,0.0,0
2025-11-26 22:22:10,1,59,17.3,97,3.1,1020.8,7,14,186,0.0,0,0.0,0
2025-11-26 22:23:11,1,59,17.3,97,3.1,1020.7,7,12,217,0.0,0,0.0,0
2025-11-26 22:24:12,1,59,17.4,97,3.2,1020.7,8,14,238,0.0,0,0.0,0
2025-11-26 22:25:13,1,59,17.5,97,3.2,1020.6,7,16,267,0.0,0,0.0,0
2025-11-26 22:26:14,1,59,17.5,97,3.2,1020.8,11,16,264,0.0,0,0.0,0
2025-11-26 22:27:15,1,59,17.6,97,3.2,1020.7,14,16,188,0.0,0,0.0,0
2025-11-26 22:28:16,1,59,17.7,97,3.2,1020.9,10,16,221,0.0,0,0.0,0
2025-11-26 22:29:17,1,59,17.8,97,3.1,1020.7,10,18,208,0.0,0,0.0,0
2025-11-26 22:30:18,1,58,17.8,97,3.1,1020.8,15,18,206,0.0,0,0.0,0
2025-11-26 22:31:19,1,58,17.9,97,3.1,1020.8,12,16,196,0.0,0,0.0,0
2025-11-26 22:32:20,1,58,18.0,97,3.1,1020.8,9,16,225,0.0,0,0.0,0
2025-11-26 22:33:21,1,58,18.0,97,3.1,1020.8,10,12,176,0.0,0,0.0,0
2025-11-26 22:34:22,1,58,18.0,97,3.1,1020.6,7,12,218,0.0,0,0.0,0
2025-11-26 22:35:23,1,57,18.1,97,3.1,1020.7,8,12,189,0.0,0,0.0,0
2025-11-26 22:36:24,1,57,18.1,97,3.1,1020.8,10,12,270,0.0,0,0.0,0
2025-11-26 22:37:25,1,57,18.1,97,3.1,1020.8,7,12,206,0.0,0,0.0,0
2025-11-26 22:38:26,1,57,18.1,97,3.1,1020.7,9,12,254,0.0,0,0.0,0
2025-11-26 22:39:27,1,57,18.2,97,3.1,1020.5,5,12,237,0.0,0,0.0,0
2025-11-26 22:40:28,1,57,18.1,97,3.1,1020.7,4,11,225,0.0,0,0.0,0
2025-11-26 22:41:29,1,57,18.1,97,3.1,1020.9,6,9,227,0.0,0,0.0,0
2025-11-26 22:42:30,1,57,18.1,97,3.1,1020.8,10,12,225,0.0,0,0.0,0
2025-11-26 22:43:31,1,57,18.1,97,3.1,1020.8,12,14,213,0.0,0,0.0,0
2025-11-26 22:44:32,1,57,18.1,97,3.1,1020.7,11,14,179,0.0,0,0.0,0
2025-11-26 22:45:33,1,57,18.1,97,3.0,1020.8,10,14,207,0.0,0,0.0,0
2025-11-26 22:46:34,1,57,18.1,97,3.0,1020.7,8,14,200,0.0,0,0.0,0
2025-11-26 22:47:35,1,57,18.1,97,3.0,1020.7,8,14,228,0.0,0,0.0,0
2025-11-26 22:48:36,1,57,18.0,97,3.0,1020.7,11,16,208,0.0,0,0.0,0
2025-11-26 22:49:37,1,57,18.0,97,2.9,1020.6,9,16,210,0.0,0,0.0,0
2025-11-26 22:50:38,1,57,18.0,97,2.9,1020.8,9,14,209,0.0,0,0.0,0
2025-11-26 22:51:39,1,57,18.0,97,2.9,1020.8,7,14,179,0.0,0,0.0,0
2025-11-26 22:52:40,1,57,17.9,97,2.9,1020.8,10,14,215,0.0,0,0.0,0
2025-11-26 22:53:41,1,57,17.9,97,2.9,1020.9,7,12,252,0.0,0,0.0,0
2025-11-26 22:54:42,1,57,17.9,97,2.9,1020.9,6,12,199,0.0,0,0.0,0
2025-11-26 22:55:43,1,57,17.8,97,2.9,1020.8,6,9,179,0.0,0,0.0,0
2025-11-26 22:56:44,1,57,17.8,97,2.9,1020.8,14,16,192,0.0,0,0.0,0
2025-11-26 22:57:45,1,57,17.8,97,2.9,1020.9,5,16,193,0.0,0,0.0,0
2025-11-26 22:58:46,1,57,17.8,97,2.9,1020.9,6,14,207,0.0,0,0.0,0
2025-11-26 22:59:47,1,57,17.7,98,2.9,1020.7,7,12,251,0.0,0,0.0,0
2025-11-26 23:00:48,1,57,17.7,98,2.9,1020.7,9,16,224,0.0,0,0.0,0
2025-11-26 23:01:49,1,57,17.7,97,2.9,1020.8,9,12,191,0.0,0,0.0,0
2025-11-26 23:02:50,1,57,17.6,97,2.9,1020.8,7,11,176,0.0,0,0.0,0
2025-11-26 23:03:51,1,57,17.6,97,2.9,1020.6,10,14,204,0.0,0,0.0,0
2025-11-26 23:04:52,1,57,17.6,97,2.9,1020.8,7,14,207,0.0,0,0.0,0
2025-11-26 23:05:53,1,57,17.6,97,2.9,1020.7,8,12,177,0.0,0,0.0,0
2025-11-26 23:06:54,1,57,17.5,98,2.9,1020.7,11,12,225,0.0,0,0.0,0
2025-11-26 23:07:55,1,57,17.5,98,2.9,1020.4,7,14,176,0.0,0,0.0,0
2025-11-26 23:08:56,1,57,17.5,98,2.9,1020.6,8,12,172,0.0,0,0.0,0
2025-11-26 23:09:57,1,57,17.5,98,2.9,1020.5,7,12,202,0.0,0,0.0,0
2025-11-26 23:10:58,1,58,17.4,98,2.9,1020.7,8,12,150,0.0,0,0.0,0
2025-11-26 23:11:59,1,58,17.4,98,2.9,1020.5,7,12,227,0.0,0,0.0,0
2025-11-26 23:13:00,1,58,17.4,98,2.9,1020.6,7,12,175,0.0,0,0.0,0
2025-11-26 23:14:01,1,58,17.4,98,2.9,1020.5,9,12,181,0.0,0,0.0,0
2025-11-26 23:15:02,1,58,17.3,98,2.9,1020.5,6,11,236,0.0,0,0.0,0
2025-11-26 23:16:03,1,58,17.4,98,2.9,1020.5,6,11,163,0.0,0,0.0,0
2025-11-26 23:17:04,1,58,17.3,98,2.9,1020.4,11,16,215,0.0,0,0.0,0
2025-11-26 23:18:05,1,58,17.3,98,2.9,1020.5,7,16,200,0.0,0,0.0,0
2025-11-26 23:19:06,1,58,17.3,98,2.8,1020.4,5,16,214,0.0,0,0.0,0
2025-11-26 23:20:07,1,58,17.3,98,2.8,1020.3,6,14,191,0.0,0,0.0,0
2025-11-26 23:21:08,1,58,17.3,98,2.8,1020.3,7,14,194,0.0,0,0.0,0
2025-11-26 23:22:09,1,58,17.3,98,2.8,1020.4,8,14,200,0.0,0,0.0,0
2025-11-26 23:23:10,1,59,17.3,98,2.8,1020.3,8,11,125,0.0,0,0.0,0
2025-11-26 23:24:11,1,59,17.4,98,2.8,1020.2,8,11,145,0.0,0,0.0,0
2025-11-26 23:25:12,1,59,17.4,98,2.8,1020.4,5,11,208,0.0,0,0.0,0
2025-11-26 23:26:13,1,59,17.5,98,2.8,1020.4,8,11,202,0.0,0,0.0,0
2025-11-26 23:27:14,1,58,17.6,98,2.8,1020.2,9,11,196,0.0,0,0.0,0
2025-11-26 23:28:15,1,58,17.7,98,2.8,1020.3,5,11,188,0.0,0,0.0,0
2025-11-26 23:29:16,1,58,17.7,98,2.8,1020.4,6,7,173,0.0,0,0.0,0
2025-11-26 23:30:17,1,58,17.8,98,2.8,1020.2,13,18,185,0.0,0,0.0,0
2025-11-26 23:31:18,1,58,17.9,98,2.8,1020.3,16,20,199,0.0,0,0.0,0
2025-11-26 23:32:19,1,58,17.9,98,2.8,1020.1,15,18,202,0.0,0,0.0,0
2025-11-26 23:33:20,1,57,17.9,98,2.7,1020.1,9,18,174,0.0,0,0.0,0
2025-11-26 23:34:21,1,57,18.0,98,2.7,1020.2,9,14,229,0.0,0,0.0,0
2025-11-26 23:35:22,1,57,18.0,98,2.7,1020.2,8,12,208,0.0,0,0.0,0
2025-11-26 23:36:23,1,57,18.0,98,2.7,1020.1,6,11,126,0.0,0,0.0,0
2025-11-26 23:37:24,1,57,18.1,98,2.7,1019.9,8,11,156,0.0,0,0.0,0
2025-11-26 23:38:25,1,57,18.1,98,2.8,1020.0,10,16,221,0.0,0,0.0,0
2025-11-26 23:39:26,1,57,18.1,98,2.8,1020.1,8,16,196,0.0,0,0.0,0
2025-11-26 23:40:27,1,57,18.1,98,2.8,1019.8,7,11,175,0.0,0,0.0,0
2025-11-26 23:41:28,1,57,18.1,98,2.8,1019.9,5,11,105,0.0,0,0.0,0
2025-11-26 23:42:29,1,57,18.0,98,2.8,1019.9,10,12,178,0.0,0,0.0,0
2025-11-26 23:43:30,1,57,18.1,98,2.8,1019.8,7,12,148,0.0,0,0.0,0
2025-11-26 23:44:31,1,57,18.0,98,2.8,1019.9,7,14,213,0.0,0,0.0,0
2025-11-26 23:45:32,1,57,18.0,98,2.8,1019.8,10,14,120,0.0,0,0.0,0
2025-11-26 23:46:33,1,57,18.0,98,2.9,1019.9,7,14,199,0.0,0,0.0,0
2025-11-26 23:47:34,1,57,18.0,98,2.9,1019.8,6,11,203,0.0,0,0.0,0
2025-11-26 23:48:35,1,57,17.9,98,2.9,1019.8,5,9,200,0.0,0,0.0,0
2025-11-26 23:49:36,1,57,17.9,98,2.9,1019.8,3,7,213,0.0,0,0.0,0
2025-11-26 23:50:37,1,57,17.9,98,2.9,1019.8,3,9,210,0.0,0,0.0,0
2025-11-26 23:51:38,1,57,17.9,98,2.9,1019.8,4,9,253,0.0,0,0.0,0
2025-11-26 23:52:39,1,57,17.9,98,2.9,1019.8,4,7,220,0.0,0,0.0,0
2025-11-26 23:53:40,1,57,17.8,98,3.0,1019.8,6,7,209,0.0,0,0.0,0
2025-11-26 23:54:41,1,57,17.8,98,3.0,1019.8,4,9,124,0.0,0,0.0,0
2025-11-26 23:55:42,1,57,17.7,98,3.0,1019.8,3,7,174,0.0,0,0.0,0
2025-11-26 23:56:43,1,57,17.7,98,3.0,1019.8,3,7,224,0.0,0,0.0,0
2025-11-26 23:57:44,1,57,17.7,98,2.9,1019.9,6,9,145,0.0,0,0.0,0
2025-11-26 23:58:45,1,57,17.7,98,2.9,1019.8,5,9,204,0.0,0,0.0,0
2025-11-26 23:59:46,1,57,17.6,98,2.9,1019.9,3,7,159,0.0,0,0.0,0
