2025-11-23 00:00:16,1,50,17.5,54,1.5,1014.1,5,20,125,0.0,0,0.0,0
2025-11-23 00:01:17,1,50,17.5,53,1.5,1014.1,9,27,143,0.0,0,0.0,0
2025-11-23 00:02:18,1,50,17.5,54,1.5,1014.2,14,20,115,0.0,0,0.0,0
2025-11-23 00:03:19,1,50,17.5,53,1.5,1014.1,21,23,191,0.0,0,0.0,0
2025-11-23 00:04:20,1,50,17.5,53,1.5,1014.1,12,23,216,0.0,0,0.0,0
2025-11-23 00:05:21,1,50,17.5,54,1.5,1014.1,11,20,168,0.0,0,0.0,0
2025-11-23 00:06:22,1,50,17.5,54,1.4,1014.1,12,18,176,0.0,0,0.0,0
2025-11-23 00:07:23,1,50,17.4,54,1.4,1014.1,12,20,157,0.0,0,0.0,0
2025-11-23 00:08:24,1,50,17.4,53,1.4,1014.1,17,21,236,0.0,0,0.0,0
2025-11-23 00:09:25,1,50,17.4,54,1.4,1014.1,8,21,114,0.0,0,0.0,0
2025-11-23 00:10:26,1,50,17.4,54,1.4,1014.2,12,16,245,0.0,0,0.0,0
2025-11-23 00:11:27,1,50,17.4,54,1.4,1014.2,8,16,195,0.0,0,0.0,0
2025-11-23 00:12:28,1,50,17.4,55,1.4,1014.1,7,16,210,0.0,0,0.0,0
2025-11-23 00:13:29,1,50,17.4,55,1.4,1014.0,12,18,179,0.0,0,0.0,0
2025-11-23 00:14:30,1,50,17.4,55,1.3,1014.0,13,18,213,0.0,0,0.0,0
2025-11-23 00:15:31,1,50,17.4,55,1.3,1014.0,12,18,199,0.0,0,0.0,0
2025-11-23 00:16:32,1,50,17.4,55,1.3,1013.9,8,18,200,0.0,0,0.0,0
2025-11-23 00:17:33,1,50,17.4,55,1.3,1014.1,9,18,160,0.0,0,0.0,0
2025-11-23 00:18:34,1,50,17.4,55,1.3,1014.0,8,12,167,0.0,0,0.0,0
2025-11-23 00:19:35,1,50,17.4,55,1.3,1014.2,14,18,183,0.0,0,0.0,0
2025-11-23 00:20:36,1,50,17.3,55,1.3,1014.0,13,18,175,0.0,0,0.0,0
2025-11-23 00:21:37,1,50,17.3,54,1.3,1014.0,13,18,177,0.0,0,0.0,0
2025-11-23 00:22:38,1,50,17.3,55,1.3,1014.0,10,21,224,0.0,0,0.0,0
2025-11-23 00:23:39,1,50,17.3,55,1.3,1014.0,7,16,216,0.0,0,0.0,0
2025-11-23 00:24:40,1,50,17.3,55,1.3,1013.8,9,16,188,0.0,0,0.0,0
2025-11-23 00:25:41,1,50,17.3,55,1.3,1014.0,16,18,182,0.0,0,0.0,0
2025-11-23 00:26:42,1,50,17.3,54,1.3,1014.0,12,18,235,0.0,0,0.0,0
2025-11-23 00:27:43,1,50,17.3,54,1.3,1014.0,14,18,217,0.0,0,0.0,0
2025-11-23 00:28:44,1,50,17.3,54,1.3,1014.1,6,20,234,0.0,0,0.0,0
2025-11-23 00:29:45,1,50,17.3,54,1.3,1013.9,12,18,191,0.0,0,0.0,0
2025-11-23 00:30:46,1,50,17.3,54,1.3,1013.8,14,18,224,0.0,0,0.0,0
2025-11-23 00:31:47,1,50,17.3,54,1.3,1013.8,11,18,200,0.0,0,0.0,0
2025-11-23 00:32:48,1,50,17.3,54,1.3,1013.9,12,14,180,0.0,0,0.0,0
2025-11-23 00:33:49,1,50,17.2,54,1.3,1013.8,11,16,214,0.0,0,0.0,0
2025-11-23 00:34:50,1,50,17.3,54,1.3,1013.8,11,20,199,0.0,0,0.0,0
2025-11-23 00:35:51,1,50,17.2,54,1.3,1013.9,9,20,167,0.0,0,0.0,0
2025-11-23 00:36:52,1,50,17.2,54,1.3,1013.8,10,16,213,0.0,0,0.0,0
2025-11-23 00:37:53,1,50,17.2,54,1.3,1013.8,15,18,188,0.0,0,0.0,0
2025-11-23 00:38:54,1,50,17.2,54,1.3,1013.8,9,18,123,0.0,0,0.0,0
2025-11-23 00:39:55,1,50,17.2,54,1.3,1013.7,11,16,178,0.0,0,0.0,0
2025-11-23 00:40:56,1,50,17.2,53,1.3,1013.6,11,25,135,0.0,0,0.0,0
2025-11-23 00:41:57,1,50,17.2,52,1.4,1013.7,17,21,252,0.0,0,0.0,0
2025-11-23 00:42:58,1,50,17.2,52,1.4,1013.6,17,21,191,0.0,0,0.0,0
2025-11-23 00:43:59,1,50,17.2,52,1.4,1013.7,17,21,178,0.0,0,0.0,0
2025-11-23 00:45:00,1,50,17.2,53,1.4,1013.6,15,21,217,0.0,0,0.0,0
2025-11-23 00:46:01,1,50,17.2,53,1.4,1013.7,9,21,201,0.0,0,0.0,0
2025-11-23 00:47:02,1,50,17.2,52,1.4,1013.6,12,20,193,0.0,0,0.0,0
2025-11-23 00:48:03,1,50,17.2,53,1.4,1013.6,7,20,165,0.0,0,0.0,0
2025-11-23 00:49:04,1,50,17.2,53,1.4,1013.7,9,12,133,0.0,0,0.0,0
2025-11-23 00:50:05,1,50,17.2,53,1.4,1013.6,8,14,184,0.0,0,0.0,0
2025-11-23 00:51:06,1,50,17.2,53,1.4,1013.7,7,16,202,0.0,0,0.0,0
2025-11-23 00:52:07,1,50,17.2,53,1.4,1013.6,7,14,116,0.0,0,0.0,0
2025-11-23 00:53:08,1,50,17.2,53,1.4,1013.5,19,23,182,0.0,0,0.0,0
2025-11-23 00:54:09,1,50,17.2,52,1.4,1013.7,14,27,202,0.0,0,0.0,0
2025-11-23 00:55:10,1,50,17.2,52,1.4,1013.5,10,27,155,0.0,0,0.0,0
2025-11-23 00:56:11,1,50,17.2,53,1.4,1013.5,10,20,178,0.0,0,0.0,0
2025-11-23 00:57:12,1,50,17.2,53,1.4,1013.4,7,14,154,0.0,0,0.0,0
2025-11-23 00:58:13,1,50,17.2,53,1.4,1013.5,9,14,137,0.0,0,0.0,0
2025-11-23 00:59:14,1,50,17.2,53,1.4,1013.4,10,16,174,0.0,0,0.0,0
2025-11-23 01:00:15,1,50,17.2,53,1.4,1013.4,18,21,166,0.0,0,0.0,0
2025-11-23 01:01:16,1,50,17.1,53,1.4,1013.5,11,21,163,0.0,0,0.0,0
2025-11-23 01:02:17,1,50,17.2,54,1.4,1013.6,6,14,229,0.0,0,0.0,0
2025-11-23 01:03:18,1,50,17.1,54,1.4,1013.4,11,14,191,0.0,0,0.0,0
2025-11-23 01:04:19,1,50,17.2,53,1.4,1013.5,14,29,226,0.0,0,0.0,0
2025-11-23 01:05:20,1,50,17.2,53,1.4,1013.4,7,27,92,0.0,0,0.0,0
2025-11-23 01:06:21,1,50,17.1,54,1.4,1013.4,6,16,215,0.0,0,0.0,0
2025-11-23 01:07:22,1,50,17.1,54,1.4,1013.3,7,11,186,0.0,0,0.0,0
2025-11-23 01:08:23,1,50,17.2,54,1.4,1013.5,7,18,159,0.0,0,0.0,0
2025-11-23 01:09:24,1,50,17.1,53,1.4,1013.5,10,16,203,0.0,0,0.0,0
2025-11-23 01:10:25,1,50,17.2,53,1.4,1013.3,12,18,153,0.0,0,0.0,0
2025-11-23 01:11:26,1,50,17.1,53,1.4,1013.3,9,18,106,0.0,0,0.0,0
2025-11-23 01:12:27,1,50,17.2,53,1.4,1013.4,13,16,198,0.0,0,0.0,0
2025-11-23 01:13:28,1,50,17.2,54,1.4,1013.3,7,16,155,0.0,0,0.0,0
2025-11-23 01:14:29,1,50,17.2,53,1.4,1013.2,5,16,136,0.0,0,0.0,0
2025-11-23 01:15:30,1,50,17.1,54,1.4,1013.5,10,16,189,0.0,0,0.0,0
2025-11-23 01:16:31,1,50,17.2,54,1.4,1013.3,12,18,205,0.0,0,0.0,0
2025-11-23 01:17:32,1,50,17.2,54,1.4,1013.4,9,14,225,0.0,0,0.0,0
2025-11-23 01:18:33,1,50,17.2,53,1.4,1013.2,9,18,120,0.0,0,0.0,0
2025-11-23 01:19:34,1,50,17.2,54,1.4,1013.3,12,18,191,0.0,0,0.0,0
2025-11-23 01:20:35,1,50,17.1,53,1.4,1013.2,7,18,215,0.0,0,0.0,0
2025-11-23 01:21:36,1,50,17.1,54,1.4,1013.4,5,16,223,0.0,0,0.0,0
2025-11-23 01:22:37,1,50,17.1,54,1.4,1013.4,9,14,136,0.0,0,0.0,0
2025-11-23 01:23:38,1,50,17.1,54,1.4,1013.2,6,12,144,0.0,0,0.0,0
2025-11-23 01:24:39,1,50,17.1,55,1.4,1013.5,10,14,193,0.0,0,0.0,0
2025-11-23 01:25:40,1,50,17.1,55,1.4,1013.3,12,20,149,0.0,0,0.0,0
2025-11-23 01:26:41,1,50,17.1,55,1.4,1013.3,10,20,162,0.0,0,0.0,0
2025-11-23 01:27:42,1,50,17.1,55,1.4,1013.4,15,20,168,0.0,0,0.0,0
2025-11-23 01:28:43,1,50,17.1,55,1.3,1013.4,17,27,227,0.0,0,0.0,0
2025-11-23 01:29:44,1,50,17.1,56,1.3,1013.3,12,27,166,0.0,0,0.0,0
2025-11-23 01:30:45,1,50,17.1,57,1.3,1013.2,9,20,178,0.0,0,0.0,0
2025-11-23 01:31:46,1,49,17.1,57,1.3,1013.3,7,16,138,0.0,0,0.0,0
2025-11-23 01:32:47,1,50,17.1,59,1.3,1013.3,8,20,208,0.0,0,0.0,0
2025-11-23 01:33:48,1,50,17.1,59,1.2,1013.4,16,25,188,0.0,0,0.0,0
2025-11-23 01:34:49,1,50,17.1,60,1.2,1013.3,12,25,159,0.0,0,0.0,0
2025-11-23 01:35:50,1,49,17.1,61,1.1,1013.2,14,21,189,0.0,0,0.0,0
2025-11-23 01:36:51,1,50,17.1,63,1.1,1013.3,9,18,207,0.0,0,0.0,0
2025-11-23 01:37:52,1,49,17.1,64,1.0,1013.3,13,20,157,0.0,0,0.0,0
2025-11-23 01:38:53,1,49,17.1,66,0.9,1013.1,18,21,165,0.0,0,0.0,0
2025-11-23 01:39:54,1,49,17.1,67,0.9,1013.2,16,23,183,0.0,0,0.0,0
2025-11-23 01:40:55,1,49,17.1,69,0.8,1013.3,13,27,179,0.0,0,0.0,0
2025-11-23 01:41:56,1,49,17.1,70,0.7,1013.2,7,27,204,0.0,0,0.0,0
2025-11-23 01:42:57,1,49,17.1,71,0.6,1013.2,17,25,169,0.0,0,0.0,0
2025-11-23 01:43:58,1,49,17.1,71,0.5,1013.1,13,25,123,0.0,0,0.0,0
2025-11-23 01:44:59,1,49,17.1,72,0.5,1013.2,12,20,66,0.0,0,0.0,0
2025-11-23 01:46:00,1,49,17.1,72,0.5,1012.9,12,18,196,0.0,0,0.0,0
2025-11-23 01:47:01,1,49,17.1,72,0.4,1013.1,6,16,205,0.0,0,0.0,0
2025-11-23 01:48:02,1,50,17.1,73,0.4,1012.9,11,16,109,0.0,0,0.0,0
2025-11-23 01:49:03,1,50,17.1,73,0.4,1013.0,7,16,174,0.0,0,0.0,0
2025-11-23 01:50:04,1,50,17.1,73,0.4,1013.2,14,25,111,0.0,0,0.0,0
2025-11-23 01:51:05,1,50,17.1,73,0.4,1013.1,17,25,181,0.0,0,0.0,0
2025-11-23 01:52:06,1,50,17.1,73,0.3,1013.2,14,27,155,0.0,0,0.0,0
2025-11-23 01:53:07,1,50,17.1,74,0.3,1012.8,12,27,159,0.0,0,0.0,0
2025-11-23 01:54:08,1,50,17.1,74,0.3,1013.0,14,18,206,0.0,0,0.0,0
2025-11-23 01:55:09,1,50,17.1,74,0.3,1013.1,8,23,179,0.0,0,0.0,0
2025-11-23 01:56:10,1,50,17.1,75,0.3,1013.0,14,20,191,0.0,0,0.0,0
2025-11-23 01:57:11,1,49,17.1,75,0.3,1012.9,14,20,197,0.0,0,0.0,0
2025-11-23 01:58:12,1,50,17.1,75,0.3,1013.0,16,27,211,0.0,0,0.0,0
2025-11-23 01:59:13,1,50,17.0,75,0.2,1012.9,12,27,129,0.0,0,0.0,0
2025-11-23 02:00:14,1,50,17.1,76,0.2,1013.0,14,18,208,0.0,0,0.0,0
2025-11-23 02:01:15,1,49,17.1,76,0.2,1013.0,15,27,208,0.0,0,0.0,0
2025-11-23 02:02:16,1,50,17.1,76,0.1,1013.0,9,18,195,0.0,0,0.0,0
2025-11-23 02:03:17,1,50,17.1,76,0.1,1013.0,14,25,204,0.0,0,0.0,0
2025-11-23 02:04:18,1,50,17.1,77,0.1,1012.9,11,27,165,0.0,0,0.0,0
2025-11-23 02:05:19,1,50,17.1,77,0.0,1013.1,8,18,149,0.0,0,0.0,0
2025-11-23 02:06:20,1,50,17.1,77,0.0,1013.0,9,20,153,0.0,0,0.0,0
2025-11-23 02:07:21,1,50,17.0,78,0.0,1012.9,9,20,90,0.0,0,0.0,0
2025-11-23 02:08:22,1,50,17.1,78,0.0,1012.8,13,16,222,0.0,0,0.0,0
2025-11-23 02:09:23,1,50,17.1,78,0.0,1013.1,19,23,188,0.0,0,0.0,0
2025-11-23 02:10:24,1,50,17.0,78,-0.1,1012.9,12,23,195,0.0,0,0.0,0
2025-11-23 02:11:25,1,50,17.0,78,-0.1,1012.7,18,21,204,0.0,0,0.0,0
2025-11-23 02:12:26,1,50,17.0,79,-0.1,1012.7,5,25,203,0.0,0,0.0,0
2025-11-23 02:13:27,1,50,17.0,79,-0.2,1012.8,14,21,191,0.0,0,0.0,0
2025-11-23 02:14:28,1,50,17.0,79,-0.2,1012.8,12,21,162,0.0,0,0.0,0
2025-11-23 02:15:29,1,50,17.0,79,-0.2,1012.7,14,21,99,0.0,0,0.0,0
2025-11-23 02:16:30,1,50,17.0,80,-0.2,1012.9,19,23,188,0.0,0,0.0,0
2025-11-23 02:17:31,1,50,17.0,80,-0.2,1012.7,12,23,107,0.0,0,0.0,0
2025-11-23 02:18:32,1,50,17.0,81,-0.3,1012.7,21,27,187,0.0,0,0.0,0
2025-11-23 02:19:33,1,50,17.0,82,-0.3,1012.7,16,27,201,0.0,0,0.0,0
2025-11-23 02:20:34,1,50,17.0,82,-0.3,1012.5,14,27,119,0.0,0,0.0,0
2025-11-23 02:21:35,1,49,17.0,83,-0.3,1012.5,18,21,223,0.0,0,0.0,0
2025-11-23 02:22:36,1,49,17.0,84,-0.4,1012.6,7,21,196,0.0,0,0.0,0
2025-11-23 02:23:37,1,49,17.0,85,-0.4,1012.6,12,21,206,0.0,0,0.0,0
2025-11-23 02:24:38,1,49,17.0,85,-0.4,1012.5,9,14,216,0.0,0,0.0,0
2025-11-23 02:25:39,1,49,17.0,86,-0.4,1012.6,14,20,203,0.0,0,0.0,0
2025-11-23 02:26:40,1,50,17.0,85,-0.4,1012.4,10,25,230,0.0,0,0.0,0
2025-11-23 02:27:41,1,50,17.0,86,-0.4,1012.5,18,25,156,0.0,0,0.0,0
2025-11-23 02:28:42,1,50,17.0,86,-0.5,1012.5,16,25,212,0.0,0,0.0,0
2025-11-23 02:29:43,1,50,17.0,86,-0.5,1012.6,11,25,195,0.0,0,0.0,0
2025-11-23 02:30:44,1,49,17.0,87,-0.5,1012.5,15,18,201,0.0,0,0.0,0
2025-11-23 02:31:45,1,49,17.0,87,-0.5,1012.5,5,20,204,0.0,0,0.0,0
2025-11-23 02:32:46,1,50,17.0,88,-0.5,1012.4,11,16,128,0.0,0,0.0,0
2025-11-23 02:33:47,1,50,17.0,88,-0.5,1012.4,9,16,209,0.0,0,0.0,0
2025-11-23 02:34:48,1,50,17.0,88,-0.5,1012.6,11,14,119,0.0,0,0.0,0
2025-11-23 02:35:49,1,50,17.0,88,-0.5,1012.4,8,14,149,0.0,0,0.0,0
2025-11-23 02:36:50,1,50,17.0,88,-0.5,1012.3,6,12,168,0.0,0,0.0,0
2025-11-23 02:37:51,1,50,17.0,89,-0.5,1012.3,10,18,203,0.0,0,0.0,0
2025-11-23 02:38:52,1,50,17.0,89,-0.5,1012.4,14,20,201,0.0,0,0.0,0
2025-11-23 02:39:53,1,50,17.0,89,-0.5,1012.5,13,20,147,0.0,0,0.0,0
2025-11-23 02:40:54,1,50,17.0,89,-0.6,1012.3,14,20,173,0.0,0,0.0,0
2025-11-23 02:41:55,1,50,17.0,89,-0.6,1012.4,11,20,133,0.0,0,0.0,0
2025-11-23 02:42:56,1,50,17.0,90,-0.7,1012.3,10,14,183,0.0,0,0.0,0
2025-11-23 02:43:57,1,50,17.0,90,-0.7,1012.3,11,16,212,0.0,0,0.0,0
2025-11-23 02:44:58,1,50,17.0,90,-0.7,1012.3,9,16,142,0.0,0,0.0,0
2025-11-23 02:45:59,1,50,17.0,91,-0.7,1012.3,8,16,151,0.0,0,0.0,0
2025-11-23 02:47:00,1,50,17.0,91,-0.7,1012.2,12,21,173,0.0,0,0.0,0
2025-11-23 02:48:01,1,50,17.0,91,-0.8,1012.3,12,23,174,0.0,0,0.0,0
2025-11-23 02:49:02,1,50,17.0,91,-0.8,1012.2,16,25,167,0.0,0,0.0,0
2025-11-23 02:50:03,1,50,17.0,91,-0.9,1012.2,9,25,159,0.0,0,0.0,0
2025-11-23 02:51:04,1,50,17.0,92,-0.9,1012.3,9,18,234,0.0,0,0.0,0
2025-11-23 02:52:05,1,50,17.0,92,-0.9,1012.3,9,20,159,0.0,0,0.0,0
2025-11-23 02:53:06,1,50,17.0,92,-0.9,1012.0,18,23,198,0.0,0,0.0,0
2025-11-23 02:54:07,1,50,17.0,92,-0.9,1012.2,8,23,250,0.0,0,0.0,0
2025-11-23 02:55:08,1,50,17.0,92,-0.9,1012.0,19,23,202,0.0,0,0.0,0
2025-11-23 02:56:09,1,50,17.0,93,-0.9,1012.1,17,29,182,0.0,0,0.0,0
2025-11-23 02:57:10,1,50,17.0,93,-0.8,1012.1,9,29,128,0.0,0,0.0,0
2025-11-23 02:58:11,1,50,17.0,93,-0.9,1012.3,22,27,188,0.0,0,0.0,0
2025-11-23 02:59:12,1,50,17.0,93,-0.9,1011.9,16,27,220,0.0,0,0.0,0
2025-11-23 03:00:13,1,50,17.0,93,-0.9,1012.2,11,20,174,0.0,0,0.0,0
2025-11-23 03:01:14,1,50,17.0,93,-0.9,1012.0,14,20,90,0.0,0,0.0,0
2025-11-23 03:02:15,1,50,17.0,93,-0.9,1012.2,7,20,230,0.0,0,0.0,0
2025-11-23 03:03:16,1,50,17.0,93,-0.9,1012.1,15,20,190,0.0,0,0.0,0
2025-11-23 03:04:17,1,50,17.0,93,-0.9,1012.0,10,20,221,0.0,0,0.0,0
2025-11-23 03:05:18,1,50,17.0,94,-0.8,1012.0,16,25,185,0.0,0,0.0,0
2025-11-23 03:06:19,1,50,17.0,94,-0.8,1012.1,13,27,208,0.0,0,0.0,0
2025-11-23 03:07:20,1,50,17.0,94,-0.8,1011.8,9,31,170,0.0,0,0.0,0
2025-11-23 03:08:21,1,50,17.0,94,-0.9,1012.0,15,20,170,0.0,0,0.0,0
2025-11-23 03:09:22,1,50,17.0,94,-0.9,1012.0,10,20,225,0.0,0,0.0,0
2025-11-23 03:10:23,1,50,17.0,94,-0.9,1012.1,11,18,203,0.0,0,0.0,0
2025-11-23 03:11:24,1,50,17.0,94,-0.9,1012.0,10,12,207,0.0,0,0.0,0
2025-11-23 03:12:25,1,50,17.0,94,-0.9,1012.0,11,14,216,0.0,0,0.0,0
2025-11-23 03:13:26,1,50,17.0,94,-0.8,1011.8,16,20,166,0.0,0,0.0,0
2025-11-23 03:14:27,1,50,17.0,94,-0.8,1011.8,8,20,190,0.0,0,0.0,0
2025-11-23 03:15:28,1,50,17.0,94,-0.8,1011.9,15,18,163,0.0,0,0.0,0
2025-11-23 03:16:29,1,50,17.0,94,-0.8,1011.9,16,23,193,0.0,0,0.0,0
2025-11-23 03:17:30,1,50,17.0,94,-0.9,1012.0,13,21,243,0.0,0,0.0,0
2025-11-23 03:18:31,1,50,17.0,94,-0.9,1012.0,13,20,213,0.0,0,0.0,0
2025-11-23 03:19:32,1,50,17.0,95,-0.9,1012.0,10,21,168,0.0,0,0.0,0
2025-11-23 03:20:33,1,50,17.0,95,-0.9,1011.8,9,18,170,0.0,0,0.0,0
2025-11-23 03:21:34,1,50,17.0,95,-0.9,1011.7,15,21,221,0.0,0,0.0,0
2025-11-23 03:22:35,1,50,17.0,95,-0.9,1011.6,12,21,177,0.0,0,0.0,0
2025-11-23 03:23:36,1,50,17.0,95,-0.9,1011.8,12,20,168,0.0,0,0.0,0
2025-11-23 03:24:37,1,50,17.0,95,-0.9,1011.7,11,21,186,0.0,0,0.0,0
2025-11-23 03:25:38,1,50,17.0,95,-0.9,1011.7,15,20,159,0.0,0,0.0,0
2025-11-23 03:26:39,1,50,17.0,95,-0.9,1011.7,8,20,162,0.0,0,0.0,0
2025-11-23 03:27:40,1,50,17.0,95,-0.9,1011.7,7,14,227,0.0,0,0.0,0
2025-11-23 03:28:41,1,50,17.0,95,-0.8,1011.7,13,20,156,0.0,0,0.0,0
2025-11-23 03:29:42,1,50,17.0,95,-0.8,1011.6,19,21,198,0.0,0,0.0,0
2025-11-23 03:30:43,1,50,17.0,95,-0.8,1011.6,20,25,192,0.0,0,0.0,0
2025-11-23 03:31:44,1,50,17.0,95,-0.9,1011.4,12,25,208,0.0,0,0.0,0
2025-11-23 03:32:45,1,50,17.0,95,-0.9,1011.4,12,21,141,0.0,0,0.0,0
2025-11-23 03:33:46,1,50,17.0,95,-0.9,1011.5,19,27,203,0.0,0,0.0,0
2025-11-23 03:34:47,1,50,17.0,95,-0.9,1011.6,14,27,196,0.0,0,0.0,0
2025-11-23 03:35:48,1,50,17.0,95,-0.9,1011.5,21,25,191,0.0,0,0.0,0
2025-11-23 03:36:49,1,50,17.0,95,-0.9,1011.7,12,23,208,0.0,0,0.0,0
2025-11-23 03:37:50,1,50,17.0,95,-0.9,1011.5,16,21,124,0.0,0,0.0,0
2025-11-23 03:38:51,1,50,17.0,96,-0.9,1011.4,12,20,171,0.0,0,0.0,0
2025-11-23 03:39:52,1,50,17.0,96,-0.9,1011.3,14,20,147,0.0,0,0.0,0
2025-11-23 03:40:53,1,50,17.0,96,-0.8,1011.4,9,20,157,0.0,0,0.0,0
2025-11-23 03:41:54,1,50,17.0,96,-0.8,1011.3,8,20,105,0.0,0,0.0,0
2025-11-23 03:42:55,1,50,17.0,96,-0.8,1011.4,8,18,191,0.0,0,0.0,0
2025-11-23 03:43:56,1,50,17.0,96,-0.8,1011.3,13,18,240,0.0,0,0.0,0
2025-11-23 03:44:57,1,50,17.0,96,-0.8,1011.2,11,21,175,0.0,0,0.0,0
2025-11-23 03:45:58,1,50,17.0,96,-0.8,1011.3,14,16,131,0.0,0,0.0,0
2025-11-23 03:46:59,1,50,17.0,96,-0.8,1011.4,14,20,186,0.0,0,0.0,0
2025-11-23 03:48:00,1,50,16.9,96,-0.8,1011.2,18,23,203,0.0,0,0.0,0
2025-11-23 03:49:01,1,50,16.9,96,-0.8,1011.1,12,23,243,0.0,0,0.0,0
2025-11-23 03:50:02,1,50,16.9,96,-0.8,1011.1,12,20,187,0.0,0,0.0,0
2025-11-23 03:51:03,1,50,17.0,96,-0.8,1011.1,17,25,201,0.0,0,0.0,0
2025-11-23 03:52:04,1,50,17.0,96,-0.8,1011.2,17,25,138,0.0,0,0.0,0
2025-11-23 03:53:05,1,50,16.9,96,-0.8,1011.1,14,25,216,0.0,0,0.0,0
2025-11-23 03:54:06,1,50,17.0,96,-0.8,1011.1,14,23,123,0.0,0,0.0,0
2025-11-23 03:55:07,1,50,17.0,96,-0.8,1011.1,17,25,223,0.0,0,0.0,0
2025-11-23 03:56:08,1,50,16.9,96,-0.8,1011.0,8,29,214,0.0,0,0.0,0
2025-11-23 03:57:09,1,50,16.9,96,-0.8,1011.1,14,21,168,0.0,0,0.0,0
2025-11-23 03:58:10,1,50,16.9,96,-0.8,1011.0,10,21,176,0.0,0,0.0,0
2025-11-23 03:59:11,1,50,16.9,96,-0.8,1011.0,14,20,207,0.0,0,0.0,0
2025-11-23 04:00:12,1,50,17.0,96,-0.8,1010.8,17,20,159,0.0,0,0.0,0
2025-11-23 04:01:13,1,50,17.0,96,-0.8,1011.0,11,21,201,0.0,0,0.0,0
2025-11-23 04:02:14,1,50,16.9,96,-0.8,1010.9,10,16,187,0.0,0,0.0,0
2025-11-23 04:03:15,1,50,17.0,96,-0.8,1011.0,8,16,196,0.0,0,0.0,0
2025-11-23 04:04:16,1,50,16.9,96,-0.8,1010.6,12,21,230,0.0,0,0.0,0
2025-11-23 04:05:17,1,50,17.0,96,-0.8,1010.8,14,18,110,0.0,0,0.0,0
2025-11-23 04:06:18,1,50,16.9,96,-0.8,1010.6,15,21,131,0.0,0,0.0,0
2025-11-23 04:07:19,1,50,17.0,96,-0.8,1010.8,9,18,212,0.0,0,0.0,0
2025-11-23 04:08:20,1,50,17.0,96,-0.7,1010.8,8,20,146,0.0,0,0.0,0
2025-11-23 04:09:21,1,50,16.9,96,-0.7,1010.7,20,27,113,0.0,0,0.0,0
2025-11-23 04:10:22,1,50,16.9,96,-0.7,1010.6,14,33,200,0.0,0,0.0,0
2025-11-23 04:11:23,1,50,16.9,96,-0.7,1010.8,15,23,171,0.0,0,0.0,0
2025-11-23 04:12:24,1,50,16.9,96,-0.7,1010.6,11,23,158,0.0,0,0.0,0
2025-11-23 04:13:25,1,50,16.9,96,-0.7,1010.7,16,23,110,0.0,0,0.0,0
2025-11-23 04:14:26,1,50,17.0,96,-0.7,1010.7,6,23,145,0.0,0,0.0,0
2025-11-23 04:15:27,1,50,17.0,96,-0.7,1010.5,19,25,189,0.0,0,0.0,0
2025-11-23 04:16:28,1,50,17.0,96,-0.6,1010.7,14,25,145,0.0,0,0.0,0
2025-11-23 04:17:29,1,50,16.9,96,-0.6,1010.6,9,21,151,0.0,0,0.0,0
2025-11-23 04:18:30,1,50,16.9,96,-0.6,1010.5,8,23,161,0.0,0,0.0,0
2025-11-23 04:19:31,1,50,17.0,96,-0.6,1010.5,15,23,230,0.0,0,0.0,0
2025-11-23 04:20:32,1,50,16.9,96,-0.6,1010.5,6,23,247,0.0,0,0.0,0
2025-11-23 04:21:33,1,50,16.9,96,-0.6,1010.5,8,23,222,0.0,0,0.0,0
2025-11-23 04:22:34,1,50,16.9,96,-0.6,1010.4,12,25,220,0.0,0,0.0,0
2025-11-23 04:23:35,1,50,17.0,96,-0.6,1010.5,11,25,162,0.0,0,0.0,0
2025-11-23 04:24:36,1,50,16.9,97,-0.6,1010.4,10,25,112,0.0,0,0.0,0
2025-11-23 04:25:37,1,50,16.9,96,-0.6,1010.3,17,21,168,0.0,0,0.0,0
2025-11-23 04:26:38,1,50,16.9,97,-0.5,1010.4,11,21,175,0.0,0,0.0,0
2025-11-23 04:27:39,1,50,16.9,97,-0.5,1010.3,10,21,176,0.0,0,0.0,0
2025-11-23 04:28:40,1,50,17.0,96,-0.5,1010.4,16,23,207,0.0,0,0.0,0
2025-11-23 04:29:41,1,50,17.0,97,-0.5,1010.2,15,23,198,0.0,0,0.0,0
2025-11-23 04:30:42,1,50,17.0,97,-0.5,1010.2,10,20,144,0.0,0,0.0,0
2025-11-23 04:31:43,1,50,16.9,97,-0.5,1010.3,10,18,186,0.0,0,0.0,0
2025-11-23 04:32:44,1,50,16.9,97,-0.5,1010.3,16,20,239,0.0,0,0.0,0
2025-11-23 04:33:45,1,50,16.9,97,-0.5,1010.2,26,33,215,0.0,0,0.0,0
2025-11-23 04:34:46,1,50,17.0,97,-0.5,1010.4,8,33,180,0.0,0,0.0,0
2025-11-23 04:35:47,1,50,16.9,97,-0.5,1010.2,11,25,208,0.0,0,0.0,0
2025-11-23 04:36:48,1,50,16.9,97,-0.5,1010.2,13,23,136,0.0,0,0.0,0
2025-11-23 04:37:49,1,50,16.9,97,-0.5,1010.3,9,20,160,0.0,0,0.0,0
2025-11-23 04:38:50,1,50,16.9,97,-0.5,1010.1,14,27,224,0.0,0,0.0,0
2025-11-23 04:39:51,1,50,16.9,97,-0.5,1010.0,15,27,149,0.0,0,0.0,0
2025-11-23 04:40:52,1,50,16.9,97,-0.5,1010.1,16,27,172,0.0,0,0.0,0
2025-11-23 04:41:53,1,50,16.9,97,-0.5,1010.1,11,27,106,0.0,0,0.0,0
2025-11-23 04:42:54,1,50,16.9,97,-0.5,1009.9,19,25,100,0.0,0,0.0,0
2025-11-23 04:43:55,1,50,16.9,97,-0.5,1010.0,7,25,203,0.0,0,0.0,0
2025-11-23 04:44:56,1,50,16.9,97,-0.4,1009.9,16,20,203,0.0,0,0.0,0
2025-11-23 04:45:57,1,50,16.9,97,-0.4,1010.0,13,21,210,0.0,0,0.0,0
2025-11-23 04:46:58,1,50,16.9,97,-0.4,1010.0,10,21,150,0.0,0,0.0,0
2025-11-23 04:47:59,1,50,16.9,97,-0.4,1010.0,8,20,187,0.0,0,0.0,0
2025-11-23 04:49:00,1,50,16.9,97,-0.4,1009.8,10,20,201,0.0,0,0.0,0
2025-11-23 04:50:01,1,50,16.9,97,-0.4,1009.8,6,20,129,0.0,0,0.0,0
2025-11-23 04:51:02,1,50,16.9,97,-0.3,1009.7,17,29,222,0.0,0,0.0,0
2025-11-23 04:52:03,1,50,16.9,97,-0.3,1009.8,16,29,195,0.0,0,0.0,0
2025-11-23 04:53:04,1,50,16.9,97,-0.3,1009.6,16,29,184,0.0,0,0.0,0
2025-11-23 04:54:05,1,50,16.9,97,-0.3,1009.7,9,29,128,0.0,0,0.0,0
2025-11-23 04:55:06,1,50,16.9,97,-0.3,1009.8,12,23,208,0.0,0,0.0,0
2025-11-23 04:56:07,1,50,16.9,97,-0.3,1009.7,14,20,219,0.0,0,0.0,0
2025-11-23 04:57:08,1,50,16.9,97,-0.3,1009.8,17,18,143,0.0,0,0.0,0
2025-11-23 04:58:09,1,50,16.9,97,-0.3,1009.6,14,23,186,0.0,0,0.0,0
2025-11-23 04:59:10,1,50,16.9,97,-0.3,1009.8,7,23,182,0.0,0,0.0,0
2025-11-23 05:00:11,1,50,16.9,97,-0.3,1009.6,15,21,203,0.0,0,0.0,0
2025-11-23 05:01:12,1,50,16.9,97,-0.3,1009.6,11,25,171,0.0,0,0.0,0
2025-11-23 05:02:13,1,50,16.9,97,-0.2,1009.6,12,21,168,0.0,0,0.0,0
2025-11-23 05:03:14,1,50,16.9,97,-0.2,1009.6,21,25,182,0.0,0,0.0,0
2025-11-23 05:04:15,1,50,16.9,97,-0.2,1009.6,14,25,135,0.0,0,0.0,0
2025-11-23 05:05:16,1,50,16.9,97,-0.2,1009.6,15,21,182,0.0,0,0.0,0
2025-11-23 05:06:17,1,50,16.9,97,-0.2,1009.7,21,23,230,0.0,0,0.0,0
2025-11-23 05:07:18,1,50,16.9,97,-0.2,1009.6,12,27,195,0.0,0,0.0,0
2025-11-23 05:08:19,1,50,16.9,97,-0.2,1009.5,18,27,216,0.0,0,0.0,0
2025-11-23 05:09:20,1,50,16.9,97,-0.2,1009.4,10,21,196,0.0,0,0.0,0
2025-11-23 05:10:21,1,50,16.9,97,-0.2,1009.5,16,23,203,0.0,0,0.0,0
2025-11-23 05:11:22,1,50,16.9,97,-0.1,1009.6,13,23,184,0.0,0,0.0,0
2025-11-23 05:12:23,1,50,16.9,97,-0.1,1009.3,11,23,197,0.0,0,0.0,0
2025-11-23 05:13:24,1,50,16.9,97,-0.1,1009.4,10,16,205,0.0,0,0.0,0
2025-11-23 05:14:25,1,50,16.9,97,-0.1,1009.4,14,20,118,0.0,0,0.0,0
2025-11-23 05:15:26,1,50,16.9,97,-0.1,1009.3,17,20,161,0.0,0,0.0,0
2025-11-23 05:16:27,1,50,16.9,97,-0.1,1009.3,12,20,164,0.0,0,0.0,0
2025-11-23 05:17:28,1,50,16.9,97,-0.1,1009.2,7,20,191,0.0,0,0.0,0
2025-11-23 05:18:29,1,50,16.9,97,-0.1,1009.3,23,31,215,0.0,0,0.0,0
2025-11-23 05:19:30,1,50,16.9,97,-0.1,1009.3,13,31,167,0.0,0,0.0,0
2025-11-23 05:20:31,1,50,16.9,97,-0.1,1009.2,13,23,145,0.0,0,0.0,0
2025-11-23 05:21:32,1,50,16.9,97,0.0,1009.4,13,23,208,0.0,0,0.0,0
2025-11-23 05:22:33,1,50,16.9,97,0.0,1009.3,7,21,148,0.0,0,0.0,0
2025-11-23 05:23:34,1,50,16.9,97,0.0,1009.1,20,23,210,0.0,0,0.0,0
2025-11-23 05:24:35,1,50,16.9,97,0.0,1009.2,16,25,207,0.0,0,0.0,0
2025-11-23 05:25:36,1,50,16.9,97,0.0,1009.1,17,23,186,0.0,0,0.0,0
2025-11-23 05:26:37,1,50,16.9,97,0.0,1009.0,24,34,219,0.0,0,0.0,0
2025-11-23 05:27:38,1,50,16.9,97,0.0,1009.1,9,34,168,0.0,0,0.0,0
2025-11-23 05:28:39,1,50,16.9,97,0.0,1009.1,16,29,137,0.0,0,0.0,0
2025-11-23 05:29:40,1,50,16.9,97,0.0,1008.9,12,20,163,0.0,0,0.0,0
2025-11-23 05:30:41,1,50,16.9,97,0.1,1009.1,19,29,184,0.0,0,0.0,0
2025-11-23 05:31:42,1,50,16.9,97,0.1,1009.1,19,36,194,0.0,0,0.0,0
2025-11-23 05:32:43,1,50,16.9,97,0.1,1009.1,6,36,148,0.0,0,0.0,0
2025-11-23 05:33:44,1,50,16.9,97,0.1,1009.1,10,21,119,0.0,0,0.0,0
2025-11-23 05:34:45,1,50,16.9,97,0.1,1009.0,9,18,179,0.0,0,0.0,0
2025-11-23 05:35:46,1,50,16.9,97,0.1,1009.0,14,21,183,0.0,0,0.0,0
2025-11-23 05:36:47,1,50,16.9,97,0.2,1009.0,13,23,180,0.0,0,0.0,0
2025-11-23 05:37:48,1,50,16.9,97,0.2,1009.0,14,23,191,0.0,0,0.0,0
2025-11-23 05:38:49,1,50,16.9,97,0.2,1008.9,9,31,119,0.0,0,0.0,0
2025-11-23 05:39:50,1,50,16.9,97,0.2,1008.8,16,31,235,0.0,0,0.0,0
2025-11-23 05:40:51,1,50,16.9,97,0.2,1008.8,15,31,151,0.0,0,0.0,0
2025-11-23 05:41:52,1,50,16.9,97,0.2,1008.8,16,23,185,0.0,0,0.0,0
2025-11-23 05:42:53,1,50,16.9,97,0.2,1008.9,20,25,206,0.0,0,0.0,0
2025-11-23 05:43:54,1,50,17.0,97,0.2,1008.8,21,25,130,0.0,0,0.0,0
2025-11-23 05:44:55,1,50,17.0,97,0.2,1008.7,15,25,175,0.0,0,0.0,0
2025-11-23 05:45:56,1,50,17.0,97,0.2,1008.8,21,25,208,0.0,0,0.0,0
2025-11-23 05:46:57,1,50,17.0,97,0.2,1008.7,19,29,161,0.0,0,0.0,0
2025-11-23 05:47:58,1,50,17.0,97,0.2,1008.7,10,25,154,0.0,0,0.0,0
2025-11-23 05:48:59,1,50,17.0,97,0.2,1008.7,22,31,222,0.0,0,0.0,0
2025-11-23 05:50:00,1,50,17.0,97,0.2,1008.8,12,31,214,0.0,0,0.0,0
2025-11-23 05:51:01,1,50,17.0,97,0.2,1008.6,16,21,204,0.0,0,0.0,0
2025-11-23 05:52:02,1,50,17.0,97,0.2,1008.7,11,21,203,0.0,0,0.0,0
2025-11-23 05:53:03,1,50,17.0,97,0.3,1008.8,15,18,211,0.0,0,0.0,0
2025-11-23 05:54:04,1,50,17.1,97,0.3,1008.5,21,29,224,0.0,0,0.0,0
2025-11-23 05:55:05,1,50,17.1,97,0.3,1008.5,17,29,195,0.0,0,0.0,0
2025-11-23 05:56:06,1,50,17.1,97,0.3,1008.5,19,23,187,0.0,0,0.0,0
2025-11-23 05:57:07,1,50,17.1,97,0.3,1008.6,14,23,163,0.0,0,0.0,0
2025-11-23 05:58:08,1,50,17.1,97,0.3,1008.5,17,27,207,0.0,0,0.0,0
2025-11-23 05:59:09,1,50,17.1,97,0.3,1008.5,12,27,230,0.0,0,0.0,0
2025-11-23 06:00:10,1,50,17.1,97,0.3,1008.5,15,34,172,0.0,0,0.0,0
2025-11-23 06:01:11,1,49,17.1,97,0.3,1008.7,13,34,145,0.0,0,0.0,0
2025-11-23 06:02:12,1,50,17.1,97,0.3,1008.5,8,25,177,0.0,0,0.0,0
2025-11-23 06:03:13,1,49,17.1,97,0.3,1008.6,16,34,188,0.0,0,0.0,0
2025-11-23 06:04:14,1,49,17.2,97,0.3,1008.5,8,21,206,0.0,0,0.0,0
2025-11-23 06:05:15,1,49,17.2,97,0.3,1008.5,9,21,202,0.0,0,0.0,0
2025-11-23 06:06:16,1,49,17.2,97,0.4,1008.6,14,21,206,0.0,0,0.0,0
2025-11-23 06:07:17,1,49,17.2,97,0.4,1008.5,15,20,151,0.0,0,0.0,0
2025-11-23 06:08:18,1,49,17.2,97,0.4,1008.5,12,20,175,0.0,0,0.0,0
2025-11-23 06:09:19,1,49,17.2,96,0.4,1008.4,20,25,218,0.0,0,0.0,0
2025-11-23 06:10:20,1,49,17.2,96,0.4,1008.5,13,31,169,0.0,0,0.0,0
2025-11-23 06:11:21,1,49,17.2,96,0.4,1008.5,9,21,175,0.0,0,0.0,0
2025-11-23 06:12:22,1,49,17.2,96,0.4,1008.4,14,29,229,0.0,0,0.0,0
2025-11-23 06:13:23,1,49,17.2,96,0.4,1008.5,21,29,203,0.0,0,0.0,0
2025-11-23 06:14:24,1,49,17.2,96,0.4,1008.5,15,27,176,0.0,0,0.0,0
2025-11-23 06:15:25,1,49,17.2,96,0.4,1008.5,11,20,179,0.0,0,0.0,0
2025-11-23 06:16:26,1,49,17.2,96,0.4,1008.3,13,21,209,0.0,0,0.0,0
2025-11-23 06:17:27,1,49,17.2,96,0.5,1008.3,12,23,247,0.0,0,0.0,0
2025-11-23 06:18:28,1,49,17.2,96,0.5,1008.4,9,23,163,0.0,0,0.0,0
2025-11-23 06:19:29,1,49,17.3,96,0.5,1008.4,10,14,154,0.0,0,0.0,0
2025-11-23 06:20:30,1,49,17.2,96,0.5,1008.3,11,21,189,0.0,0,0.0,0
2025-11-23 06:21:31,1,49,17.2,96,0.5,1008.3,18,25,189,0.0,0,0.0,0
2025-11-23 06:22:32,1,49,17.2,96,0.5,1008.4,14,25,206,0.0,0,0.0,0
2025-11-23 06:23:33,1,49,17.2,96,0.6,1008.4,18,29,161,0.0,0,0.0,0
2025-11-23 06:24:34,1,49,17.2,96,0.6,1008.3,10,29,188,0.0,0,0.0,0
2025-11-23 06:25:35,1,49,17.3,96,0.6,1008.4,15,27,208,0.0,0,0.0,0
2025-11-23 06:26:36,1,49,17.3,96,0.6,1008.2,20,23,203,0.0,0,0.0,0
2025-11-23 06:27:37,1,49,17.3,96,0.6,1008.3,12,23,203,0.0,0,0.0,0
2025-11-23 06:28:38,1,49,17.3,96,0.6,1008.3,17,23,150,0.0,0,0.0,0
2025-11-23 06:29:39,1,49,17.3,96,0.6,1008.4,16,27,204,0.0,0,0.0,0
2025-11-23 06:30:40,1,49,17.3,96,0.6,1008.1,17,27,189,0.0,0,0.0,0
2025-11-23 06:31:41,1,49,17.3,96,0.6,1008.2,11,20,202,0.0,0,0.0,0
2025-11-23 06:32:42,1,49,17.3,96,0.6,1008.2,24,27,192,0.0,0,0.0,0
2025-11-23 06:33:43,1,49,17.3,96,0.6,1008.1,14,27,202,0.0,0,0.0,0
2025-11-23 06:34:44,1,49,17.3,96,0.6,1008.1,20,27,217,0.0,0,0.0,0
2025-11-23 06:35:45,1,49,17.3,96,0.7,1008.0,17,27,191,0.0,0,0.0,0
2025-11-23 06:36:46,1,49,17.3,96,0.7,1008.1,12,23,172,0.0,0,0.0,0
2025-11-23 06:37:47,1,49,17.3,96,0.7,1007.9,16,25,122,0.0,0,0.0,0
2025-11-23 06:38:48,1,49,17.3,96,0.7,1008.0,14,25,167,0.0,0,0.0,0
2025-11-23 06:39:49,1,49,17.3,96,0.7,1007.8,12,25,162,0.0,0,0.0,0
2025-11-23 06:40:50,1,49,17.3,96,0.7,1007.9,9,21,203,0.0,0,0.0,0
2025-11-23 06:41:51,1,49,17.3,96,0.7,1007.8,15,33,119,0.0,0,0.0,0
2025-11-23 06:42:52,1,49,17.3,96,0.7,1007.9,13,23,133,0.0,0,0.0,0
2025-11-23 06:43:53,1,49,17.3,96,0.7,1007.8,16,20,191,0.0,0,0.0,0
2025-11-23 06:44:54,1,49,17.3,96,0.7,1007.7,17,21,194,0.0,0,0.0,0
2025-11-23 06:45:55,1,49,17.3,96,0.7,1007.8,27,31,194,0.0,0,0.0,0
2025-11-23 06:46:56,1,49,17.3,96,0.7,1007.8,15,31,165,0.0,0,0.0,0
2025-11-23 06:47:57,1,49,17.3,96,0.7,1007.7,17,29,138,0.0,0,0.0,0
2025-11-23 06:48:58,1,49,17.3,96,0.7,1007.6,18,23,192,0.0,0,0.1,0
2025-11-23 06:49:59,1,49,17.3,96,0.7,1007.9,17,23,185,0.0,0,0.1,0
2025-11-23 06:51:00,1,49,17.3,96,0.8,1007.6,14,23,190,0.0,0,0.1,0
2025-11-23 06:52:01,1,49,17.3,96,0.8,1007.8,15,25,195,0.0,0,0.1,0
2025-11-23 06:53:02,1,49,17.3,96,0.8,1007.7,7,25,112,0.0,0,0.1,0
2025-11-23 06:54:03,1,49,17.3,95,0.8,1007.8,10,20,254,0.0,0,0.1,0
2025-11-23 06:55:04,1,49,17.3,95,0.8,1007.7,14,20,164,0.0,0,0.1,0
2025-11-23 06:56:05,1,49,17.3,95,0.8,1007.6,14,20,179,0.0,0,0.1,0
2025-11-23 06:57:06,1,49,17.3,95,0.8,1007.7,17,27,266,0.0,0,0.2,0
2025-11-23 06:58:07,1,49,17.3,95,0.8,1007.7,30,36,179,0.0,0,0.2,0
2025-11-23 06:59:08,1,49,17.3,95,0.8,1007.6,12,36,201,0.0,0,0.2,0
2025-11-23 07:00:09,1,49,17.3,95,0.8,1007.5,15,21,109,0.0,0,0.3,0
2025-11-23 07:01:10,1,49,17.3,95,0.8,1007.6,14,23,153,0.0,0,0.4,0
2025-11-23 07:02:11,1,49,17.3,95,0.8,1007.6,9,23,243,0.0,0,0.4,0
2025-11-23 07:03:12,1,49,17.3,95,0.9,1007.4,11,20,110,0.0,0,0.5,0
2025-11-23 07:04:13,1,49,17.3,95,0.9,1007.5,8,20,189,0.0,0,0.5,0
2025-11-23 07:05:14,1,49,17.3,95,0.9,1007.5,17,23,212,0.0,0,0.5,0
2025-11-23 07:06:15,1,49,17.3,95,0.9,1007.5,17,25,217,0.0,0,0.6,0
2025-11-23 07:07:16,1,49,17.3,95,0.9,1007.5,10,27,174,0.0,0,0.6,0
2025-11-23 07:08:17,1,49,17.3,95,0.9,1007.5,18,29,213,0.0,0,0.7,0
2025-11-23 07:09:18,1,49,17.3,95,0.9,1007.4,20,25,113,0.0,0,0.7,0
2025-11-23 07:10:19,1,49,17.3,95,1.0,1007.4,16,25,200,0.0,0,0.8,0
2025-11-23 07:11:20,1,49,17.3,95,1.0,1007.4,14,20,104,0.0,0,1.0,0
2025-11-23 07:12:21,1,49,17.3,95,1.0,1007.6,14,20,201,0.0,0,1.0,0
2025-11-23 07:13:22,1,49,17.3,95,1.0,1007.5,27,34,225,0.0,0,1.1,0
2025-11-23 07:14:23,1,49,17.3,94,1.0,1007.5,14,34,182,0.0,0,1.2,0
2025-11-23 07:15:24,1,49,17.3,94,1.0,1007.4,12,23,137,0.0,0,1.3,0
2025-11-23 07:16:25,1,49,17.3,94,1.0,1007.3,16,23,219,0.0,0,1.4,0
2025-11-23 07:17:26,1,49,17.3,94,1.0,1007.5,17,23,206,0.0,0,1.5,0
2025-11-23 07:18:27,1,49,17.3,94,1.0,1007.5,7,23,203,0.0,0,1.6,0
2025-11-23 07:19:28,1,49,17.3,94,1.1,1007.3,19,34,144,0.0,0,1.7,0
2025-11-23 07:20:29,1,49,17.3,94,1.1,1007.4,14,34,136,0.0,0,1.7,0
2025-11-23 07:21:30,1,49,17.3,94,1.1,1007.4,12,20,192,0.0,0,1.8,0
2025-11-23 07:22:31,1,49,17.3,94,1.1,1007.3,10,14,163,0.0,0,2.0,0
2025-11-23 07:23:32,1,49,17.3,94,1.1,1007.4,10,14,207,0.0,0,2.1,0
2025-11-23 07:24:33,1,49,17.3,94,1.1,1007.3,14,16,174,0.0,0,2.2,0
2025-11-23 07:25:34,1,49,17.3,94,1.1,1007.3,20,27,142,0.0,0,2.3,0
2025-11-23 07:26:35,1,49,17.3,94,1.1,1007.4,18,27,171,0.0,0,2.6,0
2025-11-23 07:27:36,1,49,17.3,94,1.1,1007.3,18,25,213,0.0,0,2.9,0
2025-11-23 07:28:37,1,49,17.3,93,1.2,1007.3,14,25,206,0.0,0,3.2,0
2025-11-23 07:29:38,1,49,17.3,93,1.2,1007.3,17,33,211,0.0,0,3.3,0
2025-11-23 07:30:39,1,49,17.3,93,1.2,1007.3,10,33,146,0.0,0,3.4,0
2025-11-23 07:31:40,1,49,17.3,93,1.2,1007.4,12,25,140,0.0,0,3.7,0
2025-11-23 07:32:41,1,49,17.3,93,1.2,1007.3,14,27,179,0.0,0,3.8,0
2025-11-23 07:33:42,1,49,17.3,93,1.3,1007.3,16,27,109,0.0,0,3.8,0
2025-11-23 07:34:43,1,49,17.3,92,1.3,1007.3,12,23,208,0.0,0,3.9,0
2025-11-23 07:35:44,1,49,17.3,92,1.3,1007.1,10,20,167,0.0,0,4.3,0
2025-11-23 07:36:45,1,49,17.3,92,1.3,1007.2,15,25,212,0.0,0,4.4,0
2025-11-23 07:37:46,1,49,17.3,92,1.3,1007.1,14,25,114,0.0,0,4.6,0
2025-11-23 07:38:47,1,49,17.3,91,1.3,1007.2,17,21,130,0.0,0,4.9,0
2025-11-23 07:39:48,1,49,17.3,91,1.3,1007.2,17,33,160,0.0,0,5.2,0
2025-11-23 07:40:49,1,49,17.3,91,1.3,1007.2,18,25,87,0.0,0,5.3,0
2025-11-23 07:41:50,1,49,17.3,91,1.4,1007.2,24,29,232,0.0,0,5.4,0
2025-11-23 07:42:51,1,49,17.3,91,1.4,1007.1,21,29,167,0.0,0,5.6,0
2025-11-23 07:43:52,1,49,17.3,90,1.4,1007.0,15,25,212,0.0,0,5.4,0
2025-11-23 07:44:53,1,49,17.3,90,1.4,1007.2,10,25,154,0.0,0,5.6,0
2025-11-23 07:45:54,1,49,17.3,90,1.4,1007.1,15,18,177,0.0,0,5.9,0
2025-11-23 07:46:55,1,49,17.3,90,1.4,1007.1,17,29,143,0.0,0,6.0,0
2025-11-23 07:47:56,1,49,17.3,90,1.4,1007.1,14,29,194,0.0,0,5.9,0
2025-11-23 07:48:57,1,49,17.3,90,1.4,1007.1,23,31,186,0.0,0,6.0,0
2025-11-23 07:49:58,1,49,17.3,90,1.4,1007.0,22,31,165,0.0,0,6.2,0
2025-11-23 07:50:59,1,49,17.3,90,1.4,1006.9,22,31,184,0.0,0,6.3,0
2025-11-23 07:52:00,1,49,17.3,90,1.4,1007.1,12,27,194,0.0,0,6.6,0
2025-11-23 07:53:01,1,49,17.3,90,1.4,1007.0,13,27,167,0.0,0,6.8,0
2025-11-23 07:54:02,1,49,17.3,90,1.5,1006.9,14,25,201,0.0,0,6.6,0
2025-11-23 07:55:03,1,49,17.3,90,1.5,1006.7,9,16,135,0.0,0,6.5,0
2025-11-23 07:56:04,1,49,17.3,90,1.5,1007.1,18,21,156,0.0,0,6.6,0
2025-11-23 07:57:05,1,49,17.4,90,1.5,1007.1,12,23,179,0.0,0,6.7,0
2025-11-23 07:58:06,1,49,17.3,90,1.5,1007.2,11,21,119,0.0,0,7.2,0
2025-11-23 07:59:07,1,49,17.3,90,1.5,1007.0,11,20,232,0.0,0,8.0,0
2025-11-23 08:00:08,1,49,17.4,90,1.5,1006.9,14,23,229,0.0,0,9.0,0
2025-11-23 08:01:09,1,49,17.4,90,1.5,1006.9,14,23,178,0.0,0,9.4,0
2025-11-23 08:02:10,1,49,17.3,90,1.5,1006.9,13,23,213,0.0,0,9.7,0
2025-11-23 08:03:11,1,49,17.4,90,1.5,1006.8,14,21,216,0.0,0,9.5,0
2025-11-23 08:04:12,1,49,17.3,90,1.5,1006.7,12,20,128,0.0,0,9.3,0
2025-11-23 08:05:13,1,49,17.4,90,1.5,1006.8,17,21,150,0.0,0,9.2,0
2025-11-23 08:06:14,1,49,17.4,90,1.5,1006.8,15,21,203,0.0,0,8.9,0
2025-11-23 08:07:15,1,49,17.4,90,1.5,1006.9,11,21,225,0.0,0,8.9,0
2025-11-23 08:08:16,1,49,17.4,90,1.5,1006.7,20,25,140,0.0,0,8.4,0
2025-11-23 08:09:17,1,49,17.4,90,1.5,1006.8,17,25,171,0.0,0,8.1,0
2025-11-23 08:10:18,1,49,17.4,90,1.5,1006.7,10,20,179,0.0,0,8.1,0
2025-11-23 08:11:19,1,49,17.4,90,1.5,1006.7,16,23,148,0.0,0,7.8,0
2025-11-23 08:12:20,1,49,17.4,90,1.5,1006.9,15,23,199,0.0,0,7.8,0
2025-11-23 08:13:21,1,49,17.4,90,1.6,1006.9,15,23,162,0.0,0,8.0,0
2025-11-23 08:14:22,1,49,17.4,90,1.6,1006.7,11,20,163,0.0,0,8.1,0
2025-11-23 08:15:23,1,49,17.4,90,1.6,1006.8,15,18,188,0.0,0,8.1,0
2025-11-23 08:16:24,1,49,17.4,90,1.6,1006.7,12,25,163,0.0,0,8.3,0
2025-11-23 08:17:25,1,49,17.4,89,1.6,1006.8,6,18,185,0.0,0,8.3,0
2025-11-23 08:18:26,1,49,17.4,89,1.7,1006.7,7,23,216,0.0,0,8.6,0
2025-11-23 08:19:27,1,49,17.4,89,1.7,1006.7,8,23,122,0.0,0,9.6,0
2025-11-23 08:20:28,1,49,17.4,89,1.7,1006.7,14,20,144,0.0,0,10.9,0
2025-11-23 08:21:29,1,49,17.4,89,1.7,1006.5,22,27,219,0.0,0,11.6,0
2025-11-23 08:22:30,1,49,17.4,89,1.7,1006.6,9,27,186,0.0,0,12.4,0
2025-11-23 08:23:31,1,49,17.4,89,1.7,1006.7,8,25,185,0.0,0,12.3,0
2025-11-23 08:24:32,1,49,17.4,89,1.8,1006.7,19,23,210,0.0,0,12.2,0
2025-11-23 08:25:33,1,49,17.4,89,1.8,1006.5,8,23,126,0.0,0,12.3,0
2025-11-23 08:26:34,1,49,17.4,88,1.8,1006.7,16,23,194,0.0,0,12.4,0
2025-11-23 08:27:35,1,49,17.4,88,1.8,1006.5,9,23,188,0.0,0,11.7,0
2025-11-23 08:28:36,1,49,17.4,88,1.8,1006.5,9,21,174,0.0,0,12.9,0
2025-11-23 08:29:37,1,49,17.4,88,1.8,1006.6,10,23,179,0.0,0,14.0,0
2025-11-23 08:30:38,1,49,17.4,88,1.8,1006.6,7,23,161,0.0,0,15.6,0
2025-11-23 08:31:39,1,49,17.4,88,1.8,1006.7,11,14,176,0.0,0,18.1,0
2025-11-23 08:32:40,1,49,17.4,89,1.8,1006.6,9,14,146,0.0,0,19.4,0
2025-11-23 08:33:41,1,50,17.4,89,1.8,1006.5,11,16,115,0.0,0,21.0,0
2025-11-23 08:34:42,1,50,17.4,89,1.8,1006.5,13,21,294,0.0,0,20.6,0
2025-11-23 08:35:43,1,50,17.4,88,1.8,1006.6,9,21,220,0.0,0,22.1,0
2025-11-23 08:36:44,1,50,17.4,88,1.9,1006.6,12,21,217,0.0,0,22.8,0
2025-11-23 08:37:45,1,50,17.4,88,1.9,1006.5,8,18,187,0.0,0,23.4,0
2025-11-23 08:38:46,1,50,17.4,88,1.9,1006.5,5,18,214,0.0,0,23.2,0
2025-11-23 08:39:47,1,50,17.4,88,1.9,1006.6,9,21,204,0.0,0,22.6,0
2025-11-23 08:40:48,1,49,17.4,88,1.9,1006.4,9,18,193,0.0,0,21.7,0
2025-11-23 08:41:49,1,49,17.4,88,1.9,1006.3,22,29,152,0.0,0,21.0,0
2025-11-23 08:42:50,1,49,17.4,88,1.9,1006.5,12,29,72,0.0,0,21.8,0
2025-11-23 08:43:51,1,49,17.4,88,1.9,1006.4,9,16,98,0.0,0,23.5,0
2025-11-23 08:44:52,1,49,17.4,88,1.9,1006.2,12,18,128,0.0,0,27.6,0
2025-11-23 08:45:53,1,49,17.4,88,1.9,1006.2,8,18,155,0.0,0,29.4,0
2025-11-23 08:46:54,1,50,17.4,88,1.9,1006.2,9,18,184,0.0,0,32.2,0
2025-11-23 08:47:55,1,49,17.4,88,1.9,1006.1,8,29,198,0.0,0,30.9,0
2025-11-23 08:48:56,1,49,17.4,88,1.9,1006.0,12,23,173,0.0,0,28.4,0
2025-11-23 08:49:57,1,49,17.4,88,1.9,1006.1,9,21,222,0.0,0,28.0,0
2025-11-23 08:50:58,1,49,17.4,88,2.0,1006.1,11,16,95,0.0,0,27.7,0
2025-11-23 08:51:59,1,49,17.4,88,2.0,1006.0,16,20,246,0.0,0,27.1,0
2025-11-23 08:53:00,1,49,17.4,88,2.0,1005.9,9,20,215,0.0,0,26.3,0
2025-11-23 08:54:01,1,49,17.4,89,2.0,1006.1,13,18,147,0.0,0,26.2,0
2025-11-23 08:55:02,1,49,17.4,89,2.0,1006.0,10,18,203,0.0,0,24.1,0
2025-11-23 08:56:03,1,49,17.4,89,2.0,1005.9,12,16,167,0.0,0,23.0,0
2025-11-23 08:57:04,1,49,17.4,89,2.0,1006.0,13,16,224,0.0,0,23.4,0
2025-11-23 08:58:05,1,49,17.4,89,2.0,1006.0,14,20,164,0.0,0,24.0,0
2025-11-23 08:59:06,1,49,17.4,89,2.0,1005.8,14,20,178,0.0,0,24.3,0
2025-11-23 09:00:07,1,49,17.4,89,2.0,1005.9,11,18,205,0.0,0,24.8,0
2025-11-23 09:01:08,1,49,17.4,89,2.0,1006.0,16,21,219,0.0,0,25.1,0
2025-11-23 09:02:09,1,49,17.4,89,2.0,1006.1,9,23,236,0.0,0,26.1,0
2025-11-23 09:03:10,1,49,17.4,89,2.0,1005.8,19,25,198,0.0,0,25.7,0
2025-11-23 09:04:11,1,49,17.4,89,2.0,1005.7,15,25,168,0.0,0,28.4,0
2025-11-23 09:05:12,1,49,17.4,89,2.0,1005.7,8,21,68,0.0,0,30.8,0
2025-11-23 09:06:13,1,49,17.4,89,2.0,1005.6,16,21,195,0.0,0,34.7,0
2025-11-23 09:07:14,1,49,17.4,89,2.0,1005.6,9,21,159,0.0,0,35.5,0
2025-11-23 09:08:15,1,49,17.4,89,2.0,1005.4,13,16,206,0.0,0,36.0,0
2025-11-23 09:09:16,1,49,17.4,89,2.0,1005.4,17,25,194,0.0,0,36.5,0
2025-11-23 09:10:17,1,49,17.4,89,2.0,1005.6,10,25,231,0.0,0,36.0,0
2025-11-23 09:11:18,1,49,17.4,89,2.0,1005.4,11,20,101,0.0,0,36.6,0
2025-11-23 09:12:19,1,49,17.4,89,2.0,1005.3,19,29,209,0.0,0,37.0,0
2025-11-23 09:13:20,1,49,17.4,89,2.0,1005.3,17,31,181,0.0,0,34.9,0
2025-11-23 09:14:21,1,49,17.4,89,2.0,1005.4,13,31,61,0.0,0,36.1,0
2025-11-23 09:15:22,1,49,17.4,89,2.0,1005.3,12,21,184,0.0,0,34.1,0
2025-11-23 09:16:23,1,49,17.4,89,2.0,1005.6,21,27,194,0.0,0,32.4,0
2025-11-23 09:17:24,1,49,17.4,89,2.0,1005.5,11,27,222,0.0,0,32.8,0
2025-11-23 09:18:25,1,49,17.4,89,2.1,1005.3,10,16,178,0.0,0,37.5,0
2025-11-23 09:19:26,1,49,17.4,89,2.1,1005.3,14,16,182,0.0,0,42.0,0
2025-11-23 09:20:27,1,49,17.4,89,2.1,1005.3,9,23,172,0.0,0,41.9,0
2025-11-23 09:21:28,1,49,17.4,89,2.1,1005.1,11,23,196,0.0,0,38.6,0
2025-11-23 09:22:29,1,49,17.4,89,2.1,1005.2,9,23,238,0.0,0,39.1,0
2025-11-23 09:23:30,1,49,17.4,89,2.1,1005.3,8,16,90,0.0,0,40.4,0
2025-11-23 09:24:31,1,49,17.4,89,2.1,1005.2,11,18,182,0.0,0,39.6,0
2025-11-23 09:25:32,1,49,17.4,89,2.1,1005.3,13,21,138,0.0,0,40.5,0
2025-11-23 09:26:33,1,49,17.4,89,2.1,1005.2,16,27,157,0.0,0,45.9,0
2025-11-23 09:27:34,1,49,17.4,88,2.2,1005.1,17,25,184,0.0,0,49.6,0
2025-11-23 09:28:35,1,49,17.4,88,2.2,1005.0,12,25,212,0.0,0,50.1,0
2025-11-23 09:29:36,1,49,17.4,88,2.2,1004.9,16,18,195,0.0,0,51.6,0
2025-11-23 09:30:37,1,49,17.4,88,2.2,1004.9,13,21,190,0.0,0,53.6,0
2025-11-23 09:31:38,1,49,17.4,88,2.2,1004.8,28,40,194,0.0,0,57.6,0
2025-11-23 09:32:39,1,49,17.4,87,2.3,1004.8,7,40,177,0.0,0,57.4,0
2025-11-23 09:33:40,1,49,17.4,87,2.3,1004.8,5,21,166,0.0,0,54.2,0
2025-11-23 09:34:41,1,49,17.4,87,2.3,1004.8,14,20,182,0.0,0,50.1,0
2025-11-23 09:35:42,1,49,17.4,87,2.3,1004.9,16,21,189,0.0,0,49.7,0
2025-11-23 09:36:43,1,49,17.4,87,2.4,1004.9,14,21,210,0.0,0,47.2,0
2025-11-23 09:37:44,1,49,17.3,87,2.4,1005.1,11,16,194,0.0,0,45.1,0
2025-11-23 09:38:45,1,49,17.3,87,2.4,1004.9,14,18,198,0.0,0,45.7,0
2025-11-23 09:39:46,1,49,17.3,87,2.4,1005.0,7,18,231,0.0,0,45.2,0
2025-11-23 09:40:47,1,49,17.3,87,2.4,1005.0,19,25,88,0.0,0,41.5,0
2025-11-23 09:41:48,1,49,17.4,87,2.4,1005.0,13,25,221,0.0,0,38.5,0
2025-11-23 09:42:49,1,49,17.3,86,2.4,1004.9,12,27,220,0.0,0,40.3,0
2025-11-23 09:43:50,1,49,17.4,86,2.5,1004.9,13,21,170,0.0,0,42.8,0
2025-11-23 09:44:51,1,49,17.3,86,2.5,1004.9,6,20,170,0.0,0,45.6,0
2025-11-23 09:45:52,1,49,17.3,86,2.5,1004.9,9,12,172,0.0,0,49.5,0
2025-11-23 09:46:53,1,49,17.4,86,2.5,1005.1,19,25,108,0.0,0,50.5,0
2025-11-23 09:47:54,1,49,17.3,86,2.5,1004.7,8,25,198,0.0,0,55.4,0
2025-11-23 09:48:55,1,49,17.4,86,2.5,1004.9,12,18,155,0.0,0,59.5,0
2025-11-23 09:49:56,1,49,17.3,86,2.6,1004.7,7,18,234,0.0,0,61.9,0
2025-11-23 09:50:57,1,49,17.4,86,2.6,1004.7,16,25,139,0.0,0,60.1,0
2025-11-23 09:51:58,1,49,17.4,86,2.6,1004.7,17,25,229,0.0,0,60.8,0
2025-11-23 09:52:59,1,49,17.3,85,2.6,1004.8,14,25,96,0.0,0,60.5,0
2025-11-23 09:54:00,1,49,17.4,85,2.6,1004.7,11,25,190,0.0,0,62.4,0
2025-11-23 09:55:01,1,49,17.4,85,2.6,1004.4,17,25,118,0.0,0,63.3,0
2025-11-23 09:56:02,1,49,17.3,85,2.6,1004.4,13,25,163,0.0,0,63.8,0
2025-11-23 09:57:03,1,49,17.3,85,2.7,1004.5,11,20,156,0.0,0,65.9,0
2025-11-23 09:58:04,1,49,17.3,85,2.7,1004.3,7,20,137,0.0,0,66.7,0
2025-11-23 09:59:05,1,49,17.4,85,2.7,1004.5,7,20,190,0.0,0,65.2,0
2025-11-23 10:00:06,1,49,17.3,84,2.7,1004.4,15,36,100,0.0,0,56.5,0
2025-11-23 10:01:07,1,49,17.4,84,2.7,1004.6,9,36,184,0.0,0,50.5,0
2025-11-23 10:02:08,1,49,17.3,84,2.8,1004.4,21,27,197,0.0,0,47.0,0
2025-11-23 10:03:09,1,49,17.4,84,2.8,1004.4,22,42,210,0.0,0,55.4,0
2025-11-23 10:04:10,1,49,17.3,84,2.8,1004.3,16,42,207,0.0,0,60.6,0
2025-11-23 10:05:11,1,49,17.3,84,2.8,1004.3,13,23,104,0.0,0,58.6,0
2025-11-23 10:06:12,1,49,17.3,84,2.8,1004.3,12,21,203,0.0,0,56.0,0
2025-11-23 10:07:13,1,49,17.3,84,2.8,1004.4,17,23,179,0.0,0,55.0,0
2025-11-23 10:08:14,1,49,17.3,84,2.8,1004.3,20,25,184,0.0,0,57.5,0
2025-11-23 10:09:15,1,49,17.3,84,2.8,1004.4,13,25,205,0.0,0,56.2,0
2025-11-23 10:10:16,1,49,17.3,83,2.9,1004.1,11,25,174,0.0,0,55.5,0
2025-11-23 10:11:17,1,49,17.3,83,2.9,1004.2,16,25,223,0.0,0,54.0,0
2025-11-23 10:12:18,1,49,17.3,83,2.9,1004.3,17,23,155,0.0,0,51.8,0
2025-11-23 10:13:19,1,49,17.3,83,2.9,1004.3,18,31,145,0.0,0,46.4,0
2025-11-23 10:14:20,1,49,17.3,83,2.9,1004.3,14,33,192,0.0,0,44.9,0
2025-11-23 10:15:21,1,49,17.3,83,2.9,1004.3,13,33,160,0.0,0,43.8,0
2025-11-23 10:16:22,1,49,17.3,83,2.9,1004.3,15,20,196,0.0,0,43.1,0
2025-11-23 10:17:23,1,49,17.3,83,2.9,1004.4,9,23,199,0.0,0,43.0,0
2025-11-23 10:18:24,1,49,17.3,83,3.0,1004.5,25,31,173,0.0,0,39.9,0
2025-11-23 10:19:25,1,49,17.3,83,3.0,1004.3,20,31,224,0.0,0,40.2,0
2025-11-23 10:20:26,1,49,17.3,83,3.0,1004.2,17,31,125,0.0,0,40.2,0
2025-11-23 10:21:27,1,49,17.3,83,3.0,1004.3,15,21,180,0.0,0,39.0,0
2025-11-23 10:22:28,1,49,17.3,83,3.0,1004.1,14,20,138,0.0,0,38.2,0
2025-11-23 10:23:29,1,49,17.3,83,3.0,1004.2,18,33,214,0.0,0,36.9,0
2025-11-23 10:24:30,1,49,17.3,83,3.0,1004.2,19,34,203,0.0,0,35.1,0
2025-11-23 10:25:31,1,48,17.3,82,3.0,1004.1,18,31,134,0.0,0,36.6,0
2025-11-23 10:26:32,1,49,17.3,82,3.0,1004.1,13,27,214,0.0,0,42.2,0
2025-11-23 10:27:33,1,48,17.3,83,3.1,1004.2,16,25,205,0.0,0,48.0,0
2025-11-23 10:28:34,1,49,17.3,83,3.1,1004.0,12,21,192,0.0,0,51.8,0
2025-11-23 10:29:35,1,49,17.3,83,3.1,1004.1,12,18,124,0.0,0,55.9,0
2025-11-23 10:30:36,1,49,17.3,83,3.1,1004.0,17,23,211,0.0,0,54.4,0
2025-11-23 10:31:37,1,49,17.3,83,3.1,1004.1,16,33,92,0.0,0,53.3,0
2025-11-23 10:32:38,1,49,17.3,83,3.1,1004.0,15,33,224,0.0,0,52.7,0
2025-11-23 10:33:39,1,49,17.3,83,3.1,1004.0,14,21,106,0.0,0,52.5,0
2025-11-23 10:34:40,1,49,17.3,83,3.1,1003.9,17,29,107,0.0,0,50.8,0
2025-11-23 10:35:41,1,49,17.3,82,3.2,1003.9,27,40,201,0.0,0,47.2,0
2025-11-23 10:36:42,1,49,17.3,82,3.2,1003.9,18,40,149,0.0,0,45.6,0
2025-11-23 10:37:43,1,48,17.3,82,3.2,1004.0,16,34,210,0.0,0,39.4,0
2025-11-23 10:38:44,1,48,17.3,82,3.2,1004.0,18,21,217,0.0,0,41.2,0
2025-11-23 10:39:45,1,48,17.3,82,3.2,1003.9,16,31,216,0.0,0,40.9,0
2025-11-23 10:40:46,1,48,17.3,82,3.2,1003.9,10,23,210,0.0,0,43.3,0
2025-11-23 10:41:47,1,48,17.3,82,3.2,1003.9,11,20,248,0.0,0,45.2,0
2025-11-23 10:42:48,1,49,17.3,82,3.2,1003.9,9,18,216,0.0,0,45.3,0
2025-11-23 10:43:49,1,48,17.3,82,3.2,1003.7,13,20,141,0.0,0,45.6,0
2025-11-23 10:44:50,1,49,17.3,82,3.2,1003.8,16,25,107,0.0,0,44.9,0
2025-11-23 10:45:51,1,49,17.3,82,3.2,1003.6,8,21,157,0.0,0,45.2,0
2025-11-23 10:46:52,1,49,17.3,82,3.2,1003.5,9,21,140,0.0,0,43.5,0
2025-11-23 10:47:53,1,49,17.3,82,3.2,1003.4,16,25,131,0.0,0,42.5,0
2025-11-23 10:48:54,1,49,17.3,82,3.2,1003.5,10,29,92,0.0,0,44.2,0
2025-11-23 10:49:55,1,49,17.3,82,3.2,1003.5,8,27,119,0.0,0,45.0,0
2025-11-23 10:50:56,1,49,17.3,82,3.2,1003.5,12,21,157,0.0,0,45.4,0
2025-11-23 10:51:57,1,49,17.3,82,3.2,1003.4,15,18,215,0.0,0,48.2,0
2025-11-23 10:52:58,1,49,17.3,82,3.2,1003.6,16,23,220,0.0,0,50.1,0
2025-11-23 10:53:59,1,49,17.3,82,3.2,1003.4,14,23,162,0.0,0,51.4,0
2025-11-23 10:55:00,1,49,17.3,82,3.3,1003.6,13,27,138,0.0,0,49.6,0
2025-11-23 10:56:01,1,49,17.3,82,3.3,1003.4,13,27,219,0.0,0,45.5,0
2025-11-23 10:57:02,1,50,17.3,82,3.3,1003.2,19,27,212,0.0,0,46.7,0
2025-11-23 10:58:03,1,50,17.3,82,3.3,1003.3,11,27,178,0.0,0,42.5,0
2025-11-23 10:59:04,1,49,17.4,83,3.3,1003.3,12,21,162,0.0,0,36.9,0
2025-11-23 11:00:05,1,49,17.4,83,3.3,1003.3,11,18,206,0.0,0,29.3,0
2025-11-23 11:01:06,1,49,17.4,83,3.3,1003.2,9,20,111,0.0,0,27.8,0
2025-11-23 11:02:07,1,49,17.4,83,3.3,1003.3,12,20,158,0.0,0,28.4,0
2025-11-23 11:03:08,1,49,17.4,82,3.3,1003.2,16,23,154,0.0,0,33.2,0
2025-11-23 11:04:09,1,49,17.4,82,3.3,1003.0,11,23,218,0.0,0,35.1,0
2025-11-23 11:05:10,1,49,17.4,82,3.3,1003.0,9,23,208,0.0,0,30.6,0
2025-11-23 11:06:11,1,49,17.4,82,3.3,1002.9,25,33,221,0.0,0,29.1,0
2025-11-23 11:07:12,1,49,17.4,82,3.3,1002.9,20,33,154,0.0,0,28.5,0
2025-11-23 11:08:13,1,49,17.4,82,3.3,1003.0,12,23,171,0.0,0,30.4,0
2025-11-23 11:09:14,1,49,17.3,82,3.3,1003.0,9,23,194,0.0,0,33.4,0
2025-11-23 11:10:15,1,49,17.4,82,3.3,1003.0,11,18,216,0.0,0,37.3,0
2025-11-23 11:11:16,1,49,17.4,82,3.3,1002.8,24,29,255,0.0,0,35.9,0
2025-11-23 11:12:17,1,49,17.4,82,3.3,1002.9,10,29,142,0.0,0,42.8,0
2025-11-23 11:13:18,1,49,17.4,82,3.3,1003.0,12,23,215,0.0,0,49.9,0
2025-11-23 11:14:19,1,49,17.4,82,3.3,1002.9,9,18,227,0.0,0,54.0,0
2025-11-23 11:15:20,1,49,17.4,83,3.3,1002.9,13,18,220,0.0,0,61.1,0
2025-11-23 11:16:21,1,49,17.4,83,3.3,1002.9,14,23,142,0.0,0,59.5,0
2025-11-23 11:17:22,1,49,17.4,83,3.3,1002.8,7,21,139,0.0,0,57.4,0
2025-11-23 11:18:23,1,50,17.3,83,3.3,1002.6,16,21,136,0.0,0,63.6,0
2025-11-23 11:19:24,1,50,17.4,83,3.3,1002.8,8,21,160,0.0,0,61.9,0
2025-11-23 11:20:25,1,49,17.3,83,3.3,1002.6,26,31,210,0.0,0,64.1,0
2025-11-23 11:21:26,1,50,17.3,83,3.3,1002.8,10,31,171,0.0,0,72.2,0
2025-11-23 11:22:27,1,50,17.4,83,3.3,1002.5,12,20,204,0.0,0,72.5,0
2025-11-23 11:23:28,1,49,17.3,83,3.3,1002.6,13,21,180,0.0,0,63.2,0
2025-11-23 11:24:29,1,49,17.3,83,3.3,1002.6,11,23,126,0.0,0,55.1,0
2025-11-23 11:25:30,1,49,17.3,83,3.3,1002.5,19,29,199,0.0,0,49.4,0
2025-11-23 11:26:31,1,49,17.3,83,3.3,1002.6,14,29,186,0.0,0,42.9,0
2025-11-23 11:27:32,1,49,17.3,83,3.3,1002.6,15,23,186,0.0,0,43.7,0
2025-11-23 11:28:33,1,49,17.3,83,3.3,1002.6,19,23,217,0.0,0,45.3,0
2025-11-23 11:29:34,1,49,17.3,83,3.3,1002.5,9,27,211,0.0,0,47.0,0
2025-11-23 11:30:35,1,49,17.3,83,3.3,1002.5,17,27,165,0.0,0,49.6,0
2025-11-23 11:31:36,1,49,17.3,83,3.3,1002.4,17,27,112,0.0,0,53.7,0
2025-11-23 11:32:37,1,49,17.4,83,3.3,1002.3,19,27,181,0.0,0,53.9,0
2025-11-23 11:33:38,1,49,17.3,83,3.3,1002.4,14,27,174,0.0,0,51.3,0
2025-11-23 11:34:39,1,49,17.3,83,3.3,1002.3,18,23,194,0.0,0,58.9,0
2025-11-23 11:35:40,1,49,17.3,83,3.3,1002.2,14,23,89,0.0,0,66.8,0
2025-11-23 11:36:41,1,49,17.3,83,3.3,1002.1,16,23,170,0.0,0,72.1,0
2025-11-23 11:37:42,1,49,17.3,83,3.3,1002.0,17,23,213,0.0,0,79.9,0
2025-11-23 11:38:43,1,49,17.3,83,3.3,1002.0,7,21,98,0.0,0,83.9,0
2025-11-23 11:39:44,1,49,17.3,83,3.3,1002.0,16,23,99,0.0,0,70.1,0
2025-11-23 11:40:45,1,49,17.3,83,3.3,1001.9,13,23,199,0.0,0,74.9,0
2025-11-23 11:41:46,1,49,17.3,84,3.3,1001.7,12,20,88,0.0,0,76.2,0
2025-11-23 11:42:47,1,49,17.3,84,3.4,1001.8,9,20,117,0.0,0,74.0,0
2025-11-23 11:43:48,1,49,17.3,83,3.4,1001.9,12,18,236,0.0,0,74.5,0
2025-11-23 11:44:49,1,49,17.3,84,3.4,1001.7,9,16,195,0.0,0,76.0,0
2025-11-23 11:45:50,1,49,17.3,84,3.4,1001.8,14,20,217,0.0,0,61.5,0
2025-11-23 11:46:51,1,49,17.3,84,3.4,1001.8,7,20,222,0.0,0,55.8,0
2025-11-23 11:47:52,1,49,17.3,83,3.4,1001.7,22,38,225,0.0,0,52.6,0
2025-11-23 11:48:53,1,49,17.3,83,3.4,1001.6,17,38,203,0.0,0,46.6,0
2025-11-23 11:49:54,1,49,17.3,83,3.3,1001.6,11,31,221,0.0,0,49.2,0
2025-11-23 11:50:55,1,49,17.3,83,3.3,1001.5,16,25,226,0.0,0,46.6,0
2025-11-23 11:51:56,1,49,17.3,84,3.3,1001.5,16,23,155,0.0,0,39.7,0
2025-11-23 11:52:57,1,49,17.3,84,3.3,1001.5,12,20,145,0.0,0,28.8,0
2025-11-23 11:53:58,1,49,17.3,84,3.3,1001.5,11,25,174,0.0,0,23.2,0
2025-11-23 11:54:59,1,49,17.3,84,3.3,1001.2,9,25,206,0.0,0,24.2,0
2025-11-23 11:56:00,1,49,17.3,84,3.3,1001.4,11,27,175,0.0,0,22.6,0
2025-11-23 11:57:01,1,49,17.3,84,3.3,1001.2,12,23,266,0.0,0,18.3,0
2025-11-23 11:58:02,1,49,17.3,84,3.3,1001.1,13,21,108,0.0,0,15.9,0
2025-11-23 11:59:03,1,49,17.3,84,3.3,1001.1,12,31,248,0.0,0,17.0,0
2025-11-23 12:00:04,1,49,17.3,84,3.3,1001.0,20,31,292,0.0,0,14.6,0
2025-11-23 12:01:05,1,49,17.3,84,3.3,1001.0,16,27,223,0.0,0,13.9,0
2025-11-23 12:02:06,1,49,17.3,84,3.3,1000.9,9,27,224,0.0,0,14.8,0
2025-11-23 12:03:07,1,49,17.3,84,3.2,1001.1,11,23,173,0.0,0,14.5,0
2025-11-23 12:04:08,1,49,17.3,84,3.2,1000.8,17,29,217,0.0,0,13.2,0
2025-11-23 12:05:09,1,49,17.3,84,3.2,1001.0,16,29,213,0.0,0,12.1,0
2025-11-23 12:06:10,1,49,17.3,85,3.2,1001.0,16,27,61,0.0,0,10.9,0
2025-11-23 12:07:11,1,49,17.3,85,3.2,1001.1,14,25,172,0.0,0,10.2,0
2025-11-23 12:08:12,1,49,17.3,85,3.2,1001.2,7,23,237,0.0,0,7.9,0
2025-11-23 12:09:13,1,49,17.3,85,3.1,1001.1,18,31,216,0.0,0,7.5,0
2025-11-23 12:10:14,1,49,17.3,85,3.1,1001.0,22,34,197,0.0,0,6.6,0
2025-11-23 12:11:15,1,49,17.3,86,3.1,1001.2,11,34,108,0.0,0,6.2,0
2025-11-23 12:12:16,1,49,17.3,86,3.1,1000.9,16,20,93,0.0,0,5.9,0
2025-11-23 12:13:17,1,49,17.3,86,3.0,1001.1,11,25,188,0.0,0,7.2,0
2025-11-23 12:14:18,1,49,17.3,87,3.0,1001.1,14,31,216,0.0,0,8.1,0
2025-11-23 12:15:19,1,49,17.3,87,3.0,1001.0,15,25,183,0.0,0,8.7,0
2025-11-23 12:16:20,1,49,17.3,87,2.9,1000.8,14,31,181,0.0,0,10.4,0
2025-11-23 12:17:21,1,49,17.2,87,2.9,1000.8,18,31,190,0.0,0,12.5,0
2025-11-23 12:18:22,1,49,17.2,87,2.9,1000.9,17,29,195,0.0,0,16.8,0
2025-11-23 12:19:23,1,49,17.2,87,2.9,1000.7,17,20,195,0.0,0,16.8,0
2025-11-23 12:20:24,1,49,17.2,88,2.8,1000.9,19,27,218,0.0,0,22.8,0
2025-11-23 12:21:25,1,50,17.3,88,2.8,1000.7,14,27,161,0.0,0,24.6,0
2025-11-23 12:22:26,1,50,17.3,88,2.8,1001.0,7,20,215,0.0,0,25.3,0
2025-11-23 12:23:27,1,50,17.4,89,2.8,1000.7,12,16,242,0.0,0,25.2,0
2025-11-23 12:24:28,1,51,17.5,89,2.8,1000.7,17,21,146,0.0,0,24.8,0
2025-11-23 12:25:29,1,51,17.6,89,2.8,1000.6,18,25,208,0.0,0,21.5,0
2025-11-23 12:26:30,1,51,17.7,89,2.7,1000.4,17,29,218,0.0,0,18.6,0
2025-11-23 12:27:31,1,51,17.8,89,2.7,1000.6,14,27,211,0.0,0,18.2,0
2025-11-23 12:28:32,1,52,17.9,89,2.7,1000.5,8,27,229,0.0,0,22.2,0
2025-11-23 12:29:33,1,52,18.0,89,2.7,1000.4,6,21,194,0.0,0,29.4,0
2025-11-23 12:30:34,1,52,18.1,90,2.7,1000.6,9,21,236,0.0,0,36.9,0
2025-11-23 12:31:35,1,52,18.2,90,2.7,1000.4,11,29,226,0.0,0,42.8,0
2025-11-23 12:32:36,1,51,18.3,90,2.7,1000.4,12,29,150,0.0,0,47.2,0
2025-11-23 12:33:37,1,51,18.4,90,2.7,1000.4,11,23,139,0.0,0,48.1,0
2025-11-23 12:34:38,1,51,18.5,90,2.7,1000.3,5,14,189,0.0,0,52.6,0
2025-11-23 12:35:39,1,51,18.5,90,2.7,1000.3,9,23,132,0.0,0,56.0,0
2025-11-23 12:36:40,1,51,18.6,90,2.7,1000.1,17,33,126,0.0,0,57.4,0
2025-11-23 12:37:41,1,51,18.7,90,2.6,1000.2,12,33,112,0.0,0,57.1,0
2025-11-23 12:38:42,1,51,18.7,90,2.6,1000.2,10,29,24,0.0,0,56.8,0
2025-11-23 12:39:43,1,51,18.8,90,2.7,999.9,17,29,195,0.0,0,61.7,0
2025-11-23 12:40:44,1,51,18.9,90,2.7,1000.1,13,20,96,0.0,0,60.4,0
2025-11-23 12:41:45,1,51,18.9,90,2.7,999.8,11,25,210,0.0,0,66.2,0
2025-11-23 12:42:46,1,51,19.0,91,2.7,999.9,12,25,196,0.0,0,65.3,0
2025-11-23 12:43:47,1,51,19.0,91,2.7,999.8,14,20,214,0.0,0,62.9,0
2025-11-23 12:44:48,1,51,19.0,91,2.7,999.7,10,12,166,0.0,0,57.1,0
2025-11-23 12:45:49,1,51,19.0,91,2.7,999.9,18,23,224,0.0,0,41.9,0
2025-11-23 12:46:50,1,50,19.1,91,2.7,999.6,16,23,229,0.0,0,43.9,0
2025-11-23 12:47:51,1,51,19.1,91,2.6,999.7,7,12,241,0.0,0,45.2,0
2025-11-23 12:48:52,1,51,19.2,91,2.6,999.7,16,23,184,0.0,0,42.9,0
2025-11-23 12:49:53,1,50,19.2,91,2.6,999.6,19,27,174,0.0,0,45.5,0
2025-11-23 12:50:54,1,50,19.2,92,2.6,999.5,20,34,222,0.0,0,43.8,0
2025-11-23 12:51:55,1,50,19.2,92,2.5,999.4,15,34,207,0.0,0,48.0,0
2025-11-23 12:52:56,1,50,19.2,92,2.5,999.5,10,27,171,0.0,0,44.1,0
2025-11-23 12:53:57,1,50,19.3,92,2.5,999.3,8,20,198,0.0,0,46.4,0
2025-11-23 12:54:58,1,50,19.2,92,2.5,999.4,21,29,208,0.0,0,46.7,0
2025-11-23 12:55:59,1,50,19.3,93,2.5,999.4,16,29,220,0.0,0,55.1,0
2025-11-23 12:57:00,1,50,19.3,93,2.5,999.4,18,29,192,0.0,0,55.3,0
2025-11-23 12:58:01,1,50,19.3,93,2.5,999.5,21,34,211,0.0,0,44.6,0
2025-11-23 12:59:02,1,50,19.3,93,2.5,999.6,20,34,212,0.0,0,45.4,0
2025-11-23 13:00:03,1,50,19.3,93,2.5,999.4,16,33,224,0.0,0,46.3,0
2025-11-23 13:01:04,1,50,19.4,93,2.5,999.4,18,31,227,0.0,0,41.1,0
2025-11-23 13:02:05,1,50,19.4,93,2.5,999.2,20,31,232,0.0,0,34.2,0
2025-11-23 13:03:06,1,50,19.4,93,2.5,999.3,15,31,209,0.0,0,38.0,0
2025-11-23 13:04:07,1,50,19.4,93,2.5,999.2,11,27,203,0.0,0,38.3,0
2025-11-23 13:05:08,1,50,19.4,93,2.5,999.3,10,14,250,0.0,0,38.7,0
2025-11-23 13:06:09,1,50,19.4,93,2.5,999.1,18,23,243,0.0,0,39.2,0
2025-11-23 13:07:10,1,50,19.4,93,2.5,999.2,12,23,212,0.0,0,55.9,0
2025-11-23 13:08:11,1,50,19.4,93,2.6,999.0,16,25,176,0.0,0,58.1,0
2025-11-23 13:09:12,1,50,19.5,93,2.6,999.0,10,25,173,0.0,0,54.5,0
2025-11-23 13:10:13,1,50,19.5,93,2.6,998.9,11,18,219,0.0,0,51.7,0
2025-11-23 13:11:14,1,50,19.5,93,2.6,998.9,17,23,191,0.0,0,48.1,0
2025-11-23 13:12:15,1,50,19.5,93,2.6,999.0,18,25,212,0.0,0,47.5,0
2025-11-23 13:13:16,1,50,19.5,93,2.6,998.8,13,25,211,0.0,0,40.3,0
2025-11-23 13:14:17,1,50,19.5,93,2.6,999.0,13,21,219,0.0,0,29.6,0
2025-11-23 13:15:18,1,50,19.5,93,2.6,999.0,16,23,200,0.0,0,28.9,0
2025-11-23 13:16:19,1,50,19.5,93,2.6,999.0,12,27,152,0.0,0,28.5,0
2025-11-23 13:17:20,1,50,19.6,93,2.6,998.9,6,23,170,0.0,0,26.9,0
2025-11-23 13:18:21,1,50,19.5,93,2.6,999.2,15,23,224,0.0,0,24.3,0
2025-11-23 13:19:22,1,50,19.6,93,2.6,998.9,10,33,230,0.0,0,28.9,0
2025-11-23 13:20:23,1,50,19.6,93,2.6,998.9,11,33,224,0.0,0,31.9,0
2025-11-23 13:21:24,1,50,19.5,93,2.6,998.9,11,21,246,0.0,0,31.4,0
2025-11-23 13:22:25,1,50,19.6,93,2.6,998.9,15,29,224,0.0,0,30.1,0
2025-11-23 13:23:26,1,50,19.6,93,2.6,998.8,18,29,196,0.0,0,24.6,0
2025-11-23 13:24:27,1,50,19.6,93,2.6,998.9,18,29,186,0.0,0,21.4,0
2025-11-23 13:25:28,1,50,19.6,93,2.6,998.9,14,27,231,0.0,0,23.3,0
2025-11-23 13:26:29,1,50,19.6,93,2.6,998.8,17,27,161,0.0,0,24.3,0
2025-11-23 13:27:30,1,50,19.6,93,2.6,998.8,10,27,195,0.0,0,24.7,0
2025-11-23 13:28:31,1,50,19.6,93,2.6,998.8,10,27,108,0.0,0,25.8,0
2025-11-23 13:29:32,1,50,19.6,93,2.6,998.8,20,33,216,0.0,0,24.6,0
2025-11-23 13:30:33,1,50,19.5,93,2.6,998.6,11,33,205,0.0,0,28.1,0
2025-11-23 13:31:34,1,50,19.5,93,2.6,998.7,15,21,229,0.0,0,26.2,0
2025-11-23 13:32:35,1,50,19.4,93,2.5,998.7,15,21,231,0.0,0,24.3,0
2025-11-23 13:33:36,1,50,19.4,93,2.5,998.6,12,21,113,0.0,0,23.8,0
2025-11-23 13:34:37,1,50,19.4,93,2.5,998.4,10,23,145,0.0,0,27.3,0
2025-11-23 13:35:38,1,50,19.3,93,2.5,998.3,17,27,196,0.0,0,25.5,0
2025-11-23 13:36:39,1,50,19.3,93,2.5,998.3,7,27,191,0.0,0,23.5,0
2025-11-23 13:37:40,1,50,19.1,93,2.5,998.3,8,21,199,0.0,0,20.5,0
2025-11-23 13:38:41,1,50,19.1,93,2.5,998.3,14,27,191,0.0,0,20.0,0
2025-11-23 13:39:42,1,50,19.0,93,2.5,998.4,14,27,204,0.0,0,20.5,0
2025-11-23 13:40:43,1,50,19.0,93,2.5,998.4,10,27,187,0.0,0,23.0,0
2025-11-23 13:41:44,1,51,18.9,93,2.5,998.2,16,27,140,0.0,0,23.0,0
2025-11-23 13:42:45,1,51,18.8,94,2.5,998.2,6,20,208,0.0,0,24.9,0
2025-11-23 13:43:46,1,51,18.7,94,2.5,998.1,14,16,214,0.0,0,20.8,0
2025-11-23 13:44:47,1,51,18.6,93,2.5,998.2,20,27,138,0.0,0,22.4,0
2025-11-23 13:45:48,1,51,18.6,93,2.5,998.5,11,23,145,0.0,0,21.3,0
2025-11-23 13:46:49,1,51,18.6,94,2.5,998.3,15,20,212,0.0,0,20.9,0
2025-11-23 13:47:50,1,51,18.5,94,2.5,998.3,10,27,185,0.0,0,17.8,0
2025-11-23 13:48:51,1,51,18.4,94,2.5,998.4,18,23,209,0.0,0,16.1,0
2025-11-23 13:49:52,1,52,18.4,94,2.5,998.1,15,25,186,0.0,0,12.6,0
2025-11-23 13:50:53,1,52,18.3,94,2.5,998.3,8,25,197,0.0,0,10.7,0
2025-11-23 13:51:54,1,52,18.2,94,2.5,998.3,9,18,131,0.0,0,8.5,0
2025-11-23 13:52:55,1,52,18.2,94,2.5,998.4,9,18,99,0.0,0,8.8,0
2025-11-23 13:53:56,1,53,18.1,94,2.5,998.3,12,18,217,0.0,0,11.7,0
2025-11-23 13:54:57,1,53,18.1,94,2.5,998.2,11,18,165,0.0,0,14.3,0
2025-11-23 13:55:58,1,54,18.1,94,2.5,998.2,8,16,112,0.0,0,13.7,0
2025-11-23 13:56:59,1,55,18.0,94,2.5,998.2,16,29,108,0.0,0,9.4,0
2025-11-23 13:58:00,1,55,18.1,94,2.5,998.3,13,25,206,0.0,0,8.6,0
2025-11-23 13:59:01,1,55,18.1,94,2.5,998.2,9,18,140,0.0,0,8.8,0
2025-11-23 14:00:02,1,55,18.2,94,2.5,998.1,8,14,147,0.0,0,9.2,0
2025-11-23 14:01:03,1,55,18.3,94,2.5,998.1,14,23,131,0.0,0,9.0,0
2025-11-23 14:02:04,1,55,18.3,94,2.5,998.1,19,23,105,0.0,0,8.4,0
2025-11-23 14:03:05,1,54,18.4,94,2.5,998.0,11,23,219,0.0,0,8.0,0
2025-11-23 14:04:06,1,54,18.5,94,2.5,998.1,14,23,220,0.0,0,9.8,0
2025-11-23 14:05:07,1,54,18.6,94,2.5,997.9,15,27,183,0.0,0,9.5,0
2025-11-23 14:06:08,1,54,18.7,94,2.5,997.8,9,27,165,0.0,0,9.3,0
2025-11-23 14:07:09,1,54,18.8,94,2.5,997.9,15,20,213,0.0,0,8.2,0
2025-11-23 14:08:10,1,54,18.9,94,2.5,997.8,19,23,187,0.0,0,6.5,0
2025-11-23 14:09:11,1,54,18.9,94,2.5,998.0,10,29,170,0.0,0,5.2,0
2025-11-23 14:10:12,1,53,19.0,94,2.5,997.7,16,31,137,0.0,0,4.9,0
2025-11-23 14:11:13,1,53,19.0,94,2.5,997.9,11,31,207,0.0,0,5.5,0
2025-11-23 14:12:14,1,53,19.1,94,2.5,997.6,11,21,196,0.0,0,6.2,0
2025-11-23 14:13:15,1,53,19.1,94,2.5,997.7,11,23,185,0.0,0,6.0,0
2025-11-23 14:14:16,1,53,19.2,94,2.5,997.7,14,20,206,0.0,0,6.7,0
2025-11-23 14:15:17,1,53,19.2,94,2.5,997.8,13,20,149,0.0,0,8.2,0
2025-11-23 14:16:18,1,53,19.3,94,2.6,997.8,8,16,204,0.0,0,8.0,0
2025-11-23 14:17:19,1,53,19.3,94,2.6,997.6,13,16,214,0.0,0,8.3,0
2025-11-23 14:18:20,1,53,19.3,94,2.6,997.7,12,18,217,0.0,0,8.2,0
2025-11-23 14:19:21,1,53,19.4,94,2.6,997.7,10,18,200,0.0,0,7.8,0
2025-11-23 14:20:22,1,53,19.4,94,2.6,997.7,17,20,194,0.0,0,6.9,0
2025-11-23 14:21:23,1,53,19.4,94,2.6,997.7,11,25,212,0.0,0,6.4,0
2025-11-23 14:22:24,1,53,19.5,94,2.6,997.6,21,29,219,0.0,0,5.6,0
2025-11-23 14:23:25,1,53,19.5,94,2.6,997.7,17,27,219,0.0,0,4.5,0
2025-11-23 14:24:26,1,53,19.5,94,2.6,997.9,11,23,225,0.0,0,4.3,0
2025-11-23 14:25:27,1,53,19.5,94,2.6,997.9,14,27,210,0.0,0,5.5,0
2025-11-23 14:26:28,1,53,19.6,94,2.6,998.0,12,29,196,0.0,0,5.3,0
2025-11-23 14:27:29,1,53,19.6,94,2.6,998.0,20,27,155,0.0,0,5.0,0
2025-11-23 14:28:30,1,53,19.6,94,2.6,997.9,12,27,192,0.0,0,6.8,0
2025-11-23 14:29:31,1,53,19.6,94,2.6,998.0,10,16,85,0.0,0,7.1,0
2025-11-23 14:30:32,1,53,19.6,94,2.6,997.9,11,14,155,0.0,0,7.6,0
2025-11-23 14:31:33,1,53,19.7,94,2.6,997.8,14,18,128,0.0,0,7.3,0
2025-11-23 14:32:34,1,53,19.6,94,2.7,997.8,12,18,137,0.0,0,7.2,0
2025-11-23 14:33:35,1,53,19.6,94,2.7,997.8,13,16,169,0.0,0,7.1,0
2025-11-23 14:34:36,1,52,19.6,94,2.7,997.7,11,18,192,0.0,0,7.3,0
2025-11-23 14:35:37,1,52,19.6,94,2.7,997.7,9,18,189,0.0,0,5.6,0
2025-11-23 14:36:38,1,52,19.6,94,2.7,997.7,14,18,122,0.0,0,4.7,0
2025-11-23 14:37:39,1,53,19.5,94,2.7,997.6,19,21,186,0.0,0,4.9,0
2025-11-23 14:38:40,1,52,19.5,94,2.7,997.7,11,21,186,0.0,0,4.8,0
2025-11-23 14:39:41,1,53,19.3,94,2.7,997.6,17,23,236,0.0,0,4.5,0
2025-11-23 14:40:42,1,53,19.3,94,2.7,997.6,11,23,167,0.0,0,4.4,0
2025-11-23 14:41:43,1,53,19.3,94,2.7,997.6,11,16,216,0.0,0,4.4,0
2025-11-23 14:42:44,1,53,19.2,94,2.7,997.6,6,16,135,0.0,0,4.5,0
2025-11-23 14:43:45,1,53,19.1,94,2.7,997.6,15,20,196,0.0,0,5.4,0
2025-11-23 14:44:46,1,53,19.0,94,2.7,997.4,12,18,174,0.0,0,5.1,0
2025-11-23 14:45:47,1,53,19.0,94,2.7,997.3,8,16,193,0.0,0,5.4,0
2025-11-23 14:46:48,1,53,18.9,94,2.8,997.4,8,12,128,0.0,0,5.7,0
2025-11-23 14:47:49,1,53,18.9,94,2.8,997.3,12,18,164,0.0,0,5.5,0
2025-11-23 14:48:50,1,54,18.8,94,2.8,997.3,16,21,214,0.0,0,5.5,0
2025-11-23 14:49:51,1,54,18.7,94,2.8,997.4,10,21,153,0.0,0,5.8,0
2025-11-23 14:50:52,1,54,18.7,94,2.8,997.4,6,20,232,0.0,0,7.6,0
2025-11-23 14:51:53,1,54,18.6,94,2.8,997.4,10,16,78,0.0,0,8.4,0
2025-11-23 14:52:54,1,54,18.5,94,2.8,997.4,22,25,196,0.0,0,9.4,0
2025-11-23 14:53:55,1,54,18.5,94,2.8,997.4,15,25,203,0.0,0,12.2,0
2025-11-23 14:54:56,1,54,18.4,94,2.8,997.3,11,25,132,0.0,0,13.1,0
2025-11-23 14:55:57,1,55,18.4,94,2.8,997.2,10,21,165,0.0,0,20.2,0
2025-11-23 14:56:58,1,55,18.3,94,2.9,997.4,11,21,171,0.0,0,21.1,0
2025-11-23 14:57:59,1,55,18.3,94,2.9,997.2,10,21,204,0.0,0,17.1,0
2025-11-23 14:59:00,1,55,18.2,94,2.9,997.3,7,18,228,0.0,0,16.9,0
2025-11-23 15:00:01,1,55,18.1,94,2.9,997.1,11,20,231,0.0,0,16.2,0
2025-11-23 15:01:02,1,55,18.1,94,2.9,997.1,12,25,284,0.0,0,14.8,0
2025-11-23 15:02:03,1,55,18.0,94,3.0,997.1,10,23,200,0.0,0,10.4,0
2025-11-23 15:03:04,1,55,18.0,94,3.0,997.2,17,25,216,0.0,0,7.9,0
2025-11-23 15:04:05,1,55,17.9,94,3.0,997.1,10,34,212,0.0,0,8.6,0
2025-11-23 15:05:06,1,56,17.9,94,3.0,997.0,16,23,190,0.0,0,8.7,0
2025-11-23 15:06:07,1,56,17.8,94,3.1,997.0,11,23,213,0.0,0,6.7,0
2025-11-23 15:07:08,1,57,17.8,94,3.1,997.0,11,14,153,0.0,0,4.8,0
2025-11-23 15:08:09,1,57,17.9,94,3.1,997.0,11,16,176,0.0,0,4.1,0
2025-11-23 15:09:10,1,57,17.9,94,3.1,997.2,8,16,149,0.0,0,4.2,0
2025-11-23 15:10:11,1,58,18.0,94,3.1,997.1,7,11,209,0.0,0,4.0,0
2025-11-23 15:11:12,1,57,18.1,94,3.1,997.1,15,20,181,0.0,0,3.4,0
2025-11-23 15:12:13,1,57,18.2,94,3.2,997.1,11,20,249,0.0,0,3.5,0
2025-11-23 15:13:14,1,57,18.3,94,3.2,997.0,17,21,162,0.0,0,3.3,0
2025-11-23 15:14:15,1,57,18.4,94,3.2,997.2,8,21,187,0.0,0,3.1,0
2025-11-23 15:15:16,1,57,18.5,93,3.3,996.9,14,20,216,0.0,0,2.7,0
2025-11-23 15:16:17,1,56,18.6,93,3.3,996.8,11,20,216,0.0,0,2.7,0
2025-11-23 15:17:18,1,56,18.7,93,3.3,996.9,11,16,196,0.0,0,2.5,0
2025-11-23 15:18:19,1,56,18.8,93,3.3,997.0,14,20,145,0.0,0,2.4,0
2025-11-23 15:19:20,1,56,18.8,93,3.3,997.0,11,20,197,0.0,0,2.3,0
2025-11-23 15:20:21,1,55,18.9,93,3.4,996.9,16,21,231,0.0,0,2.3,0
2025-11-23 15:21:22,1,55,19.0,93,3.4,997.1,14,23,195,0.0,0,2.0,0
2025-11-23 15:22:23,1,55,19.0,93,3.4,997.0,20,25,185,0.0,0,1.9,0
2025-11-23 15:23:24,1,55,19.1,93,3.5,996.9,13,27,194,0.0,0,1.8,0
2025-11-23 15:24:25,1,55,19.1,93,3.5,997.0,11,20,226,0.0,0,1.5,0
2025-11-23 15:25:26,1,54,19.2,93,3.5,997.0,13,27,207,0.0,0,1.5,0
2025-11-23 15:26:27,1,54,19.2,93,3.5,997.1,15,21,201,0.0,0,1.4,0
2025-11-23 15:27:28,1,54,19.3,93,3.6,997.0,15,25,206,0.0,0,1.4,0
2025-11-23 15:28:29,1,54,19.3,93,3.6,997.1,14,25,211,0.0,0,1.2,0
2025-11-23 15:29:30,1,54,19.3,93,3.7,997.1,14,23,137,0.0,0,1.1,0
2025-11-23 15:30:31,1,54,19.4,93,3.7,996.9,12,23,231,0.0,0,1.0,0
2025-11-23 15:31:32,1,54,19.4,93,3.8,997.1,12,18,204,0.0,0,1.0,0
2025-11-23 15:32:33,1,54,19.4,92,3.8,997.1,12,18,181,0.0,0,0.9,0
2025-11-23 15:33:34,1,54,19.5,92,3.8,997.2,16,18,221,0.0,0,0.8,0
2025-11-23 15:34:35,1,53,19.5,92,3.8,997.2,12,18,207,0.0,0,0.8,0
2025-11-23 15:35:36,1,53,19.5,92,3.9,997.1,15,18,178,0.0,0,0.7,0
2025-11-23 15:36:37,1,53,19.5,92,3.9,997.1,12,18,228,0.0,0,0.8,0
2025-11-23 15:37:38,1,53,19.5,92,3.9,997.1,21,29,200,0.0,0,0.7,0
2025-11-23 15:38:39,1,53,19.5,92,3.9,997.1,14,31,203,0.0,0,0.7,0
2025-11-23 15:39:40,1,53,19.5,92,3.9,997.0,12,25,218,0.0,0,0.7,0
2025-11-23 15:40:41,1,53,19.5,92,3.9,997.0,16,25,177,0.0,0,0.6,0
2025-11-23 15:41:42,1,53,19.4,92,4.0,997.0,11,18,227,0.0,0,0.6,0
2025-11-23 15:42:43,1,53,19.4,92,4.0,997.0,22,25,221,0.0,0,0.5,0
2025-11-23 15:43:44,1,53,19.3,92,4.0,997.0,17,25,232,0.0,0,0.5,0
2025-11-23 15:44:45,1,53,19.2,92,4.0,997.0,19,31,252,0.0,0,0.3,0
2025-11-23 15:45:46,1,53,19.2,92,4.1,996.9,18,31,209,0.0,0,0.3,0
2025-11-23 15:46:47,1,53,19.2,92,4.1,996.8,19,25,226,0.0,0,0.2,0
2025-11-23 15:47:48,1,53,19.1,92,4.2,996.8,17,25,241,0.0,0,0.3,0
2025-11-23 15:48:49,1,53,19.0,91,4.2,996.9,15,25,164,0.0,0,0.3,0
2025-11-23 15:49:50,1,53,19.0,91,4.2,996.9,14,27,142,0.0,0,0.3,0
2025-11-23 15:50:51,1,53,18.9,91,4.2,996.7,12,21,251,0.0,0,0.3,0
2025-11-23 15:51:52,1,53,18.9,91,4.2,996.7,10,21,195,0.0,0,0.3,0
2025-11-23 15:52:53,1,54,18.8,91,4.3,996.5,24,25,208,0.0,0,0.2,0
2025-11-23 15:53:54,1,54,18.8,91,4.3,996.7,19,25,191,0.0,0,0.2,0
2025-11-23 15:54:55,1,54,18.7,91,4.3,996.7,17,23,200,0.0,0,0.2,0
2025-11-23 15:55:56,1,54,18.6,91,4.3,996.9,12,23,230,0.0,0,0.2,0
2025-11-23 15:56:57,1,54,18.6,91,4.3,996.6,18,25,203,0.0,0,0.2,0
2025-11-23 15:57:58,1,54,18.5,92,4.3,996.8,14,25,226,0.0,0,0.2,0
2025-11-23 15:58:59,1,54,18.5,92,4.3,996.7,14,20,215,0.0,0,0.2,0
2025-11-23 16:00:00,1,54,18.4,92,4.3,996.6,23,29,183,0.0,0,0.2,0
2025-11-23 16:01:01,1,54,18.3,92,4.3,996.6,26,38,221,0.0,0,0.1,0
2025-11-23 16:02:02,1,54,18.3,92,4.3,996.8,21,36,224,0.0,0,0.1,0
2025-11-23 16:03:03,1,54,18.2,92,4.3,996.7,14,33,211,0.0,0,0.1,0
2025-11-23 16:04:04,1,54,18.2,92,4.3,996.8,16,29,263,0.0,0,0.1,0
2025-11-23 16:05:05,1,55,18.1,92,4.3,996.8,15,27,285,0.0,0,0.1,0
2025-11-23 16:06:06,1,55,18.1,92,4.3,996.7,21,29,249,0.0,0,0.1,0
2025-11-23 16:07:07,1,55,18.0,92,4.3,996.7,23,31,247,0.0,0,0.0,0
2025-11-23 16:08:08,1,55,18.0,92,4.3,996.9,19,31,209,0.0,0,0.0,0
2025-11-23 16:09:09,1,55,17.9,92,4.3,996.7,17,29,211,0.0,0,0.0,0
2025-11-23 16:10:10,1,55,17.9,92,4.3,996.6,17,29,183,0.0,0,0.0,0
2025-11-23 16:11:11,1,55,17.8,92,4.3,996.7,16,23,224,0.0,0,0.0,0
2025-11-23 16:12:12,1,55,17.8,92,4.3,996.8,20,27,194,0.0,0,0.0,0
2025-11-23 16:13:13,1,55,17.7,92,4.3,996.7,14,29,215,0.0,0,0.0,0
2025-11-23 16:14:14,1,55,17.7,92,4.3,996.4,18,25,182,0.0,0,0.0,0
2025-11-23 16:15:15,1,56,17.7,92,4.3,996.6,20,25,248,0.0,0,0.0,0
2025-11-23 16:16:16,1,56,17.6,92,4.3,996.6,20,31,245,0.0,0,0.0,0
2025-11-23 16:17:17,1,57,17.6,92,4.3,996.6,14,25,266,0.0,0,0.0,0
2025-11-23 16:18:18,1,57,17.7,92,4.2,996.6,23,29,201,0.0,0,0.0,0
2025-11-23 16:19:19,1,57,17.8,92,4.2,996.7,16,29,143,0.0,0,0.0,0
2025-11-23 16:20:20,1,57,17.9,92,4.2,996.8,21,25,237,0.0,0,0.0,0
2025-11-23 16:21:21,1,57,18.0,92,4.2,996.6,12,25,226,0.0,0,0.0,0
2025-11-23 16:22:22,1,57,18.1,92,4.2,996.6,16,21,221,0.0,0,0.0,0
2025-11-23 16:23:23,1,57,18.2,92,4.3,996.7,14,29,214,0.0,0,0.0,0
2025-11-23 16:24:24,1,56,18.3,92,4.3,996.6,19,27,211,0.0,0,0.0,0
2025-11-23 16:25:25,1,56,18.4,92,4.3,996.7,16,27,173,0.0,0,0.0,0
2025-11-23 16:26:26,1,56,18.5,92,4.3,996.4,20,29,210,0.0,0,0.0,0
2025-11-23 16:27:27,1,56,18.6,92,4.3,996.6,16,29,215,0.0,0,0.0,0
2025-11-23 16:28:28,1,56,18.7,92,4.3,996.6,19,25,223,0.0,0,0.0,0
2025-11-23 16:29:29,1,56,18.8,92,4.3,996.6,20,27,224,0.0,0,0.0,0
2025-11-23 16:30:30,1,56,18.8,92,4.3,996.7,19,31,215,0.0,0,0.0,0
2025-11-23 16:31:31,1,56,18.9,92,4.4,996.7,22,34,170,0.0,0,0.0,0
2025-11-23 16:32:32,1,55,19.0,92,4.4,996.4,19,34,202,0.0,0,0.0,0
2025-11-23 16:33:34,1,55,19.0,92,4.4,996.6,20,36,192,0.0,0,0.0,0
2025-11-23 16:34:35,1,55,19.1,92,4.4,996.5,14,36,226,0.0,0,0.0,0
2025-11-23 16:35:36,1,55,19.1,91,4.4,996.8,12,31,219,0.0,0,0.0,0
2025-11-23 16:36:37,1,55,19.2,92,4.4,996.7,17,29,229,0.0,0,0.0,0
2025-11-23 16:37:38,1,56,19.2,92,4.4,996.5,17,21,174,0.0,0,0.0,0
2025-11-23 16:38:39,1,56,19.3,92,4.4,996.8,16,21,228,0.0,0,0.0,0
2025-11-23 16:39:40,1,55,19.3,92,4.4,996.6,16,27,242,0.0,0,0.0,0
2025-11-23 16:40:41,1,55,19.3,92,4.4,996.6,13,27,191,0.0,0,0.0,0
2025-11-23 16:41:42,1,54,19.3,92,4.4,996.5,15,27,215,0.0,0,0.0,0
2025-11-23 16:42:43,1,54,19.3,92,4.4,996.5,17,29,252,0.0,0,0.0,0
2025-11-23 16:43:44,1,53,19.4,92,4.4,996.6,8,29,151,0.0,0,0.0,0
2025-11-23 16:44:45,1,54,19.3,92,4.4,996.6,18,27,212,0.0,0,0.0,0
2025-11-23 16:45:46,1,54,19.3,92,4.4,996.6,13,27,285,0.0,0,0.0,0
2025-11-23 16:46:47,1,54,19.3,92,4.4,996.6,11,23,225,0.0,0,0.0,0
2025-11-23 16:47:48,1,54,19.3,92,4.4,996.6,13,23,268,0.0,0,0.0,0
2025-11-23 16:48:49,1,54,19.3,92,4.4,996.6,19,23,186,0.0,0,0.0,0
2025-11-23 16:49:50,1,54,19.3,92,4.4,996.6,22,29,205,0.0,0,0.0,0
2025-11-23 16:50:51,1,54,19.2,92,4.4,996.4,13,29,257,0.0,0,0.0,0
2025-11-23 16:51:52,1,54,19.2,92,4.4,996.5,15,23,215,0.0,0,0.0,0
2025-11-23 16:52:53,1,54,19.1,92,4.4,996.3,15,23,225,0.0,0,0.0,0
2025-11-23 16:53:54,1,54,19.1,92,4.4,996.6,17,23,240,0.0,0,0.0,0
2025-11-23 16:54:55,1,53,19.0,92,4.5,996.4,18,25,196,0.0,0,0.0,0
2025-11-23 16:55:56,1,53,18.9,92,4.5,996.3,20,31,188,0.0,0,0.0,0
2025-11-23 16:56:57,1,53,18.9,92,4.5,996.4,11,27,229,0.0,0,0.0,0
2025-11-23 16:57:58,1,53,18.8,92,4.5,996.4,17,27,174,0.0,0,0.0,0
2025-11-23 16:58:59,1,53,18.7,92,4.5,996.3,17,20,161,0.0,0,0.0,0
2025-11-23 17:00:00,1,53,18.7,92,4.5,996.3,15,23,166,0.0,0,0.0,0
2025-11-23 17:01:01,1,53,18.6,92,4.5,996.5,12,20,248,0.0,0,0.0,0
2025-11-23 17:02:02,1,53,18.5,92,4.5,996.5,16,20,199,0.0,0,0.0,0
2025-11-23 17:03:03,1,53,18.5,92,4.5,996.4,17,25,253,0.0,0,0.0,0
2025-11-23 17:04:04,1,53,18.4,92,4.5,996.4,17,25,233,0.0,0,0.0,0
2025-11-23 17:05:05,1,53,18.4,92,4.5,996.4,19,31,194,0.0,0,0.0,0
2025-11-23 17:06:06,1,53,18.3,92,4.6,996.3,15,31,229,0.0,0,0.0,0
2025-11-23 17:07:07,1,53,18.2,93,4.6,996.3,17,23,182,0.0,0,0.0,0
2025-11-23 17:08:08,1,53,18.2,93,4.6,996.2,16,27,203,0.0,0,0.0,0
2025-11-23 17:09:09,1,53,18.1,92,4.6,996.1,12,27,231,0.0,0,0.0,0
2025-11-23 17:10:10,1,53,18.1,92,4.6,996.2,12,25,227,0.0,0,0.0,0
2025-11-23 17:11:11,1,53,18.0,93,4.6,996.2,14,21,197,0.0,0,0.0,0
2025-11-23 17:12:12,1,53,17.9,92,4.6,996.2,11,20,230,0.0,0,0.0,0
2025-11-23 17:13:13,1,53,17.9,92,4.6,996.1,14,18,178,0.0,0,0.0,0
2025-11-23 17:14:14,1,53,17.8,92,4.6,996.3,10,18,178,0.0,0,0.0,0
2025-11-23 17:15:15,1,53,17.8,93,4.7,996.3,12,18,247,0.0,0,0.0,0
2025-11-23 17:16:16,1,53,17.7,93,4.7,996.2,10,23,193,0.0,0,0.0,0
2025-11-23 17:17:17,1,53,17.7,93,4.7,996.2,17,25,236,0.0,0,0.0,0
2025-11-23 17:18:18,1,54,17.7,93,4.7,996.3,23,27,193,0.0,0,0.0,0
2025-11-23 17:19:19,1,54,17.7,93,4.7,996.1,18,27,195,0.0,0,0.0,0
2025-11-23 17:20:20,1,54,17.7,93,4.7,996.2,14,20,358,0.0,0,0.0,0
2025-11-23 17:21:21,1,54,17.8,93,4.7,996.2,17,23,240,0.0,0,0.0,0
2025-11-23 17:22:22,1,54,17.9,93,4.7,996.2,14,23,109,0.0,0,0.0,0
2025-11-23 17:23:23,1,54,17.9,93,4.7,996.3,9,20,151,0.0,0,0.0,0
2025-11-23 17:24:24,1,54,18.0,93,4.7,996.3,15,25,162,0.0,0,0.0,0
2025-11-23 17:25:25,1,54,18.1,93,4.7,996.3,16,25,203,0.0,0,0.0,0
2025-11-23 17:26:26,1,54,18.2,93,4.7,996.3,16,23,188,0.0,0,0.0,0
2025-11-23 17:27:27,1,54,18.3,93,4.7,996.3,15,23,177,0.0,0,0.0,0
2025-11-23 17:28:28,1,54,18.4,93,4.7,996.3,12,29,190,0.0,0,0.0,0
2025-11-23 17:29:29,1,54,18.5,93,4.7,996.2,9,16,227,0.0,0,0.0,0
2025-11-23 17:30:30,1,54,18.6,93,4.8,996.5,17,20,198,0.0,0,0.0,0
2025-11-23 17:31:31,1,54,18.6,93,4.8,996.5,14,20,207,0.0,0,0.0,0
2025-11-23 17:32:32,1,53,18.7,93,4.8,996.1,11,21,250,0.0,0,0.0,0
2025-11-23 17:33:33,1,53,18.7,93,4.8,996.4,13,18,208,0.0,0,0.0,0
2025-11-23 17:34:34,1,53,18.8,93,4.8,996.5,20,25,180,0.0,0,0.0,0
2025-11-23 17:35:35,1,53,18.8,93,4.8,996.3,19,29,175,0.0,0,0.0,0
2025-11-23 17:36:36,1,53,18.9,93,4.8,996.3,14,23,214,0.0,0,0.0,0
2025-11-23 17:37:37,1,53,18.9,93,4.9,996.4,9,23,221,0.0,0,0.0,0
2025-11-23 17:38:38,1,52,18.9,93,4.9,996.2,13,18,194,0.0,0,0.0,0
2025-11-23 17:39:39,1,52,19.0,93,4.9,996.2,16,23,173,0.0,0,0.0,0
2025-11-23 17:40:40,1,52,19.0,93,4.9,996.4,24,31,247,0.0,0,0.0,0
2025-11-23 17:41:41,1,52,19.0,93,4.9,996.4,17,31,200,0.0,0,0.0,0
2025-11-23 17:42:42,1,52,19.1,93,4.9,996.2,15,27,265,0.0,0,0.0,0
2025-11-23 17:43:43,1,52,19.1,93,4.9,996.2,15,25,217,0.0,0,0.0,0
2025-11-23 17:44:44,1,52,19.1,93,4.9,996.3,16,25,202,0.0,0,0.0,0
2025-11-23 17:45:45,1,52,19.1,93,4.9,996.3,18,25,189,0.0,0,0.0,0
2025-11-23 17:46:46,1,52,19.1,93,5.0,996.3,14,21,263,0.0,0,0.0,0
2025-11-23 17:47:47,1,52,19.1,93,5.0,996.4,9,20,227,0.0,0,0.0,0
2025-11-23 17:48:48,1,52,19.2,93,5.0,996.2,13,16,249,0.0,0,0.0,0
2025-11-23 17:49:49,1,52,19.2,93,5.0,996.4,12,23,203,0.0,0,0.0,0
2025-11-23 17:50:50,1,52,19.2,93,5.0,996.4,16,23,217,0.0,0,0.0,0
2025-11-23 17:51:51,1,51,19.2,93,5.0,996.4,14,23,218,0.0,0,0.0,0
2025-11-23 17:52:52,1,51,19.2,93,5.0,996.3,15,20,194,0.0,0,0.0,0
2025-11-23 17:53:53,1,51,19.2,93,5.0,996.2,15,20,197,0.0,0,0.0,0
2025-11-23 17:54:54,1,51,19.2,93,5.0,996.3,15,20,211,0.0,0,0.0,0
2025-11-23 17:55:55,1,51,19.2,93,5.0,996.1,9,21,218,0.0,0,0.0,0
2025-11-23 17:56:56,1,51,19.2,93,5.0,996.1,14,20,227,0.0,0,0.0,0
2025-11-23 17:57:57,1,51,19.2,93,5.0,996.1,14,20,219,0.0,0,0.0,0
2025-11-23 17:58:58,1,51,19.2,93,5.0,996.2,15,20,265,0.0,0,0.0,0
2025-11-23 17:59:59,1,51,19.3,93,5.0,996.3,19,27,194,0.0,0,0.0,0
2025-11-23 18:01:00,1,51,19.3,93,5.0,996.3,18,29,203,0.0,0,0.0,0
2025-11-23 18:02:01,1,50,19.3,93,5.0,996.0,10,27,228,0.0,0,0.0,0
2025-11-23 18:03:02,1,50,19.3,93,5.0,996.2,11,21,183,0.0,0,0.0,0
2025-11-23 18:04:03,1,50,19.3,93,5.0,996.2,12,16,216,0.0,0,0.0,0
2025-11-23 18:05:04,1,50,19.3,93,5.0,996.1,15,16,245,0.0,0,0.0,0
2025-11-23 18:06:05,1,50,19.3,93,5.0,996.3,13,20,239,0.0,0,0.0,0
2025-11-23 18:07:06,1,50,19.3,93,5.0,996.2,13,21,166,0.0,0,0.0,0
2025-11-23 18:08:07,1,50,19.3,93,5.0,996.3,13,21,228,0.0,0,0.0,0
2025-11-23 18:09:08,1,50,19.3,93,5.0,996.2,16,18,235,0.0,0,0.0,0
2025-11-23 18:10:09,1,50,19.3,93,5.1,996.1,12,18,242,0.0,0,0.0,0
2025-11-23 18:11:10,1,50,19.3,93,5.1,996.3,12,23,242,0.0,0,0.0,0
2025-11-23 18:12:11,1,50,19.3,93,5.1,996.3,11,21,251,0.0,0,0.0,0
2025-11-23 18:13:12,1,51,19.3,93,5.1,996.3,6,18,165,0.0,0,0.0,0
2025-11-23 18:14:13,1,51,19.4,93,5.1,996.1,12,18,188,0.0,0,0.0,0
2025-11-23 18:15:14,1,51,19.3,93,5.1,996.1,13,18,229,0.0,0,0.0,0
2025-11-23 18:16:15,1,52,19.4,93,5.1,996.1,9,18,202,0.0,0,0.0,0
2025-11-23 18:17:16,1,52,19.4,93,5.1,996.2,10,14,196,0.0,0,0.0,0
2025-11-23 18:18:17,1,52,19.3,93,5.1,996.2,7,14,202,0.0,0,0.0,0
2025-11-23 18:19:18,1,52,19.3,93,5.1,996.2,9,14,253,0.0,0,0.0,0
2025-11-23 18:20:19,1,52,19.3,93,5.1,996.2,14,18,154,0.0,0,0.0,0
2025-11-23 18:21:20,1,53,19.2,93,5.1,996.1,9,18,225,0.0,0,0.0,0
2025-11-23 18:22:21,1,53,19.2,93,5.1,996.2,14,16,201,0.0,0,0.0,0
2025-11-23 18:23:22,1,53,19.2,93,5.2,996.2,11,16,264,0.0,0,0.0,0
2025-11-23 18:24:23,1,53,19.1,93,5.2,996.1,18,20,263,0.0,0,0.0,0
2025-11-23 18:25:24,1,53,19.1,93,5.2,996.2,18,25,219,0.0,0,0.0,0
2025-11-23 18:26:25,1,53,19.0,93,5.2,996.2,12,25,216,0.0,0,0.0,0
2025-11-23 18:27:26,1,53,18.9,93,5.2,996.2,9,20,228,0.0,0,0.0,0
2025-11-23 18:28:27,1,53,18.9,93,5.2,996.0,7,11,192,0.0,0,0.0,0
2025-11-23 18:29:28,1,53,18.8,93,5.2,996.0,9,18,174,0.0,0,0.0,0
2025-11-23 18:30:29,1,53,18.8,93,5.2,996.0,21,25,205,0.0,0,0.0,0
2025-11-23 18:31:30,1,53,18.7,93,5.2,996.0,18,25,180,0.0,0,0.0,0
2025-11-23 18:32:31,1,53,18.6,93,5.2,996.0,15,20,162,0.0,0,0.0,0
2025-11-23 18:33:32,1,53,18.6,93,5.2,996.0,17,20,185,0.0,0,0.0,0
2025-11-23 18:34:33,1,53,18.5,93,5.2,996.1,12,20,197,0.0,0,0.0,0
2025-11-23 18:35:34,1,53,18.5,93,5.2,995.9,16,33,192,0.0,0,0.0,0
2025-11-23 18:36:35,1,53,18.4,93,5.2,996.0,12,33,240,0.0,0,0.0,0
2025-11-23 18:37:36,1,53,18.3,92,5.2,996.0,19,25,204,0.0,0,0.0,0
2025-11-23 18:38:37,1,52,18.2,92,5.3,996.0,12,21,199,0.0,0,0.0,0
2025-11-23 18:39:38,1,52,18.2,92,5.3,996.1,17,23,190,0.0,0,0.0,0
2025-11-23 18:40:39,1,52,18.1,92,5.3,996.1,18,23,216,0.0,0,0.0,0
2025-11-23 18:41:40,1,52,18.1,92,5.3,996.0,13,21,250,0.0,0,0.0,0
2025-11-23 18:42:41,1,52,18.0,92,5.3,996.1,21,25,231,0.0,0,0.0,0
2025-11-23 18:43:42,1,52,17.9,92,5.3,996.0,23,33,123,0.0,0,0.0,0
2025-11-23 18:44:43,1,52,17.9,92,5.3,996.1,16,33,226,0.0,0,0.0,0
2025-11-23 18:45:44,1,52,17.9,92,5.3,996.1,17,23,212,0.0,0,0.0,0
2025-11-23 18:46:45,1,53,17.9,92,5.3,996.1,15,21,262,0.0,0,0.0,0
2025-11-23 18:47:46,1,53,17.9,92,5.3,996.1,17,33,216,0.0,0,0.0,0
2025-11-23 18:48:47,1,53,18.0,92,5.3,996.2,12,33,169,0.0,0,0.0,0
2025-11-23 18:49:48,1,53,18.0,93,5.3,996.2,15,20,221,0.0,0,0.0,0
2025-11-23 18:50:49,1,53,18.1,93,5.3,996.2,12,27,237,0.0,0,0.0,0
2025-11-23 18:51:50,1,52,18.2,93,5.2,996.2,12,20,230,0.0,0,0.0,0
2025-11-23 18:52:51,1,52,18.2,93,5.2,996.0,12,21,208,0.0,0,0.0,0
2025-11-23 18:53:52,1,52,18.3,93,5.2,996.1,10,16,197,0.0,0,0.0,0
2025-11-23 18:54:53,1,52,18.4,93,5.2,996.0,18,21,206,0.0,0,0.0,0
2025-11-23 18:55:54,1,52,18.4,93,5.2,996.0,15,21,213,0.0,0,0.0,0
2025-11-23 18:56:55,1,52,18.5,93,5.2,996.1,11,18,213,0.0,0,0.0,0
2025-11-23 18:57:56,1,52,18.6,93,5.2,996.2,15,20,160,0.0,0,0.0,0
2025-11-23 18:58:57,1,52,18.6,93,5.2,996.2,15,20,211,0.0,0,0.0,0
2025-11-23 18:59:58,1,53,18.7,93,5.2,996.2,17,20,185,0.0,0,0.0,0
2025-11-23 19:00:59,1,53,18.8,93,5.2,996.1,15,18,173,0.0,0,0.0,0
2025-11-23 19:02:00,1,53,18.8,93,5.2,996.2,12,18,195,0.0,0,0.0,0
2025-11-23 19:03:01,1,53,18.9,93,5.2,996.1,11,14,211,0.0,0,0.0,0
2025-11-23 19:04:02,1,53,18.9,93,5.2,996.0,11,12,208,0.0,0,0.0,0
2025-11-23 19:05:03,1,53,19.0,93,5.2,996.1,16,18,200,0.0,0,0.0,0
2025-11-23 19:06:04,1,53,19.1,93,5.2,996.1,12,18,196,0.0,0,0.0,0
2025-11-23 19:07:05,1,53,19.1,93,5.2,996.2,12,14,184,0.0,0,0.0,0
2025-11-23 19:08:06,1,53,19.2,93,5.2,996.1,6,14,195,0.0,0,0.0,0
2025-11-23 19:09:07,1,53,19.2,93,5.2,996.4,8,12,321,0.0,0,0.0,0
2025-11-23 19:10:08,1,53,19.3,94,5.2,996.1,5,18,191,0.0,0,0.0,0
2025-11-23 19:11:09,1,53,19.3,94,5.2,996.0,8,18,191,0.0,0,0.0,0
2025-11-23 19:12:10,1,53,19.3,93,5.2,996.1,8,11,226,0.0,0,0.0,0
2025-11-23 19:13:11,1,53,19.4,93,5.2,996.2,5,9,195,0.0,0,0.0,0
2025-11-23 19:14:12,1,53,19.4,93,5.2,996.2,9,11,131,0.0,0,0.0,0
2025-11-23 19:15:13,1,53,19.5,93,5.2,996.0,8,12,178,0.0,0,0.0,0
2025-11-23 19:16:14,1,53,19.5,93,5.2,996.1,7,12,193,0.0,0,0.0,0
2025-11-23 19:17:15,1,53,19.5,93,5.2,996.0,7,12,177,0.0,0,0.0,0
2025-11-23 19:18:16,1,54,19.5,93,5.2,996.0,6,11,173,0.0,0,0.0,0
2025-11-23 19:19:17,1,53,19.5,93,5.2,995.9,7,11,210,0.0,0,0.0,0
2025-11-23 19:20:18,1,54,19.5,93,5.2,995.8,9,11,175,0.0,0,0.0,0
2025-11-23 19:21:19,1,54,19.5,93,5.1,995.9,7,11,194,0.0,0,0.0,0
2025-11-23 19:22:20,1,54,19.5,94,5.1,995.9,9,11,212,0.0,0,0.0,0
2025-11-23 19:23:21,1,54,19.5,94,5.1,996.0,7,11,213,0.0,0,0.0,0
2025-11-23 19:24:22,1,55,19.4,94,5.1,995.9,16,18,190,0.0,0,0.0,0
2025-11-23 19:25:23,1,55,19.4,94,5.2,995.9,12,18,159,0.0,0,0.0,0
2025-11-23 19:26:24,1,55,19.4,94,5.2,995.8,9,16,207,0.0,0,0.0,0
2025-11-23 19:27:25,1,55,19.3,93,5.2,995.9,9,14,225,0.0,0,0.0,0
2025-11-23 19:28:26,1,55,19.3,93,5.2,995.7,8,14,179,0.0,0,0.0,0
2025-11-23 19:29:27,1,55,19.2,93,5.2,995.8,13,18,206,0.0,0,0.0,0
2025-11-23 19:30:28,1,56,19.2,93,5.2,995.8,7,18,205,0.0,0,0.0,0
2025-11-23 19:31:29,1,56,19.2,93,5.2,995.8,9,14,224,0.0,0,0.0,0
2025-11-23 19:32:30,1,56,19.1,93,5.2,995.8,7,12,231,0.0,0,0.0,0
2025-11-23 19:33:31,1,56,19.0,93,5.2,995.6,9,14,213,0.0,0,0.0,0
2025-11-23 19:34:32,1,56,19.0,93,5.2,995.6,7,14,214,0.0,0,0.0,0
2025-11-23 19:35:33,1,56,18.9,93,5.1,995.6,8,14,197,0.0,0,0.0,0
2025-11-23 19:36:34,1,56,18.9,93,5.2,995.7,8,16,178,0.0,0,0.0,0
2025-11-23 19:37:35,1,57,18.8,93,5.1,995.8,11,14,163,0.0,0,0.0,0
2025-11-23 19:38:36,1,57,18.8,93,5.2,995.8,12,16,152,0.0,0,0.0,0
2025-11-23 19:39:37,1,57,18.7,93,5.2,995.8,10,16,185,0.0,0,0.0,0
2025-11-23 19:40:38,1,57,18.7,93,5.2,995.6,14,16,183,0.0,0,0.0,0
2025-11-23 19:41:39,1,57,18.6,93,5.2,995.7,10,16,199,0.0,0,0.0,0
2025-11-23 19:42:40,1,57,18.6,93,5.2,995.6,11,14,202,0.0,0,0.0,0
2025-11-23 19:43:41,1,58,18.5,93,5.2,995.7,9,14,236,0.0,0,0.0,0
2025-11-23 19:44:42,1,58,18.4,93,5.2,995.7,9,16,199,0.0,0,0.0,0
2025-11-23 19:45:43,1,58,18.4,93,5.2,995.5,9,16,215,0.0,0,0.0,0
2025-11-23 19:46:44,1,58,18.3,93,5.2,995.6,11,14,176,0.0,0,0.0,0
2025-11-23 19:47:45,1,58,18.3,93,5.2,995.8,12,16,197,0.0,0,0.0,0
2025-11-23 19:48:46,1,58,18.2,93,5.2,995.6,14,18,235,0.0,0,0.0,0
2025-11-23 19:49:47,1,58,18.2,93,5.2,995.7,9,18,220,0.0,0,0.0,0
2025-11-23 19:50:48,1,59,18.1,93,5.2,995.6,11,12,219,0.0,0,0.0,0
2025-11-23 19:51:49,1,59,18.1,93,5.2,995.7,11,18,268,0.0,0,0.0,0
2025-11-23 19:52:50,1,59,18.0,93,5.2,995.6,12,16,231,0.0,0,0.0,0
2025-11-23 19:53:52,1,59,18.0,93,5.2,995.6,9,16,222,0.0,0,0.0,0
2025-11-23 19:54:53,1,60,18.0,93,5.2,995.7,11,16,198,0.0,0,0.0,0
2025-11-23 19:55:54,1,61,17.9,92,5.2,995.6,14,16,196,0.0,0,0.0,0
2025-11-23 19:56:55,1,61,17.9,92,5.2,995.6,9,16,211,0.0,0,0.0,0
2025-11-23 19:57:56,1,62,17.9,92,5.2,995.5,10,18,199,0.0,0,0.0,0
2025-11-23 19:58:57,1,62,18.0,92,5.3,995.6,11,18,228,0.0,0,0.0,0
2025-11-23 19:59:58,1,62,18.0,92,5.2,995.6,11,20,237,0.0,0,0.0,0
2025-11-23 20:00:59,1,62,18.1,92,5.3,995.7,10,20,211,0.0,0,0.0,0
2025-11-23 20:02:00,1,62,18.2,92,5.2,995.5,15,18,196,0.0,0,0.0,0
2025-11-23 20:03:01,1,62,18.3,92,5.2,995.5,10,18,139,0.0,0,0.0,0
2025-11-23 20:04:02,1,62,18.4,92,5.3,995.6,11,18,207,0.0,0,0.0,0
2025-11-23 20:05:03,1,61,18.5,92,5.3,995.5,9,18,230,0.0,0,0.0,0
2025-11-23 20:06:04,1,61,18.6,92,5.3,995.4,13,18,164,0.0,0,0.0,0
2025-11-23 20:07:05,1,61,18.7,92,5.2,995.5,12,21,232,0.0,0,0.0,0
2025-11-23 20:08:06,1,60,18.8,92,5.2,995.5,12,20,191,0.0,0,0.0,0
2025-11-23 20:09:07,1,60,18.9,92,5.2,995.4,17,23,179,0.0,0,0.0,0
2025-11-23 20:10:08,1,60,19.0,92,5.2,995.5,12,23,202,0.0,0,0.0,0
2025-11-23 20:11:09,1,60,19.1,92,5.2,995.5,14,18,216,0.0,0,0.0,0
2025-11-23 20:12:10,1,59,19.1,92,5.2,995.5,13,18,205,0.0,0,0.0,0
2025-11-23 20:13:11,1,59,19.2,92,5.2,995.4,11,16,187,0.0,0,0.0,0
2025-11-23 20:14:12,1,59,19.2,92,5.2,995.5,13,18,252,0.0,0,0.0,0
2025-11-23 20:15:13,1,59,19.3,92,5.2,995.4,14,18,230,0.0,0,0.0,0
2025-11-23 20:16:14,1,59,19.3,92,5.2,995.4,12,20,189,0.0,0,0.0,0
2025-11-23 20:17:15,1,59,19.4,92,5.2,995.5,12,20,209,0.0,0,0.0,0
2025-11-23 20:18:16,1,58,19.4,92,5.2,995.5,11,14,266,0.0,0,0.0,0
2025-11-23 20:19:17,1,58,19.5,92,5.2,995.4,13,18,153,0.0,0,0.0,0
2025-11-23 20:20:18,1,58,19.5,92,5.2,995.5,14,27,219,0.0,0,0.0,0
2025-11-23 20:21:19,1,58,19.5,92,5.2,995.6,15,23,149,0.0,0,0.0,0
2025-11-23 20:22:20,1,58,19.6,92,5.2,995.6,14,21,191,0.0,0,0.0,0
2025-11-23 20:23:21,1,58,19.6,92,5.2,995.5,11,21,233,0.0,0,0.0,0
2025-11-23 20:24:22,1,57,19.6,92,5.2,995.5,10,18,181,0.0,0,0.0,0
2025-11-23 20:25:23,1,57,19.6,92,5.2,995.2,16,20,220,0.0,0,0.0,0
2025-11-23 20:26:24,1,57,19.6,92,5.2,995.5,10,20,208,0.0,0,0.0,0
2025-11-23 20:27:25,1,57,19.5,92,5.2,995.4,13,20,135,0.0,0,0.0,0
2025-11-23 20:28:26,1,57,19.5,92,5.2,995.3,16,23,226,0.0,0,0.0,0
2025-11-23 20:29:27,1,57,19.5,92,5.2,995.6,12,21,242,0.0,0,0.0,0
2025-11-23 20:30:28,1,57,19.5,92,5.3,995.5,14,23,185,0.0,0,0.0,0
2025-11-23 20:31:29,1,57,19.4,92,5.3,995.5,17,27,224,0.0,0,0.0,0
2025-11-23 20:32:30,1,57,19.4,92,5.3,995.5,13,27,162,0.0,0,0.0,0
2025-11-23 20:33:31,1,57,19.3,91,5.3,995.5,12,25,150,0.0,0,0.0,0
2025-11-23 20:34:32,1,57,19.3,91,5.3,995.4,15,27,210,0.0,0,0.0,0
2025-11-23 20:35:33,1,57,19.2,91,5.3,995.4,14,27,222,0.0,0,0.0,0
2025-11-23 20:36:34,1,57,19.2,91,5.3,995.2,18,25,172,0.0,0,0.0,0
2025-11-23 20:37:35,1,57,19.2,92,5.4,995.3,22,29,208,0.0,0,0.0,0
2025-11-23 20:38:36,1,57,19.1,92,5.4,995.4,19,29,216,0.0,0,0.0,0
2025-11-23 20:39:37,1,57,19.0,91,5.5,995.4,17,27,191,0.0,0,0.0,0
2025-11-23 20:40:38,1,57,19.0,91,5.5,995.3,17,27,223,0.0,0,0.0,0
2025-11-23 20:41:39,1,57,18.9,91,5.6,995.4,16,25,221,0.0,0,0.0,0
2025-11-23 20:42:40,1,57,18.9,91,5.6,995.3,13,25,164,0.0,0,0.0,0
2025-11-23 20:43:41,1,57,18.8,91,5.6,995.3,11,23,142,0.0,0,0.0,0
2025-11-23 20:44:42,1,57,18.7,91,5.6,995.2,13,23,235,0.0,0,0.0,0
2025-11-23 20:45:43,1,57,18.7,91,5.6,995.4,16,20,211,0.0,0,0.0,0
2025-11-23 20:46:44,1,58,18.6,91,5.6,995.4,15,23,192,0.0,0,0.0,0
2025-11-23 20:47:45,1,58,18.6,91,5.5,995.4,16,27,182,0.0,0,0.0,0
2025-11-23 20:48:46,1,58,18.5,91,5.5,995.5,11,21,217,0.0,0,0.0,0
2025-11-23 20:49:47,1,58,18.5,91,5.5,995.5,16,21,239,0.0,0,0.0,0
2025-11-23 20:50:48,1,58,18.4,91,5.6,995.3,18,25,199,0.0,0,0.0,0
2025-11-23 20:51:49,1,58,18.3,91,5.6,995.5,9,25,265,0.0,0,0.0,0
2025-11-23 20:52:50,1,58,18.3,91,5.6,995.5,13,18,217,0.0,0,0.0,0
2025-11-23 20:53:51,1,58,18.2,91,5.6,995.4,19,27,195,0.0,0,0.0,0
2025-11-23 20:54:52,1,58,18.2,91,5.6,995.5,13,23,225,0.0,0,0.0,0
2025-11-23 20:55:53,1,58,18.1,91,5.6,995.3,17,25,219,0.0,0,0.0,0
2025-11-23 20:56:54,1,58,18.1,91,5.6,995.4,12,25,163,0.0,0,0.0,0
2025-11-23 20:57:55,1,58,18.0,91,5.6,995.2,12,18,180,0.0,0,0.0,0
2025-11-23 20:58:56,1,58,18.0,91,5.6,995.2,15,20,187,0.0,0,0.0,0
2025-11-23 20:59:57,1,59,18.0,91,5.5,995.2,9,20,195,0.0,0,0.0,0
2025-11-23 21:00:58,1,59,17.9,91,5.5,995.3,13,20,184,0.0,0,0.0,0
2025-11-23 21:01:59,1,60,17.9,91,5.5,995.3,15,20,187,0.0,0,0.0,0
2025-11-23 21:03:00,1,60,17.9,91,5.5,995.2,17,21,184,0.0,0,0.0,0
2025-11-23 21:04:01,1,60,17.9,91,5.5,995.5,15,21,278,0.0,0,0.0,0
2025-11-23 21:05:02,1,60,18.0,91,5.5,995.6,19,23,189,0.0,0,0.0,0
2025-11-23 21:06:03,1,60,18.1,91,5.4,995.5,14,23,203,0.0,0,0.0,0
2025-11-23 21:07:04,1,60,18.2,91,5.4,995.4,15,18,202,0.0,0,0.0,0
2025-11-23 21:08:05,1,60,18.3,91,5.4,995.3,17,21,191,0.0,0,0.0,0
2025-11-23 21:09:06,1,60,18.4,91,5.4,995.5,11,21,160,0.0,0,0.0,0
2025-11-23 21:10:07,1,59,18.5,91,5.4,995.5,14,20,231,0.0,0,0.0,0
2025-11-23 21:11:08,1,59,18.6,91,5.4,995.5,12,20,277,0.0,0,0.0,0
2025-11-23 21:12:09,1,59,18.7,91,5.3,995.5,10,18,208,0.0,0,0.0,0
2025-11-23 21:13:10,1,59,18.8,91,5.3,995.4,16,20,193,0.0,0,0.0,0
2025-11-23 21:14:11,1,58,18.9,91,5.3,995.4,12,21,189,0.0,0,0.0,0
2025-11-23 21:15:12,1,58,18.9,92,5.3,995.3,19,25,237,0.0,0,0.0,0
2025-11-23 21:16:13,1,58,19.0,92,5.3,995.3,20,25,153,0.0,0,0.0,0
2025-11-23 21:17:14,1,58,19.1,92,5.3,995.4,17,25,188,0.0,0,0.0,0
2025-11-23 21:18:15,1,57,19.2,92,5.4,995.2,24,29,152,0.0,0,0.0,0
2025-11-23 21:19:16,1,57,19.2,92,5.4,995.3,18,29,270,0.0,0,0.0,0
2025-11-23 21:20:17,1,57,19.3,92,5.4,995.1,27,33,224,0.0,0,0.0,0
2025-11-23 21:21:18,1,57,19.3,91,5.4,995.4,23,34,204,0.0,0,0.0,0
2025-11-23 21:22:19,1,57,19.3,91,5.5,995.4,15,34,215,0.0,0,0.0,0
2025-11-23 21:23:20,1,56,19.4,91,5.6,995.4,17,21,192,0.0,0,0.0,0
2025-11-23 21:24:21,1,56,19.4,91,5.6,995.2,12,27,218,0.0,0,0.0,0
2025-11-23 21:25:22,1,56,19.5,91,5.6,995.3,19,21,181,0.0,0,0.0,0
2025-11-23 21:26:23,1,56,19.5,91,5.6,995.1,14,23,189,0.0,0,0.0,0
2025-11-23 21:27:24,1,56,19.5,91,5.5,995.2,9,21,243,0.0,0,0.0,0
2025-11-23 21:28:25,1,56,19.6,91,5.5,995.3,14,20,220,0.0,0,0.0,0
2025-11-23 21:29:26,1,56,19.6,91,5.5,995.1,13,18,181,0.0,0,0.0,0
2025-11-23 21:30:27,1,56,19.6,91,5.4,995.2,14,16,203,0.0,0,0.0,0
2025-11-23 21:31:28,1,56,19.6,91,5.4,995.3,10,16,207,0.0,0,0.0,0
2025-11-23 21:32:29,1,56,19.6,91,5.4,995.2,13,20,252,0.0,0,0.0,0
2025-11-23 21:33:30,1,56,19.6,91,5.3,995.1,10,20,222,0.0,0,0.0,0
2025-11-23 21:34:31,1,56,19.6,91,5.3,995.2,12,20,204,0.0,0,0.0,0
2025-11-23 21:35:32,1,56,19.6,92,5.2,995.3,7,20,205,0.0,0,0.0,0
2025-11-23 21:36:33,1,55,19.6,92,5.2,995.4,11,20,250,0.0,0,0.0,0
2025-11-23 21:37:34,1,55,19.6,92,5.2,995.4,10,16,202,0.0,0,0.0,0
2025-11-23 21:38:35,1,55,19.6,92,5.2,995.2,8,14,206,0.0,0,0.0,0
2025-11-23 21:39:36,1,55,19.5,92,5.1,995.4,10,14,191,0.0,0,0.0,0
2025-11-23 21:40:37,1,55,19.5,92,5.1,995.3,10,18,227,0.0,0,0.0,0
2025-11-23 21:41:38,1,55,19.4,92,5.1,995.4,12,18,197,0.0,0,0.0,0
2025-11-23 21:42:39,1,56,19.4,92,5.1,995.3,10,14,172,0.0,0,0.0,0
2025-11-23 21:43:40,1,56,19.3,92,5.0,995.6,8,14,176,0.0,0,0.0,0
2025-11-23 21:44:41,1,56,19.3,92,5.0,995.3,9,12,159,0.0,0,0.0,0
2025-11-23 21:45:42,1,56,19.2,92,5.0,995.2,5,12,207,0.0,0,0.0,0
2025-11-23 21:46:43,1,56,19.2,92,5.0,995.6,9,11,169,0.0,0,0.0,0
2025-11-23 21:47:44,1,56,19.2,92,5.0,995.4,9,12,199,0.0,0,0.0,0
2025-11-23 21:48:45,1,56,19.1,93,4.9,995.3,15,18,230,0.0,0,0.0,0
2025-11-23 21:49:46,1,56,19.1,93,4.9,995.3,9,18,209,0.0,0,0.0,0
2025-11-23 21:50:47,1,56,18.9,93,4.9,995.1,12,16,250,0.0,0,0.0,0
2025-11-23 21:51:48,1,56,18.9,93,4.9,995.4,11,16,185,0.0,0,0.0,0
2025-11-23 21:52:49,1,56,18.8,93,4.9,995.3,12,18,226,0.0,0,0.0,0
2025-11-23 21:53:50,1,56,18.8,93,4.9,995.4,15,20,229,0.0,0,0.0,0
2025-11-23 21:54:51,1,56,18.7,93,4.9,995.3,10,20,202,0.0,0,0.0,0
2025-11-23 21:55:52,1,57,18.6,93,4.9,995.3,10,16,204,0.0,0,0.0,0
2025-11-23 21:56:53,1,57,18.6,93,4.8,995.3,12,16,230,0.0,0,0.0,0
2025-11-23 21:57:54,1,57,18.5,93,4.8,995.3,12,16,223,0.0,0,0.0,0
2025-11-23 21:58:55,1,57,18.5,93,4.8,995.3,11,14,209,0.0,0,0.0,0
2025-11-23 21:59:56,1,57,18.4,93,4.8,995.2,7,12,217,0.0,0,0.0,0
2025-11-23 22:00:57,1,57,18.4,93,4.8,995.1,14,18,182,0.0,0,0.0,0
2025-11-23 22:01:58,1,57,18.3,93,4.8,995.2,9,18,216,0.0,0,0.0,0
2025-11-23 22:02:59,1,57,18.3,93,4.8,995.3,11,20,217,0.0,0,0.0,0
2025-11-23 22:04:00,1,57,18.2,93,4.8,995.2,14,20,209,0.0,0,0.0,0
2025-11-23 22:05:01,1,57,18.2,93,4.8,995.2,12,16,216,0.0,0,0.0,0
2025-11-23 22:06:02,1,57,18.1,93,4.8,995.3,10,18,288,0.0,0,0.0,0
2025-11-23 22:07:03,1,57,18.1,93,4.8,995.3,9,18,149,0.0,0,0.0,0
2025-11-23 22:08:04,1,57,18.0,93,4.8,995.4,11,14,194,0.0,0,0.0,0
2025-11-23 22:09:05,1,57,18.0,93,4.8,995.1,10,14,216,0.0,0,0.0,0
2025-11-23 22:10:06,1,58,18.0,93,4.8,995.3,11,16,167,0.0,0,0.0,0
2025-11-23 22:11:07,1,58,17.9,93,4.7,995.2,12,16,216,0.0,0,0.0,0
2025-11-23 22:12:08,1,58,17.9,93,4.7,995.2,11,14,195,0.0,0,0.0,0
2025-11-23 22:13:09,1,58,17.8,93,4.7,995.2,11,14,202,0.0,0,0.0,0
2025-11-23 22:14:10,1,58,17.8,93,4.7,995.4,5,12,199,0.0,0,0.0,0
2025-11-23 22:15:11,1,58,17.8,93,4.7,995.3,13,14,209,0.0,0,0.0,0
2025-11-23 22:16:12,1,58,17.7,93,4.7,995.2,12,14,211,0.0,0,0.0,0
2025-11-23 22:17:13,1,58,17.7,93,4.7,995.2,11,14,203,0.0,0,0.0,0
2025-11-23 22:18:14,1,58,17.7,93,4.7,995.4,12,18,233,0.0,0,0.0,0
2025-11-23 22:19:15,1,58,17.6,93,4.7,995.2,11,18,198,0.0,0,0.0,0
2025-11-23 22:20:16,1,58,17.6,93,4.7,995.1,11,14,164,0.0,0,0.0,0
2025-11-23 22:21:17,1,58,17.6,93,4.8,995.2,12,16,209,0.0,0,0.0,0
2025-11-23 22:22:18,1,58,17.5,93,4.8,995.1,9,14,102,0.0,0,0.0,0
2025-11-23 22:23:19,1,58,17.5,93,4.7,995.2,9,14,210,0.0,0,0.0,0
2025-11-23 22:24:20,1,59,17.4,93,4.7,995.2,11,14,189,0.0,0,0.0,0
2025-11-23 22:25:21,1,59,17.4,93,4.7,995.3,9,14,194,0.0,0,0.0,0
2025-11-23 22:26:22,1,59,17.4,93,4.7,995.2,9,16,183,0.0,0,0.0,0
2025-11-23 22:27:23,1,59,17.4,93,4.7,995.2,8,16,227,0.0,0,0.0,0
2025-11-23 22:28:24,1,59,17.3,93,4.7,995.0,9,12,154,0.0,0,0.0,0
2025-11-23 22:29:25,1,59,17.3,93,4.8,995.1,9,12,206,0.0,0,0.0,0
2025-11-23 22:30:26,1,59,17.3,93,4.7,995.1,12,14,221,0.0,0,0.0,0
2025-11-23 22:31:27,1,59,17.3,93,4.7,995.0,10,14,203,0.0,0,0.0,0
2025-11-23 22:32:28,1,59,17.3,93,4.7,995.0,9,12,159,0.0,0,0.0,0
2025-11-23 22:33:29,1,59,17.2,93,4.7,995.0,9,12,256,0.0,0,0.0,0
2025-11-23 22:34:30,1,59,17.2,93,4.7,995.1,9,12,206,0.0,0,0.0,0
2025-11-23 22:35:31,1,59,17.2,93,4.7,995.1,10,14,195,0.0,0,0.0,0
2025-11-23 22:36:32,1,59,17.2,93,4.7,995.0,8,12,203,0.0,0,0.0,0
2025-11-23 22:37:33,1,59,17.1,93,4.7,994.9,9,14,184,0.0,0,0.0,0
2025-11-23 22:38:34,1,59,17.1,93,4.7,995.1,12,14,210,0.0,0,0.0,0
2025-11-23 22:39:35,1,59,17.1,93,4.7,995.0,11,16,198,0.0,0,0.0,0
2025-11-23 22:40:36,1,59,17.1,93,4.7,995.1,11,16,169,0.0,0,0.0,0
2025-11-23 22:41:37,1,59,17.1,93,4.8,994.9,11,16,209,0.0,0,0.0,0
2025-11-23 22:42:38,1,60,17.0,93,4.8,995.0,12,16,206,0.0,0,0.0,0
2025-11-23 22:43:39,1,59,17.0,93,4.8,994.9,14,18,251,0.0,0,0.0,0
2025-11-23 22:44:40,1,60,17.0,93,4.8,995.1,13,16,208,0.0,0,0.0,0
2025-11-23 22:45:41,1,60,17.0,93,4.8,995.0,11,20,196,0.0,0,0.0,0
2025-11-23 22:46:42,1,60,17.0,93,4.8,995.1,11,20,193,0.0,0,0.0,0
2025-11-23 22:47:43,1,60,16.9,93,4.8,995.0,9,14,180,0.0,0,0.0,0
2025-11-23 22:48:44,1,60,16.9,93,4.8,995.0,9,16,192,0.0,0,0.0,0
2025-11-23 22:49:45,1,60,16.9,93,4.8,995.0,10,16,197,0.0,0,0.0,0
2025-11-23 22:50:46,1,61,16.9,93,4.8,994.8,8,14,227,0.0,0,0.0,0
2025-11-23 22:51:47,1,61,16.9,93,4.8,994.8,13,18,211,0.0,0,0.0,0
2025-11-23 22:52:48,1,62,17.0,93,4.8,994.9,15,18,199,0.0,0,0.0,0
2025-11-23 22:53:49,1,62,17.1,93,4.8,995.1,8,18,199,0.0,0,0.0,0
2025-11-23 22:54:50,1,62,17.3,93,4.8,995.0,9,12,192,0.0,0,0.0,0
2025-11-23 22:55:51,1,62,17.4,93,4.8,994.8,14,14,205,0.0,0,0.0,0
2025-11-23 22:56:52,1,61,17.6,93,4.8,994.8,7,14,211,0.0,0,0.0,0
2025-11-23 22:57:53,1,61,17.7,93,4.8,994.8,11,12,201,0.0,0,0.0,0
2025-11-23 22:58:54,1,61,17.8,93,4.8,994.9,11,12,218,0.0,0,0.0,0
2025-11-23 22:59:55,1,60,18.0,93,4.8,994.8,9,14,216,0.0,0,0.0,0
2025-11-23 23:00:56,1,60,18.1,93,4.8,994.9,10,16,176,0.0,0,0.0,0
2025-11-23 23:01:57,1,60,18.2,93,4.8,995.0,10,16,214,0.0,0,0.0,0
2025-11-23 23:02:58,1,59,18.3,93,4.8,994.7,13,14,202,0.0,0,0.0,0
2025-11-23 23:03:59,1,59,18.3,93,4.8,994.8,9,14,95,0.0,0,0.0,0
2025-11-23 23:05:00,1,59,18.4,93,4.8,994.8,8,16,190,0.0,0,0.0,0
2025-11-23 23:06:01,1,58,18.4,93,4.8,994.8,13,18,234,0.0,0,0.0,0
2025-11-23 23:07:02,1,58,18.5,93,4.8,994.8,7,18,199,0.0,0,0.0,0
2025-11-23 23:08:03,1,58,18.5,93,4.8,994.9,13,18,202,0.0,0,0.0,0
2025-11-23 23:09:04,1,58,18.5,93,4.8,994.9,7,18,189,0.0,0,0.0,0
2025-11-23 23:10:05,1,58,18.5,93,4.8,994.8,13,18,211,0.0,0,0.0,0
2025-11-23 23:11:06,1,58,18.5,93,4.8,994.8,9,18,220,0.0,0,0.0,0
2025-11-23 23:12:07,1,58,18.5,93,4.8,994.9,14,18,148,0.0,0,0.0,0
2025-11-23 23:13:08,1,58,18.5,93,4.8,994.8,12,18,192,0.0,0,0.0,0
2025-11-23 23:14:09,1,57,18.5,93,4.9,994.9,9,18,184,0.0,0,0.0,0
2025-11-23 23:15:10,1,57,18.4,93,4.9,994.9,10,12,204,0.0,0,0.0,0
2025-11-23 23:16:11,1,57,18.4,93,4.9,994.9,11,14,192,0.0,0,0.0,0
2025-11-23 23:17:12,1,57,18.4,93,4.9,994.8,11,20,202,0.0,0,0.0,0
2025-11-23 23:18:13,1,57,18.3,93,4.8,994.8,13,20,180,0.0,0,0.0,0
2025-11-23 23:19:14,1,57,18.3,93,4.8,994.8,12,18,196,0.0,0,0.0,0
2025-11-23 23:20:15,1,57,18.3,93,4.9,994.8,12,16,207,0.0,0,0.0,0
2025-11-23 23:21:16,1,57,18.2,92,4.9,994.8,11,14,198,0.0,0,0.0,0
2025-11-23 23:22:17,1,57,18.2,93,4.9,994.9,9,16,189,0.0,0,0.0,0
2025-11-23 23:23:18,1,57,18.2,93,4.9,994.7,9,16,130,0.0,0,0.0,0
2025-11-23 23:24:19,1,57,18.1,92,4.9,994.7,8,12,147,0.0,0,0.0,0
2025-11-23 23:25:20,1,57,18.1,93,4.9,994.8,16,20,205,0.0,0,0.0,0
2025-11-23 23:26:21,1,57,18.1,93,4.9,994.9,11,20,199,0.0,0,0.0,0
2025-11-23 23:27:22,1,57,18.0,92,4.9,994.9,12,14,176,0.0,0,0.0,0
2025-11-23 23:28:23,1,57,18.0,92,4.9,994.8,7,18,185,0.0,0,0.0,0
2025-11-23 23:29:24,1,58,17.9,92,4.9,994.8,13,16,207,0.0,0,0.0,0
2025-11-23 23:30:25,1,58,17.9,92,4.9,994.6,9,16,184,0.0,0,0.0,0
2025-11-23 23:31:26,1,58,17.8,92,4.9,994.8,11,18,232,0.0,0,0.0,0
2025-11-23 23:32:27,1,58,17.8,92,4.9,994.8,11,18,220,0.0,0,0.0,0
2025-11-23 23:33:28,1,58,17.8,92,4.9,994.7,11,18,221,0.0,0,0.0,0
2025-11-23 23:34:29,1,58,17.7,92,4.9,994.7,9,18,213,0.0,0,0.0,0
2025-11-23 23:35:30,1,58,17.7,92,4.9,994.7,10,14,201,0.0,0,0.0,0
2025-11-23 23:36:31,1,58,17.7,92,4.9,994.8,9,14,199,0.0,0,0.0,0
2025-11-23 23:37:32,1,58,17.6,92,4.9,994.6,9,14,188,0.0,0,0.0,0
2025-11-23 23:38:33,1,58,17.6,92,4.9,994.8,11,21,202,0.0,0,0.0,0
2025-11-23 23:39:34,1,58,17.6,92,4.9,994.7,11,21,218,0.0,0,0.0,0
2025-11-23 23:40:35,1,58,17.5,92,4.9,994.5,11,14,205,0.0,0,0.0,0
2025-11-23 23:41:36,1,58,17.5,92,4.9,994.7,14,16,194,0.0,0,0.0,0
2025-11-23 23:42:37,1,58,17.4,92,4.9,994.7,9,16,215,0.0,0,0.0,0
2025-11-23 23:43:38,1,58,17.4,92,4.9,994.6,13,20,211,0.0,0,0.0,0
2025-11-23 23:44:39,1,58,17.4,92,4.9,994.7,13,20,220,0.0,0,0.0,0
2025-11-23 23:45:40,1,58,17.3,92,4.9,994.8,10,18,212,0.0,0,0.0,0
2025-11-23 23:46:41,1,58,17.3,92,4.9,994.6,9,18,215,0.0,0,0.0,0
2025-11-23 23:47:42,1,58,17.3,92,4.9,994.8,9,14,220,0.0,0,0.0,0
2025-11-23 23:48:43,1,58,17.2,92,4.9,994.6,9,16,199,0.0,0,0.0,0
2025-11-23 23:49:44,1,59,17.2,92,4.9,994.7,16,18,210,0.0,0,0.0,0
2025-11-23 23:50:45,1,59,17.2,92,4.9,994.7,14,18,206,0.0,0,0.0,0
2025-11-23 23:51:46,1,59,17.2,92,4.9,994.7,14,18,192,0.0,0,0.0,0
2025-11-23 23:52:47,1,59,17.1,92,4.9,994.8,12,16,192,0.0,0,0.0,0
2025-11-23 23:53:48,1,59,17.1,92,4.9,994.6,15,16,191,0.0,0,0.0,0
2025-11-23 23:54:49,1,59,17.1,92,4.9,994.6,11,18,212,0.0,0,0.0,0
2025-11-23 23:55:50,1,59,17.0,92,4.9,994.7,9,18,205,0.0,0,0.0,0
2025-11-23 23:56:51,1,59,17.0,92,4.9,994.8,11,18,189,0.0,0,0.0,0
2025-11-23 23:57:52,1,59,17.0,92,4.9,994.7,11,14,202,0.0,0,0.0,0
2025-11-23 23:58:53,1,59,17.0,92,4.9,994.7,8,14,188,0.0,0,0.0,0
2025-11-23 23:59:54,1,59,16.9,92,4.8,994.6,11,14,219,0.0,0,0.0,0
