2025-11-15 00:01:00,1,71,18.0,96,10.7,1006.1,7,12,67,0.0,0,0.0,0
2025-11-15 00:02:01,1,71,18.0,96,10.7,1006.1,5,12,54,0.0,0,0.0,0
2025-11-15 00:03:02,1,71,18.0,96,10.6,1006.0,8,11,46,0.0,0,0.0,0
2025-11-15 00:04:03,1,71,18.0,96,10.6,1006.0,3,11,40,0.0,0,0.0,0
2025-11-15 00:05:04,1,71,17.9,96,10.6,1006.0,5,11,38,0.0,0,0.0,0
2025-11-15 00:06:05,1,71,17.9,96,10.6,1006.1,6,9,25,0.0,0,0.0,0
2025-11-15 00:07:06,1,71,18.0,96,10.6,1006.1,10,14,54,0.0,0,0.0,0
2025-11-15 00:08:07,1,71,17.9,96,10.6,1006.1,5,14,49,0.0,0,0.0,0
2025-11-15 00:09:08,1,71,17.9,96,10.6,1005.9,8,14,50,0.0,0,0.0,0
2025-11-15 00:10:09,1,71,18.0,96,10.6,1006.0,7,12,32,0.0,0,0.0,0
2025-11-15 00:11:10,1,71,17.9,96,10.6,1006.1,6,12,55,0.0,0,0.0,0
2025-11-15 00:12:11,1,71,18.0,96,10.6,1006.2,6,12,42,0.0,0,0.0,0
2025-11-15 00:13:12,1,71,18.0,96,10.6,1006.1,8,12,37,0.0,0,0.0,0
2025-11-15 00:14:13,1,71,18.0,96,10.6,1006.0,6,12,35,0.0,0,0.0,0
2025-11-15 00:15:14,1,71,17.9,96,10.5,1006.1,3,12,50,0.0,0,0.0,0
2025-11-15 00:16:15,1,71,18.0,96,10.5,1006.3,5,11,44,0.0,0,0.0,0
2025-11-15 00:17:16,1,71,18.0,96,10.5,1006.1,6,11,61,0.0,0,0.0,0
2025-11-15 00:18:17,1,71,17.9,96,10.5,1005.9,7,11,39,0.0,0,0.0,0
2025-11-15 00:19:18,1,71,18.0,96,10.5,1006.1,4,11,51,0.0,0,0.0,0
2025-11-15 00:20:19,1,71,18.0,96,10.5,1006.2,8,11,56,0.0,0,0.0,0
2025-11-15 00:21:20,1,71,18.0,96,10.5,1006.0,3,11,35,0.0,0,0.0,0
2025-11-15 00:22:21,1,71,17.9,96,10.5,1006.2,3,11,37,0.0,0,0.0,0
2025-11-15 00:23:22,1,71,18.0,96,10.5,1006.3,9,12,41,0.0,0,0.0,0
2025-11-15 00:24:23,1,71,17.9,96,10.5,1006.2,5,12,33,0.0,0,0.0,0
2025-11-15 00:25:24,1,71,17.9,96,10.5,1006.1,2,9,76,0.0,0,0.0,0
2025-11-15 00:26:25,1,71,17.9,96,10.5,1006.1,1,5,49,0.0,0,0.0,0
2025-11-15 00:27:26,1,71,18.0,96,10.5,1006.2,10,12,26,0.0,0,0.0,0
2025-11-15 00:28:27,1,71,17.9,96,10.5,1006.2,6,12,44,0.0,0,0.0,0
2025-11-15 00:29:28,1,71,18.0,96,10.5,1006.2,5,9,47,0.0,0,0.0,0
2025-11-15 00:30:29,1,71,18.0,96,10.5,1006.3,10,12,46,0.0,0,0.0,0
2025-11-15 00:31:30,1,71,17.9,96,10.5,1006.3,9,12,45,0.0,0,0.0,0
2025-11-15 00:32:31,1,71,17.9,96,10.5,1006.0,8,12,21,0.0,0,0.0,0
2025-11-15 00:33:32,1,71,18.0,96,10.5,1006.2,8,12,40,0.0,0,0.0,0
2025-11-15 00:34:33,1,71,17.9,96,10.4,1006.1,7,12,56,0.0,0,0.0,0
2025-11-15 00:35:34,1,71,18.0,96,10.4,1006.2,8,14,53,0.0,0,0.0,0
2025-11-15 00:36:35,1,71,17.9,96,10.4,1006.2,9,12,40,0.0,0,0.0,0
2025-11-15 00:37:36,1,71,17.9,96,10.4,1006.0,9,14,54,0.0,0,0.0,0
2025-11-15 00:38:37,1,71,17.9,96,10.4,1006.1,4,14,43,0.0,0,0.0,0
2025-11-15 00:39:38,1,71,17.9,96,10.4,1006.1,7,12,57,0.0,0,0.0,0
2025-11-15 00:40:39,1,71,17.9,96,10.4,1006.3,7,11,64,0.0,0,0.0,0
2025-11-15 00:41:40,1,71,17.9,96,10.4,1006.1,8,12,55,0.0,0,0.0,0
2025-11-15 00:42:41,1,71,17.9,96,10.4,1006.1,3,14,55,0.0,0,0.0,0
2025-11-15 00:43:42,1,71,18.0,96,10.4,1006.2,6,14,53,0.0,0,0.0,0
2025-11-15 00:44:43,1,71,18.0,96,10.4,1006.1,8,14,51,0.0,0,0.0,0
2025-11-15 00:45:44,1,71,17.9,96,10.4,1006.3,12,16,73,0.0,0,0.0,0
2025-11-15 00:46:45,1,71,17.9,96,10.4,1006.1,9,16,27,0.0,0,0.0,0
2025-11-15 00:47:46,1,71,17.9,96,10.4,1006.1,7,12,51,0.0,0,0.0,0
2025-11-15 00:48:47,1,71,17.9,96,10.4,1006.2,8,11,38,0.0,0,0.0,0
2025-11-15 00:49:48,1,71,17.9,96,10.4,1006.2,6,11,91,0.0,0,0.0,0
2025-11-15 00:50:49,1,71,17.9,96,10.4,1006.2,7,12,61,0.0,0,0.0,0
2025-11-15 00:51:50,1,71,17.9,96,10.4,1006.2,3,12,29,0.0,0,0.0,0
2025-11-15 00:52:51,1,71,17.9,96,10.4,1006.1,6,12,30,0.0,0,0.0,0
2025-11-15 00:53:52,1,71,17.9,96,10.4,1006.1,7,12,65,0.0,0,0.0,0
2025-11-15 00:54:53,1,71,17.9,96,10.4,1006.1,6,11,22,0.0,0,0.0,0
2025-11-15 00:55:54,1,71,17.9,96,10.4,1006.2,7,11,64,0.0,0,0.0,0
2025-11-15 00:56:55,1,71,17.9,96,10.4,1006.1,9,12,80,0.0,0,0.0,0
2025-11-15 00:57:56,1,71,17.9,96,10.3,1006.1,9,12,69,0.0,0,0.0,0
2025-11-15 00:58:57,1,71,17.9,96,10.3,1006.2,8,12,66,0.0,0,0.0,0
2025-11-15 00:59:58,1,71,17.9,96,10.3,1006.1,6,12,29,0.0,0,0.0,0
2025-11-15 01:00:59,1,71,17.9,96,10.3,1006.1,3,11,43,0.0,0,0.0,0
2025-11-15 01:02:00,1,71,17.9,96,10.3,1006.1,3,9,35,0.0,0,0.0,0
2025-11-15 01:03:01,1,71,17.9,96,10.3,1006.2,2,11,64,0.0,0,0.0,0
2025-11-15 01:04:02,1,71,18.0,96,10.3,1006.2,1,9,55,0.0,0,0.0,0
2025-11-15 01:05:03,1,71,17.9,96,10.3,1006.2,8,14,40,0.0,0,0.0,0
2025-11-15 01:06:04,1,71,17.9,96,10.3,1006.1,8,14,50,0.0,0,0.0,0
2025-11-15 01:07:05,1,71,17.9,96,10.3,1006.1,7,12,44,0.0,0,0.0,0
2025-11-15 01:08:06,1,71,17.9,97,10.3,1006.3,2,9,48,0.0,0,0.0,0
2025-11-15 01:09:07,1,71,18.0,97,10.3,1006.3,3,7,34,0.0,0,0.0,0
2025-11-15 01:10:08,1,71,17.9,97,10.3,1006.0,4,7,60,0.0,0,0.0,0
2025-11-15 01:11:09,1,71,17.9,97,10.3,1006.3,3,7,53,0.0,0,0.0,0
2025-11-15 01:12:10,1,71,17.9,97,10.3,1006.1,3,9,53,0.0,0,0.0,0
2025-11-15 01:13:11,1,71,18.0,97,10.3,1006.2,5,9,53,0.0,0,0.0,0
2025-11-15 01:14:12,1,71,18.0,97,10.3,1006.1,2,9,35,0.0,0,0.0,0
2025-11-15 01:15:13,1,71,18.0,97,10.3,1006.1,7,11,45,0.0,0,0.0,0
2025-11-15 01:16:14,1,71,17.9,97,10.3,1006.2,7,11,55,0.0,0,0.0,0
2025-11-15 01:17:15,1,71,17.9,97,10.3,1006.2,6,12,47,0.0,0,0.0,0
2025-11-15 01:18:16,1,71,17.9,97,10.3,1006.3,10,14,65,0.0,0,0.0,0
2025-11-15 01:19:17,1,71,17.9,97,10.3,1006.2,4,14,60,0.0,0,0.0,0
2025-11-15 01:20:18,1,71,17.9,97,10.3,1006.2,7,12,35,0.0,0,0.0,0
2025-11-15 01:21:19,1,71,17.9,97,10.3,1006.2,4,12,26,0.0,0,0.0,0
2025-11-15 01:22:20,1,71,17.9,97,10.3,1006.3,4,12,26,0.0,0,0.0,0
2025-11-15 01:23:21,1,71,17.9,97,10.3,1006.1,5,12,40,0.0,0,0.0,0
2025-11-15 01:24:22,1,71,17.9,97,10.2,1006.2,6,9,43,0.0,0,0.0,0
2025-11-15 01:25:23,1,71,17.9,97,10.3,1006.2,6,12,48,0.0,0,0.0,0
2025-11-15 01:26:24,1,71,17.9,97,10.3,1006.1,6,12,33,0.0,0,0.0,0
2025-11-15 01:27:25,1,71,17.9,97,10.3,1006.2,10,12,38,0.0,0,0.0,0
2025-11-15 01:28:26,1,71,17.9,97,10.3,1006.2,5,12,80,0.0,0,0.0,0
2025-11-15 01:29:27,1,71,17.9,97,10.3,1006.3,7,11,76,0.0,0,0.0,0
2025-11-15 01:30:28,1,71,17.9,97,10.3,1006.3,5,11,66,0.0,0,0.0,0
2025-11-15 01:31:29,1,71,17.9,97,10.3,1006.3,3,12,52,0.0,0,0.0,0
2025-11-15 01:32:30,1,71,17.9,97,10.2,1006.4,6,9,55,0.0,0,0.0,0
2025-11-15 01:33:31,1,71,17.9,97,10.3,1006.3,3,9,53,0.0,0,0.0,0
2025-11-15 01:34:32,1,71,17.9,97,10.2,1006.2,6,11,47,0.0,0,0.0,0
2025-11-15 01:35:33,1,71,17.9,97,10.2,1006.3,1,11,31,0.0,0,0.0,0
2025-11-15 01:36:34,1,71,17.9,97,10.2,1006.3,5,9,31,0.0,0,0.0,0
2025-11-15 01:37:35,1,71,17.9,97,10.2,1006.3,5,11,43,0.0,0,0.0,0
2025-11-15 01:38:36,1,71,18.0,97,10.2,1006.2,7,11,47,0.0,0,0.0,0
2025-11-15 01:39:37,1,71,17.9,97,10.2,1006.2,6,9,60,0.0,0,0.0,0
2025-11-15 01:40:38,1,71,17.9,97,10.2,1006.3,11,16,63,0.0,0,0.0,0
2025-11-15 01:41:39,1,71,17.9,97,10.2,1006.2,7,16,62,0.0,0,0.0,0
2025-11-15 01:42:40,1,71,17.9,97,10.2,1006.3,10,14,46,0.0,0,0.0,0
2025-11-15 01:43:41,1,71,17.9,97,10.3,1006.2,5,14,20,0.0,0,0.0,0
2025-11-15 01:44:42,1,71,17.9,97,10.3,1006.3,7,11,27,0.0,0,0.0,0
2025-11-15 01:45:43,1,71,17.9,97,10.3,1006.3,7,11,73,0.0,0,0.0,0
2025-11-15 01:46:44,1,71,17.9,97,10.3,1006.4,5,11,50,0.0,0,0.0,0
2025-11-15 01:47:45,1,71,17.9,97,10.3,1006.4,7,12,61,0.0,0,0.0,0
2025-11-15 01:48:46,1,71,17.9,97,10.3,1006.3,7,12,57,0.0,0,0.0,0
2025-11-15 01:49:47,1,71,17.9,97,10.3,1006.3,5,11,34,0.0,0,0.0,0
2025-11-15 01:50:48,1,71,17.9,97,10.3,1006.5,5,11,47,0.0,0,0.0,0
2025-11-15 01:51:49,1,71,17.9,97,10.3,1006.5,5,9,68,0.0,0,0.0,0
2025-11-15 01:52:50,1,71,17.9,97,10.3,1006.4,7,16,57,0.0,0,0.0,0
2025-11-15 01:53:51,1,71,17.9,97,10.3,1006.3,10,16,30,0.0,0,0.0,0
2025-11-15 01:54:52,1,71,17.9,97,10.3,1006.3,8,14,50,0.0,0,0.0,0
2025-11-15 01:55:53,1,71,17.9,97,10.3,1006.4,8,16,33,0.0,0,0.0,0
2025-11-15 01:56:54,1,71,17.9,97,10.2,1006.3,7,12,58,0.0,0,0.0,0
2025-11-15 01:57:55,1,71,17.9,97,10.2,1006.5,2,12,54,0.0,0,0.0,0
2025-11-15 01:58:56,1,71,17.9,97,10.2,1006.4,4,12,28,0.0,0,0.0,0
2025-11-15 01:59:57,1,71,17.9,97,10.2,1006.4,9,12,19,0.0,0,0.0,0
2025-11-15 02:00:58,1,71,17.9,97,10.2,1006.3,8,12,54,0.0,0,0.0,0
2025-11-15 02:01:59,1,71,17.9,97,10.2,1006.4,9,20,23,0.0,0,0.0,0
2025-11-15 02:03:00,1,71,17.9,97,10.2,1006.3,6,20,79,0.0,0,0.0,0
2025-11-15 02:04:01,1,71,17.9,97,10.2,1006.4,7,16,38,0.0,0,0.0,0
2025-11-15 02:05:02,1,71,17.9,97,10.2,1006.6,0,11,186,0.0,0,0.0,0
2025-11-15 02:06:03,1,71,17.9,97,10.2,1006.4,5,9,80,0.0,0,0.0,0
2025-11-15 02:07:04,1,71,17.9,97,10.2,1006.5,3,7,84,0.0,0,0.0,0
2025-11-15 02:08:05,1,71,17.9,97,10.2,1006.3,0,9,75,0.0,0,0.0,0
2025-11-15 02:09:06,1,71,17.9,97,10.2,1006.3,6,11,31,0.0,0,0.0,0
2025-11-15 02:10:07,1,71,17.9,97,10.2,1006.2,5,11,50,0.0,0,0.0,0
2025-11-15 02:11:08,1,71,17.9,97,10.2,1006.4,6,9,46,0.0,0,0.0,0
2025-11-15 02:12:09,1,71,17.9,97,10.2,1006.2,3,7,51,0.0,0,0.0,0
2025-11-15 02:13:10,1,71,17.9,97,10.2,1006.5,7,9,46,0.0,0,0.0,0
2025-11-15 02:14:11,1,71,17.9,97,10.2,1006.2,7,11,54,0.0,0,0.0,0
2025-11-15 02:15:12,1,71,17.9,97,10.2,1006.3,4,11,33,0.0,0,0.0,0
2025-11-15 02:16:13,1,71,17.9,97,10.2,1006.5,6,11,51,0.0,0,0.0,0
2025-11-15 02:17:14,1,71,17.9,97,10.1,1006.4,6,11,40,0.0,0,0.0,0
2025-11-15 02:18:15,1,71,17.9,97,10.1,1006.4,7,11,47,0.0,0,0.0,0
2025-11-15 02:19:16,1,71,17.9,97,10.1,1006.3,6,11,41,0.0,0,0.0,0
2025-11-15 02:20:17,1,71,17.9,97,10.1,1006.3,6,11,32,0.0,0,0.0,0
2025-11-15 02:21:18,1,71,17.9,97,10.1,1006.4,6,11,50,0.0,0,0.0,0
2025-11-15 02:22:19,1,71,17.9,97,10.1,1006.2,6,11,45,0.0,0,0.0,0
2025-11-15 02:23:20,1,71,17.9,97,10.1,1006.3,5,11,53,0.0,0,0.0,0
2025-11-15 02:24:21,1,71,17.9,97,10.1,1006.4,5,9,52,0.0,0,0.0,0
2025-11-15 02:25:22,1,71,17.9,97,10.1,1006.4,5,11,39,0.0,0,0.0,0
2025-11-15 02:26:23,1,71,17.9,97,10.1,1006.4,6,9,54,0.0,0,0.0,0
2025-11-15 02:27:24,1,71,17.9,97,10.0,1006.2,10,14,51,0.0,0,0.0,0
2025-11-15 02:28:25,1,71,17.9,97,10.0,1006.2,3,12,32,0.0,0,0.0,0
2025-11-15 02:29:26,1,71,17.9,97,10.0,1006.1,5,9,39,0.0,0,0.0,0
2025-11-15 02:30:27,1,71,17.9,97,10.0,1006.3,3,9,52,0.0,0,0.0,0
2025-11-15 02:31:28,1,71,17.9,97,10.0,1006.2,6,7,53,0.0,0,0.0,0
2025-11-15 02:32:29,1,71,17.9,97,10.0,1006.2,3,9,26,0.0,0,0.0,0
2025-11-15 02:33:30,1,71,17.9,97,10.0,1006.3,1,7,42,0.0,0,0.0,0
2025-11-15 02:34:31,1,71,17.9,97,10.0,1006.1,2,5,82,0.0,0,0.0,0
2025-11-15 02:35:32,1,71,17.9,97,10.0,1006.2,6,9,69,0.0,0,0.0,0
2025-11-15 02:36:33,1,71,17.9,97,10.0,1006.2,2,11,73,0.0,0,0.0,0
2025-11-15 02:37:34,1,71,17.9,97,10.1,1006.1,4,12,50,0.0,0,0.0,0
2025-11-15 02:38:35,1,71,17.9,97,10.1,1006.2,3,12,40,0.0,0,0.0,0
2025-11-15 02:39:36,1,71,17.9,97,10.1,1006.3,2,9,40,0.0,0,0.0,0
2025-11-15 02:40:37,1,71,17.9,97,10.1,1006.2,5,7,49,0.0,0,0.0,0
2025-11-15 02:41:38,1,71,17.9,97,10.1,1006.2,3,7,29,0.0,0,0.0,0
2025-11-15 02:42:39,1,71,17.9,97,10.1,1006.2,4,9,41,0.0,0,0.0,0
2025-11-15 02:43:40,1,71,17.9,97,10.1,1006.2,3,9,33,0.0,0,0.0,0
2025-11-15 02:44:41,1,71,17.9,97,10.1,1006.4,1,7,36,0.0,0,0.0,0
2025-11-15 02:45:42,1,71,17.9,97,10.1,1006.2,4,9,39,0.0,0,0.0,0
2025-11-15 02:46:43,1,71,17.9,97,10.1,1006.2,3,9,31,0.0,0,0.0,0
2025-11-15 02:47:44,1,71,17.9,97,10.1,1006.3,2,9,33,0.0,0,0.0,0
2025-11-15 02:48:45,1,71,17.9,97,10.1,1006.3,3,9,32,0.0,0,0.0,0
2025-11-15 02:49:46,1,71,17.9,97,10.1,1006.3,6,9,36,0.0,0,0.0,0
2025-11-15 02:50:47,1,71,17.9,97,10.1,1006.3,0,9,29,0.0,0,0.0,0
2025-11-15 02:51:48,1,71,17.9,97,10.1,1006.3,1,9,34,0.0,0,0.0,0
2025-11-15 02:52:49,1,71,17.9,97,10.1,1006.3,1,3,29,0.0,0,0.0,0
2025-11-15 02:53:50,1,71,17.9,97,10.1,1006.3,1,5,26,0.0,0,0.0,0
2025-11-15 02:54:51,1,71,17.9,97,10.1,1006.4,0,5,36,0.0,0,0.0,0
2025-11-15 02:55:52,1,71,17.9,97,10.1,1006.4,2,5,31,0.0,0,0.0,0
2025-11-15 02:56:53,1,71,17.9,97,10.1,1006.5,4,5,47,0.0,0,0.0,0
2025-11-15 02:57:54,1,71,17.9,97,10.1,1006.4,1,5,48,0.0,0,0.0,0
2025-11-15 02:58:55,1,71,17.9,97,10.1,1006.5,2,11,79,0.0,0,0.0,0
2025-11-15 02:59:56,1,71,17.9,97,10.0,1006.4,5,11,49,0.0,0,0.0,0
2025-11-15 03:00:57,1,71,17.9,97,10.0,1006.3,0,7,32,0.0,0,0.0,0
2025-11-15 03:01:58,1,71,17.9,97,10.0,1006.4,0,5,39,0.0,0,0.0,0
2025-11-15 03:02:59,1,71,17.9,97,10.0,1006.2,1,5,37,0.0,0,0.0,0
2025-11-15 03:04:00,1,71,17.9,97,10.0,1006.5,3,7,66,0.0,0,0.0,0
2025-11-15 03:05:01,1,71,17.9,97,10.0,1006.3,7,12,71,0.0,0,0.0,0
2025-11-15 03:06:02,1,71,17.9,97,9.9,1006.2,2,12,16,0.0,0,0.0,0
2025-11-15 03:07:03,1,71,17.9,97,9.9,1006.3,2,7,358,0.0,0,0.0,0
2025-11-15 03:08:04,1,71,17.9,97,9.9,1006.5,3,9,37,0.0,0,0.0,0
2025-11-15 03:09:05,1,71,17.9,97,9.9,1006.4,2,5,66,0.0,0,0.0,0
2025-11-15 03:10:06,1,71,17.9,97,9.9,1006.5,1,7,78,0.0,0,0.0,0
2025-11-15 03:11:07,1,71,17.9,97,9.8,1006.4,2,7,53,0.0,0,0.0,0
2025-11-15 03:12:08,1,71,17.9,97,9.8,1006.3,6,9,56,0.0,0,0.0,0
2025-11-15 03:13:09,1,71,17.9,97,9.8,1006.3,5,11,73,0.0,0,0.0,0
2025-11-15 03:14:10,1,71,17.9,97,9.8,1006.3,5,11,21,0.0,0,0.0,0
2025-11-15 03:15:11,1,71,17.9,97,9.8,1006.5,4,9,26,0.0,0,0.0,0
2025-11-15 03:16:12,1,71,17.9,97,9.8,1006.3,6,9,49,0.0,0,0.0,0
2025-11-15 03:17:13,1,71,17.9,97,9.8,1006.6,4,9,18,0.0,0,0.0,0
2025-11-15 03:18:14,1,71,17.9,97,9.8,1006.2,5,7,52,0.0,0,0.0,0
2025-11-15 03:19:15,1,71,17.9,97,9.8,1006.4,1,7,41,0.0,0,0.0,0
2025-11-15 03:20:16,1,71,17.9,97,9.8,1006.4,2,7,49,0.0,0,0.0,0
2025-11-15 03:21:17,1,71,17.9,97,9.8,1006.3,5,7,45,0.0,0,0.0,0
2025-11-15 03:22:18,1,71,17.9,97,9.8,1006.3,2,7,47,0.0,0,0.0,0
2025-11-15 03:23:19,1,71,17.9,97,9.8,1006.2,1,5,53,0.0,0,0.0,0
2025-11-15 03:24:20,1,71,17.9,97,9.8,1006.3,0,5,43,0.0,0,0.0,0
2025-11-15 03:25:21,1,71,17.9,97,9.8,1006.5,0,5,61,0.0,0,0.0,0
2025-11-15 03:26:22,1,71,17.9,97,9.8,1006.4,0,3,42,0.0,0,0.0,0
2025-11-15 03:27:23,1,71,17.9,97,9.8,1006.5,2,5,30,0.0,0,0.0,0
2025-11-15 03:28:24,1,71,17.9,97,9.8,1006.4,7,9,40,0.0,0,0.0,0
2025-11-15 03:29:25,1,71,17.9,97,9.8,1006.3,5,9,53,0.0,0,0.0,0
2025-11-15 03:30:26,1,71,17.9,97,9.8,1006.4,6,7,58,0.0,0,0.0,0
2025-11-15 03:31:27,1,71,17.9,97,9.8,1006.2,3,7,52,0.0,0,0.0,0
2025-11-15 03:32:28,1,71,17.9,97,9.8,1006.2,2,5,30,0.0,0,0.0,0
2025-11-15 03:33:29,1,71,17.9,97,9.8,1006.3,3,7,24,0.0,0,0.0,0
2025-11-15 03:34:30,1,71,17.9,97,9.8,1006.3,4,7,27,0.0,0,0.0,0
2025-11-15 03:35:31,1,71,17.9,97,9.8,1006.3,1,5,33,0.0,0,0.0,0
2025-11-15 03:36:32,1,71,17.9,97,9.8,1006.4,1,3,214,0.0,0,0.0,0
2025-11-15 03:37:33,1,71,17.9,97,9.8,1006.3,3,5,29,0.0,0,0.0,0
2025-11-15 03:38:34,1,71,17.9,97,9.7,1006.3,7,16,64,0.0,0,0.0,0
2025-11-15 03:39:35,1,71,17.9,97,9.7,1006.3,8,16,80,0.0,0,0.0,0
2025-11-15 03:40:36,1,71,17.9,97,9.7,1006.2,6,12,41,0.0,0,0.0,0
2025-11-15 03:41:37,1,71,17.9,97,9.7,1006.2,6,12,10,0.0,0,0.0,0
2025-11-15 03:42:38,1,71,17.9,97,9.7,1006.2,2,11,30,0.0,0,0.0,0
2025-11-15 03:43:39,1,71,17.9,97,9.6,1006.5,4,9,84,0.0,0,0.0,0
2025-11-15 03:44:40,1,71,17.9,97,9.6,1006.3,5,14,61,0.0,0,0.0,0
2025-11-15 03:45:41,1,71,17.9,97,9.6,1006.3,1,16,81,0.0,0,0.0,0
2025-11-15 03:46:42,1,71,17.9,97,9.6,1006.3,7,16,49,0.0,0,0.0,0
2025-11-15 03:47:43,1,71,17.9,97,9.6,1006.2,6,12,16,0.0,0,0.0,0
2025-11-15 03:48:44,1,71,17.9,97,9.6,1006.3,5,11,63,0.0,0,0.0,0
2025-11-15 03:49:45,1,71,17.9,97,9.6,1006.3,7,9,51,0.0,0,0.0,0
2025-11-15 03:50:46,1,71,17.9,97,9.6,1006.2,4,11,56,0.0,0,0.0,0
2025-11-15 03:51:47,1,71,17.9,97,9.6,1006.3,1,11,57,0.0,0,0.0,0
2025-11-15 03:52:48,1,71,17.8,97,9.6,1006.4,4,7,37,0.0,0,0.0,0
2025-11-15 03:53:49,1,71,17.8,97,9.6,1006.4,1,5,27,0.0,0,0.0,0
2025-11-15 03:54:50,1,71,17.9,97,9.6,1006.6,0,5,88,0.0,0,0.0,0
2025-11-15 03:55:51,1,71,17.9,97,9.6,1006.4,1,3,62,0.0,0,0.0,0
2025-11-15 03:56:52,1,71,17.9,97,9.6,1006.6,5,9,135,0.0,0,0.0,0
2025-11-15 03:57:53,1,71,17.9,97,9.6,1006.4,3,9,34,0.0,0,0.0,0
2025-11-15 03:58:54,1,71,17.8,97,9.6,1006.4,2,5,76,0.0,0,0.0,0
2025-11-15 03:59:55,1,71,17.9,97,9.6,1006.4,2,5,86,0.0,0,0.0,0
2025-11-15 04:00:56,1,71,17.8,97,9.5,1006.6,2,11,91,0.0,0,0.0,0
2025-11-15 04:01:57,1,71,17.8,97,9.5,1006.5,5,11,68,0.0,0,0.0,0
2025-11-15 04:02:58,1,71,17.9,97,9.5,1006.5,1,11,48,0.0,0,0.0,0
2025-11-15 04:03:59,1,71,17.8,97,9.5,1006.6,4,7,64,0.0,0,0.0,0
2025-11-15 04:05:00,1,71,17.8,97,9.5,1006.4,1,7,59,0.0,0,0.0,0
2025-11-15 04:06:01,1,71,17.8,97,9.5,1006.5,4,7,84,0.0,0,0.0,0
2025-11-15 04:07:02,1,71,17.8,97,9.5,1006.4,3,7,12,0.0,0,0.0,0
2025-11-15 04:08:03,1,71,17.9,97,9.5,1006.5,4,7,47,0.0,0,0.0,0
2025-11-15 04:09:04,1,71,17.8,97,9.5,1006.7,2,7,74,0.0,0,0.0,0
2025-11-15 04:10:05,1,71,17.9,97,9.5,1006.5,1,3,11,0.0,0,0.0,0
2025-11-15 04:11:06,1,71,17.9,97,9.5,1006.6,4,5,69,0.0,0,0.0,0
2025-11-15 04:12:07,1,71,17.9,97,9.5,1006.7,0,5,348,0.0,0,0.0,0
2025-11-15 04:13:08,1,71,17.9,97,9.5,1006.7,4,7,21,0.0,0,0.0,0
2025-11-15 04:14:09,1,71,17.9,97,9.5,1006.5,4,9,36,0.0,0,0.0,0
2025-11-15 04:15:10,1,71,17.9,97,9.5,1006.5,6,11,47,0.0,0,0.0,0
2025-11-15 04:16:11,1,71,17.9,97,9.5,1006.6,5,11,30,0.0,0,0.0,0
2025-11-15 04:17:12,1,71,17.9,97,9.5,1006.7,2,7,52,0.0,0,0.0,0
2025-11-15 04:18:13,1,71,17.8,97,9.5,1006.6,5,7,34,0.0,0,0.0,0
2025-11-15 04:19:14,1,71,17.9,97,9.5,1006.6,3,7,32,0.0,0,0.0,0
2025-11-15 04:20:15,1,71,17.8,97,9.5,1006.9,6,7,60,0.0,0,0.0,0
2025-11-15 04:21:16,1,71,17.9,97,9.5,1006.7,1,7,29,0.0,0,0.0,0
2025-11-15 04:22:17,1,71,17.9,97,9.5,1006.5,0,7,46,0.0,0,0.0,0
2025-11-15 04:23:18,1,71,17.9,97,9.5,1006.6,2,11,36,0.0,0,0.0,0
2025-11-15 04:24:19,1,71,17.9,97,9.5,1006.6,2,11,34,0.0,0,0.0,0
2025-11-15 04:25:20,1,71,17.9,97,9.5,1006.6,2,9,3,0.0,0,0.0,0
2025-11-15 04:26:21,1,70,17.9,97,9.5,1006.6,2,9,20,0.0,0,0.0,0
2025-11-15 04:27:22,1,70,17.9,97,9.5,1006.5,5,7,44,0.0,0,0.0,0
2025-11-15 04:28:23,1,70,17.9,97,9.5,1006.6,4,7,61,0.0,0,0.0,0
2025-11-15 04:29:24,1,70,17.9,97,9.5,1006.6,3,7,24,0.0,0,0.0,0
2025-11-15 04:30:25,1,70,17.9,97,9.5,1006.5,2,7,55,0.0,0,0.0,0
2025-11-15 04:31:26,1,70,17.9,97,9.5,1006.6,3,5,21,0.0,0,0.0,0
2025-11-15 04:32:27,1,70,17.9,97,9.5,1006.7,1,5,36,0.0,0,0.0,0
2025-11-15 04:33:28,1,70,17.9,97,9.5,1006.6,3,7,1,0.0,0,0.0,0
2025-11-15 04:34:29,1,70,17.9,97,9.5,1006.7,6,9,41,0.0,0,0.0,0
2025-11-15 04:35:30,1,70,17.9,97,9.5,1006.8,3,9,21,0.0,0,0.0,0
2025-11-15 04:36:31,1,70,17.8,97,9.5,1006.7,6,9,19,0.0,0,0.0,0
2025-11-15 04:37:32,1,70,17.8,97,9.5,1006.5,2,9,32,0.0,0,0.0,0
2025-11-15 04:38:33,1,70,17.9,97,9.5,1006.6,4,7,34,0.0,0,0.0,0
2025-11-15 04:39:34,1,70,17.9,97,9.5,1006.6,8,12,34,0.0,0,0.0,0
2025-11-15 04:40:35,1,70,17.9,97,9.5,1006.7,6,12,74,0.0,0,0.0,0
2025-11-15 04:41:36,1,70,17.9,97,9.5,1006.5,2,14,34,0.0,0,0.0,0
2025-11-15 04:42:37,1,70,17.9,97,9.5,1006.5,5,14,43,0.0,0,0.0,0
2025-11-15 04:43:38,1,70,17.9,97,9.5,1006.6,7,9,39,0.0,0,0.0,0
2025-11-15 04:44:39,1,70,17.9,97,9.5,1006.5,7,11,47,0.0,0,0.0,0
2025-11-15 04:45:40,1,70,17.9,97,9.5,1006.6,3,12,55,0.0,0,0.0,0
2025-11-15 04:46:41,1,70,17.8,97,9.5,1006.6,1,12,19,0.0,0,0.0,0
2025-11-15 04:47:42,1,70,17.8,97,9.5,1006.4,7,12,38,0.0,0,0.0,0
2025-11-15 04:48:43,1,70,17.9,97,9.6,1006.6,3,12,75,0.0,0,0.0,0
2025-11-15 04:49:44,1,70,17.8,97,9.6,1006.5,8,12,37,0.0,0,0.0,0
2025-11-15 04:50:45,1,70,17.9,97,9.6,1006.6,6,14,25,0.0,0,0.0,0
2025-11-15 04:51:46,1,70,17.9,97,9.6,1006.5,5,11,32,0.0,0,0.0,0
2025-11-15 04:52:47,1,70,17.8,97,9.6,1006.4,2,9,357,0.0,0,0.0,0
2025-11-15 04:53:48,1,70,17.8,97,9.6,1006.4,7,9,68,0.0,0,0.0,0
2025-11-15 04:54:49,1,70,17.9,97,9.6,1006.5,6,9,39,0.0,0,0.0,0
2025-11-15 04:55:50,1,70,17.8,97,9.6,1006.5,6,12,29,0.0,0,0.0,0
2025-11-15 04:56:51,1,70,17.8,97,9.6,1006.4,3,11,31,0.0,0,0.0,0
2025-11-15 04:57:52,1,70,17.8,97,9.6,1006.5,2,11,40,0.0,0,0.0,0
2025-11-15 04:58:53,1,70,17.8,97,9.6,1006.5,6,9,38,0.0,0,0.0,0
2025-11-15 04:59:54,1,70,17.8,97,9.6,1006.5,2,9,45,0.0,0,0.0,0
2025-11-15 05:00:55,1,70,17.8,97,9.6,1006.6,6,11,27,0.0,0,0.0,0
2025-11-15 05:01:56,1,70,17.8,97,9.6,1006.4,4,11,25,0.0,0,0.0,0
2025-11-15 05:02:57,1,70,17.9,97,9.6,1006.6,6,9,16,0.0,0,0.0,0
2025-11-15 05:03:58,1,70,17.8,97,9.6,1006.6,5,9,39,0.0,0,0.0,0
2025-11-15 05:04:59,1,70,17.8,97,9.6,1006.7,3,9,49,0.0,0,0.0,0
2025-11-15 05:06:00,1,70,17.8,97,9.6,1006.7,2,16,68,0.0,0,0.0,0
2025-11-15 05:07:01,1,70,17.8,97,9.6,1006.7,9,11,26,0.0,0,0.0,0
2025-11-15 05:08:02,1,70,17.8,97,9.6,1006.7,9,12,67,0.0,0,0.0,0
2025-11-15 05:09:03,1,70,17.8,97,9.6,1006.7,3,12,68,0.0,0,0.0,0
2025-11-15 05:10:04,1,70,17.8,97,9.6,1006.8,6,11,28,0.0,0,0.0,0
2025-11-15 05:11:05,1,70,17.8,97,9.6,1006.7,3,9,64,0.0,0,0.0,0
2025-11-15 05:12:06,1,70,17.8,97,9.6,1006.7,5,9,21,0.0,0,0.0,0
2025-11-15 05:13:07,1,70,17.8,97,9.6,1006.6,2,9,41,0.0,0,0.0,0
2025-11-15 05:14:08,1,70,17.9,97,9.6,1006.9,4,5,37,0.0,0,0.0,0
2025-11-15 05:15:09,1,70,17.9,97,9.6,1006.8,3,11,45,0.0,0,0.0,0
2025-11-15 05:16:10,1,70,17.8,97,9.6,1006.7,4,11,42,0.0,0,0.0,0
2025-11-15 05:17:11,1,70,17.8,97,9.6,1006.9,9,14,75,0.0,0,0.0,0
2025-11-15 05:18:12,1,70,17.8,97,9.6,1006.8,2,14,46,0.0,0,0.0,0
2025-11-15 05:19:13,1,70,17.8,97,9.6,1006.8,3,9,350,0.0,0,0.0,0
2025-11-15 05:20:14,1,70,17.8,97,9.6,1006.8,9,12,62,0.0,0,0.0,0
2025-11-15 05:21:15,1,70,17.8,97,9.6,1006.8,1,12,69,0.0,0,0.0,0
2025-11-15 05:22:16,1,70,17.8,97,9.6,1006.9,5,9,72,0.0,0,0.0,0
2025-11-15 05:23:17,1,70,17.8,97,9.6,1006.8,1,9,27,0.0,0,0.0,0
2025-11-15 05:24:18,1,70,17.8,97,9.6,1006.8,6,12,66,0.0,0,0.0,0
2025-11-15 05:25:19,1,70,17.8,97,9.6,1007.0,6,12,49,0.0,0,0.0,0
2025-11-15 05:26:20,1,70,17.8,97,9.6,1006.9,7,11,54,0.0,0,0.0,0
2025-11-15 05:27:21,1,70,17.8,97,9.6,1006.9,2,11,56,0.0,0,0.0,0
2025-11-15 05:28:22,1,70,17.8,97,9.6,1007.0,1,7,73,0.0,0,0.0,0
2025-11-15 05:29:23,1,70,17.8,97,9.6,1006.8,2,7,25,0.0,0,0.0,0
2025-11-15 05:30:24,1,70,17.8,97,9.6,1006.9,6,12,17,0.0,0,0.0,0
2025-11-15 05:31:25,1,70,17.8,97,9.6,1006.9,1,12,36,0.0,0,0.0,0
2025-11-15 05:32:26,1,70,17.8,97,9.6,1006.9,6,9,25,0.0,0,0.0,0
2025-11-15 05:33:27,1,70,17.8,97,9.6,1006.9,3,11,31,0.0,0,0.0,0
2025-11-15 05:34:28,1,70,17.8,97,9.6,1006.9,0,5,22,0.0,0,0.0,0
2025-11-15 05:35:29,1,70,17.8,97,9.6,1007.1,2,9,13,0.0,0,0.0,0
2025-11-15 05:36:30,1,70,17.8,97,9.6,1006.9,3,7,29,0.0,0,0.0,0
2025-11-15 05:37:31,1,70,17.8,97,9.6,1007.0,2,5,48,0.0,0,0.0,0
2025-11-15 05:38:32,1,70,17.8,97,9.6,1007.0,7,11,69,0.0,0,0.0,0
2025-11-15 05:39:33,1,70,17.8,97,9.6,1006.8,0,11,343,0.0,0,0.0,0
2025-11-15 05:40:34,1,70,17.8,97,9.6,1007.0,3,7,53,0.0,0,0.0,0
2025-11-15 05:41:35,1,70,17.8,97,9.6,1007.1,2,9,26,0.0,0,0.0,0
2025-11-15 05:42:36,1,70,17.8,97,9.5,1006.9,3,9,41,0.0,0,0.0,0
2025-11-15 05:43:37,1,70,17.8,97,9.5,1007.0,3,5,78,0.0,0,0.0,0
2025-11-15 05:44:38,1,70,17.8,97,9.5,1007.0,8,11,46,0.0,0,0.0,0
2025-11-15 05:45:39,1,70,17.8,97,9.5,1007.0,2,11,57,0.0,0,0.0,0
2025-11-15 05:46:40,1,70,17.8,97,9.5,1007.1,5,14,46,0.0,0,0.0,0
2025-11-15 05:47:41,1,70,17.8,97,9.5,1006.9,4,14,58,0.0,0,0.0,0
2025-11-15 05:48:42,1,70,17.8,97,9.5,1007.0,6,9,103,0.0,0,0.0,0
2025-11-15 05:49:43,1,70,17.8,97,9.5,1006.9,3,9,359,0.0,0,0.0,0
2025-11-15 05:50:44,1,70,17.8,97,9.5,1007.0,7,14,53,0.0,0,0.0,0
2025-11-15 05:51:45,1,70,17.8,97,9.5,1006.9,5,14,56,0.0,0,0.0,0
2025-11-15 05:52:46,1,70,17.8,97,9.5,1007.1,5,9,41,0.0,0,0.0,0
2025-11-15 05:53:47,1,70,17.8,97,9.5,1007.0,4,11,63,0.0,0,0.0,0
2025-11-15 05:54:48,1,70,17.8,97,9.5,1007.0,5,11,18,0.0,0,0.0,0
2025-11-15 05:55:49,1,70,17.8,97,9.5,1007.0,5,11,42,0.0,0,0.0,0
2025-11-15 05:56:50,1,70,17.8,97,9.5,1007.1,3,11,45,0.0,0,0.0,0
2025-11-15 05:57:51,1,70,17.8,97,9.5,1007.1,5,7,36,0.0,0,0.0,0
2025-11-15 05:58:52,1,70,17.8,97,9.5,1007.1,5,7,44,0.0,0,0.0,0
2025-11-15 05:59:53,1,70,17.8,97,9.6,1007.1,5,7,52,0.0,0,0.0,0
2025-11-15 06:00:54,1,70,17.8,97,9.6,1007.1,7,11,33,0.0,0,0.0,0
2025-11-15 06:01:55,1,70,17.8,97,9.6,1007.0,6,11,48,0.0,0,0.0,0
2025-11-15 06:02:56,1,70,17.8,97,9.6,1007.0,6,11,62,0.0,0,0.0,0
2025-11-15 06:03:57,1,70,17.8,97,9.6,1007.1,10,12,45,0.0,0,0.0,0
2025-11-15 06:04:58,1,70,17.8,97,9.6,1007.0,6,12,36,0.0,0,0.0,0
2025-11-15 06:05:59,1,70,17.8,97,9.6,1007.0,7,12,45,0.0,0,0.0,0
2025-11-15 06:07:00,1,70,17.8,97,9.6,1007.2,6,9,70,0.0,0,0.0,0
2025-11-15 06:08:01,1,70,17.8,96,9.6,1007.1,7,11,28,0.0,0,0.0,0
2025-11-15 06:09:02,1,70,17.8,96,9.6,1007.2,6,11,38,0.0,0,0.0,0
2025-11-15 06:10:03,1,70,17.8,97,9.6,1007.1,8,12,44,0.0,0,0.0,0
2025-11-15 06:11:04,1,70,17.8,96,9.6,1007.1,5,12,60,0.0,0,0.0,0
2025-11-15 06:12:05,1,70,17.8,97,9.5,1007.3,9,11,60,0.0,0,0.0,0
2025-11-15 06:13:06,1,70,17.8,97,9.5,1007.1,3,11,53,0.0,0,0.0,0
2025-11-15 06:14:07,1,70,17.8,97,9.5,1007.1,1,5,44,0.0,0,0.0,0
2025-11-15 06:15:08,1,70,17.8,97,9.5,1007.1,3,9,39,0.0,0,0.0,0
2025-11-15 06:16:09,1,70,17.8,97,9.5,1007.3,2,9,35,0.0,0,0.0,0
2025-11-15 06:17:10,1,70,17.8,96,9.5,1007.1,4,7,35,0.0,0,0.0,0
2025-11-15 06:18:11,1,70,17.8,96,9.5,1007.1,3,9,49,0.0,0,0.0,0
2025-11-15 06:19:12,1,70,17.8,96,9.5,1007.1,2,7,51,0.0,0,0.0,0
2025-11-15 06:20:13,1,70,17.8,97,9.5,1007.1,3,11,56,0.0,0,0.0,0
2025-11-15 06:21:14,1,70,17.8,96,9.5,1007.1,3,11,39,0.0,0,0.0,0
2025-11-15 06:22:15,1,70,17.8,96,9.5,1007.2,2,9,49,0.0,0,0.0,0
2025-11-15 06:23:16,1,70,17.8,96,9.5,1007.1,8,12,63,0.0,0,0.0,0
2025-11-15 06:24:17,1,70,17.8,96,9.4,1007.1,4,12,45,0.0,0,0.0,0
2025-11-15 06:25:18,1,70,17.8,96,9.4,1006.9,5,9,49,0.0,0,0.0,0
2025-11-15 06:26:19,1,70,17.8,96,9.4,1007.3,8,14,66,0.0,0,0.0,0
2025-11-15 06:27:20,1,70,17.8,96,9.4,1007.1,5,14,60,0.0,0,0.0,0
2025-11-15 06:28:21,1,70,17.8,97,9.4,1007.1,5,12,52,0.0,0,0.0,0
2025-11-15 06:29:22,1,70,17.8,96,9.4,1007.2,3,14,50,0.0,0,0.0,0
2025-11-15 06:30:23,1,70,17.8,97,9.4,1007.2,8,14,35,0.0,0,0.0,0
2025-11-15 06:31:24,1,70,17.8,96,9.4,1007.2,4,14,38,0.0,0,0.0,0
2025-11-15 06:32:25,1,70,17.8,97,9.4,1007.3,5,9,52,0.0,0,0.0,0
2025-11-15 06:33:26,1,70,17.8,97,9.4,1007.3,6,9,47,0.0,0,0.0,0
2025-11-15 06:34:27,1,70,17.8,97,9.4,1007.3,6,9,53,0.0,0,0.0,0
2025-11-15 06:35:28,1,70,17.8,97,9.4,1007.4,8,16,48,0.0,0,0.0,0
2025-11-15 06:36:29,1,70,17.8,97,9.4,1007.2,7,16,28,0.0,0,0.0,0
2025-11-15 06:37:30,1,70,17.8,97,9.4,1007.3,5,16,50,0.0,0,0.0,0
2025-11-15 06:38:31,1,70,17.8,97,9.4,1007.2,6,14,39,0.0,0,0.0,0
2025-11-15 06:39:32,1,70,17.8,97,9.4,1007.3,10,12,55,0.0,0,0.1,0
2025-11-15 06:40:33,1,70,17.8,97,9.4,1007.1,9,14,49,0.0,0,0.1,0
2025-11-15 06:41:34,1,70,17.8,97,9.4,1007.1,10,16,21,0.0,0,0.1,0
2025-11-15 06:42:35,1,70,17.8,97,9.3,1007.3,8,16,47,0.0,0,0.1,0
2025-11-15 06:43:36,1,70,17.8,97,9.4,1007.2,8,14,50,0.0,0,0.1,0
2025-11-15 06:44:37,1,70,17.7,97,9.4,1007.3,8,14,30,0.0,0,0.1,0
2025-11-15 06:45:38,1,70,17.8,97,9.4,1007.2,12,21,17,0.0,0,0.1,0
2025-11-15 06:46:39,1,70,17.8,97,9.4,1007.3,6,21,51,0.0,0,0.2,0
2025-11-15 06:47:40,1,70,17.8,97,9.4,1007.3,4,11,51,0.0,0,0.2,0
2025-11-15 06:48:41,1,70,17.8,97,9.4,1007.4,7,16,37,0.0,0,0.2,0
2025-11-15 06:49:42,1,70,17.8,97,9.4,1007.6,4,16,81,0.0,0,0.2,0
2025-11-15 06:50:43,1,70,17.7,97,9.4,1007.4,10,12,40,0.0,0,0.2,0
2025-11-15 06:51:44,1,70,17.7,97,9.4,1007.4,10,12,45,0.0,0,0.3,0
2025-11-15 06:52:45,1,70,17.8,97,9.4,1007.5,6,12,40,0.0,0,0.3,0
2025-11-15 06:53:46,1,70,17.7,97,9.4,1007.5,6,12,44,0.0,0,0.3,0
2025-11-15 06:54:47,1,70,17.8,97,9.4,1007.8,6,14,57,0.0,0,0.3,0
2025-11-15 06:55:48,1,70,17.8,97,9.4,1007.8,7,12,48,0.0,0,0.3,0
2025-11-15 06:56:49,1,70,17.7,97,9.4,1007.6,5,12,55,0.0,0,0.3,0
2025-11-15 06:57:50,1,70,17.7,97,9.4,1007.6,4,12,37,0.0,0,0.4,0
2025-11-15 06:58:51,1,70,17.8,97,9.4,1007.8,8,11,72,0.0,0,0.4,0
2025-11-15 06:59:52,1,70,17.7,97,9.4,1007.7,7,14,47,0.0,0,0.5,0
2025-11-15 07:00:53,1,70,17.8,97,9.4,1007.7,5,14,84,0.0,0,0.5,0
2025-11-15 07:01:54,1,70,17.8,97,9.4,1007.8,6,14,37,0.0,0,0.6,0
2025-11-15 07:02:55,1,70,17.8,97,9.4,1007.6,7,9,48,0.0,0,0.7,0
2025-11-15 07:03:56,1,70,17.7,97,9.4,1007.6,7,11,47,0.0,0,0.8,0
2025-11-15 07:04:57,1,70,17.7,97,9.4,1007.6,6,11,56,0.0,0,1.0,0
2025-11-15 07:05:58,1,70,17.7,97,9.4,1007.7,12,14,80,0.0,0,1.2,0
2025-11-15 07:06:59,1,70,17.7,97,9.3,1007.7,7,14,23,0.0,0,1.3,0
2025-11-15 07:08:00,1,70,17.8,97,9.3,1007.6,6,16,47,0.0,0,1.6,0
2025-11-15 07:09:01,1,70,17.7,97,9.3,1007.5,12,16,39,0.0,0,1.6,0
2025-11-15 07:10:02,1,70,17.7,97,9.3,1007.6,11,16,52,0.0,0,1.7,0
2025-11-15 07:11:03,1,70,17.7,97,9.3,1007.6,7,16,24,0.0,0,1.9,0
2025-11-15 07:12:04,1,70,17.7,97,9.3,1007.7,7,12,52,0.0,0,2.0,0
2025-11-15 07:13:05,1,69,17.7,97,9.3,1007.6,8,14,13,0.0,0,2.2,0
2025-11-15 07:14:06,1,70,17.8,97,9.3,1007.5,11,18,38,0.0,0,2.3,0
2025-11-15 07:15:07,1,69,17.7,97,9.3,1007.5,6,14,60,0.0,0,2.4,0
2025-11-15 07:16:08,1,69,17.7,97,9.3,1007.6,5,14,40,0.0,0,2.6,0
2025-11-15 07:17:09,1,69,17.7,97,9.3,1007.6,7,16,68,0.0,0,2.8,0
2025-11-15 07:18:10,1,69,17.7,97,9.3,1007.7,3,12,41,0.0,0,3.1,0
2025-11-15 07:19:11,1,69,17.8,97,9.3,1007.7,9,14,52,0.0,0,3.3,0
2025-11-15 07:20:12,1,69,17.7,97,9.3,1007.7,7,14,34,0.0,0,3.4,0
2025-11-15 07:21:13,1,69,17.7,97,9.3,1007.6,10,12,49,0.0,0,3.4,0
2025-11-15 07:22:14,1,69,17.7,97,9.3,1007.7,7,12,55,0.0,0,3.6,0
2025-11-15 07:23:15,1,69,17.8,97,9.3,1007.8,7,11,46,0.0,0,3.3,0
2025-11-15 07:24:16,1,69,17.7,97,9.3,1007.8,5,11,54,0.0,0,3.5,0
2025-11-15 07:25:17,1,69,17.7,97,9.3,1007.8,8,14,54,0.0,0,3.5,0
2025-11-15 07:26:18,1,69,17.7,97,9.3,1007.7,6,14,35,0.0,0,3.4,0
2025-11-15 07:27:19,1,69,17.7,97,9.3,1007.6,5,9,47,0.0,0,3.4,0
2025-11-15 07:28:20,1,69,17.7,97,9.3,1007.8,6,11,30,0.0,0,3.4,0
2025-11-15 07:29:21,1,69,17.7,97,9.3,1007.9,2,11,33,0.0,0,3.4,0
2025-11-15 07:30:22,1,69,17.7,97,9.3,1007.8,7,11,83,0.0,0,3.3,0
2025-11-15 07:31:23,1,69,17.7,97,9.3,1007.7,7,11,50,0.0,0,3.5,0
2025-11-15 07:32:24,1,69,17.7,97,9.3,1007.9,3,11,61,0.0,0,3.4,0
2025-11-15 07:33:25,1,69,17.7,97,9.3,1007.8,5,11,48,0.0,0,3.5,0
2025-11-15 07:34:26,1,69,17.7,97,9.3,1007.7,6,7,47,0.0,0,3.4,0
2025-11-15 07:35:27,1,69,17.7,97,9.3,1007.9,1,7,77,0.0,0,3.5,0
2025-11-15 07:36:28,1,69,17.7,97,9.3,1008.0,0,7,67,0.0,0,3.6,0
2025-11-15 07:37:29,1,69,17.7,97,9.3,1007.8,0,1,71,0.0,0,3.8,0
2025-11-15 07:38:30,1,69,17.7,97,9.3,1008.0,9,11,25,0.0,0,3.9,0
2025-11-15 07:39:31,1,69,17.7,97,9.3,1007.9,8,12,53,0.0,0,4.0,0
2025-11-15 07:40:32,1,69,17.7,97,9.3,1007.8,6,12,31,0.0,0,4.3,0
2025-11-15 07:41:33,1,69,17.7,97,9.3,1007.9,5,11,28,0.0,0,4.7,0
2025-11-15 07:42:34,1,69,17.7,97,9.4,1007.9,6,11,37,0.0,0,4.8,0
2025-11-15 07:43:35,1,69,17.7,97,9.4,1007.9,4,11,62,0.0,0,5.1,0
2025-11-15 07:44:36,1,69,17.7,97,9.4,1007.8,4,9,17,0.0,0,5.7,0
2025-11-15 07:45:37,1,69,17.7,97,9.4,1007.8,5,9,76,0.0,0,6.0,0
2025-11-15 07:46:38,1,69,17.7,97,9.4,1007.8,3,9,61,0.0,0,6.8,0
2025-11-15 07:47:39,1,69,17.7,97,9.4,1008.0,4,12,40,0.0,0,6.9,0
2025-11-15 07:48:40,1,69,17.7,97,9.4,1007.9,1,7,48,0.0,0,6.8,0
2025-11-15 07:49:41,1,69,17.7,97,9.4,1007.8,7,9,56,0.0,0,6.8,0
2025-11-15 07:50:42,1,69,17.7,97,9.4,1008.0,2,9,44,0.0,0,7.1,0
2025-11-15 07:51:43,1,69,17.7,97,9.4,1007.8,5,9,51,0.0,0,6.6,0
2025-11-15 07:52:44,1,69,17.7,97,9.5,1007.9,3,9,48,0.0,0,6.4,0
2025-11-15 07:53:45,1,69,17.7,97,9.5,1007.9,3,9,60,0.0,0,5.8,0
2025-11-15 07:54:46,1,69,17.7,97,9.5,1007.8,1,7,64,0.0,0,5.3,0
2025-11-15 07:55:47,1,69,17.7,97,9.5,1007.8,3,7,24,0.0,0,4.8,0
2025-11-15 07:56:48,1,69,17.7,97,9.5,1008.0,4,9,101,0.0,0,4.9,0
2025-11-15 07:57:49,1,69,17.7,97,9.5,1008.0,0,9,40,0.0,0,4.4,0
2025-11-15 07:58:50,1,69,17.7,97,9.5,1008.0,4,5,69,0.0,0,4.3,0
2025-11-15 07:59:51,1,69,17.7,97,9.5,1007.9,5,7,57,0.0,0,4.3,0
2025-11-15 08:00:52,1,70,17.7,97,9.5,1008.0,5,7,58,0.0,0,4.4,0
2025-11-15 08:01:53,1,70,17.7,97,9.5,1008.0,7,12,57,0.0,0,4.3,0
2025-11-15 08:02:54,1,70,17.7,97,9.5,1007.9,3,12,43,0.0,0,4.5,0
2025-11-15 08:03:55,1,70,17.7,97,9.5,1007.8,6,9,53,0.0,0,4.6,0
2025-11-15 08:04:56,1,70,17.7,97,9.5,1008.0,8,11,56,0.0,0,4.8,0
2025-11-15 08:05:57,1,69,17.7,97,9.5,1008.0,7,11,40,0.0,0,5.2,0
2025-11-15 08:06:58,1,69,17.7,97,9.4,1008.0,4,9,23,0.0,0,5.4,0
2025-11-15 08:07:59,1,69,17.7,97,9.4,1007.9,8,11,30,0.0,0,6.2,0
2025-11-15 08:09:00,1,69,17.7,97,9.4,1007.9,7,11,44,0.0,0,6.2,0
2025-11-15 08:10:01,1,69,17.7,97,9.4,1008.1,6,11,28,0.0,0,6.4,0
2025-11-15 08:11:02,1,70,17.7,97,9.4,1008.1,6,11,65,0.0,0,6.6,0
2025-11-15 08:12:03,1,70,17.7,97,9.4,1008.0,7,11,52,0.0,0,7.3,0
2025-11-15 08:13:04,1,70,17.7,97,9.4,1008.1,10,12,46,0.0,0,7.9,0
2025-11-15 08:14:05,1,70,17.7,96,9.4,1008.1,5,12,31,0.0,0,8.3,0
2025-11-15 08:15:06,1,70,17.7,97,9.4,1008.0,9,12,24,0.0,0,8.3,0
2025-11-15 08:16:07,1,70,17.7,97,9.4,1008.1,6,11,46,0.0,0,8.5,0
2025-11-15 08:17:08,1,70,17.7,97,9.4,1008.0,9,12,40,0.0,0,9.6,0
2025-11-15 08:18:09,1,70,17.7,97,9.4,1007.9,8,12,78,0.0,0,9.8,0
2025-11-15 08:19:10,1,70,17.7,97,9.4,1008.1,7,12,50,0.0,0,10.3,0
2025-11-15 08:20:11,1,70,17.7,97,9.4,1007.9,9,12,65,0.0,0,10.5,0
2025-11-15 08:21:12,1,70,17.7,97,9.4,1008.0,6,12,63,0.0,0,11.3,0
2025-11-15 08:22:13,1,70,17.7,97,9.4,1007.8,6,11,43,0.0,0,11.1,0
2025-11-15 08:23:14,1,70,17.7,97,9.4,1008.0,2,11,41,0.0,0,11.2,0
2025-11-15 08:24:15,1,70,17.8,97,9.4,1008.0,3,7,26,0.0,0,11.3,0
2025-11-15 08:25:16,1,70,17.8,97,9.4,1008.1,3,7,34,0.0,0,11.3,0
2025-11-15 08:26:17,1,70,17.8,97,9.4,1008.0,8,11,18,0.0,0,11.6,0
2025-11-15 08:27:18,1,70,17.8,97,9.4,1008.1,2,11,58,0.0,0,12.3,0
2025-11-15 08:28:19,1,70,17.8,97,9.4,1008.2,3,5,28,0.0,0,11.7,0
2025-11-15 08:29:20,1,70,17.8,97,9.4,1008.0,4,7,40,0.0,0,13.6,0
2025-11-15 08:30:21,1,70,17.8,97,9.4,1008.0,4,7,45,0.0,0,13.8,0
2025-11-15 08:31:22,1,70,17.8,97,9.4,1008.1,5,7,41,0.0,0,15.1,0
2025-11-15 08:32:23,1,70,17.7,97,9.4,1008.0,7,11,48,0.0,0,16.4,0
2025-11-15 08:33:24,1,70,17.8,97,9.4,1007.9,5,12,54,0.0,0,17.2,0
2025-11-15 08:34:25,1,70,17.8,97,9.4,1008.0,3,7,49,0.0,0,18.5,0
2025-11-15 08:35:26,1,70,17.8,97,9.4,1007.9,9,12,27,0.0,0,18.6,0
2025-11-15 08:36:27,1,70,17.8,97,9.4,1008.0,6,18,52,0.0,0,19.0,0
2025-11-15 08:37:28,1,70,17.8,97,9.4,1008.0,5,11,28,0.0,0,20.2,0
2025-11-15 08:38:29,1,70,17.8,97,9.3,1008.0,4,7,30,0.0,0,20.0,0
2025-11-15 08:39:30,1,70,17.8,97,9.3,1007.9,1,7,67,0.0,0,20.6,0
2025-11-15 08:40:31,1,70,17.8,97,9.3,1007.9,6,9,47,0.0,0,20.6,0
2025-11-15 08:41:32,1,70,17.8,97,9.3,1007.8,4,9,68,0.0,0,20.7,0
2025-11-15 08:42:33,1,70,17.8,97,9.3,1007.8,4,9,57,0.0,0,21.3,0
2025-11-15 08:43:34,1,70,17.8,97,9.3,1008.1,9,11,37,0.0,0,21.4,0
2025-11-15 08:44:35,1,70,17.7,97,9.3,1007.9,8,14,50,0.0,0,22.5,0
2025-11-15 08:45:36,1,70,17.8,97,9.3,1008.0,2,14,69,0.0,0,22.1,0
2025-11-15 08:46:37,1,70,17.8,97,9.3,1008.1,5,7,18,0.0,0,24.0,0
2025-11-15 08:47:38,1,70,17.7,97,9.3,1007.9,3,7,38,0.0,0,24.1,0
2025-11-15 08:48:39,1,70,17.8,97,9.3,1007.9,6,14,42,0.0,0,26.2,0
2025-11-15 08:49:40,1,70,17.8,97,9.3,1008.0,5,21,63,0.0,0,26.4,0
2025-11-15 08:50:41,1,70,17.8,97,9.3,1007.9,4,12,45,0.0,0,27.4,0
2025-11-15 08:51:42,1,70,17.8,97,9.3,1008.2,3,9,54,0.0,0,31.3,0
2025-11-15 08:52:43,1,70,17.8,97,9.3,1008.1,7,14,25,0.0,0,32.5,0
2025-11-15 08:53:44,1,70,17.8,97,9.3,1008.1,8,14,51,0.0,0,33.5,0
2025-11-15 08:54:45,1,70,17.8,97,9.3,1008.1,7,11,45,0.0,0,33.7,0
2025-11-15 08:55:46,1,70,17.8,97,9.3,1007.9,6,11,40,0.0,0,35.1,0
2025-11-15 08:56:47,1,70,17.8,97,9.3,1008.0,7,14,77,0.0,0,37.1,0
2025-11-15 08:57:48,1,70,17.8,97,9.3,1008.0,7,14,43,0.0,0,37.3,0
2025-11-15 08:58:49,1,70,17.8,97,9.3,1007.9,6,12,73,0.0,0,39.3,0
2025-11-15 08:59:50,1,70,17.8,97,9.3,1008.0,4,11,44,0.0,0,42.0,0
2025-11-15 09:00:51,1,70,17.8,97,9.3,1008.0,5,12,50,0.0,0,44.5,0
2025-11-15 09:01:52,1,70,17.8,97,9.3,1008.1,7,12,38,0.0,0,44.9,0
2025-11-15 09:02:53,1,70,17.8,97,9.3,1007.9,8,12,45,0.0,0,47.4,0
2025-11-15 09:03:54,1,70,17.7,97,9.3,1008.2,5,11,51,0.0,0,49.7,0
2025-11-15 09:04:55,1,70,17.8,97,9.3,1007.9,5,11,54,0.0,0,54.9,0
2025-11-15 09:05:56,1,71,17.8,97,9.4,1008.0,10,12,32,0.0,0,56.0,0
2025-11-15 09:06:57,1,71,17.8,97,9.4,1008.1,5,12,62,0.0,0,58.0,0
2025-11-15 09:07:58,1,71,17.8,97,9.4,1008.0,8,11,59,0.0,0,56.6,0
2025-11-15 09:08:59,1,71,17.8,97,9.4,1008.0,10,14,37,0.0,0,61.2,0
2025-11-15 09:10:00,1,71,17.8,97,9.4,1008.0,9,14,48,0.0,0,60.9,0
2025-11-15 09:11:01,1,71,17.8,97,9.4,1007.8,6,11,38,0.0,0,57.8,0
2025-11-15 09:12:02,1,71,17.8,97,9.4,1008.1,5,9,63,0.0,0,56.6,0
2025-11-15 09:13:03,1,72,17.8,97,9.4,1008.1,2,9,48,0.0,0,61.8,0
2025-11-15 09:14:04,1,72,17.8,97,9.4,1008.1,4,5,55,0.0,0,61.7,0
2025-11-15 09:15:05,1,72,17.8,97,9.4,1008.0,6,11,41,0.0,0,57.8,0
2025-11-15 09:16:06,1,72,17.8,97,9.4,1008.1,7,11,38,0.0,0,62.5,0
2025-11-15 09:17:07,1,72,17.8,97,9.4,1007.9,7,11,49,0.0,0,67.3,0
2025-11-15 09:18:08,1,72,17.9,97,9.4,1008.0,5,11,27,0.0,0,66.7,0
2025-11-15 09:19:09,1,72,17.8,97,9.4,1008.0,6,11,61,0.0,0,66.1,0
2025-11-15 09:20:10,1,72,17.8,97,9.4,1008.1,7,11,44,0.0,0,68.3,0
2025-11-15 09:21:11,1,72,17.9,97,9.4,1008.0,7,11,59,0.0,0,68.2,0
2025-11-15 09:22:12,1,72,17.9,97,9.4,1008.0,5,9,34,0.0,0,68.1,0
2025-11-15 09:23:13,1,72,17.9,97,9.4,1008.0,5,12,60,0.0,0,68.9,0
2025-11-15 09:24:14,1,72,17.9,97,9.4,1007.8,0,12,51,0.0,0,69.9,0
2025-11-15 09:25:15,1,72,17.9,97,9.4,1007.9,5,11,48,0.0,0,71.1,0
2025-11-15 09:26:16,1,72,17.9,97,9.5,1007.8,5,9,38,0.0,0,74.3,0
2025-11-15 09:27:17,1,72,17.9,97,9.5,1008.0,7,11,65,0.0,0,74.5,0
2025-11-15 09:28:18,1,72,17.9,97,9.5,1007.9,7,11,27,0.0,0,71.2,0
2025-11-15 09:29:19,1,72,17.9,97,9.5,1008.1,4,12,60,0.0,0,68.6,0
2025-11-15 09:30:20,1,72,17.9,97,9.5,1008.0,3,12,67,0.0,0,65.6,0
2025-11-15 09:31:21,1,72,17.9,97,9.5,1008.0,5,7,51,0.0,0,63.5,0
2025-11-15 09:32:22,1,72,17.9,97,9.5,1007.9,9,12,42,0.0,0,65.7,0
2025-11-15 09:33:23,1,72,17.8,97,9.5,1008.0,7,18,69,0.0,0,63.9,0
2025-11-15 09:34:24,1,72,17.9,97,9.5,1008.1,5,14,48,0.0,0,65.3,0
2025-11-15 09:35:25,1,72,17.8,97,9.5,1007.9,3,14,45,0.0,0,66.5,0
2025-11-15 09:36:26,1,72,17.9,97,9.5,1008.1,5,5,54,0.0,0,65.9,0
2025-11-15 09:37:27,1,72,17.8,97,9.6,1008.0,10,12,50,0.0,0,68.3,0
2025-11-15 09:38:28,1,72,17.8,97,9.6,1007.9,5,12,30,0.0,0,67.1,0
2025-11-15 09:39:29,1,72,17.9,97,9.5,1008.2,1,12,51,0.0,0,67.0,0
2025-11-15 09:40:30,1,72,17.8,97,9.5,1008.2,6,11,42,0.0,0,68.7,0
2025-11-15 09:41:31,1,72,17.9,97,9.6,1008.2,8,11,34,0.0,0,64.1,0
2025-11-15 09:42:32,1,72,17.8,97,9.6,1008.2,7,12,21,0.0,0,63.9,0
2025-11-15 09:43:33,1,72,17.8,97,9.6,1008.2,10,12,37,0.0,0,65.7,0
2025-11-15 09:44:34,1,72,17.8,97,9.6,1008.2,4,12,65,0.0,0,66.9,0
2025-11-15 09:45:35,1,72,17.8,97,9.6,1008.2,8,12,67,0.0,0,67.7,0
2025-11-15 09:46:36,1,72,17.9,97,9.6,1008.2,7,12,64,0.0,0,66.2,0
2025-11-15 09:47:37,1,72,17.8,97,9.6,1008.3,5,11,37,0.0,0,64.7,0
2025-11-15 09:48:38,1,72,17.8,97,9.6,1008.3,9,14,43,0.0,0,65.4,0
2025-11-15 09:49:39,1,72,17.8,97,9.6,1008.2,7,14,30,0.0,0,66.1,0
2025-11-15 09:50:40,1,72,17.9,97,9.6,1008.1,9,12,52,0.0,0,63.7,0
2025-11-15 09:51:41,1,72,17.8,97,9.6,1008.1,5,14,33,0.0,0,65.3,0
2025-11-15 09:52:42,1,72,17.8,97,9.6,1008.2,8,14,37,0.0,0,67.4,0
2025-11-15 09:53:43,1,72,17.8,97,9.6,1008.1,4,14,39,0.0,0,61.7,0
2025-11-15 09:54:44,1,72,17.8,97,9.6,1008.1,4,11,57,0.0,0,60.4,0
2025-11-15 09:55:45,1,72,17.8,97,9.6,1008.1,5,11,40,0.0,0,63.1,0
2025-11-15 09:56:46,1,72,17.8,97,9.6,1008.1,6,11,83,0.0,0,63.4,0
2025-11-15 09:57:47,1,72,17.8,97,9.7,1008.1,6,11,46,0.0,0,61.0,0
2025-11-15 09:58:48,1,72,17.8,97,9.7,1008.2,3,9,29,0.0,0,60.3,0
2025-11-15 09:59:49,1,72,17.8,97,9.7,1008.2,7,12,46,0.0,0,57.1,0
2025-11-15 10:00:50,1,72,17.8,97,9.7,1008.2,3,12,53,0.0,0,59.5,0
2025-11-15 10:01:51,1,72,17.8,97,9.7,1008.2,5,11,31,0.0,0,60.5,0
2025-11-15 10:02:52,1,72,17.8,97,9.7,1008.1,3,11,64,0.0,0,60.9,0
2025-11-15 10:03:53,1,72,17.8,97,9.7,1008.0,2,5,52,0.0,0,60.6,0
2025-11-15 10:04:54,1,72,17.8,97,9.7,1008.2,6,9,77,0.0,0,61.6,0
2025-11-15 10:05:55,1,72,17.8,97,9.7,1008.0,8,12,48,0.0,0,61.7,0
2025-11-15 10:06:56,1,72,17.8,97,9.7,1008.1,6,14,43,0.0,0,62.5,0
2025-11-15 10:07:57,1,72,17.8,97,9.7,1008.1,2,14,74,0.0,0,62.4,0
2025-11-15 10:08:58,1,72,17.8,97,9.7,1008.0,7,11,49,0.0,0,61.9,0
2025-11-15 10:09:59,1,72,17.8,97,9.7,1008.1,6,11,26,0.0,0,61.2,0
2025-11-15 10:11:00,1,72,17.8,97,9.7,1008.0,7,11,29,0.0,0,61.5,0
2025-11-15 10:12:01,1,72,17.8,97,9.7,1008.2,4,11,58,0.0,0,61.5,0
2025-11-15 10:13:02,1,72,17.8,97,9.7,1008.2,4,11,76,0.0,0,57.5,0
2025-11-15 10:14:03,1,72,17.8,97,9.7,1008.2,6,11,43,0.0,0,55.9,0
2025-11-15 10:15:04,1,72,17.8,97,9.7,1008.1,7,12,30,0.0,0,56.8,0
2025-11-15 10:16:05,1,72,17.8,97,9.7,1008.2,8,11,32,0.0,0,59.5,0
2025-11-15 10:17:06,1,72,17.8,97,9.7,1008.1,7,11,33,0.0,0,56.5,0
2025-11-15 10:18:07,1,72,17.8,97,9.7,1008.3,4,11,48,0.0,0,54.1,0
2025-11-15 10:19:08,1,72,17.8,97,9.8,1008.2,8,11,50,0.0,0,55.9,0
2025-11-15 10:20:09,1,72,17.8,97,9.8,1008.2,6,11,64,0.0,0,55.0,0
2025-11-15 10:21:10,1,72,17.8,97,9.7,1008.1,7,11,29,0.0,0,54.4,0
2025-11-15 10:22:11,1,72,17.8,97,9.7,1008.3,5,11,42,0.0,0,59.0,0
2025-11-15 10:23:12,1,72,17.8,97,9.7,1008.0,7,12,47,0.0,0,59.1,0
2025-11-15 10:24:13,1,72,17.8,97,9.7,1008.1,4,12,20,0.0,0,61.2,0
2025-11-15 10:25:14,1,72,17.8,97,9.7,1008.1,10,14,61,0.0,0,56.7,0
2025-11-15 10:26:15,1,72,17.8,97,9.7,1008.3,8,14,59,0.0,0,54.1,0
2025-11-15 10:27:16,1,72,17.8,97,9.7,1008.2,7,11,40,0.0,0,54.5,0
2025-11-15 10:28:17,1,72,17.8,97,9.7,1008.2,6,14,52,0.0,0,51.1,0
2025-11-15 10:29:18,1,72,17.8,97,9.8,1008.2,5,14,48,0.0,0,53.8,0
2025-11-15 10:30:19,1,72,17.8,97,9.8,1008.2,3,11,31,0.0,0,55.0,0
2025-11-15 10:31:20,1,72,17.8,97,9.7,1008.2,8,11,47,0.0,0,53.6,0
2025-11-15 10:32:21,1,72,17.8,97,9.7,1008.2,3,9,58,0.0,0,54.7,0
2025-11-15 10:33:22,1,72,17.8,97,9.7,1008.2,9,14,44,0.0,0,53.2,0
2025-11-15 10:34:23,1,72,17.8,97,9.8,1008.1,7,14,38,0.0,0,55.4,0
2025-11-15 10:35:24,1,72,17.8,97,9.8,1008.1,9,14,35,0.0,0,55.3,0
2025-11-15 10:36:25,1,72,17.8,97,9.8,1008.3,7,12,25,0.0,0,54.7,0
2025-11-15 10:37:26,1,72,17.8,97,9.8,1008.1,7,11,21,0.0,0,55.1,0
2025-11-15 10:38:27,1,72,17.8,97,9.7,1008.2,3,11,20,0.0,0,55.4,0
2025-11-15 10:39:28,1,72,17.8,97,9.8,1008.2,6,11,26,0.0,0,55.4,0
2025-11-15 10:40:29,1,72,17.8,97,9.8,1008.2,6,11,28,0.0,0,54.5,0
2025-11-15 10:41:30,1,72,17.8,97,9.8,1008.2,2,12,59,0.0,0,52.0,0
2025-11-15 10:42:31,1,72,17.8,97,9.8,1008.2,8,11,52,0.0,0,52.9,0
2025-11-15 10:43:32,1,72,17.8,97,9.8,1008.3,3,12,33,0.0,0,47.8,0
2025-11-15 10:44:33,1,72,17.8,97,9.8,1008.1,7,12,61,0.0,0,48.1,0
2025-11-15 10:45:34,1,72,17.8,97,9.8,1008.1,5,12,76,0.0,0,47.3,0
2025-11-15 10:46:35,1,72,17.8,97,9.8,1008.1,3,9,40,0.0,0,44.7,0
2025-11-15 10:47:36,1,72,17.8,97,9.8,1008.3,5,9,46,0.0,0,44.7,0
2025-11-15 10:48:37,1,72,17.8,97,9.8,1008.2,5,12,23,0.0,0,45.2,0
2025-11-15 10:49:38,1,72,17.8,97,9.8,1008.2,9,11,48,0.0,0,43.4,0
2025-11-15 10:50:39,1,72,17.8,97,9.8,1008.0,3,12,72,0.0,0,41.3,0
2025-11-15 10:51:40,1,72,17.8,97,9.8,1008.2,8,11,50,0.0,0,40.6,0
2025-11-15 10:52:41,1,72,17.8,97,9.8,1008.2,6,12,48,0.0,0,40.0,0
2025-11-15 10:53:42,1,72,17.8,97,9.8,1008.2,5,11,53,0.0,0,41.0,0
2025-11-15 10:54:43,1,72,17.8,97,9.8,1008.2,3,7,44,0.0,0,40.9,0
2025-11-15 10:55:44,1,72,17.8,97,9.8,1008.1,3,12,66,0.0,0,40.8,0
2025-11-15 10:56:45,1,72,17.8,97,9.8,1008.1,1,7,77,0.0,0,40.5,0
2025-11-15 10:57:46,1,72,17.8,97,9.8,1008.1,2,5,52,0.0,0,39.6,0
2025-11-15 10:58:47,1,72,17.8,97,9.8,1008.1,2,5,11,0.0,0,40.4,0
2025-11-15 10:59:48,1,72,17.8,97,9.8,1008.1,7,9,61,0.0,0,42.7,0
2025-11-15 11:00:49,1,72,17.8,97,9.8,1008.2,5,11,37,0.0,0,45.7,0
2025-11-15 11:01:50,1,72,17.8,97,9.8,1008.0,4,11,55,0.0,0,46.7,0
2025-11-15 11:02:51,1,72,17.8,97,9.8,1008.1,2,9,62,0.0,0,48.0,0
2025-11-15 11:03:52,1,72,17.8,97,9.8,1008.2,4,7,64,0.0,0,49.7,0
2025-11-15 11:04:53,1,72,17.8,97,9.8,1008.1,7,12,61,0.0,0,51.7,0
2025-11-15 11:05:54,1,72,17.8,97,9.7,1008.1,5,12,55,0.0,0,53.3,0
2025-11-15 11:06:55,1,71,17.8,97,9.7,1008.1,6,12,57,0.0,0,54.7,0
2025-11-15 11:07:56,1,71,17.8,97,9.7,1008.0,6,12,82,0.0,0,56.8,0
2025-11-15 11:08:57,1,71,17.8,97,9.7,1008.0,6,11,48,0.0,0,58.0,0
2025-11-15 11:09:58,1,71,17.8,97,9.7,1008.1,4,11,54,0.0,0,60.1,0
2025-11-15 11:10:59,1,71,17.8,97,9.7,1008.0,7,9,44,0.0,0,60.6,0
2025-11-15 11:12:00,1,71,17.7,97,9.8,1008.0,7,14,56,0.0,0,63.8,0
2025-11-15 11:13:01,1,71,17.8,97,9.8,1008.0,5,14,34,0.0,0,62.0,0
2025-11-15 11:14:02,1,71,17.8,97,9.8,1007.9,6,9,56,0.0,0,62.0,0
2025-11-15 11:15:03,1,71,17.7,97,9.8,1008.1,9,14,64,0.0,0,62.3,0
2025-11-15 11:16:04,1,71,17.7,97,9.7,1008.2,9,12,54,0.0,0,61.5,0
2025-11-15 11:17:05,1,71,17.7,97,9.7,1008.0,10,16,39,0.0,0,59.8,0
2025-11-15 11:18:06,1,71,17.7,97,9.7,1008.0,7,16,66,0.0,0,57.6,0
2025-11-15 11:19:07,1,71,17.8,97,9.7,1008.0,7,16,55,0.0,0,56.6,0
2025-11-15 11:20:08,1,71,17.7,97,9.7,1007.9,9,14,36,0.0,0,59.8,0
2025-11-15 11:21:09,1,71,17.7,97,9.7,1008.0,6,14,55,0.0,0,60.3,0
2025-11-15 11:22:10,1,71,17.7,97,9.8,1008.0,10,12,50,0.0,0,64.5,0
2025-11-15 11:23:11,1,71,17.7,97,9.8,1008.0,7,12,49,0.0,0,65.9,0
2025-11-15 11:24:12,1,71,17.7,97,9.8,1008.0,3,9,43,0.0,0,63.4,0
2025-11-15 11:25:13,1,71,17.7,97,9.8,1007.9,5,9,54,0.0,0,63.6,0
2025-11-15 11:26:14,1,71,17.7,97,9.8,1008.2,2,11,79,0.0,0,62.4,0
2025-11-15 11:27:15,1,71,17.7,97,9.8,1008.0,3,7,54,0.0,0,60.2,0
2025-11-15 11:28:16,1,71,17.7,97,9.8,1008.1,8,11,34,0.0,0,56.5,0
2025-11-15 11:29:17,1,71,17.7,97,9.8,1008.0,4,11,62,0.0,0,52.7,0
2025-11-15 11:30:18,1,71,17.7,97,9.8,1008.0,4,9,38,0.0,0,52.4,0
2025-11-15 11:31:19,1,71,17.7,97,9.8,1008.0,4,9,30,0.0,0,51.2,0
2025-11-15 11:32:20,1,71,17.7,97,9.8,1008.0,5,7,56,0.0,0,53.1,0
2025-11-15 11:33:21,1,71,17.7,97,9.8,1008.1,8,12,44,0.0,0,55.0,0
2025-11-15 11:34:22,1,71,17.7,97,9.8,1007.9,6,12,39,0.0,0,56.5,0
2025-11-15 11:35:23,1,71,17.7,97,9.8,1008.0,6,12,44,0.0,0,56.7,0
2025-11-15 11:36:24,1,71,17.7,97,9.8,1007.9,2,11,37,0.0,0,58.7,0
2025-11-15 11:37:25,1,71,17.7,97,9.8,1008.0,3,11,44,0.0,0,56.5,0
2025-11-15 11:38:26,1,71,17.7,97,9.8,1008.1,6,9,40,0.0,0,56.6,0
2025-11-15 11:39:27,1,71,17.7,97,9.8,1008.0,6,9,49,0.0,0,53.9,0
2025-11-15 11:40:28,1,71,17.7,97,9.7,1008.1,2,11,62,0.0,0,53.2,0
2025-11-15 11:41:29,1,71,17.7,97,9.7,1007.9,1,7,52,0.0,0,51.9,0
2025-11-15 11:42:30,1,71,17.7,97,9.8,1007.9,6,9,37,0.0,0,54.1,0
2025-11-15 11:43:31,1,71,17.7,97,9.8,1007.9,8,12,23,0.0,0,52.2,0
2025-11-15 11:44:32,1,71,17.7,97,9.8,1008.0,5,12,21,0.0,0,51.8,0
2025-11-15 11:45:33,1,71,17.7,97,9.7,1008.0,7,11,37,0.0,0,50.5,0
2025-11-15 11:46:34,1,71,17.7,97,9.7,1008.0,3,11,50,0.0,0,47.8,0
2025-11-15 11:47:35,1,71,17.7,97,9.7,1008.2,6,12,39,0.0,0,47.2,0
2025-11-15 11:48:36,1,71,17.7,97,9.7,1008.0,8,12,73,0.0,0,45.5,0
2025-11-15 11:49:37,1,71,17.7,97,9.7,1008.2,6,9,52,0.0,0,45.7,0
2025-11-15 11:50:38,1,71,17.7,97,9.7,1008.0,4,9,32,0.0,0,44.2,0
2025-11-15 11:51:39,1,71,17.7,97,9.7,1008.0,9,12,59,0.0,0,44.0,0
2025-11-15 11:52:40,1,71,17.7,97,9.7,1007.9,3,12,52,0.0,0,43.0,0
2025-11-15 11:53:41,1,71,17.7,97,9.7,1007.9,3,9,35,0.0,0,42.5,0
2025-11-15 11:54:42,1,71,17.7,97,9.7,1008.0,4,7,56,0.0,0,40.4,0
2025-11-15 11:55:43,1,71,17.7,97,9.7,1008.0,2,7,68,0.0,0,38.5,0
2025-11-15 11:56:44,1,71,17.7,97,9.7,1007.9,3,5,23,0.0,0,37.8,0
2025-11-15 11:57:45,1,71,17.7,97,9.7,1007.9,3,7,35,0.0,0,35.4,0
2025-11-15 11:58:46,1,71,17.7,97,9.7,1008.0,0,7,42,0.0,0,35.1,0
2025-11-15 11:59:47,1,71,17.7,97,9.7,1008.0,8,9,24,0.0,0,33.6,0
2025-11-15 12:00:48,1,71,17.7,97,9.7,1008.0,3,9,48,0.0,0,32.8,0
2025-11-15 12:01:49,1,71,17.7,97,9.7,1008.0,3,9,58,0.0,0,32.3,0
2025-11-15 12:02:50,1,71,17.7,97,9.7,1008.0,4,9,45,0.0,0,31.3,0
2025-11-15 12:03:51,1,71,17.7,97,9.7,1007.7,4,7,45,0.0,0,30.7,0
2025-11-15 12:04:52,1,71,17.7,97,9.7,1007.9,3,7,28,0.0,0,31.1,0
2025-11-15 12:05:53,1,71,17.7,97,9.7,1007.9,4,7,35,0.0,0,33.0,0
2025-11-15 12:06:54,1,71,17.7,97,9.7,1007.9,6,9,53,0.0,0,32.6,0
2025-11-15 12:07:55,1,71,17.7,97,9.7,1007.9,4,9,38,0.0,0,33.2,0
2025-11-15 12:08:56,1,71,17.7,97,9.7,1007.9,4,7,53,0.0,0,32.5,0
2025-11-15 12:09:57,1,71,17.7,97,9.7,1008.0,3,9,36,0.0,0,36.0,0
2025-11-15 12:10:58,1,71,17.7,97,9.7,1008.0,6,9,45,0.0,0,33.0,0
2025-11-15 12:11:59,1,71,17.7,97,9.7,1007.8,3,9,64,0.0,0,33.2,0
2025-11-15 12:13:00,1,71,17.7,97,9.7,1007.9,6,7,51,0.0,0,34.7,0
2025-11-15 12:14:01,1,71,17.7,97,9.7,1007.8,8,12,48,0.0,0,35.6,0
2025-11-15 12:15:02,1,71,17.7,97,9.7,1007.8,5,12,51,0.0,0,34.0,0
2025-11-15 12:16:03,1,71,17.7,97,9.7,1007.8,8,11,42,0.0,0,31.4,0
2025-11-15 12:17:04,1,71,17.7,97,9.7,1007.8,6,11,35,0.0,0,29.8,0
2025-11-15 12:18:05,1,71,17.7,97,9.7,1007.9,6,11,88,0.0,0,27.3,0
2025-11-15 12:19:06,1,71,17.7,97,9.7,1007.8,4,9,45,0.0,0,26.6,0
2025-11-15 12:20:07,1,71,17.7,97,9.7,1007.8,3,7,63,0.0,0,27.3,0
2025-11-15 12:21:08,1,71,17.7,97,9.7,1007.7,4,11,52,0.0,0,25.7,0
2025-11-15 12:22:09,1,71,17.7,97,9.7,1007.8,1,9,68,0.0,0,25.7,0
2025-11-15 12:23:10,1,71,17.7,97,9.7,1007.9,4,7,32,0.0,0,26.4,0
2025-11-15 12:24:11,1,71,17.7,97,9.7,1007.8,3,7,49,0.0,0,27.4,0
2025-11-15 12:25:12,1,71,17.7,97,9.7,1007.9,4,9,54,0.0,0,30.1,0
2025-11-15 12:26:13,1,71,17.7,97,9.7,1007.8,3,9,59,0.0,0,32.5,0
2025-11-15 12:27:14,1,71,17.7,97,9.7,1007.9,5,9,42,0.0,0,32.8,0
2025-11-15 12:28:15,1,71,17.7,97,9.7,1007.9,2,9,47,0.0,0,33.4,0
2025-11-15 12:29:16,1,71,17.7,97,9.7,1008.0,7,9,42,0.0,0,33.7,0
2025-11-15 12:30:17,1,71,17.7,97,9.7,1007.8,4,9,28,0.0,0,35.8,0
2025-11-15 12:31:18,1,71,17.7,97,9.7,1008.0,7,9,44,0.0,0,34.8,0
2025-11-15 12:32:19,1,71,17.7,97,9.7,1007.9,5,11,48,0.0,0,34.3,0
2025-11-15 12:33:20,1,71,17.7,97,9.7,1007.9,3,11,24,0.0,0,36.5,0
2025-11-15 12:34:21,1,71,17.7,97,9.7,1007.9,1,11,67,0.0,0,36.0,0
2025-11-15 12:35:22,1,71,17.7,97,9.7,1007.8,5,11,48,0.0,0,36.8,0
2025-11-15 12:36:23,1,71,17.7,97,9.7,1007.7,3,7,54,0.0,0,37.6,0
2025-11-15 12:37:24,1,71,17.7,97,9.7,1007.9,2,7,42,0.0,0,35.8,0
2025-11-15 12:38:25,1,71,17.7,97,9.7,1007.8,2,7,42,0.0,0,35.4,0
2025-11-15 12:39:26,1,71,17.7,97,9.7,1007.6,5,7,36,0.0,0,35.0,0
2025-11-15 12:40:27,1,70,17.7,97,9.7,1007.6,1,7,60,0.0,0,34.1,0
2025-11-15 12:41:28,1,70,17.7,97,9.7,1007.8,2,5,73,0.0,0,35.9,0
2025-11-15 12:42:29,1,70,17.7,97,9.7,1007.8,8,11,31,0.0,0,37.9,0
2025-11-15 12:43:30,1,70,17.6,97,9.7,1007.6,4,11,30,0.0,0,39.7,0
2025-11-15 12:44:31,1,70,17.7,97,9.7,1007.8,2,7,44,0.0,0,43.4,0
2025-11-15 12:45:32,1,70,17.7,97,9.7,1007.9,4,5,40,0.0,0,44.2,0
2025-11-15 12:46:33,1,70,17.7,97,9.7,1007.7,6,11,41,0.0,0,45.8,0
2025-11-15 12:47:34,1,70,17.7,97,9.6,1007.7,6,11,45,0.0,0,48.2,0
2025-11-15 12:48:35,1,70,17.6,97,9.6,1007.7,5,11,39,0.0,0,48.8,0
2025-11-15 12:49:36,1,70,17.6,97,9.6,1007.8,3,9,27,0.0,0,50.0,0
2025-11-15 12:50:37,1,70,17.7,97,9.6,1007.6,10,14,46,0.0,0,50.9,0
2025-11-15 12:51:38,1,70,17.7,97,9.6,1007.6,6,14,47,0.0,0,53.4,0
2025-11-15 12:52:39,1,70,17.7,97,9.6,1007.8,3,9,62,0.0,0,53.9,0
2025-11-15 12:53:40,1,70,17.7,97,9.6,1007.7,4,7,45,0.0,0,54.0,0
2025-11-15 12:54:41,1,70,17.6,97,9.6,1007.8,5,7,33,0.0,0,55.6,0
2025-11-15 12:55:42,1,70,17.7,97,9.6,1007.7,3,7,28,0.0,0,59.0,0
2025-11-15 12:56:43,1,70,17.6,97,9.6,1007.6,2,5,49,0.0,0,57.1,0
2025-11-15 12:57:44,1,70,17.6,97,9.6,1007.8,3,5,23,0.0,0,59.3,0
2025-11-15 12:58:45,1,70,17.6,97,9.7,1007.6,6,7,49,0.0,0,61.7,0
2025-11-15 12:59:46,1,70,17.6,97,9.7,1007.7,4,7,40,0.0,0,57.6,0
2025-11-15 13:00:47,1,70,17.7,97,9.7,1007.8,3,5,70,0.0,0,57.3,0
2025-11-15 13:01:48,1,70,17.7,97,9.7,1007.8,0,5,56,0.0,0,59.2,0
2025-11-15 13:02:49,1,70,17.6,97,9.7,1007.8,1,7,54,0.0,0,63.3,0
2025-11-15 13:03:50,1,70,17.6,97,9.7,1007.6,3,7,52,0.0,0,63.0,0
2025-11-15 13:04:51,1,70,17.6,97,9.7,1007.7,2,7,55,0.0,0,59.3,0
2025-11-15 13:05:52,1,70,17.6,97,9.7,1007.7,3,7,55,0.0,0,55.5,0
2025-11-15 13:06:53,1,70,17.6,97,9.7,1007.7,3,9,52,0.0,0,50.4,0
2025-11-15 13:07:54,1,70,17.6,97,9.7,1007.8,6,9,24,0.0,0,47.8,0
2025-11-15 13:08:55,1,70,17.6,97,9.7,1007.7,2,7,40,0.0,0,49.1,0
2025-11-15 13:09:56,1,70,17.6,97,9.7,1007.8,6,9,56,0.0,0,44.7,0
2025-11-15 13:10:57,1,70,17.6,97,9.7,1007.6,0,9,72,0.0,0,42.6,0
2025-11-15 13:11:58,1,70,17.6,97,9.7,1007.6,5,5,25,0.0,0,41.0,0
2025-11-15 13:12:59,1,70,17.6,97,9.7,1007.5,3,7,65,0.0,0,41.8,0
2025-11-15 13:14:00,1,70,17.6,97,9.7,1007.8,4,7,34,0.0,0,41.6,0
2025-11-15 13:15:01,1,70,17.6,97,9.7,1007.7,3,9,41,0.0,0,41.6,0
2025-11-15 13:16:02,1,70,17.6,97,9.7,1007.8,3,7,56,0.0,0,40.1,0
2025-11-15 13:17:03,1,70,17.6,97,9.7,1007.7,6,9,22,0.0,0,37.7,0
2025-11-15 13:18:04,1,70,17.6,97,9.7,1007.5,6,9,29,0.0,0,35.5,0
2025-11-15 13:19:05,1,70,17.6,97,9.7,1007.5,8,12,29,0.0,0,39.3,0
2025-11-15 13:20:06,1,70,17.6,97,9.7,1007.7,3,12,31,0.0,0,36.9,0
2025-11-15 13:21:07,1,70,17.6,97,9.6,1007.5,5,9,31,0.0,0,34.5,0
2025-11-15 13:22:08,1,70,17.6,97,9.6,1007.7,2,7,27,0.0,0,32.9,0
2025-11-15 13:23:09,1,70,17.6,97,9.6,1007.5,4,7,39,0.0,0,34.6,0
2025-11-15 13:24:10,1,70,17.6,97,9.6,1007.6,4,7,33,0.0,0,43.5,0
2025-11-15 13:25:11,1,70,17.6,97,9.6,1007.6,5,7,59,0.0,0,36.6,0
2025-11-15 13:26:12,1,70,17.6,97,9.6,1007.7,2,7,51,0.0,0,39.2,0
2025-11-15 13:27:13,1,70,17.6,97,9.6,1007.6,5,7,38,0.0,0,37.8,0
2025-11-15 13:28:14,1,70,17.6,97,9.6,1007.7,1,7,41,0.0,0,43.8,0
2025-11-15 13:29:15,1,70,17.6,97,9.7,1007.6,2,7,43,0.0,0,42.2,0
2025-11-15 13:30:16,1,70,17.6,97,9.7,1007.6,3,7,49,0.0,0,42.0,0
2025-11-15 13:31:17,1,70,17.6,97,9.7,1007.6,6,9,41,0.0,0,44.4,0
2025-11-15 13:32:18,1,70,17.6,97,9.6,1007.6,6,9,29,0.0,0,46.0,0
2025-11-15 13:33:19,1,70,17.6,97,9.6,1007.6,6,9,31,0.0,0,45.4,0
2025-11-15 13:34:20,1,70,17.6,97,9.6,1007.5,6,7,35,0.0,0,47.9,0
2025-11-15 13:35:21,1,70,17.6,97,9.6,1007.6,8,11,40,0.0,0,44.9,0
2025-11-15 13:36:22,1,70,17.6,97,9.6,1007.5,1,11,74,0.0,0,45.5,0
2025-11-15 13:37:23,1,70,17.7,97,9.6,1007.6,5,7,33,0.0,0,47.1,0
2025-11-15 13:38:24,1,70,17.6,97,9.6,1007.6,1,7,33,0.0,0,43.3,0
2025-11-15 13:39:25,1,70,17.6,97,9.6,1007.6,1,3,55,0.0,0,44.0,0
2025-11-15 13:40:26,1,70,17.6,97,9.6,1007.7,3,5,38,0.0,0,40.7,0
2025-11-15 13:41:27,1,70,17.6,97,9.6,1007.4,4,9,42,0.0,0,37.5,0
2025-11-15 13:42:28,1,70,17.6,97,9.6,1007.5,7,11,73,0.0,0,33.2,0
2025-11-15 13:43:29,1,70,17.6,97,9.6,1007.5,5,11,47,0.0,0,30.6,0
2025-11-15 13:44:30,1,70,17.6,97,9.5,1007.6,8,12,26,0.0,0,27.5,0
2025-11-15 13:45:31,1,70,17.6,97,9.5,1007.6,3,12,21,0.0,0,25.3,0
2025-11-15 13:46:32,1,70,17.6,97,9.5,1007.5,5,7,24,0.0,0,21.8,0
2025-11-15 13:47:33,1,70,17.6,97,9.5,1007.5,4,7,33,0.0,0,20.1,0
2025-11-15 13:48:34,1,70,17.6,97,9.5,1007.6,2,9,51,0.0,0,18.8,0
2025-11-15 13:49:35,1,70,17.6,97,9.5,1007.6,6,9,35,0.0,0,19.3,0
2025-11-15 13:50:36,1,70,17.6,97,9.5,1007.5,3,9,33,0.0,0,21.3,0
2025-11-15 13:51:37,1,70,17.6,97,9.5,1007.5,3,7,30,0.0,0,22.5,0
2025-11-15 13:52:38,1,70,17.6,97,9.5,1007.5,6,9,20,0.0,0,18.9,0
2025-11-15 13:53:39,1,70,17.6,97,9.5,1007.6,2,9,37,0.0,0,20.1,0
2025-11-15 13:54:40,1,70,17.6,97,9.5,1007.4,2,7,70,0.0,0,20.9,0
2025-11-15 13:55:41,1,70,17.6,97,9.5,1007.5,1,7,55,0.0,0,21.3,0
2025-11-15 13:56:42,1,70,17.6,97,9.5,1007.5,1,7,69,0.0,0,19.6,0
2025-11-15 13:57:43,1,70,17.6,97,9.5,1007.6,3,7,67,0.0,0,20.6,0
2025-11-15 13:58:44,1,70,17.6,97,9.5,1007.5,3,7,69,0.0,0,18.5,0
2025-11-15 13:59:45,1,70,17.6,97,9.4,1007.6,5,7,27,0.0,0,20.6,0
2025-11-15 14:00:46,1,70,17.6,97,9.4,1007.5,5,9,39,0.0,0,19.4,0
2025-11-15 14:01:47,1,70,17.6,97,9.4,1007.5,3,9,28,0.0,0,18.7,0
2025-11-15 14:02:48,1,70,17.6,97,9.4,1007.6,3,9,33,0.0,0,18.8,0
2025-11-15 14:03:49,1,70,17.6,97,9.4,1007.6,1,9,57,0.0,0,17.9,0
2025-11-15 14:04:50,1,70,17.6,97,9.4,1007.5,1,3,59,0.0,0,16.9,0
2025-11-15 14:05:51,1,70,17.6,97,9.4,1007.5,3,5,28,0.0,0,17.7,0
2025-11-15 14:06:52,1,70,17.6,97,9.4,1007.6,3,5,51,0.0,0,17.1,0
2025-11-15 14:07:53,1,70,17.6,97,9.4,1007.6,3,5,41,0.0,0,17.4,0
2025-11-15 14:08:54,1,70,17.6,97,9.4,1007.5,5,9,27,0.0,0,17.5,0
2025-11-15 14:09:55,1,70,17.6,97,9.4,1007.4,5,9,41,0.0,0,17.4,0
2025-11-15 14:10:56,1,70,17.6,97,9.4,1007.5,4,9,34,0.0,0,18.9,0
2025-11-15 14:11:57,1,70,17.6,97,9.4,1007.3,6,9,63,0.0,0,19.1,0
2025-11-15 14:12:58,1,70,17.6,97,9.4,1007.4,5,9,71,0.0,0,19.1,0
2025-11-15 14:13:59,1,70,17.6,97,9.4,1007.4,8,11,45,0.0,0,18.4,0
2025-11-15 14:15:00,1,70,17.6,97,9.4,1007.4,5,11,70,0.0,0,17.5,0
2025-11-15 14:16:01,1,70,17.6,97,9.4,1007.4,1,9,59,0.0,0,19.2,0
2025-11-15 14:17:02,1,70,17.6,97,9.4,1007.5,7,9,49,0.0,0,18.2,0
2025-11-15 14:18:03,1,70,17.6,97,9.4,1007.5,5,11,42,0.0,0,18.8,0
2025-11-15 14:19:04,1,70,17.6,97,9.4,1007.4,6,9,48,0.0,0,18.7,0
2025-11-15 14:20:05,1,70,17.6,97,9.4,1007.3,7,11,56,0.0,0,18.2,0
2025-11-15 14:21:06,1,70,17.6,97,9.3,1007.5,2,11,52,0.0,0,19.0,0
2025-11-15 14:22:07,1,70,17.6,97,9.3,1007.5,2,5,47,0.0,0,21.1,0
2025-11-15 14:23:08,1,70,17.6,97,9.3,1007.4,5,7,71,0.0,0,22.5,0
2025-11-15 14:24:09,1,70,17.6,97,9.3,1007.5,6,9,39,0.0,0,19.3,0
2025-11-15 14:25:10,1,70,17.6,98,9.4,1007.5,1,9,56,0.0,0,20.9,0
2025-11-15 14:26:11,1,70,17.6,98,9.4,1007.5,3,5,29,0.0,0,23.2,0
2025-11-15 14:27:12,1,70,17.6,98,9.4,1007.5,2,5,50,0.0,0,26.6,0
2025-11-15 14:28:13,1,70,17.6,97,9.4,1007.3,5,12,36,0.0,0,26.4,0
2025-11-15 14:29:14,1,70,17.6,97,9.4,1007.4,4,12,22,0.0,0,28.5,0
2025-11-15 14:30:15,1,70,17.6,97,9.3,1007.5,1,11,47,0.0,0,28.5,0
2025-11-15 14:31:16,1,70,17.6,97,9.3,1007.4,3,9,46,0.0,0,28.5,0
2025-11-15 14:32:17,1,70,17.6,97,9.3,1007.5,1,9,56,0.0,0,29.1,0
2025-11-15 14:33:18,1,70,17.6,97,9.3,1007.4,6,11,26,0.0,0,29.2,0
2025-11-15 14:34:19,1,70,17.6,97,9.3,1007.3,4,11,76,0.0,0,28.3,0
2025-11-15 14:35:20,1,70,17.6,97,9.3,1007.4,6,7,48,0.0,0,27.4,0
2025-11-15 14:36:21,1,70,17.6,97,9.3,1007.4,2,7,49,0.0,0,29.0,0
2025-11-15 14:37:22,1,70,17.6,97,9.3,1007.4,1,7,57,0.0,0,28.1,0
2025-11-15 14:38:23,1,70,17.6,98,9.3,1007.4,3,7,54,0.0,0,29.2,0
2025-11-15 14:39:24,1,70,17.6,98,9.3,1007.5,3,11,54,0.0,0,29.3,0
2025-11-15 14:40:25,1,70,17.6,98,9.3,1007.6,2,5,19,0.0,0,31.2,0
2025-11-15 14:41:26,1,70,17.6,98,9.3,1007.3,5,7,57,0.0,0,30.9,0
2025-11-15 14:42:27,1,70,17.6,97,9.3,1007.5,8,11,41,0.0,0,29.0,0
2025-11-15 14:43:28,1,70,17.6,97,9.3,1007.3,5,11,56,0.0,0,27.9,0
2025-11-15 14:44:29,1,70,17.6,97,9.3,1007.5,5,7,38,0.0,0,27.0,0
2025-11-15 14:45:30,1,70,17.6,97,9.3,1007.2,2,11,73,0.0,0,26.0,0
2025-11-15 14:46:31,1,70,17.6,97,9.3,1007.2,6,9,55,0.0,0,25.0,0
2025-11-15 14:47:32,1,70,17.6,97,9.3,1007.4,7,12,32,0.0,0,23.1,0
2025-11-15 14:48:33,1,70,17.6,97,9.2,1007.3,4,11,43,0.0,0,21.6,0
2025-11-15 14:49:34,1,70,17.6,97,9.2,1007.3,9,11,26,0.0,0,21.4,0
2025-11-15 14:50:35,1,70,17.6,97,9.2,1007.3,5,11,38,0.0,0,20.3,0
2025-11-15 14:51:36,1,70,17.6,97,9.2,1007.2,7,12,44,0.0,0,20.1,0
2025-11-15 14:52:37,1,70,17.6,98,9.2,1007.3,2,9,43,0.0,0,17.7,0
2025-11-15 14:53:38,1,70,17.6,98,9.2,1007.3,5,11,98,0.0,0,16.7,0
2025-11-15 14:54:39,1,70,17.6,98,9.2,1007.3,4,11,32,0.0,0,14.5,0
2025-11-15 14:55:40,1,70,17.6,98,9.2,1007.4,3,9,62,0.0,0,12.8,0
2025-11-15 14:56:41,1,70,17.6,98,9.2,1007.3,3,11,58,0.0,0,12.5,0
2025-11-15 14:57:42,1,70,17.6,98,9.2,1007.4,1,11,52,0.0,0,11.1,0
2025-11-15 14:58:43,1,70,17.6,98,9.2,1007.3,2,5,72,0.0,0,11.2,0
2025-11-15 14:59:44,1,70,17.6,98,9.2,1007.4,1,3,41,0.0,0,10.7,0
2025-11-15 15:00:45,1,70,17.6,98,9.2,1007.3,1,9,23,0.0,0,10.7,0
2025-11-15 15:01:46,1,70,17.6,98,9.2,1007.2,2,9,53,0.0,0,10.5,0
2025-11-15 15:02:47,1,70,17.6,98,9.2,1007.1,4,7,43,0.0,0,10.5,0
2025-11-15 15:03:48,1,70,17.6,98,9.2,1007.1,5,7,47,0.0,0,10.8,0
2025-11-15 15:04:49,1,70,17.6,98,9.2,1007.2,2,9,26,0.0,0,11.2,0
2025-11-15 15:05:50,1,70,17.6,98,9.2,1007.2,2,9,39,0.0,0,11.1,0
2025-11-15 15:06:51,1,70,17.6,98,9.2,1007.3,3,5,26,0.0,0,10.8,0
2025-11-15 15:07:52,1,70,17.6,98,9.2,1007.2,2,5,46,0.0,0,10.2,0
2025-11-15 15:08:53,1,70,17.6,98,9.2,1007.3,5,7,57,0.0,0,9.8,0
2025-11-15 15:09:54,1,70,17.6,98,9.2,1007.3,2,7,37,0.0,0,9.4,0
2025-11-15 15:10:55,1,70,17.6,98,9.2,1007.3,3,7,26,0.0,0,8.8,0
2025-11-15 15:11:56,1,70,17.6,98,9.2,1007.4,0,7,40,0.0,0,8.6,0
2025-11-15 15:12:57,1,70,17.6,98,9.2,1007.4,4,7,50,0.0,0,8.1,0
2025-11-15 15:13:58,1,70,17.6,98,9.2,1007.5,4,7,28,0.0,0,8.2,0
2025-11-15 15:14:59,1,70,17.6,98,9.1,1007.3,2,7,52,0.0,0,8.2,0
2025-11-15 15:16:00,1,70,17.6,98,9.1,1007.4,2,7,30,0.0,0,8.1,0
2025-11-15 15:17:01,1,70,17.6,98,9.1,1007.4,3,5,38,0.0,0,8.0,0
2025-11-15 15:18:02,1,70,17.6,98,9.1,1007.3,6,11,50,0.0,0,7.7,0
2025-11-15 15:19:03,1,70,17.6,98,9.1,1007.4,3,11,55,0.0,0,7.0,0
2025-11-15 15:20:04,1,70,17.6,98,9.1,1007.4,2,5,35,0.0,0,6.9,0
2025-11-15 15:21:05,1,70,17.6,98,9.1,1007.2,5,11,34,0.0,0,6.6,0
2025-11-15 15:22:06,1,70,17.6,98,9.1,1007.4,2,12,46,0.0,0,6.2,0
2025-11-15 15:23:07,1,70,17.6,98,9.1,1007.3,4,7,37,0.0,0,6.3,0
2025-11-15 15:24:08,1,70,17.6,98,9.1,1007.2,3,11,46,0.0,0,6.5,0
2025-11-15 15:25:09,1,70,17.6,98,9.1,1007.3,5,11,50,0.0,0,6.0,0
2025-11-15 15:26:10,1,70,17.6,98,9.1,1007.3,6,9,25,0.0,0,5.8,0
2025-11-15 15:27:11,1,70,17.6,98,9.0,1007.3,7,9,51,0.0,0,5.5,0
2025-11-15 15:28:12,1,70,17.6,98,9.0,1007.4,7,9,51,0.0,0,5.3,0
2025-11-15 15:29:13,1,70,17.6,98,9.0,1007.3,3,11,21,0.0,0,4.6,0
2025-11-15 15:30:14,1,70,17.5,98,9.0,1007.3,7,11,34,0.0,0,4.2,0
2025-11-15 15:31:15,1,70,17.6,98,9.0,1007.3,5,9,28,0.0,0,3.9,0
2025-11-15 15:32:16,1,70,17.5,98,9.0,1007.4,4,9,49,0.0,0,3.5,0
2025-11-15 15:33:17,1,70,17.5,98,9.0,1007.4,6,7,23,0.0,0,3.2,0
2025-11-15 15:34:18,1,70,17.6,98,9.0,1007.5,3,9,37,0.0,0,2.9,0
2025-11-15 15:35:19,1,70,17.6,98,9.0,1007.6,4,11,24,0.0,0,2.6,0
2025-11-15 15:36:20,1,70,17.5,98,9.0,1007.4,2,9,51,0.0,0,2.3,0
2025-11-15 15:37:21,1,70,17.6,98,9.0,1007.4,5,7,41,0.0,0,2.2,0
2025-11-15 15:38:22,1,70,17.6,98,9.0,1007.5,2,7,53,0.0,0,2.0,0
2025-11-15 15:39:23,1,70,17.6,98,9.0,1007.3,5,9,49,0.0,0,1.9,0
2025-11-15 15:40:24,1,70,17.5,98,9.0,1007.3,3,9,53,0.0,0,1.7,0
2025-11-15 15:41:25,1,70,17.6,98,9.0,1007.6,5,9,65,0.0,0,1.6,0
2025-11-15 15:42:26,1,70,17.6,98,9.0,1007.4,3,9,17,0.0,0,1.5,0
2025-11-15 15:43:27,1,70,17.6,98,9.0,1007.5,4,11,24,0.0,0,1.4,0
2025-11-15 15:44:28,1,70,17.6,98,9.0,1007.4,5,7,37,0.0,0,1.3,0
2025-11-15 15:45:29,1,70,17.5,98,9.0,1007.3,0,7,95,0.0,0,1.2,0
2025-11-15 15:46:30,1,70,17.6,98,9.0,1007.5,4,5,22,0.0,0,1.2,0
2025-11-15 15:47:31,1,70,17.6,98,9.0,1007.4,5,7,37,0.0,0,1.1,0
2025-11-15 15:48:32,1,70,17.6,98,9.0,1007.4,0,11,53,0.0,0,1.1,0
2025-11-15 15:49:33,1,70,17.6,98,8.9,1007.5,3,11,14,0.0,0,1.0,0
2025-11-15 15:50:34,1,70,17.5,98,8.9,1007.5,2,9,21,0.0,0,1.0,0
2025-11-15 15:51:35,1,70,17.6,98,8.9,1007.3,1,5,39,0.0,0,0.9,0
2025-11-15 15:52:36,1,70,17.6,98,8.9,1007.3,4,5,59,0.0,0,0.8,0
2025-11-15 15:53:37,1,70,17.6,98,8.9,1007.4,4,7,47,0.0,0,0.7,0
2025-11-15 15:54:38,1,70,17.6,98,8.9,1007.5,2,7,75,0.0,0,0.6,0
2025-11-15 15:55:39,1,70,17.6,98,8.9,1007.4,2,7,68,0.0,0,0.5,0
2025-11-15 15:56:40,1,70,17.5,98,8.9,1007.6,2,5,46,0.0,0,0.5,0
2025-11-15 15:57:41,1,70,17.6,98,8.9,1007.3,3,5,77,0.0,0,0.4,0
2025-11-15 15:58:42,1,70,17.6,98,9.0,1007.4,5,7,53,0.0,0,0.4,0
2025-11-15 15:59:43,1,70,17.6,98,9.0,1007.5,3,7,42,0.0,0,0.3,0
2025-11-15 16:00:44,1,70,17.6,98,9.0,1007.5,3,7,27,0.0,0,0.3,0
2025-11-15 16:01:45,1,70,17.6,98,9.0,1007.4,5,7,39,0.0,0,0.2,0
2025-11-15 16:02:46,1,70,17.6,98,8.9,1007.5,6,9,38,0.0,0,0.2,0
2025-11-15 16:03:47,1,70,17.6,98,8.9,1007.5,1,9,35,0.0,0,0.2,0
2025-11-15 16:04:48,1,70,17.6,98,8.9,1007.5,6,7,52,0.0,0,0.2,0
2025-11-15 16:05:49,1,70,17.6,98,8.9,1007.5,8,12,28,0.0,0,0.2,0
2025-11-15 16:06:50,1,70,17.6,98,8.9,1007.4,6,12,57,0.0,0,0.1,0
2025-11-15 16:07:51,1,70,17.5,98,8.9,1007.4,5,9,38,0.0,0,0.1,0
2025-11-15 16:08:52,1,70,17.6,98,8.9,1007.5,8,11,26,0.0,0,0.1,0
2025-11-15 16:09:53,1,70,17.6,98,8.9,1007.4,6,11,63,0.0,0,0.1,0
2025-11-15 16:10:54,1,70,17.5,98,8.8,1007.4,5,9,62,0.0,0,0.1,0
2025-11-15 16:11:55,1,70,17.6,98,8.8,1007.4,4,9,59,0.0,0,0.1,0
2025-11-15 16:12:56,1,70,17.6,98,8.8,1007.5,2,9,61,0.0,0,0.1,0
2025-11-15 16:13:57,1,70,17.6,98,8.8,1007.4,6,9,19,0.0,0,0.1,0
2025-11-15 16:14:58,1,70,17.6,98,8.8,1007.4,5,9,39,0.0,0,0.1,0
2025-11-15 16:15:59,1,70,17.6,98,8.8,1007.2,7,11,41,0.0,0,0.0,0
2025-11-15 16:17:00,1,70,17.6,98,8.8,1007.4,6,11,18,0.0,0,0.0,0
2025-11-15 16:18:01,1,70,17.6,98,8.8,1007.5,6,9,29,0.0,0,0.0,0
2025-11-15 16:19:02,1,70,17.6,98,8.8,1007.3,3,9,23,0.0,0,0.0,0
2025-11-15 16:20:03,1,70,17.6,98,8.8,1007.3,5,9,41,0.0,0,0.0,0
2025-11-15 16:21:04,1,70,17.6,98,8.8,1007.3,6,11,53,0.0,0,0.0,0
2025-11-15 16:22:05,1,70,17.6,98,8.8,1007.3,4,11,64,0.0,0,0.0,0
2025-11-15 16:23:06,1,70,17.6,98,8.8,1007.2,1,5,35,0.0,0,0.0,0
2025-11-15 16:24:07,1,70,17.6,98,8.8,1007.3,1,5,44,0.0,0,0.0,0
2025-11-15 16:25:08,1,70,17.6,98,8.8,1007.2,2,3,37,0.0,0,0.0,0
2025-11-15 16:26:09,1,70,17.6,98,8.8,1007.3,3,7,33,0.0,0,0.0,0
2025-11-15 16:27:10,1,70,17.6,98,8.8,1007.4,0,7,35,0.0,0,0.0,0
2025-11-15 16:28:11,1,70,17.6,98,8.8,1007.4,5,7,37,0.0,0,0.0,0
2025-11-15 16:29:12,1,70,17.6,98,8.8,1007.2,2,7,34,0.0,0,0.0,0
2025-11-15 16:30:13,1,70,17.6,98,8.8,1007.3,9,12,51,0.0,0,0.0,0
2025-11-15 16:31:14,1,70,17.6,98,8.7,1007.4,3,12,46,0.0,0,0.0,0
2025-11-15 16:32:15,1,70,17.6,98,8.7,1007.4,5,9,53,0.0,0,0.0,0
2025-11-15 16:33:16,1,71,17.6,98,8.7,1007.5,8,12,30,0.0,0,0.0,0
2025-11-15 16:34:17,1,71,17.6,98,8.7,1007.4,6,12,46,0.0,0,0.0,0
2025-11-15 16:35:18,1,71,17.6,98,8.6,1007.5,6,11,59,0.0,0,0.0,0
2025-11-15 16:36:19,1,71,17.6,98,8.6,1007.5,6,11,52,0.0,0,0.0,0
2025-11-15 16:37:20,1,71,17.6,98,8.6,1007.6,6,12,26,0.0,0,0.0,0
2025-11-15 16:38:21,1,71,17.6,98,8.6,1007.5,6,12,37,0.0,0,0.0,0
2025-11-15 16:39:22,1,71,17.6,98,8.6,1007.6,5,11,37,0.0,0,0.0,0
2025-11-15 16:40:23,1,71,17.6,98,8.6,1007.6,6,9,31,0.0,0,0.0,0
2025-11-15 16:41:24,1,71,17.7,98,8.6,1007.6,8,12,50,0.0,0,0.0,0
2025-11-15 16:42:25,1,71,17.6,98,8.6,1007.7,9,12,43,0.0,0,0.0,0
2025-11-15 16:43:26,1,71,17.6,98,8.6,1007.5,5,12,59,0.0,0,0.0,0
2025-11-15 16:44:27,1,72,17.6,98,8.6,1007.6,8,11,34,0.0,0,0.0,0
2025-11-15 16:45:28,1,72,17.7,98,8.6,1007.7,2,11,64,0.0,0,0.0,0
2025-11-15 16:46:29,1,72,17.6,98,8.6,1007.6,2,5,61,0.0,0,0.0,0
2025-11-15 16:47:30,1,72,17.6,98,8.6,1007.7,4,9,47,0.0,0,0.0,0
2025-11-15 16:48:31,1,71,17.6,98,8.6,1007.6,5,11,27,0.0,0,0.0,0
2025-11-15 16:49:32,1,71,17.7,98,8.6,1007.7,8,11,53,0.0,0,0.0,0
2025-11-15 16:50:33,1,71,17.7,98,8.6,1007.7,2,11,46,0.0,0,0.0,0
2025-11-15 16:51:34,1,71,17.7,98,8.6,1007.6,4,9,29,0.0,0,0.0,0
2025-11-15 16:52:35,1,71,17.7,98,8.6,1007.6,6,11,33,0.0,0,0.0,0
2025-11-15 16:53:36,1,71,17.6,98,8.6,1007.6,7,11,37,0.0,0,0.0,0
2025-11-15 16:54:37,1,72,17.6,98,8.6,1007.6,6,11,72,0.0,0,0.0,0
2025-11-15 16:55:38,1,72,17.6,98,8.6,1007.5,1,11,11,0.0,0,0.0,0
2025-11-15 16:56:39,1,72,17.7,98,8.6,1007.6,4,7,58,0.0,0,0.0,0
2025-11-15 16:57:40,1,72,17.7,98,8.6,1007.6,6,9,41,0.0,0,0.0,0
2025-11-15 16:58:41,1,72,17.6,98,8.6,1007.6,6,9,57,0.0,0,0.0,0
2025-11-15 16:59:42,1,72,17.7,98,8.5,1007.6,3,11,39,0.0,0,0.0,0
2025-11-15 17:00:43,1,72,17.6,98,8.5,1007.6,6,9,30,0.0,0,0.0,0
2025-11-15 17:01:44,1,72,17.6,98,8.5,1007.6,2,9,40,0.0,0,0.0,0
2025-11-15 17:02:45,1,72,17.7,98,8.5,1007.5,6,9,48,0.0,0,0.0,0
2025-11-15 17:03:46,1,72,17.6,98,8.5,1007.7,2,9,46,0.0,0,0.0,0
2025-11-15 17:04:47,1,72,17.6,98,8.5,1007.7,7,9,30,0.0,0,0.0,0
2025-11-15 17:05:48,1,72,17.6,98,8.6,1007.7,4,11,40,0.0,0,0.0,0
2025-11-15 17:06:49,1,72,17.7,98,8.6,1007.6,5,11,29,0.0,0,0.0,0
2025-11-15 17:07:50,1,71,17.6,98,8.6,1007.7,6,7,54,0.0,0,0.0,0
2025-11-15 17:08:51,1,71,17.6,98,8.6,1007.7,6,9,42,0.0,0,0.0,0
2025-11-15 17:09:52,1,71,17.6,98,8.6,1007.6,3,9,48,0.0,0,0.0,0
2025-11-15 17:10:53,1,71,17.6,98,8.5,1007.7,2,9,57,0.0,0,0.0,0
2025-11-15 17:11:54,1,71,17.7,98,8.5,1007.6,3,5,42,0.0,0,0.0,0
2025-11-15 17:12:55,1,71,17.6,98,8.6,1007.6,3,5,50,0.0,0,0.0,0
2025-11-15 17:13:56,1,71,17.6,98,8.6,1007.5,2,5,44,0.0,0,0.0,0
2025-11-15 17:14:57,1,71,17.6,98,8.6,1007.5,4,9,42,0.0,0,0.0,0
2025-11-15 17:15:58,1,71,17.6,98,8.6,1007.6,5,9,17,0.0,0,0.0,0
2025-11-15 17:16:59,1,71,17.7,98,8.6,1007.6,3,7,48,0.0,0,0.0,0
2025-11-15 17:18:00,1,71,17.6,98,8.6,1007.5,5,7,33,0.0,0,0.0,0
2025-11-15 17:19:01,1,71,17.6,98,8.6,1007.4,4,9,55,0.0,0,0.0,0
2025-11-15 17:20:02,1,71,17.6,98,8.6,1007.5,1,9,25,0.0,0,0.0,0
2025-11-15 17:21:03,1,71,17.6,98,8.6,1007.4,3,5,48,0.0,0,0.0,0
2025-11-15 17:22:04,1,71,17.6,98,8.6,1007.6,4,7,35,0.0,0,0.0,0
2025-11-15 17:23:05,1,71,17.6,98,8.6,1007.5,2,7,44,0.0,0,0.0,0
2025-11-15 17:24:06,1,71,17.6,98,8.6,1007.6,0,5,45,0.0,0,0.0,0
2025-11-15 17:25:07,1,71,17.6,98,8.6,1007.4,3,5,42,0.0,0,0.0,0
2025-11-15 17:26:08,1,71,17.6,98,8.6,1007.3,5,9,44,0.0,0,0.0,0
2025-11-15 17:27:09,1,71,17.6,98,8.5,1007.3,1,9,27,0.0,0,0.0,0
2025-11-15 17:28:10,1,71,17.6,98,8.5,1007.3,3,5,35,0.0,0,0.0,0
2025-11-15 17:29:11,1,71,17.6,98,8.5,1007.4,3,5,47,0.0,0,0.0,0
2025-11-15 17:30:12,1,71,17.6,98,8.5,1007.6,6,7,26,0.0,0,0.0,0
2025-11-15 17:31:13,1,71,17.6,98,8.5,1007.5,3,7,43,0.0,0,0.0,0
2025-11-15 17:32:14,1,71,17.6,98,8.5,1007.5,5,7,39,0.0,0,0.0,0
2025-11-15 17:33:15,1,71,17.6,98,8.5,1007.5,5,7,50,0.0,0,0.0,0
2025-11-15 17:34:16,1,71,17.6,98,8.5,1007.4,2,7,73,0.0,0,0.0,0
2025-11-15 17:35:17,1,71,17.6,98,8.5,1007.5,3,7,43,0.0,0,0.0,0
2025-11-15 17:36:18,1,71,17.6,98,8.5,1007.5,6,7,72,0.0,0,0.0,0
2025-11-15 17:37:19,1,71,17.6,98,8.5,1007.6,7,9,61,0.0,0,0.0,0
2025-11-15 17:38:20,1,71,17.6,98,8.5,1007.5,4,9,42,0.0,0,0.0,0
2025-11-15 17:39:21,1,71,17.6,98,8.5,1007.5,8,11,37,0.0,0,0.0,0
2025-11-15 17:40:22,1,71,17.6,98,8.5,1007.7,7,11,52,0.0,0,0.0,0
2025-11-15 17:41:23,1,71,17.6,98,8.5,1007.6,6,11,30,0.0,0,0.0,0
2025-11-15 17:42:24,1,71,17.6,98,8.5,1007.4,3,9,37,0.0,0,0.0,0
2025-11-15 17:43:25,1,71,17.6,98,8.5,1007.6,3,9,37,0.0,0,0.0,0
2025-11-15 17:44:26,1,71,17.6,98,8.5,1007.3,1,5,51,0.0,0,0.0,0
2025-11-15 17:45:27,1,71,17.6,98,8.5,1007.4,5,7,27,0.0,0,0.0,0
2025-11-15 17:46:28,1,71,17.6,98,8.5,1007.4,2,7,56,0.0,0,0.0,0
2025-11-15 17:47:29,1,71,17.6,98,8.5,1007.3,3,5,54,0.0,0,0.0,0
2025-11-15 17:48:30,1,71,17.6,98,8.5,1007.3,8,9,21,0.0,0,0.0,0
2025-11-15 17:49:31,1,71,17.6,98,8.5,1007.6,2,9,30,0.0,0,0.0,0
2025-11-15 17:50:32,1,71,17.6,98,8.5,1007.5,3,7,62,0.0,0,0.0,0
2025-11-15 17:51:33,1,71,17.6,98,8.5,1007.5,6,9,37,0.0,0,0.0,0
2025-11-15 17:52:34,1,71,17.6,98,8.5,1007.4,7,11,24,0.0,0,0.0,0
2025-11-15 17:53:35,1,71,17.6,98,8.5,1007.5,4,11,29,0.0,0,0.0,0
2025-11-15 17:54:36,1,71,17.6,98,8.5,1007.3,6,9,35,0.0,0,0.0,0
2025-11-15 17:55:37,1,71,17.6,98,8.5,1007.5,2,9,31,0.0,0,0.0,0
2025-11-15 17:56:38,1,71,17.6,98,8.5,1007.6,1,3,61,0.0,0,0.0,0
2025-11-15 17:57:39,1,71,17.6,98,8.5,1007.5,1,5,59,0.0,0,0.0,0
2025-11-15 17:58:40,1,71,17.6,98,8.5,1007.6,1,5,53,0.0,0,0.0,0
2025-11-15 17:59:41,1,71,17.6,98,8.5,1007.5,0,3,53,0.0,0,0.0,0
2025-11-15 18:00:42,1,71,17.6,98,8.5,1007.6,2,3,27,0.0,0,0.0,0
2025-11-15 18:01:43,1,71,17.6,98,8.5,1007.8,1,3,41,0.0,0,0.0,0
2025-11-15 18:02:44,1,71,17.6,98,8.5,1007.5,3,5,66,0.0,0,0.0,0
2025-11-15 18:03:45,1,71,17.6,98,8.5,1007.7,2,7,35,0.0,0,0.0,0
2025-11-15 18:04:46,1,71,17.6,98,8.5,1007.6,2,7,34,0.0,0,0.0,0
2025-11-15 18:05:47,1,71,17.6,98,8.5,1007.6,0,5,35,0.0,0,0.0,0
2025-11-15 18:06:48,1,71,17.6,98,8.5,1007.7,4,7,37,0.0,0,0.0,0
2025-11-15 18:07:49,1,71,17.6,98,8.5,1007.7,0,7,48,0.0,0,0.0,0
2025-11-15 18:08:50,1,71,17.6,98,8.5,1007.6,4,7,42,0.0,0,0.0,0
2025-11-15 18:09:51,1,71,17.6,98,8.5,1007.5,4,7,49,0.0,0,0.0,0
2025-11-15 18:10:52,1,71,17.6,98,8.5,1007.7,3,7,20,0.0,0,0.0,0
2025-11-15 18:11:53,1,71,17.5,98,8.5,1007.6,3,9,35,0.0,0,0.0,0
2025-11-15 18:12:54,1,71,17.6,98,8.5,1007.5,5,7,38,0.0,0,0.0,0
2025-11-15 18:13:55,1,71,17.6,98,8.5,1007.7,3,7,38,0.0,0,0.0,0
2025-11-15 18:14:56,1,71,17.6,98,8.5,1007.6,5,11,27,0.0,0,0.0,0
2025-11-15 18:15:57,1,71,17.6,98,8.5,1007.6,5,11,44,0.0,0,0.0,0
2025-11-15 18:16:58,1,71,17.6,98,8.4,1007.5,3,9,34,0.0,0,0.0,0
2025-11-15 18:17:59,1,71,17.6,98,8.4,1007.4,3,7,41,0.0,0,0.0,0
2025-11-15 18:19:00,1,71,17.6,98,8.4,1007.5,6,9,67,0.0,0,0.0,0
2025-11-15 18:20:01,1,71,17.6,98,8.4,1007.5,6,11,39,0.0,0,0.0,0
2025-11-15 18:21:02,1,71,17.6,98,8.4,1007.5,3,9,27,0.0,0,0.0,0
2025-11-15 18:22:03,1,71,17.5,98,8.4,1007.6,4,9,53,0.0,0,0.0,0
2025-11-15 18:23:04,1,71,17.6,98,8.4,1007.6,4,9,50,0.0,0,0.0,0
2025-11-15 18:24:05,1,71,17.5,98,8.4,1007.7,5,7,35,0.0,0,0.0,0
2025-11-15 18:25:06,1,71,17.5,98,8.4,1007.7,3,7,43,0.0,0,0.0,0
2025-11-15 18:26:07,1,71,17.6,98,8.4,1007.5,4,7,29,0.0,0,0.0,0
2025-11-15 18:27:08,1,71,17.5,98,8.4,1007.6,2,7,37,0.0,0,0.0,0
2025-11-15 18:28:09,1,71,17.6,98,8.4,1007.5,2,5,51,0.0,0,0.0,0
2025-11-15 18:29:10,1,71,17.6,98,8.4,1007.7,3,5,48,0.0,0,0.0,0
2025-11-15 18:30:11,1,71,17.5,98,8.4,1007.6,5,7,69,0.0,0,0.0,0
2025-11-15 18:31:12,1,71,17.5,98,8.4,1007.6,3,7,54,0.0,0,0.0,0
2025-11-15 18:32:13,1,71,17.5,98,8.4,1007.7,5,7,50,0.0,0,0.0,0
2025-11-15 18:33:14,1,71,17.5,98,8.4,1007.8,1,7,29,0.0,0,0.0,0
2025-11-15 18:34:15,1,70,17.6,98,8.4,1007.8,3,7,37,0.0,0,0.0,0
2025-11-15 18:35:16,1,70,17.6,98,8.5,1007.7,2,7,40,0.0,0,0.0,0
2025-11-15 18:36:17,1,70,17.5,98,8.5,1007.6,5,7,56,0.0,0,0.0,0
2025-11-15 18:37:18,1,70,17.6,98,8.4,1007.9,4,7,37,0.0,0,0.0,0
2025-11-15 18:38:19,1,70,17.5,98,8.4,1007.6,4,7,39,0.0,0,0.0,0
2025-11-15 18:39:20,1,70,17.5,98,8.4,1007.6,3,7,22,0.0,0,0.0,0
2025-11-15 18:40:21,1,70,17.5,98,8.4,1007.6,6,9,21,0.0,0,0.0,0
2025-11-15 18:41:22,1,70,17.5,98,8.4,1007.6,2,9,19,0.0,0,0.0,0
2025-11-15 18:42:23,1,70,17.5,98,8.4,1007.7,4,7,28,0.0,0,0.0,0
2025-11-15 18:43:24,1,70,17.5,98,8.4,1007.7,6,7,32,0.0,0,0.0,0
2025-11-15 18:44:25,1,70,17.5,98,8.4,1007.5,5,7,28,0.0,0,0.0,0
2025-11-15 18:45:26,1,70,17.5,98,8.4,1007.5,4,7,47,0.0,0,0.0,0
2025-11-15 18:46:27,1,70,17.5,98,8.4,1007.8,6,9,27,0.0,0,0.0,0
2025-11-15 18:47:28,1,70,17.5,98,8.4,1007.6,7,9,20,0.0,0,0.0,0
2025-11-15 18:48:29,1,70,17.5,98,8.4,1007.7,0,9,44,0.0,0,0.0,0
2025-11-15 18:49:30,1,70,17.5,98,8.4,1007.5,2,7,39,0.0,0,0.0,0
2025-11-15 18:50:31,1,70,17.5,98,8.4,1007.5,2,7,30,0.0,0,0.0,0
2025-11-15 18:51:32,1,70,17.5,98,8.4,1007.6,3,5,50,0.0,0,0.0,0
2025-11-15 18:52:33,1,70,17.5,98,8.4,1007.7,1,7,42,0.0,0,0.0,0
2025-11-15 18:53:34,1,70,17.5,98,8.4,1007.6,2,5,23,0.0,0,0.0,0
2025-11-15 18:54:35,1,70,17.5,98,8.4,1007.6,5,7,1,0.0,0,0.0,0
2025-11-15 18:55:36,1,70,17.5,98,8.4,1007.7,2,7,24,0.0,0,0.0,0
2025-11-15 18:56:37,1,70,17.5,98,8.4,1007.5,6,11,32,0.0,0,0.0,0
2025-11-15 18:57:38,1,70,17.5,98,8.4,1007.5,3,11,65,0.0,0,0.0,0
2025-11-15 18:58:39,1,70,17.5,98,8.4,1007.8,3,9,54,0.0,0,0.0,0
2025-11-15 18:59:40,1,70,17.5,98,8.4,1007.5,4,5,35,0.0,0,0.0,0
2025-11-15 19:00:41,1,70,17.5,98,8.4,1007.4,7,9,39,0.0,0,0.0,0
2025-11-15 19:01:42,1,70,17.5,98,8.4,1007.5,5,9,21,0.0,0,0.0,0
2025-11-15 19:02:43,1,70,17.5,98,8.4,1007.5,5,7,58,0.0,0,0.0,0
2025-11-15 19:03:44,1,70,17.5,98,8.4,1007.5,4,9,39,0.0,0,0.0,0
2025-11-15 19:04:45,1,70,17.5,98,8.4,1007.5,3,9,12,0.0,0,0.0,0
2025-11-15 19:05:46,1,70,17.5,98,8.4,1007.5,4,9,42,0.0,0,0.0,0
2025-11-15 19:06:47,1,70,17.5,98,8.4,1007.5,6,9,28,0.0,0,0.0,0
2025-11-15 19:07:48,1,70,17.5,98,8.4,1007.5,6,9,22,0.0,0,0.0,0
2025-11-15 19:08:49,1,70,17.5,98,8.3,1007.3,5,11,40,0.0,0,0.0,0
2025-11-15 19:09:50,1,70,17.5,98,8.3,1007.5,6,11,35,0.0,0,0.0,0
2025-11-15 19:10:51,1,70,17.5,98,8.3,1007.5,4,9,53,0.0,0,0.0,0
2025-11-15 19:11:52,1,70,17.5,98,8.3,1007.5,5,7,53,0.0,0,0.0,0
2025-11-15 19:12:53,1,70,17.5,98,8.3,1007.7,7,9,40,0.0,0,0.0,0
2025-11-15 19:13:54,1,70,17.5,98,8.3,1007.4,2,9,60,0.0,0,0.0,0
2025-11-15 19:14:55,1,70,17.5,98,8.4,1007.6,4,7,24,0.0,0,0.0,0
2025-11-15 19:15:56,1,70,17.5,98,8.4,1007.4,4,7,5,0.0,0,0.0,0
2025-11-15 19:16:57,1,70,17.5,98,8.4,1007.5,3,7,51,0.0,0,0.0,0
2025-11-15 19:17:58,1,70,17.5,98,8.4,1007.4,5,11,17,0.0,0,0.0,0
2025-11-15 19:18:59,1,70,17.5,98,8.4,1007.5,6,11,49,0.0,0,0.0,0
2025-11-15 19:20:00,1,70,17.5,98,8.3,1007.5,4,11,40,0.0,0,0.0,0
2025-11-15 19:21:01,1,70,17.5,98,8.3,1007.4,5,11,22,0.0,0,0.0,0
2025-11-15 19:22:02,1,70,17.5,98,8.3,1007.6,7,11,28,0.0,0,0.0,0
2025-11-15 19:23:03,1,70,17.5,98,8.3,1007.5,9,11,41,0.0,0,0.0,0
2025-11-15 19:24:04,1,70,17.5,98,8.3,1007.6,4,11,50,0.0,0,0.0,0
2025-11-15 19:25:05,1,70,17.5,98,8.3,1007.7,6,9,39,0.0,0,0.0,0
2025-11-15 19:26:06,1,70,17.5,98,8.3,1007.7,6,11,43,0.0,0,0.0,0
2025-11-15 19:27:07,1,70,17.5,98,8.3,1007.6,5,9,41,0.0,0,0.0,0
2025-11-15 19:28:08,1,70,17.5,98,8.3,1007.5,3,7,52,0.0,0,0.0,0
2025-11-15 19:29:09,1,70,17.5,98,8.3,1007.5,3,9,50,0.0,0,0.0,0
2025-11-15 19:30:10,1,70,17.5,98,8.3,1007.5,5,9,35,0.0,0,0.0,0
2025-11-15 19:31:11,1,70,17.5,98,8.3,1007.5,3,5,31,0.0,0,0.0,0
2025-11-15 19:32:12,1,70,17.5,98,8.3,1007.6,6,7,32,0.0,0,0.0,0
2025-11-15 19:33:13,1,70,17.5,98,8.3,1007.5,5,11,28,0.0,0,0.0,0
2025-11-15 19:34:14,1,70,17.5,98,8.3,1007.5,3,11,35,0.0,0,0.0,0
2025-11-15 19:35:15,1,70,17.5,98,8.3,1007.6,7,11,43,0.0,0,0.0,0
2025-11-15 19:36:16,1,70,17.5,98,8.3,1007.6,11,12,19,0.0,0,0.0,0
2025-11-15 19:37:17,1,70,17.5,98,8.2,1007.6,4,12,55,0.0,0,0.0,0
2025-11-15 19:38:18,1,70,17.5,98,8.2,1007.5,2,9,36,0.0,0,0.0,0
2025-11-15 19:39:19,1,70,17.5,98,8.2,1007.7,7,9,73,0.0,0,0.0,0
2025-11-15 19:40:20,1,70,17.5,98,8.2,1007.5,6,9,38,0.0,0,0.0,0
2025-11-15 19:41:21,1,70,17.5,98,8.2,1007.7,3,9,37,0.0,0,0.0,0
2025-11-15 19:42:22,1,70,17.5,98,8.2,1007.5,3,7,33,0.0,0,0.0,0
2025-11-15 19:43:23,1,70,17.5,98,8.2,1007.6,6,9,52,0.0,0,0.0,0
2025-11-15 19:44:24,1,70,17.5,98,8.3,1007.6,6,9,36,0.0,0,0.0,0
2025-11-15 19:45:25,1,70,17.5,98,8.3,1007.6,5,11,36,0.0,0,0.0,0
2025-11-15 19:46:26,1,70,17.5,98,8.3,1007.6,6,12,27,0.0,0,0.0,0
2025-11-15 19:47:27,1,70,17.5,98,8.3,1007.5,5,7,31,0.0,0,0.0,0
2025-11-15 19:48:28,1,70,17.5,98,8.2,1007.7,5,7,17,0.0,0,0.0,0
2025-11-15 19:49:29,1,70,17.5,98,8.3,1007.6,1,7,29,0.0,0,0.0,0
2025-11-15 19:50:30,1,70,17.5,98,8.3,1007.6,4,9,20,0.0,0,0.0,0
2025-11-15 19:51:31,1,70,17.5,98,8.3,1007.8,2,9,29,0.0,0,0.0,0
2025-11-15 19:52:32,1,70,17.5,98,8.3,1007.6,4,9,58,0.0,0,0.0,0
2025-11-15 19:53:33,1,70,17.5,98,8.2,1007.7,6,11,64,0.0,0,0.0,0
2025-11-15 19:54:34,1,70,17.5,98,8.2,1007.8,5,12,28,0.0,0,0.0,0
2025-11-15 19:55:35,1,70,17.5,98,8.2,1007.7,3,9,14,0.0,0,0.0,0
2025-11-15 19:56:36,1,70,17.5,98,8.2,1007.6,6,9,46,0.0,0,0.0,0
2025-11-15 19:57:37,1,70,17.5,98,8.2,1007.7,3,9,49,0.0,0,0.0,0
2025-11-15 19:58:38,1,70,17.5,98,8.2,1007.5,3,9,42,0.0,0,0.0,0
2025-11-15 19:59:39,1,70,17.5,98,8.2,1007.5,2,7,48,0.0,0,0.0,0
2025-11-15 20:00:40,1,70,17.5,98,8.2,1007.6,5,7,37,0.0,0,0.0,0
2025-11-15 20:01:41,1,70,17.5,98,8.2,1007.5,3,7,55,0.0,0,0.0,0
2025-11-15 20:02:42,1,70,17.5,98,8.2,1007.6,2,5,38,0.0,0,0.0,0
2025-11-15 20:03:43,1,70,17.5,98,8.2,1007.7,7,9,46,0.0,0,0.0,0
2025-11-15 20:04:44,1,70,17.5,98,8.2,1007.7,5,9,35,0.0,0,0.0,0
2025-11-15 20:05:45,1,70,17.5,98,8.2,1007.5,7,11,59,0.0,0,0.0,0
2025-11-15 20:06:46,1,70,17.5,98,8.2,1007.7,6,12,28,0.0,0,0.0,0
2025-11-15 20:07:47,1,70,17.5,98,8.1,1007.7,7,12,23,0.0,0,0.0,0
2025-11-15 20:08:48,1,70,17.5,98,8.1,1007.5,7,12,28,0.0,0,0.0,0
2025-11-15 20:09:49,1,70,17.5,98,8.1,1007.6,3,11,45,0.0,0,0.0,0
2025-11-15 20:10:50,1,70,17.5,98,8.1,1007.6,7,11,15,0.0,0,0.0,0
2025-11-15 20:11:51,1,70,17.5,98,8.1,1007.6,6,11,48,0.0,0,0.0,0
2025-11-15 20:12:52,1,69,17.5,98,8.1,1007.7,1,11,51,0.0,0,0.0,0
2025-11-15 20:13:53,1,69,17.5,98,8.1,1007.6,7,11,53,0.0,0,0.0,0
2025-11-15 20:14:54,1,69,17.5,98,8.1,1007.6,4,9,49,0.0,0,0.0,0
2025-11-15 20:15:55,1,69,17.4,98,8.1,1007.7,4,9,26,0.0,0,0.0,0
2025-11-15 20:16:56,1,69,17.5,98,8.1,1007.6,6,9,42,0.0,0,0.0,0
2025-11-15 20:17:57,1,69,17.5,98,8.1,1007.6,9,12,47,0.0,0,0.0,0
2025-11-15 20:18:58,1,69,17.5,98,8.1,1007.6,7,12,60,0.0,0,0.0,0
2025-11-15 20:19:59,1,69,17.5,98,8.1,1007.5,7,11,33,0.0,0,0.0,0
2025-11-15 20:21:00,1,69,17.5,98,8.1,1007.5,5,11,54,0.0,0,0.0,0
2025-11-15 20:22:01,1,69,17.4,98,8.1,1007.7,6,11,39,0.0,0,0.0,0
2025-11-15 20:23:02,1,69,17.5,98,8.1,1007.5,10,14,42,0.0,0,0.0,0
2025-11-15 20:24:03,1,69,17.4,98,8.1,1007.7,6,14,33,0.0,0,0.0,0
2025-11-15 20:25:04,1,69,17.4,98,8.0,1007.6,7,14,56,0.0,0,0.0,0
2025-11-15 20:26:05,1,69,17.4,98,8.0,1007.6,4,11,35,0.0,0,0.0,0
2025-11-15 20:27:06,1,69,17.4,98,8.0,1007.6,6,9,32,0.0,0,0.0,0
2025-11-15 20:28:07,1,69,17.5,98,8.0,1007.6,3,12,36,0.0,0,0.0,0
2025-11-15 20:29:08,1,69,17.4,98,8.0,1007.7,6,12,41,0.0,0,0.0,0
2025-11-15 20:30:09,1,69,17.4,98,8.0,1007.6,7,9,28,0.0,0,0.0,0
2025-11-15 20:31:10,1,69,17.4,98,8.0,1007.6,10,14,40,0.0,0,0.0,0
2025-11-15 20:32:11,1,69,17.4,98,8.0,1007.6,5,14,31,0.0,0,0.0,0
2025-11-15 20:33:12,1,69,17.5,98,8.0,1007.7,5,9,34,0.0,0,0.0,0
2025-11-15 20:34:13,1,69,17.4,98,8.0,1007.6,4,11,50,0.0,0,0.0,0
2025-11-15 20:35:14,1,69,17.5,98,8.0,1007.5,8,11,31,0.0,0,0.0,0
2025-11-15 20:36:15,1,69,17.4,98,8.1,1007.7,8,11,4,0.0,0,0.0,0
2025-11-15 20:37:16,1,69,17.4,98,8.1,1007.5,7,11,31,0.0,0,0.0,0
2025-11-15 20:38:17,1,69,17.4,98,8.1,1007.5,7,11,26,0.0,0,0.0,0
2025-11-15 20:39:18,1,69,17.4,98,8.1,1007.5,12,16,9,0.0,0,0.0,0
2025-11-15 20:40:19,1,69,17.4,98,8.1,1007.4,11,18,52,0.0,0,0.0,0
2025-11-15 20:41:20,1,69,17.4,98,8.0,1007.4,5,18,12,0.0,0,0.0,0
2025-11-15 20:42:21,1,69,17.4,98,8.0,1007.5,2,14,13,0.0,0,0.0,0
2025-11-15 20:43:22,1,69,17.4,98,8.0,1007.5,3,9,55,0.0,0,0.0,0
2025-11-15 20:44:23,1,69,17.4,98,8.0,1007.5,6,11,51,0.0,0,0.0,0
2025-11-15 20:45:24,1,69,17.4,98,8.0,1007.5,7,11,29,0.0,0,0.0,0
2025-11-15 20:46:25,1,69,17.4,98,8.0,1007.5,4,9,34,0.0,0,0.0,0
2025-11-15 20:47:26,1,69,17.4,98,8.0,1007.7,3,7,42,0.0,0,0.0,0
2025-11-15 20:48:27,1,69,17.4,98,8.0,1007.5,2,9,74,0.0,0,0.0,0
2025-11-15 20:49:28,1,69,17.4,98,8.0,1007.6,1,9,3,0.0,0,0.0,0
2025-11-15 20:50:29,1,69,17.4,98,8.0,1007.4,4,11,19,0.0,0,0.0,0
2025-11-15 20:51:30,1,69,17.4,98,8.0,1007.5,2,7,16,0.0,0,0.0,0
2025-11-15 20:52:31,1,69,17.4,98,8.0,1007.5,7,9,29,0.0,0,0.0,0
2025-11-15 20:53:32,1,69,17.4,98,8.0,1007.5,7,11,31,0.0,0,0.0,0
2025-11-15 20:54:33,1,69,17.4,98,7.9,1007.5,5,11,34,0.0,0,0.0,0
2025-11-15 20:55:34,1,69,17.4,98,7.9,1007.6,6,9,39,0.0,0,0.0,0
2025-11-15 20:56:35,1,69,17.4,98,7.9,1007.5,7,9,30,0.0,0,0.0,0
2025-11-15 20:57:36,1,69,17.4,98,7.9,1007.4,6,9,58,0.0,0,0.0,0
2025-11-15 20:58:37,1,69,17.4,98,7.9,1007.4,8,11,21,0.0,0,0.0,0
2025-11-15 20:59:38,1,69,17.4,98,7.9,1007.7,3,11,21,0.0,0,0.0,0
2025-11-15 21:00:39,1,69,17.4,98,7.9,1007.6,2,7,35,0.0,0,0.0,0
2025-11-15 21:01:40,1,69,17.4,98,7.9,1007.4,4,7,48,0.0,0,0.0,0
2025-11-15 21:02:41,1,69,17.4,98,7.9,1007.6,6,14,14,0.0,0,0.0,0
2025-11-15 21:03:42,1,69,17.4,98,7.9,1007.5,6,14,13,0.0,0,0.0,0
2025-11-15 21:04:43,1,69,17.4,98,7.9,1007.6,5,14,30,0.0,0,0.0,0
2025-11-15 21:05:44,1,69,17.4,98,7.8,1007.4,7,14,16,0.0,0,0.0,0
2025-11-15 21:06:45,1,69,17.4,98,7.8,1007.6,3,11,31,0.0,0,0.0,0
2025-11-15 21:07:46,1,69,17.4,98,7.8,1007.5,3,9,28,0.0,0,0.0,0
2025-11-15 21:08:47,1,69,17.4,98,7.8,1007.3,3,5,50,0.0,0,0.0,0
2025-11-15 21:09:48,1,69,17.4,98,7.8,1007.3,4,7,42,0.0,0,0.0,0
2025-11-15 21:10:49,1,69,17.4,98,7.8,1007.5,3,9,17,0.0,0,0.0,0
2025-11-15 21:11:50,1,69,17.4,98,7.8,1007.5,2,7,16,0.0,0,0.0,0
2025-11-15 21:12:51,1,69,17.4,98,7.8,1007.5,5,7,28,0.0,0,0.0,0
2025-11-15 21:13:52,1,69,17.4,98,7.8,1007.5,7,7,38,0.0,0,0.0,0
2025-11-15 21:14:53,1,69,17.4,98,7.8,1007.4,9,12,40,0.0,0,0.0,0
2025-11-15 21:15:54,1,69,17.4,98,7.8,1007.4,4,12,47,0.0,0,0.0,0
2025-11-15 21:16:55,1,69,17.4,98,7.8,1007.6,3,7,30,0.0,0,0.0,0
2025-11-15 21:17:56,1,69,17.4,98,7.8,1007.5,7,11,41,0.0,0,0.0,0
2025-11-15 21:18:57,1,69,17.4,98,7.8,1007.5,5,11,41,0.0,0,0.0,0
2025-11-15 21:19:58,1,69,17.4,98,7.8,1007.5,7,12,7,0.0,0,0.0,0
2025-11-15 21:20:59,1,69,17.4,98,7.8,1007.3,7,12,57,0.0,0,0.0,0
2025-11-15 21:22:00,1,69,17.4,98,7.8,1007.5,3,11,11,0.0,0,0.0,0
2025-11-15 21:23:01,1,69,17.4,98,7.8,1007.6,7,9,54,0.0,0,0.0,0
2025-11-15 21:24:02,1,69,17.4,98,7.8,1007.6,7,9,22,0.0,0,0.0,0
2025-11-15 21:25:03,1,69,17.4,98,7.8,1007.5,6,9,41,0.0,0,0.0,0
2025-11-15 21:26:04,1,69,17.4,98,7.8,1007.5,1,7,345,0.0,0,0.0,0
2025-11-15 21:27:05,1,69,17.4,98,7.8,1007.6,1,5,45,0.0,0,0.0,0
2025-11-15 21:28:06,1,69,17.4,98,7.8,1007.6,9,14,16,0.0,0,0.0,0
2025-11-15 21:29:07,1,69,17.4,98,7.8,1007.6,7,14,46,0.0,0,0.0,0
2025-11-15 21:30:08,1,69,17.4,98,7.8,1007.5,0,14,54,0.0,0,0.0,0
2025-11-15 21:31:09,1,69,17.4,98,7.8,1007.6,3,11,1,0.0,0,0.0,0
2025-11-15 21:32:10,1,69,17.4,98,7.8,1007.7,7,11,27,0.0,0,0.0,0
2025-11-15 21:33:11,1,69,17.4,98,7.8,1007.5,3,11,8,0.0,0,0.0,0
2025-11-15 21:34:12,1,69,17.4,98,7.8,1007.5,7,11,48,0.0,0,0.0,0
2025-11-15 21:35:13,1,69,17.4,98,7.8,1007.7,4,11,42,0.0,0,0.0,0
2025-11-15 21:36:14,1,69,17.4,98,7.8,1007.5,6,11,24,0.0,0,0.0,0
2025-11-15 21:37:15,1,69,17.4,98,7.7,1007.7,6,11,23,0.0,0,0.0,0
2025-11-15 21:38:16,1,69,17.4,98,7.7,1007.5,2,9,42,0.0,0,0.0,0
2025-11-15 21:39:17,1,69,17.4,98,7.8,1007.5,4,7,43,0.0,0,0.0,0
2025-11-15 21:40:18,1,69,17.4,98,7.8,1007.5,2,7,32,0.0,0,0.0,0
2025-11-15 21:41:19,1,69,17.4,98,7.8,1007.5,8,11,28,0.0,0,0.0,0
2025-11-15 21:42:20,1,69,17.4,98,7.8,1007.4,6,11,53,0.0,0,0.0,0
2025-11-15 21:43:21,1,69,17.4,98,7.8,1007.5,8,11,18,0.0,0,0.0,0
2025-11-15 21:44:22,1,69,17.4,98,7.8,1007.5,6,11,45,0.0,0,0.0,0
2025-11-15 21:45:23,1,69,17.4,98,7.7,1007.4,1,9,37,0.0,0,0.0,0
2025-11-15 21:46:24,1,69,17.4,98,7.7,1007.4,5,11,0,0.0,0,0.0,0
2025-11-15 21:47:25,1,69,17.4,98,7.8,1007.3,9,12,15,0.0,0,0.0,0
2025-11-15 21:48:26,1,69,17.4,98,7.8,1007.5,7,12,46,0.0,0,0.0,0
2025-11-15 21:49:27,1,69,17.4,98,7.8,1007.6,7,12,42,0.0,0,0.0,0
2025-11-15 21:50:28,1,69,17.4,98,7.7,1007.3,5,12,39,0.0,0,0.0,0
2025-11-15 21:51:29,1,69,17.4,98,7.7,1007.3,4,9,32,0.0,0,0.0,0
2025-11-15 21:52:30,1,69,17.4,98,7.7,1007.4,7,11,40,0.0,0,0.0,0
2025-11-15 21:53:31,1,69,17.4,98,7.7,1007.3,3,11,25,0.0,0,0.0,0
2025-11-15 21:54:32,1,69,17.4,98,7.7,1007.3,7,9,44,0.0,0,0.0,0
2025-11-15 21:55:33,1,69,17.4,98,7.8,1007.4,2,9,52,0.0,0,0.0,0
2025-11-15 21:56:34,1,69,17.4,98,7.8,1007.4,1,5,45,0.0,0,0.0,0
2025-11-15 21:57:35,1,69,17.4,98,7.8,1007.2,6,9,43,0.0,0,0.0,0
2025-11-15 21:58:36,1,69,17.4,98,7.8,1007.3,7,11,38,0.0,0,0.0,0
2025-11-15 21:59:37,1,69,17.4,98,7.8,1007.5,9,11,34,0.0,0,0.0,0
2025-11-15 22:00:38,1,69,17.4,98,7.8,1007.3,7,11,29,0.0,0,0.0,0
2025-11-15 22:01:39,1,69,17.4,98,7.8,1007.3,7,12,57,0.0,0,0.0,0
2025-11-15 22:02:40,1,69,17.4,98,7.8,1007.2,4,12,22,0.0,0,0.0,0
2025-11-15 22:03:41,1,69,17.4,98,7.8,1007.1,3,11,43,0.0,0,0.0,0
2025-11-15 22:04:42,1,69,17.4,98,7.8,1007.4,6,9,31,0.0,0,0.0,0
2025-11-15 22:05:43,1,69,17.4,98,7.8,1007.3,7,11,18,0.0,0,0.0,0
2025-11-15 22:06:44,1,69,17.4,98,7.8,1007.2,6,12,48,0.0,0,0.0,0
2025-11-15 22:07:45,1,69,17.4,98,7.8,1007.3,10,12,21,0.0,0,0.0,0
2025-11-15 22:08:46,1,69,17.4,98,7.8,1007.2,6,12,38,0.0,0,0.0,0
2025-11-15 22:09:47,1,69,17.4,98,7.7,1007.2,6,11,31,0.0,0,0.0,0
2025-11-15 22:10:48,1,69,17.4,98,7.7,1007.4,6,9,44,0.0,0,0.0,0
2025-11-15 22:11:49,1,69,17.4,98,7.7,1007.4,6,12,27,0.0,0,0.0,0
2025-11-15 22:12:50,1,69,17.4,98,7.7,1007.2,8,14,45,0.0,0,0.0,0
2025-11-15 22:13:51,1,69,17.4,98,7.7,1007.2,5,14,42,0.0,0,0.0,0
2025-11-15 22:14:52,1,69,17.4,98,7.7,1007.3,2,11,36,0.0,0,0.0,0
2025-11-15 22:15:53,1,69,17.4,98,7.7,1007.2,3,11,61,0.0,0,0.0,0
2025-11-15 22:16:54,1,69,17.4,98,7.7,1007.3,7,11,32,0.0,0,0.0,0
2025-11-15 22:17:55,1,69,17.4,98,7.7,1007.2,2,9,55,0.0,0,0.0,0
2025-11-15 22:18:56,1,69,17.4,98,7.7,1007.2,6,9,56,0.0,0,0.0,0
2025-11-15 22:19:57,1,69,17.4,98,7.7,1007.2,5,11,47,0.0,0,0.0,0
2025-11-15 22:20:58,1,70,17.4,98,7.7,1007.2,2,9,44,0.0,0,0.0,0
2025-11-15 22:21:59,1,70,17.4,98,7.7,1007.3,5,9,22,0.0,0,0.0,0
2025-11-15 22:23:00,1,70,17.4,98,7.7,1007.4,2,7,33,0.0,0,0.0,0
2025-11-15 22:24:01,1,70,17.4,98,7.7,1007.3,2,5,27,0.0,0,0.0,0
2025-11-15 22:25:02,1,70,17.4,98,7.7,1007.3,5,9,39,0.0,0,0.0,0
2025-11-15 22:26:03,1,70,17.4,98,7.7,1007.1,6,9,27,0.0,0,0.0,0
2025-11-15 22:27:04,1,70,17.4,98,7.7,1007.2,8,12,35,0.0,0,0.0,0
2025-11-15 22:28:05,1,70,17.4,98,7.7,1007.2,11,14,39,0.0,0,0.0,0
2025-11-15 22:29:06,1,70,17.4,98,7.7,1007.2,6,14,27,0.0,0,0.0,0
2025-11-15 22:30:07,1,70,17.4,98,7.7,1007.2,5,9,49,0.0,0,0.0,0
2025-11-15 22:31:08,1,70,17.4,98,7.7,1007.1,4,9,40,0.0,0,0.0,0
2025-11-15 22:32:09,1,70,17.4,98,7.7,1007.2,2,5,40,0.0,0,0.0,0
2025-11-15 22:33:11,1,70,17.5,98,7.7,1007.3,1,5,41,0.0,0,0.0,0
2025-11-15 22:34:12,1,70,17.5,98,7.7,1007.2,2,7,357,0.0,0,0.0,0
2025-11-15 22:35:13,1,70,17.5,98,7.7,1007.2,7,11,48,0.0,0,0.0,0
2025-11-15 22:36:14,1,70,17.5,98,7.7,1007.2,6,12,31,0.0,0,0.0,0
2025-11-15 22:37:15,1,70,17.5,98,7.7,1007.4,3,12,36,0.0,0,0.0,0
2025-11-15 22:38:16,1,70,17.4,98,7.7,1007.1,6,11,56,0.0,0,0.0,0
2025-11-15 22:39:17,1,70,17.4,98,7.7,1007.2,6,12,37,0.0,0,0.0,0
2025-11-15 22:40:18,1,70,17.4,98,7.7,1007.3,3,9,34,0.0,0,0.0,0
2025-11-15 22:41:19,1,70,17.5,98,7.7,1007.2,5,11,41,0.0,0,0.0,0
2025-11-15 22:42:20,1,70,17.4,98,7.6,1007.1,6,11,21,0.0,0,0.0,0
2025-11-15 22:43:21,1,70,17.5,98,7.6,1007.2,10,14,27,0.0,0,0.0,0
2025-11-15 22:44:22,1,70,17.4,98,7.6,1007.1,6,14,33,0.0,0,0.0,0
2025-11-15 22:45:23,1,70,17.4,98,7.7,1007.2,4,12,35,0.0,0,0.0,0
2025-11-15 22:46:24,1,70,17.5,98,7.7,1007.2,3,7,34,0.0,0,0.0,0
2025-11-15 22:47:25,1,70,17.4,98,7.7,1007.2,3,9,54,0.0,0,0.0,0
2025-11-15 22:48:26,1,70,17.5,98,7.7,1007.3,6,11,62,0.0,0,0.0,0
2025-11-15 22:49:27,1,70,17.4,98,7.7,1007.4,6,11,24,0.0,0,0.0,0
2025-11-15 22:50:28,1,70,17.4,98,7.7,1007.2,7,11,39,0.0,0,0.0,0
2025-11-15 22:51:29,1,70,17.4,98,7.6,1007.2,6,12,30,0.0,0,0.0,0
2025-11-15 22:52:30,1,70,17.4,98,7.6,1007.2,7,11,20,0.0,0,0.0,0
2025-11-15 22:53:31,1,70,17.4,98,7.7,1007.3,8,11,48,0.0,0,0.0,0
2025-11-15 22:54:32,1,70,17.5,98,7.7,1007.3,6,9,31,0.0,0,0.0,0
2025-11-15 22:55:33,1,70,17.4,98,7.7,1007.3,2,9,31,0.0,0,0.0,0
2025-11-15 22:56:34,1,70,17.4,98,7.7,1007.2,2,7,33,0.0,0,0.0,0
2025-11-15 22:57:35,1,70,17.4,98,7.7,1007.3,6,7,24,0.0,0,0.0,0
2025-11-15 22:58:36,1,70,17.4,98,7.7,1007.2,5,9,34,0.0,0,0.0,0
2025-11-15 22:59:37,1,70,17.4,98,7.7,1007.0,5,9,15,0.0,0,0.0,0
2025-11-15 23:00:38,1,70,17.4,98,7.7,1007.4,5,11,19,0.0,0,0.0,0
2025-11-15 23:01:39,1,70,17.4,98,7.7,1007.3,7,11,24,0.0,0,0.0,0
2025-11-15 23:02:40,1,70,17.4,98,7.7,1007.2,5,12,357,0.0,0,0.0,0
2025-11-15 23:03:41,1,70,17.4,98,7.6,1007.0,6,11,27,0.0,0,0.0,0
2025-11-15 23:04:42,1,70,17.4,98,7.6,1007.1,6,11,50,0.0,0,0.0,0
2025-11-15 23:05:43,1,70,17.4,98,7.6,1007.2,8,12,16,0.0,0,0.0,0
2025-11-15 23:06:44,1,70,17.4,98,7.6,1007.2,5,12,0,0.0,0,0.0,0
2025-11-15 23:07:45,1,70,17.4,98,7.6,1007.2,4,12,44,0.0,0,0.0,0
2025-11-15 23:08:46,1,70,17.4,98,7.6,1007.2,5,11,49,0.0,0,0.0,0
2025-11-15 23:09:47,1,70,17.4,98,7.6,1007.2,8,11,35,0.0,0,0.0,0
2025-11-15 23:10:48,1,70,17.4,98,7.6,1007.2,3,11,83,0.0,0,0.0,0
2025-11-15 23:11:49,1,70,17.4,98,7.6,1007.1,5,12,18,0.0,0,0.0,0
2025-11-15 23:12:50,1,70,17.4,98,7.6,1007.1,4,11,27,0.0,0,0.0,0
2025-11-15 23:13:51,1,70,17.4,98,7.6,1007.3,4,11,19,0.0,0,0.0,0
2025-11-15 23:14:52,1,70,17.4,98,7.6,1007.1,5,11,25,0.0,0,0.0,0
2025-11-15 23:15:53,1,70,17.4,98,7.6,1007.3,7,14,37,0.0,0,0.0,0
2025-11-15 23:16:54,1,70,17.4,98,7.6,1007.1,10,14,38,0.0,0,0.0,0
2025-11-15 23:17:55,1,70,17.4,98,7.6,1007.3,5,14,45,0.0,0,0.0,0
2025-11-15 23:18:56,1,70,17.4,98,7.6,1007.1,2,7,43,0.0,0,0.0,0
2025-11-15 23:19:57,1,70,17.4,98,7.6,1007.2,5,7,17,0.0,0,0.0,0
2025-11-15 23:20:58,1,70,17.4,98,7.6,1007.2,4,7,4,0.0,0,0.0,0
2025-11-15 23:21:59,1,70,17.4,98,7.6,1007.2,7,9,57,0.0,0,0.0,0
2025-11-15 23:23:00,1,70,17.4,98,7.6,1007.2,6,11,19,0.0,0,0.0,0
2025-11-15 23:24:01,1,70,17.4,98,7.6,1007.2,6,11,38,0.0,0,0.0,0
2025-11-15 23:25:02,1,70,17.4,98,7.6,1007.2,3,11,65,0.0,0,0.0,0
2025-11-15 23:26:03,1,70,17.4,98,7.6,1007.1,6,7,61,0.0,0,0.0,0
2025-11-15 23:27:04,1,70,17.4,98,7.6,1007.3,2,7,45,0.0,0,0.0,0
2025-11-15 23:28:05,1,70,17.4,98,7.6,1007.2,6,9,32,0.0,0,0.0,0
2025-11-15 23:29:06,1,70,17.4,98,7.6,1007.1,1,9,43,0.0,0,0.0,0
2025-11-15 23:30:07,1,70,17.4,98,7.6,1007.0,3,7,41,0.0,0,0.0,0
2025-11-15 23:31:08,1,70,17.4,98,7.6,1007.2,5,11,26,0.0,0,0.0,0
2025-11-15 23:32:09,1,70,17.4,98,7.6,1007.1,4,11,29,0.0,0,0.0,0
2025-11-15 23:33:11,1,70,17.4,98,7.6,1007.3,3,7,31,0.0,0,0.0,0
2025-11-15 23:34:12,1,70,17.4,98,7.6,1007.2,7,11,35,0.0,0,0.0,0
2025-11-15 23:35:13,1,70,17.4,98,7.6,1007.2,3,11,27,0.0,0,0.0,0
2025-11-15 23:36:14,1,70,17.4,98,7.6,1007.2,5,9,16,0.0,0,0.0,0
2025-11-15 23:37:15,1,70,17.4,98,7.6,1007.2,7,12,25,0.0,0,0.0,0
2025-11-15 23:38:16,1,70,17.4,98,7.6,1007.1,3,12,15,0.0,0,0.0,0
2025-11-15 23:39:17,1,70,17.4,98,7.6,1007.3,5,7,30,0.0,0,0.0,0
2025-11-15 23:40:18,1,70,17.4,98,7.6,1007.2,2,5,43,0.0,0,0.0,0
2025-11-15 23:41:19,1,70,17.4,98,7.6,1007.2,5,9,48,0.0,0,0.0,0
2025-11-15 23:42:20,1,70,17.4,98,7.6,1007.2,5,9,26,0.0,0,0.0,0
2025-11-15 23:43:21,1,70,17.4,98,7.6,1007.1,5,7,41,0.0,0,0.0,0
2025-11-15 23:44:22,1,70,17.4,98,7.6,1007.1,6,7,51,0.0,0,0.0,0
2025-11-15 23:45:23,1,70,17.3,98,7.6,1007.1,1,11,21,0.0,0,0.0,0
2025-11-15 23:46:24,1,70,17.4,98,7.6,1007.3,5,9,18,0.0,0,0.0,0
2025-11-15 23:47:25,1,70,17.4,98,7.6,1007.1,6,9,51,0.0,0,0.0,0
2025-11-15 23:48:26,1,70,17.4,98,7.6,1007.1,5,7,37,0.0,0,0.0,0
2025-11-15 23:49:27,1,70,17.4,98,7.6,1007.2,3,11,40,0.0,0,0.0,0
2025-11-15 23:50:28,1,70,17.3,98,7.5,1007.2,3,7,38,0.0,0,0.0,0
2025-11-15 23:51:29,1,70,17.4,98,7.5,1007.1,5,9,65,0.0,0,0.0,0
2025-11-15 23:52:30,1,70,17.3,98,7.5,1007.1,6,9,55,0.0,0,0.0,0
2025-11-15 23:53:31,1,70,17.4,98,7.5,1007.1,7,11,23,0.0,0,0.0,0
2025-11-15 23:54:32,1,70,17.3,98,7.5,1007.2,3,9,44,0.0,0,0.0,0
2025-11-15 23:55:33,1,70,17.3,98,7.5,1007.2,6,9,23,0.0,0,0.0,0
2025-11-15 23:56:34,1,70,17.3,98,7.5,1007.1,6,11,12,0.0,0,0.0,0
2025-11-15 23:57:35,1,70,17.4,98,7.5,1007.1,6,11,55,0.0,0,0.0,0
2025-11-15 23:58:36,1,70,17.3,98,7.5,1007.0,2,7,31,0.0,0,0.0,0
2025-11-15 23:59:37,1,70,17.3,98,7.5,1007.1,5,7,38,0.0,0,0.0,0
