2022-08-08 00:03:01,5,52,22.3,86,15.4,1029.2,0.0,0.0,15,2568.3,0
2022-08-08 00:08:01,5,52,22.3,86,15.2,1029.3,0.0,0.0,15,2568.3,0
2022-08-08 00:13:01,5,52,22.3,87,15.2,1029.1,0.0,0.7,15,2568.3,0
2022-08-08 00:18:01,5,52,22.3,87,15.1,1029.1,0.0,0.0,15,2568.3,0
2022-08-08 00:23:01,5,52,22.3,87,15.1,1029.2,0.0,0.0,15,2568.3,0
2022-08-08 00:28:01,5,52,22.3,87,15.1,1029.2,0.0,0.7,0,2568.3,0
2022-08-08 00:33:01,5,53,22.3,87,15.0,1029.2,0.0,0.0,0,2568.3,0
2022-08-08 00:38:01,5,53,22.3,88,15.0,1029.1,0.0,0.0,0,2568.3,0
2022-08-08 00:43:01,5,53,22.3,88,14.9,1029.2,0.0,0.7,0,2568.3,0
2022-08-08 00:48:01,5,53,22.3,88,14.8,1029.0,0.0,0.0,0,2568.3,0
2022-08-08 00:53:01,5,53,22.2,88,14.8,1029.1,0.0,0.0,0,2568.3,0
2022-08-08 00:58:01,5,53,22.2,88,14.7,1029.0,0.0,0.0,0,2568.3,0
2022-08-08 01:03:01,5,53,22.2,88,14.7,1029.1,0.0,0.0,0,2568.3,0
2022-08-08 01:08:01,5,53,22.2,88,14.8,1029.2,0.3,0.7,0,2568.3,0
2022-08-08 01:13:01,5,53,22.2,88,14.8,1029.1,0.0,0.0,0,2568.3,0
2022-08-08 01:18:01,5,53,22.2,87,14.8,1029.3,0.0,0.0,0,2568.3,0
2022-08-08 01:23:01,5,53,22.2,87,14.9,1029.2,0.0,0.0,0,2568.3,0
2022-08-08 01:28:01,5,53,22.2,87,14.9,1029.2,0.0,0.0,15,2568.3,0
2022-08-08 01:33:01,5,53,22.2,87,14.9,1029.1,0.0,0.0,15,2568.3,0
2022-08-08 01:38:01,5,53,22.2,87,14.9,1029.1,0.0,0.0,15,2568.3,0
2022-08-08 01:43:01,5,53,22.2,87,14.8,1029.1,0.0,0.0,15,2568.3,0
2022-08-08 01:48:01,5,53,22.2,87,14.9,1029.3,0.0,0.7,15,2568.3,0
2022-08-08 01:53:01,5,53,22.1,87,14.9,1029.2,0.0,0.0,0,2568.3,0
2022-08-08 01:58:01,5,53,22.1,87,14.8,1029.2,0.0,0.0,0,2568.3,0
2022-08-08 02:03:01,5,54,22.1,87,14.8,1029.2,0.0,0.0,0,2568.3,0
2022-08-08 02:08:01,5,54,22.1,88,14.7,1029.3,0.0,0.0,0,2568.3,0
2022-08-08 02:13:01,5,54,22.1,88,14.7,1029.2,0.0,0.0,0,2568.3,0
2022-08-08 02:18:01,5,54,22.1,88,14.7,1029.3,0.0,0.0,0,2568.3,0
2022-08-08 02:23:01,5,54,22.1,88,14.6,1029.4,0.0,0.0,0,2568.3,0
2022-08-08 02:28:01,5,54,22.1,88,14.6,1029.3,0.0,0.0,0,2568.3,0
2022-08-08 02:33:01,5,54,22.1,88,14.6,1029.3,0.0,0.0,0,2568.3,0
2022-08-08 02:38:01,5,54,22.1,88,14.6,1029.3,0.0,0.0,0,2568.3,0
2022-08-08 02:43:01,5,54,22.1,89,14.5,1029.3,0.0,0.0,0,2568.3,0
2022-08-08 02:48:01,5,54,22.0,89,14.5,1029.3,0.0,0.0,0,2568.3,0
2022-08-08 02:53:01,5,54,22.0,89,14.3,1029.4,0.0,0.0,0,2568.3,0
2022-08-08 02:58:01,5,55,21.9,89,14.3,1029.3,0.0,0.0,0,2568.3,0
2022-08-08 03:03:01,5,54,22.0,89,14.3,1029.4,0.0,0.0,0,2568.3,0
2022-08-08 03:08:01,5,55,21.9,89,14.3,1029.3,0.0,0.0,0,2568.3,0
2022-08-08 03:13:01,5,55,21.9,89,14.4,1029.2,0.0,0.0,0,2568.3,0
2022-08-08 03:18:01,5,55,21.9,89,14.2,1029.4,0.0,0.0,0,2568.3,0
2022-08-08 03:23:01,5,55,21.9,89,14.1,1029.3,0.0,0.0,0,2568.3,0
2022-08-08 03:28:01,5,55,21.9,90,14.1,1029.4,0.0,0.0,0,2568.3,0
2022-08-08 03:33:01,5,55,21.9,90,14.1,1029.5,0.0,0.0,0,2568.3,0
2022-08-08 03:38:01,5,55,21.9,90,14.1,1029.4,0.0,0.0,0,2568.3,0
2022-08-08 03:43:01,5,55,21.9,90,14.1,1029.6,0.0,0.0,0,2568.3,0
2022-08-08 03:48:01,5,55,21.8,90,14.1,1029.5,0.0,0.0,0,2568.3,0
2022-08-08 03:53:01,5,55,21.9,91,14.2,1029.7,0.0,0.7,0,2568.3,0
2022-08-08 03:58:01,5,55,21.9,91,14.2,1029.7,0.0,0.0,0,2568.3,0
2022-08-08 04:03:01,5,55,21.9,91,14.2,1029.8,0.0,0.0,0,2568.3,0
2022-08-08 04:08:01,5,55,21.8,91,14.2,1029.9,0.0,0.7,1,2568.3,0
2022-08-08 04:13:01,5,55,21.8,91,14.2,1029.9,0.0,0.0,0,2568.3,0
2022-08-08 04:18:01,5,55,21.8,91,14.2,1029.9,0.0,0.0,14,2568.3,0
2022-08-08 04:23:01,5,56,21.8,91,14.2,1030.0,0.0,0.0,14,2568.3,0
2022-08-08 04:28:01,5,56,21.8,91,14.2,1030.1,0.0,0.0,14,2568.3,0
2022-08-08 04:33:01,5,56,21.8,91,14.2,1030.1,0.0,0.0,14,2568.3,0
2022-08-08 04:38:01,5,56,21.8,91,14.2,1030.2,0.0,0.0,0,2568.3,0
2022-08-08 04:43:01,5,56,21.8,91,14.3,1030.2,0.0,0.0,15,2568.3,0
2022-08-08 04:48:01,5,56,21.8,91,14.3,1030.2,0.0,0.0,15,2568.3,0
2022-08-08 04:53:01,5,56,21.8,91,14.3,1030.2,0.0,0.0,15,2568.3,0
2022-08-08 04:58:01,5,56,21.8,91,14.4,1030.2,0.0,0.0,15,2568.3,0
2022-08-08 05:03:01,5,56,21.8,91,14.7,1030.2,0.0,0.0,15,2568.3,0
2022-08-08 05:08:01,5,56,21.8,90,14.8,1030.2,0.0,0.0,15,2568.3,0
2022-08-08 05:13:01,5,56,21.8,90,14.9,1030.3,0.0,0.0,15,2568.3,0
2022-08-08 05:18:01,5,56,21.8,89,15.5,1030.3,0.0,0.0,15,2568.3,0
2022-08-08 05:23:01,5,56,21.8,86,16.6,1030.3,0.0,0.0,0,2568.3,0
2022-08-08 05:28:01,5,56,21.8,84,17.2,1030.4,0.0,0.0,15,2568.3,0
2022-08-08 05:33:01,5,56,21.8,82,17.4,1030.4,0.0,0.7,1,2568.3,0
2022-08-08 05:38:01,5,56,21.9,81,17.4,1030.3,0.0,0.0,15,2568.3,0
2022-08-08 05:43:01,5,56,21.9,80,18.0,1030.3,0.0,0.0,15,2568.3,0
2022-08-08 05:48:01,5,55,22.1,79,18.2,1030.3,0.0,0.7,15,2568.3,0
2022-08-08 05:53:01,5,55,22.2,79,18.2,1030.1,0.3,0.7,15,2568.3,0
2022-08-08 05:58:01,5,55,22.3,78,18.7,1030.1,0.0,0.0,15,2568.3,0
2022-08-08 06:03:01,5,55,22.4,78,18.8,1030.0,0.0,0.0,0,2568.3,0
2022-08-08 06:08:01,5,55,22.6,79,18.1,1029.9,0.3,0.7,2,2568.3,0
2022-08-08 06:13:01,5,54,22.7,78,18.5,1029.9,0.0,0.7,15,2568.3,0
2022-08-08 06:18:01,5,54,22.7,77,18.9,1029.7,0.3,1.0,15,2568.3,0
2022-08-08 06:23:01,5,54,22.9,76,19.1,1029.7,0.3,0.7,13,2568.3,0
2022-08-08 06:28:01,5,55,23.0,75,19.0,1029.7,0.3,1.0,0,2568.3,0
2022-08-08 06:33:01,5,55,23.1,77,18.8,1029.5,0.3,1.0,3,2568.3,0
2022-08-08 06:38:01,5,54,23.1,75,19.5,1029.7,0.3,0.7,2,2568.3,0
2022-08-08 06:43:01,5,55,23.2,75,19.4,1029.6,0.0,0.7,2,2568.3,0
2022-08-08 06:48:01,5,55,23.3,74,19.5,1029.5,0.3,1.7,15,2568.3,0
2022-08-08 06:53:01,5,54,23.3,75,19.2,1029.5,0.0,0.0,15,2568.3,0
2022-08-08 06:58:01,5,54,23.3,76,19.0,1029.5,0.7,1.7,14,2568.3,0
2022-08-08 07:03:01,5,54,23.3,75,19.3,1029.4,0.3,0.7,5,2568.3,0
2022-08-08 07:08:01,5,54,23.3,73,19.7,1029.5,0.7,1.7,14,2568.3,0
2022-08-08 07:13:01,5,54,23.3,74,19.6,1029.6,0.3,1.0,14,2568.3,0
2022-08-08 07:18:01,5,54,23.3,72,20.1,1029.6,0.3,1.0,15,2568.3,0
2022-08-08 07:23:01,5,54,23.3,71,20.4,1029.6,0.3,1.0,3,2568.3,0
2022-08-08 07:28:01,5,54,23.2,71,20.2,1029.7,0.3,1.7,6,2568.3,0
2022-08-08 07:33:01,5,54,23.3,70,20.4,1029.7,0.7,1.7,15,2568.3,0
2022-08-08 07:38:01,5,54,23.3,70,20.6,1029.7,0.3,0.7,2,2568.3,0
2022-08-08 07:43:01,5,54,23.3,71,20.3,1029.6,0.3,0.7,15,2568.3,0
2022-08-08 07:48:01,5,54,23.3,70,20.4,1029.7,0.3,1.0,4,2568.3,0
2022-08-08 07:53:01,5,54,23.3,71,20.0,1029.7,0.7,2.0,14,2568.3,0
2022-08-08 07:58:01,5,54,23.3,70,20.2,1029.7,0.7,2.0,5,2568.3,0
2022-08-08 08:03:01,5,54,23.4,69,20.7,1029.7,0.7,1.7,11,2568.3,0
2022-08-08 08:08:01,5,53,23.4,66,21.2,1029.8,0.3,0.7,11,2568.3,0
2022-08-08 08:13:01,5,53,23.4,66,21.1,1029.8,0.3,1.0,13,2568.3,0
2022-08-08 08:18:01,5,53,23.4,68,21.0,1029.8,0.3,0.7,12,2568.3,0
2022-08-08 08:23:01,5,53,23.4,66,21.3,1029.9,0.3,1.0,14,2568.3,0
2022-08-08 08:28:01,5,53,23.5,68,21.1,1029.8,0.7,1.7,7,2568.3,0
2022-08-08 08:33:01,5,53,23.6,67,21.6,1029.8,0.3,1.0,7,2568.3,0
2022-08-08 08:38:01,5,53,23.6,68,21.0,1029.7,0.3,1.0,11,2568.3,0
2022-08-08 08:43:01,5,53,23.6,66,21.0,1029.7,1.0,1.7,14,2568.3,0
2022-08-08 08:48:01,5,53,23.7,66,21.4,1029.6,0.7,2.0,8,2568.3,0
2022-08-08 08:53:01,5,53,23.7,63,22.4,1029.7,0.3,1.0,8,2568.3,0
2022-08-08 08:58:01,5,53,23.8,65,22.0,1029.7,0.3,1.0,9,2568.3,0
2022-08-08 09:03:01,5,53,23.8,65,21.8,1029.5,0.7,1.0,0,2568.3,0
2022-08-08 09:08:01,5,53,23.8,64,21.6,1029.6,1.0,2.0,0,2568.3,0
2022-08-08 09:13:01,5,53,23.8,64,21.9,1029.6,0.3,0.7,13,2568.3,0
2022-08-08 09:18:01,5,53,23.8,61,23.4,1029.5,0.3,0.7,15,2568.3,0
2022-08-08 09:23:01,5,51,24.0,61,23.7,1029.4,0.3,1.0,5,2568.3,0
2022-08-08 09:28:01,5,51,24.0,59,23.5,1029.4,0.3,1.7,1,2568.3,0
2022-08-08 09:33:01,5,51,24.1,61,22.9,1029.2,0.0,0.7,5,2568.3,0
2022-08-08 09:38:01,5,51,24.1,63,21.8,1029.3,0.3,1.0,4,2568.3,0
2022-08-08 09:43:01,5,51,24.1,63,22.1,1029.3,0.7,1.0,15,2568.3,0
2022-08-08 09:48:01,5,51,24.1,60,22.7,1029.3,1.0,2.0,3,2568.3,0
2022-08-08 09:53:01,5,51,24.1,62,22.2,1029.3,0.3,1.0,2,2568.3,0
2022-08-08 09:58:01,5,51,24.1,63,21.4,1029.3,0.3,1.7,13,2568.3,0
2022-08-08 10:03:01,5,51,24.1,62,22.5,1029.2,0.3,1.0,14,2568.3,0
2022-08-08 10:08:01,5,51,24.1,58,23.6,1029.2,0.0,0.0,1,2568.3,0
2022-08-08 10:13:01,5,51,24.1,58,23.3,1029.1,0.3,1.0,14,2568.3,0
2022-08-08 10:18:01,5,51,24.2,56,23.3,1029.1,0.0,0.0,3,2568.3,0
2022-08-08 10:23:01,5,50,24.2,58,22.9,1029.1,0.7,1.0,15,2568.3,0
2022-08-08 10:28:01,5,50,24.2,57,22.8,1029.1,0.3,1.0,9,2568.3,0
2022-08-08 10:33:01,5,49,24.2,60,22.8,1029.1,0.3,0.7,15,2568.3,0
2022-08-08 10:38:01,5,49,24.2,60,22.8,1029.1,0.0,1.0,4,2568.3,0
2022-08-08 10:43:01,5,49,24.3,59,22.8,1029.1,0.3,1.0,1,2568.3,0
2022-08-08 10:48:01,5,49,24.3,61,22.2,1029.2,0.7,1.7,15,2568.3,0
2022-08-08 10:53:01,5,49,24.3,60,22.4,1029.0,0.7,1.0,14,2568.3,0
2022-08-08 10:58:01,5,49,24.3,60,22.6,1029.0,1.0,1.7,1,2568.3,0
2022-08-08 11:03:01,5,49,24.3,57,24.2,1029.0,0.7,1.7,13,2568.3,0
2022-08-08 11:08:01,5,49,24.3,55,24.2,1029.0,0.3,1.0,4,2568.3,0
2022-08-08 11:13:01,5,49,24.4,56,23.7,1028.9,0.3,1.7,5,2568.3,0
2022-08-08 11:18:01,5,48,24.4,55,24.1,1028.9,0.3,1.0,0,2568.3,0
2022-08-08 11:23:01,5,49,24.4,58,23.4,1028.9,0.3,1.7,13,2568.3,0
2022-08-08 11:28:01,5,49,24.4,57,23.3,1028.7,0.0,0.7,1,2568.3,0
2022-08-08 11:33:01,5,49,24.4,58,23.0,1028.6,0.3,1.0,15,2568.3,0
2022-08-08 11:38:01,5,49,24.4,57,23.9,1028.6,0.3,0.7,5,2568.3,0
2022-08-08 11:43:01,5,48,24.4,54,24.4,1028.5,0.0,0.7,0,2568.3,0
2022-08-08 11:48:01,5,48,24.4,53,25.0,1028.4,0.3,0.7,12,2568.3,0
2022-08-08 11:53:01,5,47,24.5,53,25.1,1028.4,0.3,1.0,9,2568.3,0
2022-08-08 11:58:01,5,47,24.5,54,24.3,1028.3,0.7,1.0,4,2568.3,0
2022-08-08 12:03:01,5,47,24.6,53,24.7,1028.4,1.0,2.0,6,2568.3,0
2022-08-08 12:08:01,5,47,24.6,55,23.6,1028.3,1.0,2.0,15,2568.3,0
2022-08-08 12:13:01,5,47,24.6,57,23.0,1028.3,0.7,1.0,14,2568.3,0
2022-08-08 12:18:01,5,47,24.6,58,23.2,1028.2,0.7,1.0,15,2568.3,0
2022-08-08 12:23:01,5,47,24.6,56,23.7,1028.2,0.7,1.0,9,2568.3,0
2022-08-08 12:28:01,5,47,24.6,56,24.2,1028.2,0.0,0.7,5,2568.3,0
2022-08-08 12:33:01,5,47,24.6,54,24.7,1028.0,0.3,1.7,8,2568.3,0
2022-08-08 12:38:01,5,47,24.6,54,25.3,1028.0,0.7,2.0,14,2568.3,0
2022-08-08 12:43:01,5,47,24.7,56,24.1,1027.9,1.4,2.7,0,2568.3,0
2022-08-08 12:48:01,5,47,24.7,58,23.6,1027.9,0.3,1.0,14,2568.3,0
2022-08-08 12:53:01,5,47,24.7,58,23.6,1028.1,0.3,2.0,15,2568.3,0
2022-08-08 12:58:01,5,48,24.6,60,23.0,1028.2,0.3,1.0,3,2568.3,0
2022-08-08 13:03:01,5,48,24.6,55,24.2,1028.0,0.7,1.7,3,2568.3,0
2022-08-08 13:08:01,5,48,24.6,53,25.2,1028.2,0.3,1.0,11,2568.3,0
2022-08-08 13:13:01,5,48,24.6,55,23.8,1028.1,1.0,1.7,13,2568.3,0
2022-08-08 13:18:01,5,48,24.6,54,24.3,1028.2,0.3,1.0,15,2568.3,0
2022-08-08 13:23:01,5,47,24.7,56,24.4,1028.2,1.0,2.0,3,2568.3,0
2022-08-08 13:28:01,5,47,24.7,55,24.6,1027.9,0.3,1.0,1,2568.3,0
2022-08-08 13:33:01,5,48,24.7,53,25.4,1027.9,0.3,0.7,6,2568.3,0
2022-08-08 13:38:01,5,48,24.7,53,25.3,1027.9,1.4,2.7,14,2568.3,0
2022-08-08 13:43:01,5,48,24.7,57,24.0,1027.9,0.7,1.7,2,2568.3,0
2022-08-08 13:48:01,5,48,24.7,59,23.3,1027.9,1.4,2.0,2,2568.3,0
2022-08-08 13:53:01,5,48,24.7,59,23.2,1028.0,0.7,1.0,13,2568.3,0
2022-08-08 13:58:01,5,48,24.7,59,23.8,1027.9,0.3,0.7,5,2568.3,0
2022-08-08 14:03:01,5,48,24.7,56,24.1,1027.9,0.3,1.7,13,2568.3,0
2022-08-08 14:08:01,5,48,24.7,56,24.5,1027.8,1.0,1.7,4,2568.3,0
2022-08-08 14:13:01,5,48,24.8,56,24.5,1027.8,0.7,1.7,14,2568.3,0
2022-08-08 14:18:01,5,48,24.8,54,24.9,1027.8,0.7,1.7,15,2568.3,0
2022-08-08 14:23:01,5,48,24.8,55,24.5,1027.8,1.0,2.7,12,2568.3,0
2022-08-08 14:28:01,5,48,24.8,54,24.4,1027.8,0.7,1.7,5,2568.3,0
2022-08-08 14:33:01,5,49,24.7,55,24.9,1027.7,0.3,0.7,7,2568.3,0
2022-08-08 14:38:01,5,49,24.7,57,23.8,1027.7,0.3,1.0,0,2568.3,0
2022-08-08 14:43:01,5,49,24.7,58,24.4,1027.9,0.7,1.7,7,2568.3,0
2022-08-08 14:48:01,5,49,24.7,56,24.2,1027.8,0.3,1.0,11,2568.3,0
2022-08-08 14:53:01,5,49,24.7,58,23.7,1027.8,1.0,2.0,13,2568.3,0
2022-08-08 14:58:01,5,49,24.7,56,24.3,1027.8,1.0,2.0,0,2568.3,0
2022-08-08 15:03:01,5,49,24.7,58,23.7,1027.8,0.3,1.0,13,2568.3,0
2022-08-08 15:08:01,5,48,24.7,56,23.9,1027.8,1.0,2.7,1,2568.3,0
2022-08-08 15:13:01,5,48,24.7,55,24.2,1027.9,0.3,1.0,2,2568.3,0
2022-08-08 15:18:01,5,48,24.7,54,24.3,1027.8,1.4,3.1,2,2568.3,0
2022-08-08 15:23:01,5,47,24.7,56,23.6,1027.8,0.7,1.7,12,2568.3,0
2022-08-08 15:28:01,5,47,24.7,57,23.6,1027.8,0.3,0.7,0,2568.3,0
2022-08-08 15:33:01,5,47,24.7,56,23.3,1027.8,0.7,1.7,13,2568.3,0
2022-08-08 15:38:01,5,47,24.7,56,23.3,1027.9,0.7,1.7,14,2568.3,0
2022-08-08 15:43:01,5,47,24.7,56,23.4,1027.7,0.0,1.0,2,2568.3,0
2022-08-08 15:48:01,5,47,24.7,55,23.2,1027.8,0.7,1.0,14,2568.3,0
2022-08-08 15:53:01,5,47,24.7,55,23.2,1027.8,0.3,1.0,13,2568.3,0
2022-08-08 15:58:01,5,47,24.7,54,23.2,1027.7,0.3,1.7,13,2568.3,0
2022-08-08 16:03:01,5,47,24.7,54,23.0,1027.7,0.7,2.0,1,2568.3,0
2022-08-08 16:08:01,5,46,24.7,55,22.9,1027.6,0.7,1.0,13,2568.3,0
2022-08-08 16:13:01,5,45,24.8,54,23.3,1027.5,0.7,1.0,5,2568.3,0
2022-08-08 16:18:01,5,44,24.8,58,22.9,1027.7,1.0,1.7,15,2568.3,0
2022-08-08 16:23:01,5,45,24.7,60,22.8,1027.5,0.3,1.0,12,2568.3,0
2022-08-08 16:28:01,5,45,24.7,61,22.5,1027.6,0.0,1.0,14,2568.3,0
2022-08-08 16:33:01,5,46,24.8,62,22.5,1027.5,0.7,1.7,11,2568.3,0
2022-08-08 16:38:01,5,46,24.8,62,22.7,1027.5,0.7,1.0,3,2568.3,0
2022-08-08 16:43:01,5,47,24.8,60,22.5,1027.4,1.7,3.1,1,2568.3,0
2022-08-08 16:48:01,5,47,24.8,57,22.7,1027.6,0.7,1.7,3,2568.3,0
2022-08-08 16:53:01,5,46,24.7,58,22.6,1027.6,0.3,1.0,2,2568.3,0
2022-08-08 16:58:01,5,46,24.7,59,22.4,1027.5,0.7,1.7,12,2568.3,0
2022-08-08 17:03:01,5,45,24.7,61,22.2,1027.6,0.7,2.0,15,2568.3,0
2022-08-08 17:08:01,5,46,24.7,62,22.3,1027.6,0.3,1.0,15,2568.3,0
2022-08-08 17:13:01,5,46,24.7,61,22.4,1027.6,0.3,1.0,2,2568.3,0
2022-08-08 17:18:01,5,46,24.7,60,22.3,1027.6,0.7,1.7,7,2568.3,0
2022-08-08 17:23:01,5,46,24.7,60,22.1,1027.7,0.7,2.0,3,2568.3,0
2022-08-08 17:28:01,5,46,24.7,61,22.2,1027.6,0.0,0.0,8,2568.3,0
2022-08-08 17:33:01,5,46,24.7,62,22.0,1027.7,0.7,1.0,1,2568.3,0
2022-08-08 17:38:01,5,46,24.7,63,21.9,1027.8,0.7,1.7,15,2568.3,0
2022-08-08 17:43:01,5,47,24.7,65,21.8,1027.8,0.3,1.0,14,2568.3,0
2022-08-08 17:48:01,5,47,24.7,65,21.8,1027.9,0.3,1.0,14,2568.3,0
2022-08-08 17:53:01,5,47,24.7,65,21.7,1027.8,0.3,1.0,14,2568.3,0
2022-08-08 17:58:01,5,48,24.7,66,21.6,1028.0,0.3,1.0,14,2568.3,0
2022-08-08 18:03:01,5,48,24.6,67,21.6,1028.0,0.7,1.7,0,2568.3,0
2022-08-08 18:08:01,5,49,24.6,67,21.4,1028.1,0.7,2.0,1,2568.3,0
2022-08-08 18:13:01,5,49,24.6,68,21.3,1028.0,0.3,1.0,15,2568.3,0
2022-08-08 18:18:01,5,49,24.6,69,21.2,1028.1,0.7,1.7,1,2568.3,0
2022-08-08 18:23:01,5,50,24.5,69,21.1,1028.3,0.7,1.0,15,2568.3,0
2022-08-08 18:28:01,5,50,24.5,68,21.0,1028.3,0.7,2.0,15,2568.3,0
2022-08-08 18:33:01,5,50,24.4,68,20.9,1028.2,0.3,1.0,1,2568.3,0
2022-08-08 18:38:01,5,50,24.4,68,20.9,1028.3,0.7,2.0,3,2568.3,0
2022-08-08 18:43:01,5,50,24.4,68,20.8,1028.4,0.7,1.7,15,2568.3,0
2022-08-08 18:48:01,5,50,24.4,69,20.6,1028.5,0.7,1.7,2,2568.3,0
2022-08-08 18:53:01,5,50,24.4,70,20.5,1028.6,0.0,0.7,3,2568.3,0
2022-08-08 18:58:01,5,50,24.4,71,20.4,1028.7,0.7,2.0,15,2568.3,0
2022-08-08 19:03:01,5,51,24.3,71,20.3,1028.7,0.3,1.0,15,2568.3,0
2022-08-08 19:08:01,5,51,24.3,71,20.2,1028.8,0.3,1.7,0,2568.3,0
2022-08-08 19:13:01,5,51,24.3,72,20.1,1028.9,0.0,0.7,15,2568.3,0
2022-08-08 19:18:01,5,51,24.3,72,20.0,1029.0,0.3,0.7,14,2568.3,0
2022-08-08 19:23:01,5,51,24.3,73,19.9,1028.9,0.3,1.7,14,2568.3,0
2022-08-08 19:28:01,5,51,24.3,73,19.8,1029.1,0.3,1.0,14,2568.3,0
2022-08-08 19:33:01,5,51,24.3,73,19.7,1029.2,0.7,2.0,1,2568.3,0
2022-08-08 19:38:01,5,51,24.2,73,19.6,1029.2,0.3,1.0,13,2568.3,0
2022-08-08 19:43:01,5,51,24.2,73,19.6,1029.3,0.7,1.0,3,2568.3,0
2022-08-08 19:48:01,5,51,24.1,73,19.5,1029.4,0.3,1.0,14,2568.3,0
2022-08-08 19:53:01,5,51,24.1,74,19.4,1029.5,0.0,0.0,15,2568.3,0
2022-08-08 19:58:01,5,51,24.1,74,19.3,1029.5,0.3,0.7,3,2568.3,0
2022-08-08 20:03:01,5,51,24.1,75,19.2,1029.6,0.7,1.0,15,2568.3,0
2022-08-08 20:08:01,5,51,24.1,75,19.2,1029.6,0.0,0.7,15,2568.3,0
2022-08-08 20:13:01,5,51,24.1,75,19.1,1029.7,0.3,1.0,14,2568.3,0
2022-08-08 20:18:01,5,51,24.1,76,19.0,1029.9,0.0,0.7,15,2568.3,0
2022-08-08 20:23:01,5,51,24.0,76,18.9,1029.8,0.0,0.7,2,2568.3,0
2022-08-08 20:28:01,5,51,24.0,76,18.8,1029.8,0.0,0.7,0,2568.3,0
2022-08-08 20:33:01,5,51,24.0,76,18.7,1029.9,0.3,1.0,2,2568.3,0
2022-08-08 20:38:01,5,51,24.0,76,18.7,1029.9,0.3,1.0,0,2568.3,0
2022-08-08 20:43:01,5,53,23.8,77,18.7,1029.9,0.3,0.7,1,2568.3,0
2022-08-08 20:48:01,5,53,23.8,77,18.7,1030.0,0.0,0.7,15,2568.3,0
2022-08-08 20:53:01,5,53,23.8,78,18.6,1030.0,0.0,0.0,14,2568.3,0
2022-08-08 20:58:01,5,53,23.8,78,18.5,1030.1,0.3,1.0,13,2568.3,0
2022-08-08 21:03:01,5,53,23.8,79,18.4,1030.1,0.3,0.7,0,2568.3,0
2022-08-08 21:08:01,5,54,23.8,80,18.4,1030.2,0.0,0.7,14,2568.3,0
2022-08-08 21:13:01,5,54,23.7,80,18.3,1030.1,0.0,0.0,14,2568.3,0
2022-08-08 21:18:01,5,54,23.7,81,18.2,1030.2,0.3,1.0,14,2568.3,0
2022-08-08 21:23:01,5,54,23.7,81,18.0,1030.2,0.0,0.0,15,2568.3,0
2022-08-08 21:28:01,5,54,23.7,82,17.9,1030.2,0.3,1.0,14,2568.3,0
2022-08-08 21:33:01,5,54,23.7,82,17.9,1030.3,0.7,1.0,14,2568.3,0
2022-08-08 21:38:01,5,54,23.7,82,17.8,1030.2,0.0,0.7,15,2568.3,0
2022-08-08 21:43:01,5,55,23.7,82,17.8,1030.1,0.0,0.7,15,2568.3,0
2022-08-08 21:48:01,5,55,23.7,82,17.8,1030.1,0.3,1.0,15,2568.3,0
2022-08-08 21:53:01,5,55,23.7,82,17.7,1030.1,0.0,0.0,15,2568.3,0
2022-08-08 21:58:01,5,55,23.6,83,17.7,1030.1,0.3,0.7,14,2568.3,0
2022-08-08 22:03:01,5,55,23.6,83,17.6,1030.2,0.0,0.7,15,2568.3,0
2022-08-08 22:08:01,5,55,23.6,83,17.5,1030.1,0.3,0.7,15,2568.3,0
2022-08-08 22:13:01,5,55,23.6,84,17.4,1030.2,0.3,1.0,2,2568.3,0
2022-08-08 22:18:01,5,55,23.6,84,17.4,1030.2,0.0,1.0,15,2568.3,0
2022-08-08 22:23:01,5,55,23.6,84,17.4,1030.1,0.0,0.7,15,2568.3,0
2022-08-08 22:28:01,5,55,23.6,84,17.4,1030.2,0.0,0.0,0,2568.3,0
2022-08-08 22:33:01,5,55,23.6,85,17.4,1030.2,0.3,1.7,14,2568.3,0
2022-08-08 22:38:01,5,55,23.6,85,17.3,1030.4,0.0,0.7,14,2568.3,0
2022-08-08 22:43:01,5,56,23.6,85,17.3,1030.4,0.0,0.7,14,2568.3,0
2022-08-08 22:48:01,5,56,23.6,86,17.2,1030.4,0.0,0.0,14,2568.3,0
2022-08-08 22:53:01,5,56,23.6,86,17.1,1030.4,0.0,0.7,1,2568.3,0
2022-08-08 22:58:01,5,56,23.6,86,17.1,1030.4,0.3,0.7,2,2568.3,0
2022-08-08 23:03:01,5,56,23.5,86,17.0,1030.5,0.0,0.0,2,2568.3,0
2022-08-08 23:08:01,5,56,23.5,87,16.9,1030.6,0,0.7,15,2568.3,0
2022-08-08 23:13:01,5,56,23.4,87,16.8,1030.5,0,0,15,2568.3,0
2022-08-08 23:18:01,5,56,23.4,87,16.8,1030.5,0,0.7,15,2568.3,0
2022-08-08 23:23:01,5,56,23.4,88,16.7,1030.6,0.3,0.7,1,2568.3,0
2022-08-08 23:28:01,5,56,23.4,88,16.6,1030.6,0,0,0,2568.3,0
2022-08-08 23:33:01,5,56,23.4,88,16.6,1030.6,0,0,0,2568.3,0
2022-08-08 23:38:01,5,56,23.3,88,16.6,1030.7,0.3,0.7,0,2568.3,0
2022-08-08 23:43:01,5,57,23.3,89,16.5,1030.7,0.3,0.7,15,2568.3,0
2022-08-08 23:48:01,5,57,23.3,89,16.5,1030.7,0,0.7,15,2568.3,0
2022-08-08 23:53:01,5,57,23.3,89,16.4,1030.7,0,0,15,2568.3,0
2022-08-08 23:58:01,5,57,23.2,89,16.4,1030.7,0,0,15,2568.3,0
